Time,Position,Velocity,Effort
1747093049.6469831,"[ 0.00000000e+00 -1.20907513e-04  2.98333630e-01  3.13984376e+00
 -2.26998584e+00 -8.46885227e-05  9.60071304e-01  1.57093148e+00]","[ 0.00000000e+00 -2.95533639e-04 -5.30298914e-06 -2.21479940e-02
  1.59089679e-05  2.64349338e-05  0.00000000e+00  0.00000000e+00]","[ 0.         -0.86698043  8.98849297 -1.11425567 -4.61147928  0.12386494
 -0.85090202 -0.01877942]"
1747093049.6486416,"[ 0.00000000e+00 -1.21972778e-04  2.98333630e-01  3.13977105e+00
 -2.26998584e+00 -8.46885227e-05  9.60071304e-01  1.57093148e+00]","[ 0.00000000e+00 -3.00515720e-04 -5.29892650e-06 -3.98721862e-02
  1.59091264e-05  2.64548924e-05  0.00000000e+00  0.00000000e+00]","[ 0.         -0.9897241   8.87285709 -1.22877991 -4.45560837  0.13833928
 -0.83856624 -0.03456602]"
1747093049.6497753,"[ 0.00000000e+00 -1.22505410e-04  2.98333164e-01  3.13972471e+00
 -2.26998557e+00 -8.46885227e-05  9.60071304e-01  1.57093148e+00]","[ 0.00000000e+00 -3.00515720e-04 -1.06059783e-05 -4.69493454e-02
  1.85604623e-05  2.64548924e-05  0.00000000e+00  0.00000000e+00]","[ 0.         -1.02678633  8.83905506 -1.27194345 -4.35301924  0.16119459
 -0.83639801 -0.02658805]"
1747093049.6515102,"[ 0.00000000e+00 -1.24103307e-04  2.98333164e-01  3.13962005e+00
 -2.26998557e+00 -8.46885227e-05  9.60071304e-01  1.57093148e+00]","[ 0.00000000e+00 -3.06890760e-04 -1.05979587e-05 -5.48297889e-02
  1.85604623e-05  2.64548924e-05  0.00000000e+00  0.00000000e+00]","[ 0.00000000e+00 -1.17521071e+00  8.72054291e+00 -1.35399902e+00
 -4.20879269e+00  1.72334939e-01 -7.97728777e-01  3.64072248e-03]"
1747093049.6533322,"[ 0.00000000e+00 -1.25168571e-04  2.98333164e-01  3.13949595e+00
 -2.26998504e+00 -8.36232582e-05  9.60072236e-01  1.57093148e+00]","[ 0.00000000e+00 -3.12261067e-04 -1.32574726e-05 -6.29327103e-02
  2.38636886e-05  3.70368514e-05  1.05820616e-05  0.00000000e+00]","[ 0.         -1.28631878  8.64110947 -1.43058932 -4.09286261  0.21811125
 -0.78202868 -0.01624718]"
1747093049.6550875,"[ 0.00000000e+00 -1.25701203e-04  2.98332698e-01  3.13942937e+00
 -2.26998504e+00 -8.36232582e-05  9.60072236e-01  1.57093148e+00]","[ 0.00000000e+00 -3.08202802e-04 -1.85602774e-05 -6.75243704e-02
  2.38634509e-05  3.70368514e-05  1.05739739e-05  0.00000000e+00]","[ 0.         -1.32967174  8.60347462 -1.47704375 -4.06334686  0.22170146
 -0.76161617 -0.0366673 ]"
1747093049.6563096,"[ 0.00000000e+00 -1.27831732e-04  2.98332698e-01  3.13928396e+00
 -2.26998504e+00 -8.25579938e-05  9.60072236e-01  1.57093148e+00]","[ 0.00000000e+00 -3.28506870e-04 -1.85464284e-05 -7.58973946e-02
  2.38634509e-05  4.76192757e-05  1.05819570e-05  0.00000000e+00]","[ 0.         -1.47308326  8.49228954 -1.59664524 -4.05849075  0.26400843
 -0.73803055 -0.03117714]"
1747093049.65811,"[ 0.00000000e+00 -1.29962261e-04  2.98332698e-01  3.13912444e+00
 -2.26998504e+00 -8.14927294e-05  9.60072236e-01  1.57093148e+00]","[ 0.00000000e+00 -3.65906240e-04 -1.85604623e-05 -7.88684671e-02
  2.65149452e-05  5.82007654e-05  1.05899522e-05  0.00000000e+00]","[ 0.         -1.60567701  8.43714523 -1.68259227 -4.09009027  0.26674694
 -0.74480921 -0.01737958]"
1747093049.659988,"[ 0.00000000e+00 -1.31560158e-04  2.98332698e-01  3.13904427e+00
 -2.26998504e+00 -8.14927294e-05  9.60072236e-01  1.57093148e+00]","[ 0.00000000e+00 -4.00721480e-04 -1.85466133e-05 -8.12993422e-02
  2.65146811e-05  5.82007654e-05  1.05819570e-05  0.00000000e+00]","[ 0.00000000e+00 -1.66787648e+00  8.39213848e+00 -1.75528371e+00
 -4.11684608e+00  3.04949313e-01 -7.54699230e-01 -5.58084669e-03]"
1747093049.6649745,"[ 0.00000000e+00 -1.38484377e-04  2.98332265e-01  3.13859234e+00
 -2.26998557e+00 -8.09600971e-05  9.60072236e-01  1.57093148e+00]","[ 0.00000000e+00 -7.49544803e-04 -2.38454062e-05 -9.72350907e-02
  2.12117453e-05  6.34923676e-05  1.05820616e-05  0.00000000e+00]","[ 0.         -1.98824203  8.26700687 -2.00368404 -4.43671656  0.34299904
 -0.8043471  -0.01820762]"
1747093049.6693811,"[ 0.00000000e+00 -1.46473860e-04  2.98332265e-01  3.13815025e+00
 -2.26998584e+00 -7.98948327e-05  9.60072236e-01  1.57093148e+00]","[ 0.00000000e+00 -1.51037644e-03 -1.85464284e-05 -1.18302692e-01
  1.85464284e-05  7.40744343e-05  1.05819570e-05  0.00000000e+00]","[ 0.         -2.28237057  8.19770336 -2.20064855 -4.76520252  0.38376224
 -0.85692495 -0.01373968]"
1747093049.6735368,"[ 0.00000000e+00 -1.58724401e-04  2.98332265e-01  3.13761762e+00
 -2.26998637e+00 -7.88295683e-05  9.60072236e-01  1.57093148e+00]","[ 0.00000000e+00 -2.63301483e-03 -1.85602774e-05 -1.42341366e-01
  1.06059783e-05  8.46556558e-05  1.05820616e-05  0.00000000e+00]","[ 0.         -2.55004954  8.17167282 -2.33239532 -5.02756214  0.40878052
 -0.8814702  -0.02204114]"
1747093049.6767175,"[ 0.00000000e+00 -1.81627586e-04  2.98332265e-01  3.13699764e+00
 -2.26998637e+00 -7.88295683e-05  9.60072236e-01  1.57093148e+00]","[ 0.00000000e+00 -6.39014632e-03 -1.32274462e-05 -1.58817312e-01
  1.06059783e-05  8.46556558e-05  1.05819570e-05  0.00000000e+00]","[ 0.00000000e+00 -2.66309929e+00  8.16543865e+00 -2.28481460e+00
 -5.14584303e+00  3.94797057e-01 -9.02322173e-01  3.64270248e-03]"
1747093049.6798928,"[ 0.00000000e+00 -2.23705532e-04  2.98332265e-01  3.13650761e+00
 -2.26998637e+00 -7.88295683e-05  9.60072236e-01  1.57093148e+00]","[ 0.00000000e+00 -1.80965312e-02 -1.32375708e-05 -1.63138873e-01
  5.30293632e-06  8.46564929e-05  1.05819570e-05  0.00000000e+00]","[ 0.         -2.65830612  8.13301086 -2.21718574 -5.10017633  0.37379909
 -0.87570655 -0.01548616]"
1747093049.6829896,"[ 0.00000000e+00 -3.12655112e-04  2.98332265e-01  3.13601227e+00
 -2.26998637e+00 -7.88295683e-05  9.60072236e-01  1.57093148e+00]","[ 0.00000000e+00 -3.40724268e-02 -1.32374398e-05 -1.61894295e-01
  5.30298914e-06  7.40744343e-05  1.05819570e-05  0.00000000e+00]","[ 0.00000000e+00 -2.53861928e+00  8.11968231e+00 -1.99636292e+00
 -4.99246025e+00  3.64331067e-01 -8.90224993e-01  2.60875747e-03]"
1747093049.6859856,"[ 0.00000000e+00 -4.29834200e-04  2.98331799e-01  3.13552171e+00
 -2.26998584e+00 -7.88295683e-05  9.60072236e-01  1.57093148e+00]","[ 0.00000000e+00 -4.29454991e-02 -1.85324169e-05 -1.61745657e-01
  1.06059783e-05  7.40737029e-05  1.05819570e-05  0.00000000e+00]","[ 0.         -2.28936958  8.16972446 -1.8155272  -4.83294058  0.29194903
 -0.88144219 -0.01553985]"
1747093049.6895268,"[ 0.00000000e+00 -6.42354455e-04  2.98331799e-01  3.13486870e+00
 -2.26998557e+00 -7.88295683e-05  9.60072236e-01  1.57093148e+00]","[ 0.00000000e+00 -5.72606640e-02 -1.32374398e-05 -1.66920246e-01
  1.85604623e-05  7.40737029e-05  1.05820616e-05  0.00000000e+00]","[ 0.         -1.85491705  8.19510269 -1.42444229 -4.68023348  0.23450191
 -0.87566698 -0.04175313]"
1747093049.6924868,"[ 0.00000000e+00 -8.21851512e-04  2.98331799e-01  3.13436137e+00
 -2.26998557e+00 -7.98948327e-05  9.60072236e-01  1.57093148e+00]","[ 0.00000000e+00 -6.05018351e-02 -1.32375708e-05 -1.66211462e-01
  1.85604623e-05  6.34917418e-05  1.05819570e-05  0.00000000e+00]","[ 0.         -1.53253162  8.33098221 -1.07918298 -4.63120604  0.19478075
 -0.85714287 -0.02928788]"
1747093049.6948829,"[ 0.00000000e+00 -9.48617980e-04  2.98332265e-01  3.13402102e+00
 -2.26998557e+00 -7.98948327e-05  9.60072236e-01  1.57093148e+00]","[ 0.00000000e+00 -6.21905789e-02 -7.94254290e-06 -1.66854682e-01
  1.85464284e-05  6.34444733e-05  1.05820616e-05  0.00000000e+00]","[ 0.         -1.27882588  8.33720684 -0.90263933 -4.64744854  0.18887661
 -0.86192143 -0.03148352]"
1747093049.6973615,"[ 0.00000000e+00 -1.06792760e-03  2.98332265e-01  3.13369185e+00
 -2.26998557e+00 -7.98948327e-05  9.60072236e-01  1.57093148e+00]","[ 0.00000000e+00 -5.96915434e-02 -7.94246417e-06 -1.67006383e-01
  1.85604623e-05  6.34917418e-05  1.05979587e-05  0.00000000e+00]","[ 0.         -1.02195656  8.45084095 -0.7115863  -4.69314671  0.13272439
 -0.87376148 -0.04855062]"
1747093049.6997967,"[ 0.00000000e+00 -1.23836991e-03  2.98332698e-01  3.13317680e+00
 -2.26998637e+00 -7.98948327e-05  9.60072236e-01  1.57093148e+00]","[ 0.00000000e+00 -5.53699820e-02 -5.29492328e-06 -1.60211260e-01
  1.06059783e-05  6.34444733e-05  1.06059783e-05  0.00000000e+00]","[ 0.         -0.7128396   8.63217926 -0.44966981 -4.86929703  0.07204071
 -0.93158871 -0.06377213]"
1747093049.7015893,"[ 0.00000000e+00 -1.34755951e-03  2.98332698e-01  3.13284870e+00
 -2.26998637e+00 -8.09600971e-05  9.60071304e-01  1.57093148e+00]","[ 0.00000000e+00 -5.47742328e-02 -5.29097849e-06 -1.61494887e-01
  1.06059783e-05  5.29097849e-05  0.00000000e+00  0.00000000e+00]","[ 0.         -0.50530845  8.78327847 -0.32906461 -5.0457201   0.04310861
 -0.96261042 -0.05184339]"
1747093049.7040198,"[ 0.00000000e+00 -1.45461859e-03  2.98333164e-01  3.13253338e+00
 -2.26998690e+00 -8.09600971e-05  9.60071304e-01  1.57093148e+00]","[ 0.00000000e+00 -5.09059955e-02  0.00000000e+00 -1.60167801e-01
  5.29502843e-06  5.28698675e-05  0.00000000e+00  0.00000000e+00]","[ 0.         -0.35746309  8.9075985  -0.21851374 -5.18856907  0.04226695
 -1.00324488 -0.03970429]"
1747093049.7057912,"[ 0.00000000e+00 -1.54942712e-03  2.98333630e-01  3.13220821e+00
 -2.26998743e+00 -8.09600971e-05  9.60071304e-01  1.57093148e+00]","[ 0.00000000e+00 -4.69493454e-02  1.05820616e-05 -1.58736435e-01
  0.00000000e+00  5.29097849e-05  0.00000000e+00  0.00000000e+00]","[ 0.         -0.23620616  9.05851555 -0.146327   -5.35110569  0.02491162
 -1.0280081  -0.05127934]"
1747093049.7076159,"[ 0.00000000e+00 -1.64370302e-03  2.98333630e-01  3.13190434e+00
 -2.26998743e+00 -8.09600971e-05  9.60070372e-01  1.57093148e+00]","[ 0.00000000e+00 -4.61413964e-02  1.05819570e-05 -1.52605073e-01
  0.00000000e+00  5.29097849e-05 -1.06059783e-05  0.00000000e+00]","[ 0.         -0.15193713  9.21298027 -0.10330617 -5.48166752  0.03165507
 -1.05321145 -0.0548902 ]"
1747093049.7094064,"[ 0.00000000e+00 -1.68737887e-03  2.98334096e-01  3.13175414e+00
 -2.26998743e+00 -8.09600971e-05  9.60070372e-01  1.57093148e+00]","[ 0.00000000e+00 -4.42959881e-02  1.32274462e-05 -1.52180631e-01
  0.00000000e+00  5.29103091e-05 -1.05979587e-05  0.00000000e+00]","[ 0.         -0.08390844  9.25258636 -0.07740765 -5.55884361  0.02236209
 -1.038643   -0.06504695]"
1747093049.7110963,"[ 0.00000000e+00 -1.77313265e-03  2.98334096e-01  3.13145107e+00
 -2.26998743e+00 -8.09600971e-05  9.60069373e-01  1.57093148e+00]","[ 0.00000000e+00 -4.06244918e-02  1.32274462e-05 -1.46950316e-01
  0.00000000e+00  5.28698675e-05 -1.85464284e-05  0.00000000e+00]","[ 0.         -0.04776651  9.37714672 -0.08435243 -5.64121199  0.01828953
 -1.10418868 -0.0551477 ]"
1747093049.7123055,"[ 0.00000000e+00 -1.84876643e-03  2.98334562e-01  3.13117144e+00
 -2.26998770e+00 -8.09600971e-05  9.60069373e-01  1.57093148e+00]","[ 0.00000000e+00 -3.72734528e-02  1.85186086e-05 -1.40578204e-01
 -2.64748806e-06  5.29103091e-05 -1.85464284e-05  0.00000000e+00]","[ 0.         -0.02966439  9.5109148  -0.10641275 -5.71994972  0.02034555
 -1.12723374 -0.04860983]"
1747093049.7145376,"[ 0.00000000e+00 -1.88392016e-03  2.98334562e-01  3.13103721e+00
 -2.26998770e+00 -8.09600971e-05  9.60069373e-01  1.57093148e+00]","[ 0.00000000e+00 -3.56167419e-02  1.85184257e-05 -1.36129127e-01
 -2.64548924e-06  5.29103091e-05 -1.85464284e-05  0.00000000e+00]","[ 0.00000000e+00 -1.25851166e-02  9.56129932e+00 -1.23540960e-01
 -5.75185251e+00  4.34087170e-03 -1.12724757e+00 -4.55965251e-02]"
1747093049.7157414,"[ 0.00000000e+00 -1.95689077e-03  2.98334995e-01  3.13076770e+00
 -2.26998770e+00 -8.09600971e-05  9.60069373e-01  1.57093148e+00]","[ 0.00000000e+00 -3.60766865e-02  2.38273920e-05 -1.30457085e-01
 -2.64751422e-06  5.28698675e-05 -1.85602774e-05  0.00000000e+00]","[ 0.         -0.01056783  9.64139462 -0.16934605 -5.75516844  0.02986316
 -1.14209092 -0.06449017]"
1747093049.716861,"[ 0.00000000e+00 -2.03039402e-03  2.98334995e-01  3.13064147e+00
 -2.26998770e+00 -8.09600971e-05  9.60068441e-01  1.57093148e+00]","[ 0.00000000e+00 -3.78136459e-02  2.38096379e-05 -1.28026201e-01
 -2.64748806e-06  5.29097849e-05 -2.91664395e-05  0.00000000e+00]","[ 0.         -0.07450203  9.71503448 -0.19510905 -5.75596142  0.05609778
 -1.16064358 -0.0604068 ]"
1747093049.718623,"[ 0.00000000e+00 -2.06980880e-03  2.98335461e-01  3.13051577e+00
 -2.26998770e+00 -8.09600971e-05  9.60068441e-01  1.57093148e+00]","[ 0.00000000e+00 -3.99744266e-02  2.64751417e-05 -1.27486012e-01
 -2.64548924e-06  5.28703917e-05 -2.91664395e-05  0.00000000e+00]","[ 0.         -0.10852754  9.73569679 -0.23270863 -5.72247028  0.05101418
 -1.15209639 -0.06113739]"
1747093049.7204187,"[ 0.00000000e+00 -2.15396469e-03  2.98335461e-01  3.13025771e+00
 -2.26998770e+00 -8.09600971e-05  9.60068441e-01  1.57093148e+00]","[ 0.00000000e+00 -4.05146197e-02  2.64748795e-05 -1.26136539e-01
 -7.94246417e-06  5.29892660e-05 -2.91443860e-05  0.00000000e+00]","[ 0.         -0.17800285  9.73513508 -0.31842989 -5.70586777  0.06545019
 -1.13977802 -0.03735734]"
1747093049.7222342,"[ 0.00000000e+00 -2.19497737e-03  2.98335461e-01  3.13013307e+00
 -2.26998770e+00 -8.09600971e-05  9.60068441e-01  1.57093148e+00]","[ 0.00000000e+00 -4.15950101e-02  2.64548924e-05 -1.26277545e-01
 -7.94246417e-06  5.29897943e-05 -2.91661490e-05  0.00000000e+00]","[ 0.         -0.19234064  9.74163628 -0.34921998 -5.659585    0.06769704
 -1.12714136 -0.03694915]"
1747093049.723902,"[ 0.00000000e+00 -2.27913326e-03  2.98335927e-01  3.12987235e+00
 -2.26998770e+00 -8.09600971e-05  9.60068441e-01  1.57093148e+00]","[ 0.00000000e+00 -4.11260274e-02  3.17701716e-05 -1.28393451e-01
 -7.93654595e-06  5.29897943e-05 -2.91664395e-05  0.00000000e+00]","[ 0.         -0.24712618  9.7231617  -0.33867869 -5.56921911  0.05227519
 -1.11177957 -0.049045  ]"
1747093049.725068,"[ 0.00000000e+00 -2.36541968e-03  2.98335927e-01  3.12961296e+00
 -2.26998770e+00 -8.09600971e-05  9.60068441e-01  1.57093148e+00]","[ 0.00000000e+00 -4.43409580e-02  3.17698567e-05 -1.32077668e-01
 -7.94246417e-06  5.29897943e-05 -2.91443860e-05  0.00000000e+00]","[ 0.         -0.26838493  9.70492077 -0.36483192 -5.46034431  0.07086738
 -1.12469089 -0.04572966]"
1747093049.7275627,"[ 0.00000000e+00 -2.40962815e-03  2.98335927e-01  3.12946835e+00
 -2.26998770e+00 -8.09600971e-05  9.60068441e-01  1.57093148e+00]","[ 0.00000000e+00 -4.47907535e-02  3.17458709e-05 -1.36167277e-01
 -2.64548924e-06  5.29492308e-05 -2.91664395e-05  0.00000000e+00]","[ 0.         -0.25708184  9.71295643 -0.35682705 -5.38858271  0.05960803
 -1.12221289 -0.04907767]"
1747093049.729342,"[ 0.00000000e+00 -2.50283879e-03  2.98336393e-01  3.12919910e+00
 -2.26998770e+00 -8.09600971e-05  9.60068441e-01  1.57093148e+00]","[ 0.00000000e+00 -4.42959881e-02  3.17698567e-05 -1.37340324e-01
 -2.64748806e-06  5.29897943e-05 -2.91667301e-05  0.00000000e+00]","[ 0.         -0.2461627   9.65611744 -0.32658109 -5.28251266  0.0382974
 -1.1173985  -0.04278361]"
1747093049.731201,"[ 0.00000000e+00 -2.58699468e-03  2.98336393e-01  3.12891867e+00
 -2.26998770e+00 -8.09600971e-05  9.60068441e-01  1.57093148e+00]","[ 0.00000000e+00 -4.15950101e-02  3.17458709e-05 -1.36919578e-01
 -2.64548924e-06  5.29897943e-05 -2.91664395e-05  0.00000000e+00]","[ 0.         -0.21279547  9.61684799 -0.29672688 -5.20523882  0.04984698
 -1.11056137 -0.0357369 ]"
1747093049.7324214,"[ 0.00000000e+00 -2.66529162e-03  2.98336393e-01  3.12865049e+00
 -2.26998770e+00 -8.09600971e-05  9.60068441e-01  1.57093148e+00]","[ 0.00000000e+00 -3.72734528e-02  3.17698567e-05 -1.35859032e-01
 -2.64748806e-06  5.29897943e-05 -2.91664395e-05  0.00000000e+00]","[ 0.         -0.20758413  9.54659557 -0.24432038 -5.17483664  0.04121218
 -1.08194005 -0.04955067]"
1747093049.7341506,"[ 0.00000000e+00 -2.73346854e-03  2.98336393e-01  3.12838417e+00
 -2.26998770e+00 -8.09600971e-05  9.60068441e-01  1.57093148e+00]","[ 0.00000000e+00 -3.40322817e-02  2.64748795e-05 -1.34508543e-01
 -2.64748806e-06  5.29497591e-05 -2.91667301e-05  0.00000000e+00]","[ 0.         -0.15790394  9.51836967 -0.22862974 -5.16616821  0.02965308
 -1.06127167 -0.04317427]"
1747093049.7358446,"[ 0.00000000e+00 -2.76649174e-03  2.98336393e-01  3.12824409e+00
 -2.26998770e+00 -8.09600971e-05  9.60068441e-01  1.57093148e+00]","[ 0.00000000e+00 -3.34920866e-02  2.64748795e-05 -1.31780127e-01
 -2.64551540e-06  5.29897943e-05 -2.91664395e-05  0.00000000e+00]","[ 0.         -0.19170843  9.48021126 -0.17562306 -5.19305611  0.02351131
 -1.06030345 -0.04242961]"
1747093049.7377062,"[ 0.00000000e+00 -2.82934234e-03  2.98336859e-01  3.12799242e+00
 -2.26998823e+00 -8.09600971e-05  9.60068441e-01  1.57093148e+00]","[ 0.00000000e+00 -3.02202662e-02  3.17458709e-05 -1.26675712e-01
 -7.94246417e-06  5.29903226e-05 -2.91443860e-05  0.00000000e+00]","[ 0.         -0.18947718  9.42877293 -0.14304967 -5.21919298  0.00964909
 -1.06181717 -0.03903374]"
1747093049.739498,"[ 0.00000000e+00 -2.88473609e-03  2.98336859e-01  3.12774182e+00
 -2.26998823e+00 -8.09600971e-05  9.60067509e-01  1.57093148e+00]","[ 0.00000000e+00 -2.75499417e-02  3.17698567e-05 -1.21257761e-01
 -7.93646773e-06  4.76912879e-05 -3.71209245e-05  0.00000000e+00]","[ 0.         -0.19833523  9.42968273 -0.10421142 -5.25901365  0.01665912
 -1.07210886 -0.03002315]"
1747093049.7412791,"[ 0.00000000e+00 -2.91136770e-03  2.98336859e-01  3.12762224e+00
 -2.26998823e+00 -8.09600971e-05  9.60067509e-01  1.57093148e+00]","[ 0.00000000e+00 -2.50768450e-02  3.17698567e-05 -1.21273765e-01
 -7.93646773e-06  4.76908124e-05 -3.70928568e-05  0.00000000e+00]","[ 0.         -0.21385396  9.41646767 -0.10726672 -5.27090597  0.02718428
 -1.07915914 -0.03861963]"
1747093049.7424297,"[ 0.00000000e+00 -2.95504355e-03  2.98336859e-01  3.12738815e+00
 -2.26998823e+00 -8.09600971e-05  9.60067509e-01  1.57093148e+00]","[ 0.00000000e+00 -2.16077989e-02  3.17458709e-05 -1.18842890e-01
 -1.32375708e-05  4.77269018e-05 -3.71209245e-05  0.00000000e+00]","[ 0.         -0.24497496  9.39150906 -0.16625826 -5.34608126  0.03628704
 -1.08758354 -0.03765144]"
1747093049.7442646,"[ 0.00000000e+00 -2.99499096e-03  2.98337292e-01  3.12714074e+00
 -2.26998876e+00 -8.09600971e-05  9.60067509e-01  1.57093148e+00]","[ 0.00000000e+00 -1.99872133e-02  3.70648338e-05 -1.21003670e-01
 -1.85184257e-05  4.76908124e-05 -3.71209245e-05  0.00000000e+00]","[ 0.         -0.28137168  9.37842178 -0.19458592 -5.40966034  0.05723664
 -1.08683538 -0.03520641]"
1747093049.7460341,"[ 0.00000000e+00 -3.01523099e-03  2.98337292e-01  3.12702170e+00
 -2.26998876e+00 -8.09600971e-05  9.60067509e-01  1.57093148e+00]","[ 0.00000000e+00 -1.90404741e-02  3.70648338e-05 -1.20611245e-01
 -1.85324169e-05  4.76912879e-05 -3.70928568e-05  0.00000000e+00]","[ 0.         -0.32890019  9.34710312 -0.20253976 -5.44274378  0.06466462
 -1.09263396 -0.0376821 ]"
1747093049.7478566,"[ 0.00000000e+00 -3.05517840e-03  2.98337292e-01  3.12678468e+00
 -2.26998903e+00 -8.09600971e-05  9.60067509e-01  1.57093148e+00]","[ 0.00000000e+00 -2.10676037e-02  3.70368514e-05 -1.19383087e-01
 -3.17458709e-05  3.70928568e-05 -3.71205547e-05  0.00000000e+00]","[ 0.         -0.36637449  9.33745098 -0.27130273 -5.47839451  0.08316188
 -1.0827297  -0.02899649]"
1747093049.7490346,"[ 0.00000000e+00 -3.10045214e-03  2.98337292e-01  3.12654553e+00
 -2.26998956e+00 -8.09600971e-05  9.60066577e-01  1.57093148e+00]","[ 0.00000000e+00 -2.25691605e-02  3.70648338e-05 -1.16952203e-01
 -3.70368514e-05  3.70928568e-05 -4.76908124e-05  0.00000000e+00]","[ 0.         -0.40811723  9.33611202 -0.34365168 -5.52198648  0.09713081
 -1.08378506 -0.02416906]"
1747093049.7501361,"[ 0.00000000e+00 -3.12495322e-03  2.98337758e-01  3.12643208e+00
 -2.26998956e+00 -8.09600971e-05  9.60066577e-01  1.57093148e+00]","[ 0.00000000e+00 -2.48237906e-02  4.49737631e-05 -1.15061525e-01
 -3.97123214e-05  3.71209245e-05 -4.77269018e-05  0.00000000e+00]","[ 0.         -0.43570486  9.31811905 -0.37047473 -5.53936434  0.08133694
 -1.08494711 -0.02452227]"
1747093049.7524111,"[ 0.00000000e+00 -3.17874908e-03  2.98337758e-01  3.12619798e+00
 -2.26998956e+00 -8.09600971e-05  9.60066577e-01  1.57093148e+00]","[ 0.00000000e+00 -2.86303320e-02  4.50072964e-05 -1.14709206e-01
 -3.96823397e-05  2.64948971e-05 -4.77269018e-05  0.00000000e+00]","[ 0.00000000e+00 -4.74123418e-01  9.31898117e+00 -4.07257706e-01
 -5.51865149e+00  1.11893460e-01 -1.08807719e+00 -2.53402838e-03]"
1747093049.7541785,"[ 0.00000000e+00 -3.20964175e-03  2.98337758e-01  3.12608533e+00
 -2.26999010e+00 -8.09600971e-05  9.60066577e-01  1.57093148e+00]","[ 0.00000000e+00 -2.90891406e-02  4.49733161e-05 -1.14135469e-01
 -5.03022715e-05  2.64948971e-05 -5.56387285e-05  0.00000000e+00]","[ 0.00000000e+00 -4.67915654e-01  9.31893444e+00 -4.32167113e-01
 -5.52428484e+00  1.21654585e-01 -1.08710980e+00 -8.68011266e-03]"
1747093049.755934,"[ 0.00000000e+00 -3.26876392e-03  2.98337758e-01  3.12586269e+00
 -2.26999010e+00 -8.09600971e-05  9.60066577e-01  1.57093148e+00]","[ 0.00000000e+00 -3.02509176e-02  5.02647924e-05 -1.12360547e-01
 -5.03022715e-05  1.58969375e-05 -5.56813848e-05  0.00000000e+00]","[ 0.         -0.49835217  9.29428577 -0.4692302  -5.49452066  0.1294563
 -1.09679091 -0.02728668]"
1747093049.7577627,"[ 0.00000000e+00 -3.32895136e-03  2.98337758e-01  3.12563712e+00
 -2.26999010e+00 -8.09600971e-05  9.60066577e-01  1.57093148e+00]","[ 0.00000000e+00 -2.85607112e-02  5.02642966e-05 -1.08469170e-01
 -5.02642966e-05  1.58967790e-05 -5.56392812e-05  0.00000000e+00]","[ 0.         -0.51830941  9.27774048 -0.53876907 -5.47523546  0.16507499
 -1.10169864 -0.03396769]"
1747093049.7596142,"[ 0.00000000e+00 -3.38327985e-03  2.98337758e-01  3.12542727e+00
 -2.26999010e+00 -8.09600971e-05  9.60066577e-01  1.57093148e+00]","[ 0.00000000e+00 -2.70097486e-02  5.02642966e-05 -1.06418402e-01
 -5.03022715e-05  5.29897933e-06 -5.56813848e-05  0.00000000e+00]","[ 0.         -0.5492785   9.2392683  -0.55783039 -5.43853951  0.16868135
 -1.09512329 -0.01858563]"
1747093049.7614079,"[ 0.00000000e+00 -3.40884620e-03  2.98337758e-01  3.12532234e+00
 -2.26999010e+00 -8.09600971e-05  9.60066577e-01  1.57093148e+00]","[ 0.00000000e+00 -2.59293582e-02  5.03022715e-05 -1.06418402e-01
 -5.03027714e-05  5.29897933e-06 -5.56813848e-05  0.00000000e+00]","[ 0.00000000e+00 -5.65500915e-01  9.21198654e+00 -5.76720536e-01
 -5.42075777e+00  1.57766178e-01 -1.09058130e+00  3.68211139e-03]"
1747093049.7632105,"[ 0.00000000e+00 -3.46104415e-03  2.98338224e-01  3.12509810e+00
 -2.26999010e+00 -8.09600971e-05  9.60066577e-01  1.57093148e+00]","[ 0.00000000e+00 -2.53891630e-02  5.82013384e-05 -1.11280161e-01
 -5.03022715e-05  5.29897933e-06 -5.56392812e-05  0.00000000e+00]","[ 0.         -0.58611041  9.20372105 -0.59384733 -5.35102415  0.16707203
 -1.08338857  0.01044821]"
1747093049.7650464,"[ 0.00000000e+00 -3.50951368e-03  2.98338224e-01  3.12486907e+00
 -2.26999010e+00 -8.09600971e-05  9.60066577e-01  1.57093148e+00]","[ 0.00000000e+00 -2.48237906e-02  5.82007654e-05 -1.17103537e-01
 -4.49733161e-05  0.00000000e+00 -5.56813848e-05  0.00000000e+00]","[ 0.00000000e+00 -5.93830228e-01  9.18648434e+00 -6.04683638e-01
 -5.29944658e+00  1.79504633e-01 -1.06802368e+00 -8.20148923e-03]"
1747093049.7668664,"[ 0.00000000e+00 -3.55851585e-03  2.98338224e-01  3.12461740e+00
 -2.26999010e+00 -8.09600971e-05  9.60066577e-01  1.57093148e+00]","[ 0.00000000e+00 -2.37685775e-02  5.82447383e-05 -1.25325232e-01
 -4.50072964e-05 -1.05979587e-05 -5.56819415e-05  0.00000000e+00]","[ 0.         -0.58467484  9.18193626 -0.6053527  -5.24681997  0.19938928
 -1.04442906 -0.00934994]"
1747093049.7686603,"[ 0.00000000e+00 -3.60165906e-03  2.98338224e-01  3.12436253e+00
 -2.26999010e+00 -8.09600971e-05  9.60066577e-01  1.57093148e+00]","[ 0.00000000e+00 -2.10462568e-02  5.82453112e-05 -1.30727179e-01
 -4.23602275e-05 -1.05979587e-05 -5.56813848e-05  0.00000000e+00]","[ 0.00000000e+00 -5.55254102e-01  9.18727398e+00 -5.68893075e-01
 -5.21056271e+00  1.93468362e-01 -1.04659224e+00 -4.52227751e-03]"
1747093049.7705455,"[ 0.00000000e+00 -3.63841068e-03  2.98338224e-01  3.12408849e+00
 -2.26999010e+00 -8.09600971e-05  9.60066577e-01  1.57093148e+00]","[ 0.00000000e+00 -1.67460433e-02  5.82447383e-05 -1.34104359e-01
 -4.23598089e-05 -1.05979587e-05 -5.56392812e-05  0.00000000e+00]","[ 0.         -0.52099019  9.16240311 -0.51090819 -5.17349291  0.18613383
 -1.05814981 -0.00989983]"
1747093049.7722285,"[ 0.00000000e+00 -3.65332438e-03  2.98338690e-01  3.12395374e+00
 -2.26999063e+00 -8.09600971e-05  9.60066577e-01  1.57093148e+00]","[ 0.00000000e+00 -1.51254588e-02  6.34917418e-05 -1.36530848e-01
 -4.76547840e-05 -2.11959173e-05 -5.55977993e-05  0.00000000e+00]","[ 0.         -0.50954688  9.13078117 -0.47461268 -5.2002511   0.17020929
 -1.05698693 -0.02641647]"
1747093049.7734501,"[ 0.00000000e+00 -3.67782547e-03  2.98338690e-01  3.12367411e+00
 -2.26999063e+00 -8.09600971e-05  9.60066577e-01  1.57093148e+00]","[ 0.00000000e+00 -1.10338124e-02  6.35403432e-05 -1.36129127e-01
 -4.23282464e-05 -2.11959173e-05 -5.55558217e-05  0.00000000e+00]","[ 0.         -0.49281982  9.10479164 -0.45632654 -5.23599625  0.15836298
 -1.04597807 -0.02812137]"
1747093049.776092,"[ 0.00000000e+00 -3.69327180e-03  2.98338690e-01  3.12340752e+00
 -2.26999063e+00 -8.09600971e-05  9.60066577e-01  1.57093148e+00]","[ 0.00000000e+00 -7.01541910e-03  6.35397134e-05 -1.33968346e-01
 -4.23598089e-05 -2.11961286e-05 -5.55972507e-05  0.00000000e+00]","[ 0.         -0.49602011  9.11050129 -0.43210849 -5.26075935  0.15177646
 -1.05870283 -0.02249263]"
1747093049.7779422,"[ 0.00000000e+00 -3.70179392e-03  2.98339156e-01  3.12314147e+00
 -2.26999090e+00 -8.09600971e-05  9.60066577e-01  1.57093148e+00]","[ 0.00000000e+00 -3.07119066e-03  6.89388604e-05 -1.28393451e-01
 -4.49733161e-05 -2.11959173e-05 -5.55552731e-05  0.00000000e+00]","[ 0.         -0.52133703  9.1187458  -0.41365945 -5.30675697  0.13387977
 -1.07291341 -0.01352156]"
1747093049.7822485,"[ 0.00000000e+00 -3.70498971e-03  2.98339156e-01  3.12265145e+00
 -2.26999196e+00 -8.09600971e-05  9.60065578e-01  1.57093148e+00]","[ 0.00000000e+00  0.00000000e+00  6.89381696e-05 -1.19754564e-01
 -5.55552731e-05 -2.11959173e-05 -6.61372301e-05  0.00000000e+00]","[ 0.00000000e+00 -6.54608190e-01  9.14049530e+00 -4.52515304e-01
 -5.46058559e+00  1.66969523e-01 -1.07976115e+00 -8.19743052e-03]"
1747093049.7865472,"[ 0.00000000e+00 -3.70818550e-03  2.98339589e-01  3.12205970e+00
 -2.26999382e+00 -8.09600971e-05  9.60064646e-01  1.57093148e+00]","[ 0.00000000e+00 -4.43429065e-04  7.68925753e-05 -1.18842890e-01
 -7.93654595e-05 -2.11639139e-05 -7.40744343e-05  0.00000000e+00]","[ 0.         -0.88232046  9.1723938  -0.67181414 -5.60225773  0.16984874
 -1.10460413 -0.01881026]"
1747093049.791239,"[ 0.00000000e+00 -3.71830551e-03  2.98339589e-01  3.12156515e+00
 -2.26999462e+00 -7.98948327e-05  9.60064646e-01  1.57093148e+00]","[ 0.00000000e+00 -1.18594634e-03  7.68933393e-05 -1.25737897e-01
 -8.99466322e-05  0.00000000e+00 -7.40737029e-05  0.00000000e+00]","[ 0.00000000e+00 -1.08113980e+00  9.18850708e+00 -8.42806876e-01
 -5.66960287e+00  2.11277321e-01 -1.10659778e+00  3.93991591e-03]"
1747093049.7948198,"[ 0.00000000e+00 -3.73854554e-03  2.98339589e-01  3.12105915e+00
 -2.26999516e+00 -7.98948327e-05  9.60063714e-01  1.57093148e+00]","[ 0.00000000e+00 -4.38813838e-03  7.42411095e-05 -1.26135523e-01
 -9.53095680e-05  0.00000000e+00 -8.46556558e-05  0.00000000e+00]","[ 0.         -1.29821169  9.19493961 -1.02030933 -5.68053532  0.22320151
 -1.12719822  0.0104406 ]"
1747093049.798328,"[ 0.00000000e+00 -3.76570978e-03  2.98340055e-01  3.12066979e+00
 -2.26999516e+00 -7.98948327e-05  9.60063714e-01  1.57093148e+00]","[ 0.00000000e+00 -9.72350907e-03  7.42418490e-05 -1.29376690e-01
 -9.53095680e-05  0.00000000e+00 -8.46556558e-05  0.00000000e+00]","[ 0.00000000e+00 -1.44139600e+00  9.21807671e+00 -1.13982189e+00
 -5.64860439e+00  2.82964915e-01 -1.09702206e+00  6.77586207e-03]"
1747093049.8012166,"[ 0.00000000e+00 -3.79500455e-03  2.98340055e-01  3.12028310e+00
 -2.26999569e+00 -7.98948327e-05  9.60063714e-01  1.57093148e+00]","[ 0.00000000e+00 -1.56656540e-02  7.42973261e-05 -1.31267377e-01
 -9.26620845e-05  0.00000000e+00 -8.46564929e-05  0.00000000e+00]","[ 0.00000000e+00 -1.48599708e+00  9.23134136e+00 -1.24009788e+00
 -5.59859085e+00  2.87086219e-01 -1.09600961e+00  9.14340746e-03]"
1747093049.8035479,"[ 0.00000000e+00 -3.86318148e-03  2.98340521e-01  3.11987937e+00
 -2.26999569e+00 -7.98948327e-05  9.60063714e-01  1.57093148e+00]","[ 0.00000000e+00 -2.66065106e-02  7.42980657e-05 -1.33698252e-01
 -9.28023133e-05  1.05820616e-05 -7.40737029e-05  0.00000000e+00]","[ 0.         -1.56647885  9.23929787 -1.27320313 -5.59103823  0.27194703
 -1.12162352  0.01333545]"
1747093049.8059356,"[ 0.00000000e+00 -3.92816261e-03  2.98340521e-01  3.11959521e+00
 -2.26999569e+00 -7.98948327e-05  9.60063714e-01  1.57093148e+00]","[ 0.00000000e+00 -3.51126721e-02  6.89903714e-05 -1.39678039e-01
 -8.74331602e-05  1.05819570e-05 -7.40744343e-05  0.00000000e+00]","[ 0.00000000e+00 -1.59922850e+00  9.28542423e+00 -1.25566912e+00
 -5.57162333e+00  2.65092671e-01 -1.11922050e+00  4.25869087e-03]"
1747093049.8083766,"[ 0.00000000e+00 -4.01231850e-03  2.98340987e-01  3.11930998e+00
 -2.26999569e+00 -7.98948327e-05  9.60063714e-01  1.57093148e+00]","[ 0.00000000e+00 -4.31321742e-02  7.42980657e-05 -1.46244512e-01
 -8.21963279e-05  1.05819570e-05 -6.61378843e-05  0.00000000e+00]","[ 0.00000000e+00 -1.58564413e+00  9.30537605e+00 -1.19913459e+00
 -5.53422451e+00  2.72369683e-01 -1.12009728e+00  4.25592856e-03]"
1747093049.810177,"[ 0.00000000e+00 -4.10712703e-03  2.98341453e-01  3.11900612e+00
 -2.26999569e+00 -7.98948327e-05  9.60063714e-01  1.57093148e+00]","[ 0.00000000e+00 -4.96475811e-02  7.42980657e-05 -1.49245179e-01
 -8.21963279e-05  1.05819570e-05 -6.61372301e-05  0.00000000e+00]","[ 0.         -1.50608981  9.35362625 -1.12426317 -5.52333784  0.24414641
 -1.14138734 -0.01052532]"
1747093049.8120017,"[ 0.00000000e+00 -4.22111033e-03  2.98341453e-01  3.11871530e+00
 -2.26999596e+00 -7.98948327e-05  9.60062715e-01  1.57093148e+00]","[ 0.00000000e+00 -5.76767455e-02  6.89388604e-05 -1.46933022e-01
 -8.48478263e-05  1.05819570e-05 -6.61378843e-05  0.00000000e+00]","[ 0.         -1.39340508  9.39145756 -1.07624829 -5.54752779  0.2369263
 -1.14177942 -0.01315136]"
1747093049.8137803,"[ 0.00000000e+00 -4.34787680e-03  2.98341886e-01  3.11841836e+00
 -2.26999596e+00 -7.98948327e-05  9.60062715e-01  1.57093148e+00]","[ 0.00000000e+00 -6.64439800e-02  7.42980657e-05 -1.44306746e-01
 -8.21963279e-05  1.05819570e-05 -6.61372301e-05  0.00000000e+00]","[ 0.00000000e+00 -1.28074300e+00  9.47412491e+00 -9.72771287e-01
 -5.54592705e+00  2.20117971e-01 -1.13714051e+00 -6.84860907e-03]"
1747093049.8161225,"[ 0.00000000e+00 -4.48902433e-03  2.98342818e-01  3.11813553e+00
 -2.26999596e+00 -7.98948327e-05  9.60062715e-01  1.57093148e+00]","[ 0.00000000e+00 -6.92120946e-02  7.68933393e-05 -1.42197156e-01
 -8.21963279e-05  1.05820616e-05 -6.61372301e-05  0.00000000e+00]","[ 0.         -1.18253481  9.53641891 -0.86129826 -5.54365396  0.20680182
 -1.13630259  0.01944211]"
1747093049.817791,"[ 0.00000000e+00 -4.63017187e-03  2.98343284e-01  3.11785084e+00
 -2.26999649e+00 -7.98948327e-05  9.60061783e-01  1.57093148e+00]","[ 0.00000000e+00 -7.23861249e-02  8.22585670e-05 -1.37421118e-01
 -8.74993247e-05  1.05820616e-05 -7.40178194e-05  0.00000000e+00]","[ 0.00000000e+00 -1.09813392e+00  9.62640381e+00 -7.49456167e-01
 -5.53545570e+00  1.88439444e-01 -1.14881349e+00  7.90359825e-03]"
1747093049.8196037,"[ 0.00000000e+00 -4.77877626e-03  2.98344183e-01  3.11759118e+00
 -2.26999649e+00 -7.98948327e-05  9.60061783e-01  1.57093148e+00]","[ 0.00000000e+00 -7.61674891e-02  8.74984469e-05 -1.30186982e-01
 -8.74993247e-05  1.05819570e-05 -6.61378843e-05  0.00000000e+00]","[ 0.00000000e+00 -1.00530541e+00  9.68606472e+00 -7.10465074e-01
 -5.55210018e+00  2.05904886e-01 -1.16112232e+00 -4.00777673e-03]"
1747093049.8214595,"[ 0.00000000e+00 -4.86026899e-03  2.98344649e-01  3.11746362e+00
 -2.26999702e+00 -7.98948327e-05  9.60061783e-01  1.57093148e+00]","[ 0.00000000e+00 -7.67351502e-02  9.01508150e-05 -1.29245605e-01
 -9.28023133e-05  1.05819570e-05 -6.61372301e-05  0.00000000e+00]","[ 0.00000000e+00 -9.79291558e-01  9.71612263e+00 -6.49901688e-01
 -5.56111526e+00  1.92475334e-01 -1.17977834e+00 -9.16714501e-03]"
1747093049.8233476,"[ 0.00000000e+00 -5.01686286e-03  2.98345115e-01  3.11720156e+00
 -2.26999702e+00 -7.98948327e-05  9.60060851e-01  1.57093148e+00]","[ 0.00000000e+00 -8.04074995e-02  9.02190763e-05 -1.28836493e-01
 -9.28023133e-05  1.05739739e-05 -7.40744343e-05  0.00000000e+00]","[ 0.         -0.90811801  9.81322479 -0.59608185 -5.58766031  0.19312854
 -1.20653284 -0.03389733]"
1747093049.8252356,"[ 0.00000000e+00 -5.17984832e-03  2.98346480e-01  3.11694670e+00
 -2.26999755e+00 -7.98948327e-05  9.60060851e-01  1.57093148e+00]","[ 0.00000000e+00 -8.31900202e-02  1.06059781e-04 -1.29376690e-01
 -9.81043186e-05  1.05820616e-05 -7.40744343e-05  0.00000000e+00]","[ 0.         -0.84716314  9.90974998 -0.54466277 -5.5973649   0.17194657
 -1.19907475 -0.03736432]"
1747093049.826989,"[ 0.00000000e+00 -5.34602957e-03  2.98347878e-01  3.11667665e+00
 -2.26999782e+00 -7.98948327e-05  9.60059919e-01  1.57093148e+00]","[ 0.00000000e+00 -8.04074995e-02  1.19317257e-04 -1.32347763e-01
 -1.00756792e-04  1.05739739e-05 -8.46556558e-05  0.00000000e+00]","[ 0.         -0.78669453 10.01157475 -0.52817452 -5.61999941  0.14943396
 -1.20395494 -0.02486236]"
1747093049.828882,"[ 0.00000000e+00 -5.51221082e-03  2.98348777e-01  3.11640235e+00
 -2.26999835e+00 -7.98948327e-05  9.60059919e-01  1.57093148e+00]","[ 0.00000000e+00 -8.02459039e-02  1.21968747e-04 -1.34913427e-01
 -1.06059781e-04  1.05820616e-05 -8.46556558e-05  0.00000000e+00]","[ 0.         -0.78704745 10.0818634  -0.51220721 -5.63741589  0.16982448
 -1.22629666 -0.01566847]"
1747093049.830733,"[ 0.00000000e+00 -5.66560890e-03  2.98350175e-01  3.11613656e+00
 -2.26999888e+00 -7.98948327e-05  9.60058920e-01  1.57093148e+00]","[ 0.00000000e+00 -7.67076863e-02  1.37879086e-04 -1.35588930e-01
 -1.11362770e-04  1.05740785e-05 -9.52385514e-05  0.00000000e+00]","[ 0.         -0.72265148 10.1263237  -0.50375789 -5.65565014  0.17271316
 -1.22356772 -0.02982976]"
1747093049.8325899,"[ 0.00000000e+00 -5.74071005e-03  2.98350608e-01  3.11600101e+00
 -2.26999915e+00 -7.98948327e-05  9.60058920e-01  1.57093148e+00]","[ 0.00000000e+00 -7.61674891e-02  1.40527813e-04 -1.37479616e-01
 -1.14014268e-04  1.05739739e-05 -9.52376087e-05  0.00000000e+00]","[ 0.         -0.74798852 10.18543911 -0.56593168 -5.6515646   0.17094825
 -1.23771155 -0.02651193]"
1747093049.8343349,"[ 0.00000000e+00 -5.89677129e-03  2.98352006e-01  3.11571871e+00
 -2.26999968e+00 -7.98948327e-05  9.60057988e-01  1.57093148e+00]","[ 0.00000000e+00 -7.55506677e-02  1.56556633e-04 -1.38293969e-01
 -1.19317257e-04  1.05820616e-05 -1.03174077e-04  0.00000000e+00]","[ 0.         -0.74440187 10.28562641 -0.57503808 -5.67682362  0.16805011
 -1.26470542 -0.02005108]"
1747093049.8355372,"[ 0.00000000e+00 -6.03951672e-03  2.98353837e-01  3.11544734e+00
 -2.27000075e+00 -7.98948327e-05  9.60057988e-01  1.57093148e+00]","[ 0.00000000e+00 -7.07655415e-02  1.74998649e-04 -1.36399221e-01
 -1.29923234e-04  1.05820616e-05 -1.03174077e-04  0.00000000e+00]","[ 0.         -0.73902273 10.36525059 -0.6064949  -5.6793561   0.17023072
 -1.28341782 -0.02938559]"
1747093049.8379676,"[ 0.00000000e+00 -6.18013163e-03  2.98355202e-01  3.11516904e+00
 -2.27000155e+00 -7.98948327e-05  9.60057056e-01  1.57093148e+00]","[ 0.00000000e+00 -6.72059479e-02  1.86761242e-04 -1.34913427e-01
 -1.32574732e-04  1.05819570e-05 -1.13843115e-04  0.00000000e+00]","[ 0.         -0.76824743 10.43749428 -0.60380214 -5.70475483  0.19140208
 -1.28292835 -0.04176522]"
1747093049.8397062,"[ 0.00000000e+00 -6.30956125e-03  2.98356600e-01  3.11490458e+00
 -2.27000235e+00 -7.98948327e-05  9.60056057e-01  1.57093148e+00]","[ 0.00000000e+00 -6.48233924e-02  2.19025185e-04 -1.34372256e-01
 -1.40529211e-04  1.05739739e-05 -1.13756038e-04  0.00000000e+00]","[ 0.         -0.77291089 10.49187946 -0.6398719  -5.71135378  0.18246768
 -1.27783883 -0.0464697 ]"
1747093049.8414326,"[ 0.00000000e+00 -6.37187922e-03  2.98357499e-01  3.11477382e+00
 -2.27000288e+00 -7.98948327e-05  9.60056057e-01  1.57093148e+00]","[ 0.00000000e+00 -6.31387724e-02  2.41644841e-04 -1.32617857e-01
 -1.45832208e-04  1.05819570e-05 -1.13756038e-04  0.00000000e+00]","[ 0.         -0.79103965 10.49704933 -0.64846641 -5.70657873  0.18507414
 -1.28303289 -0.02914237]"
1747093049.842574,"[ 0.00000000e+00 -6.50077622e-03  2.98359363e-01  3.11449952e+00
 -2.27000394e+00 -7.98948327e-05  9.60055125e-01  1.57093148e+00]","[ 0.00000000e+00 -6.37430062e-02  3.24968689e-04 -1.33698252e-01
 -1.56438185e-04  1.05819570e-05 -1.21785654e-04  0.00000000e+00]","[ 0.         -0.81100124 10.52847767 -0.68919104 -5.73608065  0.19320218
 -1.30217481 -0.03492517]"
1747093049.84423,"[ 0.00000000e+00 -6.63340164e-03  2.98361627e-01  3.11423693e+00
 -2.27000581e+00 -7.98948327e-05  9.60055125e-01  1.57093148e+00]","[ 0.00000000e+00 -6.86047607e-02  4.87747421e-04 -1.33158055e-01
 -1.69695653e-04  1.05819570e-05 -1.21692507e-04  0.00000000e+00]","[ 0.         -0.84856808 10.56950855 -0.75465816 -5.76754904  0.21749556
 -1.33170211 -0.05959184]"
1747093049.8460763,"[ 0.00000000e+00 -6.70797015e-03  2.98363025e-01  3.11409445e+00
 -2.27000608e+00 -7.98948327e-05  9.60054193e-01  1.57093148e+00]","[ 0.00000000e+00 -7.01491195e-02  6.14155701e-04 -1.34161126e-01
 -1.72347143e-04  1.05819570e-05 -1.32274460e-04  0.00000000e+00]","[ 0.         -0.86417866 10.5663166  -0.78362352 -5.78749323  0.20968297
 -1.33344555 -0.0653356 ]"
1747093049.8479195,"[ 0.00000000e+00 -6.84858506e-03  2.98365322e-01  3.11382600e+00
 -2.27000847e+00 -7.98948327e-05  9.60053261e-01  1.57093148e+00]","[ 0.00000000e+00 -7.23861249e-02  8.16954443e-04 -1.36939419e-01
 -1.98133187e-04  1.05819570e-05 -1.42965766e-04  0.00000000e+00]","[ 0.         -0.9507845  10.59477425 -0.81573546 -5.79267931  0.20415317
 -1.33213854 -0.06171927]"
1747093049.8497493,"[ 0.00000000e+00 -7.00091787e-03  2.98367619e-01  3.11354717e+00
 -2.27001087e+00 -7.98948327e-05  9.60053261e-01  1.57093148e+00]","[ 0.00000000e+00 -7.52305391e-02  8.87587899e-04 -1.35916507e-01
 -2.58568999e-04  1.05820616e-05 -1.32374402e-04  0.00000000e+00]","[ 0.         -0.99422914 10.59531689 -0.83296424 -5.79655075  0.20472628
 -1.32517147 -0.05230504]"
1747093049.8515158,"[ 0.00000000e+00 -7.14739173e-03  2.98370382e-01  3.11328272e+00
 -2.27001353e+00 -7.98948327e-05  9.60052262e-01  1.57093148e+00]","[ 0.00000000e+00 -7.40067084e-02  1.01350236e-03 -1.33158055e-01
 -3.13520867e-04  1.05739739e-05 -1.42856421e-04  0.00000000e+00]","[ 0.         -1.01360643 10.59285736 -0.81113124 -5.81792593  0.2010726
 -1.33273065 -0.05117935]"
1747093049.853362,"[ 0.00000000e+00 -7.21982972e-03  2.98371747e-01  3.11315276e+00
 -2.27001486e+00 -7.98948327e-05  9.60052262e-01  1.57093148e+00]","[ 0.00000000e+00 -7.33920758e-02  1.04535588e-03 -1.31807566e-01
 -3.56353028e-04  1.05820616e-05 -1.42856421e-04  0.00000000e+00]","[ 0.         -1.03646624 10.59616375 -0.83671582 -5.8299036   0.20315896
 -1.33377659 -0.03664603]"
1747093049.8551855,"[ 0.00000000e+00 -7.37695622e-03  2.98374044e-01  3.11288404e+00
 -2.27001753e+00 -7.98948327e-05  9.60051330e-01  1.57093148e+00]","[ 0.00000000e+00 -7.72366817e-02  1.16426199e-03 -1.29916888e-01
 -5.23684328e-04  1.05820616e-05 -1.50908306e-04  0.00000000e+00]","[ 0.         -1.09610963 10.56132889 -0.8446101  -5.85516739  0.20404558
 -1.34400547 -0.02280527]"
1747093049.8570237,"[ 0.00000000e+00 -7.53461536e-03  2.98376807e-01  3.11262891e+00
 -2.27002072e+00 -7.98948327e-05  9.60051330e-01  1.57093148e+00]","[ 0.00000000e+00 -7.94086560e-02  1.25244864e-03 -1.28836493e-01
 -8.59084273e-04  1.05819570e-05 -1.50794377e-04  0.00000000e+00]","[ 0.         -1.1137203  10.53507042 -0.83668911 -5.8659234   0.19839288
 -1.35384178 -0.0470072 ]"
1747093049.8587363,"[ 0.00000000e+00 -7.70825346e-03  2.98379537e-01  3.11237112e+00
 -2.27002498e+00 -7.98948327e-05  9.60050398e-01  1.57093148e+00]","[ 0.00000000e+00 -8.56821314e-02  1.25812242e-03 -1.25452464e-01
 -1.30199722e-03  1.05820616e-05 -1.61496777e-04  0.00000000e+00]","[ 0.         -1.14880836 10.49781513 -0.8482815  -5.8817296   0.19373062
 -1.35963416 -0.05926238]"
1747093049.8605092,"[ 0.00000000e+00 -7.88242419e-03  2.98381401e-01  3.11212637e+00
 -2.27002871e+00 -7.98948327e-05  9.60050398e-01  1.57093148e+00]","[ 0.00000000e+00 -8.80517789e-02  1.22462953e-03 -1.23434545e-01
 -1.61112234e-03  1.05819570e-05 -1.61376444e-04  0.00000000e+00]","[ 0.         -1.16440761 10.46364784 -0.84596556 -5.8676405   0.18645914
 -1.36035025 -0.04578786]"
1747093049.861724,"[ 0.00000000e+00 -7.97084114e-03  2.98382300e-01  3.11199322e+00
 -2.27003084e+00 -7.98948327e-05  9.60049400e-01  1.57093148e+00]","[ 0.00000000e+00 -8.96723623e-02  1.22453564e-03 -1.25384229e-01
 -1.72880728e-03  1.05819570e-05 -1.69312986e-04  0.00000000e+00]","[ 0.         -1.16964173 10.39968491 -0.82474178 -5.85465717  0.17924933
 -1.34758019 -0.04975002]"
1747093049.8635798,"[ 0.00000000e+00 -8.15353399e-03  2.98384131e-01  3.11174208e+00
 -2.27003510e+00 -7.98948327e-05  9.60049400e-01  1.57093148e+00]","[ 0.00000000e+00 -9.01917204e-02  1.16339815e-03 -1.27896489e-01
 -1.93067476e-03  1.05899522e-05 -1.69311312e-04  0.00000000e+00]","[ 0.         -1.18224001 10.38462353 -0.82362354 -5.8489995   0.19039403
 -1.32531965 -0.04018257]"
1747093049.8652647,"[ 0.00000000e+00 -8.24088568e-03  2.98385529e-01  3.11161132e+00
 -2.27003697e+00 -7.98948327e-05  9.60049400e-01  1.57093148e+00]","[ 0.00000000e+00 -8.86819161e-02  1.16339815e-03 -1.32617857e-01
 -1.94692771e-03  1.05899522e-05 -1.69311312e-04  0.00000000e+00]","[ 0.         -1.204965   10.35039711 -0.8325184  -5.841784    0.1870559
 -1.32348073 -0.04225386]"
1747093049.866467,"[ 0.00000000e+00 -8.41612168e-03  2.98387826e-01  3.11132876e+00
 -2.27004096e+00 -7.98948327e-05  9.60048467e-01  1.57093148e+00]","[ 0.00000000e+00 -8.96723623e-02  1.13858966e-03 -1.39370294e-01
 -2.00614768e-03  1.05820616e-05 -1.79893264e-04  0.00000000e+00]","[ 0.         -1.22309482 10.30499744 -0.83572119 -5.82324553  0.18180323
 -1.33155191 -0.04558989]"
1747093049.868611,"[ 0.00000000e+00 -8.50560389e-03  2.98390123e-01  3.11104779e+00
 -2.27004522e+00 -7.98948327e-05  9.60048467e-01  1.57093148e+00]","[ 0.00000000e+00 -9.07527485e-02  1.15273237e-03 -1.42611461e-01
 -2.05317067e-03  1.05819570e-05 -1.79895052e-04  0.00000000e+00]","[ 0.         -1.21430957 10.24760342 -0.81574023 -5.81403017  0.16297622
 -1.33867633 -0.03337222]"
1747093049.8702407,"[ 0.00000000e+00 -8.78630107e-03  2.98392852e-01  3.11075351e+00
 -2.27004975e+00 -7.98948327e-05  9.60048467e-01  1.57093148e+00]","[ 0.00000000e+00 -9.39939238e-02  1.15265682e-03 -1.44355748e-01
 -2.11966557e-03  1.05819570e-05 -1.79893264e-04  0.00000000e+00]","[ 0.         -1.24540508 10.20672703 -0.77360767 -5.8165369   0.16478553
 -1.33883643 -0.03625671]"
1747093049.8725886,"[ 0.00000000e+00 -8.97218971e-03  2.98395149e-01  3.11046643e+00
 -2.27005481e+00 -7.98948327e-05  9.60047535e-01  1.57093148e+00]","[ 0.00000000e+00 -9.45341127e-02  1.11780114e-03 -1.46392833e-01
 -2.21902488e-03  1.05820616e-05 -1.90763250e-04  0.00000000e+00]","[ 0.         -1.21379983 10.18524456 -0.75844944 -5.79207659  0.15921308
 -1.32813835 -0.05755423]"
1747093049.8744946,"[ 0.00000000e+00 -9.07232457e-03  2.98397014e-01  3.11031090e+00
 -2.27005721e+00 -7.98948327e-05  9.60047535e-01  1.57093148e+00]","[ 0.00000000e+00 -9.42889438e-02  1.15850667e-03 -1.46448776e-01
 -2.30266219e-03  1.05820616e-05 -1.90907607e-04  0.00000000e+00]","[ 0.         -1.20515478 10.19196892 -0.76045483 -5.77738667  0.14841905
 -1.33422208 -0.05919648]"
1747093049.8757584,"[ 0.00000000e+00 -9.26300690e-03  2.98400209e-01  3.11000543e+00
 -2.27006227e+00 -7.98948327e-05  9.60047535e-01  1.57093148e+00]","[ 0.00000000e+00 -9.77752879e-02  1.25118702e-03 -1.42518899e-01
 -2.44221677e-03  1.05899522e-05 -1.90905705e-04  0.00000000e+00]","[ 0.         -1.18545473 10.16891861 -0.76863647 -5.7585988   0.14134856
 -1.32657313 -0.05371483]"
1747093049.8775692,"[ 0.00000000e+00 -9.46487451e-03  2.98403904e-01  3.10972207e+00
 -2.27006946e+00 -7.98948327e-05  9.60047535e-01  1.57093148e+00]","[ 0.00000000e+00 -9.92108899e-02  1.43907512e-03 -1.37326093e-01
 -2.88846114e-03  1.05819570e-05 -1.90763250e-04  0.00000000e+00]","[ 0.         -1.19274354 10.14910221 -0.75910014 -5.74164724  0.15831748
 -1.31740487 -0.05557039]"
1747093049.8787262,"[ 0.00000000e+00 -9.66461160e-03  2.98408032e-01  3.10945496e+00
 -2.27007771e+00 -7.98948327e-05  9.60047535e-01  1.57093148e+00]","[ 0.00000000e+00 -1.02096849e-01  1.58968325e-03 -1.34911904e-01
 -3.67002428e-03  1.05900569e-05 -1.80301630e-04  0.00000000e+00]","[ 0.         -1.18122518 10.15115833 -0.78651047 -5.72704363  0.15502074
 -1.31574178 -0.06858215]"
1747093049.881129,"[ 0.00000000e+00 -9.77220330e-03  2.98409863e-01  3.10931993e+00
 -2.27008277e+00 -7.98948327e-05  9.60047535e-01  1.57093148e+00]","[ 0.00000000e+00 -1.01310460e-01  1.70221026e-03 -1.36939419e-01
 -4.23880396e-03  1.05899522e-05 -1.80301630e-04  0.00000000e+00]","[ 0.         -1.18954611 10.14249325 -0.80018288 -5.71366978  0.1588618
 -1.31127393 -0.07201132]"
1747093049.883005,"[ 0.00000000e+00 -9.97726671e-03  2.98411694e-01  3.10903924e+00
 -2.27009343e+00 -7.98948327e-05  9.60047535e-01  1.57093148e+00]","[ 0.00000000e+00 -1.04797819e-01  1.75522901e-03 -1.36669324e-01
 -5.17714979e-03  1.05819570e-05 -1.80301630e-04  0.00000000e+00]","[ 0.         -1.17823708 10.156394   -0.83409649 -5.67543602  0.1645965
 -1.31239998 -0.06893671]"
1747093049.884301,"[ 0.00000000e+00 -1.01881891e-02  2.98416754e-01  3.10876573e+00
 -2.27010754e+00 -7.98948327e-05  9.60046603e-01  1.57093148e+00]","[ 0.00000000e+00 -1.07498797e-01  1.97642651e-03 -1.37749710e-01
 -6.89196962e-03  1.06059783e-05 -1.88256117e-04  0.00000000e+00]","[ 0.         -1.19561863 10.1572094  -0.86672962 -5.66270638  0.17428216
 -1.30745685 -0.0570658 ]"
1747093049.886127,"[ 0.00000000e+00 -1.03037703e-02  2.98419051e-01  3.10861633e+00
 -2.27011500e+00 -7.98948327e-05  9.60046603e-01  1.57093148e+00]","[ 0.00000000e+00 -1.08833515e-01  2.11940198e-03 -1.40681102e-01
 -7.31637659e-03  1.05978530e-05 -1.88113759e-04  0.00000000e+00]","[ 0.         -1.20549929 10.13626194 -0.90335524 -5.66299295  0.17402805
 -1.30617225 -0.06089131]"
1747093049.887924,"[ 0.00000000e+00 -1.05205516e-02  2.98425942e-01  3.10834042e+00
 -2.27013391e+00 -7.98948327e-05  9.60046603e-01  1.57093148e+00]","[ 0.00000000e+00 -1.09659578e-01  2.52915363e-03 -1.40180594e-01
 -8.90228069e-03  1.06059783e-05 -1.80303434e-04  0.00000000e+00]","[ 0.         -1.20393777 10.11830807 -0.90739328 -5.63314772  0.17919385
 -1.31784737 -0.0552659 ]"
1747093049.8897548,"[ 0.00000000e+00 -1.07410613e-02  2.98433266e-01  3.10805360e+00
 -2.27015441e+00 -7.98948327e-05  9.60046603e-01  1.57093148e+00]","[ 0.         -0.10722794  0.0032977  -0.13992881 -0.011074    0.
 -0.00018017  0.        ]","[ 0.         -1.22470403 10.08554554 -0.93526077 -5.5894084   0.18018371
 -1.30686367 -0.05324506]"
1747093049.8916302,"[ 0.00000000e+00 -1.08459899e-02  2.98437860e-01  3.10791538e+00
 -2.27016693e+00 -7.98948327e-05  9.60046603e-01  1.57093148e+00]","[ 0.         -0.1064184   0.0037764  -0.14003856 -0.01269458  0.
 -0.0001803   0.        ]","[ 0.         -1.21828032 10.09773731 -0.94515967 -5.53885603  0.19103701
 -1.30047858 -0.05797742]"
1747093049.8935213,"[ 0.00000000e+00 -1.10563796e-02  2.98448879e-01  3.10764055e+00
 -2.27020049e+00 -7.98948327e-05  9.60046603e-01  1.57093148e+00]","[ 0.         -0.1074988   0.00517886 -0.1388301  -0.01655072  0.
 -0.0001803   0.        ]","[ 0.         -1.2304306  10.09615326 -0.99984598 -5.47370911  0.19397348
 -1.28992295 -0.04445498]"
1747093049.8953512,"[ 0.00000000e+00 -1.12784872e-02  2.98461296e-01  3.10749407e+00
 -2.27023564e+00 -7.98948327e-05  9.60046603e-01  1.57093148e+00]","[ 0.         -0.107729    0.00603218 -0.13792265 -0.01861784  0.
 -0.0001697   0.        ]","[ 0.         -1.24229181 10.08682919 -1.00408256 -5.39202547  0.20255953
 -1.30326056 -0.05831585]"
1747093049.896531,"[ 0.00000000e+00 -1.14899422e-02  2.98479638e-01  3.10722562e+00
 -2.27027719e+00 -7.98948327e-05  9.60046603e-01  1.57093148e+00]","[ 0.         -0.10685023  0.00896818 -0.13639922 -0.02081378  0.
 -0.0001697   0.        ]","[ 0.         -1.26619649 10.03581524 -1.00031316 -5.34255838  0.20724434
 -1.28707898 -0.05730348]"
1747093049.8981915,"[ 0.00000000e+00 -1.17045930e-02  2.98501709e-01  3.10694173e+00
 -2.27032033e+00 -7.98948327e-05  9.60046603e-01  1.57093148e+00]","[ 0.         -0.10381814  0.01078304 -0.13922909 -0.02176397  0.
 -0.00016969  0.        ]","[ 0.         -1.30184472  9.99911404 -1.05675113 -5.25059271  0.20190156
 -1.27920604 -0.04344693]"
1747093049.8993075,"[ 0.00000000e+00 -1.18100542e-02  2.98512728e-01  3.10680272e+00
 -2.27034190e+00 -7.98948327e-05  9.60046603e-01  1.57093148e+00]","[ 0.         -0.1069586   0.011074   -0.14099088 -0.0218779   0.
 -0.0001697   0.        ]","[ 0.         -1.31140852  9.99810791 -1.05319166 -5.20982075  0.20072491
 -1.26798117 -0.05280868]"
1747093049.901807,"[ 0.00000000e+00 -1.20247050e-02  2.98535232e-01  3.10651989e+00
 -2.27038318e+00 -7.98948327e-05  9.60046603e-01  1.57093148e+00]","[ 0.         -0.10954847  0.01134409 -0.14423204 -0.01971712  0.
 -0.00016982  0.        ]","[ 0.         -1.32703996  9.95163059 -1.0558176  -5.18922949  0.20388116
 -1.24745429 -0.06104492]"
1747093049.9036553,"[ 0.00000000e+00 -1.22569326e-02  2.98559566e-01  3.10621442e+00
 -2.27041700e+00 -7.98948327e-05  9.60045605e-01  1.57093148e+00]","[ 0.         -0.11506153  0.01177503 -0.1504443  -0.01620585  0.
 -0.0001803   0.        ]","[ 0.         -1.3335222   9.92151356 -1.06259251 -5.234231    0.19962037
 -1.23357534 -0.06625224]"
1747093049.9047837,"[ 0.00000000e+00 -1.23703833e-02  2.98571484e-01  3.10606289e+00
 -2.27043218e+00 -7.98948327e-05  9.60045605e-01  1.57093148e+00]","[ 0.         -0.11506153  0.01215439 -0.15368547 -0.01539556  0.
 -0.0001803   0.        ]","[ 0.         -1.31928885  9.8983984  -1.03439605 -5.23716545  0.19241545
 -1.24225521 -0.07222512]"
1747093049.906377,"[ 0.00000000e+00 -1.25999477e-02  2.98595386e-01  3.10574517e+00
 -2.27046041e+00 -7.98948327e-05  9.60045605e-01  1.57093148e+00]","[ 0.         -0.11734132  0.01178612 -0.15557615 -0.01349119  0.
 -0.0001803   0.        ]","[ 0.         -1.3008467   9.89902115 -1.02970517 -5.3592577   0.15480609
 -1.25092959 -0.05549036]"
1747093049.9086657,"[ 0.00000000e+00 -1.28460238e-02  2.98619254e-01  3.10544264e+00
 -2.27048544e+00 -7.98948327e-05  9.60045605e-01  1.57093148e+00]","[ 0.         -0.12100367  0.01214207 -0.15260507 -0.01296468  0.
 -0.0001803   0.        ]","[ 0.         -1.28126681  9.94744778 -0.97494948 -5.49830008  0.15162587
 -1.28529668 -0.03296988]"
1747093049.9104483,"[ 0.00000000e+00 -1.30878389e-02  2.98644954e-01  3.10513132e+00
 -2.27049983e+00 -7.98948327e-05  9.60044672e-01  1.57093148e+00]","[ 0.         -0.12316445  0.01253842 -0.15125458 -0.0135415   0.
 -0.0001803   0.        ]","[ 0.         -1.26827359  9.9682703  -0.9224689  -5.5961318   0.14623319
 -1.31945705 -0.04593204]"
1747093049.9117627,"[ 0.00000000e+00 -1.32204643e-02  2.98658736e-01  3.10498378e+00
 -2.27051367e+00 -7.98948327e-05  9.60044672e-01  1.57093148e+00]","[ 0.         -0.12488269  0.01404507 -0.149634   -0.01404507  0.
 -0.0001803   0.        ]","[ 0.         -1.26109576 10.00394344 -0.92617947 -5.66890383  0.15942948
 -1.34471726 -0.03713181]"
1747093049.9135766,"[ 0.00000000e+00 -1.34692035e-02  2.98689495e-01  3.10468337e+00
 -2.27054483e+00 -7.98948327e-05  9.60044672e-01  1.57093148e+00]","[ 0.         -0.12627754  0.01620585 -0.14544571 -0.01647595  0.
 -0.0001803   0.        ]","[ 0.         -1.24494529 10.10519218 -0.87826765 -5.77123117  0.13479595
 -1.36102009 -0.05650876]"
1747093049.9153886,"[ 0.00000000e+00 -1.35938395e-02  2.98706939e-01  3.10454169e+00
 -2.27056401e+00 -7.98948327e-05  9.60044672e-01  1.57093148e+00]","[ 0.         -0.12653395  0.01782643 -0.14369186 -0.01807235  0.
 -0.0001803   0.        ]","[ 0.         -1.23751307 10.14328194 -0.84732401 -5.80175781  0.11704439
 -1.35268092 -0.07169809]"
1747093049.9172313,"[ 0.00000000e+00 -1.38564272e-02  2.98748751e-01  3.10426339e+00
 -2.27060582e+00 -7.98948327e-05  9.60043740e-01  1.57093148e+00]","[ 0.         -0.1280262   0.0213377  -0.14045069 -0.02241809  0.
 -0.0001803   0.        ]","[ 0.         -1.22854447 10.19546604 -0.84345359 -5.83893919  0.11073192
 -1.35283113 -0.08286674]"
1747093049.9184043,"[ 0.00000000e+00 -1.41088948e-02  2.98794191e-01  3.10397444e+00
 -2.27065828e+00 -7.98948327e-05  9.60043740e-01  1.57093148e+00]","[ 0.         -0.12748601  0.02376858 -0.14093187 -0.02683223  0.
 -0.0001803   0.        ]","[ 0.         -1.24556863 10.20135689 -0.83179492 -5.77477646  0.1336989
 -1.36163878 -0.068491  ]"
1747093049.9208148,"[ 0.00000000e+00 -1.43693520e-02  2.98844724e-01  3.10368895e+00
 -2.27071607e+00 -7.98948327e-05  9.60043740e-01  1.57093148e+00]","[ 0.         -0.12681719  0.02457887 -0.14558253 -0.03022027  0.
 -0.0001803   0.        ]","[ 0.         -1.26646388 10.16066551 -0.85061705 -5.62524509  0.11572093
 -1.32521224 -0.07083121]"
1747093049.9226468,"[ 0.00000000e+00 -1.46260807e-02  2.98891995e-01  3.10338481e+00
 -2.27077892e+00 -7.98948327e-05  9.60043740e-01  1.57093148e+00]","[ 0.         -0.13072718  0.02322838 -0.14906686 -0.03059375  0.
 -0.0001697   0.        ]","[ 0.         -1.2729069  10.17353821 -0.87867039 -5.47703457  0.1156341
 -1.32216883 -0.07044116]"
1747093049.9244976,"[ 0.00000000e+00 -1.47645651e-02  2.98915431e-01  3.10323834e+00
 -2.27081008e+00 -7.98948327e-05  9.60043740e-01  1.57093148e+00]","[ 0.         -0.1303996   0.02206762 -0.14870442 -0.0316014   0.
 -0.0001697   0.        ]","[ 0.         -1.29153872 10.1733036  -0.85028398 -5.37864733  0.11311193
 -1.30991149 -0.07044116]"
1747093049.9263654,"[ 0.00000000e+00 -1.50223591e-02  2.98956743e-01  3.10294326e+00
 -2.27087320e+00 -7.98948327e-05  9.60043740e-01  1.57093148e+00]","[ 0.         -0.12964678  0.02052741 -0.14990409 -0.03210903  0.
 -0.00016982  0.        ]","[ 0.         -1.31162417 10.14802361 -0.8703503  -5.21543455  0.11409591
 -1.28890538 -0.0782331 ]"
1747093049.927536,"[ 0.00000000e+00 -1.52796204e-02  2.98996691e-01  3.10263007e+00
 -2.27094324e+00 -7.98948327e-05  9.60043740e-01  1.57093148e+00]","[ 0.         -0.13126738  0.02052741 -0.15422261 -0.03484257  0.
 -0.00016174  0.        ]","[ 0.         -1.27240598 10.18863392 -0.87866604 -5.05846977  0.0975867
 -1.26571572 -0.07399392]"
1747093049.929415,"[ 0.00000000e+00 -1.55523281e-02  2.99041232e-01  3.10232195e+00
 -2.27101648e+00 -7.98948327e-05  9.60043740e-01  1.57093148e+00]","[ 0.00000000e+00 -1.33968346e-01  2.24180906e-02 -1.56227987e-01
 -3.78136459e-02  0.00000000e+00 -1.51135188e-04  0.00000000e+00]","[ 0.         -1.30888295 10.24648762 -0.90018511 -4.9569068   0.10233159
 -1.2754072  -0.06590107]"
1747093049.9305563,"[ 0.00000000e+00 -1.56870841e-02  2.99064202e-01  3.10216855e+00
 -2.27105403e+00 -7.98948327e-05  9.60043740e-01  1.57093148e+00]","[ 0.00000000e+00 -1.36669324e-01  2.32283823e-02 -1.55576145e-01
 -3.80837445e-02  0.00000000e+00 -1.51135188e-04  0.00000000e+00]","[ 0.         -1.28007245 10.3158083  -0.88080412 -4.91520214  0.11685424
 -1.27822864 -0.06767994]"
1747093049.933088,"[ 0.00000000e+00 -1.59661834e-02  2.99116100e-01  3.10184897e+00
 -2.27113153e+00 -7.98948327e-05  9.60043740e-01  1.57093148e+00]","[ 0.00000000e+00 -1.35916507e-01  2.63306883e-02 -1.56479523e-01
 -3.80837445e-02  0.00000000e+00 -1.51135188e-04  0.00000000e+00]","[ 0.         -1.26029718 10.33925056 -0.86500281 -4.87566137  0.11340155
 -1.27712297 -0.07752004]"
1747093049.9348233,"[ 0.00000000e+00 -1.62335647e-02  2.99175788e-01  3.10153338e+00
 -2.27120796e+00 -7.98948327e-05  9.60042742e-01  1.57093148e+00]","[ 0.00000000e+00 -1.35048741e-01  3.16014045e-02 -1.61624467e-01
 -3.68629640e-02  0.00000000e+00 -1.51249637e-04  0.00000000e+00]","[ 0.         -1.22651207 10.40212727 -0.83825171 -4.85887098  0.09568322
 -1.30320275 -0.09798381]"
1747093049.9366033,"[ 0.00000000e+00 -1.65030766e-02  2.99247894e-01  3.10119836e+00
 -2.27128173e+00 -7.98948327e-05  9.60042742e-01  1.57093148e+00]","[ 0.00000000e+00 -1.36129127e-01  3.63614283e-02 -1.64219268e-01
 -3.75435473e-02  0.00000000e+00 -1.43180701e-04  0.00000000e+00]","[ 0.         -1.16067398 10.4553442  -0.81770521 -4.92818356  0.10785959
 -1.32767344 -0.10110173]"
1747093049.9384801,"[ 0.00000000e+00 -1.66490179e-02  2.99285078e-01  3.10103431e+00
 -2.27131981e+00 -7.98948327e-05  9.60042742e-01  1.57093148e+00]","[ 0.00000000e+00 -1.37421118e-01  3.78136459e-02 -1.66380040e-01
 -3.86239376e-02  0.00000000e+00 -1.43179287e-04  0.00000000e+00]","[ 0.         -1.15827489 10.46691322 -0.78846449 -4.97743464  0.10554004
 -1.32150722 -0.08917469]"
1747093049.939762,"[ 0.00000000e+00 -1.69174645e-02  2.99365439e-01  3.10070461e+00
 -2.27140344e+00 -7.98948327e-05  9.60042742e-01  1.57093148e+00]","[ 0.00000000e+00 -1.36129127e-01  4.18226896e-02 -1.67730529e-01
 -4.18389348e-02  0.00000000e+00 -1.32574732e-04  0.00000000e+00]","[ 0.         -1.16610777 10.50509167 -0.78442496 -5.11324406  0.09877305
 -1.35727334 -0.09247503]"
1747093049.940908,"[ 0.00000000e+00 -1.71992270e-02  2.99460480e-01  3.10036399e+00
 -2.27149025e+00 -7.98948327e-05  9.60041810e-01  1.57093148e+00]","[ 0.00000000e+00 -1.38293969e-01  4.88876440e-02 -1.66650135e-01
 -4.42959881e-02  0.00000000e+00 -1.43180701e-04  0.00000000e+00]","[ 0.         -1.05634093 10.60063457 -0.74313235 -5.18632078  0.10687342
 -1.36857033 -0.09018985]"
1747093049.9427247,"[ 0.00000000e+00 -1.73355808e-02  2.99512845e-01  3.10020127e+00
 -2.27153393e+00 -7.98948327e-05  9.60041810e-01  1.57093148e+00]","[ 0.00000000e+00 -1.38289908e-01  5.32092012e-02 -1.64862355e-01
 -4.42959881e-02  0.00000000e+00 -1.32574732e-04  0.00000000e+00]","[ 0.         -1.01510119 10.62595081 -0.70940191 -5.24215603  0.08769934
 -1.36732781 -0.08995485]"
1747093049.9445164,"[ 0.00000000e+00 -1.76104190e-02  2.99632221e-01  3.09986651e+00
 -2.27162714e+00 -7.98948327e-05  9.60041810e-01  1.57093148e+00]","[ 0.00000000e+00 -1.39910499e-01  5.91813566e-02 -1.61745657e-01
 -4.61866702e-02  0.00000000e+00 -1.32574732e-04  0.00000000e+00]","[ 0.         -0.97897196 10.58863926 -0.70962286 -5.36551905  0.10105193
 -1.38015354 -0.07931597]"
1747093049.9463782,"[ 0.00000000e+00 -1.77590234e-02  2.99691443e-01  3.09970779e+00
 -2.27167481e+00 -7.98948327e-05  9.60041810e-01  1.57093148e+00]","[ 0.00000000e+00 -1.39928809e-01  5.99008845e-02 -1.60978101e-01
 -4.82984612e-02  0.00000000e+00 -1.21968747e-04  0.00000000e+00]","[ 0.         -0.98793691 10.52229214 -0.69742721 -5.4031105   0.0900481
 -1.37853551 -0.09141193]"
1747093049.9476266,"[ 0.00000000e+00 -1.80423838e-02  2.99814514e-01  3.09939780e+00
 -2.27178267e+00 -7.98948327e-05  9.60040877e-01  1.57093148e+00]","[ 0.00000000e+00 -1.44232044e-01  6.31387724e-02 -1.56926634e-01
 -5.39152177e-02  0.00000000e+00 -1.21876526e-04  0.00000000e+00]","[ 0.         -0.95046365 10.41275215 -0.70218539 -5.39847898  0.11114492
 -1.38877523 -0.0961224 ]"
1747093049.949424,"[ 0.00000000e+00 -1.83417231e-02  2.99952732e-01  3.09907768e+00
 -2.27189479e+00 -7.98948327e-05  9.60040877e-01  1.57093148e+00]","[ 0.00000000e+00 -1.46448776e-01  6.87105590e-02 -1.56116334e-01
 -5.72606640e-02  0.00000000e+00 -1.21968747e-04  0.00000000e+00]","[ 0.         -0.89858049 10.29620647 -0.69086444 -5.35255289  0.10715651
 -1.37044585 -0.09489356]"
1747093049.9512901,"[ 0.00000000e+00 -1.84844685e-02  3.00022541e-01  3.09892242e+00
 -2.27195258e+00 -7.98948327e-05  9.60040877e-01  1.57093148e+00]","[ 0.00000000e+00 -1.44625560e-01  7.06938358e-02 -1.57466823e-01
 -5.86111530e-02  0.00000000e+00 -1.14014268e-04  0.00000000e+00]","[ 0.         -0.88899195 10.25110817 -0.71815872 -5.33082294  0.104127
 -1.36944807 -0.09035211]"
1747093049.9531438,"[ 0.00000000e+00 -1.87790141e-02  3.00167649e-01  3.09859911e+00
 -2.27207562e+00 -7.98948327e-05  9.60040877e-01  1.57093148e+00]","[ 0.00000000e+00 -1.42436491e-01  7.50870946e-02 -1.59357518e-01
 -6.07719338e-02  0.00000000e+00 -1.14014268e-04  0.00000000e+00]","[ 0.         -0.83791202 10.11898041 -0.7133972  -5.23438072  0.08498304
 -1.3252033  -0.08018734]"
1747093049.9543514,"[ 0.00000000e+00 -1.90623745e-02  3.00332033e-01  3.09827740e+00
 -2.27220159e+00 -7.98948327e-05  9.60040877e-01  1.57093148e+00]","[ 0.00000000e+00 -1.43691855e-01  8.28359113e-02 -1.64592527e-01
 -6.42831993e-02  0.00000000e+00 -1.03407258e-04  0.00000000e+00]","[ 0.         -0.80285203  9.92019367 -0.68947256 -5.14721251  0.0837718
 -1.3088007  -0.07880262]"
1747093049.9561892,"[ 0.00000000e+00 -1.92008588e-02  3.00416522e-01  3.09811202e+00
 -2.27227029e+00 -7.98948327e-05  9.60040877e-01  1.57093055e+00]","[ 0.00000000e+00 -1.40450688e-01  8.56209037e-02 -1.67730529e-01
 -6.46982613e-02  0.00000000e+00 -1.03407258e-04 -1.05819570e-05]","[ 0.         -0.80406833  9.84445858 -0.69227695 -5.10899591  0.06136474
 -1.28960586 -0.09256925]"
1747093049.9579725,"[ 0.00000000e+00 -1.94836865e-02  3.00599747e-01  3.09776528e+00
 -2.27239679e+00 -7.98948327e-05  9.60040877e-01  1.57093055e+00]","[ 0.00000000e+00 -1.36790773e-01  9.13657500e-02 -1.70431507e-01
 -6.39482444e-02  0.00000000e+00 -9.54538036e-05 -1.05819570e-05]","[ 0.         -0.81054103  9.63180733 -0.66592157 -5.0513196   0.06721827
 -1.29113519 -0.09146167]"
1747093049.9591317,"[ 0.00000000e+00 -1.97489374e-02  3.00786635e-01  3.09742919e+00
 -2.27253022e+00 -7.98948327e-05  9.60040877e-01  1.57093055e+00]","[ 0.00000000e+00 -1.34508543e-01  9.56145072e-02 -1.70431507e-01
 -6.51998011e-02  0.00000000e+00 -9.55260799e-05 -1.05900569e-05]","[ 0.         -0.76676542  9.45952129 -0.66546774 -4.95647144  0.04681072
 -1.2561599  -0.08454844]"
1747093049.9615316,"[ 0.00000000e+00 -1.98916828e-02  3.00882142e-01  3.09724649e+00
 -2.27259414e+00 -7.98948327e-05  9.60040877e-01  1.57093055e+00]","[ 0.00000000e+00 -1.34411896e-01  9.69649962e-02 -1.71865337e-01
 -6.48233924e-02  0.00000000e+00 -9.53095680e-05 -1.05819570e-05]","[ 0.         -0.73412019  9.3323288  -0.65803814 -4.93935537  0.04749665
 -1.2616961  -0.08615755]"
1747093049.96321,"[ 0.00000000e+00 -2.02900917e-02  3.01176921e-01  3.09674236e+00
 -2.27277416e+00 -8.09600971e-05  9.60040877e-01  1.57093055e+00]","[ 0.00000000e+00 -1.33832608e-01  9.64247990e-02 -1.69351113e-01
 -5.82819447e-02 -1.05819570e-05 -8.49120728e-05 -1.05899522e-05]","[ 0.         -0.73890805  9.08385181 -0.62456763 -4.87346649  0.06581431
 -1.24567056 -0.08061767]"
1747093049.9650128,"[ 0.00000000e+00 -2.04232498e-02  3.01269699e-01  3.09657777e+00
 -2.27283515e+00 -8.09600971e-05  9.60040877e-01  1.57093055e+00]","[ 0.00000000e+00 -1.35048741e-01  9.38986908e-02 -1.66920246e-01
 -5.74259756e-02 -1.05819570e-05 -8.47196178e-05 -1.05820616e-05]","[ 0.         -0.73481059  9.01201153 -0.590976   -4.89049816  0.05330502
 -1.23820651 -0.08061767]"
1747093049.966867,"[ 0.00000000e+00 -2.06991533e-02  3.01460714e-01  3.09623769e+00
 -2.27294594e+00 -8.09600971e-05  9.60040877e-01  1.57093055e+00]","[ 0.00000000e+00 -1.34508543e-01  9.25335627e-02 -1.65671823e-01
 -5.64503723e-02 -1.05819570e-05 -7.41296676e-05 -1.05820616e-05]","[ 0.         -0.74355835  8.95443249 -0.59820569 -4.92749929  0.02231564
 -1.2574228  -0.08135175]"
1747093049.9680388,"[ 0.00000000e+00 -2.09686652e-02  3.01637515e-01  3.09590746e+00
 -2.27305699e+00 -8.09600971e-05  9.60040877e-01  1.57093055e+00]","[ 0.00000000e+00 -1.36129127e-01  8.88620706e-02 -1.68540829e-01
 -5.36644520e-02 -1.05900569e-05 -7.41296676e-05 -1.05819570e-05]","[ 0.         -0.75745147  9.06021023 -0.60919273 -5.06171942  0.03535808
 -1.3019675  -0.10176037]"
1747093049.969843,"[ 0.00000000e+00 -2.11140738e-02  3.01732090e-01  3.09572743e+00
 -2.27311026e+00 -8.09600971e-05  9.60040877e-01  1.57093055e+00]","[ 0.00000000e+00 -1.36919578e-01  8.90228007e-02 -1.69519475e-01
 -5.40194971e-02 -1.05899522e-05 -7.41296676e-05 -1.05819570e-05]","[ 0.         -0.75152147  9.10552025 -0.6007759  -5.14816999  0.04065908
 -1.30972421 -0.10778017]"
1747093049.9717298,"[ 0.00000000e+00 -2.13825204e-02  3.01907959e-01  3.09539506e+00
 -2.27321998e+00 -8.09600971e-05  9.60039879e-01  1.57093055e+00]","[ 0.00000000e+00 -1.36129127e-01  8.85919761e-02 -1.67190340e-01
 -5.67204709e-02 -1.05819570e-05 -8.46556558e-05 -1.05900569e-05]","[ 0.         -0.8222096   9.16534996 -0.65868413 -5.38730669  0.06376715
 -1.35014045 -0.11768378]"
1747093049.9735332,"[ 0.00000000e+00 -2.15172763e-02  3.01993846e-01  3.09521770e+00
 -2.27327830e+00 -8.09600971e-05  9.60039879e-01  1.57093055e+00]","[ 0.00000000e+00 -1.36669324e-01  8.68832670e-02 -1.67011792e-01
 -5.91513461e-02 -1.05899522e-05 -7.67771511e-05 -1.05819570e-05]","[ 0.         -0.81486827  9.25387955 -0.65284395 -5.50151348  0.0819895
 -1.37510061 -0.12870291]"
1747093049.9754338,"[ 0.00000000e+00 -2.17963756e-02  3.02170147e-01  3.09488933e+00
 -2.27340454e+00 -8.09600971e-05  9.60038947e-01  1.57093055e+00]","[ 0.00000000e+00 -1.35588930e-01  8.67012899e-02 -1.67190340e-01
 -6.23925172e-02 -1.05818513e-05 -8.47196178e-05 -1.05819570e-05]","[ 0.         -0.83618224  9.4026804  -0.67457366 -5.68775988  0.08079574
 -1.39867091 -0.11162256]"
1747093049.9771574,"[ 0.00000000e+00 -2.20632244e-02  3.02335929e-01  3.09456283e+00
 -2.27352757e+00 -8.09600971e-05  9.60038015e-01  1.57093055e+00]","[ 0.00000000e+00 -1.35451552e-01  8.29199257e-02 -1.65569757e-01
 -6.23925172e-02 -1.05819570e-05 -9.52376087e-05 -1.05819570e-05]","[ 0.         -0.8814252   9.57164097 -0.72082883 -5.77465916  0.09838752
 -1.41195953 -0.09310756]"
1747093049.979024,"[ 0.00000000e+00 -2.23433889e-02  3.02504440e-01  3.09423046e+00
 -2.27365940e+00 -8.09600971e-05  9.60038015e-01  1.57093055e+00]","[ 0.00000000e+00 -1.38289908e-01  8.25028247e-02 -1.61248196e-01
 -6.50934910e-02 -1.05819570e-05 -9.53095680e-05 -1.05820616e-05]","[ 0.         -0.96313643  9.74348927 -0.75398117 -5.8331213   0.12496319
 -1.42384243 -0.09929162]"
1747093049.9808195,"[ 0.00000000e+00 -2.26230208e-02  3.02670688e-01  3.09391142e+00
 -2.27378936e+00 -8.09600971e-05  9.60038015e-01  1.57093055e+00]","[ 0.00000000e+00 -1.43151666e-01  8.48106036e-02 -1.61518290e-01
 -6.56336883e-02 -1.05818513e-05 -9.53095680e-05 -1.05819570e-05]","[ 0.         -0.996481    9.92695332 -0.78991109 -5.78081131  0.11621453
 -1.45691645 -0.12348143]"
1747093049.9826937,"[ 0.00000000e+00 -2.29186317e-02  3.02850684e-01  3.09357027e+00
 -2.27392305e+00 -8.09600971e-05  9.60037082e-01  1.57093055e+00]","[ 0.00000000e+00 -1.44378485e-01  8.90228007e-02 -1.68000624e-01
 -6.50275403e-02 -1.05819570e-05 -1.03253051e-04 -1.05819570e-05]","[ 0.         -1.04924333 10.11005402 -0.84622037 -5.78050423  0.11034282
 -1.46918762 -0.11026829]"
1747093049.983818,"[ 0.00000000e+00 -2.30629750e-02  3.02943429e-01  3.09340116e+00
 -2.27398910e+00 -8.09600971e-05  9.60037082e-01  1.57093055e+00]","[ 0.00000000e+00 -1.46244512e-01  9.38986908e-02 -1.71511902e-01
 -6.69841731e-02 -1.05819570e-05 -1.03253051e-04 -1.05899522e-05]","[ 0.         -1.06324232 10.16554356 -0.85756433 -5.75676966  0.11925581
 -1.48311424 -0.10522068]"
1747093049.9856427,"[ 0.00000000e+00 -2.33937396e-02  3.03143199e-01  3.09304083e+00
 -2.27413238e+00 -8.09600971e-05  9.60037082e-01  1.57093055e+00]","[ 0.00000000e+00 -1.51365821e-01  9.90535387e-02 -1.77724141e-01
 -7.04659358e-02 -1.05819570e-05 -9.52376087e-05 -1.05819570e-05]","[ 0.         -1.12660956 10.28684425 -0.87248206 -5.67087698  0.11203788
 -1.48218536 -0.09915418]"
1747093049.9867945,"[ 0.00000000e+00 -2.35226366e-02  3.03243301e-01  3.09286480e+00
 -2.27420268e+00 -8.09600971e-05  9.60036084e-01  1.57093055e+00]","[ 0.00000000e+00 -1.54552759e-01  1.01556652e-01 -1.78534425e-01
 -7.13057304e-02 -1.05820616e-05 -1.05899518e-04 -1.05819570e-05]","[ 0.         -1.11279833 10.34064388 -0.86467725 -5.5822711   0.12367406
 -1.48450994 -0.11706851]"
1747093049.988524,"[ 0.00000000e+00 -2.38241065e-02  3.03449463e-01  3.09249382e+00
 -2.27434836e+00 -8.09600971e-05  9.60036084e-01  1.57093055e+00]","[ 0.00000000e+00 -1.53415373e-01  1.04797819e-01 -1.81556363e-01
 -7.45469056e-02 -1.05819570e-05 -1.05819570e-04 -1.05819570e-05]","[ 0.         -1.10237229 10.35680199 -0.85325277 -5.33027458  0.13152006
 -1.47318804 -0.10931183]"
1747093049.9903517,"[ 0.00000000e+00 -2.41330332e-02  3.03668974e-01  3.09213562e+00
 -2.27450815e+00 -8.09600971e-05  9.60036084e-01  1.57093055e+00]","[ 0.00000000e+00 -1.50461078e-01  1.09084277e-01 -1.80695214e-01
 -7.82397613e-02 -1.05819570e-05 -1.05899518e-04 -1.05820616e-05]","[ 0.         -1.08495414 10.4644165  -0.81546044 -5.10240555  0.11331287
 -1.44163728 -0.10234836]"
1747093049.992113,"[ 0.00000000e+00 -2.42811049e-02  3.03777797e-01  3.09195879e+00
 -2.27458432e+00 -8.09600971e-05  9.60036084e-01  1.57093055e+00]","[ 0.00000000e+00 -1.50174189e-01  1.10469869e-01 -1.79163014e-01
 -7.72478753e-02 -1.05819570e-05 -1.05899518e-04 -1.05900569e-05]","[ 0.         -1.04798484 10.50906181 -0.76994175 -4.97840309  0.11882731
 -1.4327141  -0.09715804]"
1747093049.9938457,"[ 0.00000000e+00 -2.45953579e-02  3.04002335e-01  3.09159846e+00
 -2.27473265e+00 -8.09600971e-05  9.60036084e-01  1.57093055e+00]","[ 0.00000000e+00 -1.47433347e-01  1.15061525e-01 -1.74534856e-01
 -7.46225893e-02 -1.05899522e-05 -1.05819570e-04 -1.05819570e-05]","[ 0.         -1.04975939 10.55301666 -0.75114822 -4.74369335  0.0914344
 -1.38556361 -0.11211216]"
1747093049.9950695,"[ 0.00000000e+00 -2.47492886e-02  3.04245715e-01  3.09125811e+00
 -2.27488046e+00 -8.09600971e-05  9.60036084e-01  1.57093055e+00]","[ 0.00000000e+00 -1.44944174e-01  1.19383087e-01 -1.71781996e-01
 -7.06938358e-02 -1.05819570e-05 -1.05899518e-04 -1.05899522e-05]","[ 0.         -1.0337379  10.53499317 -0.72541595 -4.59600353  0.10711785
 -1.37806606 -0.11136127]"
1747093049.997379,"[ 0.00000000e+00 -2.50134742e-02  3.04365557e-01  3.09108767e+00
 -2.27494784e+00 -8.09600971e-05  9.60036084e-01  1.57093055e+00]","[ 0.00000000e+00 -1.45437291e-01  1.21420713e-01 -1.72862391e-01
 -6.83346621e-02 -1.05819570e-05 -1.05819570e-04 -1.05820616e-05]","[ 0.         -1.0338738  10.46354389 -0.71835524 -4.56274939  0.11217131
 -1.37723303 -0.11007822]"
1747093049.9990928,"[ 0.00000000e+00 -2.53298578e-02  3.04610302e-01  3.09073640e+00
 -2.27507966e+00 -8.09600971e-05  9.60036084e-01  1.57093055e+00]","[ 0.00000000e+00 -1.43941094e-01  1.24785034e-01 -1.72687238e-01
 -6.34444201e-02 -1.05819570e-05 -1.05819570e-04 -1.05820616e-05]","[ 0.         -1.05210173 10.40650082 -0.72540444 -4.64621162  0.108239
 -1.38997948 -0.10250103]"
1747093050.0009155,"[ 0.00000000e+00 -2.56142834e-02  3.04871591e-01  3.09039258e+00
 -2.27520137e+00 -8.09600971e-05  9.60035152e-01  1.57092948e+00]","[ 0.00000000e+00 -1.45312439e-01  1.29106596e-01 -1.75023163e-01
 -6.09801805e-02 -1.05820616e-05 -1.13756038e-04 -2.11639139e-05]","[ 0.         -1.07438612 10.46554089 -0.72247398 -4.85452414  0.10553855
 -1.40337539 -0.11892337]"
1747093050.0027685,"[ 0.00000000e+00 -2.59152206e-02  3.05129651e-01  3.09003439e+00
 -2.27532228e+00 -8.09600971e-05  9.60035152e-01  1.57092948e+00]","[ 0.00000000e+00 -1.47313139e-01  1.32347763e-01 -1.74753069e-01
 -5.79275154e-02 -1.05819570e-05 -1.13756038e-04 -2.11639139e-05]","[ 0.         -1.06397641 10.51756382 -0.72442836 -5.09820318  0.10577831
 -1.42445374 -0.1105792 ]"
1747093050.0045843,"[ 0.00000000e+00 -2.62102988e-02  3.05407918e-01  3.08969137e+00
 -2.27543466e+00 -8.09600971e-05  9.60034220e-01  1.57092948e+00]","[ 0.00000000e+00 -1.49634000e-01  1.36399221e-01 -1.73402580e-01
 -5.72606640e-02 -1.05819570e-05 -1.13841985e-04 -2.11641232e-05]","[ 0.         -1.07110667 10.62180138 -0.78364646 -5.32380152  0.10355578
 -1.49728203 -0.09906973]"
1747093050.0063396,"[ 0.00000000e+00 -2.63578379e-02  3.05547035e-01  3.08950628e+00
 -2.27549751e+00 -8.09600971e-05  9.60033221e-01  1.57092948e+00]","[ 0.00000000e+00 -1.49634000e-01  1.40990877e-01 -1.74284086e-01
 -5.91813566e-02 -1.05820616e-05 -1.21692507e-04 -2.11639139e-05]","[ 0.         -1.06493294 10.67571259 -0.77977878 -5.41672468  0.12119508
 -1.52436745 -0.10032751]"
1747093050.007602,"[ 0.00000000e+00 -2.66651667e-02  3.05840016e-01  3.08916433e+00
 -2.27561602e+00 -8.09600971e-05  9.60032289e-01  1.57092948e+00]","[ 0.00000000e+00 -1.50022039e-01  1.43439554e-01 -1.74212880e-01
 -6.04405325e-02 -1.05819570e-05 -1.32375710e-04 -2.12119566e-05]","[ 0.         -1.10781014 10.67337799 -0.81632417 -5.65643692  0.11306888
 -1.54416525 -0.10974383]"
1747093050.0100493,"[ 0.00000000e+00 -2.69687671e-02  3.06129768e-01  3.08880880e+00
 -2.27574039e+00 -8.09600971e-05  9.60032289e-01  1.57092948e+00]","[ 0.00000000e+00 -1.54652611e-01  1.47743322e-01 -1.73368525e-01
 -6.09367377e-02 -1.05819570e-05 -1.32274460e-04 -2.11959173e-05]","[ 0.         -1.08756208 10.71839046 -0.81609291 -5.79414988  0.13531671
 -1.59586906 -0.10429385]"
1747093050.0119202,"[ 0.00000000e+00 -2.71195020e-02  3.06428675e-01  3.08846579e+00
 -2.27586583e+00 -8.09600971e-05  9.60031357e-01  1.57092948e+00]","[ 0.00000000e+00 -1.52720271e-01  1.52875167e-01 -1.75563352e-01
 -6.48233924e-02 -1.05819570e-05 -1.32374402e-04 -2.12117453e-05]","[ 0.         -1.10604572 10.61332512 -0.83285224 -5.88252163  0.13497308
 -1.59326065 -0.11119037]"
1747093050.0137975,"[ 0.00000000e+00 -2.74337550e-02  3.06744625e-01  3.08811505e+00
 -2.27600138e+00 -8.09600971e-05  9.60031357e-01  1.57092948e+00]","[ 0.00000000e+00 -1.52875167e-01  1.55035956e-01 -1.80155025e-01
 -6.62028724e-02 -1.05899522e-05 -1.32275769e-04 -2.11959173e-05]","[ 0.         -1.1713618  10.51494503 -0.84803802 -5.91342688  0.15001826
 -1.60218251 -0.13147157]"
1747093050.0156705,"[ 0.00000000e+00 -2.77522691e-02  3.07061442e-01  3.08774300e+00
 -2.27613028e+00 -8.09600971e-05  9.60030425e-01  1.57092948e+00]","[ 0.00000000e+00 -1.55622983e-01  1.55727213e-01 -1.82045703e-01
 -6.56336883e-02 -1.05819570e-05 -1.42964352e-04 -2.12119566e-05]","[ 0.         -1.17803538 10.46014881 -0.83326536 -5.82849169  0.16076861
 -1.60611796 -0.12650427]"
1747093050.0175118,"[ 0.00000000e+00 -2.79088630e-02  3.07215273e-01  3.08756484e+00
 -2.27619473e+00 -8.09600971e-05  9.60030425e-01  1.57092948e+00]","[ 0.00000000e+00 -1.58656407e-01  1.56116334e-01 -1.80512138e-01
 -6.53635897e-02 -1.05819570e-05 -1.32274460e-04 -2.11957060e-05]","[ 0.         -1.13363254 10.34269238 -0.84483552 -5.75532389  0.14634743
 -1.59312916 -0.11150316]"
1747093050.0193033,"[ 0.00000000e+00 -2.82193875e-02  3.07524765e-01  3.08719972e+00
 -2.27632975e+00 -8.09600971e-05  9.60030425e-01  1.57092948e+00]","[ 0.00000000e+00 -1.57196729e-01  1.56926634e-01 -1.77994236e-01
 -6.61068321e-02 -1.05820616e-05 -1.32274460e-04 -2.11959173e-05]","[ 0.         -1.12934053 10.26655197 -0.82402068 -5.57020712  0.12460904
 -1.56540847 -0.1109305 ]"
1747093050.0204885,"[ 0.00000000e+00 -2.85442932e-02  3.07845743e-01  3.08685084e+00
 -2.27645865e+00 -8.09600971e-05  9.60030425e-01  1.57092948e+00]","[ 0.00000000e+00 -1.58817312e-01  1.56332316e-01 -1.76643747e-01
 -6.50275403e-02 -1.05820616e-05 -1.32374402e-04 -2.11959173e-05]","[ 0.         -1.10198271 10.15342712 -0.81261879 -5.34401178  0.09540854
 -1.51776624 -0.11784615]"
1747093050.022377,"[ 0.00000000e+00 -2.88585462e-02  3.08154769e-01  3.08649638e+00
 -2.27659314e+00 -8.09600971e-05  9.60030425e-01  1.57092948e+00]","[ 0.00000000e+00 -1.59196047e-01  1.57466823e-01 -1.71865337e-01
 -6.64439800e-02 -1.05819570e-05 -1.32274460e-04 -2.11959173e-05]","[ 0.         -1.0944804  10.08597851 -0.79501784 -5.13944435  0.09818889
 -1.49676669 -0.10934522]"
1747093050.0239272,"[ 0.00000000e+00 -2.91834519e-02  3.08482638e-01  3.08616561e+00
 -2.27672949e+00 -8.09600971e-05  9.60030425e-01  1.57092948e+00]","[ 0.00000000e+00 -1.58277123e-01  1.61244118e-01 -1.66920246e-01
 -6.91449538e-02 -1.05820616e-05 -1.32374402e-04 -2.11959173e-05]","[ 0.         -1.06663191  9.98719311 -0.80069369 -4.88230371  0.11613682
 -1.45397174 -0.11108948]"
1747093050.0256932,"[ 0.00000000e+00 -2.93400457e-02  3.08642893e-01  3.08600183e+00
 -2.27680273e+00 -8.09600971e-05  9.60030425e-01  1.57092948e+00]","[ 0.00000000e+00 -1.58817312e-01  1.62598684e-01 -1.66109946e-01
 -6.89613247e-02 -1.05900569e-05 -1.32275769e-04 -2.11959173e-05]","[ 0.         -1.10056221  9.99676228 -0.74971074 -4.80301571  0.10748867
 -1.43825352 -0.10369923]"
1747093050.0275085,"[ 0.00000000e+00 -2.96500377e-02  3.08968465e-01  3.08565748e+00
 -2.27693935e+00 -8.09600971e-05  9.60030425e-01  1.57092948e+00]","[ 0.00000000e+00 -1.56656540e-01  1.66211462e-01 -1.68000624e-01
 -6.94150525e-02 -1.05819570e-05 -1.32374402e-04 -2.12119566e-05]","[ 0.         -1.1292932   9.91305733 -0.70524573 -4.60495043  0.12583204
 -1.41851318 -0.11343768]"
1747093050.0293148,"[ 0.00000000e+00 -2.98151537e-02  3.09144799e-01  3.08548970e+00
 -2.27700886e+00 -8.09600971e-05  9.60030425e-01  1.57092948e+00]","[ 0.00000000e+00 -1.55330186e-01  1.66008712e-01 -1.70161413e-01
 -7.04954387e-02 -1.05819570e-05 -1.32374402e-04 -2.12119566e-05]","[ 0.         -1.12866962  9.84026241 -0.73929942 -4.53093386  0.13264741
 -1.39617205 -0.10832056]"
1747093050.0312061,"[ 0.00000000e+00 -3.01230151e-02  3.09475398e-01  3.08513950e+00
 -2.27715160e+00 -8.09600971e-05  9.60030425e-01  1.57092948e+00]","[ 0.00000000e+00 -1.57196729e-01  1.67730529e-01 -1.71781996e-01
 -6.92120946e-02 -1.05820616e-05 -1.32274460e-04 -2.11959173e-05]","[ 0.         -1.15711308  9.82583904 -0.75009841 -4.40375328  0.12272088
 -1.36346412 -0.11041844]"
1747093050.03311,"[ 0.00000000e+00 -3.04468555e-02  3.09822108e-01  3.08479861e+00
 -2.27728236e+00 -8.09600971e-05  9.60030425e-01  1.57092948e+00]","[ 0.00000000e+00 -1.58485665e-01  1.69519475e-01 -1.73942769e-01
 -6.55671883e-02 -1.05820616e-05 -1.32374402e-04 -2.12119566e-05]","[ 0.         -1.16322958  9.83382034 -0.73347044 -4.33216381  0.10605142
 -1.36057389 -0.10699493]"
1747093050.0349388,"[ 0.00000000e+00 -3.07621738e-02  3.10154104e-01  3.08443829e+00
 -2.27741339e+00 -8.09600971e-05  9.60030425e-01  1.57092855e+00]","[ 0.00000000e+00 -1.59735703e-01  1.67730529e-01 -1.76913841e-01
 -6.39459557e-02 -1.05819570e-05 -1.32274460e-04 -2.91664395e-05]","[ 0.         -1.17804968  9.86903763 -0.73994136 -4.34605837  0.11034691
 -1.36572182 -0.09666111]"
1747093050.0368166,"[ 0.00000000e+00 -3.10934710e-02  3.10479209e-01  3.08409101e+00
 -2.27753590e+00 -8.09600971e-05  9.60030425e-01  1.57092855e+00]","[ 0.00000000e+00 -1.62999507e-01  1.64489362e-01 -1.75385486e-01
 -6.18523200e-02 -1.05819570e-05 -1.21784452e-04 -2.91667301e-05]","[ 0.         -1.17697382  9.98783112 -0.72370791 -4.44800568  0.12531421
 -1.38801169 -0.11159002]"
1747093050.038578,"[ 0.00000000e+00 -3.14215724e-02  3.10819928e-01  3.08373202e+00
 -2.27766186e+00 -8.09600971e-05  9.60030425e-01  1.57092855e+00]","[ 0.00000000e+00 -1.67460435e-01  1.67020947e-01 -1.74785609e-01
 -6.18815398e-02 -1.05900569e-05 -1.21693710e-04 -2.91664395e-05]","[ 0.         -1.13798153 10.07035542 -0.67500472 -4.64995909  0.13979927
 -1.4393034  -0.10866439]"
1747093050.0404499,"[ 0.00000000e+00 -3.15861558e-02  3.10986142e-01  3.08355971e+00
 -2.27772471e+00 -8.09600971e-05  9.60030425e-01  1.57092855e+00]","[ 0.00000000e+00 -1.66920246e-01  1.68540829e-01 -1.74753069e-01
 -6.38077210e-02 -1.05819570e-05 -1.21693710e-04 -2.91664395e-05]","[ 0.         -1.14041686 10.11100483 -0.67253512 -4.75621414  0.11841408
 -1.45701313 -0.10196741]"
1747093050.04223,"[ 0.00000000e+00 -3.19265078e-02  3.11333285e-01  3.08321536e+00
 -2.27785787e+00 -8.09600971e-05  9.60029426e-01  1.57092855e+00]","[ 0.00000000e+00 -1.65839851e-01  1.69519475e-01 -1.75115658e-01
 -6.51998011e-02 -1.05819570e-05 -1.32274460e-04 -2.91443860e-05]","[ 0.         -1.14720809 10.27217674 -0.62332857 -4.95024824  0.13413291
 -1.50185311 -0.08037935]"
1747093050.0439942,"[ 0.00000000e+00 -3.22540766e-02  3.11672639e-01  3.08285903e+00
 -2.27798411e+00 -8.09600971e-05  9.60029426e-01  1.57092855e+00]","[ 0.00000000e+00 -1.65299662e-01  1.72322185e-01 -1.73782546e-01
 -6.36784204e-02 -1.05819570e-05 -1.21692507e-04 -2.91664395e-05]","[ 0.         -1.08025789 10.32434845 -0.63237733 -5.17804861  0.12892875
 -1.49416733 -0.09178017]"
1747093050.045775,"[ 0.00000000e+00 -3.25901675e-02  3.12016120e-01  3.08251522e+00
 -2.27811034e+00 -8.09600971e-05  9.60029426e-01  1.57092855e+00]","[ 0.00000000e+00 -1.63679062e-01  1.74753069e-01 -1.75023163e-01
 -6.42831993e-02 -1.05819570e-05 -1.21693710e-04 -2.91664395e-05]","[ 0.         -1.07245207 10.39233398 -0.61470222 -5.28274155  0.14242408
 -1.51944697 -0.08030213]"
1747093050.0469487,"[ 0.00000000e+00 -3.29113448e-02  3.12375647e-01  3.08217220e+00
 -2.27824137e+00 -8.09600971e-05  9.60028494e-01  1.57092855e+00]","[ 0.00000000e+00 -1.62433935e-01  1.75563352e-01 -1.73132485e-01
 -6.40131007e-02 -1.05819570e-05 -1.32274460e-04 -2.91664395e-05]","[ 0.         -1.0640192  10.46456337 -0.57495499 -5.3744936   0.14246139
 -1.53522193 -0.07557535]"
1747093050.048585,"[ 0.00000000e+00 -3.30711344e-02  3.12547853e-01  3.08198978e+00
 -2.27830289e+00 -8.09600971e-05  9.60028494e-01  1.57092855e+00]","[ 0.00000000e+00 -1.62058479e-01  1.74753069e-01 -1.71614800e-01
 -6.23925172e-02 -1.05819570e-05 -1.21784452e-04 -2.91664395e-05]","[ 0.         -1.00547397 10.49660683 -0.58111304 -5.37909079  0.14283548
 -1.57955408 -0.07592251]"
1747093050.0504766,"[ 0.00000000e+00 -3.34050948e-02  3.12906947e-01  3.08165422e+00
 -2.27842779e+00 -8.09600971e-05  9.60028494e-01  1.57092855e+00]","[ 0.00000000e+00 -1.63138873e-01  1.75563352e-01 -1.69891318e-01
 -6.08794131e-02 -1.05819570e-05 -1.21692507e-04 -2.91443860e-05]","[ 0.         -0.9725759  10.56245613 -0.5657928  -5.42105436  0.14378662
 -1.59577239 -0.09509084]"
1747093050.0522065,"[ 0.00000000e+00 -3.35670150e-02  3.13082350e-01  3.08148884e+00
 -2.27848824e+00 -8.09600971e-05  9.60027562e-01  1.57092855e+00]","[ 0.00000000e+00 -1.64219268e-01  1.77813890e-01 -1.67730529e-01
 -6.13121269e-02 -1.05820616e-05 -1.32275769e-04 -2.91664395e-05]","[ 0.         -0.9887594  10.59502316 -0.57234854 -5.43893719  0.12399653
 -1.59933877 -0.1023022 ]"
1747093050.0541167,"[ 0.00000000e+00 -3.39084323e-02  3.13439613e-01  3.08114769e+00
 -2.27860995e+00 -8.09600971e-05  9.60027562e-01  1.57092855e+00]","[ 0.00000000e+00 -1.67355739e-01  1.82585892e-01 -1.64592527e-01
 -6.13121269e-02 -1.05819570e-05 -1.32274460e-04 -2.91443860e-05]","[ 0.         -1.00143337 10.62855148 -0.61106008 -5.43827724  0.11509379
 -1.5926584  -0.09978442]"
1747093050.0559762,"[ 0.00000000e+00 -3.42365337e-02  3.13821643e-01  3.08082491e+00
 -2.27873112e+00 -8.09600971e-05  9.60027562e-01  1.57092855e+00]","[ 0.00000000e+00 -1.66380040e-01  1.88257942e-01 -1.62598684e-01
 -5.86798210e-02 -1.05820616e-05 -1.32275769e-04 -2.11957060e-05]","[ 0.         -1.00862491 10.61588383 -0.6023196  -5.35679436  0.11785275
 -1.59606147 -0.11569815]"
1747093050.057797,"[ 0.00000000e+00 -3.45758204e-02  3.14201410e-01  3.08048882e+00
 -2.27884644e+00 -8.09600971e-05  9.60027562e-01  1.57092855e+00]","[ 0.00000000e+00 -1.66008712e-01  1.94740276e-01 -1.64759457e-01
 -5.80121207e-02 -1.05820616e-05 -1.32275769e-04 -2.11959173e-05]","[ 0.         -1.05527353 10.60157681 -0.62365144 -5.2417593   0.10810474
 -1.56421196 -0.10918323]"
1747093050.0596597,"[ 0.00000000e+00 -3.49044545e-02  3.14603647e-01  3.08014208e+00
 -2.27896442e+00 -8.09600971e-05  9.60026563e-01  1.57092855e+00]","[ 0.00000000e+00 -1.66211462e-01  1.97022821e-01 -1.71274864e-01
 -5.69244400e-02 -1.05819570e-05 -1.42856421e-04 -2.11959173e-05]","[ 0.         -1.06593072 10.56267738 -0.60963529 -5.10085249  0.12991486
 -1.56191599 -0.09106328]"
1747093050.0619,"[ 0.00000000e+00 -3.50663747e-02  3.14827719e-01  3.07997030e+00
 -2.27901874e+00 -8.09600971e-05  9.60026563e-01  1.57092762e+00]","[ 0.00000000e+00 -1.64385982e-01  1.96984905e-01 -1.74036362e-01
 -5.50998833e-02 -1.05819570e-05 -1.42856421e-04 -2.91664395e-05]","[ 0.         -1.06095707 10.51198673 -0.64679968 -5.039186    0.12574542
 -1.55754447 -0.0983631 ]"
1747093050.0626137,"[ 0.00000000e+00 -3.54045962e-02  3.15234583e-01  3.07962196e+00
 -2.27912021e+00 -8.09600971e-05  9.60026563e-01  1.57092762e+00]","[ 0.00000000e+00 -1.65299662e-01  1.99360927e-01 -1.76913841e-01
 -5.02891367e-02 -1.05820616e-05 -1.43072445e-04 -2.91443860e-05]","[ 0.         -1.06585968 10.4961853  -0.65644264 -4.90719271  0.12439688
 -1.5479449  -0.10723734]"
1747093050.0644386,"[ 0.00000000e+00 -3.57348281e-02  3.15626734e-01  3.07922914e+00
 -2.27921981e+00 -8.09600971e-05  9.60026563e-01  1.57092762e+00]","[ 0.00000000e+00 -1.68540829e-01  1.98791743e-01 -1.79006536e-01
 -4.83474467e-02  0.00000000e+00 -1.42856421e-04 -2.91664395e-05]","[ 0.         -1.03870428 10.51113224 -0.62001252 -4.77468491  0.11518707
 -1.52774584 -0.10552514]"
1747093050.0662634,"[ 0.00000000e+00 -3.59148578e-02  3.15822809e-01  3.07905018e+00
 -2.27926615e+00 -8.09600971e-05  9.60026563e-01  1.57092762e+00]","[ 0.00000000e+00 -1.69519475e-01  1.98791743e-01 -1.81505497e-01
 -4.69969619e-02  0.00000000e+00 -1.43180701e-04 -2.91443860e-05]","[ 0.         -1.06000078 10.52555847 -0.61433369 -4.74236631  0.09662179
 -1.52118599 -0.10150462]"
1747093050.0674777,"[ 0.00000000e+00 -3.62509488e-02  3.16236065e-01  3.07868373e+00
 -2.27935936e+00 -8.09600971e-05  9.60026563e-01  1.57092762e+00]","[ 0.00000000e+00 -1.71241807e-01  2.02032910e-01 -1.78547141e-01
 -4.46367853e-02  0.00000000e+00 -1.43072445e-04 -2.91443860e-05]","[ 0.         -1.02989328 10.51864433 -0.58944428 -4.73074913  0.09721505
 -1.517331   -0.1018609 ]"
1747093050.0699503,"[ 0.00000000e+00 -3.66040839e-02  3.16638768e-01  3.07833965e+00
 -2.27944112e+00 -8.09600971e-05  9.60026563e-01  1.57092762e+00]","[ 0.00000000e+00 -1.72528697e-01  2.04463793e-01 -1.73942769e-01
 -4.05146197e-02  0.00000000e+00 -1.43180701e-04 -2.91664395e-05]","[ 0.         -1.00785327 10.51873016 -0.5593375  -4.77603436  0.1081241
 -1.51494622 -0.10944735]"
1747093050.0718539,"[ 0.00000000e+00 -3.69444359e-02  3.17058482e-01  3.07798705e+00
 -2.27952235e+00 -8.09600971e-05  9.60026563e-01  1.57092762e+00]","[ 0.00000000e+00 -1.72687238e-01  2.04256633e-01 -1.73030237e-01
 -3.93706464e-02  0.00000000e+00 -1.32474482e-04 -2.91443860e-05]","[ 0.         -0.96375263 10.52821255 -0.56618166 -4.84962654  0.10686039
 -1.52150333 -0.11466412]"
1747093050.0737586,"[ 0.00000000e+00 -3.72922447e-02  3.17462551e-01  3.07764589e+00
 -2.27960144e+00 -8.09600971e-05  9.60026563e-01  1.57092762e+00]","[ 0.00000000e+00 -1.68014872e-01  2.05274077e-01 -1.73402580e-01
 -4.05146197e-02  0.00000000e+00 -1.32574732e-04 -2.91664395e-05]","[ 0.         -0.95873535 10.58016109 -0.53830338 -4.9779501   0.12449617
 -1.53805315 -0.09092964]"
1747093050.075602,"[ 0.00000000e+00 -3.76198136e-02  3.17887757e-01  3.07729063e+00
 -2.27968720e+00 -8.09600971e-05  9.60025631e-01  1.57092762e+00]","[ 0.00000000e+00 -1.65299662e-01  2.08245149e-01 -1.72616931e-01
 -4.23798686e-02  0.00000000e+00 -1.32474482e-04 -2.91443860e-05]","[ 0.         -0.92505616 10.61221123 -0.51043355 -5.07305861  0.10923312
 -1.55603838 -0.09143884]"
1747093050.0773988,"[ 0.00000000e+00 -3.77806685e-02  3.17887757e-01  3.07729063e+00
 -2.27972954e+00 -8.09600971e-05  9.60025631e-01  1.57092762e+00]","[ 0.00000000e+00 -1.63138873e-01  2.08245149e-01 -1.72616931e-01
 -4.29019855e-02  0.00000000e+00 -1.32474482e-04 -2.91664395e-05]","[ 0.         -0.91247094 10.61221123 -0.51043355 -5.0818162   0.11576188
 -1.56800175 -0.0952125 ]"
1747093050.0786006,"[ 0.00000000e+00 -3.81162268e-02  3.18299216e-01  3.07694895e+00
 -2.27981263e+00 -8.09600971e-05  9.60025631e-01  1.57092762e+00]","[ 0.00000000e+00 -1.63347233e-01  2.09383284e-01 -1.72592280e-01
 -4.24053018e-02  0.00000000e+00 -1.21968747e-04 -2.91443860e-05]","[ 0.         -0.90637404 10.70707512 -0.5121935  -5.09684706  0.11089833
 -1.56787598 -0.10343342]"
1747093050.081098,"[ 0.00000000e+00 -3.84374040e-02  3.18734043e-01  3.07659634e+00
 -2.27990824e+00 -8.09600971e-05  9.60025631e-01  1.57092762e+00]","[ 0.00000000e+00 -1.62598684e-01  2.14187294e-01 -1.71241807e-01
 -4.42959881e-02  0.00000000e+00 -1.21876526e-04 -2.91664395e-05]","[ 0.         -0.90290183 10.70150661 -0.51319987 -5.12601614  0.10887118
 -1.5807724  -0.10004685]"
1747093050.082256,"[ 0.00000000e+00 -3.87543202e-02  3.19161115e-01  3.07625999e+00
 -2.28000039e+00 -8.09600971e-05  9.60025631e-01  1.57092762e+00]","[ 0.00000000e+00 -1.61518290e-01  2.16618177e-01 -1.69081018e-01
 -4.75371550e-02  0.00000000e+00 -1.13928053e-04 -2.91003827e-05]","[ 0.         -0.90718555 10.64145851 -0.51309574 -5.10012817  0.12289889
 -1.58974612 -0.09235448]"
1747093050.0846934,"[ 0.00000000e+00 -3.89252951e-02  3.19391611e-01  3.07609514e+00
 -2.28005285e+00 -8.09600971e-05  9.60025631e-01  1.57092762e+00]","[ 0.00000000e+00 -1.60993348e-01  2.17165490e-01 -1.67190340e-01
 -4.93549122e-02  0.00000000e+00 -1.13926924e-04 -2.91003827e-05]","[ 0.         -0.91977215 10.64627838 -0.53913873 -5.05998421  0.11905695
 -1.58901238 -0.0986134 ]"
1747093050.0864537,"[ 0.00000000e+00 -3.92470050e-02  3.19821412e-01  3.07575638e+00
 -2.28015006e+00 -8.09600971e-05  9.60025631e-01  1.57092762e+00]","[ 0.00000000e+00 -1.62598684e-01  2.18778950e-01 -1.65299662e-01
 -4.88876440e-02  0.00000000e+00 -1.14014268e-04 -2.91226556e-05]","[ 0.         -0.92255217 10.53248215 -0.51491213 -4.96647024  0.10001108
 -1.54317296 -0.10339168]"
1747093050.0882022,"[ 0.00000000e+00 -3.95756391e-02  3.20267292e-01  3.07542855e+00
 -2.28024939e+00 -8.09600971e-05  9.60025631e-01  1.57092762e+00]","[ 0.00000000e+00 -1.59990285e-01  2.17416260e-01 -1.66650135e-01
 -4.83983131e-02  0.00000000e+00 -1.03330098e-04 -2.91006692e-05]","[ 0.         -0.94463605 10.46326733 -0.53865182 -4.81768751  0.10853016
 -1.5124011  -0.08786841]"
1747093050.090478,"[ 0.00000000e+00 -4.00438228e-02  3.20909247e-01  3.07491615e+00
 -2.28039427e+00 -8.09600971e-05  9.60025631e-01  1.57092762e+00]","[ 0.00000000e+00 -1.58277123e-01  2.16938339e-01 -1.70701602e-01
 -4.89372745e-02  0.00000000e+00 -1.03331130e-04 -2.91003827e-05]","[ 0.         -0.98686254 10.2524519  -0.59022468 -4.59821892  0.11033186
 -1.48308146 -0.09715481]"
1747093050.0927525,"[ 0.00000000e+00 -4.03650000e-02  3.21354661e-01  3.07455823e+00
 -2.28049041e+00 -8.09600971e-05  9.60025631e-01  1.57092669e+00]","[ 0.00000000e+00 -1.56479523e-01  2.17428461e-01 -1.76039459e-01
 -4.61866702e-02  0.00000000e+00 -1.03408291e-04 -3.70651995e-05]","[ 0.         -0.99768388 10.15098763 -0.61350971 -4.45865011  0.09054431
 -1.45554733 -0.09178573]"
1747093050.0938363,"[ 0.00000000e+00 -4.05199960e-02  3.21568646e-01  3.07438565e+00
 -2.28053302e+00 -8.09600971e-05  9.60025631e-01  1.57092669e+00]","[ 0.00000000e+00 -1.57196729e-01  2.17158366e-01 -1.74845830e-01
 -4.32155977e-02  0.00000000e+00 -1.03408291e-04 -3.70372172e-05]","[ 0.         -1.02834332 10.14374161 -0.62654203 -4.42703772  0.09542568
 -1.44446957 -0.080619  ]"
1747093050.0955591,"[ 0.00000000e+00 -4.08278574e-02  3.22014958e-01  3.07404131e+00
 -2.28061265e+00 -8.09600971e-05  9.60025631e-01  1.57092669e+00]","[ 0.00000000e+00 -1.56116334e-01  2.18419323e-01 -1.73496706e-01
 -3.78660394e-02  0.00000000e+00 -1.03330098e-04 -3.70372172e-05]","[ 0.         -1.03225076 10.12631702 -0.62205631 -4.40926123  0.11770321
 -1.43515944 -0.08881506]"
1747093050.0972087,"[ 0.00000000e+00 -4.11469041e-02  3.22446590e-01  3.07369057e+00
 -2.28068189e+00 -8.09600971e-05  9.60025631e-01  1.57092669e+00]","[ 0.00000000e+00 -1.55576145e-01  2.18287463e-01 -1.70773324e-01
 -3.45724769e-02  0.00000000e+00 -1.03408291e-04 -3.70648338e-05]","[ 0.         -1.04173243 10.10209942 -0.60768771 -4.4647336   0.14902021
 -1.43211102 -0.0850648 ]"
1747093050.0989573,"[ 0.00000000e+00 -4.14537003e-02  3.22895233e-01  3.07335847e+00
 -2.28071491e+00 -8.09600971e-05  9.60025631e-01  1.57092669e+00]","[ 0.00000000e+00 -1.55576145e-01  2.19171633e-01 -1.67560586e-01
 -3.34920866e-02  0.00000000e+00 -1.03330098e-04 -2.64548924e-05]","[ 0.         -1.01353979 10.09522915 -0.65439957 -4.53130865  0.14666969
 -1.44062996 -0.09079497]"
1747093050.1006095,"[ 0.00000000e+00 -4.16193489e-02  3.23111515e-01  3.07318457e+00
 -2.28074980e+00 -8.09600971e-05  9.60024699e-01  1.57092669e+00]","[ 0.00000000e+00 -1.55977983e-01  2.19319155e-01 -1.63751800e-01
 -3.28506684e-02  0.00000000e+00 -1.03408291e-04 -2.64748795e-05]","[ 0.         -1.03506911 10.09395218 -0.68878663 -4.60100412  0.15850228
 -1.47178435 -0.08817451]"
1747093050.1024473,"[ 0.00000000e+00 -4.19234819e-02  3.23542248e-01  3.07286712e+00
 -2.28081185e+00 -8.09600971e-05  9.60024699e-01  1.57092669e+00]","[ 0.00000000e+00 -1.52720271e-01  2.17428461e-01 -1.59897707e-01
 -3.07599142e-02  0.00000000e+00 -1.03408291e-04 -2.64748795e-05]","[ 0.         -1.02066731 10.21575356 -0.72037101 -4.73406744  0.15999776
 -1.49652684 -0.09004557]"
1747093050.1035287,"[ 0.00000000e+00 -4.20736842e-02  3.23756199e-01  3.07270919e+00
 -2.28084115e+00 -8.09600971e-05  9.60024699e-01  1.57092669e+00]","[ 0.00000000e+00 -1.52489641e-01  2.16888272e-01 -1.60167801e-01
 -2.97107224e-02  0.00000000e+00 -9.53816248e-05 -2.64548924e-05]","[ 0.         -1.0384084  10.29179001 -0.70705134 -4.81270838  0.16590205
 -1.51345003 -0.07208477]"
1747093050.1053271,"[ 0.00000000e+00 -4.23820782e-02  3.24202545e-01  3.07237949e+00
 -2.28089947e+00 -8.09600971e-05  9.60024699e-01  1.57092669e+00]","[ 0.00000000e+00 -1.50714395e-01  2.18557292e-01 -1.62247197e-01
 -2.78200403e-02  0.00000000e+00 -8.48478263e-05 -2.64748795e-05]","[ 0.         -1.07306194 10.41087151 -0.70798177 -4.92635965  0.15160447
 -1.54125822 -0.05998612]"
1747093050.1070433,"[ 0.00000000e+00 -4.25301500e-02  3.24418361e-01  3.07221864e+00
 -2.28092663e+00 -8.09600971e-05  9.60024699e-01  1.57092669e+00]","[ 0.00000000e+00 -1.50174189e-01  2.18778950e-01 -1.63138873e-01
 -2.75499417e-02  0.00000000e+00 -8.48478263e-05 -2.64748795e-05]","[ 0.         -1.07516909 10.43044186 -0.73453116 -4.97186804  0.14353183
 -1.54558933 -0.0613753 ]"
1747093050.108226,"[ 0.00000000e+00 -4.28337503e-02  3.24867903e-01  3.07188122e+00
 -2.28098256e+00 -8.09600971e-05  9.60023767e-01  1.57092669e+00]","[ 0.00000000e+00 -1.47814212e-01  2.19673173e-01 -1.65256419e-01
 -2.83602355e-02  0.00000000e+00 -8.48469811e-05 -2.64548924e-05]","[ 0.         -1.10518932 10.52510643 -0.7428596  -5.08747196  0.1645278
 -1.57342625 -0.07545769]"
1747093050.110843,"[ 0.00000000e+00 -4.31203065e-02  3.25303230e-01  3.07155658e+00
 -2.28104594e+00 -8.09600971e-05  9.60023767e-01  1.57092669e+00]","[ 0.00000000e+00 -1.45312439e-01  2.20669644e-01 -1.65029551e-01
 -3.16014045e-02  0.00000000e+00 -7.42418490e-05 -2.64748795e-05]","[ 0.         -1.12026668 10.61247444 -0.74726981 -5.12756872  0.18878363
 -1.57950485 -0.08702669]"
1747093050.1134944,"[ 0.00000000e+00 -4.34196458e-02  3.25758297e-01  3.07121463e+00
 -2.28111572e+00 -8.09600971e-05  9.60023767e-01  1.57092669e+00]","[ 0.00000000e+00 -1.46448776e-01  2.22180855e-01 -1.68014872e-01
 -3.46060473e-02  0.00000000e+00 -7.42418490e-05 -2.64748795e-05]","[ 0.         -1.13443875 10.69502926 -0.72418302 -5.06592894  0.18127398
 -1.57719159 -0.08881862]"
1747093050.1157713,"[ 0.00000000e+00 -4.38569368e-02  3.26412170e-01  3.07071449e+00
 -2.28121718e+00 -8.09600971e-05  9.60023767e-01  1.57092669e+00]","[ 0.00000000e+00 -1.48013417e-01  2.22560322e-01 -1.68540829e-01
 -3.34920866e-02  0.00000000e+00 -6.62372408e-05 -2.64548924e-05]","[ 0.         -1.16057611 10.85640812 -0.71323234 -4.87031269  0.19020632
 -1.55862868 -0.07268501]"
1747093050.117814,"[ 0.00000000e+00 -4.41610698e-02  3.26875493e-01  3.07037094e+00
 -2.28128110e+00 -8.09600971e-05  9.60023767e-01  1.57092669e+00]","[ 0.00000000e+00 -1.48553606e-01  2.27151978e-01 -1.68100243e-01
 -3.03429839e-02  0.00000000e+00 -6.62873661e-05 -2.64751417e-05]","[ 0.         -1.15360916 10.86595726 -0.68522221 -4.69917297  0.155901
 -1.51851285 -0.05959938]"
1747093050.119609,"[ 0.00000000e+00 -4.44566807e-02  3.27327332e-01  3.07003591e+00
 -2.28133623e+00 -8.09600971e-05  9.60023767e-01  1.57092669e+00]","[ 0.00000000e+00 -1.50174189e-01  2.30123051e-01 -1.71068302e-01
 -2.70097486e-02  0.00000000e+00 -6.62372408e-05 -2.64551545e-05]","[ 0.         -1.15518022 10.91400909 -0.66251427 -4.59059668  0.13222352
 -1.53486562 -0.05951819]"
1747093050.1214278,"[ 0.00000000e+00 -4.47629442e-02  3.27802606e-01  3.06968091e+00
 -2.28138763e+00 -8.09600971e-05  9.60023767e-01  1.57092669e+00]","[ 0.00000000e+00 -1.49482400e-01  2.32013729e-01 -1.74284086e-01
 -2.43245415e-02  0.00000000e+00 -6.62873661e-05 -2.64748795e-05]","[ 0.         -1.13154685 10.87958431 -0.59868634 -4.53831625  0.10864218
 -1.51824558 -0.07016938]"
1747093050.1232035,"[ 0.00000000e+00 -4.49099507e-02  3.28032637e-01  3.06950861e+00
 -2.28141000e+00 -8.09600971e-05  9.60023767e-01  1.57092669e+00]","[ 0.00000000e+00 -1.49093811e-01  2.33127779e-01 -1.74753069e-01
 -2.26652007e-02  0.00000000e+00 -6.62873661e-05 -2.64748795e-05]","[ 0.         -1.13578129 10.84563065 -0.57988936 -4.52270174  0.11713438
 -1.51219237 -0.08252504]"
1747093050.12502,"[ 0.00000000e+00 -4.52034311e-02  3.28507445e-01  3.06916479e+00
 -2.28145367e+00 -8.09600971e-05  9.60023767e-01  1.57092669e+00]","[ 0.00000000e+00 -1.47473228e-01  2.31710062e-01 -1.74212880e-01
 -2.05630137e-02  0.00000000e+00 -6.62372408e-05 -2.64551545e-05]","[ 0.         -1.11491954 10.89799309 -0.51968879 -4.45172834  0.13919659
 -1.5029279  -0.07579654]"
1747093050.1268337,"[ 0.00000000e+00 -4.55017051e-02  3.28964810e-01  3.06881059e+00
 -2.28149016e+00 -8.09600971e-05  9.60023767e-01  1.57092669e+00]","[ 0.00000000e+00 -1.44772250e-01  2.32824029e-01 -1.72115873e-01
 -1.78264326e-02  0.00000000e+00 -6.62873661e-05 -2.64748795e-05]","[ 0.         -1.09240019 11.01004791 -0.50139737 -4.40234137  0.13054
 -1.50594544 -0.07563703]"
1747093050.1285331,"[ 0.00000000e+00 -4.57855981e-02  3.29445577e-01  3.06847450e+00
 -2.28151945e+00 -8.09600971e-05  9.60023767e-01  1.57092669e+00]","[ 0.00000000e+00 -1.44232044e-01  2.35220807e-01 -1.69081018e-01
 -1.35287585e-02  0.00000000e+00 -6.62372408e-05 -2.64548924e-05]","[ 0.         -1.0859561  11.11014271 -0.45200056 -4.42103672  0.11546367
 -1.53115368 -0.08721212]"
1747093050.1297243,"[ 0.00000000e+00 -4.59379309e-02  3.29678837e-01  3.06830965e+00
 -2.28153037e+00 -8.09600971e-05  9.60023767e-01  1.57092669e+00]","[ 0.00000000e+00 -1.43439554e-01  2.36365667e-01 -1.67190340e-01
 -1.10739970e-02  0.00000000e+00 -6.62873661e-05 -2.64548924e-05]","[ 0.         -1.04826534 11.191329   -0.40555453 -4.4432826   0.10856741
 -1.53775525 -0.08511997]"
1747093050.1319888,"[ 0.00000000e+00 -4.62180955e-02  3.30150882e-01  3.06797622e+00
 -2.28154608e+00 -8.14927294e-05  9.60022768e-01  1.57092669e+00]","[ 0.00000000e+00 -1.41531083e-01  2.39846551e-01 -1.61624467e-01
 -7.02253421e-03 -5.29097849e-06 -7.68351964e-05 -2.64548924e-05]","[ 0.         -1.02052164 11.25763798 -0.40631944 -4.55388403  0.09054528
 -1.52066803 -0.07724058]"
1747093050.1339042,"[ 0.00000000e+00 -4.65009232e-02  3.30641769e-01  3.06766144e+00
 -2.28155434e+00 -8.14927294e-05  9.60022768e-01  1.57092669e+00]","[ 0.00000000e+00 -1.37922649e-01  2.39846551e-01 -1.59087406e-01
 -2.70097486e-03 -5.29103081e-06 -7.68933393e-05 -2.64551545e-05]","[ 0.         -1.01758671 11.31332779 -0.42491764 -4.78477764  0.1220373
 -1.57600987 -0.08575737]"
1747093050.1357012,"[ 0.00000000e+00 -4.67720330e-02  3.31115645e-01  3.06733493e+00
 -2.28155700e+00 -8.14927294e-05  9.60021836e-01  1.57092669e+00]","[ 0.00000000e+00 -1.37749710e-01  2.40952662e-01 -1.59627612e-01
 -8.10292444e-04 -5.29097849e-06 -8.48478263e-05 -1.85184257e-05]","[ 0.         -1.02495992 11.32738686 -0.45047358 -5.00643778  0.11661351
 -1.61048651 -0.09638461]"
1747093050.1375237,"[ 0.00000000e+00 -4.69094521e-02  3.31371875e-01  3.06717781e+00
 -2.28155700e+00 -8.14927294e-05  9.60021836e-01  1.57092669e+00]","[ 0.00000000e+00 -1.39370294e-01  2.41239252e-01 -1.59357518e-01
  0.00000000e+00 -5.29097849e-06 -8.47836692e-05 -1.85184257e-05]","[ 0.         -1.05624688 11.36360264 -0.49301243 -5.09642172  0.13592821
 -1.62471771 -0.09429058]"
1747093050.1393082,"[ 0.00000000e+00 -4.71928124e-02  3.31853574e-01  3.06684358e+00
 -2.28155674e+00 -8.14927294e-05  9.60020904e-01  1.57092669e+00]","[ 0.00000000e+00 -1.37749710e-01  2.45788696e-01 -1.64253340e-01
  8.77772304e-05 -5.29097849e-06 -9.53095680e-05 -1.85325998e-05]","[ 0.         -1.04890227 11.44464588 -0.49615023 -5.25808907  0.1522947
 -1.66124403 -0.09582595]"
1747093050.141068,"[ 0.00000000e+00 -4.74697812e-02  3.32365101e-01  3.06651148e+00
 -2.28155754e+00 -8.14927294e-05  9.60020904e-01  1.57092576e+00]","[ 0.00000000e+00 -1.33784388e-01  2.50768458e-01 -1.69081018e-01
 -1.30037163e-04 -5.29097849e-06 -8.46564929e-05 -2.64548924e-05]","[ 0.         -1.06739223 11.50987625 -0.51122665 -5.3563633   0.12751941
 -1.66505671 -0.11238915]"
1747093050.1429129,"[ 0.00000000e+00 -4.77350320e-02  3.32861947e-01  3.06616155e+00
 -2.28155834e+00 -8.14927294e-05  9.60020904e-01  1.57092576e+00]","[ 0.00000000e+00 -1.34508543e-01  2.52015433e-01 -1.70971696e-01
 -2.19406909e-04 -5.29497611e-06 -8.47196178e-05 -2.64748795e-05]","[ 0.         -1.0711627  11.50699425 -0.51607436 -5.38344097  0.11852227
 -1.64963257 -0.10681468]"
1747093050.1440585,"[ 0.00000000e+00 -4.80088050e-02  3.33379465e-01  3.06582093e+00
 -2.28155887e+00 -8.14927294e-05  9.60020904e-01  1.57092576e+00]","[ 0.00000000e+00 -1.33408824e-01  2.53276140e-01 -1.72957066e-01
 -3.05277096e-04 -5.29097849e-06 -8.46556558e-05 -2.64548924e-05]","[ 0.         -1.1068908  11.47714424 -0.54275066 -5.33140087  0.12408731
 -1.62811708 -0.0880722 ]"
1747093050.145889,"[ 0.00000000e+00 -4.81398325e-02  3.33629237e-01  3.06564995e+00
 -2.28155834e+00 -8.14927294e-05  9.60020904e-01  1.57092576e+00]","[ 0.00000000e+00 -1.32887960e-01  2.53351425e-01 -1.73578631e-01
 -1.98718647e-04 -5.29097849e-06 -8.47196178e-05 -2.64548924e-05]","[ 0.         -1.07932258 11.42824268 -0.56810743 -5.26787186  0.11524757
 -1.61302471 -0.08844655]"
1747093050.1477091,"[ 0.00000000e+00 -4.84013549e-02  3.34146289e-01  3.06529602e+00
 -2.28155807e+00 -8.14927294e-05  9.60020904e-01  1.57092576e+00]","[ 0.00000000e+00 -1.33022874e-01  2.52286277e-01 -1.71781996e-01
 -1.47494522e-04 -5.29103081e-06 -7.41303991e-05 -2.64748795e-05]","[ 0.         -1.06123269 11.31102467 -0.57414865 -5.12092924  0.11033893
 -1.61097813 -0.08960945]"
1747093050.1494768,"[ 0.00000000e+00 -4.85430351e-02  3.34397925e-01  3.06512797e+00
 -2.28155807e+00 -8.14927294e-05  9.60020904e-01  1.57092576e+00]","[ 0.00000000e+00 -1.33283323e-01  2.55242119e-01 -1.70431507e-01
 -1.47494522e-04 -5.29097849e-06 -7.40737029e-05 -2.64548924e-05]","[ 0.         -1.05988479 11.29163933 -0.55716741 -5.03703594  0.11570457
 -1.58808756 -0.08546781]"
1747093050.1507096,"[ 0.00000000e+00 -4.88056228e-02  3.34901196e-01  3.06478123e+00
 -2.28155807e+00 -8.14927294e-05  9.60020904e-01  1.57092576e+00]","[ 0.00000000e+00 -1.33968346e-01  2.55512214e-01 -1.68858944e-01
 -5.31887593e-05 -5.28698695e-06 -7.41303991e-05 -2.64551545e-05]","[ 0.         -1.08517694 11.0479269  -0.56843287 -4.89784575  0.12730908
 -1.55523717 -0.0947433 ]"
1747093050.1536076,"[ 0.00000000e+00 -4.90793957e-02  3.35423308e-01  3.06444647e+00
 -2.28155754e+00 -8.14927294e-05  9.60020904e-01  1.57092576e+00]","[ 0.00000000e+00 -1.34285454e-01  2.55782308e-01 -1.70431507e-01
  4.80932043e-05 -5.29097849e-06 -6.61372301e-05 -2.64548924e-05]","[ 0.         -1.03373408 10.91637135 -0.56095219 -4.6879487   0.16389306
 -1.51091409 -0.08745745]"
1747093050.1553445,"[ 0.00000000e+00 -4.93489076e-02  3.35927511e-01  3.06409440e+00
 -2.28155700e+00 -8.14927294e-05  9.60020904e-01  1.57092576e+00]","[ 0.00000000e+00 -1.37209521e-01  2.55523149e-01 -1.72528697e-01
  8.16419714e-05 -5.28703927e-06 -6.61872009e-05 -2.64748795e-05]","[ 0.         -0.96405101 10.70236015 -0.53179979 -4.54606819  0.11143393
 -1.48299909 -0.08950021]"
1747093050.1564898,"[ 0.00000000e+00 -4.96221480e-02  3.36449125e-01  3.06375778e+00
 -2.28155700e+00 -8.14927294e-05  9.60020904e-01  1.57092576e+00]","[ 0.00000000e+00 -1.38830105e-01  2.54279220e-01 -1.69891318e-01
  9.43713986e-05 -5.29097849e-06 -6.61872009e-05 -2.64548924e-05]","[ 0.         -0.91012883 10.60004902 -0.55209547 -4.3695035   0.10553239
 -1.43734777 -0.0852147 ]"
1747093050.1582336,"[ 0.00000000e+00 -4.99012472e-02  3.36950565e-01  3.06341157e+00
 -2.28155674e+00 -8.14927294e-05  9.60020904e-01  1.57092576e+00]","[ 0.00000000e+00 -1.35726590e-01  2.54161725e-01 -1.69081018e-01
  1.05849015e-04 -5.28698695e-06 -5.55966940e-05 -2.64748795e-05]","[ 0.         -0.89804912 10.51757908 -0.54243231 -4.24632502  0.09257847
 -1.43492389 -0.09446345]"
1747093050.1606812,"[ 0.00000000e+00 -5.00322748e-02  3.37200835e-01  3.06324538e+00
 -2.28155620e+00 -8.14927294e-05  9.60020904e-01  1.57092576e+00]","[ 0.00000000e+00 -1.32753312e-01  2.53634386e-01 -1.68540829e-01
  1.32479098e-04 -5.28698695e-06 -5.55972507e-05 -2.64748795e-05]","[ 0.         -0.84931868 10.43920326 -0.52524191 -4.17856789  0.09856793
 -1.43099344 -0.09524496]"
1747093050.1625156,"[ 0.00000000e+00 -5.03055151e-02  3.37719719e-01  3.06291648e+00
 -2.28155620e+00 -8.14927294e-05  9.60020904e-01  1.57092576e+00]","[ 0.00000000e+00 -1.32907285e-01  2.53351425e-01 -1.66380040e-01
  1.55331650e-04 -5.29097849e-06 -5.55972507e-05 -1.85186086e-05]","[ 0.         -0.81745785 10.36451244 -0.53068191 -4.13964558  0.11486784
 -1.43789196 -0.11396639]"
1747093050.163764,"[ 0.00000000e+00 -5.05611786e-02  3.38216099e-01  3.06258412e+00
 -2.28155674e+00 -8.14927294e-05  9.60020904e-01  1.57092576e+00]","[ 0.00000000e+00 -1.28566399e-01  2.51460747e-01 -1.60978101e-01
  8.85016105e-05 -5.28698695e-06 -5.55972507e-05 -1.85325998e-05]","[ 0.         -0.81201065 10.33512688 -0.53183007 -4.13787174  0.12915
 -1.43710291 -0.09401362]"
1747093050.1661944,"[ 0.00000000e+00 -5.08168420e-02  3.38725329e-01  3.06225256e+00
 -2.28155674e+00 -8.14927294e-05  9.60020904e-01  1.57092576e+00]","[ 0.00000000e+00 -1.22760949e-01  2.48219580e-01 -1.62497967e-01
  8.35807442e-05 -5.29097849e-06 -5.55558217e-05 -1.85184257e-05]","[ 0.         -0.83694565 10.39281273 -0.52357239 -4.19283628  0.1331605
 -1.42886925 -0.07684112]"
1747093050.1680064,"[ 0.00000000e+00 -5.10559939e-02  3.39212554e-01  3.06192419e+00
 -2.28155674e+00 -8.14927294e-05  9.60020904e-01  1.57092576e+00]","[ 0.00000000e+00 -1.21003670e-01  2.46328902e-01 -1.67730529e-01
  6.96542599e-05 -5.29097849e-06 -5.55972507e-05 -1.85325998e-05]","[ 0.         -0.84341872 10.45112705 -0.52924973 -4.30544853  0.15229508
 -1.42876244 -0.07972597]"
1747093050.169821,"[ 0.00000000e+00 -5.12935479e-02  3.39715825e-01  3.06157212e+00
 -2.28155700e+00 -8.14927294e-05  9.60020904e-01  1.57092576e+00]","[ 0.00000000e+00 -1.20463473e-01  2.45788696e-01 -1.72779467e-01
  5.29903226e-05 -5.29097849e-06 -5.55552731e-05 -1.85182388e-05]","[ 0.         -0.86458635 10.59657097 -0.54286647 -4.42957211  0.16169964
 -1.46166039 -0.08971997]"
1747093050.171001,"[ 0.00000000e+00 -5.15417545e-02  3.40203916e-01  3.06122538e+00
 -2.28155754e+00 -8.14927294e-05  9.60020904e-01  1.57092576e+00]","[ 0.00000000e+00 -1.20341417e-01  2.48219580e-01 -1.76103558e-01
  2.52564009e-05 -5.28703927e-06 -5.55977993e-05 -1.85324169e-05]","[ 0.         -0.87275887 10.70789337 -0.5432573  -4.59660816  0.17219037
 -1.48989534 -0.0815345 ]"
1747093050.172831,"[ 0.00000000e+00 -5.16599988e-02  3.40469799e-01  3.06104934e+00
 -2.28155754e+00 -8.14927294e-05  9.60020904e-01  1.57092576e+00]","[ 0.00000000e+00 -1.19923276e-01  2.50031495e-01 -1.78534425e-01
  2.52552021e-05 -5.29103081e-06 -5.55966940e-05 -1.85184257e-05]","[ 0.         -0.91792089 10.77828312 -0.56650043 -4.67282963  0.16284885
 -1.49779534 -0.08317723]"
1747093050.1746426,"[ 0.00000000e+00 -5.19066075e-02  3.40964814e-01  3.06068396e+00
 -2.28155754e+00 -8.14927294e-05  9.60020904e-01  1.57092576e+00]","[ 0.00000000e+00 -1.20368864e-01  2.50920558e-01 -1.78547141e-01
  0.00000000e+00 -5.28698695e-06 -5.55552731e-05 -1.85186086e-05]","[ 0.         -0.91085017 10.88790131 -0.56493533 -4.79174471  0.17549482
 -1.53211069 -0.07548864]"
1747093050.1759005,"[ 0.00000000e+00 -5.20253845e-02  3.41214152e-01  3.06050845e+00
 -2.28155754e+00 -8.14927294e-05  9.60020904e-01  1.57092576e+00]","[ 0.00000000e+00 -1.20463473e-01  2.52811236e-01 -1.77813890e-01
  0.00000000e+00 -5.29097849e-06 -5.55972507e-05 -1.85325998e-05]","[ 0.         -0.91327208 10.86233997 -0.57484937 -4.85180807  0.17719977
 -1.51994324 -0.08052467]"
1747093050.1776645,"[ 0.00000000e+00 -5.22762543e-02  3.41728908e-01  3.06016730e+00
 -2.28155754e+00 -8.14927294e-05  9.60020904e-01  1.57092576e+00]","[ 0.00000000e+00 -1.22375007e-01  2.50768458e-01 -1.71781996e-01
  0.00000000e+00 -5.29097849e-06 -4.76192757e-05 -1.85184257e-05]","[ 0.         -0.9205004  10.95454121 -0.57199204 -4.93465137  0.18287908
 -1.54304504 -0.08104558]"
1747093050.1790583,"[ 0.00000000e+00 -5.23966292e-02  3.41975018e-01  3.05982109e+00
 -2.28155754e+00 -8.14927294e-05  9.60020904e-01  1.57092576e+00]","[ 0.00000000e+00 -1.22084056e-01  2.49317202e-01 -1.68000624e-01
  0.00000000e+00 -5.29097849e-06 -4.76188043e-05 -1.85324169e-05]","[ 0.         -0.9346875  11.0334959  -0.56364352 -4.9696517   0.17502142
 -1.56512189 -0.08182404]"
1747093050.180784,"[ 0.00000000e+00 -5.26357810e-02  3.42487010e-01  3.05965624e+00
 -2.28155754e+00 -8.14927294e-05  9.60020904e-01  1.57092576e+00]","[ 0.00000000e+00 -1.20463473e-01  2.50266918e-01 -1.67190340e-01
  0.00000000e+00 -5.29097849e-06 -4.76547840e-05 -1.85186086e-05]","[ 0.         -0.94616205 11.15670776 -0.56458652 -4.95343065  0.17702128
 -1.57830894 -0.08560727]"
1747093050.182696,"[ 0.00000000e+00 -5.28994340e-02  3.42984322e-01  3.05931456e+00
 -2.28155754e+00 -8.14927294e-05  9.60020904e-01  1.57092576e+00]","[ 0.00000000e+00 -1.19776436e-01  2.52271047e-01 -1.66510252e-01
  0.00000000e+00 -5.29097849e-06 -4.76188043e-05 -1.85184257e-05]","[ 0.         -0.95458913 11.27302361 -0.56634384 -4.8911953   0.16790892
 -1.56901193 -0.08302283]"
1747093050.184568,"[ 0.00000000e+00 -5.30182110e-02  3.43233661e-01  3.05915024e+00
 -2.28155754e+00 -8.14927294e-05  9.60020904e-01  1.57092576e+00]","[ 0.00000000e+00 -1.20463473e-01  2.52811236e-01 -1.66650135e-01
  0.00000000e+00 -5.29103081e-06 -4.76547840e-05 -1.85604623e-05]","[ 0.         -0.95774919 11.283638   -0.56797433 -4.88122511  0.16222084
 -1.57059336 -0.08707514]"
1747093050.1864662,"[ 0.00000000e+00 -5.32589607e-02  3.43753010e-01  3.05881814e+00
 -2.28155754e+00 -8.14927294e-05  9.60020904e-01  1.57092576e+00]","[ 0.00000000e+00 -1.16858102e-01  2.53538945e-01 -1.69081018e-01
  0.00000000e+00 -5.29103081e-06 -4.76188043e-05 -1.85464284e-05]","[ 0.         -0.9745512  11.28034115 -0.5702219  -4.84973478  0.14696896
 -1.59764755 -0.08700261]"
1747093050.1876736,"[ 0.00000000e+00 -5.34901231e-02  3.44250323e-01  3.05847247e+00
 -2.28155754e+00 -8.14927294e-05  9.60020904e-01  1.57092576e+00]","[ 0.00000000e+00 -1.16682109e-01  2.51460747e-01 -1.68711937e-01
  0.00000000e+00 -5.28698695e-06 -4.76188043e-05 -1.85604623e-05]","[ 0.         -1.01049495 11.29733944 -0.58340353 -4.78628778  0.13690403
 -1.59750807 -0.08513252]"
1747093050.1893597,"[ 0.00000000e+00 -5.37282097e-02  3.44768274e-01  3.05814330e+00
 -2.28155700e+00 -8.14927294e-05  9.60020904e-01  1.57092576e+00]","[ 0.00000000e+00 -1.22084056e-01  2.53777680e-01 -1.66109946e-01
  1.43582118e-05 -5.29103081e-06 -4.76192757e-05 -1.85464284e-05]","[ 0.         -1.00657141 11.28264046 -0.58211309 -4.68664885  0.13128151
 -1.56551814 -0.07545508]"
1747093050.1906326,"[ 0.00000000e+00 -5.38587046e-02  3.45020842e-01  3.05796513e+00
 -2.28155700e+00 -8.14927294e-05  9.60020904e-01  1.57092576e+00]","[ 0.00000000e+00 -1.22876547e-01  2.56052403e-01 -1.67764102e-01
  0.00000000e+00 -5.28703927e-06 -4.76192757e-05 -1.85464284e-05]","[ 0.         -0.99442351 11.33410645 -0.58490175 -4.65118361  0.1365916
 -1.56175125 -0.07376239]"
1747093050.1922898,"[ 0.00000000e+00 -5.41063786e-02  3.45536030e-01  3.05763570e+00
 -2.28155700e+00 -8.14927294e-05  9.60020904e-01  1.57092576e+00]","[ 0.00000000e+00 -1.25737897e-01  2.62534753e-01 -1.67190340e-01
  0.00000000e+00 -5.29097849e-06 -4.76547840e-05 -1.05979587e-05]","[ 0.         -0.98774493 11.37679768 -0.56094968 -4.56722689  0.14902215
 -1.57460213 -0.09232929]"
1747093050.194124,"[ 0.00000000e+00 -5.42411346e-02  3.45817526e-01  3.05747138e+00
 -2.28155674e+00 -8.14927294e-05  9.60020904e-01  1.57092576e+00]","[ 0.00000000e+00 -1.26888840e-01  2.65062259e-01 -1.66650135e-01
  6.63616925e-06 -5.29097849e-06 -4.76188043e-05 -1.05979587e-05]","[ 0.         -0.99129874 11.36543655 -0.57280803 -4.51624346  0.14428248
 -1.56490004 -0.0883926 ]"
1747093050.1952844,"[ 0.00000000e+00 -5.44952001e-02  3.46344233e-01  3.05713023e+00
 -2.28155674e+00 -8.14927294e-05  9.60020904e-01  1.57092576e+00]","[ 0.00000000e+00 -1.29646785e-01  2.67396504e-01 -1.66481290e-01
  6.46523845e-06 -5.29103081e-06 -4.76547840e-05 -1.06059783e-05]","[ 0.         -0.97424078 11.34506989 -0.5759272  -4.4533      0.12863679
 -1.54688382 -0.10313181]"
1747093050.1970963,"[ 0.00000000e+00 -5.46262276e-02  3.46607320e-01  3.05696485e+00
 -2.28155674e+00 -8.14927294e-05  9.60020904e-01  1.57092576e+00]","[ 0.00000000e+00 -1.32887960e-01  2.66585921e-01 -1.67730529e-01
  6.46523845e-06 -5.29103081e-06 -4.76552554e-05 -1.05978530e-05]","[ 0.         -0.96309263 11.34098053 -0.54020941 -4.41936541  0.12414309
 -1.56187212 -0.09064384]"
1747093050.1988258,"[ 0.00000000e+00 -5.49037290e-02  3.47158361e-01  3.05661598e+00
 -2.28155674e+00 -8.14927294e-05  9.60020904e-01  1.57092482e+00]","[ 0.00000000e+00 -1.35588930e-01  2.68746993e-01 -1.71525634e-01
  6.32534741e-06 -5.28703927e-06 -4.76188043e-05 -1.85464284e-05]","[ 0.         -0.93038678 11.30657101 -0.50352979 -4.38723612  0.12059306
 -1.53623664 -0.10226715]"
1747093050.200565,"[ 0.00000000e+00 -5.50374197e-02  3.47424245e-01  3.05644367e+00
 -2.28155674e+00 -8.14927294e-05  9.60020904e-01  1.57092482e+00]","[ 0.00000000e+00 -1.35588930e-01  2.69557276e-01 -1.74753069e-01
  6.16972341e-06 -5.28698695e-06 -4.76188043e-05 -1.85604623e-05]","[ 0.         -0.89664239 11.28606129 -0.47766739 -4.37068701  0.12427776
 -1.5388273  -0.11639149]"
1747093050.2024605,"[ 0.00000000e+00 -5.51695125e-02  3.47962869e-01  3.05609852e+00
 -2.28155674e+00 -8.14927294e-05  9.60020904e-01  1.57092482e+00]","[ 0.00000000e+00 -1.33968346e-01  2.73878837e-01 -1.75023163e-01
  6.03193837e-06 -5.29097849e-06 -3.70368514e-05 -1.85464284e-05]","[ 0.         -0.88140374 11.20107174 -0.41611972 -4.36829042  0.13130014
 -1.53006136 -0.1152556 ]"
1747093050.2037451,"[ 0.00000000e+00 -5.54374265e-02  3.48528125e-01  3.05574619e+00
 -2.28155674e+00 -8.14927294e-05  9.60020904e-01  1.57092482e+00]","[ 0.00000000e+00 -1.29396523e-01  2.76319874e-01 -1.71511902e-01
  0.00000000e+00 -5.28698695e-06 -3.70368514e-05 -1.85604623e-05]","[ 0.         -0.79045093 11.17902374 -0.3648718  -4.34884453  0.11332309
 -1.53140998 -0.09764899]"
1747093050.2054513,"[ 0.00000000e+00 -5.56930900e-02  3.49074106e-01  3.05541143e+00
 -2.28155674e+00 -8.14927294e-05  9.60020904e-01  1.57092482e+00]","[ 0.00000000e+00 -1.28436137e-01  2.77120004e-01 -1.69621207e-01
  0.00000000e+00 -5.29097849e-06 -3.70368514e-05 -1.85464284e-05]","[ 0.         -0.73452324 11.19340611 -0.32517654 -4.37655067  0.09955457
 -1.53342927 -0.10218833]"
1747093050.2072353,"[ 0.00000000e+00 -5.58278459e-02  3.49369817e-01  3.05523433e+00
 -2.28155674e+00 -8.14927294e-05  9.60019905e-01  1.57092482e+00]","[ 0.00000000e+00 -1.26888840e-01  2.78352998e-01 -1.66761022e-01
  0.00000000e+00 -5.29097849e-06 -4.76188043e-05 -1.85466133e-05]","[ 0.         -0.70766026 11.16448498 -0.27865371 -4.40394688  0.08182094
 -1.54363382 -0.10645289]"
1747093050.20837,"[ 0.00000000e+00 -5.60733894e-02  3.49921291e-01  3.05491422e+00
 -2.28155674e+00 -8.14927294e-05  9.60019905e-01  1.57092482e+00]","[ 0.00000000e+00 -1.23704640e-01  2.80361188e-01 -1.59627612e-01
  0.00000000e+00 -5.29097849e-06 -3.70648338e-05 -1.85464284e-05]","[ 0.         -0.6432758  11.12210846 -0.21481845 -4.47135019  0.08754671
 -1.55716443 -0.09825486]"
1747093050.210286,"[ 0.00000000e+00 -5.61942969e-02  3.50199591e-01  3.05475949e+00
 -2.28155700e+00 -8.14927294e-05  9.60019905e-01  1.57092482e+00]","[ 0.00000000e+00 -1.22624254e-01  2.81965876e-01 -1.56926634e-01
 -5.20077536e-06 -5.29097849e-06 -3.70651995e-05 -1.85464284e-05]","[ 0.         -0.64472836 11.14764023 -0.23658143 -4.52149391  0.09601839
 -1.55128074 -0.08756178]"
1747093050.2119658,"[ 0.00000000e+00 -5.64446340e-02  3.50781825e-01  3.05444124e+00
 -2.28155700e+00 -8.14927294e-05  9.60019905e-01  1.57092482e+00]","[ 0.00000000e+00 -1.21988341e-01  2.84371442e-01 -1.54339223e-01
 -1.52853199e-05 -5.28698695e-06 -3.70368514e-05 -1.85604623e-05]","[ 0.         -0.63272983 11.06651402 -0.21566795 -4.62034798  0.10180143
 -1.55649757 -0.09327946]"
1747093050.2131035,"[ 0.00000000e+00 -5.66848512e-02  3.51343885e-01  3.05413364e+00
 -2.28155700e+00 -8.14927294e-05  9.60019905e-01  1.57092482e+00]","[ 0.00000000e+00 -1.22084056e-01  2.85493033e-01 -1.55846240e-01
 -1.50240386e-05 -5.29103081e-06 -3.70648338e-05 -1.85464284e-05]","[ 0.         -0.672786   11.02899075 -0.24623641 -4.70542669  0.11044062
 -1.54771721 -0.0937454 ]"
1747093050.2148619,"[ 0.00000000e+00 -5.68121503e-02  3.51625814e-01  3.05396693e+00
 -2.28155700e+00 -8.14927294e-05  9.60019905e-01  1.57092482e+00]","[ 0.00000000e+00 -1.19867324e-01  2.86033222e-01 -1.56981062e-01
 -1.47505420e-05 -5.28703927e-06 -3.70368514e-05 -1.85464284e-05]","[ 0.         -0.69440126 10.92818642 -0.21855721 -4.70822239  0.12884584
 -1.55765438 -0.08343286]"
1747093050.216667,"[ 0.00000000e+00 -5.70529000e-02  3.52209446e-01  3.05365374e+00
 -2.28155700e+00 -8.14927294e-05  9.60019905e-01  1.57092482e+00]","[ 0.00000000e+00 -1.22624254e-01  2.85106042e-01 -1.59357518e-01
 -1.47296010e-05 -5.29103081e-06 -3.70651995e-05 -1.85604623e-05]","[ 0.         -0.70845294 10.88204861 -0.25600308 -4.74858856  0.13265944
 -1.55398059 -0.09351891]"
1747093050.2189112,"[ 0.00000000e+00 -5.71754054e-02  3.52490942e-01  3.05349635e+00
 -2.28155700e+00 -8.14927294e-05  9.60019905e-01  1.57092482e+00]","[ 0.00000000e+00 -1.24118953e-01  2.85493033e-01 -1.59627612e-01
 -1.44666262e-05 -5.29097849e-06 -3.70648338e-05 -1.85464284e-05]","[ 0.         -0.72795254 10.94855976 -0.25761777 -4.7536664   0.107884
 -1.54659903 -0.08597759]"
1747093050.220653,"[ 0.00000000e+00 -5.75589006e-02  3.53361096e-01  3.05300580e+00
 -2.28155700e+00 -8.14927294e-05  9.60019905e-01  1.57092482e+00]","[ 0.00000000e+00 -1.26945815e-01  2.87129878e-01 -1.62058479e-01
 -4.73122844e-06 -5.29103081e-06 -3.70648338e-05 -1.85604623e-05]","[ 0.         -0.70786321 10.78421402 -0.28170073 -4.74945879  0.11590538
 -1.54968274 -0.08135024]"
1747093050.2224257,"[ 0.00000000e+00 -5.78172273e-02  3.53930946e-01  3.05267157e+00
 -2.28155700e+00 -8.14927294e-05  9.60019905e-01  1.57092482e+00]","[ 0.00000000e+00 -1.25885769e-01  2.89568069e-01 -1.62598684e-01
 -4.65595724e-06 -5.29103081e-06 -3.70372172e-05 -1.85464284e-05]","[ 0.         -0.7304976  10.74822712 -0.30350378 -4.70017767  0.11692961
 -1.5581733  -0.09965575]"
1747093050.223605,"[ 0.00000000e+00 -5.79407979e-02  3.54216570e-01  3.05251178e+00
 -2.28155700e+00 -8.14927294e-05  9.60019905e-01  1.57092482e+00]","[ 0.00000000e+00 -1.25325232e-01  2.89251119e-01 -1.62058479e-01
 -4.65603902e-06 -5.28698695e-06 -3.70372172e-05 -1.85604623e-05]","[ 0.         -0.7501229  10.80154037 -0.3117376  -4.69779968  0.12583548
 -1.55967808 -0.09485745]"
1747093050.2254028,"[ 0.00000000e+00 -5.81927330e-02  3.54809390e-01  3.05219540e+00
 -2.28155674e+00 -8.14927294e-05  9.60019905e-01  1.57092482e+00]","[ 0.00000000e+00 -1.28975785e-01  2.89274389e-01 -1.59465875e-01
  0.00000000e+00 -5.29097849e-06 -3.70648338e-05 -1.85466133e-05]","[ 0.         -0.74020064 10.74466228 -0.32232484 -4.67715359  0.12073252
 -1.56101322 -0.09168209]"
1747093050.2272382,"[ 0.00000000e+00 -5.83301521e-02  3.55094981e-01  3.05202549e+00
 -2.28155674e+00 -8.14927294e-05  9.60019905e-01  1.57092482e+00]","[ 0.00000000e+00 -1.29396523e-01  2.89251119e-01 -1.59990285e-01
  0.00000000e+00 -5.29097849e-06 -3.70368514e-05 -1.85464284e-05]","[ 0.         -0.75695908 10.68479538 -0.3088555  -4.66214323  0.11833183
 -1.55359364 -0.0950612 ]"
1747093050.2289975,"[ 0.00000000e+00 -5.85836850e-02  3.55685970e-01  3.05171177e+00
 -2.28155674e+00 -8.14927294e-05  9.60019905e-01  1.57092482e+00]","[ 0.00000000e+00 -1.28566399e-01  2.89114566e-01 -1.59357518e-01
  0.00000000e+00 -5.28703927e-06 -3.70372172e-05 -1.85604623e-05]","[ 0.         -0.75605136 10.6919241  -0.27944997 -4.61801529  0.12118648
 -1.55595267 -0.09550177]"
1747093050.2307234,"[ 0.00000000e+00 -5.88420117e-02  3.56257650e-01  3.05138766e+00
 -2.28155674e+00 -8.14927294e-05  9.60019905e-01  1.57092482e+00]","[ 0.00000000e+00 -1.25885769e-01  2.90084689e-01 -1.57733356e-01
  0.00000000e+00 -5.29502843e-06 -3.70368514e-05 -1.85464284e-05]","[ 0.         -0.75578839 10.7094965  -0.2710079  -4.57139969  0.1107471
 -1.54814017 -0.10015928]"
1747093050.2318718,"[ 0.00000000e+00 -5.90944793e-02  3.56850936e-01  3.05107447e+00
 -2.28155620e+00 -8.14927294e-05  9.60019905e-01  1.57092482e+00]","[ 0.00000000e+00 -1.28026201e-01  2.89386807e-01 -1.59196047e-01
  8.03342618e-06  0.00000000e+00 -2.91223691e-05 -1.85604623e-05]","[ 0.         -0.75947636 10.69788837 -0.26670963 -4.52011871  0.10586847
 -1.53332102 -0.10784255]"
1747093050.2335987,"[ 0.00000000e+00 -5.92223111e-02  3.57136560e-01  3.05088166e+00
 -2.28155620e+00 -8.14927294e-05  9.60019905e-01  1.57092482e+00]","[ 0.00000000e+00 -1.29646785e-01  2.89544500e-01 -1.58824436e-01
  7.91559118e-06  0.00000000e+00 -2.91226556e-05 -1.85462435e-05]","[ 0.         -0.75966227 10.75903893 -0.25569472 -4.48593521  0.08782693
 -1.52895987 -0.10754066]"
1747093050.2353709,"[ 0.00000000e+00 -5.94864966e-02  3.57724320e-01  3.05057220e+00
 -2.28155620e+00 -8.14927294e-05  9.60019905e-01  1.57092482e+00]","[ 0.00000000e+00 -1.28773734e-01  2.86108190e-01 -1.56092133e-01
  7.80127734e-06  0.00000000e+00 -2.91006692e-05 -1.85604623e-05]","[ 0.         -0.74994057 10.83708286 -0.22458082 -4.45855331  0.09435697
 -1.51487243 -0.10989559]"
1747093050.236534,"[ 0.00000000e+00 -5.96132631e-02  3.58008113e-01  3.05042067e+00
 -2.28155620e+00 -8.14927294e-05  9.60019905e-01  1.57092482e+00]","[ 0.00000000e+00 -1.28696927e-01  2.87923900e-01 -1.53685467e-01
  1.16889044e-05  0.00000000e+00 -1.85184257e-05 -1.85606472e-05]","[ 0.         -0.75948411 10.81970787 -0.21531457 -4.4448719   0.10407644
 -1.51436925 -0.09521733]"
1747093050.238333,"[ 0.00000000e+00 -5.98667960e-02  3.58577963e-01  3.05011121e+00
 -2.28155620e+00 -8.14927294e-05  9.60019905e-01  1.57092482e+00]","[ 0.00000000e+00 -1.28026201e-01  2.89274389e-01 -1.50711848e-01
  1.15353275e-05  0.00000000e+00 -1.85604623e-05 -1.85462435e-05]","[ 0.         -0.73323858 10.87232208 -0.24489169 -4.45811129  0.12520786
 -1.51718831 -0.07603804]"
1747093050.2400515,"[ 0.00000000e+00 -6.00036825e-02  3.58864020e-01  3.04996447e+00
 -2.28155620e+00 -8.14927294e-05  9.60019905e-01  1.57092482e+00]","[ 0.00000000e+00 -1.28894991e-01  2.90084689e-01 -1.48823717e-01
  1.13611234e-05  0.00000000e+00 -1.05979587e-05 -1.06059783e-05]","[ 0.         -0.73687732 10.9301157  -0.24882118 -4.45029593  0.12420911
 -1.52055895 -0.07274808]"
1747093050.2418725,"[ 0.00000000e+00 -6.02566828e-02  3.59460967e-01  3.04967764e+00
 -2.28155674e+00 -8.14927294e-05  9.60019905e-01  1.57092482e+00]","[ 0.00000000e+00 -1.27486012e-01  2.91435178e-01 -1.43961950e-01
  1.13609629e-05  0.00000000e+00 -1.06059783e-05 -1.06059783e-05]","[ 0.         -0.74722958 10.97848701 -0.25908461 -4.49564123  0.12004025
 -1.54344213 -0.09274787]"
1747093050.2430632,"[ 0.00000000e+00 -6.05176726e-02  3.60031749e-01  3.04938842e+00
 -2.28155674e+00 -8.14927294e-05  9.60019905e-01  1.57092482e+00]","[ 0.00000000e+00 -1.26769472e-01  2.88734200e-01 -1.40450688e-01
  1.12040324e-05  0.00000000e+00 -1.05979587e-05 -1.06059783e-05]","[ 0.         -0.79646015 11.0290184  -0.28866133 -4.54265833  0.11329027
 -1.54211974 -0.09734308]"
1747093050.245032,"[ 0.00000000e+00 -6.06417759e-02  3.60381189e-01  3.04925100e+00
 -2.28155674e+00 -8.14927294e-05  9.60019905e-01  1.57092482e+00]","[ 0.00000000e+00 -1.25865421e-01  2.87814444e-01 -1.39370294e-01
  1.10396197e-05  0.00000000e+00 -1.05979587e-05 -1.06059783e-05]","[ 0.         -0.81665915 11.05024624 -0.28875113 -4.5597086   0.10954652
 -1.52952182 -0.10220154]"
1747093050.2467487,"[ 0.00000000e+00 -6.08995699e-02  3.60952870e-01  3.04896312e+00
 -2.28155674e+00 -8.14927294e-05  9.60019905e-01  1.57092482e+00]","[ 0.00000000e+00 -1.25384229e-01  2.90084689e-01 -1.40298239e-01
  1.10510721e-05  0.00000000e+00 -1.06059783e-05 -1.06059783e-05]","[ 0.         -0.84507346 11.19468594 -0.30934775 -4.58656645  0.11012468
 -1.53043354 -0.09860671]"
1747093050.248533,"[ 0.00000000e+00 -6.10215427e-02  3.61217388e-01  3.04882170e+00
 -2.28155674e+00 -8.14927294e-05  9.60019905e-01  1.57092482e+00]","[ 0.00000000e+00 -1.23704640e-01  2.90287488e-01 -1.43421761e-01
  1.08910868e-05  0.00000000e+00 -1.05979587e-05 -1.05979587e-05]","[ 0.         -0.85726523 11.29150391 -0.30260438 -4.62984419  0.0975016
 -1.53723598 -0.10410724]"
1747093050.250429,"[ 0.00000000e+00 -6.12654882e-02  3.61838205e-01  3.04853009e+00
 -2.28155674e+00 -8.14927294e-05  9.60019905e-01  1.57092482e+00]","[ 0.00000000e+00 -1.23039657e-01  2.92515555e-01 -1.49093811e-01
  1.07466419e-05  0.00000000e+00 -1.06059783e-05 -1.06059783e-05]","[ 0.         -0.92310214 11.36932182 -0.33735013 -4.62469959  0.10857571
 -1.58468246 -0.08687604]"
1747093050.2515495,"[ 0.00000000e+00 -6.15179559e-02  3.62413114e-01  3.04821930e+00
 -2.28155674e+00 -8.14927294e-05  9.60019905e-01  1.57092482e+00]","[ 0.00000000e+00 -1.23704640e-01  2.91975367e-01 -1.51714911e-01
  1.05952888e-05  0.00000000e+00 -1.05979587e-05 -1.05980643e-05]","[ 0.         -0.96787536 11.4441061  -0.3461968  -4.64356041  0.13328503
 -1.59011006 -0.06269843]"
1747093050.2532952,"[ 0.00000000e+00 -6.17682931e-02  3.63010961e-01  3.04791996e+00
 -2.28155674e+00 -8.14927294e-05  9.60019905e-01  1.57092482e+00]","[ 0.00000000e+00 -1.26945815e-01  2.91975367e-01 -1.51640975e-01
  1.06058371e-05  0.00000000e+00 -1.06059783e-05 -1.06059783e-05]","[ 0.         -0.98162127 11.5165453  -0.34485686 -4.71193171  0.13552356
 -1.56310666 -0.09547304]"
1747093050.254989,"[ 0.00000000e+00 -6.19051795e-02  3.63301179e-01  3.04776922e+00
 -2.28155674e+00 -8.14927294e-05  9.60019905e-01  1.57092482e+00]","[ 0.00000000e+00 -1.28894991e-01  2.94406233e-01 -1.52875167e-01
  1.04688114e-05  0.00000000e+00 -1.06058726e-05 -1.05979587e-05]","[ 0.         -0.97717786 11.52684689 -0.34470028 -4.72686863  0.141591
 -1.56889594 -0.10516296]"
1747093050.25672,"[ 0.00000000e+00 -6.21581798e-02  3.63910510e-01  3.04745470e+00
 -2.28155674e+00 -8.14927294e-05  9.60019905e-01  1.57092482e+00]","[ 0.00000000e+00 -1.28026201e-01  2.98457700e-01 -1.53529755e-01
  1.03252646e-05  0.00000000e+00 -1.05979587e-05 -1.06060839e-05]","[ 0.         -0.96745557 11.5812664  -0.34618255 -4.72501135  0.14536184
 -1.59094298 -0.10580578]"
1747093050.2584794,"[ 0.00000000e+00 -6.24250286e-02  3.64498270e-01  3.04715989e+00
 -2.28155674e+00 -8.14927294e-05  9.60019905e-01  1.57092482e+00]","[ 0.00000000e+00 -1.30901134e-01  2.98187623e-01 -1.48013417e-01
  1.01952183e-05  0.00000000e+00 -1.06059783e-05 -1.05979587e-05]","[ 0.         -0.95680302 11.6800375  -0.35789287 -4.69941711  0.104357
 -1.58163893 -0.09841245]"
1747093050.2603705,"[ 0.00000000e+00 -6.25560561e-02  3.64792616e-01  3.04715989e+00
 -2.28155674e+00 -8.14927294e-05  9.60019905e-01  1.57092389e+00]","[ 0.00000000e+00 -1.32887960e-01  2.98457700e-01 -1.48013417e-01
  1.01657720e-05  0.00000000e+00 -1.05980643e-05 -1.85464284e-05]","[ 0.         -0.91693276 11.69100952 -0.35789287 -4.66738176  0.09699354
 -1.58693039 -0.10310965]"
1747093050.2621949,"[ 0.00000000e+00 -6.28250354e-02  3.65403811e-01  3.04686588e+00
 -2.28155674e+00 -8.14927294e-05  9.60019905e-01  1.57092389e+00]","[ 0.00000000e+00 -1.37070496e-01  2.97885487e-01 -1.42436491e-01
  1.00396878e-05  0.00000000e+00 -1.05979587e-05 -1.85604623e-05]","[ 0.         -0.89721006 11.70287132 -0.33260632 -4.62024164  0.09288519
 -1.55712533 -0.10323624]"
1747093050.2633083,"[ 0.00000000e+00 -6.31046673e-02  3.65697691e-01  3.04658918e+00
 -2.28155620e+00 -8.14927294e-05  9.60019905e-01  1.57092389e+00]","[ 0.00000000e+00 -1.36289707e-01  2.98187623e-01 -1.40180594e-01
  1.65282323e-05  0.00000000e+00 -1.05979587e-05 -1.85184257e-05]","[ 0.         -0.87581402 11.75216484 -0.32176703 -4.59322071  0.08561728
 -1.56166029 -0.09971029]"
1747093050.265076,"[ 0.00000000e+00 -6.32388906e-02  3.65994800e-01  3.04645042e+00
 -2.28155620e+00 -8.14927294e-05  9.60019905e-01  1.57092389e+00]","[ 0.00000000e+00 -1.36129127e-01  3.01428789e-01 -1.40578204e-01
  1.63283947e-05  0.00000000e+00 -1.05980643e-05 -1.85325998e-05]","[ 0.         -0.8750937  11.70128536 -0.3091836  -4.56174231  0.09895848
 -1.57854736 -0.09618592]"
1747093050.2669215,"[ 0.00000000e+00 -6.35068046e-02  3.66611921e-01  3.04616387e+00
 -2.28155620e+00 -8.14927294e-05  9.60019905e-01  1.57092389e+00]","[ 0.00000000e+00 -1.36129127e-01  3.01698867e-01 -1.39370294e-01
  1.63283947e-05  0.00000000e+00 -1.06058726e-05 -1.85184257e-05]","[ 0.         -0.861426   11.67539406 -0.30747542 -4.56100321  0.09384148
 -1.58818305 -0.093853  ]"
1747093050.2679396,"[ 0.00000000e+00 -6.37821755e-02  3.67209334e-01  3.04587545e+00
 -2.28155620e+00 -8.14927294e-05  9.60019905e-01  1.57092389e+00]","[ 0.00000000e+00 -1.34911904e-01  3.03049356e-01 -1.40681102e-01
  1.61331337e-05  0.00000000e+00 -1.05979587e-05 -1.85324169e-05]","[ 0.         -0.79476148 11.61661625 -0.31762892 -4.51262665  0.09463333
 -1.57039964 -0.09396902]"
1747093050.2714992,"[ 0.00000000e+00 -6.39132030e-02  3.67531677e-01  3.04573696e+00
 -2.28155620e+00 -8.14927294e-05  9.60019905e-01  1.57092389e+00]","[ 0.00000000e+00 -1.32887960e-01  3.03429822e-01 -1.40450688e-01
  1.59426801e-05  0.00000000e+00 -1.06059783e-05 -1.85325998e-05]","[ 0.         -0.76793307 11.65438652 -0.32276821 -4.48257828  0.09705595
 -1.56591606 -0.08455595]"
1747093050.2715433,"[ 0.00000000e+00 -6.41805844e-02  3.68134150e-01  3.04546186e+00
 -2.28155567e+00 -8.14927294e-05  9.60019905e-01  1.57092389e+00]","[ 0.00000000e+00 -1.30901134e-01  3.06020445e-01 -1.38959260e-01
  2.20395192e-05  0.00000000e+00 -1.05979587e-05 -1.85186086e-05]","[ 0.         -0.76187432 11.61337852 -0.30644515 -4.43556166  0.10483051
 -1.54336238 -0.07594538]"
1747093050.2762742,"[ 0.00000000e+00 -6.46860523e-02  3.69372121e-01  3.04490899e+00
 -2.28155567e+00 -8.14927294e-05  9.60019905e-01  1.57092389e+00]","[ 0.00000000e+00 -1.26405618e-01  3.10071912e-01 -1.35859032e-01
  1.55609377e-05  0.00000000e+00 -1.06059783e-05 -1.85184257e-05]","[ 0.         -0.76082641 11.55959225 -0.35292467 -4.35296535  0.09096206
 -1.54561329 -0.11606626]"
1747093050.2799675,"[ 0.00000000e+00 -6.51995098e-02  3.70618380e-01  3.04437822e+00
 -2.28155567e+00 -8.14927294e-05  9.60019905e-01  1.57092389e+00]","[ 0.00000000e+00 -1.29106596e-01  3.10071912e-01 -1.30727179e-01
  1.52105881e-05  0.00000000e+00 -1.06059783e-05 -1.85184257e-05]","[ 0.         -0.80302304 11.47579384 -0.35134289 -4.37197638  0.10306384
 -1.5328747  -0.11002941]"
1747093050.2842321,"[ 0.00000000e+00 -6.57140325e-02  3.71875625e-01  3.04384372e+00
 -2.28155567e+00 -8.14927294e-05  9.60019905e-01  1.57092389e+00]","[ 0.00000000e+00 -1.25865421e-01  3.15743946e-01 -1.34372256e-01
  1.21577768e-05  0.00000000e+00 -1.06058726e-05 -1.85186086e-05]","[ 0.         -0.80879486 11.4130373  -0.39060315 -4.41351986  0.12178606
 -1.53627682 -0.09993686]"
1747093050.28742,"[ 0.00000000e+00 -6.60959298e-02  3.72836727e-01  3.04342481e+00
 -2.28155567e+00 -8.14927294e-05  9.60019905e-01  1.57092389e+00]","[ 0.00000000e+00 -1.26817193e-01  3.17634624e-01 -1.40180594e-01
  1.18901735e-05  0.00000000e+00 -1.06058726e-05 -1.85184257e-05]","[ 0.         -0.87715304 11.27783108 -0.38861313 -4.46645021  0.11632709
 -1.53184128 -0.08557988]"
1747093050.2910707,"[ 0.00000000e+00 -6.65928757e-02  3.74107754e-01  3.04284637e+00
 -2.28155567e+00 -8.14927294e-05  9.60019905e-01  1.57092389e+00]","[ 0.00000000e+00 -1.21543868e-01  3.17094435e-01 -1.43276452e-01
  1.17607418e-05  0.00000000e+00 -1.06059783e-05 -1.85184257e-05]","[ 0.         -0.87726367 11.2989502  -0.42414737 -4.43615389  0.09841621
 -1.52383411 -0.09198884]"
1747093050.2941258,"[ 0.00000000e+00 -6.69555982e-02  3.75072950e-01  3.04241920e+00
 -2.28155567e+00 -8.14927294e-05  9.60019905e-01  1.57092389e+00]","[ 0.00000000e+00 -1.19383087e-01  3.17925807e-01 -1.39176499e-01
  1.15005822e-05  0.00000000e+00 -1.06059783e-05 -1.85324169e-05]","[ 0.         -0.88750148 11.31552029 -0.43150619 -4.45027351  0.11376467
 -1.51654911 -0.10161999]"
1747093050.297951,"[ 0.00000000e+00 -6.74482830e-02  3.76339416e-01  3.04187831e+00
 -2.28155567e+00 -8.14927294e-05  9.60019905e-01  1.57092389e+00]","[ 0.00000000e+00 -1.22624254e-01  3.15215941e-01 -1.30650364e-01
  1.12609613e-05  0.00000000e+00 -1.06059783e-05 -1.85324169e-05]","[ 0.         -0.92306614 11.20496941 -0.46310851 -4.49523258  0.1238913
 -1.5313195  -0.08524693]"
1747093050.3008654,"[ 0.00000000e+00 -6.78221908e-02  3.77273853e-01  3.04150493e+00
 -2.28155567e+00 -8.14927294e-05  9.60019905e-01  1.57092389e+00]","[ 0.00000000e+00 -1.23879618e-01  3.16233502e-01 -1.23434545e-01
  1.11446816e-05  0.00000000e+00 -1.05979587e-05 -1.05819570e-05]","[ 0.         -0.96888286 11.24776173 -0.47985345 -4.50766993  0.12859283
 -1.53198314 -0.07423265]"
1747093050.3053246,"[ 0.00000000e+00 -6.83207346e-02  3.78531131e-01  3.04100959e+00
 -2.28155567e+00 -8.14927294e-05  9.60019905e-01  1.57092389e+00]","[ 0.00000000e+00 -1.23763080e-01  3.11152290e-01 -1.24244837e-01
  1.09109053e-05  0.00000000e+00 -1.05979587e-05 -1.05819570e-05]","[ 0.         -1.01960242 11.43888474 -0.51360881 -4.44833088  0.13959496
 -1.55408418 -0.078851  ]"
1747093050.3084037,"[ 0.00000000e+00 -6.87990383e-02  3.79780121e-01  3.04050012e+00
 -2.28155567e+00 -8.14927294e-05  9.60019905e-01  1.57092389e+00]","[ 0.00000000e+00 -1.17359642e-01  3.10071912e-01 -1.27756107e-01
  1.06947815e-05  0.00000000e+00  0.00000000e+00 -1.05820616e-05]","[ 0.         -1.05200148 11.62725735 -0.58542985 -4.47880554  0.14920761
 -1.55111194 -0.09553564]"
1747093050.3131084,"[ 0.00000000e+00 -6.91308682e-02  3.80718252e-01  3.04011716e+00
 -2.28155567e+00 -8.14927294e-05  9.60019905e-01  1.57092389e+00]","[ 0.00000000e+00 -1.09119380e-01  3.09261612e-01 -1.26405618e-01
  1.32275773e-05  0.00000000e+00  0.00000000e+00 -1.05819570e-05]","[ 0.         -1.09940243 11.81044006 -0.61291105 -4.4786129   0.15716177
 -1.57877386 -0.0972513 ]"
1747093050.3160188,"[ 0.00000000e+00 -6.95644308e-02  3.81964479e-01  3.03959705e+00
 -2.28155567e+00 -8.14927294e-05  9.60019905e-01  1.57092389e+00]","[ 0.00000000e+00 -1.08579183e-01  3.11705196e-01 -1.30527459e-01
  1.32274462e-05  0.00000000e+00  0.00000000e+00 -1.05819570e-05]","[ 0.         -1.14032888 12.02174377 -0.59954083 -4.50630331  0.16886529
 -1.58536637 -0.08866465]"
1747093050.3184764,"[ 0.00000000e+00 -6.98930649e-02  3.82909967e-01  3.03921355e+00
 -2.28155567e+00 -8.14927294e-05  9.60019905e-01  1.57092389e+00]","[ 0.00000000e+00 -1.08038994e-01  3.11454426e-01 -1.28566399e-01
  1.32274462e-05  0.00000000e+00  0.00000000e+00 -1.05819570e-05]","[ 0.         -1.17973971 12.15025902 -0.52406937 -4.47283077  0.16060854
 -1.59986925 -0.09481931]"
1747093050.320815,"[ 0.00000000e+00 -7.01093136e-02  3.83522528e-01  3.03894963e+00
 -2.28155567e+00 -8.14927294e-05  9.60019905e-01  1.57092389e+00]","[ 0.00000000e+00 -1.05322753e-01  3.10071912e-01 -1.29024263e-01
  1.32274462e-05  0.00000000e+00  0.00000000e+00 -1.05820616e-05]","[ 0.         -1.1755811  12.16775608 -0.50606364 -4.48132372  0.15607831
 -1.57981944 -0.11015385]"
1747093050.32318,"[ 0.00000000e+00 -7.03197033e-02  3.84135521e-01  3.03868838e+00
 -2.28155567e+00 -8.14927294e-05  9.60019905e-01  1.57092389e+00]","[ 0.00000000e+00 -1.08038994e-01  3.11152290e-01 -1.33428149e-01
  1.32274462e-05  0.00000000e+00  0.00000000e+00 -1.05820616e-05]","[ 0.         -1.14421248 12.17785072 -0.48584697 -4.46772909  0.14737563
 -1.58444631 -0.11876452]"
1747093050.3261392,"[ 0.00000000e+00 -7.06520658e-02  3.85083773e-01  3.03827878e+00
 -2.28155567e+00 -8.14927294e-05  9.60019905e-01  1.57092389e+00]","[ 0.00000000e+00 -1.10338126e-01  3.13535287e-01 -1.36939419e-01
  1.05819570e-05  0.00000000e+00  0.00000000e+00 -1.05819570e-05]","[ 0.         -1.1510607  12.16626644 -0.43857852 -4.39755058  0.14172249
 -1.59445786 -0.09618504]"
1747093050.3292315,"[ 0.00000000e+00 -7.09743083e-02  3.86036585e-01  3.03786626e+00
 -2.28155567e+00 -8.14927294e-05  9.60019905e-01  1.57092389e+00]","[ 0.00000000e+00 -1.08038994e-01  3.14463665e-01 -1.35916507e-01
  1.05900569e-05  0.00000000e+00  0.00000000e+00 -1.05820616e-05]","[ 0.         -1.14860845 12.22522736 -0.35692483 -4.39408684  0.12054543
 -1.57868278 -0.09167351]"
1747093050.3315625,"[ 0.00000000e+00 -7.12949529e-02  3.86965063e-01  3.03747424e+00
 -2.28155567e+00 -8.14927294e-05  9.60019905e-01  1.57092389e+00]","[ 0.00000000e+00 -1.05338016e-01  3.13853268e-01 -1.30727179e-01
  1.05819570e-05  0.00000000e+00  0.00000000e+00 -1.05819570e-05]","[ 0.         -1.08324826 12.1310091  -0.27857232 -4.38875484  0.08458108
 -1.60483408 -0.08940112]"
1747093050.3339024,"[ 0.00000000e+00 -7.15090711e-02  3.87609781e-01  3.03720926e+00
 -2.28155567e+00 -8.14927294e-05  9.60019905e-01  1.57092389e+00]","[ 0.00000000e+00 -1.04319682e-01  3.14933646e-01 -1.28566399e-01
  5.29497611e-06  0.00000000e+00  0.00000000e+00 -1.05820616e-05]","[ 0.         -1.08545852 12.13254452 -0.23318037 -4.40860033  0.07200988
 -1.57932091 -0.08045024]"
1747093050.3373213,"[ 0.00000000e+00 -7.18142693e-02  3.88563958e-01  3.03683854e+00
 -2.28155514e+00 -8.14927294e-05  9.60019905e-01  1.57092389e+00]","[ 0.00000000e+00 -1.01993402e-01  3.14167821e-01 -1.19365785e-01
  1.05819570e-05  0.00000000e+00  0.00000000e+00 -1.05819570e-05]","[ 0.         -1.04741156 12.11032104 -0.25310168 -4.41422319  0.08819903
 -1.56871533 -0.08220793]"
1747093050.339653,"[ 0.00000000e+00 -7.21205328e-02  3.89509880e-01  3.03650299e+00
 -2.28155514e+00 -8.14927294e-05  9.60019905e-01  1.57092389e+00]","[ 0.00000000e+00 -1.01016455e-01  3.12708275e-01 -1.11933884e-01
  1.05819570e-05  0.00000000e+00  0.00000000e+00 -1.05820616e-05]","[ 0.         -1.04300141 11.99442768 -0.25478673 -4.37293339  0.10233857
 -1.56176364 -0.10444755]"
1747093050.3426716,"[ 0.00000000e+00 -7.24246658e-02  3.90437925e-01  3.03616689e+00
 -2.28155514e+00 -8.14927294e-05  9.60019905e-01  1.57092389e+00]","[ 0.00000000e+00 -1.00374458e-01  3.14074910e-01 -1.10739964e-01
  1.58849283e-05  0.00000000e+00  0.00000000e+00 -1.05739739e-05]","[ 0.         -1.09707034 12.03444767 -0.33798152 -4.38249779  0.09615932
 -1.56036127 -0.08278654]"
1747093050.3457034,"[ 0.00000000e+00 -7.26217398e-02  3.91077549e-01  3.03594239e+00
 -2.28155514e+00 -8.14927294e-05  9.60019905e-01  1.57092389e+00]","[ 0.00000000e+00 -9.93958714e-02  3.11411982e-01 -1.09232190e-01
  1.58729355e-05  0.00000000e+00  0.00000000e+00 -1.05819570e-05]","[ 0.         -1.11705959 11.97908783 -0.39781588 -4.40031052  0.11071062
 -1.57794058 -0.08828545]"
1747093050.3480458,"[ 0.00000000e+00 -7.29269380e-02  3.91990448e-01  3.03560710e+00
 -2.28155514e+00 -8.14927294e-05  9.60019905e-01  1.57092389e+00]","[ 0.00000000e+00 -1.01556652e-01  3.07911123e-01 -1.15601723e-01
  1.58730919e-05  0.00000000e+00  0.00000000e+00 -1.05739739e-05]","[ 0.         -1.10954487 11.89385128 -0.4224461  -4.42948055  0.12419971
 -1.56634772 -0.07566091]"
1747093050.3509743,"[ 0.00000000e+00 -7.32358647e-02  3.92923520e-01  3.03523878e+00
 -2.28155514e+00 -8.14927294e-05  9.60019905e-01  1.57092389e+00]","[ 0.00000000e+00 -1.02637038e-01  3.06830745e-01 -1.22894348e-01
  1.58849283e-05  0.00000000e+00  0.00000000e+00 -1.05819570e-05]","[ 0.         -1.13102067 11.96592903 -0.48149863 -4.46203613  0.13989329
 -1.57940793 -0.09014029]"
1747093050.3538764,"[ 0.00000000e+00 -7.35261493e-02  3.93846937e-01  3.03486008e+00
 -2.28155514e+00 -8.14927294e-05  9.60019905e-01  1.57092389e+00]","[ 0.00000000e+00 -9.66948934e-02  3.03049356e-01 -1.24785034e-01
  1.58850858e-05  0.00000000e+00  0.00000000e+00 -1.05819570e-05]","[ 0.         -1.09970236 11.95679092 -0.47772232 -4.42112017  0.13731766
 -1.5658673  -0.09824024]"
1747093050.356196,"[ 0.00000000e+00 -7.37173642e-02  3.94440223e-01  3.03460974e+00
 -2.28155514e+00 -8.14927294e-05  9.60019905e-01  1.57092389e+00]","[ 0.00000000e+00 -9.23733403e-02  2.99234611e-01 -1.27215910e-01
  1.58729355e-05  0.00000000e+00  0.00000000e+00 -1.05900569e-05]","[ 0.         -1.0739994  11.94853306 -0.45246068 -4.42234755  0.13132539
 -1.5522182  -0.09216491]"
1747093050.358494,"[ 0.00000000e+00 -7.38989918e-02  3.95057377e-01  3.03434929e+00
 -2.28155514e+00 -8.14927294e-05  9.60019905e-01  1.57092389e+00]","[ 0.00000000e+00 -9.23733403e-02  3.01428789e-01 -1.27215910e-01
  1.58849283e-05  0.00000000e+00  0.00000000e+00 -1.05819570e-05]","[ 0.         -1.03174424 11.97505569 -0.43015537 -4.39836359  0.12570083
 -1.54533625 -0.07758483]"
1747093050.3608649,"[ 0.00000000e+00 -7.41732974e-02  3.95972073e-01  3.03397059e+00
 -2.28155514e+00 -8.14927294e-05  9.60019905e-01  1.57092389e+00]","[ 0.00000000e+00 -8.85919761e-02  2.99887485e-01 -1.23628848e-01
  1.59089679e-05  0.00000000e+00  0.00000000e+00  0.00000000e+00]","[ 0.         -0.99068993 11.9841938  -0.35475421 -4.38002682  0.11989419
 -1.54772186 -0.07042596]"
1747093050.362528,"[ 0.00000000e+00 -7.43623819e-02  3.96564893e-01  3.03373223e+00
 -2.28155514e+00 -8.14927294e-05  9.60019905e-01  1.57092389e+00]","[ 0.00000000e+00 -8.50458024e-02  3.00348378e-01 -1.19653181e-01
  1.58969375e-05  0.00000000e+00  0.00000000e+00  0.00000000e+00]","[ 0.         -0.98920465 12.00370121 -0.32266822 -4.33086681  0.1329602
 -1.55480266 -0.09778988]"
1747093050.3648324,"[ 0.00000000e+00 -7.45115189e-02  3.97182480e-01  3.03349761e+00
 -2.28155514e+00 -8.14927294e-05  9.60019905e-01  1.57092389e+00]","[ 0.00000000e+00 -8.04890505e-02  3.02176006e-01 -1.19112984e-01
  1.06059783e-05  0.00000000e+00  0.00000000e+00  0.00000000e+00]","[ 0.         -0.98588032 11.97213745 -0.32480577 -4.30241776  0.11324667
 -1.5465523  -0.1079398 ]"
1747093050.3666935,"[ 0.00000000e+00 -7.46920812e-02  3.97784954e-01  3.03325286e+00
 -2.28155487e+00 -8.14927294e-05  9.60019905e-01  1.57092389e+00]","[ 0.00000000e+00 -8.27535947e-02  3.05980198e-01 -1.20193379e-01
  1.32574726e-05  0.00000000e+00  0.00000000e+00  0.00000000e+00]","[ 0.         -0.98621994 11.88905907 -0.30771369 -4.25702953  0.09285999
 -1.53629768 -0.06805177]"
1747093050.368387,"[ 0.00000000e+00 -7.47751718e-02  3.98086623e-01  3.03313249e+00
 -2.28155487e+00 -8.14927294e-05  9.60019905e-01  1.57092389e+00]","[ 0.00000000e+00 -8.42704147e-02  3.06020445e-01 -1.22084056e-01
  1.32474486e-05  0.00000000e+00  0.00000000e+00  0.00000000e+00]","[ 0.         -0.98796332 11.90197277 -0.29123136 -4.23044538  0.08075653
 -1.53159046 -0.07683746]"
1747093050.370246,"[ 0.00000000e+00 -7.49445489e-02  3.98720322e-01  3.03287896e+00
 -2.28155434e+00 -8.25579938e-05  9.60019905e-01  1.57092389e+00]","[ 0.00000000e+00 -8.69713844e-02  3.09949806e-01 -1.24013617e-01
  1.85604623e-05 -1.05819570e-05  0.00000000e+00  0.00000000e+00]","[ 0.         -0.98633713 11.85971737 -0.2821857  -4.1562767   0.0844707
 -1.51431298 -0.07263982]"
1747093050.371362,"[ 0.00000000e+00 -7.51267091e-02  3.99334248e-01  3.03263528e+00
 -2.28155434e+00 -8.25579938e-05  9.60019905e-01  1.57092389e+00]","[ 0.00000000e+00 -8.96723623e-02  3.11692479e-01 -1.22354159e-01
  1.85464284e-05 -1.05739739e-05  0.00000000e+00  0.00000000e+00]","[ 0.         -0.98015308 11.74184322 -0.27080196 -4.12453222  0.06368461
 -1.48492801 -0.0833231 ]"
1747093050.374097,"[ 0.00000000e+00 -7.53030104e-02  3.99952800e-01  3.03238680e+00
 -2.28155434e+00 -8.25579938e-05  9.60019905e-01  1.57092389e+00]","[ 0.00000000e+00 -8.96723623e-02  3.14933646e-01 -1.21003670e-01
  1.32576047e-05 -1.05819570e-05  0.00000000e+00  0.00000000e+00]","[ 0.         -0.951195   11.63173389 -0.24637993 -4.06997347  0.06743801
 -1.47830176 -0.07775224]"
1747093050.3757105,"[ 0.00000000e+00 -7.54904969e-02  4.00599782e-01  3.03214978e+00
 -2.28155381e+00 -8.25579938e-05  9.60019905e-01  1.57092389e+00]","[ 0.00000000e+00 -9.26970475e-02  3.16284135e-01 -1.20193379e-01
  1.85464284e-05 -1.05740785e-05  0.00000000e+00  0.00000000e+00]","[ 0.         -0.92336643 11.4918623  -0.21087679 -4.01102114  0.07596401
 -1.47306991 -0.07452191]"
1747093050.3773687,"[ 0.00000000e+00 -7.56742550e-02  4.01225658e-01  3.03190371e+00
 -2.28155381e+00 -8.25579938e-05  9.60019905e-01  1.57092389e+00]","[ 0.00000000e+00 -9.39939238e-02  3.17094435e-01 -1.19531949e-01
  1.85604623e-05 -1.05819570e-05  0.00000000e+00  0.00000000e+00]","[ 0.         -0.92629105 11.44959068 -0.19396925 -3.97048354  0.07609132
 -1.45233405 -0.0884643 ]"
1747093050.3790357,"[ 0.00000000e+00 -7.57674656e-02  4.01563180e-01  3.03178706e+00
 -2.28155381e+00 -8.25579938e-05  9.60019905e-01  1.57092389e+00]","[ 0.00000000e+00 -9.45341127e-02  3.17723640e-01 -1.18302692e-01
  1.85464284e-05 -1.05819570e-05  0.00000000e+00  0.00000000e+00]","[ 0.         -0.92853314 11.3737936  -0.18145397 -3.96683812  0.07735846
 -1.45038104 -0.09832717]"
1747093050.3808112,"[ 0.00000000e+00 -7.59629417e-02  4.02189955e-01  3.03155883e+00
 -2.28155328e+00 -8.25579938e-05  9.60019905e-01  1.57092389e+00]","[ 0.00000000e+00 -9.56145072e-02  3.17957100e-01 -1.14251234e-01
  2.38634509e-05 -1.05820616e-05  0.00000000e+00  0.00000000e+00]","[ 0.         -0.93144631 11.30328369 -0.16060305 -3.96246099  0.06302679
 -1.4444567  -0.09808996]"
1747093050.3819668,"[ 0.00000000e+00 -7.61520261e-02  4.02819493e-01  3.03133033e+00
 -2.28155381e+00 -8.25579938e-05  9.60019905e-01  1.57092389e+00]","[ 0.00000000e+00 -9.61547045e-02  3.20335602e-01 -1.11280161e-01
  1.85604623e-05 -1.05819570e-05  0.00000000e+00  0.00000000e+00]","[ 0.         -0.93400091 11.28787327 -0.1608239  -3.99001217  0.05746898
 -1.44276798 -0.08431723]"
1747093050.383689,"[ 0.00000000e+00 -7.62553568e-02  4.03161144e-01  3.03122087e+00
 -2.28155381e+00 -8.25579938e-05  9.60019905e-01  1.57092389e+00]","[ 0.00000000e+00 -9.72981660e-02  3.21735925e-01 -1.10897590e-01
  1.85604623e-05 -1.05819570e-05  0.00000000e+00  0.00000000e+00]","[ 0.         -0.93410081 11.28465557 -0.16631228 -3.99564409  0.07151586
 -1.45167875 -0.07560036]"
1747093050.3854709,"[ 0.00000000e+00 -7.64449738e-02  4.03799869e-01  3.03098944e+00
 -2.28155381e+00 -8.25579938e-05  9.60019905e-01  1.57092389e+00]","[ 0.00000000e+00 -9.61547045e-02  3.24116958e-01 -1.14601190e-01
  1.85604623e-05 -1.05819570e-05  0.00000000e+00  0.00000000e+00]","[ 0.         -0.94584209 11.24325943 -0.21720561 -4.09127855  0.06641063
 -1.45778465 -0.0722181 ]"
1747093050.387253,"[ 0.00000000e+00 -7.64449738e-02  4.04120381e-01  3.03087386e+00
 -2.28155381e+00 -8.25579938e-05  9.60019905e-01  1.57092389e+00]","[ 0.00000000e+00 -9.61547045e-02  3.25197369e-01 -1.17222306e-01
  1.85604623e-05 -1.05820616e-05  0.00000000e+00  0.00000000e+00]","[ 0.         -0.94584209 11.16117573 -0.23184846 -4.13998175  0.072339
 -1.45958006 -0.06596588]"
1747093050.3890514,"[ 0.00000000e+00 -7.66431130e-02  4.04783908e-01  3.03063551e+00
 -2.28155381e+00 -8.25579938e-05  9.60019905e-01  1.57092389e+00]","[ 0.00000000e+00 -9.68878561e-02  3.22766469e-01 -1.22354159e-01
  1.85604623e-05 -1.05819570e-05  0.00000000e+00  0.00000000e+00]","[ 0.         -0.96537811 11.1214695  -0.24045463 -4.21874142  0.08402149
 -1.46068382 -0.08311656]"
1747093050.3908324,"[ 0.00000000e+00 -7.68311322e-02  4.05422201e-01  3.03037452e+00
 -2.28155381e+00 -8.25579938e-05  9.60019905e-01  1.57092389e+00]","[ 0.00000000e+00 -9.50743100e-02  3.24116958e-01 -1.28566399e-01
  1.85464284e-05 -1.05819570e-05  0.00000000e+00  0.00000000e+00]","[ 0.         -0.98285407 11.17221069 -0.24056213 -4.25239372  0.10360142
 -1.45620143 -0.09134238]"
1747093050.3924596,"[ 0.00000000e+00 -7.70218145e-02  4.06087092e-01  3.03011433e+00
 -2.28155381e+00 -8.25579938e-05  9.60019905e-01  1.57092389e+00]","[ 0.00000000e+00 -9.22827928e-02  3.24940740e-01 -1.32617857e-01
  1.85602774e-05 -1.05979587e-05  0.00000000e+00  0.00000000e+00]","[ 0.         -0.95319986 11.19467068 -0.21836492 -4.27805042  0.10454272
 -1.46145427 -0.09416554]"
1747093050.3942432,"[ 0.00000000e+00 -7.71123620e-02  4.06407604e-01  3.02997238e+00
 -2.28155381e+00 -8.25579938e-05  9.60019905e-01  1.57092389e+00]","[ 0.00000000e+00 -9.18331430e-02  3.25197369e-01 -1.33659586e-01
  1.85604623e-05 -1.05819570e-05  0.00000000e+00  0.00000000e+00]","[ 0.         -0.93638617 11.23652744 -0.21444616 -4.29157686  0.07944651
 -1.4670136  -0.09719212]"
1747093050.3959577,"[ 0.00000000e+00 -7.72934569e-02  4.07071596e-01  3.02970473e+00
 -2.28155434e+00 -8.25579938e-05  9.60019905e-01  1.57092389e+00]","[ 0.00000000e+00 -9.29135292e-02  3.23491315e-01 -1.36399221e-01
  1.32474486e-05 -1.05899522e-05  0.00000000e+00  0.00000000e+00]","[ 0.         -0.8964082  11.22179604 -0.20747878 -4.32344961  0.06971668
 -1.50231779 -0.08702095]"
1747093050.397683,"[ 0.00000000e+00 -7.74857372e-02  4.07708491e-01  3.02942777e+00
 -2.28155381e+00 -8.25579938e-05  9.60019905e-01  1.57092389e+00]","[ 0.00000000e+00 -9.37874039e-02  3.23306691e-01 -1.35451552e-01
  1.85604623e-05 -1.05819570e-05  0.00000000e+00  0.00000000e+00]","[ 0.         -0.88073266 11.26444054 -0.18652482 -4.35640717  0.08068237
 -1.49322677 -0.07924723]"
1747093050.4000738,"[ 0.00000000e+00 -7.76689627e-02  4.08376612e-01  3.02916731e+00
 -2.28155381e+00 -8.25579938e-05  9.60019905e-01  1.57092389e+00]","[ 0.00000000e+00 -9.33590428e-02  3.26694465e-01 -1.30997274e-01
  1.85464284e-05 -1.05899522e-05  0.00000000e+00  0.00000000e+00]","[ 0.         -0.84728575 11.28292179 -0.16485259 -4.39881325  0.08762989
 -1.49569023 -0.0813806 ]"
1747093050.4016018,"[ 0.00000000e+00 -7.78548513e-02  4.09022695e-01  3.02890765e+00
 -2.28155434e+00 -8.25579938e-05  9.60019905e-01  1.57092389e+00]","[ 0.00000000e+00 -8.96723623e-02  3.27898347e-01 -1.24658601e-01
  1.32574726e-05 -1.05979587e-05  0.00000000e+00  0.00000000e+00]","[ 0.         -0.82226288 11.34103298 -0.15387952 -4.40477324  0.09223393
 -1.51481676 -0.07368056]"
1747093050.4038951,"[ 0.00000000e+00 -7.80284894e-02  4.09666947e-01  3.02866637e+00
 -2.28155381e+00 -8.25579938e-05  9.60019905e-01  1.57092389e+00]","[ 0.00000000e+00 -8.85919761e-02  3.26547858e-01 -1.21543868e-01
  1.85464284e-05 -1.05899522e-05  0.00000000e+00  0.00000000e+00]","[ 0.         -0.82680351 11.42677593 -0.1618959  -4.39126444  0.08864903
 -1.51489437 -0.0725773 ]"
1747093050.4056876,"[ 0.00000000e+00 -7.82095844e-02  4.10333236e-01  3.02842216e+00
 -2.28155381e+00 -8.25579938e-05  9.60019905e-01  1.57092389e+00]","[ 0.00000000e+00 -8.85919761e-02  3.25137681e-01 -1.18864253e-01
  1.85604623e-05 -1.05979587e-05  0.00000000e+00  0.00000000e+00]","[ 0.         -0.82117677 11.48978138 -0.14881296 -4.38238907  0.07987116
 -1.50588715 -0.08813154]"
1747093050.4075341,"[ 0.00000000e+00 -7.83890814e-02  4.10978853e-01  3.02818993e+00
 -2.28155381e+00 -8.25579938e-05  9.60019905e-01  1.57092389e+00]","[ 0.00000000e+00 -9.17400989e-02  3.27358125e-01 -1.16682109e-01
  1.85464284e-05 -1.05979587e-05  0.00000000e+00  0.00000000e+00]","[ 0.         -0.79585236 11.55091286 -0.16888386 -4.35322905  0.05601939
 -1.51427078 -0.0795707 ]"
1747093050.4092436,"[ 0.00000000e+00 -7.84806942e-02  4.11301661e-01  3.02807541e+00
 -2.28155381e+00 -8.25579938e-05  9.60019905e-01  1.57092389e+00]","[ 0.00000000e+00 -9.29135292e-02  3.27358125e-01 -1.16024241e-01
  1.85464284e-05 -1.05979587e-05  0.00000000e+00  0.00000000e+00]","[ 0.         -0.82078379 11.58070564 -0.17769584 -4.33725405  0.05949133
 -1.52500975 -0.08102711]"
1747093050.4110267,"[ 0.00000000e+00 -7.86681807e-02  4.11970714e-01  3.02783200e+00
 -2.28155381e+00 -8.25579938e-05  9.60019905e-01  1.57092389e+00]","[ 0.00000000e+00 -9.07527485e-02  3.26879388e-01 -1.19383087e-01
  1.85604623e-05 -1.05979587e-05  0.00000000e+00  0.00000000e+00]","[ 0.         -0.86800766 11.66863632 -0.20126867 -4.2907939   0.06240879
 -1.535694   -0.09215569]"
1747093050.4128342,"[ 0.00000000e+00 -7.88466125e-02  4.12640665e-01  3.02759338e+00
 -2.28155381e+00 -8.25579938e-05  9.60019905e-01  1.57092389e+00]","[ 0.00000000e+00 -9.02125596e-02  3.26500520e-01 -1.22084056e-01
  1.85464284e-05 -1.06058726e-05  0.00000000e+00  0.00000000e+00]","[ 0.         -0.84776157 11.78447437 -0.19016342 -4.28459454  0.07081129
 -1.51902544 -0.094939  ]"
1747093050.4146264,"[ 0.00000000e+00 -7.90255769e-02  4.13289478e-01  3.02734358e+00
 -2.28155381e+00 -8.25579938e-05  9.60019905e-01  1.57092389e+00]","[ 0.00000000e+00 -8.64311954e-02  3.29248836e-01 -1.21667263e-01
  1.85604623e-05 -1.05979587e-05  0.00000000e+00  0.00000000e+00]","[ 0.         -0.81224728 11.82833576 -0.18263319 -4.27416611  0.09268778
 -1.53492355 -0.09538195]"
1747093050.4163988,"[ 0.00000000e+00 -7.91123960e-02  4.13615050e-01  3.02722427e+00
 -2.28155381e+00 -8.25579938e-05  9.60019905e-01  1.57092389e+00]","[ 0.00000000e+00 -8.80517789e-02  3.30059103e-01 -1.20881065e-01
  1.85464284e-05 -1.06059783e-05  0.00000000e+00  0.00000000e+00]","[ 0.         -0.7882238  11.79469967 -0.20181106 -4.26999521  0.09461123
 -1.53269517 -0.07907148]"
1747093050.418204,"[ 0.00000000e+00 -7.92913604e-02  4.14291892e-01  3.02698618e+00
 -2.28155381e+00 -8.25579938e-05  9.60019905e-01  1.57092389e+00]","[ 0.00000000e+00 -8.67658882e-02  3.30803989e-01 -1.19923276e-01
  1.85462435e-05 -1.05979587e-05  0.00000000e+00  0.00000000e+00]","[ 0.         -0.80419749 11.77585125 -0.20610949 -4.2418046   0.09036206
 -1.52010894 -0.08216819]"
1747093050.4193482,"[ 0.00000000e+00 -7.94618027e-02  4.14943967e-01  3.02674117e+00
 -2.28155381e+00 -8.25579938e-05  9.60019905e-01  1.57092389e+00]","[ 0.00000000e+00 -8.58909982e-02  3.30599325e-01 -1.19653181e-01
  1.85604623e-05 -1.06059783e-05  0.00000000e+00  0.00000000e+00]","[ 0.         -0.7867403  11.77551365 -0.19461401 -4.22964954  0.05301214
 -1.52003264 -0.08940304]"
1747093050.421653,"[ 0.00000000e+00 -7.96365061e-02  4.15622640e-01  3.02650681e+00
 -2.28155328e+00 -8.25579938e-05  9.60019905e-01  1.57092389e+00]","[ 0.00000000e+00 -8.42582058e-02  3.32017425e-01 -1.18963547e-01
  2.38454062e-05 -1.05979587e-05  0.00000000e+00  0.00000000e+00]","[ 0.         -0.77792329 11.80520248 -0.15162405 -4.21813345  0.05288921
 -1.54468775 -0.09095355]"
1747093050.423416,"[ 0.00000000e+00 -7.97994915e-02  4.16278810e-01  3.02626393e+00
 -2.28155328e+00 -8.25579938e-05  9.60019905e-01  1.57092389e+00]","[ 0.00000000e+00 -8.31900202e-02  3.33300270e-01 -1.17762503e-01
  2.38632132e-05 -1.06059783e-05  0.00000000e+00  0.00000000e+00]","[ 0.         -0.75602639 11.80833817 -0.16485611 -4.19021273  0.05143579
 -1.554649   -0.08478237]"
1747093050.425106,"[ 0.00000000e+00 -7.98820495e-02  4.16608509e-01  3.02614728e+00
 -2.28155328e+00 -8.25579938e-05  9.60019905e-01  1.57092389e+00]","[ 0.00000000e+00 -8.37302174e-02  3.34041893e-01 -1.18302692e-01
  2.38456439e-05 -1.05979587e-05  0.00000000e+00  0.00000000e+00]","[ 0.         -0.77098519 11.88698959 -0.17109819 -4.17082453  0.04801999
 -1.55369163 -0.08957244]"
1747093050.4265175,"[ 0.00000000e+00 -8.00567529e-02  4.17295938e-01  3.02590813e+00
 -2.28155328e+00 -8.25579938e-05  9.60019905e-01  1.57092389e+00]","[ 0.00000000e+00 -8.47597373e-02  3.36029743e-01 -1.16607332e-01
  2.38634509e-05 -1.06059783e-05  0.00000000e+00  0.00000000e+00]","[ 0.         -0.76209027 11.84145641 -0.15285091 -4.17560291  0.06352215
 -1.53695893 -0.10509591]"
1747093050.4277015,"[ 0.00000000e+00 -8.01398435e-02  4.17627002e-01  3.02579282e+00
 -2.28155328e+00 -8.25579938e-05  9.60019905e-01  1.57092389e+00]","[ 0.00000000e+00 -8.42704147e-02  3.35731170e-01 -1.16833709e-01
  2.38634509e-05 -1.06059783e-05  0.00000000e+00  0.00000000e+00]","[ 0.         -0.74197114 11.78641415 -0.15390874 -4.17587614  0.06562562
 -1.53675306 -0.10512094]"
1747093050.430142,"[ 0.00000000e+00 -8.03145469e-02  4.18288698e-01  3.02555819e+00
 -2.28155328e+00 -8.25579938e-05  9.60019905e-01  1.57092389e+00]","[ 0.00000000e+00 -8.57628169e-02  3.34581516e-01 -1.19112984e-01
  2.38636886e-05 -1.05979587e-05  0.00000000e+00  0.00000000e+00]","[ 0.         -0.7828232  11.77547455 -0.13126364 -4.18610191  0.06654019
 -1.53542185 -0.09359936]"
1747093050.43194,"[ 0.00000000e+00 -8.04828587e-02  4.18978856e-01  3.02528735e+00
 -2.28155328e+00 -8.25579938e-05  9.60019905e-01  1.57092389e+00]","[ 0.00000000e+00 -8.48106036e-02  3.37081659e-01 -1.25325232e-01
  2.38634509e-05 -1.06059783e-05  0.00000000e+00  0.00000000e+00]","[ 0.         -0.7810753  11.76850891 -0.12598501 -4.19115305  0.04744456
 -1.53931999 -0.09111565]"
1747093050.4337475,"[ 0.00000000e+00 -8.06628884e-02  4.19644679e-01  3.02502796e+00
 -2.28155328e+00 -8.25579938e-05  9.60019905e-01  1.57092389e+00]","[ 0.00000000e+00 -8.92735706e-02  3.37081659e-01 -1.27390380e-01
  2.38454062e-05 -1.06059783e-05  0.00000000e+00  0.00000000e+00]","[ 0.         -0.76017916 11.75720596 -0.09231909 -4.19753361  0.03329848
 -1.52798796 -0.09212348]"
1747093050.435569,"[ 0.00000000e+00 -8.08418528e-02  4.20335770e-01  3.02477948e+00
 -2.28155328e+00 -8.25579938e-05  9.60019905e-01  1.57092389e+00]","[ 0.00000000e+00 -9.12929458e-02  3.36811548e-01 -1.25198249e-01
  1.85604623e-05 -1.06059783e-05  0.00000000e+00  0.00000000e+00]","[ 0.         -0.69334155 11.78496933 -0.04713133 -4.17616558  0.02758977
 -1.51525497 -0.10256027]"
1747093050.4366708,"[ 0.00000000e+00 -8.09324003e-02  4.20667300e-01  3.02465831e+00
 -2.28155328e+00 -8.25579938e-05  9.60019905e-01  1.57092389e+00]","[ 0.00000000e+00 -9.18331430e-02  3.36271359e-01 -1.22894348e-01
  1.85604623e-05 -1.06059783e-05  0.00000000e+00  0.00000000e+00]","[ 0.         -0.6884113  11.87226772 -0.04212238 -4.16827869  0.03054755
 -1.51558828 -0.09404574]"
1747093050.4391775,"[ 0.00000000e+00 -8.11246805e-02  4.21360221e-01  3.02441117e+00
 -2.28155328e+00 -8.25579938e-05  9.60019905e-01  1.57092389e+00]","[ 0.00000000e+00 -9.36991784e-02  3.38537409e-01 -1.19653181e-01
  1.85604623e-05 -1.06058726e-05  0.00000000e+00  0.00000000e+00]","[ 0.         -0.63866168 11.85327435 -0.03400166 -4.15800381  0.03122244
 -1.5135746  -0.09846493]"
1747093050.441007,"[ 0.00000000e+00 -8.13036449e-02  4.22030639e-01  3.02417734e+00
 -2.28155328e+00 -8.36232582e-05  9.60019905e-01  1.57092389e+00]","[ 0.00000000e+00 -8.96723623e-02  3.40322826e-01 -1.18722481e-01
  1.85604623e-05 -2.12119566e-05  0.00000000e+00  0.00000000e+00]","[ 0.         -0.63910985 11.82309341 -0.01238499 -4.13359594  0.05113104
 -1.50677717 -0.10202271]"
1747093050.442846,"[ 0.00000000e+00 -8.13920619e-02  4.22366763e-01  3.02405431e+00
 -2.28155328e+00 -8.36232582e-05  9.60019905e-01  1.57092389e+00]","[ 0.00000000e+00 -8.96723623e-02  3.40517636e-01 -1.15855031e-01
  1.85604623e-05 -2.11959173e-05  0.00000000e+00  0.00000000e+00]","[ 0.00000000e+00 -6.27401114e-01  1.17688484e+01  4.67381952e-03
 -4.13387728e+00  5.16607575e-02 -1.51196671e+00 -1.05503947e-01]"
1747093050.4446776,"[ 0.00000000e+00 -8.15704937e-02  4.23057853e-01  3.02372594e+00
 -2.28155328e+00 -8.36232582e-05  9.60019905e-01  1.57092389e+00]","[ 0.00000000e+00 -8.58909982e-02  3.36811548e-01 -1.08117791e-01
  1.85604623e-05 -2.12117453e-05  0.00000000e+00  0.00000000e+00]","[ 0.00000000e+00 -5.98798990e-01  1.17764397e+01  1.00224465e-02
 -4.13198805e+00  4.40449379e-02 -1.49631536e+00 -1.12593129e-01]"
1747093050.4458842,"[ 0.00000000e+00 -8.16551822e-02  4.23390282e-01  3.02363965e+00
 -2.28155301e+00 -8.36232582e-05  9.60019905e-01  1.57092389e+00]","[ 0.00000000e+00 -8.58039710e-02  3.37081659e-01 -1.03460937e-01
  2.11799045e-05 -2.12119566e-05  0.00000000e+00  0.00000000e+00]","[ 0.         -0.59713155 11.8584137   0.01392487 -4.12294531  0.0348997
 -1.50298023 -0.11030603]"
1747093050.4476838,"[ 0.00000000e+00 -8.18309508e-02  4.24056106e-01  3.02341834e+00
 -2.28155301e+00 -8.36232582e-05  9.60019905e-01  1.57092389e+00]","[ 0.00000000e+00 -8.62643484e-02  3.38162037e-01 -9.92249797e-02
  2.11959173e-05 -2.11959173e-05  0.00000000e+00  0.00000000e+00]","[ 0.         -0.61225933 11.96364117 -0.04839199 -4.06621599  0.02634167
 -1.51675212 -0.09438191]"
1747093050.449535,"[ 0.00000000e+00 -8.19934036e-02  4.24749959e-01  3.02324018e+00
 -2.28155301e+00 -8.36232582e-05  9.60019905e-01  1.57092389e+00]","[ 0.00000000e+00 -8.15694367e-02  3.38702226e-01 -9.80324328e-02
  2.11799045e-05 -2.12119566e-05  0.00000000e+00  0.00000000e+00]","[ 0.         -0.63741189 12.05029392 -0.08552301 -4.03476429  0.04819068
 -1.53720617 -0.08697218]"
1747093050.4513063,"[ 0.00000000e+00 -8.21553238e-02  4.25441482e-01  3.02312033e+00
 -2.28155301e+00 -8.36232582e-05  9.60019905e-01  1.57092389e+00]","[ 0.00000000e+00 -7.76650928e-02  3.38537409e-01 -9.87168402e-02
  2.11959173e-05 -2.11957060e-05  0.00000000e+00  0.00000000e+00]","[ 0.         -0.70003682 12.07533932 -0.11835171 -4.03852463  0.04432191
 -1.53657675 -0.09910881]"
1747093050.4531724,"[ 0.00000000e+00 -8.22298923e-02  4.25773945e-01  3.02302206e+00
 -2.28155301e+00 -8.36232582e-05  9.60019905e-01  1.57092389e+00]","[ 0.00000000e+00 -7.56272918e-02  3.37081659e-01 -9.96659659e-02
  2.12119566e-05 -2.12119566e-05  0.00000000e+00  0.00000000e+00]","[ 0.         -0.73066485 12.04345036 -0.14001356 -4.05808544  0.05840592
 -1.54335093 -0.08460052]"
1747093050.4543278,"[ 0.00000000e+00 -8.23758336e-02  4.26443430e-01  3.02280715e+00
 -2.28155301e+00 -8.36232582e-05  9.60019905e-01  1.57092389e+00]","[ 0.00000000e+00 -7.02151659e-02  3.40718571e-01 -1.01799216e-01
  2.11959173e-05 -2.11959173e-05  0.00000000e+00  0.00000000e+00]","[ 0.         -0.82756221 12.08952808 -0.23316649 -4.06569767  0.08296909
 -1.51329887 -0.06875912]"
1747093050.4561687,"[ 0.00000000e+00 -8.24445431e-02  4.26780020e-01  3.02270435e+00
 -2.28155248e+00 -8.36232582e-05  9.60019905e-01  1.57092389e+00]","[ 0.00000000e+00 -6.96851469e-02  3.41403204e-01 -1.04363474e-01
  2.64948971e-05 -2.11959173e-05  0.00000000e+00  0.00000000e+00]","[ 0.         -0.84378475 12.09146404 -0.28302425 -4.06668043  0.09094597
 -1.51392174 -0.06875912]"
1747093050.457988,"[ 0.00000000e+00 -8.25846254e-02  4.27528968e-01  3.02248490e+00
 -2.28155248e+00 -8.36232582e-05  9.60019905e-01  1.57092389e+00]","[ 0.00000000e+00 -7.13057304e-02  3.39978013e-01 -1.08038994e-01
  2.64751417e-05 -2.12117453e-05  0.00000000e+00  0.00000000e+00]","[ 0.         -0.93883038 12.13084888 -0.33226067 -4.06519794  0.13769647
 -1.51580727 -0.0816879 ]"
1747093050.459796,"[ 0.00000000e+00 -8.27310993e-02  4.28146588e-01  3.02226759e+00
 -2.28155248e+00 -8.36232582e-05  9.60019905e-01  1.57092389e+00]","[ 0.00000000e+00 -7.21533730e-02  3.38702226e-01 -1.11280161e-01
  2.64748795e-05 -2.11959173e-05  0.00000000e+00  0.00000000e+00]","[ 0.         -1.0363524  12.21321964 -0.34929457 -4.00982857  0.13325414
 -1.5130043  -0.08463544]"
1747093050.461672,"[ 0.00000000e+00 -8.28791710e-02  4.28894603e-01  3.02203616e+00
 -2.28155248e+00 -8.36232582e-05  9.60019905e-01  1.57092389e+00]","[ 0.00000000e+00 -7.61674891e-02  3.41403204e-01 -1.14405297e-01
  2.64748795e-05 -2.12119566e-05  0.00000000e+00  0.00000000e+00]","[ 0.         -1.09913492 12.2028017  -0.40256572 -3.98663545  0.13287786
 -1.50757217 -0.05957702]"
1747093050.462851,"[ 0.00000000e+00 -8.29611964e-02  4.29179761e-01  3.02192191e+00
 -2.28155248e+00 -8.36232582e-05  9.60019905e-01  1.57092389e+00]","[ 0.00000000e+00 -7.72366817e-02  3.41586263e-01 -1.15871817e-01
  2.65149452e-05 -2.11959173e-05  0.00000000e+00  0.00000000e+00]","[ 0.         -1.12118852 12.27060318 -0.418502   -3.97502065  0.14119564
 -1.49942207 -0.0595169 ]"
1747093050.4646184,"[ 0.00000000e+00 -8.31124639e-02  4.29933270e-01  3.02168729e+00
 -2.28155248e+00 -8.36232582e-05  9.60019905e-01  1.57092389e+00]","[ 0.00000000e+00 -7.66299637e-02  3.42800498e-01 -1.19653181e-01
  2.64748795e-05 -2.12117453e-05  0.00000000e+00  0.00000000e+00]","[ 0.         -1.17628908 12.27488136 -0.42048362 -3.9836781   0.13776447
 -1.4875654  -0.06195422]"
1747093050.4678288,"[ 0.00000000e+00 -8.33537463e-02  4.30949931e-01  3.02132137e+00
 -2.28155248e+00 -8.36232582e-05  9.60020904e-01  1.57092389e+00]","[ 0.00000000e+00 -8.07474437e-02  3.44245163e-01 -1.19923276e-01
  2.38634509e-05 -2.11959173e-05  1.05979587e-05  0.00000000e+00]","[ 0.         -1.19055092 12.04814434 -0.37335348 -4.00390148  0.15585263
 -1.4776144  -0.05889281]"
1747093050.4722385,"[ 0.00000000e+00 -8.36935657e-02  4.32338071e-01  3.02084094e+00
 -2.28155194e+00 -8.25579938e-05  9.60020904e-01  1.57092389e+00]","[ 0.00000000e+00 -8.71853277e-02  3.46117332e-01 -1.19112984e-01
  2.37914408e-05  0.00000000e+00  1.05979587e-05  0.00000000e+00]","[ 0.         -1.13814974 11.8608799  -0.32519642 -3.98180652  0.15458483
 -1.48864067 -0.0651651 ]"
1747093050.4765697,"[ 0.00000000e+00 -8.40408419e-02  4.33383628e-01  3.02036236e+00
 -2.28155194e+00 -8.25579938e-05  9.60020904e-01  1.57092389e+00]","[ 0.00000000e+00 -8.91321651e-02  3.43610997e-01 -1.19383087e-01
  2.37914408e-05  0.00000000e+00  1.05979587e-05  0.00000000e+00]","[ 0.         -1.06273818 11.92473412 -0.22072664 -3.97115993  0.11713168
 -1.47165489 -0.08553813]"
1747093050.4801607,"[ 0.00000000e+00 -8.43993034e-02  4.34828259e-01  3.01988672e+00
 -2.28155194e+00 -8.25579938e-05  9.60020904e-01  1.57092389e+00]","[ 0.00000000e+00 -9.12929458e-02  3.48568172e-01 -1.18842890e-01
  1.85044548e-05  0.00000000e+00  1.05979587e-05  0.00000000e+00]","[ 0.         -0.94702685 11.86010742 -0.13451165 -3.98158717  0.10668868
 -1.48726487 -0.09378268]"
1747093050.4831824,"[ 0.00000000e+00 -8.46698805e-02  4.35858204e-01  3.01952640e+00
 -2.28155194e+00 -8.25579938e-05  9.60020904e-01  1.57092389e+00]","[ 0.00000000e+00 -8.85022110e-02  3.47345348e-01 -1.17762503e-01
  1.32175979e-05  0.00000000e+00  1.06059783e-05  0.00000000e+00]","[ 0.         -0.91553092 11.70152378 -0.08928239 -4.00365114  0.09245308
 -1.48009443 -0.07038061]"
1747093050.4854996,"[ 0.00000000e+00 -8.49330009e-02  4.36909287e-01  3.01917779e+00
 -2.28155194e+00 -8.25579938e-05  9.60020904e-01  1.57092389e+00]","[ 0.00000000e+00 -8.53508009e-02  3.46453789e-01 -1.12845809e-01
  1.85044548e-05  0.00000000e+00  1.05979587e-05  0.00000000e+00]","[ 0.         -0.84578526 11.72831059 -0.05131547 -4.00027037  0.09564989
 -1.47044981 -0.06739298]"
1747093050.4878292,"[ 0.00000000e+00 -8.51077042e-02  4.37594418e-01  3.01896021e+00
 -2.28155194e+00 -8.25579938e-05  9.60020904e-01  1.57092389e+00]","[ 0.00000000e+00 -9.02125596e-02  3.47885537e-01 -1.09818294e-01
  1.85044548e-05  0.00000000e+00  1.06059783e-05  0.00000000e+00]","[ 0.         -0.84206516 11.73199081 -0.06985263 -4.00310087  0.09750391
 -1.47769237 -0.07041027]"
1747093050.4923377,"[ 0.00000000e+00 -8.53899993e-02  4.38643204e-01  3.01863717e+00
 -2.28155168e+00 -8.36232582e-05  9.60020904e-01  1.57092389e+00]","[ 0.00000000e+00 -9.44383304e-02  3.43755540e-01 -1.05338016e-01
  2.11481571e-05 -1.05820616e-05  1.06059783e-05  0.00000000e+00]","[ 0.         -0.7918036  11.82701302 -0.12017526 -3.99548626  0.07671361
 -1.48183656 -0.07285214]"
1747093050.4944968,"[ 0.00000000e+00 -8.57734945e-02  4.40035472e-01  3.01823370e+00
 -2.28155194e+00 -8.36232582e-05  9.60020904e-01  1.57092389e+00]","[ 0.00000000e+00 -9.50743100e-02  3.47345348e-01 -9.72981660e-02
  1.85186086e-05 -1.05739739e-05  1.06059783e-05  0.00000000e+00]","[ 0.         -0.82017493 11.92707539 -0.12840772 -4.02511454  0.0895889
 -1.52566648 -0.08047032]"
1747093050.4968946,"[ 0.00000000e+00 -8.59726989e-02  4.40744439e-01  3.01804675e+00
 -2.28155194e+00 -8.36232582e-05  9.60020904e-01  1.57092389e+00]","[ 0.00000000e+00 -9.77752879e-02  3.45233861e-01 -9.31836320e-02
  2.38096379e-05 -1.05739739e-05  1.06060839e-05  0.00000000e+00]","[ 0.         -0.82498842 11.93734455 -0.20132156 -4.09284163  0.1133364
 -1.52536654 -0.08620321]"
1747093050.498617,"[ 0.00000000e+00 -8.61708381e-02  4.41421281e-01  3.01785527e+00
 -2.28155194e+00 -8.36232582e-05  9.60020904e-01  1.57092389e+00]","[ 0.00000000e+00 -1.01016455e-01  3.42753693e-01 -9.38986908e-02
  2.37914408e-05 -1.05739739e-05  1.06059783e-05  0.00000000e+00]","[ 0.         -0.82452655 12.06229973 -0.22622605 -4.14692497  0.12849793
 -1.51392174 -0.07488003]"
1747093050.5004,"[ 0.00000000e+00 -8.63828258e-02  4.42098157e-01  3.01766751e+00
 -2.28155194e+00 -8.36232582e-05  9.60020904e-01  1.57092389e+00]","[ 0.00000000e+00 -1.03316602e-01  3.43293881e-01 -9.58846017e-02
  1.85044548e-05 -1.05739739e-05  1.05978530e-05  0.00000000e+00]","[ 0.         -0.86281604 12.19596195 -0.26490355 -4.09198856  0.11806747
 -1.52695739 -0.0585077 ]"
1747093050.5015335,"[ 0.00000000e+00 -8.64829606e-02  4.42463642e-01  3.01757111e+00
 -2.28155194e+00 -8.36232582e-05  9.60020904e-01  1.57092389e+00]","[ 0.00000000e+00 -1.01556652e-01  3.44054314e-01 -9.77752879e-02
  1.85186086e-05 -1.05819570e-05  1.05979587e-05  0.00000000e+00]","[ 0.         -0.865843   12.33367729 -0.25970942 -4.08192825  0.12308035
 -1.53945541 -0.0585296 ]"
1747093050.5032284,"[ 0.00000000e+00 -8.66816324e-02  4.43139586e-01  3.01735832e+00
 -2.28155194e+00 -8.36232582e-05  9.60020904e-01  1.57092389e+00]","[ 0.00000000e+00 -9.93958714e-02  3.42213504e-01 -1.05878214e-01
  2.37916765e-05 -1.05739739e-05  1.05900569e-05  0.00000000e+00]","[ 0.         -0.91795301 12.44898987 -0.27388874 -4.08100414  0.12112932
 -1.55721188 -0.06177367]"
1747093050.504857,"[ 0.00000000e+00 -8.67849631e-02  4.43503274e-01  3.01725179e+00
 -2.28155194e+00 -8.36232582e-05  9.60020904e-01  1.57092389e+00]","[ 0.00000000e+00 -9.72981660e-02  3.42549728e-01 -1.08038994e-01
  2.37914408e-05 -1.05740785e-05  1.06059783e-05  0.00000000e+00]","[ 0.         -0.91510451 12.54518032 -0.27637273 -4.06962299  0.11090478
 -1.55879748 -0.06369975]"
1747093050.5065951,"[ 0.00000000e+00 -8.69724496e-02  4.44178718e-01  3.01702276e+00
 -2.28155194e+00 -8.36232582e-05  9.60020904e-01  1.57092389e+00]","[ 0.00000000e+00 -9.50743100e-02  3.42753693e-01 -1.13240714e-01
  1.85184257e-05 -1.05739739e-05  1.05900569e-05  0.00000000e+00]","[ 0.         -0.92647147 12.67284775 -0.28516343 -4.08563328  0.11244719
 -1.57177019 -0.05405603]"
1747093050.5077865,"[ 0.00000000e+00 -8.71599362e-02  4.44884955e-01  3.01680065e+00
 -2.28155194e+00 -8.36232582e-05  9.60020904e-01  1.57092389e+00]","[ 0.00000000e+00 -9.06927858e-02  3.44231747e-01 -1.12630650e-01
  1.85186086e-05 -1.05739739e-05  1.06058726e-05  0.00000000e+00]","[ 0.         -0.90835023 12.65933132 -0.25452927 -4.16325617  0.1248072
 -1.58010232 -0.06811661]"
1747093050.509556,"[ 0.00000000e+00 -8.72483531e-02  4.45223842e-01  3.01667921e+00
 -2.28155194e+00 -8.36232582e-05  9.60020904e-01  1.57092389e+00]","[ 0.00000000e+00 -8.96723623e-02  3.43563993e-01 -1.14350420e-01
  1.85184257e-05 -1.05739739e-05  1.05819570e-05  0.00000000e+00]","[ 0.         -0.91289276 12.64457321 -0.22475998 -4.18163347  0.11760516
 -1.58105981 -0.06948701]"
1747093050.510746,"[ 0.00000000e+00 -8.73357048e-02  4.45563662e-01  3.01656630e+00
 -2.28155194e+00 -8.36232582e-05  9.60020904e-01  1.57092389e+00]","[ 0.00000000e+00 -8.85919761e-02  3.44644370e-01 -1.14521328e-01
  1.85184257e-05 -1.05740785e-05  1.05899522e-05  0.00000000e+00]","[ 0.         -0.88998377 12.68612194 -0.20879513 -4.19685173  0.12395513
 -1.57702911 -0.0664539 ]"
1747093050.5124888,"[ 0.00000000e+00 -8.75098755e-02  4.46266203e-01  3.01633913e+00
 -2.28155194e+00 -8.36232582e-05  9.60020904e-01  1.57092389e+00]","[ 0.00000000e+00 -8.37302174e-02  3.42800498e-01 -1.16294061e-01
  1.85044548e-05 -1.05740785e-05  1.06059783e-05  0.00000000e+00]","[ 0.         -0.86974913 12.63366604 -0.20977235 -4.1801033   0.12876004
 -1.56715906 -0.07109018]"
1747093050.514244,"[ 0.00000000e+00 -8.75903030e-02  4.46603726e-01  3.01621556e+00
 -2.28155194e+00 -8.36232582e-05  9.60020904e-01  1.57092389e+00]","[ 0.00000000e+00 -8.15694367e-02  3.42213504e-01 -1.16356562e-01
  1.85186086e-05 -1.05660030e-05  1.05819570e-05  0.00000000e+00]","[ 0.         -0.87539524 12.55905342 -0.18632181 -4.16177511  0.12250971
 -1.56759036 -0.079757  ]"
1747093050.5153823,"[ 0.00000000e+00 -8.77522232e-02  4.47280102e-01  3.01599238e+00
 -2.28155168e+00 -8.36232582e-05  9.60020904e-01  1.57092389e+00]","[ 0.00000000e+00 -8.26498312e-02  3.42946073e-01 -1.12630650e-01
  2.11641232e-05 -1.05739739e-05  1.06059783e-05  0.00000000e+00]","[ 0.         -0.89215153 12.57183552 -0.1297875  -4.08446884  0.11451975
 -1.5706799  -0.08390678]"
1747093050.5171392,"[ 0.00000000e+00 -8.78395749e-02  4.47645155e-01  3.01588346e+00
 -2.28155168e+00 -8.36232582e-05  9.60020904e-01  1.57092389e+00]","[ 0.00000000e+00 -8.22520548e-02  3.43803544e-01 -1.10469869e-01
  2.11479478e-05 -1.05740785e-05  1.06059783e-05  0.00000000e+00]","[ 0.         -0.90141588 12.66807747 -0.13148867 -4.01257658  0.09670449
 -1.55924869 -0.077887  ]"
1747093050.5182574,"[ 0.00000000e+00 -8.79993645e-02  4.48330253e-01  3.01567014e+00
 -2.28155168e+00 -8.36232582e-05  9.60020904e-01  1.57092389e+00]","[ 0.00000000e+00 -8.10292395e-02  3.48425760e-01 -1.02217283e-01
  2.11639139e-05 -1.05660030e-05  1.05819570e-05  0.00000000e+00]","[ 0.         -0.89118457 12.70348644 -0.11262257 -3.96383715  0.07595857
 -1.54449141 -0.07457248]"
1747093050.5199776,"[ 0.00000000e+00 -8.81682089e-02  4.49024107e-01  3.01547360e+00
 -2.28155168e+00 -8.36232582e-05  9.60020904e-01  1.57092389e+00]","[ 0.00000000e+00 -8.32551261e-02  3.52477193e-01 -9.80453824e-02
  2.11481571e-05 -1.05739739e-05  1.05900569e-05  0.00000000e+00]","[ 0.         -0.91754681 12.63516045 -0.12721092 -3.93774486  0.07958963
 -1.55394673 -0.08326385]"
1747093050.5221984,"[ 0.00000000e+00 -8.82491690e-02  4.49399246e-01  3.01537746e+00
 -2.28155168e+00 -8.36232582e-05  9.60020904e-01  1.57092389e+00]","[ 0.00000000e+00 -8.20264352e-02  3.53000371e-01 -9.75051851e-02
  2.11481571e-05 -1.05660030e-05  1.05900569e-05  0.00000000e+00]","[ 0.         -0.9406029  12.46821213 -0.13855681 -3.91804934  0.09118718
 -1.55394673 -0.08085464]"
1747093050.5232894,"[ 0.00000000e+00 -8.84142850e-02  4.50101355e-01  3.01517719e+00
 -2.28155168e+00 -8.36232582e-05  9.60020904e-01  1.57092389e+00]","[ 0.00000000e+00 -8.48106036e-02  3.57068849e-01 -9.88556741e-02
  1.58729355e-05 -1.05740785e-05  1.05899522e-05  0.00000000e+00]","[ 0.         -0.94460738 12.32852268 -0.16747896 -3.88964796  0.09521771
 -1.53905952 -0.07413143]"
1747093050.5255573,"[ 0.00000000e+00 -8.85953800e-02  4.50836521e-01  3.01497479e+00
 -2.28155114e+00 -8.36232582e-05  9.60020904e-01  1.57092389e+00]","[ 0.00000000e+00 -8.85919761e-02  3.59351212e-01 -9.85520072e-02
  2.11481571e-05 -1.05740785e-05  1.05739739e-05  0.00000000e+00]","[ 0.         -0.99786013 12.10489178 -0.18955573 -3.87456441  0.09422693
 -1.50951767 -0.0647707 ]"
1747093050.5273116,"[ 0.00000000e+00 -8.87759423e-02  4.51549183e-01  3.01477585e+00
 -2.28155061e+00 -8.36232582e-05  9.60020904e-01  1.57092389e+00]","[ 0.00000000e+00 -9.23733403e-02  3.60850238e-01 -1.02096849e-01
  2.64349338e-05 -1.05740785e-05  1.05740785e-05  0.00000000e+00]","[ 0.         -1.00987375 11.98413849 -0.19490723 -3.77123022  0.09470982
 -1.50627363 -0.06335413]"
1747093050.5290616,"[ 0.00000000e+00 -8.88776751e-02  4.51905048e-01  3.01467625e+00
 -2.28155061e+00 -8.36232582e-05  9.60020904e-01  1.57092389e+00]","[ 0.00000000e+00 -9.57935549e-02  3.60850238e-01 -1.01016455e-01
  2.64351959e-05 -1.05740785e-05  1.05740785e-05  0.00000000e+00]","[ 0.         -0.99818772 11.99630356 -0.19949007 -3.71932197  0.0767075
 -1.49068773 -0.06482438]"
1747093050.5308182,"[ 0.00000000e+00 -8.90667595e-02  4.52651232e-01  3.01446639e+00
 -2.28154981e+00 -8.36232582e-05  9.60020904e-01  1.57092389e+00]","[ 0.00000000e+00 -9.56145072e-02  3.65711972e-01 -1.02467819e-01
  3.43654167e-05 -1.05660030e-05  1.05739739e-05  0.00000000e+00]","[ 0.         -0.96107376 11.914217   -0.19365503 -3.61277843  0.07050382
 -1.47140753 -0.07567256]"
1747093050.5318885,"[ 0.00000000e+00 -8.92643660e-02  4.53375845e-01  3.01426346e+00
 -2.28154928e+00 -8.36232582e-05  9.60020904e-01  1.57092389e+00]","[ 0.00000000e+00 -9.71365704e-02  3.67872761e-01 -1.02637038e-01
  3.96527928e-05 -1.05739739e-05  1.05739739e-05  0.00000000e+00]","[ 0.         -0.93346077 11.84662342 -0.19990134 -3.53001928  0.08716956
 -1.44927418 -0.08025666]"
1747093050.5336416,"[ 0.00000000e+00 -8.93597072e-02  4.53767063e-01  3.01416199e+00
 -2.28154928e+00 -8.36232582e-05  9.60021836e-01  1.57092389e+00]","[ 0.00000000e+00 -9.66948934e-02  3.68378862e-01 -1.02907141e-01
  3.96527928e-05 -1.05660030e-05  1.85044548e-05  0.00000000e+00]","[ 0.         -0.91853386 11.7118988  -0.19580473 -3.50527549  0.0903276
 -1.43702495 -0.08280037]"
1747093050.5353847,"[ 0.00000000e+00 -8.95551832e-02  4.54489845e-01  3.01394947e+00
 -2.28154928e+00 -8.36232582e-05  9.60021836e-01  1.57092389e+00]","[ 0.00000000e+00 -1.00476258e-01  3.65982083e-01 -1.03717433e-01
  3.96823397e-05 -1.05661077e-05  1.85046377e-05  0.00000000e+00]","[ 0.         -0.89380491 11.60346794 -0.20758522 -3.4757154   0.10842695
 -1.42393017 -0.0630422 ]"
1747093050.5371757,"[ 0.00000000e+00 -8.96649055e-02  4.54851669e-01  3.01384801e+00
 -2.28154928e+00 -8.36232582e-05  9.60021836e-01  1.57092389e+00]","[ 0.00000000e+00 -1.03316602e-01  3.67062461e-01 -1.02907141e-01
  3.96524027e-05 -1.05740785e-05  1.85044548e-05  0.00000000e+00]","[ 0.         -0.91360056 11.5700779  -0.19384493 -3.49988222  0.11597543
 -1.41089571 -0.06735323]"
1747093050.5383275,"[ 0.00000000e+00 -8.98694362e-02  4.55605210e-01  3.01363682e+00
 -2.28154928e+00 -8.36232582e-05  9.60021836e-01  1.57092389e+00]","[ 0.00000000e+00 -1.03177236e-01  3.67872761e-01 -1.03316602e-01
  3.96527928e-05 -1.05660030e-05  1.85044548e-05  0.00000000e+00]","[ 0.         -0.88017386 11.49431038 -0.21178623 -3.52852345  0.11378943
 -1.40084028 -0.05812126]"
1747093050.540036,"[ 0.00000000e+00 -9.00808912e-02  4.56330256e-01  3.01343788e+00
 -2.28154928e+00 -8.36232582e-05  9.60021836e-01  1.57092389e+00]","[ 0.00000000e+00 -1.03219413e-01  3.67332572e-01 -1.00206163e-01
  3.96823397e-05 -1.05740785e-05  1.85046377e-05  0.00000000e+00]","[ 0.         -0.82538986 11.46304321 -0.21957615 -3.56067014  0.11606873
 -1.39263606 -0.05274713]"
1747093050.5418324,"[ 0.00000000e+00 -9.01804935e-02  4.56719211e-01  3.01334014e+00
 -2.28154928e+00 -8.36232582e-05  9.60021836e-01  1.57092389e+00]","[ 0.00000000e+00 -1.01016455e-01  3.66121966e-01 -9.91257769e-02
  3.96524027e-05  0.00000000e+00  1.85046377e-05  0.00000000e+00]","[ 0.         -0.81023902 11.43828773 -0.23088132 -3.57652926  0.12484551
 -1.38495791 -0.04903636]"
1747093050.543662,"[ 0.00000000e+00 -9.04947465e-02  4.57805647e-01  3.01314040e+00
 -2.28154928e+00 -8.36232582e-05  9.60021836e-01  1.57092389e+00]","[ 0.00000000e+00 -1.04221544e-01  3.68412950e-01 -9.71365704e-02
  3.96827298e-05  0.00000000e+00  1.85044548e-05  0.00000000e+00]","[ 0.         -0.76026434 11.55368614 -0.21997026 -3.57599211  0.12003998
 -1.38955331 -0.0432284 ]"
1747093050.5454216,"[ 0.00000000e+00 -9.07056688e-02  4.58563317e-01  3.01294919e+00
 -2.28154928e+00 -8.36232582e-05  9.60021836e-01  1.57092389e+00]","[ 0.00000000e+00 -1.07389874e-01  3.69388799e-01 -9.75051851e-02
  3.70651995e-05  0.00000000e+00  1.85046377e-05  0.00000000e+00]","[ 0.         -0.74988741 11.62654495 -0.21091931 -3.59433079  0.09830277
 -1.39005375 -0.05324632]"
1747093050.5471752,"[ 0.00000000e+00 -9.09245807e-02  4.59290193e-01  3.01274679e+00
 -2.28154875e+00 -8.36232582e-05  9.60021836e-01  1.57092389e+00]","[ 0.00000000e+00 -1.06827364e-01  3.68412950e-01 -9.91257769e-02
  4.23278279e-05  0.00000000e+00  1.85044548e-05  0.00000000e+00]","[ 0.         -0.75613606 11.68725967 -0.23179749 -3.61298919  0.09861564
 -1.38878512 -0.06436621]"
1747093050.5488787,"[ 0.00000000e+00 -9.10460208e-02  4.59652949e-01  3.01264799e+00
 -2.28154875e+00 -8.25579938e-05  9.60021836e-01  1.57092389e+00]","[ 0.00000000e+00 -1.06713664e-01  3.67872761e-01 -1.00206163e-01
  4.23278279e-05  1.05739739e-05  1.85044548e-05  0.00000000e+00]","[ 0.         -0.75080186 11.74889565 -0.2275997  -3.60163569  0.10343987
 -1.38901603 -0.05994833]"
1747093050.5506647,"[ 0.00000000e+00 -9.12654653e-02  4.60408321e-01  3.01243467e+00
 -2.28154875e+00 -8.25579938e-05  9.60021836e-01  1.57092389e+00]","[ 0.00000000e+00 -1.07328904e-01  3.69223250e-01 -1.04973138e-01
  4.23282464e-05  1.05739739e-05  1.85044548e-05  0.00000000e+00]","[ 0.         -0.7036562  11.80839825 -0.22635972 -3.63734031  0.08652584
 -1.3960911  -0.06259994]"
1747093050.5523732,"[ 0.00000000e+00 -9.14774529e-02  4.61136163e-01  3.01222295e+00
 -2.28154875e+00 -8.25579938e-05  9.60021836e-01  1.57092389e+00]","[ 0.00000000e+00 -1.07929522e-01  3.69223250e-01 -1.08849286e-01
  4.22958956e-05  1.05740785e-05  1.85046377e-05  0.00000000e+00]","[ 0.         -0.69300508 11.79060078 -0.20873217 -3.65992951  0.09837879
 -1.40822995 -0.05868787]"
1747093050.5541668,"[ 0.00000000e+00 -9.16958321e-02  4.61894731e-01  3.01199152e+00
 -2.28154822e+00 -8.25579938e-05  9.60022768e-01  1.57092389e+00]","[ 0.00000000e+00 -1.06325824e-01  3.70573739e-01 -1.14521328e-01
  4.76188043e-05  1.05739739e-05  2.90567959e-05  0.00000000e+00]","[ 0.         -0.68977636 11.85204697 -0.18243101 -3.63769984  0.11001753
 -1.42034888 -0.04330684]"
1747093050.5564046,"[ 0.00000000e+00 -9.18002280e-02  4.62259784e-01  3.01187673e+00
 -2.28154822e+00 -8.25579938e-05  9.60022768e-01  1.57092389e+00]","[ 0.00000000e+00 -1.05878214e-01  3.70303628e-01 -1.16294061e-01
  4.23278279e-05  1.05739739e-05  2.90784288e-05  0.00000000e+00]","[ 0.         -0.68620896 11.77211666 -0.15063635 -3.61361313  0.1110614
 -1.43276703 -0.04004034]"
1747093050.559302,"[ 0.00000000e+00 -9.21160789e-02  4.63758112e-01  3.01139896e+00
 -2.28154795e+00 -8.25579938e-05  9.60022768e-01  1.57092389e+00]","[ 0.00000000e+00 -1.03413982e-01  3.73544795e-01 -1.18302692e-01
  4.50413255e-05  1.05740785e-05  2.90787152e-05  0.00000000e+00]","[ 0.         -0.65755326 11.83133888 -0.11355221 -3.534477    0.08046021
 -1.40505421 -0.06276707]"
1747093050.5610878,"[ 0.00000000e+00 -9.22188770e-02  4.64126394e-01  3.01128471e+00
 -2.28154742e+00 -8.25579938e-05  9.60022768e-01  1.57092389e+00]","[ 0.00000000e+00 -1.04151994e-01  3.73544795e-01 -1.15754413e-01
  5.03403034e-05  1.05740785e-05  2.90784288e-05  0.00000000e+00]","[ 0.         -0.66023546 11.93824673 -0.1211734  -3.52093577  0.07255793
 -1.41597342 -0.058199  ]"
1747093050.5627754,"[ 0.00000000e+00 -9.24175488e-02  4.64890954e-01  3.01105435e+00
 -2.28154742e+00 -8.25579938e-05  9.60022768e-01  1.57092389e+00]","[ 0.00000000e+00 -9.99360687e-02  3.73143457e-01 -1.11341198e-01
  5.02263745e-05  1.05739739e-05  2.90565073e-05  0.00000000e+00]","[ 0.         -0.653162   11.9751215  -0.10350096 -3.51944304  0.06962553
 -1.41695821 -0.05481218]"
1747093050.5645475,"[ 0.00000000e+00 -9.26188838e-02  4.65627951e-01  3.01083943e+00
 -2.28154742e+00 -8.25579938e-05  9.60022768e-01  1.57092389e+00]","[ 0.00000000e+00 -9.77752879e-02  3.73705983e-01 -1.08309089e-01
  5.03022715e-05  1.05740785e-05  2.90784288e-05  0.00000000e+00]","[ 0.         -0.63815755 11.99135017 -0.08718946 -3.5426321   0.06763183
 -1.43570828 -0.05985166]"
1747093050.566369,"[ 0.00000000e+00 -9.28154250e-02  4.66400767e-01  3.01063038e+00
 -2.28154742e+00 -8.25579938e-05  9.60022768e-01  1.57092389e+00]","[ 0.00000000e+00 -9.57935549e-02  3.78136451e-01 -1.05878214e-01
  5.02263745e-05  1.05739739e-05  2.90787152e-05  0.00000000e+00]","[ 0.         -0.67609692 11.98658657 -0.09220462 -3.5772512   0.06468095
 -1.43421233 -0.07176531]"
1747093050.568146,"[ 0.00000000e+00 -9.29123641e-02  4.66773609e-01  3.01052252e+00
 -2.28154742e+00 -8.25579938e-05  9.60022768e-01  1.57092389e+00]","[ 0.00000000e+00 -9.82158663e-02  3.78136451e-01 -1.01561229e-01
  5.03403034e-05  1.05739739e-05  1.85044548e-05  0.00000000e+00]","[ 0.         -0.68540508 11.91721439 -0.08972104 -3.58724499  0.0478613
 -1.43610966 -0.07603712]"
1747093050.569315,"[ 0.00000000e+00 -9.31089054e-02  4.67520260e-01  3.01033157e+00
 -2.28154742e+00 -8.25579938e-05  9.60022768e-01  1.57092389e+00]","[ 0.00000000e+00 -9.93958714e-02  3.77596262e-01 -9.53444128e-02
  4.50754075e-05  0.00000000e+00  1.85044548e-05  0.00000000e+00]","[ 0.         -0.73570985 11.91935158 -0.0952245  -3.61881113  0.05241299
 -1.43049347 -0.0727547 ]"
1747093050.57168,"[ 0.00000000e+00 -9.33155667e-02  4.68294008e-01  3.01014195e+00
 -2.28154742e+00 -8.25579938e-05  9.60022768e-01  1.57092389e+00]","[ 0.00000000e+00 -1.01556652e-01  3.78676673e-01 -9.10289516e-02
  4.50754075e-05  0.00000000e+00  1.85046377e-05  0.00000000e+00]","[ 0.         -0.77923638 11.99913502 -0.13731122 -3.61125112  0.0418221
 -1.42362404 -0.08088546]"
1747093050.5734742,"[ 0.00000000e+00 -9.35169017e-02  4.69042023e-01  3.00996379e+00
 -2.28154688e+00 -8.25579938e-05  9.60022768e-01  1.57092389e+00]","[ 0.00000000e+00 -1.01016455e-01  3.79486940e-01 -9.07527485e-02
  5.03783961e-05  0.00000000e+00  1.85044548e-05  0.00000000e+00]","[ 0.         -0.79558903 12.06636333 -0.20046233 -3.61371255  0.05936109
 -1.42828548 -0.07511124]"
1747093050.5746727,"[ 0.00000000e+00 -9.36250260e-02  4.69445659e-01  3.00987377e+00
 -2.28154688e+00 -8.25579938e-05  9.60022768e-01  1.57092389e+00]","[ 0.00000000e+00 -1.01811991e-01  3.80164981e-01 -9.12004509e-02
  5.03783961e-05  0.00000000e+00  1.85044548e-05  0.00000000e+00]","[ 0.         -0.8269161  12.13199425 -0.24119693 -3.61173105  0.07033343
 -1.4427402  -0.05994846]"
1747093050.5764813,"[ 0.00000000e+00 -9.38316873e-02  4.70192276e-01  3.00968495e+00
 -2.28154742e+00 -8.25579938e-05  9.60022768e-01  1.57092389e+00]","[ 0.00000000e+00 -1.05878214e-01  3.77753322e-01 -9.31836320e-02
  4.24556138e-05  0.00000000e+00  1.85044548e-05  0.00000000e+00]","[ 0.         -0.91521001 12.13756943 -0.27320665 -3.65148449  0.07451497
 -1.46940625 -0.05589616]"
1747093050.578308,"[ 0.00000000e+00 -9.40468707e-02  4.70969253e-01  3.00949347e+00
 -2.28154742e+00 -8.25579938e-05  9.60022768e-01  1.57092389e+00]","[ 0.00000000e+00 -1.10739964e-01  3.80567351e-01 -9.85855797e-02
  4.50754075e-05  0.00000000e+00  1.85046377e-05  0.00000000e+00]","[ 0.         -0.93641466 12.12783718 -0.30868039 -3.72691584  0.07562959
 -1.47252226 -0.06112657]"
1747093050.5800426,"[ 0.00000000e+00 -9.41656477e-02  4.71345325e-01  3.00938695e+00
 -2.28154688e+00 -8.25579938e-05  9.60022768e-01  1.57092389e+00]","[ 0.00000000e+00 -1.11737517e-01  3.81377651e-01 -1.00213021e-01
  5.04165417e-05  0.00000000e+00  1.85044548e-05  0.00000000e+00]","[ 0.         -0.93417567 12.08950233 -0.31274906 -3.75822711  0.08572741
 -1.46637964 -0.05428264]"
1747093050.5830538,"[ 0.00000000e+00 -9.43872227e-02  4.72097468e-01  3.00918401e+00
 -2.28154688e+00 -8.25579938e-05  9.60022768e-01  1.57092389e+00]","[ 0.00000000e+00 -1.12360547e-01  3.80567351e-01 -1.04151994e-01
  5.04165417e-05  0.00000000e+00  1.85044548e-05  0.00000000e+00]","[ 0.         -0.92109805 12.14803314 -0.3218433  -3.79073691  0.11057317
 -1.47711909 -0.0513613 ]"
1747093050.5847113,"[ 0.00000000e+00 -9.47249115e-02  4.73248187e-01  3.00886630e+00
 -2.28154742e+00 -8.25579938e-05  9.60022768e-01  1.57092389e+00]","[ 0.00000000e+00 -1.10739964e-01  3.79216862e-01 -1.04068912e-01
  4.51095382e-05  0.00000000e+00  1.85046377e-05  0.00000000e+00]","[ 0.         -0.92666847 12.25530434 -0.31716248 -3.83992815  0.1078329
 -1.48505795 -0.06366033]"
1747093050.5865338,"[ 0.00000000e+00 -9.49454213e-02  4.74025597e-01  3.00865671e+00
 -2.28154688e+00 -8.25579938e-05  9.60022768e-01  1.57092389e+00]","[ 0.00000000e+00 -1.11280161e-01  3.80027162e-01 -1.06580406e-01
  5.03783961e-05  0.00000000e+00  1.85044548e-05  0.00000000e+00]","[ 0.         -0.91602772 12.29310036 -0.28890011 -3.81802344  0.10466885
 -1.4819845  -0.05321699]"
1747093050.588324,"[ 0.00000000e+00 -9.51701921e-02  4.74773179e-01  3.00844285e+00
 -2.28154688e+00 -8.25579938e-05  9.60022768e-01  1.57092389e+00]","[ 0.00000000e+00 -1.09659578e-01  3.78292978e-01 -1.09389475e-01
  4.77269018e-05  1.05899522e-05  1.85044548e-05  0.00000000e+00]","[ 0.         -0.88300079 12.39788628 -0.253158   -3.79123878  0.07926852
 -1.50648737 -0.05493119]"
1747093050.5901523,"[ 0.00000000e+00 -9.53896366e-02  4.75548725e-01  3.00819678e+00
 -2.28154688e+00 -8.25579938e-05  9.60022768e-01  1.57092389e+00]","[ 0.00000000e+00 -1.06325824e-01  3.78676673e-01 -1.11628103e-01
  4.77264263e-05  1.06059783e-05  1.85046377e-05  0.00000000e+00]","[ 0.         -0.83202213 12.45254135 -0.2045413  -3.76255417  0.0571524
 -1.51807392 -0.06797709]"
1747093050.591901,"[ 0.00000000e+00 -9.54950977e-02  4.75922966e-01  3.00808546e+00
 -2.28154688e+00 -8.25579938e-05  9.60022768e-01  1.57092389e+00]","[ 0.00000000e+00 -1.06850226e-01  3.79486940e-01 -1.12900745e-01
  4.77269018e-05  1.06059783e-05  1.85044548e-05  0.00000000e+00]","[ 0.         -0.81857699 12.51186371 -0.16861436 -3.74783874  0.06285449
 -1.51478028 -0.06987903]"
1747093050.5936916,"[ 0.00000000e+00 -9.57049548e-02  4.76673744e-01  3.00785829e+00
 -2.28154688e+00 -8.25579938e-05  9.60022768e-01  1.57092389e+00]","[ 0.00000000e+00 -1.06418402e-01  3.80027162e-01 -1.09389475e-01
  5.03783961e-05  1.06059783e-05  1.85044548e-05  0.00000000e+00]","[ 0.         -0.81874651 12.55735397 -0.10240974 -3.73911548  0.06635126
 -1.49662197 -0.07352474]"
1747093050.5954113,"[ 0.00000000e+00 -9.59201382e-02  4.77453451e-01  3.00764391e+00
 -2.28154688e+00 -8.25579938e-05  9.60022768e-01  1.57092389e+00]","[ 0.00000000e+00 -1.05338016e-01  3.80181759e-01 -1.07929522e-01
  5.03778963e-05  1.06059783e-05  1.85325998e-05  0.00000000e+00]","[ 0.         -0.76568794 12.53017044 -0.03143037 -3.73101807  0.06642876
 -1.48211753 -0.06561927]"
1747093050.5971305,"[ 0.00000000e+00 -9.61252016e-02  4.78201932e-01  3.00742073e+00
 -2.28154688e+00 -8.25579938e-05  9.60022768e-01  1.57092389e+00]","[ 0.00000000e+00 -1.03822728e-01  3.79486940e-01 -1.08807899e-01
  5.04165417e-05  1.06059783e-05  1.85184257e-05  0.00000000e+00]","[ 0.00000000e+00 -7.82659352e-01  1.25067825e+01 -2.07355502e-03
 -3.66864347e+00  5.83967827e-02 -1.48796391e+00 -6.71126470e-02]"
1747093050.598902,"[ 0.00000000e+00 -9.62279997e-02  4.78606034e-01  3.00731048e+00
 -2.28154662e+00 -8.25579938e-05  9.60022768e-01  1.57092389e+00]","[ 0.00000000e+00 -1.04151994e-01  3.80415751e-01 -1.11820358e-01
  5.30298904e-05  1.06059783e-05  1.85044548e-05  0.00000000e+00]","[ 0.00000000e+00 -7.63716459e-01  1.24171505e+01  4.32300009e-03
 -3.63662887e+00  5.50339557e-02 -1.49685919e+00 -6.42387196e-02]"
1747093050.6007037,"[ 0.00000000e+00 -9.64453136e-02  4.79356812e-01  3.00707852e+00
 -2.28154662e+00 -8.36232582e-05  9.60022768e-01  1.57092389e+00]","[ 0.00000000e+00 -1.06418402e-01  3.80991226e-01 -1.13347340e-01
  5.30293622e-05  0.00000000e+00  1.85186086e-05  0.00000000e+00]","[ 0.         -0.76442331 12.43428326  0.04200128 -3.58205152  0.02872745
 -1.50028217 -0.06950358]"
1747093050.6024377,"[ 0.00000000e+00 -9.66583665e-02  4.80139715e-01  3.00685135e+00
 -2.28154608e+00 -8.36232582e-05  9.60022768e-01  1.57092389e+00]","[ 0.00000000e+00 -1.08579183e-01  3.82312687e-01 -1.15754413e-01
  5.83764700e-05  0.00000000e+00  1.85324169e-05  0.00000000e+00]","[ 0.00000000e+00 -7.19788015e-01  1.24652424e+01  1.16762467e-01
 -3.50932169e+00  1.20464461e-02 -1.49697006e+00 -7.44745135e-02]"
1747093050.603641,"[ 0.00000000e+00 -9.67648929e-02  4.80516253e-01  3.00673790e+00
 -2.28154555e+00 -8.36232582e-05  9.60022768e-01  1.57092389e+00]","[ 0.00000000e+00 -1.08038994e-01  3.81917840e-01 -1.15061525e-01
  6.36358718e-05  0.00000000e+00  1.85324169e-05  0.00000000e+00]","[ 0.         -0.68780005 12.55776882  0.13224027 -3.46102786  0.01885276
 -1.48832142 -0.07365638]"
1747093050.6054235,"[ 0.00000000e+00 -9.69811416e-02  4.81268862e-01  3.00661513e+00
 -2.28154502e+00 -8.36232582e-05  9.60022768e-01  1.57092389e+00]","[ 0.00000000e+00 -1.05338016e-01  3.81377651e-01 -1.15604261e-01
  6.89388604e-05  0.00000000e+00  1.85184257e-05  0.00000000e+00]","[ 0.         -0.64618653 12.5392189   0.14335679 -3.40264678  0.0186122
 -1.46381998 -0.06776482]"
1747093050.6072247,"[ 0.00000000e+00 -9.71851398e-02  4.82052697e-01  3.00638982e+00
 -2.28154502e+00 -8.36232582e-05  9.60022768e-01  1.57092389e+00]","[ 0.00000000e+00 -1.02637038e-01  3.83268329e-01 -1.13595821e-01
  6.89381696e-05  0.00000000e+00  1.85324169e-05  0.00000000e+00]","[ 0.         -0.63963592 12.52335835  0.14526823 -3.38478017  0.02753909
 -1.47357786 -0.050262  ]"
1747093050.6090696,"[ 0.00000000e+00 -9.73949969e-02  4.82808069e-01  3.00616106e+00
 -2.28154502e+00 -8.36232582e-05  9.60022768e-01  1.57092389e+00]","[ 0.00000000e+00 -1.02637038e-01  3.82728140e-01 -1.12246706e-01
  6.89388604e-05  0.00000000e+00  1.85464284e-05  0.00000000e+00]","[ 0.         -0.64035809 12.4941864   0.17029841 -3.36805415  0.03645966
 -1.47791338 -0.04548348]"
1747093050.61082,"[ 0.00000000e+00 -9.74956643e-02  4.83183675e-01  3.00605240e+00
 -2.28154502e+00 -8.36232582e-05  9.60022768e-01  1.57092389e+00]","[ 0.00000000e+00 -1.01993402e-01  3.80837429e-01 -1.10199767e-01
  6.89910622e-05  0.00000000e+00  1.85466133e-05  0.00000000e+00]","[ 0.         -0.6353792  12.40050316  0.17453954 -3.37699342  0.03693581
 -1.47791338 -0.05169174]"
1747093050.6125445,"[ 0.00000000e+00 -9.76996625e-02  4.84022637e-01  3.00583322e+00
 -2.28154502e+00 -8.36232582e-05  9.60022768e-01  1.57092389e+00]","[ 0.00000000e+00 -9.93043086e-02  3.82156592e-01 -1.06325824e-01
  6.89388604e-05  0.00000000e+00  1.85044548e-05  0.00000000e+00]","[ 0.         -0.65058625 12.3895483   0.16071753 -3.40382504  0.03749156
 -1.46179998 -0.06732301]"
1747093050.6143005,"[ 0.00000000e+00 -9.78898122e-02  4.84807837e-01  3.00562976e+00
 -2.28154475e+00 -8.36232582e-05  9.60022768e-01  1.57092389e+00]","[ 0.00000000e+00 -9.50743100e-02  3.83926496e-01 -1.01453754e-01
  6.89381696e-05  0.00000000e+00  1.85324169e-05  0.00000000e+00]","[ 0.         -0.64151311 12.39572048  0.13039596 -3.39999843  0.03065164
 -1.45663869 -0.07217243]"
1747093050.6168227,"[ 0.00000000e+00 -9.80799619e-02  4.85564141e-01  3.00542922e+00
 -2.28154475e+00 -8.36232582e-05  9.60022768e-01  1.57092389e+00]","[ 0.00000000e+00 -9.26970475e-02  3.82458029e-01 -9.67966262e-02
  6.88353671e-05  0.00000000e+00  1.85044548e-05  0.00000000e+00]","[ 0.         -0.66149867 12.42560577  0.08265343 -3.38521004  0.03375612
 -1.46505356 -0.07491154]"
1747093050.6179483,"[ 0.00000000e+00 -9.82653179e-02  4.86314887e-01  3.00524653e+00
 -2.28154475e+00 -8.36232582e-05  9.60022768e-01  1.57092389e+00]","[ 0.00000000e+00 -9.45341127e-02  3.80837429e-01 -9.10228513e-02
  6.88346925e-05  0.00000000e+00  1.85464284e-05  0.00000000e+00]","[ 0.         -0.71912062 12.45905209  0.01843413 -3.40467834  0.05106033
 -1.46539032 -0.069151  ]"
1747093050.619652,"[ 0.00000000e+00 -9.83579959e-02  4.86719920e-01  3.00515864e+00
 -2.28154475e+00 -8.36232582e-05  9.60022768e-01  1.57092389e+00]","[ 0.00000000e+00 -9.39939238e-02  3.81418830e-01 -8.90418589e-02
  6.88346925e-05  0.00000000e+00  1.85046377e-05  0.00000000e+00]","[ 0.00000000e+00 -7.52677381e-01  1.25311642e+01 -3.06591415e-03
 -3.40414929e+00  4.95186597e-02 -1.46192527e+00 -5.17747030e-02]"
1747093050.621893,"[ 0.00000000e+00 -9.85561351e-02  4.87472529e-01  3.00497728e+00
 -2.28154422e+00 -8.36232582e-05  9.60022768e-01  1.57092389e+00]","[ 0.00000000e+00 -9.72981660e-02  3.81917840e-01 -8.85022110e-02
  7.41296676e-05  0.00000000e+00  1.85324169e-05  0.00000000e+00]","[ 0.         -0.77527839 12.5134716  -0.07449014 -3.45124292  0.06572868
 -1.45454848 -0.04278032]"
1747093050.6236386,"[ 0.00000000e+00 -9.87484153e-02  4.88249473e-01  3.00480471e+00
 -2.28154475e+00 -8.36232582e-05  9.60022768e-01  1.57092389e+00]","[ 0.00000000e+00 -9.72350907e-02  3.79486940e-01 -8.75115816e-02
  6.88346925e-05  0.00000000e+00  1.85602774e-05  0.00000000e+00]","[ 0.         -0.78924221 12.52166462 -0.16124631 -3.49341512  0.07861543
 -1.4700346  -0.05759627]"
1747093050.6254318,"[ 0.00000000e+00 -9.89497503e-02  4.88995658e-01  3.00462042e+00
 -2.28154475e+00 -8.36232582e-05  9.60022768e-01  1.57092389e+00]","[ 0.00000000e+00 -9.93043086e-02  3.78676673e-01 -9.05274118e-02
  6.35397134e-05  0.00000000e+00  1.85604623e-05  0.00000000e+00]","[ 0.         -0.84632158 12.52334881 -0.24168238 -3.53347397  0.09809512
 -1.46222961 -0.05038276]"
1747093050.6266468,"[ 0.00000000e+00 -9.90472220e-02  4.89399293e-01  3.00453014e+00
 -2.28154422e+00 -8.36232582e-05  9.60022768e-01  1.57092389e+00]","[ 0.00000000e+00 -9.88556741e-02  3.80164981e-01 -9.15630403e-02
  6.35883838e-05  0.00000000e+00  1.85604623e-05  0.00000000e+00]","[ 0.         -0.87103128 12.55981255 -0.28210199 -3.52122355  0.09911885
 -1.45337617 -0.05191569]"
1747093050.6284907,"[ 0.00000000e+00 -9.92453612e-02  4.90148207e-01  3.00434638e+00
 -2.28154422e+00 -8.36232582e-05  9.60023767e-01  1.57092389e+00]","[ 0.00000000e+00 -1.01016455e-01  3.79216862e-01 -9.45341127e-02
  5.82447383e-05  0.00000000e+00  2.91661490e-05  0.00000000e+00]","[ 0.         -0.90677303 12.61682796 -0.31220368 -3.49197865  0.09999891
 -1.45536375 -0.05946956]"
1747093050.6302633,"[ 0.00000000e+00 -9.94520225e-02  4.90521549e-01  3.00414291e+00
 -2.28154369e+00 -8.36232582e-05  9.60023767e-01  1.57092389e+00]","[ 0.00000000e+00 -1.00476258e-01  3.78292978e-01 -1.01556652e-01
  6.08922258e-05  0.00000000e+00  2.91661490e-05  0.00000000e+00]","[ 0.         -0.91007847 12.57727337 -0.30485168 -3.43258524  0.11222132
 -1.45098603 -0.06641322]"
1747093050.6320858,"[ 0.00000000e+00 -9.96469659e-02  4.91292068e-01  3.00393439e+00
 -2.28154369e+00 -8.36232582e-05  9.60023767e-01  1.57092389e+00]","[ 0.00000000e+00 -9.88556741e-02  3.75975695e-01 -1.08038994e-01
  5.55972507e-05  0.00000000e+00  1.85604623e-05  0.00000000e+00]","[ 0.         -0.92381555 12.57479572 -0.27926594 -3.38779473  0.10307808
 -1.42787325 -0.05777049]"
1747093050.6338477,"[ 0.00000000e+00 -9.97513618e-02  4.91663546e-01  3.00381561e+00
 -2.28154342e+00 -8.36232582e-05  9.60023767e-01  1.57092389e+00]","[ 0.00000000e+00 -9.83012373e-02  3.76785995e-01 -1.11737517e-01
  5.82447383e-05  0.00000000e+00  1.85604623e-05  0.00000000e+00]","[ 0.         -0.89800441 12.64166355 -0.27060789 -3.35602331  0.10189318
 -1.43014264 -0.05131265]"
1747093050.6355937,"[ 0.00000000e+00 -9.99377831e-02  4.92433599e-01  3.00359058e+00
 -2.28154342e+00 -8.36232582e-05  9.60023767e-01  1.57092389e+00]","[ 0.00000000e+00 -9.50743100e-02  3.75651156e-01 -1.15061525e-01
  5.82007654e-05  0.00000000e+00  1.85606472e-05  0.00000000e+00]","[ 0.         -0.87264514 12.63674831 -0.27185327 -3.29419112  0.11208302
 -1.4198879  -0.04091747]"
1747093050.6373534,"[ 0.00000000e+00 -1.00125270e-01  4.93174291e-01  3.00336181e+00
 -2.28154289e+00 -8.36232582e-05  9.60023767e-01  1.57092389e+00]","[ 0.00000000e+00 -9.07781817e-02  3.74895284e-01 -1.16141912e-01
  6.35397134e-05  0.00000000e+00  1.85604623e-05  0.00000000e+00]","[ 0.         -0.89157736 12.62404823 -0.21602479 -3.26272631  0.08665192
 -1.41074419 -0.03188551]"
1747093050.639096,"[ 0.00000000e+00 -1.00212089e-01  4.93543937e-01  3.00323691e+00
 -2.28154236e+00 -8.36232582e-05  9.60023767e-01  1.57092389e+00]","[ 0.00000000e+00 -8.80517789e-02  3.74895284e-01 -1.17610404e-01
  6.88346925e-05  0.00000000e+00  1.85604623e-05  0.00000000e+00]","[ 0.         -0.88477528 12.46306896 -0.17491415 -3.23610091  0.06727845
 -1.40883994 -0.03006019]"
1747093050.6408198,"[ 0.00000000e+00 -1.00379335e-01  4.94311227e-01  3.00300468e+00
 -2.28154156e+00 -8.36232582e-05  9.60023767e-01  1.57092389e+00]","[ 0.00000000e+00 -8.37302174e-02  3.74355095e-01 -1.18302692e-01
  7.67199429e-05  0.00000000e+00  1.85604623e-05  0.00000000e+00]","[ 0.         -0.89888972 12.41491127 -0.10099913 -3.18999767  0.06873566
 -1.39594758 -0.02876568]"
1747093050.6424716,"[ 0.00000000e+00 -1.00542853e-01  4.95050521e-01  3.00276207e+00
 -2.28154156e+00 -8.36232582e-05  9.60023767e-01  1.57092389e+00]","[ 0.00000000e+00 -7.92428326e-02  3.74895284e-01 -1.18613483e-01
  7.67771511e-05  0.00000000e+00  1.85604623e-05  0.00000000e+00]","[ 0.         -0.93573797 12.34964085 -0.08887517 -3.12656593  0.06886522
 -1.41789317 -0.04900815]"
1747093050.6441777,"[ 0.00000000e+00 -1.00699980e-01  4.95815547e-01  3.00253437e+00
 -2.28154102e+00 -8.36232582e-05  9.60023767e-01  1.57092389e+00]","[ 0.00000000e+00 -7.99488533e-02  3.73004606e-01 -1.14521328e-01
  8.20101635e-05  0.00000000e+00  1.85604623e-05  0.00000000e+00]","[ 0.         -0.91128933 12.35264301 -0.04292245 -3.07583022  0.07172233
 -1.40597856 -0.0520212 ]"
1747093050.6459215,"[ 0.00000000e+00 -1.00779342e-01  4.96182431e-01  3.00242331e+00
 -2.28154049e+00 -8.36232582e-05  9.60024699e-01  1.57092389e+00]","[ 0.00000000e+00 -8.04890505e-02  3.72194306e-01 -1.12516534e-01
  8.73671094e-05  0.00000000e+00  2.91664395e-05  0.00000000e+00]","[ 0.         -0.90857029 12.48016357 -0.04926571 -3.04090381  0.06155656
 -1.40663934 -0.04838551]"
1747093050.6477072,"[ 0.00000000e+00 -1.00946056e-01  4.96944228e-01  3.00219881e+00
 -2.28153996e+00 -8.36232582e-05  9.60024699e-01  1.57092389e+00]","[ 0.00000000e+00 -8.09471475e-02  3.72040841e-01 -1.08582745e-01
  8.73020096e-05  0.00000000e+00  2.91664395e-05  0.00000000e+00]","[ 0.00000000e+00 -9.50367868e-01  1.25073862e+01 -1.10784806e-02
 -3.04001522e+00  5.62255681e-02 -1.40831602e+00 -5.33912368e-02]"
1747093050.6495001,"[ 0.00000000e+00 -1.01106911e-01  4.97683056e-01  3.00198789e+00
 -2.28153996e+00 -8.36232582e-05  9.60024699e-01  1.57092389e+00]","[ 0.00000000e+00 -8.21096340e-02  3.75055107e-01 -1.07228694e-01
  8.73011481e-05 -1.05820616e-05  2.91664395e-05  0.00000000e+00]","[ 0.00000000e+00 -9.94461596e-01  1.25676956e+01  1.04999049e-02
 -3.07226348e+00  6.80802763e-02 -1.41172290e+00 -4.85670045e-02]"
1747093050.6512759,"[ 0.00000000e+00 -1.01273625e-01  4.98452210e-01  3.00177084e+00
 -2.28153996e+00 -8.36232582e-05  9.60024699e-01  1.57092389e+00]","[ 0.00000000e+00 -8.10292395e-02  3.75400386e-01 -1.05724741e-01
  8.73011481e-05 -1.05899522e-05  2.91664395e-05  0.00000000e+00]","[ 0.00000000e+00 -1.00864136e+00  1.25842409e+01  9.91287059e-04
 -3.13845396e+00  6.64966628e-02 -1.43483186e+00 -4.49785292e-02]"
1747093050.653653,"[ 0.00000000e+00 -1.01431816e-01  4.99189672e-01  3.00155645e+00
 -2.28153996e+00 -8.36232582e-05  9.60024699e-01  1.57092389e+00]","[ 0.00000000e+00 -8.04074995e-02  3.72626670e-01 -1.09389475e-01
  8.73671094e-05 -1.05819570e-05  1.85602774e-05  0.00000000e+00]","[ 0.00000000e+00 -1.04413521e+00  1.26029358e+01 -1.01680332e-03
 -3.19105220e+00  6.42192811e-02 -1.43460548e+00 -3.64287458e-02]"
1747093050.655426,"[ 0.00000000e+00 -1.01601193e-01  4.99929432e-01  3.00133967e+00
 -2.28153996e+00 -8.36232582e-05  9.60024699e-01  1.57092389e+00]","[ 0.00000000e+00 -8.27535947e-02  3.75435506e-01 -1.09929672e-01
  8.20721262e-05 -1.05900569e-05  1.85325998e-05  0.00000000e+00]","[ 0.         -1.10918438 12.5941534  -0.02437689 -3.26186562  0.06247792
 -1.45254374 -0.03481831]"
1747093050.6572595,"[ 0.00000000e+00 -1.01684284e-01  5.00329838e-01  3.00122063e+00
 -2.28153996e+00 -8.36232582e-05  9.60024699e-01  1.57092389e+00]","[ 0.00000000e+00 -8.42704147e-02  3.77155775e-01 -1.11988054e-01
  8.20101635e-05 -1.05820616e-05  1.85324169e-05  0.00000000e+00]","[ 0.         -1.12472522 12.60718918 -0.04678403 -3.29624462  0.06312656
 -1.46386361 -0.04584952]"
1747093050.658396,"[ 0.00000000e+00 -1.01857390e-01  5.01076922e-01  3.00100624e+00
 -2.28153996e+00 -8.36232582e-05  9.60024699e-01  1.57092389e+00]","[ 0.00000000e+00 -8.85919761e-02  3.78676673e-01 -1.08579183e-01
  7.94246427e-05 -1.05819570e-05  1.85324169e-05  0.00000000e+00]","[ 0.         -1.1316644  12.63027954 -0.06158952 -3.36184406  0.0844062
 -1.4701649  -0.03612434]"
1747093050.660784,"[ 0.00000000e+00 -1.02042746e-01  5.01856629e-01  3.00078494e+00
 -2.28153996e+00 -8.36232582e-05  9.60024699e-01  1.57092389e+00]","[ 0.00000000e+00 -9.07527485e-02  3.81310539e-01 -1.07579666e-01
  7.93646793e-05 -1.05819570e-05  1.85325998e-05  0.00000000e+00]","[ 0.         -1.10987055 12.60632801 -0.07854453 -3.38697267  0.10351726
 -1.4896704  -0.04151604]"
1747093050.6626172,"[ 0.00000000e+00 -1.02219579e-01  5.02619824e-01  3.00057375e+00
 -2.28153996e+00 -8.36232582e-05  9.60024699e-01  1.57092389e+00]","[ 0.00000000e+00 -8.96723623e-02  3.87859985e-01 -1.06958600e-01
  7.41296676e-05 -1.05820616e-05  1.85325998e-05  0.00000000e+00]","[ 0.         -1.07301199 12.60134888 -0.10328888 -3.43590879  0.10641948
 -1.48445714 -0.03989256]"
1747093050.6638348,"[ 0.00000000e+00 -1.02307996e-01  5.03035377e-01  3.00046722e+00
 -2.28153996e+00 -8.36232582e-05  9.60024699e-01  1.57092389e+00]","[ 0.00000000e+00 -8.96723623e-02  3.91198790e-01 -1.08038994e-01
  7.41296676e-05 -1.05899522e-05  1.85324169e-05  0.00000000e+00]","[ 0.         -1.08011615 12.58406353 -0.12353983 -3.44022989  0.10255074
 -1.47914052 -0.03510379]"
1747093050.665651,"[ 0.00000000e+00 -1.02488026e-01  5.03808193e-01  3.00024804e+00
 -2.28153996e+00 -8.36232582e-05  9.60024699e-01  1.57092389e+00]","[ 0.00000000e+00 -8.75115816e-02  3.92181530e-01 -1.05878214e-01
  7.41303991e-05 -1.05819570e-05  1.85325998e-05  0.00000000e+00]","[ 0.         -1.10294092 12.51168251 -0.16271333 -3.44193482  0.10569036
 -1.49000168 -0.02945651]"
1747093050.6674373,"[ 0.00000000e+00 -1.02662729e-01  5.04583772e-01  3.00004005e+00
 -2.28153969e+00 -8.36232582e-05  9.60024699e-01  1.57092389e+00]","[ 0.00000000e+00 -8.85919761e-02  3.93532019e-01 -1.03987527e-01
  7.67771511e-05 -1.05900569e-05  1.85325998e-05  0.00000000e+00]","[ 0.         -1.0998323  12.38612938 -0.21456237 -3.4039309   0.12620611
 -1.47372532 -0.03538128]"
1747093050.669778,"[ 0.00000000e+00 -1.02843824e-01  5.05393307e-01  2.99983206e+00
 -2.28153969e+00 -8.36232582e-05  9.60024699e-01  1.57092389e+00]","[ 0.00000000e+00 -8.80517789e-02  3.95962885e-01 -1.00848642e-01
  7.67191870e-05 -1.05819570e-05  1.85324169e-05  0.00000000e+00]","[ 0.         -1.11214221 12.29767227 -0.24235082 -3.36876225  0.12802918
 -1.43393457 -0.0354641 ]"
1747093050.6716073,"[ 0.00000000e+00 -1.03019593e-01  5.06173480e-01  2.99963152e+00
 -2.28153916e+00 -8.36232582e-05  9.60024699e-01  1.57092389e+00]","[ 0.00000000e+00 -8.90418589e-02  3.95962885e-01 -1.01826747e-01
  8.20729389e-05 -1.05899522e-05  1.85184257e-05  0.00000000e+00]","[ 0.         -1.11366844 12.21428967 -0.2408804  -3.26377439  0.1378606
 -1.42851961 -0.02439291]"
1747093050.673305,"[ 0.00000000e+00 -1.03199623e-01  5.06984878e-01  2.99941527e+00
 -2.28153863e+00 -8.36232582e-05  9.60024699e-01  1.57092389e+00]","[ 0.00000000e+00 -8.72674280e-02  3.96232997e-01 -1.07498797e-01
  8.20101635e-05 -1.05819570e-05  1.85184257e-05  0.00000000e+00]","[ 0.         -1.09572744 12.1588316  -0.27594125 -3.1531806   0.14793999
 -1.39990568 -0.02760556]"
1747093050.6750076,"[ 0.00000000e+00 -1.03375924e-01  5.07770544e-01  2.99919343e+00
 -2.28153783e+00 -8.36232582e-05  9.60024699e-01  1.57092389e+00]","[ 0.00000000e+00 -8.96723623e-02  3.98663863e-01 -1.13981131e-01
  9.00145929e-05 -1.05819570e-05  1.85184257e-05  0.00000000e+00]","[ 0.         -1.05332315 12.02600479 -0.29286793 -3.07131505  0.15294278
 -1.39082634 -0.0331415 ]"
1747093050.6767533,"[ 0.00000000e+00 -1.03465406e-01  5.08163160e-01  2.99906800e+00
 -2.28153730e+00 -8.36232582e-05  9.60024699e-01  1.57092389e+00]","[ 0.00000000e+00 -9.06608029e-02  3.98123675e-01 -1.18111943e-01
  9.53095680e-05 -1.05899522e-05  1.85324169e-05  0.00000000e+00]","[ 0.         -1.06509447 12.02937698 -0.29004958 -3.05152273  0.15305439
 -1.38436866 -0.0355989 ]"
1747093050.6784656,"[ 0.00000000e+00 -1.03650762e-01  5.08977289e-01  2.99882511e+00
 -2.28153730e+00 -8.25579938e-05  9.60024699e-01  1.57092389e+00]","[ 0.00000000e+00 -9.12797215e-02  3.96371181e-01 -1.23974743e-01
  1.00604543e-04  0.00000000e+00  1.85184257e-05  0.00000000e+00]","[ 0.         -1.02579141 11.92022896 -0.22686276 -2.98586202  0.15029107
 -1.37420642 -0.038759  ]"
1747093050.6807024,"[ 0.00000000e+00 -1.03829727e-01  5.09756064e-01  2.99856013e+00
 -2.28153676e+00 -8.25579938e-05  9.60025631e-01  1.57092389e+00]","[ 0.00000000e+00 -9.07527485e-02  3.94882508e-01 -1.31267377e-01
  1.00604543e-04  0.00000000e+00  2.91226556e-05  0.00000000e+00]","[ 0.         -0.9906798  11.7258997  -0.20523596 -2.96612835  0.16240175
 -1.35779703 -0.03114739]"
1747093050.6825335,"[ 0.00000000e+00 -1.04015083e-01  5.10562402e-01  2.99829941e+00
 -2.28153650e+00 -8.25579938e-05  9.60025631e-01  1.57092389e+00]","[ 0.00000000e+00 -9.02766419e-02  3.93455719e-01 -1.33023140e-01
  1.03174077e-04  0.00000000e+00  2.91003827e-05  0.00000000e+00]","[ 0.         -0.89599913 11.64005184 -0.12607576 -2.90888548  0.14849862
 -1.34704971 -0.03904961]"
1747093050.683704,"[ 0.00000000e+00 -1.04105630e-01  5.10950425e-01  2.99816705e+00
 -2.28153596e+00 -8.25579938e-05  9.60025631e-01  1.57092389e+00]","[ 0.00000000e+00 -9.17400989e-02  3.93532019e-01 -1.34238449e-01
  1.13841985e-04  0.00000000e+00  2.91003827e-05  0.00000000e+00]","[ 0.         -0.86566907 11.53326416 -0.08056515 -2.87901449  0.13917497
 -1.338413   -0.03621219]"
1747093050.6854532,"[ 0.00000000e+00 -1.04286725e-01  5.11725072e-01  2.99789381e+00
 -2.28153490e+00 -8.25579938e-05  9.60025631e-01  1.57092389e+00]","[ 0.00000000e+00 -9.18331430e-02  3.92721719e-01 -1.33158055e-01
  1.24337991e-04  0.00000000e+00  2.91223691e-05  0.00000000e+00]","[ 0.         -0.78613389 11.54263401  0.01446225 -2.84325647  0.10812738
 -1.33452809 -0.02473812]"
1747093050.6871893,"[ 0.00000000e+00 -1.04475277e-01  5.12524087e-01  2.99763575e+00
 -2.28153410e+00 -8.25579938e-05  9.60025631e-01  1.57092389e+00]","[ 0.00000000e+00 -9.22827928e-02  3.89192664e-01 -1.29106596e-01
  1.27079427e-04  0.00000000e+00  2.91003827e-05  0.00000000e+00]","[ 0.         -0.72484446 11.623456    0.08872576 -2.79484177  0.08255772
 -1.33513224 -0.0347381 ]"
1747093050.6889749,"[ 0.00000000e+00 -1.04565292e-01  5.12908414e-01  2.99750206e+00
 -2.28153357e+00 -8.25579938e-05  9.60025631e-01  1.57092389e+00]","[ 0.00000000e+00 -9.12929458e-02  3.89750663e-01 -1.25885769e-01
  1.32374402e-04  0.00000000e+00  2.91006692e-05  0.00000000e+00]","[ 0.         -0.66393441 11.69448376  0.13400629 -2.78726172  0.09012128
 -1.33463168 -0.02956969]"
1747093050.6908069,"[ 0.00000000e+00 -1.04745321e-01  5.13674805e-01  2.99726397e+00
 -2.28153357e+00 -8.25579938e-05  9.60025631e-01  1.57092389e+00]","[ 0.00000000e+00 -8.67658882e-02  3.88253733e-01 -1.19112984e-01
  1.32375710e-04  0.00000000e+00  2.91003827e-05  0.00000000e+00]","[ 0.         -0.64184242 11.73787689  0.17783995 -2.79573154  0.08089775
 -1.33255637 -0.02551921]"
1747093050.6925657,"[ 0.00000000e+00 -1.04911503e-01  5.14467362e-01  2.99702455e+00
 -2.28153357e+00 -8.25579938e-05  9.60026563e-01  1.57092389e+00]","[ 0.00000000e+00 -8.26498312e-02  3.85699196e-01 -1.16356562e-01
  1.32374402e-04  0.00000000e+00  3.70372172e-05  0.00000000e+00]","[ 0.         -0.64080364 11.75321198  0.21910091 -2.82311368  0.07948348
 -1.33278394 -0.01736979]"
1747093050.6942925,"[ 0.00000000e+00 -1.05076619e-01  5.15226862e-01  2.99680111e+00
 -2.28153330e+00 -8.25579938e-05  9.60026563e-01  1.57092389e+00]","[ 0.00000000e+00 -8.02459039e-02  3.85699196e-01 -1.13170839e-01
  1.34919952e-04  0.00000000e+00  3.70372172e-05  0.00000000e+00]","[ 0.         -0.63828707 11.85874367  0.27105659 -2.83581805  0.06727877
 -1.33616447 -0.03203267]"
1747093050.695993,"[ 0.00000000e+00 -1.05155981e-01  5.15636923e-01  2.99668979e+00
 -2.28153330e+00 -8.25579938e-05  9.60026563e-01  1.57092389e+00]","[ 0.00000000e+00 -8.04890505e-02  3.86183425e-01 -1.12786354e-01
  1.35021893e-04  0.00000000e+00  3.70368514e-05  0.00000000e+00]","[ 0.         -0.64706457 11.86048126  0.24714817 -2.84354711  0.08302156
 -1.34978533 -0.02406134]"
1747093050.697727,"[ 0.00000000e+00 -1.05320564e-01  5.16399186e-01  2.99646209e+00
 -2.28153277e+00 -8.25579938e-05  9.60026563e-01  1.57092389e+00]","[ 0.00000000e+00 -7.96693545e-02  3.86117878e-01 -1.11090428e-01
  1.40210929e-04  0.00000000e+00  3.70089097e-05  0.00000000e+00]","[ 0.         -0.66747582 12.05596256  0.20675324 -2.86116409  0.08842467
 -1.35655773 -0.02336514]"
1747093050.6994147,"[ 0.00000000e+00 -1.05472897e-01  5.17187615e-01  2.99624025e+00
 -2.28153277e+00 -8.25579938e-05  9.60026563e-01  1.57092389e+00]","[ 0.00000000e+00 -7.67076863e-02  3.84428036e-01 -1.12630650e-01
  1.37669385e-04  0.00000000e+00  3.70368514e-05  0.00000000e+00]","[ 0.         -0.73369175 12.22643185  0.19709073 -2.8569231   0.07462093
 -1.36181796 -0.03299787]"
1747093050.7011256,"[ 0.00000000e+00 -1.05621501e-01  5.17946183e-01  2.99601388e+00
 -2.28153224e+00 -8.25579938e-05  9.60026563e-01  1.57092389e+00]","[ 0.00000000e+00 -7.45469056e-02  3.84768754e-01 -1.15601723e-01
  1.42965766e-04  1.05819570e-05  3.70089097e-05  0.00000000e+00]","[ 0.         -0.79467124 12.4076767   0.15381746 -2.8623023   0.06342261
 -1.3685745  -0.03012747]"
1747093050.7027855,"[ 0.00000000e+00 -1.05697668e-01  5.18327315e-01  2.99589031e+00
 -2.28153224e+00 -8.25579938e-05  9.60026563e-01  1.57092389e+00]","[ 0.00000000e+00 -7.17197770e-02  3.86901879e-01 -1.16356562e-01
  1.37566802e-04  1.05819570e-05  3.70089097e-05  0.00000000e+00]","[ 0.         -0.8019594  12.56380558  0.14966212 -2.89099693  0.06589876
 -1.37096953 -0.02958646]"
1747093050.7051752,"[ 0.00000000e+00 -1.05834554e-01  5.19120803e-01  2.99566394e+00
 -2.28153170e+00 -8.25579938e-05  9.60026563e-01  1.57092389e+00]","[ 0.00000000e+00 -6.91449538e-02  3.87589874e-01 -1.15061525e-01
  1.37669385e-04  1.05899522e-05  3.70368514e-05  0.00000000e+00]","[ 0.         -0.81164628 12.72305965  0.10395135 -2.90512419  0.07122731
 -1.39002907 -0.03298916]"
1747093050.7069836,"[ 0.00000000e+00 -1.05979963e-01  5.19911962e-01  2.99543172e+00
 -2.28153170e+00 -8.25579938e-05  9.60026563e-01  1.57092389e+00]","[ 0.00000000e+00 -7.17197770e-02  3.86434195e-01 -1.12845809e-01
  1.32274460e-04  1.05820616e-05  3.70092754e-05  0.00000000e+00]","[ 0.         -0.86158717 12.85697174  0.040685   -2.92784953  0.09331759
 -1.39867294 -0.01691522]"
1747093050.7088354,"[ 0.00000000e+00 -1.06121643e-01  5.20680650e-01  2.99521041e+00
 -2.28153144e+00 -8.25579938e-05  9.60026563e-01  1.57092389e+00]","[ 0.00000000e+00 -7.17731318e-02  3.90290852e-01 -1.12090453e-01
  1.35023226e-04  1.05900569e-05  3.70368514e-05  0.00000000e+00]","[ 0.         -0.91872662 12.98222351 -0.02011018 -2.91396403  0.11087023
 -1.40880263 -0.02604241]"
1747093050.7100625,"[ 0.00000000e+00 -1.06273976e-01  5.21455330e-01  2.99498271e+00
 -2.28153144e+00 -8.25579938e-05  9.60026563e-01  1.57092389e+00]","[ 0.00000000e+00 -7.56272918e-02  3.92721719e-01 -1.11090428e-01
  1.34919952e-04  1.05819570e-05  3.70092754e-05  0.00000000e+00]","[ 0.         -0.95815247 13.13786221 -0.03845863 -2.91081858  0.11521997
 -1.41953135 -0.03182262]"
1747093050.7127929,"[ 0.00000000e+00 -1.06425243e-01  5.22259805e-01  2.99476273e+00
 -2.28153037e+00 -8.25579938e-05  9.60026563e-01  1.57092389e+00]","[ 0.00000000e+00 -7.67076863e-02  3.92721719e-01 -1.11550256e-01
  1.45611844e-04  1.05900569e-05  3.70368514e-05  0.00000000e+00]","[ 0.         -0.97442389 13.24174118 -0.05882446 -2.86086369  0.09127364
 -1.43148661 -0.04206673]"
1747093050.7164755,"[ 0.00000000e+00 -1.06738431e-01  5.23846782e-01  2.99432331e+00
 -2.28152851e+00 -8.25579938e-05  9.60026563e-01  1.57092389e+00]","[ 0.00000000e+00 -8.04890505e-02  3.95561714e-01 -1.08849286e-01
  1.61739556e-04  1.05819570e-05  3.70368514e-05  0.00000000e+00]","[ 0.         -1.00853336 13.30083275 -0.10773172 -2.70439649  0.11648922
 -1.38751805 -0.04254497]"
1747093050.721431,"[ 0.00000000e+00 -1.07067065e-01  5.25451171e-01  2.99387084e+00
 -2.28152638e+00 -8.25579938e-05  9.60026563e-01  1.57092389e+00]","[ 0.00000000e+00 -8.31057311e-02  3.99474164e-01 -1.14405297e-01
  1.92551960e-04  1.05820616e-05  3.70368514e-05  0.00000000e+00]","[ 0.         -1.00544906 13.08433628 -0.08113919 -2.62776875  0.13604471
 -1.36909699 -0.02006352]"
1747093050.72579,"[ 0.00000000e+00 -1.07405287e-01  5.27066611e-01  2.99338827e+00
 -2.28152531e+00 -8.25579938e-05  9.60026563e-01  1.57092389e+00]","[ 0.00000000e+00 -8.42704147e-02  4.01731059e-01 -1.21543868e-01
  1.93471111e-04  1.05739739e-05  3.70372172e-05  0.00000000e+00]","[ 0.         -0.88320643 12.80116749  0.02282402 -2.50350595  0.09781864
 -1.33489573 -0.02073722]"
1747093050.7287798,"[ 0.00000000e+00 -1.07740845e-01  5.28644833e-01  2.99292275e+00
 -2.28152318e+00 -8.25579938e-05  9.60027562e-01  1.57092389e+00]","[ 0.00000000e+00 -8.26498312e-02  4.00554541e-01 -1.12630650e-01
  2.07632711e-04  1.05979587e-05  4.76188043e-05  0.00000000e+00]","[ 0.00000000e+00 -7.94860423e-01  1.25878792e+01  1.88955694e-01
 -2.39391232e+00  7.22035542e-02 -1.31915116e+00 -3.93796386e-03]"
1747093050.7312267,"[ 0.00000000e+00 -1.07903831e-01  5.29466785e-01  2.99269665e+00
 -2.28152265e+00 -8.25579938e-05  9.60027562e-01  1.57092389e+00]","[ 0.00000000e+00 -8.21096340e-02  4.01364841e-01 -1.09836586e-01
  2.12662890e-04  1.05979587e-05  3.70092754e-05  0.00000000e+00]","[ 0.00000000e+00 -7.48238206e-01  1.24981432e+01  2.44406059e-01
 -2.37147975e+00  5.90404570e-02 -1.30746150e+00 -6.58096001e-03]"
1747093050.7330403,"[ 0.00000000e+00 -1.08138189e-01  5.30676759e-01  2.99238186e+00
 -2.28152212e+00 -8.25579938e-05  9.60027562e-01  1.57092389e+00]","[ 0.00000000e+00 -7.50870946e-02  3.96464925e-01 -1.03612346e-01
  2.30821311e-04  1.05979587e-05  3.70089097e-05  0.00000000e+00]","[ 0.00000000e+00 -7.24645138e-01  1.24108782e+01  3.26224267e-01
 -2.45451045e+00  6.33643642e-02 -1.30443072e+00  5.16830338e-03]"
1747093050.7360682,"[ 0.00000000e+00 -1.08283597e-01  5.31455534e-01  2.99218159e+00
 -2.28152212e+00 -8.25579938e-05  9.60027562e-01  1.57092389e+00]","[ 0.00000000e+00 -7.29263222e-02  3.93942778e-01 -9.50743100e-02
  2.43234269e-04  1.05979587e-05  3.70368514e-05  0.00000000e+00]","[ 0.00000000e+00 -7.41934538e-01  1.23487349e+01  3.50182086e-01
 -2.50094604e+00  6.34352416e-02 -1.30705905e+00 -1.09063666e-02]"
1747093050.739225,"[ 0.00000000e+00 -1.08425277e-01  5.32228350e-01  2.99200609e+00
 -2.28152212e+00 -8.25579938e-05  9.60027562e-01  1.57092389e+00]","[ 0.00000000e+00 -6.91449538e-02  3.91101152e-01 -8.72414871e-02
  2.53777211e-04  1.05979587e-05  3.70092754e-05  0.00000000e+00]","[ 0.         -0.76104265 12.28954887  0.33549869 -2.55015969  0.08205438
 -1.31146848 -0.01794784]"
1747093050.7415884,"[ 0.00000000e+00 -1.08703844e-01  5.33776745e-01  2.99167240e+00
 -2.28152158e+00 -8.25579938e-05  9.60027562e-01  1.57092389e+00]","[ 0.00000000e+00 -6.86047607e-02  3.83808518e-01 -8.12993422e-02
  2.49640875e-04  1.05979587e-05  3.70089097e-05  0.00000000e+00]","[ 0.         -0.90420502 12.36995697  0.22749518 -2.60363984  0.09928454
 -1.33808911 -0.03254116]"
1747093050.7434158,"[ 0.00000000e+00 -1.08781076e-01  5.34183143e-01  2.99159090e+00
 -2.28152158e+00 -8.25579938e-05  9.60027562e-01  1.57092389e+00]","[ 0.00000000e+00 -6.78661455e-02  3.82672680e-01 -8.26498312e-02
  2.45740231e-04  1.05979587e-05  3.70092754e-05  0.00000000e+00]","[ 0.         -0.9519226  12.37086964  0.19097345 -2.67434406  0.09743778
 -1.32892215 -0.03134433]"
1747093050.7452273,"[ 0.00000000e+00 -1.08919560e-01  5.34934388e-01  2.99141833e+00
 -2.28152212e+00 -8.25579938e-05  9.60027562e-01  1.57092389e+00]","[ 0.00000000e+00 -6.75661945e-02  3.79486940e-01 -8.47246751e-02
  2.22089186e-04  1.05980643e-05  3.70372172e-05  0.00000000e+00]","[ 0.         -1.03244948 12.49769497  0.12489457 -2.71809912  0.08892093
 -1.38007987 -0.03916016]"
1747093050.7469943,"[ 0.00000000e+00 -1.09050588e-01  5.35704441e-01  2.99124949e+00
 -2.28152212e+00 -8.25579938e-05  9.60027562e-01  1.57092389e+00]","[ 0.00000000e+00 -6.53635897e-02  3.74895284e-01 -8.64311954e-02
  2.18931006e-04  1.05979587e-05  2.90784288e-05  0.00000000e+00]","[ 0.         -1.09794724 12.62407875  0.06091979 -2.83479571  0.12353817
 -1.40044105 -0.02447603]"
1747093050.748889,"[ 0.00000000e+00 -1.09178952e-01  5.36440971e-01  2.99106440e+00
 -2.28152212e+00 -8.25579938e-05  9.60027562e-01  1.57092389e+00]","[ 0.00000000e+00 -6.21224186e-02  3.73544795e-01 -9.12929458e-02
  2.15858293e-04  1.06059783e-05  2.91006692e-05  0.00000000e+00]","[ 0.00000000e+00 -1.16825151e+00  1.26644278e+01  4.82067000e-03
 -2.92123342e+00  1.23939618e-01 -1.41824543e+00 -1.47414198e-02]"
1747093050.7500193,"[ 0.00000000e+00 -1.09301457e-01  5.37202768e-01  2.99087478e+00
 -2.28152212e+00 -8.25579938e-05  9.60027562e-01  1.57092389e+00]","[ 0.00000000e+00 -6.26626158e-02  3.70886561e-01 -9.32858641e-02
  2.08287269e-04  1.05980643e-05  2.90784288e-05  0.00000000e+00]","[ 0.00000000e+00 -1.23283064e+00  1.27952394e+01 -4.78423946e-02
 -2.96862268e+00  1.25223309e-01 -1.40141320e+00  3.54756397e-04]"
1747093050.7518735,"[ 0.00000000e+00 -1.09363775e-01  5.37567355e-01  2.99077971e+00
 -2.28152212e+00 -8.25579938e-05  9.60027562e-01  1.57092389e+00]","[ 0.00000000e+00 -6.32028089e-02  3.69763439e-01 -9.63271025e-02
  2.05188565e-04  1.05980643e-05  2.91003827e-05  0.00000000e+00]","[ 0.         -1.26068938 12.88271713 -0.06726876 -2.96864605  0.14998028
 -1.41338003  0.0182919 ]"
1747093050.7536776,"[ 0.00000000e+00 -1.09495868e-01  5.38296096e-01  2.99058769e+00
 -2.28152158e+00 -8.25579938e-05  9.60027562e-01  1.57092389e+00]","[ 0.00000000e+00 -6.47577163e-02  3.68953139e-01 -9.77752879e-02
  2.06289541e-04  1.05979587e-05  2.90784288e-05  0.00000000e+00]","[ 0.00000000e+00 -1.26559949e+00  1.31183157e+01 -7.39014223e-02
 -2.92419887e+00  1.63348243e-01 -1.42228186e+00  7.40500540e-03]"
1747093050.7555375,"[ 0.00000000e+00 -1.09560849e-01  5.38689178e-01  2.99049075e+00
 -2.28152158e+00 -8.25579938e-05  9.60027562e-01  1.57092389e+00]","[ 0.00000000e+00 -6.59037828e-02  3.69786043e-01 -9.83154852e-02
  2.06070054e-04  1.05979587e-05  2.90787152e-05  0.00000000e+00]","[ 0.00000000e+00 -1.27133453e+00  1.32304401e+01 -8.83682594e-02
 -2.92812204e+00  1.75217852e-01 -1.43492341e+00  3.53305391e-03]"
1747093050.7573752,"[ 0.00000000e+00 -1.09705193e-01  5.39421115e-01  2.99028276e+00
 -2.28152132e+00 -8.25579938e-05  9.60027562e-01  1.57092482e+00]","[ 0.00000000e+00 -7.17197770e-02  3.70573739e-01 -1.01556652e-01
  1.95033280e-04  1.06059783e-05  2.91440955e-05  1.05979587e-05]","[ 0.00000000e+00 -1.30351543e+00  1.33326025e+01 -7.11355284e-02
 -2.84866166e+00  1.66322038e-01 -1.43954313e+00 -5.33059845e-03]"
1747093050.7591817,"[ 0.00000000e+00 -1.09848471e-01  5.40181980e-01  2.99007983e+00
 -2.28152132e+00 -8.25579938e-05  9.60027562e-01  1.57092482e+00]","[ 0.00000000e+00 -7.23861249e-02  3.70886561e-01 -1.02907141e-01
  1.83993661e-04  1.05980643e-05  2.91223691e-05  1.06059783e-05]","[ 0.00000000e+00 -1.27784538e+00  1.33372726e+01 -1.64950788e-02
 -2.79381084e+00  1.48156732e-01 -1.44301689e+00 -1.10936705e-02]"
1747093050.7603161,"[ 0.00000000e+00 -1.09989086e-01  5.40913484e-01  2.98986811e+00
 -2.28152078e+00 -8.25579938e-05  9.60027562e-01  1.57092482e+00]","[ 0.00000000e+00 -7.12334838e-02  3.69928455e-01 -1.02366944e-01
  1.76631477e-04  1.05979587e-05  2.91443860e-05  1.05819570e-05]","[ 0.00000000e+00 -1.23472691e+00  1.32254877e+01  5.07958643e-02
 -2.76821661e+00  1.53355941e-01 -1.41484034e+00 -9.11779888e-03]"
1747093050.7619853,"[ 0.00000000e+00 -1.10065785e-01  5.41645420e-01  2.98966943e+00
 -2.28151999e+00 -8.25579938e-05  9.60027562e-01  1.57092482e+00]","[ 0.00000000e+00 -7.22213169e-02  3.71113928e-01 -1.00476258e-01
  1.85340489e-04  1.05979587e-05  2.91223691e-05  1.05899522e-05]","[ 0.00000000e+00 -1.24290013e+00  1.31441202e+01  1.18254937e-01
 -2.66104770e+00  1.24693118e-01 -1.39083099e+00 -3.44303716e-03]"
1747093050.763684,"[ 0.00000000e+00 -1.10203204e-01  5.42040334e-01  2.98956424e+00
 -2.28151945e+00 -8.25579938e-05  9.60027562e-01  1.57092482e+00]","[ 0.00000000e+00 -6.86047607e-02  3.71889640e-01 -9.89603613e-02
  1.89857346e-04  1.05980643e-05  2.91443860e-05  1.05819570e-05]","[ 0.00000000e+00 -1.15987468e+00  1.30393066e+01  1.75823867e-01
 -2.60693336e+00  1.22226059e-01 -1.39204013e+00 -1.18524227e-02]"
1747093050.7669263,"[ 0.00000000e+00 -1.10275109e-01  5.42775500e-01  2.98937489e+00
 -2.28151759e+00 -8.25579938e-05  9.60027562e-01  1.57092482e+00]","[ 0.00000000e+00 -6.77074835e-02  3.73004606e-01 -9.58846017e-02
  2.09378980e-04  1.05979587e-05  2.91443860e-05  1.05899522e-05]","[ 0.         -1.11687326 13.02940464  0.18585575 -2.47863293  0.09049784
 -1.36627305 -0.03677792]"
1747093050.771182,"[ 0.00000000e+00 -1.10618657e-01  5.44671504e-01  2.98890511e+00
 -2.28151066e+00 -8.25579938e-05  9.60027562e-01  1.57092482e+00]","[ 0.00000000e+00 -6.80645635e-02  3.73794566e-01 -9.29135292e-02
  3.36371387e-04  1.05979587e-05  2.91223691e-05  1.05899522e-05]","[ 0.         -1.0519371  12.9943018   0.32479921 -2.18868232  0.07305283
 -1.33219981 -0.02100472]"
1747093050.7755642,"[ 0.00000000e+00 -1.10893495e-01  5.46167068e-01  2.98854425e+00
 -2.28150694e+00 -8.25579938e-05  9.60027562e-01  1.57092482e+00]","[ 0.00000000e+00 -6.80645635e-02  3.69632711e-01 -8.99424568e-02
  3.64877191e-04  1.05979587e-05  2.91443860e-05  1.05899522e-05]","[ 0.00000000e+00 -9.67006028e-01  1.27062330e+01  3.27136785e-01
 -2.16396284e+00  8.24877620e-02 -1.31758738e+00 -5.92243113e-03]"
1747093050.779861,"[ 0.00000000e+00 -1.11227456e-01  5.48019896e-01  2.98807260e+00
 -2.28150507e+00 -8.25579938e-05  9.60028494e-01  1.57092482e+00]","[ 0.00000000e+00 -6.75243704e-02  3.70303628e-01 -9.00258803e-02
  3.57558570e-04  0.00000000e+00  2.91443860e-05  1.05899522e-05]","[ 0.00000000e+00 -8.64693522e-01  1.25709429e+01  3.49077731e-01
 -2.21071839e+00  8.74830782e-02 -1.30240822e+00 -6.66605355e-03]"
1747093050.7834792,"[ 0.00000000e+00 -1.11435715e-01  5.49129769e-01  2.98781641e+00
 -2.28150507e+00 -8.25579938e-05  9.60028494e-01  1.57092482e+00]","[ 0.00000000e+00 -6.86047607e-02  3.64617346e-01 -8.51837125e-02
  3.53827641e-04  0.00000000e+00  2.91443860e-05  1.05899522e-05]","[ 0.         -0.81522828 12.6805706   0.33628923 -2.28394294  0.07349551
 -1.3220377  -0.01543497]"
1747093050.7865288,"[ 0.00000000e+00 -1.11716412e-01  5.50560152e-01  2.98749416e+00
 -2.28150507e+00 -8.25579938e-05  9.60028494e-01  1.57092482e+00]","[ 0.00000000e+00 -6.96145440e-02  3.60039938e-01 -7.77880725e-02
  3.46188218e-04  0.00000000e+00  2.91664395e-05  1.05900569e-05]","[ 0.00000000e+00 -7.70681143e-01  1.27395306e+01  2.23394066e-01
 -2.39747500e+00  9.07498002e-02 -1.32847190e+00 -1.08540300e-02]"
1747093050.790241,"[ 0.00000000e+00 -1.11926802e-01  5.51645657e-01  2.98726540e+00
 -2.28150507e+00 -8.25579938e-05  9.60028494e-01  1.57092482e+00]","[ 0.00000000e+00 -7.29263222e-02  3.56707092e-01 -7.37366139e-02
  3.32856125e-04  0.00000000e+00  2.91664395e-05  1.05819570e-05]","[ 0.         -0.72530061 12.81129742  0.17521656 -2.50402093  0.13008699
 -1.33230448 -0.01780771]"
1747093050.794037,"[ 0.00000000e+00 -1.12233598e-01  5.53080169e-01  2.98698310e+00
 -2.28150481e+00 -8.25579938e-05  9.60028494e-01  1.57092482e+00]","[ 0.00000000e+00 -7.77880725e-02  3.54908093e-01 -6.80645635e-02
  3.20997841e-04  0.00000000e+00  1.85604623e-05  1.05819570e-05]","[ 0.         -0.68452621 13.09723854  0.11980572 -2.53370333  0.13221066
 -1.32645333 -0.02774543]"
1747093050.797065,"[ 0.00000000e+00 -1.12472217e-01  5.54150094e-01  2.98679242e+00
 -2.28150427e+00 -8.25579938e-05  9.60028494e-01  1.57092482e+00]","[ 0.00000000e+00 -7.72478753e-02  3.50745573e-01 -6.09367377e-02
  3.35536874e-04  0.00000000e+00  1.85464284e-05  1.05899522e-05]","[ 0.         -0.68946731 13.19428062  0.06583705 -2.48260903  0.12128569
 -1.34987223 -0.02910121]"
1747093050.8008287,"[ 0.00000000e+00 -1.12768361e-01  5.55558872e-01  2.98661559e+00
 -2.28150347e+00 -8.14927294e-05  9.60028494e-01  1.57092482e+00]","[ 0.00000000e+00 -7.18459277e-02  3.49320449e-01 -5.88812517e-02
  4.01211785e-04  1.05820616e-05  1.85466133e-05  1.05899522e-05]","[ 0.00000000e+00 -6.96693182e-01  1.31738243e+01  4.07171920e-02
 -2.38130045e+00  1.73151106e-01 -1.31364965e+00  1.19441608e-02]"
1747093050.8060498,"[ 0.00000000e+00 -1.12975554e-01  5.56615482e-01  2.98644355e+00
 -2.28150108e+00 -8.14927294e-05  9.60028494e-01  1.57092482e+00]","[ 0.00000000e+00 -6.75243704e-02  3.47238123e-01 -5.66630008e-02
  4.42227359e-04  1.05820616e-05  1.85464284e-05  1.05819570e-05]","[ 0.00000000e+00 -7.23352969e-01  1.32687340e+01  1.73832793e-02
 -2.24774241e+00  1.90598488e-01 -1.30984294e+00  4.21271566e-03]"
1747093050.8070111,"[ 0.00000000e+00 -1.13175824e-01  5.57641764e-01  2.98626112e+00
 -2.28149788e+00 -8.14927294e-05  9.60028494e-01  1.57092482e+00]","[ 0.00000000e+00 -6.64439800e-02  3.46535048e-01 -6.15822255e-02
  4.32902329e-04  1.05819570e-05  1.85604623e-05  1.05819570e-05]","[ 0.00000000e+00 -7.96425402e-01  1.31417150e+01 -1.24856643e-02
 -2.14894986e+00  1.59394532e-01 -1.29493666e+00  1.05962250e-03]"
1747093050.8100216,"[ 0.00000000e+00 -1.13363311e-01  5.58689651e-01  2.98606138e+00
 -2.28149362e+00 -8.14927294e-05  9.60028494e-01  1.57092482e+00]","[ 0.00000000e+00 -6.05018351e-02  3.44295197e-01 -6.91469845e-02
  4.55320151e-04  1.05738693e-05  1.85604623e-05  1.05819570e-05]","[ 0.00000000e+00 -8.93455148e-01  1.31385336e+01  2.29613334e-02
 -2.04481316e+00  1.60830840e-01 -1.28493786e+00  5.41058253e-04]"
1747093050.8117998,"[ 0.00000000e+00 -1.13481022e-01  5.59362366e-01  2.98591304e+00
 -2.28149042e+00 -8.14927294e-05  9.60028494e-01  1.57092482e+00]","[ 0.00000000e+00 -5.61192915e-02  3.40310509e-01 -7.74394315e-02
  4.44902939e-04  1.05819570e-05  1.85464284e-05  1.05819570e-05]","[ 0.         -0.96183795 13.10781956  0.03370307 -2.00589347  0.15811589
 -1.28836453  0.01751536]"
1747093050.8141413,"[ 0.00000000e+00 -1.13584353e-01  5.60111713e-01  2.98574553e+00
 -2.28148723e+00 -8.14927294e-05  9.60028494e-01  1.57092482e+00]","[ 0.00000000e+00 -5.13185192e-02  3.40863015e-01 -8.30043562e-02
  5.05691346e-04  1.05739739e-05  1.85604623e-05  1.05819570e-05]","[ 0.         -0.97103345 13.10290718  0.07644054 -2.01436114  0.17411238
 -1.28801823  0.01872133]"
1747093050.8159757,"[ 0.00000000e+00 -1.13681825e-01  5.60810659e-01  2.98557296e+00
 -2.28148403e+00 -8.14927294e-05  9.60029426e-01  1.57092482e+00]","[ 0.00000000e+00 -4.71444719e-02  3.41045108e-01 -8.83218733e-02
  6.73139388e-04  1.05820616e-05  2.91443860e-05  1.05819570e-05]","[ 0.00000000e+00 -1.02209198e+00  1.30659838e+01  9.57080722e-02
 -2.01965499e+00  1.59467921e-01 -1.28107619e+00 -5.57934539e-03]"
1747093050.8176646,"[ 0.00000000e+00 -1.13775568e-01  5.61480578e-01  2.98539160e+00
 -2.28148270e+00 -8.14927294e-05  9.60029426e-01  1.57092482e+00]","[ 0.00000000e+00 -4.74889892e-02  3.38628889e-01 -8.77816761e-02
  8.72409376e-04  1.05819570e-05  2.91664395e-05  1.05900569e-05]","[ 0.00000000e+00 -1.04660857e+00  1.30619745e+01  1.67322904e-01
 -2.02400255e+00  1.43615037e-01 -1.28217590e+00  9.08585731e-03]"
1747093050.8194492,"[ 0.00000000e+00 -1.13875703e-01  5.62168006e-01  2.98521743e+00
 -2.28148030e+00 -8.14927294e-05  9.60029426e-01  1.57092482e+00]","[ 0.00000000e+00 -4.91506186e-02  3.35528204e-01 -8.85919761e-02
  1.36223069e-03  1.05819570e-05  2.91006692e-05  1.05900569e-05]","[ 0.         -1.0619632  13.04367924  0.20430587 -2.04665041  0.12863795
 -1.2933358   0.01364492]"
1747093050.8206577,"[ 0.00000000e+00 -1.13924172e-01  5.62498638e-01  2.98513061e+00
 -2.28147951e+00 -8.14927294e-05  9.60029426e-01  1.57092482e+00]","[ 0.00000000e+00 -4.91577426e-02  3.35461059e-01 -8.80517789e-02
  1.41305182e-03  1.05739739e-05  2.91006692e-05  1.05899522e-05]","[ 0.         -1.0778681  13.00948238  0.20876753 -2.06814528  0.11099948
 -1.29669583  0.01554317]"
1747093050.823043,"[ 0.00000000e+00 -1.14023775e-01  5.63158902e-01  2.98495058e+00
 -2.28147764e+00 -8.14927294e-05  9.60029426e-01  1.57092482e+00]","[ 0.00000000e+00 -5.13185192e-02  3.34380681e-01 -8.79625630e-02
  1.32473604e-03  1.05819570e-05  2.91664395e-05  1.05820616e-05]","[ 0.00000000e+00 -1.04840612e+00  1.30012293e+01  2.09281594e-01
 -2.11872196e+00  1.21601909e-01 -1.30111492e+00  9.42095742e-03]"
1747093050.8247766,"[ 0.00000000e+00 -1.14135095e-01  5.63839939e-01  2.98477028e+00
 -2.28147631e+00 -8.14927294e-05  9.60029426e-01  1.57092482e+00]","[ 0.00000000e+00 -5.56400806e-02  3.31343645e-01 -8.80197294e-02
  1.16295251e-03  1.05739739e-05  2.91003827e-05  1.05900569e-05]","[ 0.00000000e+00 -1.07086551e+00  1.30067387e+01  2.26193607e-01
 -2.19112062e+00  1.18296064e-01 -1.32900989e+00 -3.41938832e-03]"
1747093050.8265493,"[ 0.00000000e+00 -1.14248545e-01  5.64487819e-01  2.98460224e+00
 -2.28147524e+00 -8.14927294e-05  9.60029426e-01  1.57092482e+00]","[ 0.00000000e+00 -5.78008613e-02  3.28438536e-01 -8.42704147e-02
  9.93552062e-04  1.05820616e-05  1.85186086e-05  1.05819570e-05]","[ 0.00000000e+00 -1.04486871e+00  1.29840469e+01  2.58668631e-01
 -2.26884770e+00  1.22354500e-01 -1.33396804e+00 -1.47679588e-03]"
1747093050.8288088,"[ 0.00000000e+00 -1.14367322e-01  5.64836360e-01  2.98444378e+00
 -2.28147498e+00 -8.14927294e-05  9.60029426e-01  1.57092482e+00]","[ 0.00000000e+00 -5.72606640e-02  3.28255910e-01 -7.85187274e-02
  7.45983475e-04  1.05740785e-05  1.85184257e-05  1.05899522e-05]","[ 0.00000000e+00 -1.02115321e+00  1.29955339e+01  2.70749748e-01
 -2.32049155e+00  1.11553185e-01 -1.32090330e+00  1.31861737e-03]"
1747093050.8305352,"[ 0.00000000e+00 -1.14481306e-01  5.65484707e-01  2.98429597e+00
 -2.28147445e+00 -8.14927294e-05  9.60029426e-01  1.57092482e+00]","[ 0.00000000e+00 -5.77422967e-02  3.29248836e-01 -6.96851469e-02
  5.74099899e-04  1.05819570e-05  1.85184257e-05  1.05820616e-05]","[ 0.         -1.0059576  13.05758572  0.22638813 -2.3425746   0.11254647
 -1.32470632 -0.01538035]"
1747093050.8323374,"[ 0.00000000e+00 -1.14607007e-01  5.66156090e-01  2.98416947e+00
 -2.28147338e+00 -8.14927294e-05  9.60029426e-01  1.57092482e+00]","[ 0.00000000e+00 -6.15822255e-02  3.27561291e-01 -6.29327103e-02
  5.04635900e-04  1.05739739e-05  1.85186086e-05  1.05899522e-05]","[ 0.         -1.01185799 13.11883068  0.19910407 -2.35946012  0.10320573
 -1.34136367 -0.01830346]"
1747093050.8341913,"[ 0.00000000e+00 -1.14668792e-01  5.66477467e-01  2.98410955e+00
 -2.28147311e+00 -8.14927294e-05  9.60029426e-01  1.57092482e+00]","[ 0.00000000e+00 -6.26626158e-02  3.25677337e-01 -6.07719338e-02
  4.41578701e-04  1.05739739e-05  1.85186086e-05  1.05819570e-05]","[ 0.         -0.98004842 13.17221832  0.17738771 -2.33770275  0.09464656
 -1.34051788 -0.01677589]"
1747093050.8359628,"[ 0.00000000e+00 -1.14797689e-01  5.67116226e-01  2.98399131e+00
 -2.28147205e+00 -8.14927294e-05  9.60029426e-01  1.57092482e+00]","[ 0.00000000e+00 -6.31936502e-02  3.22709277e-01 -5.64503723e-02
  3.99940769e-04  1.05819570e-05  1.85184257e-05  1.05819570e-05]","[ 0.00000000e+00 -9.70653594e-01  1.32912998e+01  1.51673123e-01
 -2.34663343e+00  1.20249942e-01 -1.33811069e+00 -4.56549553e-03]"
1747093050.8377817,"[ 0.00000000e+00 -1.14931913e-01  5.67783414e-01  2.98387759e+00
 -2.28147018e+00 -8.14927294e-05  9.60029426e-01  1.57092482e+00]","[ 0.00000000e+00 -6.90748961e-02  3.27358125e-01 -5.54198288e-02
  4.69405354e-04  1.05819570e-05  1.85184257e-05  1.05900569e-05]","[ 0.00000000e+00 -9.53088522e-01  1.33130417e+01  6.92585185e-02
 -2.33935285e+00  1.44820064e-01 -1.35542607e+00 -4.28078463e-03]"
1747093050.8396595,"[ 0.00000000e+00 -1.15076789e-01  5.68431828e-01  2.98376334e+00
 -2.28146805e+00 -8.14927294e-05  9.60029426e-01  1.57092482e+00]","[ 0.00000000e+00 -7.12182455e-02  3.28978725e-01 -5.88812517e-02
  5.49617152e-04  1.05820616e-05  1.85184257e-05  1.05819570e-05]","[ 0.00000000e+00 -9.45230126e-01  1.33623772e+01 -3.56468721e-03
 -2.31975007e+00  1.41007140e-01 -1.35692847e+00  9.70207900e-03]"
1747093050.8415008,"[ 0.00000000e+00 -1.15147096e-01  5.68781700e-01  2.98370395e+00
 -2.28146672e+00 -8.14927294e-05  9.60029426e-01  1.57092482e+00]","[ 0.00000000e+00 -7.13057304e-02  3.29509759e-01 -6.01707085e-02
  5.96118897e-04  1.05819570e-05  1.85184257e-05  1.05899522e-05]","[ 0.00000000e+00 -9.59399641e-01  1.33004341e+01  2.71757110e-03
 -2.28431630e+00  1.41605303e-01 -1.35304785e+00  4.64449963e-03]"
1747093050.8426104,"[ 0.00000000e+00 -1.15293570e-01  5.69438369e-01  2.98358012e+00
 -2.28146326e+00 -8.14927294e-05  9.60029426e-01  1.57092482e+00]","[ 0.00000000e+00 -7.21533730e-02  3.34041893e-01 -6.04351978e-02
  7.22723143e-04  1.05819570e-05  1.85324169e-05  1.05899522e-05]","[ 0.00000000e+00 -9.50839102e-01  1.32420349e+01 -2.66139638e-02
 -2.22563744e+00  1.26171693e-01 -1.33179688e+00  1.20973038e-02]"
1747093050.8444219,"[ 0.00000000e+00 -1.15433652e-01  5.70130325e-01  2.98345415e+00
 -2.28145927e+00 -8.14927294e-05  9.60029426e-01  1.57092482e+00]","[ 0.00000000e+00 -7.07655415e-02  3.40292799e-01 -6.42831993e-02
  8.47802964e-04  1.05819570e-05  1.85184257e-05  1.05899522e-05]","[ 0.         -0.88968319 13.19016457 -0.0351014  -2.12662435  0.1638566
 -1.3358618   0.016249  ]"
1747093050.8462327,"[ 0.00000000e+00 -1.15571604e-01  5.70809964e-01  2.98331726e+00
 -2.28145367e+00 -8.14927294e-05  9.60029426e-01  1.57092482e+00]","[ 0.00000000e+00 -7.02253442e-02  3.45724782e-01 -6.78943209e-02
  1.18002145e-03  1.05820616e-05  1.85324169e-05  1.05819570e-05]","[ 0.00000000e+00 -8.75743210e-01  1.30899467e+01 -5.62355928e-02
 -2.03192401e+00  1.58184752e-01 -1.29306316e+00  3.33939702e-03]"
1747093050.847982,"[ 0.00000000e+00 -1.15646705e-01  5.71152979e-01  2.98324802e+00
 -2.28144994e+00 -8.14927294e-05  9.60030425e-01  1.57092482e+00]","[ 0.00000000e+00 -7.07167057e-02  3.47533068e-01 -7.02966420e-02
  1.65095494e-03  1.05820616e-05  2.91003827e-05  1.05819570e-05]","[ 0.00000000e+00 -8.42237353e-01  1.31046324e+01 -4.55717854e-02
 -1.95306838e+00  1.55132398e-01 -1.28617203e+00 -3.69134615e-03]"
1747093050.8498561,"[ 0.00000000e+00 -1.15787853e-01  5.71867905e-01  2.98310554e+00
 -2.28144222e+00 -8.14927294e-05  9.60030425e-01  1.57092482e+00]","[ 0.00000000e+00 -7.17731318e-02  3.50131348e-01 -7.02151659e-02
  2.98255915e-03  1.05739739e-05  2.91003827e-05  1.05900569e-05]","[ 0.00000000e+00 -8.11238885e-01  1.28665161e+01 -2.53482535e-03
 -1.86344969e+00  1.67776063e-01 -1.25476456e+00 -4.79282252e-03]"
1747093050.8516922,"[ 0.00000000e+00 -1.15924739e-01  5.72560393e-01  2.98296093e+00
 -2.28143263e+00 -8.14927294e-05  9.60030425e-01  1.57092482e+00]","[ 0.00000000e+00 -6.91449538e-02  3.52207115e-01 -7.37366139e-02
  4.30503527e-03  1.05819570e-05  2.91006692e-05  1.05820616e-05]","[ 0.00000000e+00 -7.72129655e-01  1.26079836e+01  3.21619101e-02
 -1.73467016e+00  1.70100689e-01 -1.23093903e+00 -6.64635934e-03]"
1747093050.8535497,"[ 0.00000000e+00 -1.15997710e-01  5.72908468e-01  2.98288903e+00
 -2.28142704e+00 -8.14927294e-05  9.60031357e-01  1.57092482e+00]","[ 0.00000000e+00 -6.87105590e-02  3.53017416e-01 -7.29263222e-02
  4.83488574e-03  1.05819570e-05  3.70372172e-05  1.05899522e-05]","[ 0.00000000e+00 -7.38057673e-01  1.23859272e+01  6.77613318e-02
 -1.68349719e+00  1.47239417e-01 -1.21369064e+00  3.19667021e-03]"
1747093050.8547034,"[ 0.00000000e+00 -1.16132998e-01  5.73633980e-01  2.98274202e+00
 -2.28141293e+00 -8.14927294e-05  9.60031357e-01  1.57092482e+00]","[ 0.00000000e+00 -6.90748961e-02  3.55448282e-01 -7.17197770e-02
  6.49551492e-03  1.05820616e-05  3.70648338e-05  1.05819570e-05]","[ 0.00000000e+00 -7.22311020e-01  1.21729202e+01  1.41572192e-01
 -1.60996568e+00  1.12185039e-01 -1.17805648e+00  6.13998040e-04]"
1747093050.8565176,"[ 0.00000000e+00 -1.16269352e-01  5.74336056e-01  2.98259927e+00
 -2.28139508e+00 -8.14927294e-05  9.60032289e-01  1.57092482e+00]","[ 0.00000000e+00 -6.62028724e-02  3.56258582e-01 -7.26562194e-02
  9.04826561e-03  1.05819570e-05  4.76188043e-05  0.00000000e+00]","[ 0.00000000e+00 -7.03868866e-01  1.20304756e+01  2.04686597e-01
 -1.55154824e+00  1.02389462e-01 -1.17323279e+00  3.78716359e-04]"
1747093050.8583496,"[ 0.00000000e+00 -1.16336996e-01  5.74687793e-01  2.98252763e+00
 -2.28138443e+00 -8.14927294e-05  9.60032289e-01  1.57092482e+00]","[ 0.00000000e+00 -6.86047607e-02  3.56798771e-01 -7.26562194e-02
  1.00213025e-02  1.05819570e-05  4.76192757e-05  0.00000000e+00]","[ 0.00000000e+00 -6.91491008e-01  1.20120125e+01  2.46025592e-01
 -1.57378566e+00  1.06933042e-01 -1.17728245e+00  5.44756767e-04]"
1747093050.8594975,"[ 0.00000000e+00 -1.16479209e-01  5.75414703e-01  2.98238249e+00
 -2.28136286e+00 -8.14927294e-05  9.60033221e-01  1.57092482e+00]","[ 0.00000000e+00 -7.34665111e-02  3.54908093e-01 -7.07655415e-02
  1.10739970e-02  1.05819570e-05  5.55972507e-05  0.00000000e+00]","[ 0.         -0.64246935 11.83266163  0.25003302 -1.60678744  0.10345475
 -1.16792405  0.01337288]"
1747093050.8612785,"[ 0.00000000e+00 -1.16633673e-01  5.76115913e-01  2.98224294e+00
 -2.28133862e+00 -8.14927294e-05  9.60033221e-01  1.57092482e+00]","[ 0.00000000e+00 -7.55506677e-02  3.55809141e-01 -7.10356359e-02
  1.24244839e-02  1.05899522e-05  5.55552731e-05  0.00000000e+00]","[ 0.00000000e+00 -6.52407408e-01  1.16889076e+01  2.71792859e-01
 -1.71527863e+00  1.10231072e-01 -1.15413618e+00  1.04057426e-02]"
1747093050.8630652,"[ 0.00000000e+00 -1.16786538e-01  5.76840492e-01  2.98210286e+00
 -2.28131040e+00 -8.14927294e-05  9.60033221e-01  1.57092482e+00]","[ 0.00000000e+00 -7.88684671e-02  3.53557604e-01 -6.75243704e-02
  1.40450684e-02  1.05819570e-05  5.55972507e-05  0.00000000e+00]","[ 0.00000000e+00 -6.37458503e-01  1.15280943e+01  3.16476494e-01
 -1.77789009e+00  9.68321115e-02 -1.15643883e+00  6.35487493e-03]"
1747093050.8648443,"[ 0.00000000e+00 -1.16864835e-01  5.77187169e-01  2.98203948e+00
 -2.28129575e+00 -8.14927294e-05  9.60033221e-01  1.57092482e+00]","[ 0.00000000e+00 -7.94086560e-02  3.51666927e-01 -6.42831993e-02
  1.48553612e-02  1.05819570e-05  5.55552731e-05  0.00000000e+00]","[ 0.00000000e+00 -6.23916447e-01  1.14345350e+01  3.14206898e-01
 -1.84738123e+00  8.34671035e-02 -1.15316701e+00  8.27967562e-03]"
1747093050.8683865,"[ 0.00000000e+00 -1.17025690e-01  5.77901229e-01  2.98191165e+00
 -2.28126539e+00 -8.14927294e-05  9.60033221e-01  1.57092482e+00]","[ 0.00000000e+00 -7.88684671e-02  3.48568172e-01 -6.18815398e-02
  1.59357516e-02  1.05819570e-05  5.55552731e-05  0.00000000e+00]","[ 0.00000000e+00 -5.35395861e-01  1.13854752e+01  3.21169883e-01
 -1.93281019e+00  9.45873186e-02 -1.17298293e+00  1.83759979e-03]"
1747093050.8693016,"[ 0.00000000e+00 -1.17180686e-01  5.78588591e-01  2.98179367e+00
 -2.28123103e+00 -8.14927294e-05  9.60033221e-01  1.57092482e+00]","[ 0.00000000e+00 -7.94086560e-02  3.48072724e-01 -5.88812517e-02
  1.72862385e-02  1.05899522e-05  5.55552731e-05  0.00000000e+00]","[ 0.00000000e+00 -5.67995787e-01  1.14221573e+01  3.04222912e-01
 -2.01001644e+00  9.34848413e-02 -1.15367818e+00  4.14988818e-03]"
1747093050.8741167,"[ 0.00000000e+00 -1.17598802e-01  5.80344547e-01  2.98150898e+00
 -2.28114235e+00 -8.14927294e-05  9.60033221e-01  1.57092482e+00]","[ 0.00000000e+00 -8.58909982e-02  3.42477989e-01 -5.83410544e-02
  1.78264326e-02  1.05900569e-05  5.55552731e-05  0.00000000e+00]","[ 0.00000000e+00 -5.81360698e-01  1.18019705e+01  2.41653979e-01
 -2.17938614e+00  7.65004754e-02 -1.20678866e+00 -2.26366427e-03]"
1747093050.8791413,"[ 0.00000000e+00 -1.18026506e-01  5.82059156e-01  2.98119952e+00
 -2.28107204e+00 -8.14927294e-05  9.60033221e-01  1.57092482e+00]","[ 0.00000000e+00 -8.12489835e-02  3.41403204e-01 -6.47577163e-02
  1.08038994e-02  1.05820616e-05  4.76547840e-05  0.00000000e+00]","[ 0.         -0.60653502 12.13157177  0.14141086 -2.12705946  0.10669515
 -1.21775079  0.02373711]"
1747093050.8833916,"[ 0.00000000e+00 -1.18325312e-01  5.83434013e-01  2.98092228e+00
 -2.28104541e+00 -8.14927294e-05  9.60034220e-01  1.57092482e+00]","[ 0.00000000e+00 -7.45469056e-02  3.44104182e-01 -7.07655415e-02
  4.32155961e-03  1.05819570e-05  5.82007654e-05  0.00000000e+00]","[ 0.00000000e+00 -6.30521238e-01  1.24940014e+01  8.81276503e-02
 -1.79225051e+00  1.28962368e-01 -1.17802262e+00  7.59550603e-03]"
1747093050.8863437,"[ 0.00000000e+00 -1.18613467e-01  5.84821653e-01  2.98060776e+00
 -2.28103822e+00 -8.14927294e-05  9.60034220e-01  1.57092482e+00]","[ 0.00000000e+00 -6.90748961e-02  3.45057393e-01 -8.23797284e-02
  8.11115059e-04  1.05819570e-05  5.82007654e-05  0.00000000e+00]","[ 0.00000000e+00 -6.72095835e-01  1.28130627e+01  6.26927242e-02
 -1.27766216e+00  1.31944895e-01 -1.11686754e+00  2.92531215e-03]"
1747093050.8898795,"[ 0.00000000e+00 -1.18816399e-01  5.85870007e-01  2.98034145e+00
 -2.28103502e+00 -8.14927294e-05  9.60035152e-01  1.57092482e+00]","[ 0.00000000e+00 -6.48233924e-02  3.46812783e-01 -9.07527485e-02
  1.03978957e-03  1.05900569e-05  6.61378843e-05  0.00000000e+00]","[ 0.00000000e+00 -6.90550566e-01  1.29387465e+01  9.70055237e-02
 -9.34915185e-01  1.51762560e-01 -1.09096360e+00  5.08528855e-03]"
1747093050.8916543,"[ 0.00000000e+00 -1.18941035e-01  5.86553707e-01  2.98016408e+00
 -2.28103130e+00 -8.14927294e-05  9.60035152e-01  1.57092482e+00]","[ 0.00000000e+00 -5.99616379e-02  3.46805160e-01 -8.99424568e-02
  1.43005964e-03  1.05978530e-05  6.60873364e-05  0.00000000e+00]","[ 0.00000000e+00 -6.96398139e-01  1.30419111e+01  1.08421229e-01
 -8.40185821e-01  1.36736691e-01 -1.07653224e+00  8.99601541e-03]"
1747093050.894568,"[ 0.00000000e+00 -1.19121598e-01  5.87615376e-01  2.97989696e+00
 -2.28102304e+00 -8.14927294e-05  9.60036084e-01  1.57092482e+00]","[ 0.00000000e+00 -6.10420282e-02  3.51126704e-01 -8.64311954e-02
  2.00039028e-03  1.05979587e-05  7.40737029e-05  0.00000000e+00]","[ 0.00000000e+00 -7.21473038e-01  1.32110968e+01  1.44500643e-01
 -8.02562416e-01  1.60930052e-01 -1.08880675e+00  1.01439441e-02]"
1747093050.8969314,"[ 0.00000000e+00 -1.19243570e-01  5.88309196e-01  2.97973238e+00
 -2.28101478e+00 -8.14927294e-05  9.60036084e-01  1.57092576e+00]","[ 0.00000000e+00 -5.88812517e-02  3.52207115e-01 -8.29199257e-02
  2.86889054e-03  1.05979587e-05  7.40744343e-05  1.05979587e-05]","[ 0.         -0.75869626 13.22260094  0.16391386 -0.85345137  0.15891109
 -1.08880568  0.01698818]"
1747093050.8992724,"[ 0.00000000e+00 -1.19359152e-01  5.89034708e-01  2.97956726e+00
 -2.28100520e+00 -8.14927294e-05  9.60036084e-01  1.57092576e+00]","[ 0.00000000e+00 -5.88812517e-02  3.55088123e-01 -7.99488533e-02
  4.43749789e-03  1.05979587e-05  7.40737029e-05  1.05978530e-05]","[ 0.         -0.76487565 13.27403259  0.14656523 -0.92110777  0.15147968
 -1.12348378  0.02915107]"
1747093050.9011748,"[ 0.00000000e+00 -1.19483255e-01  5.89735918e-01  2.97941733e+00
 -2.28099401e+00 -8.14927294e-05  9.60036084e-01  1.57092576e+00]","[ 0.00000000e+00 -6.11875034e-02  3.55357968e-01 -7.45469056e-02
  5.35441125e-03  1.05979587e-05  7.40737029e-05  1.05979587e-05]","[ 0.         -0.83026707 13.4044714   0.14696833 -1.09241724  0.14346181
 -1.13745594  0.02668125]"
1747093050.9030116,"[ 0.00000000e+00 -1.19601499e-01  5.90438926e-01  2.97926952e+00
 -2.28098363e+00 -8.14927294e-05  9.60036084e-01  1.57092576e+00]","[ 0.00000000e+00 -5.88215927e-02  3.56798771e-01 -7.07655415e-02
  5.44039494e-03  0.00000000e+00  7.40737029e-05  1.06059783e-05]","[ 0.         -0.81572813 13.52975941  0.13953966 -1.2459259   0.17092949
 -1.17828631  0.02128861]"
1747093050.9048405,"[ 0.00000000e+00 -1.19724537e-01  5.91170896e-01  2.97913770e+00
 -2.28097217e+00 -8.14927294e-05  9.60036084e-01  1.57092576e+00]","[ 0.00000000e+00 -6.11875034e-02  3.57246715e-01 -6.53635897e-02
  5.52814298e-03  0.00000000e+00  7.40744343e-05  1.05979587e-05]","[ 0.         -0.89756364 13.5544138   0.09140487 -1.45799351  0.15255032
 -1.18611276  0.01624493]"
1747093050.9059925,"[ 0.00000000e+00 -1.19851304e-01  5.91885355e-01  2.97901439e+00
 -2.28096046e+00 -8.14927294e-05  9.60036084e-01  1.57092576e+00]","[ 0.00000000e+00 -6.53635897e-02  3.63281105e-01 -5.91513461e-02
  5.76013188e-03  0.00000000e+00  7.40737029e-05  1.05979587e-05]","[ 0.         -0.93926519 13.53686333  0.09224924 -1.63339853  0.16728906
 -1.23195231  0.03882106]"
1747093050.9078228,"[ 0.00000000e+00 -1.19916818e-01  5.92272912e-01  2.97895687e+00
 -2.28095513e+00 -8.14927294e-05  9.60036084e-01  1.57092576e+00]","[ 0.00000000e+00 -6.64439800e-02  3.64868116e-01 -5.83410544e-02
  5.76207931e-03  0.00000000e+00  7.40178194e-05  1.05980643e-05]","[ 0.         -0.98377311 13.44078922  0.08213194 -1.76241505  0.15736078
 -1.23896897  0.03280953]"
1747093050.9096582,"[ 0.00000000e+00 -1.20057965e-01  5.92994761e-01  2.97884395e+00
 -2.28094181e+00 -8.14927294e-05  9.60036084e-01  1.57092576e+00]","[ 0.00000000e+00 -6.91449538e-02  3.65982083e-01 -5.38645012e-02
  6.14440626e-03  0.00000000e+00  7.40744343e-05  1.06059783e-05]","[ 0.00000000e+00 -1.00947821e+00  1.33873158e+01  5.69288945e-03
 -1.95471740e+00  1.64729565e-01 -1.27378428e+00  2.73646172e-02]"
1747093050.9115283,"[ 0.00000000e+00 -1.20129338e-01  5.93354821e-01  2.97879202e+00
 -2.28093542e+00 -8.14927294e-05  9.60036084e-01  1.57092576e+00]","[ 0.00000000e+00 -7.23127798e-02  3.64801803e-01 -5.26690081e-02
  6.75243714e-03  0.00000000e+00  7.40737029e-05  1.05979587e-05]","[ 0.00000000e+00 -1.00431180e+00  1.34000568e+01 -6.82428665e-03
 -2.01983595e+00  1.88930765e-01 -1.28765810e+00  2.18016244e-02]"
1747093050.9133375,"[ 0.00000000e+00 -1.20279007e-01  5.94104634e-01  2.97869242e+00
 -2.28091918e+00 -8.14927294e-05  9.60036084e-01  1.57092576e+00]","[ 0.00000000e+00 -7.67076863e-02  3.66522272e-01 -5.02381288e-02
  7.92839545e-03  0.00000000e+00  7.40737029e-05  1.05979587e-05]","[ 0.         -1.03390956 13.31720066 -0.11251108 -2.10504937  0.18481779
 -1.27694499  0.03072689]"
1747093050.9152727,"[ 0.00000000e+00 -1.20434536e-01  5.94857709e-01  2.97858722e+00
 -2.28090053e+00 -8.14927294e-05  9.60036084e-01  1.57092576e+00]","[ 0.00000000e+00 -7.61674891e-02  3.67626552e-01 -5.21288109e-02
  9.45341148e-03  0.00000000e+00  7.40744343e-05  1.05979587e-05]","[ 0.         -1.06046867 13.17979336 -0.1557893  -2.09083509  0.18265839
 -1.26855195  0.0255175 ]"
1747093050.9170794,"[ 0.00000000e+00 -1.20585804e-01  5.95580491e-01  2.97848123e+00
 -2.28087550e+00 -8.14927294e-05  9.60036084e-01  1.57092576e+00]","[ 0.00000000e+00 -7.72478753e-02  3.65171783e-01 -5.42345848e-02
  1.30399602e-02  0.00000000e+00  6.61378843e-05  1.05979587e-05]","[ 0.         -1.10990953 13.04722309 -0.17788485 -2.05341125  0.17282376
 -1.26790237  0.02340064]"
1747093050.9188652,"[ 0.00000000e+00 -1.20745061e-01  5.96327574e-01  2.97836671e+00
 -2.28084434e+00 -8.09600971e-05  9.60036084e-01  1.57092576e+00]","[ 0.00000000e+00 -7.77880725e-02  3.64868116e-01 -5.64503723e-02
  1.67290760e-02  5.29897933e-06  6.61372301e-05  1.06058726e-05]","[ 0.00000000e+00 -1.14461529e+00  1.28443794e+01 -2.17290521e-01
 -1.99995124e+00  1.71244487e-01 -1.23755991e+00  2.34709890e-03]"
1747093050.9211133,"[ 0.00000000e+00 -1.20902720e-01  5.97049424e-01  2.97824873e+00
 -2.28080120e+00 -8.09600971e-05  9.60036084e-01  1.57092576e+00]","[ 0.00000000e+00 -8.15694367e-02  3.65982083e-01 -6.15822255e-02
  2.20676248e-02  5.30298914e-06  6.62372408e-05  1.05979587e-05]","[ 0.00000000e+00 -1.14374089e+00  1.27290030e+01 -2.27361679e-01
 -1.93347633e+00  1.80423304e-01 -1.21632123e+00  4.74905362e-03]"
1747093050.92254,"[ 0.00000000e+00 -1.21077956e-01  5.97795642e-01  2.97811158e+00
 -2.28074980e+00 -8.09600971e-05  9.60036084e-01  1.57092576e+00]","[ 0.00000000e+00 -8.62643484e-02  3.63112727e-01 -6.83346621e-02
  2.70097486e-02  5.29897933e-06  6.62372408e-05  1.05979587e-05]","[ 0.         -1.13045752 12.57870293 -0.20798326 -1.87116563  0.17939639
 -1.20763314  0.02976062]"
1747093050.9242804,"[ 0.00000000e+00 -1.21247333e-01  5.98505042e-01  2.97796963e+00
 -2.28068881e+00 -8.09600971e-05  9.60036084e-01  1.57092576e+00]","[ 0.00000000e+00 -8.64311954e-02  3.58149260e-01 -7.26562194e-02
  3.08223737e-02  5.30298914e-06  6.62372408e-05  1.05979587e-05]","[ 0.         -1.07874238 12.48486137 -0.1906897  -1.78811193  0.2018885
 -1.19622588  0.02280761]"
1747093050.925431,"[ 0.00000000e+00 -1.21331489e-01  5.98857245e-01  2.97788867e+00
 -2.28065659e+00 -8.09600971e-05  9.60036084e-01  1.57092576e+00]","[ 0.00000000e+00 -8.53508009e-02  3.57068849e-01 -7.62336104e-02
  3.26486822e-02  5.29897933e-06  6.62372408e-05  1.06059783e-05]","[ 0.         -1.0516504  12.42023754 -0.18491733 -1.80033326  0.20063646
 -1.19723749  0.03209991]"
1747093050.9276679,"[ 0.00000000e+00 -1.21504594e-01  5.99587350e-01  2.97773394e+00
 -2.28058548e+00 -8.09600971e-05  9.60036084e-01  1.57092576e+00]","[ 0.00000000e+00 -8.31900202e-02  3.56341973e-01 -7.94086560e-02
  3.72734528e-02  5.29897933e-06  6.62372408e-05  1.05979587e-05]","[ 0.00000000e+00 -1.00405753e+00  1.24032202e+01 -9.42553952e-02
 -1.79016268e+00  1.61942631e-01 -1.17265904e+00  1.06278565e-02]"
1747093050.9294527,"[ 0.00000000e+00 -1.21586620e-01  5.99935891e-01  2.97765085e+00
 -2.28054367e+00 -8.09600971e-05  9.60036084e-01  1.57092576e+00]","[ 0.00000000e+00 -8.31900202e-02  3.53557604e-01 -7.81661582e-02
  3.93706464e-02  5.30298914e-06  6.62372408e-05  1.05979587e-05]","[ 0.00000000e+00 -9.89229560e-01  1.24129772e+01 -4.78426926e-02
 -1.78641951e+00  1.40417561e-01 -1.17304254e+00  4.85013751e-03]"
1747093050.9311874,"[ 0.00000000e+00 -1.21760258e-01  6.00656343e-01  2.97749905e+00
 -2.28045552e+00 -8.09600971e-05  9.60036084e-01  1.57092576e+00]","[ 0.00000000e+00 -8.57628169e-02  3.51577378e-01 -7.67076863e-02
  4.61866702e-02  5.29897933e-06  6.62372408e-05  1.06058726e-05]","[ 0.00000000e+00 -8.88730109e-01  1.25239191e+01  8.02318100e-03
 -1.75548553e+00  1.30914524e-01 -1.17216396e+00  6.31615706e-03]"
1747093050.932385,"[ 0.00000000e+00 -1.21930700e-01  6.01344238e-01  2.97734459e+00
 -2.28035805e+00 -8.09600971e-05  9.60036084e-01  1.57092576e+00]","[ 0.00000000e+00 -8.69713844e-02  3.48965949e-01 -7.77880725e-02
  4.99680343e-02  5.30298914e-06  6.62372408e-05  1.05979587e-05]","[ 0.00000000e+00 -8.27907741e-01  1.26005573e+01  7.64873773e-02
 -1.80123270e+00  1.29240379e-01 -1.19938922e+00  4.92807850e-03]"
1747093050.934733,"[ 0.00000000e+00 -1.22017519e-01  6.01688651e-01  2.97726203e+00
 -2.28030452e+00 -8.09600971e-05  9.60036084e-01  1.57092576e+00]","[ 0.00000000e+00 -8.80517789e-02  3.49236026e-01 -7.77382215e-02
  5.04044599e-02  5.29897933e-06  6.62372408e-05  1.06059783e-05]","[ 0.00000000e+00 -7.95913994e-01  1.26628799e+01  1.23586036e-01
 -1.84259582e+00  1.32546991e-01 -1.20715940e+00  8.55384488e-03]"
1747093050.9365027,"[ 0.00000000e+00 -1.22200745e-01  6.02401313e-01  2.97710411e+00
 -2.28020625e+00 -8.09600971e-05  9.60036084e-01  1.57092576e+00]","[ 0.00000000e+00 -8.91321651e-02  3.46993412e-01 -8.09471475e-02
  4.96979357e-02  5.29903215e-06  6.62379032e-05  1.05819570e-05]","[ 0.         -0.73853552 12.75012207  0.20205027 -1.94354594  0.12477048
 -1.22575402  0.01450123]"
1747093050.9382806,"[ 0.00000000e+00 -1.22373317e-01  6.03083615e-01  2.97693313e+00
 -2.28010372e+00 -8.09600971e-05  9.60036084e-01  1.57092576e+00]","[ 0.00000000e+00 -8.75115816e-02  3.44834820e-01 -8.35058960e-02
  5.01536899e-02  5.29897933e-06  6.62372408e-05  1.05819570e-05]","[ 0.         -0.73083472 12.79312992  0.23743838 -1.98036373  0.11932932
 -1.24214017  0.02642044]"
1747093050.9399285,"[ 0.00000000e+00 -1.22553880e-01  6.03787555e-01  2.97676828e+00
 -2.28000145e+00 -8.09600971e-05  9.60036084e-01  1.57092576e+00]","[ 0.00000000e+00 -8.85919761e-02  3.42753693e-01 -8.39152073e-02
  5.15886178e-02  5.29897933e-06  6.62372408e-05  1.05819570e-05]","[ 0.00000000e+00 -7.12235749e-01  1.28775558e+01  3.11207205e-01
 -1.95750189e+00  8.60850066e-02 -1.24014187e+00  7.93046318e-03]"
1747093050.941752,"[ 0.00000000e+00 -1.22726453e-01  6.04464863e-01  2.97659891e+00
 -2.27989812e+00 -8.09600971e-05  9.60036084e-01  1.57092576e+00]","[ 0.00000000e+00 -8.74229150e-02  3.42753693e-01 -8.20264352e-02
  5.02381288e-02  5.29892650e-06  6.62372408e-05  1.05819570e-05]","[ 0.         -0.66754782 12.96027184  0.38252595 -1.90938699  0.08074491
 -1.25606561  0.01330013]"
1747093050.9434745,"[ 0.00000000e+00 -1.22820196e-01  6.04829450e-01  2.97652087e+00
 -2.27984805e+00 -8.09600971e-05  9.60036084e-01  1.57092576e+00]","[ 0.00000000e+00 -8.82704993e-02  3.42979063e-01 -7.91385615e-02
  5.07783261e-02  5.29897933e-06  6.62372408e-05  1.05819570e-05]","[ 0.00000000e+00 -6.68967366e-01  1.29537096e+01  3.66911143e-01
 -1.87807643e+00  7.48232156e-02 -1.24390543e+00 -7.55514120e-05]"
1747093050.9452567,"[ 0.00000000e+00 -1.23008215e-01  6.05509089e-01  2.97636748e+00
 -2.27974339e+00 -8.09600971e-05  9.60036084e-01  1.57092576e+00]","[ 0.00000000e+00 -8.79919659e-02  3.44644370e-01 -7.77880725e-02
  5.16583011e-02  5.29897933e-06  6.62372408e-05  1.05820616e-05]","[ 0.00000000e+00 -6.42236114e-01  1.30373735e+01  4.16972905e-01
 -1.76169765e+00  6.56735823e-02 -1.25530672e+00 -1.03758648e-02]"
1747093050.9470632,"[ 0.00000000e+00 -1.23171733e-01  6.06189127e-01  2.97620902e+00
 -2.27963633e+00 -8.14927294e-05  9.60036084e-01  1.57092576e+00]","[ 0.00000000e+00 -8.62643484e-02  3.44644370e-01 -7.72478753e-02
  5.45596902e-02  0.00000000e+00  6.62379032e-05  1.05819570e-05]","[ 0.00000000e+00 -6.44516528e-01  1.31060085e+01  4.25742567e-01
 -1.66445398e+00  3.75441201e-02 -1.22424328e+00 -6.24583662e-03]"
1747093050.948816,"[ 0.00000000e+00 -1.23342175e-01  6.06894931e-01  2.97605669e+00
 -2.27952182e+00 -8.14927294e-05  9.60036084e-01  1.57092576e+00]","[ 0.00000000e+00 -8.53508009e-02  3.44644370e-01 -7.77880725e-02
  5.59213645e-02  0.00000000e+00  5.56392812e-05  1.05819570e-05]","[ 0.00000000e+00 -6.49629593e-01  1.31471395e+01  4.39474136e-01
 -1.60929441e+00  5.49843758e-02 -1.19400156e+00  1.08122407e-02]"
1747093050.9498825,"[ 0.00000000e+00 -1.23443908e-01  6.07235616e-01  2.97597173e+00
 -2.27946536e+00 -8.14927294e-05  9.60036084e-01  1.57092576e+00]","[ 0.00000000e+00 -8.37996261e-02  3.45104665e-01 -7.99951423e-02
  5.72026487e-02  0.00000000e+00  5.56392812e-05  1.05819570e-05]","[ 0.00000000e+00 -6.87086761e-01  1.32080355e+01  4.34523910e-01
 -1.62661493e+00  5.67100793e-02 -1.19400156e+00  1.08816857e-02]"
1747093050.9516962,"[ 0.00000000e+00 -1.23610089e-01  6.07945548e-01  2.97581008e+00
 -2.27934844e+00 -8.14927294e-05  9.60036084e-01  1.57092576e+00]","[ 0.00000000e+00 -8.48106036e-02  3.46812783e-01 -8.18395312e-02
  5.99616379e-02  0.00000000e+00  5.56392812e-05  1.05819570e-05]","[ 0.         -0.71246606 13.21809959  0.43005779 -1.63637137  0.0713084
 -1.21071005  0.01652056]"
1747093050.9535184,"[ 0.00000000e+00 -1.23692647e-01  6.08286699e-01  2.97572912e+00
 -2.27928133e+00 -8.14927294e-05  9.60036084e-01  1.57092576e+00]","[ 0.00000000e+00 -8.37302174e-02  3.45994859e-01 -8.21096340e-02
  6.31936502e-02  0.00000000e+00  4.76908124e-05  1.05820616e-05]","[ 0.00000000e+00 -7.14371860e-01  1.31376848e+01  4.27845329e-01
 -1.62568188e+00  6.71063438e-02 -1.21940231e+00  4.41091508e-03]"
1747093050.9552188,"[ 0.00000000e+00 -1.23858296e-01  6.08967669e-01  2.97555708e+00
 -2.27915137e+00 -8.14927294e-05  9.60036084e-01  1.57092576e+00]","[ 0.00000000e+00 -7.99488533e-02  3.43755540e-01 -8.48106036e-02
  6.67140745e-02  0.00000000e+00  4.76908124e-05  1.05899522e-05]","[ 0.00000000e+00 -7.10122705e-01  1.31613045e+01  4.31376427e-01
 -1.60908127e+00  6.94462284e-02 -1.21078289e+00  2.98310467e-03]"
1747093050.9564173,"[ 0.00000000e+00 -1.24014357e-01  6.09675737e-01  2.97538903e+00
 -2.27900889e+00 -8.14927294e-05  9.60036084e-01  1.57092576e+00]","[ 0.00000000e+00 -7.93282036e-02  3.46535048e-01 -8.48106036e-02
  7.10343626e-02  0.00000000e+00  3.70928568e-05  1.05820616e-05]","[ 0.00000000e+00 -7.15176105e-01  1.32169209e+01  4.43945229e-01
 -1.63191700e+00  6.89877346e-02 -1.20834649e+00 -3.18707596e-03]"
1747093050.9584966,"[ 0.00000000e+00 -1.24096915e-01  6.10018353e-01  2.97529902e+00
 -2.27893592e+00 -8.14927294e-05  9.60036084e-01  1.57092576e+00]","[ 0.00000000e+00 -7.77382215e-02  3.47345348e-01 -8.47597373e-02
  7.39317237e-02  0.00000000e+00  3.70928568e-05  1.05819570e-05]","[ 0.00000000e+00 -7.17660725e-01  1.33644819e+01  4.46030468e-01
 -1.63018310e+00  6.30804896e-02 -1.21222460e+00 -1.14318123e-02]"
1747093050.9632988,"[ 0.00000000e+00 -1.24403711e-01  6.11764188e-01  2.97487557e+00
 -2.27854124e+00 -8.14927294e-05  9.60036084e-01  1.57092576e+00]","[ 0.00000000e+00 -8.04890505e-02  3.47885537e-01 -7.95672056e-02
  8.18395312e-02  0.00000000e+00  2.91443860e-05  1.05819570e-05]","[ 0.         -0.7900697  13.4993639   0.4073351  -1.88677716  0.09382604
 -1.24103236 -0.02548811]"
1747093050.9680157,"[ 0.00000000e+00 -1.24739270e-01  6.13171602e-01  2.97456798e+00
 -2.27820275e+00 -8.14927294e-05  9.60036084e-01  1.57092576e+00]","[ 0.00000000e+00 -8.32551261e-02  3.50770973e-01 -7.40067084e-02
  8.61610926e-02  0.00000000e+00  2.91446766e-05  1.05819570e-05]","[ 0.00000000e+00 -7.60042250e-01  1.36652822e+01  3.70360672e-01
 -2.13438487e+00  1.08558252e-01 -1.28796589e+00  4.93069598e-03]"
1747093050.9726753,"[ 0.00000000e+00 -1.25153658e-01  6.14956453e-01  2.97422363e+00
 -2.27776466e+00 -8.14927294e-05  9.60036084e-01  1.57092576e+00]","[ 0.00000000e+00 -8.48106036e-02  3.53583537e-01 -6.32028089e-02
  8.80517789e-02  0.00000000e+00  2.91226556e-05  1.05899522e-05]","[ 0.00000000e+00 -7.52522528e-01  1.36521902e+01  2.81610578e-01
 -2.30326653e+00  1.01224691e-01 -1.28557467e+00 -1.07130986e-02]"
1747093050.9761038,"[ 0.00000000e+00 -1.25514250e-01  6.16378115e-01  2.97399247e+00
 -2.27742351e+00 -8.14927294e-05  9.60036084e-01  1.57092576e+00]","[ 0.00000000e+00 -9.45341127e-02  3.52831227e-01 -5.37493985e-02
  8.41850271e-02  0.00000000e+00  2.91223691e-05  1.05900569e-05]","[ 0.00000000e+00 -7.33528256e-01  1.36212435e+01  2.31281996e-01
 -2.07504964e+00  1.03814244e-01 -1.24359941e+00  8.93929228e-03]"
1747093050.9785237,"[ 0.00000000e+00 -1.25801871e-01  6.17415416e-01  2.97384759e+00
 -2.27715107e+00 -8.14927294e-05  9.60037082e-01  1.57092576e+00]","[ 0.00000000e+00 -9.47904752e-02  3.51126704e-01 -4.59165715e-02
  8.61197970e-02  0.00000000e+00  3.70928568e-05  1.05819570e-05]","[ 0.00000000e+00 -7.59326041e-01  1.35379696e+01  1.78569317e-01
 -1.83385837e+00  8.20647404e-02 -1.18314409e+00  6.69167843e-04]"
1747093050.9809475,"[ 0.00000000e+00 -1.25987227e-01  6.18131740e-01  2.97380205e+00
 -2.27699128e+00 -8.14927294e-05  9.60037082e-01  1.57092576e+00]","[ 0.00000000e+00 -9.34537265e-02  3.49320216e-01 -4.61398734e-02
  8.80517789e-02  0.00000000e+00  3.70928568e-05  1.05899522e-05]","[ 0.00000000e+00 -7.54190564e-01  1.33607998e+01  1.50331199e-01
 -1.65952432e+00  1.11369863e-01 -1.18066990e+00  4.96428274e-03]"
1747093050.9827478,"[ 0.00000000e+00 -1.26169387e-01  6.18817304e-01  2.97370831e+00
 -2.27680033e+00 -8.14927294e-05  9.60037082e-01  1.57092576e+00]","[ 0.00000000e+00 -9.29135292e-02  3.46805160e-01 -4.53890909e-02
  8.67012899e-02  0.00000000e+00  2.91443860e-05  1.05819570e-05]","[ 0.00000000e+00 -7.95007288e-01  1.31317587e+01  1.40091911e-01
 -1.57895553e+00  1.14966117e-01 -1.13276935e+00 -1.98939466e-03]"
1747093050.9859128,"[ 0.00000000e+00 -1.26359537e-01  6.19522642e-01  2.97361776e+00
 -2.27662137e+00 -8.09600971e-05  9.60038015e-01  1.57092576e+00]","[ 0.00000000e+00 -9.34537265e-02  3.43563993e-01 -4.56464729e-02
  8.77689595e-02  5.29097849e-06  3.70932266e-05  1.05900569e-05]","[ 0.         -0.82984316 12.97334099  0.09703399 -1.45314467  0.12204098
 -1.10297823 -0.01406603]"
1747093050.987576,"[ 0.00000000e+00 -1.26632777e-01  6.20556282e-01  2.97347821e+00
 -2.27636277e+00 -8.09600971e-05  9.60038015e-01  1.57092576e+00]","[ 0.00000000e+00 -8.97751104e-02  3.39038949e-01 -4.67268633e-02
  8.80517789e-02  5.29103081e-06  2.91006692e-05  1.05899522e-05]","[ 0.         -0.83091456 12.72410679  0.04704316 -1.33888566  0.13806978
 -1.08415115 -0.01592785]"
1747093050.9898388,"[ 0.00000000e+00 -1.26801622e-01  6.21220274e-01  2.97337595e+00
 -2.27617582e+00 -8.09600971e-05  9.60038947e-01  1.57092576e+00]","[ 0.00000000e+00 -8.42704147e-02  3.35461059e-01 -5.09059955e-02
  9.17812530e-02  5.29097849e-06  3.70368514e-05  1.05899522e-05]","[ 0.         -0.8614105  12.73069668  0.04089916 -1.27869534  0.16202761
 -1.07378888 -0.01712595]"
1747093050.991691,"[ 0.00000000e+00 -1.26966205e-01  6.21875079e-01  2.97327129e+00
 -2.27598807e+00 -8.09600971e-05  9.60038947e-01  1.57092576e+00]","[ 0.00000000e+00 -8.37302174e-02  3.30819535e-01 -5.34792999e-02
  9.58846017e-02  5.29502843e-06  3.70372172e-05  1.05899522e-05]","[ 0.00000000e+00 -8.73362064e-01  1.27714014e+01  1.81910470e-02
 -1.33016288e+00  1.53526217e-01 -1.06680584e+00 -5.46994925e-05]"
1747093050.9941256,"[ 0.00000000e+00 -1.27136115e-01  6.22597395e-01  2.97316103e+00
 -2.27578460e+00 -8.09600971e-05  9.60038947e-01  1.57092576e+00]","[ 0.00000000e+00 -8.25660831e-02  3.28438536e-01 -5.45044088e-02
  9.96659659e-02  5.29103081e-06  2.91003827e-05  1.05819570e-05]","[ 0.00000000e+00 -9.10141170e-01  1.28407383e+01  2.12046131e-02
 -1.49604583e+00  1.36246607e-01 -1.09842682e+00  2.06389072e-04]"
1747093050.9958773,"[ 0.00000000e+00 -1.27301763e-01  6.23269177e-01  2.97304891e+00
 -2.27558726e+00 -8.09600971e-05  9.60038947e-01  1.57092576e+00]","[ 0.00000000e+00 -8.07474437e-02  3.27754370e-01 -5.83410544e-02
  1.00476258e-01  5.29097849e-06  2.91003827e-05  1.05819570e-05]","[ 0.00000000e+00 -9.53824103e-01  1.28778782e+01  3.61386538e-02
 -1.72653055e+00  1.56605512e-01 -1.11807942e+00 -5.22238624e-05]"
1747093050.9977527,"[ 0.00000000e+00 -1.27460488e-01  6.23915260e-01  2.97291948e+00
 -2.27547967e+00 -8.09600971e-05  9.60038947e-01  1.57092576e+00]","[ 0.00000000e+00 -7.99488533e-02  3.27358125e-01 -6.48233924e-02
  1.01310460e-01  5.29097849e-06  2.91003827e-05  0.00000000e+00]","[ 0.00000000e+00 -1.02126932e+00  1.29776583e+01  2.24506669e-02
 -1.82609332e+00  1.34907961e-01 -1.15373850e+00  1.68010395e-03]"
1747093050.9995015,"[ 0.00000000e+00 -1.27538785e-01  6.24236238e-01  2.97285237e+00
 -2.27538060e+00 -8.09600971e-05  9.60038947e-01  1.57092576e+00]","[ 0.00000000e+00 -7.94086560e-02  3.25467447e-01 -6.80645635e-02
  1.00476258e-01  5.29502843e-06  2.91006692e-05  0.00000000e+00]","[ 0.00000000e+00 -1.01898229e+00  1.30761671e+01  7.05537349e-02
 -1.97377133e+00  1.52433589e-01 -1.17494011e+00 -4.95552178e-03]"
1747093051.0011837,"[ 0.00000000e+00 -1.27702303e-01  6.24898366e-01  2.97270403e+00
 -2.27517421e+00 -8.09600971e-05  9.60038947e-01  1.57092576e+00]","[ 0.00000000e+00 -8.07474437e-02  3.23094171e-01 -7.45484286e-02
  1.01310460e-01  5.29097849e-06  2.91003827e-05  0.00000000e+00]","[ 0.00000000e+00 -1.03561854e+00  1.31877317e+01  8.68364349e-02
 -2.15279555e+00  1.48467228e-01 -1.20921135e+00 -2.09352281e-03]"
1747093051.00298,"[ 0.00000000e+00 -1.27867951e-01  6.25536193e-01  2.97254557e+00
 -2.27497420e+00 -8.09600971e-05  9.60038947e-01  1.57092576e+00]","[ 0.00000000e+00 -8.42704147e-02  3.23576769e-01 -8.10292395e-02
  1.00914106e-01  5.29097849e-06  2.91003827e-05  0.00000000e+00]","[ 0.         -1.0245868  13.41241074  0.11396939 -2.28382325  0.13945226
 -1.24787974  0.01551989]"
1747093051.0047286,"[ 0.00000000e+00 -1.28042122e-01  6.25880606e-01  2.97237620e+00
 -2.27476435e+00 -8.09600971e-05  9.60038015e-01  1.57092576e+00]","[ 0.00000000e+00 -8.57628169e-02  3.24243624e-01 -8.30043562e-02
  1.02366944e-01  5.29497611e-06  1.85046377e-05  0.00000000e+00]","[ 0.00000000e+00 -9.93170917e-01  1.34197435e+01  1.64775386e-01
 -2.35637259e+00  1.19716816e-01 -1.24615467e+00  7.20455032e-03]"
1747093051.0058262,"[ 0.00000000e+00 -1.28129474e-01  6.26201983e-01  2.97229311e+00
 -2.27466315e+00 -8.09600971e-05  9.60038015e-01  1.57092576e+00]","[ 0.00000000e+00 -8.85022110e-02  3.26007669e-01 -8.42704147e-02
  1.02637038e-01  5.29097849e-06  1.85184257e-05  0.00000000e+00]","[ 0.00000000e+00 -9.93383944e-01  1.35219336e+01  1.81854591e-01
 -2.40044498e+00  9.70073193e-02 -1.24858689e+00  8.78089666e-03]"
1747093051.0075424,"[ 0.00000000e+00 -1.28301514e-01  6.26872434e-01  2.97212453e+00
 -2.27445435e+00 -8.09600971e-05  9.60038015e-01  1.57092576e+00]","[ 0.00000000e+00 -8.64311954e-02  3.27252830e-01 -8.56209037e-02
  1.02062761e-01  5.29497611e-06  1.85044548e-05  0.00000000e+00]","[ 0.00000000e+00 -9.77813601e-01  1.36198187e+01  2.46158794e-01
 -2.46732306e+00  7.98481628e-02 -1.26662469e+00 -5.66953700e-03]"
1747093051.0100107,"[ 0.00000000e+00 -1.28478348e-01  6.27523577e-01  2.97194956e+00
 -2.27425968e+00 -8.09600971e-05  9.60038015e-01  1.57092576e+00]","[ 0.00000000e+00 -8.58909982e-02  3.32219892e-01 -8.61610926e-02
  9.65969224e-02  5.29097849e-06  1.85184257e-05  0.00000000e+00]","[ 0.00000000e+00 -8.97440016e-01  1.36057148e+01  2.87395418e-01
 -2.47037172e+00  7.18714446e-02 -1.28834665e+00 -1.32014016e-02]"
1747093051.0110984,"[ 0.00000000e+00 -1.28645594e-01  6.28213269e-01  2.97177885e+00
 -2.27407352e+00 -8.09600971e-05  9.60038015e-01  1.57092576e+00]","[ 0.00000000e+00 -8.41850271e-02  3.37621848e-01 -8.69713844e-02
  9.37238210e-02  5.29492328e-06  1.85044548e-05  0.00000000e+00]","[ 0.         -0.9058457  13.52914715  0.33925518 -2.40998673  0.06746455
 -1.27223623 -0.01395307]"
1747093051.0141716,"[ 0.00000000e+00 -1.28818700e-01  6.28888247e-01  2.97160388e+00
 -2.27388444e+00 -8.09600971e-05  9.60038015e-01  1.57092576e+00]","[ 0.00000000e+00 -8.51810660e-02  3.43293881e-01 -8.50807064e-02
  9.18331430e-02  5.29097849e-06  1.85184257e-05  0.00000000e+00]","[ 0.00000000e+00 -8.62601161e-01  1.34396515e+01  3.87088925e-01
 -2.15985656e+00  8.64491239e-02 -1.25383854e+00 -1.09846201e-02]"
1747093051.0159137,"[ 0.00000000e+00 -1.28989142e-01  6.29592188e-01  2.97143770e+00
 -2.27369296e+00 -8.09600971e-05  9.60038947e-01  1.57092576e+00]","[ 0.00000000e+00 -8.58909982e-02  3.44378620e-01 -8.37302174e-02
  9.47013093e-02  5.29497611e-06  2.90784288e-05  0.00000000e+00]","[ 0.         -0.86700815 13.28486633  0.39278218 -1.90599823  0.0559783
 -1.17931032 -0.03256713]"
1747093051.017042,"[ 0.00000000e+00 -1.29161182e-01  6.30274556e-01  2.97127365e+00
 -2.27350254e+00 -8.09600971e-05  9.60038947e-01  1.57092576e+00]","[ 0.00000000e+00 -8.37302174e-02  3.46535048e-01 -7.83282698e-02
  9.66948934e-02  5.29103081e-06  2.91003827e-05  0.00000000e+00]","[ 0.00000000e+00 -8.07364762e-01  1.31594772e+01  4.47545111e-01
 -1.55481291e+00  7.82174319e-02 -1.15201366e+00 -1.22602833e-02]"
1747093051.018842,"[ 0.00000000e+00 -1.29243740e-01  6.30618037e-01  2.97119801e+00
 -2.27340560e+00 -8.09600971e-05  9.60038947e-01  1.57092576e+00]","[ 0.00000000e+00 -8.37302174e-02  3.48425760e-01 -7.66299637e-02
  9.83154852e-02  5.29502843e-06  2.91003827e-05  0.00000000e+00]","[ 0.         -0.81186217 13.06076622  0.42440057 -1.41671085  0.05204213
 -1.10411477 -0.01597961]"
1747093051.0205984,"[ 0.00000000e+00 -1.29402465e-01  6.31333895e-01  2.97104648e+00
 -2.27319947e+00 -8.09600971e-05  9.60038947e-01  1.57092576e+00]","[ 0.00000000e+00 -7.94086560e-02  3.48882192e-01 -7.29736182e-02
  1.01059690e-01  0.00000000e+00  2.91003827e-05  0.00000000e+00]","[ 0.00000000e+00 -8.25132132e-01  1.30123053e+01  4.32505786e-01
 -1.21416962e+00  4.56422269e-02 -1.09134114e+00 -7.00388663e-03]"
1747093051.0223174,"[ 0.00000000e+00 -1.29483957e-01  6.31678308e-01  2.97097750e+00
 -2.27310014e+00 -8.09600971e-05  9.60038947e-01  1.57092576e+00]","[ 0.00000000e+00 -7.67351502e-02  3.49236026e-01 -6.99552497e-02
  1.00746360e-01  0.00000000e+00  2.91003827e-05  0.00000000e+00]","[ 0.00000000e+00 -8.09289217e-01  1.29325867e+01  4.48042005e-01
 -1.11257529e+00  4.34787013e-02 -1.09215283e+00 -4.31912299e-03]"
1747093051.0235114,"[ 0.00000000e+00 -1.29638421e-01  6.32394632e-01  2.97084621e+00
 -2.27289720e+00 -8.09600971e-05  9.60039879e-01  1.57092576e+00]","[ 0.00000000e+00 -7.83282698e-02  3.49821988e-01 -6.56336883e-02
  1.04257622e-01  0.00000000e+00  3.70368514e-05  0.00000000e+00]","[ 0.00000000e+00 -8.60356271e-01  1.28330097e+01  3.95340383e-01
 -1.00847530e+00  5.13188019e-02 -1.06408691e+00 -8.59963335e-03]"
1747093051.0257928,"[ 0.00000000e+00 -1.29802472e-01  6.33088452e-01  2.97071119e+00
 -2.27267829e+00 -8.09600971e-05  9.60039879e-01  1.57092576e+00]","[ 0.00000000e+00 -8.04890505e-02  3.53017416e-01 -6.56395306e-02
  1.08081205e-01  0.00000000e+00  3.70368514e-05  0.00000000e+00]","[ 0.00000000e+00 -8.97125900e-01  1.27694693e+01  3.11323076e-01
 -1.02425575e+00  8.59694108e-02 -1.04179871e+00 -3.39069025e-04]"
1747093051.0276458,"[ 0.00000000e+00 -1.29966522e-01  6.33811700e-01  2.97058176e+00
 -2.27245831e+00 -8.09600971e-05  9.60039879e-01  1.57092576e+00]","[ 0.00000000e+00 -8.42704147e-02  3.53000371e-01 -6.50934910e-02
  1.11550256e-01  0.00000000e+00  3.70089097e-05  0.00000000e+00]","[ 0.         -0.91907096 12.71030903  0.26099372 -1.11392629  0.12653191
 -1.05106628  0.02727496]"
1747093051.0293577,"[ 0.00000000e+00 -1.30051743e-01  6.34161173e-01  2.97051651e+00
 -2.27234753e+00 -8.09600971e-05  9.60039879e-01  1.57092576e+00]","[ 0.00000000e+00 -8.64311954e-02  3.54367905e-01 -6.61738814e-02
  1.12246706e-01  0.00000000e+00  3.70368514e-05  0.00000000e+00]","[ 0.         -0.94623846 12.75075054  0.24803545 -1.22491169  0.11691687
 -1.05808902  0.02413257]"
1747093051.0305321,"[ 0.00000000e+00 -1.30228045e-01  6.34857257e-01  2.97037456e+00
 -2.27211610e+00 -8.09600971e-05  9.60039879e-01  1.57092576e+00]","[ 0.00000000e+00 -8.58039710e-02  3.53017416e-01 -7.06938358e-02
  1.13711036e-01  0.00000000e+00  3.70372172e-05  0.00000000e+00]","[ 0.         -0.96607053 12.77071285  0.20558344 -1.45024157  0.12144999
 -1.0874567   0.02423156]"
1747093051.0329373,"[ 0.00000000e+00 -1.30401683e-01  6.35581437e-01  2.97022942e+00
 -2.27189612e+00 -8.09600971e-05  9.60039879e-01  1.57092576e+00]","[ 0.00000000e+00 -8.91321651e-02  3.54085077e-01 -7.40067084e-02
  1.11280161e-01  0.00000000e+00  3.70372172e-05  0.00000000e+00]","[ 0.         -0.97721136 12.79188061  0.1784673  -1.64603662  0.13340516
 -1.10282445  0.0220316 ]"
1747093051.0347216,"[ 0.00000000e+00 -1.30584908e-01  6.36281715e-01  2.97007389e+00
 -2.27167108e+00 -8.09600971e-05  9.60039879e-01  1.57092576e+00]","[ 0.00000000e+00 -8.96723623e-02  3.55988471e-01 -7.67076863e-02
  1.09548466e-01  0.00000000e+00  3.70368514e-05  0.00000000e+00]","[ 0.00000000e+00 -1.01096153e+00  1.29021845e+01  1.51819855e-01
 -1.78133321e+00  1.38477653e-01 -1.13105583e+00  8.78948066e-03]"
1747093051.0365021,"[ 0.00000000e+00 -1.30674923e-01  6.36633452e-01  2.96999773e+00
 -2.27156509e+00 -8.09600971e-05  9.60039879e-01  1.57092576e+00]","[ 0.00000000e+00 -9.12929458e-02  3.56798771e-01 -7.72478753e-02
  1.07498797e-01  0.00000000e+00  3.70089097e-05  0.00000000e+00]","[ 0.00000000e+00 -9.71583009e-01  1.28474092e+01  1.56453490e-01
 -1.82472789e+00  1.43561974e-01 -1.12994313e+00  1.21591976e-02]"
1747093051.0382547,"[ 0.00000000e+00 -1.30857616e-01  6.37365822e-01  2.96984113e+00
 -2.27134458e+00 -8.09600971e-05  9.60039879e-01  1.57092576e+00]","[ 0.00000000e+00 -9.29135292e-02  3.58149260e-01 -7.51597656e-02
  1.08081205e-01  0.00000000e+00  3.70368514e-05  0.00000000e+00]","[ 0.00000000e+00 -9.66447532e-01  1.29150801e+01  1.35153249e-01
 -1.92348611e+00  1.32184625e-01 -1.15303183e+00 -7.77039025e-03]"
1747093051.0399377,"[ 0.00000000e+00 -1.31044570e-01  6.38070694e-01  2.96969546e+00
 -2.27113446e+00 -8.09600971e-05  9.60039879e-01  1.57092576e+00]","[ 0.00000000e+00 -9.07527485e-02  3.56707092e-01 -7.34665111e-02
  1.06688505e-01  0.00000000e+00  3.70089097e-05  0.00000000e+00]","[ 0.         -0.95372421 12.90987682  0.14146097 -2.02126718  0.14436993
 -1.1524601  -0.01850064]"
1747093051.0417337,"[ 0.00000000e+00 -1.31223534e-01  6.38804461e-01  2.96954632e+00
 -2.27092353e+00 -8.09600971e-05  9.60039879e-01  1.57092576e+00]","[ 0.00000000e+00 -9.02125596e-02  3.58689449e-01 -7.26562194e-02
  1.07228694e-01  0.00000000e+00  3.70368514e-05  0.00000000e+00]","[ 0.         -0.93582726 12.82647705  0.16960333 -2.07840014  0.13157992
 -1.13628411 -0.01448068]"
1747093051.0434577,"[ 0.00000000e+00 -1.31316212e-01  6.39157596e-01  2.96947601e+00
 -2.27081115e+00 -8.09600971e-05  9.60039879e-01  1.57092576e+00]","[ 0.00000000e+00 -8.71853277e-02  3.58149260e-01 -7.13057304e-02
  1.05824293e-01  0.00000000e+00  3.70372172e-05  0.00000000e+00]","[ 0.00000000e+00 -9.72516179e-01  1.28121920e+01  1.73006579e-01
 -2.08639836e+00  1.34497330e-01 -1.14396322e+00  5.53686928e-04]"
1747093051.0453324,"[ 0.00000000e+00 -1.31487187e-01  6.39862935e-01  2.96933540e+00
 -2.27059756e+00 -8.09600971e-05  9.60039879e-01  1.57092576e+00]","[ 0.00000000e+00 -8.64311954e-02  3.57246715e-01 -7.17731318e-02
  1.08579183e-01  0.00000000e+00  3.70368514e-05  0.00000000e+00]","[ 0.         -1.00350142 12.70615101  0.17431733 -2.07244754  0.136465
 -1.13072979  0.01518071]"
1747093051.04701,"[ 0.00000000e+00 -1.31660825e-01  6.40588912e-01  2.96918706e+00
 -2.27037306e+00 -8.09600971e-05  9.60039879e-01  1.57092576e+00]","[ 0.00000000e+00 -8.37566660e-02  3.53827682e-01 -7.26562194e-02
  1.10484858e-01  5.29097849e-06  3.70368514e-05  0.00000000e+00]","[ 0.00000000e+00 -1.03300846e+00  1.26344719e+01  1.91886395e-01
 -2.01887894e+00  1.29371360e-01 -1.11274981e+00  9.96234361e-03]"
1747093051.0494893,"[ 0.00000000e+00 -1.31818484e-01  6.41289124e-01  2.96904165e+00
 -2.27015042e+00 -8.09600971e-05  9.60040877e-01  1.57092576e+00]","[ 0.00000000e+00 -7.94086560e-02  3.55448282e-01 -7.04659358e-02
  1.13170839e-01  5.29497611e-06  4.75828816e-05  0.00000000e+00]","[ 0.00000000e+00 -1.06622660e+00  1.26061087e+01  2.04150647e-01
 -1.91442025e+00  1.33355573e-01 -1.11716664e+00  6.13584416e-03]"
1747093051.0506163,"[ 0.00000000e+00 -1.31975611e-01  6.42016500e-01  2.96890530e+00
 -2.26991473e+00 -8.09600971e-05  9.60040877e-01  1.57092576e+00]","[ 0.00000000e+00 -7.50870946e-02  3.54908093e-01 -6.88748552e-02
  1.15871817e-01  5.29492328e-06  4.76192757e-05  0.00000000e+00]","[ 0.00000000e+00 -1.05126655e+00  1.26250381e+01  2.03796133e-01
 -1.79300189e+00  1.31968215e-01 -1.10338008e+00  1.01869758e-02]"
1747093051.052428,"[ 0.00000000e+00 -1.32049114e-01  6.42365507e-01  2.96883819e+00
 -2.26980128e+00 -8.09600971e-05  9.60040877e-01  1.57092576e+00]","[ 0.00000000e+00 -7.45469056e-02  3.53469188e-01 -6.80645635e-02
  1.15061525e-01  5.29497611e-06  4.76188043e-05  0.00000000e+00]","[ 0.00000000e+00 -1.07082796e+00  1.25957890e+01  1.79544508e-01
 -1.74193060e+00  1.28378600e-01 -1.09383774e+00  3.32862162e-03]"
1747093051.0544205,"[ 0.00000000e+00 -1.32201980e-01  6.43084561e-01  2.96870689e+00
 -2.26956772e+00 -8.09600971e-05  9.60040877e-01  1.57092576e+00]","[ 0.00000000e+00 -7.57320789e-02  3.50574298e-01 -6.31936502e-02
  1.13598110e-01  5.29097849e-06  4.76188043e-05  0.00000000e+00]","[ 0.00000000e+00 -1.10417855e+00  1.26050196e+01  1.81845933e-01
 -1.64874673e+00  1.34066194e-01 -1.08378470e+00  5.38365217e-03]"
1747093051.0556574,"[ 0.00000000e+00 -1.32356443e-01  6.43776583e-01  2.96858732e+00
 -2.26934268e+00 -8.09600971e-05  9.60040877e-01  1.57092576e+00]","[ 0.00000000e+00 -7.94086560e-02  3.51126704e-01 -6.02317365e-02
  1.13440942e-01  5.29492328e-06  4.76192757e-05  0.00000000e+00]","[ 0.         -1.15800881 12.67381096  0.14816129 -1.57201171  0.12718257
 -1.07118452  0.01813124]"
1747093051.0575287,"[ 0.00000000e+00 -1.32514635e-01  6.44468605e-01  2.96846348e+00
 -2.26910752e+00 -8.09600971e-05  9.60040877e-01  1.57092576e+00]","[ 0.00000000e+00 -8.15694367e-02  3.50586515e-01 -6.04351978e-02
  1.15102721e-01  5.29502843e-06  4.76188043e-05  0.00000000e+00]","[ 0.         -1.20426416 12.79175282  0.16009834 -1.47692835  0.14563863
 -1.07538283  0.01888261]"
1747093051.0593367,"[ 0.00000000e+00 -1.32600921e-01  6.44839584e-01  2.96840329e+00
 -2.26899541e+00 -8.09600971e-05  9.60040877e-01  1.57092576e+00]","[ 0.00000000e+00 -8.12489835e-02  3.48991848e-01 -6.10420282e-02
  1.13711036e-01  5.29097849e-06  4.76188043e-05  0.00000000e+00]","[ 0.00000000e+00 -1.22153938e+00  1.28306131e+01  1.43116027e-01
 -1.45936787e+00  1.59872741e-01 -1.06717849e+00  4.18336969e-03]"
1747093051.0612688,"[ 0.00000000e+00 -1.32763907e-01  6.45524282e-01  2.96827972e+00
 -2.26877410e+00 -8.09600971e-05  9.60040877e-01  1.57092576e+00]","[ 0.00000000e+00 -8.21096340e-02  3.46535048e-01 -6.37430062e-02
  1.12360547e-01  5.30298914e-06  4.76552554e-05  0.00000000e+00]","[ 0.00000000e+00 -1.24205816e+00  1.28761396e+01  1.28327832e-01
 -1.43868792e+00  1.57282963e-01 -1.05520594e+00  7.97136221e-03]"
1747093051.063165,"[ 0.00000000e+00 -1.32930621e-01  6.46236478e-01  2.96813778e+00
 -2.26854773e+00 -8.09600971e-05  9.60040877e-01  1.57092576e+00]","[ 0.00000000e+00 -8.16736163e-02  3.48066632e-01 -7.24596115e-02
  1.09929672e-01  5.29097849e-06  4.76192757e-05  0.00000000e+00]","[ 0.         -1.20768631 12.92962742  0.10586774 -1.34536719  0.1562622
 -1.05802262  0.02161807]"
1747093051.065112,"[ 0.00000000e+00 -1.33097867e-01  6.46923840e-01  2.96798305e+00
 -2.26832456e+00 -8.09600971e-05  9.60040877e-01  1.57092576e+00]","[ 0.00000000e+00 -8.53508009e-02  3.47885537e-01 -7.69859201e-02
  1.14405297e-01  5.30293632e-06  4.76547840e-05  0.00000000e+00]","[ 0.         -1.16109097 13.0834837   0.13845366 -1.26174903  0.15862171
 -1.04963219  0.02374134]"
1747093051.067019,"[ 0.00000000e+00 -1.33275766e-01  6.47634704e-01  2.96782246e+00
 -2.26808594e+00 -8.09600971e-05  9.60041810e-01  1.57092576e+00]","[ 0.00000000e+00 -8.77689595e-02  3.46812783e-01 -8.34601230e-02
  1.17750303e-01  5.29897933e-06  5.82013384e-05  0.00000000e+00]","[ 0.         -1.13676512 13.21849251  0.18482427 -1.25133789  0.15068586
 -1.04011714  0.02946408]"
1747093051.0687594,"[ 0.00000000e+00 -1.33454731e-01  6.48316141e-01  2.96763976e+00
 -2.26784785e+00 -8.09600971e-05  9.60041810e-01  1.57092576e+00]","[ 0.00000000e+00 -9.12929458e-02  3.44644370e-01 -9.01917204e-02
  1.21273765e-01  5.30293632e-06  5.82453112e-05  0.00000000e+00]","[ 0.         -1.08836019 13.34583569  0.28032565 -1.32484066  0.12055057
 -1.05143738  0.02136493]"
1747093051.0699632,"[ 0.00000000e+00 -1.33550072e-01  6.48658690e-01  2.96754842e+00
 -2.26772801e+00 -8.09600971e-05  9.60041810e-01  1.57092576e+00]","[ 0.00000000e+00 -8.97751104e-02  3.46993412e-01 -9.26434348e-02
  1.21543868e-01  5.30293632e-06  5.82447383e-05  0.00000000e+00]","[ 0.00000000e+00 -1.03094602e+00  1.34402218e+01  3.18459988e-01
 -1.40586948e+00  9.96266454e-02 -1.07084286e+00  6.79618958e-03]"
1747093051.0718343,"[ 0.00000000e+00 -1.33725840e-01  6.49369488e-01  2.96735854e+00
 -2.26747740e+00 -8.09600971e-05  9.60041810e-01  1.57092576e+00]","[ 0.00000000e+00 -8.80517789e-02  3.47063553e-01 -9.75051851e-02
  1.22230189e-01  5.30298914e-06  5.82447383e-05  0.00000000e+00]","[ 0.00000000e+00 -9.27638531e-01  1.35052176e+01  4.13811266e-01
 -1.50036228e+00  1.19053312e-01 -1.09768331e+00  7.44169299e-03]"
1747093051.0735178,"[ 0.00000000e+00 -1.33896815e-01  6.50058314e-01  2.96715933e+00
 -2.26723639e+00 -8.09600971e-05  9.60041810e-01  1.57092576e+00]","[ 0.00000000e+00 -8.53508009e-02  3.49776215e-01 -9.72981660e-02
  1.22354159e-01  5.30298914e-06  5.82447383e-05  0.00000000e+00]","[ 0.00000000e+00 -8.60038877e-01  1.35900221e+01  4.83713299e-01
 -1.56573701e+00  1.04622588e-01 -1.10238671e+00 -8.30675196e-03]"
1747093051.0747159,"[ 0.00000000e+00 -1.33985765e-01  6.50403593e-01  2.96706239e+00
 -2.26710829e+00 -8.09600971e-05  9.60041810e-01  1.57092576e+00]","[ 0.00000000e+00 -8.36778697e-02  3.50046326e-01 -9.83154852e-02
  1.20619626e-01  5.29897933e-06  5.82013384e-05  0.00000000e+00]","[ 0.00000000e+00 -8.18807721e-01  1.35729017e+01  5.20729423e-01
 -1.60025823e+00  1.11920655e-01 -1.10434675e+00 -3.85065650e-04]"
1747093051.0764308,"[ 0.00000000e+00 -1.34149283e-01  6.51122247e-01  2.96686905e+00
 -2.26686887e+00 -8.09600971e-05  9.60041810e-01  1.57092576e+00]","[ 0.00000000e+00 -8.26498312e-02  3.51666927e-01 -9.80453824e-02
  1.21420713e-01  5.30298914e-06  5.82447383e-05  0.00000000e+00]","[ 0.00000000e+00 -7.30739534e-01  1.36633053e+01  6.23945296e-01
 -1.57872796e+00  7.61406645e-02 -1.09916949e+00  2.04733995e-04]"
1747093051.0787823,"[ 0.00000000e+00 -1.34229711e-01  6.51470788e-01  2.96676731e+00
 -2.26674956e+00 -8.09600971e-05  9.60041810e-01  1.57092576e+00]","[ 0.00000000e+00 -8.15694367e-02  3.53199376e-01 -9.57935549e-02
  1.21126517e-01  5.29897933e-06  4.76188043e-05  0.00000000e+00]","[ 0.00000000e+00 -6.98770940e-01  1.37953920e+01  6.61287665e-01
 -1.56145048e+00  6.27399459e-02 -1.09819531e+00 -9.31030419e-03]"
1747093051.080474,"[ 0.00000000e+00 -1.34473123e-01  6.52549835e-01  2.96649114e+00
 -2.26638950e+00 -8.09600971e-05  9.60041810e-01  1.57092576e+00]","[ 0.00000000e+00 -7.98678516e-02  3.55718360e-01 -8.99424568e-02
  1.16952203e-01  5.30298914e-06  4.76552554e-05  0.00000000e+00]","[ 0.00000000e+00 -5.99101245e-01  1.37554541e+01  7.38727927e-01
 -1.48844266e+00  3.00385971e-02 -1.09486783e+00 -2.80456594e-03]"
1747093051.082338,"[ 0.00000000e+00 -1.34549822e-01  6.52901172e-01  2.96639953e+00
 -2.26627579e+00 -8.09600971e-05  9.60041810e-01  1.57092576e+00]","[ 0.00000000e+00 -7.77880725e-02  3.56258582e-01 -8.61831969e-02
  1.15331620e-01  5.29903215e-06  4.76552554e-05  0.00000000e+00]","[ 0.00000000e+00 -5.65854311e-01  1.38415766e+01  7.62232304e-01
 -1.46115816e+00  3.28211188e-02 -1.09845650e+00 -1.31118670e-03]"
1747093051.0839348,"[ 0.00000000e+00 -1.34704818e-01  6.53632609e-01  2.96623814e+00
 -2.26603823e+00 -8.09600971e-05  9.60041810e-01  1.57092576e+00]","[ 0.00000000e+00 -7.40067084e-02  3.57094282e-01 -8.02189477e-02
  1.16024241e-01  5.29897933e-06  4.76188043e-05  0.00000000e+00]","[ 0.00000000e+00 -5.25115252e-01  1.37887440e+01  7.73818016e-01
 -1.38987648e+00  2.29862314e-02 -1.10893989e+00  1.02202233e-03]"
1747093051.0857964,"[ 0.00000000e+00 -1.34856086e-01  6.54341609e-01  2.96608714e+00
 -2.26580547e+00 -8.09600971e-05  9.60041810e-01  1.57092576e+00]","[ 0.00000000e+00 -7.42274678e-02  3.60850238e-01 -7.13057304e-02
  1.19653181e-01  0.00000000e+00  3.70648338e-05  0.00000000e+00]","[ 0.00000000e+00 -5.16880453e-01  1.37202787e+01  7.66472697e-01
 -1.32124925e+00  1.05047813e-02 -1.10331154e+00 -4.69366740e-03]"
1747093051.0869129,"[ 0.00000000e+00 -1.34929057e-01  6.54698872e-01  2.96601976e+00
 -2.26567604e+00 -8.09600971e-05  9.60041810e-01  1.57092576e+00]","[ 0.00000000e+00 -7.39317237e-02  3.62470805e-01 -6.83346621e-02
  1.21873475e-01  0.00000000e+00  3.71209245e-05  0.00000000e+00]","[ 0.00000000e+00 -5.59050739e-01  1.35288706e+01  7.67345726e-01
 -1.34701669e+00  4.67898883e-03 -1.08221292e+00 -1.17963750e-03]"
1747093051.0886009,"[ 0.00000000e+00 -1.35073933e-01  6.55442760e-01  2.96588554e+00
 -2.26543023e+00 -8.09600971e-05  9.60041810e-01  1.57092576e+00]","[ 0.00000000e+00 -7.28524278e-02  3.62771143e-01 -6.49490312e-02
  1.25865421e-01  0.00000000e+00  3.71205547e-05  0.00000000e+00]","[ 0.00000000e+00 -6.08498335e-01  1.33127031e+01  7.50643015e-01
 -1.35766530e+00  8.32521915e-03 -1.07633638e+00 -2.25943513e-02]"
1747093051.0903788,"[ 0.00000000e+00 -1.35222537e-01  6.56156354e-01  2.96576250e+00
 -2.26517084e+00 -8.09600971e-05  9.60042742e-01  1.57092576e+00]","[ 0.00000000e+00 -7.27228567e-02  3.60310049e-01 -6.15822255e-02
  1.26518944e-01  0.00000000e+00  3.70928568e-05  0.00000000e+00]","[ 0.00000000e+00 -6.09907568e-01  1.32293615e+01  7.12208986e-01
 -1.33993530e+00  2.98324041e-02 -1.06985891e+00  7.18955242e-04]"
1747093051.0915208,"[ 0.00000000e+00 -1.35294975e-01  6.56512219e-01  2.96570524e+00
 -2.26504407e+00 -8.09600971e-05  9.60042742e-01  1.57092576e+00]","[ 0.00000000e+00 -7.34665111e-02  3.60850238e-01 -5.80709558e-02
  1.28566399e-01  0.00000000e+00  3.70928568e-05  0.00000000e+00]","[ 0.         -0.62862116 13.2667532   0.70514214 -1.31053066  0.03430226
 -1.05987704  0.02716367]"
1747093051.0931978,"[ 0.00000000e+00 -1.35441449e-01  6.57252910e-01  2.96558700e+00
 -2.26478734e+00 -8.09600971e-05  9.60042742e-01  1.57092576e+00]","[ 0.00000000e+00 -7.06501766e-02  3.62470805e-01 -5.76224878e-02
  1.30997274e-01  0.00000000e+00  3.71209245e-05  0.00000000e+00]","[ 0.         -0.7064876  13.30082321  0.66636312 -1.29846454  0.06293939
 -1.06874859  0.02467472]"
1747093051.0949295,"[ 0.00000000e+00 -1.35511756e-01  6.57609241e-01  2.96552974e+00
 -2.26464593e+00 -8.09600971e-05  9.60042742e-01  1.57092576e+00]","[ 0.00000000e+00 -7.13057304e-02  3.61024276e-01 -5.80709558e-02
  1.33158055e-01  0.00000000e+00  3.70932266e-05  0.00000000e+00]","[ 0.00000000e+00 -7.38467991e-01  1.33215628e+01  6.52144074e-01
 -1.29765546e+00  5.81061840e-02 -1.07390440e+00  4.84631117e-03]"
1747093051.096719,"[ 0.00000000e+00 -1.35654502e-01  6.58348535e-01  2.96541682e+00
 -2.26438254e+00 -8.09600971e-05  9.60042742e-01  1.57092576e+00]","[ 0.00000000e+00 -7.34665111e-02  3.60214775e-01 -5.67204709e-02
  1.33023140e-01  0.00000000e+00  3.71209245e-05  0.00000000e+00]","[ 0.00000000e+00 -8.31658244e-01  1.32680845e+01  5.51916182e-01
 -1.34298897e+00  6.98651150e-02 -1.07331216e+00  8.64020456e-03]"
1747093051.098505,"[ 0.00000000e+00 -1.35733331e-01  6.58701603e-01  2.96535744e+00
 -2.26425125e+00 -8.09600971e-05  9.60042742e-01  1.57092576e+00]","[ 0.00000000e+00 -7.41576347e-02  3.58149260e-01 -5.59213645e-02
  1.33158055e-01  0.00000000e+00  3.71209245e-05  0.00000000e+00]","[ 0.         -0.8633557  13.29708099  0.49784967 -1.36715496  0.06874615
 -1.0591799   0.01377743]"
1747093051.0996497,"[ 0.00000000e+00 -1.35879273e-01  6.59437701e-01  2.96524771e+00
 -2.26398334e+00 -8.09600971e-05  9.60042742e-01  1.57092576e+00]","[ 0.00000000e+00 -7.44713717e-02  3.60103521e-01 -5.63931768e-02
  1.29898062e-01  0.00000000e+00  3.70928568e-05  0.00000000e+00]","[ 0.00000000e+00 -9.32182908e-01  1.32094088e+01  4.39464211e-01
 -1.41044629e+00  7.78384432e-02 -1.05601215e+00  1.07443836e-02]"
1747093051.1013834,"[ 0.00000000e+00 -1.36034801e-01  6.60148499e-01  2.96512468e+00
 -2.26372954e+00 -8.09600971e-05  9.60042742e-01  1.57092576e+00]","[ 0.00000000e+00 -7.62336104e-02  3.60310049e-01 -6.08794131e-02
  1.28026201e-01  0.00000000e+00  3.71209245e-05  0.00000000e+00]","[ 0.00000000e+00 -9.86367762e-01  1.31770401e+01  3.77592653e-01
 -1.47029209e+00  8.28188732e-02 -1.06805992e+00  1.76509866e-03]"
1747093051.1037164,"[ 0.00000000e+00 -1.36181275e-01  6.60853371e-01  2.96500031e+00
 -2.26346961e+00 -8.09600971e-05  9.60042742e-01  1.57092576e+00]","[ 0.00000000e+00 -7.34665111e-02  3.55718360e-01 -6.37430062e-02
  1.26638070e-01  0.00000000e+00  3.70928568e-05  0.00000000e+00]","[ 0.00000000e+00 -1.01746750e+00  1.31549664e+01  3.51993084e-01
 -1.46481466e+00  1.10472403e-01 -1.08214056e+00 -2.18057510e-04]"
1747093051.105304,"[ 0.00000000e+00 -1.36251050e-01  6.61230874e-01  2.96493639e+00
 -2.26334471e+00 -8.09600971e-05  9.60042742e-01  1.57092576e+00]","[ 0.00000000e+00 -7.07655415e-02  3.55589663e-01 -6.48233924e-02
  1.26547365e-01  0.00000000e+00  4.77269018e-05  0.00000000e+00]","[ 0.00000000e+00 -1.04312694e+00  1.31292572e+01  3.45439494e-01
 -1.46987998e+00  1.18772544e-01 -1.07952547e+00 -4.87425271e-03]"
1747093051.1087916,"[ 0.00000000e+00 -1.36526953e-01  6.62650672e-01  2.96465596e+00
 -2.26283951e+00 -8.09600971e-05  9.60042742e-01  1.57092576e+00]","[ 0.00000000e+00 -6.64439800e-02  3.52078918e-01 -7.07655415e-02
  1.25325232e-01  0.00000000e+00  4.77269018e-05  0.00000000e+00]","[ 0.         -1.12201095 13.08630753  0.28170145 -1.48550546  0.09661599
 -1.10259378  0.01886142]"
1747093051.1135962,"[ 0.00000000e+00 -1.36798596e-01  6.64050296e-01  2.96436834e+00
 -2.26233138e+00 -8.09600971e-05  9.60042742e-01  1.57092576e+00]","[ 0.00000000e+00 -6.96851469e-02  3.46311243e-01 -7.04659358e-02
  1.27486012e-01  0.00000000e+00  4.77269018e-05  0.00000000e+00]","[ 0.         -1.21068287 13.2048769   0.27887738 -1.37943435  0.09428318
 -1.07628107 -0.01733025]"
1747093051.1172512,"[ 0.00000000e+00 -1.37070771e-01  6.65440666e-01  2.96409563e+00
 -2.26181366e+00 -8.09600971e-05  9.60042742e-01  1.57092576e+00]","[ 0.00000000e+00 -6.64439800e-02  3.45057393e-01 -6.69551780e-02
  1.28566399e-01  0.00000000e+00  3.71209245e-05  0.00000000e+00]","[ 0.         -1.23427474 13.24971771  0.26870266 -1.34119451  0.11014033
 -1.09084547  0.03665863]"
1747093051.12606,"[ 0.00000000e+00 -1.37654536e-01  6.68520945e-01  2.96349216e+00
 -2.26063681e+00 -8.09600971e-05  9.60042742e-01  1.57092576e+00]","[ 0.00000000e+00 -6.90748961e-02  3.40292799e-01 -6.54505668e-02
  1.29916888e-01  0.00000000e+00  2.91664395e-05  0.00000000e+00]","[ 0.00000000e+00 -1.35055685e+00  1.33239164e+01  3.17707807e-01
 -1.37640667e+00  1.00400910e-01 -1.11115205e+00 -2.58407206e-03]"
1747093051.1346674,"[ 0.00000000e+00 -1.38269726e-01  6.71253148e-01  2.96299548e+00
 -2.25957394e+00 -8.09600971e-05  9.60042742e-01  1.57092576e+00]","[ 0.00000000e+00 -7.87885556e-02  3.39791259e-01 -6.22681559e-02
  1.31537471e-01  0.00000000e+00  2.91664395e-05  0.00000000e+00]","[ 0.00000000e+00 -1.23278224e+00  1.35205259e+01  3.91093910e-01
 -1.45558035e+00  7.33892173e-02 -1.10128665e+00  6.66899560e-03]"
1747093051.1381967,"[ 0.00000000e+00 -1.38595164e-01  6.72614623e-01  2.96272543e+00
 -2.25904344e+00 -8.09600971e-05  9.60042742e-01  1.57092576e+00]","[ 0.00000000e+00 -8.26498312e-02  3.39540489e-01 -6.57599513e-02
  1.32617857e-01  0.00000000e+00  2.91664395e-05  0.00000000e+00]","[ 0.         -1.12652457 13.59893894  0.49479312 -1.38512719  0.07019945
 -1.10339427  0.01564287]"
1747093051.1422374,"[ 0.00000000e+00 -1.38848164e-01  6.73621165e-01  2.96251504e+00
 -2.25864024e+00 -8.14927294e-05  9.60042742e-01  1.57092576e+00]","[ 0.00000000e+00 -8.37302174e-02  3.40322826e-01 -7.23127798e-02
  1.32782258e-01 -5.29897933e-06  2.91664395e-05  0.00000000e+00]","[ 0.00000000e+00 -1.00922227e+00  1.37064219e+01  5.47253132e-01
 -1.32178497e+00  6.74752295e-02 -1.09508526e+00 -5.86480042e-03]"
1747093051.145176,"[ 0.00000000e+00 -1.39172005e-01  6.74973451e-01  2.96221677e+00
 -2.25812278e+00 -8.14927294e-05  9.60042742e-01  1.57092576e+00]","[ 0.00000000e+00 -7.98678516e-02  3.34851361e-01 -7.42768028e-02
  1.27215910e-01 -5.29892650e-06  2.91664395e-05  0.00000000e+00]","[ 0.00000000e+00 -8.27501714e-01  1.38040752e+01  7.00399518e-01
 -1.22881222e+00  1.82002820e-02 -1.10415876e+00 -2.09457637e-03]"
1747093051.1470132,"[ 0.00000000e+00 -1.39334458e-01  6.75659948e-01  2.96206657e+00
 -2.25787112e+00 -8.14927294e-05  9.60042742e-01  1.57092576e+00]","[ 0.00000000e+00 -7.94086560e-02  3.34210438e-01 -7.22213169e-02
  1.28566399e-01 -5.30298914e-06  2.91664395e-05  0.00000000e+00]","[ 0.00000000e+00 -7.41823435e-01  1.38698006e+01  7.39426315e-01
 -1.15653086e+00 -9.43845487e-04 -1.08756721e+00 -1.29340275e-03]"
1747093051.149602,"[ 0.00000000e+00 -1.39492649e-01  6.76316150e-01  2.96193341e+00
 -2.25760560e+00 -8.14927294e-05  9.60042742e-01  1.57092576e+00]","[ 0.00000000e+00 -7.67351502e-02  3.31679703e-01 -6.56336883e-02
  1.30186982e-01 -5.30298914e-06  1.85602774e-05  0.00000000e+00]","[ 0.00000000e+00 -6.58205926e-01  1.39346285e+01  7.98574626e-01
 -1.10736585e+00  3.51925497e-03 -1.07120657e+00 -1.84520183e-03]"
1747093051.1513765,"[ 0.00000000e+00 -1.39635395e-01  6.76991129e-01  2.96180851e+00
 -2.25734860e+00 -8.14927294e-05  9.60042742e-01  1.57092576e+00]","[ 0.00000000e+00 -7.12334838e-02  3.28375585e-01 -5.98772822e-02
  1.30457085e-01 -5.29502843e-06  1.85602774e-05  0.00000000e+00]","[ 0.00000000e+00 -6.34087384e-01  1.38893738e+01  8.31151962e-01
 -1.10592341e+00  2.73755491e-02 -1.05931604e+00  1.22082504e-02]"
1747093051.1532753,"[ 0.00000000e+00 -1.39769086e-01  6.77639076e-01  2.96175098e+00
 -2.25708362e+00 -8.14927294e-05  9.60042742e-01  1.57092576e+00]","[ 0.00000000e+00 -6.64439800e-02  3.28708614e-01 -5.83410544e-02
  1.29376690e-01 -5.29097849e-06  1.85745164e-05  0.00000000e+00]","[ 0.00000000e+00 -5.95516980e-01  1.39010792e+01  8.74814093e-01
 -1.09178603e+00  2.88381930e-02 -1.05288255e+00 -2.61667510e-03]"
1747093051.1550338,"[ 0.00000000e+00 -1.39836197e-01  6.78311324e-01  2.96164499e+00
 -2.25680345e+00 -8.14927294e-05  9.60042742e-01  1.57092576e+00]","[ 0.00000000e+00 -6.31936502e-02  3.27898347e-01 -5.21288109e-02
  1.32455987e-01 -5.29497611e-06  1.85604623e-05  0.00000000e+00]","[ 0.00000000e+00 -6.05750978e-01  1.39586258e+01  8.48781168e-01
 -1.11876225e+00  2.74165031e-02 -1.07356060e+00  1.78773887e-03]"
1747093051.156221,"[ 0.00000000e+00 -1.39953909e-01  6.78951415e-01  2.96154672e+00
 -2.25652808e+00 -8.14927294e-05  9.60042742e-01  1.57092576e+00]","[ 0.00000000e+00 -5.78008613e-02  3.24328213e-01 -4.69969619e-02
  1.34508543e-01 -5.29497611e-06  1.85604623e-05  0.00000000e+00]","[ 0.         -0.58024341 14.03511238  0.82024395 -1.1815542   0.02936427
 -1.0909332   0.02648255]"
1747093051.1580915,"[ 0.00000000e+00 -1.40010901e-01  6.79293964e-01  2.96150118e+00
 -2.25639572e+00 -8.14927294e-05  9.60042742e-01  1.57092576e+00]","[ 0.00000000e+00 -5.77422967e-02  3.22488235e-01 -4.61866702e-02
  1.34238449e-01 -5.29097849e-06  1.85604623e-05  0.00000000e+00]","[ 0.         -0.59477925 14.12954617  0.79599404 -1.20804465  0.01944244
 -1.08412004  0.03291488]"
1747093051.1605113,"[ 0.00000000e+00 -1.40131276e-01  6.79926731e-01  2.96140903e+00
 -2.25612382e+00 -8.14927294e-05  9.60042742e-01  1.57092576e+00]","[ 0.00000000e+00 -5.88812517e-02  3.20875791e-01 -4.48875552e-02
  1.31780127e-01 -5.29497611e-06  1.85604623e-05  0.00000000e+00]","[ 0.         -0.6263063  14.28775024  0.75673771 -1.26254904  0.02638852
 -1.1160481   0.03075303]"
1747093051.1624231,"[ 0.00000000e+00 -1.40246324e-01  6.80586596e-01  2.96132408e+00
 -2.25586682e+00 -8.14927294e-05  9.60042742e-01  1.57092576e+00]","[ 0.00000000e+00 -5.78008613e-02  3.21986695e-01 -4.24053018e-02
  1.29376690e-01 -5.29097849e-06  1.85602774e-05  0.00000000e+00]","[ 0.00000000e+00 -6.85635686e-01  1.43582640e+01  7.05000758e-01
 -1.33419538e+00  5.17796054e-02 -1.12207997e+00  1.10659627e-02]"
1747093051.1635666,"[ 0.00000000e+00 -1.40360840e-01  6.81220761e-01  2.96124924e+00
 -2.25560690e+00 -8.14927294e-05  9.60042742e-01  1.57092576e+00]","[ 0.00000000e+00 -5.56400806e-02  3.21629998e-01 -3.66960379e-02
  1.26136539e-01 -5.29502843e-06  1.85604623e-05  0.00000000e+00]","[ 0.00000000e+00 -7.71289408e-01  1.44116983e+01  6.50028884e-01
 -1.33343208e+00  6.86936975e-02 -1.11796403e+00 -8.86067748e-03]"
1747093051.1653316,"[ 0.00000000e+00 -1.40415701e-01  6.81538476e-01  2.96121329e+00
 -2.25548386e+00 -8.14927294e-05  9.60042742e-01  1.57092576e+00]","[ 0.00000000e+00 -5.55837048e-02  3.22226280e-01 -3.38537418e-02
  1.24785034e-01 -5.29502843e-06  1.85464284e-05  0.00000000e+00]","[ 0.00000000e+00 -8.15346301e-01  1.42627211e+01  6.08160913e-01
 -1.33757484e+00  7.61635378e-02 -1.11919057e+00  8.38532113e-03]"
1747093051.166469,"[ 0.00000000e+00 -1.40523825e-01  6.82197009e-01  2.96115230e+00
 -2.25523965e+00 -8.14927294e-05  9.60042742e-01  1.57092576e+00]","[ 0.00000000e+00 -5.45596902e-02  3.21234386e-01 -3.02509176e-02
  1.23164451e-01 -5.29097849e-06  1.06059783e-05  0.00000000e+00]","[ 0.00000000e+00 -8.89689684e-01  1.41898422e+01  5.34367979e-01
 -1.29299963e+00  9.50876325e-02 -1.11556113e+00  1.17736496e-02]"
1747093051.1681695,"[ 0.00000000e+00 -1.40579752e-01  6.82514258e-01  2.96112434e+00
 -2.25511821e+00 -8.14927294e-05  9.60042742e-01  1.57092576e+00]","[ 0.00000000e+00 -5.26613765e-02  3.21686091e-01 -2.83602355e-02
  1.23039657e-01 -5.29497611e-06  1.05819570e-05  0.00000000e+00]","[ 0.00000000e+00 -9.47697282e-01  1.42036943e+01  5.08748412e-01
 -1.26606405e+00  9.08336863e-02 -1.11181104e+00  2.40889285e-03]"
1747093051.1701283,"[ 0.00000000e+00 -1.40675626e-01  6.83147492e-01  2.96107134e+00
 -2.25486840e+00 -8.14927294e-05  9.60042742e-01  1.57092576e+00]","[ 0.00000000e+00 -4.74889892e-02  3.20875791e-01 -2.51190644e-02
  1.22084056e-01 -5.29103081e-06  1.05820616e-05  0.00000000e+00]","[ 0.         -1.09082758 14.06967545  0.43566856 -1.19159269  0.12419129
 -1.10419643  0.01938913]"
1747093051.1719534,"[ 0.00000000e+00 -1.40769902e-01  6.83809220e-01  2.96102634e+00
 -2.25462419e+00 -8.14927294e-05  9.60042742e-01  1.57092576e+00]","[ 0.00000000e+00 -4.64567646e-02  3.23576769e-01 -2.18557287e-02
  1.24244837e-01 -5.29502843e-06  1.06059783e-05  0.00000000e+00]","[ 0.         -1.18603301 13.95271492  0.37709725 -1.15468204  0.11127944
 -1.07046914  0.02373763]"
1747093051.1737795,"[ 0.00000000e+00 -1.40863645e-01  6.84474079e-01  2.96098879e+00
 -2.25436160e+00 -8.14927294e-05  9.60043740e-01  1.57092576e+00]","[ 0.00000000e+00 -4.75371550e-02  3.24995934e-01 -1.72862385e-02
  1.29376690e-01 -5.29097849e-06  1.85184257e-05  0.00000000e+00]","[ 0.         -1.31777203 13.82919312  0.2721279  -1.09303415  0.1155345
 -1.05172765  0.01871436]"
1747093051.1756127,"[ 0.00000000e+00 -1.40913180e-01  6.84795988e-01  2.96097467e+00
 -2.25423217e+00 -8.14927294e-05  9.60043740e-01  1.57092576e+00]","[ 0.00000000e+00 -5.02381288e-02  3.26547858e-01 -1.43151660e-02
  1.31267377e-01 -5.29097849e-06  1.85324169e-05  0.00000000e+00]","[ 0.         -1.34232652 13.65660286  0.22019629 -1.06908059  0.11993594
 -1.05627787  0.01617562]"
1747093051.1767633,"[ 0.00000000e+00 -1.41018641e-01  6.85443469e-01  2.96095283e+00
 -2.25410114e+00 -8.14927294e-05  9.60043740e-01  1.57092576e+00]","[ 0.00000000e+00 -5.23989095e-02  3.29789025e-01 -9.26970434e-03
  1.32887960e-01 -5.29092566e-06  1.85184257e-05  0.00000000e+00]","[ 0.         -1.49754369 13.45889187  0.16206148 -1.07249248  0.1437194
 -1.06077039  0.0216433 ]"
1747093051.1791587,"[ 0.00000000e+00 -1.41134755e-01  6.86177703e-01  2.96094058e+00
 -2.25382844e+00 -8.09600971e-05  9.60043740e-01  1.57092576e+00]","[ 0.00000000e+00 -5.86798210e-02  3.35198504e-01 -5.12665220e-03
  1.32617857e-01  0.00000000e+00  1.85324169e-05  0.00000000e+00]","[ 0.         -1.63025975 13.28098011  0.06119739 -1.10928261  0.15143572
 -1.03771806  0.02776872]"
1747093051.181009,"[ 0.00000000e+00 -1.41260456e-01  6.86842161e-01  2.96093552e+00
 -2.25356585e+00 -8.09600971e-05  9.60043740e-01  1.57092576e+00]","[ 0.00000000e+00 -6.53635897e-02  3.37621848e-01 -1.75537920e-03
  1.33158055e-01  0.00000000e+00  1.85184257e-05  0.00000000e+00]","[ 0.00000000e+00 -1.74683166e+00  1.30658741e+01 -2.06735427e-03
 -1.13296509e+00  1.65865585e-01 -1.01685941e+00  3.29506658e-02]"
1747093051.1828196,"[ 0.00000000e+00 -1.41396277e-01  6.87530921e-01  2.96093632e+00
 -2.25329128e+00 -8.09600971e-05  9.60043740e-01  1.57092576e+00]","[ 0.00000000e+00 -6.96145440e-02  3.35528204e-01  4.05146222e-04
  1.33968346e-01  0.00000000e+00  1.85324169e-05  0.00000000e+00]","[ 0.         -1.83480322 12.90790844 -0.0713417  -1.06908596  0.1797086
 -1.0043633   0.03926237]"
1747093051.1846502,"[ 0.00000000e+00 -1.41469780e-01  6.87864283e-01  2.96093739e+00
 -2.25315839e+00 -8.09600971e-05  9.60043740e-01  1.57092576e+00]","[ 0.00000000e+00 -6.92120946e-02  3.37819421e-01  6.30227449e-04
  1.34778638e-01  0.00000000e+00  1.85324169e-05  0.00000000e+00]","[ 0.         -1.86291993 12.90038395 -0.08062757 -1.04130459  0.17128822
 -1.00082743  0.04689423]"
1747093051.1863892,"[ 0.00000000e+00 -1.41611460e-01  6.88558169e-01  2.96093739e+00
 -2.25288515e+00 -8.09600971e-05  9.60044672e-01  1.57092576e+00]","[ 0.00000000e+00 -7.29263222e-02  3.39540489e-01  4.63619188e-04
  1.33283556e-01  0.00000000e+00  2.91003827e-05  0.00000000e+00]","[ 0.         -1.88785577 12.77518654 -0.11468533 -0.9932214   0.18745522
 -0.99244964  0.02398578]"
1747093051.1875193,"[ 0.00000000e+00 -1.41761663e-01  6.89228554e-01  2.96093499e+00
 -2.25262202e+00 -8.09600971e-05  9.60044672e-01  1.57092576e+00]","[ 0.00000000e+00 -7.37259280e-02  3.40052715e-01 -2.65943796e-04
  1.34238449e-01  0.00000000e+00  2.91223691e-05  0.00000000e+00]","[ 0.         -1.89172173 12.75028419 -0.10577795 -0.85185915  0.16673629
 -0.98893607  0.02258078]"
1747093051.1892228,"[ 0.00000000e+00 -1.41908669e-01  6.89919178e-01  2.96093419e+00
 -2.25234053e+00 -8.09600971e-05  9.60044672e-01  1.57092576e+00]","[ 0.00000000e+00 -7.61674891e-02  3.36531283e-01 -3.01988489e-04
  1.38424189e-01  0.00000000e+00  2.91003827e-05  0.00000000e+00]","[ 0.         -1.89861917 12.63729572 -0.1296189  -0.79983574  0.16748172
 -0.99379325  0.03328751]"
1747093051.1910062,"[ 0.00000000e+00 -1.41985368e-01  6.90251607e-01  2.96093366e+00
 -2.25220018e+00 -8.09600971e-05  9.60044672e-01  1.57092576e+00]","[ 0.00000000e+00 -7.77880725e-02  3.37081659e-01 -5.28479871e-04
  1.42341366e-01  0.00000000e+00  1.85184257e-05  0.00000000e+00]","[ 0.         -1.89786756 12.52461147 -0.14622052 -0.80921078  0.17505254
 -0.98583204  0.03342689]"
1747093051.1929028,"[ 0.00000000e+00 -1.42150484e-01  6.90916998e-01  2.96093366e+00
 -2.25191496e+00 -8.09600971e-05  9.60044672e-01  1.57092576e+00]","[ 0.00000000e+00 -8.10292395e-02  3.37621848e-01 -4.68101146e-04
  1.44772250e-01  0.00000000e+00  1.85324169e-05  0.00000000e+00]","[ 0.         -1.85594642 12.40542793 -0.10850503 -0.88115972  0.18947357
 -0.99467313  0.03306429]"
1747093051.1946507,"[ 0.00000000e+00 -1.42314002e-01  6.91276058e-01  2.96093313e+00
 -2.25161295e+00 -8.09600971e-05  9.60044672e-01  1.57092576e+00]","[ 0.00000000e+00 -8.36453791e-02  3.38035869e-01 -4.25552564e-04
  1.48013417e-01  0.00000000e+00  1.85184257e-05  0.00000000e+00]","[ 0.         -1.79614794 12.41045284 -0.08631748 -1.00000775  0.17903996
 -1.00032663  0.02412377]"
1747093051.196465,"[ 0.00000000e+00 -1.42404017e-01  6.91608554e-01  2.96093286e+00
 -2.25146648e+00 -8.09600971e-05  9.60044672e-01  1.57092576e+00]","[ 0.00000000e+00 -8.47597373e-02  3.37081659e-01 -4.52104462e-04
  1.48553606e-01  0.00000000e+00  1.85324169e-05  0.00000000e+00]","[ 0.         -1.73993289 12.34236717 -0.06252864 -1.10324204  0.19657463
 -1.00052261  0.03390514]"
1747093051.197706,"[ 0.00000000e+00 -1.42570731e-01  6.92294118e-01  2.96093233e+00
 -2.25117193e+00 -8.09600971e-05  9.60044672e-01  1.57092576e+00]","[ 0.00000000e+00 -8.48106036e-02  3.33959901e-01 -4.19499757e-04
  1.49093811e-01  0.00000000e+00  1.85184257e-05  0.00000000e+00]","[ 0.00000000e+00 -1.65448713e+00  1.23767509e+01 -7.91013427e-03
 -1.22416985e+00  1.96519092e-01 -1.01340711e+00  3.81797776e-02]"
1747093051.2000384,"[ 0.00000000e+00 -1.42751826e-01  6.92948457e-01  2.96093126e+00
 -2.25086487e+00 -8.09600971e-05  9.60044672e-01  1.57092576e+00]","[ 0.00000000e+00 -8.96723623e-02  3.31679703e-01 -3.09105097e-04
  1.49752211e-01  0.00000000e+00  1.85324169e-05  0.00000000e+00]","[ 0.00000000e+00 -1.56595218e+00  1.25485010e+01 -2.29970366e-03
 -1.26793361e+00  1.76785573e-01 -1.02560616e+00  3.85795496e-02]"
1747093051.2019258,"[ 0.00000000e+00 -1.42932388e-01  6.93627630e-01  2.96093046e+00
 -2.25057086e+00 -8.09600971e-05  9.60044672e-01  1.57092576e+00]","[ 0.00000000e+00 -9.19263787e-02  3.32219892e-01 -3.09105097e-04
  1.48553606e-01  0.00000000e+00  1.85184257e-05  0.00000000e+00]","[ 0.         -1.4638145  12.78601646  0.06769763 -1.29217601  0.15314898
 -1.03091443  0.034602  ]"
1747093051.2030904,"[ 0.00000000e+00 -1.43125201e-01  6.94280104e-01  2.96092993e+00
 -2.25027392e+00 -8.09600971e-05  9.60044672e-01  1.57092576e+00]","[ 0.00000000e+00 -9.47904752e-02  3.29724710e-01 -2.85725001e-04
  1.44625560e-01  0.00000000e+00  1.85324169e-05  0.00000000e+00]","[ 0.         -1.35842156 12.97360706  0.1104625  -1.21970189  0.14282833
 -1.05807853  0.03014717]"
1747093051.204833,"[ 0.00000000e+00 -1.43220542e-01  6.94631375e-01  2.96092993e+00
 -2.25013117e+00 -8.09600971e-05  9.60044672e-01  1.57092576e+00]","[ 0.00000000e+00 -9.66948934e-02  3.30763609e-01 -2.65651977e-04
  1.44772250e-01  0.00000000e+00  1.85324169e-05  0.00000000e+00]","[ 0.         -1.33660901 13.13866043  0.1223831  -1.19497013  0.1248832
 -1.05608106  0.02791946]"
1747093051.2071218,"[ 0.00000000e+00 -1.43412290e-01  6.95284382e-01  2.96092966e+00
 -2.24983023e+00 -8.09600971e-05  9.60044672e-01  1.57092576e+00]","[ 0.00000000e+00 -9.83154852e-02  3.31139514e-01 -2.64622521e-04
  1.47953396e-01  0.00000000e+00  1.85186086e-05  0.00000000e+00]","[ 0.         -1.19285858 13.25785255  0.21170016 -1.16002738  0.13114075
 -1.07959878  0.01667983]"
1747093051.2082682,"[ 0.00000000e+00 -1.43621082e-01  6.95966684e-01  2.96092966e+00
 -2.24953649e+00 -8.09600971e-05  9.60044672e-01  1.57092576e+00]","[ 0.00000000e+00 -1.03072698e-01  3.33772814e-01 -2.48382879e-04
  1.49363906e-01  0.00000000e+00  1.85324169e-05  0.00000000e+00]","[ 0.00000000e+00 -1.08125758e+00  1.34017067e+01  2.93064892e-01
 -1.13706815e+00  1.17355071e-01 -1.08825982e+00  5.61365392e-03]"
1747093051.21006,"[ 0.00000000e+00 -1.43723880e-01  6.96296849e-01  2.96092966e+00
 -2.24938948e+00 -8.09600971e-05  9.60044672e-01  1.57092576e+00]","[ 0.00000000e+00 -1.04257622e-01  3.34920870e-01 -2.15265161e-04
  1.48942743e-01  0.00000000e+00  1.85184257e-05  0.00000000e+00]","[ 0.         -0.95621055 13.51224041  0.31530941 -1.14424288  0.11395405
 -1.09397662  0.01715577]"
1747093051.2118611,"[ 0.00000000e+00 -1.43933737e-01  6.96958112e-01  2.96092966e+00
 -2.24908455e+00 -8.09600971e-05  9.60044672e-01  1.57092576e+00]","[ 0.00000000e+00 -1.06958600e-01  3.35390984e-01 -2.02830243e-04
  1.49212572e-01  0.00000000e+00  1.85324169e-05  0.00000000e+00]","[ 0.         -0.81109667 13.47924614  0.37732625 -1.21660137  0.10169446
 -1.10640585  0.01537289]"
1747093051.2136953,"[ 0.00000000e+00 -1.44045057e-01  6.97288278e-01  2.96092966e+00
 -2.24893728e+00 -8.09600971e-05  9.60044672e-01  1.57092576e+00]","[ 0.00000000e+00 -1.04821213e-01  3.34920870e-01 -1.87238885e-04
  1.49363906e-01  0.00000000e+00  1.85324169e-05  0.00000000e+00]","[ 0.00000000e+00 -7.93926537e-01  1.34568949e+01  4.41169232e-01
 -1.20862269e+00  7.86193088e-02 -1.10017979e+00  4.79751220e-03]"
1747093051.2155623,"[ 0.00000000e+00 -1.44247990e-01  6.97975640e-01  2.96092966e+00
 -2.24862808e+00 -8.09600971e-05  9.60044672e-01  1.57092576e+00]","[ 0.00000000e+00 -1.02637038e-01  3.35731170e-01 -1.56032404e-04
  1.51464158e-01  0.00000000e+00  1.85186086e-05  0.00000000e+00]","[ 0.00000000e+00 -6.50551677e-01  1.34918613e+01  5.45691967e-01
 -1.13584530e+00  5.64678833e-02 -1.09396076e+00 -4.00327938e-03]"
1747093051.2173405,"[ 0.00000000e+00 -1.44452521e-01  6.98639632e-01  2.96092966e+00
 -2.24833114e+00 -8.09600971e-05  9.60044672e-01  1.57092576e+00]","[ 0.00000000e+00 -9.88027771e-02  3.36740108e-01 -1.18002150e-04
  1.50174189e-01  0.00000000e+00  1.85324169e-05  0.00000000e+00]","[ 0.00000000e+00 -5.25503993e-01  1.35943232e+01  6.13534153e-01
 -1.04100299e+00  4.20711078e-02 -1.06850910e+00  3.09443451e-03]"
1747093051.2184875,"[ 0.00000000e+00 -1.44646931e-01  6.99335316e-01  2.96092966e+00
 -2.24802115e+00 -8.09600971e-05  9.60044672e-01  1.57092576e+00]","[ 0.00000000e+00 -9.83154852e-02  3.40322826e-01 -7.34462573e-05
  1.51714911e-01  0.00000000e+00  1.85184257e-05  0.00000000e+00]","[ 0.00000000e+00 -4.60398942e-01  1.36902790e+01  6.87131226e-01
 -8.57152760e-01  5.85588180e-02 -1.08605242e+00  1.30520323e-02]"
1747093051.2203388,"[ 0.00000000e+00 -1.44741740e-01  6.99672806e-01  2.96092993e+00
 -2.24771941e+00 -8.09600971e-05  9.60044672e-01  1.57092576e+00]","[ 0.00000000e+00 -9.60572744e-02  3.42213504e-01 -2.95021731e-05
  1.54225656e-01  0.00000000e+00  1.85325998e-05  0.00000000e+00]","[ 0.         -0.41082451 13.80488873  0.69453001 -0.70491439  0.03123213
 -1.07095897  0.01515765]"
1747093051.2220318,"[ 0.00000000e+00 -1.44929759e-01  7.00351046e-01  2.96092966e+00
 -2.24756548e+00 -8.09600971e-05  9.60044672e-01  1.57092576e+00]","[ 0.00000000e+00 -9.07527485e-02  3.44104182e-01 -4.19593676e-05
  1.56116334e-01  0.00000000e+00  1.85184257e-05  0.00000000e+00]","[ 0.00000000e+00 -3.84386778e-01  1.38629694e+01  7.18075335e-01
 -6.45016909e-01  2.93735247e-02 -1.07121277e+00  1.27585176e-02]"
1747093051.2231286,"[ 0.00000000e+00 -1.45100734e-01  7.01056384e-01  2.96092966e+00
 -2.24724004e+00 -8.14927294e-05  9.60044672e-01  1.57092576e+00]","[ 0.00000000e+00 -8.48106036e-02  3.44834820e-01 -1.32475806e-05
  1.60141070e-01 -5.29097849e-06  1.85324169e-05  0.00000000e+00]","[ 0.00000000e+00 -4.02187765e-01  1.38329191e+01  7.69293129e-01
 -5.93642950e-01  4.25584475e-03 -1.05529487e+00  1.07604899e-02]"
1747093051.2248242,"[ 0.00000000e+00 -1.45187021e-01  7.01398933e-01  2.96092966e+00
 -2.24708052e+00 -8.14927294e-05  9.60044672e-01  1.57092576e+00]","[ 0.00000000e+00 -8.12489835e-02  3.47345348e-01 -1.32475806e-05
  1.61788384e-01 -5.29497611e-06  1.85324169e-05  0.00000000e+00]","[ 0.00000000e+00 -4.45552915e-01  1.37502651e+01  7.88669884e-01
 -5.68070531e-01 -2.98338337e-03 -1.04845941e+00  1.28805375e-04]"
1747093051.225948,"[ 0.00000000e+00 -1.45344147e-01  7.02110197e-01  2.96092993e+00
 -2.24675748e+00 -8.14927294e-05  9.60044672e-01  1.57092576e+00]","[ 0.00000000e+00 -7.93282036e-02  3.47345348e-01  0.00000000e+00
  1.64759457e-01 -5.29103081e-06  1.85186086e-05  0.00000000e+00]","[ 0.00000000e+00 -4.50429887e-01  1.37068434e+01  8.08162153e-01
 -5.85040092e-01 -4.53697750e-03 -1.06157613e+00  4.30341437e-03]"
1747093051.2276995,"[ 0.00000000e+00 -1.45428836e-01  7.02453678e-01  2.96092993e+00
 -2.24658144e+00 -8.14927294e-05  9.60044672e-01  1.57092576e+00]","[ 0.00000000e+00 -7.97443724e-02  3.48425760e-01  0.00000000e+00
  1.65757959e-01 -5.29097849e-06  1.85184257e-05  0.00000000e+00]","[ 0.00000000e+00 -4.40105259e-01  1.37169209e+01  8.34659159e-01
 -6.56536341e-01  5.10831736e-03 -1.06124020e+00  9.13372729e-03]"
1747093051.2294335,"[ 0.00000000e+00 -1.45584897e-01  7.03165408e-01  2.96092993e+00
 -2.24625094e+00 -8.14927294e-05  9.60044672e-01  1.57092576e+00]","[ 0.00000000e+00 -7.94086560e-02  3.46486512e-01  0.00000000e+00
  1.67730529e-01 -5.29097849e-06  1.85184257e-05  0.00000000e+00]","[ 0.00000000e+00 -4.84551340e-01  1.36555519e+01  8.47781420e-01
 -7.57553697e-01  4.33514174e-03 -1.06579304e+00  2.71268040e-02]"
1747093051.2323294,"[ 0.00000000e+00 -1.45744154e-01  7.03853303e-01  2.96092993e+00
 -2.24592125e+00 -8.14927294e-05  9.60044672e-01  1.57092576e+00]","[ 0.00000000e+00 -8.15694367e-02  3.49776215e-01  0.00000000e+00
  1.66109946e-01 -5.29097849e-06  1.85186086e-05  0.00000000e+00]","[ 0.00000000e+00 -4.70420390e-01  1.36988726e+01  8.66577983e-01
 -8.86901617e-01 -2.16614059e-03 -1.07731736e+00  1.70298107e-02]"
1747093051.236647,"[ 0.00000000e+00 -1.46072255e-01  7.05268973e-01  2.96092993e+00
 -2.24525359e+00 -8.14927294e-05  9.60044672e-01  1.57092576e+00]","[ 0.00000000e+00 -8.02459039e-02  3.52477193e-01  0.00000000e+00
  1.65671823e-01 -5.29097849e-06  1.85184257e-05  0.00000000e+00]","[ 0.00000000e+00 -5.17422080e-01  1.38439331e+01  8.60887289e-01
 -1.08149636e+00 -2.31948942e-02 -1.08677113e+00 -2.60415836e-03]"
1747093051.2409256,"[ 0.00000000e+00 -1.46399291e-01  7.06686041e-01  2.96092993e+00
 -2.24459313e+00 -8.14927294e-05  9.60044672e-01  1.57092576e+00]","[ 0.00000000e+00 -8.27535947e-02  3.53827682e-01  0.00000000e+00
  1.63949173e-01 -5.29103081e-06  1.85186086e-05  0.00000000e+00]","[ 0.00000000e+00 -6.08803332e-01  1.39051590e+01  8.73018146e-01
 -1.24043131e+00 -3.82667407e-02 -1.10032725e+00 -9.77154542e-03]"
1747093051.2452385,"[ 0.00000000e+00 -1.46816875e-01  7.08460372e-01  2.96092993e+00
 -2.24375024e+00 -8.14927294e-05  9.60044672e-01  1.57092576e+00]","[ 0.00000000e+00 -8.32551261e-02  3.53827682e-01  0.00000000e+00
  1.66109946e-01  0.00000000e+00  1.85186086e-05  0.00000000e+00]","[ 0.00000000e+00 -6.56805575e-01  1.39000387e+01  8.10107768e-01
 -1.21019578e+00  2.18444262e-02 -1.08055353e+00  1.63219147e-03]"
1747093051.248335,"[ 0.00000000e+00 -1.47058690e-01  7.09542680e-01  2.96092993e+00
 -2.24325276e+00 -8.14927294e-05  9.60044672e-01  1.57092576e+00]","[ 0.00000000e+00 -8.15694367e-02  3.58326028e-01  0.00000000e+00
  1.69081018e-01  0.00000000e+00  1.85184257e-05  0.00000000e+00]","[ 0.00000000e+00 -6.76981866e-01  1.39709654e+01  7.34263480e-01
 -1.12223041e+00  8.54840036e-03 -1.07776785e+00  7.32105458e-04]"
1747093051.252042,"[ 0.00000000e+00 -1.47385194e-01  7.10974862e-01  2.96092966e+00
 -2.24256087e+00 -8.14927294e-05  9.60044672e-01  1.57092576e+00]","[ 0.00000000e+00 -7.94086560e-02  3.54586617e-01 -5.64396436e-06
  1.71241807e-01  0.00000000e+00  1.85186086e-05  0.00000000e+00]","[ 0.00000000e+00 -6.46858215e-01  1.39207954e+01  6.81438267e-01
 -1.03584647e+00 -4.97019570e-03 -1.03898716e+00  8.27744417e-03]"
1747093051.2554736,"[ 0.00000000e+00 -1.47619019e-01  7.12023681e-01  2.96092966e+00
 -2.24204049e+00 -8.14927294e-05  9.60044672e-01  1.57092576e+00]","[ 0.00000000e+00 -7.61674891e-02  3.54008844e-01  0.00000000e+00
  1.72322185e-01  0.00000000e+00  1.85184257e-05  0.00000000e+00]","[ 0.         -0.69921756 13.94664288  0.65246618 -0.8666538   0.03644087
 -1.0122987   0.02481784]"
1747093051.2591782,"[ 0.00000000e+00 -1.47922087e-01  7.13442547e-01  2.96092966e+00
 -2.24133848e+00 -8.14927294e-05  9.60045605e-01  1.57092576e+00]","[ 0.00000000e+00 -7.71640273e-02  3.52207115e-01  0.00000000e+00
  1.74753069e-01  0.00000000e+00  2.91003827e-05  0.00000000e+00]","[ 0.         -0.75538182 13.89347458  0.58731884 -0.59907275  0.08652367
 -0.99137264  0.01887537]"
1747093051.2627494,"[ 0.00000000e+00 -1.48251254e-01  7.14856419e-01  2.96092913e+00
 -2.24061889e+00 -8.14927294e-05  9.60045605e-01  1.57092576e+00]","[ 0.00000000e+00 -8.37566660e-02  3.51126704e-01 -9.47525030e-06
  1.80155025e-01  0.00000000e+00  2.91006692e-05  0.00000000e+00]","[ 0.         -0.74156088 13.9238987   0.49823335 -0.52639329  0.07009146
 -0.98715156  0.01875676]"
1747093051.2657752,"[ 0.00000000e+00 -1.48507982e-01  7.15917556e-01  2.96092913e+00
 -2.24007348e+00 -8.14927294e-05  9.60045605e-01  1.57092576e+00]","[ 0.00000000e+00 -8.42582058e-02  3.48072724e-01 -9.29955892e-06
  1.78804536e-01  0.00000000e+00  2.91003827e-05  0.00000000e+00]","[ 0.         -0.73654789 13.81915951  0.47781828 -0.70059013  0.05734821
 -0.98802328  0.02345677]"
1747093051.2693272,"[ 0.00000000e+00 -1.48760450e-01  7.16970503e-01  2.96092913e+00
 -2.23953472e+00 -8.14927294e-05  9.60045605e-01  1.57092576e+00]","[ 0.00000000e+00 -8.58909982e-02  3.47345348e-01 -9.15411540e-06
  1.77627585e-01  0.00000000e+00  2.91443860e-05  0.00000000e+00]","[ 0.         -0.72389472 13.86944771  0.46250704 -0.78405184  0.09493408
 -1.02574468  0.02836892]"
1747093051.2740757,"[ 0.00000000e+00 -1.49217449e-01  7.18711278e-01  2.96092860e+00
 -2.23864389e+00 -8.14927294e-05  9.60045605e-01  1.57092576e+00]","[ 0.00000000e+00 -9.29135292e-02  3.45994859e-01 -1.73790198e-05
  1.79526802e-01  0.00000000e+00  1.85464284e-05  0.00000000e+00]","[ 0.         -0.73785442 13.82234669  0.51572394 -0.81415278  0.09861527
 -0.99719238  0.04093926]"
1747093051.2776122,"[ 0.00000000e+00 -1.49490689e-01  7.19754571e-01  2.96092860e+00
 -2.23809555e+00 -8.14927294e-05  9.60045605e-01  1.57092576e+00]","[ 0.00000000e+00 -8.91321651e-02  3.43563993e-01 -1.71245106e-05
  1.80302531e-01  0.00000000e+00  1.85464284e-05  0.00000000e+00]","[ 0.         -0.73378766 13.93199539  0.56338632 -0.79008192  0.08727041
 -1.01949072  0.03246196]"
1747093051.281317,"[ 0.00000000e+00 -1.49828378e-01  7.21131692e-01  2.96092860e+00
 -2.23737703e+00 -8.14927294e-05  9.60045605e-01  1.57092576e+00]","[ 0.00000000e+00 -8.26498312e-02  3.40322826e-01 -1.65789590e-05
  1.77962411e-01 -5.30298914e-06  1.85464284e-05  0.00000000e+00]","[ 0.         -0.77923298 13.88275909  0.56308943 -0.8663556   0.07504048
 -1.04042864  0.03119535]"
1747093051.2843645,"[ 0.00000000e+00 -1.50068062e-01  7.22158873e-01  2.96092860e+00
 -2.23685718e+00 -8.14927294e-05  9.60045605e-01  1.57092576e+00]","[ 0.00000000e+00 -7.72478753e-02  3.38702226e-01 -1.63281438e-05
  1.74753069e-01 -5.29903215e-06  1.85466133e-05  0.00000000e+00]","[ 0.         -0.80962425 13.8035183   0.582358   -0.87285531  0.06811395
 -1.05460417  0.03465189]"
1747093051.288405,"[ 0.00000000e+00 -1.50364738e-01  7.23515820e-01  2.96092860e+00
 -2.23614691e+00 -8.14927294e-05  9.60045605e-01  1.57092576e+00]","[ 0.00000000e+00 -7.06938358e-02  3.35461059e-01 -1.97886856e-05
  1.76913841e-01 -5.29897933e-06  1.05979587e-05  0.00000000e+00]","[ 0.         -0.96558625 13.93739414  0.58705926 -0.76735425  0.06323333
 -1.05178189  0.02625478]"
1747093051.2914648,"[ 0.00000000e+00 -1.50574595e-01  7.24523694e-01  2.96092860e+00
 -2.23561321e+00 -8.14927294e-05  9.60045605e-01  1.57092576e+00]","[ 0.00000000e+00 -7.18459277e-02  3.31265149e-01 -1.56199421e-05
  1.75293258e-01 -5.29903215e-06  1.05979587e-05  0.00000000e+00]","[ 0.         -1.09687638 14.07444382  0.551799   -0.73758483  0.07150933
 -1.0356406   0.03425568]"
1747093051.2952175,"[ 0.00000000e+00 -1.50864347e-01  7.25825047e-01  2.96092807e+00
 -2.23491760e+00 -8.14927294e-05  9.60045605e-01  1.57092576e+00]","[ 0.00000000e+00 -7.28524278e-02  3.28438536e-01 -2.27465068e-05
  1.72862391e-01 -5.29897933e-06  1.05979587e-05  0.00000000e+00]","[ 0.         -1.26782441 14.23262024  0.50510472 -0.65661037  0.09466055
 -1.06619859  0.02614661]"
1747093051.3004203,"[ 0.00000000e+00 -1.51092847e-01  7.26816942e-01  2.96092780e+00
 -2.23440334e+00 -8.14927294e-05  9.60045605e-01  1.57092576e+00]","[ 0.00000000e+00 -7.56272918e-02  3.26216994e-01 -2.99088766e-05
  1.70021014e-01 -5.29903215e-06  1.05979587e-05  0.00000000e+00]","[ 0.         -1.34399104 14.56563663  0.46890172 -0.59978545  0.08596598
 -1.05484891  0.02836346]"
1747093051.3040774,"[ 0.00000000e+00 -1.51600445e-01  7.28803394e-01  2.96092673e+00
 -2.23335405e+00 -8.14927294e-05  9.60045605e-01  1.57092576e+00]","[ 0.00000000e+00 -8.97751104e-02  3.27002060e-01 -4.24239091e-05
  1.76643747e-01 -5.29903215e-06  1.05979587e-05  0.00000000e+00]","[ 0.         -1.41946197 14.7325573   0.37590396 -0.72535008  0.10007156
 -1.08133924  0.04021724]"
1747093051.3073008,"[ 0.00000000e+00 -1.51879544e-01  7.29767658e-01  2.96092620e+00
 -2.23281876e+00 -8.14927294e-05  9.60045605e-01  1.57092576e+00]","[ 0.00000000e+00 -9.50743100e-02  3.26547858e-01 -4.81845676e-05
  1.75788689e-01 -5.29897933e-06  1.05979587e-05  0.00000000e+00]","[ 0.         -1.395329   14.6498661   0.35797518 -0.86460984  0.12387495
 -1.10421836  0.04470375]"
1747093051.3109057,"[ 0.00000000e+00 -1.52267833e-01  7.31084191e-01  2.96092594e+00
 -2.23212660e+00 -8.14927294e-05  9.60045605e-01  1.57092576e+00]","[ 0.00000000e+00 -9.72350907e-02  3.28978725e-01 -5.10255789e-05
  1.70522554e-01 -5.29897933e-06  1.05979587e-05  0.00000000e+00]","[ 0.         -1.32809484 14.68290234  0.35837609 -0.75421631  0.14030518
 -1.11017728  0.02720511]"
1747093051.3145728,"[ 0.00000000e+00 -1.52580488e-01  7.32083809e-01  2.96092540e+00
 -2.23162300e+00 -8.14927294e-05  9.60045605e-01  1.57092576e+00]","[ 0.00000000e+00 -1.04257622e-01  3.29248836e-01 -5.63547822e-05
  1.70431507e-01 -5.30298914e-06  1.05979587e-05  0.00000000e+00]","[ 0.         -1.25084591 14.8271513   0.35686237 -0.55415332  0.1121067
 -1.08102     0.03893333]"
1747093051.317004,"[ 0.00000000e+00 -1.52895807e-01  7.33082561e-01  2.96092540e+00
 -2.23110581e+00 -8.14927294e-05  9.60045605e-01  1.57092576e+00]","[ 0.00000000e+00 -1.03717433e-01  3.29700841e-01 -5.56715060e-05
  1.70258818e-01 -5.29897933e-06  1.05979587e-05  0.00000000e+00]","[ 0.         -1.18919194 14.52802753  0.37100789 -0.4754796   0.1094853
 -1.04598081  0.02700084]"
1747093051.3192828,"[ 0.00000000e+00 -1.53096609e-01  7.33731374e-01  2.96092540e+00
 -2.23076706e+00 -8.14927294e-05  9.60045605e-01  1.57092576e+00]","[ 0.00000000e+00 -1.01556652e-01  3.28708614e-01 -5.50046023e-05
  1.72322185e-01 -5.30298914e-06  1.05979587e-05  0.00000000e+00]","[ 0.         -1.09959102 14.32384682  0.35551861 -0.40678334  0.13274446
 -1.03938615  0.0342794 ]"
1747093051.3215277,"[ 0.00000000e+00 -1.53413525e-01  7.34716810e-01  2.96092460e+00
 -2.23024348e+00 -8.14927294e-05  9.60045605e-01  1.57092576e+00]","[ 0.00000000e+00 -1.04797819e-01  3.21629998e-01 -6.24100358e-05
  1.71511902e-01 -5.29892650e-06  1.05980643e-05  0.00000000e+00]","[ 0.         -1.05196762 14.11366081  0.36291826 -0.41664121  0.14482823
 -1.03686798  0.03837483]"
1747093051.324399,"[ 0.00000000e+00 -1.53622850e-01  7.35349577e-01  2.96092407e+00
 -2.22988822e+00 -8.14927294e-05  9.60045605e-01  1.57092576e+00]","[ 0.00000000e+00 -1.06418402e-01  3.20875791e-01 -6.78072648e-05
  1.73281006e-01  0.00000000e+00  1.05979587e-05  0.00000000e+00]","[ 0.         -0.98488557 14.03893852  0.37797695 -0.40261659  0.12231102
 -1.01084638  0.04398764]"
1747093051.3261294,"[ 0.00000000e+00 -1.53836435e-01  7.36003915e-01  2.96092407e+00
 -2.22954280e+00 -8.14927294e-05  9.60045605e-01  1.57092576e+00]","[ 0.00000000e+00 -1.04257622e-01  3.18985113e-01 -6.70429958e-05
  1.74753069e-01  0.00000000e+00  1.05979587e-05  0.00000000e+00]","[ 0.         -0.95407498 14.00346279  0.40136322 -0.38172853  0.11026958
 -0.99355161  0.03361353]"
1747093051.327942,"[ 0.00000000e+00 -1.54063869e-01  7.36629359e-01  2.96092407e+00
 -2.22918567e+00 -8.14927294e-05  9.60045605e-01  1.57092576e+00]","[ 0.00000000e+00 -1.03981743e-01  3.16284135e-01 -6.62935144e-05
  1.74033316e-01  0.00000000e+00  1.05979587e-05  0.00000000e+00]","[ 0.         -0.9622159  13.98640633  0.42513099 -0.33018652  0.08980793
 -1.00185978  0.02487717]"
1747093051.3296776,"[ 0.00000000e+00 -1.54266269e-01  7.37266254e-01  2.96092407e+00
 -2.22884026e+00 -8.14927294e-05  9.60045605e-01  1.57092576e+00]","[ 0.00000000e+00 -1.02637038e-01  3.09801801e-01 -6.55628031e-05
  1.75563352e-01  0.00000000e+00  1.05979587e-05  0.00000000e+00]","[ 0.         -0.92828786 14.02899647  0.44194365 -0.3233586   0.09735078
 -0.99979448  0.03491637]"
1747093051.3314095,"[ 0.00000000e+00 -1.54475594e-01  7.37873721e-01  2.96092354e+00
 -2.22847807e+00 -8.14927294e-05  9.60045605e-01  1.57092576e+00]","[ 0.00000000e+00 -1.01310460e-01  3.07370934e-01 -7.07425165e-05
  1.77042538e-01  0.00000000e+00  1.05979587e-05  0.00000000e+00]","[ 0.         -0.92978704 14.11092949  0.43601048 -0.35937312  0.11887897
 -0.99518847  0.04292133]"
1747093051.3325183,"[ 0.00000000e+00 -1.54575196e-01  7.38199292e-01  2.96092354e+00
 -2.22830310e+00 -8.14927294e-05  9.60045605e-01  1.57092576e+00]","[ 0.00000000e+00 -1.01016455e-01  3.06439061e-01 -6.98045828e-05
  1.77454047e-01  0.00000000e+00  1.05819570e-05  0.00000000e+00]","[ 0.         -0.92487276 14.0803051   0.42710283 -0.40610212  0.12457202
 -0.98808604  0.04392663]"
1747093051.3342528,"[ 0.00000000e+00 -1.54771205e-01  7.38802232e-01  2.96092301e+00
 -2.22795529e+00 -8.14927294e-05  9.60045605e-01  1.57092576e+00]","[ 0.00000000e+00 -9.88556741e-02  3.05210145e-01 -7.48159794e-05
  1.76103558e-01  0.00000000e+00  1.05820616e-05  0.00000000e+00]","[ 0.         -0.92288816 14.11994076  0.40498707 -0.50315619  0.13392903
 -0.98714203  0.04977697]"
1747093051.3359919,"[ 0.00000000e+00 -1.54867611e-01  7.39099774e-01  2.96092274e+00
 -2.22776861e+00 -8.14927294e-05  9.60045605e-01  1.57092576e+00]","[ 0.00000000e+00 -9.77752879e-02  3.01698867e-01 -7.76289270e-05
  1.75623323e-01  0.00000000e+00  1.05740785e-05  0.00000000e+00]","[ 0.         -0.93981278 14.12456512  0.40732652 -0.54892045  0.13834286
 -0.99998748  0.0520469 ]"
1747093051.3378663,"[ 0.00000000e+00 -1.55067881e-01  7.39713699e-01  2.96092274e+00
 -2.22742133e+00 -8.14927294e-05  9.60045605e-01  1.57092576e+00]","[ 0.00000000e+00 -9.72350907e-02  2.98457700e-01 -7.68736956e-05
  1.76643747e-01  0.00000000e+00  1.05819570e-05  0.00000000e+00]","[ 0.         -0.96469754 14.17913628  0.42067602 -0.64085782  0.12277529
 -1.03016746  0.04739724]"
1747093051.3396592,"[ 0.00000000e+00 -1.55162689e-01  7.40301925e-01  2.96092221e+00
 -2.22707778e+00 -8.14927294e-05  9.60045605e-01  1.57092576e+00]","[ 0.00000000e+00 -9.61547045e-02  2.98457700e-01 -8.16411099e-05
  1.73402580e-01  0.00000000e+00  1.05739739e-05  0.00000000e+00]","[ 0.         -0.97120899 14.30664349  0.42931473 -0.69785964  0.11896013
 -1.03298414  0.02926147]"
1747093051.3408334,"[ 0.00000000e+00 -1.55353372e-01  7.40620172e-01  2.96092221e+00
 -2.22689616e+00 -8.14927294e-05  9.60045605e-01  1.57092576e+00]","[ 0.00000000e+00 -9.29135292e-02  2.99668307e-01 -8.07989405e-05
  1.71024094e-01  0.00000000e+00  1.05820616e-05  0.00000000e+00]","[ 0.         -1.01020408 14.36136532  0.39928687 -0.71663696  0.10117504
 -1.04959548  0.04003004]"
1747093051.342711,"[ 0.00000000e+00 -1.55443919e-01  7.41210196e-01  2.96092167e+00
 -2.22656140e+00 -8.14927294e-05  9.60045605e-01  1.57092576e+00]","[ 0.00000000e+00 -9.18331430e-02  2.98457700e-01 -8.54894297e-05
  1.69351113e-01  0.00000000e+00  1.05820616e-05  0.00000000e+00]","[ 0.         -1.04834676 14.46692181  0.3884002  -0.63758862  0.10375758
 -1.05738235  0.04385199]"
1747093051.3445277,"[ 0.00000000e+00 -1.55629808e-01  7.41818661e-01  2.96092034e+00
 -2.22622344e+00 -8.14927294e-05  9.60045605e-01  1.57092576e+00]","[ 0.00000000e+00 -9.02766419e-02  2.96909871e-01 -9.81981485e-05
  1.71241807e-01  0.00000000e+00  1.05819570e-05  0.00000000e+00]","[ 0.         -1.12170935 14.61889172  0.32916844 -0.52615589  0.10669529
 -1.03102148  0.04347087]"
1747093051.3464007,"[ 0.00000000e+00 -1.55815696e-01  7.42399963e-01  2.96091954e+00
 -2.22587057e+00 -8.14927294e-05  9.60045605e-01  1.57092576e+00]","[ 0.00000000e+00 -9.49779784e-02  2.93568303e-01 -1.04274119e-04
  1.71511902e-01  0.00000000e+00  1.05819570e-05  0.00000000e+00]","[ 0.         -1.24446332 14.70551586  0.34341025 -0.43142053  0.12584196
 -1.02787971  0.03785083]"
1747093051.3481376,"[ 0.00000000e+00 -1.55916897e-01  7.42689249e-01  2.96091954e+00
 -2.22569933e+00 -8.14927294e-05  9.60045605e-01  1.57092576e+00]","[ 0.00000000e+00 -9.52920151e-02  2.93325855e-01 -1.03174077e-04
  1.73496706e-01  0.00000000e+00  1.05820616e-05  0.00000000e+00]","[ 0.         -1.25585544 14.69631672  0.36960629 -0.36252502  0.13299914
 -1.00886023  0.03791721]"
1747093051.3493376,"[ 0.00000000e+00 -1.56109177e-01  7.43338993e-01  2.96091901e+00
 -2.22533980e+00 -8.14927294e-05  9.60045605e-01  1.57092576e+00]","[ 0.00000000e+00 -9.83154852e-02  2.95334744e-01 -1.08547010e-04
  1.77293308e-01  0.00000000e+00  1.05819570e-05  0.00000000e+00]","[ 0.         -1.31655931 14.69645882  0.34955674 -0.28521645  0.11912823
 -0.99997884  0.0498649 ]"
1747093051.3520381,"[ 0.00000000e+00 -1.56208246e-01  7.43630144e-01  2.96091901e+00
 -2.22516404e+00 -8.14927294e-05  9.60045605e-01  1.57092576e+00]","[ 0.00000000e+00 -1.00476258e-01  2.95216533e-01 -1.08547010e-04
  1.78264330e-01  0.00000000e+00  1.05819570e-05  0.00000000e+00]","[ 0.         -1.31150842 14.7810421   0.34763715 -0.29993424  0.1062067
 -0.99997884  0.04836747]"
1747093051.355782,"[ 0.00000000e+00 -1.56722236e-01  7.45122046e-01  2.96091768e+00
 -2.22424152e+00 -8.14927294e-05  9.60045605e-01  1.57092576e+00]","[ 0.00000000e+00 -1.06958600e-01  3.01393203e-01 -1.19047015e-04
  1.79432842e-01  0.00000000e+00  1.05820616e-05  0.00000000e+00]","[ 0.         -1.39318705 14.72663021  0.32662398 -0.24123211  0.13238056
 -1.01011527  0.04230885]"
1747093051.3615708,"[ 0.00000000e+00 -1.57188822e-01  7.46360017e-01  2.96091582e+00
 -2.22350622e+00 -8.09600971e-05  9.60045605e-01  1.57092576e+00]","[ 0.00000000e+00 -1.15746041e-01  3.12502779e-01 -1.37566802e-04
  1.85016775e-01  5.29097849e-06  0.00000000e+00  0.00000000e+00]","[ 0.         -1.34434879 14.57572365  0.36948046 -0.36021566  0.09820792
 -1.02245045  0.02974036]"
1747093051.3646414,"[ 0.00000000e+00 -1.57773120e-01  7.47969032e-01  2.96091528e+00
 -2.22255440e+00 -8.09600971e-05  9.60045605e-01  1.57092576e+00]","[ 0.00000000e+00 -1.17222306e-01  3.19479030e-01 -1.37565437e-04
  1.92849598e-01  5.29097849e-06  0.00000000e+00  0.00000000e+00]","[ 0.         -1.30978203 14.32474899  0.37773877 -0.51448685  0.10908452
 -1.04354692  0.05365244]"
1747093051.3682873,"[ 0.00000000e+00 -1.58118798e-01  7.48931965e-01  2.96091528e+00
 -2.22196931e+00 -8.09600971e-05  9.60045605e-01  1.57092576e+00]","[ 0.00000000e+00 -1.16563889e-01  3.28375585e-01 -1.37669385e-04
  1.93193845e-01  5.29103081e-06  0.00000000e+00  0.00000000e+00]","[ 0.         -1.238783   14.15173817  0.4226712  -0.54674292  0.1080723
 -1.02497399  0.05335742]"
1747093051.3712602,"[ 0.00000000e+00 -1.58471401e-01  7.49611537e-01  2.96091475e+00
 -2.22138448e+00 -8.09600971e-05  9.60045605e-01  1.57092576e+00]","[ 0.00000000e+00 -1.16141912e-01  3.33030192e-01 -1.42964352e-04
  1.92309409e-01  5.28698695e-06  0.00000000e+00  0.00000000e+00]","[ 0.         -1.20449042 14.02474117  0.43267122 -0.46229735  0.11504732
 -1.01065624  0.05002681]"
1747093051.3760135,"[ 0.00000000e+00 -1.58824536e-01  7.50619943e-01  2.96091448e+00
 -2.22099965e+00 -8.09600971e-05  9.60045605e-01  1.57092576e+00]","[ 0.00000000e+00 -1.16141912e-01  3.32017425e-01 -1.40210929e-04
  1.96161905e-01  5.29103081e-06  0.00000000e+00  0.00000000e+00]","[ 0.         -1.15104437 13.77220726  0.43539885 -0.39897251  0.10627604
 -1.00064886  0.05628725]"
1747093051.3777957,"[ 0.00000000e+00 -1.59298046e-01  7.51957116e-01  2.96091342e+00
 -2.22019271e+00 -8.09600971e-05  9.60046603e-01  1.57092576e+00]","[ 0.00000000e+00 -1.19923276e-01  3.31679703e-01 -1.50794377e-04
  2.02573099e-01  5.29097849e-06  1.05819570e-05  0.00000000e+00]","[ 0.         -1.11656427 13.27547264  0.42677605 -0.39780179  0.08964089
 -0.95049131  0.03289546]"
1747093051.3795915,"[ 0.00000000e+00 -1.59538796e-01  7.52604996e-01  2.96091262e+00
 -2.21977806e+00 -8.09600971e-05  9.60046603e-01  1.57092576e+00]","[ 0.00000000e+00 -1.23039657e-01  3.26817936e-01 -1.58850846e-04
  2.02573099e-01  5.29103081e-06  1.05820616e-05  0.00000000e+00]","[ 0.         -1.07831168 13.09327221  0.40767527 -0.37722182  0.08527628
 -0.95558763  0.0458893 ]"
1747093051.3812041,"[ 0.00000000e+00 -1.59785404e-01  7.53271319e-01  2.96091209e+00
 -2.21937858e+00 -8.09600971e-05  9.60046603e-01  1.57092576e+00]","[ 0.00000000e+00 -1.20463473e-01  3.25137681e-01 -1.64020327e-04
  2.02098041e-01  5.29097849e-06  1.05819570e-05  0.00000000e+00]","[ 0.         -1.05478406 12.94884491  0.37426224 -0.39380103  0.09513466
 -0.94328225  0.04175173]"
1747093051.3836691,"[ 0.00000000e+00 -1.60021360e-01  7.53910478e-01  2.96091155e+00
 -2.21897139e+00 -8.09600971e-05  9.60046603e-01  1.57092576e+00]","[ 0.00000000e+00 -1.18842890e-01  3.23576769e-01 -1.69439236e-04
  1.98357847e-01  5.29103081e-06  1.05819570e-05  0.00000000e+00]","[ 0.         -1.06232059 12.90200233  0.35324648 -0.34623212  0.10625792
 -0.93417752  0.0408311 ]"
1747093051.385462,"[ 0.00000000e+00 -1.60265839e-01  7.54572207e-01  2.96091129e+00
 -2.21857910e+00 -8.09600971e-05  9.60046603e-01  1.57092576e+00]","[ 0.00000000e+00 -1.19262129e-01  3.22237465e-01 -1.71956804e-04
  1.99872137e-01  5.29097849e-06  1.05820616e-05  0.00000000e+00]","[ 0.         -1.07858908 13.00036049  0.34332943 -0.28221571  0.10994789
 -0.91768539  0.05332386]"
1747093051.387828,"[ 0.00000000e+00 -1.60384083e-01  7.54886260e-01  2.96091076e+00
 -2.21838070e+00 -8.09600971e-05  9.60046603e-01  1.57092576e+00]","[ 0.00000000e+00 -1.19923276e-01  3.18444924e-01 -1.77247772e-04
  2.01018745e-01  5.29502843e-06  1.05820616e-05  0.00000000e+00]","[ 0.         -1.07601428 13.02543259  0.34278294 -0.26173934  0.11468747
 -0.92798096  0.04448966]"
1747093051.3899782,"[ 0.00000000e+00 -1.60738283e-01  7.55842735e-01  2.96090969e+00
 -2.21777110e+00 -8.09600971e-05  9.60046603e-01  1.57092576e+00]","[ 0.00000000e+00 -1.14944945e-01  3.13460585e-01 -1.97615623e-04
  2.01222626e-01  5.29097849e-06  1.05819570e-05  0.00000000e+00]","[ 0.         -1.08883464 13.21510124  0.2789669  -0.18271483  0.13991497
 -0.93077028  0.03689456]"
1747093051.3918207,"[ 0.00000000e+00 -1.60964119e-01  7.56459922e-01  2.96090836e+00
 -2.21735591e+00 -8.09600971e-05  9.60046603e-01  1.57092576e+00]","[ 0.00000000e+00 -1.14405297e-01  3.13042968e-01 -2.12297225e-04
  2.02573099e-01  5.29097849e-06  1.05820616e-05  0.00000000e+00]","[ 0.         -1.11137795 13.30036831  0.27398103 -0.18931064  0.14480603
 -0.94670027  0.04213618]"
1747093051.3929718,"[ 0.00000000e+00 -1.61078103e-01  7.56790087e-01  2.96090756e+00
 -2.21715564e+00 -8.09600971e-05  9.60046603e-01  1.57092576e+00]","[ 0.00000000e+00 -1.15601723e-01  3.10952886e-01 -2.22435150e-04
  2.03113304e-01  5.29103081e-06  1.05740785e-05  0.00000000e+00]","[ 0.         -1.12007165 13.36831188  0.25894827 -0.181215    0.13375485
 -0.97687817  0.05759013]"
1747093051.394704,"[ 0.00000000e+00 -1.61317255e-01  7.57397555e-01  2.96090623e+00
 -2.21674205e+00 -8.09600971e-05  9.60046603e-01  1.57092576e+00]","[ 0.00000000e+00 -1.18302692e-01  3.07911123e-01 -2.50246685e-04
  2.01868609e-01  5.29097849e-06  1.05819570e-05  0.00000000e+00]","[ 0.         -1.13339853 13.59397411  0.26281813 -0.21665986  0.14984608
 -0.98225099  0.05816654]"
1747093051.3958714,"[ 0.00000000e+00 -1.61433901e-01  7.57701554e-01  2.96090516e+00
 -2.21654232e+00 -8.09600971e-05  9.60046603e-01  1.57092576e+00]","[ 0.00000000e+00 -1.18302692e-01  3.08451312e-01 -2.72107005e-04
  2.02573099e-01  5.29097849e-06  1.05819570e-05  0.00000000e+00]","[ 0.         -1.13516879 13.66913605  0.25491533 -0.21128236  0.15174474
 -0.98008835  0.04186216]"
1747093051.3976214,"[ 0.00000000e+00 -1.61667194e-01  7.58330194e-01  2.96090383e+00
 -2.21614125e+00 -8.09600971e-05  9.60046603e-01  1.57092576e+00]","[ 0.00000000e+00 -1.18182833e-01  3.07370934e-01 -3.24124357e-04
  2.04193699e-01  5.29103081e-06  1.05819570e-05  0.00000000e+00]","[ 0.         -1.15183413 13.92859936  0.22042853 -0.26665974  0.14769711
 -0.97569215  0.04362011]"
1747093051.3988197,"[ 0.00000000e+00 -1.61794493e-01  7.58635125e-01  2.96090330e+00
 -2.21592420e+00 -8.09600971e-05  9.60046603e-01  1.57092576e+00]","[ 0.00000000e+00 -1.19867324e-01  3.09261612e-01 -3.20049415e-04
  2.04376292e-01  5.29092566e-06  1.05820616e-05  0.00000000e+00]","[ 0.         -1.15803301 14.04846478  0.2379757  -0.31033108  0.14325598
 -0.98354989  0.03312726]"
1747093051.4005566,"[ 0.00000000e+00 -1.62032580e-01  7.59246720e-01  2.96090197e+00
 -2.21551833e+00 -8.09600971e-05  9.60046603e-01  1.57092576e+00]","[ 0.00000000e+00 -1.21543868e-01  3.09757726e-01 -3.29586763e-04
  2.05875568e-01  5.29097849e-06  1.05819570e-05  0.00000000e+00]","[ 0.         -1.20329726 14.19262505  0.2451895  -0.34425113  0.15014669
 -1.02250969  0.05199433]"
1747093051.4023447,"[ 0.00000000e+00 -1.62153487e-01  7.59576420e-01  2.96090143e+00
 -2.21531433e+00 -8.09600971e-05  9.60046603e-01  1.57092576e+00]","[ 0.00000000e+00 -1.22624254e-01  3.10451346e-01 -3.36283450e-04
  2.06894660e-01  5.29097849e-06  1.05819570e-05  0.00000000e+00]","[ 0.         -1.19985056 14.22751236  0.24667899 -0.3337014   0.15992662
 -1.03375459  0.04522047]"
1747093051.4034195,"[ 0.00000000e+00 -1.62401694e-01  7.60189013e-01  2.96090064e+00
 -2.21488876e+00 -8.09600971e-05  9.60046603e-01  1.57092576e+00]","[ 0.00000000e+00 -1.20870396e-01  3.10612101e-01 -3.48451937e-04
  2.07887054e-01  5.29497611e-06  1.05819570e-05  0.00000000e+00]","[ 0.         -1.21209943 14.36810875  0.26995939 -0.37864947  0.1532764
 -1.03438842  0.04329816]"
1747093051.4052675,"[ 0.00000000e+00 -1.62520471e-01  7.60495743e-01  2.96090010e+00
 -2.21468530e+00 -8.09600971e-05  9.60046603e-01  1.57092576e+00]","[ 0.00000000e+00 -1.20463473e-01  3.11152290e-01 -3.54763388e-04
  2.06354471e-01  5.29097849e-06  1.05819570e-05  0.00000000e+00]","[ 0.         -1.20860839 14.49821281  0.29736757 -0.43604383  0.15119167
 -1.04722679  0.04356384]"
1747093051.4063494,"[ 0.00000000e+00 -1.62755894e-01  7.61134902e-01  2.96089957e+00
 -2.21427703e+00 -8.09600971e-05  9.60046603e-01  1.57092576e+00]","[ 0.00000000e+00 -1.18422801e-01  3.12455974e-01 -3.47743235e-04
  2.07164771e-01  5.29097849e-06  1.05819570e-05  0.00000000e+00]","[ 0.         -1.23507965 14.62453747  0.31520343 -0.44987896  0.15051198
 -1.05714881  0.05144458]"
1747093051.4080663,"[ 0.00000000e+00 -1.62872541e-01  7.61444894e-01  2.96089930e+00
 -2.21405626e+00 -8.09600971e-05  9.60046603e-01  1.57092576e+00]","[ 0.00000000e+00 -1.18302692e-01  3.14393457e-01 -3.42763396e-04
  2.07691495e-01  5.29497611e-06  1.05819570e-05  0.00000000e+00]","[ 0.         -1.27163839 14.57194233  0.34038955 -0.39961568  0.14998822
 -1.07456398  0.05157068]"
1747093051.4097352,"[ 0.00000000e+00 -1.63108497e-01  7.62093706e-01  2.96089877e+00
 -2.21364693e+00 -8.09600971e-05  9.60046603e-01  1.57092576e+00]","[ 0.00000000e+00 -1.14405297e-01  3.18174813e-01 -3.46188218e-04
  2.07434866e-01  5.29097849e-06  1.05899522e-05  0.00000000e+00]","[ 0.         -1.32428741 14.66239834  0.34547967 -0.344697    0.12436009
 -1.07499921  0.04188425]"
1747093051.4109714,"[ 0.00000000e+00 -1.63219817e-01  7.62409158e-01  2.96089824e+00
 -2.21342669e+00 -8.09600971e-05  9.60046603e-01  1.57092576e+00]","[ 0.00000000e+00 -1.12900745e-01  3.19795413e-01 -3.57006594e-04
  2.07385514e-01  5.29103081e-06  1.05820616e-05  0.00000000e+00]","[ 0.         -1.37055564 14.75806618  0.38386676 -0.35724616  0.13203087
 -1.06201518  0.05091794]"
1747093051.412915,"[ 0.00000000e+00 -1.63447251e-01  7.63045121e-01  2.96089797e+00
 -2.21301256e+00 -8.09600971e-05  9.60046603e-01  1.57092576e+00]","[ 0.00000000e+00 -1.10839658e-01  3.23364548e-01 -3.58782675e-04
  2.10619540e-01  5.29103081e-06  1.05819570e-05  0.00000000e+00]","[ 0.         -1.40765786 14.80840969  0.39725241 -0.322097    0.1304592
 -1.03907609  0.05514183]"
1747093051.4150517,"[ 0.00000000e+00 -1.63670424e-01  7.63710045e-01  2.96089744e+00
 -2.21259232e+00 -8.09600971e-05  9.60046603e-01  1.57092576e+00]","[ 0.00000000e+00 -1.13440942e-01  3.24657180e-01 -3.77545542e-04
  2.13647105e-01  5.29097849e-06  1.05819570e-05  0.00000000e+00]","[ 0.         -1.43988609 14.75797367  0.40455857 -0.28402638  0.11672454
 -1.0544765   0.05232269]"
1747093051.4197714,"[ 0.00000000e+00 -1.64248862e-01  7.65358076e-01  2.96089611e+00
 -2.21148471e+00 -8.09600971e-05  9.60046603e-01  1.57092576e+00]","[ 0.00000000e+00 -1.15601723e-01  3.31343645e-01 -4.10406778e-04
  2.20719179e-01  5.29097849e-06  1.05819570e-05  0.00000000e+00]","[ 0.         -1.50449884 14.38193226  0.46137586 -0.26551789  0.09107082
 -1.03422093  0.04952276]"
1747093051.424169,"[ 0.00000000e+00 -1.64734090e-01  7.66686993e-01  2.96089451e+00
 -2.21059255e+00 -8.09600971e-05  9.60046603e-01  1.57092576e+00]","[ 0.00000000e+00 -1.24785034e-01  3.32490003e-01 -4.16720732e-04
  2.23910811e-01  5.30298914e-06  1.05820616e-05  0.00000000e+00]","[ 0.         -1.5356952  14.1503191   0.45925987 -0.3049553   0.09739857
 -1.040133    0.05368244]"
1747093051.4286811,"[ 0.00000000e+00 -1.65363662e-01  7.68385091e-01  2.96089291e+00
 -2.20944260e+00 -8.09600971e-05  9.60046603e-01  1.57092576e+00]","[ 0.00000000e+00 -1.22375007e-01  3.33522044e-01 -4.28609412e-04
  2.32824029e-01  5.29897933e-06  1.05820616e-05  0.00000000e+00]","[ 0.         -1.49252784 14.23458004  0.4709059  -0.2257206   0.08663628
 -0.99132603  0.04306484]"
1747093051.4311104,"[ 0.00000000e+00 -1.65730113e-01  7.69370062e-01  2.96089185e+00
 -2.20873553e+00 -8.09600971e-05  9.60046603e-01  1.57092576e+00]","[ 0.00000000e+00 -1.23164451e-01  3.33502237e-01 -4.01396113e-04
  2.31993139e-01  5.30298914e-06  1.05819570e-05  0.00000000e+00]","[ 0.         -1.41038275 14.15702343  0.44532076 -0.29182801  0.08180358
 -1.00272429  0.0349383 ]"
1747093051.4340973,"[ 0.00000000e+00 -1.65985243e-01  7.70053762e-01  2.96089131e+00
 -2.20827720e+00 -8.09600971e-05  9.60046603e-01  1.57092576e+00]","[ 0.00000000e+00 -1.24264145e-01  3.33840492e-01 -3.80995883e-04
  2.32553934e-01  5.29897933e-06  1.06059783e-05  0.00000000e+00]","[ 0.         -1.36928487 14.1432724   0.45467186 -0.35590941  0.09578829
 -1.03553128  0.05888877]"
1747093051.4358637,"[ 0.00000000e+00 -1.66230254e-01  7.70709032e-01  2.96089105e+00
 -2.20779783e+00 -8.09600971e-05  9.60046603e-01  1.57092576e+00]","[ 0.00000000e+00 -1.24244837e-01  3.32219892e-01 -3.40166197e-04
  2.34468514e-01  5.29897933e-06  1.05979587e-05  0.00000000e+00]","[ 0.         -1.34029889 14.22305107  0.4326385  -0.40329957  0.09458519
 -1.01003349  0.06088778]"
1747093051.43766,"[ 0.00000000e+00 -1.66485918e-01  7.71386341e-01  2.96088998e+00
 -2.20733284e+00 -8.09600971e-05  9.60046603e-01  1.57092576e+00]","[ 0.00000000e+00 -1.24882689e-01  3.31204029e-01 -3.45080789e-04
  2.36875479e-01  5.29897933e-06  1.06059783e-05  0.00000000e+00]","[ 0.         -1.27751601 14.25638962  0.40894949 -0.40728346  0.107799
 -1.00007629  0.04459612]"
1747093051.439913,"[ 0.00000000e+00 -1.66730396e-01  7.72040213e-01  2.96088972e+00
 -2.20684362e+00 -8.09600971e-05  9.60046603e-01  1.57092576e+00]","[ 0.00000000e+00 -1.23579305e-01  3.31949814e-01 -3.29727171e-04
  2.39036268e-01  5.29897933e-06  1.05979587e-05  0.00000000e+00]","[ 0.         -1.22607744 14.33009624  0.40771514 -0.42342794  0.12715417
 -1.02409935  0.04014309]"
1747093051.4417489,"[ 0.00000000e+00 -1.66984461e-01  7.72721184e-01  2.96088865e+00
 -2.20637357e+00 -8.09600971e-05  9.60046603e-01  1.57092576e+00]","[ 0.00000000e+00 -1.24381158e-01  3.31679703e-01 -3.23859472e-04
  2.38225968e-01  5.29897933e-06  1.06059783e-05  0.00000000e+00]","[ 0.         -1.19444919 14.36984062  0.39346808 -0.44307262  0.1025648
 -1.02777815  0.04032608]"
1747093051.443479,"[ 0.00000000e+00 -1.67230005e-01  7.73371394e-01  2.96088785e+00
 -2.20588621e+00 -8.09600971e-05  9.60046603e-01  1.57092576e+00]","[ 0.00000000e+00 -1.24785034e-01  3.28915242e-01 -3.26995350e-04
  2.37685779e-01  5.30298914e-06  1.05978530e-05  0.00000000e+00]","[ 0.         -1.1497798  14.45225906  0.4006936  -0.38391158  0.0921658
 -1.03093278  0.03803134]"
1747093051.445272,"[ 0.00000000e+00 -1.67473950e-01  7.74041845e-01  2.96088732e+00
 -2.20541883e+00 -8.09600971e-05  9.60046603e-01  1.57092576e+00]","[ 0.00000000e+00 -1.23164451e-01  3.27002060e-01 -3.20825607e-04
  2.37415685e-01  5.29897933e-06  1.06059783e-05  0.00000000e+00]","[ 0.         -1.13918185 14.52116776  0.43653753 -0.33617896  0.10020225
 -1.01829529  0.04820803]"
1747093051.446995,"[ 0.00000000e+00 -1.67601782e-01  7.74365553e-01  2.96088732e+00
 -2.20516449e+00 -8.09600971e-05  9.60046603e-01  1.57092576e+00]","[ 0.00000000e+00 -1.20368864e-01  3.28438536e-01 -3.13121783e-04
  2.39483879e-01  5.29897933e-06  1.06059783e-05  0.00000000e+00]","[ 0.         -1.13145244 14.49521732  0.4413659  -0.30984902  0.11648935
 -1.00997567  0.04514762]"
1747093051.4487545,"[ 0.00000000e+00 -1.67834542e-01  7.75011169e-01  2.96088625e+00
 -2.20469019e+00 -8.09600971e-05  9.60046603e-01  1.57092576e+00]","[ 0.00000000e+00 -1.16682109e-01  3.26817936e-01 -3.18073793e-04
  2.41467152e-01  5.30304197e-06  1.05979587e-05  0.00000000e+00]","[ 0.         -1.1250993  14.48854256  0.46404013 -0.24489515  0.12951289
 -1.01312733  0.0663481 ]"
1747093051.4499419,"[ 0.00000000e+00 -1.68073694e-01  7.75682952e-01  2.96088492e+00
 -2.20419644e+00 -8.09600971e-05  9.60046603e-01  1.57092576e+00]","[ 0.00000000e+00 -1.16858102e-01  3.27754370e-01 -3.32465461e-04
  2.41513391e-01  5.29897933e-06  1.06059783e-05  0.00000000e+00]","[ 0.         -1.12844813 14.4783659   0.46652117 -0.19199951  0.12208275
 -1.01027465  0.06508692]"
1747093051.451891,"[ 0.00000000e+00 -1.68188210e-01  7.76006259e-01  2.96088492e+00
 -2.20395808e+00 -8.09600971e-05  9.60046603e-01  1.57092576e+00]","[ 0.00000000e+00 -1.16141912e-01  3.27898347e-01 -3.25671019e-04
  2.41737246e-01  5.30298914e-06  1.05979587e-05  0.00000000e+00]","[ 0.         -1.14534461 14.54897881  0.46048382 -0.17294888  0.10337591
 -1.0046345   0.05704922]"
1747093051.4533014,"[ 0.00000000e+00 -1.68412981e-01  7.76652808e-01  2.96088412e+00
 -2.20348111e+00 -8.09600971e-05  9.60046603e-01  1.57092576e+00]","[ 0.00000000e+00 -1.13440942e-01  3.27898347e-01 -3.20649634e-04
  2.41737246e-01  5.29897933e-06  1.06059783e-05  0.00000000e+00]","[ 0.         -1.19100881 14.4974432   0.46086386 -0.18437685  0.09201811
 -1.00376928  0.04713326]"
1747093051.4549859,"[ 0.00000000e+00 -1.68523236e-01  7.76976982e-01  2.96088412e+00
 -2.20322438e+00 -8.09600971e-05  9.60046603e-01  1.57092576e+00]","[ 0.00000000e+00 -1.11820358e-01  3.28708614e-01 -3.20144537e-04
  2.41740791e-01  5.29897933e-06  1.05979587e-05  0.00000000e+00]","[ 0.         -1.19939089 14.38616276  0.46608061 -0.15463863  0.09050523
 -1.00546992  0.05763705]"
1747093051.4567657,"[ 0.00000000e+00 -1.68746941e-01  7.77650628e-01  2.96088359e+00
 -2.20274208e+00 -8.09600971e-05  9.60046603e-01  1.57092576e+00]","[ 0.00000000e+00 -1.09119380e-01  3.29248836e-01 -3.19142276e-04
  2.46598996e-01  5.30298914e-06  1.06059783e-05  0.00000000e+00]","[ 0.         -1.22622871 14.35389042  0.50722188 -0.1527532   0.0940163
 -1.00954342  0.06502213]"
1747093051.457985,"[ 0.00000000e+00 -1.68856664e-01  7.77975268e-01  2.96088306e+00
 -2.20249734e+00 -8.09600971e-05  9.60046603e-01  1.57092576e+00]","[ 0.00000000e+00 -1.11280161e-01  3.28915242e-01 -3.19635669e-04
  2.48219580e-01  5.29897933e-06  1.06059783e-05  0.00000000e+00]","[ 0.         -1.24689353 14.41509914  0.49602485 -0.16476396  0.09739438
 -1.01799786  0.05684029]"
1747093051.459697,"[ 0.00000000e+00 -1.69084098e-01  7.78646118e-01  2.96088279e+00
 -2.20198814e+00 -8.09600971e-05  9.60046603e-01  1.57092576e+00]","[ 0.00000000e+00 -1.11842729e-01  3.27252830e-01 -3.18179351e-04
  2.49013085e-01  0.00000000e+00  1.05979587e-05  0.00000000e+00]","[ 0.         -1.32816863 14.35150623  0.47178051 -0.23554465  0.082568
 -1.01108468  0.05437772]"
1747093051.4614594,"[ 0.00000000e+00 -1.69308336e-01  7.79289471e-01  2.96088226e+00
 -2.20149333e+00 -8.09600971e-05  9.60046603e-01  1.57092576e+00]","[ 0.00000000e+00 -1.13981131e-01  3.26007669e-01 -3.12052617e-04
  2.50920558e-01  0.00000000e+00  1.06059783e-05  0.00000000e+00]","[ 0.         -1.37858868 14.34960079  0.48164877 -0.29021025  0.07472373
 -1.03838015  0.0453986 ]"
1747093051.462621,"[ 0.00000000e+00 -1.69419656e-01  7.79610848e-01  2.96088173e+00
 -2.20124512e+00 -8.09600971e-05  9.60046603e-01  1.57092576e+00]","[ 0.00000000e+00 -1.12900745e-01  3.25677337e-01 -3.15902660e-04
  2.51475794e-01  0.00000000e+00  1.05979587e-05  0.00000000e+00]","[ 0.         -1.41290474 14.27410126  0.50185633 -0.31377241  0.06237838
 -1.05031824  0.03581296]"
1747093051.4644167,"[ 0.00000000e+00 -1.69657210e-01  7.80284495e-01  2.96088093e+00
 -2.20073406e+00 -8.09600971e-05  9.60045605e-01  1.57092576e+00]","[ 0.00000000e+00 -1.16748172e-01  3.29789025e-01 -3.19147250e-04
  2.49514625e-01  0.00000000e+00  0.00000000e+00  0.00000000e+00]","[ 0.         -1.4744873  14.39314842  0.51281917 -0.33168158  0.06365412
 -1.05758119  0.04130792]"
1747093051.4661868,"[ 0.00000000e+00 -1.69772258e-01  7.80610532e-01  2.96088040e+00
 -2.20048745e+00 -8.09600971e-05  9.60045605e-01  1.57092576e+00]","[ 0.00000000e+00 -1.16682109e-01  3.30599325e-01 -3.28961089e-04
  2.50110258e-01  0.00000000e+00  0.00000000e+00  0.00000000e+00]","[ 0.         -1.49279296 14.46466351  0.49036601 -0.37787595  0.07797249
 -1.05776501  0.03437758]"
1747093051.4679437,"[ 0.00000000e+00 -1.70016737e-01  7.81264871e-01  2.96087960e+00
 -2.19999450e+00 -8.09600971e-05  9.60045605e-01  1.57092576e+00]","[ 0.00000000e+00 -1.19867324e-01  3.31949814e-01 -3.31181929e-04
  2.50110258e-01  0.00000000e+00  0.00000000e+00  0.00000000e+00]","[ 0.         -1.57017994 14.47614574  0.4990027  -0.45729786  0.08797211
 -1.06812322  0.03136919]"
1747093051.469138,"[ 0.00000000e+00 -1.70254823e-01  7.81940382e-01  2.96087906e+00
 -2.19947918e+00 -8.09600971e-05  9.60045605e-01  1.57092576e+00]","[ 0.         -0.12088106  0.32891524 -0.00033806  0.25228526  0.
  0.          0.        ]","[ 0.         -1.59758866 14.42860413  0.52693236 -0.49262315  0.08435811
 -1.07895529  0.04482004]"
1747093051.4709353,"[ 0.00000000e+00 -1.70375731e-01  7.82265886e-01  2.96087853e+00
 -2.19923044e+00 -8.09600971e-05  9.60045605e-01  1.57092576e+00]","[ 0.         -0.12274875  0.3300591  -0.00034326  0.25227105  0.
  0.          0.        ]","[ 0.         -1.62520647 14.38141632  0.53727996 -0.48436463  0.08006767
 -1.07697928  0.0488341 ]"
1747093051.472043,"[ 0.00000000e+00 -1.70627133e-01  7.82943661e-01  2.96087800e+00
 -2.19871512e+00 -8.09600971e-05  9.60045605e-01  1.57092576e+00]","[ 0.         -0.12387962  0.33126515 -0.00033537  0.25127     0.
  0.          0.        ]","[ 0.         -1.62659371 14.41621304  0.54989457 -0.58041966  0.07805124
 -1.08088601  0.05519922]"
1747093051.473826,"[ 0.00000000e+00 -1.70750171e-01  7.83269698e-01  2.96087773e+00
 -2.19846664e+00 -8.09600971e-05  9.60045605e-01  1.57092576e+00]","[ 0.         -0.12478503  0.33059932 -0.00033537  0.25174562  0.
  0.          0.        ]","[ 0.         -1.6553638  14.42118073  0.53584117 -0.63671893  0.09196092
 -1.0805577   0.04492733]"
1747093051.4756134,"[ 0.00000000e+00 -1.70993051e-01  7.83919909e-01  2.96087667e+00
 -2.19796996e+00 -8.09600971e-05  9.60045605e-01  1.57092576e+00]","[ 0.00000000e+00 -1.23164451e-01  3.28708614e-01 -3.42749157e-04
  2.51460747e-01  0.00000000e+00 -1.05979587e-05  0.00000000e+00]","[ 0.         -1.67299032 14.40447807  0.51785982 -0.6856932   0.07769272
 -1.09523213  0.03911118]"
1747093051.4772985,"[ 0.00000000e+00 -1.71124079e-01  7.84267984e-01  2.96087640e+00
 -2.19772282e+00 -8.09600971e-05  9.60045605e-01  1.57092576e+00]","[ 0.00000000e+00 -1.23378078e-01  3.27446042e-01 -3.34088325e-04
  2.50650463e-01  0.00000000e+00 -1.05979587e-05  0.00000000e+00]","[ 0.         -1.67610395 14.35005474  0.5055989  -0.63015276  0.0668678
 -1.10402441  0.04193694]"
1747093051.478437,"[ 0.00000000e+00 -1.71366427e-01  7.84915932e-01  2.96087587e+00
 -2.19720724e+00 -8.09600971e-05  9.60045605e-01  1.57092576e+00]","[ 0.00000000e+00 -1.23704640e-01  3.29248836e-01 -3.39391305e-04
  2.52271047e-01  0.00000000e+00 -1.06059783e-05  0.00000000e+00]","[ 0.         -1.63227129 14.39034271  0.51107663 -0.6420328   0.04865523
 -1.1001991   0.03128207]"
1747093051.4807677,"[ 0.00000000e+00 -1.71613035e-01  7.85592774e-01  2.96087454e+00
 -2.19670976e+00 -8.09600971e-05  9.60045605e-01  1.57092576e+00]","[ 0.00000000e+00 -1.25325232e-01  3.31265149e-01 -3.58782675e-04
  2.52541141e-01  0.00000000e+00 -1.06059783e-05  0.00000000e+00]","[ 0.00000000e+00 -1.61698854e+00  1.44493027e+01  4.99587119e-01
 -6.19827807e-01  7.03732148e-02 -1.07684624e+00  1.26078790e-02]"
1747093051.4819758,"[ 0.00000000e+00 -1.71746726e-01  7.85919211e-01  2.96087400e+00
 -2.19644211e+00 -8.09600971e-05  9.60045605e-01  1.57092576e+00]","[ 0.00000000e+00 -1.25885769e-01  3.30803989e-01 -3.58782675e-04
  2.51785220e-01  0.00000000e+00 -1.06059783e-05  0.00000000e+00]","[ 0.         -1.64743006 14.49679089  0.48142916 -0.64792234  0.0776953
 -1.07550812  0.02068962]"
1747093051.4837663,"[ 0.00000000e+00 -1.71993335e-01  7.86568556e-01  2.96087294e+00
 -2.19594303e+00 -8.09600971e-05  9.60045605e-01  1.57092576e+00]","[ 0.00000000e+00 -1.24658601e-01  3.28978725e-01 -3.72509560e-04
  2.53351425e-01  0.00000000e+00 -1.06059783e-05  0.00000000e+00]","[ 0.         -1.63448429 14.51385784  0.49523801 -0.57965678  0.09506428
 -1.08454752  0.029403  ]"
1747093051.4855227,"[ 0.00000000e+00 -1.72248466e-01  7.87240339e-01  2.96087214e+00
 -2.19542718e+00 -8.09600971e-05  9.60045605e-01  1.57092576e+00]","[ 0.00000000e+00 -1.24882689e-01  3.27358125e-01 -3.80451580e-04
  2.51019228e-01  0.00000000e+00 -1.06058726e-05  0.00000000e+00]","[ 0.         -1.60209775 14.53244495  0.47851062 -0.55861092  0.0948585
 -1.08403468  0.04633021]"
1747093051.4866517,"[ 0.00000000e+00 -1.72372569e-01  7.87564046e-01  2.96087161e+00
 -2.19518084e+00 -8.09600971e-05  9.60045605e-01  1.57092576e+00]","[ 0.00000000e+00 -1.25865421e-01  3.28438536e-01 -3.76967982e-04
  2.49840163e-01  0.00000000e+00 -1.06059783e-05  0.00000000e+00]","[ 0.         -1.55740082 14.53749752  0.45961741 -0.53208387  0.09835114
 -1.09545887  0.04236599]"
1747093051.48845,"[ 0.00000000e+00 -1.72637287e-01  7.88236760e-01  2.96087081e+00
 -2.19468575e+00 -8.09600971e-05  9.60045605e-01  1.57092576e+00]","[ 0.00000000e+00 -1.29898062e-01  3.28438536e-01 -3.76976336e-04
  2.51460747e-01  0.00000000e+00 -1.06059783e-05  0.00000000e+00]","[ 0.         -1.51642871 14.59648609  0.4502345  -0.44630975  0.07712787
 -1.09430778  0.05172753]"
1747093051.490148,"[ 0.00000000e+00 -1.72765119e-01  7.88558670e-01  2.96087028e+00
 -2.19441944e+00 -8.09600971e-05  9.60045605e-01  1.57092576e+00]","[ 0.00000000e+00 -1.29646785e-01  3.26547858e-01 -3.80459837e-04
  2.50768458e-01  0.00000000e+00 -1.06059783e-05  0.00000000e+00]","[ 0.         -1.51328576 14.65537167  0.45011607 -0.43697619  0.06155488
 -1.09792161  0.03929554]"
1747093051.4918997,"[ 0.00000000e+00 -1.73020250e-01  7.89202422e-01  2.96086948e+00
 -2.19392249e+00 -8.09600971e-05  9.60045605e-01  1.57092576e+00]","[ 0.00000000e+00 -1.28566399e-01  3.26007669e-01 -3.92084867e-04
  2.53351425e-01  0.00000000e+00 -1.06058726e-05  0.00000000e+00]","[ 0.         -1.47494316 14.72065926  0.49825647 -0.33177271  0.06247985
 -1.08657479  0.04335145]"
1747093051.4930928,"[ 0.00000000e+00 -1.73156071e-01  7.89548234e-01  2.96086894e+00
 -2.19367136e+00 -8.09600971e-05  9.60045605e-01  1.57092576e+00]","[ 0.00000000e+00 -1.27891911e-01  3.25497474e-01 -3.91402237e-04
  2.54443853e-01  0.00000000e+00 -1.06059783e-05  0.00000000e+00]","[ 0.         -1.39567971 14.82842731  0.48385948 -0.25566188  0.06699626
 -1.08668685  0.04242887]"
1747093051.494876,"[ 0.00000000e+00 -1.73409604e-01  7.90192453e-01  2.96086788e+00
 -2.19314938e+00 -8.09600971e-05  9.60045605e-01  1.57092576e+00]","[ 0.00000000e+00 -1.29106596e-01  3.27358125e-01 -3.86044055e-04
  2.54972025e-01  0.00000000e+00 -1.06059783e-05  0.00000000e+00]","[ 0.         -1.29211783 14.95451736  0.50606596 -0.23417483  0.0641817
 -1.09990633  0.05021158]"
1747093051.4959934,"[ 0.00000000e+00 -1.73535838e-01  7.90540528e-01  2.96086761e+00
 -2.19289771e+00 -8.09600971e-05  9.60045605e-01  1.57092576e+00]","[ 0.00000000e+00 -1.27896489e-01  3.27754370e-01 -3.82866597e-04
  2.55242119e-01  0.00000000e+00 -1.06059783e-05  0.00000000e+00]","[ 0.         -1.30538476 14.91868877  0.52256966 -0.26924613  0.05763163
 -1.10380077  0.05141117]"
1747093051.497827,"[ 0.00000000e+00 -1.73798425e-01  7.91186145e-01  2.96086655e+00
 -2.19239623e+00 -8.09600971e-05  9.60044672e-01  1.57092576e+00]","[ 0.00000000e+00 -1.27891911e-01  3.27358125e-01 -3.97423803e-04
  2.54701914e-01  0.00000000e+00 -1.85604623e-05  0.00000000e+00]","[ 0.         -1.27983284 14.78606606  0.57603335 -0.35298419  0.06834047
 -1.12697041  0.0523898 ]"
1747093051.4995391,"[ 0.00000000e+00 -1.74048763e-01  7.91855197e-01  2.96086575e+00
 -2.19187559e+00 -8.09600971e-05  9.60044672e-01  1.57092576e+00]","[ 0.00000000e+00 -1.27486012e-01  3.26193391e-01 -4.13371463e-04
  2.53621536e-01  0.00000000e+00 -1.85602774e-05  0.00000000e+00]","[ 0.         -1.20578015 14.71102142  0.59820431 -0.41298237  0.0549663
 -1.08053482  0.04351345]"
1747093051.5012884,"[ 0.00000000e+00 -1.74175529e-01  7.92175709e-01  2.96086575e+00
 -2.19162339e+00 -8.09600971e-05  9.60044672e-01  1.57092576e+00]","[ 0.00000000e+00 -1.28566399e-01  3.25197369e-01 -4.09668622e-04
  2.55523149e-01  0.00000000e+00 -1.85464284e-05  0.00000000e+00]","[ 0.         -1.15902722 14.75227642  0.61423725 -0.44602299  0.07498094
 -1.07860959  0.04243158]"
1747093051.502453,"[ 0.00000000e+00 -1.74438649e-01  7.92818529e-01  2.96086468e+00
 -2.19109901e+00 -8.09600971e-05  9.60044672e-01  1.57092576e+00]","[ 0.00000000e+00 -1.28894991e-01  3.26007669e-01 -4.26705733e-04
  2.56034593e-01  0.00000000e+00 -1.85604623e-05  0.00000000e+00]","[ 0.         -1.10182762 14.71425152  0.65689236 -0.46826068  0.05332564
 -1.09876776  0.01902352]"
1747093051.5041697,"[ 0.00000000e+00 -1.74692715e-01  7.93486250e-01  2.96086468e+00
 -2.19059620e+00 -8.09600971e-05  9.60044672e-01  1.57092576e+00]","[ 0.00000000e+00 -1.29106596e-01  3.26486805e-01 -4.04041134e-04
  2.54443853e-01  0.00000000e+00 -1.85466133e-05  0.00000000e+00]","[ 0.         -1.0336771  14.73396397  0.6706363  -0.45555413  0.03424209
 -1.13528526  0.02317545]"
1747093051.5069747,"[ 0.00000000e+00 -1.74822144e-01  7.93809025e-01  2.96086442e+00
 -2.19032616e+00 -8.09600971e-05  9.60044672e-01  1.57092576e+00]","[ 0.00000000e+00 -1.31267377e-01  3.27690487e-01 -3.97427411e-04
  2.54518888e-01  0.00000000e+00 -1.85602774e-05  0.00000000e+00]","[ 0.         -1.0083698  14.67938709  0.69169718 -0.43481782  0.01914923
 -1.13317657  0.02835594]"
1747093051.5076737,"[ 0.00000000e+00 -1.75094320e-01  7.94480808e-01  2.96086442e+00
 -2.18982762e+00 -8.14927294e-05  9.60044672e-01  1.57092576e+00]","[ 0.00000000e+00 -1.33968346e-01  3.28255910e-01 -3.78271084e-04
  2.52015433e-01 -5.29097849e-06 -1.85604623e-05  0.00000000e+00]","[ 0.00000000e+00 -9.51844275e-01  1.47061758e+01  7.41418302e-01
 -3.38695168e-01  9.44330078e-03 -1.11736274e+00  2.63543930e-02]"
1747093051.509941,"[ 0.00000000e+00 -1.75358505e-01  7.95125492e-01  2.96086442e+00
 -2.18930537e+00 -8.14927294e-05  9.60044672e-01  1.57092576e+00]","[ 0.00000000e+00 -1.33428149e-01  3.26817936e-01 -3.64308474e-04
  2.56786903e-01 -5.29097849e-06 -1.85464284e-05  0.00000000e+00]","[ 0.00000000e+00 -8.95327270e-01  1.46569099e+01  7.92526722e-01
 -2.59854943e-01 -1.34468898e-02 -1.10156977e+00  3.96323875e-02]"
1747093051.5110984,"[ 0.00000000e+00 -1.75626419e-01  7.95795943e-01  2.96086442e+00
 -2.18879671e+00 -8.14927294e-05  9.60044672e-01  1.57092576e+00]","[ 0.00000000e+00 -1.30399602e-01  3.26945002e-01 -3.40763230e-04
  2.58753381e-01 -5.29097849e-06 -1.85602774e-05  0.00000000e+00]","[ 0.00000000e+00 -8.81019354e-01  1.45493393e+01  8.35765779e-01
 -1.74865901e-01 -1.44338133e-02 -1.10960436e+00  2.16202680e-02]"
1747093051.513393,"[ 0.00000000e+00 -1.75753718e-01  7.96119184e-01  2.96086442e+00
 -2.18854131e+00 -8.14927294e-05  9.60044672e-01  1.57092576e+00]","[ 0.00000000e+00 -1.29106596e-01  3.27898347e-01 -3.28507000e-04
  2.58761037e-01 -5.29103081e-06 -1.85186086e-05  0.00000000e+00]","[ 0.00000000e+00 -8.49074960e-01  1.45309076e+01  8.36054027e-01
 -1.78338006e-01 -1.76240243e-02 -1.10129857e+00  1.28922956e-02]"
1747093051.5145454,"[ 0.00000000e+00 -1.76008849e-01  7.96765267e-01  2.96086442e+00
 -2.18800814e+00 -8.14927294e-05  9.60044672e-01  1.57092576e+00]","[ 0.00000000e+00 -1.29778412e-01  3.27898347e-01 -3.20862765e-04
  2.61300728e-01 -5.29097849e-06 -1.85324169e-05  0.00000000e+00]","[ 0.00000000e+00 -7.89052248e-01  1.43697252e+01  8.65259051e-01
 -1.34595141e-01 -1.26965595e-02 -1.08942413e+00  9.98731796e-03]"
1747093051.5168066,"[ 0.00000000e+00 -1.76268241e-01  7.97436184e-01  2.96086442e+00
 -2.18749389e+00 -8.14927294e-05  9.60044672e-01  1.57092576e+00]","[ 0.00000000e+00 -1.26405618e-01  3.27002060e-01 -3.01447274e-04
  2.59833775e-01 -5.29097849e-06 -1.85184257e-05  0.00000000e+00]","[ 0.00000000e+00 -7.57572949e-01  1.41675863e+01  8.90527129e-01
 -1.23883650e-01 -7.96999689e-03 -1.05653739e+00  2.39986442e-02]"
1747093051.5185397,"[ 0.00000000e+00 -1.76510056e-01  7.98084065e-01  2.96086442e+00
 -2.18695673e+00 -8.14927294e-05  9.60044672e-01  1.57092576e+00]","[ 0.00000000e+00 -1.21543868e-01  3.29454865e-01 -2.83107548e-04
  2.64153140e-01 -5.29097849e-06 -1.85325998e-05  0.00000000e+00]","[ 0.         -0.75039762 14.06572056  0.92289746 -0.0889346  -0.01976395
 -1.03831184  0.03073709]"
1747093051.5208526,"[ 0.00000000e+00 -1.76757730e-01  7.98763703e-01  2.96086442e+00
 -2.18643075e+00 -8.14927294e-05  9.60044672e-01  1.57092576e+00]","[ 0.00000000e+00 -1.21003670e-01  3.32490003e-01 -2.70046501e-04
  2.67396504e-01 -5.28703927e-06 -1.85184257e-05  0.00000000e+00]","[ 0.         -0.7182982  14.06697178  0.95531708 -0.08175304 -0.03732491
 -1.04462087  0.03629586]"
1747093051.5225575,"[ 0.00000000e+00 -1.76997947e-01  7.99423968e-01  2.96086442e+00
 -2.18587841e+00 -8.14927294e-05  9.60044672e-01  1.57092576e+00]","[ 0.00000000e+00 -1.22624254e-01  3.34920870e-01 -2.39780401e-04
  2.70829934e-01 -5.29097849e-06 -1.85324169e-05  0.00000000e+00]","[ 0.         -0.7181201  14.0154686   0.96755165 -0.09606913 -0.02936549
 -1.05864727  0.04736767]"
1747093051.523694,"[ 0.00000000e+00 -1.77128442e-01  7.99753267e-01  2.96086442e+00
 -2.18560970e+00 -8.14927294e-05  9.60044672e-01  1.57092576e+00]","[ 0.00000000e+00 -1.22876547e-01  3.33840492e-01 -2.33223000e-04
  2.72528348e-01 -5.29103081e-06 -1.85324169e-05  0.00000000e+00]","[ 0.         -0.74033505 13.93841839  0.96511877 -0.10375176 -0.02418565
 -1.05276525  0.04402033]"
1747093051.5253909,"[ 0.00000000e+00 -1.77370257e-01  8.00436035e-01  2.96086468e+00
 -2.18507041e+00 -8.14927294e-05  9.60044672e-01  1.57092576e+00]","[ 0.00000000e+00 -1.23164451e-01  3.33840492e-01 -2.02531076e-04
  2.73338648e-01 -5.29097849e-06 -1.85186086e-05  0.00000000e+00]","[ 0.         -0.71824539 13.928936    0.95868117 -0.12511393 -0.03490962
 -1.05471551  0.03566581]"
1747093051.5270932,"[ 0.00000000e+00 -1.77624855e-01  8.01097298e-01  2.96086468e+00
 -2.18450555e+00 -8.14927294e-05  9.60044672e-01  1.57092576e+00]","[ 0.00000000e+00 -1.24381158e-01  3.35461059e-01 -1.84442208e-04
  2.76579815e-01 -5.29097849e-06 -1.85324169e-05  0.00000000e+00]","[ 0.         -0.74061817 13.96214199  0.96300334 -0.11078031 -0.04914125
 -1.04128361  0.0278114 ]"
1747093051.5294023,"[ 0.00000000e+00 -1.77748959e-01  8.01455027e-01  2.96086468e+00
 -2.18423098e+00 -8.14927294e-05  9.60044672e-01  1.57092576e+00]","[ 0.00000000e+00 -1.25737897e-01  3.36782053e-01 -1.84442208e-04
  2.78470493e-01 -5.29097849e-06 -1.85184257e-05  0.00000000e+00]","[ 0.         -0.73503351 14.031991    0.96300334 -0.0972475  -0.04338873
 -1.04331362  0.03949626]"
1747093051.5305579,"[ 0.00000000e+00 -1.78028590e-01  8.02167689e-01  2.96086468e+00
 -2.18367705e+00 -8.14927294e-05  9.60044672e-01  1.57092576e+00]","[ 0.00000000e+00 -1.26796295e-01  3.35352368e-01 -1.59573625e-04
  2.80616751e-01 -5.29097849e-06 -1.85184257e-05  0.00000000e+00]","[ 0.         -0.72523874 14.05094242  0.95794225 -0.10167469 -0.02242231
 -1.03379643  0.03635911]"
1747093051.5328486,"[ 0.00000000e+00 -1.78279460e-01  8.02854119e-01  2.96086468e+00
 -2.18309674e+00 -8.14927294e-05  9.60044672e-01  1.57092576e+00]","[ 0.00000000e+00 -1.26839480e-01  3.35035752e-01 -1.41158022e-04
  2.83602355e-01 -5.29103081e-06 -1.85324169e-05  0.00000000e+00]","[ 0.00000000e+00 -7.16532767e-01  1.41279793e+01  9.44402933e-01
 -1.70681372e-01 -1.40412049e-02 -1.04015768e+00  2.58471761e-02]"
1747093051.5345218,"[ 0.00000000e+00 -1.78527667e-01  8.03521374e-01  2.96086468e+00
 -2.18251404e+00 -8.14927294e-05  9.60044672e-01  1.57092576e+00]","[ 0.00000000e+00 -1.25993211e-01  3.39512526e-01 -1.16611500e-04
  2.85374522e-01 -5.29097849e-06 -1.85184257e-05  0.00000000e+00]","[ 0.00000000e+00 -6.97271883e-01  1.42192001e+01  9.65534866e-01
 -2.41586357e-01 -1.41938524e-02 -1.04603565e+00  2.97472347e-02]"
1747093051.5368495,"[ 0.00000000e+00 -1.78784396e-01  8.04216592e-01  2.96086468e+00
 -2.18195105e+00 -8.14927294e-05  9.60044672e-01  1.57092576e+00]","[ 0.00000000e+00 -1.24785034e-01  3.39038949e-01 -9.81991563e-05
  2.85493033e-01 -5.29097849e-06 -1.85184257e-05  0.00000000e+00]","[ 0.         -0.67685354 14.30945778  0.97075772 -0.38361049 -0.02430235
 -1.05363691  0.02734948]"
1747093051.538585,"[ 0.00000000e+00 -1.79036863e-01  8.04886510e-01  2.96086468e+00
 -2.18138540e+00 -8.25579938e-05  9.60044672e-01  1.57092576e+00]","[ 0.00000000e+00 -1.23378078e-01  3.39168545e-01 -7.36476686e-05
  2.87113633e-01 -1.58730919e-05 -1.85184257e-05  0.00000000e+00]","[ 0.         -0.67376322 14.39686298  0.97758609 -0.473102   -0.02750062
 -1.10230625  0.04155665]"
1747093051.54081,"[ 0.00000000e+00 -1.79280809e-01  8.05580797e-01  2.96086468e+00
 -2.18075156e+00 -8.25579938e-05  9.60044672e-01  1.57092576e+00]","[ 0.00000000e+00 -1.25325232e-01  3.39038949e-01 -5.53339376e-05
  2.87923900e-01 -1.58729355e-05 -1.85184257e-05  0.00000000e+00]","[ 0.         -0.6735419  14.48429966  0.97471839 -0.57571447 -0.03771484
 -1.10445154  0.0398991 ]"
1747093051.5437546,"[ 0.00000000e+00 -1.79532211e-01  8.06254443e-01  2.96086468e+00
 -2.18017952e+00 -8.25579938e-05  9.60044672e-01  1.57092576e+00]","[ 0.00000000e+00 -1.27896489e-01  3.42213504e-01 -3.68246836e-05
  2.90888331e-01 -1.58729355e-05 -1.85184257e-05  0.00000000e+00]","[ 0.         -0.67910582 14.48709869  0.93121815 -0.59112197 -0.03386486
 -1.08657575  0.03699907]"
1747093051.5466821,"[ 0.00000000e+00 -1.80064311e-01  8.07635226e-01  2.96086468e+00
 -2.17900852e+00 -8.25579938e-05  9.60044672e-01  1.57092576e+00]","[ 0.00000000e+00 -1.30276930e-01  3.44994277e-01 -1.20018978e-05
  2.93055778e-01 -1.58730919e-05 -1.85184257e-05  0.00000000e+00]","[ 0.00000000e+00 -7.03432143e-01  1.45565042e+01  9.26167190e-01
 -4.37148690e-01 -3.74223781e-03 -1.10198796e+00  1.98625010e-02]"
1747093051.5497143,"[ 0.00000000e+00 -1.80327964e-01  8.08318992e-01  2.96086468e+00
 -2.17811636e+00 -8.25579938e-05  9.60044672e-01  1.57092576e+00]","[ 0.00000000e+00 -1.35048741e-01  3.47075271e-01  0.00000000e+00
  2.94676344e-01 -1.58729355e-05 -1.85184257e-05  0.00000000e+00]","[ 0.00000000e+00 -7.07447648e-01  1.45778275e+01  9.44374979e-01
 -3.44166368e-01  2.19186675e-03 -1.06718910e+00  5.54113723e-02]"
1747093051.5526557,"[ 0.00000000e+00 -1.80739156e-01  8.09377865e-01  2.96086522e+00
 -2.17721808e+00 -8.25579938e-05  9.60044672e-01  1.57092576e+00]","[ 0.00000000e+00 -1.34911904e-01  3.49961471e-01  1.07850852e-05
  2.95756722e-01 -1.58729355e-05 -1.85184257e-05  0.00000000e+00]","[ 0.         -0.65775734 14.5831995   0.96124196 -0.37861758 -0.03511194
 -1.06695116  0.04616129]"
1747093051.5556657,"[ 0.00000000e+00 -1.81135434e-01  8.10437670e-01  2.96086522e+00
 -2.17634563e+00 -8.25579938e-05  9.60044672e-01  1.57092576e+00]","[ 0.00000000e+00 -1.28436137e-01  3.48965949e-01  1.03554434e-05
  2.95756722e-01 -1.58729355e-05 -1.85324169e-05  0.00000000e+00]","[ 0.         -0.69410783 14.33432579  0.96547449 -0.33856797 -0.03915066
 -1.06717145  0.04465522]"
1747093051.5586267,"[ 0.00000000e+00 -1.81510940e-01  8.11497475e-01  2.96086522e+00
 -2.17544015e+00 -8.25579938e-05  9.60044672e-01  1.57092576e+00]","[ 0.00000000e+00 -1.24785034e-01  3.50072758e-01  1.52412881e-05
  2.99808189e-01 -1.58730919e-05 -1.85186086e-05  0.00000000e+00]","[ 0.         -0.68000358 14.30476189  0.99327457 -0.29949585 -0.01712655
 -1.05549777  0.04538328]"
1747093051.561657,"[ 0.00000000e+00 -1.81882717e-01  8.12564204e-01  2.96086522e+00
 -2.17482523e+00 -8.25579938e-05  9.60044672e-01  1.57092576e+00]","[ 0.00000000e+00 -1.20881065e-01  3.51577378e-01  1.49598978e-05
  3.00348378e-01 -1.58729355e-05 -1.85184257e-05  0.00000000e+00]","[ 0.00000000e+00 -7.61118352e-01  1.41758146e+01  9.89290118e-01
 -3.20386827e-01 -7.28578912e-03 -1.05082440e+00  6.46398738e-02]"
1747093051.564544,"[ 0.00000000e+00 -1.82247570e-01  8.13597844e-01  2.96086522e+00
 -2.17394133e+00 -8.25579938e-05  9.60044672e-01  1.57092576e+00]","[ 0.00000000e+00 -1.19923276e-01  3.49421848e-01  1.44269181e-05
  2.98187623e-01 -1.58730919e-05 -1.05819570e-05  0.00000000e+00]","[ 0.         -0.77565283 14.18577385  0.97646677 -0.39289981 -0.01815199
 -1.05562425  0.06564268]"
1747093051.5681205,"[ 0.00000000e+00 -1.82609760e-01  8.14658048e-01  2.96086575e+00
 -2.17303399e+00 -8.25579938e-05  9.60044672e-01  1.57092576e+00]","[ 0.00000000e+00 -1.19801769e-01  3.49236026e-01  2.35928497e-05
  2.99538112e-01 -1.58729355e-05 -1.05739739e-05  0.00000000e+00]","[ 0.         -0.83615744 14.13978958  1.00789988 -0.41685629 -0.02591058
 -1.04507184  0.06603916]"
1747093051.5709198,"[ 0.00000000e+00 -1.82970352e-01  8.15708732e-01  2.96086522e+00
 -2.17213251e+00 -8.25579938e-05  9.60044672e-01  1.57092576e+00]","[ 0.00000000e+00 -1.23164451e-01  3.44555854e-01  1.39493384e-05
  2.96536363e-01 -1.58729355e-05 -1.05820616e-05  0.00000000e+00]","[ 0.         -0.85102576 14.13507843  1.00804055 -0.5188688  -0.02439096
 -1.07899451  0.08032712]"
1747093051.573882,"[ 0.00000000e+00 -1.83349586e-01  8.16729455e-01  2.96086575e+00
 -2.17124088e+00 -8.25579938e-05  9.60044672e-01  1.57092576e+00]","[ 0.00000000e+00 -1.24118953e-01  3.44644370e-01  2.28256588e-05
  2.94406233e-01 -1.58729355e-05 -1.05819570e-05  0.00000000e+00]","[ 0.         -0.89160883 14.05229473  1.00746346 -0.64113855 -0.04310291
 -1.07343566  0.08951065]"
1747093051.576874,"[ 0.00000000e+00 -1.83727223e-01  8.17773214e-01  2.96086575e+00
 -2.17036976e+00 -8.25579938e-05  9.60044672e-01  1.57092576e+00]","[ 0.00000000e+00 -1.25325232e-01  3.41866760e-01  2.21067931e-05
  2.94107959e-01 -1.58730919e-05 -1.05820616e-05  0.00000000e+00]","[ 0.         -0.89313626 14.14277458  1.02013648 -0.69396311 -0.02759649
 -1.10828304  0.07386053]"
1747093051.5798566,"[ 0.00000000e+00 -1.84116044e-01  8.18801327e-01  2.96086575e+00
 -2.16948320e+00 -8.25579938e-05  9.60044672e-01  1.57092576e+00]","[ 0.00000000e+00 -1.28393451e-01  3.37534363e-01  2.17241303e-05
  2.90084689e-01 -1.58729355e-05 -1.05739739e-05  0.00000000e+00]","[ 0.         -0.90110171 14.20558643  1.02912402 -0.60490644 -0.02230542
 -1.10425436  0.09454042]"
1747093051.5829246,"[ 0.00000000e+00 -1.84491017e-01  8.19823981e-01  2.96086575e+00
 -2.16860409e+00 -8.25579938e-05  9.60044672e-01  1.57092576e+00]","[ 0.00000000e+00 -1.25865421e-01  3.35528204e-01  2.10214156e-05
  2.88981308e-01 -1.58611183e-05 -1.05820616e-05  0.00000000e+00]","[ 0.         -0.88457435 14.36601067  1.03077054 -0.5061487  -0.03713772
 -1.09232163  0.08669361]"
1747093051.5852237,"[ 0.00000000e+00 -1.84753605e-01  8.20482914e-01  2.96086575e+00
 -2.16801127e+00 -8.25579938e-05  9.60044672e-01  1.57092576e+00]","[ 0.00000000e+00 -1.28393451e-01  3.33840492e-01  2.07236995e-05
  2.89888347e-01 -1.58729355e-05 -1.05739739e-05  0.00000000e+00]","[ 0.         -0.86497617 14.4657011   1.05020416 -0.38996556 -0.04488117
 -1.11425793  0.08951983]"
1747093051.586967,"[ 0.00000000e+00 -1.85009801e-01  8.21164816e-01  2.96086575e+00
 -2.16743975e+00 -8.25579938e-05  9.60043740e-01  1.57092576e+00]","[ 0.00000000e+00 -1.29646785e-01  3.33020505e-01  2.03864319e-05
  2.89544500e-01 -1.58609609e-05 -1.85186086e-05  0.00000000e+00]","[ 0.         -0.82057667 14.6517067   1.04479706 -0.33192858 -0.0449053
 -1.12240267  0.10725552]"
1747093051.588712,"[ 0.00000000e+00 -1.85264399e-01  8.21825147e-01  2.96086575e+00
 -2.16684507e+00 -8.25579938e-05  9.60043740e-01  1.57092576e+00]","[ 0.00000000e+00 -1.28566399e-01  3.35461059e-01  2.00832625e-05
  2.90891427e-01 -1.58727770e-05 -1.85046377e-05  0.00000000e+00]","[ 0.         -0.78660631 14.76558208  1.07074523 -0.37052676 -0.0459173
 -1.11676598  0.088289  ]"
1747093051.590481,"[ 0.00000000e+00 -1.85401286e-01  8.22154380e-01  2.96086628e+00
 -2.16655904e+00 -8.25579938e-05  9.60043740e-01  1.57092576e+00]","[ 0.00000000e+00 -1.28894991e-01  3.33502237e-01  2.81165662e-05
  2.90084689e-01 -1.58730919e-05 -1.85046377e-05  0.00000000e+00]","[ 0.         -0.77254808 14.8435688   1.07236421 -0.39105266 -0.04411616
 -1.11560047  0.08829201]"
1747093051.591668,"[ 0.00000000e+00 -1.85654286e-01  8.22839013e-01  2.96086628e+00
 -2.16598913e+00 -8.25579938e-05  9.60043740e-01  1.57092576e+00]","[ 0.00000000e+00 -1.27896489e-01  3.33772814e-01  2.77045699e-05
  2.88981308e-01 -1.58729355e-05 -1.85044548e-05  0.00000000e+00]","[ 0.         -0.7513693  14.95052528  1.10775864 -0.45001641 -0.04587088
 -1.13588858  0.10055438]"
1747093051.5934522,"[ 0.00000000e+00 -1.85915276e-01  8.23494749e-01  2.96086628e+00
 -2.16539444e+00 -8.25579938e-05  9.60043740e-01  1.57092576e+00]","[ 0.00000000e+00 -1.26387300e-01  3.32490003e-01  2.34038325e-05
  2.90084689e-01 -1.58729355e-05 -1.85184257e-05  0.00000000e+00]","[ 0.         -0.73017496 14.96776676  1.12743831 -0.47255296 -0.04734568
 -1.15196371  0.10850583]"
1747093051.5953074,"[ 0.00000000e+00 -1.86163482e-01  8.24176652e-01  2.96086655e+00
 -2.16482320e+00 -8.25579938e-05  9.60043740e-01  1.57092576e+00]","[ 0.00000000e+00 -1.25325232e-01  3.33020505e-01  2.72741103e-05
  2.89520964e-01 -1.58969375e-05 -1.85046377e-05  0.00000000e+00]","[ 0.         -0.74121606 15.03631783  1.15246761 -0.52431053 -0.05143499
 -1.14608455  0.1095111 ]"
1747093051.5970287,"[ 0.00000000e+00 -1.86293977e-01  8.24504487e-01  2.96086655e+00
 -2.16453664e+00 -8.25579938e-05  9.60043740e-01  1.57092576e+00]","[ 0.00000000e+00 -1.22876547e-01  3.32153113e-01  2.68862623e-05
  2.90919956e-01 -1.58969375e-05 -1.85046377e-05  0.00000000e+00]","[ 0.         -0.73557228 14.94231892  1.19823945 -0.54274827 -0.05632151
 -1.14625132  0.1095111 ]"
1747093051.5988183,"[ 0.00000000e+00 -1.86536325e-01  8.25165750e-01  2.96086708e+00
 -2.16394808e+00 -8.36232582e-05  9.60043740e-01  1.57092576e+00]","[ 0.00000000e+00 -1.21960361e-01  3.35461059e-01  3.40465778e-05
  2.86303333e-01 -2.64349338e-05 -1.05819570e-05  0.00000000e+00]","[ 0.         -0.72933781 14.97677994  1.21919262 -0.5269351  -0.07944582
 -1.16508281  0.1155259 ]"
1747093051.6010418,"[ 0.00000000e+00 -1.86771748e-01  8.25854976e-01  2.96086708e+00
 -2.16336245e+00 -8.36232582e-05  9.60043740e-01  1.57092576e+00]","[ 0.00000000e+00 -1.18842890e-01  3.36811548e-01  3.36120972e-05
  2.86377568e-01 -2.64948971e-05 -1.05740785e-05  0.00000000e+00]","[ 0.         -0.72382236 15.04996204  1.24027085 -0.44951802 -0.05341926
 -1.17562926  0.10081852]"
1747093051.6027133,"[ 0.00000000e+00 -1.87011965e-01  8.26518036e-01  2.96086761e+00
 -2.16279547e+00 -8.36232582e-05  9.60043740e-01  1.57092576e+00]","[ 0.00000000e+00 -1.16141912e-01  3.35731170e-01  4.04780452e-05
  2.87362372e-01 -2.65146811e-05 -1.05819570e-05  0.00000000e+00]","[ 0.         -0.75000423 15.10028362  1.25151944 -0.35887003 -0.06255582
 -1.13703597  0.09860119]"
1747093051.6044607,"[ 0.00000000e+00 -1.87243128e-01  8.27210059e-01  2.96086761e+00
 -2.16222342e+00 -8.36232582e-05  9.60043740e-01  1.57092576e+00]","[ 0.00000000e+00 -1.18302692e-01  3.38162037e-01  3.99345305e-05
  2.90894989e-01 -2.64948971e-05 -1.05739739e-05  0.00000000e+00]","[ 0.         -0.76713324 15.05364609  1.27555537 -0.32162681 -0.08161005
 -1.12694836  0.09721864]"
1747093051.6079047,"[ 0.00000000e+00 -1.87486541e-01  8.27877713e-01  2.96086788e+00
 -2.16162767e+00 -8.36232582e-05  9.60043740e-01  1.57092576e+00]","[ 0.00000000e+00 -1.18842890e-01  3.38702226e-01  4.30305568e-05
  2.91165066e-01 -2.64948971e-05 -1.05820616e-05  0.00000000e+00]","[ 0.         -0.75556374 14.96767139  1.31605756 -0.28152362 -0.08789995
 -1.14632344  0.08885033]"
1747093051.6084714,"[ 0.00000000e+00 -1.87720899e-01  8.28569203e-01  2.96086788e+00
 -2.16103405e+00 -8.36232582e-05  9.60043740e-01  1.57092576e+00]","[ 0.00000000e+00 -1.17762503e-01  3.36200485e-01  4.24239091e-05
  2.89866176e-01 -2.11959173e-05 -1.05739739e-05  0.00000000e+00]","[ 0.         -0.72271121 14.9152689   1.3506434  -0.23726134 -0.09218366
 -1.15209103  0.08749805]"
1747093051.6107864,"[ 0.00000000e+00 -1.87962714e-01  8.29256165e-01  2.96086841e+00
 -2.16046334e+00 -8.36232582e-05  9.60043740e-01  1.57092576e+00]","[ 0.00000000e+00 -1.18182833e-01  3.36029743e-01  4.88064906e-05
  2.89544500e-01 -2.11959173e-05 -1.05819570e-05  0.00000000e+00]","[ 0.         -0.693286   14.80649948  1.3808924  -0.28414032 -0.10935861
 -1.13478673  0.08442045]"
1747093051.6125348,"[ 0.00000000e+00 -1.88198670e-01  8.29918760e-01  2.96086841e+00
 -2.15989022e+00 -8.36232582e-05  9.60043740e-01  1.57092576e+00]","[ 0.00000000e+00 -1.19923276e-01  3.35731170e-01  4.81839458e-05
  2.90894989e-01 -2.11959173e-05 -1.05740785e-05  0.00000000e+00]","[ 0.         -0.65187454 14.73774242  1.37884676 -0.34688324 -0.13260438
 -1.11882007  0.1009751 ]"
1747093051.6142907,"[ 0.00000000e+00 -1.88452203e-01  8.30581887e-01  2.96086894e+00
 -2.15929740e+00 -8.46885227e-05  9.60042742e-01  1.57092576e+00]","[ 0.00000000e+00 -1.24785034e-01  3.35390984e-01  5.44272860e-05
  2.89004311e-01 -3.17941919e-05 -1.85464284e-05  0.00000000e+00]","[ 0.         -0.59274191 14.66083908  1.41950607 -0.35176161 -0.11561467
 -1.14315796  0.10461827]"
1747093051.6160026,"[ 0.00000000e+00 -1.88573643e-01  8.30936354e-01  2.96086894e+00
 -2.15901351e+00 -8.46885227e-05  9.60042742e-01  1.57092576e+00]","[ 0.00000000e+00 -1.23164451e-01  3.33772814e-01  5.36988544e-05
  2.87923900e-01 -3.17938749e-05 -1.85464284e-05  0.00000000e+00]","[ 0.         -0.59003192 14.72984219  1.41706717 -0.3136259  -0.10888354
 -1.14934564  0.09921063]"
1747093051.617799,"[ 0.00000000e+00 -1.88822915e-01  8.31589294e-01  2.96086974e+00
 -2.15842575e+00 -8.46885227e-05  9.60042742e-01  1.57092576e+00]","[ 0.00000000e+00 -1.20870396e-01  3.30264333e-01  6.29855356e-05
  2.86573411e-01 -3.18179359e-05 -1.85464284e-05  0.00000000e+00]","[ 0.         -0.57911539 14.83223248  1.44685662 -0.2563622  -0.10677002
 -1.13637257  0.0911146 ]"
1747093051.6195836,"[ 0.00000000e+00 -1.89057806e-01  8.32266603e-01  2.96087028e+00
 -2.15785504e+00 -8.46885227e-05  9.60042742e-01  1.57092576e+00]","[ 0.00000000e+00 -1.19383087e-01  3.30763609e-01  6.87064759e-05
  2.90330432e-01 -3.17935580e-05 -1.85464284e-05  0.00000000e+00]","[ 0.         -0.54236186 14.89834404  1.49124444 -0.20251977 -0.1177158
 -1.11061239  0.1084714 ]"
1747093051.6213176,"[ 0.00000000e+00 -1.89287903e-01  8.32918678e-01  2.96087028e+00
 -2.15726088e+00 -8.46885227e-05  9.60042742e-01  1.57092576e+00]","[ 0.00000000e+00 -1.15061525e-01  3.29724710e-01  6.78841818e-05
  2.90084689e-01 -3.18179359e-05 -1.85464284e-05  0.00000000e+00]","[ 0.         -0.5076822  14.86166382  1.49951458 -0.15808028 -0.12028017
 -1.09147     0.10679291]"
1747093051.623153,"[ 0.00000000e+00 -1.89521196e-01  8.33564295e-01  2.96087028e+00
 -2.15669017e+00 -8.46885227e-05  9.60042742e-01  1.57092576e+00]","[ 0.00000000e+00 -1.12360547e-01  3.26547858e-01  6.70202433e-05
  2.89004311e-01 -3.17938749e-05 -1.85464284e-05  0.00000000e+00]","[ 0.         -0.43009734 14.84025192  1.48647153 -0.11461709 -0.11565834
 -1.11603057  0.10689823]"
1747093051.6249416,"[ 0.00000000e+00 -1.89627722e-01  8.33909174e-01  2.96087081e+00
 -2.15640628e+00 -8.46885227e-05  9.60042742e-01  1.57092576e+00]","[ 0.00000000e+00 -1.08038994e-01  3.24745164e-01  7.34700378e-05
  2.87923900e-01 -3.18179359e-05 -1.85464284e-05  0.00000000e+00]","[ 0.         -0.39916679 14.82200336  1.48972893 -0.10939386 -0.10245702
 -1.12002516  0.11490938]"
1747093051.6266599,"[ 0.00000000e+00 -1.89845036e-01  8.34549731e-01  2.96087134e+00
 -2.15582171e+00 -8.46885227e-05  9.60042742e-01  1.57092576e+00]","[ 0.00000000e+00 -1.05878214e-01  3.24328213e-01  7.89243816e-05
  2.84664124e-01 -3.17941919e-05 -1.85464284e-05  0.00000000e+00]","[ 0.         -0.3873544  14.77475166  1.48676836 -0.15544464 -0.07634418
 -1.11144602  0.12414172]"
1747093051.6278646,"[ 0.00000000e+00 -1.89947302e-01  8.34894144e-01  2.96087134e+00
 -2.15553888e+00 -8.46885227e-05  9.60042742e-01  1.57092576e+00]","[ 0.00000000e+00 -1.03717433e-01  3.24549222e-01  7.80125448e-05
  2.86843522e-01 -3.17938749e-05 -1.85466133e-05  0.00000000e+00]","[ 0.         -0.37449318 14.82564831  1.48250926 -0.16158934 -0.09314837
 -1.10700178  0.11836519]"
1747093051.6296763,"[ 0.00000000e+00 -1.90146506e-01  8.35533769e-01  2.96087134e+00
 -2.15495352e+00 -8.46885227e-05  9.60042742e-01  1.57092576e+00]","[ 0.00000000e+00 -1.00578273e-01  3.23306691e-01  7.80134550e-05
  2.85625292e-01 -3.18179359e-05 -1.85464284e-05  0.00000000e+00]","[ 0.         -0.3655875  14.86264992  1.46575558 -0.13226904 -0.12361873
 -1.09832668  0.12342538]"
1747093051.631358,"[ 0.00000000e+00 -1.90347308e-01  8.36166536e-01  2.96087161e+00
 -2.15438946e+00 -8.57537871e-05  9.60042742e-01  1.57092576e+00]","[ 0.00000000e+00 -9.72350907e-02  3.19795413e-01  8.01358566e-05
  2.85493033e-01 -4.23918346e-05 -1.85464284e-05  0.00000000e+00]","[ 0.         -0.4011066  14.90021706  1.45188987 -0.04160232 -0.10993523
 -1.11644006  0.12196573]"
1747093051.6343184,"[ 0.00000000e+00 -1.90535860e-01  8.36818145e-01  2.96087161e+00
 -2.15380783e+00 -8.57537871e-05  9.60042742e-01  1.57092576e+00]","[ 0.00000000e+00 -9.61547045e-02  3.17416378e-01  7.92317244e-05
  2.83869903e-01 -4.24239132e-05 -1.85464284e-05  0.00000000e+00]","[ 0.         -0.40816015 14.9874754   1.43192112  0.05583753 -0.1247881
 -1.09848034  0.10760209]"
1747093051.6365552,"[ 0.00000000e+00 -1.90827210e-01  8.37782409e-01  2.96087214e+00
 -2.15296600e+00 -8.57537871e-05  9.60042742e-01  1.57092576e+00]","[ 0.00000000e+00 -9.50743100e-02  3.16971330e-01  8.33717257e-05
  2.84952844e-01 -4.23918346e-05 -1.85604623e-05  0.00000000e+00]","[ 0.         -0.47583309 15.11767292  1.38622761  0.24153319 -0.08591835
 -1.07346523  0.1144967 ]"
1747093051.6382585,"[ 0.00000000e+00 -1.90923616e-01  8.38095131e-01  2.96087214e+00
 -2.15266240e+00 -8.57537871e-05  9.60042742e-01  1.57092576e+00]","[ 0.00000000e+00 -9.77752879e-02  3.17094435e-01  8.33717257e-05
  2.85876029e-01 -3.18179359e-05 -1.85464284e-05  0.00000000e+00]","[ 0.         -0.54211217 15.03109455  1.39800549  0.2169973  -0.07288801
 -1.06664002  0.10783994]"
1747093051.6399941,"[ 0.00000000e+00 -1.91119625e-01  8.38744875e-01  2.96087267e+00
 -2.15209728e+00 -8.57537871e-05  9.60042742e-01  1.57092576e+00]","[ 0.00000000e+00 -9.42889438e-02  3.16971330e-01  8.73998625e-05
  2.86552904e-01 -3.17935580e-05 -1.85464284e-05  0.00000000e+00]","[ 0.         -0.60528123 14.9777298   1.36716425  0.18559468 -0.06854477
 -1.06820667  0.11517005]"
1747093051.6411154,"[ 0.00000000e+00 -1.91301785e-01  8.39369853e-01  2.96087267e+00
 -2.15151165e+00 -8.57537871e-05  9.60042742e-01  1.57092576e+00]","[ 0.00000000e+00 -9.18331430e-02  3.16554246e-01  8.64672035e-05
  2.85374522e-01 -3.17698567e-05 -1.85604623e-05  0.00000000e+00]","[ 0.         -0.65919328 14.95990753  1.34278071  0.06666616 -0.07516982
 -1.07920909  0.12382966]"
1747093051.6427503,"[ 0.00000000e+00 -1.91391268e-01  8.39682108e-01  2.96087267e+00
 -2.15123069e+00 -8.57537871e-05  9.60042742e-01  1.57092576e+00]","[ 0.00000000e+00 -9.06608029e-02  3.16554246e-01  8.64681463e-05
  2.84952844e-01 -3.17938749e-05 -1.85464284e-05  0.00000000e+00]","[ 0.         -0.68955088 14.99568558  1.33364034  0.07581606 -0.06967398
 -1.08015764  0.10935267]"
1747093051.6444519,"[ 0.00000000e+00 -1.91572362e-01  8.40329989e-01  2.96087294e+00
 -2.15067249e+00 -8.57537871e-05  9.60042742e-01  1.57092576e+00]","[ 0.00000000e+00 -8.75115816e-02  3.16469791e-01  8.84060576e-05
  2.81711677e-01 -3.17941919e-05 -1.85602774e-05  0.00000000e+00]","[ 0.         -0.74297631 14.9967432   1.33067107 -0.02182038 -0.09154468
 -1.08594644  0.09876105]"
1747093051.6462684,"[ 0.00000000e+00 -1.91753990e-01  8.40952236e-01  2.96087294e+00
 -2.15009458e+00 -8.57537871e-05  9.60042742e-01  1.57092576e+00]","[ 0.00000000e+00 -8.92735706e-02  3.14614566e-01  8.17724962e-05
  2.81696064e-01 -3.17935580e-05 -1.85464284e-05  0.00000000e+00]","[ 0.         -0.74544066 14.99162579  1.32535195 -0.10900737 -0.098061
 -1.10236728  0.10758563]"
1747093051.648002,"[ 0.00000000e+00 -1.91840276e-01  8.41286463e-01  2.96087294e+00
 -2.14981682e+00 -8.57537871e-05  9.60042742e-01  1.57092576e+00]","[ 0.00000000e+00 -8.75115816e-02  3.14714401e-01  8.18383519e-05
  2.81711677e-01 -3.17938749e-05 -1.85464284e-05  0.00000000e+00]","[ 0.         -0.8038857  14.87689114  1.3006593  -0.1895335  -0.09260932
 -1.11434519  0.11082365]"
1747093051.6491292,"[ 0.00000000e+00 -1.92008588e-01  8.41903185e-01  2.96087347e+00
 -2.14924157e+00 -8.57537871e-05  9.60042742e-01  1.57092576e+00]","[ 0.00000000e+00 -8.48106036e-02  3.12502779e-01  8.56233111e-05
  2.81171488e-01 -3.17938749e-05 -1.85464284e-05  0.00000000e+00]","[ 0.         -0.89526153 14.94500732  1.27706552 -0.2595813  -0.07503915
 -1.1079675   0.12285193]"
1747093051.6507945,"[ 0.00000000e+00 -1.92097538e-01  8.42210380e-01  2.96087347e+00
 -2.14896407e+00 -8.57537871e-05  9.60042742e-01  1.57092576e+00]","[ 0.00000000e+00 -8.37566660e-02  3.11692479e-01  8.56233111e-05
  2.81441566e-01 -3.17938749e-05 -1.85464284e-05  0.00000000e+00]","[ 0.         -0.91149193 15.01286793  1.24165499 -0.2545166  -0.05977479
 -1.10433125  0.13068646]"
1747093051.6525111,"[ 0.00000000e+00 -1.92256262e-01  8.42849139e-01  2.96087347e+00
 -2.14841173e+00 -8.57537871e-05  9.60042742e-01  1.57092576e+00]","[ 0.00000000e+00 -7.99488533e-02  3.13003021e-01  8.47574505e-05
  2.78728004e-01 -3.17938749e-05 -1.85604623e-05  0.00000000e+00]","[ 0.         -0.98917091 14.99620342  1.22805798 -0.30773893 -0.06158981
 -1.10233331  0.12508215]"
1747093051.6541736,"[ 0.00000000e+00 -1.92332429e-01  8.43158599e-01  2.96087400e+00
 -2.14811665e+00 -8.57537871e-05  9.60042742e-01  1.57092576e+00]","[ 0.00000000e+00 -7.72478753e-02  3.13535287e-01  8.92525589e-05
  2.77851458e-01 -3.17938749e-05 -1.85464284e-05  0.00000000e+00]","[ 0.         -1.05015278 14.8882885   1.24545991 -0.37494054 -0.06746085
 -1.11116052  0.11524341]"
1747093051.6559136,"[ 0.00000000e+00 -1.92494881e-01  8.43777118e-01  2.96087400e+00
 -2.14756778e+00 -8.57537871e-05  9.60042742e-01  1.57092576e+00]","[ 0.00000000e+00 -7.96693545e-02  3.13313079e-01  8.83676885e-05
  2.78470493e-01 -3.17938749e-05 -1.85464284e-05  0.00000000e+00]","[ 0.         -1.1405412  14.75829411  1.17936873 -0.38127467 -0.0531723
 -1.12899125  0.12272879]"
1747093051.6570983,"[ 0.00000000e+00 -1.92654671e-01  8.44415411e-01  2.96087454e+00
 -2.14700212e+00 -8.57537871e-05  9.60042742e-01  1.57092576e+00]","[ 0.00000000e+00 -8.15694367e-02  3.10071912e-01  9.28023133e-05
  2.75769515e-01 -3.17941919e-05 -1.85464284e-05  0.00000000e+00]","[ 0.         -1.23386252 14.68585491  1.15463328 -0.38691983 -0.04293699
 -1.11348045  0.12509961]"
1747093051.6589015,"[ 0.00000000e+00 -1.92736697e-01  8.44718945e-01  2.96087454e+00
 -2.14672968e+00 -8.57537871e-05  9.60042742e-01  1.57092576e+00]","[ 0.00000000e+00 -8.31900202e-02  3.07599134e-01  9.28023133e-05
  2.76309721e-01 -3.17938749e-05 -1.85462435e-05  0.00000000e+00]","[ 0.         -1.23726928 14.7076273   1.12868476 -0.34514123 -0.03636941
 -1.09296036  0.11992145]"
1747093051.6617563,"[ 0.00000000e+00 -1.92914596e-01  8.45349382e-01  2.96087454e+00
 -2.14618932e+00 -8.57537871e-05  9.60042742e-01  1.57092576e+00]","[ 0.00000000e+00 -8.74229150e-02  3.07442141e-01  9.28032317e-05
  2.72798443e-01 -3.17938749e-05 -1.85604623e-05  0.00000000e+00]","[ 0.         -1.27456927 14.71317005  1.11701858 -0.31908613 -0.02517042
 -1.09061968  0.12474688]"
1747093051.6640446,"[ 0.00000000e+00 -1.93182510e-01  8.46252659e-01  2.96087480e+00
 -2.14536880e+00 -8.57537871e-05  9.60041810e-01  1.57092576e+00]","[ 0.00000000e+00 -8.92735706e-02  3.03821606e-01  9.54538036e-05
  2.69557276e-01 -3.17938749e-05 -2.91664395e-05  0.00000000e+00]","[ 0.         -1.2892071  14.53081608  1.08194721 -0.27107745 -0.05222175
 -1.14480698  0.12736002]"
1747093051.6658268,"[ 0.00000000e+00 -1.93363072e-01  8.46867916e-01  2.96087480e+00
 -2.14481540e+00 -8.57537871e-05  9.60041810e-01  1.57092576e+00]","[ 0.00000000e+00 -9.17400989e-02  2.98665227e-01  9.02190763e-05
  2.69826854e-01 -3.17461838e-05 -2.91443860e-05  0.00000000e+00]","[ 0.         -1.27923155 14.42137718  1.07003593 -0.22512893 -0.04984222
 -1.10660338  0.12766533]"
1747093051.6675975,"[ 0.00000000e+00 -1.93555352e-01  8.47450682e-01  2.96087480e+00
 -2.14427851e+00 -8.57537871e-05  9.60041810e-01  1.57092576e+00]","[ 0.00000000e+00 -9.47013093e-02  2.95216533e-01  9.01508150e-05
  2.72528348e-01 -3.17458709e-05 -2.91664395e-05  0.00000000e+00]","[ 0.         -1.26542246 14.36191654  1.07301033 -0.16103357 -0.04715683
 -1.07120466  0.1342836 ]"
1747093051.6693578,"[ 0.00000000e+00 -1.93650693e-01  8.47740834e-01  2.96087534e+00
 -2.14401086e+00 -8.57537871e-05  9.60041810e-01  1.57092576e+00]","[ 0.00000000e+00 -9.66948934e-02  2.94406233e-01  9.54538036e-05
  2.71447970e-01 -3.17458709e-05 -2.91664395e-05  0.00000000e+00]","[ 0.         -1.2481966  14.35859299  1.07616162 -0.17830326 -0.05747744
 -1.06320167  0.12332078]"
1747093051.6710417,"[ 0.00000000e+00 -1.93845637e-01  8.48341510e-01  2.96087534e+00
 -2.14345665e+00 -8.57537871e-05  9.60041810e-01  1.57092576e+00]","[ 0.00000000e+00 -9.42889438e-02  2.92515555e-01  1.00756792e-04
  2.69557276e-01 -3.17222367e-05 -2.91443860e-05  0.00000000e+00]","[ 0.         -1.21102607 14.30849361  1.11299884 -0.2023766  -0.04710578
 -1.10014188  0.12140992]"
1747093051.6722808,"[ 0.00000000e+00 -1.94032591e-01  8.48936127e-01  2.96087534e+00
 -2.14292775e+00 -8.57537871e-05  9.60041810e-01  1.57092669e+00]","[ 0.00000000e+00 -9.39939238e-02  2.88885267e-01  1.00756792e-04
  2.67666598e-01 -3.17461838e-05 -2.91664395e-05  1.05899522e-05]","[ 0.         -1.13368154 14.34941959  1.13056874 -0.17806196 -0.03083366
 -1.10934258  0.12999962]"
1747093051.6740685,"[ 0.00000000e+00 -1.94122606e-01  8.49217623e-01  2.96087587e+00
 -2.14264439e+00 -8.57537871e-05  9.60041810e-01  1.57092669e+00]","[ 0.00000000e+00 -9.12004509e-02  2.85493033e-01  1.00832084e-04
  2.66817649e-01 -3.17458709e-05 -2.91443860e-05  1.05898466e-05]","[ 0.         -1.09957612 14.40259933  1.08059227 -0.14299406 -0.03630646
 -1.08121586  0.14116015]"
1747093051.6758556,"[ 0.00000000e+00 -1.94307429e-01  8.49780149e-01  2.96087587e+00
 -2.14211176e+00 -8.57537871e-05  9.60041810e-01  1.57092669e+00]","[ 0.00000000e+00 -9.02766419e-02  2.84142544e-01  1.00756792e-04
  2.70907765e-01 -3.17458709e-05 -2.91664395e-05  1.05819570e-05]","[ 0.         -1.05723059 14.55569553  1.09732652 -0.11513037 -0.04085864
 -1.07070076  0.13821755]"
1747093051.677041,"[ 0.00000000e+00 -1.94482132e-01  8.50364647e-01  2.96087640e+00
 -2.14157353e+00 -8.57537871e-05  9.60041810e-01  1.57092669e+00]","[ 0.00000000e+00 -8.75115816e-02  2.85857653e-01  1.06059781e-04
  2.73338648e-01 -3.17461838e-05 -2.91006692e-05  1.05899522e-05]","[ 0.         -1.02054608 14.61613178  1.10234034 -0.13411334 -0.03064282
 -1.11296356  0.1393187 ]"
1747093051.6788404,"[ 0.00000000e+00 -1.94565756e-01  8.50647541e-01  2.96087640e+00
 -2.14128192e+00 -8.57537871e-05  9.60041810e-01  1.57092669e+00]","[ 0.00000000e+00 -8.47246751e-02  2.86843522e-01  1.06059781e-04
  2.74591466e-01 -3.17458709e-05 -2.91006692e-05  1.05819570e-05]","[ 0.         -1.00339186 14.64940739  1.13619781 -0.16732562 -0.02755336
 -1.11958182  0.13582578]"
1747093051.6806211,"[ 0.00000000e+00 -1.94733535e-01  8.51214195e-01  2.96087667e+00
 -2.14073730e+00 -8.57537871e-05  9.60041810e-01  1.57092669e+00]","[ 0.00000000e+00 -8.10292395e-02  2.86303333e-01  1.08711279e-04
  2.76579815e-01 -3.17458709e-05 -2.91003827e-05  1.05900569e-05]","[ 0.         -0.92107546 14.67736053  1.12927616 -0.30656159 -0.03086278
 -1.12144971  0.14408387]"
1747093051.6817517,"[ 0.00000000e+00 -1.94811299e-01  8.51518594e-01  2.96087720e+00
 -2.14046513e+00 -8.57537871e-05  9.60041810e-01  1.57092669e+00]","[ 0.00000000e+00 -7.88684671e-02  2.86628338e-01  1.14014268e-04
  2.76039626e-01 -3.17458709e-05 -2.91003827e-05  1.05899522e-05]","[ 0.         -0.9067027  14.67656136  1.14620757 -0.38211226 -0.04397781
 -1.11605263  0.14438917]"
1747093051.6835923,"[ 0.00000000e+00 -1.94963099e-01  8.52086647e-01  2.96087720e+00
 -2.13989388e+00 -8.57537871e-05  9.60041810e-01  1.57092669e+00]","[ 0.00000000e+00 -7.61674891e-02  2.88194011e-01  1.14014268e-04
  2.80631266e-01 -3.17458709e-05 -2.91003827e-05  1.05819570e-05]","[ 0.         -0.89376658 14.74489975  1.14888179 -0.51085514 -0.04792805
 -1.13114238  0.15560991]"
1747093051.6847942,"[ 0.00000000e+00 -1.95046190e-01  8.52369940e-01  2.96087773e+00
 -2.13961451e+00 -8.57537871e-05  9.60041810e-01  1.57092669e+00]","[ 0.00000000e+00 -7.82397613e-02  2.87383711e-01  1.19317257e-04
  2.83332244e-01 -3.17461838e-05 -2.91006692e-05  1.05819570e-05]","[ 0.         -0.88544619 14.74230671  1.15822148 -0.5398705  -0.05058742
 -1.14477706  0.14093359]"
1747093051.686509,"[ 0.00000000e+00 -1.95203849e-01  8.52963226e-01  2.96087800e+00
 -2.13903181e+00 -8.57537871e-05  9.60040877e-01  1.57092669e+00]","[ 0.00000000e+00 -8.04890505e-02  2.90640657e-01  1.22061106e-04
  2.85493033e-01 -3.17458709e-05 -2.91003827e-05  1.05819570e-05]","[ 0.         -0.89561194 14.804636    1.19411147 -0.57983875 -0.06057542
 -1.20064664  0.11949601]"
1747093051.6882865,"[ 0.00000000e+00 -1.95370563e-01  8.53540400e-01  2.96087853e+00
 -2.13846536e+00 -8.57537871e-05  9.60040877e-01  1.57092669e+00]","[ 0.00000000e+00 -8.17505150e-02  2.92812531e-01  1.27271744e-04
  2.87362372e-01 -3.17458709e-05 -2.91003827e-05  1.05819570e-05]","[ 0.         -0.91934246 14.87210274  1.27891707 -0.60315013 -0.05229226
 -1.2164619   0.12038274]"
1747093051.689505,"[ 0.00000000e+00 -1.95451523e-01  8.53831084e-01  2.96087906e+00
 -2.13816043e+00 -8.57537871e-05  9.60040877e-01  1.57092669e+00]","[ 0.00000000e+00 -8.21096340e-02  2.94647616e-01  1.27271744e-04
  2.87129878e-01 -3.17461838e-05 -2.91003827e-05  1.05899522e-05]","[ 0.         -0.93064213 14.9359827   1.29772604 -0.59833097 -0.06028865
 -1.20167744  0.12737839]"
1747093051.691945,"[ 0.00000000e+00 -1.95613443e-01  8.54435421e-01  2.96087986e+00
 -2.13758998e+00 -8.57537871e-05  9.60040877e-01  1.57092669e+00]","[ 0.00000000e+00 -8.14867955e-02  2.95216533e-01  1.35226222e-04
  2.89814577e-01 -3.17461838e-05 -2.91223691e-05  1.05819570e-05]","[ 0.         -0.93506271 14.92388725  1.34402716 -0.5668565  -0.07259902
 -1.18948364  0.1186352 ]"
1747093051.6936886,"[ 0.00000000e+00 -1.95778559e-01  8.55019053e-01  2.96088093e+00
 -2.13699210e+00 -8.57537871e-05  9.60040877e-01  1.57092669e+00]","[ 0.00000000e+00 -8.10292395e-02  2.95756722e-01  1.45832208e-04
  2.92897553e-01 -3.17458709e-05 -2.91003827e-05  1.05899522e-05]","[ 0.         -0.9356885  14.80322933  1.37042701 -0.46443492 -0.06807
 -1.1808368   0.11564885]"
1747093051.6954713,"[ 0.00000000e+00 -1.95942077e-01  8.55628851e-01  2.96088173e+00
 -2.13641073e+00 -8.57537871e-05  9.60040877e-01  1.57092669e+00]","[ 0.00000000e+00 -8.42704147e-02  2.98155298e-01  1.51135188e-04
  2.96536363e-01 -3.17458709e-05 -2.91003827e-05  1.05819570e-05]","[ 0.         -0.97041523 14.68288136  1.40035582 -0.39995402 -0.10395367
 -1.17204571  0.12105167]"
1747093051.696588,"[ 0.00000000e+00 -1.96031027e-01  8.55922264e-01  2.96088226e+00
 -2.13611831e+00 -8.57537871e-05  9.60040877e-01  1.57092669e+00]","[ 0.00000000e+00 -8.37566660e-02  2.97647434e-01  1.56438185e-04
  2.96567022e-01 -3.17458709e-05 -2.91223691e-05  1.05899522e-05]","[ 0.         -0.93762928 14.54188728  1.4496789  -0.40795279 -0.12275238
 -1.1742022   0.12418313]"
1747093051.6988451,"[ 0.00000000e+00 -1.96202002e-01  8.56535723e-01  2.96088306e+00
 -2.13550765e+00 -8.62864193e-05  9.60040877e-01  1.57092669e+00]","[ 0.00000000e+00 -8.80517789e-02  2.99808189e-01  1.59210139e-04
  2.99538112e-01 -2.64551545e-05 -2.91006692e-05  1.05900569e-05]","[ 0.         -0.91643488 14.36786175  1.53067017 -0.44321275 -0.11847922
 -1.12973523  0.15369807]"
1747093051.7005682,"[ 0.00000000e+00 -1.96376705e-01  8.57126679e-01  2.96088412e+00
 -2.13491377e+00 -8.62864193e-05  9.60040877e-01  1.57092669e+00]","[ 0.00000000e+00 -8.80517789e-02  2.99808189e-01  1.69695653e-04
  3.01428789e-01 -2.64548924e-05 -2.91003827e-05  1.05900569e-05]","[ 0.         -0.84029073 14.23797035  1.57526028 -0.43966421 -0.13594513
 -1.14504421  0.13886681]"
1747093051.7029984,"[ 0.00000000e+00 -1.96554072e-01  8.57738807e-01  2.96088546e+00
 -2.13429085e+00 -8.73516838e-05  9.60040877e-01  1.57092669e+00]","[ 0.00000000e+00 -8.58039710e-02  2.98457700e-01  1.81347876e-04
  3.04898123e-01 -3.70372172e-05 -2.91003827e-05  1.05899522e-05]","[ 0.         -0.79440242 14.13818836  1.62442946 -0.45889145 -0.14452544
 -1.15748739  0.13934891]"
1747093051.7040792,"[ 0.00000000e+00 -1.96720253e-01  8.58324702e-01  2.96088679e+00
 -2.13368498e+00 -8.73516838e-05  9.60040877e-01  1.57092669e+00]","[ 0.00000000e+00 -8.31900202e-02  2.97647434e-01  1.96454993e-04
  3.07370934e-01 -3.70368514e-05 -2.91223691e-05  1.05820616e-05]","[ 0.         -0.73975605 14.13355446  1.68045914 -0.40032399 -0.15372431
 -1.13605249  0.13194101]"
1747093051.705879,"[ 0.00000000e+00 -1.96806539e-01  8.58618582e-01  2.96088732e+00
 -2.13338032e+00 -8.73516838e-05  9.60040877e-01  1.57092669e+00]","[ 0.00000000e+00 -8.12489835e-02  2.98187623e-01  1.98541309e-04
  3.08991501e-01 -3.70368514e-05 -2.91226556e-05  1.05900569e-05]","[ 0.         -0.72921568 14.22376251  1.68535423 -0.33530965 -0.15688479
 -1.12609553  0.12994321]"
1747093051.7075677,"[ 0.00000000e+00 -1.96965796e-01  8.59228446e-01  2.96088785e+00
 -2.13274329e+00 -8.73516838e-05  9.60040877e-01  1.57092669e+00]","[ 0.00000000e+00 -8.10292395e-02  2.96806208e-01  2.00777477e-04
  3.11152290e-01 -3.70368514e-05 -2.91003827e-05  1.05819570e-05]","[ 0.         -0.69908631 14.19931889  1.72072363 -0.32833815 -0.17098205
 -1.08184135  0.12804714]"
1747093051.708805,"[ 0.00000000e+00 -1.97044626e-01  8.59520461e-01  2.96088812e+00
 -2.13243756e+00 -8.73516838e-05  9.60040877e-01  1.57092669e+00]","[ 0.00000000e+00 -7.99488533e-02  2.96026833e-01  2.06143688e-04
  3.10071912e-01 -3.70368514e-05 -2.91226556e-05  1.05819570e-05]","[ 0.         -0.67627865 14.1248188   1.74584854 -0.28891852 -0.18015683
 -1.09729373  0.12355763]"
1747093051.7104924,"[ 0.00000000e+00 -1.97206546e-01  8.60123401e-01  2.96088918e+00
 -2.13179787e+00 -8.73516838e-05  9.60040877e-01  1.57092669e+00]","[ 0.00000000e+00 -7.87885556e-02  2.93055778e-01  2.16383253e-04
  3.12708275e-01 -3.70368514e-05 -2.91003827e-05  1.05899522e-05]","[ 0.         -0.66191208 14.09165287  1.74471617 -0.2644833  -0.18691236
 -1.12299752  0.13807285]"
1747093051.7127783,"[ 0.00000000e+00 -1.97360477e-01  8.60697845e-01  2.96088998e+00
 -2.13117655e+00 -8.73516838e-05  9.60040877e-01  1.57092669e+00]","[ 0.00000000e+00 -7.77880725e-02  2.91705289e-01  2.30145492e-04
  3.15743946e-01 -3.70368514e-05 -2.91003827e-05  1.05819570e-05]","[ 0.         -0.58961725 14.12476444  1.73563468 -0.30922148 -0.18415825
 -1.11171341  0.14194298]"
1747093051.7145615,"[ 0.00000000e+00 -1.97514940e-01  8.61339800e-01  2.96089105e+00
 -2.13054805e+00 -8.73516838e-05  9.60040877e-01  1.57092669e+00]","[ 0.00000000e+00 -7.45469056e-02  2.91705289e-01  2.50235746e-04
  3.19308953e-01 -2.64548924e-05 -2.91003827e-05  1.05899522e-05]","[ 0.         -0.51482296 14.19462204  1.76434672 -0.39519835 -0.17922661
 -1.08658552  0.13321723]"
1747093051.7156942,"[ 0.00000000e+00 -1.97586845e-01  8.61628154e-01  2.96089131e+00
 -2.13020849e+00 -8.73516838e-05  9.60040877e-01  1.57092669e+00]","[ 0.00000000e+00 -7.29263222e-02  2.92515555e-01  2.64731557e-04
  3.19428995e-01 -2.64548924e-05 -1.85184257e-05  1.05899522e-05]","[ 0.         -0.47622123 14.29422379  1.74260807 -0.43351316 -0.17182733
 -1.09446418  0.12022954]"
1747093051.7174673,"[ 0.00000000e+00 -1.97749831e-01  8.62204861e-01  2.96089185e+00
 -2.12958132e+00 -8.84169482e-05  9.60040877e-01  1.57092669e+00]","[ 0.00000000e+00 -7.42084428e-02  2.91975367e-01  2.77037868e-04
  3.18174813e-01 -3.70368514e-05 -1.85186086e-05  1.05900569e-05]","[ 0.         -0.4301233  14.34170055  1.71506202 -0.45914328 -0.17249513
 -1.14326477  0.10713851]"
1747093051.7192662,"[ 0.00000000e+00 -1.97810551e-01  8.62511591e-01  2.96089238e+00
 -2.12926760e+00 -8.84169482e-05  9.60040877e-01  1.57092669e+00]","[ 0.00000000e+00 -7.27186455e-02  2.88885267e-01  2.85797236e-04
  3.18174813e-01 -3.70368514e-05 -1.85184257e-05  1.05899522e-05]","[ 0.         -0.41470459 14.333148    1.70830834 -0.49595106 -0.16017376
 -1.17405152  0.11629797]"
1747093051.7211263,"[ 0.00000000e+00 -1.97962884e-01  8.63078245e-01  2.96089291e+00
 -2.12861379e+00 -8.84169482e-05  9.60040877e-01  1.57092669e+00]","[ 0.00000000e+00 -7.11424370e-02  2.86909968e-01  3.03923312e-04
  3.19980569e-01 -3.70372172e-05 -1.85184257e-05  1.05819570e-05]","[ 0.         -0.39792097 14.48253345  1.69469583 -0.49652952 -0.13437477
 -1.17338586  0.14510275]"
1747093051.7222953,"[ 0.00000000e+00 -1.98109890e-01  8.63666470e-01  2.96089318e+00
 -2.12798023e+00 -8.84169482e-05  9.60040877e-01  1.57092669e+00]","[ 0.00000000e+00 -7.16104792e-02  2.87375688e-01  3.31819144e-04
  3.21145902e-01 -3.70368514e-05 -1.85186086e-05  1.05900569e-05]","[ 0.         -0.36622244 14.68294621  1.67112386 -0.47954696 -0.1366661
 -1.14668429  0.14820947]"
1747093051.7250724,"[ 0.00000000e+00 -1.98246777e-01  8.64233125e-01  2.96089371e+00
 -2.12727342e+00 -8.84169482e-05  9.60040877e-01  1.57092669e+00]","[ 0.00000000e+00 -6.83341877e-02  2.87923900e-01  3.51058630e-04
  3.21158785e-01 -3.70368514e-05 -1.85184257e-05  1.05820616e-05]","[ 0.         -0.34839678 14.79566479  1.659778   -0.42492703 -0.14417851
 -1.16020072  0.15038504]"
1747093051.7260332,"[ 0.00000000e+00 -1.98318682e-01  8.64516418e-01  2.96089371e+00
 -2.12695704e+00 -8.84169482e-05  9.60040877e-01  1.57092669e+00]","[ 0.00000000e+00 -6.77074835e-02  2.87383711e-01  3.61857208e-04
  3.20875791e-01 -3.70368514e-05 -1.85044548e-05  1.05899522e-05]","[ 0.         -0.35808793 14.84613991  1.67035055 -0.36081967 -0.14260125
 -1.18089604  0.14416595]"
1747093051.7278724,"[ 0.00000000e+00 -1.98452905e-01  8.65099584e-01  2.96089451e+00
 -2.12631868e+00 -8.84169482e-05  9.60040877e-01  1.57092669e+00]","[ 0.00000000e+00 -6.86047607e-02  2.84664124e-01  3.76931409e-04
  3.25575538e-01 -3.70368514e-05 -1.85184257e-05  1.05819570e-05]","[ 0.         -0.35653603 14.90258789  1.66125679 -0.33638665 -0.15103111
 -1.164626    0.13955192]"
1747093051.7296586,"[ 0.00000000e+00 -1.98592455e-01  8.65658914e-01  2.96089558e+00
 -2.12565156e+00 -8.84169482e-05  9.60040877e-01  1.57092669e+00]","[ 0.00000000e+00 -6.77074835e-02  2.83602355e-01  4.05065827e-04
  3.25984932e-01 -3.70368514e-05 -1.85186086e-05  1.05819570e-05]","[ 0.         -0.35325873 14.96197701  1.64870918 -0.29148906 -0.1534708
 -1.13745117  0.12727202]"
1747093051.7313256,"[ 0.00000000e+00 -1.98658502e-01  8.65961050e-01  2.96089611e+00
 -2.12532958e+00 -8.84169482e-05  9.60040877e-01  1.57092669e+00]","[ 0.00000000e+00 -6.69163041e-02  2.84371442e-01  4.17346406e-04
  3.26547858e-01 -3.70368514e-05 -1.85186086e-05  1.05900569e-05]","[ 0.         -0.37227222 14.97759724  1.64574671 -0.2783111  -0.14969657
 -1.13801813  0.12660483]"
1747093051.732472,"[ 0.00000000e+00 -1.98790062e-01  8.66526306e-01  2.96089691e+00
 -2.12466299e+00 -8.84169482e-05  9.60039879e-01  1.57092669e+00]","[ 0.00000000e+00 -6.69841731e-02  2.87383711e-01  4.18685399e-04
  3.24995934e-01 -2.64548924e-05 -2.91003827e-05  1.05819570e-05]","[ 0.         -0.38355115 15.04627609  1.64184725 -0.15750788 -0.13493755
 -1.15455413  0.1309389 ]"
1747093051.73427,"[ 0.00000000e+00 -1.98925350e-01  8.66808734e-01  2.96089797e+00
 -2.12402064e+00 -8.84169482e-05  9.60039879e-01  1.57092669e+00]","[ 0.00000000e+00 -6.42831993e-02  2.86013248e-01  4.25136998e-04
  3.26486805e-01 -2.64551545e-05 -2.91006692e-05  1.05899522e-05]","[ 0.         -0.39738294 15.07541847  1.68924272 -0.05290648 -0.12835751
 -1.16735709  0.12409628]"
1747093051.7359974,"[ 0.00000000e+00 -1.98987136e-01  8.67112268e-01  2.96089797e+00
 -2.12369733e+00 -8.84169482e-05  9.60039879e-01  1.57092669e+00]","[ 0.00000000e+00 -6.25991244e-02  2.85876029e-01  4.12254053e-04
  3.27898347e-01 -2.64551545e-05 -2.91003827e-05  1.05820616e-05]","[ 0.00000000e+00 -4.13832009e-01  1.51261797e+01  1.69954681e+00
 -9.06943902e-03 -1.41561270e-01 -1.14997244e+00  1.28169984e-01]"
1747093051.737837,"[ 0.00000000e+00 -1.99045193e-01  8.67675194e-01  2.96089877e+00
 -2.12302355e+00 -8.84169482e-05  9.60039879e-01  1.57092669e+00]","[ 0.00000000e+00 -5.88812517e-02  2.85493033e-01  4.12254053e-04
  3.29248836e-01 -2.64548924e-05 -2.90784288e-05  1.05820616e-05]","[ 0.         -0.42435268 15.15156269  1.71488667  0.10511294 -0.15525162
 -1.13199401  0.1329101 ]"
1747093051.7389798,"[ 0.00000000e+00 -1.99158643e-01  8.68254698e-01  2.96089957e+00
 -2.12237347e+00 -8.84169482e-05  9.60039879e-01  1.57092669e+00]","[ 0.00000000e+00 -5.40194971e-02  2.83117593e-01  4.08933099e-04
  3.29248836e-01 -2.64548924e-05 -2.91006692e-05  1.05819570e-05]","[ 0.         -0.51436079 15.15402508  1.73538041  0.10154027 -0.16620559
 -1.12261963  0.13465255]"
1747093051.7407732,"[ 0.00000000e+00 -1.99211374e-01  8.68533863e-01  2.96090010e+00
 -2.12204830e+00 -8.94822126e-05  9.60039879e-01  1.57092669e+00]","[ 0.00000000e+00 -5.34792999e-02  2.83062166e-01  4.08200242e-04
  3.29789025e-01 -3.70372172e-05 -2.91006692e-05  1.05819570e-05]","[ 0.         -0.55260694 15.05746937  1.76013613  0.07822621 -0.18928587
 -1.13544476  0.13857917]"
1747093051.7425926,"[ 0.00000000e+00 -1.99313639e-01  8.69116164e-01  2.96090117e+00
 -2.12137053e+00 -8.94822126e-05  9.60039879e-01  1.57092669e+00]","[ 0.00000000e+00 -4.86490830e-02  2.84120672e-01  4.15234180e-04
  3.31766688e-01 -3.70648338e-05 -2.90784288e-05  1.05900569e-05]","[ 0.         -0.56857795 15.02961636  1.77765524  0.0466195  -0.18947265
 -1.14603376  0.13949655]"
1747093051.7437654,"[ 0.00000000e+00 -1.99359978e-01  8.69395795e-01  2.96090143e+00
 -2.12104269e+00 -8.94822126e-05  9.60039879e-01  1.57092669e+00]","[ 0.00000000e+00 -4.69493454e-02  2.83602355e-01  4.08942754e-04
  3.32490003e-01 -3.70368514e-05 -2.91003827e-05  1.05820616e-05]","[ 0.         -0.60165459 15.05933857  1.75362778  0.01664387 -0.18888395
 -1.1393069   0.13128653]"
1747093051.745567,"[ 0.00000000e+00 -1.99454254e-01  8.69955525e-01  2.96090250e+00
 -2.12038516e+00 -8.94822126e-05  9.60039879e-01  1.57092669e+00]","[ 0.00000000e+00 -4.66429321e-02  2.84142544e-01  4.01929688e-04
  3.33840492e-01 -3.70368514e-05 -2.91006692e-05  1.06059783e-05]","[ 0.         -0.66823137 15.01865196  1.74968565 -0.02908456 -0.1793827
 -1.14377499  0.13124786]"
1747093051.7467215,"[ 0.00000000e+00 -1.99501126e-01  8.70256795e-01  2.96090303e+00
 -2.12005732e+00 -8.94822126e-05  9.60039879e-01  1.57092669e+00]","[ 0.00000000e+00 -4.75371550e-02  2.83619133e-01  4.04092823e-04
  3.32153113e-01 -3.70368514e-05 -2.91223691e-05  1.06059783e-05]","[ 0.00000000e+00 -7.05315650e-01  1.49381514e+01  1.76468456e+00
 -1.02991303e-02 -1.74413726e-01 -1.15732741e+00  1.32274330e-01]"
1747093051.7485087,"[ 0.00000000e+00 -1.99598597e-01  8.70816059e-01  2.96090383e+00
 -2.11937582e+00 -8.94822126e-05  9.60039879e-01  1.57092669e+00]","[ 0.00000000e+00 -5.01872291e-02  2.83854656e-01  3.94862298e-04
  3.33030192e-01 -3.70368514e-05 -2.91006692e-05  1.05820616e-05]","[ 0.         -0.78015667 14.9172411   1.77540934 -0.08965054 -0.16884534
 -1.16035652  0.15852709]"
1747093051.7502623,"[ 0.00000000e+00 -1.99699265e-01  8.71376255e-01  2.96090463e+00
 -2.11872148e+00 -8.94822126e-05  9.60039879e-01  1.57092669e+00]","[ 0.00000000e+00 -4.86175453e-02  2.84142544e-01  3.98934087e-04
  3.31949814e-01 -3.70368514e-05 -2.91223691e-05  1.06059783e-05]","[ 0.         -0.84737617 14.95210075  1.78315401 -0.1485077  -0.14996342
 -1.13999295  0.16503415]"
1747093051.7520149,"[ 0.00000000e+00 -1.99746137e-01  8.71678457e-01  2.96090516e+00
 -2.11836835e+00 -8.94822126e-05  9.60039879e-01  1.57092669e+00]","[ 0.00000000e+00 -4.74889892e-02  2.84622212e-01  4.01032009e-04
  3.32518965e-01 -3.70368514e-05 -2.91003827e-05  1.06058726e-05]","[ 0.         -0.86365068 15.01057816  1.75974441 -0.24451652 -0.14387882
 -1.14388764  0.15426789]"
1747093051.7537467,"[ 0.00000000e+00 -1.99841478e-01  8.72241849e-01  2.96090623e+00
 -2.11803998e+00 -8.94822126e-05  9.60039879e-01  1.57092669e+00]","[ 0.00000000e+00 -4.61413964e-02  2.86033222e-01  4.03366013e-04
  3.33030192e-01 -3.70372172e-05 -2.91006692e-05  1.06059783e-05]","[ 0.         -0.93403828 14.98832798  1.74155188 -0.2577154  -0.15840451
 -1.16000998  0.14976108]"
1747093051.7555249,"[ 0.00000000e+00 -1.99931493e-01  8.72823617e-01  2.96090649e+00
 -2.11738298e+00 -8.94822126e-05  9.60039879e-01  1.57092669e+00]","[ 0.00000000e+00 -4.48361812e-02  2.84371442e-01  3.91474212e-04
  3.34380681e-01 -3.70651995e-05 -2.91003827e-05  1.06058726e-05]","[ 0.         -0.98167831 14.92494297  1.70891869 -0.38651431 -0.1550823
 -1.18417668  0.15665531]"
1747093051.757277,"[ 0.00000000e+00 -2.00018844e-01  8.73380217e-01  2.96090703e+00
 -2.11670014e+00 -8.94822126e-05  9.60039879e-01  1.57092669e+00]","[ 0.00000000e+00 -4.16275631e-02  2.81711677e-01  3.81850519e-04
  3.33030192e-01 -3.70368514e-05 -2.91003827e-05  1.06058726e-05]","[ 0.         -1.01651645 14.8329916   1.63128126 -0.47043738 -0.14420956
 -1.17083907  0.14629631]"
1747093051.7589936,"[ 0.00000000e+00 -2.00058792e-01  8.73679091e-01  2.96090756e+00
 -2.11637311e+00 -8.94822126e-05  9.60039879e-01  1.57092669e+00]","[ 0.00000000e+00 -4.05146197e-02  2.81362204e-01  3.81850519e-04
  3.31343645e-01 -3.70368514e-05 -2.91223691e-05  1.06059783e-05]","[ 0.         -1.03732288 14.68731022  1.62797546 -0.5539459  -0.12955008
 -1.15958273  0.136204  ]"
1747093051.7602358,"[ 0.00000000e+00 -2.00134425e-01  8.74235225e-01  2.96090756e+00
 -2.11569347e+00 -8.94822126e-05  9.60039879e-01  1.57092762e+00]","[ 0.00000000e+00 -3.72734528e-02  2.82251866e-01  3.67315941e-04
  3.32079377e-01 -3.70372172e-05 -2.91003827e-05  1.85604623e-05]","[ 0.         -1.10150969 14.60118008  1.56077278 -0.53046602 -0.1054666
 -1.1674      0.13540843]"
1747093051.7619793,"[ 0.00000000e+00 -2.00171177e-01  8.74514857e-01  2.96090783e+00
 -2.11536670e+00 -8.94822126e-05  9.60039879e-01  1.57092762e+00]","[ 0.00000000e+00 -3.72734528e-02  2.83315000e-01  3.73980183e-04
  3.31073834e-01 -3.70368514e-05 -2.91003827e-05  1.85464284e-05]","[ 0.         -1.12873316 14.63144207  1.54024827 -0.49040651 -0.09640482
 -1.18074834  0.1457393 ]"
1747093051.7637377,"[ 0.00000000e+00 -2.00253202e-01  8.75093895e-01  2.96090836e+00
 -2.11471236e+00 -8.94822126e-05  9.60039879e-01  1.57092762e+00]","[ 0.00000000e+00 -4.04735738e-02  2.82866823e-01  3.65195815e-04
  3.31409592e-01 -3.70089097e-05 -1.85184257e-05  1.85604623e-05]","[ 0.         -1.15626204 14.61262798  1.50505304 -0.37555629 -0.11538471
 -1.18857145  0.15209867]"
1747093051.7666407,"[ 0.00000000e+00 -2.00341087e-01  8.75649497e-01  2.96090889e+00
 -2.11403592e+00 -8.94822126e-05  9.60039879e-01  1.57092762e+00]","[ 0.00000000e+00 -4.64567646e-02  2.80901377e-01  3.57393910e-04
  3.29789025e-01 -3.70928568e-05 -1.85186086e-05  1.85464284e-05]","[ 0.         -1.18516469 14.55266666  1.47519124 -0.20568037 -0.0911101
 -1.17055726  0.15871722]"
1747093051.7678056,"[ 0.00000000e+00 -2.00440689e-01  8.76217949e-01  2.96090942e+00
 -2.11338104e+00 -8.94822126e-05  9.60039879e-01  1.57092762e+00]","[ 0.00000000e+00 -5.01872291e-02  2.77339532e-01  3.57401647e-04
  3.32692769e-01 -3.71209245e-05 -1.85184257e-05  1.85604623e-05]","[ 0.         -1.20615137 14.51177311  1.41779208 -0.0259087  -0.10476085
 -1.10039532  0.14631172]"
1747093051.769575,"[ 0.00000000e+00 -2.00544020e-01  8.76763963e-01  2.96090969e+00
 -2.11269688e+00 -8.94822126e-05  9.60039879e-01  1.57092762e+00]","[ 0.00000000e+00 -5.34792999e-02  2.76039626e-01  3.55577323e-04
  3.35528204e-01 -3.70928568e-05 -1.85184257e-05  1.85464284e-05]","[ 0.         -1.17107463 14.48023987  1.41208208  0.07405676 -0.11312173
 -1.09884095  0.15123832]"
1747093051.7708125,"[ 0.00000000e+00 -2.00604207e-01  8.77056911e-01  2.96091022e+00
 -2.11236585e+00 -8.94822126e-05  9.60039879e-01  1.57092762e+00]","[ 0.00000000e+00 -5.66736701e-02  2.75845299e-01  3.58782675e-04
  3.35731170e-01 -3.70928568e-05 -1.85324169e-05  1.85604623e-05]","[ 0.         -1.15080273 14.40034866  1.37717664  0.08662036 -0.11673909
 -1.12270451  0.15791321]"
1747093051.7724833,"[ 0.00000000e+00 -2.00723517e-01  8.77596467e-01  2.96091076e+00
 -2.11167902e+00 -8.94822126e-05  9.60039879e-01  1.57092762e+00]","[ 0.00000000e+00 -6.15822255e-02  2.72528348e-01  3.53262955e-04
  3.34711479e-01 -3.70928568e-05 -1.85184257e-05  1.06059783e-05]","[ 0.         -1.09125948 14.3260746   1.3821007   0.02632225 -0.1033579
 -1.13580704  0.15567745]"
1747093051.7742157,"[ 0.00000000e+00 -2.00849218e-01  8.78148408e-01  2.96091129e+00
 -2.11101855e+00 -8.94822126e-05  9.60039879e-01  1.57092762e+00]","[ 0.00000000e+00 -6.16890390e-02  2.67319172e-01  3.57013844e-04
  3.34380681e-01 -3.70928568e-05 -1.85324169e-05  1.06059783e-05]","[ 0.         -1.04114807 14.26034737  1.36540842 -0.07441732 -0.08188845
 -1.11424923  0.14143123]"
1747093051.775996,"[ 0.00000000e+00 -2.00909938e-01  8.78410130e-01  2.96091155e+00
 -2.11068699e+00 -8.94822126e-05  9.60039879e-01  1.57092762e+00]","[ 0.00000000e+00 -6.15198285e-02  2.65505826e-01  3.53270269e-04
  3.36271359e-01 -3.70928568e-05 -1.85184257e-05  1.06059783e-05]","[ 0.         -1.01923549 14.32693958  1.37518358 -0.08952566 -0.08049092
 -1.12728858  0.15000728]"
1747093051.7771177,"[ 0.00000000e+00 -2.01033509e-01  8.78931310e-01  2.96091262e+00
 -2.10999697e+00 -8.94822126e-05  9.60039879e-01  1.57092762e+00]","[ 0.00000000e+00 -6.37430062e-02  2.64425431e-01  3.53820294e-04
  3.36740108e-01 -3.70928568e-05 -1.85604623e-05  1.05979587e-05]","[ 0.         -0.95231217 14.42077255  1.40191436 -0.09074963 -0.05490914
 -1.15013814  0.18210706]"
1747093051.7789192,"[ 0.00000000e+00 -2.01096892e-01  8.79211874e-01  2.96091289e+00
 -2.10966540e+00 -8.94822126e-05  9.60039879e-01  1.57092762e+00]","[ 0.00000000e+00 -6.42831993e-02  2.64309950e-01  3.52140994e-04
  3.36612743e-01 -3.70928568e-05 -1.85602774e-05  1.06059783e-05]","[ 0.         -0.89306438 14.50202656  1.38737321 -0.02406375 -0.04631377
 -1.14940298  0.18083006]"
1747093051.7806358,"[ 0.00000000e+00 -2.01229517e-01  8.79733521e-01  2.96091395e+00
 -2.10900414e+00 -8.94822126e-05  9.60039879e-01  1.57092762e+00]","[ 0.00000000e+00 -6.43484634e-02  2.64965620e-01  3.57006594e-04
  3.34920870e-01 -3.70928568e-05 -1.85462435e-05  1.06059783e-05]","[ 0.00000000e+00 -7.97883093e-01  1.46958542e+01  1.44799101e+00
  9.72374249e-03 -4.78971116e-02 -1.13372719e+00  1.88583240e-01]"
1747093051.782409,"[ 0.00000000e+00 -2.01293433e-01  8.79994378e-01  2.96091475e+00
 -2.10864781e+00 -8.94822126e-05  9.60039879e-01  1.57092762e+00]","[ 0.00000000e+00 -6.47577163e-02  2.64695526e-01  3.59356203e-04
  3.35528204e-01 -3.70928568e-05 -1.85604623e-05  1.05979587e-05]","[ 0.00000000e+00 -7.80916870e-01  1.47843494e+01  1.49707735e+00
  7.49944849e-03 -6.66872784e-02 -1.13497531e+00  1.76443711e-01]"
1747093051.784116,"[ 0.00000000e+00 -2.01495833e-01  8.80788266e-01  2.96091715e+00
 -2.10762276e+00 -8.94822126e-05  9.60039879e-01  1.57092762e+00]","[ 0.00000000e+00 -6.69841731e-02  2.60914170e-01  3.88756858e-04
  3.38469499e-01 -3.70928568e-05 -1.85464284e-05  1.06059783e-05]","[ 0.         -0.66714787 14.9559021   1.53450811 -0.10660037 -0.10004901
 -1.15918243  0.170149  ]"
1747093051.785808,"[ 0.00000000e+00 -2.01561347e-01  8.81042664e-01  2.96091795e+00
 -2.10728906e+00 -8.94822126e-05  9.60038947e-01  1.57092762e+00]","[ 0.00000000e+00 -6.64439800e-02  2.57681741e-01  3.92075992e-04
  3.38432148e-01 -3.70932266e-05 -2.91664395e-05  1.05979587e-05]","[ 0.         -0.64357328 15.02106667  1.55858397 -0.15129726 -0.11253611
 -1.17246139  0.15506588]"
1747093051.787602,"[ 0.00000000e+00 -2.01695038e-01  8.81569371e-01  2.96091981e+00
 -2.10662274e+00 -8.94822126e-05  9.60038947e-01  1.57092762e+00]","[ 0.00000000e+00 -6.51384652e-02  2.57288442e-01  4.01032009e-04
  3.37081659e-01 -3.70928568e-05 -1.85464284e-05  1.06059783e-05]","[ 0.         -0.57614857 15.11374187  1.64725995 -0.18668048 -0.12909411
 -1.21642995  0.1588995 ]"
1747093051.7898464,"[ 0.00000000e+00 -2.01758421e-01  8.81822838e-01  2.96092114e+00
 -2.10629118e+00 -8.94822126e-05  9.60038947e-01  1.57092762e+00]","[ 0.00000000e+00 -6.42831993e-02  2.57132797e-01  4.31880627e-04
  3.36271359e-01 -3.70928568e-05 -1.85464284e-05  1.06059783e-05]","[ 0.         -0.54824281 15.11558151  1.6985873  -0.19219817 -0.12852971
 -1.22541022  0.15992145]"
1747093051.7915657,"[ 0.00000000e+00 -2.01950169e-01  8.82598417e-01  2.96092594e+00
 -2.10526959e+00 -8.94822126e-05  9.60038947e-01  1.57092762e+00]","[ 0.00000000e+00 -6.06859677e-02  2.53538945e-01  5.37254064e-04
  3.36271359e-01 -3.70924870e-05 -1.85604623e-05  1.06059783e-05]","[ 0.         -0.4942832  15.26663208  1.77827513 -0.20274015 -0.14437118
 -1.22765326  0.1825285 ]"
1747093051.7933574,"[ 0.00000000e+00 -2.02066815e-01  8.83096161e-01  2.96092913e+00
 -2.10457930e+00 -8.94822126e-05  9.60038947e-01  1.57092762e+00]","[ 0.00000000e+00 -5.83410544e-02  2.52271047e-01  7.19159475e-04
  3.37351737e-01 -3.70928568e-05 -1.85604623e-05  1.05979587e-05]","[ 0.         -0.46200499 15.34235001  1.88847411 -0.20457116 -0.15851313
 -1.22784722  0.17359942]"
1747093051.7951279,"[ 0.00000000e+00 -2.02125405e-01  8.83345034e-01  2.96093126e+00
 -2.10424747e+00 -9.05474771e-05  9.60038015e-01  1.57092762e+00]","[ 0.00000000e+00 -5.93612407e-02  2.52271047e-01  8.74874100e-04
  3.36541470e-01 -4.76908124e-05 -2.91664395e-05  1.06058726e-05]","[ 0.         -0.45053461 15.3671217   1.9665792  -0.21242675 -0.15553235
 -1.25056636  0.18472727]"
1747093051.796933,"[ 0.00000000e+00 -2.02244182e-01  8.83858425e-01  2.96093632e+00
 -2.10355664e+00 -9.05474771e-05  9.60038015e-01  1.57092762e+00]","[ 0.00000000e+00 -5.76767455e-02  2.50768458e-01  1.42886707e-03
  3.37032823e-01 -4.76908124e-05 -2.91443860e-05  1.06059783e-05]","[ 0.         -0.433384   15.48681164  2.02537608 -0.30003116 -0.20037466
 -1.25740016  0.14804304]"
1747093051.7986884,"[ 0.00000000e+00 -2.02351241e-01  8.84357102e-01  2.96094378e+00
 -2.10289218e+00 -9.10801093e-05  9.60038015e-01  1.57092762e+00]","[ 0.00000000e+00 -5.29391068e-02  2.53891630e-01  2.33067167e-03
  3.37351737e-01 -4.76903370e-05 -2.91664395e-05  1.05979587e-05]","[ 0.         -0.45258451 15.56769848  2.08748651 -0.39086813 -0.23940057
 -1.28502607  0.16827771]"
1747093051.8004618,"[ 0.00000000e+00 -2.02452441e-01  8.84876019e-01  2.96095283e+00
 -2.10222932e+00 -9.10801093e-05  9.60038015e-01  1.57092762e+00]","[ 0.00000000e+00 -4.86490830e-02  2.53276140e-01  3.83035542e-03
  3.35190981e-01 -4.76908124e-05 -2.91443860e-05  1.06058726e-05]","[ 0.         -0.48228082 15.64262295  2.16368413 -0.44318539 -0.24652162
 -1.30074346  0.14581597]"
1747093051.801579,"[ 0.00000000e+00 -2.02498780e-01  8.85125357e-01  2.96095843e+00
 -2.10187299e+00 -9.10801093e-05  9.60038015e-01  1.57092762e+00]","[ 0.00000000e+00 -4.69969619e-02  2.52811236e-01  4.56996050e-03
  3.35528204e-01 -4.76908124e-05 -2.91664395e-05  1.06059783e-05]","[ 0.         -0.48028594 15.57911205  2.16127992 -0.46479565 -0.23269236
 -1.29848909  0.1428823 ]"
1747093051.8032582,"[ 0.00000000e+00 -2.02586131e-01  8.85643741e-01  2.96097227e+00
 -2.10121493e+00 -9.10801093e-05  9.60038015e-01  1.57092762e+00]","[ 0.00000000e+00 -4.37557908e-02  2.52774601e-01  6.57015053e-03
  3.31949814e-01 -3.70928568e-05 -2.91443860e-05  1.06059783e-05]","[ 0.         -0.53867185 15.56555176  2.1889782  -0.4516882  -0.22321016
 -1.28365803  0.15712908]"
1747093051.8050144,"[ 0.00000000e+00 -2.02626079e-01  8.85892214e-01  2.96098186e+00
 -2.10086259e+00 -9.10801093e-05  9.60038015e-01  1.57092762e+00]","[ 0.00000000e+00 -4.05146197e-02  2.51745622e-01  8.32237841e-03
  3.31454566e-01 -3.70932266e-05 -2.91446766e-05  1.06059783e-05]","[ 0.         -0.5789122  15.60469723  2.20075345 -0.37366113 -0.21629877
 -1.28918517  0.1671    ]"
1747093051.806152,"[ 0.00000000e+00 -2.02702245e-01  8.86386763e-01  2.96100343e+00
 -2.10020798e+00 -9.10801093e-05  9.60037082e-01  1.57092762e+00]","[ 0.00000000e+00 -3.61930625e-02  2.51190652e-01  1.16024244e-02
  3.32490003e-01 -3.70928568e-05 -3.71209245e-05  1.05980643e-05]","[ 0.         -0.64903635 15.54341602  2.19043231 -0.29700175 -0.22464587
 -1.26741564  0.18170664]"
1747093051.807862,"[ 0.00000000e+00 -2.02736334e-01  8.86634704e-01  2.96101622e+00
 -2.09988015e+00 -9.10801093e-05  9.60037082e-01  1.57092762e+00]","[ 0.00000000e+00 -3.45724769e-02  2.51460747e-01  1.29646791e-02
  3.32490003e-01 -3.70928568e-05 -3.70928568e-05  1.06059783e-05]","[ 0.         -0.69797963 15.47467804  2.14413404 -0.28550923 -0.23130774
 -1.26182103  0.15618807]"
1747093051.8096058,"[ 0.00000000e+00 -2.02803978e-01  8.87152222e-01  2.96104445e+00
 -2.09919359e+00 -9.10801093e-05  9.60037082e-01  1.57092762e+00]","[ 0.00000000e+00 -3.31014362e-02  2.53351425e-01  1.40450684e-02
  3.35528204e-01 -3.70928568e-05 -3.71209245e-05  1.06059783e-05]","[ 0.         -0.78778917 15.38543892  2.10009575 -0.25244102 -0.2361524
 -1.25826347  0.14425418]"
1747093051.8112862,"[ 0.00000000e+00 -2.02873220e-01  8.87656425e-01  2.96106948e+00
 -2.09853099e+00 -9.21453737e-05  9.60037082e-01  1.57092762e+00]","[ 0.00000000e+00 -3.61563899e-02  2.57132797e-01  1.18842887e-02
  3.35731170e-01 -4.76903370e-05 -3.70928568e-05  1.06058726e-05]","[ 0.         -0.85940957 15.22747612  2.07034254 -0.25517139 -0.23464385
 -1.25302517  0.15397976]"
1747093051.8130264,"[ 0.00000000e+00 -2.02913700e-01  8.87929599e-01  2.96108120e+00
 -2.09817333e+00 -9.21453737e-05  9.60037082e-01  1.57092762e+00]","[ 0.00000000e+00 -3.81527329e-02  2.57288442e-01  1.10234323e-02
  3.36782053e-01 -4.76908124e-05 -3.70928568e-05  1.06059783e-05]","[ 0.         -0.88647801 15.25653267  2.02868128 -0.23971559 -0.25314707
 -1.25543547  0.15016519]"
1747093051.8147109,"[ 0.00000000e+00 -2.02993595e-01  8.88440660e-01  2.96109664e+00
 -2.09750727e+00 -9.21453737e-05  9.60037082e-01  1.57092855e+00]","[ 0.00000000e+00 -4.10548170e-02  2.59833775e-01  7.01541910e-03
  3.38162037e-01 -4.76908124e-05 -3.71209245e-05  1.85464284e-05]","[ 0.         -0.8867262  15.11866093  1.97640228 -0.28355497 -0.26435682
 -1.29065764  0.15511663]"
1747093051.8163815,"[ 0.00000000e+00 -2.03077751e-01  8.88973825e-01  2.96110490e+00
 -2.09683376e+00 -9.21453737e-05  9.60037082e-01  1.57092855e+00]","[ 0.00000000e+00 -4.06244918e-02  2.60297665e-01  3.00922145e-03
  3.41596949e-01 -3.70924870e-05 -3.70928568e-05  1.85604623e-05]","[ 0.         -0.90874493 15.00140381  1.9484694  -0.34144959 -0.26091218
 -1.28852439  0.18208759]"
1747093051.8186512,"[ 0.00000000e+00 -2.03158178e-01  8.89485817e-01  2.96110623e+00
 -2.09613388e+00 -9.21453737e-05  9.60037082e-01  1.57092855e+00]","[ 0.00000000e+00 -4.04735738e-02  2.60373964e-01  0.00000000e+00
  3.41943393e-01 -3.70928568e-05 -3.71209245e-05  1.85464284e-05]","[ 0.         -0.90452099 14.98903084  1.90224493 -0.42609817 -0.27383554
 -1.27623224  0.19177458]"
1747093051.8210022,"[ 0.00000000e+00 -2.03240736e-01  8.90001938e-01  2.96110357e+00
 -2.09546090e+00 -9.21453737e-05  9.60037082e-01  1.57092855e+00]","[ 0.00000000e+00 -4.32155977e-02  2.61724453e-01 -8.77483036e-04
  3.40863015e-01 -3.70928568e-05 -3.70928568e-05  1.85604623e-05]","[ 0.         -0.87151754 14.96908951  1.89519262 -0.39925194 -0.25030681
 -1.28097284  0.17857258]"
1747093051.8221455,"[ 0.00000000e+00 -2.03328088e-01  8.90540096e-01  2.96110304e+00
 -2.09475463e+00 -9.21453737e-05  9.60037082e-01  1.57092855e+00]","[ 0.00000000e+00 -4.26754004e-02  2.62268753e-01 -7.94775760e-04
  3.45264654e-01 -3.70932266e-05 -3.71209245e-05  1.85464284e-05]","[ 0.         -0.84928989 14.95160007  1.8911643  -0.37096053 -0.18628576
 -1.27846014  0.18004596]"
1747093051.8238723,"[ 0.00000000e+00 -2.03368568e-01  8.90799089e-01  2.96110410e+00
 -2.09441295e+00 -9.21453737e-05  9.60037082e-01  1.57092855e+00]","[ 0.00000000e+00 -4.10548170e-02  2.62534753e-01 -4.25510074e-04
  3.46183944e-01 -3.71209245e-05 -3.70928568e-05  1.85462435e-05]","[ 0.         -0.82055175 14.87414265  1.89070725 -0.34401688 -0.15263045
 -1.27624571  0.20269854]"
1747093051.825666,"[ 0.00000000e+00 -2.03446865e-01  8.91337247e-01  2.96110543e+00
 -2.09373064e+00 -9.21453737e-05  9.60036084e-01  1.57092855e+00]","[ 0.00000000e+00 -3.65777519e-02  2.62264642e-01  8.77772304e-05
  3.45994859e-01 -3.70928568e-05 -4.77269018e-05  1.85186086e-05]","[ 0.         -0.81777847 14.8098011   1.83508837 -0.31804726 -0.12512523
 -1.26623642  0.19008942]"
1747093051.8280416,"[ 0.00000000e+00 -2.03512379e-01  8.91848773e-01  2.96110543e+00
 -2.09302331e+00 -9.21453737e-05  9.60036084e-01  1.57092855e+00]","[ 0.00000000e+00 -3.13313079e-02  2.59293570e-01  2.67117463e-04
  3.44644370e-01 -3.70368514e-05 -4.76908124e-05  1.85325998e-05]","[ 0.         -0.8286581  14.68745899  1.80925119 -0.31491652 -0.13399674
 -1.25782681  0.19454572]"
1747093051.8291612,"[ 0.00000000e+00 -2.03575762e-01  8.92382404e-01  2.96110490e+00
 -2.09233914e+00 -9.21453737e-05  9.60036084e-01  1.57092855e+00]","[ 0.00000000e+00 -3.05937517e-02  2.60553861e-01  2.31838413e-04
  3.47075271e-01 -3.70928568e-05 -4.76908124e-05  1.85184257e-05]","[ 0.         -0.84348506 14.57241821  1.72242808 -0.27372757 -0.14910306
 -1.22507715  0.18715109]"
1747093051.830953,"[ 0.00000000e+00 -2.03606122e-01  8.92639067e-01  2.96110490e+00
 -2.09197056e+00 -9.21453737e-05  9.60036084e-01  1.57092855e+00]","[ 0.00000000e+00 -3.07599142e-02  2.60373964e-01  2.06515204e-04
  3.47063553e-01 -3.70372172e-05 -4.77264263e-05  1.85184257e-05]","[ 0.         -0.84972566 14.55814075  1.68738687 -0.2447814  -0.17495555
 -1.2164948   0.19541693]"
1747093051.8326714,"[ 0.00000000e+00 -2.03668440e-01  8.93151991e-01  2.96110543e+00
 -2.09128533e+00 -9.21453737e-05  9.60036084e-01  1.57092855e+00]","[ 0.00000000e+00 -3.18715031e-02  2.59833775e-01  2.39349425e-04
  3.47345348e-01 -3.70372172e-05 -3.70928568e-05  1.85184257e-05]","[ 0.         -0.86779755 14.45437813  1.6280086  -0.17485315 -0.18327732
 -1.22152269  0.18136603]"
1747093051.8343554,"[ 0.00000000e+00 -2.03737150e-01  8.93678698e-01  2.96110543e+00
 -2.09060170e+00 -9.21453737e-05  9.60036084e-01  1.57092855e+00]","[ 0.00000000e+00 -3.40322817e-02  2.56042000e-01  5.31887593e-05
  3.46535048e-01 -3.70368514e-05 -3.71209245e-05  1.85184257e-05]","[ 0.         -0.86309451 14.36703873  1.58475995 -0.16853064 -0.16011389
 -1.20815849  0.1763805 ]"
1747093051.8366554,"[ 0.00000000e+00 -2.03805327e-01  8.94175045e-01  2.96110543e+00
 -2.08988770e+00 -9.21453737e-05  9.60036084e-01  1.57092855e+00]","[ 0.00000000e+00 -3.45374480e-02  2.50650463e-01  0.00000000e+00
  3.48695837e-01 -3.70368514e-05 -3.70932266e-05  1.85184257e-05]","[ 0.         -0.85381669 14.31457901  1.55066359 -0.1164388  -0.1337865
 -1.19698143  0.18572451]"
1747093051.8384402,"[ 0.00000000e+00 -2.03879895e-01  8.94685240e-01  2.96110597e+00
 -2.08917078e+00 -9.21453737e-05  9.60036084e-01  1.57092855e+00]","[ 0.00000000e+00 -3.72734528e-02  2.48759769e-01  4.08178567e-05
  3.50323528e-01 -3.70372172e-05 -3.71209245e-05  1.85186086e-05]","[ 0.         -0.86034322 14.34670448  1.52891803 -0.09469257 -0.12583034
 -1.21177292  0.18605252]"
1747093051.8401845,"[ 0.00000000e+00 -2.03918245e-01  8.94929518e-01  2.96110597e+00
 -2.08882643e+00 -9.21453737e-05  9.60036084e-01  1.57092855e+00]","[ 0.00000000e+00 -3.88940363e-02  2.47679391e-01  3.79502812e-05
  3.49236026e-01 -3.70368514e-05 -3.70928568e-05  1.85186086e-05]","[ 0.         -0.83857864 14.33116531  1.53095341 -0.05229772 -0.12705353
 -1.22670114  0.18605252]"
1747093051.8419244,"[ 0.00000000e+00 -2.04002401e-01  8.95435985e-01  2.96110597e+00
 -2.08813854e+00 -9.21453737e-05  9.60036084e-01  1.57092855e+00]","[ 0.00000000e+00 -4.37557908e-02  2.46618970e-01  3.54615325e-05
  3.48779494e-01 -2.64548924e-05 -3.70928568e-05  1.85184257e-05]","[ 0.         -0.81696427 14.40284538  1.55979991 -0.07227839 -0.14779408
 -1.25453317  0.20766367]"
1747093051.8430183,"[ 0.00000000e+00 -2.04099340e-01  8.95918150e-01  2.96110623e+00
 -2.08742454e+00 -9.21453737e-05  9.60036084e-01  1.57092855e+00]","[ 0.00000000e+00 -4.85682852e-02  2.43087735e-01  4.96765734e-05
  3.48818942e-01 -2.64551545e-05 -3.71209245e-05  1.85184257e-05]","[ 0.         -0.78772908 14.47536182  1.58614254 -0.11675925 -0.16247503
 -1.23390126  0.2359916 ]"
1747093051.8447673,"[ 0.00000000e+00 -2.04147277e-01  8.96173880e-01  2.96110676e+00
 -2.08707967e+00 -9.21453737e-05  9.60036084e-01  1.57092855e+00]","[ 0.00000000e+00 -4.86175453e-02  2.40737728e-01  1.15912006e-04
  3.49776215e-01 -2.64551545e-05 -3.70928568e-05  1.85324169e-05]","[ 0.         -0.76168251 14.55651379  1.59428608 -0.21870676 -0.16977055
 -1.24000335  0.21562618]"
1747093051.8464584,"[ 0.00000000e+00 -2.04244748e-01  8.96645060e-01  2.96110783e+00
 -2.08638724e+00 -9.21453737e-05  9.60036084e-01  1.57092855e+00]","[ 0.00000000e+00 -4.76460075e-02  2.37955874e-01  1.62252959e-04
  3.52023957e-01 -2.64548924e-05 -3.70928568e-05  1.85186086e-05]","[ 0.         -0.71152502 14.6836977   1.65610445 -0.28743741 -0.15812014
 -1.23550665  0.21344954]"
1747093051.8488119,"[ 0.00000000e+00 -2.04335828e-01  8.97112045e-01  2.96110916e+00
 -2.08566659e+00 -9.21453737e-05  9.60036084e-01  1.57092855e+00]","[ 0.00000000e+00 -4.58700494e-02  2.36545014e-01  2.11961290e-04
  3.51666927e-01 -2.64551545e-05 -3.70924870e-05  1.85184257e-05]","[ 0.         -0.65614951 14.81413269  1.70741653 -0.38180447 -0.14859456
 -1.24976099  0.21293068]"
1747093051.8505833,"[ 0.00000000e+00 -2.04427441e-01  8.97600602e-01  2.96111103e+00
 -2.08497603e+00 -9.21453737e-05  9.60036084e-01  1.57092948e+00]","[ 0.00000000e+00 -4.41352496e-02  2.39306363e-01  2.77462895e-04
  3.50316438e-01 -2.64551545e-05 -3.70928568e-05  2.64548924e-05]","[ 0.         -0.62044758 14.94783497  1.72476578 -0.49059546 -0.13905407
 -1.26546693  0.20822586]"
1747093051.8517988,"[ 0.00000000e+00 -2.04470584e-01  8.97837091e-01  2.96111182e+00
 -2.08460319e+00 -9.21453737e-05  9.60036084e-01  1.57092948e+00]","[ 0.00000000e+00 -4.37557908e-02  2.39846551e-01  2.99257448e-04
  3.51075838e-01 -2.64548924e-05 -3.71209245e-05  2.64551545e-05]","[ 0.         -0.60792387 15.02989101  1.73526871 -0.47893974 -0.10952691
 -1.26440418  0.21205994]"
1747093051.855252,"[ 0.00000000e+00 -2.04550479e-01  8.98326114e-01  2.96111422e+00
 -2.08391130e+00 -9.21453737e-05  9.60035152e-01  1.57092948e+00]","[ 0.00000000e+00 -3.94342335e-02  2.38956590e-01  3.71209253e-04
  3.51126704e-01 -2.64548924e-05 -4.76188043e-05  2.64748795e-05]","[ 0.         -0.59747785 15.21389866  1.78130329 -0.48275006 -0.13501479
 -1.26100969  0.22161828]"
1747093051.8568463,"[ 0.00000000e+00 -2.04660734e-01  8.99026858e-01  2.96111875e+00
 -2.08284870e+00 -9.32106382e-05  9.60035152e-01  1.57092948e+00]","[ 0.00000000e+00 -3.56528652e-02  2.36065196e-01  4.92038972e-04
  3.49236026e-01 -3.70089097e-05 -4.76192757e-05  2.64551545e-05]","[ 0.         -0.62408471 15.34947109  1.85363412 -0.43352166 -0.19970468
 -1.28275144  0.20277078]"
1747093051.859851,"[ 0.00000000e+00 -2.04773652e-01  8.99738588e-01  2.96112434e+00
 -2.08178610e+00 -9.32106382e-05  9.60035152e-01  1.57092948e+00]","[ 0.00000000e+00 -3.78136459e-02  2.34714707e-01  6.69112917e-04
  3.50574298e-01 -3.70089097e-05 -4.76188043e-05  2.64548924e-05]","[ 0.         -0.61054224 15.48708248  1.89107358 -0.38613611 -0.2110835
 -1.27524817  0.20111445]"
1747093051.8616257,"[ 0.00000000e+00 -2.04849286e-01  9.00204242e-01  2.96112887e+00
 -2.08108995e+00 -9.32106382e-05  9.60035152e-01  1.57092948e+00]","[ 0.00000000e+00 -3.83149818e-02  2.36605385e-01  1.08602526e-03
  3.52659720e-01 -3.70368514e-05 -4.76192757e-05  1.85044548e-05]","[ 0.         -0.58296949 15.55294228  1.94679952 -0.41259408 -0.20288013
 -1.2852751   0.20142208]"
1747093051.863346,"[ 0.00000000e+00 -2.04886570e-01  9.00454446e-01  2.96113100e+00
 -2.08074241e+00 -9.32106382e-05  9.60034220e-01  1.57092948e+00]","[ 0.00000000e+00 -3.78136459e-02  2.35722347e-01  1.44071020e-03
  3.52477193e-01 -3.70372172e-05 -5.55552731e-05  1.85184257e-05]","[ 0.         -0.56981432 15.47360611  1.98455298 -0.44381192 -0.19770198
 -1.29591191  0.19986898]"
1747093051.8650203,"[ 0.00000000e+00 -2.04961139e-01  9.00919633e-01  2.96113659e+00
 -2.08002149e+00 -9.32106382e-05  9.60034220e-01  1.57092948e+00]","[ 0.00000000e+00 -3.56528652e-02  2.36605385e-01  2.16469601e-03
  3.51666927e-01 -3.70372172e-05 -5.55552731e-05  1.85186086e-05]","[ 0.         -0.57333755 15.47734928  2.00394368 -0.46436584 -0.19529217
 -1.33138216  0.18755993]"
1747093051.8673475,"[ 0.00000000e+00 -2.05068198e-01  9.01640551e-01  2.96114724e+00
 -2.07894824e+00 -9.32106382e-05  9.60034220e-01  1.57092948e+00]","[ 0.00000000e+00 -3.51075830e-02  2.37175135e-01  3.06621258e-03
  3.54367905e-01 -3.70092754e-05 -5.55977993e-05  1.85184257e-05]","[ 0.         -0.62682611 15.55914974  2.04561925 -0.3575272  -0.21904859
 -1.30674398  0.19900879]"
1747093051.8690782,"[ 0.00000000e+00 -2.05137972e-01  9.02111664e-01  2.96115683e+00
 -2.07824889e+00 -9.42759026e-05  9.60034220e-01  1.57092948e+00]","[ 0.00000000e+00 -3.56528652e-02  2.39306363e-01  4.23985857e-03
  3.54908093e-01 -4.76192757e-05 -5.55558217e-05  1.85184257e-05]","[ 0.         -0.61968756 15.54771805  2.1124444  -0.31262666 -0.26280525
 -1.31032658  0.22234765]"
1747093051.8708158,"[ 0.00000000e+00 -2.05173126e-01  9.02365597e-01  2.96116189e+00
 -2.07790081e+00 -9.48085348e-05  9.60034220e-01  1.57092948e+00]","[ 0.00000000e+00 -3.56528652e-02  2.39233109e-01  4.70242312e-03
  3.53017416e-01 -5.29097849e-05 -5.55552731e-05  1.85186086e-05]","[ 0.         -0.60283476 15.47737408  2.14952803 -0.32043338 -0.29459438
 -1.3193078   0.20986962]"
1747093051.8724926,"[ 0.00000000e+00 -2.05242901e-01  9.02841370e-01  2.96117388e+00
 -2.07717777e+00 -9.58737992e-05  9.60034220e-01  1.57092948e+00]","[ 0.00000000e+00 -3.36029739e-02  2.41197040e-01  5.76013188e-03
  3.53287493e-01 -6.34438435e-05 -5.55552731e-05  1.85184257e-05]","[ 0.         -0.60307449 15.48402977  2.16898584 -0.37281185 -0.3207961
 -1.34948277  0.20109259]"
1747093051.8747718,"[ 0.00000000e+00 -2.05302556e-01  9.03319807e-01  2.96118986e+00
 -2.07647682e+00 -9.69390637e-05  9.60034220e-01  1.57092948e+00]","[ 0.00000000e+00 -3.02202662e-02  2.43087735e-01  7.80222976e-03
  3.55448282e-01 -7.40737029e-05 -5.55558217e-05  1.85044548e-05]","[ 0.         -0.54048634 15.51728821  2.17036223 -0.4384526  -0.32092676
 -1.34603584  0.22330289]"
1747093051.8765132,"[ 0.00000000e+00 -2.05357950e-01  9.03816220e-01  2.96120956e+00
 -2.07574871e+00 -9.69390637e-05  9.60033221e-01  1.57092948e+00]","[ 0.00000000e+00 -2.65814561e-02  2.42277435e-01  1.05338018e-02
  3.55718360e-01 -7.40744343e-05 -6.61372301e-05  1.85186086e-05]","[ 0.         -0.53291112 15.49226761  2.17601371 -0.48799562 -0.27032378
 -1.38009417  0.23546004]"
1747093051.8782363,"[ 0.00000000e+00 -2.05384049e-01  9.04055439e-01  2.96122288e+00
 -2.07539877e+00 -9.69390637e-05  9.60033221e-01  1.57092948e+00]","[ 0.00000000e+00 -2.64695534e-02  2.42301786e-01  1.25384225e-02
  3.54908093e-01 -7.40737029e-05 -6.61372301e-05  1.85184257e-05]","[ 0.         -0.54924601 15.59822178  2.15641165 -0.48435283 -0.24977878
 -1.3738147   0.2278828 ]"
1747093051.880474,"[ 0.00000000e+00 -2.05439442e-01  9.04550920e-01  2.96125191e+00
 -2.07467546e+00 -9.69390637e-05  9.60033221e-01  1.57092948e+00]","[ 0.00000000e+00 -2.70575169e-02  2.41740791e-01  1.53955564e-02
  3.53000371e-01 -7.40737029e-05 -6.61378843e-05  1.85184257e-05]","[ 0.         -0.57610005 15.65483189  2.1175828  -0.46085826 -0.19563922
 -1.34654295  0.23043045]"
1747093051.8828204,"[ 0.00000000e+00 -2.05529457e-01  9.05265380e-01  2.96131076e+00
 -2.07363097e+00 -9.69390637e-05  9.60033221e-01  1.57092948e+00]","[ 0.00000000e+00 -3.18715031e-02  2.41197040e-01  2.16077989e-02
  3.53287493e-01 -7.40744343e-05 -6.61378843e-05  1.85186086e-05]","[ 0.         -0.61869258 15.62049961  2.00620699 -0.34142461 -0.15281413
 -1.32460928  0.25692123]"
1747093051.8846028,"[ 0.00000000e+00 -2.05599232e-01  9.05766387e-01  2.96135710e+00
 -2.07290632e+00 -9.69390637e-05  9.60033221e-01  1.57092948e+00]","[ 0.00000000e+00 -3.51126721e-02  2.44978413e-01  2.43087727e-02
  3.53199376e-01 -7.40737029e-05 -6.61372301e-05  1.85184257e-05]","[ 0.         -0.65993607 15.52060127  1.902596   -0.33926827 -0.16526255
 -1.31775105  0.2301404 ]"
1747093051.886377,"[ 0.00000000e+00 -2.05667942e-01  9.06271921e-01  2.96140797e+00
 -2.07220831e+00 -9.69390637e-05  9.60033221e-01  1.57093055e+00]","[ 0.00000000e+00 -3.45374480e-02  2.46756156e-01  2.51190644e-02
  3.53827682e-01 -7.40737029e-05 -5.82007654e-05  2.91003827e-05]","[ 0.         -0.66008145 15.39739609  1.82569861 -0.40824479 -0.19505963
 -1.32549405  0.23747285]"
1747093051.8875022,"[ 0.00000000e+00 -2.05702563e-01  9.06515334e-01  2.96143274e+00
 -2.07186076e+00 -9.69390637e-05  9.60033221e-01  1.57093055e+00]","[ 0.00000000e+00 -3.51126721e-02  2.46869091e-01  2.50936146e-02
  3.52477193e-01 -7.40744343e-05 -5.82013384e-05  2.91003827e-05]","[ 0.         -0.68507689 15.34943771  1.79494298 -0.50237626 -0.21087766
 -1.3161242   0.23720416]"
1747093051.8898292,"[ 0.00000000e+00 -2.05773935e-01  9.07002959e-01  2.96147828e+00
 -2.07113798e+00 -9.69390637e-05  9.60033221e-01  1.57093055e+00]","[ 0.00000000e+00 -3.51126721e-02  2.46869091e-01  2.24180906e-02
  3.53017416e-01 -7.40744343e-05 -5.82007654e-05  2.90784288e-05]","[ 0.         -0.68405098 15.27482891  1.68641794 -0.54194713 -0.17996211
 -1.34305537  0.23522277]"
1747093051.8910868,"[ 0.00000000e+00 -2.05845308e-01  9.07499838e-01  2.96151955e+00
 -2.07044370e+00 -9.58737992e-05  9.60032289e-01  1.57093055e+00]","[ 0.00000000e+00 -3.67332556e-02  2.41492318e-01  1.91769216e-02
  3.51937004e-01 -6.34917418e-05 -6.61372301e-05  2.91003827e-05]","[ 0.         -0.681566   15.16903687  1.61162174 -0.53478616 -0.16551973
 -1.34083378  0.21598023]"
1747093051.8928828,"[ 0.00000000e+00 -2.05885255e-01  9.07737659e-01  2.96153740e+00
 -2.07006952e+00 -9.58737992e-05  9.60032289e-01  1.57093055e+00]","[ 0.00000000e+00 -3.75798828e-02  2.41197040e-01  1.80781949e-02
  3.52329687e-01 -6.34923676e-05 -6.60873364e-05  2.91003827e-05]","[ 0.         -0.67066753 15.10690022  1.6001811  -0.46024355 -0.16334482
 -1.32133222  0.27288389]"
1747093051.8946834,"[ 0.00000000e+00 -2.05960357e-01  9.08266696e-01  2.96157149e+00
 -2.06937790e+00 -9.69390637e-05  9.60032289e-01  1.57093055e+00]","[ 0.00000000e+00 -3.83538432e-02  2.40649728e-01  1.65351490e-02
  3.50316438e-01 -7.40744343e-05 -6.61372301e-05  2.91006692e-05]","[ 0.         -0.69719362 15.09289551  1.60044086 -0.29660383 -0.16523926
 -1.31946373  0.26914436]"
1747093051.8963723,"[ 0.00000000e+00 -2.06039186e-01  9.08703787e-01  2.96160265e+00
 -2.06865831e+00 -9.69390637e-05  9.60032289e-01  1.57093055e+00]","[ 0.00000000e+00 -3.78136459e-02  2.39063898e-01  1.62058481e-02
  3.51246646e-01 -6.35403432e-05 -5.82013384e-05  2.91006692e-05]","[ 0.         -0.655994   15.06964874  1.59516275 -0.19945496 -0.17944637
 -1.28704715  0.24444711]"
1747093051.8988032,"[ 0.00000000e+00 -2.06112157e-01  9.09173568e-01  2.96163727e+00
 -2.06796270e+00 -9.69390637e-05  9.60032289e-01  1.57093055e+00]","[ 0.00000000e+00 -3.72734528e-02  2.37415685e-01  1.78083710e-02
  3.53827682e-01 -6.34917418e-05 -5.82007654e-05  2.91003827e-05]","[ 0.         -0.64066517 15.01973343  1.60865295 -0.19675012 -0.1852752
 -1.28413022  0.25608426]"
1747093051.900517,"[ 0.00000000e+00 -2.06189388e-01  9.09688757e-01  2.96167482e+00
 -2.06724045e+00 -9.69390637e-05  9.60032289e-01  1.57093055e+00]","[ 0.00000000e+00 -3.81168052e-02  2.32383043e-01  1.94470181e-02
  3.52329687e-01 -5.82007654e-05 -5.82013384e-05  2.91003827e-05]","[ 0.         -0.62574327 14.91684628  1.64063168 -0.2669242  -0.16890797
 -1.31214499  0.26970482]"
1747093051.9023054,"[ 0.00000000e+00 -2.06271946e-01  9.10158073e-01  2.96172036e+00
 -2.06654882e+00 -9.69390637e-05  9.60032289e-01  1.57093055e+00]","[ 0.00000000e+00 -4.32155977e-02  2.29202379e-01  2.25691605e-02
  3.50942447e-01 -5.82013384e-05 -5.82007654e-05  2.90784288e-05]","[ 0.         -0.57627869 14.86092663  1.63739312 -0.33201268 -0.1468365
 -1.30708385  0.28869858]"
1747093051.9039998,"[ 0.00000000e+00 -2.06315622e-01  9.10383043e-01  2.96174406e+00
 -2.06620341e+00 -9.69390637e-05  9.60032289e-01  1.57093055e+00]","[ 0.00000000e+00 -4.42959881e-02  2.28232373e-01  2.40386761e-02
  3.50316438e-01 -5.82007654e-05 -5.81568575e-05  2.91003827e-05]","[ 0.         -0.58519959 14.8858614   1.64392257 -0.37024477 -0.12532242
 -1.313923    0.28552869]"
1747093051.9057703,"[ 0.00000000e+00 -2.06412029e-01  9.10833983e-01  2.96179413e+00
 -2.06548436e+00 -9.69390637e-05  9.60032289e-01  1.57093055e+00]","[ 0.00000000e+00 -4.74889892e-02  2.28232373e-01  2.56592596e-02
  3.51075838e-01 -5.82007654e-05 -5.82007654e-05  2.90784288e-05]","[ 0.         -0.57300889 14.94007492  1.68324459 -0.43210778 -0.10753328
 -1.34214735  0.28038779]"
1747093051.9075,"[ 0.00000000e+00 -2.06505772e-01  9.11301434e-01  2.96185378e+00
 -2.06479460e+00 -9.69390637e-05  9.60031357e-01  1.57093055e+00]","[ 0.00000000e+00 -4.80773522e-02  2.28232373e-01  2.74045601e-02
  3.48965949e-01 -5.82013384e-05 -5.81568575e-05  2.91003827e-05]","[ 0.         -0.56054419 14.98723125  1.69476271 -0.46399382 -0.11459986
 -1.35791433  0.27195251]"
1747093051.9104214,"[ 0.00000000e+00 -2.06616559e-01  9.11747314e-01  2.96190944e+00
 -2.06408300e+00 -9.69390637e-05  9.60031357e-01  1.57093055e+00]","[ 0.00000000e+00 -5.13185192e-02  2.24451000e-01  2.89004307e-02
  3.46486512e-01 -5.82007654e-05 -5.82007654e-05  2.90784288e-05]","[ 0.         -0.55039155 15.03586006  1.70971262 -0.42498821 -0.15079878
 -1.34919798  0.25206947]"
1747093051.913271,"[ 0.00000000e+00 -2.06775284e-01  9.12200983e-01  2.96200452e+00
 -2.06305396e+00 -9.69390637e-05  9.60031357e-01  1.57093055e+00]","[ 0.00000000e+00 -5.11567654e-02  2.20669644e-01  3.34920866e-02
  3.48695837e-01 -4.76552554e-05 -5.82013384e-05  2.91006692e-05]","[ 0.         -0.5399363  15.14672852  1.73549473 -0.32770464 -0.19979455
 -1.3487066   0.23804739]"
1747093051.9150681,"[ 0.00000000e+00 -2.06870625e-01  9.12631284e-01  2.96208015e+00
 -2.06234130e+00 -9.69390637e-05  9.60031357e-01  1.57093148e+00]","[ 0.00000000e+00 -4.64567646e-02  2.17158366e-01  3.80837445e-02
  3.46993412e-01 -4.76188043e-05 -5.82007654e-05  3.70372172e-05]","[ 0.         -0.51873851 15.24133301  1.74830413 -0.31715995 -0.18683527
 -1.3594867   0.2544314 ]"
1747093051.91684,"[ 0.00000000e+00 -2.06961705e-01  9.13073036e-01  2.96216004e+00
 -2.06166219e+00 -9.69390637e-05  9.60031357e-01  1.57093148e+00]","[ 0.00000000e+00 -4.36337140e-02  2.16077989e-01  4.07847184e-02
  3.42753693e-01 -4.76188043e-05 -5.82007654e-05  2.91003827e-05]","[ 0.         -0.54921448 15.32317924  1.75229621 -0.29824057 -0.16390727
 -1.36000025  0.25854021]"
1747093051.9186494,"[ 0.00000000e+00 -2.07045328e-01  9.13496412e-01  2.96224420e+00
 -2.06095805e+00 -9.69390637e-05  9.60031357e-01  1.57093148e+00]","[ 0.00000000e+00 -4.15950101e-02  2.14509936e-01  4.10548170e-02
  3.44374293e-01 -4.76192757e-05 -5.82007654e-05  2.91006692e-05]","[ 0.         -0.59965014 15.34883022  1.75950968 -0.1808908  -0.15037523
 -1.37216747  0.24953806]"
1747093051.9204185,"[ 0.00000000e+00 -2.07126821e-01  9.13933037e-01  2.96231957e+00
 -2.06028267e+00 -9.69390637e-05  9.60031357e-01  1.57093148e+00]","[ 0.00000000e+00 -3.95841445e-02  2.11756427e-01  3.77753338e-02
  3.42213504e-01 -4.75824102e-05 -5.82007654e-05  2.91006692e-05]","[ 0.         -0.65740013 15.39901352  1.74798977 -0.12219863 -0.17387094
 -1.36282718  0.24143764]"
1747093051.9222367,"[ 0.00000000e+00 -2.07197129e-01  9.14361939e-01  2.96239307e+00
 -2.05958146e+00 -9.69390637e-05  9.60031357e-01  1.57093148e+00]","[ 0.00000000e+00 -3.51126721e-02  2.08890133e-01  3.51126721e-02
  3.41943393e-01 -4.76188043e-05 -5.82007654e-05  2.91003827e-05]","[ 0.         -0.71065646 15.44271469  1.75374699 -0.09728196 -0.21285839
 -1.35890102  0.25408715]"
1747093051.9239714,"[ 0.00000000e+00 -2.07230152e-01  9.14568134e-01  2.96242663e+00
 -2.05924537e+00 -9.69390637e-05  9.60031357e-01  1.57093148e+00]","[ 0.00000000e+00 -3.34920866e-02  2.09055449e-01  3.40322817e-02
  3.40863015e-01 -4.76188043e-05 -5.81568575e-05  2.91003827e-05]","[ 0.         -0.74233764 15.4893589   1.740942   -0.09234376 -0.22784071
 -1.37419999  0.25680721]"
1747093051.925771,"[ 0.00000000e+00 -2.07297796e-01  9.14976796e-01  2.96245858e+00
 -2.05857212e+00 -9.69390637e-05  9.60030425e-01  1.57093148e+00]","[ 0.00000000e+00 -3.29518914e-02  2.06354471e-01  3.24116962e-02
  3.41403204e-01 -4.76192757e-05 -5.55552731e-05  2.91443860e-05]","[ 0.         -0.79158986 15.60970497  1.76763093 -0.08051756 -0.26395166
 -1.39615893  0.23785104]"
1747093051.927536,"[ 0.00000000e+00 -2.07365440e-01  9.15398375e-01  2.96252117e+00
 -2.05782244e+00 -9.69390637e-05  9.60030425e-01  1.57093148e+00]","[ 0.00000000e+00 -3.45724769e-02  2.05880911e-01  2.96185687e-02
  3.40322826e-01 -4.76188043e-05 -5.55139131e-05  2.91443860e-05]","[ 0.         -0.79676932 15.72255802  1.80941558 -0.10870533 -0.24747823
 -1.43883097  0.23311426]"
1747093051.9287524,"[ 0.00000000e+00 -2.07365440e-01  9.15602240e-01  2.96254727e+00
 -2.05748662e+00 -9.69390637e-05  9.60030425e-01  1.57093148e+00]","[ 0.00000000e+00 -3.45724769e-02  2.06894660e-01  2.64427345e-02
  3.40592904e-01 -4.76908124e-05 -5.55552731e-05  2.91440955e-05]","[ 0.         -0.79676932 15.7493391   1.80110884 -0.21254727 -0.25783262
 -1.43969607  0.24119286]"
1747093051.9304926,"[ 0.00000000e+00 -2.07438944e-01  9.16029278e-01  2.96258988e+00
 -2.05679659e+00 -9.69390637e-05  9.60029426e-01  1.57093148e+00]","[ 0.00000000e+00 -3.56091228e-02  2.09140903e-01  1.99872133e-02
  3.36883120e-01 -4.76192757e-05 -6.61372301e-05  2.91443860e-05]","[ 0.         -0.80487633 15.85258961  1.83747673 -0.34390026 -0.27518603
 -1.47609019  0.25124323]"
1747093051.93291,"[ 0.00000000e+00 -2.07508718e-01  9.16439338e-01  2.96262130e+00
 -2.05613773e+00 -9.80043281e-05  9.60029426e-01  1.57093148e+00]","[ 0.00000000e+00 -3.50770939e-02  2.08034160e-01  1.35048743e-02
  3.33840492e-01 -5.82881910e-05 -6.61378843e-05  2.91443860e-05]","[ 0.         -0.82493663 15.94485569  1.87317872 -0.43315431 -0.25841865
 -1.49932146  0.27062482]"
1747093051.9340787,"[ 0.00000000e+00 -2.07574232e-01  9.16850330e-01  2.96263995e+00
 -2.05545569e+00 -9.80043281e-05  9.60028494e-01  1.57093148e+00]","[ 0.00000000e+00 -3.07911127e-02  2.09055449e-01  7.77382236e-03
  3.33030192e-01 -5.82887721e-05 -7.40737029e-05  2.91440955e-05]","[ 0.         -0.86123979 16.02106667  1.93663406 -0.51588345 -0.24340433
 -1.4822613   0.26361486]"
1747093051.9358523,"[ 0.00000000e+00 -2.07603527e-01  9.17073037e-01  2.96264554e+00
 -2.05512839e+00 -9.80043281e-05  9.60028494e-01  1.57093148e+00]","[ 0.00000000e+00 -2.97107224e-02  2.09642426e-01  5.67204678e-03
  3.31613457e-01 -5.82887721e-05 -7.40178194e-05  2.91443860e-05]","[ 0.         -0.86894506 16.13084221  1.97863841 -0.48565444 -0.23464304
 -1.47254848  0.26378095]"
1747093051.9375463,"[ 0.00000000e+00 -2.07657323e-01  9.17484895e-01  2.96264953e+00
 -2.05444928e+00 -9.80043281e-05  9.60028494e-01  1.57093148e+00]","[ 0.00000000e+00 -2.55783827e-02  2.09383284e-01  8.10292444e-04
  3.32017425e-01 -5.82887721e-05 -7.40737029e-05  2.91664395e-05]","[ 0.         -0.87621921 16.23713684  2.01795077 -0.51092201 -0.22755423
 -1.47357428  0.25533408]"
1747093051.9399617,"[ 0.00000000e+00 -2.07702597e-01  9.17911933e-01  2.96264820e+00
 -2.05379974e+00 -9.80043281e-05  9.60028494e-01  1.57093148e+00]","[ 0.00000000e+00 -2.21255527e-02  2.08890133e-01 -6.50185813e-04
  3.28438536e-01 -5.82881910e-05 -7.40178194e-05  2.91443860e-05]","[ 0.         -0.88627452 16.22337532  2.03580379 -0.53020674 -0.23735139
 -1.47949231  0.25178915]"
1747093051.941078,"[ 0.00000000e+00 -2.07744675e-01  9.18327519e-01  2.96264634e+00
 -2.05347696e+00 -9.80043281e-05  9.60028494e-01  1.57093148e+00]","[ 0.00000000e+00 -2.00614760e-02  2.10946127e-01 -7.94775760e-04
  3.27026461e-01 -5.82887721e-05 -7.40737029e-05  2.91443860e-05]","[ 0.         -0.86604327 16.21843147  2.03412223 -0.57427222 -0.25676525
 -1.47980416  0.24824369]"
1747093051.9428437,"[ 0.00000000e+00 -2.07762784e-01  9.18535978e-01  2.96264687e+00
 -2.05312942e+00 -9.80043281e-05  9.60028494e-01  1.57093148e+00]","[ 0.00000000e+00 -1.83666278e-02  2.11486316e-01 -6.50027103e-04
  3.27252830e-01 -5.82887721e-05 -7.40737029e-05  2.91443860e-05]","[ 0.         -0.85286921 16.13628006  2.0399189  -0.57492757 -0.26623771
 -1.48853803  0.23034638]"
1747093051.9456725,"[ 0.00000000e+00 -2.07794742e-01  9.18970406e-01  2.96264927e+00
 -2.05248893e+00 -9.90695926e-05  9.60027562e-01  1.57093148e+00]","[ 0.00000000e+00 -1.51254588e-02  2.12836805e-01  2.12755037e-04
  3.24927258e-01 -6.88867318e-05 -8.45926284e-05  2.91443860e-05]","[ 0.         -0.83259994 15.99218178  2.01378846 -0.62042844 -0.27575734
 -1.4994278   0.2287879 ]"
1747093051.9469938,"[ 0.00000000e+00 -2.07820841e-01  9.19408429e-01  2.96265060e+00
 -2.05182580e+00 -9.90695926e-05  9.60027562e-01  1.57093148e+00]","[ 0.00000000e+00 -1.18842887e-02  2.14156268e-01  3.43387542e-04
  3.22488235e-01 -6.88867318e-05 -8.46556558e-05  2.91443860e-05]","[ 0.         -0.81267393 15.84153557  1.95540607 -0.60634804 -0.25241083
 -1.48364604  0.23656707]"
1747093051.9486454,"[ 0.00000000e+00 -2.07838418e-01  9.19830873e-01  2.96265007e+00
 -2.05119437e+00 -9.90695926e-05  9.60027562e-01  1.57093148e+00]","[ 0.00000000e+00 -8.10292405e-03  2.14727500e-01  3.97437294e-04
  3.18661938e-01 -6.88867318e-05 -8.45917913e-05  2.91443860e-05]","[ 0.         -0.88234407 15.70520878  1.90185773 -0.45814994 -0.25253436
 -1.43805945  0.23472044]"
1747093051.9503174,"[ 0.00000000e+00 -2.07848538e-01  9.20251986e-01  2.96265007e+00
 -2.05054110e+00 -9.90695926e-05  9.60027562e-01  1.57093148e+00]","[ 0.00000000e+00 -3.78136470e-03  2.12836805e-01  4.09582082e-04
  3.18977490e-01 -6.88867318e-05 -8.46564929e-05  2.11959173e-05]","[ 0.         -0.94177848 15.60082817  1.84317112 -0.26621684 -0.22640225
 -1.4387641   0.22824126]"
1747093051.9520814,"[ 0.00000000e+00 -2.07850668e-01  9.20476956e-01  2.96265007e+00
 -2.05022684e+00 -9.90695926e-05  9.60027562e-01  1.57093148e+00]","[ 0.00000000e+00 -2.15859050e-03  2.11700001e-01  3.69553523e-04
  3.18715035e-01 -6.88867318e-05 -8.46564929e-05  2.11957060e-05]","[ 0.         -0.97405094 15.59393311  1.79597068 -0.17902724 -0.23723318
 -1.42874324  0.22234827]"
1747093051.9538865,"[ 0.00000000e+00 -2.07850668e-01  9.20889813e-01  2.96265007e+00
 -2.04959514e+00 -9.90695926e-05  9.60027562e-01  1.57093148e+00]","[ 0.00000000e+00  5.01536919e-04  2.08515244e-01  1.86160649e-04
  3.20335602e-01 -6.88867318e-05 -7.41857136e-05  2.11959173e-05]","[ 0.         -0.98317367 15.46369743  1.72558701 -0.09757248 -0.22890523
 -1.41511428  0.22145504]"
1747093051.955629,"[ 0.00000000e+00 -2.07849603e-01  9.21318648e-01  2.96265060e+00
 -2.04893947e+00 -9.90695926e-05  9.60027562e-01  1.57093148e+00]","[ 0.00000000e+00  5.26663382e-04  2.08944146e-01  5.27881270e-05
  3.20231339e-01 -6.88867318e-05 -7.41857136e-05  2.11959173e-05]","[ 0.         -0.98993826 15.3757      1.64978385 -0.09460382 -0.24899693
 -1.39584315  0.20704426]"
1747093051.957977,"[ 0.00000000e+00 -2.07851201e-01  9.21731971e-01  2.96265060e+00
 -2.04830670e+00 -9.90695926e-05  9.60027562e-01  1.57093148e+00]","[ 0.00000000e+00 -1.32495580e-04  2.09922924e-01  0.00000000e+00
  3.21145902e-01 -5.82887721e-05 -7.41857136e-05  2.12121679e-05]","[ 0.         -1.00589716 15.24163342  1.58836472 -0.19379677 -0.25025749
 -1.408921    0.22477923]"
1747093051.959746,"[ 0.00000000e+00 -2.07851201e-01  9.22144295e-01  2.96265060e+00
 -2.04764437e+00 -9.90695926e-05  9.60027562e-01  1.57093148e+00]","[ 0.00000000e+00 -3.19132556e-04  2.09055449e-01  0.00000000e+00
  3.24657180e-01 -5.83328791e-05 -7.41857136e-05  2.11961286e-05]","[ 0.         -0.9942261  15.18101978  1.54503655 -0.32219738 -0.28056931
 -1.43458271  0.24228385]"
1747093051.961534,"[ 0.00000000e+00 -2.07851201e-01  9.22573197e-01  2.96265060e+00
 -2.04700282e+00 -9.90695926e-05  9.60027562e-01  1.57093148e+00]","[ 0.00000000e+00 -2.66627190e-04  2.09055449e-01  0.00000000e+00
  3.25407526e-01 -5.82887721e-05 -7.41857136e-05  2.12119566e-05]","[ 0.         -0.96559519 15.13519859  1.50026095 -0.47109926 -0.25174898
 -1.46688318  0.24044949]"
1747093051.9627354,"[ 0.00000000e+00 -2.07851201e-01  9.22779392e-01  2.96265060e+00
 -2.04665847e+00 -9.90695926e-05  9.60026563e-01  1.57093241e+00]","[ 0.00000000e+00 -2.26491366e-04  2.09055449e-01  0.00000000e+00
  3.24243624e-01 -5.82887721e-05 -8.47836692e-05  2.91443860e-05]","[ 0.         -0.96077257 15.08041763  1.44686782 -0.56388527 -0.21465373
 -1.47279298  0.25313327]"
1747093051.965139,"[ 0.00000000e+00 -2.07851734e-01  9.23199506e-01  2.96265060e+00
 -2.04601798e+00 -9.90695926e-05  9.60026563e-01  1.57093241e+00]","[ 0.00000000e+00 -7.63083427e-05  2.04877832e-01  0.00000000e+00
  3.24116958e-01 -5.83328791e-05 -7.67779151e-05  2.91440955e-05]","[ 0.         -0.95966721 15.09478283  1.40176356 -0.68788916 -0.13631639
 -1.46445441  0.26681218]"
1747093051.966824,"[ 0.00000000e+00 -2.07852799e-01  9.23606836e-01  2.96265060e+00
 -2.04534793e+00 -9.90695926e-05  9.60026563e-01  1.57093241e+00]","[ 0.00000000e+00 -1.98718647e-04  2.07164771e-01  0.00000000e+00
  3.28255910e-01 -5.82887721e-05 -7.68351964e-05  2.91443860e-05]","[ 0.         -1.00690305 15.11952496  1.34757113 -0.81466937 -0.1249861
 -1.43049073  0.27680144]"
1747093051.968519,"[ 0.00000000e+00 -2.07853331e-01  9.24032942e-01  2.96265060e+00
 -2.04469865e+00 -9.90695926e-05  9.60026563e-01  1.57093241e+00]","[ 0.00000000e+00 -2.36017385e-04  2.08192552e-01  0.00000000e+00
  3.29789025e-01 -4.77269018e-05 -7.67771511e-05  2.91443860e-05]","[ 0.         -0.99247187 15.14721012  1.3172065  -0.8737601  -0.09204537
 -1.45900702  0.29034182]"
1747093051.970794,"[ 0.00000000e+00 -2.07853331e-01  9.24446664e-01  2.96265007e+00
 -2.04404937e+00 -9.90695926e-05  9.60026563e-01  1.57093241e+00]","[ 0.00000000e+00 -2.11152508e-04  2.10135844e-01 -2.20789347e-05
  3.29248836e-01 -4.23918346e-05 -7.68344325e-05  2.91664395e-05]","[ 0.         -1.05770588 15.1099472   1.30068219 -0.93969458 -0.11050587
 -1.47913432  0.26502177]"
1747093051.973096,"[ 0.00000000e+00 -2.07853864e-01  9.24877430e-01  2.96265007e+00
 -2.04337906e+00 -9.90695926e-05  9.60026563e-01  1.57093241e+00]","[ 0.00000000e+00 -2.40444305e-04  2.09642426e-01 -2.12119566e-05
  3.27358125e-01 -3.18179359e-05 -7.68351964e-05  2.91664395e-05]","[ 0.         -1.10098672 15.11400127  1.28989172 -0.9341135  -0.1528704
 -1.46218789  0.2436365 ]"
1747093051.9753015,"[ 0.00000000e+00 -2.07854397e-01  9.25287424e-01  2.96265060e+00
 -2.04270767e+00 -9.90695926e-05  9.60026563e-01  1.57093241e+00]","[ 0.00000000e+00 -2.64947208e-04  2.06685036e-01  0.00000000e+00
  3.27754370e-01 -2.11959173e-05 -7.68351964e-05  2.91664395e-05]","[ 0.         -1.12213528 15.09407902  1.26397943 -0.86261767 -0.17171411
 -1.4588244   0.2415856 ]"
1747093051.9771361,"[ 0.00000000e+00 -2.07856527e-01  9.25904146e-01  2.96265060e+00
 -2.04173322e+00 -9.90695926e-05  9.60026563e-01  1.57093241e+00]","[ 0.00000000e+00 -3.54591707e-04  2.02032910e-01  0.00000000e+00
  3.30599325e-01 -2.11959173e-05 -6.62372408e-05  2.91446766e-05]","[ 0.         -1.17132413 15.1234684   1.28616369 -0.68260437 -0.18279949
 -1.4414326   0.22528286]"
1747093051.978907,"[ 0.00000000e+00 -2.07857060e-01  9.26103417e-01  2.96265060e+00
 -2.04140672e+00 -9.90695926e-05  9.60026563e-01  1.57093241e+00]","[ 0.00000000e+00 -3.64294885e-04  2.02032910e-01  0.00000000e+00
  3.31139514e-01 -2.11959173e-05 -6.62372408e-05  2.91443860e-05]","[ 0.         -1.16752803 15.12042046  1.28444505 -0.66870379 -0.17098793
 -1.44295323  0.22590013]"
1747093051.981247,"[ 0.00000000e+00 -2.07858658e-01  9.26714146e-01  2.96265113e+00
 -2.04039978e+00 -9.90695926e-05  9.60025631e-01  1.57093241e+00]","[ 0.00000000e+00 -3.83506998e-04  2.00479088e-01  3.21337047e-05
  3.32490003e-01 -2.11957060e-05 -7.41857136e-05  2.91443860e-05]","[ 0.         -1.23180616 15.14239311  1.33545053 -0.6427272  -0.20231684
 -1.46213925  0.25956416]"
1747093051.982999,"[ 0.00000000e+00 -2.07859190e-01  9.26912086e-01  2.96265140e+00
 -2.04004584e+00 -9.90695926e-05  9.60025631e-01  1.57093241e+00]","[ 0.00000000e+00 -3.90063894e-04  2.00682421e-01  3.90069591e-05
  3.33271274e-01 -2.11957060e-05 -7.41849740e-05  2.91443860e-05]","[ 0.         -1.23006308 15.11884403  1.3646493  -0.68561232 -0.22343123
 -1.47583508  0.26054978]"
1747093051.9847791,"[ 0.00000000e+00 -2.07860256e-01  9.27320282e-01  2.96265246e+00
 -2.03938778e+00 -9.90695926e-05  9.60025631e-01  1.57093241e+00]","[ 0.00000000e+00 -4.04083233e-04  1.98608617e-01  6.62368019e-05
  3.33300270e-01 -2.11959173e-05 -7.42418490e-05  2.91446766e-05]","[ 0.         -1.24314523 15.12704945  1.45137274 -0.76175225 -0.25849476
 -1.46744668  0.24353814]"
1747093051.9865768,"[ 0.00000000e+00 -2.07861854e-01  9.27706040e-01  2.96265326e+00
 -2.03872651e+00 -9.90695926e-05  9.60025631e-01  1.57093241e+00]","[ 0.00000000e+00 -4.56864797e-04  1.95010370e-01  8.37515887e-05
  3.35390984e-01 -2.11959173e-05 -7.41857136e-05  1.85464284e-05]","[ 0.         -1.22455502 15.20480061  1.52159965 -0.79173553 -0.27579707
 -1.47283137  0.24722603]"
1747093051.9882433,"[ 0.00000000e+00 -2.07862919e-01  9.28105515e-01  2.96265433e+00
 -2.03804368e+00 -9.90695926e-05  9.60025631e-01  1.57093241e+00]","[ 0.00000000e+00 -4.63676827e-04  1.94740276e-01  1.05980645e-04
  3.33232392e-01 -2.11959173e-05 -7.42418490e-05  1.85464284e-05]","[ 0.         -1.20214188 15.35347652  1.53517282 -0.79988813 -0.25015691
 -1.48254347  0.26146936]"
1747093051.989896,"[ 0.00000000e+00 -2.07863452e-01  9.28296064e-01  2.96265513e+00
 -2.03771398e+00 -9.90695926e-05  9.60025631e-01  1.57093241e+00]","[ 0.00000000e+00 -4.66663033e-04  1.93389787e-01  1.22839533e-04
  3.34380681e-01 -2.11959173e-05 -7.41857136e-05  1.85606472e-05]","[ 0.         -1.21805978 15.45273685  1.57547951 -0.76131344 -0.21614371
 -1.48254347  0.25613278]"
1747093051.991637,"[ 0.00000000e+00 -2.07863984e-01  9.28696004e-01  2.96265699e+00
 -2.03702715e+00 -9.90695926e-05  9.60024699e-01  1.57093241e+00]","[ 0.00000000e+00 -4.51084093e-04  1.95850165e-01  1.60130867e-04
  3.35778974e-01 -3.17938749e-05 -7.41857136e-05  1.85464284e-05]","[ 0.         -1.22281253 15.6785059   1.60802162 -0.65953696 -0.17079093
 -1.46894372  0.26332682]"
1747093051.9934046,"[ 0.00000000e+00 -2.07864517e-01  9.28891147e-01  2.96265806e+00
 -2.03669372e+00 -9.90695926e-05  9.60024699e-01  1.57093241e+00]","[ 0.00000000e+00 -4.51084093e-04  1.97780857e-01  1.80647187e-04
  3.38162037e-01 -3.18179359e-05 -7.42418490e-05  1.85464284e-05]","[ 0.         -1.19614565 15.78593636  1.61411107 -0.65706372 -0.1850864
 -1.46013868  0.25685644]"
1747093051.9946198,"[ 0.00000000e+00 -2.07866115e-01  9.29287026e-01  2.96265965e+00
 -2.03602793e+00 -9.90695926e-05  9.60024699e-01  1.57093241e+00]","[ 0.00000000e+00 -4.74164129e-04  2.01222626e-01  2.07523545e-04
  3.37891959e-01 -2.11959173e-05 -7.41857136e-05  1.85184257e-05]","[ 0.         -1.1621958  15.93249893  1.65997577 -0.68197572 -0.21697482
 -1.47200894  0.23937222]"
1747093051.9969637,"[ 0.00000000e+00 -2.07867180e-01  9.29701614e-01  2.96266152e+00
 -2.03533764e+00 -9.90695926e-05  9.60024699e-01  1.57093241e+00]","[ 0.00000000e+00 -4.78340565e-04  2.01868609e-01  2.37353468e-04
  3.37283593e-01 -2.11796931e-05 -7.42411095e-05  1.85462435e-05]","[ 0.         -1.16274345 16.0389328   1.68519855 -0.72543186 -0.24016424
 -1.50741875  0.22801705]"
1747093051.9982233,"[ 0.00000000e+00 -2.07867713e-01  9.30098824e-01  2.96266445e+00
 -2.03467265e+00 -9.96022248e-05  9.60024699e-01  1.57093241e+00]","[ 0.00000000e+00 -4.63662425e-04  2.01492721e-01  2.86361403e-04
  3.37351737e-01 -2.64948971e-05 -7.41857136e-05  1.85606472e-05]","[ 0.         -1.11495447 16.11800766  1.69778895 -0.78505349 -0.25701109
 -1.50029707  0.21396758]"
1747093052.000485,"[ 0.00000000e+00 -2.07868778e-01  9.30512546e-01  2.96266764e+00
 -2.03397943e+00 -9.96022248e-05  9.60024699e-01  1.57093241e+00]","[ 0.00000000e+00 -4.82005565e-04  2.01617839e-01  3.36283450e-04
  3.38035869e-01 -2.65152094e-05 -7.42418490e-05  1.85184257e-05]","[ 0.         -1.05618727 16.17900467  1.71481204 -0.8428936  -0.25616112
 -1.50611556  0.22177614]"
1747093052.0022464,"[ 0.00000000e+00 -2.07869310e-01  9.30908825e-01  2.96267084e+00
 -2.03331497e+00 -9.96022248e-05  9.60023767e-01  1.57093241e+00]","[ 0.00000000e+00 -4.67043684e-04  2.01018745e-01  4.28941300e-04
  3.36271359e-01 -2.64548924e-05 -8.47836692e-05  1.85186086e-05]","[ 0.         -0.97416335 16.26254845  1.69908297 -0.87496006 -0.24922924
 -1.53992498  0.2286189 ]"
1747093052.00389,"[ 0.00000000e+00 -2.07869310e-01  9.31107230e-01  2.96267270e+00
 -2.03298474e+00 -9.96022248e-05  9.60023767e-01  1.57093241e+00]","[ 0.00000000e+00 -4.67030062e-04  2.01222626e-01  5.50815770e-04
  3.34920870e-01 -2.64548924e-05 -8.48478263e-05  1.85186086e-05]","[ 0.         -0.92561769 16.29065704  1.68755949 -0.86096495 -0.24273971
 -1.58188069  0.21997568]"
1747093052.0056992,"[ 0.00000000e+00 -2.07869843e-01  9.31526012e-01  2.96267723e+00
 -2.03229791e+00 -9.96022248e-05  9.60023767e-01  1.57093241e+00]","[ 0.00000000e+00 -4.70107880e-04  2.05274077e-01  1.14211042e-03
  3.36200485e-01 -2.64548924e-05 -8.47836692e-05  1.85324169e-05]","[ 0.         -0.85346818 16.35167694  1.70872128 -0.81659997 -0.27465215
 -1.57912302  0.25640434]"
1747093052.0074549,"[ 0.00000000e+00 -2.07869843e-01  9.31934208e-01  2.96268229e+00
 -2.03163398e+00 -9.96022248e-05  9.60023767e-01  1.57093335e+00]","[ 0.00000000e+00 -4.41590892e-04  2.06894660e-01  1.88842321e-03
  3.36541470e-01 -2.64548924e-05 -7.42418490e-05  2.64548924e-05]","[ 0.         -0.81237137 16.38879204  1.71558046 -0.75992388 -0.31459013
 -1.5445677   0.27003697]"
1747093052.0092387,"[ 0.00000000e+00 -2.07869843e-01  9.32139471e-01  2.96268549e+00
 -2.03127659e+00 -9.96022248e-05  9.60023767e-01  1.57093335e+00]","[ 0.00000000e+00 -4.41578669e-04  2.08245149e-01  2.18316089e-03
  3.36531283e-01 -2.64551545e-05 -7.42418490e-05  2.64548924e-05]","[ 0.         -0.7840091  16.44068909  1.7375766  -0.7417751  -0.34028888
 -1.53141713  0.24220619]"
1747093052.0111394,"[ 0.00000000e+00 -2.07869843e-01  9.32569772e-01  2.96269188e+00
 -2.03061639e+00 -1.00667489e-04  9.60022768e-01  1.57093335e+00]","[ 0.00000000e+00 -4.28988568e-04  2.10946127e-01  2.84402328e-03
  3.33840492e-01 -3.70368514e-05 -8.47836692e-05  2.64548924e-05]","[ 0.         -0.71940494 16.37729263  1.77890742 -0.63464546 -0.33078724
 -1.56719553  0.22225823]"
1747093052.0129135,"[ 0.00000000e+00 -2.07869843e-01  9.32988554e-01  2.96270067e+00
 -2.02996019e+00 -1.00667489e-04  9.60022768e-01  1.57093335e+00]","[ 0.00000000e+00 -4.01207949e-04  2.12081516e-01  3.61515067e-03
  3.33300270e-01 -3.70089097e-05 -8.48478263e-05  2.64548924e-05]","[ 0.         -0.67890215 16.27432251  1.79714298 -0.56848681 -0.31494951
 -1.56836128  0.23664047]"
1747093052.015288,"[ 0.00000000e+00 -2.07870376e-01  9.33425245e-01  2.96271159e+00
 -2.02927815e+00 -1.00667489e-04  9.60022768e-01  1.57093335e+00]","[ 0.00000000e+00 -3.72550262e-04  2.12836805e-01  5.13011743e-03
  3.33030192e-01 -3.70372172e-05 -8.47836692e-05  1.85044548e-05]","[ 0.         -0.57285917 16.15209007  1.80803645 -0.52035731 -0.29606217
 -1.50343394  0.25355494]"
1747093052.0170457,"[ 0.00000000e+00 -2.07869843e-01  9.33849487e-01  2.96272597e+00
 -2.02862062e+00 -1.00667489e-04  9.60022768e-01  1.57093335e+00]","[ 0.00000000e+00 -3.43892542e-04  2.14997594e-01  7.02200678e-03
  3.32692769e-01 -3.70368514e-05 -8.48478263e-05  1.85186086e-05]","[ 0.         -0.54220593 15.93557358  1.79941881 -0.46538326 -0.23623404
 -1.45430338  0.27253613]"
1747093052.0187354,"[ 0.00000000e+00 -2.07869843e-01  9.34289841e-01  2.96274514e+00
 -2.02794018e+00 -1.00667489e-04  9.60022768e-01  1.57093335e+00]","[ 0.00000000e+00 -3.21047775e-04  2.14706394e-01  9.72350907e-03
  3.31613457e-01 -3.70368514e-05 -8.47836692e-05  1.85184257e-05]","[ 0.         -0.48055017 15.73378849  1.76690459 -0.34093925 -0.22055429
 -1.46810865  0.26289585]"
1747093052.0210772,"[ 0.00000000e+00 -2.07870376e-01  9.34714149e-01  2.96277124e+00
 -2.02728291e+00 -1.00667489e-04  9.60022768e-01  1.57093335e+00]","[ 0.00000000e+00 -2.93122880e-04  2.14997594e-01  1.37922658e-02
  3.33030192e-01 -3.70089097e-05 -8.48486716e-05  1.85184257e-05]","[ 0.         -0.47040683 15.53755283  1.77651727 -0.26268306 -0.24295257
 -1.44400203  0.25877002]"
1747093052.0226898,"[ 0.00000000e+00 -2.07870376e-01  9.35152239e-01  2.96280480e+00
 -2.02660034e+00 -1.00667489e-04  9.60022768e-01  1.57093335e+00]","[ 0.00000000e+00 -2.65213378e-04  2.13153189e-01  1.80965312e-02
  3.33772814e-01 -3.70372172e-05 -8.47836692e-05  1.85184257e-05]","[ 0.         -0.46253794 15.42226696  1.75025094 -0.20088512 -0.27829993
 -1.43636298  0.22766392]"
1747093052.0244772,"[ 0.00000000e+00 -2.07869843e-01  9.35568691e-01  2.96284954e+00
 -2.02594307e+00 -1.01732754e-04  9.60022768e-01  1.57093335e+00]","[ 0.00000000e+00 -2.30870677e-04  2.10732392e-01  2.30706982e-02
  3.32490003e-01 -4.75828816e-05 -7.68933393e-05  1.85184257e-05]","[ 0.         -0.47335014 15.33232784  1.73487914 -0.17466378 -0.30580649
 -1.42701304  0.21021935]"
1747093052.0262604,"[ 0.00000000e+00 -2.07870376e-01  9.35981547e-01  2.96290227e+00
 -2.02526077e+00 -1.01732754e-04  9.60022768e-01  1.57093335e+00]","[ 0.00000000e+00 -2.04099715e-04  2.08515244e-01  2.80901368e-02
  3.33020505e-01 -4.76188043e-05 -7.67199429e-05  1.85324169e-05]","[ 0.         -0.4893539  15.26914978  1.70407903 -0.16197041 -0.30097646
 -1.4364835   0.22644117]"
1747093052.0280914,"[ 0.00000000e+00 -2.07870376e-01  9.36200992e-01  2.96293156e+00
 -2.02493374e+00 -1.01732754e-04  9.60022768e-01  1.57093335e+00]","[ 0.00000000e+00 -1.99085075e-04  2.06633204e-01  2.96806203e-02
  3.31679703e-01 -4.76188043e-05 -7.67771511e-05  1.85184257e-05]","[ 0.         -0.48944378 15.19629383  1.70287967 -0.24516778 -0.29010233
 -1.43547893  0.25163284]"
1747093052.0298004,"[ 0.00000000e+00 -2.07870376e-01  9.36605126e-01  2.96299628e+00
 -2.02427727e+00 -1.01732754e-04  9.60022768e-01  1.57093335e+00]","[ 0.00000000e+00 -1.72218552e-04  2.05003982e-01  3.23186999e-02
  3.32760081e-01 -4.76188043e-05 -6.61372301e-05  1.85186086e-05]","[ 0.         -0.49816164 15.14967537  1.67951274 -0.37494585 -0.2716293
 -1.42514324  0.27326369]"
1747093052.0315883,"[ 0.00000000e+00 -2.07870376e-01  9.37027570e-01  2.96306525e+00
 -2.02359470e+00 -1.01732754e-04  9.60022768e-01  1.57093335e+00]","[ 0.00000000e+00 -1.59272036e-04  2.05937753e-01  3.53827707e-02
  3.33232392e-01 -4.76188043e-05 -6.61872009e-05  1.85184257e-05]","[ 0.         -0.54725969 15.15668488  1.66354692 -0.51959962 -0.27565822
 -1.44594693  0.27646244]"
1747093052.0332973,"[ 0.00000000e+00 -2.07870376e-01  9.37434834e-01  2.96314408e+00
 -2.02293956e+00 -1.02798018e-04  9.60022768e-01  1.57093335e+00]","[ 0.00000000e+00 -1.42231788e-04  2.06354471e-01  3.96214163e-02
  3.31949814e-01 -4.76192757e-05 -6.61372301e-05  1.85184257e-05]","[ 0.         -0.56310546 15.14441299  1.65951204 -0.64721626 -0.29816759
 -1.48843575  0.25614464]"
1747093052.0350673,"[ 0.00000000e+00 -2.07870376e-01  9.37654345e-01  2.96318696e+00
 -2.02258882e+00 -1.02798018e-04  9.60022768e-01  1.57093335e+00]","[ 0.00000000e+00 -1.16371468e-04  2.06633204e-01  4.34416335e-02
  3.30262069e-01 -4.76192757e-05 -5.82007654e-05  1.85186086e-05]","[ 0.         -0.5816986  15.21903324  1.63553011 -0.70907104 -0.31204358
 -1.50174797  0.25539595]"
1747093052.0367475,"[ 0.00000000e+00 -2.07870376e-01  9.38060744e-01  2.96328017e+00
 -2.02193981e+00 -1.02798018e-04  9.60022768e-01  1.57093335e+00]","[ 0.00000000e+00 -7.75809758e-05  2.05814282e-01  4.83474467e-02
  3.29454865e-01 -4.75828816e-05 -5.82447383e-05  1.85184257e-05]","[ 0.         -0.60268861 15.26061726  1.58812916 -0.83593535 -0.31400698
 -1.51937985  0.25497186]"
1747093052.0384116,"[ 0.00000000e+00 -2.07870376e-01  9.38479526e-01  2.96338670e+00
 -2.02126816e+00 -1.02798018e-04  9.60022768e-01  1.57093335e+00]","[ 0.00000000e+00 -7.57656083e-05  2.03623982e-01  5.26690081e-02
  3.27754370e-01 -4.76188043e-05 -5.82007654e-05  1.85184257e-05]","[ 0.         -0.67425066 15.34651756  1.54741836 -0.82848614 -0.25788507
 -1.49755561  0.25279966]"
1747093052.040745,"[ 0.00000000e+00 -2.07870376e-01  9.38873074e-01  2.96349828e+00
 -2.02062421e+00 -1.02798018e-04  9.60022768e-01  1.57093335e+00]","[ 0.00000000e+00 -6.31395037e-05  1.98521648e-01  5.72606640e-02
  3.26007669e-01 -4.75833530e-05 -5.82447383e-05  1.85184257e-05]","[ 0.         -0.74800116 15.42268658  1.49275291 -0.77124542 -0.20246115
 -1.45249224  0.24426234]"
1747093052.042439,"[ 0.00000000e+00 -2.07870908e-01  9.39282669e-01  2.96362452e+00
 -2.01998798e+00 -1.02798018e-04  9.60022768e-01  1.57093335e+00]","[ 0.00000000e+00 -7.23832604e-05  1.99924984e-01  6.32028089e-02
  3.21686091e-01 -4.76188043e-05 -5.82007654e-05  1.85324169e-05]","[ 0.         -0.83563644 15.45430851  1.46309781 -0.65990996 -0.1799818
 -1.44538081  0.28380737]"
1747093052.0441866,"[ 0.00000000e+00 -2.07871441e-01  9.39479143e-01  2.96368843e+00
 -2.01964630e+00 -1.02798018e-04  9.60022768e-01  1.57093335e+00]","[ 0.00000000e+00 -7.23832604e-05  1.99331932e-01  6.48233924e-02
  3.21735925e-01 -4.76188043e-05 -5.82007654e-05  1.85184257e-05]","[ 0.         -0.88715184 15.44979286  1.44307256 -0.59614938 -0.17536014
 -1.45567966  0.28722888]"
1747093052.0458667,"[ 0.00000000e+00 -2.07872506e-01  9.39870894e-01  2.96381786e+00
 -2.01901033e+00 -1.02798018e-04  9.60022768e-01  1.57093335e+00]","[ 0.00000000e+00 -9.22306862e-05  1.98521648e-01  6.56336883e-02
  3.22226280e-01 -3.70368514e-05 -4.76547840e-05  1.85184257e-05]","[ 0.         -1.01450288 15.47240543  1.33099103 -0.50499231 -0.19777465
 -1.43339038  0.25586039]"
1747093052.0475798,"[ 0.00000000e+00 -2.07873572e-01  9.40276361e-01  2.96395608e+00
 -2.01834721e+00 -1.02798018e-04  9.60022768e-01  1.57093335e+00]","[ 0.00000000e+00 -1.10568844e-04  1.97981443e-01  6.80645635e-02
  3.23576769e-01 -3.70372172e-05 -4.76188043e-05  1.85184257e-05]","[ 0.         -1.07731974 15.44195461  1.27449882 -0.45020744 -0.21443984
 -1.43064952  0.26260847]"
1747093052.0492628,"[ 0.00000000e+00 -2.07875169e-01  9.40662053e-01  2.96409510e+00
 -2.01770938e+00 -1.02798018e-04  9.60022768e-01  1.57093335e+00]","[ 0.00000000e+00 -1.30021298e-04  1.95010370e-01  7.07655415e-02
  3.23306691e-01 -3.70368514e-05 -4.76547840e-05  1.85186086e-05]","[ 0.         -1.15959144 15.47518539  1.22552204 -0.45571309 -0.24395767
 -1.44590318  0.24464343]"
1747093052.050953,"[ 0.00000000e+00 -2.07875702e-01  9.40866384e-01  2.96416913e+00
 -2.01736770e+00 -1.02798018e-04  9.60022768e-01  1.57093335e+00]","[ 0.00000000e+00 -1.37877721e-04  1.92339403e-01  6.97136303e-02
  3.21735925e-01 -3.70368514e-05 -4.76188043e-05  1.85184257e-05]","[ 0.         -1.171983   15.52558422  1.21573329 -0.46653366 -0.25211895
 -1.45547068  0.23029774]"
1747093052.0532703,"[ 0.00000000e+00 -2.07877300e-01  9.41240159e-01  2.96430922e+00
 -2.01673360e+00 -1.02798018e-04  9.60021836e-01  1.57093335e+00]","[ 0.00000000e+00 -1.63280806e-04  1.89068225e-01  7.18459277e-02
  3.21686091e-01 -3.70092754e-05 -5.82007654e-05  1.85186086e-05]","[ 0.         -1.20330977 15.57202053  1.17740917 -0.4782047  -0.25402424
 -1.49711156  0.21342054]"
1747093052.054989,"[ 0.00000000e+00 -2.07878898e-01  9.41626783e-01  2.96446075e+00
 -2.01609710e+00 -1.02798018e-04  9.60021836e-01  1.57093335e+00]","[ 0.00000000e+00 -1.86574948e-04  1.89079411e-01  7.39766979e-02
  3.22766469e-01 -3.70372172e-05 -5.82007654e-05  1.85186086e-05]","[ 0.         -1.25689006 15.66443539  1.15418506 -0.51729637 -0.2438641
 -1.49590349  0.24421968]"
1747093052.0560853,"[ 0.00000000e+00 -2.07880496e-01  9.42003820e-01  2.96460776e+00
 -2.01543744e+00 -1.02798018e-04  9.60021836e-01  1.57093335e+00]","[ 0.00000000e+00 -2.08455505e-04  1.91305081e-01  7.45469056e-02
  3.22226280e-01 -3.70089097e-05 -5.82007654e-05  1.85184257e-05]","[ 0.         -1.33159864 15.83490181  1.1185838  -0.55099195 -0.22290404
 -1.50880086  0.25997555]"
1747093052.0578258,"[ 0.00000000e+00 -2.07881561e-01  9.42193437e-01  2.96468099e+00
 -2.01512052e+00 -1.02798018e-04  9.60021836e-01  1.57093335e+00]","[ 0.00000000e+00 -2.23485948e-04  1.92309409e-01  7.42768028e-02
  3.21415980e-01 -3.70368514e-05 -5.82007654e-05  1.85184257e-05]","[ 0.         -1.37575078 15.87137604  1.14101362 -0.5824455  -0.21640219
 -1.51600897  0.26200303]"
1747093052.0600622,"[ 0.00000000e+00 -2.07884224e-01  9.42592512e-01  2.96483599e+00
 -2.01446618e+00 -1.02798018e-04  9.60021836e-01  1.57093335e+00]","[ 0.00000000e+00 -2.60706420e-04  1.96090765e-01  7.52305391e-02
  3.19178492e-01 -3.70372172e-05 -5.82013384e-05  1.85325998e-05]","[ 0.         -1.42322648 16.00165749  1.12812817 -0.56296319 -0.20580524
 -1.54841447  0.27107626]"
1747093052.0612288,"[ 0.00000000e+00 -2.07887420e-01  9.42978670e-01  2.96497740e+00
 -2.01383102e+00 -1.02798018e-04  9.60020904e-01  1.57093335e+00]","[ 0.00000000e+00 -3.04510429e-04  1.95550576e-01  7.07655415e-02
  3.22226280e-01 -3.70372172e-05 -6.61378843e-05  1.85184257e-05]","[ 0.         -1.46869278 16.1062603   1.08107412 -0.62374556 -0.18848526
 -1.55511022  0.23409501]"
1747093052.0635722,"[ 0.00000000e+00 -2.07890616e-01  9.43376347e-01  2.96511695e+00
 -2.01317162e+00 -1.02798018e-04  9.60020904e-01  1.57093335e+00]","[ 0.00000000e+00 -3.97996974e-04  1.93593252e-01  6.75243704e-02
  3.22237465e-01 -3.70368514e-05 -5.55552731e-05  1.05819570e-05]","[ 0.         -1.48936486 16.14875793  1.07918561 -0.70970422 -0.19084944
 -1.52300656  0.23587668]"
1747093052.066277,"[ 0.00000000e+00 -2.07893812e-01  9.43758377e-01  2.96524558e+00
 -2.01253992e+00 -1.02798018e-04  9.60020904e-01  1.57093335e+00]","[ 0.00000000e+00 -6.86502332e-04  1.93389787e-01  6.42180684e-02
  3.19795413e-01 -3.70089097e-05 -5.55552731e-05  1.05820616e-05]","[ 0.         -1.49877    16.20181084  1.1204623  -0.74274147 -0.19698802
 -1.54565895  0.26059741]"
1747093052.0673933,"[ 0.00000000e+00 -2.07897007e-01  9.44151859e-01  2.96537182e+00
 -2.01191168e+00 -1.02798018e-04  9.60020904e-01  1.57093335e+00]","[ 0.00000000e+00 -1.24818615e-03  1.91587110e-01  6.15822255e-02
  3.18444924e-01 -3.70368514e-05 -5.55552731e-05  1.05820616e-05]","[ 0.         -1.50391662 16.31761742  1.15386581 -0.6954146  -0.2051764
 -1.57215345  0.23868115]"
1747093052.069085,"[ 0.00000000e+00 -2.07900736e-01  9.44535288e-01  2.96549539e+00
 -2.01126107e+00 -1.02798018e-04  9.60020904e-01  1.57093335e+00]","[ 0.00000000e+00 -1.59789665e-03  1.94740276e-01  6.39482444e-02
  3.17634624e-01 -3.70089097e-05 -5.55552731e-05  1.05819570e-05]","[ 0.         -1.50947464 16.41361427  1.16506684 -0.68654549 -0.22787665
 -1.55575407  0.22520849]"
1747093052.0708525,"[ 0.00000000e+00 -2.07902866e-01  9.44742881e-01  2.96556277e+00
 -2.01094655e+00 -1.02798018e-04  9.60020904e-01  1.57093335e+00]","[ 0.00000000e+00 -1.68922006e-03  1.95599395e-01  6.35042205e-02
  3.18985113e-01 -3.70368514e-05 -5.55552731e-05  1.05819570e-05]","[ 0.         -1.49767578 16.43943024  1.17536581 -0.71446609 -0.23817722
 -1.5668571   0.22260164]"
1747093052.0726163,"[ 0.00000000e+00 -2.07906062e-01  9.45129972e-01  2.96568714e+00
 -2.01032017e+00 -1.02798018e-04  9.60020904e-01  1.57093335e+00]","[ 0.00000000e+00 -1.70204030e-03  1.96630970e-01  6.29327103e-02
  3.17634624e-01 -3.70092754e-05 -5.55558217e-05  1.05819570e-05]","[ 0.         -1.4611876  16.45648193  1.2086792  -0.71994513 -0.23828354
 -1.6065712   0.22790191]"
1747093052.0744057,"[ 0.00000000e+00 -2.07909791e-01  9.45512468e-01  2.96581337e+00
 -2.00967089e+00 -1.02798018e-04  9.60019905e-01  1.57093335e+00]","[ 0.00000000e+00 -1.74218095e-03  1.93856506e-01  6.50934910e-02
  3.17094435e-01 -3.70368514e-05 -6.61372301e-05  1.05820616e-05]","[ 0.         -1.41760063 16.41997337  1.25552332 -0.75980163 -0.26265413
 -1.60921586  0.23747571]"
1747093052.0761595,"[ 0.00000000e+00 -2.07911388e-01  9.45716799e-01  2.96588474e+00
 -2.00935957e+00 -1.02798018e-04  9.60019905e-01  1.57093335e+00]","[ 0.00000000e+00 -1.74200813e-03  1.92158474e-01  6.72059479e-02
  3.15743946e-01 -3.70368514e-05 -6.61372301e-05  1.05739739e-05]","[ 0.         -1.39769256 16.38723946  1.28327048 -0.74154299 -0.27280509
 -1.60430682  0.24110629]"
1747093052.0779622,"[ 0.00000000e+00 -2.07915117e-01  9.46128258e-01  2.96601976e+00
 -2.00871429e+00 -1.02798018e-04  9.60019905e-01  1.57093335e+00]","[ 0.00000000e+00 -1.76993426e-03  1.93301503e-01  6.86047607e-02
  3.15203757e-01 -3.70368514e-05 -6.60873364e-05  1.05819570e-05]","[ 0.         -1.34374905 16.41363525  1.32176113 -0.78636628 -0.2889207
 -1.59408855  0.23527606]"
1747093052.079726,"[ 0.00000000e+00 -2.07918845e-01  9.46522672e-01  2.96616571e+00
 -2.00809430e+00 -1.02798018e-04  9.60019905e-01  1.57093335e+00]","[ 0.00000000e+00 -1.77013036e-03  1.92339403e-01  7.26562194e-02
  3.14074910e-01 -3.70372172e-05 -6.61378843e-05  1.05900569e-05]","[ 0.         -1.31794512 16.4438591   1.33572352 -0.85150665 -0.29063067
 -1.60533834  0.23571412]"
1747093052.0809147,"[ 0.00000000e+00 -2.07920443e-01  9.46713221e-01  2.96624107e+00
 -2.00778591e+00 -1.02798018e-04  9.60018973e-01  1.57093335e+00]","[ 0.00000000e+00 -1.77013036e-03  1.93389787e-01  7.64375836e-02
  3.12772890e-01 -3.70372172e-05 -6.61372301e-05  1.05819570e-05]","[ 0.         -1.28800344 16.45066833  1.35103369 -0.91340935 -0.29274255
 -1.63561058  0.23588318]"
1747093052.0827043,"[ 0.00000000e+00 -2.07924172e-01  9.47115491e-01  2.96639793e+00
 -2.00714755e+00 -1.02798018e-04  9.60018973e-01  1.57093335e+00]","[ 0.00000000e+00 -1.81366420e-03  1.97605554e-01  8.04890505e-02
  3.10612101e-01 -3.70372172e-05 -6.61378843e-05  1.05819570e-05]","[ 0.         -1.25547183 16.47868156  1.36408615 -0.94384485 -0.31131524
 -1.63721871  0.21064629]"
1747093052.0844781,"[ 0.00000000e+00 -2.07927900e-01  9.47507176e-01  2.96656944e+00
 -2.00651744e+00 -1.03863283e-04  9.60018973e-01  1.57093335e+00]","[ 0.00000000e+00 -1.82913472e-03  1.98050685e-01  8.47246751e-02
  3.07191371e-01 -4.76192757e-05 -6.61372301e-05  1.05819570e-05]","[ 0.         -1.23565936 16.48313904  1.33628356 -0.91651809 -0.323984
 -1.61825979  0.21315707]"
1747093052.086208,"[ 0.00000000e+00 -2.07930563e-01  9.47702785e-01  2.96665573e+00
 -2.00621491e+00 -1.03863283e-04  9.60018973e-01  1.57093335e+00]","[ 0.00000000e+00 -1.87216948e-03  1.98251554e-01  8.75115816e-02
  3.06519855e-01 -4.76188043e-05 -6.60879907e-05  1.05819570e-05]","[ 0.         -1.2171936  16.51512527  1.32008231 -0.87101054 -0.31765649
 -1.61334968  0.2212951 ]"
1747093052.0879428,"[ 0.00000000e+00 -2.07935357e-01  9.48110115e-01  2.96683283e+00
 -2.00561303e+00 -1.03863283e-04  9.60018973e-01  1.57093335e+00]","[ 0.00000000e+00 -2.00614781e-03  1.99872137e-01  8.60135785e-02
  3.05480256e-01 -4.76188043e-05 -6.61372301e-05  1.05899522e-05]","[ 0.         -1.1714654  16.42061043  1.25948381 -0.73231512 -0.3087121
 -1.64572442  0.21637839]"
1747093052.0896502,"[ 0.00000000e+00 -2.07940683e-01  9.48500868e-01  2.96700220e+00
 -2.00498426e+00 -1.03863283e-04  9.60018973e-01  1.57093335e+00]","[ 0.00000000e+00 -2.25186473e-03  1.97780857e-01  8.57078226e-02
  3.06830745e-01 -4.76192757e-05 -6.60873364e-05  1.05819570e-05]","[ 0.         -1.14499462 16.33136368  1.22922575 -0.64658082 -0.28185415
 -1.63884199  0.22815973]"
1747093052.090721,"[ 0.00000000e+00 -2.07943879e-01  9.48709793e-01  2.96708503e+00
 -2.00468253e+00 -1.03863283e-04  9.60018973e-01  1.57093335e+00]","[ 0.00000000e+00 -2.49140514e-03  1.96602475e-01  8.39152073e-02
  3.06020445e-01 -4.76188043e-05 -6.61378843e-05  1.05819570e-05]","[ 0.         -1.12877595 16.1850853   1.23285484 -0.64290708 -0.27146494
 -1.62958026  0.22346251]"
1747093052.0930312,"[ 0.00000000e+00 -2.07951336e-01  9.49095086e-01  2.96726266e+00
 -2.00405988e+00 -1.03863283e-04  9.60018973e-01  1.57093335e+00]","[ 0.00000000e+00 -3.03370667e-03  1.94740276e-01  7.98509571e-02
  3.03394935e-01 -4.75828816e-05 -5.82007654e-05  1.05820616e-05]","[ 0.         -1.10244322 16.04898262  1.23759425 -0.62431037 -0.27129018
 -1.59922791  0.23502856]"
1747093052.0946925,"[ 0.00000000e+00 -2.07960391e-01  9.49287033e-01  2.96740354e+00
 -2.00346386e+00 -1.03863283e-04  9.60018041e-01  1.57093335e+00]","[ 0.00000000e+00 -4.10634135e-03  1.94542969e-01  7.67076863e-02
  3.01428789e-01 -4.76188043e-05 -6.61372301e-05  1.05819570e-05]","[ 0.         -1.03722084 16.06343842  1.20088363 -0.62081712 -0.25584933
 -1.60265088  0.23954011]"
1747093052.0963802,"[ 0.00000000e+00 -2.07967315e-01  9.49478980e-01  2.96749409e+00
 -2.00316639e+00 -1.03863283e-04  9.60018041e-01  1.57093335e+00]","[ 0.00000000e+00 -4.85139577e-03  1.94937982e-01  7.45860541e-02
  3.01698867e-01 -4.76188043e-05 -6.61378843e-05  1.05979587e-05]","[ 0.         -1.05033112 15.94023418  1.17563272 -0.61105871 -0.24818626
 -1.60424912  0.24387091]"
1747093052.0980978,"[ 0.00000000e+00 -2.07980631e-01  9.49877056e-01  2.96762858e+00
 -2.00254827e+00 -1.03863283e-04  9.60018041e-01  1.57093335e+00]","[ 0.00000000e+00 -7.31235844e-03  1.94200087e-01  6.63766561e-02
  3.01428789e-01 -4.76192757e-05 -6.60873364e-05  1.05820616e-05]","[ 0.         -0.97411305 15.85390377  1.17649555 -0.60244423 -0.24551424
 -1.6034795   0.23167834]"
1747093052.0991747,"[ 0.00000000e+00 -2.08002469e-01  9.50260951e-01  2.96775588e+00
 -2.00195651e+00 -1.03863283e-04  9.60018041e-01  1.57093335e+00]","[ 0.00000000e+00 -9.92632751e-03  1.95550576e-01  6.09367377e-02
  2.99808189e-01 -4.23278279e-05 -6.61372301e-05  1.05819570e-05]","[ 0.         -0.92497045 15.81622791  1.16629434 -0.53833574 -0.24106115
 -1.58324254  0.23121066]"
1747093052.102083,"[ 0.00000000e+00 -2.08015252e-01  9.50470808e-01  2.96781287e+00
 -2.00165984e+00 -1.03863283e-04  9.60018041e-01  1.57093335e+00]","[ 0.00000000e+00 -1.29646791e-02  1.97605554e-01  5.78008613e-02
  3.00888600e-01 -4.22958956e-05 -6.61372301e-05  1.05979587e-05]","[ 0.         -0.8958444  15.86385632  1.18609846 -0.53012455 -0.24676019
 -1.58335459  0.24186754]"
1747093052.1037502,"[ 0.00000000e+00 -2.08067450e-01  9.51074147e-01  2.96796014e+00
 -2.00073865e+00 -1.03863283e-04  9.60018041e-01  1.57093335e+00]","[ 0.00000000e+00 -1.99669629e-02  1.99611697e-01  4.48875552e-02
  3.07370934e-01 -4.23918346e-05 -5.82013384e-05  1.06059783e-05]","[ 0.         -0.79604274 15.71823597  1.25777793 -0.5312857  -0.26527396
 -1.57909918  0.22657111]"
1747093052.1054423,"[ 0.00000000e+00 -2.08118050e-01  9.51469560e-01  2.96804137e+00
 -2.00010455e+00 -1.03863283e-04  9.60018041e-01  1.57093335e+00]","[ 0.00000000e+00 -2.60799204e-02  2.00682421e-01  3.99744266e-02
  3.10451346e-01 -4.23918346e-05 -5.81568575e-05  1.05979587e-05]","[ 0.         -0.6728726  15.5761013   1.34819233 -0.51752377 -0.2908527
 -1.57154202  0.21837954]"
1747093052.1070719,"[ 0.00000000e+00 -2.08179835e-01  9.51878222e-01  2.96811940e+00
 -1.99949149e+00 -1.03863283e-04  9.60018041e-01  1.57093335e+00]","[ 0.00000000e+00 -3.34920866e-02  1.98859387e-01  3.71137339e-02
  3.11692479e-01 -4.23918346e-05 -5.82007654e-05  0.00000000e+00]","[ 0.         -0.52061033 15.44285774  1.46710896 -0.59297872 -0.33518976
 -1.57533419  0.21575589]"
1747093052.1087766,"[ 0.00000000e+00 -2.08215521e-01  9.52072899e-01  2.96815482e+00
 -1.99918416e+00 -1.04395915e-04  9.60018041e-01  1.57093335e+00]","[ 0.00000000e+00 -3.61930625e-02  1.97241200e-01  3.58865659e-02
  3.11692479e-01 -4.76547840e-05 -5.82013384e-05  0.00000000e+00]","[ 0.         -0.42552692 15.39680195  1.57422066 -0.62976199 -0.32121208
 -1.58674455  0.2149619 ]"
1747093052.1104815,"[ 0.00000000e+00 -2.08296481e-01  9.52462320e-01  2.96818838e+00
 -1.99854927e+00 -1.04395915e-04  9.60018041e-01  1.57093335e+00]","[ 0.00000000e+00 -3.99744266e-02  1.97780857e-01  3.40322817e-02
  3.10612101e-01 -3.70928568e-05 -5.82013384e-05  0.00000000e+00]","[ 0.         -0.26028788 15.32541084  1.63870502 -0.70584953 -0.37322342
 -1.58791208  0.20586056]"
1747093052.1115782,"[ 0.00000000e+00 -2.08296481e-01  9.52658395e-01  2.96822007e+00
 -1.99824007e+00 -1.05461179e-04  9.60018041e-01  1.57093335e+00]","[ 0.00000000e+00 -3.99744266e-02  1.98791743e-01  3.21415997e-02
  3.13265442e-01 -4.76908124e-05 -4.76188043e-05  0.00000000e+00]","[ 0.         -0.26028788 15.27374363  1.70420122 -0.75088483 -0.40114677
 -1.58250546  0.20569797]"
1747093052.1138568,"[ 0.00000000e+00 -2.08380637e-01  9.53063395e-01  2.96827892e+00
 -1.99762222e+00 -1.05461179e-04  9.60018041e-01  1.57093335e+00]","[ 0.00000000e+00 -4.37557908e-02  1.97441254e-01  2.80901368e-02
  3.13853268e-01 -4.76908124e-05 -4.75828816e-05  0.00000000e+00]","[ 0.         -0.06906836 15.28260422  1.87402856 -0.76116538 -0.42824683
 -1.61013973  0.21803196]"
1747093052.1155949,"[ 0.00000000e+00 -2.08475446e-01  9.53466997e-01  2.96833592e+00
 -1.99693006e+00 -1.07591708e-04  9.60017109e-01  1.57093335e+00]","[ 0.00000000e+00 -4.80773522e-02  1.96417518e-01  2.80860672e-02
  3.14758510e-01 -6.88867318e-05 -5.55558217e-05  0.00000000e+00]","[ 0.          0.10099016 15.34241486  2.02211046 -0.79509515 -0.46703687
 -1.62811673  0.22166108]"
1747093052.116653,"[ 0.00000000e+00 -2.08523383e-01  9.53661275e-01  2.96836441e+00
 -1.99666828e+00 -1.07591708e-04  9.60017109e-01  1.57093335e+00]","[ 0.00000000e+00 -4.85682852e-02  1.97171159e-01  2.89004307e-02
  3.13519441e-01 -6.88353671e-05 -5.55558217e-05  0.00000000e+00]","[ 0.          0.19497682 15.44885731  2.0794487  -0.77370179 -0.46273464
 -1.61847389  0.23367947]"
1747093052.1189408,"[ 0.00000000e+00 -2.08624050e-01  9.54048365e-01  2.96842673e+00
 -1.99597452e+00 -1.09189605e-04  9.60017109e-01  1.57093335e+00]","[ 0.00000000e+00 -4.81475432e-02  1.95550576e-01  3.29518914e-02
  3.15893882e-01 -8.47836692e-05 -5.55558217e-05  0.00000000e+00]","[ 0.          0.41028449 15.6116991   2.20926809 -0.72989082 -0.48650476
 -1.61761463  0.21623228]"
1747093052.1206312,"[ 0.00000000e+00 -2.08715663e-01  9.54441848e-01  2.96850290e+00
 -1.99534921e+00 -1.09189605e-04  9.60017109e-01  1.57093335e+00]","[ 0.00000000e+00 -4.59165715e-02  1.91423159e-01  3.86239376e-02
  3.17904735e-01 -8.47836692e-05 -5.55558217e-05  0.00000000e+00]","[ 0.          0.55800831 15.68438816  2.27833772 -0.69602501 -0.47733873
 -1.59764183  0.20849012]"
1747093052.12229,"[ 0.00000000e+00 -2.08803015e-01  9.54820682e-01  2.96858838e+00
 -1.99469620e+00 -1.10254869e-04  9.60017109e-01  1.57093335e+00]","[ 0.00000000e+00 -4.21352073e-02  1.93389787e-01  4.48361812e-02
  3.19795413e-01 -9.53816248e-05 -5.55139131e-05  0.00000000e+00]","[ 0.          0.71210682 15.82493305  2.35831165 -0.71022266 -0.48575106
 -1.58834779  0.19699755]"
1747093052.1246,"[ 0.00000000e+00 -2.08883975e-01  9.55219291e-01  2.96869038e+00
 -1.99406850e+00 -1.10254869e-04  9.60017109e-01  1.57093335e+00]","[ 0.00000000e+00 -4.10548170e-02  1.94740276e-01  5.18587164e-02
  3.18122282e-01 -8.47836692e-05 -5.55552731e-05  0.00000000e+00]","[ 0.          0.81807274 15.83782005  2.36995053 -0.78672677 -0.48330659
 -1.59961462  0.17178902]"
1747093052.1276066,"[ 0.00000000e+00 -2.08964935e-01  9.55605449e-01  2.96880703e+00
 -1.99341735e+00 -1.11320134e-04  9.60017109e-01  1.57093335e+00]","[ 0.00000000e+00 -3.86183408e-02  1.96630970e-01  6.21224186e-02
  3.17312814e-01 -9.53816248e-05 -5.56392812e-05  0.00000000e+00]","[ 0.          0.90380627 15.92076397  2.36235881 -0.94297695 -0.50375998
 -1.62215114  0.17269491]"
1747093052.1285515,"[ 0.00000000e+00 -2.09036308e-01  9.56010915e-01  2.96894844e+00
 -1.99279098e+00 -1.12385398e-04  9.60016110e-01  1.57093335e+00]","[ 0.00000000e+00 -3.50770939e-02  1.98608617e-01  7.18459277e-02
  3.17634624e-01 -1.06059781e-04 -6.62372408e-05  0.00000000e+00]","[ 0.          0.95052385 15.99344826  2.31098104 -1.09892011 -0.53173435
 -1.6536448   0.1850446 ]"
1747093052.1302254,"[ 0.00000000e+00 -2.09102887e-01  9.56402600e-01  2.96909758e+00
 -1.99213984e+00 -1.12918030e-04  9.60016110e-01  1.57093335e+00]","[ 0.00000000e+00 -3.15968251e-02  1.98251554e-01  7.72478753e-02
  3.17634624e-01 -1.11278562e-04 -6.62372408e-05  0.00000000e+00]","[ 0.          0.96105021 16.11066437  2.22433519 -1.08858037 -0.51030326
 -1.64675367  0.1982953 ]"
1747093052.1320126,"[ 0.00000000e+00 -2.09131649e-01  9.56611059e-01  2.96917668e+00
 -1.99182532e+00 -1.12918030e-04  9.60016110e-01  1.57093335e+00]","[ 0.00000000e+00 -2.91705272e-02  1.96351705e-01  8.02189477e-02
  3.18985113e-01 -1.11278562e-04 -6.62372408e-05  0.00000000e+00]","[ 0.          0.93581003 16.14543533  2.18036795 -1.08193839 -0.49302194
 -1.65302765  0.18262477]"
1747093052.1337678,"[ 0.00000000e+00 -2.09189173e-01  9.56997284e-01  2.96934738e+00
 -1.99151027e+00 -1.12918030e-04  9.60016110e-01  1.57093335e+00]","[ 0.00000000e+00 -2.91705272e-02  1.95550576e-01  8.37302174e-02
  3.19201561e-01 -1.00680607e-04 -6.62372408e-05  0.00000000e+00]","[ 0.          0.88229722 16.35177803  2.01032996 -1.00870645 -0.47804949
 -1.65464318  0.19341731]"
1747093052.1381698,"[ 0.00000000e+00 -2.09306885e-01  9.57793968e-01  2.96969173e+00
 -1.99022502e+00 -1.12918030e-04  9.60016110e-01  1.57093335e+00]","[ 0.00000000e+00 -2.80901368e-02  2.00412326e-01  8.80517789e-02
  3.20660841e-01 -1.00680607e-04 -6.61872009e-05  0.00000000e+00]","[ 0.          0.64177638 16.624403    1.73403502 -0.79296386 -0.34527767
 -1.63677812  0.20279291]"
1747093052.1422443,"[ 0.00000000e+00 -2.09428858e-01  9.58813826e-01  2.97014766e+00
 -1.98859251e+00 -1.12918030e-04  9.60015178e-01  1.57093335e+00]","[ 0.00000000e+00 -1.99669629e-02  2.03653493e-01  9.21032375e-02
  3.20482076e-01 -1.00681614e-04 -7.41857136e-05  0.00000000e+00]","[ 0.          0.25041717 16.68740463  1.50302899 -0.74420935 -0.36526322
 -1.6422503   0.23670194]"
1747093052.1440423,"[ 0.00000000e+00 -2.09446967e-01  9.59015427e-01  2.97023821e+00
 -1.98827772e+00 -1.12918030e-04  9.60015178e-01  1.57093335e+00]","[ 0.00000000e+00 -1.83666278e-02  2.04463793e-01  9.17400989e-02
  3.19255224e-01 -1.00680607e-04 -7.41857136e-05  0.00000000e+00]","[ 0.          0.17255826 16.68630981  1.44966447 -0.76033032 -0.364921
 -1.645661    0.23100387]"
1747093052.1457934,"[ 0.00000000e+00 -2.09477860e-01  9.59435075e-01  2.97042144e+00
 -1.98762232e+00 -1.12918030e-04  9.60015178e-01  1.57093335e+00]","[ 0.00000000e+00 -1.51254588e-02  2.04526444e-01  8.85919761e-02
  3.19679532e-01 -1.00680607e-04 -7.41296676e-05  0.00000000e+00]","[ 0.00000000e+00  7.05930684e-03  1.66826668e+01  1.33835328e+00
 -7.37633526e-01 -3.83062989e-01 -1.60737181e+00  1.98533505e-01]"
1747093052.146985,"[ 0.00000000e+00 -2.09492241e-01  9.59638074e-01  2.97050639e+00
 -1.98730460e+00 -1.12918030e-04  9.60015178e-01  1.57093335e+00]","[ 0.00000000e+00 -1.35287585e-02  2.06023224e-01  8.61610926e-02
  3.22553416e-01 -1.00680607e-04 -7.41857136e-05  0.00000000e+00]","[ 0.         -0.12397945 16.67656708  1.31977618 -0.77201611 -0.38777301
 -1.6089195   0.18847242]"
1747093052.148836,"[ 0.00000000e+00 -2.09519405e-01  9.60059586e-01  2.97067710e+00
 -1.98666731e+00 -1.12918030e-04  9.60015178e-01  1.57093335e+00]","[ 0.00000000e+00 -1.35048743e-02  2.06633204e-01  8.22962633e-02
  3.23036580e-01 -1.00680607e-04 -7.41857136e-05  0.00000000e+00]","[ 0.         -0.28009123 16.65790749  1.28181481 -0.78578281 -0.37076658
 -1.6664952   0.18715727]"
1747093052.1506422,"[ 0.00000000e+00 -2.09548167e-01  9.60473308e-01  2.97083982e+00
 -1.98600817e+00 -1.12918030e-04  9.60015178e-01  1.57093335e+00]","[ 0.00000000e+00 -1.45445703e-02  2.10946127e-01  8.21096340e-02
  3.20550686e-01 -1.00680607e-04 -7.41857136e-05  0.00000000e+00]","[ 0.         -0.49511909 16.56212425  1.22358954 -0.88977957 -0.30049893
 -1.67559063  0.21706371]"
1747093052.152427,"[ 0.00000000e+00 -2.09579060e-01  9.60906804e-01  2.97100653e+00
 -1.98537967e+00 -1.12918030e-04  9.60015178e-01  1.57093335e+00]","[ 0.00000000e+00 -1.62058481e-02  2.11397816e-01  8.17505150e-02
  3.18174813e-01 -1.00756792e-04 -6.62372408e-05  0.00000000e+00]","[ 0.         -0.67105949 16.54450989  1.19974566 -1.03760219 -0.25884289
 -1.61810029  0.21489568]"
1747093052.1542125,"[ 0.00000000e+00 -2.09596104e-01  9.61114797e-01  2.97108909e+00
 -1.98506568e+00 -1.12918030e-04  9.60015178e-01  1.57093335e+00]","[ 0.00000000e+00 -1.72687240e-02  2.10732392e-01  8.37302174e-02
  3.18444924e-01 -1.00680607e-04 -6.62372408e-05  0.00000000e+00]","[ 0.         -0.73450971 16.5010891   1.16440713 -1.06599486 -0.2520867
 -1.61825597  0.21935424]"
1747093052.1560013,"[ 0.00000000e+00 -2.09634454e-01  9.61545563e-01  2.97125581e+00
 -1.98441267e+00 -1.12918030e-04  9.60014246e-01  1.57093335e+00]","[ 0.00000000e+00 -1.90404741e-02  2.10645506e-01  8.47246751e-02
  3.18444924e-01 -1.00680607e-04 -7.41857136e-05  0.00000000e+00]","[ 0.         -0.89399624 16.45986366  1.15127683 -1.13030279 -0.28062069
 -1.64497304  0.2185837 ]"
1747093052.157759,"[ 0.00000000e+00 -2.09675466e-01  9.61956489e-01  2.97143211e+00
 -1.98376526e+00 -1.12918030e-04  9.60014246e-01  1.57093335e+00]","[ 0.00000000e+00 -2.10676037e-02  2.07704960e-01  8.69713844e-02
  3.15466711e-01 -1.00680607e-04 -7.41857136e-05  0.00000000e+00]","[ 0.         -1.02607727 16.45325279  1.12344933 -1.13002765 -0.3268933
 -1.67779005  0.20532879]"
1747093052.1595485,"[ 0.00000000e+00 -2.09719675e-01  9.62378534e-01  2.97161160e+00
 -1.98314608e+00 -1.12918030e-04  9.60014246e-01  1.57093335e+00]","[ 0.00000000e+00 -2.15457992e-02  2.05379371e-01  8.67658882e-02
  3.13042968e-01 -1.00680607e-04 -7.41857136e-05  0.00000000e+00]","[ 0.         -1.18118382 16.42400551  1.11282575 -1.09909952 -0.36691654
 -1.65846586  0.20452164]"
1747093052.161296,"[ 0.00000000e+00 -2.09762285e-01  9.62786264e-01  2.97178151e+00
 -1.98252583e+00 -1.12918030e-04  9.60014246e-01  1.57093335e+00]","[ 0.00000000e+00 -2.10676037e-02  2.07164771e-01  8.60737992e-02
  3.15203757e-01 -1.00680607e-04 -6.62873661e-05  0.00000000e+00]","[ 0.         -1.24087572 16.43298149  1.07419813 -1.06530845 -0.39021069
 -1.62052453  0.20500804]"
1747093052.1630502,"[ 0.00000000e+00 -2.09783058e-01  9.62991061e-01  2.97186567e+00
 -1.98219160e+00 -1.12918030e-04  9.60014246e-01  1.57093335e+00]","[ 0.00000000e+00 -2.10676037e-02  2.07704960e-01  8.53508009e-02
  3.14418358e-01 -1.00529585e-04 -6.62372408e-05  0.00000000e+00]","[ 0.         -1.33961511 16.36170006  1.04639351 -1.08140028 -0.38974088
 -1.63330364  0.20482221]"
1747093052.1649258,"[ 0.00000000e+00 -2.09826734e-01  9.63413971e-01  2.97203425e+00
 -1.98157108e+00 -1.12918030e-04  9.60014246e-01  1.57093335e+00]","[ 0.00000000e+00 -2.16077989e-02  2.05814282e-01  8.14997534e-02
  3.13853268e-01 -1.00529585e-04 -6.62372408e-05  0.00000000e+00]","[ 0.         -1.40733635 16.28582764  1.01841235 -1.13116038 -0.35023239
 -1.68523324  0.21439424]"
1747093052.167648,"[ 0.00000000e+00 -2.09874138e-01  9.63821301e-01  2.97218924e+00
 -1.98095483e+00 -1.12918030e-04  9.60013247e-01  1.57093335e+00]","[ 0.00000000e+00 -2.40737716e-02  2.06954864e-01  7.85187274e-02
  3.11692479e-01 -1.00528593e-04 -7.68351964e-05  0.00000000e+00]","[ 0.         -1.47331452 16.11729813  1.00328779 -1.18495798 -0.2976062
 -1.69515646  0.22254333]"
1747093052.1700687,"[ 0.00000000e+00 -2.09956163e-01  9.64446212e-01  2.97241614e+00
 -1.98001500e+00 -1.12918030e-04  9.60013247e-01  1.57093335e+00]","[ 0.00000000e+00 -3.02509176e-02  2.04733888e-01  7.21160221e-02
  3.08721423e-01 -1.00529585e-04 -7.68351964e-05  0.00000000e+00]","[ 0.         -1.54095447 16.01023102  0.98884869 -1.28207755 -0.2768338
 -1.60953283  0.19726789]"
1747093052.1712747,"[ 0.00000000e+00 -2.10025938e-01  9.64866392e-01  2.97255170e+00
 -1.97938436e+00 -1.12918030e-04  9.60013247e-01  1.57093335e+00]","[ 0.00000000e+00 -3.51126721e-02  2.04434565e-01  6.86047607e-02
  3.07599134e-01 -1.00528593e-04 -7.68351964e-05  0.00000000e+00]","[ 0.         -1.54346144 15.9430933   0.97958893 -1.24309933 -0.27144974
 -1.62177622  0.18646681]"
1747093052.173032,"[ 0.00000000e+00 -2.10062690e-01  9.65067993e-01  2.97262147e+00
 -1.97908183e+00 -1.12918030e-04  9.60013247e-01  1.57093335e+00]","[ 0.00000000e+00 -3.72734528e-02  2.04463793e-01  6.57013367e-02
  3.06830745e-01 -1.00528593e-04 -7.68351964e-05  0.00000000e+00]","[ 0.         -1.56579113 15.85593319  0.96279728 -1.15705228 -0.28813365
 -1.64421177  0.18367426]"
1747093052.1748435,"[ 0.00000000e+00 -2.10138856e-01  9.65471596e-01  2.97273945e+00
 -1.97847809e+00 -1.12918030e-04  9.60013247e-01  1.57093335e+00]","[ 0.00000000e+00 -3.83538432e-02  2.04463793e-01  5.72026487e-02
  3.06020445e-01 -1.00529585e-04 -6.62372408e-05  0.00000000e+00]","[ 0.         -1.55959439 15.84839249  0.93065494 -1.07056546 -0.32085592
 -1.63314569  0.18608445]"
1747093052.1765144,"[ 0.00000000e+00 -2.10216621e-01  9.65889046e-01  2.97284278e+00
 -1.97785118e+00 -1.12918030e-04  9.60013247e-01  1.57093335e+00]","[ 0.00000000e+00 -3.72734528e-02  2.03432434e-01  4.83983131e-02
  3.05710387e-01 -1.00528593e-04 -6.62372408e-05  0.00000000e+00]","[ 0.         -1.45396554 15.87950897  0.92591065 -0.95481068 -0.35491034
 -1.60051703  0.19193654]"
1747093052.1789427,"[ 0.00000000e+00 -2.10293320e-01  9.66290784e-01  2.97292827e+00
 -1.97722347e+00 -1.12918030e-04  9.60013247e-01  1.57093335e+00]","[ 0.00000000e+00 -3.75798828e-02  2.03653493e-01  4.21352073e-02
  3.06940601e-01 -1.00528593e-04 -6.62379032e-05  0.00000000e+00]","[ 0.         -1.37780833 15.93551731  0.95166838 -0.88675398 -0.37824512
 -1.59857869  0.1912028 ]"
1747093052.180061,"[ 0.00000000e+00 -2.10366823e-01  9.66704106e-01  2.97300524e+00
 -1.97661787e+00 -1.12918030e-04  9.60013247e-01  1.57093335e+00]","[ 0.00000000e+00 -3.72734528e-02  2.00412326e-01  3.58598885e-02
  3.06830745e-01 -1.00528593e-04 -5.82887721e-05  0.00000000e+00]","[ 0.         -1.27381468 15.97823143  0.98645383 -0.80809301 -0.34742534
 -1.64392507  0.20043775]"
1747093052.1818285,"[ 0.00000000e+00 -2.10404640e-01  9.66902445e-01  2.97303666e+00
 -1.97631533e+00 -1.12918030e-04  9.60013247e-01  1.57093335e+00]","[ 0.00000000e+00 -3.83538432e-02  2.01222626e-01  3.18392102e-02
  3.06830745e-01 -1.00529585e-04 -5.82887721e-05  0.00000000e+00]","[ 0.         -1.2393744  16.06016541  1.02195752 -0.8328492  -0.34250396
 -1.64011109  0.20511532]"
1747093052.1835225,"[ 0.00000000e+00 -2.10481339e-01  9.67295528e-01  2.97308992e+00
 -1.97568656e+00 -1.12918030e-04  9.60013247e-01  1.57093335e+00]","[ 0.00000000e+00 -3.76152695e-02  1.98791743e-01  2.56592596e-02
  3.06020445e-01 -1.00528593e-04 -5.82887721e-05  0.00000000e+00]","[ 0.         -1.13463533 16.09304619  1.09364152 -0.88341105 -0.32884076
 -1.61611748  0.19629671]"
1747093052.1852558,"[ 0.00000000e+00 -2.10554842e-01  9.67700528e-01  2.97313493e+00
 -1.97508842e+00 -1.12918030e-04  9.60013247e-01  1.57093335e+00]","[ 0.00000000e+00 -3.72734528e-02  1.97171159e-01  2.10462568e-02
  3.03589578e-01 -8.99466322e-05 -5.82887721e-05  0.00000000e+00]","[ 0.         -1.07918561 16.14773941  1.16835892 -0.95302016 -0.28638497
 -1.59167445  0.19230655]"
1747093052.1868987,"[ 0.00000000e+00 -2.10592126e-01  9.67894739e-01  2.97315464e+00
 -1.97478881e+00 -1.12918030e-04  9.60013247e-01  1.57093335e+00]","[ 0.00000000e+00 -3.77753338e-02  1.96901065e-01  2.00075054e-02
  3.03859656e-01 -8.99475262e-05 -5.82893532e-05  0.00000000e+00]","[ 0.         -1.00295901 16.17279816  1.21281648 -0.97865152 -0.29650787
 -1.60450578  0.20055874]"
1747093052.1886234,"[ 0.00000000e+00 -2.10675217e-01  9.68300672e-01  2.97319459e+00
 -1.97416723e+00 -1.12918030e-04  9.60013247e-01  1.57093335e+00]","[ 0.00000000e+00 -4.15950101e-02  1.99872137e-01  1.97171168e-02
  3.04438528e-01 -8.99466322e-05 -5.82007654e-05  0.00000000e+00]","[ 0.         -0.92625594 16.29799652  1.28598726 -0.92739922 -0.28480536
 -1.660092    0.19935741]"
1747093052.190959,"[ 0.00000000e+00 -2.10766830e-01  9.68699280e-01  2.97323533e+00
 -1.97354165e+00 -1.12918030e-04  9.60013247e-01  1.57093335e+00]","[ 0.00000000e+00 -4.80286372e-02  2.03113304e-01  2.13377002e-02
  3.04934442e-01 -8.99466322e-05 -5.82007654e-05  0.00000000e+00]","[ 0.         -0.84445894 16.42949486  1.3417592  -0.9135409  -0.33096111
 -1.65818274  0.18953407]"
1747093052.1928115,"[ 0.00000000e+00 -2.10872291e-01  9.69119394e-01  2.97328274e+00
 -1.97294297e+00 -1.13983295e-04  9.60013247e-01  1.57093335e+00]","[ 0.00000000e+00 -5.26613765e-02  2.06131681e-01  2.43016570e-02
  3.02472482e-01 -1.00528593e-04 -5.81574305e-05  0.00000000e+00]","[ 0.         -0.68960708 16.52623367  1.39040494 -0.97185796 -0.40800631
 -1.63348532  0.17248164]"
1747093052.1951647,"[ 0.00000000e+00 -2.10978817e-01  9.69529454e-01  2.97333307e+00
 -1.97234882e+00 -1.15048559e-04  9.60013247e-01  1.57093335e+00]","[ 0.00000000e+00 -5.45596902e-02  2.09055449e-01  2.59293582e-02
  3.01158678e-01 -1.11111643e-04 -4.76192757e-05  0.00000000e+00]","[ 0.         -0.56951803 16.5872879   1.42727244 -0.96542698 -0.44975471
 -1.64795768  0.17858315]"
1747093052.1968315,"[ 0.00000000e+00 -2.11094931e-01  9.69956026e-01  2.97338873e+00
 -1.97173390e+00 -1.15048559e-04  9.60012315e-01  1.57093335e+00]","[ 0.00000000e+00 -5.72026487e-02  2.07704960e-01  2.70097486e-02
  3.00653310e-01 -1.11111643e-04 -5.82007654e-05  0.00000000e+00]","[ 0.         -0.44596082 16.62046242  1.43959606 -0.96824461 -0.47016934
 -1.7194941   0.17770562]"
1747093052.1985097,"[ 0.00000000e+00 -2.11210512e-01  9.70361958e-01  2.97344199e+00
 -1.97114214e+00 -1.15048559e-04  9.60012315e-01  1.57093335e+00]","[ 0.00000000e+00 -5.83410544e-02  2.05274077e-01  2.64695534e-02
  2.99268000e-01 -1.11110546e-04 -5.82007654e-05  0.00000000e+00]","[ 0.         -0.31280774 16.71867943  1.54180872 -0.97803396 -0.44065544
 -1.72805142  0.19579607]"
1747093052.2002487,"[ 0.00000000e+00 -2.11265906e-01  9.70566755e-01  2.97347049e+00
 -1.97082523e+00 -1.15048559e-04  9.60012315e-01  1.57093335e+00]","[ 0.00000000e+00 -5.61802737e-02  2.07704960e-01  2.68322260e-02
  2.98414457e-01 -1.11110546e-04 -5.82013384e-05  0.00000000e+00]","[ 0.         -0.29668206 16.77355576  1.5874294  -0.97937167 -0.39940289
 -1.69550622  0.19508287]"
1747093052.201976,"[ 0.00000000e+00 -2.11377226e-01  9.70995191e-01  2.97352375e+00
 -1.97023960e+00 -1.15048559e-04  9.60012315e-01  1.57093335e+00]","[ 0.00000000e+00 -5.40194971e-02  2.10192752e-01  2.70097486e-02
  2.96837134e-01 -1.11110546e-04 -5.81568575e-05  0.00000000e+00]","[ 0.         -0.2823903  16.87047195  1.62547207 -0.97789979 -0.33521557
 -1.63981819  0.18862286]"
1747093052.203138,"[ 0.00000000e+00 -2.11483753e-01  9.71426823e-01  2.97357968e+00
 -1.96963453e+00 -1.15048559e-04  9.60012315e-01  1.57093335e+00]","[ 0.00000000e+00 -5.46150798e-02  2.11700001e-01  2.89004307e-02
  2.96157561e-01 -1.11110546e-04 -5.82007654e-05  0.00000000e+00]","[ 0.         -0.24556178 16.88832283  1.64424896 -0.84587657 -0.34893274
 -1.65935647  0.19201395]"
1747093052.2049267,"[ 0.00000000e+00 -2.11541810e-01  9.71635748e-01  2.97361244e+00
 -1.96934105e+00 -1.15048559e-04  9.60012315e-01  1.57093335e+00]","[ 0.00000000e+00 -5.46160952e-02  2.11756427e-01  3.08445195e-02
  2.97647434e-01 -1.11110546e-04 -5.82013384e-05  0.00000000e+00]","[ 0.         -0.24233592 16.84604073  1.64301574 -0.7708016  -0.3488673
 -1.66432321  0.16249482]"
1747093052.2066953,"[ 0.00000000e+00 -2.11649401e-01  9.72054996e-01  2.97367715e+00
 -1.96873225e+00 -1.15048559e-04  9.60012315e-01  1.57093335e+00]","[ 0.00000000e+00 -5.50998833e-02  2.12836805e-01  3.39978000e-02
  2.97411378e-01 -1.11111643e-04 -5.82013384e-05  0.00000000e+00]","[ 0.         -0.21308026 16.79891205  1.62424719 -0.64788556 -0.43936473
 -1.66605639  0.15896848]"
1747093052.208432,"[ 0.00000000e+00 -2.11759656e-01  9.72486628e-01  2.97374959e+00
 -1.96815008e+00 -1.16113824e-04  9.60012315e-01  1.57093335e+00]","[ 0.00000000e+00 -5.36644520e-02  2.09445219e-01  3.59229638e-02
  2.94377771e-01 -1.21692507e-04 -5.82007654e-05  0.00000000e+00]","[ 0.         -0.13443223 16.70898438  1.63807797 -0.66043848 -0.51858938
 -1.6353364   0.16639856]"
1747093052.2102187,"[ 0.00000000e+00 -2.11813452e-01  9.72691891e-01  2.97378581e+00
 -1.96786060e+00 -1.16113824e-04  9.60012315e-01  1.57093335e+00]","[ 0.00000000e+00 -5.45596902e-02  2.08245149e-01  3.67332556e-02
  2.93595967e-01 -1.16401531e-04 -5.82007654e-05  0.00000000e+00]","[ 0.         -0.12005316 16.68861771  1.64220822 -0.67458367 -0.52912772
 -1.6201601   0.17628564]"
1747093052.2119274,"[ 0.00000000e+00 -2.11926903e-01  9.73105214e-01  2.97386091e+00
 -1.96726698e+00 -1.16113824e-04  9.60012315e-01  1.57093335e+00]","[ 0.00000000e+00 -5.56705988e-02  2.09595638e-01  3.83538432e-02
  2.89544500e-01 -1.16401531e-04 -5.82007654e-05  0.00000000e+00]","[ 0.         -0.12199076 16.66714859  1.60047936 -0.67192757 -0.48865688
 -1.64764142  0.15681349]"
1747093052.213718,"[ 0.00000000e+00 -2.12031299e-01  9.73537711e-01  2.97394214e+00
 -1.96669333e+00 -1.16113824e-04  9.60011383e-01  1.57093335e+00]","[ 0.00000000e+00 -5.18587164e-02  2.11756427e-01  4.05146197e-02
  2.90330432e-01 -1.05819570e-04 -6.61378843e-05  0.00000000e+00]","[ 0.         -0.13257231 16.59614754  1.54691422 -0.64313346 -0.40588719
 -1.71444046  0.13778105]"
1747093052.215433,"[ 0.00000000e+00 -2.12127705e-01  9.73974869e-01  2.97403029e+00
 -1.96610158e+00 -1.16113824e-04  9.60012315e-01  1.57093335e+00]","[ 0.00000000e+00 -4.56398608e-02  2.13954800e-01  4.67268633e-02
  2.89136037e-01 -9.52376087e-05 -4.76188043e-05  0.00000000e+00]","[ 0.         -0.17034447 16.57673836  1.51171017 -0.63326401 -0.3571631
 -1.69347215  0.17740764]"
1747093052.2171726,"[ 0.00000000e+00 -2.12170848e-01  9.74186124e-01  2.97408222e+00
 -1.96581768e+00 -1.16113824e-04  9.60012315e-01  1.57093335e+00]","[ 0.00000000e+00 -4.37114575e-02  2.14187294e-01  4.88538468e-02
  2.87923900e-01 -8.46556558e-05 -4.76188043e-05  0.00000000e+00]","[ 0.         -0.25300905 16.51282501  1.4934479  -0.64499182 -0.34721747
 -1.64972162  0.18553826]"
1747093052.219972,"[ 0.00000000e+00 -2.12252341e-01  9.74605373e-01  2.97418635e+00
 -1.96525523e+00 -1.16113824e-04  9.60012315e-01  1.57093335e+00]","[ 0.00000000e+00 -3.99744266e-02  2.11486316e-01  5.40194971e-02
  2.84952844e-01 -7.93654595e-05 -4.76192757e-05  0.00000000e+00]","[ 0.         -0.35648048 16.42512703  1.41677427 -0.58563352 -0.33885264
 -1.61673474  0.19779515]"
1747093052.2216802,"[ 0.00000000e+00 -2.12356737e-01  9.75237207e-01  2.97435892e+00
 -1.96439236e+00 -1.16113824e-04  9.60011383e-01  1.57093335e+00]","[ 0.00000000e+00 -3.07911127e-02  2.07164771e-01  5.91513461e-02
  2.84682733e-01 -6.88346925e-05 -5.82007654e-05  0.00000000e+00]","[ 0.         -0.58131492 16.40223694  1.33985972 -0.45282158 -0.40598977
 -1.66108143  0.18124232]"
1747093052.2234774,"[ 0.00000000e+00 -2.12410000e-01  9.75640343e-01  2.97448116e+00
 -1.96380886e+00 -1.16113824e-04  9.60012315e-01  1.57093335e+00]","[ 0.00000000e+00 -2.53634386e-02  2.03653493e-01  6.18523200e-02
  2.84952844e-01 -5.82007654e-05 -4.76188043e-05  0.00000000e+00]","[ 0.         -0.73596293 16.40060043  1.19533193 -0.48686451 -0.43055806
 -1.63789499  0.1749028 ]"
1747093052.2252579,"[ 0.00000000e+00 -2.12434501e-01  9.75856659e-01  2.97454721e+00
 -1.96352817e+00 -1.16113824e-04  9.60012315e-01  1.57093335e+00]","[ 0.00000000e+00 -2.30706982e-02  2.03623982e-01  6.21320725e-02
  2.84682733e-01 -5.82007654e-05 -4.76192757e-05  0.00000000e+00]","[ 0.         -0.78331345 16.43920708  1.17138624 -0.5393374  -0.43022174
 -1.60034335  0.1816761 ]"
1747093052.2269754,"[ 0.00000000e+00 -2.12475514e-01  9.76259329e-01  2.97466678e+00
 -1.96294999e+00 -1.16113824e-04  9.60011383e-01  1.57093335e+00]","[ 0.00000000e+00 -1.99872133e-02  2.03923588e-01  6.02317365e-02
  2.82114513e-01 -4.76188043e-05 -5.82447383e-05  0.00000000e+00]","[ 0.         -0.98079711 16.43729782  1.05034161 -0.665066   -0.37301385
 -1.64400208  0.20680994]"
1747093052.2287996,"[ 0.00000000e+00 -2.12513331e-01  9.76675847e-01  2.97478742e+00
 -1.96239872e+00 -1.16113824e-04  9.60010451e-01  1.57093335e+00]","[ 0.00000000e+00 -1.85568669e-02  2.03122459e-01  5.91813566e-02
  2.78740588e-01 -3.70368514e-05 -5.55552731e-05  0.00000000e+00]","[ 0.         -1.19063079 16.48177528  0.94620156 -0.80528426 -0.29477832
 -1.70683074  0.21262176]"
1747093052.2304811,"[ 0.00000000e+00 -2.12551680e-01  9.77069795e-01  2.97490034e+00
 -1.96183413e+00 -1.15048559e-04  9.60011383e-01  1.57093335e+00]","[ 0.00000000e+00 -1.94470181e-02  1.98791743e-01  5.61233528e-02
  2.75093006e-01 -2.11641232e-05 -4.76543085e-05  0.00000000e+00]","[ 0.         -1.37593198 16.48988152  0.84288162 -0.93791556 -0.21268135
 -1.70125103  0.21630065]"
1747093052.23233,"[ 0.00000000e+00 -2.12571920e-01  9.77265870e-01  2.97495360e+00
 -1.96156382e+00 -1.15048559e-04  9.60011383e-01  1.57093335e+00]","[ 0.00000000e+00 -2.05274085e-02  1.98791743e-01  5.40194971e-02
  2.74148932e-01 -2.11641232e-05 -4.76188043e-05  0.00000000e+00]","[ 0.         -1.47285664 16.50580025  0.760396   -0.98654425 -0.20261717
 -1.67231262  0.21468846]"
1747093052.2335129,"[ 0.00000000e+00 -2.12619325e-01  9.77672269e-01  2.97505827e+00
 -1.96102666e+00 -1.15048559e-04  9.60011383e-01  1.57093335e+00]","[ 0.00000000e+00 -2.40737716e-02  1.98107077e-01  5.02381288e-02
  2.71712572e-01 -2.11801137e-05 -4.76188043e-05  0.00000000e+00]","[ 0.         -1.67034781 16.55976677  0.71883649 -1.08699369 -0.20947102
 -1.67583156  0.21590531]"
1747093052.235933,"[ 0.00000000e+00 -2.12669392e-01  9.78058893e-01  2.97515441e+00
 -1.96047139e+00 -1.16113824e-04  9.60010451e-01  1.57093335e+00]","[ 0.00000000e+00 -2.59030865e-02  1.95892093e-01  4.85682852e-02
  2.70579164e-01 -3.17458709e-05 -5.55552731e-05  0.00000000e+00]","[ 0.         -1.79402292 16.54926491  0.669577   -1.20450163 -0.26136094
 -1.72209167  0.23074952]"
1747093052.2371156,"[ 0.00000000e+00 -2.12725851e-01  9.78460698e-01  2.97524948e+00
 -1.95994195e+00 -1.16113824e-04  9.60010451e-01  1.57093335e+00]","[ 0.00000000e+00 -2.80901368e-02  1.96602475e-01  4.53304014e-02
  2.66856298e-01 -3.17219217e-05 -5.55552731e-05  0.00000000e+00]","[ 0.         -1.8632741  16.56326675  0.64018089 -1.28516877 -0.30503896
 -1.74052417  0.21845014]"
1747093052.2389174,"[ 0.00000000e+00 -2.12753015e-01  9.78655375e-01  2.97529156e+00
 -1.95968123e+00 -1.16113824e-04  9.60010451e-01  1.57093335e+00]","[ 0.00000000e+00 -2.75499417e-02  1.97441254e-01  4.26754004e-02
  2.64425431e-01 -3.17458709e-05 -5.55972507e-05  0.00000000e+00]","[ 0.         -1.92955649 16.60067177  0.5965544  -1.31880796 -0.30461314
 -1.72385442  0.19283146]"
1747093052.2407057,"[ 0.00000000e+00 -2.12811072e-01  9.79043863e-01  2.97536826e+00
 -1.95914061e+00 -1.16113824e-04  9.60010451e-01  1.57093335e+00]","[ 0.00000000e+00 -2.85876049e-02  1.95892093e-01  3.63614283e-02
  2.63348049e-01 -3.17458709e-05 -5.55552731e-05  0.00000000e+00]","[ 0.         -1.95479345 16.59947205  0.54432023 -1.30528247 -0.29422539
 -1.70827127  0.20747036]"
1747093052.2424486,"[ 0.00000000e+00 -2.12869662e-01  9.79443804e-01  2.97543084e+00
 -1.95862582e+00 -1.15048559e-04  9.60009452e-01  1.57093335e+00]","[ 0.00000000e+00 -3.07911127e-02  1.95010370e-01  3.02202662e-02
  2.60373964e-01 -2.11639139e-05 -5.82453112e-05  0.00000000e+00]","[ 0.         -1.97446942 16.56469154  0.55088681 -1.18910968 -0.26111877
 -1.76010168  0.21369351]"
1747093052.2442086,"[ 0.00000000e+00 -2.12901087e-01  9.79636217e-01  2.97546067e+00
 -1.95834991e+00 -1.15048559e-04  9.60009452e-01  1.57093335e+00]","[ 0.00000000e+00 -3.18715031e-02  1.95010370e-01  2.80860672e-02
  2.59796125e-01 -2.11639139e-05 -5.82013384e-05  0.00000000e+00]","[ 0.         -1.99409294 16.50201225  0.55996525 -1.1144799  -0.22647026
 -1.77003324  0.19277613]"
1747093052.245982,"[ 0.00000000e+00 -2.12972992e-01  9.80032029e-01  2.97550941e+00
 -1.95784125e+00 -1.15048559e-04  9.60009452e-01  1.57093335e+00]","[ 0.00000000e+00 -3.61106584e-02  1.92659531e-01  2.37685775e-02
  2.56862703e-01 -2.11639139e-05 -5.82007654e-05  0.00000000e+00]","[ 0.         -2.03051448 16.45692635  0.54102731 -0.97273922 -0.18170963
 -1.69974172  0.20307986]"
1747093052.2477472,"[ 0.00000000e+00 -2.13048626e-01  9.80409532e-01  2.97555015e+00
 -1.95731847e+00 -1.15048559e-04  9.60010451e-01  1.57093335e+00]","[ 0.00000000e+00 -3.88546298e-02  1.91499109e-01  1.94470181e-02
  2.54713682e-01 -2.11639139e-05 -4.76547840e-05  0.00000000e+00]","[ 0.         -1.98820317 16.33473206  0.56372982 -0.83287293 -0.1822699
 -1.64057052  0.21084118]"
1747093052.2495294,"[ 0.00000000e+00 -2.13126390e-01  9.80798420e-01  2.97558238e+00
 -1.95681354e+00 -1.15048559e-04  9.60009452e-01  1.57093241e+00]","[ 0.00000000e+00 -3.94342335e-02  1.90082490e-01  1.45852636e-02
  2.57132797e-01 -2.11641232e-05 -5.82013384e-05 -1.05819570e-05]","[ 0.         -1.96135628 16.13467598  0.60167474 -0.78539574 -0.20027094
 -1.65694177  0.21735768]"
1747093052.2518823,"[ 0.00000000e+00 -2.13208948e-01  9.81174525e-01  2.97560022e+00
 -1.95628304e+00 -1.15048559e-04  9.60009452e-01  1.57093241e+00]","[ 0.00000000e+00 -4.05146197e-02  1.90418714e-01  7.56272939e-03
  2.59563681e-01 -2.11641232e-05 -5.82453112e-05 -1.05820616e-05]","[ 0.         -1.85010076 16.00882912  0.64513111 -0.76624584 -0.26860505
 -1.67589569  0.19965868]"
1747093052.253096,"[ 0.00000000e+00 -2.13294170e-01  9.81549232e-01  2.97560608e+00
 -1.95576239e+00 -1.16113824e-04  9.60009452e-01  1.57093241e+00]","[ 0.00000000e+00 -4.47907535e-02  1.89770151e-01  8.10292444e-04
  2.64965620e-01 -3.17458709e-05 -5.82007654e-05 -1.05899522e-05]","[ 0.         -1.7211144  15.87154388  0.73859006 -0.8178218  -0.30595008
 -1.62502861  0.17323488]"
1747093052.25488,"[ 0.00000000e+00 -2.13343704e-01  9.81780661e-01  2.97560528e+00
 -1.95550060e+00 -1.16113824e-04  9.60009452e-01  1.57093241e+00]","[ 0.00000000e+00 -4.66429321e-02  1.90633182e-01 -8.09471454e-04
  2.65505826e-01 -3.17458709e-05 -5.82447383e-05 -1.05819570e-05]","[ 0.         -1.65753734 15.90909958  0.74477792 -0.87191939 -0.32462969
 -1.6211561   0.16122335]"
1747093052.2578628,"[ 0.00000000e+00 -2.13442774e-01  9.82157631e-01  2.97559969e+00
 -1.95495572e+00 -1.16113824e-04  9.60009452e-01  1.57093241e+00]","[ 0.00000000e+00 -5.13185192e-02  1.91035253e-01 -2.16004939e-03
  2.66316109e-01 -3.17461838e-05 -4.76192757e-05 -1.05820616e-05]","[ 0.         -1.47863746 15.89791298  0.80827487 -0.984339   -0.34674367
 -1.62973881  0.18661551]"
1747093052.2590587,"[ 0.00000000e+00 -2.13551431e-01  9.82550248e-01  2.97559889e+00
 -1.95443161e+00 -1.16113824e-04  9.60009452e-01  1.57093241e+00]","[ 0.00000000e+00 -5.31629122e-02  1.91769203e-01 -1.58994696e-03
  2.66046015e-01 -3.17461838e-05 -4.76547840e-05 -1.05820616e-05]","[ 0.         -1.27975166 15.92911434  0.95043492 -1.06105483 -0.34128261
 -1.71854162  0.20315865]"
1747093052.2607863,"[ 0.00000000e+00 -2.13658490e-01  9.82928616e-01  2.97560262e+00
 -1.95388486e+00 -1.16113824e-04  9.60009452e-01  1.57093241e+00]","[ 0.00000000e+00 -5.50998833e-02  1.92114549e-01  7.28725658e-04
  2.68206787e-01 -3.17458709e-05 -4.76188043e-05 -1.05819570e-05]","[ 0.         -1.16052163 16.01455498  1.0328691  -1.11600006 -0.31367794
 -1.72540557  0.18486127]"
1747093052.2625852,"[ 0.00000000e+00 -2.13771941e-01  9.83321233e-01  2.97560475e+00
 -1.95335249e+00 -1.16113824e-04  9.60009452e-01  1.57093241e+00]","[ 0.00000000e+00 -5.78008613e-02  1.91769203e-01  8.33746272e-04
  2.70363465e-01 -3.17458709e-05 -4.76188043e-05 -1.05820616e-05]","[ 0.         -0.9788509  16.10422707  1.1314733  -1.1771394  -0.28595302
 -1.66858876  0.18045504]"
1747093052.2648628,"[ 0.00000000e+00 -2.13891783e-01  9.83697338e-01  2.97560395e+00
 -1.95279882e+00 -1.16113824e-04  9.60009452e-01  1.57093241e+00]","[ 0.00000000e+00 -5.78008613e-02  1.90958920e-01  7.25033123e-04
  2.70363465e-01 -3.17461838e-05 -4.76192757e-05 -1.05819570e-05]","[ 0.         -0.8539452  16.13292122  1.20568466 -1.24690664 -0.30283698
 -1.65583515  0.17610881]"
1747093052.2666416,"[ 0.00000000e+00 -2.14006832e-01  9.83901203e-01  2.97560342e+00
 -1.95226512e+00 -1.16113824e-04  9.60009452e-01  1.57093241e+00]","[ 0.00000000e+00 -5.88812517e-02  1.92088633e-01  3.77485595e-04
  2.70637670e-01 -3.17938749e-05 -3.70648338e-05 -1.05819570e-05]","[ 0.         -0.6756295  16.09290504  1.34035647 -1.31985128 -0.33302978
 -1.70966899  0.15961796]"
1747093052.2683814,"[ 0.00000000e+00 -2.14134131e-01  9.84281369e-01  2.97560421e+00
 -1.95171545e+00 -1.16113824e-04  9.60009452e-01  1.57093241e+00]","[ 0.00000000e+00 -6.31936502e-02  1.92849598e-01  0.00000000e+00
  2.68476898e-01 -3.18179359e-05 -3.70372172e-05 -1.05820616e-05]","[ 0.         -0.55088276 16.07108688  1.42199087 -1.35830009 -0.38433066
 -1.7122457   0.15504333]"
1747093052.2701063,"[ 0.00000000e+00 -2.14197514e-01  9.84486632e-01  2.97560421e+00
 -1.95144887e+00 -1.16113824e-04  9.60009452e-01  1.57093241e+00]","[ 0.00000000e+00 -6.42831993e-02  1.93342482e-01  0.00000000e+00
  2.70367576e-01 -3.18179359e-05 -3.70372172e-05 -1.05740785e-05]","[ 0.         -0.48336989 16.12628937  1.4763422  -1.38591719 -0.40601069
 -1.70340443  0.16722476]"
1747093052.271896,"[ 0.00000000e+00 -2.14325346e-01  9.84867797e-01  2.97560421e+00
 -1.95091277e+00 -1.17179088e-04  9.60009452e-01  1.57093241e+00]","[ 0.00000000e+00 -6.48233924e-02  1.93389787e-01  0.00000000e+00
  2.71988159e-01 -4.23918346e-05 -3.70368514e-05 -1.05978530e-05]","[ 0.         -0.34504139 16.13392448  1.53303897 -1.40894246 -0.48245132
 -1.69249868  0.16281499]"
1747093052.2730298,"[ 0.00000000e+00 -2.14462232e-01  9.85261745e-01  2.97560421e+00
 -1.95035457e+00 -1.17179088e-04  9.60009452e-01  1.57093241e+00]","[ 0.00000000e+00 -6.75243704e-02  1.92158474e-01  0.00000000e+00
  2.73338648e-01 -4.24239132e-05 -3.70368514e-05 -1.05899522e-05]","[ 0.         -0.19622959 16.1006546   1.64042342 -1.41681588 -0.49543425
 -1.71219742  0.15321851]"
1747093052.2748015,"[ 0.00000000e+00 -2.14529876e-01  9.85451895e-01  2.97560475e+00
 -1.95008506e+00 -1.17179088e-04  9.60009452e-01  1.57093241e+00]","[ 0.00000000e+00 -6.86047607e-02  1.92849598e-01  4.03539816e-05
  2.73338648e-01 -4.24239132e-05 -3.70648338e-05 -1.05979587e-05]","[ 0.         -0.10485943 16.0879364   1.6934942  -1.39148915 -0.5080722
 -1.71631193  0.15667897]"
1747093052.276554,"[ 0.00000000e+00 -2.14665698e-01  9.85825670e-01  2.97560528e+00
 -1.94952793e+00 -1.17179088e-04  9.60009452e-01  1.57093241e+00]","[ 0.00000000e+00 -6.51998011e-02  1.87717753e-01  3.75463289e-05
  2.71582244e-01 -4.23918346e-05 -3.70368514e-05 -1.05979587e-05]","[ 0.         -0.01639744 16.13254738  1.74063683 -1.37310266 -0.51346546
 -1.70669675  0.15831436]"
1747093052.2788386,"[ 0.00000000e+00 -2.14788736e-01  9.86210030e-01  2.97560581e+00
 -1.94899290e+00 -1.17179088e-04  9.60009452e-01  1.57093241e+00]","[ 0.00000000e+00 -6.20594764e-02  1.87717753e-01  6.56193449e-05
  2.71718065e-01 -4.24243358e-05 -3.70648338e-05 -1.05979587e-05]","[ 0.          0.05315099 16.18084335  1.81494689 -1.33268952 -0.49825683
 -1.70384979  0.16330895]"
1747093052.2805417,"[ 0.00000000e+00 -2.14918165e-01  9.86584671e-01  2.97560608e+00
 -1.94843683e+00 -1.17179088e-04  9.60009452e-01  1.57093241e+00]","[ 0.00000000e+00 -5.84002848e-02  1.90418714e-01  1.08252297e-04
  2.71827820e-01 -4.23918346e-05 -3.70368514e-05 -1.05979587e-05]","[ 0.          0.09335529 16.22619629  1.8763994  -1.25642467 -0.46933183
 -1.70590413  0.17011614]"
1747093052.2840328,"[ 0.00000000e+00 -2.15027355e-01  9.86976821e-01  2.97560608e+00
 -1.94789914e+00 -1.17179088e-04  9.60009452e-01  1.57093241e+00]","[ 0.00000000e+00 -5.40194971e-02  1.91229014e-01  1.23716909e-04
  2.73338648e-01 -4.23918346e-05 -3.70648338e-05 -1.05980643e-05]","[ 0.          0.11505016 16.28223038  1.87698758 -1.15633976 -0.49025899
 -1.67363787  0.14942931]"
1747093052.2863605,"[ 0.00000000e+00 -2.15244669e-01  9.87755196e-01  2.97560714e+00
 -1.94679765e+00 -1.17711720e-04  9.60009452e-01  1.57093241e+00]","[ 0.00000000e+00 -5.50998833e-02  1.93342482e-01  1.85466121e-04
  2.75769515e-01 -4.76908124e-05 -3.70648338e-05 -1.05979587e-05]","[ 0.          0.06131769 16.28276443  1.93396163 -1.08555281 -0.54199535
 -1.68873036  0.11432957]"
1747093052.2887678,"[ 0.00000000e+00 -2.15355989e-01  9.88132167e-01  2.97560741e+00
 -1.94623333e+00 -1.18776985e-04  9.60009452e-01  1.57093241e+00]","[ 0.00000000e+00 -5.29391068e-02  1.89608431e-01  1.88067498e-04
  2.75845299e-01 -5.82893532e-05 -3.70372172e-05 -1.05980643e-05]","[ 0.          0.07306093 16.34255219  1.93669856 -1.0635308  -0.57312024
 -1.64989185  0.11757659]"
1747093052.2905126,"[ 0.00000000e+00 -2.15455591e-01  9.88516994e-01  2.97560794e+00
 -1.94568685e+00 -1.18776985e-04  9.60009452e-01  1.57093241e+00]","[ 0.00000000e+00 -4.96979357e-02  1.87324038e-01  1.80333229e-04
  2.77660210e-01 -5.82887721e-05 -3.71209245e-05 -1.05979587e-05]","[ 0.          0.09630305 16.44007683  1.91593719 -1.10237098 -0.56498194
 -1.63805854  0.12665033]"
1747093052.2917106,"[ 0.00000000e+00 -2.15506191e-01  9.88701551e-01  2.97560794e+00
 -1.94541281e+00 -1.18776985e-04  9.60009452e-01  1.57093241e+00]","[ 0.00000000e+00 -4.76460075e-02  1.87177547e-01  1.72648537e-04
  2.77930304e-01 -4.76908124e-05 -3.70928568e-05 -1.05979587e-05]","[ 0.          0.05962029 16.52163315  1.8939997  -1.16436851 -0.5446319
 -1.65675628  0.12063333]"
1747093052.2934167,"[ 0.00000000e+00 -2.15595141e-01  9.89072596e-01  2.97560794e+00
 -1.94480241e+00 -1.18776985e-04  9.60009452e-01  1.57093241e+00]","[ 0.00000000e+00 -4.42959881e-02  1.88178696e-01  1.61676667e-04
  2.77099148e-01 -4.77269018e-05 -3.71209245e-05 -1.05899522e-05]","[ 0.          0.02161537 16.65690422  1.84998822 -1.28567433 -0.4807786
 -1.71789372  0.12581854]"
1747093052.2951717,"[ 0.00000000e+00 -2.15677699e-01  9.89460618e-01  2.97560794e+00
 -1.94425780e+00 -1.18776985e-04  9.60009452e-01  1.57093241e+00]","[ 0.00000000e+00 -4.10548170e-02  1.89608431e-01  1.54558937e-04
  2.75208920e-01 -3.70928568e-05 -3.71205547e-05 -1.05980643e-05]","[ 0.         -0.06160017 16.72561073  1.8141458  -1.4788444  -0.46329546
 -1.71938097  0.15354101]"
1747093052.296962,"[ 0.00000000e+00 -2.15717114e-01  9.89648438e-01  2.97560848e+00
 -1.94403063e+00 -1.18776985e-04  9.60009452e-01  1.57093241e+00]","[ 0.00000000e+00 -3.71137339e-02  1.90418714e-01  1.69695653e-04
  2.72383256e-01 -3.70924870e-05 -3.70924870e-05 -1.05979587e-05]","[ 0.         -0.12255963 16.70962715  1.7661165  -1.50980008 -0.47649086
 -1.71003532  0.15943158]"
1747093052.2987273,"[ 0.00000000e+00 -2.15752267e-01  9.90040988e-01  2.97560848e+00
 -1.94343488e+00 -1.18776985e-04  9.60009452e-01  1.57093241e+00]","[ 0.00000000e+00 -3.56167419e-02  1.91907937e-01  1.62809795e-04
  2.70637670e-01 -3.71209245e-05 -2.91664395e-05 -1.05979587e-05]","[ 0.         -0.14160913 16.77635384  1.72299385 -1.62662756 -0.49163654
 -1.72463381  0.15101027]"
1747093052.300519,"[ 0.00000000e+00 -2.15816183e-01  9.90414363e-01  2.97560848e+00
 -1.94290278e+00 -1.18776985e-04  9.60009452e-01  1.57093241e+00]","[ 0.00000000e+00 -3.05937517e-02  1.89068225e-01  1.63277685e-04
  2.69287181e-01 -3.70928568e-05 -2.91664395e-05 -1.05979587e-05]","[ 0.         -0.25546443 16.88336182  1.63036311 -1.57417679 -0.49958947
 -1.73705196  0.14978433]"
1747093052.3022754,"[ 0.00000000e+00 -2.15874240e-01  9.90803717e-01  2.97560848e+00
 -1.94234938e+00 -1.18776985e-04  9.60009452e-01  1.57093241e+00]","[ 0.00000000e+00 -2.91705272e-02  1.90958920e-01  1.37281403e-04
  2.70363465e-01 -3.71209245e-05 -2.91664395e-05 -1.05979587e-05]","[ 0.         -0.35266474 16.99986267  1.52065885 -1.52277422 -0.48630109
 -1.72245479  0.15317044]"
1747093052.3039508,"[ 0.00000000e+00 -2.15904067e-01  9.90991070e-01  2.97560848e+00
 -1.94208359e+00 -1.18776985e-04  9.60009452e-01  1.57093241e+00]","[ 0.00000000e+00 -3.02509176e-02  1.90148620e-01  1.37286458e-04
  2.69830949e-01 -3.71209245e-05 -2.91664395e-05 -1.05980643e-05]","[ 0.         -0.41770467 17.06813622  1.48442614 -1.50962925 -0.47611278
 -1.71992826  0.14919735]"
1747093052.305786,"[ 0.00000000e+00 -2.15970114e-01  9.91368107e-01  2.97560848e+00
 -1.94153445e+00 -1.18776985e-04  9.60008520e-01  1.57093148e+00]","[ 0.00000000e+00 -3.29518914e-02  1.91769203e-01  1.13551490e-04
  2.67068402e-01 -3.71209245e-05 -3.70928568e-05 -1.85604623e-05]","[ 0.         -0.52457434 17.12795067  1.39441407 -1.42925775 -0.45569971
 -1.71958768  0.12648728]"
1747093052.3075154,"[ 0.00000000e+00 -2.16040954e-01  9.91767582e-01  2.97560848e+00
 -1.94101140e+00 -1.18776985e-04  9.60008520e-01  1.57093148e+00]","[ 0.00000000e+00 -3.51075830e-02  1.96090765e-01  9.46228824e-05
  2.65505826e-01 -2.65149452e-05 -3.71209245e-05 -1.85466133e-05]","[ 0.         -0.59923434 17.06470108  1.31842232 -1.39647412 -0.41385809
 -1.7256856   0.17339878]"
1747093052.3109474,"[ 0.00000000e+00 -2.16111261e-01  9.92158334e-01  2.97560794e+00
 -1.94049209e+00 -1.18776985e-04  9.60008520e-01  1.57093148e+00]","[ 0.00000000e+00 -3.56528652e-02  1.98251554e-01  6.62383705e-05
  2.63074942e-01 -2.65149452e-05 -3.70928568e-05 -1.85606472e-05]","[ 0.         -0.68943751 16.9390583   1.2456485  -1.43066716 -0.38463446
 -1.72442234  0.16586438]"
1747093052.3115487,"[ 0.00000000e+00 -2.16184232e-01  9.92563334e-01  2.97560794e+00
 -1.93995200e+00 -1.18776985e-04  9.60008520e-01  1.57093148e+00]","[ 0.00000000e+00 -3.61106584e-02  1.96630970e-01  6.38297897e-05
  2.63615131e-01 -2.64946330e-05 -3.71209245e-05 -1.85464284e-05]","[ 0.         -0.76830065 16.7751503   1.16596377 -1.43243146 -0.37166485
 -1.70481849  0.13604297]"
1747093052.3139348,"[ 0.00000000e+00 -2.16258268e-01  9.92947229e-01  2.97560741e+00
 -1.93969314e+00 -1.18776985e-04  9.60008520e-01  1.57093148e+00]","[ 0.00000000e+00 -3.83538432e-02  1.94740276e-01  2.65281501e-05
  2.62534753e-01 -2.65152094e-05 -2.91440955e-05 -1.85604623e-05]","[ 0.         -0.79511786 16.6286869   1.1169852  -1.41783166 -0.39941293
 -1.706182    0.15107013]"
1747093052.315086,"[ 0.00000000e+00 -2.16297150e-01  9.93152492e-01  2.97560741e+00
 -1.93943535e+00 -1.18776985e-04  9.60008520e-01  1.57093148e+00]","[ 0.00000000e+00 -3.94342335e-02  1.93342482e-01  2.64613760e-05
  2.61454359e-01 -2.65149452e-05 -2.91664395e-05 -1.85466133e-05]","[ 0.         -0.80823332 16.60772705  1.08334768 -1.39365911 -0.39003313
 -1.71425259  0.15616383]"
1747093052.3168557,"[ 0.00000000e+00 -2.16381839e-01  9.93528131e-01  2.97560741e+00
 -1.93890271e+00 -1.18776985e-04  9.60008520e-01  1.57093148e+00]","[ 0.00000000e+00 -4.16275631e-02  1.89068225e-01  2.56871794e-05
  2.59563681e-01 -2.64948971e-05 -3.70928568e-05 -1.85464284e-05]","[ 0.         -0.8698588  16.56889915  1.0459193  -1.25648999 -0.36392891
 -1.72415304  0.15973781]"
1747093052.3186126,"[ 0.00000000e+00 -2.16460668e-01  9.93898244e-01  2.97560741e+00
 -1.93837381e+00 -1.18776985e-04  9.60008520e-01  1.57093148e+00]","[ 0.00000000e+00 -3.94742683e-02  1.87177547e-01  8.54152150e-06
  2.57789982e-01 -2.65149452e-05 -3.71205547e-05 -1.85464284e-05]","[ 0.         -0.87332577 16.62269211  1.00789857 -1.04674828 -0.3796646
 -1.67106891  0.15670347]"
1747093052.320824,"[ 0.00000000e+00 -2.16538432e-01  9.94283470e-01  2.97560741e+00
 -1.93785955e+00 -1.18776985e-04  9.60008520e-01  1.57093148e+00]","[ 0.00000000e+00 -3.71137339e-02  1.89068225e-01  0.00000000e+00
  2.61724453e-01 -2.64946330e-05 -2.91443860e-05 -1.85464284e-05]","[ 0.         -0.94252002 16.63488197  1.01010096 -0.86096233 -0.35422015
 -1.65055585  0.16826977]"
1747093052.3224366,"[ 0.00000000e+00 -2.16610338e-01  9.94656312e-01  2.97560741e+00
 -1.93732186e+00 -1.18776985e-04  9.60008520e-01  1.57093148e+00]","[ 0.00000000e+00 -3.61930625e-02  1.87987848e-01  0.00000000e+00
  2.62558122e-01 -2.65149452e-05 -2.91443860e-05 -1.85464284e-05]","[ 0.         -1.01683092 16.6629467   0.96137398 -0.74698484 -0.3567031
 -1.63715327  0.17624006]"
1747093052.3249335,"[ 0.00000000e+00 -2.16686504e-01  9.95040673e-01  2.97560741e+00
 -1.93680281e+00 -1.18776985e-04  9.60008520e-01  1.57093148e+00]","[ 0.00000000e+00 -3.70788174e-02  1.86987897e-01  0.00000000e+00
  2.63615131e-01 -2.64948971e-05 -3.70928568e-05 -1.85464284e-05]","[ 0.         -1.01574016 16.59183884  0.93160123 -0.75581294 -0.3650246
 -1.64576852  0.17068577]"
1747093052.3260915,"[ 0.00000000e+00 -2.16762671e-01  9.95410786e-01  2.97560714e+00
 -1.93626805e+00 -1.18776985e-04  9.60008520e-01  1.57093148e+00]","[ 0.00000000e+00 -3.83538432e-02  1.87177547e-01 -6.97911636e-06
  2.60548434e-01 -2.65149452e-05 -2.91446766e-05 -1.85604623e-05]","[ 0.         -1.03211033 16.42865753  0.94057804 -0.87831074 -0.3352201
 -1.66839051  0.16913863]"
1747093052.3278694,"[ 0.00000000e+00 -2.16801020e-01  9.95609125e-01  2.97560714e+00
 -1.93601318e+00 -1.18776985e-04  9.60008520e-01  1.57093148e+00]","[ 0.00000000e+00 -3.88940363e-02  1.86822498e-01 -6.97929922e-06
  2.58221381e-01 -2.65149452e-05 -2.91664395e-05 -1.85464284e-05]","[ 0.         -1.0415591  16.28801918  0.92231715 -0.96126866 -0.33305717
 -1.65398097  0.16742535]"
1747093052.3296251,"[ 0.00000000e+00 -2.16878252e-01  9.95975576e-01  2.97560714e+00
 -1.93548268e+00 -1.18776985e-04  9.60008520e-01  1.57093148e+00]","[ 0.00000000e+00 -3.67332556e-02  1.85827058e-01 -2.04104928e-05
  2.59301193e-01 -2.65149452e-05 -1.85464284e-05 -1.85464284e-05]","[ 0.         -1.05077183 16.19767952  0.91853797 -1.08063734 -0.33195391
 -1.65740216  0.14322399]"
1747093052.3319993,"[ 0.00000000e+00 -2.16951755e-01  9.96351681e-01  2.97560714e+00
 -1.93497402e+00 -1.18776985e-04  9.60008520e-01  1.57093148e+00]","[ 0.00000000e+00 -3.72734528e-02  1.83311736e-01 -1.98713710e-05
  2.57402892e-01 -3.70928568e-05 -2.91667301e-05 -1.85464284e-05]","[ 0.         -1.06717241 16.13706398  0.95044041 -1.14146709 -0.35997692
 -1.67529237  0.17367241]"
1747093052.333098,"[ 0.00000000e+00 -2.17031117e-01  9.96713937e-01  2.97560714e+00
 -1.93446828e+00 -1.18776985e-04  9.60008520e-01  1.57093148e+00]","[ 0.00000000e+00 -3.86183408e-02  1.83396192e-01 -1.93952440e-05
  2.56062806e-01 -3.70924870e-05 -2.91443860e-05 -1.85606472e-05]","[ 0.         -1.10868299 16.23013687  0.9903577  -1.17613971 -0.39303872
 -1.67925167  0.18842514]"
1747093052.3348584,"[ 0.00000000e+00 -2.17069999e-01  9.96894433e-01  2.97560714e+00
 -1.93419797e+00 -1.18776985e-04  9.60008520e-01  1.57093148e+00]","[ 0.00000000e+00 -3.94342335e-02  1.83126081e-01 -1.93595284e-05
  2.54769891e-01 -2.65149452e-05 -1.85464284e-05 -1.85604623e-05]","[ 0.         -1.10426855 16.31091118  0.96985108 -1.17413187 -0.4125843
 -1.65500104  0.14727817]"
1747093052.3366313,"[ 0.00000000e+00 -2.17150427e-01  9.97266809e-01  2.97560714e+00
 -1.93370023e+00 -1.18776985e-04  9.60008520e-01  1.57093148e+00]","[ 0.00000000e+00 -4.05146197e-02  1.81385572e-01 -1.89418511e-05
  2.52000952e-01 -2.64948971e-05 -1.85604623e-05 -1.85464284e-05]","[ 0.         -1.17345369 16.35359383  1.01151633 -1.13129234 -0.40354377
 -1.67032218  0.15143485]"
1747093052.3384163,"[ 0.00000000e+00 -2.17231920e-01  9.97626403e-01  2.97560714e+00
 -1.93318304e+00 -1.18776985e-04  9.60008520e-01  1.57093148e+00]","[ 0.00000000e+00 -3.91198807e-02  1.81861245e-01 -3.15697518e-05
  2.52541141e-01 -2.65152094e-05 -1.85464284e-05 -1.85604623e-05]","[ 0.         -1.1782248  16.49445343  1.01683044 -0.99097812 -0.38891229
 -1.68928993  0.12848465]"
1747093052.3400197,"[ 0.00000000e+00 -2.17270802e-01  9.97818750e-01  2.97560714e+00
 -1.93293324e+00 -1.18776985e-04  9.60008520e-01  1.57093148e+00]","[ 0.00000000e+00 -3.94342335e-02  1.81054824e-01 -3.07943971e-05
  2.53351425e-01 -2.65152094e-05 -1.85604623e-05 -1.85602774e-05]","[ 0.         -1.19205379 16.42306328  1.03526318 -0.94186521 -0.3705982
 -1.67703688  0.12106043]"
1747093052.3417668,"[ 0.00000000e+00 -2.17347501e-01  9.98172351e-01  2.97560714e+00
 -1.93241392e+00 -1.18776985e-04  9.60008520e-01  1.57093148e+00]","[ 0.00000000e+00 -3.94342335e-02  1.78804536e-01 -3.01078659e-05
  2.53288408e-01 -2.64751417e-05 -1.05979587e-05 -1.85604623e-05]","[ 0.         -1.21465099 16.42497063  1.03591442 -0.94206631 -0.34361473
 -1.64283264  0.12996344]"
1747093052.3434365,"[ 0.00000000e+00 -2.17429526e-01  9.98522690e-01  2.97560714e+00
 -1.93191245e+00 -1.18776985e-04  9.60008520e-01  1.57093148e+00]","[ 0.00000000e+00 -4.05146197e-02  1.76913841e-01 -2.95008646e-05
  2.54431819e-01 -3.70368514e-05 -1.06059783e-05 -1.85604623e-05]","[ 0.         -1.22456419 16.34955978  1.04820812 -1.02190351 -0.35726839
 -1.65410447  0.13670014]"
1747093052.3452225,"[ 0.00000000e+00 -2.17511019e-01  9.98880419e-01  2.97560714e+00
 -1.93141790e+00 -1.18776985e-04  9.60008520e-01  1.57093148e+00]","[ 0.00000000e+00 -4.10548170e-02  1.73672674e-01 -2.94512758e-05
  2.50110258e-01 -3.70651995e-05 -1.05979587e-05 -1.85462435e-05]","[ 0.         -1.24307609 16.25905037  1.09677851 -1.16292989 -0.3870146
 -1.72691321  0.13102667]"
1747093052.3469458,"[ 0.00000000e+00 -2.17554695e-01  9.99051261e-01  2.97560714e+00
 -1.93115265e+00 -1.18776985e-04  9.60008520e-01  1.57093148e+00]","[ 0.00000000e+00 -4.11260274e-02  1.73402580e-01 -2.95008646e-05
  2.49765378e-01 -3.70651995e-05 -1.85464284e-05 -1.85604623e-05]","[ 0.         -1.26126587 16.29948425  1.12918878 -1.19319975 -0.41054985
 -1.74767804  0.1336987 ]"
1747093052.349487,"[ 0.00000000e+00 -2.17674004e-01  9.99575637e-01  2.97560661e+00
 -1.93042481e+00 -1.18776985e-04  9.60008520e-01  1.57093148e+00]","[ 0.00000000e+00 -3.90830791e-02  1.73368525e-01 -3.95085897e-05
  2.44438224e-01 -3.70648338e-05 -1.05979587e-05 -1.06059783e-05]","[ 0.         -1.23660636 16.37871361  1.11800563 -1.49495077 -0.48374337
 -1.67873418  0.15739138]"
1747093052.3518338,"[ 0.00000000e+00 -2.17752301e-01  9.99922314e-01  2.97560661e+00
 -1.92992520e+00 -1.18776985e-04  9.60008520e-01  1.57093148e+00]","[ 0.00000000e+00 -3.99744266e-02  1.76643747e-01 -3.86990962e-05
  2.43898018e-01 -3.70368514e-05 -1.05978530e-05 -1.06058726e-05]","[ 0.         -1.24626458 16.47313881  1.1137054  -1.51377583 -0.44865197
 -1.69726074  0.12173635]"
1747093052.3536434,"[ 0.00000000e+00 -2.17839120e-01  1.00028690e+00  2.97560661e+00
 -1.92942799e+00 -1.18776985e-04  9.60008520e-01  1.57093148e+00]","[ 0.00000000e+00 -4.21291029e-02  1.78045601e-01 -3.86381372e-05
  2.42264985e-01 -2.64551545e-05 -1.05979587e-05 -1.05899522e-05]","[ 0.         -1.25044847 16.51209068  1.10473669 -1.44001937 -0.40813553
 -1.7402128   0.11680031]"
1747093052.356008,"[ 0.00000000e+00 -2.17923276e-01  1.00064143e+00  2.97560661e+00
 -1.92894835e+00 -1.18776985e-04  9.60008520e-01  1.57093148e+00]","[ 0.00000000e+00 -4.26754004e-02  1.79702654e-01 -3.79228759e-05
  2.44168113e-01 -2.64548924e-05 -1.06059783e-05 -1.05899522e-05]","[ 0.         -1.2769295  16.56599998  1.08808696 -1.33690965 -0.38010311
 -1.70501101  0.13189109]"
1747093052.35836,"[ 0.00000000e+00 -2.18003704e-01  1.00101201e+00  2.97560661e+00
 -1.92846951e+00 -1.18776985e-04  9.60008520e-01  1.57093148e+00]","[ 0.00000000e+00 -3.99744266e-02  1.80695214e-01 -3.71216641e-05
  2.42547529e-01 -2.64548924e-05 -1.05979587e-05 -1.05899522e-05]","[ 0.         -1.31771803 16.53612709  1.09447777 -1.2321738  -0.36802372
 -1.65611625  0.14443126]"
1747093052.3602054,"[ 0.00000000e+00 -2.18120883e-01  1.00155064e+00  2.97560661e+00
 -1.92773848e+00 -1.18776985e-04  9.60008520e-01  1.57093148e+00]","[ 0.00000000e+00 -3.83538432e-02  1.75036379e-01 -2.59658450e-05
  2.41492318e-01 -2.64551545e-05 -1.05979587e-05 -1.05899522e-05]","[ 0.         -1.31555283 16.51242828  1.10801792 -1.0344429  -0.41993049
 -1.67878699  0.14913443]"
1747093052.3625515,"[ 0.00000000e+00 -2.18201843e-01  1.00189405e+00  2.97560661e+00
 -1.92724526e+00 -1.19842249e-04  9.60008520e-01  1.57093148e+00]","[ 0.00000000e+00 -3.94342335e-02  1.75023163e-01 -2.55131166e-05
  2.39576457e-01 -3.70648338e-05 -1.05819570e-05 -1.05899522e-05]","[ 0.         -1.33594084 16.54344749  1.0943017  -1.00083554 -0.47539565
 -1.65760422  0.12113085]"
1747093052.3648021,"[ 0.00000000e+00 -2.18280140e-01  1.00223940e+00  2.97560608e+00
 -1.92677042e+00 -1.19842249e-04  9.60008520e-01  1.57093055e+00]","[ 0.00000000e+00 -3.94342335e-02  1.74482974e-01 -3.50554305e-05
  2.41467152e-01 -3.70368514e-05 -1.05819570e-05 -1.85325998e-05]","[ 0.         -1.34802818 16.55351067  1.06722224 -0.98792481 -0.49504596
 -1.64994597  0.11421042]"
1747093052.3675966,"[ 0.00000000e+00 -2.18397319e-01  1.00276837e+00  2.97560608e+00
 -1.92604284e+00 -1.19842249e-04  9.60008520e-01  1.57093055e+00]","[ 0.00000000e+00 -3.83538432e-02  1.74036362e-01 -2.50400657e-05
  2.38225968e-01 -3.70648338e-05 -1.05899522e-05 -1.85324169e-05]","[ 0.         -1.29930866 16.57079315  1.04288197 -1.08219779 -0.44363073
 -1.7016623   0.13170254]"
1747093052.3700473,"[ 0.00000000e+00 -2.18478279e-01  1.00312377e+00  2.97560608e+00
 -1.92555735e+00 -1.18776985e-04  9.60008520e-01  1.57093055e+00]","[ 0.00000000e+00 -4.21352073e-02  1.73281006e-01 -2.45493339e-05
  2.36474657e-01 -2.64548924e-05 -1.05819570e-05 -1.85464284e-05]","[ 0.         -1.33117306 16.54408836  1.00160348 -1.10497582 -0.3737666
 -1.67678249  0.13462566]"
1747093052.3728833,"[ 0.00000000e+00 -2.18625285e-01  1.00364222e+00  2.97560608e+00
 -1.92486040e+00 -1.18776985e-04  9.60008520e-01  1.57093055e+00]","[ 0.00000000e+00 -5.13185192e-02  1.68858944e-01 -2.41110437e-05
  2.34746714e-01 -1.58729355e-05 -1.05819570e-05 -1.85324169e-05]","[ 0.         -1.31192303 16.60639     0.97850287 -1.13564754 -0.32312095
 -1.67875803  0.15692697]"
1747093052.3751328,"[ 0.00000000e+00 -2.18737138e-01  1.00397005e+00  2.97560581e+00
 -1.92437810e+00 -1.19842249e-04  9.60008520e-01  1.57093055e+00]","[ 0.00000000e+00 -5.52210613e-02  1.65839851e-01 -2.84257499e-05
  2.35722347e-01 -2.64548924e-05 -1.05819570e-05 -1.85464284e-05]","[ 0.         -1.28967619 16.69252014  1.005849   -1.21879542 -0.38400027
 -1.74104118  0.15517299]"
1747093052.377448,"[ 0.00000000e+00 -2.18850056e-01  1.00430894e+00  2.97560581e+00
 -1.92391471e+00 -1.19842249e-04  9.60008520e-01  1.57093055e+00]","[ 0.00000000e+00 -5.78008613e-02  1.66008712e-01 -2.79352558e-05
  2.34444612e-01 -2.64548924e-05 -1.05820616e-05 -1.85324169e-05]","[ 0.         -1.24827194 16.84814072  1.03459668 -1.31056738 -0.46092743
 -1.72350109  0.11886441]"
1747093052.3792756,"[ 0.00000000e+00 -2.19037010e-01  1.00480582e+00  2.97560581e+00
 -1.92321456e+00 -1.19842249e-04  9.60008520e-01  1.57093055e+00]","[ 0.00000000e+00 -6.26921145e-02  1.69621207e-01 -2.74265240e-05
  2.28986763e-01 -2.64546283e-05 -1.05899522e-05 -1.85464284e-05]","[ 0.         -1.10627604 17.07223701  1.04501152 -1.36360765 -0.49377933
 -1.73510587  0.15237156]"
1747093052.3815172,"[ 0.00000000e+00 -2.19157918e-01  1.00515709e+00  2.97560581e+00
 -1.92276822e+00 -1.19842249e-04  9.60008520e-01  1.57093055e+00]","[ 0.00000000e+00 -6.09801805e-02  1.72322185e-01 -2.69355342e-05
  2.24991189e-01 -2.64548924e-05 -1.05819570e-05 -1.85324169e-05]","[ 0.         -1.02086639 17.11306572  1.02569366 -1.39117324 -0.43190771
 -1.75654602  0.14144191]"
1747093052.383954,"[ 0.00000000e+00 -2.19283086e-01  1.00550150e+00  2.97560581e+00
 -1.92230776e+00 -1.19842249e-04  9.60008520e-01  1.57093055e+00]","[ 0.00000000e+00 -6.16890390e-02  1.74753069e-01 -2.65281501e-05
  2.25190077e-01 -2.64748795e-05 -1.05820616e-05 -1.85464284e-05]","[ 0.         -0.90850616 17.12510681  1.07364726 -1.41448438 -0.34946984
 -1.77329814  0.14594817]"
1747093052.3863423,"[ 0.00000000e+00 -2.19408787e-01  1.00585963e+00  2.97560581e+00
 -1.92186461e+00 -1.19842249e-04  9.60008520e-01  1.57093055e+00]","[ 0.00000000e+00 -6.42831993e-02  1.74120119e-01 -2.60685297e-05
  2.23910811e-01 -2.11639139e-05 -1.05819570e-05 -1.85324169e-05]","[ 0.         -0.83844531 17.02305222  1.09012163 -1.46272635 -0.34689155
 -1.73701322  0.14995286]"
1747093052.3886368,"[ 0.00000000e+00 -2.19609590e-01  1.00636796e+00  2.97560581e+00
 -1.92119376e+00 -1.19842249e-04  9.60008520e-01  1.57093055e+00]","[ 0.00000000e+00 -6.82090192e-02  1.71241807e-01 -2.17511008e-05
  2.19319155e-01 -1.05819570e-05 -1.05899522e-05 -1.85324169e-05]","[ 0.         -0.73619002 16.93196106  1.18028486 -1.38381553 -0.44129962
 -1.74211657  0.13699345]"
1747093052.3910081,"[ 0.00000000e+00 -2.19748607e-01  1.00671417e+00  2.97560581e+00
 -1.92074768e+00 -1.20907513e-04  9.60008520e-01  1.57093055e+00]","[ 0.00000000e+00 -7.13057304e-02  1.68000624e-01 -2.13798610e-05
  2.17462266e-01 -2.11641232e-05 -1.05820616e-05 -1.85324169e-05]","[ 0.         -0.64823741 16.89710045  1.23527288 -1.26255763 -0.51411784
 -1.73275328  0.14315027]"
1747093052.3940206,"[ 0.00000000e+00 -2.19958997e-01  1.00721884e+00  2.97560608e+00
 -1.92011464e+00 -1.20907513e-04  9.60008520e-01  1.57093055e+00]","[ 0.00000000e+00 -6.80645635e-02  1.66854682e-01 -1.68171322e-05
  2.14727500e-01 -2.11639139e-05 -1.05819570e-05 -1.85324169e-05]","[ 0.         -0.50508219 16.90925789  1.31494844 -1.1015811  -0.52446032
 -1.70968604  0.11527357]"
1747093052.3956807,"[ 0.00000000e+00 -2.20089491e-01  1.00754628e+00  2.97560581e+00
 -1.91967149e+00 -1.20907513e-04  9.60008520e-01  1.57093055e+00]","[ 0.00000000e+00 -6.48233924e-02  1.66380040e-01 -2.07233765e-05
  2.16914720e-01 -2.11479478e-05 -1.05819570e-05 -1.85464284e-05]","[ 0.         -0.40792012 16.9065609   1.42737842 -0.97864872 -0.49552473
 -1.71363008  0.14138994]"
1747093052.398062,"[ 0.00000000e+00 -2.20215725e-01  1.00788423e+00  2.97560608e+00
 -1.91924246e+00 -1.20907513e-04  9.60008520e-01  1.57093055e+00]","[ 0.00000000e+00 -5.99616379e-02  1.64754880e-01 -1.63091451e-05
  2.17698572e-01 -2.11641232e-05 -1.05820616e-05 -1.85325998e-05]","[ 0.         -0.36508378 16.834589    1.4786514  -0.97535056 -0.44304666
 -1.69708109  0.14781034]"
1747093052.4004335,"[ 0.00000000e+00 -2.20382439e-01  1.00835721e+00  2.97560608e+00
 -1.91858173e+00 -1.20907513e-04  9.60008520e-01  1.57093055e+00]","[ 0.00000000e+00 -5.45596902e-02  1.58007029e-01 -1.58314180e-05
  2.17428461e-01 -2.11639139e-05 -1.05819570e-05 -1.85324169e-05]","[ 0.         -0.2886779  16.83244133  1.55255568 -1.11369586 -0.43025461
 -1.67127514  0.12017277]"
1747093052.4043956,"[ 0.00000000e+00 -2.20492161e-01  1.00867812e+00  2.97560608e+00
 -1.91814337e+00 -1.20907513e-04  9.60007588e-01  1.57093055e+00]","[ 0.00000000e+00 -5.29391068e-02  1.57482586e-01 -1.58311824e-05
  2.13153189e-01 -2.11639139e-05 -1.85186086e-05 -1.85464284e-05]","[ 0.         -0.25453329 16.82804489  1.59046519 -1.2135098  -0.51130128
 -1.71869242  0.12626825]"
1747093052.4067054,"[ 0.00000000e+00 -2.20678583e-01  1.00930037e+00  2.97560608e+00
 -1.91729436e+00 -1.21440146e-04  9.60007588e-01  1.57093055e+00]","[ 0.00000000e+00 -4.26754004e-02  1.54495751e-01 -1.53635789e-05
  2.10896276e-01 -2.64548924e-05 -1.05819570e-05 -1.05899522e-05]","[ 0.         -0.2093925  16.96521568  1.59342408 -1.37334836 -0.62848151
 -1.71300018  0.12405357]"
1747093052.4090889,"[ 0.00000000e+00 -2.20760075e-01  1.00960710e+00  2.97560608e+00
 -1.91687864e+00 -1.21440146e-04  9.60007588e-01  1.57093055e+00]","[ 0.00000000e+00 -4.10548170e-02  1.55576145e-01 -1.51483806e-05
  2.10946127e-01 -2.64548924e-05 -1.05820616e-05 -1.05899522e-05]","[ 0.         -0.26167575 16.99298096  1.60621274 -1.40300846 -0.60427195
 -1.70932508  0.11443694]"
1747093052.4102871,"[ 0.00000000e+00 -2.20838372e-01  1.00993587e+00  2.97560608e+00
 -1.91646079e+00 -1.21440146e-04  9.60007588e-01  1.57093055e+00]","[ 0.00000000e+00 -3.72734528e-02  1.61092434e-01 -1.51481652e-05
  2.12026522e-01 -2.64548924e-05 -1.05819570e-05 -1.05898466e-05]","[ 0.         -0.32227722 16.98590851  1.6086117  -1.43581772 -0.52592391
 -1.75966942  0.08493642]"
1747093052.4119897,"[ 0.00000000e+00 -2.20872993e-01  1.01009612e+00  2.97560608e+00
 -1.91623522e+00 -1.21440146e-04  9.60007588e-01  1.57093055e+00]","[ 0.00000000e+00 -3.50770939e-02  1.62763751e-01 -1.49387099e-05
  2.12400879e-01 -2.64548924e-05 -1.05819570e-05 -1.05979587e-05]","[ 0.         -0.35256892 16.96253395  1.61585641 -1.45903063 -0.4760668
 -1.78018677  0.12124315]"
1747093052.4137502,"[ 0.00000000e+00 -2.20934246e-01  1.01041663e+00  2.97560608e+00
 -1.91581737e+00 -1.21440146e-04  9.60007588e-01  1.57093055e+00]","[ 0.00000000e+00 -2.97107224e-02  1.62598684e-01 -1.49225964e-05
  2.12566711e-01 -2.64548924e-05 -1.05900569e-05 -1.05899522e-05]","[ 0.         -0.46066085 16.86569595  1.59399807 -1.58498538 -0.46100944
 -1.75275743  0.13800225]"
1747093052.41548,"[ 0.00000000e+00 -2.20988042e-01  1.01074913e+00  2.97560608e+00
 -1.91539606e+00 -1.21440146e-04  9.60007588e-01  1.57093055e+00]","[ 0.00000000e+00 -2.53891630e-02  1.62497967e-01 -1.47192894e-05
  2.13106916e-01 -2.64551545e-05 -1.05820616e-05 -1.05979587e-05]","[ 0.         -0.57032996 16.78132439  1.53153682 -1.61376441 -0.49094975
 -1.72931004  0.13304983]"
1747093052.4173262,"[ 0.00000000e+00 -2.21012543e-01  1.01091072e+00  2.97560608e+00
 -1.91516969e+00 -1.21440146e-04  9.60007588e-01  1.57093055e+00]","[ 0.00000000e+00 -2.48489678e-02  1.63949173e-01 -1.47347628e-05
  2.13153189e-01 -2.64551545e-05 -1.05819570e-05 -1.05979587e-05]","[ 0.         -0.61267585 16.71319962  1.48180544 -1.64567852 -0.52455521
 -1.73983181  0.13068621]"
1747093052.4184887,"[ 0.00000000e+00 -2.21062078e-01  1.01123169e+00  2.97560608e+00
 -1.91474838e+00 -1.21440146e-04  9.60007588e-01  1.57093055e+00]","[ 0.00000000e+00 -2.45521898e-02  1.62598684e-01 -1.45214491e-05
  2.13917199e-01 -2.64548924e-05 -1.05819570e-05 -1.05899522e-05]","[ 0.         -0.69668996 16.68966675  1.41173732 -1.61174798 -0.57196349
 -1.75925493  0.14553823]"
1747093052.4208732,"[ 0.00000000e+00 -2.21113211e-01  1.01156372e+00  2.97560608e+00
 -1.91430762e+00 -1.21440146e-04  9.60007588e-01  1.57092948e+00]","[ 0.00000000e+00 -2.64695534e-02  1.62598684e-01 -1.43288559e-05
  2.15537783e-01 -2.64548924e-05 -1.05819570e-05 -2.11959173e-05]","[ 0.         -0.79948902 16.65152168  1.34829223 -1.57647157 -0.56166244
 -1.71950221  0.13490254]"
1747093052.4226205,"[ 0.00000000e+00 -2.21171800e-01  1.01188057e+00  2.97560581e+00
 -1.91388232e+00 -1.21440146e-04  9.60007588e-01  1.57092948e+00]","[ 0.00000000e+00 -2.90617766e-02  1.60167801e-01 -1.76588151e-05
  2.15589232e-01 -2.64551545e-05 -1.05899522e-05 -2.11796931e-05]","[ 0.         -0.84511721 16.60444641  1.25063658 -1.51741016 -0.53226948
 -1.69905043  0.09737531]"
1747093052.4237812,"[ 0.00000000e+00 -2.21201628e-01  1.01205042e+00  2.97560581e+00
 -1.91366926e+00 -1.21440146e-04  9.60007588e-01  1.57092948e+00]","[ 0.00000000e+00 -3.02816292e-02  1.59839766e-01 -1.74308904e-05
  2.16077989e-01 -2.64548924e-05 -1.05819570e-05 -2.11959173e-05]","[ 0.         -0.89209205 16.58115768  1.20111585 -1.47515416 -0.48807111
 -1.71040654  0.11419266]"
1747093052.4255435,"[ 0.00000000e+00 -2.21262348e-01  1.01236820e+00  2.97560581e+00
 -1.91322638e+00 -1.21440146e-04  9.60007588e-01  1.57092948e+00]","[ 0.00000000e+00 -3.07911127e-02  1.61518290e-01 -1.04688114e-05
  2.16888272e-01 -2.64548924e-05 -1.05899522e-05 -2.11799045e-05]","[ 0.         -1.02584541 16.45088768  1.14825964 -1.45466995 -0.41879117
 -1.70400047  0.12961063]"
1747093052.4279926,"[ 0.00000000e+00 -2.21325731e-01  1.01269790e+00  2.97560581e+00
 -1.91280107e+00 -1.21440146e-04  9.60007588e-01  1.57092948e+00]","[ 0.00000000e+00 -3.07911127e-02  1.60993348e-01 -1.04585334e-05
  2.14727500e-01 -2.64551545e-05 -1.05819570e-05 -2.11799045e-05]","[ 0.         -1.09999847 16.37489891  1.09827852 -1.45854914 -0.39739561
 -1.71314359  0.13940571]"
1747093052.4291348,"[ 0.00000000e+00 -2.21356623e-01  1.01285675e+00  2.97560581e+00
 -1.91257417e+00 -1.21440146e-04  9.60007588e-01  1.57092948e+00]","[ 0.00000000e+00 -3.13313079e-02  1.60814999e-01 -1.03252646e-05
  2.13453743e-01 -2.64551545e-05 -1.05820616e-05 -2.11799045e-05]","[ 0.         -1.12057877 16.31211281  1.06445062 -1.47522521 -0.41643068
 -1.6997925   0.1369601 ]"
1747093052.4309466,"[ 0.00000000e+00 -2.21422137e-01  1.01317727e+00  2.97560528e+00
 -1.91215073e+00 -1.21440146e-04  9.60007588e-01  1.57092948e+00]","[ 0.00000000e+00 -3.25692326e-02  1.63949173e-01 -1.70087440e-05
  2.15807877e-01 -2.64548924e-05 -1.05899522e-05 -2.11799045e-05]","[ 0.         -1.2153095  16.23639679  1.01151836 -1.47937083 -0.4629871
 -1.68128586  0.13993755]"
1747093052.4326644,"[ 0.00000000e+00 -2.21490314e-01  1.01351249e+00  2.97560475e+00
 -1.91170864e+00 -1.21440146e-04  9.60007588e-01  1.57092948e+00]","[ 0.00000000e+00 -3.56528652e-02  1.64002570e-01 -2.34932493e-05
  2.15660871e-01 -2.64748795e-05 -1.05819570e-05 -2.11799045e-05]","[ 0.         -1.26604855 16.1836338   0.92326164 -1.46223962 -0.46201482
 -1.67186463  0.11949181]"
1747093052.4350078,"[ 0.00000000e+00 -2.21564883e-01  1.01383533e+00  2.97560421e+00
 -1.91127987e+00 -1.21440146e-04  9.60007588e-01  1.57092948e+00]","[ 0.00000000e+00 -3.66121941e-02  1.63243403e-01 -2.98348834e-05
  2.17747824e-01 -2.64551545e-05 -1.05899522e-05 -2.11799045e-05]","[ 0.         -1.2596699  16.12080193  0.87426758 -1.4122299  -0.45709145
 -1.68344593  0.11789298]"
1747093052.4361846,"[ 0.00000000e+00 -2.21642114e-01  1.01415857e+00  2.97560395e+00
 -1.91084684e+00 -1.21440146e-04  9.60007588e-01  1.57092948e+00]","[ 0.00000000e+00 -3.94342335e-02  1.63408968e-01 -3.31498700e-05
  2.19319155e-01 -2.64751417e-05 -1.05819570e-05 -2.11799045e-05]","[ 0.         -1.2728802  16.08838844  0.82366252 -1.37881267 -0.43456763
 -1.68358266  0.11672101]"
1747093052.4379175,"[ 0.00000000e+00 -2.21680464e-01  1.01433261e+00  2.97560395e+00
 -1.91061435e+00 -1.21440146e-04  9.60007588e-01  1.57092948e+00]","[ 0.00000000e+00 -3.88546298e-02  1.64002570e-01 -3.27475411e-05
  2.18920863e-01 -2.64548924e-05 -1.05819570e-05 -2.11799045e-05]","[ 0.         -1.27657318 16.12259483  0.78875273 -1.37835026 -0.41019458
 -1.67557144  0.13310173]"
1747093052.4404554,"[ 0.00000000e+00 -2.21761424e-01  1.01465086e+00  2.97560395e+00
 -1.91018425e+00 -1.21440146e-04  9.60007588e-01  1.57092948e+00]","[ 0.00000000e+00 -3.99744266e-02  1.60707990e-01 -3.23254079e-05
  2.17208168e-01 -2.64548924e-05 -1.05820616e-05 -2.11799045e-05]","[ 0.         -1.27584565 16.06103516  0.76839399 -1.30127251 -0.38510895
 -1.66489446  0.13434741]"
1747093052.4421005,"[ 0.00000000e+00 -2.21850906e-01  1.01496172e+00  2.97560342e+00
 -1.90973977e+00 -1.21440146e-04  9.60007588e-01  1.57092948e+00]","[ 0.00000000e+00 -4.56398608e-02  1.56767643e-01 -3.83321922e-05
  2.16914720e-01 -2.64946330e-05 -1.05820616e-05 -2.11639139e-05]","[ 0.         -1.33625507 16.084795    0.77390587 -1.2476846  -0.40020719
 -1.66049123  0.12840211]"
1747093052.4439385,"[ 0.00000000e+00 -2.21946780e-01  1.01528316e+00  2.97560342e+00
 -1.90931206e+00 -1.21440146e-04  9.60007588e-01  1.57092948e+00]","[ 0.00000000e+00 -5.02381288e-02  1.56926634e-01 -3.78500470e-05
  2.16618177e-01 -2.64948971e-05 -1.05819570e-05 -2.11799045e-05]","[ 0.         -1.34555531 16.11486053  0.76136947 -1.25914991 -0.42116493
 -1.63032341  0.12045315]"
1747093052.445132,"[ 0.00000000e+00 -2.22051176e-01  1.01559309e+00  2.97560288e+00
 -1.90886545e+00 -1.21440146e-04  9.60007588e-01  1.57092948e+00]","[ 0.00000000e+00 -5.34792999e-02  1.56116334e-01 -4.36870251e-05
  2.18168553e-01 -2.64948971e-05 -1.05900569e-05 -2.11639139e-05]","[ 0.         -1.31752944 16.14279366  0.75208724 -1.30315471 -0.44394031
 -1.65225923  0.1094041 ]"
1747093052.446936,"[ 0.00000000e+00 -2.22110298e-01  1.01575933e+00  2.97560288e+00
 -1.90864814e+00 -1.21440146e-04  9.60007588e-01  1.57092948e+00]","[ 0.00000000e+00 -5.56705988e-02  1.56479523e-01 -4.31880644e-05
  2.20176227e-01 -2.64948971e-05 -1.05899522e-05 -2.11801137e-05]","[ 0.         -1.29735625 16.13127708  0.77049923 -1.32596827 -0.44183144
 -1.67649722  0.11895904]"
1747093052.4486897,"[ 0.00000000e+00 -2.22226412e-01  1.01608903e+00  2.97560288e+00
 -1.90821564e+00 -1.21440146e-04  9.60007588e-01  1.57092948e+00]","[ 0.00000000e+00 -5.99008845e-02  1.55058277e-01 -4.26632344e-05
  2.19319155e-01 -2.65149452e-05 -1.05819570e-05 -2.11799045e-05]","[ 0.         -1.31294751 16.18700409  0.74743801 -1.40208387 -0.41321814
 -1.71756876  0.11288499]"
1747093052.4504251,"[ 0.00000000e+00 -2.22355309e-01  1.01640355e+00  2.97560262e+00
 -1.90776983e+00 -1.21440146e-04  9.60007588e-01  1.57092948e+00]","[ 0.00000000e+00 -6.37430062e-02  1.53145262e-01 -4.52001212e-05
  2.17416260e-01 -2.64948971e-05 -1.05899522e-05 -2.11639139e-05]","[ 0.         -1.22845006 16.2291584   0.76836759 -1.44232965 -0.39259174
 -1.70822453  0.12177303]"
1747093052.4515543,"[ 0.00000000e+00 -2.22417094e-01  1.01655555e+00  2.97560262e+00
 -1.90755678e+00 -1.21440146e-04  9.60007588e-01  1.57092948e+00]","[ 0.00000000e+00 -6.26626158e-02  1.54225656e-01 -4.47014125e-05
  2.16077989e-01 -2.65149452e-05 -1.05819570e-05 -2.12119566e-05]","[ 0.         -1.19043815 16.28970909  0.778512   -1.46477222 -0.37889352
 -1.69059491  0.14627789]"
1747093052.4533312,"[ 0.00000000e+00 -2.22539600e-01  1.01686827e+00  2.97560262e+00
 -1.90711815e+00 -1.21440146e-04  9.60007588e-01  1.57092948e+00]","[ 0.00000000e+00 -6.15822255e-02  1.51714911e-01 -3.87087352e-05
  2.13453743e-01 -2.64946330e-05 -1.05819570e-05 -2.12117453e-05]","[ 0.         -1.17991257 16.32138062  0.8343125  -1.48436165 -0.39277446
 -1.69850969  0.13283056]"
1747093052.4550624,"[ 0.00000000e+00 -2.22605113e-01  1.01701475e+00  2.97560262e+00
 -1.90690590e+00 -1.21440146e-04  9.60007588e-01  1.57092948e+00]","[ 0.00000000e+00 -6.16890390e-02  1.48553606e-01 -3.87416549e-05
  2.15267688e-01 -2.64946330e-05 -1.05899522e-05 -2.11961286e-05]","[ 0.         -1.15675235 16.31546402  0.86404413 -1.47318339 -0.41879591
 -1.71615362  0.12474581]"
1747093052.4568944,"[ 0.00000000e+00 -2.22726554e-01  1.01730217e+00  2.97560262e+00
 -1.90647899e+00 -1.21440146e-04  9.60007588e-01  1.57092948e+00]","[ 0.00000000e+00 -6.10420282e-02  1.45165216e-01 -3.83188634e-05
  2.16888272e-01 -2.65149452e-05 -1.05819570e-05 -2.12119566e-05]","[ 0.         -1.08247077 16.35067558  0.9282102  -1.46900904 -0.48512918
 -1.71340013  0.11249816]"
1747093052.458629,"[ 0.00000000e+00 -2.22847994e-01  1.01760158e+00  2.97560262e+00
 -1.90603478e+00 -1.21440146e-04  9.60008520e-01  1.57092948e+00]","[ 0.00000000e+00 -5.86798210e-02  1.47203117e-01 -3.78108164e-05
  2.16460136e-01 -2.64948971e-05  0.00000000e+00 -2.11959173e-05]","[ 0.         -1.04314935 16.46639824  0.95557761 -1.4191252  -0.5191133
 -1.68535054  0.12252159]"
1747093052.4603786,"[ 0.00000000e+00 -2.22965705e-01  1.01789499e+00  2.97560262e+00
 -1.90560867e+00 -1.21440146e-04  9.60008520e-01  1.57092948e+00]","[ 0.00000000e+00 -5.99616379e-02  1.49093811e-01 -3.73768905e-05
  2.15589232e-01 -2.65146811e-05  0.00000000e+00 -2.12119566e-05]","[ 0.         -1.01885879 16.5497036   1.00723064 -1.33321106 -0.5116002
 -1.71595824  0.10037483]"
1747093052.462024,"[ 0.00000000e+00 -2.23026425e-01  1.01789499e+00  2.97560262e+00
 -1.90539562e+00 -1.21440146e-04  9.60008520e-01  1.57092948e+00]","[ 0.00000000e+00 -6.15198285e-02  1.49093811e-01 -3.74079897e-05
  2.16077989e-01 -1.58969375e-05  0.00000000e+00 -2.11959173e-05]","[ 0.         -1.00668752 16.5497036   1.02453494 -1.33016574 -0.48534933
 -1.7401309   0.10189808]"
1747093052.4638112,"[ 0.00000000e+00 -2.23152659e-01  1.01820132e+00  2.97560262e+00
 -1.90496073e+00 -1.21440146e-04  9.60008520e-01  1.57092948e+00]","[ 0.00000000e+00 -6.16890390e-02  1.48942743e-01 -3.70132578e-05
  2.10645506e-01 -1.59089679e-05  0.00000000e+00 -2.12119566e-05]","[ 0.         -0.97500169 16.59100533  1.08095121 -1.27129412 -0.44646132
 -1.72970831  0.11200685]"
1747093052.4657612,"[ 0.00000000e+00 -2.23269838e-01  1.01849979e+00  2.97560262e+00
 -1.90454767e+00 -1.21440146e-04  9.60008520e-01  1.57092948e+00]","[ 0.00000000e+00 -5.83410544e-02  1.51794789e-01 -3.69832111e-05
  2.09383284e-01 -1.59089679e-05  0.00000000e+00 -1.05979587e-05]","[ 0.         -0.94962585 16.59879875  1.14161766 -1.2720902  -0.43777132
 -1.69573367  0.12279607]"
1747093052.4676168,"[ 0.00000000e+00 -2.23389148e-01  1.01881065e+00  2.97560262e+00
 -1.90411784e+00 -1.21440146e-04  9.60008520e-01  1.57092948e+00]","[ 0.00000000e+00 -5.72026487e-02  1.52334978e-01 -3.66271612e-05
  2.10143966e-01 -1.58970960e-05  0.00000000e+00 -1.05979587e-05]","[ 0.         -0.90486819 16.56886482  1.18882704 -1.2186445  -0.47876629
 -1.69569349  0.13443255]"
1747093052.4700136,"[ 0.00000000e+00 -2.23499936e-01  1.01910819e+00  2.97560262e+00
 -1.90370398e+00 -1.22505410e-04  9.60008520e-01  1.57092948e+00]","[ 0.00000000e+00 -5.45596902e-02  1.50984489e-01 -3.34340459e-05
  2.09595638e-01 -3.71209245e-05  0.00000000e+00 -1.05979587e-05]","[ 0.         -0.92448342 16.56688881  1.23547661 -1.13210404 -0.53367257
 -1.72847378  0.11144128]"
1747093052.4711783,"[ 0.00000000e+00 -2.23552666e-01  1.01925513e+00  2.97560262e+00
 -1.90327335e+00 -1.22505410e-04  9.60008520e-01  1.57092948e+00]","[ 0.00000000e+00 -5.34792999e-02  1.49093811e-01 -3.34340459e-05
  2.10697887e-01 -3.70928568e-05  0.00000000e+00 -1.05979587e-05]","[ 0.         -0.92264402 16.57043457  1.25120997 -1.04151678 -0.58901751
 -1.68537199  0.0812503 ]"
1747093052.4729023,"[ 0.00000000e+00 -2.23656529e-01  1.01955221e+00  2.97560262e+00
 -1.90306589e+00 -1.22505410e-04  9.60008520e-01  1.57092948e+00]","[ 0.00000000e+00 -5.07783261e-02  1.44232044e-01 -3.30926821e-05
  2.10405938e-01 -3.71209245e-05  0.00000000e+00 -1.06058726e-05]","[ 0.         -0.89534986 16.65984917  1.26944518 -0.99003911 -0.5818786
 -1.67418015  0.08732194]"
1747093052.4746635,"[ 0.00000000e+00 -2.23758262e-01  1.01984382e+00  2.97560262e+00
 -1.90265256e+00 -1.22505410e-04  9.60008520e-01  1.57092948e+00]","[ 0.00000000e+00 -5.18587164e-02  1.42051964e-01 -3.27582163e-05
  2.09595638e-01 -2.64948971e-05  0.00000000e+00 -1.05979587e-05]","[ 0.         -0.82330805 16.78967094  1.25788605 -0.91304767 -0.56260371
 -1.68356025  0.08348583]"
1747093052.4769151,"[ 0.00000000e+00 -2.23867452e-01  1.02012206e+00  2.97560262e+00
 -1.90222220e+00 -1.22505410e-04  9.60008520e-01  1.57092948e+00]","[ 0.00000000e+00 -5.40194971e-02  1.40990877e-01 -3.24304434e-05
  2.09946277e-01 -2.65149452e-05  0.00000000e+00 -1.06059783e-05]","[ 0.         -0.7879377  16.91052246  1.28060496 -0.84027696 -0.51630193
 -1.70963287  0.0977205 ]"
1747093052.4787176,"[ 0.00000000e+00 -2.23982500e-01  1.02041367e+00  2.97560262e+00
 -1.90180435e+00 -1.22505410e-04  9.60008520e-01  1.57092948e+00]","[ 0.00000000e+00 -5.45596902e-02  1.42185721e-01 -3.24051228e-05
  2.12296616e-01 -2.64948971e-05  0.00000000e+00 -1.05979587e-05]","[ 0.         -0.76106656 16.98657227  1.26110673 -0.87368983 -0.46236694
 -1.70062816  0.10866492]"
1747093052.4804542,"[ 0.00000000e+00 -2.24100212e-01  1.02069743e+00  2.97560262e+00
 -1.90136812e+00 -1.22505410e-04  9.60008520e-01  1.57092855e+00]","[ 0.00000000e+00 -5.86798210e-02  1.44232044e-01 -3.20843455e-05
  2.13377011e-01 -2.65149452e-05  0.00000000e+00 -2.12119566e-05]","[ 0.         -0.69977403 17.08013916  1.26561499 -1.02989733 -0.47399032
 -1.68547308  0.12402312]"
1747093052.482238,"[ 0.00000000e+00 -2.24159867e-01  1.02083978e+00  2.97560262e+00
 -1.90115693e+00 -1.22505410e-04  9.60008520e-01  1.57092855e+00]","[ 0.00000000e+00 -6.05018351e-02  1.44085920e-01 -3.17458709e-05
  2.14187294e-01 -2.64948971e-05  0.00000000e+00 -2.11959173e-05]","[ 0.         -0.72086364 17.07208824  1.28547001 -1.13406503 -0.50922561
 -1.71310091  0.10947429]"
1747093052.4840326,"[ 0.00000000e+00 -2.24284503e-01  1.02114012e+00  2.97560262e+00
 -1.90068635e+00 -1.23570675e-04  9.60008520e-01  1.57092855e+00]","[ 0.00000000e+00 -6.06859677e-02  1.46812081e-01 -3.17701716e-05
  2.13667112e-01 -3.70928568e-05  0.00000000e+00 -2.11959173e-05]","[ 0.         -0.65468901 17.11735344  1.33657253 -1.23427212 -0.55279315
 -1.76673925  0.09284368]"
1747093052.48581,"[ 0.00000000e+00 -2.24400617e-01  1.02143120e+00  2.97560262e+00
 -1.90027117e+00 -1.23570675e-04  9.60008520e-01  1.57092855e+00]","[ 0.00000000e+00 -5.88812517e-02  1.47203117e-01 -3.17458709e-05
  2.09922924e-01 -3.70928568e-05  0.00000000e+00 -2.11961286e-05]","[ 0.         -0.58073956 17.19972038  1.29522955 -1.34296143 -0.58203626
 -1.74396741  0.08039413]"
1747093052.487547,"[ 0.00000000e+00 -2.24458141e-01  1.02158646e+00  2.97560262e+00
 -1.89984213e+00 -1.23570675e-04  9.60008520e-01  1.57092855e+00]","[ 0.00000000e+00 -5.83410544e-02  1.46198006e-01 -3.17698567e-05
  2.08890133e-01 -3.71209245e-05  0.00000000e+00 -2.11959173e-05]","[ 0.         -0.52375102 17.26059723  1.29273069 -1.37047195 -0.5742541
 -1.73701096  0.09861393]"
1747093052.488702,"[ 0.00000000e+00 -2.24580646e-01  1.02187389e+00  2.97560208e+00
 -1.89963733e+00 -1.23570675e-04  9.60008520e-01  1.57092855e+00]","[ 0.00000000e+00 -5.99616379e-02  1.45704856e-01 -3.70651995e-05
  2.07704960e-01 -3.71209245e-05  0.00000000e+00 -2.12119566e-05]","[ 0.         -0.47025076 17.36499977  1.29318678 -1.30970418 -0.55890965
 -1.740556    0.08862117]"
1747093052.4905019,"[ 0.00000000e+00 -2.24695162e-01  1.02216364e+00  2.97560208e+00
 -1.89923120e+00 -1.23570675e-04  9.60008520e-01  1.57092855e+00]","[ 0.00000000e+00 -5.78008613e-02  1.47473228e-01 -3.70651995e-05
  2.05814282e-01 -2.64948971e-05  0.00000000e+00 -2.11957060e-05]","[ 0.         -0.42897025 17.51864433  1.28636289 -1.29293334 -0.50041044
 -1.77231383  0.09381943]"
1747093052.4929118,"[ 0.00000000e+00 -2.24754817e-01  1.02246764e+00  2.97560208e+00
 -1.89880723e+00 -1.23570675e-04  9.60008520e-01  1.57092855e+00]","[ 0.00000000e+00 -5.61721344e-02  1.49634000e-01 -3.70648338e-05
  2.07704960e-01 -2.65146811e-05  0.00000000e+00 -2.12119566e-05]","[ 0.         -0.39287147 17.59987831  1.27660847 -1.25477791 -0.46377933
 -1.75447285  0.10692865]"
1747093052.4947,"[ 0.00000000e+00 -2.24867735e-01  1.02276198e+00  2.97560208e+00
 -1.89839683e+00 -1.23570675e-04  9.60008520e-01  1.57092855e+00]","[ 0.00000000e+00 -5.72026487e-02  1.51137771e-01 -3.97123214e-05
  2.07975055e-01 -2.64948971e-05  0.00000000e+00 -2.11959173e-05]","[ 0.         -0.37553996 17.57972717  1.28570282 -1.18857467 -0.49083987
 -1.73873472  0.11640076]"
1747093052.4964862,"[ 0.00000000e+00 -2.24982784e-01  1.02307923e+00  2.97560208e+00
 -1.89796966e+00 -1.23570675e-04  9.60008520e-01  1.57092855e+00]","[ 0.00000000e+00 -5.51690631e-02  1.55476443e-01 -3.70648338e-05
  2.09055449e-01 -2.65149452e-05  0.00000000e+00 -2.11957060e-05]","[ 0.         -0.3447623  17.5837822   1.30151248 -1.21198356 -0.56076175
 -1.73878503  0.10623276]"
1747093052.49822,"[ 0.00000000e+00 -2.25086114e-01  1.02339242e+00  2.97560208e+00
 -1.89755447e+00 -1.23570675e-04  9.60008520e-01  1.57092855e+00]","[ 0.00000000e+00 -5.18587164e-02  1.58817312e-01 -3.97123214e-05
  2.10462580e-01 -2.64948971e-05  0.00000000e+00 -2.11961286e-05]","[ 0.         -0.35806701 17.42394829  1.29734373 -1.2803942  -0.60186237
 -1.74713469  0.12455117]"
1747093052.5000463,"[ 0.00000000e+00 -2.25134584e-01  1.02356419e+00  2.97560208e+00
 -1.89755447e+00 -1.23570675e-04  9.60008520e-01  1.57092855e+00]","[ 0.00000000e+00 -4.91079332e-02  1.61745657e-01 -3.97123214e-05
  2.10462580e-01 -2.65149452e-05  0.00000000e+00 -2.11959173e-05]","[ 0.         -0.36022228 17.32180023  1.30851531 -1.2803942  -0.60045904
 -1.75822926  0.10115707]"
1747093052.5018203,"[ 0.00000000e+00 -2.25230458e-01  1.02388011e+00  2.97560208e+00
 -1.89712650e+00 -1.23570675e-04  9.60008520e-01  1.57092855e+00]","[ 0.00000000e+00 -4.64096974e-02  1.59196047e-01 -3.97123214e-05
  2.07704960e-01 -2.64948971e-05  0.00000000e+00 -2.11959173e-05]","[ 0.         -0.34336871 17.19108582  1.29497457 -1.27160048 -0.56745452
 -1.74559152  0.09487156]"
1747093052.504718,"[ 0.00000000e+00 -2.25316211e-01  1.02419237e+00  2.97560208e+00
 -1.89671744e+00 -1.23570675e-04  9.60008520e-01  1.57092855e+00]","[ 0.00000000e+00 -4.26754004e-02  1.57736934e-01 -3.97123214e-05
  2.07164771e-01 -2.64951613e-05  1.05978530e-05 -2.11961286e-05]","[ 0.         -0.37639087 17.02095985  1.29150617 -1.2160387  -0.52775943
 -1.68157434  0.09286417]"
1747093052.5070329,"[ 0.00000000e+00 -2.25429662e-01  1.02466714e+00  2.97560208e+00
 -1.89608281e+00 -1.23570675e-04  9.60008520e-01  1.57092855e+00]","[ 0.00000000e+00 -3.40322817e-02  1.55193349e-01 -3.97423437e-05
  2.09595638e-01 -2.11959173e-05  1.06059783e-05 -2.11959173e-05]","[ 0.         -0.4790222  16.85181427  1.31490028 -0.93518019 -0.50409847
 -1.64991379  0.09024871]"
1747093052.5093174,"[ 0.00000000e+00 -2.25520210e-01  1.02512680e+00  2.97560208e+00
 -1.89544285e+00 -1.24635939e-04  9.60008520e-01  1.57092855e+00]","[ 0.00000000e+00 -2.86303320e-02  1.49904095e-01 -3.97119231e-05
  2.12836805e-01 -3.17938749e-05  1.05979587e-05 -2.11959173e-05]","[ 0.         -0.62651032 16.82182884  1.30732048 -0.78219855 -0.60180402
 -1.64633286  0.08573415]"
1747093052.5116675,"[ 0.00000000e+00 -2.25578799e-01  1.02542115e+00  2.97560208e+00
 -1.89502261e+00 -1.24635939e-04  9.60008520e-01  1.57092855e+00]","[ 0.00000000e+00 -2.95906783e-02  1.49904095e-01 -3.97423437e-05
  2.13052887e-01 -3.17461838e-05  1.06059783e-05 -2.11959173e-05]","[ 0.         -0.76167452 16.80853271  1.26587868 -0.759803   -0.63216555
 -1.62067354  0.08564757]"
1747093052.514056,"[ 0.00000000e+00 -2.25635791e-01  1.02572928e+00  2.97560155e+00
 -1.89458771e+00 -1.24635939e-04  9.60008520e-01  1.57092855e+00]","[ 0.00000000e+00 -2.80901368e-02  1.50319531e-01 -4.50077435e-05
  2.12026522e-01 -3.17458709e-05  1.05979587e-05 -2.11959173e-05]","[ 0.         -0.87860233 16.78442192  1.19755054 -0.84287155 -0.61455441
 -1.64281869  0.08538497]"
1747093052.515869,"[ 0.00000000e+00 -2.25686391e-01  1.02602449e+00  2.97560102e+00
 -1.89417119e+00 -1.24635939e-04  9.60008520e-01  1.57092855e+00]","[ 0.00000000e+00 -2.48489678e-02  1.48553606e-01 -5.03022715e-05
  2.10946127e-01 -3.17458709e-05  1.05979587e-05 -2.11959173e-05]","[ 0.         -0.94674671 16.71010971  1.19740748 -0.95466316 -0.54206461
 -1.70494473  0.09804869]"
1747093052.518831,"[ 0.00000000e+00 -2.25752437e-01  1.02646990e+00  2.97560075e+00
 -1.89352991e+00 -1.24635939e-04  9.60008520e-01  1.57092855e+00]","[ 0.00000000e+00 -1.99872133e-02  1.45974684e-01 -5.29897943e-05
  2.10946127e-01 -3.17461838e-05  1.06059783e-05 -2.11959173e-05]","[ 0.         -1.10023642 16.62724304  1.13839734 -1.16460633 -0.4765296
 -1.66757834  0.10154254]"
1747093052.5211835,"[ 0.00000000e+00 -2.25788656e-01  1.02676152e+00  2.97560022e+00
 -1.89309448e+00 -1.24635939e-04  9.60008520e-01  1.57092855e+00]","[ 0.00000000e+00 -1.70362134e-02  1.47743322e-01 -5.82453112e-05
  2.12400879e-01 -3.17698567e-05  1.05979587e-05 -1.05979587e-05]","[ 0.         -1.19385457 16.5957489   1.08263528 -1.28768194 -0.48786002
 -1.68167186  0.1109299 ]"
1747093052.523538,"[ 0.00000000e+00 -2.25816886e-01  1.02706179e+00  2.97560022e+00
 -1.89267530e+00 -1.24635939e-04  9.60008520e-01  1.57092855e+00]","[ 0.00000000e+00 -1.35048743e-02  1.47203117e-01 -5.82447383e-05
  2.11486316e-01 -3.17458709e-05  1.05980643e-05 -1.05979587e-05]","[ 0.         -1.3125999  16.62145233  1.04222107 -1.36896443 -0.54212755
 -1.74593318  0.1185675 ]"
1747093052.525904,"[ 0.00000000e+00 -2.25849376e-01  1.02750541e+00  2.97559915e+00
 -1.89203827e+00 -1.24635939e-04  9.60008520e-01  1.57092855e+00]","[ 0.00000000e+00 -9.72350907e-03  1.46244512e-01 -6.61872009e-05
  2.09055449e-01 -3.17458709e-05  1.05979587e-05 -1.06059783e-05]","[ 0.         -1.51116514 16.75378799  0.91402888 -1.47451663 -0.55864662
 -1.72266805  0.09770398]"
1747093052.52817,"[ 0.00000000e+00 -2.25866953e-01  1.02779469e+00  2.97559889e+00
 -1.89163107e+00 -1.24635939e-04  9.60008520e-01  1.57092855e+00]","[ 0.00000000e+00 -8.64311923e-03  1.47473228e-01 -6.88867318e-05
  2.06354471e-01 -3.17458709e-05  1.05979587e-05 -1.05980643e-05]","[ 0.         -1.60694385 16.93073463  0.81383127 -1.44967401 -0.51917481
 -1.71250045  0.08173243]"
1747093052.5310376,"[ 0.00000000e+00 -2.25896248e-01  1.02824517e+00  2.97559756e+00
 -1.89100656e+00 -1.24635939e-04  9.60008520e-01  1.57092855e+00]","[ 0.00000000e+00 -1.02637042e-02  1.49634000e-01 -7.67771511e-05
  2.07704960e-01 -3.17701716e-05  1.05979587e-05 -1.05820616e-05]","[ 0.         -1.79676819 16.92706299  0.69243723 -1.26341045 -0.44836777
 -1.76029718  0.09531533]"
1747093052.5326583,"[ 0.00000000e+00 -2.25920216e-01  1.02853811e+00  2.97559702e+00
 -1.89058232e+00 -1.24635939e-04  9.60008520e-01  1.57092855e+00]","[ 0.00000000e+00 -1.24244839e-02  1.48553606e-01 -7.67779151e-05
  2.07385514e-01 -3.17458709e-05  1.05979587e-05 -1.05899522e-05]","[ 0.         -1.88987625 16.9075737   0.62025964 -1.20737755 -0.42090061
 -1.715312    0.13262469]"
1747093052.5342948,"[ 0.00000000e+00 -2.25949511e-01  1.02884344e+00  2.97559649e+00
 -1.89017486e+00 -1.24635939e-04  9.60008520e-01  1.57092855e+00]","[ 0.00000000e+00 -1.56656540e-02  1.49634000e-01 -7.67771511e-05
  2.06354471e-01 -3.17458709e-05  1.05980643e-05 -1.05819570e-05]","[ 0.         -1.99420726 16.90962982  0.56328624 -1.16462886 -0.4036648
 -1.68535757  0.13768348]"
1747093052.5360243,"[ 0.00000000e+00 -2.25967088e-01  1.02899085e+00  2.97559596e+00
 -1.88997246e+00 -1.24635939e-04  9.60008520e-01  1.57092855e+00]","[ 0.00000000e+00 -1.78264326e-02  1.49634000e-01 -8.20721262e-05
  2.05274077e-01 -3.17458709e-05  1.05979587e-05 -1.05820616e-05]","[ 0.         -2.04388237 16.93919182  0.52943307 -1.15982938 -0.42045429
 -1.68886566  0.11539697]"
1747093052.5377853,"[ 0.00000000e+00 -2.26008101e-01  1.02929392e+00  2.97559569e+00
 -1.88955274e+00 -1.24635939e-04  9.60008520e-01  1.57092855e+00]","[ 0.00000000e+00 -2.10676037e-02  1.47451856e-01 -8.20721262e-05
  2.03923588e-01 -3.17219217e-05  1.05819570e-05 -1.05819570e-05]","[ 0.         -2.08980107 16.92673492  0.48916134 -1.10964668 -0.42675287
 -1.72448075  0.10947487]"
1747093052.539573,"[ 0.00000000e+00 -2.26054972e-01  1.02958094e+00  2.97559463e+00
 -1.88915380e+00 -1.24635939e-04  9.60008520e-01  1.57092855e+00]","[ 0.00000000e+00 -2.35500610e-02  1.45704856e-01 -9.26629948e-05
  2.01492721e-01 -3.17458709e-05  1.05819570e-05 -1.05819570e-05]","[ 0.         -2.10205913 16.94634247  0.43610984 -1.13686633 -0.45955697
 -1.72454774  0.10548975]"
1747093052.541328,"[ 0.00000000e+00 -2.26106105e-01  1.02987662e+00  2.97559383e+00
 -1.88873808e+00 -1.24635939e-04  9.60008520e-01  1.57092762e+00]","[ 0.00000000e+00 -2.64695534e-02  1.43439554e-01 -9.53095680e-05
  2.04463793e-01 -3.17219217e-05  1.05819570e-05 -1.85186086e-05]","[ 0.         -2.10636067 17.01997948  0.36962435 -1.13183534 -0.46997139
 -1.71535337  0.09882427]"
1747093052.543121,"[ 0.00000000e+00 -2.26132737e-01  1.03001943e+00  2.97559330e+00
 -1.88853621e+00 -1.24635939e-04  9.60008520e-01  1.57092762e+00]","[ 0.00000000e+00 -2.70097486e-02  1.44772250e-01 -1.00604543e-04
  2.04526444e-01 -3.17461838e-05  1.05820616e-05 -1.85186086e-05]","[ 0.         -2.08062553 17.06283379  0.34126258 -1.07345855 -0.46146908
 -1.72029543  0.07420779]"
1747093052.544898,"[ 0.00000000e+00 -2.26193457e-01  1.03031331e+00  2.97559250e+00
 -1.88811170e+00 -1.24635939e-04  9.60008520e-01  1.57092762e+00]","[ 0.00000000e+00 -3.05649708e-02  1.42938014e-01 -1.08629080e-04
  2.07434866e-01 -3.17461838e-05  1.05819570e-05 -1.85184257e-05]","[ 0.         -2.09725475 17.19852638  0.31511593 -1.03876853 -0.44205099
 -1.7355969   0.11245753]"
1747093052.5466847,"[ 0.00000000e+00 -2.26264297e-01  1.03059434e+00  2.97559196e+00
 -1.88770078e+00 -1.24635939e-04  9.60008520e-01  1.57092762e+00]","[ 0.00000000e+00 -3.78136459e-02  1.41531083e-01 -1.08547010e-04
  2.09055449e-01 -3.17458709e-05  1.05820616e-05 -1.85184257e-05]","[ 0.         -2.12787056 17.37922478  0.28963813 -1.0446651  -0.38966823
 -1.74287212  0.10552712]"
1747093052.5484493,"[ 0.00000000e+00 -2.26353779e-01  1.03089055e+00  2.97559143e+00
 -1.88727281e+00 -1.24635939e-04  9.60008520e-01  1.57092762e+00]","[ 0.00000000e+00 -4.61413964e-02  1.45445713e-01 -1.13841985e-04
  2.09055449e-01 -3.17458709e-05  1.05820616e-05 -1.85184257e-05]","[ 0.         -2.0456717  17.51849747  0.30008948 -1.10612464 -0.3758024
 -1.74920702  0.09899185]"
1747093052.5501895,"[ 0.00000000e+00 -2.26403846e-01  1.03103563e+00  2.97559143e+00
 -1.88706854e+00 -1.24635939e-04  9.60008520e-01  1.57092762e+00]","[ 0.00000000e+00 -5.07783261e-02  1.47203117e-01 -1.13928053e-04
  2.07164771e-01 -3.17461838e-05  1.05819570e-05 -1.85046377e-05]","[ 0.         -2.01933146 17.61629677  0.28575745 -1.12278903 -0.37356558
 -1.76290834  0.11156961]"
1747093052.551936,"[ 0.00000000e+00 -2.26514634e-01  1.03133550e+00  2.97559143e+00
 -1.88666401e+00 -1.24635939e-04  9.60007588e-01  1.57092762e+00]","[ 0.00000000e+00 -5.77422967e-02  1.52334978e-01 -1.11194501e-04
  2.04463793e-01 -3.17458709e-05  0.00000000e+00 -1.85184257e-05]","[ 0.         -1.93256319 17.6392765   0.32929081 -1.21903086 -0.41346532
 -1.79689586  0.13295701]"
1747093052.554216,"[ 0.00000000e+00 -2.26638737e-01  1.03165554e+00  2.97559143e+00
 -1.88624749e+00 -1.24635939e-04  9.60007588e-01  1.57092762e+00]","[ 0.00000000e+00 -6.16310071e-02  1.57466823e-01 -1.11194501e-04
  2.03383399e-01 -3.17219217e-05  0.00000000e+00 -1.85044548e-05]","[ 0.         -1.76395941 17.6534996   0.36557341 -1.2677964  -0.44424391
 -1.79116142  0.12760313]"
1747093052.55589,"[ 0.00000000e+00 -2.26768699e-01  1.03197099e+00  2.97559090e+00
 -1.88584882e+00 -1.24635939e-04  9.60007588e-01  1.57092762e+00]","[ 0.00000000e+00 -6.69841731e-02  1.60707990e-01 -1.16489477e-04
  2.01762815e-01 -3.17461838e-05  0.00000000e+00 -1.85184257e-05]","[ 0.         -1.63229489 17.59654236  0.45537633 -1.26232684 -0.4473536
 -1.76801884  0.14061765]"
1747093052.5575378,"[ 0.00000000e+00 -2.26909314e-01  1.03230529e+00  2.97559090e+00
 -1.88543469e+00 -1.24635939e-04  9.60007588e-01  1.57092762e+00]","[ 0.00000000e+00 -6.87105590e-02  1.64759457e-01 -1.16489477e-04
  2.02573099e-01 -3.17219217e-05  0.00000000e+00 -1.85044548e-05]","[ 0.         -1.49770331 17.54703712  0.52943492 -1.22078574 -0.47338319
 -1.77226114  0.10556757]"
1747093052.559855,"[ 0.00000000e+00 -2.27045668e-01  1.03263179e+00  2.97559090e+00
 -1.88503069e+00 -1.24635939e-04  9.60007588e-01  1.57092762e+00]","[ 0.00000000e+00 -6.96851469e-02  1.66380040e-01 -1.16664596e-04
  2.05274077e-01 -3.17458709e-05 -1.05740785e-05 -1.85184257e-05]","[ 0.         -1.3670634  17.38494492  0.59624326 -1.19552064 -0.48370329
 -1.79825258  0.09698607]"
1747093052.5610716,"[ 0.00000000e+00 -2.27196403e-01  1.03296608e+00  2.97559090e+00
 -1.88460725e+00 -1.24635939e-04  9.60007588e-01  1.57092762e+00]","[ 0.00000000e+00 -7.47289993e-02  1.62497967e-01 -1.16754102e-04
  2.06939884e-01 -3.17222367e-05 -1.05819570e-05 -1.85044548e-05]","[ 0.         -1.23428249 17.26890755  0.65966672 -1.11975384 -0.48210317
 -1.80378175  0.08094774]"
1747093052.562865,"[ 0.00000000e+00 -2.27271504e-01  1.03312587e+00  2.97559090e+00
 -1.88440165e+00 -1.24635939e-04  9.60007588e-01  1.57092762e+00]","[ 0.00000000e+00 -7.61674891e-02  1.62058479e-01 -1.16665758e-04
  2.08515244e-01 -3.17461838e-05 -1.05819570e-05 -1.85184257e-05]","[ 0.         -1.20883465 17.18083572  0.67316526 -1.10249996 -0.47580007
 -1.7993536   0.07565786]"
1747093052.5645895,"[ 0.00000000e+00 -2.27427566e-01  1.03346157e+00  2.97559090e+00
 -1.88398540e+00 -1.24635939e-04  9.60008520e-01  1.57092762e+00]","[ 0.00000000e+00 -8.04890505e-02  1.64754880e-01 -1.16664596e-04
  2.11486316e-01 -3.17458709e-05  0.00000000e+00 -1.85184257e-05]","[ 0.         -1.04060197 17.09609795  0.77586335 -1.04439795 -0.50370479
 -1.7602514   0.0504615 ]"
1747093052.566861,"[ 0.00000000e+00 -2.27598540e-01  1.03378847e+00  2.97559090e+00
 -1.88355077e+00 -1.24635939e-04  9.60008520e-01  1.57092762e+00]","[ 0.00000000e+00 -8.47597373e-02  1.66650135e-01 -1.16755264e-04
  2.12296616e-01 -3.17219217e-05  0.00000000e+00 -1.85184257e-05]","[ 0.         -0.9443993  17.03268242  0.88926554 -0.98572522 -0.53901458
 -1.74362195  0.06511237]"
1747093052.568578,"[ 0.00000000e+00 -2.27763656e-01  1.03413015e+00  2.97559143e+00
 -1.88312600e+00 -1.24635939e-04  9.60008520e-01  1.57092762e+00]","[ 0.00000000e+00 -8.31900202e-02  1.67671224e-01 -1.11362770e-04
  2.16567727e-01 -3.17458709e-05  0.00000000e+00 -1.85186086e-05]","[ 0.         -0.82421851 16.97443581  1.00830007 -0.97020358 -0.58110499
 -1.72636473  0.06681349]"
1747093052.569813,"[ 0.00000000e+00 -2.27845149e-01  1.03429540e+00  2.97559143e+00
 -1.88289484e+00 -1.24635939e-04  9.60008520e-01  1.57092762e+00]","[ 0.00000000e+00 -8.25660831e-02  1.67290758e-01 -1.11445985e-04
  2.17462266e-01 -2.11481571e-05  0.00000000e+00 -1.85044548e-05]","[ 0.         -0.75760078 16.95069313  1.06722832 -1.00835502 -0.57882392
 -1.73085177  0.07051605]"
1747093052.5715768,"[ 0.00000000e+00 -2.28011863e-01  1.03462743e+00  2.97559143e+00
 -1.88246154e+00 -1.24635939e-04  9.60008520e-01  1.57092762e+00]","[ 0.00000000e+00 -8.04890505e-02  1.68000624e-01 -1.11361664e-04
  2.19859344e-01 -2.11639139e-05  0.00000000e+00 -1.85184257e-05]","[ 0.         -0.63057035 16.83464432  1.13501275 -1.05854201 -0.58928275
 -1.74049497  0.0735314 ]"
1747093052.5733407,"[ 0.00000000e+00 -2.28163663e-01  1.03497045e+00  2.97559143e+00
 -1.88200880e+00 -1.24635939e-04  9.60008520e-01  1.57092762e+00]","[ 0.00000000e+00 -7.67076863e-02  1.66854682e-01 -1.11362770e-04
  2.21177776e-01 -2.11641232e-05  0.00000000e+00 -1.85046377e-05]","[ 0.         -0.51997018 16.74347115  1.20816672 -1.09618115 -0.59885287
 -1.73480058  0.05645485]"
1747093052.5750716,"[ 0.00000000e+00 -2.28245156e-01  1.03513257e+00  2.97559143e+00
 -1.88178829e+00 -1.24635939e-04  9.60008520e-01  1.57092762e+00]","[ 0.00000000e+00 -7.67351502e-02  1.64656359e-01 -1.11447099e-04
  2.23640717e-01 -2.11479478e-05  0.00000000e+00 -1.85186086e-05]","[ 0.         -0.49361041 16.65539169  1.28341532 -1.1348145  -0.6074028
 -1.74358463  0.04950896]"
1747093052.5768368,"[ 0.00000000e+00 -2.28394293e-01  1.03545121e+00  2.97559196e+00
 -1.88133130e+00 -1.25701203e-04  9.60008520e-01  1.57092762e+00]","[ 0.00000000e+00 -7.50870946e-02  1.60707990e-01 -1.06059781e-04
  2.22682395e-01 -3.17458709e-05  0.00000000e+00 -1.85184257e-05]","[ 0.         -0.36866134 16.66592407  1.42500877 -1.18388093 -0.62351757
 -1.74876738  0.04435664]"
1747093052.5785599,"[ 0.00000000e+00 -2.28537571e-01  1.03578184e+00  2.97559196e+00
 -1.88089241e+00 -1.25701203e-04  9.60008520e-01  1.57092762e+00]","[ 0.00000000e+00 -7.23861249e-02  1.61518290e-01 -1.06140087e-04
  2.22560322e-01 -3.17458709e-05  0.00000000e+00 -1.85184257e-05]","[ 0.         -0.28672841 16.75224686  1.51695037 -1.19400048 -0.66526687
 -1.72192299  0.05115786]"
1747093052.5802991,"[ 0.00000000e+00 -2.28613205e-01  1.03594163e+00  2.97559196e+00
 -1.88067163e+00 -1.26233836e-04  9.60008520e-01  1.57092669e+00]","[ 0.00000000e+00 -7.12182455e-02  1.62058479e-01 -1.06059781e-04
  2.23683943e-01 -3.70368514e-05  0.00000000e+00 -2.64548924e-05]","[ 0.         -0.22965595 16.81858063  1.56191599 -1.22861266 -0.66491395
 -1.73267186  0.07785737]"
1747093052.5820441,"[ 0.00000000e+00 -2.28750624e-01  1.03627773e+00  2.97559196e+00
 -1.88020957e+00 -1.26233836e-04  9.60008520e-01  1.57092669e+00]","[ 0.00000000e+00 -6.85352481e-02  1.65132166e-01 -1.06140087e-04
  2.25531395e-01 -3.70092754e-05  0.00000000e+00 -1.85044548e-05]","[ 0.         -0.17167941 16.89834404  1.69042993 -1.23548841 -0.70908159
 -1.76037705  0.05158232]"
1747093052.583246,"[ 0.00000000e+00 -2.28884315e-01  1.03660656e+00  2.97559250e+00
 -1.87976243e+00 -1.27299100e-04  9.60008520e-01  1.57092669e+00]","[ 0.00000000e+00 -6.51998011e-02  1.67730529e-01 -1.00832084e-04
  2.28232373e-01 -4.76188043e-05  0.00000000e+00 -1.85184257e-05]","[ 0.         -0.12844113 16.9637661   1.75735605 -1.2145282  -0.71949267
 -1.78137028  0.06080535]"
1747093052.5854793,"[ 0.00000000e+00 -2.29010548e-01  1.03695457e+00  2.97559250e+00
 -1.87929211e+00 -1.28364365e-04  9.60008520e-01  1.57092669e+00]","[ 0.00000000e+00 -6.37430062e-02  1.70431507e-01 -1.00833083e-04
  2.30123051e-01 -4.76192757e-05  0.00000000e+00 -1.85046377e-05]","[ 0.         -0.07947807 17.01906776  1.79271781 -1.24100518 -0.74466854
 -1.76136553  0.06545013]"
1747093052.5872498,"[ 0.00000000e+00 -2.29138380e-01  1.03728979e+00  2.97559250e+00
 -1.87883991e+00 -1.28364365e-04  9.60008520e-01  1.57092669e+00]","[ 0.00000000e+00 -6.16890390e-02  1.68540829e-01 -1.00833083e-04
  2.29350235e-01 -4.76188043e-05  0.00000000e+00 -1.85186086e-05]","[ 0.         -0.09377545 17.04246521  1.816872   -1.26774061 -0.73381299
 -1.74287498  0.03117379]"
1747093052.5890281,"[ 0.00000000e+00 -2.29196970e-01  1.03745557e+00  2.97559250e+00
 -1.87861540e+00 -1.28364365e-04  9.60008520e-01  1.57092669e+00]","[ 0.00000000e+00 -5.93612407e-02  1.68000624e-01 -9.54528527e-05
  2.27692167e-01 -4.76192757e-05  0.00000000e+00 -1.85184257e-05]","[ 0.         -0.03976008 17.06526947  1.82093239 -1.25835335 -0.7219038
 -1.76775157  0.05738699]"
1747093052.5908194,"[ 0.00000000e+00 -2.29310953e-01  1.03779633e+00  2.97559250e+00
 -1.87814589e+00 -1.28364365e-04  9.60008520e-01  1.57092669e+00]","[ 0.00000000e+00 -5.78008613e-02  1.65839851e-01 -9.55251290e-05
  2.29582862e-01 -4.76188043e-05  0.00000000e+00 -1.85184257e-05]","[ 0.00000000e+00 -1.51944486e-02  1.71150303e+01  1.83424568e+00
 -1.16331875e+00 -7.22448051e-01 -1.80192161e+00  5.68421930e-02]"
1747093052.5925283,"[ 0.00000000e+00 -2.29424936e-01  1.03812323e+00  2.97559250e+00
 -1.87769289e+00 -1.28364365e-04  9.60008520e-01  1.57092669e+00]","[ 0.00000000e+00 -5.50998833e-02  1.64219268e-01 -9.54538036e-05
  2.30159719e-01 -4.76188043e-05  0.00000000e+00 -1.85186086e-05]","[ 0.          0.02203184 17.24461555  1.81308401 -1.11279941 -0.73204303
 -1.76592803  0.047449  ]"
1747093052.5943518,"[ 0.00000000e+00 -2.29526669e-01  1.03845892e+00  2.97559250e+00
 -1.87721485e+00 -1.28364365e-04  9.60008520e-01  1.57092669e+00]","[ 0.00000000e+00 -5.02381288e-02  1.64115621e-01 -9.55251290e-05
  2.34714707e-01 -4.75828816e-05  0.00000000e+00 -1.85046377e-05]","[ 0.          0.02344588 17.36253738  1.7700125  -1.04639363 -0.73276561
 -1.73562169  0.04003526]"
1747093052.5965097,"[ 0.00000000e+00 -2.29624673e-01  1.03879961e+00  2.97559250e+00
 -1.87675093e+00 -1.29429629e-04  9.60008520e-01  1.57092669e+00]","[ 0.00000000e+00 -4.75371550e-02  1.67011792e-01 -9.55260799e-05
  2.35254896e-01 -5.82007654e-05  0.00000000e+00 -1.85184257e-05]","[ 0.00000000e+00 -1.57150514e-02  1.75211334e+01  1.70157182e+00
 -1.04372966e+00 -7.69672871e-01 -1.74951327e+00  2.63060015e-02]"
1747093052.598197,"[ 0.00000000e+00 -2.29717884e-01  1.03913343e+00  2.97559250e+00
 -1.87626969e+00 -1.29429629e-04  9.60008520e-01  1.57092669e+00]","[ 0.00000000e+00 -4.75371550e-02  1.69891318e-01 -9.55260799e-05
  2.35254896e-01 -5.81568575e-05  0.00000000e+00 -1.85044548e-05]","[ 0.         -0.06321122 17.63881874  1.64914536 -1.0301367  -0.76062906
 -1.77118945  0.04348575]"
1747093052.5998898,"[ 0.00000000e+00 -2.29767951e-01  1.03930241e+00  2.97559250e+00
 -1.87603800e+00 -1.29429629e-04  9.60008520e-01  1.57092669e+00]","[ 0.00000000e+00 -4.71444719e-02  1.71241807e-01 -9.55260799e-05
  2.34984801e-01 -5.82007654e-05  0.00000000e+00 -1.85182388e-05]","[ 0.         -0.08801076 17.67719841  1.62593901 -1.06052077 -0.74609625
 -1.76677585  0.03267491]"
1747093052.6015837,"[ 0.00000000e+00 -2.29858499e-01  1.03965328e+00  2.97559250e+00
 -1.87557647e+00 -1.29429629e-04  9.60008520e-01  1.57092669e+00]","[ 0.00000000e+00 -4.53763743e-02  1.70773324e-01 -9.54538036e-05
  2.33094123e-01 -5.81568575e-05  0.00000000e+00 -1.85184257e-05]","[ 0.         -0.15142034 17.68595123  1.55156612 -1.08368683 -0.70781207
 -1.75564516  0.04741511]"
1747093052.6032858,"[ 0.00000000e+00 -2.29901642e-01  1.03982133e+00  2.97559250e+00
 -1.87532613e+00 -1.29429629e-04  9.60008520e-01  1.57092669e+00]","[ 0.00000000e+00 -4.37557908e-02  1.70431507e-01 -9.55260799e-05
  2.35722347e-01 -5.82007654e-05  0.00000000e+00 -1.85184257e-05]","[ 0.         -0.16905938 17.70791435  1.51786852 -1.0721103  -0.68516505
 -1.76139653  0.04876911]"
1747093052.6049945,"[ 0.00000000e+00 -2.29989526e-01  1.04015928e+00  2.97559250e+00
 -1.87485555e+00 -1.29429629e-04  9.60008520e-01  1.57092669e+00]","[ 0.00000000e+00 -4.32155977e-02  1.71781996e-01 -9.55260799e-05
  2.38766174e-01 -5.82007654e-05  0.00000000e+00 -1.85184257e-05]","[ 0.         -0.20772697 17.76296425  1.45603442 -1.06297088 -0.68652529
 -1.78395259  0.08439761]"
1747093052.606081,"[ 0.00000000e+00 -2.30073682e-01  1.04051375e+00  2.97559196e+00
 -1.87436314e+00 -1.29429629e-04  9.60008520e-01  1.57092669e+00]","[ 0.00000000e+00 -4.32155977e-02  1.72862391e-01 -1.00756792e-04
  2.40926946e-01 -5.82007654e-05  0.00000000e+00 -1.85184257e-05]","[ 0.         -0.25952435 17.82810211  1.39187157 -1.01316893 -0.68526226
 -1.80075264  0.08554152]"
1747093052.6078472,"[ 0.00000000e+00 -2.30115760e-01  1.04068459e+00  2.97559196e+00
 -1.87412531e+00 -1.29429629e-04  9.60008520e-01  1.57092669e+00]","[ 0.00000000e+00 -4.26754004e-02  1.73226894e-01 -1.00832084e-04
  2.41197040e-01 -5.82007654e-05  0.00000000e+00 -1.85186086e-05]","[ 0.         -0.29413649 17.81972313  1.36646903 -1.01897228 -0.68880421
 -1.77666152  0.08946312]"
1747093052.6096294,"[ 0.00000000e+00 -2.30197253e-01  1.04104185e+00  2.97559196e+00
 -1.87363077e+00 -1.29429629e-04  9.60008520e-01  1.57092669e+00]","[ 0.00000000e+00 -3.83538432e-02  1.74534856e-01 -1.00756792e-04
  2.41740791e-01 -5.81568575e-05  0.00000000e+00 -1.85184257e-05]","[ 0.         -0.37690127 17.84074974  1.32518935 -0.98820448 -0.68821377
 -1.76301146  0.07031541]"
1747093052.6107724,"[ 0.00000000e+00 -2.30231874e-01  1.04121769e+00  2.97559196e+00
 -1.87339534e+00 -1.29429629e-04  9.60008520e-01  1.57092669e+00]","[ 0.00000000e+00 -3.51126721e-02  1.78264330e-01 -1.00756792e-04
  2.38524259e-01 -4.76188043e-05  0.00000000e+00 -1.85324169e-05]","[ 0.         -0.39278364 17.85068512  1.31475925 -0.97589427 -0.69032961
 -1.76661134  0.07309641]"
1747093052.6130157,"[ 0.00000000e+00 -2.30296323e-01  1.04157588e+00  2.97559196e+00
 -1.87292450e+00 -1.29429629e-04  9.60008520e-01  1.57092669e+00]","[ 0.00000000e+00 -3.00639075e-02  1.82940541e-01 -1.00833083e-04
  2.38794070e-01 -4.76908124e-05  0.00000000e+00 -1.85186086e-05]","[ 0.         -0.49767888 17.79487419  1.27811778 -0.97933465 -0.68795443
 -1.79921114  0.06327654]"
1747093052.6140785,"[ 0.00000000e+00 -2.30347455e-01  1.04195152e+00  2.97559196e+00
 -1.87242995e+00 -1.29429629e-04  9.60008520e-01  1.57092669e+00]","[ 0.00000000e+00 -2.48237906e-02  1.83126081e-01 -9.54528527e-05
  2.42277435e-01 -4.76908124e-05  0.00000000e+00 -1.85324169e-05]","[ 0.         -0.60575098 17.68326569  1.26880598 -0.97062635 -0.67760456
 -1.79494476  0.06086253]"
1747093052.6169453,"[ 0.00000000e+00 -2.30392729e-01  1.04231564e+00  2.97559196e+00
 -1.87195377e+00 -1.29429629e-04  9.60008520e-01  1.57092669e+00]","[ 0.00000000e+00 -2.10676037e-02  1.84746681e-01 -9.02190763e-05
  2.41737246e-01 -4.76908124e-05  0.00000000e+00 -1.85184257e-05]","[ 0.         -0.72959763 17.46339035  1.19678009 -0.92701864 -0.64909995
 -1.75483215  0.06017348]"
1747093052.6185856,"[ 0.00000000e+00 -2.30432676e-01  1.04269541e+00  2.97559143e+00
 -1.87145709e+00 -1.29429629e-04  9.60008520e-01  1.57092669e+00]","[ 0.00000000e+00 -1.99872133e-02  1.85568665e-01 -9.28023133e-05
  2.42766042e-01 -4.76908124e-05  0.00000000e+00 -1.85325998e-05]","[ 0.         -0.83981723 17.29702187  1.18598139 -0.9203549  -0.64308959
 -1.73348904  0.04999859]"
1747093052.621529,"[ 0.00000000e+00 -2.30451319e-01  1.04287724e+00  2.97559143e+00
 -1.87121688e+00 -1.30494893e-04  9.60008520e-01  1.57092669e+00]","[ 0.00000000e+00 -1.88876669e-02  1.84289666e-01 -9.28023133e-05
  2.43627924e-01 -5.82887721e-05  0.00000000e+00 -1.85325998e-05]","[ 0.         -0.92052162 17.16264725  1.13503647 -0.91262931 -0.65058678
 -1.74202228  0.0449479 ]"
1747093052.6220984,"[ 0.00000000e+00 -2.30489135e-01  1.04323956e+00  2.97559143e+00
 -1.87073777e+00 -1.30494893e-04  9.60008520e-01  1.57092669e+00]","[ 0.00000000e+00 -1.83666278e-02  1.83936381e-01 -8.75001943e-05
  2.43357829e-01 -5.82447383e-05  0.00000000e+00 -1.85184257e-05]","[ 0.         -1.07044625 17.00910568  1.07817101 -0.92822909 -0.64038134
 -1.74413133  0.04103691]"
1747093052.6237772,"[ 0.00000000e+00 -2.30524289e-01  1.04361240e+00  2.97559143e+00
 -1.87023737e+00 -1.30494893e-04  9.60008520e-01  1.57092669e+00]","[ 0.00000000e+00 -1.72862385e-02  1.82585892e-01 -8.21963279e-05
  2.44978413e-01 -5.82887721e-05  0.00000000e+00 -1.85186086e-05]","[ 0.         -1.18290865 16.92896271  1.03347039 -0.87852049 -0.65595037
 -1.70965123  0.0539465 ]"
1747093052.6254656,"[ 0.00000000e+00 -2.30558378e-01  1.04397193e+00  2.97559143e+00
 -1.86975161e+00 -1.30494893e-04  9.60008520e-01  1.57092669e+00]","[ 0.00000000e+00 -1.62058481e-02  1.82771264e-01 -7.68933393e-05
  2.46869091e-01 -5.82447383e-05  0.00000000e+00 -1.85184257e-05]","[ 0.         -1.32691038 16.85800362  1.00512958 -0.81907678 -0.65314126
 -1.70613408  0.05228379]"
1747093052.6271632,"[ 0.00000000e+00 -2.30589270e-01  1.04434204e+00  2.97559090e+00
 -1.86924374e+00 -1.30494893e-04  9.60008520e-01  1.57092669e+00]","[ 0.00000000e+00 -1.51254588e-02  1.80155025e-01 -7.95448377e-05
  2.48219580e-01 -5.82893532e-05  0.00000000e+00 -1.85324169e-05]","[ 0.         -1.45310795 16.75610352  0.96549958 -0.78065741 -0.65213835
 -1.72675097  0.05258578]"
1747093052.6288707,"[ 0.00000000e+00 -2.30606315e-01  1.04454684e+00  2.97559090e+00
 -1.86899846e+00 -1.30494893e-04  9.60008520e-01  1.57092669e+00]","[ 0.00000000e+00 -1.60491814e-02  1.79962295e-01 -7.42980657e-05
  2.48759769e-01 -5.82887721e-05  0.00000000e+00 -1.85184257e-05]","[ 0.         -1.53359318 16.74345589  0.94950616 -0.80869824 -0.64053512
 -1.72779429  0.05491363]"
1747093052.6305482,"[ 0.00000000e+00 -2.30637740e-01  1.04491649e+00  2.97559090e+00
 -1.86851137e+00 -1.30494893e-04  9.60008520e-01  1.57092669e+00]","[ 0.00000000e+00 -1.61894291e-02  1.79884914e-01 -6.62873661e-05
  2.47390105e-01 -5.82447383e-05  0.00000000e+00 -1.85604623e-05]","[ 0.         -1.64256072 16.66555595  0.91084599 -0.87890607 -0.62686872
 -1.69905233  0.06950572]"
1747093052.6322064,"[ 0.00000000e+00 -2.30673426e-01  1.04526962e+00  2.97559063e+00
 -1.86800377e+00 -1.30494893e-04  9.60008520e-01  1.57092669e+00]","[ 0.00000000e+00 -1.78264326e-02  1.78264330e-01 -6.36358718e-05
  2.46869091e-01 -5.82887721e-05  0.00000000e+00 -1.85464284e-05]","[ 0.         -1.67572308 16.56944847  0.87084579 -0.97924471 -0.60265344
 -1.6934489   0.07153827]"
1747093052.6339772,"[ 0.00000000e+00 -2.30693134e-01  1.04545791e+00  2.97559063e+00
 -1.86776089e+00 -1.30494893e-04  9.60008520e-01  1.57092669e+00]","[ 0.00000000e+00 -1.99872133e-02  1.77126511e-01 -5.83328791e-05
  2.46328902e-01 -5.82887721e-05  0.00000000e+00 -1.85464284e-05]","[ 0.         -1.68897831 16.49600601  0.84896201 -1.01249659 -0.60964167
 -1.69550133  0.07088794]"
1747093052.6356325,"[ 0.00000000e+00 -2.30741071e-01  1.04580592e+00  2.97559010e+00
 -1.86725409e+00 -1.30494893e-04  9.60008520e-01  1.57092669e+00]","[ 0.00000000e+00 -2.40737716e-02  1.76103558e-01 -5.83328791e-05
  2.47968078e-01 -5.82887721e-05  0.00000000e+00 -1.85464284e-05]","[ 0.         -1.69774997 16.47055817  0.81827122 -1.11188281 -0.62985611
 -1.7101506   0.04736894]"
1747093052.6373184,"[ 0.00000000e+00 -2.30798062e-01  1.04616045e+00  2.97558930e+00
 -1.86676460e+00 -1.30494893e-04  9.60008520e-01  1.57092669e+00]","[ 0.00000000e+00 -3.02202662e-02  1.72528697e-01 -6.36358718e-05
  2.48219580e-01 -5.83328791e-05  0.00000000e+00 -1.85464284e-05]","[ 0.         -1.6969384  16.49529648  0.73744702 -1.20320284 -0.61879319
 -1.71986592  0.04434716]"
1747093052.6390383,"[ 0.00000000e+00 -2.30830553e-01  1.04632803e+00  2.97558930e+00
 -1.86650148e+00 -1.30494893e-04  9.60008520e-01  1.57092669e+00]","[ 0.00000000e+00 -3.29518914e-02  1.69891318e-01 -5.83328791e-05
  2.47759236e-01 -5.82887721e-05  0.00000000e+00 -1.85604623e-05]","[ 0.         -1.67706192 16.59549522  0.68741566 -1.27721524 -0.61492443
 -1.71607137  0.04624541]"
1747093052.640694,"[ 0.00000000e+00 -2.30907252e-01  1.04666092e+00  2.97558824e+00
 -1.86600907e+00 -1.30494893e-04  9.60008520e-01  1.57092669e+00]","[ 0.00000000e+00 -3.81527329e-02  1.69081018e-01 -5.83328791e-05
  2.50110258e-01 -5.82887721e-05  0.00000000e+00 -1.85464284e-05]","[ 0.         -1.63933122 16.67015648  0.69618648 -1.30468678 -0.61154366
 -1.69725299  0.0663985 ]"
1747093052.642413,"[ 0.00000000e+00 -2.30985549e-01  1.04684095e+00  2.97558770e+00
 -1.86551824e+00 -1.30494893e-04  9.60008520e-01  1.57092576e+00]","[ 0.00000000e+00 -4.05146197e-02  1.69519475e-01 -5.56813848e-05
  2.47968078e-01 -5.83328791e-05  0.00000000e+00 -1.85604623e-05]","[ 0.         -1.56194103 16.63528442  0.67530835 -1.28610694 -0.60521203
 -1.71546853  0.06282549]"
1747093052.644093,"[ 0.00000000e+00 -2.31024431e-01  1.04700767e+00  2.97558770e+00
 -1.86525619e+00 -1.30494893e-04  9.60008520e-01  1.57092576e+00]","[ 0.00000000e+00 -3.94342335e-02  1.69081018e-01 -5.03783961e-05
  2.46988733e-01 -5.82887721e-05  0.00000000e+00 -1.85462435e-05]","[ 0.         -1.5167805  16.74265862  0.67633241 -1.25704122 -0.59908456
 -1.72654641  0.05310452]"
1747093052.6464636,"[ 0.00000000e+00 -2.31105391e-01  1.04733916e+00  2.97558744e+00
 -1.86476750e+00 -1.30494893e-04  9.60008520e-01  1.57092576e+00]","[ 0.00000000e+00 -3.99339258e-02  1.67830415e-01 -4.50758585e-05
  2.48219580e-01 -5.83328791e-05  0.00000000e+00 -1.85464284e-05]","[ 0.         -1.41877437 16.80056953  0.65639561 -1.20857298 -0.59626442
 -1.70426738  0.03041894]"
1747093052.6483495,"[ 0.00000000e+00 -2.31187416e-01  1.04768125e+00  2.97558690e+00
 -1.86425910e+00 -1.30494893e-04  9.60008520e-01  1.57092576e+00]","[ 0.00000000e+00 -4.06244918e-02  1.66650135e-01 -5.03783961e-05
  2.47759236e-01 -5.82887721e-05  0.00000000e+00 -1.85464284e-05]","[ 0.         -1.3584584  16.82543182  0.65179443 -1.15596151 -0.5889039
 -1.69591415  0.02049596]"
1747093052.6499102,"[ 0.00000000e+00 -2.31266779e-01  1.04801967e+00  2.97558637e+00
 -1.86376748e+00 -1.30494893e-04  9.60008520e-01  1.57092576e+00]","[ 0.00000000e+00 -3.99744266e-02  1.65299662e-01 -5.02642966e-05
  2.50110258e-01 -5.82881910e-05  0.00000000e+00 -1.85604623e-05]","[ 0.         -1.25690329 16.91099358  0.69954997 -1.02981544 -0.60236794
 -1.68429542  0.01912173]"
1747093052.6516514,"[ 0.00000000e+00 -2.31342945e-01  1.04835489e+00  2.97558637e+00
 -1.86325589e+00 -1.30494893e-04  9.60008520e-01  1.57092576e+00]","[ 0.00000000e+00 -3.78520370e-02  1.63501030e-01 -5.03027714e-05
  2.49765378e-01 -5.82887721e-05  0.00000000e+00 -1.85464284e-05]","[ 0.         -1.20333564 16.90040398  0.71155322 -0.90788007 -0.62284994
 -1.68582451  0.05137385]"
1747093052.653924,"[ 0.00000000e+00 -2.31416448e-01  1.04866808e+00  2.97558637e+00
 -1.86276640e+00 -1.30494893e-04  9.60008520e-01  1.57092576e+00]","[ 0.00000000e+00 -3.56528652e-02  1.56767643e-01 -5.02642966e-05
  2.47679391e-01 -5.83328791e-05  1.05979587e-05 -1.85604623e-05]","[ 0.         -1.08465612 17.0097847   0.75313187 -0.81227636 -0.6255759
 -1.68417215  0.05369995]"
1747093052.6553566,"[ 0.00000000e+00 -2.31486756e-01  1.04897388e+00  2.97558584e+00
 -1.86225720e+00 -1.30494893e-04  9.60008520e-01  1.57092576e+00]","[ 0.00000000e+00 -3.56167419e-02  1.54495751e-01 -5.03022715e-05
  2.48777562e-01 -5.82887721e-05  1.05980643e-05 -1.85604623e-05]","[ 0.         -1.02307642 17.03999329  0.78993106 -0.74032229 -0.61757225
 -1.66731358  0.0495638 ]"
1747093052.6570818,"[ 0.00000000e+00 -2.31532562e-01  1.04914013e+00  2.97558584e+00
 -1.86201113e+00 -1.30494893e-04  9.60008520e-01  1.57092576e+00]","[ 0.00000000e+00 -3.77628752e-02  1.56479523e-01 -5.02642966e-05
  2.49570069e-01 -5.82881910e-05  1.05980643e-05 -1.85604623e-05]","[ 0.         -0.98545617 17.05031967  0.81313777 -0.73240411 -0.62423992
 -1.65124476  0.04960761]"
1747093052.6588497,"[ 0.00000000e+00 -2.31612989e-01  1.04945052e+00  2.97558584e+00
 -1.86145666e+00 -1.31027526e-04  9.60008520e-01  1.57092576e+00]","[ 0.00000000e+00 -4.21352073e-02  1.57307283e-01 -5.03027714e-05
  2.53153851e-01 -6.35877499e-05  1.05979587e-05 -1.85604623e-05]","[ 0.         -0.94278038 17.12652206  0.85365891 -0.76930571 -0.64220631
 -1.68326628  0.05431871]"
1747093052.6606464,"[ 0.00000000e+00 -2.31700874e-01  1.04977289e+00  2.97558584e+00
 -1.86095758e+00 -1.31027526e-04  9.60008520e-01  1.57092576e+00]","[ 0.00000000e+00 -4.32155977e-02  1.57482586e-01 -5.02642966e-05
  2.52508850e-01 -6.35877499e-05  1.06059783e-05 -1.85604623e-05]","[ 0.         -0.8894245  17.17009354  0.91095591 -0.86207694 -0.6586799
 -1.71354377  0.03666451]"
1747093052.6629338,"[ 0.00000000e+00 -2.31787693e-01  1.05008648e+00  2.97558584e+00
 -1.86045850e+00 -1.31027526e-04  9.60008520e-01  1.57092576e+00]","[ 0.00000000e+00 -4.42959881e-02  1.58817312e-01 -5.03022715e-05
  2.53094729e-01 -6.35871160e-05  1.05980643e-05 -1.85606472e-05]","[ 0.         -0.83870977 17.22010231  0.99113345 -0.97217083 -0.68849939
 -1.69124067  0.01771517]"
1747093052.6648047,"[ 0.00000000e+00 -2.31884099e-01  1.05041438e+00  2.97558584e+00
 -1.85994451e+00 -1.31027526e-04  9.60008520e-01  1.57092576e+00]","[ 0.00000000e+00 -4.81475432e-02  1.59897707e-01 -5.03027714e-05
  2.50650463e-01 -6.35877499e-05  0.00000000e+00 -1.85464284e-05]","[ 0.         -0.75798368 17.34739494  1.08089161 -1.00101399 -0.69547755
 -1.71438444  0.01751166]"
1747093052.6665952,"[ 0.00000000e+00 -2.31984767e-01  1.05072890e+00  2.97558584e+00
 -1.85944784e+00 -1.31027526e-04  9.60008520e-01  1.57092576e+00]","[ 0.00000000e+00 -5.13185192e-02  1.59465875e-01 -5.02637927e-05
  2.52271047e-01 -6.35877499e-05  0.00000000e+00 -1.85604623e-05]","[ 0.         -0.69608891 17.48252106  1.12814379 -0.99046975 -0.69065654
 -1.73318839  0.03277066]"
1747093052.6683345,"[ 0.00000000e+00 -2.32089695e-01  1.05104848e+00  2.97558584e+00
 -1.85892879e+00 -1.32092790e-04  9.60008520e-01  1.57092576e+00]","[ 0.00000000e+00 -5.11567654e-02  1.55977983e-01 -5.55972507e-05
  2.53094729e-01 -7.41857136e-05  0.00000000e+00 -1.85462435e-05]","[ 0.         -0.58783954 17.68769455  1.23530221 -0.96678442 -0.70333767
 -1.72021163  0.02157901]"
1747093052.6701097,"[ 0.00000000e+00 -2.32138165e-01  1.05120002e+00  2.97558584e+00
 -1.85867871e+00 -1.32092790e-04  9.60008520e-01  1.57092576e+00]","[ 0.00000000e+00 -4.91577426e-02  1.53685467e-01 -5.55972507e-05
  2.53621536e-01 -7.42411095e-05  0.00000000e+00 -1.85604623e-05]","[ 0.00000000e+00 -5.79445481e-01  1.78220139e+01  1.23530221e+00
 -9.36207771e-01 -7.08162963e-01 -1.72130656e+00  1.68053135e-02]"
1747093052.6718798,"[ 0.00000000e+00 -2.32234039e-01  1.05151593e+00  2.97558584e+00
 -1.85816206e+00 -1.32092790e-04  9.60008520e-01  1.57092576e+00]","[ 0.00000000e+00 -4.86175453e-02  1.54328055e-01 -5.55552731e-05
  2.52022308e-01 -7.41857136e-05  0.00000000e+00 -1.85604623e-05]","[ 0.         -0.4766475  17.98652267  1.31282711 -0.94295192 -0.72342807
 -1.71582747  0.02284756]"
1747093052.6736171,"[ 0.00000000e+00 -2.32335771e-01  1.05182406e+00  2.97558637e+00
 -1.85766751e+00 -1.33158055e-04  9.60008520e-01  1.57092576e+00]","[ 0.00000000e+00 -5.02381288e-02  1.56227987e-01 -5.03022715e-05
  2.49570069e-01 -8.47836692e-05  0.00000000e+00 -1.85604623e-05]","[ 0.         -0.36514425 18.10851479  1.39032447 -1.07090688 -0.74595851
 -1.72719193  0.02346905]"
1747093052.6753561,"[ 0.00000000e+00 -2.32384241e-01  1.05213585e+00  2.97558637e+00
 -1.85717536e+00 -1.33158055e-04  9.60008520e-01  1.57092576e+00]","[ 0.00000000e+00 -4.91577426e-02  1.59357518e-01 -5.02642966e-05
  2.50110258e-01 -7.41857136e-05  0.00000000e+00 -1.85462435e-05]","[ 0.00000000e+00 -3.11908066e-01  1.81282978e+01  1.52768409e+00
 -1.23783290e+00 -7.79337049e-01 -1.74802792e+00  1.55826099e-02]"
1747093052.6771128,"[ 0.00000000e+00 -2.32432710e-01  1.05230483e+00  2.97558637e+00
 -1.85690851e+00 -1.34223319e-04  9.60008520e-01  1.57092576e+00]","[ 0.00000000e+00 -4.91577426e-02  1.58987205e-01 -5.55972507e-05
  2.51269998e-01 -8.47836692e-05  0.00000000e+00 -1.85466133e-05]","[ 0.00000000e+00 -2.79023290e-01  1.80980415e+01  1.60646904e+00
 -1.27097476e+00 -8.04781497e-01 -1.75579238e+00  6.11794833e-03]"
1747093052.6789098,"[ 0.00000000e+00 -2.32528052e-01  1.05262308e+00  2.97558690e+00
 -1.85641583e+00 -1.34223319e-04  9.60008520e-01  1.57092482e+00]","[ 0.00000000e+00 -4.53763743e-02  1.61894295e-01 -5.02647924e-05
  2.49029880e-01 -8.48478263e-05  0.00000000e+00 -2.65149452e-05]","[ 0.00000000e+00 -1.64940566e-01  1.80535507e+01  1.65891063e+00
 -1.37118614e+00 -8.28793347e-01 -1.76449847e+00 -7.31881941e-04]"
1747093052.6806443,"[ 0.00000000e+00 -2.32615936e-01  1.05295551e+00  2.97558690e+00
 -1.85592501e+00 -1.34755951e-04  9.60008520e-01  1.57092482e+00]","[ 0.00000000e+00 -4.37557908e-02  1.62058479e-01 -5.03022715e-05
  2.48219580e-01 -8.46556558e-05  0.00000000e+00 -1.85464284e-05]","[ 0.         -0.08863335 17.9918251   1.73430979 -1.37775576 -0.84574962
 -1.7900641  -0.02745896]"
1747093052.6824064,"[ 0.00000000e+00 -2.32706483e-01  1.05327142e+00  2.97558690e+00
 -1.85566215e+00 -1.34755951e-04  9.60008520e-01  1.57092482e+00]","[ 0.00000000e+00 -4.37557908e-02  1.60167801e-01 -5.02642966e-05
  2.47508466e-01 -7.40737029e-05  0.00000000e+00 -1.85604623e-05]","[ 0.00000000e+00  2.54990533e-02  1.80223160e+01  1.84191883e+00
 -1.32851398e+00 -8.43798935e-01 -1.78457057e+00 -1.59466285e-02]"
1747093052.6841316,"[ 0.00000000e+00 -2.32749094e-01  1.05342988e+00  2.97558744e+00
 -1.85542060e+00 -1.34755951e-04  9.60008520e-01  1.57092482e+00]","[ 0.00000000e+00 -4.31718095e-02  1.60707990e-01 -5.02647924e-05
  2.44730206e-01 -7.40744343e-05  0.00000000e+00 -1.85464284e-05]","[ 0.00000000e+00  6.58586398e-02  1.80533352e+01  1.85509539e+00
 -1.27320921e+00 -8.44474792e-01 -1.75735378e+00 -1.18076587e-02]"
1747093052.6865425,"[ 0.00000000e+00 -2.32828456e-01  1.05376184e+00  2.97558744e+00
 -1.85492153e+00 -1.35821216e-04  9.60008520e-01  1.57092482e+00]","[ 0.00000000e+00 -3.88940363e-02  1.62223012e-01 -5.02647924e-05
  2.43997704e-01 -7.40178194e-05  0.00000000e+00 -1.85604623e-05]","[ 0.00000000e+00  1.23046435e-01  1.81115112e+01  1.87983704e+00
 -1.06752968e+00 -8.69691670e-01 -1.71959209e+00 -1.28650898e-02]"
1747093052.6881044,"[ 0.00000000e+00 -2.32933917e-01  1.05425460e+00  2.97558744e+00
 -1.85418037e+00 -1.35821216e-04  9.60009452e-01  1.57092482e+00]","[ 0.00000000e+00 -3.24116962e-02  1.63501030e-01 -5.02642966e-05
  2.44980710e-01 -7.40737029e-05  1.05979587e-05 -1.85464284e-05]","[ 0.00000000e+00  1.70911431e-01  1.80716934e+01  1.89599109e+00
 -8.31384778e-01 -8.95866930e-01 -1.68553174e+00 -5.01709431e-03]"
1747093052.6899652,"[ 0.00000000e+00 -2.32963745e-01  1.05441851e+00  2.97558744e+00
 -1.85393935e+00 -1.36886480e-04  9.60009452e-01  1.57092482e+00]","[ 0.00000000e+00 -3.02509176e-02  1.66380040e-01 -5.02647924e-05
  2.44438224e-01 -8.47204549e-05  1.05979587e-05 -1.85464284e-05]","[ 0.00000000e+00  2.14014798e-01  1.80451107e+01  1.88983047e+00
 -7.55050659e-01 -8.89106214e-01 -1.68228650e+00 -6.79050200e-03]"
1747093052.6917388,"[ 0.00000000e+00 -2.33020204e-01  1.05475048e+00  2.97558744e+00
 -1.85345306e+00 -1.36886480e-04  9.60009452e-01  1.57092482e+00]","[ 0.00000000e+00 -2.70097486e-02  1.69081018e-01 -5.02647924e-05
  2.46328902e-01 -8.46556558e-05  1.06059783e-05 -1.85464284e-05]","[ 0.00000000e+00  2.62953579e-01  1.78935528e+01  1.88616037e+00
 -7.36685514e-01 -8.93148541e-01 -1.66140342e+00 -1.49444323e-02]"
1747093052.6934965,"[ 0.00000000e+00 -2.33072402e-01  1.05509808e+00  2.97558744e+00
 -1.85295025e+00 -1.36886480e-04  9.60009452e-01  1.57092482e+00]","[ 0.00000000e+00 -2.45753093e-02  1.70271784e-01 -5.03022715e-05
  2.45518602e-01 -8.46556558e-05  1.05979587e-05 -1.85462435e-05]","[ 0.          0.26577622 17.73005676  1.87094307 -0.82951158 -0.8982206
 -1.68037355 -0.0258965 ]"
1747093052.6958537,"[ 0.00000000e+00 -2.33115012e-01  1.05542778e+00  2.97558744e+00
 -1.85246449e+00 -1.36886480e-04  9.60009452e-01  1.57092482e+00]","[ 0.00000000e+00 -2.05274085e-02  1.66650135e-01 -5.02647924e-05
  2.45248507e-01 -8.46564929e-05  1.06059783e-05 -1.85464284e-05]","[ 0.00000000e+00  2.64826566e-01  1.75723152e+01  1.83456016e+00
 -9.89587247e-01 -8.98229539e-01 -1.69665825e+00 -4.44909651e-03]"
1747093052.697696,"[ 0.00000000e+00 -2.33150166e-01  1.05576348e+00  2.97558744e+00
 -1.85196382e+00 -1.36886480e-04  9.60009452e-01  1.57092482e+00]","[ 0.00000000e+00 -1.55476447e-02  1.63848290e-01 -5.02263745e-05
  2.44750014e-01 -7.40737029e-05  1.05979587e-05 -1.85464284e-05]","[ 0.00000000e+00  2.49538258e-01  1.74777145e+01  1.79483771e+00
 -1.05974579e+00 -8.61703992e-01 -1.69149005e+00  8.18216521e-03]"
1747093052.699439,"[ 0.00000000e+00 -2.33172004e-01  1.05608399e+00  2.97558744e+00
 -1.85148046e+00 -1.37951744e-04  9.60009452e-01  1.57092482e+00]","[ 0.00000000e+00 -9.72350907e-03  1.62058479e-01 -5.02642966e-05
  2.45788696e-01 -8.46556558e-05  1.06058726e-05 -1.85186086e-05]","[ 0.00000000e+00  2.22023398e-01  1.75185947e+01  1.74321747e+00
 -1.03838348e+00 -8.50053906e-01 -1.66926849e+00 -1.00218225e-02]"
1747093052.701224,"[ 0.00000000e+00 -2.33183722e-01  1.05641229e+00  2.97558744e+00
 -1.85097472e+00 -1.37951744e-04  9.60009452e-01  1.57092482e+00]","[ 0.00000000e+00 -4.51383230e-03  1.58837635e-01 -5.03022715e-05
  2.47006926e-01 -8.45917913e-05  1.05979587e-05 -1.85186086e-05]","[ 0.00000000e+00  1.70691833e-01  1.75259571e+01  1.68314719e+00
 -1.05334258e+00 -8.50323319e-01 -1.65214038e+00 -6.36784546e-03]"
1747093052.7029865,"[ 0.00000000e+00 -2.33185320e-01  1.05656981e+00  2.97558744e+00
 -1.85072998e+00 -1.37951744e-04  9.60009452e-01  1.57092482e+00]","[ 0.00000000e+00 -1.62058489e-03  1.60060043e-01 -5.02642966e-05
  2.48219580e-01 -8.46564929e-05  1.05979587e-05 -1.85186086e-05]","[ 0.          0.10305144 17.56735229  1.63621616 -1.05209756 -0.84648794
 -1.64222777 -0.01919763]"
1747093052.7047272,"[ 0.00000000e+00 -2.33183722e-01  1.05688527e+00  2.97558744e+00
 -1.85023729e+00 -1.37951744e-04  9.60009452e-01  1.57092389e+00]","[ 0.00000000e+00  8.09881722e-04  1.60005515e-01 -5.02647924e-05
  2.49570069e-01 -8.46556558e-05  1.05979587e-05 -2.64548924e-05]","[ 0.00000000e+00  1.63678229e-02  1.75607586e+01  1.55457246e+00
 -1.08947849e+00 -8.26430559e-01 -1.65658903e+00 -1.30367028e-02]"
1747093052.706516,"[ 0.00000000e+00 -2.33182124e-01  1.05722142e+00  2.97558744e+00
 -1.84972810e+00 -1.37951744e-04  9.60009452e-01  1.57092389e+00]","[ 0.00000000e+00  7.94775760e-04  1.64759457e-01 -4.49733161e-05
  2.48219580e-01 -8.46556558e-05  1.05819570e-05 -2.64551545e-05]","[ 0.00000000e+00 -8.50757062e-02  1.75146122e+01  1.44134748e+00
 -1.21903682e+00 -8.17244947e-01 -1.65946651e+00 -2.04495294e-03]"
1747093052.7088783,"[ 0.00000000e+00 -2.33184787e-01  1.05754560e+00  2.97558690e+00
 -1.84923728e+00 -1.37951744e-04  9.60009452e-01  1.57092389e+00]","[ 0.00000000e+00 -2.64925248e-04  1.63408968e-01 -5.02647924e-05
  2.49317202e-01 -8.46564929e-05  1.06059783e-05 -2.64548924e-05]","[ 0.00000000e+00 -1.96792737e-01  1.74146118e+01  1.38961101e+00
 -1.36032534e+00 -8.25374782e-01 -1.67489982e+00  9.58121475e-03]"
1747093052.7105951,"[ 0.00000000e+00 -2.33185852e-01  1.05788262e+00  2.97558690e+00
 -1.84872675e+00 -1.37951744e-04  9.60009452e-01  1.57092389e+00]","[ 0.00000000e+00 -3.55502910e-04  1.64052870e-01 -5.02647924e-05
  2.49013085e-01 -8.46564929e-05  1.05819570e-05 -2.64349338e-05]","[ 0.00000000e+00 -2.76089370e-01  1.72948990e+01  1.32454109e+00
 -1.49890149e+00 -7.90692449e-01 -1.68508065e+00 -2.16679345e-03]"
1747093052.7125666,"[ 0.00000000e+00 -2.33184787e-01  1.05820959e+00  2.97558690e+00
 -1.84823167e+00 -1.37951744e-04  9.60009452e-01  1.57092389e+00]","[ 0.00000000e+00 -3.01988489e-04  1.65839851e-01 -5.02642966e-05
  2.52000952e-01 -8.46556558e-05  1.05899522e-05 -2.64548924e-05]","[ 0.00000000e+00 -3.56803477e-01  1.71525383e+01  1.31130183e+00
 -1.54555571e+00 -7.82222509e-01 -1.70145833e+00 -2.46263202e-03]"
1747093052.7148373,"[ 0.00000000e+00 -2.33185320e-01  1.05855027e+00  2.97558690e+00
 -1.84771741e+00 -1.39017009e-04  9.60009452e-01  1.57092389e+00]","[ 0.00000000e+00 -4.01229535e-04  1.66380040e-01 -5.02647924e-05
  2.50768458e-01 -9.52385514e-05  1.05820616e-05 -2.64351959e-05]","[ 0.         -0.4595615  17.03039551  1.26080382 -1.57979202 -0.77637982
 -1.682266    0.01775904]"
1747093052.716563,"[ 0.00000000e+00 -2.33186385e-01  1.05887678e+00  2.97558690e+00
 -1.84722552e+00 -1.39017009e-04  9.60009452e-01  1.57092389e+00]","[ 0.00000000e+00 -4.25510074e-04  1.66548968e-01 -5.02647924e-05
  2.48219580e-01 -9.52376087e-05  1.05899522e-05 -2.64548924e-05]","[ 0.00000000e+00 -5.20739555e-01  1.69673290e+01  1.18658602e+00
 -1.50180399e+00 -7.87625611e-01 -1.66707897e+00  1.53356949e-02]"
1747093052.7188044,"[ 0.00000000e+00 -2.33186385e-01  1.05921566e+00  2.97558637e+00
 -1.84671500e+00 -1.39017009e-04  9.60009452e-01  1.57092389e+00]","[ 0.00000000e+00 -2.42105546e-04  1.65839851e-01 -5.55552731e-05
  2.49317202e-01 -9.51657631e-05  1.05819570e-05 -2.64349338e-05]","[ 0.00000000e+00 -6.22598767e-01  1.69396019e+01  1.14745808e+00
 -1.36968994e+00 -7.97864974e-01 -1.65639138e+00 -6.52198633e-03]"
1747093052.7211092,"[ 0.00000000e+00 -2.33186385e-01  1.05954350e+00  2.97558637e+00
 -1.84622311e+00 -1.39017009e-04  9.60010451e-01  1.57092389e+00]","[ 0.00000000e+00 -4.80932043e-05  1.66650135e-01 -5.02642966e-05
  2.49317202e-01 -8.46556558e-05  1.85325998e-05 -2.64349338e-05]","[ 0.00000000e+00 -7.14784801e-01  1.68597946e+01  1.10379910e+00
 -1.26399636e+00 -8.10293019e-01 -1.59683609e+00 -7.05786236e-03]"
1747093052.722866,"[ 0.00000000e+00 -2.33186918e-01  1.05988192e+00  2.97558637e+00
 -1.84570752e+00 -1.39017009e-04  9.60010451e-01  1.57092389e+00]","[ 0.00000000e+00 -8.83157386e-05  1.64759457e-01 -5.02637927e-05
  2.52022308e-01 -8.46564929e-05  1.85184257e-05 -2.64351959e-05]","[ 0.00000000e+00 -8.05628777e-01  1.66937866e+01  1.08370888e+00
 -1.17415631e+00 -7.94978559e-01 -1.59108496e+00 -7.07027595e-03]"
1747093052.7245264,"[ 0.00000000e+00 -2.33187450e-01  1.06020523e+00  2.97558637e+00
 -1.84521191e+00 -1.39017009e-04  9.60010451e-01  1.57092389e+00]","[ 0.00000000e+00 -1.63283943e-04  1.63949173e-01 -5.02642966e-05
  2.51190652e-01 -8.46556558e-05  1.85324169e-05 -2.64548924e-05]","[ 0.00000000e+00 -9.01883364e-01  1.65872345e+01  1.06825328e+00
 -1.15187061e+00 -7.76373625e-01 -1.60206985e+00 -4.88392822e-03]"
1747093052.7262475,"[ 0.00000000e+00 -2.33187450e-01  1.06037927e+00  2.97558637e+00
 -1.84496450e+00 -1.39017009e-04  9.60010451e-01  1.57092389e+00]","[ 0.00000000e+00 -1.51811950e-04  1.64002570e-01 -5.02642966e-05
  2.50920558e-01 -8.45917913e-05  1.85184257e-05 -2.64548924e-05]","[ 0.00000000e+00 -9.18260455e-01  1.64869194e+01  1.06670403e+00
 -1.10207236e+00 -7.72978365e-01 -1.59932613e+00 -1.70817785e-03]"
1747093052.7279403,"[ 0.00000000e+00 -2.33187983e-01  1.06069838e+00  2.97558637e+00
 -1.84445104e+00 -1.39017009e-04  9.60010451e-01  1.57092389e+00]","[ 0.00000000e+00 -2.11698030e-04  1.60814999e-01 -5.02642966e-05
  2.50396498e-01 -8.46564929e-05  1.85184257e-05 -2.64351959e-05]","[ 0.         -0.94222003 16.46126556  1.03438938 -1.03881192 -0.75930792
 -1.58452225 -0.01680545]"
1747093052.7296174,"[ 0.00000000e+00 -2.33189048e-01  1.06102395e+00  2.97558637e+00
 -1.84395463e+00 -1.39017009e-04  9.60010451e-01  1.57092389e+00]","[ 0.00000000e+00 -2.49637217e-04  1.58587115e-01 -4.49737631e-05
  2.53081330e-01 -8.46564929e-05  1.85324169e-05 -2.64548924e-05]","[ 0.         -0.98975086 16.4910965   0.99245191 -1.00064135 -0.7459625
 -1.58279753 -0.02328055]"
1747093052.731885,"[ 0.00000000e+00 -2.33190113e-01  1.06133481e+00  2.97558584e+00
 -1.84343132e+00 -1.39017009e-04  9.60010451e-01  1.57092389e+00]","[ 0.00000000e+00 -2.78617039e-04  1.57466823e-01 -5.02642966e-05
  2.56052403e-01 -8.46556558e-05  1.85184257e-05 -2.64349338e-05]","[ 0.00000000e+00 -9.99149680e-01  1.65427570e+01  9.85730171e-01
 -9.53990281e-01 -7.52048969e-01 -1.59726739e+00 -5.22225304e-03]"
1747093052.733686,"[ 0.00000000e+00 -2.33191179e-01  1.06165212e+00  2.97558584e+00
 -1.84292532e+00 -1.39549641e-04  9.60010451e-01  1.57092389e+00]","[ 0.00000000e+00 -3.03076802e-04  1.54473363e-01 -4.76547840e-05
  2.56592608e-01 -8.98796712e-05  1.85182388e-05 -2.64551545e-05]","[ 0.00000000e+00 -1.03488159e+00  1.66003151e+01  9.45138633e-01
 -9.37867284e-01 -7.79453397e-01 -1.59937298e+00 -3.34961154e-03]"
1747093052.7354903,"[ 0.00000000e+00 -2.33192244e-01  1.06195286e+00  2.97558584e+00
 -1.84240121e+00 -1.39549641e-04  9.60010451e-01  1.57092389e+00]","[ 0.00000000e+00 -3.22277277e-04  1.51254584e-01 -4.23602275e-05
  2.55782308e-01 -8.99475262e-05  1.85184257e-05 -2.64349338e-05]","[ 0.         -1.04442704 16.69801331  0.93546414 -1.00434589 -0.78985107
 -1.59402132 -0.01726555]"
1747093052.737259,"[ 0.00000000e+00 -2.33193309e-01  1.06226425e+00  2.97558557e+00
 -1.84190320e+00 -1.39549641e-04  9.60010451e-01  1.57092389e+00]","[ 0.00000000e+00 -3.39391305e-04  1.52875167e-01 -3.97123214e-05
  2.51730841e-01 -8.98787772e-05  1.85324169e-05 -2.64548924e-05]","[ 0.         -1.05368507 16.78930855  0.95812404 -1.05698347 -0.7728501
 -1.59434426 -0.02578905]"
1747093052.7389615,"[ 0.00000000e+00 -2.33193309e-01  1.06241579e+00  2.97558557e+00
 -1.84163528e+00 -1.39549641e-04  9.60010451e-01  1.57092389e+00]","[ 0.00000000e+00 -3.26567886e-04  1.53685467e-01 -3.70648338e-05
  2.52273077e-01 -8.98787772e-05  1.85186086e-05 -2.64349338e-05]","[ 0.         -1.07937074 16.86527252  0.96566772 -1.05090439 -0.76846808
 -1.58172715 -0.02460862]"
1747093052.7407908,"[ 0.00000000e+00 -2.33194375e-01  1.06272338e+00  2.97558584e+00
 -1.84113567e+00 -1.39549641e-04  9.60010451e-01  1.57092389e+00]","[ 0.00000000e+00 -3.53009285e-04  1.56545203e-01 -2.91003827e-05
  2.53351425e-01 -8.99475262e-05  1.85184257e-05 -2.64351959e-05]","[ 0.00000000e+00 -1.08569849e+00  1.70329227e+01  9.51860905e-01
 -1.06334472e+00 -7.59999633e-01 -1.60277236e+00 -1.40208602e-02]"
1747093052.7425582,"[ 0.00000000e+00 -2.33195972e-01  1.06304809e+00  2.97558557e+00
 -1.84061689e+00 -1.39549641e-04  9.60010451e-01  1.57092389e+00]","[ 0.00000000e+00 -3.83964761e-04  1.58817312e-01 -2.64748795e-05
  2.53276140e-01 -8.98787772e-05  1.85184257e-05 -2.64349338e-05]","[ 0.00000000e+00 -1.09547102e+00  1.71043243e+01  9.80099738e-01
 -1.08140802e+00 -7.36731827e-01 -1.63067830e+00  2.90758768e-03]"
1747093052.744912,"[ 0.00000000e+00 -2.33197038e-01  1.06336400e+00  2.97558557e+00
 -1.84011808e+00 -1.39549641e-04  9.60010451e-01  1.57092389e+00]","[ 0.00000000e+00 -3.92909985e-04  1.60707990e-01 -2.11639139e-05
  2.53081330e-01 -8.99466322e-05  1.85186086e-05 -1.85186086e-05]","[ 0.00000000e+00 -1.05672812e+00  1.71870155e+01  9.95464206e-01
 -1.09379101e+00 -7.46927202e-01 -1.64366245e+00 -9.74365044e-03]"
1747093052.746744,"[ 0.00000000e+00 -2.33198103e-01  1.06369597e+00  2.97558557e+00
 -1.83962273e+00 -1.39549641e-04  9.60010451e-01  1.57092389e+00]","[ 0.00000000e+00 -4.01659178e-04  1.63138873e-01 -1.85324169e-05
  2.50920558e-01 -8.98796712e-05  1.85186086e-05 -1.85046377e-05]","[ 0.         -1.02214551 17.25509834  0.98671073 -1.08253813 -0.7701354
 -1.64243197 -0.03004059]"
1747093052.7485142,"[ 0.00000000e+00 -2.33198636e-01  1.06401648e+00  2.97558557e+00
 -1.83910981e+00 -1.40614906e-04  9.60010451e-01  1.57092389e+00]","[ 0.00000000e+00 -3.89191735e-04  1.62598684e-01 -1.32274462e-05
  2.50920558e-01 -1.00528593e-04  1.85184257e-05 -1.85184257e-05]","[ 0.         -0.98529762 17.26957893  1.00954127 -1.08365691 -0.78022498
 -1.63656318 -0.01761129]"
1747093052.7514014,"[ 0.00000000e+00 -2.33199168e-01  1.06418685e+00  2.97558504e+00
 -1.83886320e+00 -1.40614906e-04  9.60010451e-01  1.57092389e+00]","[ 0.00000000e+00 -3.90058140e-04  1.60491808e-01 -1.85184257e-05
  2.50110258e-01 -1.00452749e-04  1.85184257e-05 -1.85184257e-05]","[ 0.         -0.98789507 17.25392723  0.99455959 -1.09614789 -0.78168827
 -1.63542259 -0.02318996]"
1747093052.7525568,"[ 0.00000000e+00 -2.33199701e-01  1.06465431e+00  2.97558504e+00
 -1.83810233e+00 -1.40614906e-04  9.60010451e-01  1.57092389e+00]","[ 0.00000000e+00 -3.78289907e-04  1.58656407e-01 -1.32474486e-05
  2.50920558e-01 -1.00529585e-04  1.85184257e-05 -1.85186086e-05]","[ 0.00000000e+00 -9.27154779e-01  1.73061428e+01  1.04713571e+00
 -1.07427967e+00 -7.80110180e-01 -1.62929702e+00 -2.71631218e-03]"
1747093052.7543275,"[ 0.00000000e+00 -2.33200233e-01  1.06482422e+00  2.97558504e+00
 -1.83785519e+00 -1.40614906e-04  9.60010451e-01  1.57092389e+00]","[ 0.00000000e+00 -3.93421519e-04  1.60141070e-01 -1.32574726e-05
  2.50650463e-01 -1.00453749e-04  1.85324169e-05 -1.85184257e-05]","[ 0.00000000e+00 -8.87985706e-01  1.72726784e+01  1.08014345e+00
 -1.10416567e+00 -7.87789583e-01 -1.62913013e+00 -1.65863056e-02]"
1747093052.756053,"[ 0.00000000e+00 -2.33200233e-01  1.06514060e+00  2.97558504e+00
 -1.83734573e+00 -1.40614906e-04  9.60010451e-01  1.57092389e+00]","[ 0.00000000e+00 -3.82701515e-04  1.60167801e-01 -7.94846874e-06
  2.49013085e-01 -1.00452749e-04  1.85184257e-05 -1.85044548e-05]","[ 0.00000000e+00 -8.74567926e-01  1.72414322e+01  1.10050237e+00
 -1.09328187e+00 -7.81873643e-01 -1.63889098e+00 -1.43549601e-02]"
1747093052.7577126,"[ 0.00000000e+00 -2.33200233e-01  1.06545971e+00  2.97558504e+00
 -1.83685464e+00 -1.40614906e-04  9.60010451e-01  1.57092283e+00]","[ 0.00000000e+00 -3.72550262e-04  1.62598684e-01 -7.95448397e-06
  2.48507734e-01 -1.00453749e-04  1.85324169e-05 -2.91006692e-05]","[ 0.00000000e+00 -8.35845292e-01  1.72293034e+01  1.12568820e+00
 -1.06864858e+00 -7.67975330e-01 -1.64149511e+00 -1.58107858e-02]"
1747093052.7600005,"[ 0.00000000e+00 -2.33200766e-01  1.06579221e+00  2.97558504e+00
 -1.83634837e+00 -1.41680170e-04  9.60010451e-01  1.57092283e+00]","[ 0.00000000e+00 -3.66667608e-04  1.62058479e-01 -7.95448397e-06
  2.47257696e-01 -1.05820618e-04  1.85184257e-05 -2.90784288e-05]","[ 0.         -0.79519564 17.16539764  1.18240881 -1.12703013 -0.78029835
 -1.61395442 -0.04236034]"
1747093052.761685,"[ 0.00000000e+00 -2.33200766e-01  1.06611312e+00  2.97558504e+00
 -1.83585889e+00 -1.41680170e-04  9.60011383e-01  1.57092283e+00]","[ 0.00000000e+00 -3.53096344e-04  1.62058479e-01 -7.95448397e-06
  2.48219580e-01 -1.05739735e-04  2.91003827e-05 -2.91003827e-05]","[ 0.         -0.71789217 17.09531784  1.24065745 -1.16751289 -0.80313694
 -1.57852495 -0.05451577]"
1747093052.763944,"[ 0.00000000e+00 -2.33200766e-01  1.06644242e+00  2.97558504e+00
 -1.83536940e+00 -1.41680170e-04  9.60011383e-01  1.57092283e+00]","[ 0.00000000e+00 -3.45089404e-04  1.59897707e-01 -7.95448397e-06
  2.47679391e-01 -1.05820618e-04  2.91003827e-05 -2.90784288e-05]","[ 0.         -0.63014239 17.00156593  1.24387419 -1.22623849 -0.81260145
 -1.58374023 -0.05397692]"
1747093052.765682,"[ 0.00000000e+00 -2.33200766e-01  1.06675141e+00  2.97558504e+00
 -1.83485993e+00 -1.41680170e-04  9.60011383e-01  1.57092283e+00]","[ 0.00000000e+00 -3.23254083e-04  1.55958159e-01 -7.94846874e-06
  2.49047374e-01 -1.05740783e-04  2.91003827e-05 -2.91006692e-05]","[ 0.         -0.57604963 16.93988609  1.27357733 -1.28228486 -0.84293801
 -1.5930059  -0.04715794]"
1747093052.7673557,"[ 0.00000000e+00 -2.33200233e-01  1.06706966e+00  2.97558504e+00
 -1.83437045e+00 -1.42745434e-04  9.60011383e-01  1.57092283e+00]","[ 0.00000000e+00 -3.10323903e-04  1.55727213e-01 -7.95456321e-06
  2.47409280e-01 -1.16401531e-04  2.91003827e-05 -2.90784288e-05]","[ 0.         -0.5163421  16.94599342  1.32488406 -1.32933986 -0.86310208
 -1.60916746 -0.04119648]"
1747093052.7696528,"[ 0.00000000e+00 -2.33200233e-01  1.06722299e+00  2.97558504e+00
 -1.83412677e+00 -1.42745434e-04  9.60011383e-01  1.57092283e+00]","[ 0.00000000e+00 -3.02524502e-04  1.55576145e-01 -7.94846874e-06
  2.46888782e-01 -1.16401531e-04  2.91003827e-05 -2.91003827e-05]","[ 0.         -0.46307233 16.98517799  1.35681176 -1.30332267 -0.85131472
 -1.62005281 -0.03980476]"
1747093052.771414,"[ 0.00000000e+00 -2.33200233e-01  1.06753205e+00  2.97558504e+00
 -1.83362103e+00 -1.42745434e-04  9.60011383e-01  1.57092283e+00]","[ 0.00000000e+00 -2.77820399e-04  1.57466823e-01 -7.95448397e-06
  2.47158610e-01 -1.05740783e-04  2.91006692e-05 -2.90787152e-05]","[ 0.         -0.38352135 16.98529816  1.38189828 -1.24797583 -0.84301406
 -1.60011506 -0.026753  ]"
1747093052.773058,"[ 0.00000000e+00 -2.33200233e-01  1.06785576e+00  2.97558504e+00
 -1.83313208e+00 -1.42745434e-04  9.60011383e-01  1.57092283e+00]","[ 0.00000000e+00 -2.52103762e-04  1.58116751e-01 -7.94854798e-06
  2.47409280e-01 -1.05819570e-04  2.91003827e-05 -2.90784288e-05]","[ 0.         -0.29538631 17.00321198  1.42100787 -1.18889928 -0.84898353
 -1.57447147 -0.0296401 ]"
1747093052.7747426,"[ 0.00000000e+00 -2.33200233e-01  1.06817081e+00  2.97558557e+00
 -1.83262288e+00 -1.43810699e-04  9.60011383e-01  1.57092283e+00]","[ 0.00000000e+00 -2.27302213e-04  1.60167801e-01 -7.95448397e-06
  2.49029880e-01 -1.05819570e-04  2.91003827e-05 -2.90784288e-05]","[ 0.         -0.2026857  16.97114182  1.47032142 -1.14803267 -0.86475962
 -1.59029973 -0.0365668 ]"
1747093052.7770066,"[ 0.00000000e+00 -2.33200233e-01  1.06849632e+00  2.97558557e+00
 -1.83213339e+00 -1.43810699e-04  9.60011383e-01  1.57092283e+00]","[ 0.00000000e+00 -2.01683007e-04  1.58736435e-01 -7.94846874e-06
  2.47679391e-01 -1.05819570e-04  2.91003827e-05 -2.91006692e-05]","[ 0.         -0.11687244 16.87513351  1.51854205 -1.15900362 -0.85830277
 -1.59321547 -0.01777646]"
1747093052.7787395,"[ 0.00000000e+00 -2.33200233e-01  1.06880218e+00  2.97558557e+00
 -1.83163005e+00 -1.43810699e-04  9.60011383e-01  1.57092283e+00]","[ 0.00000000e+00 -1.76790610e-04  1.53529755e-01 -1.32574726e-05
  2.44438224e-01 -9.52385514e-05  2.91006692e-05 -2.11479478e-05]","[ 0.         -0.01747481 16.84367371  1.54917228 -1.1938678  -0.86249065
 -1.57509053 -0.02752854]"
1747093052.7804844,"[ 0.00000000e+00 -2.33199701e-01  1.06911164e+00  2.97558557e+00
 -1.83114695e+00 -1.43810699e-04  9.60011383e-01  1.57092283e+00]","[ 0.00000000e+00 -1.51262251e-04  1.49959538e-01 -1.32474486e-05
  2.45269846e-01 -9.53816248e-05  2.91003827e-05 -2.11639139e-05]","[ 0.          0.05137517 16.82839775  1.59784544 -1.23275363 -0.89153099
 -1.56958961 -0.04188933]"
1747093052.7822945,"[ 0.00000000e+00 -2.33199168e-01  1.06925951e+00  2.97558557e+00
 -1.83090514e+00 -1.43810699e-04  9.60011383e-01  1.57092283e+00]","[ 0.00000000e+00 -1.26279007e-04  1.49904095e-01 -1.32474486e-05
  2.45497496e-01 -9.00826511e-05  2.90787152e-05 -2.11639139e-05]","[ 0.          0.09702197 16.83344078  1.61781347 -1.21878028 -0.90203112
 -1.58548868 -0.0542137 ]"
1747093052.7840583,"[ 0.00000000e+00 -2.33199168e-01  1.06955705e+00  2.97558557e+00
 -1.83039994e+00 -1.44343331e-04  9.60011383e-01  1.57092283e+00]","[ 0.00000000e+00 -8.82384072e-05  1.44442634e-01 -1.85604623e-05
  2.47679391e-01 -9.53816248e-05  2.91003827e-05 -2.11481571e-05]","[ 0.          0.19395716 16.87890434  1.62497473 -1.21847296 -0.89304507
 -1.58320117 -0.05290733]"
1747093052.7858467,"[ 0.00000000e+00 -2.33199168e-01  1.06983628e+00  2.97558584e+00
 -1.82988968e+00 -1.44343331e-04  9.60012315e-01  1.57092283e+00]","[ 0.00000000e+00 -6.31395037e-05  1.40578204e-01 -1.59088095e-05
  2.49013085e-01 -9.53806739e-05  3.70368514e-05 -2.11641232e-05]","[ 0.          0.29049551 16.9727993   1.66451275 -1.24730229 -0.89030743
 -1.57095194 -0.06062274]"
1747093052.787651,"[ 0.00000000e+00 -2.33198103e-01  1.07012737e+00  2.97558584e+00
 -1.82940125e+00 -1.44343331e-04  9.60012315e-01  1.57092283e+00]","[ 0.00000000e+00 -1.26051879e-05  1.41433411e-01 -1.59089679e-05
  2.47139185e-01 -8.47836692e-05  3.70368514e-05 -2.11479478e-05]","[ 0.          0.34930587 17.05109787  1.71293569 -1.32648778 -0.90947598
 -1.57040274 -0.05959583]"
1747093052.7894807,"[ 0.00000000e+00 -2.33198103e-01  1.07026792e+00  2.97558584e+00
 -1.82915731e+00 -1.45408596e-04  9.60012315e-01  1.57092189e+00]","[ 0.00000000e+00  0.00000000e+00  1.42611461e-01 -1.58969375e-05
  2.47158610e-01 -9.53816248e-05  2.91006692e-05 -2.91003827e-05]","[ 0.          0.37857988 17.13531494  1.74427104 -1.37362897 -0.90772623
 -1.58514178 -0.05406515]"
1747093052.7905715,"[ 0.00000000e+00 -2.33198103e-01  1.07054755e+00  2.97558584e+00
 -1.82865823e+00 -1.45408596e-04  9.60012315e-01  1.57092189e+00]","[ 0.00000000e+00  0.00000000e+00  1.41531083e-01 -1.59089679e-05
  2.43496181e-01 -8.47828240e-05  2.91006692e-05 -2.91006692e-05]","[ 0.          0.42173901 17.18143082  1.78525305 -1.41760552 -0.93817228
 -1.60624492 -0.06468045]"
1747093052.7929864,"[ 0.00000000e+00 -2.33198103e-01  1.07083637e+00  2.97558637e+00
 -1.82817700e+00 -1.45408596e-04  9.60012315e-01  1.57092189e+00]","[ 0.00000000e+00  0.00000000e+00  1.39640388e-01 -1.06058726e-05
  2.44438224e-01 -8.47836692e-05  2.91003827e-05 -2.91003827e-05]","[ 0.          0.46928632 17.27043533  1.84801543 -1.4321034  -0.93857819
 -1.60036409 -0.08814792]"
1747093052.7940903,"[ 0.00000000e+00 -2.33197570e-01  1.07097139e+00  2.97558637e+00
 -1.82793678e+00 -1.46473860e-04  9.60012315e-01  1.57092189e+00]","[ 0.00000000e+00  1.12700161e-05  1.36939419e-01 -1.05979587e-05
  2.43627924e-01 -9.53816248e-05  2.90784288e-05 -2.91003827e-05]","[ 0.          0.50382304 17.27362251  1.86934316 -1.44738448 -0.94924128
 -1.59247422 -0.06789199]"
1747093052.795844,"[ 0.00000000e+00 -2.33197038e-01  1.07126847e+00  2.97558637e+00
 -1.82743717e+00 -1.46473860e-04  9.60012315e-01  1.57092189e+00]","[ 0.00000000e+00  2.16367636e-05  1.34254902e-01 -1.06059783e-05
  2.43334527e-01 -9.53816248e-05  2.91006692e-05 -2.91006692e-05]","[ 0.          0.54884815 17.28758621  1.89720833 -1.49540317 -0.96982855
 -1.59578216 -0.06203225]"
1747093052.7975686,"[ 0.00000000e+00 -2.33197038e-01  1.07151368e+00  2.97558637e+00
 -1.82694049e+00 -1.47539124e-04  9.60012315e-01  1.57092189e+00]","[ 0.00000000e+00  3.24558047e-05  1.35451552e-01 -1.06060839e-05
  2.42493101e-01 -1.05980645e-04  2.91223691e-05 -2.91006692e-05]","[ 0.          0.5709098  17.38868523  1.9212811  -1.520401   -0.98079354
 -1.63039386 -0.06341178]"
1747093052.7992485,"[ 0.00000000e+00 -2.33197038e-01  1.07180756e+00  2.97558690e+00
 -1.82646645e+00 -1.48071757e-04  9.60012315e-01  1.57092189e+00]","[ 0.00000000e+00  4.23598089e-05  1.33596794e-01 -5.30298914e-06
  2.39306363e-01 -1.00680607e-04  2.91003827e-05 -2.90784288e-05]","[ 0.          0.61962372 17.4624176   1.95630884 -1.54615593 -1.00182033
 -1.61971593 -0.069151  ]"
1747093052.801027,"[ 0.00000000e+00 -2.33197038e-01  1.07193798e+00  2.97558690e+00
 -1.82623182e+00 -1.48071757e-04  9.60012315e-01  1.57092189e+00]","[ 0.00000000e+00  4.15453536e-05  1.32347763e-01 -5.30298914e-06
  2.37714774e-01 -1.00680607e-04  2.91006692e-05 -2.91443860e-05]","[ 0.          0.62735307 17.50787926  1.97897351 -1.58075583 -1.01005065
 -1.62470365 -0.06332745]"
1747093052.8036618,"[ 0.00000000e+00 -2.33196505e-01  1.07219831e+00  2.97558690e+00
 -1.82574367e+00 -1.48071757e-04  9.60012315e-01  1.57092189e+00]","[ 0.00000000e+00  5.09510635e-05  1.32347763e-01 -5.30298914e-06
  2.39483879e-01 -1.00756792e-04  2.91006692e-05 -2.91443860e-05]","[ 0.          0.64774865 17.54592705  2.00120044 -1.6148299  -1.01436591
 -1.64232421 -0.07252558]"
1747093052.8047872,"[ 0.00000000e+00 -2.33195972e-01  1.07247062e+00  2.97558744e+00
 -1.82527202e+00 -1.49137021e-04  9.60012315e-01  1.57092189e+00]","[ 0.00000000e+00  7.00108055e-05  1.33023140e-01  0.00000000e+00
  2.38496079e-01 -1.11278562e-04  2.91003827e-05 -2.91440955e-05]","[ 0.          0.67775577 17.56414795  2.06057239 -1.62535334 -0.99371535
 -1.62411225 -0.06472851]"
1747093052.8064492,"[ 0.00000000e+00 -2.33195972e-01  1.07274020e+00  2.97558744e+00
 -1.82478493e+00 -1.49137021e-04  9.60012315e-01  1.57092189e+00]","[ 0.00000000e+00  6.87394078e-05  1.36939419e-01  0.00000000e+00
  2.37504867e-01 -1.11362770e-04  2.91003827e-05 -2.11799045e-05]","[ 0.          0.72465348 17.51572418  2.09005857 -1.66704035 -0.98481309
 -1.60828233 -0.08111527]"
1747093052.8076847,"[ 0.00000000e+00 -2.33195972e-01  1.07288714e+00  2.97558770e+00
 -1.82455110e+00 -1.49137021e-04  9.60012315e-01  1.57092189e+00]","[ 0.00000000e+00  7.85593267e-05  1.38424189e-01  2.65149457e-06
  2.37145590e-01 -1.11278562e-04  2.91443860e-05 -2.11959173e-05]","[ 0.          0.71204644 17.49300957  2.10598969 -1.6751672  -0.9791618
 -1.59717715 -0.09514972]"
1747093052.8094075,"[ 0.00000000e+00 -2.33195440e-01  1.07315805e+00  2.97558770e+00
 -1.82408931e+00 -1.50202285e-04  9.60012315e-01  1.57092189e+00]","[ 0.00000000e+00  8.51621099e-05  1.36399221e-01  7.94846874e-06
  2.32824029e-01 -1.21968747e-04  2.91006692e-05 -2.11959173e-05]","[ 0.          0.71457446 17.44300842  2.10325146 -1.63690162 -0.99427336
 -1.60666311 -0.0975425 ]"
1747093052.8105717,"[ 0.00000000e+00 -2.33194907e-01  1.07329214e+00  2.97558770e+00
 -1.82386108e+00 -1.50202285e-04  9.60012315e-01  1.57092096e+00]","[ 0.00000000e+00  9.46245647e-05  1.35991200e-01  7.95440473e-06
  2.31473540e-01 -1.21967536e-04  2.91443860e-05 -2.91223691e-05]","[ 0.          0.71457058 17.37495995  2.1217308  -1.59743571 -0.99297029
 -1.60316718 -0.08769453]"
1747093052.812992,"[ 0.00000000e+00 -2.33194375e-01  1.07356950e+00  2.97558770e+00
 -1.82338890e+00 -1.51267550e-04  9.60012315e-01  1.57092096e+00]","[ 0.00000000e+00  1.00432902e-04  1.35048741e-01  7.95448397e-06
  2.30663240e-01 -1.32474482e-04  2.91443860e-05 -2.91443860e-05]","[ 0.          0.72872156 17.28643036  2.10086608 -1.52081156 -1.01039147
 -1.57340825 -0.08244789]"
1747093052.8141649,"[ 0.00000000e+00 -2.33194375e-01  1.07370313e+00  2.97558770e+00
 -1.82316253e+00 -1.51267550e-04  9.60012315e-01  1.57092096e+00]","[ 0.00000000e+00  1.00563915e-04  1.35588930e-01  7.95448397e-06
  2.29582862e-01 -1.32574732e-04  2.91443860e-05 -2.91443860e-05]","[ 0.          0.71794915 17.28737831  2.07953382 -1.46473885 -1.02094591
 -1.55325818 -0.07121234]"
1747093052.8159494,"[ 0.00000000e+00 -2.33193842e-01  1.07383535e+00  2.97558770e+00
 -1.82269328e+00 -1.51267550e-04  9.60013247e-01  1.57092096e+00]","[ 0.00000000e+00  1.07878521e-04  1.33968346e-01  7.95448397e-06
  2.29202379e-01 -1.21968747e-04  3.70928568e-05 -2.91446766e-05]","[ 0.          0.72819024 17.19530678  2.05230546 -1.37589419 -1.01163626
 -1.5493747  -0.08731627]"
1747093052.8171027,"[ 0.00000000e+00 -2.33193842e-01  1.07410487e+00  2.97558824e+00
 -1.82224241e+00 -1.52332814e-04  9.60013247e-01  1.57092096e+00]","[ 0.00000000e+00  1.05978881e-04  1.30594729e-01  1.85606472e-05
  2.28540767e-01 -1.32574732e-04  3.70928568e-05 -2.91443860e-05]","[ 0.          0.76362389 17.09767342  2.04276085 -1.32835281 -1.00838542
 -1.54072678 -0.11139835]"
1747093052.8188305,"[ 0.00000000e+00 -2.33193309e-01  1.07423163e+00  2.97558824e+00
 -1.82201844e+00 -1.52332814e-04  9.60013247e-01  1.57092096e+00]","[ 0.00000000e+00  1.23644089e-04  1.28566399e-01  1.85604623e-05
  2.27151978e-01 -1.32574732e-04  3.70928568e-05 -2.91443860e-05]","[ 0.          0.75696909 17.07672119  2.02104068 -1.3773402  -1.00910354
 -1.52343583 -0.09557164]"
1747093052.820494,"[ 0.00000000e+00 -2.33193309e-01  1.07449109e+00  2.97558824e+00
 -1.82155718e+00 -1.52332814e-04  9.60013247e-01  1.57092096e+00]","[ 0.00000000e+00  1.21806160e-04  1.25885769e-01  1.85604623e-05
  2.24939308e-01 -1.32474482e-04  3.70932266e-05 -2.91443860e-05]","[ 0.          0.75197273 16.95889282  2.01216507 -1.48541236 -1.01372516
 -1.51147187 -0.07461976]"
1747093052.821682,"[ 0.00000000e+00 -2.33193309e-01  1.07461273e+00  2.97558824e+00
 -1.82133560e+00 -1.52865447e-04  9.60013247e-01  1.57092096e+00]","[ 0.00000000e+00  1.19729149e-04  1.23434545e-01  1.85462435e-05
  2.24721095e-01 -1.37876339e-04  2.64948971e-05 -2.91443860e-05]","[ 0.          0.7575323  16.8570137   1.98363781 -1.52256274 -1.00333929
 -1.51147187 -0.06398179]"
1747093052.8234463,"[ 0.00000000e+00 -2.33192244e-01  1.07485202e+00  2.97558824e+00
 -1.82088047e+00 -1.52865447e-04  9.60013247e-01  1.57092096e+00]","[ 0.00000000e+00  1.34698670e-04  1.20881065e-01  1.85604623e-05
  2.21428545e-01 -1.37876339e-04  2.64948971e-05 -2.91440955e-05]","[ 0.          0.7606914  16.75690079  1.96322691 -1.57563674 -1.02085698
 -1.51823592 -0.07677629]"
1747093052.8251312,"[ 0.00000000e+00 -2.33192244e-01  1.07497872e+00  2.97558877e+00
 -1.82066369e+00 -1.52865447e-04  9.60013247e-01  1.57092096e+00]","[ 0.00000000e+00  1.32474977e-04  1.19365785e-01  2.38634509e-05
  2.19859344e-01 -1.37773464e-04  2.64948971e-05 -2.91443860e-05]","[ 0.          0.76959634 16.78316689  1.95371413 -1.64476705 -1.02502656
 -1.52190745 -0.0832006 ]"
1747093052.8268566,"[ 0.00000000e+00 -2.33191711e-01  1.07521334e+00  2.97558877e+00
 -1.82023199e+00 -1.53930711e-04  9.60013247e-01  1.57092096e+00]","[ 0.00000000e+00  1.38629856e-04  1.18842890e-01  2.38454062e-05
  2.19049061e-01 -1.48483698e-04  2.65149452e-05 -2.91664395e-05]","[ 0.          0.77059221 16.76194382  1.91907001 -1.71929145 -1.03733289
 -1.54529107 -0.10439003]"
1747093052.82806,"[ 0.00000000e+00 -2.33191711e-01  1.07532865e+00  2.97558877e+00
 -1.82001681e+00 -1.53930711e-04  9.60013247e-01  1.57092003e+00]","[ 0.00000000e+00  1.38627726e-04  1.16952203e-01  2.38634509e-05
  2.18238761e-01 -1.48371427e-04  2.64948971e-05 -3.70928568e-05]","[ 0.          0.77452797 16.72426987  1.88541889 -1.71029782 -1.0342052
 -1.5399456  -0.10656041]"
1747093052.8297935,"[ 0.00000000e+00 -2.33191179e-01  1.07556375e+00  2.97558877e+00
 -1.81957312e+00 -1.54995975e-04  9.60013247e-01  1.57092003e+00]","[ 0.00000000e+00  1.44433934e-04  1.14521328e-01  2.38632132e-05
  2.16077989e-01 -1.58967798e-04  2.64948971e-05 -3.70928568e-05]","[ 0.          0.74782199 16.73117447  1.8899591  -1.70868301 -1.03099883
 -1.51307881 -0.09750514]"
1747093052.8310041,"[ 0.00000000e+00 -2.33191179e-01  1.07567487e+00  2.97558877e+00
 -1.81936193e+00 -1.54995975e-04  9.60013247e-01  1.57092003e+00]","[ 0.00000000e+00  1.44599488e-04  1.12516534e-01  2.91443860e-05
  2.14187294e-01 -1.59089675e-04  2.64948971e-05 -3.70648338e-05]","[ 0.          0.75178081 16.76074791  1.90487897 -1.72786474 -1.02582181
 -1.50180149 -0.09405944]"
1747093052.83266,"[ 0.00000000e+00 -2.33190646e-01  1.07590536e+00  2.97558930e+00
 -1.81892518e+00 -1.54995975e-04  9.60013247e-01  1.57092003e+00]","[ 0.00000000e+00  1.50228797e-04  1.13347340e-01  3.44694302e-05
  2.13153189e-01 -1.53670393e-04  2.64948971e-05 -3.70928568e-05]","[ 0.          0.7580089  16.73871613  1.9411478  -1.76691186 -1.00972474
 -1.50979626 -0.08170772]"
1747093052.833901,"[ 0.00000000e+00 -2.33190646e-01  1.07601741e+00  2.97558930e+00
 -1.81871825e+00 -1.56061240e-04  9.60014246e-01  1.57092003e+00]","[ 0.00000000e+00  1.48061630e-04  1.13711036e-01  3.44690848e-05
  2.09865733e-01 -1.64392656e-04  3.70932266e-05 -3.70928568e-05]","[ 0.          0.75659096 16.67348289  1.93537545 -1.79358673 -1.00105941
 -1.51776946 -0.07677985]"
1747093052.8355784,"[ 0.00000000e+00 -2.33190113e-01  1.07623599e+00  2.97558930e+00
 -1.81831265e+00 -1.56061240e-04  9.60014246e-01  1.57092003e+00]","[ 0.00000000e+00  1.45954004e-04  1.09929672e-01  3.44430205e-05
  2.04463793e-01 -1.64266715e-04  3.70928568e-05 -3.70932266e-05]","[ 0.          0.72556692 16.62647057  1.92223585 -1.8212415  -0.99987733
 -1.49839187 -0.07726258]"
1747093052.8373587,"[ 0.00000000e+00 -2.33189581e-01  1.07645597e+00  2.97558957e+00
 -1.81790039e+00 -1.56061240e-04  9.60014246e-01  1.57092003e+00]","[ 0.00000000e+00  1.51318118e-04  1.06256074e-01  3.97724188e-05
  2.01288556e-01 -1.64392656e-04  3.70928568e-05 -3.70928568e-05]","[ 0.          0.69901299 16.51759911  1.91023719 -1.81509912 -1.01023304
 -1.489797   -0.08016919]"
1747093052.8385098,"[ 0.00000000e+00 -2.33189581e-01  1.07655877e+00  2.97558957e+00
 -1.81770252e+00 -1.57126504e-04  9.60014246e-01  1.57092003e+00]","[ 0.00000000e+00  1.48910968e-04  1.04151994e-01  3.97724188e-05
  2.00682421e-01 -1.74998649e-04  3.71209245e-05 -3.70928568e-05]","[ 0.          0.69886971 16.50131416  1.92234862 -1.79251742 -1.02551842
 -1.48660064 -0.08159556]"
1747093052.8402958,"[ 0.00000000e+00 -2.33189048e-01  1.07676084e+00  2.97558957e+00
 -1.81729692e+00 -1.57126504e-04  9.60014246e-01  1.57092003e+00]","[ 0.00000000e+00  1.54390409e-04  1.01556652e-01  3.70648338e-05
  1.97104014e-01 -1.74864581e-04  3.70928568e-05 -3.70928568e-05]","[ 0.          0.63765651 16.46533966  1.91764641 -1.74168551 -1.02984405
 -1.48528361 -0.0907361 ]"
1747093052.8430424,"[ 0.00000000e+00 -2.33188516e-01  1.07686643e+00  2.97559010e+00
 -1.81710171e+00 -1.57659137e-04  9.60014246e-01  1.57092003e+00]","[ 0.00000000e+00  1.59407811e-04  9.93043086e-02  4.50072964e-05
  1.97981443e-01 -1.80299842e-04  3.70928568e-05 -3.70932266e-05]","[ 0.          0.62098235 16.4342289   1.93265986 -1.68619955 -1.04025269
 -1.48533094 -0.08584889]"
1747093052.8468006,"[ 0.00000000e+00 -2.33187450e-01  1.07724620e+00  2.97559010e+00
 -1.81629317e+00 -1.58724401e-04  9.60014246e-01  1.57091910e+00]","[ 0.00000000e+00  1.67004257e-04  9.26434348e-02  4.50072964e-05
  2.01222626e-01 -1.90619136e-04  3.70924870e-05 -4.76908124e-05]","[ 0.          0.62701428 16.46615219  1.93566251 -1.63947272 -1.03727198
 -1.48880088 -0.10450204]"
1747093052.8511121,"[ 0.00000000e+00 -2.33186918e-01  1.07768522e+00  2.97559010e+00
 -1.81529475e+00 -1.58724401e-04  9.60014246e-01  1.57091910e+00]","[ 0.00000000e+00  1.67490190e-04  8.22520548e-02  5.03022715e-05
  1.97780857e-01 -1.80030974e-04  3.71209245e-05 -4.76908124e-05]","[ 0.          0.56649059 16.66353416  1.91772497 -1.78964996 -1.03661358
 -1.51953983 -0.07808705]"
1747093052.8554132,"[ 0.00000000e+00 -2.33186918e-01  1.07801072e+00  2.97559063e+00
 -1.81449794e+00 -1.59789665e-04  9.60014246e-01  1.57091910e+00]","[ 0.00000000e+00  1.65282321e-04  8.02459039e-02  5.55977993e-05
  1.99331932e-01 -1.90619136e-04  3.71209245e-05 -4.76908124e-05]","[ 0.          0.5506382  16.95860481  1.88917339 -1.91177678 -1.02518487
 -1.51829457 -0.09693649]"
1747093052.8578131,"[ 0.00000000e+00 -2.33186918e-01  1.07825687e+00  2.97559063e+00
 -1.81389553e+00 -1.60854930e-04  9.60014246e-01  1.57091910e+00]","[ 0.00000000e+00  1.63129914e-04  8.31900202e-02  5.55972507e-05
  1.97104014e-01 -2.01209086e-04  3.70928568e-05 -3.70928568e-05]","[ 0.          0.51012331 17.08513069  1.86562371 -2.01619124 -1.02133393
 -1.54880393 -0.09172361]"
1747093052.8613696,"[ 0.00000000e+00 -2.33186918e-01  1.07850760e+00  2.97559063e+00
 -1.81327448e+00 -1.60854930e-04  9.60014246e-01  1.57091910e+00]","[ 0.00000000e+00  1.61329403e-04  8.34601230e-02  5.55552731e-05
  1.93923751e-01 -1.90477103e-04  2.91443860e-05 -3.70368514e-05]","[ 0.          0.49209812 17.18672752  1.83296072 -2.06260276 -0.99689031
 -1.57567883 -0.09963041]"
1747093052.8643034,"[ 0.00000000e+00 -2.33186918e-01  1.07876154e+00  2.97559063e+00
 -1.81273705e+00 -1.61387562e-04  9.60015178e-01  1.57091910e+00]","[ 0.00000000e+00  1.54878097e-04  8.29199257e-02  5.55558217e-05
  1.90688826e-01 -1.95766202e-04  3.71209245e-05 -3.70368514e-05]","[ 0.          0.46391982 17.19911766  1.77392578 -1.96028566 -0.99747986
 -1.5511657  -0.10310774]"
1747093052.8693063,"[ 0.00000000e+00 -2.33186918e-01  1.07901866e+00  2.97559063e+00
 -1.81212293e+00 -1.61387562e-04  9.60015178e-01  1.57091910e+00]","[ 0.00000000e+00  1.46539317e-04  8.47597373e-02  5.55552731e-05
  1.93389787e-01 -1.95914119e-04  3.71209245e-05 -3.70368514e-05]","[ 0.          0.38775477 17.21088219  1.72883868 -1.7994175  -1.02480435
 -1.52163446 -0.10921779]"
1747093052.8701062,"[ 0.00000000e+00 -2.33186385e-01  1.07927493e+00  2.97559063e+00
 -1.81153544e+00 -1.61387562e-04  9.60015178e-01  1.57091817e+00]","[ 0.00000000e+00  1.51264039e-04  8.52612771e-02  5.55552731e-05
  1.92910068e-01 -1.85184249e-04  3.71209245e-05 -4.76188043e-05]","[ 0.          0.36140791 17.08342552  1.71872258 -1.71253312 -1.0001539
 -1.49962687 -0.10710856]"
1747093052.872444,"[ 0.00000000e+00 -2.33186385e-01  1.07944064e+00  2.97559063e+00
 -1.81115674e+00 -1.61387562e-04  9.60015178e-01  1.57091817e+00]","[ 0.00000000e+00  1.49386741e-04  8.31900202e-02  5.55552731e-05
  1.91574909e-01 -1.85324169e-04  3.71209245e-05 -4.76192757e-05]","[ 0.          0.35638005 17.00680923  1.69097161 -1.64580834 -0.99082345
 -1.52646267 -0.07630867]"
1747093052.874835,"[ 0.00000000e+00 -2.33186385e-01  1.07968818e+00  2.97559063e+00
 -1.81058256e+00 -1.62452826e-04  9.60015178e-01  1.57091817e+00]","[ 0.00000000e+00  1.36936252e-04  8.04966738e-02  5.02642966e-05
  1.86907453e-01 -1.95768136e-04  3.71209245e-05 -4.76192757e-05]","[ 0.          0.2681464  16.89395714  1.6582135  -1.5145824  -0.98666984
 -1.51815295 -0.0866639 ]"
1747093052.8772552,"[ 0.00000000e+00 -2.33185852e-01  1.07983652e+00  2.97559063e+00
 -1.81021611e+00 -1.62452826e-04  9.60015178e-01  1.57091817e+00]","[ 0.00000000e+00  1.41529847e-04  7.31964166e-02  5.02642966e-05
  1.86556465e-01 -1.85324169e-04  3.71209245e-05 -4.76188043e-05]","[ 0.          0.24915661 16.85658073  1.65300524 -1.38137913 -0.97785515
 -1.48652148 -0.09819943]"
1747093052.8796227,"[ 0.00000000e+00 -2.33185852e-01  1.07997887e+00  2.97559063e+00
 -1.80983155e+00 -1.63518091e-04  9.60016110e-01  1.57091817e+00]","[ 0.00000000e+00  1.39937412e-04  6.87105590e-02  5.02642966e-05
  1.88528036e-01 -1.95766202e-04  4.77264263e-05 -4.76188043e-05]","[ 0.          0.24493498 16.90483284  1.67359316 -1.30378318 -0.99430472
 -1.47042906 -0.10115736]"
1747093052.8819778,"[ 0.00000000e+00 -2.33185852e-01  1.08017215e+00  2.97559063e+00
 -1.80945870e+00 -1.63518091e-04  9.60016110e-01  1.57091817e+00]","[ 0.00000000e+00  1.38377275e-04  6.42831993e-02  5.03027714e-05
  1.87987848e-01 -1.95768136e-04  4.77269018e-05 -4.76188043e-05]","[ 0.          0.215681   16.97049332  1.67469311 -1.3152709  -1.01001871
 -1.48802423 -0.0881631 ]"
1747093052.884305,"[ 0.00000000e+00 -2.33185852e-01  1.08037235e+00  2.97559063e+00
 -1.80888506e+00 -1.64583355e-04  9.60016110e-01  1.57091817e+00]","[ 0.00000000e+00  1.26237534e-04  6.86047607e-02  5.02642966e-05
  1.89608431e-01 -2.01057187e-04  4.77264263e-05 -4.76188043e-05]","[ 0.          0.15575702 17.04243279  1.6439209  -1.49673235 -1.01008463
 -1.53336525 -0.07375421]"
1747093052.8867104,"[ 0.00000000e+00 -2.33185852e-01  1.08051703e+00  2.97559063e+00
 -1.80850050e+00 -1.64583355e-04  9.60016110e-01  1.57091817e+00]","[ 0.00000000e+00  1.24952823e-04  7.09007135e-02  4.76188043e-05
  1.86571728e-01 -2.01059170e-04  3.71209245e-05 -4.75828816e-05]","[ 0.          0.16143163 17.01893425  1.66484809 -1.70017612 -0.97349483
 -1.54692733 -0.07384181]"
1747093052.8890207,"[ 0.00000000e+00 -2.33185320e-01  1.08065704e+00  2.97559063e+00
 -1.80813724e+00 -1.64583355e-04  9.60016110e-01  1.57091817e+00]","[ 0.00000000e+00  1.29366732e-04  7.13057304e-02  4.76188043e-05
  1.83126081e-01 -2.01057187e-04  3.71209245e-05 -4.76188043e-05]","[ 0.          0.16404203 17.01096916  1.69127512 -1.85670197 -0.96817726
 -1.54358923 -0.0907593 ]"
1747093052.890681,"[ 0.00000000e+00 -2.33185320e-01  1.08080585e+00  2.97559063e+00
 -1.80777825e+00 -1.64583355e-04  9.60016110e-01  1.57091817e+00]","[ 0.00000000e+00  1.27975066e-04  7.32243882e-02  4.76188043e-05
  1.81505497e-01 -1.90475217e-04  3.70648338e-05 -3.70089097e-05]","[ 0.          0.12755322 17.00121307  1.68228877 -1.89462507 -0.97148854
 -1.55744708 -0.09250709]"
1747093052.8928955,"[ 0.00000000e+00 -2.33185320e-01  1.08094819e+00  2.97559063e+00
 -1.80740754e+00 -1.64583355e-04  9.60016110e-01  1.57091817e+00]","[ 0.00000000e+00  1.26610285e-04  7.17731318e-02  4.76188043e-05
  1.80965308e-01 -1.90477103e-04  3.70648338e-05 -3.70372172e-05]","[ 0.          0.09526566 17.0638485   1.6504519  -1.84505343 -0.97476757
 -1.54637909 -0.09574106]"
1747093052.8939514,"[ 0.00000000e+00 -2.33185320e-01  1.08101936e+00  2.97559063e+00
 -1.80722857e+00 -1.65648620e-04  9.60016110e-01  1.57091817e+00]","[ 0.00000000e+00  1.26611659e-04  7.21892424e-02  4.22963142e-05
  1.81505497e-01 -2.01059170e-04  3.70648338e-05 -3.70092754e-05]","[ 0.          0.09292646 17.06929779  1.63984311 -1.78636682 -0.98355603
 -1.5358547  -0.09632976]"
1747093052.8963027,"[ 0.00000000e+00 -2.33185320e-01  1.08117276e+00  2.97559063e+00
 -1.80685893e+00 -1.65648620e-04  9.60016110e-01  1.57091817e+00]","[ 0.00000000e+00  1.19581297e-04  7.58973946e-02  4.23278279e-05
  1.80553284e-01 -1.90475217e-04  3.70648338e-05 -3.70368514e-05]","[ 0.          0.04623471 17.07517815  1.64110267 -1.64971888 -0.97524387
 -1.52330971 -0.0879238 ]"
1747093052.897888,"[ 0.00000000e+00 -2.33184787e-01  1.08132103e+00  2.97559063e+00
 -1.80650206e+00 -1.65648620e-04  9.60016110e-01  1.57091723e+00]","[ 0.00000000e+00  1.19485500e-04  7.50870946e-02  4.23278279e-05
  1.80425119e-01 -1.79893264e-04  3.70372172e-05 -4.76188043e-05]","[ 0.00000000e+00  1.13624902e-02  1.70106258e+01  1.63217843e+00
 -1.58941817e+00 -9.87898469e-01 -1.50189078e+00 -9.49895456e-02]"
1747093052.8996696,"[ 0.00000000e+00 -2.33184787e-01  1.08147350e+00  2.97559063e+00
 -1.80613242e+00 -1.66181252e-04  9.60016110e-01  1.57091723e+00]","[ 0.00000000e+00  1.18335167e-04  7.45469056e-02  4.23282464e-05
  1.79550221e-01 -1.85184249e-04  3.70648338e-05 -4.76192757e-05]","[ 0.00000000e+00  6.29206747e-03  1.69397297e+01  1.61818445e+00
 -1.53026438e+00 -9.70324397e-01 -1.50319970e+00 -1.07827857e-01]"
1747093052.9014394,"[ 0.00000000e+00 -2.33184787e-01  1.08154700e+00  2.97559063e+00
 -1.80595665e+00 -1.66181252e-04  9.60016110e-01  1.57091723e+00]","[ 0.00000000e+00  1.17019159e-04  7.44713717e-02  3.70368514e-05
  1.78264330e-01 -1.80030974e-04  3.70648338e-05 -4.76188043e-05]","[ 0.         -0.03427421 16.8883934   1.61278081 -1.5638963  -0.95489699
 -1.48987484 -0.09390292]"
1747093052.906955,"[ 0.00000000e+00 -2.33184787e-01  1.08169348e+00  2.97559063e+00
 -1.80560458e+00 -1.66181252e-04  9.60016110e-01  1.57091723e+00]","[ 0.00000000e+00  1.15824385e-04  7.02253442e-02  3.70368514e-05
  1.78623358e-01 -1.79893264e-04  3.70648338e-05 -4.75828816e-05]","[ 0.         -0.08270013 16.76515961  1.59071612 -1.53960884 -0.97411549
 -1.46943665 -0.08923487]"
1747093052.908662,"[ 0.00000000e+00 -2.33184255e-01  1.08206998e+00  2.97559063e+00
 -1.80453399e+00 -1.66181252e-04  9.60016110e-01  1.57091723e+00]","[ 0.00000000e+00  1.13419080e-04  5.45596902e-02  2.91003827e-05
  1.76540999e-01 -1.69439236e-04  3.70648338e-05 -4.76192757e-05]","[ 0.         -0.09394491 16.72780609  1.51765919 -1.54233551 -0.9733696
 -1.47366273 -0.07520035]"
1747093052.9104552,"[ 0.00000000e+00 -2.33184255e-01  1.08212371e+00  2.97559063e+00
 -1.80435982e+00 -1.66181252e-04  9.60016110e-01  1.57091723e+00]","[ 0.00000000e+00  1.08018173e-04  5.06552298e-02  2.91223691e-05
  1.76464766e-01 -1.58849285e-04  3.70368514e-05 -4.75828816e-05]","[ 0.         -0.09664401 16.76374054  1.49127066 -1.54311085 -0.96879876
 -1.46151412 -0.0807733 ]"
1747093052.9116702,"[ 0.00000000e+00 -2.33184255e-01  1.08221419e+00  2.97559063e+00
 -1.80401094e+00 -1.66181252e-04  9.60016110e-01  1.57091723e+00]","[ 0.00000000e+00  1.02695362e-04  4.48817004e-02  2.91006692e-05
  1.76643747e-01 -1.58730919e-04  3.70651995e-05 -3.70372172e-05]","[ 0.         -0.12555391 16.9114666   1.455639   -1.61989295 -0.95423502
 -1.46666396 -0.09305566]"
1747093052.9134076,"[ 0.00000000e+00 -2.33184255e-01  1.08230008e+00  2.97559063e+00
 -1.80365088e+00 -1.67246516e-04  9.60016110e-01  1.57091723e+00]","[ 0.00000000e+00  1.01600425e-04  4.06244918e-02  2.90784288e-05
  1.76103558e-01 -1.58850846e-04  3.70368514e-05 -3.70089097e-05]","[ 0.         -0.11439263 17.12914658  1.43914199 -1.69181955 -0.95563769
 -1.51216817 -0.08362718]"
1747093052.9145973,"[ 0.00000000e+00 -2.33184255e-01  1.08233723e+00  2.97559063e+00
 -1.80347671e+00 -1.67246516e-04  9.60016110e-01  1.57091723e+00]","[ 0.00000000e+00  1.00604543e-04  3.78136459e-02  2.91003827e-05
  1.76464766e-01 -1.58729359e-04  3.70368514e-05 -3.70089097e-05]","[ 0.         -0.10875655 17.23090935  1.43776441 -1.78860307 -0.94842136
 -1.52977264 -0.08577354]"
1747093052.9163709,"[ 0.00000000e+00 -2.33184255e-01  1.08240567e+00  2.97559063e+00
 -1.80311292e+00 -1.67246516e-04  9.60016110e-01  1.57091723e+00]","[ 0.00000000e+00  9.52385514e-05  3.40322817e-02  2.91003827e-05
  1.77183952e-01 -1.58729359e-04  2.91223691e-05 -3.70368514e-05]","[ 0.         -0.14756389 17.44231606  1.44340587 -1.93274927 -0.94007403
 -1.53086758 -0.07198656]"
1747093052.917535,"[ 0.00000000e+00 -2.33184255e-01  1.08243916e+00  2.97559063e+00
 -1.80293822e+00 -1.67246516e-04  9.60016110e-01  1.57091723e+00]","[ 0.00000000e+00  9.52376087e-05  3.15968251e-02  2.90787152e-05
  1.77183952e-01 -1.48147406e-04  2.91006692e-05 -3.70089097e-05]","[ 0.         -0.13450037 17.53565598  1.43466318 -1.96813285 -0.93007582
 -1.549124   -0.07642441]"
1747093052.91985,"[ 0.00000000e+00 -2.33184255e-01  1.08250028e+00  2.97559063e+00
 -1.80259574e+00 -1.67246516e-04  9.60016110e-01  1.57091617e+00]","[ 0.00000000e+00  9.00145929e-05  3.13313079e-02  2.38096379e-05
  1.72862391e-01 -1.48148869e-04  2.91223691e-05 -4.76192757e-05]","[ 0.         -0.1720172  17.75257874  1.44919538 -2.12936783 -0.91829604
 -1.56796145 -0.07784474]"
1747093052.920951,"[ 0.00000000e+00 -2.33183722e-01  1.08253191e+00  2.97559063e+00
 -1.80241464e+00 -1.67246516e-04  9.60016110e-01  1.57091617e+00]","[ 0.00000000e+00  9.53095680e-05  3.21415997e-02  2.38096379e-05
  1.70522554e-01 -1.48147406e-04  2.91223691e-05 -4.76192757e-05]","[ 0.         -0.15229796 17.87130737  1.45976114 -2.20540762 -0.92832202
 -1.56991839 -0.09957839]"
1747093052.9227293,"[ 0.00000000e+00 -2.33183722e-01  1.08260355e+00  2.97559063e+00
 -1.80207855e+00 -1.67246516e-04  9.60016110e-01  1.57091617e+00]","[ 0.00000000e+00  9.53095680e-05  3.58598885e-02  2.38096379e-05
  1.69989006e-01 -1.42857835e-04  2.91003827e-05 -4.75828816e-05]","[ 0.         -0.1850927  18.0446949   1.46151972 -2.3002727  -0.93005675
 -1.61085033 -0.08799502]"
1747093052.9244633,"[ 0.00000000e+00 -2.33183722e-01  1.08264123e+00  2.97559063e+00
 -1.80191237e+00 -1.67246516e-04  9.60016110e-01  1.57091617e+00]","[ 0.00000000e+00  9.00136989e-05  3.83149818e-02  2.38096379e-05
  1.68540829e-01 -1.42856421e-04  2.91006692e-05 -4.75828816e-05]","[ 0.         -0.19241375 18.07314873  1.4447794  -2.30048442 -0.91817534
 -1.61829221 -0.0832541 ]"
1747093052.9256346,"[ 0.00000000e+00 -2.33183722e-01  1.08272019e+00  2.97559063e+00
 -1.80157362e+00 -1.68311781e-04  9.60016110e-01  1.57091617e+00]","[ 0.00000000e+00  8.47196178e-05  3.99744266e-02  1.85184257e-05
  1.63501030e-01 -1.53439886e-04  2.91003827e-05 -4.76192757e-05]","[ 0.         -0.20634668 18.12166977  1.42024601 -2.31282067 -0.92187786
 -1.62931144 -0.07804445]"
1747093052.9279761,"[ 0.00000000e+00 -2.33183722e-01  1.08280468e+00  2.97559063e+00
 -1.80125191e+00 -1.68311781e-04  9.60016110e-01  1.57091617e+00]","[ 0.00000000e+00  7.94246427e-05  4.16275631e-02  1.85184257e-05
  1.62433935e-01 -1.42856421e-04  2.91003827e-05 -4.75828816e-05]","[ 0.         -0.191599   18.09803963  1.43599284 -2.19545174 -0.92704475
 -1.61428344 -0.08332676]"
1747093052.9291043,"[ 0.00000000e+00 -2.33183722e-01  1.08284603e+00  2.97559063e+00
 -1.80109105e+00 -1.68311781e-04  9.60016110e-01  1.57091617e+00]","[ 0.00000000e+00  7.94246427e-05  4.18651087e-02  1.85184257e-05
  1.63138873e-01 -1.42964352e-04  2.91226556e-05 -3.70368514e-05]","[ 0.         -0.23916517 18.04441643  1.43777275 -2.09844184 -0.93293709
 -1.6173079  -0.0752791 ]"
1747093052.930953,"[ 0.00000000e+00 -2.33183722e-01  1.08293511e+00  2.97559063e+00
 -1.80076082e+00 -1.68311781e-04  9.60016110e-01  1.57091617e+00]","[ 0.00000000e+00  7.41296676e-05  4.61398734e-02  1.85046377e-05
  1.60437895e-01 -1.32275769e-04  2.91006692e-05 -3.70092754e-05]","[ 0.         -0.30255651 17.99162102  1.46268165 -1.89276636 -0.96833092
 -1.56754935 -0.0797611 ]"
1747093052.9342005,"[ 0.00000000e+00 -2.33183722e-01  1.08298744e+00  2.97559063e+00
 -1.80060263e+00 -1.68311781e-04  9.60016110e-01  1.57091617e+00]","[ 0.00000000e+00  7.41296676e-05  4.91506186e-02  1.85184257e-05
  1.60437895e-01 -1.32275769e-04  2.91006692e-05 -3.70372172e-05]","[ 0.         -0.30030984 17.91077805  1.49938321 -1.79409015 -0.95926547
 -1.55989659 -0.08021469]"
1747093052.9383576,"[ 0.00000000e+00 -2.33183722e-01  1.08330476e+00  2.97559063e+00
 -1.79965774e+00 -1.69377045e-04  9.60017109e-01  1.57091617e+00]","[ 0.00000000e+00  6.35397134e-05  5.53699820e-02  1.32275773e-05
  1.58817312e-01 -1.32375710e-04  2.91006692e-05 -3.70372172e-05]","[ 0.         -0.37896657 17.30442238  1.54297185 -1.1668216  -0.94317758
 -1.47518301 -0.08169118]"
1747093052.942671,"[ 0.00000000e+00 -2.33183722e-01  1.08358852e+00  2.97559063e+00
 -1.79883003e+00 -1.69377045e-04  9.60017109e-01  1.57091617e+00]","[ 0.00000000e+00  4.77264263e-05  5.53138808e-02  5.29897933e-06
  1.66510252e-01 -1.16490622e-04  2.91006692e-05 -3.70089097e-05]","[ 0.         -0.37775931 16.79130554  1.50191951 -1.06142688 -0.95187259
 -1.48017263 -0.0753274 ]"
1747093052.9473677,"[ 0.00000000e+00 -2.33183722e-01  1.08382274e+00  2.97559063e+00
 -1.79815252e+00 -1.70442310e-04  9.60017109e-01  1.57091617e+00]","[ 0.00000000e+00  3.71209245e-05  5.84290511e-02  5.29897933e-06
  1.67513332e-01 -1.16665758e-04  2.91006692e-05 -2.90784288e-05]","[ 0.         -0.28610665 16.64988327  1.48496604 -1.3828721  -0.92582721
 -1.51019323 -0.08656011]"
1747093052.9504323,"[ 0.00000000e+00 -2.33183722e-01  1.08398806e+00  2.97559063e+00
 -1.79765770e+00 -1.70442310e-04  9.60017109e-01  1.57091617e+00]","[ 0.00000000e+00  3.18176189e-05  5.50998833e-02  5.29897933e-06
  1.66920246e-01 -1.16665758e-04  2.91003827e-05 -2.91006692e-05]","[ 0.         -0.23882271 16.72096443  1.42982352 -1.56250596 -0.92398858
 -1.52330995 -0.05720619]"
1747093052.953376,"[ 0.00000000e+00 -2.33183722e-01  1.08415377e+00  2.97559063e+00
 -1.79716555e+00 -1.70442310e-04  9.60017109e-01  1.57091617e+00]","[ 0.00000000e+00  3.18179359e-05  5.40194971e-02  5.29897933e-06
  1.60437895e-01 -1.06059781e-04  2.91223691e-05 -2.91003827e-05]","[ 0.         -0.26613536 16.9124279   1.37211978 -1.6778326  -0.90287364
 -1.52173579 -0.05678522]"
1747093052.9562635,"[ 0.00000000e+00 -2.33183722e-01  1.08430258e+00  2.97559063e+00
 -1.79667926e+00 -1.70442310e-04  9.60017109e-01  1.57091617e+00]","[ 0.00000000e+00  3.18179359e-05  4.58906265e-02  0.00000000e+00
  1.60978101e-01 -1.05979589e-04  2.91006692e-05 -2.91006692e-05]","[ 0.         -0.2039817  17.01063347  1.34965384 -1.76312315 -0.9104504
 -1.52493131 -0.06619196]"
1747093052.9586036,"[ 0.00000000e+00 -2.33183722e-01  1.08438567e+00  2.97559063e+00
 -1.79636181e+00 -1.70442310e-04  9.60017109e-01  1.57091617e+00]","[ 0.00000000e+00  3.18179359e-05  4.10548170e-02  0.00000000e+00
  1.60275343e-01 -9.54528527e-05  2.91223691e-05 -2.91003827e-05]","[ 0.         -0.20722654 17.0567646   1.33295131 -1.8192625  -0.9206292
 -1.53335965 -0.05637903]"
1747093052.9607453,"[ 0.00000000e+00 -2.33183722e-01  1.08450371e+00  2.97559063e+00
 -1.79588191e+00 -1.70442310e-04  9.60017109e-01  1.57091617e+00]","[ 0.00000000e+00  3.18182529e-05  3.86239376e-02  0.00000000e+00
  1.56656540e-01 -9.54538036e-05  2.91006692e-05 -2.91003827e-05]","[ 0.         -0.19844745 17.13935661  1.2644273  -1.93891227 -0.90563285
 -1.56444871 -0.05511528]"
1747093052.9629934,"[ 0.00000000e+00 -2.33183722e-01  1.08457535e+00  2.97559063e+00
 -1.79557724e+00 -1.70442310e-04  9.60017109e-01  1.57091617e+00]","[ 0.00000000e+00  3.18179359e-05  3.59229638e-02  0.00000000e+00
  1.53955562e-01 -9.53825757e-05  1.85184257e-05 -2.91440955e-05]","[ 0.         -0.18341312 17.18609238  1.2451421  -2.0102272  -0.90211338
 -1.60004687 -0.07650725]"
1747093052.965212,"[ 0.00000000e+00 -2.33183722e-01  1.08464373e+00  2.97559063e+00
 -1.79526672e+00 -1.70442310e-04  9.60017109e-01  1.57091617e+00]","[ 0.00000000e+00  3.18179359e-05  3.21415997e-02  0.00000000e+00
  1.51254584e-01 -9.01508150e-05  1.85184257e-05 -2.91443860e-05]","[ 0.         -0.17927831 17.19102287  1.27521586 -2.01180482 -0.89221877
 -1.60034215 -0.07190258]"
1747093052.9669454,"[ 0.00000000e+00 -2.33183722e-01  1.08470345e+00  2.97559063e+00
 -1.79497643e+00 -1.70974942e-04  9.60017109e-01  1.57091617e+00]","[ 0.00000000e+00  3.18179359e-05  2.97107224e-02  0.00000000e+00
  1.45312439e-01 -9.53816248e-05  1.85186086e-05 -2.91664395e-05]","[ 0.         -0.22912021 17.28992462  1.27473783 -1.94162035 -0.90160668
 -1.57638347 -0.05833865]"
1747093052.968691,"[ 0.00000000e+00 -2.33183722e-01  1.08476543e+00  2.97559063e+00
 -1.79468455e+00 -1.70974942e-04  9.60017109e-01  1.57091617e+00]","[ 0.00000000e+00  2.65149452e-05  3.08223737e-02  0.00000000e+00
  1.42436491e-01 -9.53816248e-05  1.85184257e-05 -2.11957060e-05]","[ 0.         -0.24861991 17.377985    1.26482165 -1.78538716 -0.89652461
 -1.58218181 -0.05617304]"
1747093052.9710953,"[ 0.00000000e+00 -2.33183722e-01  1.08483021e+00  2.97559063e+00
 -1.79440066e+00 -1.70974942e-04  9.60017109e-01  1.57091617e+00]","[ 0.00000000e+00  2.64948971e-05  3.34920866e-02  0.00000000e+00
  1.44772250e-01 -9.53816248e-05  1.85184257e-05 -2.11959173e-05]","[ 0.         -0.28936601 17.51095009  1.26096773 -1.61260331 -0.91608775
 -1.55320799 -0.07349569]"
1747093052.9728777,"[ 0.00000000e+00 -2.33183722e-01  1.08490552e+00  2.97559063e+00
 -1.79410025e+00 -1.70974942e-04  9.60017109e-01  1.57091617e+00]","[ 0.00000000e+00  2.65149452e-05  3.72734528e-02  0.00000000e+00
  1.47451856e-01 -9.53816248e-05  1.85186086e-05 -2.11959173e-05]","[ 0.         -0.3159349  17.52813721  1.30343664 -1.47422421 -0.90759861
 -1.54584622 -0.05530592]"
1747093052.9746609,"[ 0.00000000e+00 -2.33183722e-01  1.08498401e+00  2.97559063e+00
 -1.79380997e+00 -1.70974942e-04  9.60017109e-01  1.57091617e+00]","[ 0.00000000e+00  2.65149452e-05  3.51282557e-02  0.00000000e+00
  1.46933022e-01 -8.47836692e-05  1.85184257e-05 -2.11959173e-05]","[ 0.         -0.37562257 17.53083801  1.32009435 -1.40988338 -0.93112451
 -1.53314018 -0.05773089]"
1747093052.9764988,"[ 0.00000000e+00 -2.33183722e-01  1.08504833e+00  2.97559063e+00
 -1.79350530e+00 -1.70974942e-04  9.60017109e-01  1.57091617e+00]","[ 0.00000000e+00  2.12119566e-05  3.16014045e-02  0.00000000e+00
  1.49317400e-01 -8.47836692e-05  1.85184257e-05 -2.11959173e-05]","[ 0.         -0.40159699 17.53116035  1.34067667 -1.42585146 -0.93119174
 -1.54828084 -0.07531119]"
1747093052.978301,"[ 0.00000000e+00 -2.33183722e-01  1.08510891e+00  2.97559063e+00
 -1.79321023e+00 -1.72040206e-04  9.60017109e-01  1.57091617e+00]","[ 0.00000000e+00  2.11959173e-05  3.07911127e-02  0.00000000e+00
  1.49634000e-01 -8.47836692e-05  1.85186086e-05 -2.11959173e-05]","[ 0.         -0.41635877 17.59137344  1.3984555  -1.50250602 -0.92511314
 -1.56262839 -0.06624915]"
1747093052.9801006,"[ 0.00000000e+00 -2.33183722e-01  1.08514107e+00  2.97559063e+00
 -1.79306322e+00 -1.72040206e-04  9.60017109e-01  1.57091617e+00]","[ 0.00000000e+00  2.12119566e-05  3.03429839e-02  0.00000000e+00
  1.49093811e-01 -8.47836692e-05  1.05820616e-05 -2.12119566e-05]","[ 0.         -0.41237286 17.65268135  1.40536225 -1.53145576 -0.92383665
 -1.56216967 -0.06917296]"
1747093052.9818842,"[ 0.00000000e+00 -2.33183722e-01  1.08520306e+00  2.97559063e+00
 -1.79276122e+00 -1.72040206e-04  9.60017109e-01  1.57091617e+00]","[ 0.00000000e+00  2.12119566e-05  3.21415997e-02  0.00000000e+00
  1.45852644e-01 -8.48469811e-05  1.05739739e-05 -2.11961286e-05]","[ 0.         -0.35948959 17.81700516  1.44557142 -1.56863415 -0.92558968
 -1.57045579 -0.0796729 ]"
1747093052.9836876,"[ 0.00000000e+00 -2.33183722e-01  1.08527696e+00  2.97559063e+00
 -1.79247519e+00 -1.72040206e-04  9.60017109e-01  1.57091524e+00]","[ 0.00000000e+00  2.11959173e-05  3.71137339e-02  0.00000000e+00
  1.44232044e-01 -8.47836692e-05  1.05819570e-05 -2.91443860e-05]","[ 0.         -0.38804039 17.95612907  1.49529541 -1.63605833 -0.93762386
 -1.59268081 -0.08370719]"
1747093052.9854705,"[ 0.00000000e+00 -2.33183722e-01  1.08534906e+00  2.97559063e+00
 -1.79218225e+00 -1.72040206e-04  9.60017109e-01  1.57091524e+00]","[ 0.00000000e+00  2.12119566e-05  3.67332556e-02  0.00000000e+00
  1.43691855e-01 -7.42418490e-05  1.05740785e-05 -2.91664395e-05]","[ 0.         -0.37582058 18.04962921  1.53667319 -1.66608942 -0.92513442
 -1.61494243 -0.07139021]"
1747093052.9872363,"[ 0.00000000e+00 -2.33183722e-01  1.08538628e+00  2.97559063e+00
 -1.79204216e+00 -1.73105471e-04  9.60017109e-01  1.57091524e+00]","[ 0.00000000e+00  2.11959173e-05  3.78136459e-02  0.00000000e+00
  1.42071272e-01 -8.47836692e-05  1.05819570e-05 -2.91664395e-05]","[ 0.         -0.37423602 18.07106781  1.53907144 -1.67063975 -0.92252225
 -1.6219281  -0.07087084]"
1747093052.9890807,"[ 0.00000000e+00 -2.33183722e-01  1.08546751e+00  2.97559063e+00
 -1.79175241e+00 -1.73105471e-04  9.60017109e-01  1.57091524e+00]","[ 0.00000000e+00  1.59089679e-05  4.12830416e-02  0.00000000e+00
  1.41300353e-01 -8.48478263e-05  1.05979587e-05 -2.91443860e-05]","[ 0.         -0.36147365 18.06894684  1.54463887 -1.71446037 -0.93707991
 -1.60592341 -0.04806883]"
1747093052.9902263,"[ 0.00000000e+00 -2.33183722e-01  1.08555433e+00  2.97559063e+00
 -1.79147597e+00 -1.73105471e-04  9.60017109e-01  1.57091524e+00]","[ 0.00000000e+00  1.58969375e-05  4.51062798e-02  0.00000000e+00
  1.39768736e-01 -8.47836692e-05  1.05979587e-05 -2.91664395e-05]","[ 0.         -0.33986369 18.04636002  1.55926859 -1.7546711  -0.93567371
 -1.61420679 -0.05106316]"
1747093052.9919431,"[ 0.00000000e+00 -2.33183722e-01  1.08555433e+00  2.97559063e+00
 -1.79133856e+00 -1.73105471e-04  9.60017109e-01  1.57091524e+00]","[ 0.00000000e+00  1.58969375e-05  4.51062798e-02  0.00000000e+00
  1.39370294e-01 -8.47836692e-05  1.05979587e-05 -2.91664395e-05]","[ 0.         -0.31847766 18.04636002  1.56128919 -1.79159272 -0.93818825
 -1.62797093 -0.05106316]"
1747093052.9937537,"[ 0.00000000e+00 -2.33183189e-01  1.08565992e+00  2.97559063e+00
 -1.79105466e+00 -1.74170735e-04  9.60017109e-01  1.57091524e+00]","[ 0.00000000e+00  2.12117453e-05  5.34792999e-02  0.00000000e+00
  1.38830105e-01 -8.48478263e-05  1.05980643e-05 -2.91664395e-05]","[ 0.         -0.30263343 17.93624878  1.61291432 -1.8526417  -0.94530523
 -1.62137508 -0.06573012]"
1747093052.9955125,"[ 0.00000000e+00 -2.33183189e-01  1.08577564e+00  2.97559063e+00
 -1.79078249e+00 -1.74170735e-04  9.60017109e-01  1.57091524e+00]","[ 0.00000000e+00  2.11959173e-05  5.74259756e-02  0.00000000e+00
  1.37348821e-01 -8.47836692e-05  1.05979587e-05 -2.91664395e-05]","[ 0.         -0.25464478 17.78486443  1.59441423 -1.9013623  -0.94383055
 -1.61773801 -0.07874395]"
1747093052.9982784,"[ 0.00000000e+00 -2.33183189e-01  1.08589042e+00  2.97559063e+00
 -1.79050552e+00 -1.74170735e-04  9.60017109e-01  1.57091524e+00]","[ 0.00000000e+00  1.59088095e-05  5.91513461e-02  0.00000000e+00
  1.33428149e-01 -8.48478263e-05  1.05899522e-05 -2.11959173e-05]","[ 0.         -0.23077491 17.60006714  1.57497966 -1.89438486 -0.94208634
 -1.61839294 -0.07076009]"
1747093052.9999154,"[ 0.00000000e+00 -2.33182657e-01  1.08601492e+00  2.97559063e+00
 -1.79024187e+00 -1.74170735e-04  9.60017109e-01  1.57091524e+00]","[ 0.00000000e+00  2.11957060e-05  6.42831993e-02  0.00000000e+00
  1.33968346e-01 -7.94846874e-05  1.05979587e-05 -2.12117453e-05]","[ 0.         -0.16846526 17.44755363  1.5746839  -1.76608694 -0.95499063
 -1.60796964 -0.05869659]"
1747093053.001653,"[ 0.00000000e+00 -2.33182657e-01  1.08614895e+00  2.97559063e+00
 -1.78996650e+00 -1.74170735e-04  9.60017109e-01  1.57091524e+00]","[ 0.00000000e+00  2.12119566e-05  6.47577163e-02  0.00000000e+00
  1.35588930e-01 -7.95448377e-05  1.05899522e-05 -2.12119566e-05]","[ 0.         -0.12643963 17.2922287   1.54082906 -1.63809717 -0.96006608
 -1.56187332 -0.0703093 ]"
1747093053.0028172,"[ 0.00000000e+00 -2.33182657e-01  1.08621186e+00  2.97559063e+00
 -1.78983334e+00 -1.74170735e-04  9.60017109e-01  1.57091524e+00]","[ 0.00000000e+00  2.12119566e-05  6.37430062e-02  0.00000000e+00
  1.35048741e-01 -7.95448377e-05  1.05979587e-05 -2.12119566e-05]","[ 0.         -0.11695464 17.21380043  1.52416265 -1.52881801 -0.96467596
 -1.53169703 -0.07804059]"
1747093053.0045156,"[ 0.00000000e+00 -2.33182124e-01  1.08634502e+00  2.97559063e+00
 -1.78956755e+00 -1.74170735e-04  9.60017109e-01  1.57091524e+00]","[ 0.00000000e+00  2.64948971e-05  6.51998011e-02  0.00000000e+00
  1.35588930e-01 -7.94846874e-05  1.05978530e-05 -2.11959173e-05]","[ 0.         -0.09204758 17.10464859  1.52705443 -1.40159345 -0.9557448
 -1.53491521 -0.07058425]"
1747093053.0063243,"[ 0.00000000e+00 -2.33182124e-01  1.08640980e+00  2.97559063e+00
 -1.78942481e+00 -1.75236000e-04  9.60017109e-01  1.57091524e+00]","[ 0.00000000e+00  2.65146811e-05  6.56336883e-02  0.00000000e+00
  1.34411896e-01 -9.01508150e-05  1.05900569e-05 -2.12119566e-05]","[ 0.         -0.09437479 17.03376579  1.53132844 -1.36375713 -0.9551686
 -1.5277611  -0.06800909]"
1747093053.0074964,"[ 0.00000000e+00 -2.33182124e-01  1.08653610e+00  2.97559063e+00
 -1.78915583e+00 -1.75236000e-04  9.60017109e-01  1.57091524e+00]","[ 0.00000000e+00  2.11959173e-05  6.06288804e-02  0.00000000e+00
  1.37070496e-01 -9.00826511e-05  1.05979587e-05 -2.12121679e-05]","[ 0.         -0.06691053 16.93114471  1.50527644 -1.2659992  -0.94595855
 -1.51621902 -0.06484497]"
1747093053.0092702,"[ 0.00000000e+00 -2.33181591e-01  1.08664443e+00  2.97559063e+00
 -1.78887194e+00 -1.75236000e-04  9.60017109e-01  1.57091524e+00]","[ 0.00000000e+00  2.65149452e-05  5.40194971e-02  0.00000000e+00
  1.39427261e-01 -9.00826511e-05  1.06059783e-05 -2.12119566e-05]","[ 0.00000000e+00 -8.52719881e-03  1.68738289e+01  1.51489007e+00
 -1.29802299e+00 -9.31186855e-01 -1.48899829e+00 -7.09748790e-02]"
1747093053.011045,"[ 0.00000000e+00 -2.33181591e-01  1.08669589e+00  2.97559063e+00
 -1.78873292e+00 -1.75236000e-04  9.60017109e-01  1.57091524e+00]","[ 0.00000000e+00  2.64948971e-05  5.21288109e-02  0.00000000e+00
  1.40990877e-01 -9.00826511e-05  1.05979587e-05 -2.12119566e-05]","[ 0.          0.03187519 16.85765648  1.50876534 -1.35118449 -0.9154281
 -1.48944342 -0.07979812]"
1747093053.012235,"[ 0.00000000e+00 -2.33181059e-01  1.08679643e+00  2.97559063e+00
 -1.78845595e+00 -1.75236000e-04  9.60017109e-01  1.57091524e+00]","[ 0.00000000e+00  3.18179359e-05  4.80773522e-02  0.00000000e+00
  1.40990877e-01 -7.94846874e-05  1.05979587e-05 -2.12119566e-05]","[ 0.          0.04741631 16.90307617  1.49457002 -1.47442758 -0.94147241
 -1.47968626 -0.08487709]"
1747093053.0139542,"[ 0.00000000e+00 -2.33181059e-01  1.08684190e+00  2.97559063e+00
 -1.78831906e+00 -1.75236000e-04  9.60017109e-01  1.57091524e+00]","[ 0.00000000e+00  3.18179359e-05  4.61866702e-02  0.00000000e+00
  1.38689440e-01 -7.94846874e-05  1.05979587e-05 -2.12121679e-05]","[ 0.          0.07255968 16.93755722  1.49500597 -1.58181453 -0.93583971
 -1.51602781 -0.078329  ]"
1747093053.0157223,"[ 0.00000000e+00 -2.33180526e-01  1.08692639e+00  2.97559063e+00
 -1.78803730e+00 -1.75236000e-04  9.60017109e-01  1.57091524e+00]","[ 0.00000000e+00  3.70928568e-05  3.98721862e-02  0.00000000e+00
  1.37209521e-01 -7.94846874e-05  1.05979587e-05 -2.12119566e-05]","[ 0.          0.08259112 17.01601219  1.48340404 -1.79741514 -0.9536131
 -1.55939865 -0.06567758]"
1747093053.0168562,"[ 0.00000000e+00 -2.33179993e-01  1.08696494e+00  2.97559063e+00
 -1.78790308e+00 -1.75768632e-04  9.60017109e-01  1.57091524e+00]","[ 0.00000000e+00  4.24234905e-05  3.91641349e-02  0.00000000e+00
  1.36129127e-01 -8.47836692e-05  1.05979587e-05 -2.12119566e-05]","[ 0.          0.11254521 17.07595634  1.48775232 -1.86176705 -0.95941919
 -1.56217003 -0.0716544 ]"
1747093053.0186365,"[ 0.00000000e+00 -2.33179993e-01  1.08704304e+00  2.97559063e+00
 -1.78763197e+00 -1.75768632e-04  9.60017109e-01  1.57091524e+00]","[ 0.00000000e+00  4.24239132e-05  3.99744266e-02  0.00000000e+00
  1.37070496e-01 -8.48486716e-05  1.05979587e-05 -1.06059783e-05]","[ 0.          0.1597956  17.28430557  1.52549386 -1.98870075 -0.93164569
 -1.57257581 -0.07104919]"
1747093053.02043,"[ 0.00000000e+00 -2.33179993e-01  1.08708618e+00  2.97559063e+00
 -1.78748762e+00 -1.75768632e-04  9.60017109e-01  1.57091524e+00]","[ 0.00000000e+00  4.23918346e-05  4.06244918e-02  0.00000000e+00
  1.35916507e-01 -8.47828240e-05  1.05979587e-05 -1.06058726e-05]","[ 0.          0.14102812 17.36527252  1.51923621 -2.06353498 -0.93062633
 -1.57592201 -0.07613166]"
1747093053.0216186,"[ 0.00000000e+00 -2.33179993e-01  1.08717067e+00  2.97559063e+00
 -1.78722397e+00 -1.75768632e-04  9.60017109e-01  1.57091524e+00]","[ 0.00000000e+00  3.71209245e-05  4.31718095e-02  0.00000000e+00
  1.32347763e-01 -8.48478263e-05  1.05979587e-05 -1.06059783e-05]","[ 0.          0.13412516 17.54135704  1.56620073 -2.15739489 -0.93394613
 -1.61297178 -0.07540476]"
1747093053.0235372,"[ 0.00000000e+00 -2.33179461e-01  1.08725562e+00  2.97559090e+00
 -1.78695979e+00 -1.75768632e-04  9.60017109e-01  1.57091524e+00]","[ 0.00000000e+00  4.24239132e-05  4.26754004e-02  2.64748806e-06
  1.28894991e-01 -8.48478263e-05  1.05979587e-05 -1.06059783e-05]","[ 0.          0.13398109 17.64990616  1.59267378 -2.20435095 -0.94440335
 -1.62385261 -0.06413409]"
1747093053.0257447,"[ 0.00000000e+00 -2.33179461e-01  1.08734104e+00  2.97559090e+00
 -1.78670732e+00 -1.76833896e-04  9.60017109e-01  1.57091524e+00]","[ 0.00000000e+00  4.23598089e-05  4.15950101e-02  2.64548924e-06
  1.28566399e-01 -8.47196178e-05  1.05979587e-05 -1.06059783e-05]","[ 0.          0.15505823 17.73133659  1.6043669  -2.1615541  -0.95737135
 -1.60714793 -0.05133215]"
1747093053.02747,"[ 0.00000000e+00 -2.33178928e-01  1.08738146e+00  2.97559143e+00
 -1.78657842e+00 -1.76833896e-04  9.60017109e-01  1.57091524e+00]","[ 0.00000000e+00  4.76188043e-05  4.10132176e-02  7.93654595e-06
  1.30727179e-01 -8.47204549e-05  1.05979587e-05 -1.06059783e-05]","[ 0.          0.14341694 17.76954269  1.59942019 -2.11834407 -0.97949201
 -1.5958252  -0.05551225]"
1747093053.0286212,"[ 0.00000000e+00 -2.33178928e-01  1.08746641e+00  2.97559143e+00
 -1.78631051e+00 -1.76833896e-04  9.60017109e-01  1.57091524e+00]","[ 0.00000000e+00  4.76192757e-05  4.18651087e-02  7.94246417e-06
  1.31807566e-01 -8.46556558e-05  1.05979587e-05 -1.06059783e-05]","[ 0.          0.14819121 17.82480621  1.63779891 -2.07800269 -0.98645562
 -1.61179769 -0.07644545]"
1747093053.0303786,"[ 0.00000000e+00 -2.33178928e-01  1.08750862e+00  2.97559143e+00
 -1.78618055e+00 -1.76833896e-04  9.60017109e-01  1.57091524e+00]","[ 0.00000000e+00  4.76552554e-05  4.26754004e-02  7.94246417e-06
  1.31807566e-01 -8.46556558e-05  1.05979587e-05 -1.05979587e-05]","[ 0.          0.12697448 17.82526207  1.65045404 -2.07792091 -0.99663794
 -1.62283683 -0.08041838]"
1747093053.0315576,"[ 0.00000000e+00 -2.33178396e-01  1.08759498e+00  2.97559143e+00
 -1.78591050e+00 -1.77899161e-04  9.60017109e-01  1.57091524e+00]","[ 0.00000000e+00  5.29097849e-05  4.16275631e-02  7.94246417e-06
  1.32405745e-01 -9.52376087e-05  1.05978530e-05 -1.06059783e-05]","[ 0.          0.17652737 17.85822296  1.6808877  -2.04262137 -1.00059009
 -1.62119782 -0.10199862]"
1747093053.0333192,"[ 0.00000000e+00 -2.33178396e-01  1.08763352e+00  2.97559143e+00
 -1.78577788e+00 -1.78964425e-04  9.60017109e-01  1.57091524e+00]","[ 0.00000000e+00  5.29097849e-05  3.91244538e-02  7.94246417e-06
  1.34508543e-01 -1.05819570e-04  1.05979587e-05 -1.06059783e-05]","[ 0.          0.19289047 17.87683678  1.69581163 -2.02639031 -1.00970232
 -1.61501849 -0.1053637 ]"
1747093053.034559,"[ 0.00000000e+00 -2.33177863e-01  1.08770789e+00  2.97559143e+00
 -1.78550623e+00 -1.78964425e-04  9.60017109e-01  1.57091524e+00]","[ 0.00000000e+00  5.82007654e-05  3.72734528e-02  7.93646773e-06
  1.38830105e-01 -9.52376087e-05  1.05979587e-05 -1.06059783e-05]","[ 0.          0.18091364 17.89752769  1.73695314 -2.00681853 -1.0223881
 -1.58942688 -0.10425194]"
1747093053.0363572,"[ 0.00000000e+00 -2.33177863e-01  1.08778326e+00  2.97559196e+00
 -1.78522021e+00 -1.79497057e-04  9.60017109e-01  1.57091524e+00]","[ 0.00000000e+00  5.82013384e-05  3.72734528e-02  1.32374398e-05
  1.39910499e-01 -1.00528593e-04  0.00000000e+00 -1.05899522e-05]","[ 0.          0.19101325 17.93601608  1.79081893 -2.01777482 -1.04039729
 -1.58316255 -0.10243244]"
1747093053.037558,"[ 0.00000000e+00 -2.33177330e-01  1.08782088e+00  2.97559196e+00
 -1.78508226e+00 -1.80562322e-04  9.60017109e-01  1.57091524e+00]","[ 0.00000000e+00  6.34917418e-05  3.80837445e-02  1.32374398e-05
  1.39910499e-01 -1.11110546e-04  0.00000000e+00 -1.05819570e-05]","[ 0.          0.19414018 17.94548416  1.81165802 -2.03322625 -1.041242
 -1.60541964 -0.09938029]"
1747093053.0393074,"[ 0.00000000e+00 -2.33177330e-01  1.08790264e+00  2.97559250e+00
 -1.78479677e+00 -1.81627586e-04  9.60017109e-01  1.57091524e+00]","[ 0.00000000e+00  6.34438435e-05  4.05862754e-02  1.85186086e-05
  1.39797165e-01 -1.21692507e-04  0.00000000e+00 -1.05900569e-05]","[ 0.          0.20445348 18.00796127  1.84959173 -2.01810575 -1.05299973
 -1.63066804 -0.08859978]"
1747093053.041054,"[ 0.00000000e+00 -2.33176798e-01  1.08794438e+00  2.97559276e+00
 -1.78466095e+00 -1.81627586e-04  9.60017109e-01  1.57091524e+00]","[ 0.00000000e+00  6.87827183e-05  4.24053018e-02  2.11799045e-05
  1.37749710e-01 -1.21692507e-04  0.00000000e+00 -1.05899522e-05]","[ 0.          0.20430242 18.04648399  1.8389498  -2.03029156 -1.04578006
 -1.63616908 -0.08812854]"
1747093053.042852,"[ 0.00000000e+00 -2.33176798e-01  1.08803120e+00  2.97559276e+00
 -1.78439303e+00 -1.82692851e-04  9.60017109e-01  1.57091524e+00]","[ 0.00000000e+00  6.87827183e-05  4.48361812e-02  2.11639139e-05
  1.36129127e-01 -1.32274460e-04  0.00000000e+00 -1.05899522e-05]","[ 0.          0.20989482 18.13611603  1.86171794 -1.98723018 -1.03041422
 -1.62844884 -0.08561931]"
1747093053.0440319,"[ 0.00000000e+00 -2.33176798e-01  1.08807714e+00  2.97559276e+00
 -1.78424922e+00 -1.83758115e-04  9.60017109e-01  1.57091524e+00]","[ 0.00000000e+00  6.87834010e-05  4.64567646e-02  2.11639139e-05
  1.35414967e-01 -1.32274460e-04  0.00000000e+00 -1.05900569e-05]","[ 0.          0.22186476 18.17498016  1.88126159 -1.97312522 -1.03441501
 -1.63372219 -0.08657023]"
1747093053.045812,"[ 0.00000000e+00 -2.33176265e-01  1.08818087e+00  2.97559276e+00
 -1.78398344e+00 -1.84290747e-04  9.60017109e-01  1.57091524e+00]","[ 0.00000000e+00  7.40737029e-05  5.21288109e-02  2.11641232e-05
  1.35048741e-01 -1.37565437e-04  0.00000000e+00 -1.05820616e-05]","[ 0.          0.2446505  18.1813221   1.90877497 -1.91674924 -1.04589033
 -1.64120507 -0.09879287]"
1747093053.0476384,"[ 0.00000000e+00 -2.33175732e-01  1.08829572e+00  2.97559330e+00
 -1.78372085e+00 -1.86421276e-04  9.60017109e-01  1.57091524e+00]","[ 0.00000000e+00  7.93646793e-05  5.96915434e-02  2.64548924e-05
  1.33968346e-01 -1.58611171e-04  0.00000000e+00 -1.05899522e-05]","[ 0.          0.27031884 18.15492058  1.90695953 -1.90303075 -1.06408393
 -1.61791766 -0.09392016]"
1747093053.0487838,"[ 0.00000000e+00 -2.33175200e-01  1.08836270e+00  2.97559330e+00
 -1.78357864e+00 -1.87486541e-04  9.60017109e-01  1.57091524e+00]","[ 0.00000000e+00  8.46556558e-05  6.31936502e-02  2.64748795e-05
  1.33910356e-01 -1.69311312e-04  0.00000000e+00 -1.05899522e-05]","[ 0.          0.28386089 18.11817551  1.90761268 -1.89674902 -1.06168461
 -1.6084553  -0.09489584]"
1747093053.051157,"[ 0.00000000e+00 -2.33174667e-01  1.08849040e+00  2.97559330e+00
 -1.78331232e+00 -1.90149702e-04  9.60017109e-01  1.57091524e+00]","[ 0.00000000e+00  8.99475262e-05  6.56336883e-02  2.64548924e-05
  1.35451552e-01 -1.95618512e-04  0.00000000e+00 -1.05819570e-05]","[ 0.          0.29323682 17.96272087  1.91278732 -1.87283194 -1.05856895
 -1.58510852 -0.1061817 ]"
1747093053.0528991,"[ 0.00000000e+00 -2.33174135e-01  1.08862628e+00  2.97559330e+00
 -1.78303109e+00 -1.93878127e-04  9.60017109e-01  1.57091524e+00]","[ 0.00000000e+00  9.52376087e-05  6.96851469e-02  2.64551545e-05
  1.37421118e-01 -2.32805353e-04  0.00000000e+00 -1.05899522e-05]","[ 0.          0.3356593  17.85627556  1.88895929 -1.85359299 -1.05652368
 -1.584463   -0.10515974]"
1747093053.0545971,"[ 0.00000000e+00 -2.33173602e-01  1.08877236e+00  2.97559383e+00
 -1.78275945e+00 -1.99737082e-04  9.60017109e-01  1.57091524e+00]","[ 0.00000000e+00  1.00528593e-04  7.07655415e-02  3.17458709e-05
  1.37209521e-01 -2.90784292e-04  0.00000000e+00 -1.05819570e-05]","[ 0.          0.33823079 17.67152786  1.89652956 -1.81159425 -1.06545341
 -1.5815475  -0.1009994 ]"
1747093053.056355,"[ 0.00000000e+00 -2.33173602e-01  1.08891331e+00  2.97559383e+00
 -1.78247928e+00 -2.10922358e-04  9.60017109e-01  1.57091524e+00]","[ 0.00000000e+00  1.00529585e-04  6.87105590e-02  3.17458709e-05
  1.36919578e-01 -4.02114373e-04  0.00000000e+00 -1.05899522e-05]","[ 0.          0.35001725 17.56643677  1.89236772 -1.78144097 -1.06436837
 -1.57579195 -0.09282058]"
1747093053.058063,"[ 0.00000000e+00 -2.33173602e-01  1.08898175e+00  2.97559383e+00
 -1.78234400e+00 -2.21575003e-04  9.60017109e-01  1.57091524e+00]","[ 0.00000000e+00  1.00529585e-04  6.94150525e-02  3.17701716e-05
  1.37070496e-01 -5.84586551e-04  0.00000000e+00 -1.05899522e-05]","[ 0.          0.36278152 17.51766968  1.86867225 -1.74172747 -1.0622406
 -1.57378292 -0.08566896]"
1747093053.0597646,"[ 0.00000000e+00 -2.33173069e-01  1.08912130e+00  2.97559409e+00
 -1.78207289e+00 -2.68979270e-04  9.60017109e-01  1.57091524e+00]","[ 0.00000000e+00  1.05820618e-04  7.07655415e-02  3.43917005e-05
  1.37209521e-01 -2.95536656e-03  0.00000000e+00 -1.05818513e-05]","[ 0.          0.39501765 17.47207832  1.84051943 -1.66497338 -1.0534879
 -1.56140614 -0.09529012]"
1747093053.0614443,"[ 0.00000000e+00 -2.33172537e-01  1.08926731e+00  2.97559409e+00
 -1.78179379e+00 -3.56863586e-04  9.60017109e-01  1.57091524e+00]","[ 0.00000000e+00  1.11110546e-04  7.21160221e-02  3.44173463e-05
  1.35916507e-01 -3.92408964e-02  0.00000000e+00 -1.05899522e-05]","[ 0.          0.41686869 17.46556473  1.8123107  -1.6303215  -1.01010621
 -1.54709971 -0.10830284]"
1747093053.0630918,"[ 0.00000000e+00 -2.33172004e-01  1.08941471e+00  2.97559409e+00
 -1.78152800e+00 -4.63922662e-04  9.60017109e-01  1.57091524e+00]","[ 0.00000000e+00  1.16401531e-04  7.63601355e-02  3.43913591e-05
  1.34645105e-01 -5.40194971e-02  0.00000000e+00 -1.05820616e-05]","[ 0.          0.43440524 17.39448547  1.80554748 -1.61019671 -0.96937633
 -1.54749429 -0.11155221]"
1747093053.064764,"[ 0.00000000e+00 -2.33172004e-01  1.08948961e+00  2.97559409e+00
 -1.78139431e+00 -5.19316413e-04  9.60017109e-01  1.57091524e+00]","[ 0.00000000e+00  1.16402677e-04  7.59744432e-02  3.43917005e-05
  1.35451552e-01 -5.61802737e-02  0.00000000e+00 -1.05820616e-05]","[ 0.          0.42219183 17.40460587  1.78492916 -1.64049435 -0.97253495
 -1.53385949 -0.10624293]"
1747093053.0665047,"[ 0.00000000e+00 -2.33171471e-01  1.08964248e+00  2.97559409e+00
 -1.78111202e+00 -6.45017616e-04  9.60017109e-01  1.57091524e+00]","[ 0.00000000e+00  1.21692507e-04  7.40067084e-02  3.43913591e-05
  1.38830105e-01 -6.26921145e-02  0.00000000e+00 -1.05819570e-05]","[ 0.          0.41996768 17.29144096  1.77477789 -1.70854294 -0.97727919
 -1.53776526 -0.10447938]"
1747093053.0682178,"[ 0.00000000e+00 -2.33170939e-01  1.08979082e+00  2.97559409e+00
 -1.78083611e+00 -7.74979877e-04  9.60017109e-01  1.57091524e+00]","[ 0.00000000e+00  1.26984735e-04  7.53571974e-02  3.43913591e-05
  1.38689440e-01 -6.75243704e-02  0.00000000e+00 -1.05899522e-05]","[ 0.          0.43937567 17.1642189   1.70001936 -1.80153489 -0.99639004
 -1.53686571 -0.11191789]"
1747093053.0699008,"[ 0.00000000e+00 -2.33170406e-01  1.08987025e+00  2.97559409e+00
 -1.78069710e+00 -8.42091537e-04  9.60017109e-01  1.57091524e+00]","[ 0.00000000e+00  1.32275769e-04  7.47289993e-02  3.43917005e-05
  1.41134022e-01 -6.80645635e-02  0.00000000e+00 -1.05900569e-05]","[ 0.          0.43434364 17.08381081  1.68927133 -1.84729671 -1.00260377
 -1.54853511 -0.11635489]"
1747093053.0715873,"[ 0.00000000e+00 -2.33170406e-01  1.09001352e+00  2.97559409e+00
 -1.78041107e+00 -9.74184327e-04  9.60017109e-01  1.57091524e+00]","[ 0.00000000e+00  1.32274460e-04  7.17731318e-02  3.43917005e-05
  1.39370294e-01 -6.37430062e-02  0.00000000e+00 -1.05820616e-05]","[ 0.          0.4344691  17.02434921  1.67554891 -1.93603373 -0.99056125
 -1.56463158 -0.09634423]"
1747093053.0738397,"[ 0.00000000e+00 -2.33170406e-01  1.09016273e+00  2.97559409e+00
 -1.78012771e+00 -1.09189605e-03  9.60017109e-01  1.57091524e+00]","[ 0.00000000e+00  1.32274460e-04  7.29736182e-02  3.43913591e-05
  1.37421118e-01 -5.77422967e-02  0.00000000e+00 -1.05899522e-05]","[ 0.          0.42747009 17.05242348  1.64174771 -1.99826992 -0.968705
 -1.55597723 -0.11336992]"
1747093053.0755181,"[ 0.00000000e+00 -2.33169873e-01  1.09030374e+00  2.97559409e+00
 -1.77983849e+00 -1.19842249e-03  9.60017109e-01  1.57091524e+00]","[ 0.00000000e+00  1.37670734e-04  7.02253442e-02  3.43913591e-05
  1.36200333e-01 -5.02381288e-02  0.00000000e+00 -1.05819570e-05]","[ 0.          0.40000761 17.0638485   1.61625123 -2.0029552  -0.96787828
 -1.56128037 -0.1124199 ]"
1747093053.0771563,"[ 0.00000000e+00 -2.33169873e-01  1.09037165e+00  2.97559409e+00
 -1.77972611e+00 -1.24529413e-03  9.60017109e-01  1.57091524e+00]","[ 0.00000000e+00  1.37565437e-04  6.88050721e-02  3.43913591e-05
  1.34593282e-01 -4.75371550e-02  0.00000000e+00 -1.05819570e-05]","[ 0.          0.37506562 17.10337448  1.6081934  -1.99105406 -0.97220123
 -1.55174577 -0.10241617]"
1747093053.0789013,"[ 0.00000000e+00 -2.33169341e-01  1.09051407e+00  2.97559409e+00
 -1.77943795e+00 -1.33637424e-03  9.60017109e-01  1.57091524e+00]","[ 0.00000000e+00  1.42856421e-04  7.02253442e-02  3.43913591e-05
  1.29646785e-01 -4.35926639e-02  0.00000000e+00 -1.05819570e-05]","[ 0.          0.34113693 17.17414093  1.58838797 -1.93881476 -0.9671576
 -1.55687702 -0.10130251]"
1747093053.0811055,"[ 0.00000000e+00 -2.33169341e-01  1.09065182e+00  2.97559463e+00
 -1.77919028e+00 -1.41946486e-03  9.60017109e-01  1.57091524e+00]","[ 0.00000000e+00  1.42856421e-04  6.94150525e-02  3.96823397e-05
  1.25325232e-01 -4.05146197e-02  0.00000000e+00 -1.05819570e-05]","[ 0.          0.307484   17.19085503  1.60973573 -1.86098623 -0.96696556
 -1.53967237 -0.11922027]"
1747093053.0822563,"[ 0.00000000e+00 -2.33169341e-01  1.09079277e+00  2.97559463e+00
 -1.77893515e+00 -1.50308812e-03  9.60017109e-01  1.57091524e+00]","[ 0.00000000e+00  1.42856421e-04  6.88050721e-02  3.96819414e-05
  1.24244837e-01 -4.06244918e-02  0.00000000e+00 -1.05899522e-05]","[ 0.          0.27585536 17.17393684  1.63833666 -1.75013292 -0.97570097
 -1.53332627 -0.12071028]"
1747093053.0845735,"[ 0.00000000e+00 -2.33168808e-01  1.09086161e+00  2.97559463e+00
 -1.77881051e+00 -1.54090501e-03  9.60017109e-01  1.57091524e+00]","[ 0.00000000e+00  1.48259335e-04  6.96851469e-02  3.96827298e-05
  1.26277545e-01 -3.83538432e-02  0.00000000e+00 -1.05820616e-05]","[ 0.          0.2330941  17.14970016  1.62916791 -1.69260323 -0.99079961
 -1.52382028 -0.11292266]"
1747093053.0857158,"[ 0.00000000e+00 -2.33168808e-01  1.09100628e+00  2.97559463e+00
 -1.77855964e+00 -1.61600615e-03  9.60017109e-01  1.57091524e+00]","[ 0.00000000e+00  1.48147406e-04  6.99644043e-02  3.97123214e-05
  1.27486012e-01 -3.72734528e-02  0.00000000e+00  0.00000000e+00]","[ 0.          0.22333716 17.06605148  1.65500653 -1.66669881 -0.96606314
 -1.52457917 -0.11251766]"
1747093053.0890837,"[ 0.00000000e+00 -2.33168276e-01  1.09113718e+00  2.97559463e+00
 -1.77842382e+00 -1.68844413e-03  9.60017109e-01  1.57091524e+00]","[ 0.00000000e+00  1.53555830e-04  6.56336883e-02  3.96823397e-05
  1.27891911e-01 -3.45374480e-02  0.00000000e+00  0.00000000e+00]","[ 0.          0.20335722 17.01451492  1.66981816 -1.70094252 -0.94086426
 -1.53873765 -0.11136697]"
1747093053.089624,"[ 0.00000000e+00 -2.33168276e-01  1.09126295e+00  2.97559516e+00
 -1.77816443e+00 -1.75129473e-03  9.60017109e-01  1.57091524e+00]","[ 0.00000000e+00  1.53438374e-04  6.31387724e-02  4.50077435e-05
  1.26387300e-01 -3.07911127e-02  0.00000000e+00  0.00000000e+00]","[ 0.          0.1932904  16.99234581  1.68527782 -1.72291553 -0.95029396
 -1.53784704 -0.12892887]"
1747093053.0919206,"[ 0.00000000e+00 -2.33167743e-01  1.09139065e+00  2.97559516e+00
 -1.77791516e+00 -1.80562322e-03  9.60017109e-01  1.57091524e+00]","[ 0.00000000e+00  1.58849285e-04  6.10420282e-02  4.49733161e-05
  1.25865421e-01 -2.61045006e-02  0.00000000e+00  0.00000000e+00]","[ 0.          0.16183212 17.04151344  1.69390011 -1.73074138 -0.96487778
 -1.52986419 -0.13351361]"
1747093053.0936666,"[ 0.00000000e+00 -2.33167743e-01  1.09151142e+00  2.97559516e+00
 -1.77765417e+00 -1.84929906e-03  9.60017109e-01  1.57091524e+00]","[ 0.00000000e+00  1.53554302e-04  5.84290511e-02  4.50072964e-05
  1.26945815e-01 -2.10676037e-02  0.00000000e+00  0.00000000e+00]","[ 0.          0.16156428 17.18141937  1.6871357  -1.77262187 -0.98375702
 -1.53943801 -0.12901451]"
1747093053.09593,"[ 0.00000000e+00 -2.33167743e-01  1.09163080e+00  2.97559516e+00
 -1.77740596e+00 -1.88658332e-03  9.60017109e-01  1.57091524e+00]","[ 0.00000000e+00  1.53554302e-04  6.10420282e-02  4.50077435e-05
  1.25325232e-01 -1.78264326e-02  0.00000000e+00  0.00000000e+00]","[ 0.          0.13164192 17.34780502  1.6788348  -1.8179729  -0.9871915
 -1.54301238 -0.11835276]"
1747093053.0977032,"[ 0.00000000e+00 -2.33167210e-01  1.09175983e+00  2.97559516e+00
 -1.77715509e+00 -1.91694335e-03  9.60017109e-01  1.57091524e+00]","[ 0.00000000e+00  1.58849285e-04  6.26921145e-02  4.50072964e-05
  1.21371935e-01 -1.56656540e-02  0.00000000e+00  0.00000000e+00]","[ 0.          0.10977449 17.51806259  1.69020033 -1.81843042 -0.99865597
 -1.54637039 -0.11819655]"
1747093053.0996237,"[ 0.00000000e+00 -2.33167210e-01  1.09188013e+00  2.97559569e+00
 -1.77691807e+00 -1.94836865e-03  9.60017109e-01  1.57091524e+00]","[ 0.00000000e+00  1.53554302e-04  6.05018351e-02  5.03027714e-05
  1.19923276e-01 -1.53443852e-02  0.00000000e+00  0.00000000e+00]","[ 0.          0.11395242 17.64645195  1.69798517 -1.78858721 -0.98887014
 -1.57214522 -0.11118971]"
1747093053.1011488,"[ 0.00000000e+00 -2.33167210e-01  1.09193979e+00  2.97559569e+00
 -1.77680036e+00 -1.96328236e-03  9.60017109e-01  1.57091524e+00]","[ 0.00000000e+00  1.53554302e-04  6.05018351e-02  5.02642966e-05
  1.19383087e-01 -1.53877531e-02  0.00000000e+00  0.00000000e+00]","[ 0.          0.10847518 17.72640419  1.71030068 -1.76607502 -0.98756999
 -1.56302416 -0.11266527]"
1747093053.1022952,"[ 0.00000000e+00 -2.33166678e-01  1.09206609e+00  2.97559569e+00
 -1.77655748e+00 -1.99364239e-03  9.60017109e-01  1.57091524e+00]","[ 0.00000000e+00  1.58729359e-04  6.15198285e-02  5.03022715e-05
  1.19383087e-01 -1.48170013e-02  0.00000000e+00  0.00000000e+00]","[ 0.          0.10949007 17.95243835  1.69980061 -1.75619745 -0.957793
 -1.56584644 -0.12536743]"
1747093053.1040554,"[ 0.00000000e+00 -2.33166678e-01  1.09212714e+00  2.97559569e+00
 -1.77644083e+00 -2.00802346e-03  9.60017109e-01  1.57091524e+00]","[ 0.00000000e+00  1.58729359e-04  6.18523200e-02  5.03022715e-05
  1.18182833e-01 -1.43040879e-02  0.00000000e+00  0.00000000e+00]","[ 0.          0.12691149 18.0203743   1.70697296 -1.77499866 -0.94997931
 -1.56986642 -0.1242692 ]"
1747093053.1051822,"[ 0.00000000e+00 -2.33166678e-01  1.09224612e+00  2.97559596e+00
 -1.77619582e+00 -2.03572034e-03  9.60017109e-01  1.57091524e+00]","[ 0.00000000e+00  1.53552774e-04  5.96915434e-02  5.29497591e-05
  1.20368864e-01 -1.40379497e-02  0.00000000e+00  0.00000000e+00]","[ 0.          0.14454973 18.15626144  1.70882475 -1.82358706 -0.95008653
 -1.59470809 -0.11417337]"
1747093053.1068523,"[ 0.00000000e+00 -2.33166678e-01  1.09231177e+00  2.97559596e+00
 -1.77607758e+00 -2.04903614e-03  9.60017109e-01  1.57091524e+00]","[ 0.00000000e+00  1.53554302e-04  6.16890390e-02  5.29497591e-05
  1.19923276e-01 -1.40450684e-02  0.00000000e+00  0.00000000e+00]","[ 0.          0.14510556 18.24363136  1.71314108 -1.84296846 -0.94595021
 -1.63154662 -0.09587859]"
1747093053.1079874,"[ 0.00000000e+00 -2.33166678e-01  1.09237422e+00  2.97559596e+00
 -1.77595987e+00 -2.06448248e-03  9.60017109e-01  1.57091524e+00]","[ 0.00000000e+00  1.53439886e-04  6.31387724e-02  5.29502833e-05
  1.19383087e-01 -1.40440136e-02  0.00000000e+00  0.00000000e+00]","[ 0.          0.14230552 18.29297829  1.72315466 -1.92782986 -0.94714493
 -1.66423512 -0.1040794 ]"
1747093053.1096942,"[ 0.00000000e+00 -2.33166678e-01  1.09250784e+00  2.97559596e+00
 -1.77571485e+00 -2.09377725e-03  9.60017109e-01  1.57091524e+00]","[ 0.00000000e+00  1.48259335e-04  6.57013367e-02  5.30304187e-05
  1.18976281e-01 -1.48553612e-02  0.00000000e+00  0.00000000e+00]","[ 0.          0.17038427 18.39496422  1.72214246 -2.07994652 -0.97289181
 -1.65636277 -0.11747336]"
1747093053.1114073,"[ 0.00000000e+00 -2.33166145e-01  1.09263827e+00  2.97559596e+00
 -1.77547943e+00 -2.12520255e-03  9.60017109e-01  1.57091524e+00]","[ 0.00000000e+00  1.53670393e-04  6.67140745e-02  5.30298904e-05
  1.19923276e-01 -1.53368961e-02  0.00000000e+00  0.00000000e+00]","[ 0.          0.15779851 18.46931648  1.71541691 -2.21521473 -0.95174527
 -1.66685879 -0.11229845]"
1747093053.1139941,"[ 0.00000000e+00 -2.33166145e-01  1.09270571e+00  2.97559596e+00
 -1.77536172e+00 -2.14011625e-03  9.60017109e-01  1.57091524e+00]","[ 0.00000000e+00  1.48260798e-04  6.83346621e-02  5.29897943e-05
  1.19383087e-01 -1.53955564e-02  0.00000000e+00  0.00000000e+00]","[ 0.          0.14151013 18.52422714  1.6967417  -2.2493608  -0.95753086
 -1.66125524 -0.10873253]"
1747093053.1145914,"[ 0.00000000e+00 -2.33165612e-01  1.09285359e+00  2.97559649e+00
 -1.77512150e+00 -2.17154155e-03  9.60017109e-01  1.57091524e+00]","[ 0.00000000e+00  1.53554302e-04  7.29736182e-02  5.83328791e-05
  1.16247106e-01 -1.59276747e-02  0.00000000e+00  0.00000000e+00]","[ 0.          0.14102395 18.62060356  1.68236589 -2.27966237 -0.95211887
 -1.68270767 -0.11890922]"
1747093053.116275,"[ 0.00000000e+00 -2.33165612e-01  1.09299919e+00  2.97559649e+00
 -1.77489833e+00 -2.20882581e-03  9.60017109e-01  1.57091524e+00]","[ 0.00000000e+00  1.48259335e-04  7.40067084e-02  5.82887721e-05
  1.11167410e-01 -1.82052028e-02  0.00000000e+00  0.00000000e+00]","[ 0.          0.12928934 18.68613052  1.69465649 -2.25451994 -0.94977278
 -1.688393   -0.12604074]"
1747093053.1180334,"[ 0.00000000e+00 -2.33165080e-01  1.09307356e+00  2.97559649e+00
 -1.77478967e+00 -2.22959846e-03  9.60017109e-01  1.57091524e+00]","[ 0.00000000e+00  1.48260798e-04  7.53571974e-02  5.83328791e-05
  1.10199767e-01 -2.10676037e-02  0.00000000e+00  0.00000000e+00]","[ 0.          0.12607695 18.72126579  1.67455065 -2.23955584 -0.94163948
 -1.68803155 -0.11355942]"
1747093053.1191616,"[ 0.00000000e+00 -2.33165080e-01  1.09323382e+00  2.97559649e+00
 -1.77456597e+00 -2.27647010e-03  9.60017109e-01  1.57091524e+00]","[ 0.00000000e+00  1.48260798e-04  7.92428326e-02  5.83328791e-05
  1.08579183e-01 -2.25691605e-02  0.00000000e+00  0.00000000e+00]","[ 0.          0.09499707 18.74914169  1.67319059 -2.12442183 -0.9473995
 -1.64968586 -0.1178159 ]"
1747093053.1208694,"[ 0.00000000e+00 -2.33165080e-01  1.09331185e+00  2.97559649e+00
 -1.77445891e+00 -2.30097118e-03  9.60017109e-01  1.57091524e+00]","[ 0.00000000e+00  1.48259335e-04  7.91385615e-02  5.82881910e-05
  1.08579183e-01 -2.48237906e-02  0.00000000e+00  0.00000000e+00]","[ 0.          0.09627534 18.74860764  1.6910944  -2.02664375 -0.94702137
 -1.64634883 -0.11938164]"
1747093053.1226006,"[ 0.00000000e+00 -2.33165080e-01  1.09347124e+00  2.97559702e+00
 -1.77423946e+00 -2.35157124e-03  9.60017109e-01  1.57091524e+00]","[ 0.00000000e+00  1.48259335e-04  8.21096340e-02  6.36358718e-05
  1.06325824e-01 -2.59030865e-02  0.00000000e+00  0.00000000e+00]","[ 0.          0.06140127 18.64779282  1.67375493 -1.88804388 -0.95679355
 -1.62599778 -0.10096785]"
1747093053.1243863,"[ 0.00000000e+00 -2.33165080e-01  1.09356165e+00  2.97559702e+00
 -1.77413560e+00 -2.37926812e-03  9.60017109e-01  1.57091524e+00]","[ 0.00000000e+00  1.42856421e-04  8.52612771e-02  6.09843734e-05
  1.05338016e-01 -2.60799204e-02  0.00000000e+00  0.00000000e+00]","[ 0.          0.05324425 18.55705643  1.66074693 -1.83710372 -0.95386994
 -1.60500491 -0.10014185]"
1747093053.1256042,"[ 0.00000000e+00 -2.33164547e-01  1.09373523e+00  2.97559702e+00
 -1.77393160e+00 -2.43040081e-03  9.60017109e-01  1.57091524e+00]","[ 0.00000000e+00  1.48482219e-04  8.94022679e-02  6.09843734e-05
  1.03177236e-01 -2.59293582e-02  0.00000000e+00  0.00000000e+00]","[ 0.          0.05967611 18.32600021  1.66403294 -1.78305507 -0.95434344
 -1.6073705  -0.09833749]"
1747093053.1272578,"[ 0.00000000e+00 -2.33164547e-01  1.09382524e+00  2.97559702e+00
 -1.77382454e+00 -2.45436926e-03  9.60017109e-01  1.57091524e+00]","[ 0.00000000e+00  1.48483698e-04  9.12929458e-02  5.56813848e-05
  1.00808920e-01 -2.43087727e-02  0.00000000e+00  0.00000000e+00]","[ 0.          0.02536786 18.2015934   1.67390549 -1.75742555 -0.95096749
 -1.62075484 -0.11096875]"
1747093053.1284633,"[ 0.00000000e+00 -2.33164547e-01  1.09402225e+00  2.97559702e+00
 -1.77362640e+00 -2.49911037e-03  9.60017109e-01  1.57091524e+00]","[ 0.00000000e+00  1.43180701e-04  9.72350907e-02  5.56392812e-05
  1.00914106e-01 -2.05274085e-02  0.00000000e+00  0.00000000e+00]","[ 0.          0.07204683 17.91822243  1.65296161 -1.74375236 -0.93770254
 -1.64541042 -0.12531897]"
1747093053.1302133,"[ 0.00000000e+00 -2.33164014e-01  1.09411819e+00  2.97559756e+00
 -1.77352627e+00 -2.51508933e-03  9.60017109e-01  1.57091524e+00]","[ 0.00000000e+00  1.48483698e-04  9.72350907e-02  6.09382630e-05
  1.01556652e-01 -1.62058481e-02  0.00000000e+00  0.00000000e+00]","[ 0.          0.03046069 17.67302704  1.63833153 -1.79447377 -0.94020832
 -1.63088346 -0.1246121 ]"
1747093053.1319761,"[ 0.00000000e+00 -2.33164014e-01  1.09432119e+00  2.97559756e+00
 -1.77331641e+00 -2.54385147e-03  9.60017109e-01  1.57091524e+00]","[ 0.00000000e+00  1.43289120e-04  1.00206163e-01  6.09843734e-05
  1.03177236e-01 -1.25384225e-02  0.00000000e+00  0.00000000e+00]","[ 0.          0.05820651 17.31088638  1.61786211 -1.740659   -0.93332487
 -1.5517025  -0.12980653]"
1747093053.1332135,"[ 0.00000000e+00 -2.33164014e-01  1.09442039e+00  2.97559756e+00
 -1.77321308e+00 -2.55503675e-03  9.60017109e-01  1.57091524e+00]","[ 0.00000000e+00  1.43180701e-04  1.00374458e-01  6.09388685e-05
  1.04797819e-01 -1.13440936e-02  0.00000000e+00  0.00000000e+00]","[ 0.          0.0687078  17.19644737  1.59667242 -1.72350883 -0.93692976
 -1.53710032 -0.11448533]"
1747093053.1350126,"[ 0.00000000e+00 -2.33163482e-01  1.09461647e+00  2.97559756e+00
 -1.77300695e+00 -2.57687467e-03  9.60017109e-01  1.57091524e+00]","[ 0.00000000e+00  1.43180701e-04  9.96659659e-02  6.09843734e-05
  1.04691642e-01 -1.10739970e-02  0.00000000e+00  0.00000000e+00]","[ 0.          0.06435462 16.92492104  1.56797981 -1.68532562 -0.93559349
 -1.51749969 -0.12258577]"
1747093053.1379406,"[ 0.00000000e+00 -2.33163482e-01  1.09481986e+00  2.97559756e+00
 -1.77278964e+00 -2.60190839e-03  9.60017109e-01  1.57091524e+00]","[ 0.00000000e+00  1.43180701e-04  9.83154852e-02  5.56392812e-05
  1.05878214e-01 -1.22175272e-02  0.00000000e+00  0.00000000e+00]","[ 0.          0.03309211 16.77852821  1.55464756 -1.66330373 -0.93516535
 -1.50626111 -0.12007046]"
1747093053.1391664,"[ 0.00000000e+00 -2.33163482e-01  1.09501867e+00  2.97559756e+00
 -1.77257872e+00 -2.62854000e-03  9.60017109e-01  1.57091524e+00]","[ 0.00000000e+00  1.37877721e-04  9.67966262e-02  5.03783961e-05
  1.07498797e-01 -1.35048743e-02  0.00000000e+00  0.00000000e+00]","[ 0.          0.09498184 16.67604256  1.53073335 -1.62793171 -0.93412644
 -1.47413683 -0.12588073]"
1747093053.140932,"[ 0.00000000e+00 -2.33163482e-01  1.09520649e+00  2.97559756e+00
 -1.77235501e+00 -2.65996530e-03  9.60017109e-01  1.57091524e+00]","[ 0.00000000e+00  1.32574732e-04  9.34537265e-02  4.76912879e-05
  1.09548466e-01 -1.53368961e-02  0.00000000e+00  0.00000000e+00]","[ 0.          0.03978734 16.61351204  1.46523166 -1.63311517 -0.92290169
 -1.45454121 -0.1320971 ]"
1747093053.1436465,"[ 0.00000000e+00 -2.33163482e-01  1.09529744e+00  2.97559756e+00
 -1.77224582e+00 -2.67594426e-03  9.60017109e-01  1.57091524e+00]","[ 0.00000000e+00  1.32574732e-04  9.23733403e-02  4.76908124e-05
  1.10739964e-01 -1.59276747e-02  0.00000000e+00  0.00000000e+00]","[ 0.          0.03312889 16.56743622  1.45726395 -1.65474808 -0.9260056
 -1.45942533 -0.12957494]"
1747093053.144978,"[ 0.00000000e+00 -2.33163482e-01  1.09555869e+00  2.97559756e+00
 -1.77190440e+00 -2.73133801e-03  9.60017109e-01  1.57091524e+00]","[ 0.00000000e+00  1.27273011e-04  8.14867955e-02  4.76908124e-05
  1.12900745e-01 -1.94470181e-02  0.00000000e+00  0.00000000e+00]","[ 0.00000000e+00  1.62341259e-02  1.65546436e+01  1.44002676e+00
 -1.86101687e+00 -9.18273985e-01 -1.50972116e+00 -1.22204527e-01]"
1747093053.1475508,"[ 0.00000000e+00 -2.33163482e-01  1.09577914e+00  2.97559756e+00
 -1.77157790e+00 -2.78992756e-03  9.60017109e-01  1.57091524e+00]","[ 0.00000000e+00  1.22061106e-04  6.94150525e-02  4.24243358e-05
  1.07929522e-01 -1.95599403e-02  0.00000000e+00  0.00000000e+00]","[ 0.          0.03358461 16.70720863  1.42430091 -2.15697622 -0.88478833
 -1.52277613 -0.1215483 ]"
1747093053.1499104,"[ 0.00000000e+00 -2.33163482e-01  1.09590950e+00  2.97559756e+00
 -1.77136325e+00 -2.83200550e-03  9.60017109e-01  1.57091524e+00]","[ 0.00000000e+00  1.16665758e-04  6.48233924e-02  4.24239132e-05
  1.03717433e-01 -2.21479940e-02  0.00000000e+00  0.00000000e+00]","[ 0.          0.02061282 16.93528748  1.38215721 -2.24863744 -0.90279019
 -1.53029621 -0.12641917]"
1747093053.1510575,"[ 0.00000000e+00 -2.33162949e-01  1.09597062e+00  2.97559756e+00
 -1.77126152e+00 -2.85650659e-03  9.60017109e-01  1.57091524e+00]","[ 0.00000000e+00  1.16754102e-04  6.20594764e-02  4.24239132e-05
  1.03177236e-01 -2.48489678e-02  0.00000000e+00  0.00000000e+00]","[ 0.          0.02772637 17.06690598  1.37498438 -2.29170132 -0.89526284
 -1.58016908 -0.12105148]"
1747093053.1528084,"[ 0.00000000e+00 -2.33162949e-01  1.09610790e+00  2.97559756e+00
 -1.77106125e+00 -2.91296560e-03  9.60017109e-01  1.57091524e+00]","[ 0.00000000e+00  1.11362770e-04  6.30070624e-02  4.23918346e-05
  1.02096849e-01 -2.91705272e-02  0.00000000e+00  0.00000000e+00]","[ 0.         -0.02078824 17.28116226  1.39393282 -2.35263729 -0.89320958
 -1.61465967 -0.10486618]"
1747093053.154607,"[ 0.00000000e+00 -2.33162949e-01  1.09624286e+00  2.97559756e+00
 -1.77085192e+00 -2.97262041e-03  9.60017109e-01  1.57091524e+00]","[ 0.00000000e+00  1.06140087e-04  6.67044122e-02  3.71209245e-05
  1.01556652e-01 -3.07599142e-02  0.00000000e+00  0.00000000e+00]","[ 0.         -0.06394278 17.4737606   1.39452076 -2.41802192 -0.87032902
 -1.5792408  -0.10207482]"
1747093053.1563044,"[ 0.         -0.23316295  1.09630857  2.97559756 -1.77075232 -0.00300724
  0.96001711  1.57091524]","[ 0.00000000e+00  1.06140087e-04  6.67140745e-02  3.71209245e-05
  1.01016455e-01 -3.25999005e-02  0.00000000e+00  0.00000000e+00]","[ 0.         -0.06172795 17.52416611  1.40474653 -2.4557457  -0.87317836
 -1.57024658 -0.11038185]"
1747093053.158024,"[ 0.         -0.23316295  1.0964394   2.97559756 -1.77054885 -0.00307542
  0.96001711  1.57091524]","[ 0.00000000e+00  1.06059781e-04  6.64439800e-02  3.70928568e-05
  9.83154852e-02 -3.45724769e-02  0.00000000e+00  0.00000000e+00]","[ 0.         -0.1122843  17.57509041  1.41284609 -2.42968822 -0.86570138
 -1.58277524 -0.11446168]"
1747093053.1591938,"[ 0.         -0.23316295  1.09658088  2.97559756 -1.77035977 -0.00315052
  0.96001711  1.57091524]","[ 0.00000000e+00  1.00755793e-04  7.00262646e-02  3.44690848e-05
  9.55176264e-02 -3.75798828e-02  0.00000000e+00  0.00000000e+00]","[ 0.         -0.17920567 17.71576309  1.4186002  -2.33791161 -0.90185624
 -1.63792944 -0.10598062]"
1747093053.1609266,"[ 0.         -0.23316295  1.09664972  2.97559756 -1.77026549 -0.0031878
  0.96001711  1.57091524]","[ 0.00000000e+00  9.54538036e-05  6.96145440e-02  3.44694302e-05
  9.56145072e-02 -3.78136459e-02  0.00000000e+00  0.00000000e+00]","[ 0.         -0.18829694 17.79698944  1.46210241 -2.22471023 -0.89248645
 -1.641976   -0.10207859]"
1747093053.1626134,"[ 0.         -0.23316295  1.096793    2.97559702 -1.77006842 -0.00326077
  0.96001711  1.57091524]","[ 0.00000000e+00  9.55260799e-05  7.09674756e-02  2.91664395e-05
  9.61547045e-02 -3.61930625e-02  0.00000000e+00  0.00000000e+00]","[ 0.         -0.22905375 17.98547173  1.41585612 -2.01975822 -0.87981397
 -1.57193613 -0.10880195]"
1747093053.163731,"[ 0.         -0.23316295  1.09686464  2.97559702 -1.76997201 -0.00329912
  0.96001711  1.57091524]","[ 0.00000000e+00  9.02190763e-05  7.26562194e-02  2.91664395e-05
  9.76762183e-02 -3.61106584e-02  0.00000000e+00  0.00000000e+00]","[ 0.         -0.23751238 18.04812622  1.4484663  -1.90536904 -0.89614153
 -1.53030622 -0.11464031]"
1747093053.1661081,"[ 0.         -0.23316295  1.09701384  2.97559702 -1.76976695 -0.0033705
  0.96001711  1.57091524]","[ 0.00000000e+00  8.48478263e-05  7.58204875e-02  2.91440955e-05
  1.00213021e-01 -3.56167419e-02  0.00000000e+00  0.00000000e+00]","[ 0.         -0.2788769  18.09763527  1.47198474 -1.71129167 -0.86763555
 -1.56450808 -0.12995048]"
1747093053.1671774,"[ 0.         -0.23316348  1.0970956   2.97559702 -1.76956988 -0.00343974
  0.96001611  1.57091524]","[ 0.00000000e+00  7.42980657e-05  7.69859201e-02  2.91664395e-05
  1.00476258e-01 -3.45724769e-02 -1.05979587e-05  0.00000000e+00]","[ 0.         -0.32296392 18.14165115  1.46904302 -1.62899518 -0.87694156
 -1.61446762 -0.11298431]"
1747093053.1689234,"[ 0.         -0.23316348  1.09717184  2.97559702 -1.76946974 -0.00347702
  0.96001711  1.57091524]","[ 0.00000000e+00  7.42418490e-05  7.72478753e-02  2.91664395e-05
  1.01556652e-01 -3.51075830e-02  0.00000000e+00  0.00000000e+00]","[ 0.         -0.30984798 18.13774872  1.47666812 -1.62652814 -0.85842663
 -1.62597442 -0.10232752]"
1747093053.1706014,"[ 0.         -0.23316348  1.09733023  2.97559702 -1.76926468 -0.00354733
  0.96001711  1.57091524]","[ 0.00000000e+00  6.89381696e-05  8.10292395e-02  2.91664395e-05
  9.98058484e-02 -3.56528652e-02  0.00000000e+00  0.00000000e+00]","[ 0.         -0.3225081  18.13645935  1.51243079 -1.67254138 -0.86137336
 -1.57432759 -0.10413462]"
1747093053.1729546,"[ 0.         -0.23316348  1.09749647  2.97559756 -1.7690692  -0.00362723
  0.96001711  1.57091524]","[ 0.00000000e+00  6.89388604e-05  8.10292395e-02  3.44694302e-05
  9.88556741e-02 -3.96214163e-02  0.00000000e+00  0.00000000e+00]","[ 0.         -0.34016833 18.17750549  1.51091039 -1.69365466 -0.88831657
 -1.5681746  -0.10223587]"
1747093053.1747725,"[ 0.         -0.23316348  1.09766592  2.97559756 -1.7688684  -0.00370978
  0.96001611  1.57091524]","[ 0.00000000e+00  6.36358718e-05  8.30043562e-02  3.44694302e-05
  9.77752879e-02 -4.32155977e-02 -1.05899522e-05  0.00000000e+00]","[ 0.         -0.33715534 18.21652794  1.53623331 -1.70189881 -0.88818681
 -1.63568783 -0.10748648]"
1747093053.1759286,"[ 0.         -0.23316348  1.09774854  2.97559756 -1.76877093 -0.00375399
  0.96001611  1.57091524]","[ 0.00000000e+00  6.36358718e-05  8.37302174e-02  3.44694302e-05
  9.88556741e-02 -4.48361812e-02 -1.05899522e-05  0.00000000e+00]","[ 0.         -0.33788911 18.2632637   1.53156304 -1.70605946 -0.88360554
 -1.64475143 -0.09310961]"
1747093053.1776023,"[ 0.         -0.23316348  1.09791066  2.97559756 -1.76857599 -0.00384614
  0.96001711  1.57091524]","[ 0.00000000e+00  6.36358718e-05  8.21096340e-02  3.44694302e-05
  9.82158663e-02 -4.42959881e-02  0.00000000e+00  0.00000000e+00]","[ 0.         -0.31349891 18.33335304  1.51915348 -1.75924838 -0.87556088
 -1.60230923 -0.07467013]"
1747093053.1792247,"[ 0.         -0.23316348  1.09807778  2.97559756 -1.76837145 -0.00392763
  0.96001711  1.57091524]","[ 0.00000000e+00  5.83328791e-05  8.22962633e-02  2.91664395e-05
  1.00476258e-01 -3.94342335e-02  0.00000000e+00  0.00000000e+00]","[ 0.         -0.273074   18.4571476   1.51346457 -1.87717474 -0.8669889
 -1.58743501 -0.10393932]"
1747093053.181185,"[ 0.         -0.23316348  1.09816     2.97559756 -1.76827238 -0.00396704
  0.96001611  1.57091524]","[ 0.00000000e+00  5.83328791e-05  8.34601230e-02  2.91664395e-05
  1.00476258e-01 -3.71137339e-02 -1.05979587e-05  0.00000000e+00]","[ 0.         -0.2832576  18.48241997  1.48039603 -1.95267189 -0.86930549
 -1.61926675 -0.10509244]"
1747093053.1828952,"[ 0.         -0.23316348  1.09832851  2.97559756 -1.76806679 -0.00402883
  0.96001611  1.57091524]","[ 0.00000000e+00  5.83328791e-05  8.25028247e-02  2.91888161e-05
  1.01016455e-01 -3.02509176e-02 -1.05900569e-05  0.00000000e+00]","[ 0.         -0.21622033 18.54754829  1.49407578 -2.09253454 -0.87902981
 -1.69278002 -0.09917014]"
1747093053.184563,"[ 0.         -0.23316295  1.09850075  2.97559756 -1.76786812 -0.00407623
  0.96001611  1.57091524]","[ 0.00000000e+00  5.82887721e-05  8.80517789e-02  2.91664395e-05
  9.99360687e-02 -2.10889922e-02 -1.05978530e-05  0.00000000e+00]","[ 0.         -0.19660181 18.53269196  1.49070144 -2.40193319 -0.90285546
 -1.69375372 -0.10051896]"
1747093053.1863997,"[ 0.         -0.23316348  1.09868624  2.97559756 -1.76766039 -0.00410766
  0.96001611  1.57091524]","[ 0.00000000e+00  4.77269018e-05  9.17812530e-02  2.91885255e-05
  1.02096849e-01 -1.26371436e-02 -1.05899522e-05  0.00000000e+00]","[ 0.         -0.18297049 18.48137665  1.51782835 -2.61688399 -0.91572785
 -1.63277543 -0.11492329]"
1747093053.1881528,"[ 0.         -0.23316295  1.09877945  2.97559756 -1.76755972 -0.00411512
  0.96001611  1.57091524]","[ 0.00000000e+00  5.30298904e-05  9.45341127e-02  2.91664395e-05
  1.02096849e-01 -7.02813517e-03 -1.05979587e-05  0.00000000e+00]","[ 0.         -0.16875423 18.42218781  1.50272918 -2.72716618 -0.92855161
 -1.6567421  -0.11164117]"
1747093053.1899333,"[ 0.         -0.23316295  1.09897187  2.97559756 -1.76736105 -0.00411831
  0.96001611  1.57091524]","[ 0.00000000e+00  5.30304187e-05  9.88556741e-02  2.38634509e-05
  1.00476258e-01  0.00000000e+00 -1.05980643e-05  0.00000000e+00]","[ 0.         -0.14725681 18.31648254  1.48941708 -2.84241605 -0.9379099
 -1.68890631 -0.12476806]"
1747093053.1911335,"[ 0.         -0.23316295  1.09918079  2.97559756 -1.76715705 -0.00411352
  0.96001611  1.57091524]","[ 0.00000000e+00  4.76908124e-05  1.03447330e-01  2.38634509e-05
  9.83154852e-02  1.50461085e-03 -1.05979587e-05  0.00000000e+00]","[ 0.         -0.10243391 18.08825302  1.48930645 -2.77445602 -0.94091767
 -1.69021368 -0.11183566]"
1747093053.1929271,"[ 0.         -0.23316295  1.09928499  2.97559756 -1.76706224 -0.00411245
  0.96001611  1.57091524]","[ 0.00000000e+00  4.76908124e-05  1.05501110e-01  2.38634509e-05
  9.61547045e-02  1.40435142e-03 -1.05979587e-05  0.00000000e+00]","[ 0.         -0.07257639 17.98645592  1.52351379 -2.70098281 -0.94214982
 -1.66676271 -0.10032633]"
1747093053.1946695,"[ 0.         -0.23316295  1.09949578  2.97559756 -1.76686943 -0.00411458
  0.96001611  1.57091524]","[ 0.00000000e+00  4.77269018e-05  1.08038994e-01  2.38273920e-05
  9.37874039e-02  7.33508815e-04 -1.05900569e-05  0.00000000e+00]","[ 0.         -0.07566182 17.77784729  1.52376223 -2.51168871 -0.93901771
 -1.58280718 -0.08954205]"
1747093053.197054,"[ 0.         -0.23316295  1.09971988  2.97559756 -1.76668674 -0.00411725
  0.96001611  1.57091524]","[ 0.00000000e+00  4.23918346e-05  1.09389475e-01  2.38632132e-05
  9.22797468e-02 -1.75525527e-04 -1.05980643e-05  0.00000000e+00]","[ 0.         -0.05026578 17.54209518  1.55703056 -2.17139196 -0.9374947
 -1.5759002  -0.09366699]"
1747093053.1982036,"[ 0.         -0.23316295  1.09993387  2.97559756 -1.76649606 -0.00411831
  0.96001711  1.57091524]","[ 0.00000000e+00  4.24239132e-05  1.08579183e-01  1.85184257e-05
  9.37874039e-02 -2.62445049e-04  0.00000000e+00  0.00000000e+00]","[ 0.         -0.0552709  17.19678116  1.56575918 -1.92638338 -0.94717294
 -1.54805005 -0.10554249]"
1747093053.1999784,"[ 0.         -0.23316295  1.10004499  2.97559756 -1.76640551 -0.00411831
  0.96001711  1.57091524]","[ 0.00000000e+00  4.24239132e-05  1.04570452e-01  1.85184257e-05
  9.18331430e-02 -5.96155957e-04  0.00000000e+00  0.00000000e+00]","[ 0.         -0.02339466 17.03489113  1.56314409 -1.76694357 -0.96872479
 -1.50997567 -0.1355603 ]"
1747093053.2016916,"[ 0.         -0.23316295  1.10024013  2.97559756 -1.76622814 -0.00411831
  0.96001804  1.57091524]","[ 0.00000000e+00  3.70928568e-05  9.77752879e-02  1.85324169e-05
  8.96723623e-02 -6.48975882e-04  1.05978530e-05  0.00000000e+00]","[ 0.00000000e+00 -9.06335306e-04  1.67233982e+01  1.62528539e+00
 -1.57496274e+00 -9.58925784e-01 -1.43595803e+00 -1.13536164e-01]"
1747093053.2041442,"[ 0.         -0.23316295  1.10042888  2.97559756 -1.76604492 -0.00411831
  0.9600209   1.57091524]","[ 0.00000000e+00  3.70928568e-05  9.00258803e-02  1.85184257e-05
  8.97634008e-02 -5.80669376e-04  3.70928568e-05  0.00000000e+00]","[ 0.00000000e+00  1.52904652e-02  1.64546967e+01  1.60151434e+00
 -1.39853954e+00 -9.48796749e-01 -1.28108537e+00 -1.30950108e-01]"
1747093053.2063596,"[ 0.         -0.23316242  1.10059693  2.97559756 -1.76587128 -0.00411725
  0.96003042  1.57091524]","[ 0.00000000e+00  4.23922572e-05  8.37302174e-02  1.58849283e-05
  8.80517789e-02 -4.32799730e-04  1.32474482e-04  0.00000000e+00]","[ 0.          0.08708083 16.33950043  1.58269215 -1.36042559 -0.95730376
 -0.88620591 -0.06057194]"
1747093053.2086892,"[ 0.         -0.23316242  1.10083342  2.97559756 -1.76559005 -0.00411725
  0.9600466   1.57091524]","[0.00000000e+00 4.23282464e-05 7.39766979e-02 1.58850858e-05
 9.50743100e-02 0.00000000e+00 2.94090421e-04 0.00000000e+00]","[ 0.          0.14642282 16.25379753  1.58596623 -1.15823257 -0.88352567
 -0.46296749 -0.10097618]"
1747093053.2104328,"[ 0.         -0.23316188  1.10096291  2.97559756 -1.76539191 -0.00411725
  0.96004181  1.57091524]","[0.00000000e+00 4.23278279e-05 6.32028089e-02 1.58849283e-05
 1.02637038e-01 0.00000000e+00 2.46402543e-04 0.00000000e+00]","[ 0.          0.17668831 16.04294586  1.57438326 -1.04801106 -0.82919079
 -0.65805131 -0.09092627]"
1747093053.2121284,"[ 0.         -0.23316188  1.1010217   2.97559756 -1.76528059 -0.00411725
  0.96003801  1.57091524]","[0.00000000e+00 4.22958956e-05 5.96310647e-02 1.58729355e-05
 1.04821213e-01 0.00000000e+00 2.06660195e-04 0.00000000e+00]","[ 0.          0.21775244 15.92891693  1.54525077 -1.0093962  -0.83697456
 -0.71300954 -0.07706564]"
1747093053.213342,"[ 0.         -0.23316135  1.10113096  2.97559756 -1.7650686  -0.00411725
  0.96003895  1.57091524]","[0.00000000e+00 4.76192757e-05 5.13185192e-02 1.05899522e-05
 1.08038994e-01 0.00000000e+00 2.17260321e-04 0.00000000e+00]","[ 0.          0.29472575 15.74861336  1.47757041 -1.11766005 -0.85094947
 -0.70966244 -0.09538271]"
1747093053.214496,"[ 0.         -0.23316135  1.1011755   2.97559756 -1.76495888 -0.00411725
  0.96004088  1.57091524]","[0.00000000e+00 4.23278279e-05 4.51062798e-02 1.05899522e-05
 1.11280161e-01 0.00000000e+00 2.35802222e-04 0.00000000e+00]","[ 0.          0.34755567 15.66477966  1.49065042 -1.16864979 -0.88344091
 -0.70736283 -0.07570223]"
1747093053.2162118,"[ 0.         -0.23316082  1.10125539  2.97559756 -1.76473091 -0.00411725
  0.96004088  1.57091524]","[0.00000000e+00 4.76188043e-05 3.70788174e-02 1.05899522e-05
 1.11707058e-01 0.00000000e+00 2.35804579e-04 0.00000000e+00]","[ 0.          0.43590882 15.52710342  1.37499583 -1.34205639 -0.90066433
 -0.78132206 -0.11543499]"
1747093053.217937,"[ 0.         -0.23316029  1.10128895  2.97559756 -1.76461959 -0.00411725
  0.96003895  1.57091524]","[0.00000000e+00 4.76188043e-05 3.40322817e-02 1.05899522e-05
 1.12900745e-01 0.00000000e+00 2.17258159e-04 0.00000000e+00]","[ 0.          0.46392196 15.47434425  1.34535837 -1.41934979 -0.91097087
 -0.85302305 -0.12592515]"
1747093053.21965,"[ 0.         -0.23316029  1.10135     2.97559756 -1.76439003 -0.00411725
  0.96003801  1.57091524]","[0.00000000e+00 4.75828816e-05 3.02509176e-02 1.05899522e-05
 1.11842729e-01 0.00000000e+00 2.06660195e-04 0.00000000e+00]","[ 0.          0.51301372 15.46290779  1.34065711 -1.55732214 -0.93058991
 -0.97046053 -0.10586537]"
1747093053.2211,"[ 0.         -0.23315975  1.10137803  2.97559756 -1.76427818 -0.00411725
  0.96003801  1.57091524]","[0.00000000e+00 5.29103091e-05 2.83602355e-02 1.05899522e-05
 1.13326002e-01 0.00000000e+00 2.06660195e-04 0.00000000e+00]","[ 0.          0.51511317 15.50139904  1.32366991 -1.58957934 -0.91653156
 -1.00791109 -0.13134879]"
1747093053.2227957,"[ 0.         -0.23315922  1.10143036  2.97559756 -1.764055   -0.00411725
  0.96003608  1.57091524]","[0.00000000e+00 5.82007654e-05 2.48489678e-02 5.29502843e-06
 1.12474622e-01 0.00000000e+00 1.87831594e-04 0.00000000e+00]","[ 0.          0.55532628 15.62274075  1.30230486 -1.65789616 -0.87579846
 -1.17368996 -0.14204279]"
1747093053.2244723,"[ 0.         -0.23315922  1.10147171  2.97559756 -1.76382437 -0.00411725
  0.96003422  1.57091524]","[0.00000000e+00 5.82007654e-05 1.85568669e-02 5.29497611e-06
 1.12360547e-01 0.00000000e+00 1.69311312e-04 0.00000000e+00]","[ 0.          0.57914907 15.76175594  1.32163727 -1.69733059 -0.89146161
 -1.26646924 -0.1070232 ]"
1747093053.2257152,"[ 0.         -0.23315922  1.10148822  2.97559756 -1.76371785 -0.00411725
  0.96003422  1.57091524]","[0.00000000e+00 5.29097849e-05 1.67460433e-02 5.29497611e-06
 1.08038994e-01 0.00000000e+00 1.69311312e-04 0.00000000e+00]","[ 0.          0.54902428 15.85964775  1.31457126 -1.72230673 -0.89861232
 -1.28290045 -0.11412174]"
1747093053.2273977,"[ 0.         -0.23315869  1.10150247  2.97559756 -1.76361239 -0.00411831
  0.96003515  1.57091524]","[ 0.00000000e+00  5.82013384e-05  1.45852636e-02  5.29497611e-06
  1.06958600e-01 -3.65680715e-05  1.79893264e-04  0.00000000e+00]","[ 0.          0.55970836 15.9684515   1.32498443 -1.79187787 -0.92316091
 -1.28166831 -0.09218913]"
1747093053.2285974,"[ 0.         -0.23315816  1.10152264  2.97559756 -1.76339454 -0.00411831
  0.96003608  1.57091524]","[0.00000000e+00 6.34917418e-05 8.91321630e-03 5.29492328e-06
 1.05878214e-01 0.00000000e+00 1.87831594e-04 0.00000000e+00]","[ 0.          0.55502188 16.16455841  1.35635114 -1.95826507 -0.93153632
 -1.27043891 -0.11402784]"
1747093053.2303426,"[ 0.         -0.23315762  1.10152957  2.97559756 -1.76329068 -0.00411831
  0.96003608  1.57091524]","[0.00000000e+00 6.87827183e-05 6.51384652e-03 5.29897933e-06
 1.05338016e-01 0.00000000e+00 1.87831594e-04 0.00000000e+00]","[ 0.          0.54487699 16.25953102  1.36154747 -2.00438952 -0.9537006
 -1.26308644 -0.11379885]"
1747093053.2315252,"[ 0.         -0.23315709  1.10153503  2.97559756 -1.76306857 -0.00411831
  0.96003515  1.57091524]","[0.00000000e+00 6.87834010e-05 1.89068235e-03 0.00000000e+00
 1.09119380e-01 0.00000000e+00 1.79893264e-04 0.00000000e+00]","[ 0.          0.53314364 16.50364685  1.39757562 -2.11704063 -0.95140958
 -1.27198136 -0.10864551]"
1747093053.233313,"[ 0.         -0.23315709  1.10153503  2.97559756 -1.76295991 -0.00411831
  0.96003515  1.57091524]","[0.00000000e+00 6.87308335e-05 0.00000000e+00 0.00000000e+00
 1.10199767e-01 0.00000000e+00 1.79893264e-04 0.00000000e+00]","[ 0.          0.52197051 16.6012516   1.45422351 -2.17029524 -0.96057212
 -1.26057553 -0.10641467]"
1747093053.2349646,"[ 0.         -0.23315709  1.10153323  2.97559756 -1.76273301 -0.00411831
  0.96003515  1.57091524]","[ 0.00000000e+00  6.87834010e-05 -6.14440613e-04  0.00000000e+00
  1.11737517e-01  0.00000000e+00  1.79895052e-04  0.00000000e+00]","[ 0.          0.50627422 16.91038704  1.56382632 -2.2319479  -0.94805682
 -1.30796027 -0.0967562 ]"
1747093053.2366831,"[ 0.         -0.23315656  1.10153503  2.97559782 -1.7625157  -0.00411831
  0.96003515  1.57091524]","[0.00000000e+00 6.87308335e-05 4.38886152e-04 2.64748806e-06
 1.09659578e-01 0.00000000e+00 1.79893264e-04 0.00000000e+00]","[ 0.          0.48896474 17.22942734  1.65472949 -2.26610351 -0.92839676
 -1.35304284 -0.09244829]"
1747093053.2378185,"[ 0.         -0.23315603  1.10153642  2.97559782 -1.76240757 -0.00411831
  0.96003515  1.57091524]","[0.00000000e+00 7.40737029e-05 6.62313144e-04 2.64948966e-06
 1.09659578e-01 0.00000000e+00 1.79893264e-04 0.00000000e+00]","[ 0.          0.46215186 17.39875603  1.66409767 -2.28074765 -0.93040013
 -1.37270963 -0.10146832]"
1747093053.2395747,"[ 0.         -0.23315603  1.10153875  2.97559782 -1.76218333 -0.00411831
  0.96003515  1.57091524]","[0.00000000e+00 7.40744343e-05 8.44319398e-04 2.64748806e-06
 1.09119380e-01 0.00000000e+00 1.79893264e-04 0.00000000e+00]","[ 0.          0.45117173 17.6979847   1.72800744 -2.3039341  -0.967269
 -1.39803982 -0.09849034]"
1747093053.2407792,"[ 0.         -0.23315603  1.10153962  2.97559782 -1.76207468 -0.00411884
  0.96003515  1.57091524]","[ 0.00000000e+00  7.40744343e-05  1.05315316e-03  2.64748806e-06
  1.10199767e-01 -1.26051879e-05  1.79893264e-04  0.00000000e+00]","[ 0.          0.41550505 17.80657387  1.78607821 -2.30267    -1.00514841
 -1.40873659 -0.12490375]"
1747093053.242492,"[ 0.         -0.23315549  1.10154102  2.97559836 -1.76196655 -0.00411884
  0.96003515  1.57091524]","[ 0.00000000e+00  7.93646793e-05  1.09470823e-03  7.94846874e-06
  1.09548466e-01 -1.23177591e-05  1.79895052e-04  0.00000000e+00]","[ 0.          0.41756195 17.92088509  1.83678114 -2.30162525 -1.0124439
 -1.44292045 -0.12660336]"
1747093053.2443223,"[ 0.         -0.23315549  1.10154421  2.97559889 -1.76174391 -0.00412098
  0.96003322  1.57091524]","[ 0.00000000e+00  7.93646793e-05  1.20945510e-03  1.32374398e-05
  1.08038994e-01 -6.02170891e-05  1.58609611e-04  0.00000000e+00]","[ 0.          0.36874506 18.11241341  1.89438462 -2.31438899 -1.03855228
 -1.54864073 -0.10382671]"
1747093053.2455218,"[ 0.         -0.23315496  1.10154788  2.97559915 -1.76153725 -0.00412204
  0.96003229  1.57091524]","[ 0.00000000e+00  8.46556558e-05  1.32244361e-03  1.58969375e-05
  1.04151994e-01 -8.07035988e-05  1.50792882e-04  0.00000000e+00]","[ 0.          0.36420155 18.27157784  1.96508873 -2.27626443 -1.085127
 -1.60178375 -0.13418694]"
1747093053.2471797,"[ 0.         -0.23315496  1.10155067  2.97559969 -1.76142913 -0.00412311
  0.96003229  1.57091524]","[ 0.00000000e+00  8.46556558e-05  1.45720971e-03  2.11799045e-05
  1.01907956e-01 -1.03759521e-04  1.50680627e-04  0.00000000e+00]","[ 0.          0.37485418 18.33460045  1.99732852 -2.26831007 -1.08385336
 -1.63541877 -0.1419525 ]"
1747093053.2490056,"[ 0.         -0.23315443  1.10155706  2.97560075 -1.76123525 -0.00412311
  0.96003229  1.57091524]","[ 0.00000000e+00  8.99466322e-05  1.91479540e-03  3.17695397e-05
  9.77752879e-02 -1.01430141e-04  1.50792882e-04  0.00000000e+00]","[ 0.          0.34934053 18.50146866  2.06374502 -2.21660829 -1.04579628
 -1.6427542  -0.12614019]"
1747093053.25073,"[ 0.         -0.23315389  1.10156625  2.97560102 -1.76104297 -0.00412311
  0.96003229  1.57091524]","[ 0.00000000e+00  9.52376087e-05  3.13313048e-03  3.44173463e-05
  9.27843326e-02 -9.93552029e-05  1.50679132e-04  0.00000000e+00]","[ 0.          0.33929148 18.63498878  2.11562037 -2.16513681 -1.02588582
 -1.60746431 -0.11782441]"
1747093053.2524557,"[ 0.         -0.23315389  1.10157178  2.97560102 -1.76095242 -0.00412311
  0.96003229  1.57091524]","[ 0.00000000e+00  8.99466322e-05  4.20191190e-03  3.44173463e-05
  9.18331430e-02 -9.93552029e-05  1.50679132e-04  0.00000000e+00]","[ 0.          0.34469363 18.69103622  2.11647105 -2.13766932 -1.02293515
 -1.58910275 -0.12233473]"
1747093053.2536478,"[ 0.         -0.23315336  1.10158696  2.97560102 -1.76077505 -0.00412311
  0.96003136  1.57091524]","[ 0.00000000e+00  9.53095680e-05  6.84662410e-03  3.44433659e-05
  8.91321651e-02 -9.73654393e-05  1.42857835e-04  0.00000000e+00]","[ 0.          0.36780131 18.76587296  2.10593843 -2.07447886 -1.05389631
 -1.60063279 -0.12493965]"
1747093053.2553663,"[ 0.         -0.23315336  1.10159521  2.97560155 -1.7606877  -0.00412364
  0.96003136  1.57091617]","[ 0.00000000e+00  9.52376087e-05  8.09881748e-03  3.97123214e-05
  8.85919761e-02 -1.06059781e-04  1.42750067e-04  1.05820616e-05]","[ 0.          0.3770701  18.78863907  2.05528831 -2.06566739 -1.06733871
 -1.60207558 -0.1338236 ]"
1747093053.256557,"[ 0.         -0.23315283  1.10161539  2.97560155 -1.76050874 -0.00412364
  0.96003136  1.57091617]","[ 0.00000000e+00  1.00528593e-04  1.08038994e-02  3.97123214e-05
  8.75115816e-02 -1.24633631e-04  1.42857835e-04  1.05899522e-05]","[ 0.          0.42776677 18.76739311  2.00491524 -2.11068845 -1.078493
 -1.60065925 -0.15006885]"
1747093053.2583032,"[ 0.         -0.23315176  1.10164202  2.97560155 -1.76034096 -0.0041247
  0.96003136  1.57091617]","[ 0.00000000e+00  1.11110546e-04  1.35048743e-02  3.97123214e-05
  8.37302174e-02 -1.42665705e-04  1.42748653e-04  1.05899522e-05]","[ 0.          0.49160069 18.64528465  1.95518255 -2.19190454 -1.07247388
 -1.57776701 -0.15259734]"
1747093053.2600255,"[ 0.         -0.23315123  1.1016572   2.97560155 -1.76024082 -0.0041247
  0.96003136  1.57091617]","[ 0.00000000e+00  1.16402677e-04  1.53799571e-02  3.97123214e-05
  8.25514025e-02 -1.40024244e-04  1.42856421e-04  1.05820616e-05]","[ 0.          0.52333379 18.55169487  1.94741321 -2.22481799 -1.07372904
 -1.59448004 -0.15442681]"
1747093053.2617946,"[ 0.         -0.23315017  1.10169442  2.97560208 -1.76008103 -0.0041247
  0.96003136  1.57091617]","[ 0.00000000e+00  1.26983484e-04  1.90763664e-02  4.49737631e-05
  8.04074995e-02 -1.37478816e-04  1.42750067e-04  1.05899522e-05]","[ 0.          0.58994293 18.4223938   1.89716256 -2.28227782 -1.042009
 -1.61504328 -0.14881594]"
1747093053.2635539,"[ 0.         -0.23315017  1.10171552  2.97560208 -1.7600022  -0.0041247
  0.96003136  1.57091617]","[ 0.00000000e+00  1.26983484e-04  2.13160808e-02  5.03022715e-05
  7.99488533e-02 -1.37476280e-04  1.42750067e-04  1.05819570e-05]","[ 0.          0.61517054 18.33714867  1.87136924 -2.28151846 -1.02977788
 -1.61800921 -0.13765875]"
1747093053.264663,"[ 0.         -0.2331491   1.10176279  2.97560208 -1.75984401 -0.0041247
  0.96003136  1.57091617]","[ 0.00000000e+00  1.37566802e-04  2.51190644e-02  5.03022715e-05
  7.72478753e-02 -1.37283922e-04  1.42856421e-04  1.05819570e-05]","[ 0.          0.65496725 18.13731575  1.86534941 -2.23601174 -0.99993044
 -1.59433293 -0.13226986]"
1747093053.2670557,"[ 0.         -0.2331475   1.10181792  2.97560208 -1.75969061 -0.0041247
  0.96003136  1.57091617]","[ 0.00000000e+00  1.53438374e-04  2.69823804e-02  5.03027714e-05
  7.77092596e-02 -1.35021845e-04  1.42750067e-04  1.05820616e-05]","[ 0.          0.6374802  17.91684532  1.80854988 -2.19863915 -0.99750775
 -1.57644987 -0.12766089]"
1747093053.2688138,"[ 0.         -0.23314697  1.10187072  2.97560208 -1.75953296 -0.00412577
  0.96003136  1.57091617]","[ 0.00000000e+00  1.64020327e-04  2.50768450e-02  5.03022715e-05
  7.61674891e-02 -1.51396612e-04  1.50794377e-04  1.05819570e-05]","[ 0.          0.68517524 17.68141365  1.7981416  -2.12209678 -1.03069353
 -1.54351032 -0.13881855]"
1747093053.270394,"[ 0.         -0.2331459   1.10191386  2.97560208 -1.75938329 -0.00412577
  0.96003136  1.57091617]","[ 0.00000000e+00  1.74602296e-04  2.10676037e-02  5.02642966e-05
  7.61674891e-02 -1.48792943e-04  1.42748653e-04  1.05819570e-05]","[ 0.          0.69162458 17.50509644  1.79391503 -2.05711317 -1.02602148
 -1.52265692 -0.13208018]"
1747093053.2727106,"[ 0.         -0.23314484  1.10195015  2.97560262 -1.75923308 -0.00412577
  0.96003136  1.57091617]","[ 0.00000000e+00  1.95031931e-04  1.65507181e-02  5.03017717e-05
  7.28524278e-02 -1.46084220e-04  1.42857835e-04  1.05820616e-05]","[ 0.          0.71422553 17.34548569  1.76890445 -2.01750064 -1.0167172
 -1.49522829 -0.11992397]"
1747093053.273914,"[ 0.         -0.23314431  1.10196486  2.97560262 -1.75916384 -0.00412577
  0.96003136  1.57091617]","[ 0.00000000e+00  2.08254695e-04  1.48403102e-02  5.03022715e-05
  7.02966420e-02 -1.46274789e-04  1.42750067e-04  1.05819570e-05]","[ 0.          0.72423869 17.29515648  1.76870847 -1.98979509 -1.01903391
 -1.49309337 -0.12245428]"
1747093053.2755604,"[ 0.         -0.23314324  1.10198963  2.97560262 -1.75909566 -0.00412577
  0.96003136  1.57091617]","[ 0.00000000e+00  2.57464886e-04  1.16141912e-02  5.03022715e-05
  6.90748961e-02 -1.43840461e-04  1.50792882e-04  1.05819570e-05]","[ 0.          0.76519918 17.1707077   1.76582587 -1.9847548  -1.02074313
 -1.51189196 -0.12305187]"
1747093053.2773652,"[ 0.         -0.23314271  1.10200021  2.97560262 -1.75902323 -0.00412577
  0.96003136  1.57091617]","[ 0.00000000e+00  2.92876882e-04  1.08038994e-02  5.03022715e-05
  6.82090192e-02 -1.41305175e-04  1.50792882e-04  1.05819570e-05]","[ 0.          0.76992595 17.12166595  1.75701833 -1.94499338 -1.01484716
 -1.50769675 -0.10377527]"
1747093053.2785308,"[ 0.         -0.23314218  1.10201859  2.97560288 -1.75888687 -0.00412683
  0.96003136  1.57091617]","[ 0.00000000e+00  3.10828610e-04  8.37302164e-03  5.29103091e-05
  6.91449538e-02 -1.56411170e-04  1.42750067e-04  1.05900569e-05]","[ 0.          0.75497586 17.05571938  1.79995525 -1.93846416 -1.01765895
 -1.47967792 -0.10462071]"
1747093053.2802572,"[ 0.         -0.23314164  1.10202591  2.97560288 -1.75881976 -0.00412683
  0.96003136  1.57091617]","[ 0.00000000e+00  3.12261067e-04  7.56272939e-03  5.29103091e-05
  6.79956001e-02 -1.53747391e-04  1.42748653e-04  1.05819570e-05]","[ 0.          0.74928975 17.03955269  1.81861258 -1.93868864 -1.00281239
 -1.46351457 -0.10235954]"
1747093053.281478,"[ 0.         -0.23314111  1.10203969  2.97560342 -1.75867808 -0.00412683
  0.96003136  1.57091617]","[ 0.00000000e+00  3.20512835e-04  6.51998011e-03  5.82447383e-05
  6.96851469e-02 -1.51356593e-04  1.50679132e-04  1.05899522e-05]","[ 0.          0.75658369 17.03064346  1.835639   -1.97299135 -1.02166402
 -1.49030268 -0.12373083]"
1747093053.283262,"[ 0.         -0.23314058  1.10204522  2.97560342 -1.75860884 -0.00412683
  0.96003136  1.57091617]","[ 0.00000000e+00  3.20512835e-04  5.67204678e-03  5.82007654e-05
  7.02253442e-02 -1.51536012e-04  1.50679132e-04  1.05899522e-05]","[ 0.          0.73937148 16.98374367  1.83949149 -1.99651372 -1.00952208
 -1.50062656 -0.14170779]"
1747093053.2849782,"[ 0.         -0.23314005  1.10205487  2.97560395 -1.75846716 -0.00412683
  0.96003136  1.57091617]","[ 0.00000000e+00  3.20049415e-04  5.13185212e-03  6.35397134e-05
  6.80645635e-02 -1.49034357e-04  1.50792882e-04  1.05819570e-05]","[ 0.          0.69750279 17.00138474  1.88103151 -2.0974679  -1.01680708
 -1.53126442 -0.12959607]"
1747093053.2861364,"[ 0.         -0.23313951  1.10205987  2.97560421 -1.75840058 -0.0041279
  0.96003136  1.57091617]","[ 0.00000000e+00  3.30522641e-04  4.94141218e-03  6.61878551e-05
  6.75243704e-02 -1.65593728e-04  1.50680627e-04  1.05820616e-05]","[ 0.          0.7070899  17.02514267  1.88312161 -2.13236952 -1.02078426
 -1.52317107 -0.12057058]"
1747093053.2878096,"[ 0.         -0.23313845  1.10206866  2.97560475 -1.75826902 -0.0041279
  0.96003136  1.57091617]","[ 0.00000000e+00  3.49997299e-04  4.45434966e-03  7.14282106e-05
  6.69163041e-02 -1.63091455e-04  1.50792882e-04  1.05819570e-05]","[ 0.          0.70436466 17.11296082  1.90203583 -2.14417195 -1.02858782
 -1.49555361 -0.11526423]"
1747093053.2894764,"[ 0.         -0.23313792  1.10207278  2.97560475 -1.75819818 -0.0041279
  0.96003136  1.57091617]","[ 0.00000000e+00  3.67824971e-04  4.32009878e-03  7.14821760e-05
  6.67044122e-02 -1.63091455e-04  1.50792882e-04  1.05819570e-05]","[ 0.          0.69802183 17.15081215  1.90551794 -2.14256859 -1.02193439
 -1.49974334 -0.11731359]"
1747093053.2906275,"[ 0.         -0.23313685  1.10208104  2.97560475 -1.75807088 -0.00412843
  0.96003136  1.57091617]","[ 0.00000000e+00  4.01202878e-04  4.03775273e-03  7.14282106e-05
  6.42831993e-02 -1.68699405e-04  1.50679132e-04  1.05899522e-05]","[ 0.          0.68358612 17.28313828  1.92658889 -2.11741424 -1.01793873
 -1.52388382 -0.10409129]"
1747093053.2924273,"[ 0.         -0.23313632  1.10208517  2.97560528 -1.75800963 -0.00412843
  0.96003136  1.57091617]","[ 0.00000000e+00  4.18803798e-04  4.03775273e-03  7.67184231e-05
  6.21224186e-02 -1.66227415e-04  1.50794377e-04  1.05820616e-05]","[ 0.          0.6648646  17.37063789  1.91865027 -2.1257112  -1.01651788
 -1.54109025 -0.1066061 ]"
1747093053.2935958,"[ 0.         -0.23313578  1.10209482  2.97560581 -1.75788073 -0.00412843
  0.96003136  1.57091617]","[ 0.00000000e+00  4.49030839e-04  4.52298588e-03  8.20721262e-05
  6.32028089e-02 -1.50228797e-04  1.50680627e-04  1.05819570e-05]","[ 0.          0.61062711 17.48271942  1.95179927 -2.08324289 -1.01977992
 -1.52831984 -0.10359938]"
1747093053.2953687,"[ 0.         -0.23313525  1.10210121  2.97560608 -1.75781681 -0.0041295
  0.96003136  1.57091617]","[ 0.00000000e+00  4.60633762e-04  5.26489835e-03  8.47196178e-05
  6.48233924e-02 -1.66227415e-04  1.50679132e-04  1.05899522e-05]","[ 0.          0.58999139 17.5761528   1.95847011 -2.06578016 -1.01804483
 -1.52264917 -0.12022566]"
1747093053.2978516,"[ 0.         -0.23313419  1.10211227  2.97560661 -1.75768472 -0.0041295
  0.96003136  1.57091617]","[ 0.00000000e+00  4.58523389e-04  5.79329707e-03  9.01508150e-05
  6.42831993e-02 -1.63644666e-04  1.50792882e-04  1.05819570e-05]","[ 0.          0.58252591 17.66921997  1.94462025 -2.09057164 -1.01626933
 -1.50193894 -0.10900863]"
1747093053.2994907,"[ 0.         -0.23313365  1.10212372  2.97560714 -1.75755476 -0.00413056
  0.96003136  1.57091617]","[ 0.00000000e+00  4.46675150e-04  5.61589153e-03  9.53095680e-05
  6.70521794e-02 -1.76681151e-04  1.50680627e-04  1.05899522e-05]","[ 0.          0.59307742 17.72949409  1.93412018 -2.14240551 -1.01318514
 -1.52238834 -0.12497118]"
1747093053.300728,"[ 0.         -0.23313206  1.10213337  2.97560714 -1.75741521 -0.00413056
  0.96003136  1.57091617]","[ 0.00000000e+00  4.62637830e-04  5.08940175e-03  9.54538036e-05
  6.87105590e-02 -1.74013358e-04  1.42856421e-04  1.05819570e-05]","[ 0.          0.57239318 17.80086327  1.93327558 -2.25204611 -1.00284469
 -1.55643439 -0.14340109]"
1747093053.302504,"[ 0.         -0.23313152  1.1021389   2.97560741 -1.75734916 -0.00413056
  0.96003136  1.57091617]","[ 0.00000000e+00  4.72852249e-04  5.00330207e-03  9.81053020e-05
  6.69841731e-02 -1.74203895e-04  1.32174673e-04  1.05819570e-05]","[ 0.          0.56379002 17.83991814  1.91184485 -2.33938146 -1.00748384
 -1.55163217 -0.13510519]"
1747093053.3036318,"[ 0.         -0.23313046  1.10214895  2.97560794 -1.75721814 -0.00413163
  0.96003042  1.57091617]","[ 0.00000000e+00  4.57258322e-04  5.09107923e-03  1.03330098e-04
  6.31936502e-02 -1.84187092e-04  1.13756038e-04  1.05899522e-05]","[ 0.          0.60361183 17.92814636  1.93527889 -2.46152544 -1.03060114
 -1.58584201 -0.12359274]"
1747093053.3053985,"[ 0.         -0.23312993  1.10215448  2.97560794 -1.75715529 -0.00413163
  0.96003042  1.57091617]","[ 0.00000000e+00  4.58523389e-04  5.22011927e-03  1.03409315e-04
  6.37430062e-02 -1.84187092e-04  9.52385514e-05  1.05819570e-05]","[ 0.          0.61203891 17.96926498  1.95799768 -2.48148656 -1.03361642
 -1.6038388  -0.11206621]"
1747093053.3066103,"[ 0.         -0.23312886  1.10216686  2.97560848 -1.75703331 -0.00413163
  0.96003042  1.57091617]","[ 0.00000000e+00  4.73820993e-04  5.87913669e-03  1.08711279e-04
  6.15198285e-02 -1.81518111e-04  0.00000000e+00  1.05819570e-05]","[ 0.          0.61270672 18.11857796  1.94979167 -2.47670984 -1.02109802
 -1.62702084 -0.12797694]"
1747093053.3083408,"[ 0.         -0.2331278   1.10217884  2.97560901 -1.7569156  -0.00413216
  0.96003042  1.57091617]","[ 0.00000000e+00  4.71030298e-04  6.07719317e-03  1.14014268e-04
  5.61721344e-02 -1.86275131e-04 -1.32274460e-04  1.05819570e-05]","[ 0.          0.56782651 18.22702026  1.92232955 -2.44557738 -1.02456343
 -1.59768438 -0.12507091]"
1747093053.3101149,"[ 0.         -0.23312673  1.10218524  2.97560927 -1.75686127 -0.00413216
  0.96003042  1.57091617]","[ 0.00000000e+00  4.87181109e-04  6.20909350e-03  1.16664596e-04
  5.50998833e-02 -1.83651664e-04 -1.61376444e-04  1.05819570e-05]","[ 0.          0.54556888 18.27050018  1.92945671 -2.39933872 -1.02137518
 -1.5932126  -0.11763027]"
1747093053.3119216,"[ 0.         -0.23312566  1.10219769  2.97560927 -1.75675262 -0.00413216
  0.96003042  1.57091617]","[ 0.00000000e+00  4.84211093e-04  6.11174664e-03  1.16665758e-04
  5.51558264e-02 -1.81281249e-04 -1.13756038e-04  1.05899522e-05]","[ 0.          0.52335465 18.3055439   1.94777071 -2.28576589 -1.02123725
 -1.58673978 -0.10113432]"
1747093053.3136654,"[ 0.         -0.23312407  1.10220727  2.97561034 -1.75664289 -0.00413216
  0.96002943  1.57091617]","[ 0.00000000e+00  5.15602194e-04  4.68133785e-03  1.27271744e-04
  5.34792999e-02 -1.78968944e-04 -7.67191870e-05  1.05819570e-05]","[ 0.          0.54583877 18.27391052  1.95972133 -2.22453618 -1.00988495
 -1.61225784 -0.10438499]"
1747093053.3160372,"[ 0.         -0.233123    1.10221327  2.97561087 -1.75654223 -0.00413323
  0.96002943  1.57091617]","[ 0.00000000e+00  5.31138384e-04  2.97107219e-03  1.32573407e-04
  5.02381288e-02 -1.90310753e-04 -1.13757160e-04  1.06059783e-05]","[ 0.          0.54517597 18.2306385   1.96364844 -2.22505212 -0.98623627
 -1.58451903 -0.10884288]"
1747093053.3178039,"[ 0.         -0.23312087  1.10221466  2.97561114 -1.75643889 -0.00413323
  0.96002943  1.57091617]","[ 0.00000000e+00  5.83619334e-04  6.75243714e-04  1.35226222e-04
  5.07783261e-02 -1.87948351e-04 -1.13757160e-04  1.05979587e-05]","[ 0.          0.56972975 18.20235825  1.93580914 -2.24289465 -0.97454065
 -1.56021214 -0.09782571]"
1747093053.319503,"[ 0.         -0.23311927  1.10221466  2.97561167 -1.75633823 -0.00413323
  0.96002943  1.57091617]","[ 0.00000000e+00  6.03393826e-04  0.00000000e+00  1.40422954e-04
  5.12665251e-02 -1.81233639e-04 -8.46556558e-05  1.06058726e-05]","[ 0.          0.57116681 18.1692028   1.90582561 -2.26268053 -0.98129243
 -1.57730746 -0.09298426]"
1747093053.3211818,"[ 0.         -0.23311661  1.10221466  2.97561167 -1.75623383 -0.00413323
  0.96002943  1.57091617]","[ 0.00000000e+00  6.86432307e-04  0.00000000e+00  1.40529211e-04
  5.02381288e-02 -1.78840110e-04 -8.46556558e-05  1.05979587e-05]","[ 0.          0.5865497  18.18179512  1.85242093 -2.27231002 -0.97391033
 -1.59539175 -0.1028401 ]"
1747093053.3228297,"[ 0.         -0.23311554  1.10221513  2.97561167 -1.75618589 -0.00413323
  0.96002943  1.57091617]","[ 0.00000000e+00  7.21206520e-04  1.04766366e-04  1.40527813e-04
  4.86175453e-02 -1.65592704e-04 -8.45917913e-05  1.06059783e-05]","[ 0.          0.58971274 18.19870567  1.82563579 -2.27269673 -0.97923422
 -1.61192584 -0.0928776 ]"
1747093053.3245451,"[ 0.         -0.23311288  1.10221646  2.9756122  -1.75609268 -0.00413323
  0.96002943  1.57091617]","[ 0.00000000e+00  8.30468360e-04  2.64202485e-04  1.45721936e-04
  4.69969619e-02 -1.39229457e-04 -5.82007654e-05  1.06059783e-05]","[ 0.          0.59099936 18.26607132  1.81318617 -2.27494407 -0.99722844
 -1.62082648 -0.09830598]"
1747093053.3256571,"[ 0.         -0.23311128  1.10221786  2.9756122  -1.75604262 -0.00413323
  0.96002943  1.57091617]","[ 0.00000000e+00  8.83974036e-04  3.86478835e-04  1.45832208e-04
  4.71444719e-02 -1.39097876e-04 -4.76908124e-05  1.05978530e-05]","[ 0.          0.57487756 18.29036331  1.81708443 -2.23817277 -0.99674392
 -1.62037075 -0.10391036]"
1747093053.328081,"[ 0.         -0.23310756  1.10222019  2.97561247 -1.7559542  -0.00413323
  0.96002943  1.57091617]","[ 0.00000000e+00  1.11838787e-03  5.54275343e-04  1.48483698e-04
  4.48361812e-02 -1.25850454e-04 -5.82887721e-05  1.06059783e-05]","[ 0.          0.53788269 18.35660934  1.7944119  -2.21216798 -0.99719018
 -1.61264646 -0.10971837]"
1747093053.3292153,"[ 0.         -0.23310383  1.10222292  2.975613   -1.75587058 -0.00413323
  0.96002943  1.57091617]","[ 0.00000000e+00  1.35894817e-03  6.71749356e-04  1.53671937e-04
  3.96587630e-02 -1.24325995e-04 -6.62372408e-05  1.06060839e-05]","[ 0.          0.50309443 18.42609978  1.7915988  -2.16376615 -0.98702222
 -1.61842501 -0.07910024]"
1747093053.3309946,"[ 0.         -0.2331017   1.10222432  2.975613   -1.75583489 -0.00413323
  0.96002849  1.57091617]","[ 0.00000000e+00  1.54552549e-03  7.22158782e-04  1.53786679e-04
  3.61563899e-02 -1.22836550e-04 -7.41296676e-05  1.06058726e-05]","[ 0.          0.49128261 18.47267151  1.80744529 -2.11429429 -0.98402548
 -1.60168815 -0.08548197]"
1747093053.3321457,"[ 0.         -0.23309584  1.10222705  2.97561354 -1.75577204 -0.00413323
  0.96002849  1.57091617]","[ 0.00000000e+00  1.95335441e-03  8.03366860e-04  1.59089675e-04
  3.07911127e-02 -1.21383823e-04 -6.62372408e-05  1.05979587e-05]","[ 0.          0.49508074 18.53190613  1.8020469  -2.01321507 -0.9925642
 -1.58895743 -0.0992044 ]"
1747093053.3347404,"[ 0.         -0.23309264  1.10222891  2.97561407 -1.75574274 -0.00413323
  0.96002849  1.57091617]","[ 0.00000000e+00  2.31838420e-03  8.81679205e-04  1.64392656e-04
  2.75845316e-02 -1.21274722e-04 -6.62372408e-05  1.05979587e-05]","[ 0.          0.47800213 18.53139687  1.81547678 -1.95524585 -0.98535728
 -1.58102918 -0.09865789]"
1747093053.335895,"[ 0.         -0.23308465  1.10223211  2.97561433 -1.75569055 -0.00413429
  0.96002849  1.57091617]","[ 0.00000000e+00  3.19952615e-03  9.61377357e-04  1.67044162e-04
  2.59293582e-02 -1.32594522e-04 -6.62372408e-05  1.06059783e-05]","[ 0.          0.43977198 18.50089264  1.79815042 -1.87840915 -0.9892199
 -1.58922803 -0.09119151]"
1747093053.3376362,"[ 0.         -0.233074    1.10223437  2.97561487 -1.75563995 -0.00413429
  0.96002849  1.57091617]","[ 0.00000000e+00  4.63619207e-03  1.13935311e-03  1.69567338e-04
  2.53891630e-02 -1.30944473e-04 -6.62372408e-05  1.05979587e-05]","[ 0.          0.44311658 18.42831802  1.79188466 -1.86478007 -0.9925378
 -1.58058345 -0.0957444 ]"
1747093053.33876,"[ 0.         -0.23306761  1.1022353   2.9756154  -1.75561331 -0.00413429
  0.96002849  1.57091617]","[ 0.00000000e+00  5.61774274e-03  1.25752633e-03  1.74998649e-04
  2.50768450e-02 -1.30946000e-04 -6.62379032e-05  1.06059783e-05]","[ 0.          0.44109476 18.37334824  1.79318142 -1.89362836 -1.00381374
 -1.57200789 -0.08459383]"
1747093053.340492,"[ 0.         -0.23305056  1.10223717  2.9756154  -1.75556325 -0.00413429
  0.96002849  1.57091617]","[ 0.00000000e+00  8.31831657e-03  1.29122962e-03  1.73229575e-04
  2.53891630e-02 -1.23285942e-04 -6.62372408e-05  1.05979587e-05]","[ 0.          0.40426013 18.28646851  1.77994812 -1.9453485  -0.9924522
 -1.59062302 -0.07145581]"
1747093053.3417158,"[ 0.         -0.23304044  1.10223717  2.9756154  -1.75553981 -0.00413429
  0.96002849  1.57091617]","[ 0.00000000e+00  9.61805309e-03  1.29122962e-03  1.67686611e-04
  2.37685775e-02 -1.23285942e-04 -6.62365825e-05  1.05980643e-05]","[ 0.          0.39272073 18.28646851  1.75430501 -2.00375319 -0.9891783
 -1.59400892 -0.07940196]"
1747093053.3434458,"[ 0.         -0.23301701  1.10223803  2.97561593 -1.75549294 -0.00413429
  0.96002849  1.57091617]","[ 0.00000000e+00  1.15353491e-02  1.16339815e-03  1.70389515e-04
  2.26652007e-02 -1.21896357e-04 -4.76908124e-05  1.06059783e-05]","[ 0.          0.36224943 18.21732903  1.72369409 -2.08168411 -0.98286819
 -1.61968005 -0.08819704]"
1747093053.3451688,"[ 0.         -0.23300476  1.1022385   2.97561593 -1.75547163 -0.00413429
  0.96002849  1.57091617]","[ 0.00000000e+00  1.24244839e-02  1.08167318e-03  1.68571433e-04
  2.16077989e-02 -1.20535022e-04 -4.76908124e-05  1.05979587e-05]","[ 0.          0.32328758 18.20752907  1.72852695 -2.11521125 -0.97320837
 -1.63266361 -0.07912663]"
1747093053.346934,"[ 0.         -0.23298079  1.1022399   2.9756162  -1.75543009 -0.00413429
  0.96002849  1.57091617]","[ 0.00000000e+00  1.24244839e-02  9.74030233e-04  1.60666912e-04
  2.00614760e-02 -1.19103801e-04 -3.70928568e-05  1.06059783e-05]","[ 0.          0.23871291 18.22921562  1.7457155  -2.12272    -0.97589868
 -1.62107885 -0.08105377]"
1747093053.3481233,"[ 0.         -0.23296801  1.10224083  2.9756162  -1.75540932 -0.00413429
  0.96002849  1.57091617]","[ 0.00000000e+00  1.20255622e-02  9.18472180e-04  1.55312909e-04
  2.10676037e-02 -1.07193420e-04 -3.70928568e-05  1.06059783e-05]","[ 0.          0.24351126 18.29893112  1.72897065 -2.12521768 -0.97486979
 -1.61436915 -0.0794175 ]"
1747093053.3498755,"[ 0.         -0.2329467   1.10224356  2.9756162  -1.75536404 -0.00413429
  0.96002849  1.57091617]","[ 0.00000000e+00  1.08038994e-02  9.43714019e-04  1.52633574e-04
  2.32283823e-02 -1.06024598e-04 -3.70932266e-05  1.05979587e-05]","[ 0.          0.16378859 18.32494926  1.68941295 -2.12894559 -0.96848828
 -1.62366843 -0.08666953]"
1747093053.3516212,"[ 0.         -0.23292593  1.10224682  2.97561673 -1.75531131 -0.00413429
  0.96002849  1.57091617]","[ 0.00000000e+00  1.02637042e-02  1.02664919e-03  1.56436625e-04
  2.64695534e-02 -1.04879832e-04 -3.70928568e-05  1.06059783e-05]","[ 0.          0.13239995 18.35542107  1.66136038 -2.16855955 -0.96048689
 -1.63893807 -0.0913304 ]"
1747093053.352819,"[ 0.         -0.23291474  1.10224815  2.97561673 -1.75528308 -0.00413429
  0.96002849  1.57091617]","[ 0.00000000e+00  1.05322757e-02  1.04535588e-03  1.56438185e-04
  2.86303320e-02 -1.04879832e-04 -3.70928568e-05  1.05979587e-05]","[ 0.          0.10968458 18.33384895  1.65475249 -2.22782564 -0.95473665
 -1.64649403 -0.10402086]"
1747093053.354541,"[ 0.         -0.23289557  1.10225095  2.97561673 -1.7552181  -0.00413429
  0.96002756  1.57091617]","[ 0.00000000e+00  9.72350907e-03  1.02671303e-03  1.51135188e-04
  3.25999005e-02 -1.03761772e-04 -3.70928568e-05  0.00000000e+00]","[ 0.          0.05237071 18.28766632  1.60685575 -2.39312768 -0.98533058
 -1.60463333 -0.09718892]"
1747093053.355661,"[ 0.         -0.23288705  1.10225182  2.97561673 -1.75518508 -0.00413429
  0.96002756  1.57091617]","[ 0.00000000e+00  8.64311923e-03  1.02671303e-03  1.51135188e-04
  3.34581521e-02 -1.02581604e-04 -3.70928568e-05  0.00000000e+00]","[ 0.          0.04983959 18.26686859  1.59507906 -2.4819901  -0.98157752
 -1.60824895 -0.09016685]"
1747093053.3579416,"[ 0.         -0.23286894  1.10225368  2.97561673 -1.75511903 -0.00413429
  0.96002756  1.57091617]","[ 0.00000000e+00  8.52612739e-03  1.02188384e-03  1.51020918e-04
  3.20983628e-02 -1.01593516e-04 -3.70928568e-05  0.00000000e+00]","[ 0.         -0.01995367 18.20424843  1.56162822 -2.66498876 -0.95309591
 -1.63168252 -0.0966715 ]"
1747093053.358992,"[ 0.         -0.23286095  1.10225415  2.97561673 -1.75508814 -0.00413429
  0.96002756  1.57091617]","[ 0.00000000e+00  8.10292405e-03  1.02664919e-03  1.51135188e-04
  3.13313079e-02 -1.01510691e-04 -3.70928568e-05  0.00000000e+00]","[ 0.00000000e+00 -7.13094743e-03  1.81933479e+01  1.57229149e+00
 -2.68967557e+00 -9.47173774e-01 -1.65327859e+00 -9.60575566e-02]"
1747093053.361489,"[ 0.         -0.23284657  1.10225554  2.97561673 -1.75502955 -0.00413429
  0.96002756  1.57091617]","[ 0.00000000e+00  7.01541910e-03  1.05983278e-03  1.51136700e-04
  2.91409724e-02 -1.00461892e-04 -3.70932266e-05  0.00000000e+00]","[ 0.         -0.04179898 18.16846085  1.59006691 -2.6990056  -0.94095188
 -1.65980196 -0.09585489]"
1747093053.3625228,"[ 0.         -0.23283272  1.10225734  2.97561673 -1.75497043 -0.00413429
  0.96002756  1.57091617]","[ 0.00000000e+00  6.76193246e-03  1.09295260e-03  1.45832208e-04
  2.85876049e-02 -9.91999711e-05 -3.70928568e-05  0.00000000e+00]","[ 0.         -0.07916874 18.17928123  1.55367136 -2.63655853 -0.93867308
 -1.62580204 -0.07745659]"
1747093053.3649068,"[ 0.         -0.23281993  1.10225921  2.97561673 -1.75491237 -0.00413429
  0.96002756  1.57091617]","[ 0.00000000e+00  6.48233955e-03  1.04604553e-03  1.45832208e-04
  2.91705272e-02 -9.81971407e-05 -3.70928568e-05  0.00000000e+00]","[ 0.         -0.08853896 18.17217636  1.49941003 -2.51634336 -0.95016932
 -1.58595061 -0.07660297]"
1747093053.3666382,"[ 0.         -0.23280715  1.10226054  2.97561673 -1.75485165 -0.00413429
  0.96002656  1.57091617]","[ 0.00000000e+00  6.23873729e-03  9.17358087e-04  1.45941179e-04
  2.97107224e-02 -8.72881362e-05 -4.77269018e-05  0.00000000e+00]","[ 0.         -0.1059118  18.08802986  1.5034318  -2.35179615 -0.9362632
 -1.60234213 -0.08695728]"
1747093053.368368,"[ 0.         -0.23280182  1.102261    2.97561726 -1.75482289 -0.00413429
  0.96002656  1.57091617]","[ 0.00000000e+00  5.93913271e-03  8.46792120e-04  1.51135188e-04
  2.91409724e-02 -8.72872422e-05 -4.76912879e-05  0.00000000e+00]","[ 0.         -0.1331065  17.99223137  1.48234534 -2.30145955 -0.94172394
 -1.58395255 -0.08751278]"
1747093053.3700647,"[ 0.         -0.23279117  1.102261    2.97561726 -1.75476643 -0.00413429
  0.96002656  1.57091617]","[ 0.00000000e+00  5.20148650e-03  6.73769093e-04  1.51135188e-04
  2.80901368e-02 -8.64145384e-05 -4.77269018e-05  0.00000000e+00]","[ 0.         -0.12985905 17.9053688   1.48149848 -2.18312025 -0.94065648
 -1.55895078 -0.08404936]"
1747093053.3718011,"[ 0.         -0.23278372  1.102261    2.97561726 -1.75471317 -0.00413429
  0.96002656  1.57091617]","[ 0.00000000e+00  3.77944821e-03  5.46886567e-04  1.45832208e-04
  2.48489678e-02 -8.55582518e-05 -4.77269018e-05  0.00000000e+00]","[ 0.         -0.20502487 17.73439217  1.49234831 -2.08077216 -0.94219393
 -1.53704369 -0.10702226]"
1747093053.3741581,"[ 0.         -0.23277786  1.10226147  2.97561726 -1.75466736 -0.00413429
  0.96002656  1.57091723]","[ 0.00000000e+00  2.86081758e-03  4.96461471e-04  1.45832208e-04
  2.26652007e-02 -8.47196178e-05 -4.77269018e-05  1.05978530e-05]","[ 0.         -0.1623839  17.61816216  1.4801662  -1.8985064  -0.9412002
 -1.53350723 -0.09169293]"
1747093053.3757966,"[ 0.         -0.23277519  1.10226147  2.97561726 -1.75462049 -0.00413429
  0.96002756  1.57091723]","[ 0.00000000e+00  1.35048743e-03  3.97437294e-04  1.45832208e-04
  2.30489955e-02 -8.46556558e-05 -3.70928568e-05  1.06059783e-05]","[ 0.         -0.18078853 17.5033741   1.43719089 -1.75716901 -0.92574084
 -1.50598264 -0.08177798]"
1747093053.377543,"[ 0.         -0.23277466  1.10226147  2.97561726 -1.75457308 -0.00413429
  0.96002756  1.57091723]","[ 0.00000000e+00  2.60074325e-04  3.16112085e-04  1.43180701e-04
  2.48237906e-02 -8.47196178e-05 -3.71209245e-05  1.05979587e-05]","[ 0.         -0.12606676 17.46915054  1.43709326 -1.58237135 -0.908526
 -1.46520996 -0.09591395]"
1747093053.3799143,"[ 0.         -0.23277466  1.10226147  2.97561673 -1.75451663 -0.00413429
  0.96002756  1.57091723]","[ 0.00000000e+00  0.00000000e+00  1.98718647e-04  1.37876339e-04
  2.80616764e-02 -7.40737029e-05 -3.71209245e-05  1.06058726e-05]","[ 0.         -0.11139589 17.41685104  1.44268596 -1.50875044 -0.89908326
 -1.48938334 -0.09966659]"
1747093053.3821719,"[ 0.         -0.23277466  1.10226147  2.97561726 -1.75445431 -0.00413429
  0.96002756  1.57091723]","[ 0.00000000e+00  0.00000000e+00  1.15919207e-04  1.37877721e-04
  3.29518914e-02 -7.41296676e-05 -3.71209245e-05  1.05979587e-05]","[ 0.         -0.08641525 17.43382645  1.43850672 -1.53592062 -0.8894375
 -1.50701571 -0.09005751]"
1747093053.3839068,"[ 0.         -0.2327736   1.10226194  2.97561726 -1.75438453 -0.00413429
  0.96002756  1.57091723]","[ 0.00000000e+00  1.50972853e-04  6.62354325e-05  1.32574732e-04
  3.46060473e-02 -7.40744343e-05 -3.70928568e-05  1.06059783e-05]","[ 0.         -0.03222616 17.47117805  1.45443904 -1.64377117 -0.89771348
 -1.49674392 -0.07580141]"
1747093053.3862343,"[ 0.         -0.23277306  1.1022624   2.97561726 -1.75431476 -0.00413429
  0.96002756  1.57091723]","[ 0.00000000e+00  1.98693940e-04  7.80116345e-05  1.29921942e-04
  3.67332556e-02 -7.41296676e-05 -3.71209245e-05  1.05979587e-05]","[ 0.00000000e+00  3.40175070e-03  1.75510654e+01  1.45087755e+00
 -1.84230101e+00 -8.83776903e-01 -1.48967898e+00 -6.19026124e-02]"
1747093053.3879364,"[ 0.         -0.232772    1.10226333  2.97561726 -1.75423912 -0.00413429
  0.96002656  1.57091723]","[ 0.00000000e+00  2.65943796e-04  1.32195958e-04  1.24433170e-04
  3.71137339e-02 -6.34917418e-05 -4.77273772e-05  1.06060839e-05]","[ 0.          0.09873196 17.73139381  1.48280394 -2.00992012 -0.91619986
 -1.52226746 -0.06887724]"
1747093053.3902032,"[ 0.         -0.2327704   1.10226606  2.97561726 -1.75411822 -0.00413429
  0.96002656  1.57091723]","[ 0.00000000e+00  3.26542853e-04  2.39924417e-04  1.24431935e-04
  4.21352073e-02 -6.34917418e-05 -4.76547840e-05  1.05819570e-05]","[ 0.          0.11708982 18.04071808  1.51857543 -2.29413605 -0.89455289
 -1.57092571 -0.07309913]"
1747093053.393081,"[ 0.         -0.2327704   1.10226973  2.97561726 -1.7540314  -0.00413429
  0.96002656  1.57091723]","[ 0.00000000e+00  3.00370631e-04  3.79826784e-04  1.13843115e-04
  4.20925135e-02 -5.82007654e-05 -4.76188043e-05  1.05820616e-05]","[ 0.          0.19297056 18.31839943  1.56414115 -2.50401378 -0.90287888
 -1.57082009 -0.07602312]"
1747093053.3947954,"[ 0.         -0.23276933  1.10227525  2.97561726 -1.75395417 -0.00413429
  0.96002656  1.57091723]","[ 0.00000000e+00  3.49312848e-04  5.70994611e-04  1.11110546e-04
  3.78136459e-02 -5.82007654e-05 -4.76192757e-05  1.05819570e-05]","[ 0.          0.18407528 18.49487114  1.57561493 -2.69416094 -0.90554559
 -1.56599569 -0.10477325]"
1747093053.3971493,"[ 0.         -0.23276827  1.10228124  2.97561726 -1.75388386 -0.00413429
  0.96002656  1.57091723]","[ 0.00000000e+00  3.71172290e-04  7.73316962e-04  1.05899518e-04
  3.34920866e-02 -4.76192757e-05 -4.76188043e-05  1.05819570e-05]","[ 0.          0.19747627 18.58811951  1.63217497 -2.81482291 -0.90465051
 -1.64559996 -0.10773802]"
1747093053.4008462,"[ 0.         -0.2327672   1.10229503  2.97561753 -1.75379491 -0.00413429
  0.96002656  1.57091723]","[ 0.00000000e+00  3.68148666e-04  3.00922145e-03  1.03252035e-04
  2.80901368e-02 -3.70368514e-05 -4.76192757e-05  1.05820616e-05]","[ 0.          0.19332834 18.63629532  1.69873452 -2.83290577 -0.9266113
 -1.58258343 -0.08923709]"
1747093053.4019935,"[ 0.         -0.23276614  1.10230741  2.97561753 -1.75374111 -0.00413429
  0.96002656  1.57091723]","[ 0.00000000e+00  3.99780238e-04  6.03013792e-03  1.00604543e-04
  2.48489678e-02 -3.70651995e-05 -4.76552554e-05  1.05820616e-05]","[ 0.          0.23932181 18.62224197  1.75592268 -2.75480199 -0.93825942
 -1.54444325 -0.09761729]"
1747093053.4036686,"[ 0.         -0.23276561  1.10232259  2.97561806 -1.75369584 -0.00413429
  0.96002656  1.57091723]","[ 0.00000000e+00  3.88799348e-04  7.41211827e-03  1.05819570e-04
  2.21479940e-02 -2.64551545e-05 -3.70368514e-05  1.05819570e-05]","[ 0.          0.2469112  18.4983902   1.7706672  -2.65535808 -0.93563986
 -1.57512105 -0.0961758 ]"
1747093053.405443,"[ 0.         -0.23276454  1.10233863  2.9756186  -1.75365589 -0.00413429
  0.96002656  1.57091723]","[ 0.00000000e+00  4.18182318e-04  8.10292405e-03  1.05899518e-04
  1.83852741e-02 -2.64548924e-05 -3.70651995e-05  1.05819570e-05]","[ 0.          0.2962946  18.38219643  1.80226493 -2.43460226 -0.97403991
 -1.58368003 -0.08687727]"
1747093053.4072344,"[ 0.         -0.23276454  1.10234829  2.9756186  -1.75364045 -0.00413429
  0.96002656  1.57091723]","[ 0.00000000e+00  4.00602171e-04  8.71248989e-03  1.05899518e-04
  1.56497811e-02 -2.64751417e-05 -3.70651995e-05  1.05820616e-05]","[ 0.          0.31844002 18.2846756   1.84505677 -2.33089685 -0.98146248
 -1.55433702 -0.08046901]"
1747093053.408428,"[ 0.         -0.23276401  1.10236846  2.97561913 -1.75361648 -0.00413429
  0.96002656  1.57091723]","[ 0.00000000e+00  3.85553653e-04  1.08038994e-02  1.00604543e-04
  1.05322757e-02 -2.64551545e-05 -3.70372172e-05  1.05819570e-05]","[ 0.          0.3730396  18.04840469  1.85975456 -2.10386705 -0.96489751
 -1.47865784 -0.08842393]"
1747093053.4101632,"[ 0.         -0.23276294  1.10237905  2.97561913 -1.75360849 -0.00413429
  0.96002656  1.57091723]","[ 0.00000000e+00  4.05845952e-04  1.08038994e-02  1.00604543e-04
  8.10292405e-03 -2.11639139e-05 -3.70368514e-05  1.05819570e-05]","[ 0.          0.43354875 17.95807838  1.8466202  -1.9854579  -0.974343
 -1.43688345 -0.09193131]"
1747093053.4118617,"[ 0.         -0.23276241  1.10240382  2.97561993 -1.75359783 -0.00413429
  0.96002656  1.57091723]","[ 0.00000000e+00  4.09582082e-04  1.25384225e-02  1.05820618e-04
  4.01229535e-03 -2.11639139e-05 -3.70648338e-05  1.05819570e-05]","[ 0.          0.43325672 17.63325119  1.87082326 -1.80109525 -0.9363541
 -1.42469132 -0.07762501]"
1747093053.4136338,"[ 0.         -0.23276081  1.10243091  2.97562046 -1.75359304 -0.00413429
  0.96002656  1.57091723]","[ 0.00000000e+00  4.36553968e-04  1.45704862e-02  1.05899518e-04
  1.62058489e-03 -2.11639139e-05 -2.91006692e-05  1.05820616e-05]","[ 0.          0.48687151 17.33049583  1.90539408 -1.55357647 -0.96789658
 -1.4341768  -0.08533624]"
1747093053.4159896,"[ 0.         -0.23275975  1.10246121  2.97562073 -1.75359144 -0.00413429
  0.96002756  1.57091723]","[ 0.00000000e+00  4.42018422e-04  1.50461080e-02  1.03174077e-04
  5.01536919e-04 -1.05900569e-05 -1.85186086e-05  1.05819570e-05]","[ 0.          0.53661984 17.01675606  1.91646302 -1.4183048  -0.97013497
 -1.40481806 -0.05899113]"
1747093053.4177504,"[ 0.         -0.23275762  1.1024897   2.97562126 -1.75359144 -0.00413429
  0.96002756  1.57091723]","[ 0.00000000e+00  4.79805628e-04  1.45852636e-02  1.00604543e-04
  0.00000000e+00 -1.05819570e-05 -1.85184257e-05  1.05899522e-05]","[ 0.          0.59136933 16.78682709  1.90719891 -1.29291189 -0.95581323
 -1.31555188 -0.05264409]"
1747093053.4201293,"[ 0.         -0.23275549  1.1025182   2.97562179 -1.75359144 -0.00413429
  0.96002756  1.57091723]","[ 0.00000000e+00  5.12276753e-04  1.35287585e-02  1.05819570e-04
  0.00000000e+00 -1.05820616e-05 -1.85186086e-05  1.05819570e-05]","[ 0.          0.66279346 16.5594635   1.88556433 -1.2651298  -0.92779517
 -1.31083751 -0.05704729]"
1747093053.4219365,"[ 0.         -0.23275282  1.10254343  2.97562259 -1.75359144 -0.00413429
  0.96002756  1.57091723]","[ 0.00000000e+00  5.79411137e-04  1.24244839e-02  1.08547010e-04
  0.00000000e+00 -1.05819570e-05 -1.85186086e-05  1.05739739e-05]","[ 0.          0.7640152  16.43070221  1.89805412 -1.33367324 -0.93561447
 -1.34817016 -0.06110146]"
1747093053.4242873,"[ 0.         -0.23274909  1.102565    2.97562312 -1.75359144 -0.00413429
  0.96002756  1.57091723]","[ 0.00000000e+00  7.32644068e-04  1.02815069e-02  1.13757160e-04
  0.00000000e+00 -1.05819570e-05 -1.85184257e-05  1.05819570e-05]","[ 0.          0.83155638 16.43705177  1.88873339 -1.445086   -0.95314586
 -1.34261477 -0.06837453]"
1747093053.4264188,"[ 0.         -0.23274217  1.10258611  2.97562312 -1.75359144 -0.00413429
  0.96002756  1.57091723]","[ 0.00000000e+00  1.29167123e-03  5.40194971e-03  1.08547010e-04
  0.00000000e+00 -1.05900569e-05 -1.85184257e-05  1.05819570e-05]","[ 0.          0.92371273 16.43889236  1.84324503 -1.70549166 -0.91079986
 -1.33419573 -0.06645463]"
1747093053.4287229,"[ 0.         -0.23273738  1.10259443  2.97562312 -1.75359144 -0.00413429
  0.96002756  1.57091723]","[ 0.00000000e+00  1.96818060e-03  3.51075840e-03  1.05819570e-04
  0.00000000e+00 -1.05819570e-05 -1.85186086e-05  1.05819570e-05]","[ 0.          1.05139661 16.53532982  1.82175386 -1.95448148 -0.90506583
 -1.35859168 -0.08981951]"
1747093053.4310632,"[ 0.         -0.23273205  1.10259856  2.97562366 -1.75359198 -0.00413429
  0.96002756  1.57091723]","[ 0.00000000e+00  2.44186697e-03  1.89068235e-03  1.05899518e-04
 -3.54591715e-05 -1.05899522e-05 -1.85184257e-05  1.05819570e-05]","[ 0.          1.05477834 16.65584183  1.79743028 -2.22405195 -0.90630931
 -1.39135897 -0.08054011]"
1747093053.4322445,"[ 0.         -0.23272672  1.10260036  2.97562419 -1.75359251 -0.00413429
  0.96002756  1.57091723]","[ 0.00000000e+00  2.49140514e-03  1.08038990e-03  1.05819570e-04
 -7.05613341e-05 -1.05820616e-05 -1.05818513e-05  1.05820616e-05]","[ 0.          1.13459885 16.8048954   1.836604   -2.45470214 -0.9138369
 -1.40537357 -0.06035553]"
1747093053.4339757,"[ 0.         -0.23272406  1.10260036  2.97562445 -1.75359304 -0.00413429
  0.96002756  1.57091723]","[ 0.00000000e+00  2.56690212e-03  5.40194952e-04  1.08465062e-04
 -9.93531467e-05 -1.05819570e-05 -1.05820616e-05  1.05820616e-05]","[ 0.          1.16340041 16.86471367  1.84635544 -2.5653708  -0.89992434
 -1.41260397 -0.05787124]"
1747093053.4352188,"[ 0.         -0.23271767  1.10260129  2.97562445 -1.75359304 -0.00413429
  0.96002756  1.57091723]","[ 0.00000000e+00  2.72064558e-03  5.40194952e-04  1.00528593e-04
 -9.36194425e-05 -1.05900569e-05 -1.05739739e-05  1.05819570e-05]","[ 0.          1.18042243 17.02723885  1.84056711 -2.69842601 -0.89814621
 -1.41396856 -0.06919758]"
1747093053.4369583,"[ 0.         -0.23271447  1.10260175  2.97562499 -1.75359304 -0.00413429
  0.96002756  1.57091723]","[ 0.00000000e+00  2.89617130e-03  4.38886152e-04  1.05819570e-04
 -8.81306389e-05  0.00000000e+00 -1.05819570e-05  1.05819570e-05]","[ 0.          1.19136274 17.10418701  1.8470372  -2.7614677  -0.88283807
 -1.43937922 -0.05502665]"
1747093053.4387126,"[ 0.         -0.23270808  1.10260315  2.97562552 -1.75359304 -0.00413429
  0.96002756  1.57091723]","[ 0.00000000e+00  3.19132549e-03  5.96081836e-04  1.05899518e-04
 -8.35851167e-05  0.00000000e+00 -1.05820616e-05  1.05819570e-05]","[ 0.          1.20402718 17.2380352   1.89113092 -2.81589818 -0.89765972
 -1.4417845  -0.06077236]"
1747093053.4404526,"[ 0.         -0.23270116  1.10260542  2.97562632 -1.75359304 -0.00413429
  0.96002756  1.57091723]","[ 0.00000000e+00  3.29770317e-03  8.38295817e-04  1.08465062e-04
 -7.88889952e-05  0.00000000e+00 -1.05819570e-05  1.05820616e-05]","[ 0.          1.23008645 17.35391617  1.93588245 -2.79394293 -0.92299765
 -1.46164548 -0.06628612]"
1747093053.4422455,"[ 0.         -0.23269796  1.10260635  2.97562685 -1.75359304 -0.00413429
  0.96002756  1.57091723]","[ 0.00000000e+00  3.29836168e-03  8.33746272e-04  1.13756038e-04
 -7.94854838e-05  0.00000000e+00 -1.05819570e-05  1.05819570e-05]","[ 0.          1.23074818 17.38643837  1.94347501 -2.73799396 -0.94940805
 -1.47519374 -0.05547297]"
1747093053.4434557,"[ 0.         -0.2326905   1.10260908  2.97562765 -1.75359251 -0.00413429
  0.96002756  1.57091723]","[ 0.00000000e+00  3.51045801e-03  1.05695974e-03  1.21785654e-04
 -5.05104042e-05  0.00000000e+00 -1.05819570e-05  1.05819570e-05]","[ 0.          1.21728063 17.46505356  1.9989655  -2.6448288  -0.93356293
 -1.48858237 -0.05869152]"
1747093053.4457154,"[ 0.         -0.23268358  1.10261141  2.97562925 -1.75359251 -0.00413429
  0.96002756  1.57091723]","[ 0.00000000e+00  3.57649089e-03  1.06196052e-03  1.32374402e-04
 -4.79265942e-05  0.00000000e+00 -1.05820616e-05  1.05820616e-05]","[ 0.          1.1884799  17.56627274  2.0643177  -2.50373101 -0.93502373
 -1.43469715 -0.05432243]"
1747093053.447446,"[ 0.         -0.23267612  1.10261367  2.97563058 -1.75359251 -0.00413429
  0.96002756  1.57091723]","[ 0.00000000e+00  3.57738060e-03  1.09036954e-03  1.42964352e-04
 -4.61913295e-05  0.00000000e+00 -1.05819570e-05  1.05819570e-05]","[ 0.          1.16683316 17.57070923  2.14293647 -2.3844955  -0.92671132
 -1.41512847 -0.05891371]"
1747093053.449262,"[ 0.         -0.23267186  1.1026146   2.97563138 -1.75359198 -0.00413429
  0.96002756  1.57091723]","[ 0.00000000e+00  3.84237189e-03  1.13505720e-03  1.50906827e-04
 -2.30946631e-05  0.00000000e+00 -1.05819570e-05  1.05819570e-05]","[ 0.          1.13189316 17.6029911   2.15095115 -2.29814696 -0.93527353
 -1.40224469 -0.06462555]"
1747093053.4504397,"[ 0.         -0.23266387  1.10261554  2.97563324 -1.75359198 -0.00413429
  0.96002756  1.57091723]","[ 0.00000000e+00  3.97387873e-03  1.04105386e-03  1.69439236e-04
 -2.28695667e-05  0.00000000e+00 -1.05819570e-05  1.05820616e-05]","[ 0.          1.15512896 17.6131649   2.23188448 -2.17884493 -0.96492153
 -1.40438318 -0.06475511]"
1747093053.452999,"[ 0.         -0.23265482  1.10261647  2.97563564 -1.75359198 -0.00413429
  0.96002756  1.57091723]","[ 0.00000000e+00  4.23880396e-03  9.13688373e-04  1.97660941e-04
 -2.20095964e-05  0.00000000e+00 -1.05819570e-05  1.05819570e-05]","[ 0.          1.12409043 17.60479355  2.25993681 -2.0831809  -0.96991056
 -1.39360976 -0.05435466]"
1747093053.45578,"[ 0.         -0.23264417  1.10261733  2.97563777 -1.75359198 -0.00413429
  0.96002756  1.57091723]","[0.00000000e+00 5.26663408e-03 7.50527169e-04 2.61174033e-04
 0.00000000e+00 0.00000000e+00 0.00000000e+00 1.05819570e-05]","[ 0.          1.14584708 17.61056137  2.29763818 -2.05760288 -0.96530533
 -1.37926698 -0.05390641]"
1747093053.4599032,"[ 0.         -0.23262446  1.10261873  2.9756415  -1.75359198 -0.00413429
  0.96002756  1.57091723]","[0.00000000e+00 6.74901456e-03 5.29025247e-04 4.91346199e-04
 0.00000000e+00 0.00000000e+00 0.00000000e+00 1.05819570e-05]","[ 0.          1.14251888 17.69361115  2.35015273 -2.06719518 -0.98955506
 -1.39703727 -0.05064705]"
1747093053.4610705,"[ 0.         -0.23260049  1.10262106  2.97564523 -1.75359198 -0.00413429
  0.96002756  1.57091723]","[0.00000000e+00 8.06230408e-03 5.29894416e-04 7.96009227e-04
 0.00000000e+00 0.00000000e+00 0.00000000e+00 1.05819570e-05]","[ 0.          1.1669699  17.79912758  2.34762573 -2.17057657 -0.97979897
 -1.40410113 -0.06704254]"
1747093053.4627793,"[ 0.         -0.23258078  1.10262333  2.97564789 -1.75359251 -0.00413429
  0.96002756  1.57091723]","[ 0.00000000e+00  1.02533044e-02  6.26224320e-04  1.08700457e-03
 -1.59930400e-05  0.00000000e+00  0.00000000e+00  1.05819570e-05]","[ 0.          1.20179963 17.87722778  2.31784678 -2.2805953  -0.9672814
 -1.40814412 -0.07263996]"
1747093053.4644673,"[ 0.         -0.2325696   1.10262472  2.97564922 -1.75359251 -0.00413429
  0.96002756  1.57091723]","[ 0.00000000e+00  1.13440936e-02  6.70377073e-04  1.15912006e-03
 -1.55331646e-05  0.00000000e+00  0.00000000e+00  1.05820616e-05]","[ 0.          1.2254231  17.93304443  2.30760741 -2.32479811 -0.95780003
 -1.40148103 -0.06849833]"
1747093053.4655967,"[ 0.         -0.2325419   1.10262792  2.97565109 -1.75359251 -0.00413429
  0.96002756  1.57091723]","[ 0.00000000e+00  1.40450684e-02  7.80116280e-04  1.17654257e-03
 -1.50994246e-05  0.00000000e+00  0.00000000e+00  1.05819570e-05]","[ 0.          1.23300815 17.96889305  2.2841258  -2.4501915  -0.9358781
 -1.42210746 -0.05001944]"
1747093053.4672933,"[ 0.         -0.23252699  1.10262978  2.97565215 -1.75359251 -0.00413429
  0.96002756  1.57091723]","[ 0.00000000e+00  1.51254588e-02  8.40765288e-04  1.17654257e-03
 -1.50994246e-05  0.00000000e+00  1.05819570e-05  1.05819570e-05]","[ 0.          1.21800578 17.9921875   2.2615602  -2.4501915  -0.92681551
 -1.41882539 -0.05922801]"
1747093053.4689817,"[ 0.         -0.2324897   1.10263345  2.97565348 -1.75359304 -0.00413429
  0.96002756  1.57091723]","[ 0.00000000e+00  1.90584026e-02  9.61228854e-04  1.11961308e-03
 -2.93776910e-05  0.00000000e+00  1.05819570e-05  1.05820616e-05]","[ 0.          1.25968015 18.03597069  2.23060536 -2.57454824 -0.92607337
 -1.42306733 -0.05615552]"
1747093053.4706213,"[ 0.         -0.2324684   1.10263478  2.97565428 -1.75359357 -0.00413429
  0.96002756  1.57091723]","[ 0.00000000e+00  2.16077989e-02  1.02813414e-03  1.10055821e-03
 -2.93768803e-05  0.00000000e+00  1.05820616e-05  1.05820616e-05]","[ 0.          1.23584831 18.03304863  2.21770144 -2.66125488 -0.89984018
 -1.42472553 -0.06711261]"
1747093053.471829,"[ 0.         -0.23241993  1.10263804  2.97565535 -1.75359357 -0.00413429
  0.96002756  1.57091723]","[ 0.00000000e+00  2.59293582e-02  1.35885194e-03  9.86777646e-04
 -1.46577199e-05  0.00000000e+00  1.05739739e-05  1.05819570e-05]","[ 0.          1.19872844 18.03355598  2.16498446 -2.76867557 -0.90309638
 -1.4220072  -0.06307667]"
1747093053.474232,"[ 0.         -0.23235974  1.10264077  2.97565615 -1.75359411 -0.00413429
  0.96002756  1.57091817]","[ 0.00000000e+00  3.05937517e-02  1.58693244e-03  8.68216913e-04
 -2.85410035e-05  0.00000000e+00  1.05819570e-05  1.05819570e-05]","[ 0.          1.1391685  17.9713707   2.09214616 -2.84174156 -0.8886494
 -1.44394875 -0.05577897]"
1747093053.4759195,"[ 0.         -0.23229636  1.10264263  2.97565721 -1.75359411 -0.00413429
  0.96002756  1.57091817]","[ 0.00000000e+00  3.24116962e-02  1.46283694e-03  7.54917744e-04
 -2.78071590e-05  0.00000000e+00  1.05820616e-05  1.05820616e-05]","[ 0.          1.05819929 17.90318298  2.04259157 -2.91376281 -0.90766424
 -1.42829704 -0.06985039]"
1747093053.4771175,"[ 0.         -0.23226387  1.1026431   2.97565748 -1.75359411 -0.00413429
  0.96002756  1.57091817]","[ 0.00000000e+00  3.29518914e-02  1.31970321e-03  6.83105046e-04
 -2.71087254e-05  0.00000000e+00  0.00000000e+00  1.05819570e-05]","[ 0.          1.03363168 17.83562851  2.02559304 -2.91984367 -0.90711516
 -1.4190079  -0.08099331]"
1747093053.47889,"[ 0.         -0.23219622  1.10264443  2.97565854 -1.75359411 -0.00413429
  0.96002756  1.57091817]","[ 0.00000000e+00  3.29518914e-02  1.09036954e-03  5.85102668e-04
 -2.63953720e-05  0.00000000e+00  0.00000000e+00  1.05819570e-05]","[ 0.          0.94473153 17.74946213  1.98448968 -2.88911462 -0.87289906
 -1.39353347 -0.08520897]"
1747093053.4806144,"[ 0.         -0.23212751  1.10264443  2.97565934 -1.75359411 -0.00413323
  0.96002756  1.57091817]","[ 0.00000000e+00  3.51483210e-02  7.65503744e-04  5.12365341e-04
 -2.57658783e-05  1.06059783e-05  0.00000000e+00  1.05820616e-05]","[ 0.          0.84035432 17.64715004  1.93059039 -2.86573172 -0.86339486
 -1.37871754 -0.07720606]"
1747093053.4824011,"[ 0.         -0.23209023  1.10264443  2.97566041 -1.75359411 -0.00413323
  0.96002756  1.57091817]","[ 0.00000000e+00  3.77753338e-02  6.38328829e-04  5.31303953e-04
 -2.57652546e-05  1.05979587e-05  0.00000000e+00  1.05739739e-05]","[ 0.          0.76252967 17.56398201  1.91238379 -2.82841563 -0.8710742
 -1.37514544 -0.06444366]"
1747093053.483634,"[ 0.         -0.23200767  1.10264443  2.97566121 -1.75359411 -0.00413323
  0.96002756  1.57091817]","[ 0.00000000e+00  4.10548170e-02  3.72321299e-04  5.11569676e-04
 -2.52558015e-05  1.06058726e-05  0.00000000e+00  1.05819570e-05]","[ 0.          0.64987379 17.43324471  1.87485778 -2.74231029 -0.86914265
 -1.36340296 -0.03624601]"
1747093053.4853852,"[ 0.         -0.23196612  1.10264443  2.97566174 -1.75359411 -0.00413323
  0.96002756  1.57091817]","[ 0.00000000e+00  4.20925135e-02  2.63940639e-04  5.13324593e-04
 -2.51651148e-05  1.05980643e-05  0.00000000e+00  1.05819570e-05]","[ 0.          0.58452815 17.36048889  1.82763672 -2.68324423 -0.88974267
 -1.34314096 -0.04080763]"
1747093053.4870875,"[ 0.         -0.2318809   1.10264443  2.97566307 -1.75359411 -0.00413323
  0.96002756  1.57091817]","[ 0.00000000e+00  4.10548170e-02  1.32985178e-04  5.28754705e-04
 -3.68892918e-05  1.06059783e-05  0.00000000e+00  1.05819570e-05]","[ 0.          0.48314562 17.24569893  1.79970181 -2.55816698 -0.87019241
 -1.33169663 -0.05570946]"
1747093053.4889557,"[ 0.         -0.2318042   1.10264443  2.9756636  -1.75359411 -0.00413323
  0.96002849  1.57091817]","[ 0.00000000e+00  3.78136459e-02  0.00000000e+00  5.03383024e-04
 -3.69541315e-05  1.05979587e-05  1.85044548e-05  1.05818513e-05]","[ 0.          0.35147262 17.08039284  1.77301943 -2.46754432 -0.85789657
 -1.3145324  -0.05581719]"
1747093053.491709,"[ 0.         -0.23172857  1.10264397  2.9756644  -1.75359411 -0.00413323
  0.96002849  1.57091817]","[ 0.00000000e+00  3.71137339e-02 -4.41578693e-05  4.78722712e-04
 -3.61916302e-05  1.06059783e-05  1.85186086e-05  1.05819570e-05]","[ 0.          0.28361833 16.96660042  1.75202119 -2.36163402 -0.84010655
 -1.29142714 -0.05504995]"
1747093053.493982,"[ 0.         -0.23162045  1.1026435   2.97566573 -1.75359411 -0.00413323
  0.96002849  1.57091817]","[ 0.00000000e+00  3.67332556e-02 -7.54971222e-05  4.67221250e-04
 -3.52238896e-05  1.05979587e-05  1.85464284e-05  1.05979587e-05]","[ 0.          0.17225957 16.78382874  1.70282602 -2.33231759 -0.82344395
 -1.2527808  -0.05462467]"
1747093053.4957469,"[ 0.         -0.23154641  1.1026435   2.9756668  -1.75359411 -0.00413323
  0.96002849  1.57091817]","[ 0.00000000e+00  3.56528652e-02 -7.09183430e-05  4.84211093e-04
 -4.59651096e-05  1.06059783e-05  1.85604623e-05  1.05980643e-05]","[ 0.          0.11161988 16.69037628  1.65462065 -2.32172155 -0.81639844
 -1.26393616 -0.0476556 ]"
1747093053.4981368,"[ 0.         -0.2314793   1.1026435   2.97566733 -1.75359411 -0.00413323
  0.96002849  1.57091817]","[ 0.00000000e+00  3.34920866e-02 -6.62354325e-05  4.65122937e-04
 -4.51526739e-05  1.06059783e-05  1.85464284e-05  1.06059783e-05]","[ 0.          0.07929957 16.60156822  1.64589608 -2.30536509 -0.81972259
 -1.26334965 -0.04732591]"
1747093053.499894,"[ 0.         -0.23141165  1.1026435   2.9756676  -1.75359411 -0.00413323
  0.96002849  1.57091817]","[ 0.00000000e+00  3.35260897e-02 -6.21326584e-05  4.31899873e-04
 -4.42284551e-05  1.06059783e-05  1.85464284e-05  1.05979587e-05]","[ 0.          0.07355562 16.57598495  1.6121614  -2.32172418 -0.81957906
 -1.24657786 -0.04245714]"
1747093053.501682,"[ 0.         -0.23134188  1.1026435   2.97566813 -1.75359411 -0.00413216
  0.96002943  1.57091817]","[ 0.00000000e+00  3.56528652e-02 -6.24093044e-05  4.24239123e-04
 -4.32735272e-05  2.11959173e-05  2.91443860e-05  1.05978530e-05]","[ 0.          0.06325914 16.55730247  1.56927359 -2.35000277 -0.79554659
 -1.25770319 -0.05737181]"
1747093053.5034513,"[ 0.         -0.23125985  1.1026431   2.97566813 -1.75359411 -0.00413216
  0.96002943  1.57091817]","[ 0.00000000e+00  4.10548170e-02 -6.93784510e-05  3.82974366e-04
 -4.23598089e-05  2.12117453e-05  2.91443860e-05  1.05979587e-05]","[ 0.          0.05000374 16.5620842   1.54196584 -2.386868   -0.77761942
 -1.26343739 -0.06894749]"
1747093053.5051641,"[ 0.         -0.23121778  1.1026431   2.97566866 -1.75359411 -0.00413216
  0.96002943  1.57091817]","[ 0.00000000e+00  4.26754004e-02 -6.91048041e-05  3.81815214e-04
 -4.24239132e-05  2.12117453e-05  2.91664395e-05  1.05979587e-05]","[ 0.          0.07592286 16.52762604  1.52207279 -2.4042573  -0.77873868
 -1.26928604 -0.06512552]"
1747093053.5069659,"[ 0.         -0.23112776  1.10264263  2.97566866 -1.75359464 -0.00413216
  0.96002943  1.57091817]","[ 0.00000000e+00  4.41352496e-02 -9.20371665e-05  3.28785312e-04
 -5.20087695e-05  2.11959173e-05  2.91440955e-05  1.05979587e-05]","[ 0.          0.05340784 16.50670433  1.4606005  -2.47684956 -0.76679897
 -1.2710917  -0.03440585]"
1747093053.5081341,"[ 0.         -0.23103881  1.10264217  2.97566866 -1.75359464 -0.00413216
  0.96002943  1.57091817]","[ 0.00000000e+00  4.53763743e-02 -1.00302662e-04  2.96967396e-04
 -5.09520388e-05  2.12117453e-05  2.91661490e-05  1.05979587e-05]","[ 0.          0.03591364 16.44330215  1.41607463 -2.50671864 -0.76798487
 -1.28383815 -0.03412996]"
1747093053.5098672,"[ 0.         -0.23099301  1.10264217  2.97566866 -1.75359464 -0.00413216
  0.96002943  1.57091817]","[ 0.00000000e+00  4.64567646e-02 -9.58488809e-05  2.75755442e-04
 -5.09520388e-05  2.12119566e-05  2.91664395e-05  1.05979587e-05]","[ 0.          0.026028   16.42083931  1.38196027 -2.53893352 -0.76389509
 -1.28210223 -0.04106339]"
1747093053.5115778,"[ 0.         -0.2308966   1.10264217  2.97566866 -1.75359464 -0.00413216
  0.96002943  1.57091817]","[ 0.00000000e+00  4.71444719e-02 -9.17817085e-05  2.23401716e-04
 -5.00086598e-05  2.12119566e-05  2.91443860e-05  1.05979587e-05]","[ 0.00000000e+00  4.20122221e-03  1.63933144e+01  1.36576545e+00
 -2.57555819e+00 -7.59599745e-01 -1.28692460e+00 -6.18474595e-02]"
1747093053.5127325,"[ 0.         -0.23085026  1.10264217  2.97566866 -1.75359517 -0.00413163
  0.96002943  1.57091817]","[ 0.00000000e+00  4.69969619e-02 -9.14822004e-05  2.02125361e-04
 -5.88359685e-05  2.65149452e-05  2.91664395e-05  1.05979587e-05]","[ 0.00000000e+00 -1.14934240e-02  1.63728161e+01  1.35110283e+00
 -2.59398437e+00 -7.69223928e-01 -1.28207695e+00 -6.88333288e-02]"
1747093053.5145602,"[ 0.         -0.23076291  1.1026417   2.97566866 -1.75359517 -0.00413163
  0.96002943  1.57091817]","[ 0.00000000e+00  4.32155977e-02 -9.17817085e-05  1.80301630e-04
 -5.78665048e-05  2.65149452e-05  2.91661490e-05  1.05979587e-05]","[ 0.         -0.03041025 16.34576607  1.32653666 -2.59672356 -0.75872314
 -1.27863383 -0.04577002]"
1747093053.5174549,"[ 0.         -0.23072243  1.10264124  2.97566866 -1.75359517 -0.00413163
  0.96002943  1.57091817]","[ 0.00000000e+00  4.10548170e-02 -1.10047980e-04  1.69695653e-04
 -5.68514998e-05  2.64946330e-05  1.85602774e-05  1.05979587e-05]","[ 0.         -0.04281509 16.33728218  1.32653666 -2.57688236 -0.73948956
 -1.27919793 -0.03256522]"
1747093053.518369,"[ 0.         -0.23064094  1.10264124  2.97566866 -1.75359517 -0.00413163
  0.96002943  1.57091817]","[ 0.00000000e+00  3.88546298e-02 -1.05421623e-04  1.27266672e-04
 -5.67747413e-05  2.65149452e-05  1.85604623e-05  1.05899522e-05]","[ 0.         -0.07071041 16.31475449  1.3051033  -2.53957534 -0.74180979
 -1.26964307 -0.03700218]"
1747093053.523359,"[ 0.         -0.23044173  1.1026403   2.97566866 -1.75359517 -0.00413163
  0.96002943  1.57091817]","[ 0.00000000e+00  4.05146197e-02 -1.21753779e-04  5.30298904e-05
 -4.57108706e-05  2.64948971e-05  1.85604623e-05  1.05979587e-05]","[ 0.         -0.08286523 16.30888557  1.34296799 -2.36178017 -0.74119043
 -1.22691262 -0.0343213 ]"
1747093053.5276616,"[ 0.         -0.2302846   1.1026403   2.97566866 -1.75359464 -0.00413163
  0.96003042  1.57091817]","[ 0.00000000e+00  3.88940363e-02 -1.13245683e-04  3.92247023e-05
 -2.69696303e-05  2.64948971e-05  2.91667301e-05  1.06060839e-05]","[ 0.         -0.08188295 16.34596443  1.35961604 -2.24870229 -0.74116486
 -1.21920812 -0.03148998]"
1747093053.531007,"[ 0.         -0.23012109  1.1026403   2.97566866 -1.75359517 -0.00413163
  0.96003042  1.57091817]","[ 0.00000000e+00  4.15950101e-02 -1.05849015e-04  1.89245765e-05
 -2.64951613e-05  2.64948971e-05  2.91664395e-05  1.06059783e-05]","[ 0.         -0.02999604 16.42908096  1.3871913  -2.25598192 -0.74737912
 -1.2307868  -0.03202029]"
1747093053.5338857,"[ 0.         -0.23000497  1.10264077  2.97566866 -1.75359517 -0.00413056
  0.96003042  1.57091817]","[ 0.00000000e+00  3.61930625e-02 -8.52102480e-05  0.00000000e+00
 -2.60689564e-05  3.71209245e-05  2.91661490e-05  1.06059783e-05]","[ 0.00000000e+00 -2.89584952e-03  1.65278282e+01  1.42978346e+00
 -2.28583241e+00 -7.37293005e-01 -1.23101425e+00 -5.06949350e-02]"
1747093053.5361989,"[ 0.         -0.22993839  1.10264077  2.97566866 -1.75359517 -0.00413056
  0.96003042  1.57091817]","[ 0.00000000e+00  3.11245967e-02 -7.70615424e-05  0.00000000e+00
 -1.71038896e-05  3.70924870e-05  2.91664395e-05  1.06059783e-05]","[ 0.          0.03670918 16.65454865  1.44922853 -2.33864975 -0.75132298
 -1.23404074 -0.05435842]"
1747093053.5391846,"[ 0.         -0.22985424  1.10264077  2.97566866 -1.75359517 -0.00413056
  0.96003042  1.57091817]","[ 0.00000000e+00  2.75499417e-02 -7.24669718e-05  0.00000000e+00
 -1.68370676e-05  3.70928568e-05  2.91664395e-05  1.06060839e-05]","[ 0.          0.10809732 16.96907234  1.52992105 -2.44488168 -0.74710488
 -1.26568222 -0.05658318]"
1747093053.540909,"[ 0.         -0.22979884  1.10264124  2.9756692  -1.75359517 -0.00413056
  0.96003042  1.57091817]","[ 0.00000000e+00  2.65814561e-02 -4.02582092e-05  1.47502688e-05
 -1.68171322e-05  3.71209245e-05  2.91667301e-05  1.05979587e-05]","[ 0.          0.21553682 17.14030838  1.56040597 -2.50406957 -0.75742096
 -1.27778685 -0.05621087]"
1747093053.542642,"[ 0.         -0.22974878  1.10264124  2.97566946 -1.75359517 -0.00413056
  0.96003042  1.57091817]","[ 0.00000000e+00  2.48237906e-02 -3.90928446e-05  2.15373177e-05
 -1.65789590e-05  3.71209245e-05  2.91664395e-05  1.06059783e-05]","[ 0.          0.29253131 17.30650139  1.60419035 -2.61356425 -0.76646787
 -1.28568852 -0.03386906]"
1747093053.54601,"[ 0.         -0.22970404  1.1026417   2.97566999 -1.7535957  -0.00413056
  0.96003042  1.57091817]","[ 0.00000000e+00  2.21479940e-02 -1.56027833e-05  3.48964966e-05
 -2.41002790e-05  3.70648338e-05  2.91664395e-05  1.05979587e-05]","[ 0.          0.43020922 17.48246002  1.6855011  -2.71704745 -0.75648218
 -1.31804717 -0.02018389]"
1747093053.5472233,"[ 0.         -0.22966462  1.1026417   2.97567053 -1.75359677 -0.00413056
  0.96003042  1.57091817]","[ 0.00000000e+00  1.83666278e-02 -1.51643386e-05  4.75321996e-05
 -3.95779564e-05  3.70372172e-05  2.91664395e-05  1.06059783e-05]","[ 0.          0.53065354 17.63510323  1.73441362 -2.80692053 -0.78748858
 -1.3198911  -0.04276435]"
1747093053.549479,"[ 0.         -0.22961615  1.1026417   2.97567133 -1.75359677 -0.00413056
  0.96003042  1.57091817]","[ 0.00000000e+00  1.50319537e-02 -1.47502688e-05  6.47703160e-05
 -3.84089467e-05  3.70648338e-05  2.91664395e-05  1.05979587e-05]","[ 0.          0.72792774 17.81743813  1.77925873 -2.95278239 -0.77651823
 -1.32451785 -0.04727646]"
1747093053.551175,"[ 0.         -0.2296023   1.1026417   2.97567186 -1.75359677 -0.00413056
  0.96003042  1.57091817]","[ 0.00000000e+00  1.40450684e-02 -1.43582118e-05  7.59059752e-05
 -3.84089467e-05  3.70368514e-05  2.91664395e-05  1.06059783e-05]","[ 0.          0.77656823 17.87394714  1.81797683 -2.97846317 -0.77430803
 -1.32378376 -0.05425257]"
1747093053.5528774,"[ 0.         -0.22957407  1.10264217  2.97567319 -1.7535973  -0.00413056
  0.96003042  1.57091817]","[ 0.00000000e+00  1.40450684e-02  1.39585984e-05  1.02542950e-04
 -4.47684141e-05  3.70651995e-05  2.91664395e-05  1.06059783e-05]","[ 0.          0.8954072  17.91770744  1.90330088 -3.0368402  -0.77476799
 -1.34296381 -0.05802142]"
1747093053.5544257,"[ 0.         -0.22955863  1.10264217  2.97567372 -1.7535973  -0.00413056
  0.96003042  1.57091817]","[ 0.00000000e+00  1.45308883e-02  1.39582327e-05  1.12103291e-04
 -4.47677883e-05  3.70651995e-05  2.91664395e-05  1.06059783e-05]","[ 0.          0.97769296 17.94414139  1.92423105 -3.06531525 -0.80360478
 -1.34429085 -0.07145339]"
1747093053.5556288,"[ 0.         -0.22952773  1.10264217  2.97567585 -1.75359783 -0.00413056
  0.96003042  1.57091817]","[ 0.00000000e+00  1.62058481e-02  2.72139905e-05  1.52390275e-04
 -5.15723851e-05  3.70368514e-05  2.91443860e-05  1.06059783e-05]","[ 0.          1.09073877 17.97722816  1.96737134 -3.11824298 -0.81322992
 -1.33598733 -0.06533136]"
1747093053.5572958,"[ 0.         -0.22951016  1.10264217  2.97567692 -1.75359783 -0.00413056
  0.96003042  1.57091817]","[ 0.00000000e+00  1.78264326e-02  2.72139905e-05  1.71381698e-04
 -5.15175135e-05  3.70648338e-05  2.91664395e-05  1.06060839e-05]","[ 0.          1.13356411 17.96087074  2.00050521 -3.10551786 -0.82307434
 -1.32594907 -0.06083312]"
1747093053.5589874,"[ 0.         -0.22946435  1.10264217  2.97567958 -1.75359783 -0.00413056
  0.96003042  1.57091817]","[ 0.00000000e+00  2.40737716e-02  2.65453394e-05  2.17752089e-04
 -5.08250738e-05  3.70368514e-05  2.91664395e-05  1.06059783e-05]","[ 0.          1.18780673 17.9394989   2.05483794 -3.03749228 -0.82511133
 -1.32803345 -0.04966959]"
1747093053.560144,"[ 0.         -0.22943825  1.10264217  2.97568145 -1.75359783 -0.00413056
  0.96003042  1.57091817]","[ 0.00000000e+00  2.64695534e-02  2.59081268e-05  2.49642094e-04
 -5.08250738e-05  3.70372172e-05  2.91664395e-05  1.06059783e-05]","[ 0.          1.18705642 17.90231705  2.06221652 -3.00659013 -0.84037197
 -1.3208338  -0.05974161]"
1747093053.5619416,"[ 0.         -0.22937913  1.10264217  2.97568517 -1.75359837 -0.00413056
  0.96003042  1.57091817]","[ 0.00000000e+00  3.13313079e-02  3.23261922e-05  3.10490936e-04
 -5.65082057e-05  3.70648338e-05  2.91664395e-05  1.06140091e-05]","[ 0.          1.2068435  17.81651688  2.10008621 -2.90736246 -0.82684684
 -1.3022455  -0.06057771]"
1747093053.563048,"[ 0.         -0.22934398  1.1026417   2.97568704 -1.75359783 -0.00413056
  0.96003042  1.57091817]","[ 0.00000000e+00  3.31014362e-02  2.52564009e-05  3.39256197e-04
 -4.94945620e-05  3.70648338e-05  2.91664395e-05  1.06059783e-05]","[ 0.          1.21777081 17.77507401  2.11889219 -2.88740611 -0.84265703
 -1.28490281 -0.06818229]"
1747093053.5648081,"[ 0.         -0.2292742   1.1026417   2.9756921  -1.75359783 -0.00413056
  0.96003042  1.57091817]","[ 0.00000000e+00  3.61930625e-02  2.52564009e-05  5.42935648e-04
 -4.88058526e-05  3.70368514e-05  2.91661490e-05  1.06059783e-05]","[ 0.          1.19540787 17.66181183  2.14613104 -2.8436172  -0.84842616
 -1.25502944 -0.0588507 ]"
1747093053.5664985,"[ 0.         -0.22923798  1.1026417   2.97569476 -1.75359837 -0.00413056
  0.96003042  1.57091817]","[ 0.00000000e+00  3.67332556e-02  2.46360870e-05  8.11409268e-04
 -5.57788476e-05  3.70368514e-05  2.91667301e-05  1.06140091e-05]","[ 0.          1.16839778 17.59926224  2.13309598 -2.80447841 -0.84602159
 -1.23713839 -0.06698875]"
1747093053.567688,"[ 0.         -0.22916128  1.10264124  2.97570089 -1.75359837 -0.00413056
  0.96003136  1.57091817]","[ 0.00000000e+00  3.81168052e-02  2.41277535e-05  2.02048388e-03
 -5.50680767e-05  3.70368514e-05  3.71490329e-05  1.06059783e-05]","[ 0.          1.12622511 17.45739937  2.13285637 -2.74807334 -0.85692751
 -1.22255218 -0.05913901]"
1747093053.56944,"[ 0.         -0.22912187  1.10264124  2.97570488 -1.75359837 -0.00413056
  0.96003136  1.57091817]","[ 0.00000000e+00  3.99744266e-02  2.41277535e-05  2.68236810e-03
 -5.43751940e-05  3.70368514e-05  3.71209245e-05  1.06059783e-05]","[ 0.          1.08833396 17.35929871  2.12931037 -2.72203588 -0.85565674
 -1.19906652 -0.06908341]"
1747093053.5710216,"[ 0.         -0.22903771  1.10264124  2.97571367 -1.75359837 -0.00413056
  0.96003136  1.57091817]","[ 0.00000000e+00  4.37557908e-02  2.35610210e-05  3.77640196e-03
 -5.43751940e-05  3.70648338e-05  3.70648338e-05  1.06059783e-05]","[ 0.          1.04312181 17.18561554  2.12978029 -2.70253444 -0.87477547
 -1.19250929 -0.06767225]"
1747093053.5722284,"[ 0.         -0.2289477   1.10264077  2.97572592 -1.75359837 -0.00413056
  0.96003136  1.57091817]","[ 0.00000000e+00  4.35926639e-02  1.15101511e-05  5.52996558e-03
 -5.36474735e-05  3.70368514e-05  3.71209245e-05  1.06059783e-05]","[ 0.          0.96222013 17.0481472   2.11206007 -2.70210433 -0.86853784
 -1.19267714 -0.05743417]"
1747093053.5739632,"[ 0.         -0.22890509  1.1026403   2.97573338 -1.75359837 -0.00413056
  0.96003136  1.57091817]","[ 0.00000000e+00  4.32155977e-02  0.00000000e+00  6.49337451e-03
 -5.36481481e-05  3.70648338e-05  3.70648338e-05  0.00000000e+00]","[ 0.          0.91328257 16.95929909  2.08779645 -2.69485331 -0.86971754
 -1.18483746 -0.04938061]"
1747093053.5755556,"[ 0.         -0.22882093  1.1026403   2.97575495 -1.75359837 -0.00413056
  0.96003229  1.57091817]","[ 0.00000000e+00  4.26754004e-02  0.00000000e+00  1.05330102e-02
 -5.29896642e-05  3.70368514e-05  4.76188043e-05  0.00000000e+00]","[ 0.          0.85900682 16.84709358  2.03030133 -2.71324897 -0.8578397
 -1.18433464 -0.06465124]"
1747093053.5767741,"[ 0.         -0.22877566  1.1026403   2.97576773 -1.7535989  -0.00413056
  0.96003229  1.57091817]","[ 0.00000000e+00  4.26306385e-02  0.00000000e+00  1.29646791e-02
 -5.96697668e-05  3.70368514e-05  4.76547840e-05  0.00000000e+00]","[ 0.          0.82998073 16.80233192  1.99026537 -2.72377419 -0.84989089
 -1.16999471 -0.08204942]"
1747093053.5785253,"[ 0.         -0.22873198  1.10263984  2.97578291 -1.7535989  -0.00413056
  0.96003229  1.57091817]","[ 0.00000000e+00  4.42959881e-02 -1.05899522e-05  1.53955564e-02
 -5.88912627e-05  3.70368514e-05  4.76547840e-05  0.00000000e+00]","[ 0.          0.78021491 16.737463    1.93635452 -2.73358703 -0.83683646
 -1.17231202 -0.0702851 ]"
1747093053.5796287,"[ 0.         -0.22863611  1.10263937  2.97582233 -1.7535989  -0.00413056
  0.96003229  1.57091817]","[ 0.00000000e+00  4.76460075e-02 -2.08035078e-05  2.02931377e-02
 -5.81864410e-05  3.70368514e-05  4.76552554e-05  0.00000000e+00]","[ 0.          0.70556325 16.64159012  1.85843587 -2.71381211 -0.79320991
 -1.17063963 -0.0691625 ]"
1747093053.5825403,"[ 0.         -0.2285413   1.10263937  2.97586893 -1.75359943 -0.00413056
  0.96003229  1.57091817]","[ 0.00000000e+00  4.75371550e-02 -2.04104928e-05  2.48489678e-02
 -6.38280423e-05  2.64548924e-05  4.76547840e-05  0.00000000e+00]","[ 0.          0.61201698 16.5223484   1.74822545 -2.75097013 -0.79215288
 -1.14862776 -0.07226078]"
1747093053.5836616,"[ 0.         -0.22844809  1.10263897  2.97592379 -1.75359997 -0.0041295
  0.96003322  1.57091817]","[ 0.00000000e+00  4.69969619e-02 -2.45493339e-05  2.75845316e-02
 -6.93909346e-05  3.70648338e-05  5.55558217e-05  0.00000000e+00]","[ 0.          0.50770777 16.45432663  1.60496438 -2.79164958 -0.77714288
 -1.14137876 -0.05987408]"
1747093053.585402,"[ 0.         -0.22835062  1.10263851  2.97597999 -1.7536005  -0.0041295
  0.96003322  1.57091817]","[ 0.00000000e+00  4.80286372e-02 -3.37554612e-05  2.83315004e-02
 -7.48262848e-05  3.70648338e-05  5.55972507e-05  0.00000000e+00]","[ 0.          0.4113647  16.41306686  1.47982967 -2.83370543 -0.77261204
 -1.14910698 -0.05467968]"
1747093053.5870535,"[ 0.         -0.22830215  1.10263804  2.97600742 -1.7536005  -0.0041295
  0.96003322  1.57091817]","[ 0.00000000e+00  4.91577426e-02 -3.85246513e-05  2.78200403e-02
 -7.39724202e-05  3.70651995e-05  5.55972507e-05  0.00000000e+00]","[ 0.          0.3638863  16.39310074  1.43224525 -2.84127283 -0.73711616
 -1.15086508 -0.06027313]"
1747093053.5888653,"[ 0.         -0.22820361  1.10263757  2.97606388 -1.7536005  -0.00412843
  0.96003322  1.57091817]","[ 0.00000000e+00  4.80773522e-02 -4.73762525e-05  2.45788713e-02
 -7.31369720e-05  4.76188043e-05  4.76188043e-05  0.00000000e+00]","[ 0.          0.25627556 16.36016655  1.3140105  -2.85351849 -0.70558244
 -1.14677978 -0.07115868]"
1747093053.5899816,"[ 0.         -0.2281578   1.10263757  2.97608705 -1.75360103 -0.00412843
  0.96003322  1.57091817]","[ 0.00000000e+00  4.64567646e-02 -4.64977946e-05  2.34984809e-02
 -7.92317244e-05  4.76547840e-05  4.76547840e-05  0.00000000e+00]","[ 0.          0.20100871 16.31474495  1.28535688 -2.8658886  -0.70558244
 -1.14568436 -0.07115868]"
1747093053.5917294,"[ 0.         -0.22806672  1.10263711  2.97613099 -1.75360103 -0.00412843
  0.96003322  1.57091817]","[ 0.00000000e+00  4.41352496e-02 -6.39941242e-05  2.10645514e-02
 -7.83477643e-05  4.76192757e-05  4.76188043e-05  0.00000000e+00]","[ 0.          0.10319129 16.28154564  1.2140162  -2.84968781 -0.69089293
 -1.15081143 -0.06947997]"
1747093053.5934002,"[ 0.         -0.22802358  1.10263664  2.9761507  -1.75360103 -0.0041279
  0.96003322  1.57091817]","[ 0.00000000e+00  4.37114575e-02 -7.31373947e-05  1.99872133e-02
 -7.74833098e-05  5.29103091e-05  4.76192757e-05  0.00000000e+00]","[ 0.          0.06340488 16.26873779  1.18763185 -2.84132147 -0.67325449
 -1.15510619 -0.05723759]"
1747093053.594527,"[ 0.         -0.22792717  1.10263618  2.97619038 -1.75360156 -0.0041279
  0.96003322  1.57091817]","[ 0.00000000e+00  4.58681519e-02 -7.63173478e-05  2.02367869e-02
 -8.24626603e-05  5.29497591e-05  4.76547840e-05  0.00000000e+00]","[ 0.         -0.02481931 16.25671387  1.09291351 -2.7948091  -0.65414786
 -1.15450835 -0.04780662]"
1747093053.5962288,"[ 0.         -0.2278787   1.10263618  2.97621195 -1.75360156 -0.0041279
  0.96003322  1.57091817]","[ 0.00000000e+00  4.56398608e-02 -7.50696250e-05  2.03122459e-02
 -8.15732061e-05  5.29097849e-05  4.76188043e-05  0.00000000e+00]","[ 0.         -0.04399941 16.23734665  1.08020329 -2.77962708 -0.63855517
 -1.15542603 -0.04741314]"
1747093053.597962,"[ 0.         -0.22778869  1.10263571  2.97625403 -1.75360156 -0.0041279
  0.96003422  1.57091817]","[ 0.00000000e+00  4.48361812e-02 -8.26528315e-05  2.13377002e-02
 -8.06363940e-05  5.29103091e-05  5.82013384e-05  0.00000000e+00]","[ 0.         -0.14485002 16.20022392  1.0519731  -2.71363521 -0.65180469
 -1.13775015 -0.04091276]"
1747093053.5991325,"[ 0.         -0.22774501  1.10263571  2.97627613 -1.75360156 -0.00412683
  0.96003422  1.57091817]","[ 0.00000000e+00  4.42959881e-02 -8.12434725e-05  2.24180906e-02
 -7.48774626e-05  6.34923676e-05  5.82447383e-05  0.00000000e+00]","[ 0.         -0.18460065 16.18240738  1.04015565 -2.69902134 -0.65109593
 -1.12462473 -0.02858836]"
1747093053.6008086,"[ 0.         -0.22765873  1.10263524  2.97632487 -1.75360156 -0.00412683
  0.96003422  1.57091817]","[ 0.00000000e+00  4.15528656e-02 -8.83960041e-05  2.42841426e-02
 -7.40867147e-05  6.34917418e-05  5.82007654e-05  0.00000000e+00]","[ 0.00000000e+00 -2.44278699e-01  1.61791039e+01  1.01568520e+00
 -2.66621327e+00 -6.57024980e-01 -1.13167143e+00 -1.45045258e-02]"
1747093053.6025105,"[ 0.         -0.22761825  1.10263478  2.9763483  -1.75360156 -0.00412683
  0.96003422  1.57091817]","[ 0.00000000e+00  4.10548170e-02 -9.26053314e-05  2.37685775e-02
 -7.40867147e-05  5.29097849e-05  4.76188043e-05  0.00000000e+00]","[ 0.         -0.27192333 16.18543434  1.00239706 -2.64548159 -0.65611994
 -1.13777208 -0.01873511]"
1747093053.603671,"[ 0.         -0.22753676  1.10263438  2.97637174 -1.75360156 -0.00412577
  0.96003422  1.57091817]","[ 0.00000000e+00  3.91198807e-02 -1.07634246e-04  2.37685775e-02
 -7.33132780e-05  6.35403432e-05  4.76188043e-05  0.00000000e+00]","[ 0.         -0.31562039 16.16913795  0.99654752 -2.6021111  -0.63330883
 -1.13867939 -0.02013962]"
1747093053.605421,"[ 0.         -0.22750107  1.10263438  2.97639464 -1.75360156 -0.00412577
  0.96003422  1.57091817]","[ 0.00000000e+00  3.61930625e-02 -1.06009440e-04  2.32283823e-02
 -7.25558116e-05  6.35397134e-05  4.76192757e-05  0.00000000e+00]","[ 0.         -0.34703764 16.17212677  0.98577833 -2.61504006 -0.6259017
 -1.14095592 -0.03387539]"
1747093053.607633,"[ 0.         -0.22743769  1.10263345  2.97644284 -1.75360156 -0.00412577
  0.96003422  1.57091817]","[ 0.00000000e+00  3.07911127e-02 -1.16351304e-04  2.37685775e-02
 -7.24973192e-05  6.34917418e-05  4.76188043e-05  0.00000000e+00]","[ 0.         -0.35052133 16.16584778  0.97381151 -2.59469819 -0.6221832
 -1.14725006 -0.0266609 ]"
1747093053.6082823,"[ 0.         -0.22738549  1.10263298  2.97649238 -1.75360156 -0.00412577
  0.96003422  1.57091817]","[ 0.00000000e+00  2.35722359e-02 -1.22691664e-04  2.45753093e-02
 -6.69738932e-05  6.34917418e-05  4.76192757e-05  0.00000000e+00]","[ 0.         -0.35988078 16.20951271  0.98265815 -2.56303883 -0.62193441
 -1.15475762 -0.02702672]"
1747093053.6100616,"[ 0.         -0.22736791  1.10263298  2.97651635 -1.75360156 -0.00412577
  0.96003422  1.57091817]","[ 0.00000000e+00  1.78264326e-02 -1.20787115e-04  2.43087727e-02
 -6.69213013e-05  6.34923676e-05  4.76192757e-05  0.00000000e+00]","[ 0.         -0.36221713 16.23405457  0.97867608 -2.58136988 -0.61481726
 -1.1522795  -0.02336173]"
1747093053.6118617,"[ 0.         -0.22734341  1.10263298  2.97656855 -1.7536021  -0.00412577
  0.96003422  1.57091817]","[ 0.00000000e+00  1.02533044e-02 -1.20785344e-04  2.72798451e-02
 -7.17572859e-05  6.34917418e-05  4.75828816e-05  0.00000000e+00]","[ 0.         -0.32993072 16.29049873  0.97494292 -2.62224555 -0.61548918
 -1.15025699 -0.03500981]"
1747093053.613012,"[ 0.         -0.22733649  1.10263298  2.97659757 -1.7536021  -0.00412577
  0.96003422  1.57091817]","[ 0.00000000e+00  6.51998011e-03 -1.19067740e-04  2.94406258e-02
 -7.18138439e-05  6.35397134e-05  4.76188043e-05  0.00000000e+00]","[ 0.         -0.28920066 16.3342495   0.96606392 -2.62513065 -0.61798304
 -1.15462685 -0.03807621]"
1747093053.6147912,"[ 0.         -0.22733276  1.10263298  2.97666362 -1.75360263 -0.0041247
  0.96003422  1.57091817]","[ 0.00000000e+00  3.78136470e-03 -1.24972361e-04  3.34581521e-02
 -7.57286696e-05  6.87827183e-05  4.76192757e-05  0.00000000e+00]","[ 0.         -0.24129403 16.43033981  0.99975008 -2.66847563 -0.61848062
 -1.15659726 -0.0258149 ]"
1747093053.6164918,"[ 0.         -0.22733329  1.10263251  2.97673313 -1.75360316 -0.0041247
  0.96003422  1.57091817]","[ 0.00000000e+00 -1.08038990e-03 -1.26977250e-04  3.53827707e-02
 -8.03334562e-05  6.88346925e-05  4.76192757e-05  0.00000000e+00]","[ 0.         -0.17138693 16.5239048   1.01969016 -2.71651053 -0.60312194
 -1.15403664 -0.02067759]"
1747093053.617704,"[ 0.         -0.22733542  1.10263251  2.97676988 -1.75360369 -0.0041247
  0.96003422  1.57091817]","[ 0.00000000e+00 -1.56044595e-03 -1.26979030e-04  3.46060473e-02
 -8.56890205e-05  6.87827183e-05  4.76188043e-05  0.00000000e+00]","[ 0.00000000e+00 -1.11799277e-01  1.65773220e+01  1.04581630e+00
 -2.74637413e+00 -5.98635733e-01 -1.16162133e+00 -1.44283799e-02]"
1747093053.6194394,"[ 0.         -0.22733595  1.10263251  2.97683539 -1.75360369 -0.0041247
  0.96003515  1.57091817]","[ 0.00000000e+00 -8.77483036e-04 -1.25115687e-04  3.26817948e-02
 -8.48478263e-05  6.88346925e-05  5.81568575e-05  0.00000000e+00]","[ 0.00000000e+00  1.01115890e-02  1.66649132e+01  1.06089520e+00
 -2.75582099e+00 -5.83258986e-01 -1.18342304e+00 -3.81072760e-02]"
1747093053.621255,"[ 0.         -0.22733489  1.10263205  2.97686629 -1.75360423 -0.0041247
  0.96003515  1.57091817]","[ 0.00000000e+00  1.80004121e-04 -1.30694826e-04  3.12995622e-02
 -9.01508150e-05  6.88346925e-05  5.82007654e-05  0.00000000e+00]","[ 0.          0.04815284 16.73561287  1.03393626 -2.78331137 -0.59466881
 -1.19189572 -0.04462504]"
1747093053.6230447,"[ 0.         -0.22733222  1.10263205  2.97692727 -1.75360423 -0.00412364
  0.96003515  1.57091817]","[ 0.00000000e+00  6.38265111e-04 -1.28959707e-04  2.94406258e-02
 -9.00826511e-05  7.93646793e-05  5.82013384e-05  0.00000000e+00]","[ 0.          0.13416541 16.85214424  1.07204521 -2.83703446 -0.58942235
 -1.21164882 -0.06119478]"
1747093053.6242406,"[ 0.         -0.22733276  1.10263205  2.97698293 -1.75360476 -0.00412364
  0.96003515  1.57091817]","[ 0.00000000e+00  5.33165370e-04 -1.27271735e-04  2.75499417e-02
 -1.00756792e-04  7.94246427e-05  4.76188043e-05  0.00000000e+00]","[ 0.          0.21963631 16.91920662  1.1013912  -2.84795189 -0.6191982
 -1.20764852 -0.04453962]"
1747093053.6260047,"[ 0.         -0.22733329  1.10263205  2.97701036 -1.75360476 -0.00412364
  0.96003515  1.57091817]","[ 0.00000000e+00  4.38813819e-04 -1.25627383e-04  2.58291505e-02
 -1.00757800e-04  7.93646793e-05  4.76192757e-05  0.00000000e+00]","[ 0.          0.25428048 16.97099495  1.13536298 -2.86457181 -0.61346298
 -1.21564627 -0.031211  ]"
1747093053.62718,"[ 0.         -0.22733329  1.10263205  2.97703513 -1.75360529 -0.00412364
  0.96003515  1.57091817]","[ 0.00000000e+00  2.63288291e-04 -1.25502409e-04  2.50936146e-02
 -1.05820618e-04  7.93646793e-05  4.76188043e-05  0.00000000e+00]","[ 0.          0.30747655 17.01726532  1.13976669 -2.87493777 -0.63120234
 -1.21683693 -0.02978426]"
1747093053.6289105,"[ 0.         -0.22733276  1.10263205  2.97708147 -1.75360582 -0.00412364
  0.96003515  1.57091817]","[ 0.00000000e+00  7.54971222e-05 -1.30784990e-04  2.15660871e-02
 -1.11194501e-04  7.94246427e-05  4.76192757e-05  0.00000000e+00]","[ 0.          0.37956387 17.06731606  1.17625558 -2.8875165  -0.63292474
 -1.22188973 -0.03852751]"
1747093053.6305695,"[ 0.         -0.22733222  1.10263205  2.97710091 -1.75360582 -0.00412364
  0.96003515  1.57091817]","[ 0.00000000e+00  1.32479098e-04 -1.30915263e-04  1.97171168e-02
 -1.05819570e-04  7.93646793e-05  4.76192757e-05  0.00000000e+00]","[ 0.          0.39871731 17.10846138  1.2066685  -2.89404631 -0.63198048
 -1.21795928 -0.03262549]"
1747093053.6318142,"[ 0.         -0.22733222  1.10263205  2.977131   -1.75360636 -0.00412364
  0.96003515  1.57091817]","[ 0.00000000e+00  0.00000000e+00 -1.29141085e-04  1.37749708e-02
 -1.11110546e-04  7.94246427e-05  4.75828816e-05  0.00000000e+00]","[ 0.          0.45906448 17.14677238  1.27575803 -2.94296598 -0.65606296
 -1.21142614 -0.056844  ]"
1747093053.6330085,"[ 0.         -0.22733276  1.10263205  2.97714219 -1.75360689 -0.00412364
  0.96003515  1.57091817]","[ 0.00000000e+00 -5.31887593e-05 -1.27536385e-04  1.13440936e-02
 -1.16489477e-04  7.94246427e-05  4.76192757e-05  0.00000000e+00]","[ 0.          0.46419087 17.16846466  1.31143069 -2.93285298 -0.66688353
 -1.20797658 -0.06339164]"
1747093053.6347752,"[ 0.         -0.22733276  1.10263205  2.97715604 -1.75360689 -0.00412364
  0.96003515  1.57091817]","[ 0.00000000e+00 -4.80888602e-05 -1.27534776e-04  5.13185212e-03
 -1.16401531e-04  6.87834010e-05  4.76192757e-05  0.00000000e+00]","[ 0.          0.50276822 17.23245621  1.41059518 -2.93449616 -0.66750413
 -1.21909499 -0.06739141]"
1747093053.6365561,"[ 0.         -0.22733222  1.10263205  2.97716003 -1.75360742 -0.00412364
  0.96003515  1.57091817]","[ 0.00000000e+00  4.41615307e-05 -1.25850454e-04  7.52305362e-04
 -1.21784452e-04  6.88353671e-05  4.76192757e-05  0.00000000e+00]","[ 0.          0.53847557 17.25848198  1.51644766 -2.92659187 -0.68328452
 -1.21687222 -0.0681742 ]"
1747093053.6383002,"[ 0.         -0.22733222  1.10263205  2.97715923 -1.75360742 -0.00412364
  0.96003515  1.57091817]","[ 0.00000000e+00  8.83230614e-05 -1.24325995e-04 -8.10292444e-04
 -1.21692507e-04  6.88346925e-05  4.76188043e-05  0.00000000e+00]","[ 0.          0.56259531 17.30663872  1.5691911  -2.9258883  -0.66927969
 -1.21779978 -0.05539803]"
1747093053.6400433,"[ 0.         -0.22733222  1.10263205  2.9771563  -1.75360795 -0.00412364
  0.96003515  1.57091817]","[ 0.00000000e+00  8.16419714e-05 -1.22836550e-04 -1.26002890e-03
 -1.27079427e-04  6.88346925e-05  4.76188043e-05  0.00000000e+00]","[ 0.          0.61457294 17.32480812  1.67620051 -2.9358449  -0.71918088
 -1.21273839 -0.03882609]"
1747093053.6412785,"[ 0.         -0.22733222  1.10263205  2.9771563  -1.75360795 -0.00412364
  0.96003515  1.57091817]","[ 0.00000000e+00  7.59059752e-05 -1.22838045e-04 -9.45101515e-04
 -1.27079427e-04  6.88346925e-05  4.76188043e-05  0.00000000e+00]","[ 0.          0.63589615 17.34401512  1.72469354 -2.93069458 -0.7404232
 -1.21195447 -0.04103297]"
1747093053.6429713,"[ 0.         -0.22733222  1.10263205  2.97715817 -1.75360795 -0.00412364
  0.96003515  1.57091817]","[ 0.00000000e+00  7.05660073e-05 -1.21385278e-04  1.32495580e-04
 -1.26983484e-04  6.87827183e-05  4.76192757e-05  0.00000000e+00]","[ 0.          0.636392   17.42872429  1.77440691 -2.93523145 -0.75619143
 -1.19572985 -0.05103946]"
1747093053.6441517,"[ 0.         -0.22733169  1.10263205  2.97715923 -1.75360849 -0.00412364
  0.96003515  1.57091817]","[ 0.00000000e+00  7.05660073e-05 -1.19858487e-04  3.19196306e-04
 -1.32274460e-04  6.87827183e-05  4.75828816e-05  0.00000000e+00]","[ 0.          0.65411741 17.45988464  1.79810727 -2.94154167 -0.75431216
 -1.20764041 -0.05856208]"
1747093053.6468148,"[ 0.         -0.22733169  1.10263205  2.9771595  -1.75360849 -0.00412364
  0.96003515  1.57091817]","[ 0.00000000e+00  3.31177162e-05 -1.18579068e-04  5.33343359e-04
 -1.27079427e-04  6.89388604e-05  4.76188043e-05  0.00000000e+00]","[ 0.          0.69513679 17.49094772  1.80394435 -2.96963334 -0.7565214
 -1.22497916 -0.06086576]"
1747093053.6479,"[ 0.         -0.22733169  1.10263205  2.97715923 -1.75360955 -0.00412364
  0.96003515  1.57091817]","[ 0.00000000e+00  3.12046522e-05 -1.17224747e-04  4.15234180e-04
 -1.26983484e-04  6.89388604e-05  4.76192757e-05  0.00000000e+00]","[ 0.          0.72329551 17.52666855  1.82911074 -2.97739649 -0.75850505
 -1.21950769 -0.06518961]"
1747093053.649652,"[ 0.         -0.22733116  1.10263205  2.97715923 -1.75361062 -0.00412364
  0.96003515  1.57091817]","[ 0.00000000e+00  5.90043463e-05 -1.10957346e-04  2.98077979e-04
 -1.37669385e-04  6.88346925e-05  4.76188043e-05  0.00000000e+00]","[ 0.          0.74305868 17.59060287  1.83658183 -3.01845694 -0.75262743
 -1.22589684 -0.04995899]"
1747093053.6513572,"[ 0.         -0.22733116  1.10263205  2.97715923 -1.75361115 -0.00412364
  0.96003515  1.57091817]","[ 0.00000000e+00  8.85016105e-05 -1.09705462e-04  1.32462624e-04
 -1.42856421e-04  6.88867318e-05  4.76188043e-05  0.00000000e+00]","[ 0.          0.75907105 17.61357117  1.84143722 -3.05430841 -0.73542535
 -1.23266816 -0.04409873]"
1747093053.6530292,"[ 0.         -0.22733009  1.10263205  2.97715923 -1.75361168 -0.00412364
  0.96003515  1.57091817]","[ 0.00000000e+00  1.32475806e-04 -1.09705462e-04  0.00000000e+00
 -1.42857835e-04  6.89388604e-05  4.76188043e-05  0.00000000e+00]","[ 0.          0.77202207 17.6192646   1.80642307 -3.12715626 -0.73852736
 -1.2157613  -0.05472013]"
1747093053.6541512,"[ 0.         -0.22733009  1.10263205  2.97715923 -1.75361168 -0.00412364
  0.96003515  1.57091817]","[ 0.00000000e+00  1.26282006e-04 -1.08480293e-04  0.00000000e+00
 -1.42964352e-04  6.89388604e-05  4.76192757e-05  0.00000000e+00]","[ 0.          0.77013868 17.6019249   1.80088806 -3.15703845 -0.74518579
 -1.19534886 -0.0591429 ]"
1747093053.6559393,"[ 0.         -0.22732956  1.10263205  2.97715923 -1.75361328 -0.00412364
  0.96003515  1.57091817]","[ 0.00000000e+00  1.44273095e-04 -1.07284585e-04  0.00000000e+00
 -1.53438374e-04  6.89388604e-05  4.76188043e-05  0.00000000e+00]","[ 0.          0.76930225 17.59955597  1.72209859 -3.19674182 -0.73632932
 -1.20450366 -0.06356847]"
1747093053.657019,"[ 0.         -0.22732903  1.10263205  2.97715923 -1.75361381 -0.00412364
  0.96003515  1.57091817]","[ 0.00000000e+00  1.61145579e-04 -1.01238230e-04  0.00000000e+00
 -1.58729359e-04  6.89388604e-05  4.76188043e-05  0.00000000e+00]","[ 0.          0.79066139 17.61986351  1.6877228  -3.20505524 -0.73155588
 -1.20118749 -0.07353097]"
1747093053.6587067,"[ 0.         -0.22732903  1.10263205  2.97715923 -1.75361488 -0.00412364
  0.96003515  1.57091817]","[ 0.00000000e+00  1.55040985e-04 -1.00133232e-04  0.00000000e+00
 -1.69309621e-04  6.89388604e-05  4.76188043e-05  0.00000000e+00]","[ 0.          0.82520097 17.59790611  1.6301111  -3.26072145 -0.71361119
 -1.21273577 -0.06957711]"
1747093053.6603527,"[ 0.         -0.22732796  1.10263205  2.97715923 -1.75361488 -0.00412364
  0.96003515  1.57091817]","[ 0.00000000e+00  1.83694430e-04 -9.90531754e-05  0.00000000e+00
 -1.69311312e-04  6.89381696e-05  4.76188043e-05  0.00000000e+00]","[ 0.          0.81691486 17.53398514  1.57744193 -3.24464035 -0.71331108
 -1.19727731 -0.05155979]"
1747093053.6620722,"[ 0.         -0.22732743  1.10263205  2.9771587  -1.75361541 -0.00412311
  0.96003608  1.57091817]","[ 0.00000000e+00  1.96673894e-04 -9.90531754e-05 -2.95005375e-05
 -1.69439236e-04  7.42418490e-05  5.55552731e-05  0.00000000e+00]","[ 0.          0.82925862 17.46729469  1.56247449 -3.23887777 -0.71548033
 -1.19026649 -0.06154644]"
1747093053.6632016,"[ 0.         -0.2273269   1.10263158  2.9771587  -1.75361594 -0.00412311
  0.96003608  1.57091817]","[ 0.00000000e+00  2.08733995e-04 -1.03760651e-04 -2.79714427e-05
 -1.74734219e-04  7.42418490e-05  5.55552731e-05  0.00000000e+00]","[ 0.          0.80778575 17.43182564  1.51066387 -3.24361634 -0.69407421
 -1.19051695 -0.05326448]"
1747093053.664882,"[ 0.         -0.22732637  1.10263158  2.9771587  -1.75361648 -0.00412311
  0.96003608  1.57091817]","[ 0.00000000e+00  2.01124399e-04 -9.68815954e-05 -3.97407629e-05
 -1.93450646e-04  7.42418490e-05  5.55133645e-05  0.00000000e+00]","[ 0.          0.76734763 17.34482574  1.45268989 -3.2278378  -0.66934246
 -1.17360246 -0.05001318]"
1747093053.6666198,"[ 0.         -0.22732583  1.10263112  2.9771587  -1.75361754 -0.00412311
  0.96003608  1.57091817]","[ 0.00000000e+00  2.12225201e-04 -1.01592435e-04 -3.78828041e-05
 -2.14290727e-04  7.42418490e-05  5.55552731e-05  0.00000000e+00]","[ 0.          0.73417044 17.21348381  1.41928744 -3.2186482  -0.66244209
 -1.1634444  -0.06491043]"
1747093053.6677885,"[ 0.         -0.22732583  1.10263065  2.9771587  -1.75361807 -0.00412311
  0.96003608  1.57091817]","[ 0.00000000e+00  2.04996516e-04 -1.01592435e-04 -2.52564009e-05
 -2.15532159e-04  7.42980657e-05  4.76188043e-05  0.00000000e+00]","[ 0.          0.72027975 17.14423752  1.40385318 -3.22007036 -0.66101784
 -1.17005432 -0.06520555]"
1747093053.6695251,"[ 0.         -0.22732583  1.10262978  2.9771587  -1.75361807 -0.00412204
  0.96003608  1.57091817]","[ 0.00000000e+00  1.99176898e-04 -1.10482832e-04 -2.52552021e-05
 -2.14182699e-04  8.48478263e-05  4.76188043e-05  0.00000000e+00]","[ 0.          0.66807455 16.96287346  1.37807691 -3.20433903 -0.66715378
 -1.16444802 -0.07558268]"
1747093053.6706967,"[ 0.         -0.22732583  1.10262978  2.9771587  -1.75361807 -0.00412204
  0.96003608  1.57091817]","[ 0.00000000e+00  1.99183091e-04 -1.09364456e-04 -2.41272069e-05
 -2.14384760e-04  8.48478263e-05  4.76188043e-05  0.00000000e+00]","[ 0.          0.61802059 16.87512779  1.37479329 -3.14918447 -0.67042041
 -1.1568588  -0.08228459]"
1747093053.6740906,"[ 0.         -0.22732583  1.10262885  2.9771587  -1.75361861 -0.00412204
  0.96003708  1.57091817]","[ 0.00000000e+00  1.92802232e-04 -1.16387438e-04 -2.30956648e-05
 -2.18169980e-04  8.48478263e-05  5.82881910e-05  0.00000000e+00]","[ 0.          0.54662812 16.72163391  1.37918353 -3.06445646 -0.65976107
 -1.14488518 -0.06468888]"
1747093053.6757274,"[ 0.         -0.22732583  1.10262699  2.97715817 -1.75361861 -0.00412204
  0.96003801  1.57091817]","[ 0.00000000e+00  1.87227913e-04 -1.32574732e-04 -4.42974236e-05
 -2.14387442e-04  8.49120728e-05  5.82887721e-05  0.00000000e+00]","[ 0.          0.47051328 16.495924    1.32237935 -2.94374967 -0.66494495
 -1.1109854  -0.05978888]"
1747093053.677479,"[ 0.         -0.22732583  1.10262606  2.97715817 -1.75361861 -0.00412204
  0.96003801  1.57091817]","[ 0.00000000e+00  1.81972055e-04 -1.37876339e-04 -4.41578693e-05
 -2.11561377e-04  8.48478263e-05  5.82887721e-05  0.00000000e+00]","[ 0.          0.40006259 16.31310081  1.30060756 -2.8996346  -0.66664654
 -1.08215439 -0.08379557]"
1747093053.6786697,"[ 0.         -0.22732583  1.10262559  2.97715817 -1.75361861 -0.00412204
  0.96003801  1.57091817]","[ 0.00000000e+00  1.66807722e-04 -1.43180701e-04 -4.42974236e-05
 -2.09000880e-04  8.48486716e-05  5.82887721e-05  0.00000000e+00]","[ 0.          0.33102515 16.2172699   1.30538166 -2.88126302 -0.6750775
 -1.06661975 -0.07684962]"
1747093053.6810217,"[ 0.         -0.22732583  1.10262472  2.97715817 -1.75361861 -0.00412204
  0.96003801  1.57091817]","[ 0.00000000e+00  1.61916667e-04 -1.45721936e-04 -4.24239132e-05
 -2.06504118e-04  8.48478263e-05  5.82881910e-05  0.00000000e+00]","[ 0.          0.2699239  16.08262825  1.30096114 -2.85089779 -0.67453384
 -1.04653215 -0.04885548]"
1747093053.6825993,"[ 0.         -0.22732583  1.10262426  2.97715817 -1.75361914 -0.00412098
  0.96003801  1.57091817]","[ 0.00000000e+00  1.61916667e-04 -1.51020918e-04 -4.08209857e-05
 -2.12957375e-04  9.54538036e-05  5.82887721e-05  0.00000000e+00]","[ 0.          0.23486789 16.0229454   1.27710724 -2.83893609 -0.6753363
 -1.04903471 -0.03284905]"
1747093053.6837537,"[ 0.         -0.22732583  1.10262286  2.97715817 -1.75361967 -0.00412098
  0.96003895  1.57091817]","[ 0.00000000e+00  1.57940326e-04 -1.59091252e-04 -3.93347788e-05
 -2.24996215e-04  8.48478263e-05  6.62372408e-05  0.00000000e+00]","[ 0.          0.19231558 15.92280197  1.28616512 -2.79836631 -0.67384946
 -1.05477679 -0.03195474]"
1747093053.6855028,"[ 0.         -0.22732583  1.10262239  2.97715817 -1.75361967 -0.00412098
  0.96003895  1.57091817]","[ 0.00000000e+00  1.53851014e-04 -1.58969375e-04 -3.92232556e-05
 -2.33580505e-04  8.48478263e-05  5.83328791e-05  0.00000000e+00]","[ 0.          0.13993753 15.85805321  1.29340804 -2.78346419 -0.67273051
 -1.05751765 -0.02670467]"
1747093053.6866357,"[ 0.         -0.22732583  1.10262106  2.97715817 -1.75362021 -0.00412098
  0.96003895  1.57091817]","[ 0.00000000e+00  1.39585987e-04 -1.69695653e-04 -3.78504980e-05
 -2.45964415e-04  8.48469811e-05  5.82887721e-05  0.00000000e+00]","[ 0.          0.06523141 15.76629257  1.26703334 -2.78809762 -0.66333932
 -1.05234337 -0.03988356]"
1747093053.6884341,"[ 0.         -0.22732583  1.1026206   2.97715764 -1.75362021 -0.00412098
  0.96003895  1.57091817]","[ 0.00000000e+00  1.39582329e-04 -1.74998649e-04 -5.69294814e-05
 -2.41847910e-04  8.48478263e-05  5.83328791e-05  0.00000000e+00]","[ 0.          0.03474249 15.74604607  1.26984584 -2.79882216 -0.66413122
 -1.04807961 -0.05134919]"
1747093053.6895814,"[ 0.         -0.22732637  1.10261966  2.97715764 -1.75362127 -0.00412098
  0.96003895  1.57091817]","[ 0.00000000e+00  1.22225651e-04 -1.78503297e-04 -5.48521053e-05
 -2.45703106e-04  7.42418490e-05  5.82887721e-05  0.00000000e+00]","[ 0.00000000e+00 -2.54294951e-03  1.57159529e+01  1.24010277e+00
 -2.83788848e+00 -6.70332015e-01 -1.02845478e+00 -7.41512403e-02]"
1747093053.6912847,"[ 0.         -0.22732637  1.10261966  2.97715764 -1.75362127 -0.00412098
  0.96003895  1.57091817]","[ 0.00000000e+00  1.08855962e-04 -1.74981322e-04 -5.30563002e-05
 -2.45964415e-04  7.42418490e-05  5.82887721e-05  0.00000000e+00]","[ 0.         -0.03731377 15.71254063  1.23730242 -2.86297774 -0.65549922
 -1.02806258 -0.05997146]"
1747093053.6929607,"[ 0.         -0.22732637  1.1026192   2.97715737 -1.7536218  -0.00412098
  0.96003988  1.57091817]","[ 0.00000000e+00  9.52489707e-05 -1.73094109e-04 -4.42150532e-05
 -2.53221497e-04  6.89381696e-05  6.62867037e-05  0.00000000e+00]","[ 0.         -0.0749312  15.76426411  1.20361304 -2.86826658 -0.65045679
 -1.03052282 -0.05055654]"
1747093053.6941833,"[ 0.         -0.22732637  1.10261873  2.97715737 -1.75362234 -0.00411991
  0.96003988  1.57091817]","[ 0.00000000e+00  9.27307523e-05 -1.78503297e-04 -4.27076095e-05
 -2.56585298e-04  7.95448377e-05  6.62873661e-05  0.00000000e+00]","[ 0.         -0.07570292 15.78045082  1.20106971 -2.88569713 -0.64897239
 -1.04155159 -0.03921137]"
1747093053.6958616,"[ 0.         -0.22732637  1.10261827  2.97715737 -1.75362393 -0.00411991
  0.96003988  1.57091817]","[ 0.00000000e+00  9.05111398e-05 -1.76770698e-04 -4.14951877e-05
 -2.73552840e-04  7.96050693e-05  6.62873661e-05  0.00000000e+00]","[ 0.         -0.10751632 15.82290554  1.13141608 -2.9430027  -0.61859256
 -1.05605757 -0.06205538]"
1747093053.6976087,"[ 0.         -0.2273269   1.10261733  2.97715684 -1.753625   -0.00411884
  0.96003988  1.57091817]","[ 0.00000000e+00  5.17206519e-05 -1.84178217e-04 -5.62339817e-05
 -2.90766119e-04  9.01508150e-05  5.56813848e-05  0.00000000e+00]","[ 0.         -0.125139   15.88424206  1.07365131 -2.98519373 -0.59790057
 -1.0554868  -0.06438089]"
1747093053.6987536,"[ 0.         -0.2273269   1.10261733  2.9771563  -1.753625   -0.00411884
  0.96003988  1.57091817]","[ 0.00000000e+00  5.17206519e-05 -1.80463445e-04 -7.23008331e-05
 -2.91809667e-04  7.95440412e-05  5.56392812e-05  0.00000000e+00]","[ 0.         -0.15049683 15.93175316  1.05475819 -3.01654434 -0.59083295
 -1.05317485 -0.04532957]"
1747093053.700832,"[ 0.         -0.2273269   1.10261687  2.9771563  -1.7536266  -0.00411884
  0.96003988  1.57091817]","[ 0.00000000e+00  5.05116029e-05 -1.74543064e-04 -7.02125256e-05
 -3.16185003e-04  7.95448377e-05  5.56813848e-05  0.00000000e+00]","[ 0.         -0.15613385 16.0468502   1.02463031 -3.06378794 -0.60182279
 -1.03971922 -0.03988443]"
1747093053.7024732,"[ 0.         -0.2273269   1.10261647  2.97715604 -1.75362819 -0.00411884
  0.96003988  1.57091817]","[ 0.00000000e+00  2.52558015e-05 -1.78314906e-04 -7.58216949e-05
 -3.22454387e-04  7.95448377e-05  5.56392812e-05  0.00000000e+00]","[ 0.         -0.17809649 16.12581825  1.00770247 -3.13177752 -0.59816676
 -1.08053493 -0.03960412]"
1747093053.7036536,"[ 0.         -0.2273269   1.102616    2.97715604 -1.75362873 -0.00411884
  0.96003988  1.57091817]","[ 0.00000000e+00  1.26279007e-05 -1.78316775e-04 -7.37513407e-05
 -3.32849623e-04  6.89381696e-05  5.56819415e-05  0.00000000e+00]","[ 0.         -0.20395264 16.16467094  0.99125183 -3.15785551 -0.58721018
 -1.07520056 -0.0376203 ]"
1747093053.705357,"[ 0.         -0.22732743  1.102616    2.97715551 -1.75363086 -0.00411831
  0.96003988  1.57091817]","[ 0.00000000e+00 -1.23177591e-05 -1.76492468e-04 -8.59754436e-05
 -3.49997299e-04  7.42418490e-05  5.56392812e-05  0.00000000e+00]","[ 0.         -0.20683211 16.24272346  0.94713205 -3.18410754 -0.5932731
 -1.07529998 -0.05459347]"
1747093053.7070553,"[ 0.         -0.22732743  1.10261554  2.97715551 -1.75363139 -0.00411831
  0.96003988  1.57091817]","[ 0.00000000e+00 -1.20431460e-05 -1.80168342e-04 -8.37537912e-05
 -3.46188218e-04  7.42418490e-05  5.56392812e-05  0.00000000e+00]","[ 0.         -0.21691132 16.28432465  0.93663979 -3.21428013 -0.58519936
 -1.07556975 -0.04961554]"
1747093053.7083762,"[ 0.         -0.22732796  1.10261507  2.97715551 -1.75363246 -0.00411831
  0.96003988  1.57091817]","[ 0.00000000e+00 -2.41277535e-05 -1.86525111e-04 -8.37515887e-05
 -3.50004256e-04  7.42980657e-05  5.56813848e-05  0.00000000e+00]","[ 0.         -0.21332438 16.35050774  0.94448644 -3.23250985 -0.58893055
 -1.08452654 -0.06069059]"
1747093053.7095299,"[ 0.         -0.22732796  1.10261507  2.97715551 -1.75363352 -0.00411725
  0.96003988  1.57091817]","[ 0.00000000e+00 -3.54010408e-05 -1.87762935e-04 -8.14837730e-05
 -3.78643348e-04  8.48469811e-05  5.56813848e-05  0.00000000e+00]","[ 0.         -0.2325542  16.38392639  0.93474102 -3.23495483 -0.58930469
 -1.08708501 -0.06420767]"
1747093053.7113006,"[ 0.         -0.22732796  1.10261507  2.97715551 -1.75363405 -0.00411725
  0.96003988  1.57091817]","[ 0.00000000e+00 -3.45872561e-05 -1.89915424e-04 -8.14837730e-05
 -3.80451580e-04  8.48478263e-05  5.56392812e-05  0.00000000e+00]","[ 0.         -0.23150083 16.40788651  0.93016571 -3.22330141 -0.59537494
 -1.09074068 -0.05689251]"
1747093053.7130446,"[ 0.         -0.2273285   1.1026146   2.97715497 -1.75363512 -0.00411725
  0.96003988  1.57091817]","[ 0.00000000e+00 -4.51517149e-05 -1.94215184e-04 -9.05133423e-05
 -3.76976336e-04  8.48478263e-05  5.56813848e-05  0.00000000e+00]","[ 0.         -0.25064799 16.46865463  0.9189173  -3.20228314 -0.59052545
 -1.08620834 -0.0476253 ]"
1747093053.7141986,"[ 0.         -0.2273285   1.10261414  2.97715497 -1.75363565 -0.00411725
  0.96003988  1.57091817]","[ 0.00000000e+00 -4.41578693e-05 -1.99160399e-04 -9.05111398e-05
 -3.80459837e-04  7.42418490e-05  5.56392812e-05  0.00000000e+00]","[ 0.         -0.25155169 16.51667213  0.93236554 -3.20849061 -0.59202182
 -1.08620834 -0.0576814 ]"
1747093053.7159512,"[ 0.         -0.22732903  1.10261367  2.97715444 -1.75363672 -0.00411725
  0.96003988  1.57091817]","[ 0.00000000e+00 -6.49102929e-05 -2.14934346e-04 -8.83953051e-05
 -4.19550894e-04  7.42418490e-05  5.56813848e-05  0.00000000e+00]","[ 0.         -0.2597678  16.56700325  0.94450366 -3.19787121 -0.5933125
 -1.08879173 -0.05961199]"
1747093053.7170374,"[ 0.         -0.22732903  1.10261321  2.97715444 -1.75363725 -0.00411725
  0.96003988  1.57091817]","[ 0.00000000e+00 -6.36358718e-05 -2.32076641e-04 -8.83953051e-05
 -4.51722315e-04  7.42418490e-05  5.56813848e-05  0.00000000e+00]","[ 0.         -0.25963748 16.58949661  0.95634937 -3.19070935 -0.59343749
 -1.0900259  -0.06179897]"
1747093053.7188597,"[ 0.         -0.22732903  1.10261321  2.97715444 -1.75363831 -0.00411618
  0.96003988  1.5709191 ]","[ 0.00000000e+00 -6.24093044e-05 -2.50250717e-04 -8.62263015e-05
 -5.46097436e-04  8.48478263e-05  5.56392812e-05  1.05979587e-05]","[ 0.         -0.26528394 16.60187721  0.95434779 -3.18703794 -0.59474772
 -1.11050677 -0.05991461]"
1747093053.7206192,"[ 0.         -0.22732903  1.10261321  2.97715444 -1.75363885 -0.00411618
  0.96003988  1.5709191 ]","[ 0.00000000e+00 -6.24093044e-05 -2.72107005e-04 -8.43020197e-05
 -5.80823470e-04  8.48478263e-05  4.77269018e-05  1.05979587e-05]","[ 0.         -0.25582856 16.61213684  0.95804203 -3.17697668 -0.5926764
 -1.10687304 -0.0573078 ]"
1747093053.7217393,"[ 0.         -0.22732903  1.10261227  2.97715417 -1.75363991 -0.00411618
  0.96003988  1.5709191 ]","[ 0.00000000e+00 -6.11424498e-05 -3.28261847e-04 -8.83518727e-05
 -6.20060819e-04  7.42418490e-05  4.76908124e-05  1.05979587e-05]","[ 0.         -0.28475276 16.63710594  0.98479509 -3.1703012  -0.59085548
 -1.10669005 -0.03823413]"
1747093053.7234857,"[ 0.         -0.22732903  1.10261227  2.97715417 -1.75364098 -0.00411618
  0.96003988  1.5709191 ]","[ 0.00000000e+00 -6.11424498e-05 -3.34104384e-04 -8.83538314e-05
 -6.24511016e-04  7.42418490e-05  4.76903370e-05  1.05979587e-05]","[ 0.         -0.286612   16.66304398  1.02079737 -3.16952634 -0.59509385
 -1.09132779 -0.04368136]"
1747093053.7245798,"[ 0.         -0.22732956  1.10261187  2.97715417 -1.75364151 -0.00411618
  0.96003988  1.5709191 ]","[ 0.00000000e+00 -7.00108055e-05 -3.31380626e-04 -8.64681463e-05
 -6.09689055e-04  7.42418490e-05  4.77269018e-05  1.05979587e-05]","[ 0.         -0.30853298 16.69498825  1.06355202 -3.16720247 -0.59060138
 -1.09106195 -0.04191828]"
1747093053.726355,"[ 0.         -0.22732956  1.10261141  2.97715417 -1.75364204 -0.00411618
  0.96003988  1.5709191 ]","[ 0.00000000e+00 -6.87381399e-05 -3.31870996e-04 -8.45251228e-05
 -6.27595237e-04  7.42418490e-05  4.77269018e-05  1.05899522e-05]","[ 0.         -0.31302345 16.67713547  1.084795   -3.15057588 -0.58771414
 -1.08388317 -0.05528315]"
1747093053.7275465,"[ 0.         -0.22732956  1.10261094  2.97715364 -1.75364311 -0.00411618
  0.96003988  1.5709191 ]","[ 0.00000000e+00 -6.75109223e-05 -3.25147490e-04 -9.39835140e-05
 -6.09666493e-04  7.42418490e-05  4.77269018e-05  1.05979587e-05]","[ 0.         -0.28549993 16.69434547  1.1114248  -3.13432002 -0.58977264
 -1.0905503  -0.06031534]"
1747093053.7292974,"[ 0.         -0.22732956  1.10261094  2.97715364 -1.75364471 -0.00411618
  0.96003988  1.5709191 ]","[ 0.00000000e+00 -6.63267511e-05 -2.99192365e-04 -9.38354748e-05
 -6.07960471e-04  7.42418490e-05  4.76903370e-05  1.05899522e-05]","[ 0.         -0.28991008 16.73018456  1.11570644 -3.13401818 -0.59577066
 -1.11090791 -0.06595256]"
1747093053.7310185,"[ 0.         -0.22732956  1.10261048  2.97715311 -1.75364471 -0.00411512
  0.96003988  1.5709191 ]","[ 0.00000000e+00 -6.62360177e-05 -2.99192365e-04 -1.02774628e-04
 -5.88370567e-04  8.48478263e-05  4.76908124e-05  1.05979587e-05]","[ 0.         -0.27673373 16.74983978  1.10814106 -3.12681198 -0.59949172
 -1.11328089 -0.06132505]"
1747093053.7322223,"[ 0.         -0.22733009  1.10261048  2.97715311 -1.7536463  -0.00411512
  0.96004088  1.5709191 ]","[ 0.00000000e+00 -7.43964714e-05 -2.83981755e-04 -1.00602536e-04
 -5.88271284e-04  8.48478263e-05  5.83328791e-05  1.05979587e-05]","[ 0.         -0.26478374 16.78550529  1.10316479 -3.13933468 -0.60380763
 -1.11051571 -0.0502786 ]"
1747093053.733977,"[ 0.         -0.22733009  1.10261001  2.97715311 -1.75364684 -0.00411512
  0.96004088  1.5709191 ]","[ 0.00000000e+00 -7.42978788e-05 -2.83585499e-04 -1.00604543e-04
 -5.67757466e-04  8.47836692e-05  5.82887721e-05  1.05899522e-05]","[ 0.         -0.24716175 16.79253578  1.1103375  -3.15518594 -0.60613972
 -1.11633289 -0.04229952]"
1747093053.7351537,"[ 0.         -0.22733009  1.10261001  2.97715284 -1.75364843 -0.00411512
  0.96004088  1.5709191 ]","[ 0.00000000e+00 -7.31373947e-05 -2.69293034e-04 -1.04017539e-04
 -5.85089144e-04  8.47196178e-05  5.83334602e-05  1.05819570e-05]","[ 0.         -0.24717018 16.83053589  1.11222279 -3.16295004 -0.58606631
 -1.11738086 -0.04323292]"
1747093053.738364,"[ 0.         -0.22733063  1.10260954  2.97715284 -1.75364843 -0.00411512
  0.96004088  1.5709191 ]","[ 0.00000000e+00 -8.22781619e-05 -2.69288060e-04 -1.01904078e-04
 -5.65330193e-04  8.46556558e-05  5.83322980e-05  1.05979587e-05]","[ 0.         -0.22970185 16.83201027  1.11624908 -3.17165899 -0.58195359
 -1.12964773 -0.05821317]"
1747093053.7400293,"[ 0.         -0.22733063  1.10260908  2.97715231 -1.7536511  -0.00411512
  0.96004088  1.5709191 ]","[ 0.00000000e+00 -8.09088869e-05 -2.44811847e-04 -1.08017076e-04
 -5.85109170e-04  8.47196178e-05  5.82007654e-05  1.05819570e-05]","[ 0.         -0.18252456 16.88150406  1.12262762 -3.18024611 -0.5880183
 -1.11949909 -0.07186965]"
1747093053.7412117,"[ 0.         -0.22733063  1.10260908  2.97715231 -1.75365163 -0.00411512
  0.96004088  1.5709191 ]","[ 0.00000000e+00 -7.95844502e-05 -2.40452985e-04 -1.08017076e-04
 -5.85109170e-04  8.47196178e-05  5.82007654e-05  1.05819570e-05]","[ 0.         -0.16307937 16.89412498  1.09721971 -3.18998194 -0.5885123
 -1.10632586 -0.07101345]"
1747093053.7429721,"[ 0.         -0.22733063  1.10260861  2.97715178 -1.75365323 -0.00411458
  0.96004088  1.5709191 ]","[ 0.00000000e+00 -7.83026821e-05 -2.25716036e-04 -1.13549483e-04
 -6.05586447e-04  9.00154869e-05  5.82007654e-05  1.05820616e-05]","[ 0.         -0.10893197 16.94102097  1.08715785 -3.19020891 -0.58973014
 -1.09890485 -0.05211894]"
1747093053.7441454,"[ 0.         -0.22733063  1.10260861  2.97715124 -1.75365429 -0.00411458
  0.96004088  1.5709191 ]","[ 0.00000000e+00 -7.82055849e-05 -2.21768888e-04 -1.13549483e-04
 -6.24511016e-04  9.00154869e-05  5.82453112e-05  1.05820616e-05]","[ 0.         -0.09055188 16.96289253  1.08033264 -3.20197392 -0.57634467
 -1.09446967 -0.05483779]"
1747093053.7459118,"[ 0.         -0.22733063  1.10260861  2.97715124 -1.75365483 -0.00411458
  0.96004088  1.5709191 ]","[ 0.00000000e+00 -7.69675011e-05 -2.03168502e-04 -1.11742974e-04
 -6.07982902e-04  8.99466322e-05  5.82007654e-05  1.05819570e-05]","[ 0.         -0.0805036  16.961092    1.06928313 -3.19903708 -0.56470072
 -1.10243285 -0.06005462]"
1747093053.7470512,"[ 0.         -0.22733063  1.10260815  2.97715124 -1.75365536 -0.00411458
  0.96004088  1.5709191 ]","[ 0.00000000e+00 -7.69675011e-05 -2.02898513e-04 -1.09706096e-04
 -6.07982902e-04  9.00145929e-05  5.82007654e-05  1.05820616e-05]","[ 0.         -0.07936919 16.95497894  1.05424726 -3.22142601 -0.55899334
 -1.10345936 -0.05406295]"
1747093053.7488885,"[ 0.         -0.22733063  1.10260815  2.97715098 -1.75365642 -0.00411458
  0.96004088  1.5709191 ]","[ 0.00000000e+00 -7.57680058e-05 -1.99411306e-04 -1.12375361e-04
 -6.07247802e-04  9.00154869e-05  5.82447383e-05  1.05820616e-05]","[ 0.         -0.06759302 16.96650505  1.04495895 -3.22929358 -0.55891633
 -1.10455906 -0.04786055]"
1747093053.7506666,"[ 0.         -0.22733116  1.10260815  2.97715098 -1.75365749 -0.00411352
  0.96004088  1.5709191 ]","[ 0.00000000e+00 -8.28947982e-05 -1.94773823e-04 -1.12375361e-04
 -6.24511016e-04  1.00528593e-04  5.82013384e-05  1.05740785e-05]","[ 0.         -0.05798428 16.97970772  1.04173863 -3.20067239 -0.56438315
 -1.11204922 -0.05404336]"
1747093053.7518358,"[ 0.         -0.22733116  1.10260815  2.97715045 -1.75365802 -0.00411352
  0.96004088  1.5709191 ]","[ 0.00000000e+00 -8.16407198e-05 -1.91486077e-04 -1.19226239e-04
 -6.07982902e-04  1.00604543e-04  5.82007654e-05  1.05819570e-05]","[ 0.         -0.04449635 17.00351715  1.05835164 -3.18352604 -0.56633669
 -1.10027409 -0.05926834]"
1747093053.753552,"[ 0.         -0.22733116  1.10260775  2.97715045 -1.75365962 -0.00411352
  0.96004088  1.5709191 ]","[ 0.00000000e+00 -8.03342608e-05 -1.82367693e-04 -1.12963624e-04
 -6.24511016e-04  1.00604543e-04  5.82007654e-05  1.05739739e-05]","[ 0.         -0.04222052 17.00746155  1.05825436 -3.177984   -0.56545871
 -1.09019279 -0.04248607]"
1747093053.75531,"[ 0.         -0.22733116  1.10260775  2.97714991 -1.75366015 -0.00411352
  0.96004088  1.5709191 ]","[ 0.00000000e+00 -7.91570912e-05 -1.82130733e-04 -1.21655130e-04
 -6.27595237e-04  1.00528593e-04  5.82013384e-05  1.05739739e-05]","[ 0.         -0.03589115 17.01623726  1.05181813 -3.1809938  -0.56456274
 -1.0945828  -0.04449969]"
1747093053.7570665,"[ 0.         -0.22733169  1.10260728  2.97714991 -1.75366122 -0.00411352
  0.96004088  1.5709191 ]","[ 0.00000000e+00 -8.57186283e-05 -1.73249308e-04 -1.19725305e-04
 -6.09689055e-04  1.00604543e-04  5.82447383e-05  1.05819570e-05]","[ 0.         -0.0344938  16.98337746  1.05042231 -3.18948627 -0.5748412
 -1.08858693 -0.0543088 ]"
1747093053.758193,"[ 0.         -0.22733169  1.10260728  2.97714991 -1.75366175 -0.00411352
  0.96004088  1.5709191 ]","[ 0.00000000e+00 -7.80127723e-05 -1.70373439e-04 -1.19727231e-04
 -6.05607968e-04  1.00604543e-04  5.82447383e-05  1.05740785e-05]","[ 0.         -0.02819193 16.9623127   1.06062913 -3.19530177 -0.5757578
 -1.08858693 -0.07198045]"
1747093053.759913,"[ 0.         -0.22733169  1.10260681  2.97714938 -1.75366335 -0.00411352
  0.96004088  1.5709191 ]","[ 0.00000000e+00 -7.69021818e-05 -1.70591722e-04 -1.24195292e-04
 -6.27572090e-04  1.00528593e-04  5.82007654e-05  1.05819570e-05]","[ 0.         -0.02711607 16.94189453  1.07114565 -3.18160987 -0.57953298
 -1.07132256 -0.0618865 ]"
1747093053.7615972,"[ 0.         -0.22733169  1.10260681  2.97714938 -1.75366441 -0.00411352
  0.96004088  1.5709191 ]","[ 0.00000000e+00 -7.69010684e-05 -1.67802702e-04 -1.15915606e-04
 -6.47183710e-04  1.00604543e-04  5.82013384e-05  1.05739739e-05]","[ 0.         -0.02584457 16.93209457  1.09573138 -3.17944074 -0.56797659
 -1.07965457 -0.04922951]"
1747093053.7633014,"[ 0.         -0.22733222  1.10260635  2.97714938 -1.75366601 -0.00411245
  0.96004088  1.5709191 ]","[ 0.00000000e+00 -8.33137210e-05 -1.73790198e-04 -1.14165769e-04
 -6.73546274e-04  1.05819570e-04  4.76188043e-05  1.05820616e-05]","[ 0.         -0.02857252 16.89665222  1.10362554 -3.16895747 -0.56962967
 -1.07517219 -0.04529638]"
1747093053.7655122,"[ 0.         -0.22733222  1.10260542  2.97714911 -1.75366814 -0.00411245
  0.96004088  1.5709191 ]","[ 0.00000000e+00 -8.21629084e-05 -1.79590847e-04 -1.08449612e-04
 -6.51239179e-04  1.05899518e-04  4.76547840e-05  1.05739739e-05]","[ 0.         -0.05966041 16.84486008  1.11210144 -3.20978832 -0.56568354
 -1.06431937 -0.04008597]"
1747093053.7671998,"[ 0.         -0.22733222  1.10260542  2.97714911 -1.75366867 -0.00411245
  0.96004088  1.5709191 ]","[ 0.00000000e+00 -8.21629084e-05 -1.76792008e-04 -1.08449612e-04
 -6.51214277e-04  1.05820618e-04  4.76188043e-05  1.05739739e-05]","[ 0.         -0.0664264  16.84232903  1.10732734 -3.20375991 -0.57597744
 -1.06372786 -0.03261108]"
1747093053.7688522,"[ 0.         -0.22733276  1.10260495  2.97714858 -1.75367081 -0.00411245
  0.96004088  1.5709191 ]","[ 0.00000000e+00 -8.10411916e-05 -1.76792008e-04 -1.12992745e-04
 -6.73546274e-04  1.05820618e-04  4.76192757e-05  1.05740785e-05]","[ 0.         -0.09256854 16.79844475  1.13311267 -3.20172334 -0.57980341
 -1.07022035 -0.04600909]"
1747093053.7700386,"[ 0.         -0.22733276  1.10260448  2.97714858 -1.75367187 -0.00411245
  0.96004181  1.5709191 ]","[ 0.00000000e+00 -7.99507974e-05 -1.78223815e-04 -1.13118523e-04
 -6.76734330e-04  1.05900567e-04  5.82447383e-05  1.05739739e-05]","[ 0.         -0.08250396 16.7718029   1.13656569 -3.190974   -0.58708858
 -1.06789649 -0.05462756]"
1747093053.7718143,"[ 0.         -0.22733276  1.10260402  2.97714805 -1.753674   -0.00411245
  0.96004181  1.5709191 ]","[ 0.00000000e+00 -7.88893529e-05 -1.83480697e-04 -1.15226840e-04
 -7.50683799e-04  9.52376087e-05  5.82007654e-05  1.05819570e-05]","[ 0.         -0.10038038 16.72005653  1.13734066 -3.20123148 -0.56604826
 -1.06741488 -0.05776493]"
1747093053.7730198,"[ 0.         -0.22733276  1.10260355  2.97714805 -1.75367507 -0.00411245
  0.96004181  1.5709191 ]","[ 0.00000000e+00 -7.88904175e-05 -1.88785514e-04 -1.13611242e-04
 -7.62156913e-04  9.52376087e-05  4.76188043e-05  1.05819570e-05]","[ 0.         -0.09618402 16.70658112  1.13895535 -3.2189877  -0.57240707
 -1.05644035 -0.06121062]"
1747093053.7747436,"[ 0.         -0.22733329  1.10260315  2.97714805 -1.7536772  -0.00411245
  0.96004181  1.5709191 ]","[ 0.00000000e+00 -8.48466966e-05 -1.87022471e-04 -1.12038743e-04
 -8.33461230e-04  9.52385514e-05  4.76192757e-05  1.05820616e-05]","[ 0.         -0.10582048 16.6748085   1.12757194 -3.20031834 -0.57836956
 -1.06572568 -0.05407565]"
1747093053.7765398,"[ 0.         -0.22733382  1.10260222  2.97714778 -1.75367879 -0.00411245
  0.96004181  1.5709191 ]","[ 0.00000000e+00 -9.07308864e-05 -1.92044733e-04 -1.14074491e-04
 -8.95133175e-04  9.52376087e-05  3.70368514e-05  1.05739739e-05]","[ 0.         -0.12631655 16.63149261  1.11115706 -3.20792055 -0.57480007
 -1.07509935 -0.0503354 ]"
1747093053.777738,"[ 0.         -0.22733382  1.10260222  2.97714778 -1.75368039 -0.00411245
  0.96004181  1.5709191 ]","[ 0.00000000e+00 -8.95736044e-05 -1.89352070e-04 -1.06604377e-04
 -9.19388227e-04  9.52376087e-05  3.70368514e-05  1.05739739e-05]","[ 0.         -0.13503757 16.62025452  1.09885991 -3.22550201 -0.58266848
 -1.07011235 -0.05474585]"
1747093053.7793913,"[ 0.         -0.22733382  1.10260129  2.97714725 -1.75368146 -0.00411245
  0.96004181  1.5709191 ]","[ 0.00000000e+00 -8.94856261e-05 -2.04279459e-04 -1.13835410e-04
 -9.44017200e-04  9.53095680e-05  3.70368514e-05  1.05819570e-05]","[ 0.         -0.14084019 16.59598732  1.09764481 -3.25393271 -0.58432794
 -1.06214273 -0.05146727]"
1747093053.7806084,"[ 0.         -0.22733382  1.10260036  2.97714725 -1.75368359 -0.00411245
  0.96004181  1.5709191 ]","[ 0.00000000e+00 -8.84443373e-05 -2.09752772e-04 -1.12310041e-04
 -9.98548870e-04  9.52385514e-05  3.70372172e-05  1.05740785e-05]","[ 0.         -0.13230118 16.58677101  1.09714973 -3.28168988 -0.56634074
 -1.05927062 -0.0673046 ]"
1747093053.7824252,"[ 0.         -0.22733382  1.10259989  2.97714672 -1.75368465 -0.00411245
  0.96004181  1.5709191 ]","[ 0.00000000e+00 -8.84443373e-05 -2.14191379e-04 -1.17973436e-04
 -9.94122535e-04  9.53105108e-05  3.70651995e-05  1.05740785e-05]","[ 0.         -0.11870585 16.57421875  1.08284676 -3.27782106 -0.55985308
 -1.05742478 -0.06469616]"
1747093053.7835827,"[ 0.         -0.22733435  1.10259896  2.97714618 -1.75368678 -0.00411245
  0.96004181  1.5709191 ]","[ 0.00000000e+00 -9.28196408e-05 -2.18969302e-04 -1.23364655e-04
 -1.05983278e-03  8.46556558e-05  3.70368514e-05  1.05819570e-05]","[ 0.         -0.11517202 16.55344391  1.06834483 -3.28407812 -0.5437628
 -1.05385613 -0.06628239]"
1747093053.7853088,"[ 0.         -0.22733489  1.10259856  2.97714592 -1.75368891 -0.00411245
  0.96004181  1.5709191 ]","[ 0.00000000e+00 -9.82426212e-05 -2.20272307e-04 -1.25377671e-04
 -1.06377512e-03  8.47196178e-05  2.90784288e-05  1.05739739e-05]","[ 0.         -0.13608608 16.54202652  1.02826524 -3.30092883 -0.53584224
 -1.06311715 -0.06564095]"
1747093053.7870562,"[ 0.         -0.22733489  1.10259809  2.97714539 -1.75369051 -0.00411139
  0.96004181  1.5709191 ]","[ 0.00000000e+00 -9.69762218e-05 -2.20488867e-04 -1.30530280e-04
 -1.09377313e-03  9.52385514e-05  2.91003827e-05  1.05820616e-05]","[ 0.         -0.13992599 16.53012085  0.99459356 -3.31196404 -0.54173738
 -1.05376148 -0.07270528]"
1747093053.7882018,"[ 0.         -0.22733542  1.10259669  2.97714485 -1.75369264 -0.00411139
  0.96004181  1.5709191 ]","[ 0.00000000e+00 -9.59179225e-05 -2.33573922e-04 -1.35674826e-04
 -1.09930752e-03  9.52376087e-05  2.91006692e-05  1.05740785e-05]","[ 0.         -0.14919341 16.50656128  0.98196763 -3.34007573 -0.55157894
 -1.04291344 -0.0477812 ]"
1747093053.7899601,"[ 0.         -0.22733542  1.10259623  2.97714485 -1.75369371 -0.00411139
  0.96004181  1.5709191 ]","[ 0.00000000e+00 -9.59179225e-05 -2.40008339e-04 -1.33990471e-04
 -1.09930752e-03  9.53095680e-05  2.90784288e-05  1.05740785e-05]","[ 0.         -0.15200046 16.51522446  0.98202693 -3.34334445 -0.55429596
 -1.04306066 -0.04267716]"
1747093053.7910702,"[ 0.         -0.22733542  1.1025953   2.97714432 -1.75369584 -0.00411139
  0.96004274  1.5709191 ]","[ 0.00000000e+00 -8.83953051e-05 -2.46226278e-04 -1.32224225e-04
 -1.12898135e-03  9.52376087e-05  3.70368514e-05  1.05819570e-05]","[ 0.         -0.17274502 16.52836418  0.97467655 -3.34697151 -0.54359281
 -1.04654646 -0.04030417]"
1747093053.7933714,"[ 0.         -0.22733542  1.10259483  2.97714405 -1.75369744 -0.00411139
  0.96004274  1.5709191 ]","[ 0.00000000e+00 -8.83953051e-05 -2.49944723e-04 -1.35529835e-04
 -1.13476904e-03  9.52385514e-05  3.70368514e-05  1.05819570e-05]","[ 0.         -0.17065585 16.53817749  0.96362346 -3.34160089 -0.55480057
 -1.04150259 -0.05381917]"
1747093053.7944891,"[ 0.         -0.22733595  1.10259397  2.97714405 -1.75369903 -0.00411139
  0.96004274  1.5709191 ]","[ 0.00000000e+00 -9.36150537e-05 -2.57442145e-04 -1.34017730e-04
 -1.09930752e-03  8.47204549e-05  2.90784288e-05  1.05820616e-05]","[ 0.         -0.1641771  16.54710007  0.96673089 -3.34378815 -0.55198061
 -1.04136455 -0.07407779]"
1747093053.796284,"[ 0.         -0.22733595  1.1025935   2.97714352 -1.75370063 -0.00411139
  0.96004274  1.5709191 ]","[ 0.00000000e+00 -9.24644524e-05 -2.60919811e-04 -1.38744955e-04
 -1.12905612e-03  8.46556558e-05  2.91003827e-05  1.05819570e-05]","[ 0.         -0.17082417 16.54465675  0.96535522 -3.34350252 -0.54791659
 -1.03210318 -0.06567381]"
1747093053.797967,"[ 0.         -0.22733649  1.10259257  2.97714299 -1.7537033  -0.00411032
  0.96004274  1.5709191 ]","[ 0.00000000e+00 -9.76008472e-05 -2.73182364e-04 -1.37107056e-04
 -1.17015267e-03  9.52376087e-05  2.90784288e-05  1.05739739e-05]","[ 0.         -0.18598302 16.55351639  0.95455229 -3.34703541 -0.53873408
 -1.04322863 -0.05970167]"
1747093053.7996469,"[ 0.         -0.22733702  1.10259117  2.97714299 -1.75370596 -0.00411032
  0.96004274  1.5709191 ]","[ 0.00000000e+00 -1.02541788e-04 -2.95857724e-04 -1.35507379e-04
 -1.20795395e-03  8.46556558e-05  2.91006692e-05  1.05819570e-05]","[ 0.         -0.20172639 16.55858231  0.96672463 -3.342273   -0.54552191
 -1.04523122 -0.05182178]"
1747093053.8013246,"[ 0.         -0.22733702  1.1025907   2.97714299 -1.75370756 -0.00411032
  0.96004274  1.5709191 ]","[ 0.00000000e+00 -9.64280176e-05 -3.06257609e-04 -1.35385615e-04
 -1.21449560e-03  8.46564929e-05  2.91003827e-05  1.05819570e-05]","[ 0.         -0.19960131 16.57365227  0.96677363 -3.35132027 -0.54225385
 -1.04283011 -0.04737872]"
1747093053.8029718,"[ 0.         -0.22733755  1.10259024  2.97714272 -1.75371075 -0.00411032
  0.96004274  1.5709191 ]","[ 0.00000000e+00 -1.01410578e-04 -3.23087994e-04 -1.36936252e-04
 -1.28345106e-03  8.47196178e-05  2.91003827e-05  1.05819570e-05]","[ 0.         -0.18880899 16.58213615  0.98809111 -3.37718558 -0.54834896
 -1.02458525 -0.03610259]"
1747093053.804696,"[ 0.         -0.22733755  1.10258984  2.97714272 -1.75371235 -0.00411032
  0.96004274  1.5709191 ]","[ 0.00000000e+00 -1.00050252e-04 -3.38313070e-04 -1.35257618e-04
 -1.34709255e-03  8.46556558e-05  2.91003827e-05  1.05819570e-05]","[ 0.         -0.19750904 16.59006119  0.97444183 -3.37895894 -0.54834896
 -1.03246117 -0.04883371]"
1747093053.8063593,"[ 0.         -0.22733808  1.10258891  2.97714272 -1.75371555 -0.00411032
  0.96004274  1.5709191 ]","[ 0.00000000e+00 -1.04793853e-04 -3.80861619e-04 -1.33851656e-04
 -1.45720971e-03  7.94254229e-05  2.90787152e-05  1.05740785e-05]","[ 0.         -0.24036294 16.6084671   0.99187988 -3.39881325 -0.55692834
 -1.02705669 -0.05308435]"
1747093053.8080945,"[ 0.         -0.22733808  1.10258844  2.97714219 -1.75371927 -0.00411032
  0.96004274  1.5709191 ]","[ 0.00000000e+00 -9.88887434e-05 -3.97423803e-04 -1.38377275e-04
 -1.58693244e-03  7.93646793e-05  2.91003827e-05  1.05820616e-05]","[ 0.         -0.23674908 16.59951401  1.00704479 -3.41753674 -0.5366711
 -1.04648149 -0.05087282]"
1747093053.8092093,"[ 0.         -0.22733862  1.10258797  2.97714166 -1.75372141 -0.00411032
  0.96004274  1.5709191 ]","[ 0.00000000e+00 -1.04705728e-04 -4.06486060e-04 -1.44269828e-04
 -1.64901621e-03  7.93646793e-05  2.91003827e-05  1.05819570e-05]","[ 0.         -0.25407818 16.62096977  0.99318635 -3.42092872 -0.53293616
 -1.05722356 -0.04597069]"
1747093053.8109345,"[ 0.         -0.22733862  1.10258704  2.97714166 -1.75372567 -0.00411032
  0.96004274  1.5709191 ]","[ 0.00000000e+00 -1.03676492e-04 -4.26705733e-04 -1.39709538e-04
 -1.88813908e-03  6.88353671e-05  2.90784288e-05  1.05739739e-05]","[ 0.         -0.24934667 16.62143707  0.9875716  -3.44574642 -0.53696465
 -1.05838943 -0.05078767]"
1747093053.8126533,"[ 0.         -0.22733915  1.10258611  2.97714112 -1.75373046 -0.00411032
  0.96004274  1.5709191 ]","[ 0.00000000e+00 -1.07065155e-04 -4.34569016e-04 -1.44069083e-04
 -1.97292682e-03  6.87834010e-05  2.91006692e-05  1.05820616e-05]","[ 0.         -0.25381345 16.61615181  1.01160038 -3.45079207 -0.54184592
 -1.05234849 -0.06185381]"
1747093053.8138168,"[ 0.         -0.22733915  1.10258564  2.97714112 -1.75373206 -0.00411032
  0.96004274  1.5709191 ]","[ 0.00000000e+00 -1.07064017e-04 -4.49030839e-04 -1.42517691e-04
 -2.01532999e-03  6.87827183e-05  2.91006692e-05  1.05820616e-05]","[ 0.         -0.25670046 16.60822296  1.02635765 -3.46810865 -0.54960716
 -1.05812764 -0.07073776]"
1747093053.8154962,"[ 0.         -0.22733915  1.10258478  2.97714086 -1.75373685 -0.00410979
  0.96004274  1.5709191 ]","[ 0.00000000e+00 -1.05958734e-04 -4.60633762e-04 -1.43875327e-04
 -2.14535129e-03  7.40737029e-05  2.91003827e-05  1.05819570e-05]","[ 0.         -0.27793822 16.58328629  1.0274986  -3.49124718 -0.5524894
 -1.07050455 -0.05210615]"
1747093053.8171382,"[ 0.         -0.22733915  1.10258385  2.97714086 -1.75373845 -0.00410979
  0.96004274  1.5709191 ]","[ 0.00000000e+00 -1.05958734e-04 -4.58523389e-04 -1.42243117e-04
 -2.08034064e-03  7.40737029e-05  2.91003827e-05  1.05819570e-05]","[ 0.         -0.28522116 16.59744835  1.02180421 -3.4920609  -0.54722679
 -1.06271398 -0.0505213 ]"
1747093053.8188694,"[ 0.         -0.22734021  1.10258291  2.97714033 -1.75374271 -0.00410979
  0.96004274  1.5709191 ]","[ 0.00000000e+00 -1.14741964e-04 -4.58523389e-04 -1.46390945e-04
 -2.08034064e-03  7.40744343e-05  2.91006692e-05  1.05820616e-05]","[ 0.         -0.26348442 16.60142326  1.0154767  -3.49352956 -0.55040258
 -1.05303645 -0.04046083]"
1747093053.8204827,"[ 0.         -0.22734075  1.10258151  2.97713979 -1.75374697 -0.00410979
  0.96004274  1.5709191 ]","[ 0.00000000e+00 -1.19002201e-04 -4.72852249e-04 -1.50453208e-04
 -2.05342607e-03  6.34917418e-05  2.91003827e-05  0.00000000e+00]","[ 0.         -0.23106106 16.60183907  1.01830745 -3.50727558 -0.55465949
 -1.05584908 -0.05691685]"
1747093053.8222053,"[ 0.         -0.22734075  1.10258105  2.97713979 -1.7537491  -0.00410979
  0.96004274  1.5709191 ]","[ 0.00000000e+00 -1.17732429e-04 -4.85736558e-04 -1.48798421e-04
 -2.11966557e-03  6.34917418e-05  2.90784288e-05  0.00000000e+00]","[ 0.         -0.22663063 16.60571671  1.01437879 -3.51898432 -0.54692495
 -1.05625212 -0.05661817]"
1747093053.8239565,"[ 0.         -0.22734075  1.10257972  2.97713953 -1.75375336 -0.00410979
  0.96004274  1.5709191 ]","[ 0.00000000e+00 -1.16577544e-04 -4.85258834e-04 -1.50140290e-04
 -2.05317067e-03  6.34923676e-05  2.91006692e-05  0.00000000e+00]","[ 0.         -0.21410733 16.59314537  1.00985599 -3.50975585 -0.54211354
 -1.05287313 -0.0538859 ]"
1747093053.8256648,"[ 0.         -0.22734075  1.10257879  2.97713899 -1.75375709 -0.00410979
  0.96004374  1.5709191 ]","[ 0.00000000e+00 -1.11195599e-04 -4.85258834e-04 -1.48639531e-04
 -1.98718644e-03  6.34917418e-05  3.70092754e-05  0.00000000e+00]","[ 0.         -0.22014584 16.54644394  0.99636912 -3.5081377  -0.5448851
 -1.04878676 -0.05925296]"
1747093053.8273816,"[ 0.         -0.22734128  1.10257692  2.97713846 -1.75375922 -0.00410979
  0.96004374  1.5709191 ]","[ 0.00000000e+00 -1.16577544e-04 -5.14891833e-04 -1.54043047e-04
 -2.05342607e-03  6.34917418e-05  3.70368514e-05  0.00000000e+00]","[ 0.         -0.20046999 16.53870964  0.97951216 -3.494133   -0.53890008
 -1.0594126  -0.06419622]"
1747093053.8313162,"[ 0.         -0.22734128  1.10257652  2.97713793 -1.75376135 -0.00410979
  0.96004374  1.5709191 ]","[ 0.00000000e+00 -1.16577544e-04 -5.14139276e-04 -1.57868496e-04
 -2.05342607e-03  6.34917418e-05  3.70368514e-05  0.00000000e+00]","[ 0.         -0.18654448 16.54026222  0.96991932 -3.48062968 -0.54221833
 -1.06641388 -0.06140906]"
1747093053.832001,"[ 0.         -0.22734181  1.10257466  2.97713766 -1.75376508 -0.00410979
  0.96004374  1.5709191 ]","[ 0.00000000e+00 -1.21784452e-04 -5.29899910e-04 -1.58969375e-04
 -1.98693937e-03  6.34917418e-05  3.70372172e-05  0.00000000e+00]","[ 0.         -0.1727258  16.52830124  0.96813768 -3.45953035 -0.55281061
 -1.05746377 -0.05773336]"
1747093053.8337142,"[ 0.         -0.22734234  1.10257193  2.97713713 -1.75377041 -0.00410979
  0.96004374  1.5709191 ]","[ 0.00000000e+00 -1.21784452e-04 -5.92462056e-04 -1.58970968e-04
 -1.92094694e-03  5.29097849e-05  2.90784288e-05  0.00000000e+00]","[ 0.         -0.16325323 16.51647377  0.96147817 -3.40117764 -0.53742373
 -1.03720617 -0.04449025]"
1747093053.8354373,"[ 0.         -0.22734234  1.1025696   2.9771366  -1.75377414 -0.00410872
  0.96004374  1.5709191 ]","[ 0.00000000e+00 -1.21876526e-04 -6.78499845e-04 -1.64144252e-04
 -1.87237520e-03  6.35877499e-05  2.91003827e-05  0.00000000e+00]","[ 0.         -0.14761259 16.50085258  0.94187939 -3.35115266 -0.52744406
 -1.0432446  -0.04943817]"
1747093053.837183,"[ 0.         -0.22734234  1.1025682   2.9771366  -1.75377573 -0.00410872
  0.96004374  1.5709191 ]","[ 0.00000000e+00 -1.21876526e-04 -7.31812481e-04 -1.61496777e-04
 -1.81366420e-03  6.35877499e-05  2.91003827e-05  0.00000000e+00]","[ 0.         -0.15043254 16.48690224  0.95546025 -3.34377861 -0.5129624
 -1.04630625 -0.05445506]"
1747093053.8383396,"[ 0.         -0.22734234  1.1025664   2.97713606 -1.75377893 -0.00410872
  0.96004374  1.5709191 ]","[ 0.00000000e+00 -1.16490622e-04 -7.96197846e-04 -1.66917848e-04
 -1.71093640e-03  6.35871160e-05  2.91443860e-05  0.00000000e+00]","[ 0.         -0.15261681 16.47540855  0.94158238 -3.31948853 -0.495621
 -1.04610264 -0.04502081]"
1747093053.8400073,"[ 0.         -0.22734234  1.10256547  2.97713606 -1.75378053 -0.00410872
  0.96004374  1.5709191 ]","[ 0.00000000e+00 -1.16577544e-04 -8.33461230e-04 -1.61498370e-04
 -1.69683998e-03  6.35871160e-05  2.91006692e-05  0.00000000e+00]","[ 0.         -0.13529441 16.46721649  0.94176757 -3.30560899 -0.50525802
 -1.04397452 -0.04384752]"
1747093053.8412068,"[ 0.         -0.22734234  1.10256274  2.9771358  -1.75378319 -0.00410872
  0.96004374  1.5709191 ]","[ 0.00000000e+00 -1.16489477e-04 -9.33367157e-04 -1.64144252e-04
 -1.59311740e-03  6.35877499e-05  2.91443860e-05  0.00000000e+00]","[ 0.         -0.12817445 16.4568634   0.94760579 -3.30691624 -0.50845659
 -1.04358995 -0.04647563]"
1747093053.8429456,"[ 0.         -0.22734234  1.10256134  2.97713527 -1.75378479 -0.00410872
  0.96004374  1.5709191 ]","[ 0.00000000e+00 -1.16489477e-04 -9.84125473e-04 -1.64268357e-04
 -1.59582217e-03  5.82887721e-05  2.91443860e-05  0.00000000e+00]","[ 0.         -0.12881424 16.44360924  0.97148502 -3.29614997 -0.50856823
 -1.02525997 -0.05125764]"
1747093053.844107,"[ 0.         -0.22734288  1.10255861  2.97713473 -1.75378798 -0.00410872
  0.96004374  1.5709191 ]","[ 0.00000000e+00 -1.21877737e-04 -1.10944352e-03 -1.64144252e-04
 -1.58364380e-03  5.82881910e-05  2.91440955e-05  0.00000000e+00]","[ 0.         -0.11879403 16.43701172  0.98908204 -3.31408715 -0.5052982
 -1.00473535 -0.05832315]"
1747093053.8458505,"[ 0.         -0.22734288  1.10255721  2.97713473 -1.75378905 -0.00410872
  0.96004374  1.5709191 ]","[ 0.00000000e+00 -1.21784452e-04 -1.16426199e-03 -1.64145878e-04
 -1.53884353e-03  5.82887721e-05  2.91226556e-05  0.00000000e+00]","[ 0.         -0.11603092 16.42498398  0.99328208 -3.32231617 -0.51269346
 -1.00157475 -0.05900679]"
1747093053.8475885,"[ 0.         -0.22734341  1.10255402  2.97713447 -1.75379278 -0.00410872
  0.96004374  1.5709191 ]","[ 0.00000000e+00 -1.27079427e-04 -1.27142509e-03 -1.66791744e-04
 -1.54961646e-03  5.82887721e-05  2.91443860e-05  0.00000000e+00]","[ 0.         -0.09475017 16.44805336  1.0008198  -3.34114385 -0.50655699
 -1.01201975 -0.05845515]"
1747093053.8493135,"[ 0.         -0.22734341  1.10255262  2.97713447 -1.75379491 -0.00410872
  0.96004374  1.5709191 ]","[ 0.00000000e+00 -1.27079427e-04 -1.30627154e-03 -1.64144252e-04
 -1.58707574e-03  5.82887721e-05  2.91443860e-05  0.00000000e+00]","[ 0.         -0.07573865 16.46157074  0.9979502  -3.36929178 -0.51181364
 -1.00757241 -0.06021762]"
1747093053.851047,"[ 0.         -0.22734394  1.10254942  2.97713393 -1.7537997  -0.00410766
  0.96004374  1.5709191 ]","[ 0.00000000e+00 -1.27079427e-04 -1.36750305e-03 -1.69311312e-04
 -1.80841785e-03  5.82893532e-05  2.91443860e-05  0.00000000e+00]","[ 0.         -0.06467886 16.48070717  1.02256882 -3.4010222  -0.51779747
 -1.00290239 -0.05061331]"
1747093053.8522072,"[ 0.         -0.22734394  1.1025457   2.9771334  -1.75380503 -0.00410766
  0.96004374  1.5709191 ]","[ 0.00000000e+00 -1.26983484e-04 -1.54961646e-03 -1.69439236e-04
 -2.06515217e-03  5.82887721e-05  2.91443860e-05  0.00000000e+00]","[ 0.         -0.08478045 16.49502373  1.05371308 -3.4390676  -0.50791621
 -1.01293135 -0.04499436]"
1747093053.8548493,"[ 0.         -0.22734394  1.1025439   2.9771334  -1.75380822 -0.00410766
  0.96004374  1.5709191 ]","[ 0.00000000e+00 -1.27079427e-04 -1.58707574e-03 -1.69439236e-04
 -2.38462383e-03  5.82887721e-05  2.91443860e-05  0.00000000e+00]","[ 0.         -0.07025945 16.52393341  1.06149018 -3.44221067 -0.512151
 -1.00569844 -0.05941044]"
1747093053.8556354,"[ 0.         -0.22734447  1.1025407   2.9771334  -1.75381781 -0.00410766
  0.96004374  1.5709191 ]","[ 0.00000000e+00 -1.32374402e-04 -1.64885159e-03 -1.64144252e-04
 -3.33553488e-03  5.82881910e-05  2.91443860e-05  0.00000000e+00]","[ 0.         -0.08336437 16.57142067  1.06122041 -3.44878745 -0.52243137
 -1.00784087 -0.06432617]"
1747093053.8573,"[ 0.         -0.22734447  1.10253884  2.97713287 -1.75382846 -0.00410766
  0.96004374  1.57091817]","[ 0.00000000e+00 -1.27080686e-04 -1.70204030e-03 -1.69439236e-04
 -5.03357992e-03  5.82887721e-05  2.91223691e-05 -1.06058726e-05]","[ 0.         -0.07915768 16.60105324  1.06631482 -3.49321032 -0.53087068
 -1.01283121 -0.06794591]"
1747093053.8590057,"[ 0.         -0.22734501  1.10253471  2.97713287 -1.75383486 -0.00410766
  0.96004374  1.57091817]","[ 0.00000000e+00 -1.32374402e-04 -1.76857758e-03 -1.69439236e-04
 -5.76013188e-03  5.82887721e-05  2.91443860e-05 -1.05979587e-05]","[ 0.         -0.09783539 16.59712791  1.08107233 -3.51333022 -0.52616715
 -1.02142739 -0.0713392 ]"
1747093053.8601835,"[ 0.         -0.22734501  1.10253285  2.9771326  -1.75384178 -0.00410766
  0.96004374  1.57091817]","[ 0.00000000e+00 -1.32374402e-04 -1.82913472e-03 -1.66791744e-04
 -6.30227449e-03  5.82887721e-05  2.91443860e-05 -1.05979587e-05]","[ 0.         -0.096755   16.59054756  1.10978472 -3.52969074 -0.52273768
 -1.03006554 -0.07131417]"
1747093053.8619633,"[ 0.         -0.22734501  1.10252872  2.97713207 -1.75385829 -0.00410766
  0.96004374  1.57091817]","[ 0.00000000e+00 -1.32275769e-04 -1.88792985e-03 -1.72086727e-04
 -8.05836916e-03  5.82887721e-05  2.91443860e-05 -1.06059783e-05]","[ 0.         -0.09463289 16.57554054  1.10577798 -3.56082797 -0.51191807
 -1.037359   -0.05169785]"
1747093053.8630698,"[ 0.         -0.22734501  1.10252599  2.97713207 -1.75386788 -0.00410766
  0.96004374  1.57091817]","[ 0.00000000e+00 -1.27080686e-04 -1.97642651e-03 -1.72086727e-04
 -8.90869933e-03  4.76912879e-05  2.91446766e-05 -1.06059783e-05]","[ 0.         -0.09767583 16.57174301  1.12662315 -3.56268501 -0.50888902
 -1.03383446 -0.04062137]"
1747093053.864818,"[ 0.         -0.22734554  1.10252139  2.97713207 -1.75388812 -0.00410766
  0.96004374  1.57091817]","[ 0.00000000e+00 -1.32374402e-04 -2.18590520e-03 -1.69439236e-04
 -1.08038994e-02  4.76908124e-05  2.91443860e-05 -1.06059783e-05]","[ 0.         -0.09100342 16.58965874  1.11113632 -3.55077767 -0.52982444
 -1.02752852 -0.04381192]"
1747093053.8665335,"[ 0.         -0.22734554  1.1025154   2.97713154 -1.75391475 -0.00410766
  0.96004374  1.57091817]","[ 0.00000000e+00 -1.32374402e-04 -2.49140514e-03 -1.76329352e-04
 -1.35048743e-02  4.76908124e-05  2.91443860e-05 -1.06059783e-05]","[ 0.         -0.10045051 16.58139229  1.11935079 -3.53482985 -0.52724177
 -1.0266     -0.03444275]"
1747093053.8682365,"[ 0.         -0.22734554  1.10251221  2.97713154 -1.75392913 -0.00410766
  0.96004467  1.57091817]","[ 0.00000000e+00 -1.32374402e-04 -2.60465061e-03 -1.72827321e-04
 -1.45852636e-02  4.76908124e-05  3.70928568e-05 -1.05979587e-05]","[ 0.         -0.0903713  16.574543    1.11174488 -3.52641463 -0.52673018
 -1.03153515 -0.03675806]"
1747093053.8699038,"[ 0.         -0.22734554  1.10250488  2.97713074 -1.75396482 -0.00410766
  0.96004467  1.57091817]","[ 0.00000000e+00 -1.26984735e-04 -3.29770317e-03 -1.77438520e-04
 -1.85568669e-02  4.76903370e-05  2.91443860e-05 -1.06059783e-05]","[ 0.         -0.06681608 16.53393364  1.10513139 -3.50581121 -0.53266609
 -1.0144527  -0.04053517]"
1747093053.8710644,"[ 0.         -0.22734554  1.10250029  2.97713074 -1.75398453 -0.00410766
  0.96004467  1.57091817]","[ 0.00000000e+00 -1.26983484e-04 -3.67002428e-03 -1.77300388e-04
 -1.99872133e-02  4.76908124e-05  2.91446766e-05 -1.06060839e-05]","[ 0.         -0.06168984 16.52692032  1.08974087 -3.47542715 -0.52717519
 -1.01462424 -0.0515513 ]"
1747093053.8727345,"[ 0.         -0.22734607  1.10249157  2.97713021 -1.75402873 -0.00410766
  0.96004467  1.57091817]","[ 0.00000000e+00 -1.32374402e-04 -4.23880396e-03 -1.80928604e-04
 -2.32283823e-02  4.76908124e-05  2.91443860e-05 -1.05979587e-05]","[ 0.         -0.05853856 16.50299835  1.08781636 -3.41033578 -0.50906998
 -1.01304889 -0.05472767]"
1747093053.874391,"[ 0.         -0.22734607  1.10248697  2.97713021 -1.75405483 -0.00410766
  0.96004467  1.57091817]","[ 0.00000000e+00 -1.32274460e-04 -4.43749789e-03 -1.82009749e-04
 -2.45521898e-02  4.76908124e-05  2.91443860e-05 -1.06059783e-05]","[ 0.         -0.06083892 16.48168182  1.07729721 -3.3745389  -0.50414771
 -1.00843728 -0.05504626]"
1747093053.8760726,"[ 0.         -0.22734607  1.10247685  2.97712967 -1.75410437 -0.00410766
  0.96004467  1.57091817]","[ 0.00000000e+00 -1.27080686e-04 -4.82774774e-03 -1.86102929e-04
 -2.53891630e-02  4.76903370e-05  2.91440955e-05 -1.06059783e-05]","[ 0.         -0.05940053 16.44935036  1.05723798 -3.31565833 -0.51434332
 -0.97846609 -0.04682996]"
1747093053.8772,"[ 0.         -0.22734607  1.10247133  2.97712941 -1.7541278  -0.00410766
  0.96004467  1.57091817]","[ 0.00000000e+00 -1.27079427e-04 -5.17885640e-03 -1.85369519e-04
 -2.37685775e-02  4.76908124e-05  2.91443860e-05 -1.06060839e-05]","[ 0.         -0.03882796 16.42366028  1.06543481 -3.30655694 -0.52174819
 -0.9787811  -0.04593644]"
1747093053.8789766,"[ 0.         -0.22734661  1.10245987  2.97712887 -1.75417414 -0.00410766
  0.96004467  1.57091817]","[ 0.00000000e+00 -1.26983484e-04 -5.76207931e-03 -1.85367536e-04
 -2.21255527e-02  4.76547840e-05  2.91443860e-05 -1.06059783e-05]","[ 0.         -0.02715097 16.3525219   1.05836117 -3.31421781 -0.51492751
 -0.97130305 -0.05031564]"
1747093053.880088,"[ 0.         -0.22734661  1.10245388  2.97712834 -1.75419438 -0.00410766
  0.96004467  1.57091817]","[ 0.00000000e+00 -1.27079427e-04 -5.94214437e-03 -1.88922671e-04
 -2.05482477e-02  4.76908124e-05  2.91443860e-05 -1.05979587e-05]","[ 0.         -0.01831872 16.34539795  1.02851951 -3.34070444 -0.51931447
 -0.97674739 -0.05618529]"
1747093053.8817925,"[ 0.         -0.22734661  1.1024401   2.97712781 -1.75423007 -0.00410659
  0.96004467  1.57091817]","[ 0.00000000e+00 -1.26983484e-04 -6.75863211e-03 -1.86455070e-04
 -1.78264326e-02  5.82881910e-05  2.91440955e-05 -1.06059783e-05]","[ 0.00000000e+00 -1.41208768e-02  1.63410511e+01  1.00485289e+00
 -3.45652676e+00 -5.21350503e-01 -9.86334562e-01 -6.36327043e-02]"
1747093053.883509,"[ 0.         -0.22734661  1.10243411  2.97712754 -1.75424711 -0.00410659
  0.96004467  1.57091817]","[ 0.00000000e+00 -1.26983484e-04 -6.34729076e-03 -1.83541717e-04
 -1.60491814e-02  5.82887721e-05  2.91667301e-05 -1.06058726e-05]","[ 0.00000000e+00  1.60574866e-03  1.63414021e+01  1.01555479e+00
 -3.51290345e+00 -5.18858492e-01 -1.01378596e+00 -5.18437475e-02]"
1747093053.8845894,"[ 0.         -0.22734661  1.10242452  2.97712754 -1.75427801 -0.00410659
  0.96004467  1.57091817]","[ 0.00000000e+00 -1.21784452e-04 -4.68133785e-03 -1.80626381e-04
 -1.56497811e-02  5.82887721e-05  2.91443860e-05 -1.06059783e-05]","[ 0.00000000e+00 -1.00645386e-02  1.63781528e+01  9.90084171e-01
 -3.67677259e+00 -5.11799335e-01 -1.03956735e+00 -4.38173711e-02]"
1747093053.8863132,"[ 0.         -0.22734661  1.10242079  2.97712701 -1.75429452 -0.00410659
  0.96004467  1.57091817]","[ 0.00000000e+00 -1.21692507e-04 -4.04940874e-03 -1.86455070e-04
 -1.67630449e-02  5.82887721e-05  2.91664395e-05 -1.06059783e-05]","[ 0.00000000e+00 -1.70777389e-03  1.64337025e+01  9.91542101e-01
 -3.73221517e+00 -5.08972228e-01 -1.04514909e+00 -4.36348431e-02]"
1747093053.8880625,"[ 0.         -0.22734714  1.1024158   2.97712648 -1.75432914 -0.00410659
  0.96004467  1.57091817]","[ 0.00000000e+00 -1.21785654e-04 -2.30000267e-03 -1.90071501e-04
 -1.78264326e-02  4.76908124e-05  2.91443860e-05 -1.05980643e-05]","[ 0.00000000e+00 -7.61668058e-03  1.64687538e+01  1.00585175e+00
 -3.80504298e+00 -4.92491513e-01 -1.05383492e+00 -4.74584065e-02]"
1747093053.8897345,"[ 0.         -0.22734714  1.10241394  2.97712621 -1.75436536 -0.00410659
  0.96004467  1.57091817]","[ 0.00000000e+00 -1.16489477e-04 -9.45341174e-04 -1.83539702e-04
 -1.89068230e-02  4.76908124e-05  2.91664395e-05 -1.06059783e-05]","[ 0.         -0.02661585 16.54083443  1.00976896 -3.82466674 -0.50123656
 -1.05828559 -0.04920069]"
1747093053.8919318,"[ 0.         -0.22734714  1.10241347  2.97712568 -1.75440957 -0.00410659
  0.96004467  1.57091817]","[ 0.00000000e+00 -1.16489477e-04 -2.70097476e-04 -1.87191633e-04
 -2.25691605e-02  4.76908124e-05  1.85464284e-05 -1.06059783e-05]","[ 0.         -0.02770823 16.52994537  1.02481472 -3.81877398 -0.50269878
 -1.04236209 -0.05547932]"
1747093053.8932123,"[ 0.         -0.22734767  1.102413    2.97712568 -1.754433   -0.00410659
  0.96004467  1.57091817]","[ 0.00000000e+00 -1.21785654e-04 -2.60074325e-04 -1.87345613e-04
 -2.37444946e-02  4.76908124e-05  1.85464284e-05 -1.05978530e-05]","[ 0.         -0.04780821 16.51504135  1.02026331 -3.80983853 -0.49809214
 -1.03509462 -0.05275773]"
1747093053.8949678,"[ 0.         -0.22734767  1.10241207  2.97712515 -1.75448413 -0.00410659
  0.96004467  1.57091817]","[ 0.00000000e+00 -1.21692507e-04 -4.38741518e-04 -1.92441786e-04
 -2.64695534e-02  4.76903370e-05  1.85466133e-05 -1.06059783e-05]","[ 0.         -0.10065591 16.42802238  1.01228642 -3.75772071 -0.49583817
 -1.01543438 -0.05459885]"
1747093053.896653,"[ 0.         -0.2273482   1.10240934  2.97712461 -1.75454113 -0.00410659
  0.96004467  1.57091817]","[ 0.00000000e+00 -1.21784452e-04 -9.27238375e-04 -1.95031931e-04
 -2.80901368e-02  3.70928568e-05  1.85464284e-05 -1.05979587e-05]","[ 0.         -0.11469368 16.36249733  1.0010035  -3.65906858 -0.50081116
 -0.99554712 -0.06528135]"
1747093053.8978307,"[ 0.         -0.22734874  1.10240794  2.97712435 -1.75457095 -0.00410659
  0.96004467  1.57091817]","[ 0.00000000e+00 -1.21785654e-04 -1.01058641e-03 -1.98081579e-04
 -3.02509176e-02  3.70928568e-05  1.85604623e-05 -1.06059783e-05]","[ 0.         -0.12048948 16.29773903  0.99223894 -3.63822699 -0.48665154
 -0.99234766 -0.05566398]"
1747093053.9000344,"[ 0.         -0.22734874  1.10240288  2.97712381 -1.75463434 -0.00410659
  0.96004467  1.57091817]","[ 0.00000000e+00 -1.16401531e-04 -1.44985845e-03 -2.01722700e-04
 -3.15968251e-02  3.70932266e-05  1.85464284e-05 -1.06059783e-05]","[ 0.         -0.13641497 16.17856598  1.00586116 -3.59511948 -0.4886052
 -0.98320025 -0.04853435]"
1747093053.9011781,"[ 0.         -0.22734874  1.10239922  2.97712381 -1.75466843 -0.00410659
  0.96004467  1.57091817]","[ 0.00000000e+00 -1.16401531e-04 -1.72201413e-03 -2.00339641e-04
 -3.45374480e-02  3.70924870e-05  1.85466133e-05 -1.05979587e-05]","[ 0.         -0.13301399 16.12970543  1.00896764 -3.5531249  -0.48536071
 -0.98495287 -0.03361483]"
1747093053.9028807,"[ 0.         -0.22734874  1.10239143  2.97712328 -1.75474672 -0.00410659
  0.96004467  1.57091817]","[ 0.00000000e+00 -1.16401531e-04 -2.58334246e-03 -2.05955524e-04
 -4.01229520e-02  3.70092754e-05  1.85604623e-05 -1.06059783e-05]","[ 0.         -0.19558056 16.01756477  1.01533031 -3.46908426 -0.52186036
 -0.96499413 -0.05344558]"
1747093053.9045708,"[ 0.         -0.22734927  1.10237951  2.97712248 -1.75483354 -0.00410659
  0.9600456   1.57091817]","[ 0.00000000e+00 -1.16665758e-04 -4.90111730e-03 -2.07632711e-04
 -4.47907535e-02  3.70928568e-05  2.91443860e-05 -1.05979587e-05]","[ 0.         -0.21052845 15.98475266  1.02232301 -3.3279047  -0.52029866
 -0.92667699 -0.056958  ]"
1747093053.9062867,"[ 0.         -0.2273498   1.10237172  2.97712195 -1.75492462 -0.00410659
  0.9600456   1.57091817]","[ 0.00000000e+00 -1.16664596e-04 -6.49551492e-03 -2.10827057e-04
 -4.64567646e-02  3.70089097e-05  2.91003827e-05 -1.06059783e-05]","[ 0.         -0.21794653 15.96854401  1.00169885 -3.18607068 -0.48971805
 -0.9104591  -0.04283473]"
1747093053.9079697,"[ 0.         -0.2273498   1.10236254  2.97712195 -1.75497522 -0.00410659
  0.9600456   1.57091817]","[ 0.00000000e+00 -1.16577544e-04 -8.64311923e-03 -2.06885127e-04
 -4.76460075e-02  3.70372172e-05  2.91443860e-05 -1.06059783e-05]","[ 0.         -0.22098514 15.97066593  0.9964866  -3.13147593 -0.48945796
 -0.91172773 -0.03873599]"
1747093053.9096549,"[ 0.         -0.22735033  1.10233863  2.97712115 -1.75506683 -0.00410553
  0.9600456   1.57091817]","[ 0.00000000e+00 -1.16665758e-04 -1.25384225e-02 -2.06119419e-04
 -4.64567646e-02  4.76192757e-05  2.91223691e-05 -1.05820616e-05]","[ 0.         -0.23380336 15.95362663  0.99545234 -3.06307602 -0.49078599
 -0.92820418 -0.05615507]"
1747093053.911348,"[ 0.         -0.22735087  1.10230787  2.97712062 -1.75516324 -0.00410553
  0.9600466   1.57091817]","[ 0.00000000e+00 -1.21876526e-04 -1.62058481e-02 -2.10117705e-04
 -4.69493454e-02  4.76188043e-05  3.70368514e-05 -1.05819570e-05]","[ 0.         -0.23462552 15.98745728  0.96386385 -3.04514241 -0.48918891
 -0.92680335 -0.05553976]"
1747093053.9130547,"[ 0.         -0.22735087  1.10228717  2.97712009 -1.75521171 -0.00410553
  0.9600466   1.57091817]","[ 0.00000000e+00 -1.16665758e-04 -1.95415395e-02 -2.13826495e-04
 -4.92076477e-02  4.76188043e-05  3.70368514e-05 -1.05819570e-05]","[ 0.         -0.23465651 16.01039696  0.93924922 -3.06894994 -0.48356879
 -0.92217863 -0.0607288 ]"
1747093053.91479,"[ 0.         -0.22735087  1.10224309  2.97711955 -1.75531025 -0.00410553
  0.9600466   1.57091817]","[ 0.00000000e+00 -1.16665758e-04 -2.26881871e-02 -2.18585074e-04
 -4.76460075e-02  4.23278279e-05  3.70372172e-05 -1.05900569e-05]","[ 0.         -0.21711397 16.10941696  0.95196718 -3.1721015  -0.47037703
 -0.94731981 -0.0543124 ]"
1747093053.9164147,"[ 0.         -0.2273514   1.10219263  2.97711929 -1.75540293 -0.00410553
  0.9600466   1.57091817]","[ 0.00000000e+00 -1.21876526e-04 -2.45753093e-02 -2.11236934e-04
 -4.69969619e-02  4.23278279e-05  3.70368514e-05 -1.05819570e-05]","[ 0.         -0.22618492 16.26435471  0.92358959 -3.3600378  -0.46571746
 -0.96750402 -0.04738669]"
1747093053.9180682,"[ 0.         -0.2273514   1.10216919  2.97711875 -1.7554498  -0.00410553
  0.9600466   1.57091817]","[ 0.00000000e+00 -1.21968747e-04 -2.37685775e-02 -2.17942853e-04
 -4.74889892e-02  4.23278279e-05  3.70368514e-05 -1.05819570e-05]","[ 0.         -0.19978021 16.36685562  0.9315362  -3.45733261 -0.46375629
 -0.9814083  -0.05765118]"
1747093053.919819,"[ 0.         -0.2273514   1.10212831  2.97711822 -1.75555686 -0.00410553
  0.9600466   1.57091817]","[ 0.00000000e+00 -1.11362770e-04 -1.94273149e-02 -2.24297672e-04
 -5.36644520e-02  4.23278279e-05  3.70368514e-05 -1.05819570e-05]","[ 0.         -0.15730132 16.52228165  0.93786275 -3.65248489 -0.45108196
 -1.0087353  -0.04195148]"
1747093053.9221337,"[ 0.         -0.22735193  1.10209709  2.97711742 -1.75567137 -0.00410553
  0.9600466   1.57091817]","[ 0.00000000e+00 -1.11278562e-04 -1.37922658e-02 -2.26598598e-04
 -5.88812517e-02  4.23278279e-05  3.70651995e-05 -1.05820616e-05]","[ 0.         -0.15166275 16.59976387  0.91676968 -3.76774645 -0.45585543
 -1.01553416 -0.03355637]"
1747093053.92324,"[ 0.         -0.22735193  1.10207918  2.97711636 -1.75580133 -0.00410553
  0.9600466   1.57091817]","[ 0.00000000e+00 -1.11362770e-04 -7.56272939e-03 -2.40402157e-04
 -6.46373997e-02  4.23278279e-05  3.70368514e-05 -1.05899522e-05]","[ 0.         -0.15407628 16.60786057  0.90357435 -3.77971077 -0.46714321
 -1.0307771  -0.03423561]"
1747093053.9249623,"[ 0.         -0.22735246  1.10207458  2.97711609 -1.75587004 -0.00410553
  0.9600466   1.57091817]","[ 0.00000000e+00 -1.16577544e-04 -4.26306370e-03 -2.39191755e-04
 -6.96851469e-02  4.23278279e-05  3.70368514e-05 -1.05819570e-05]","[ 0.         -0.15774456 16.58930969  0.91235483 -3.7421298  -0.46217322
 -1.02622283 -0.04928207]"
1747093053.9266593,"[ 0.         -0.22735246  1.10207458  2.97711556 -1.75602025 -0.004105
  0.9600466   1.57091817]","[ 0.00000000e+00 -1.11362770e-04  1.08148677e-03 -2.46551501e-04
 -7.77880725e-02  4.75833530e-05  2.91223691e-05 -1.05819570e-05]","[ 0.         -0.18203937 16.46250534  0.92330545 -3.63261628 -0.43934044
 -1.01461995 -0.05220419]"
1747093053.9283986,"[ 0.         -0.22735246  1.10207691  2.97711449 -1.7561843  -0.004105
  0.9600466   1.57091817]","[ 0.00000000e+00 -1.11278562e-04  1.08038984e-03 -2.64952393e-04
 -8.04890505e-02  4.76192757e-05  2.91003827e-05 -1.05819570e-05]","[ 0.         -0.16357222 16.29316902  0.9359923  -3.36025095 -0.45071837
 -0.96132499 -0.05350381]"
1747093053.9301803,"[ 0.         -0.227353    1.10207645  2.97711449 -1.75626472 -0.004105
  0.9600466   1.57091817]","[ 0.00000000e+00 -1.11362770e-04  6.14238145e-04 -2.69105016e-04
 -8.15694367e-02  4.75828816e-05  2.90784288e-05 -1.05819570e-05]","[ 0.         -0.18264449 16.19222832  0.8973403  -3.24343038 -0.44563311
 -0.95659626 -0.06417426]"
1747093053.9317846,"[ 0.         -0.22735353  1.10207278  2.97711369 -1.75643304 -0.004105
  0.9600466   1.57091817]","[ 0.00000000e+00 -1.16664596e-04 -7.94775760e-04 -2.77697579e-04
 -8.15694367e-02  4.76192757e-05  2.91003827e-05 -1.05819570e-05]","[ 0.         -0.21124063 15.97623634  0.88346851 -2.94803166 -0.45679668
 -0.91604012 -0.0598924 ]"
1747093053.9340303,"[ 0.         -0.22735353  1.10207045  2.9771129  -1.75659016 -0.004105
  0.96004754  1.57091817]","[ 0.00000000e+00 -1.11362770e-04 -9.21509003e-04 -2.82409086e-04
 -7.88684671e-02  4.76192757e-05  3.70089097e-05 -1.05820616e-05]","[ 0.         -0.21282047 15.77227879  0.89420015 -2.75654697 -0.46753016
 -0.87485522 -0.04251347]"
1747093053.9352286,"[ 0.         -0.22735406  1.10206906  2.9771129  -1.75667432 -0.004105
  0.96004754  1.57091817]","[ 0.00000000e+00 -1.16665758e-04 -9.81462572e-04 -2.82409086e-04
 -7.92428326e-02  4.75828816e-05  3.70372172e-05 -1.05820616e-05]","[ 0.         -0.22253715 15.6420536   0.90359855 -2.70371652 -0.45545077
 -0.8720699  -0.04899474]"
1747093053.9369287,"[ 0.         -0.22735406  1.10206633  2.97711183 -1.75682931 -0.004105
  0.96004754  1.57091817]","[ 0.00000000e+00 -1.16577544e-04 -1.32479104e-03 -2.91459965e-04
 -7.83282698e-02  3.70368514e-05  3.70368514e-05 -1.05820616e-05]","[ 0.         -0.20270725 15.43302059  0.89919567 -2.66004014 -0.45993394
 -0.8549642  -0.05848959]"
1747093053.9386346,"[ 0.         -0.22735459  1.10206173  2.9771113  -1.75698218 -0.00410393
  0.96004754  1.57091817]","[ 0.00000000e+00 -1.21967536e-04 -1.50461072e-03 -2.87680922e-04
 -7.72478753e-02  4.75828816e-05  3.70368514e-05 -1.05819570e-05]","[ 0.         -0.22449727 15.23679161  0.92213202 -2.69292474 -0.46099931
 -0.8469311  -0.06201664]"
1747093053.9402368,"[ 0.         -0.22735459  1.102059    2.97711103 -1.75706527 -0.00410393
  0.96004847  1.57091817]","[ 0.00000000e+00 -1.21968747e-04 -1.61097683e-03 -2.87388306e-04
 -7.82397613e-02  4.76192757e-05  4.76188043e-05 -1.05820616e-05]","[ 0.         -0.22093192 15.15279675  0.92590338 -2.73316574 -0.46167511
 -0.85228962 -0.06682883]"
1747093053.941432,"[ 0.         -0.22735513  1.10205254  2.9771105  -1.75722133 -0.00410393
  0.96004847  1.57091817]","[ 0.00000000e+00 -1.27271744e-04 -2.09465435e-03 -2.87026153e-04
 -7.88684671e-02  4.76188043e-05  4.75833530e-05 -1.05819570e-05]","[ 0.         -0.24211846 15.09414768  0.92141402 -2.82833242 -0.46801546
 -0.86056679 -0.05784793]"
1747093053.9430852,"[ 0.         -0.22735513  1.10204842  2.97710997 -1.7572975  -0.00410393
  0.96004847  1.57091817]","[ 0.00000000e+00 -1.27271744e-04 -2.58302127e-03 -2.91441922e-04
 -7.72478753e-02  4.75828816e-05  4.76188043e-05 -1.05819570e-05]","[ 0.         -0.20950563 15.09979439  0.91846877 -2.85265136 -0.47632429
 -0.86371624 -0.06599515]"
1747093053.944861,"[ 0.         -0.22735566  1.10204156  2.97710917 -1.75745675 -0.00410393
  0.96004847  1.57091817]","[ 0.00000000e+00 -1.27174232e-04 -3.51045801e-03 -3.02235657e-04
 -7.83282698e-02  4.76188043e-05  4.76188043e-05 -1.05819570e-05]","[ 0.         -0.22302747 15.13930321  0.88679785 -2.94965982 -0.45772788
 -0.86210901 -0.04659848]"
1747093053.9465215,"[ 0.         -0.22735566  1.10203417  2.97710784 -1.75760802 -0.00410393
  0.96004847  1.57091817]","[ 0.00000000e+00 -1.27271744e-04 -3.57738060e-03 -3.23087994e-04
 -7.56272918e-02  4.75833530e-05  4.76188043e-05 -1.05819570e-05]","[ 0.         -0.1707432  15.29260063  0.9012453  -2.99944043 -0.47142127
 -0.85287023 -0.0504198 ]"
1747093053.9484735,"[ 0.         -0.22735566  1.10203051  2.97710784 -1.75768153 -0.00410393
  0.96004847  1.57091817]","[ 0.00000000e+00 -1.21968747e-04 -3.64272219e-03 -3.19141366e-04
 -7.45469056e-02  4.76188043e-05  4.76192757e-05 -1.05740785e-05]","[ 0.         -0.1888669  15.31603146  0.91039592 -3.09639001 -0.45781171
 -0.87148023 -0.04175243]"
1747093053.9501562,"[ 0.         -0.22735566  1.10202225  2.97710677 -1.75783333 -0.00410393
  0.96004847  1.57091817]","[ 0.00000000e+00 -1.21968747e-04 -3.84237189e-03 -3.35058012e-04
 -7.39317237e-02  4.76188043e-05  4.76188043e-05 -1.05819570e-05]","[ 0.         -0.21554883 15.43654728  0.89719456 -3.2840333  -0.45059773
 -0.89641857 -0.02504648]"
1747093053.9512703,"[ 0.         -0.22735566  1.10201306  2.97710544 -1.75797873 -0.00410393
  0.96004847  1.57091817]","[ 0.00000000e+00 -1.16665758e-04 -4.37126684e-03 -3.62415783e-04
 -7.29263222e-02  3.70368514e-05  4.76188043e-05 -1.05739739e-05]","[ 0.         -0.20171471 15.57401657  0.90680861 -3.49163032 -0.43852752
 -0.927809   -0.02246151]"
1747093053.9529386,"[ 0.         -0.22735619  1.10200847  2.97710491 -1.75805703 -0.00410393
  0.96004847  1.57091817]","[ 0.00000000e+00 -1.21968747e-04 -4.56291197e-03 -3.64309969e-04
 -7.37259280e-02  3.70368514e-05  4.76188043e-05 -1.05820616e-05]","[ 0.         -0.1961329  15.60549831  0.88055706 -3.59388733 -0.40777588
 -0.95331991 -0.02607215]"
1747093053.9541166,"[ 0.         -0.22735619  1.10200388  2.97710437 -1.75820723 -0.00410393
  0.96004847  1.57091817]","[ 0.00000000e+00 -1.21968747e-04 -4.56291197e-03 -3.71902644e-04
 -7.77092596e-02  3.70089097e-05  4.75828816e-05 -1.05819570e-05]","[ 0.         -0.18898018 15.64223576  0.91391569 -3.72512293 -0.44045091
 -0.96485853 -0.0417902 ]"
1747093053.955839,"[ 0.         -0.22735673  1.10199515  2.97710357 -1.758285   -0.00410393
  0.96004847  1.57091817]","[ 0.00000000e+00 -1.21968747e-04 -4.38886139e-03 -3.80459837e-04
 -7.88684671e-02  3.70368514e-05  4.76188043e-05 -1.05819570e-05]","[ 0.         -0.1754441  15.71895504  0.90427589 -3.80599809 -0.42581254
 -0.97201622 -0.03838183]"
1747093053.957627,"[ 0.         -0.22735673  1.10199103  2.97710304 -1.75837022 -0.00410393
  0.96004847  1.57091817]","[ 0.00000000e+00 -1.21968747e-04 -4.21330706e-03 -3.88756858e-04
 -8.02459039e-02  3.70372172e-05  4.76188043e-05 -1.05819570e-05]","[ 0.         -0.1882695  15.75850868  0.89410752 -3.82467508 -0.42765877
 -0.9813748  -0.04421707]"
1747093053.9587905,"[ 0.         -0.22735726  1.10198137  2.97710171 -1.75853107 -0.00410393
  0.96004847  1.57091817]","[ 0.00000000e+00 -1.21968747e-04 -4.52298588e-03 -4.03445401e-04
 -8.21096340e-02  3.70092754e-05  4.76192757e-05  0.00000000e+00]","[ 0.         -0.17229895 15.88077736  0.88332146 -3.79176641 -0.42603892
 -0.96705407 -0.04627194]"
1747093053.960492,"[ 0.         -0.22735726  1.10197498  2.97710118 -1.75861416 -0.00410393
  0.96004847  1.57091817]","[ 0.00000000e+00 -1.21968747e-04 -5.26489835e-03 -4.19541206e-04
 -8.42704147e-02  3.70368514e-05  4.76188043e-05  0.00000000e+00]","[ 0.         -0.15167685 15.92786217  0.90390378 -3.73454714 -0.43170178
 -0.9748103  -0.05134677]"
1747093053.9617012,"[ 0.         -0.22735779  1.10196073  2.97710038 -1.75878514 -0.00410393
  0.96004847  1.57091817]","[ 0.00000000e+00 -1.27271744e-04 -7.29263180e-03 -4.20240513e-04
 -8.25660831e-02  3.70368514e-05  4.75828816e-05  0.00000000e+00]","[ 0.         -0.16003767 15.98932648  0.94365317 -3.6115191  -0.44326454
 -0.96016937 -0.05032185]"
1747093053.963446,"[ 0.         -0.22735832  1.10195201  2.97709985 -1.75886663 -0.00410393
  0.96004847  1.57091817]","[ 0.00000000e+00 -1.32574732e-04 -7.80222976e-03 -4.25136998e-04
 -8.26498312e-02  3.70368514e-05  4.75828816e-05  0.00000000e+00]","[ 0.         -0.20478238 16.0267868   0.93803364 -3.55324078 -0.43904763
 -0.96128958 -0.04447113]"
1747093053.9646254,"[ 0.         -0.22735832  1.10193224  2.97709905 -1.75903335 -0.00410287
  0.96004847  1.57091817]","[ 0.00000000e+00 -1.27175500e-04 -1.02637042e-02 -4.17927250e-04
 -8.10292395e-02  4.76192757e-05  4.76188043e-05  0.00000000e+00]","[ 0.         -0.21682209 16.10504913  0.95761162 -3.43922448 -0.44024271
 -0.92558008 -0.03748814]"
1747093053.9663818,"[ 0.         -0.22735886  1.10191985  2.97709851 -1.75911324 -0.00410287
  0.96004847  1.57091817]","[ 0.00000000e+00 -1.32574732e-04 -1.24244839e-02 -4.25136998e-04
 -8.10292395e-02  4.76192757e-05  4.76192757e-05  0.00000000e+00]","[ 0.         -0.23107801 16.11534309  0.93918836 -3.39981771 -0.45197046
 -0.92516714 -0.03847458]"
1747093053.9676175,"[ 0.         -0.22735886  1.10188909  2.97709772 -1.75927516 -0.00410287
  0.96004847  1.57091817]","[ 0.00000000e+00 -1.32574732e-04 -1.62058481e-02 -4.26962427e-04
 -8.31057311e-02  4.76188043e-05  4.76188043e-05  0.00000000e+00]","[ 0.         -0.22960871 16.11887932  0.94593358 -3.3397963  -0.42298996
 -0.93109941 -0.04351341]"
1747093053.9694061,"[ 0.         -0.22735886  1.10185188  2.97709665 -1.7594472  -0.00410287
  0.96004847  1.57091817]","[ 0.00000000e+00 -1.32573407e-04 -1.99669629e-02 -4.46430518e-04
 -8.42704147e-02  4.76188043e-05  3.70368514e-05  0.00000000e+00]","[ 0.         -0.2200844  16.17671967  0.99321914 -3.31534815 -0.41794276
 -0.93574977 -0.02569667]"
1747093053.9711795,"[ 0.         -0.22735886  1.10182937  2.97709612 -1.75953029 -0.00410287
  0.96004847  1.57091817]","[ 0.00000000e+00 -1.32574732e-04 -2.10645514e-02 -4.46430518e-04
 -8.42704147e-02  4.75833530e-05  3.70092754e-05  0.00000000e+00]","[ 0.         -0.22239558 16.23038292  0.98627502 -3.28961658 -0.42508206
 -0.95038241 -0.02040678]"
1747093053.9729426,"[ 0.         -0.22735939  1.10178483  2.97709532 -1.75970233 -0.00410287
  0.96004847  1.57091817]","[ 0.00000000e+00 -1.32474482e-04 -2.26881871e-02 -4.46441896e-04
 -8.42582058e-02  4.76188043e-05  3.70368514e-05  0.00000000e+00]","[ 0.         -0.20056345 16.38884926  1.02214634 -3.25572681 -0.45715874
 -0.95510149 -0.03244148]"
1747093053.9740872,"[ 0.         -0.22735992  1.10174169  2.97709479 -1.75986585 -0.00410287
  0.96004847  1.57091817]","[ 0.00000000e+00 -1.37876339e-04 -2.03122459e-02 -4.46430518e-04
 -8.21929909e-02  4.75828816e-05  3.70089097e-05  0.00000000e+00]","[ 0.         -0.18220726 16.52033234  1.02746725 -3.28110003 -0.46708953
 -0.93703693 -0.04827185]"
1747093053.9758837,"[ 0.         -0.22735992  1.10172331  2.97709452 -1.75994575 -0.00410287
  0.96004847  1.57091817]","[ 0.00000000e+00 -1.37876339e-04 -1.86367264e-02 -4.39666440e-04
 -8.09471475e-02  4.76188043e-05  3.70368514e-05  0.00000000e+00]","[ 0.         -0.16495237 16.5524807   1.03809035 -3.32208872 -0.46368337
 -0.9547894  -0.04692538]"
1747093053.9776998,"[ 0.         -0.22736045  1.10169255  2.97709399 -1.76011406 -0.00410287
  0.96004847  1.57091817]","[ 0.00000000e+00 -1.37877721e-04 -1.48553612e-02 -4.44033640e-04
 -8.31900202e-02  4.76192757e-05  3.70092754e-05  0.00000000e+00]","[ 0.         -0.14015448 16.63366699  1.01740956 -3.41631365 -0.45445722
 -0.97251409 -0.05583983]"
1747093053.9788992,"[ 0.         -0.22736045  1.10167924  2.97709345 -1.76019555 -0.00410287
  0.96004847  1.57091817]","[ 0.00000000e+00 -1.37877721e-04 -1.35048743e-02 -4.57897748e-04
 -8.26498312e-02  4.75828816e-05  3.70092754e-05  0.00000000e+00]","[ 0.         -0.12555546 16.61461449  1.05185962 -3.45476627 -0.45777839
 -0.98101455 -0.06318393]"
1747093053.9806297,"[ 0.         -0.22736045  1.10165673  2.97709292 -1.76035854 -0.00410287
  0.96004847  1.57091817]","[ 0.00000000e+00 -1.37773464e-04 -1.02637042e-02 -4.58806155e-04
 -8.21096340e-02  4.76188043e-05  3.70368514e-05  0.00000000e+00]","[ 0.         -0.10578302 16.59357452  1.05479991 -3.57039285 -0.43035799
 -1.00079334 -0.04800073]"
1747093053.9817903,"[ 0.         -0.22736045  1.10164754  2.97709266 -1.76044908 -0.00410287
  0.96004847  1.57091817]","[ 0.00000000e+00 -1.37879086e-04 -9.17400947e-03 -4.51854563e-04
 -8.51810660e-02  3.70368514e-05  3.70368514e-05  0.00000000e+00]","[ 0.         -0.10545056 16.59471893  1.05981684 -3.60686541 -0.43040821
 -0.99738592 -0.04776846]"
1747093053.9836516,"[ 0.         -0.22736099  1.10163103  2.97709212 -1.76061846 -0.00410287
  0.96004847  1.57091817]","[ 0.00000000e+00 -1.43180701e-04 -7.77382236e-03 -4.44902939e-04
 -8.58909982e-02  3.70372172e-05  3.70089097e-05  0.00000000e+00]","[ 0.         -0.08714054 16.57678032  1.09658468 -3.63106632 -0.44713032
 -0.98866421 -0.02693282]"
1747093053.9853387,"[ 0.         -0.22736099  1.10162411  2.97709159 -1.76070315 -0.00410287
  0.96004847  1.57091817]","[ 0.00000000e+00 -1.43180701e-04 -7.02253421e-03 -4.30988442e-04
 -8.58909982e-02  3.70368514e-05  3.70372172e-05  0.00000000e+00]","[ 0.         -0.09240086 16.56495476  1.09307528 -3.62019992 -0.44353783
 -0.98076051 -0.04104375]"
1747093053.9869752,"[ 0.         -0.22736099  1.10160993  2.97709079 -1.76088211 -0.00410287
  0.96004847  1.57091817]","[ 0.00000000e+00 -1.42964352e-04 -7.15758301e-03 -4.32902329e-04
 -8.79625630e-02  3.70368514e-05  3.70372172e-05  0.00000000e+00]","[ 0.         -0.03504605 16.55029297  1.10727155 -3.58120394 -0.43978202
 -0.98128706 -0.04324873]"
1747093053.9887345,"[ 0.         -0.22736099  1.10159521  2.97708973 -1.76106321 -0.00410287
  0.96004847  1.57091817]","[ 0.00000000e+00 -1.37876339e-04 -7.14855323e-03 -4.46430518e-04
 -8.87720308e-02  3.70368514e-05  3.70368514e-05  0.00000000e+00]","[ 0.         -0.02919934 16.4765377   1.09495211 -3.47768164 -0.44135672
 -0.97051442 -0.04797431]"
1747093053.9905481,"[ 0.         -0.22736152  1.1015791   2.97708839 -1.76124111 -0.00410287
  0.96004847  1.57091817]","[ 0.00000000e+00 -1.42964352e-04 -7.80222976e-03 -4.44022067e-04
 -9.12929458e-02  3.70372172e-05  3.70368514e-05  0.00000000e+00]","[ 0.         -0.03986454 16.38965416  1.08103323 -3.41193891 -0.43539661
 -0.95362908 -0.03271814]"
1747093053.9917274,"[ 0.         -0.22736152  1.10156951  2.97708786 -1.76133325 -0.00410287
  0.96004847  1.57091817]","[ 0.00000000e+00 -1.42964352e-04 -8.97256422e-03 -4.44902939e-04
 -9.34537265e-02  3.70372172e-05  3.70372172e-05  0.00000000e+00]","[ 0.         -0.03480917 16.32624245  1.0969485  -3.37071753 -0.43608749
 -0.93757409 -0.03978548]"
1747093053.9934814,"[ 0.         -0.22736152  1.10154701  2.97708706 -1.76152766 -0.00410287
  0.96004847  1.57091817]","[ 0.00000000e+00 -1.37669385e-04 -1.21543863e-02 -4.39666440e-04
 -9.57935549e-02  3.70368514e-05  3.70368514e-05  0.00000000e+00]","[ 0.         -0.02010822 16.20038795  1.07579672 -3.36581683 -0.43419236
 -0.93344581 -0.04426323]"
1747093053.995246,"[ 0.         -0.22736152  1.1015323   2.97708626 -1.76162407 -0.0041018
  0.96004847  1.57091817]","[ 0.00000000e+00 -1.37670734e-04 -1.37792901e-02 -4.53194628e-04
 -9.77752879e-02  4.76188043e-05  3.70368514e-05  0.00000000e+00]","[ 0.         -0.02321515 16.11398506  1.06972766 -3.34346437 -0.42915407
 -0.92704123 -0.03777864]"
1747093053.9970226,"[ 0.         -0.22736205  1.10149967  2.97708467 -1.76182008 -0.0041018
  0.96004847  1.57091817]","[ 0.00000000e+00 -1.37565437e-04 -1.72862385e-02 -4.72709370e-04
 -9.93958714e-02  4.76188043e-05  3.70372172e-05  0.00000000e+00]","[ 0.00000000e+00 -4.55511454e-03  1.59753656e+01  1.05916440e+00
 -3.34185386e+00 -4.35270011e-01 -9.09645438e-01 -4.52144258e-02]"
1747093053.9982598,"[ 0.         -0.22736205  1.1014813   2.97708387 -1.76192607 -0.0041018
  0.96004847  1.57091817]","[ 0.00000000e+00 -1.32274460e-04 -1.86367264e-02 -4.76389000e-04
 -9.98058484e-02  4.76188043e-05  3.70372172e-05  0.00000000e+00]","[ 0.00000000e+00 -3.17579135e-03  1.59179258e+01  1.04993498e+00
 -3.33693266e+00 -4.35391128e-01 -8.97398531e-01 -4.09981571e-02]"
1747093054.0000277,"[ 0.         -0.22736205  1.10143909  2.97708254 -1.76213806 -0.0041018
  0.9600494   1.57091817]","[ 0.00000000e+00 -1.32374402e-04 -2.10447338e-02 -4.78376910e-04
 -9.92249797e-02  4.76188043e-05  4.76188043e-05  0.00000000e+00]","[ 0.00000000e+00  3.50260478e-03  1.58116341e+01  1.03321230e+00
 -3.26853824e+00 -4.14996237e-01 -8.88756216e-01 -2.89417263e-02]"
1747093054.0011537,"[ 0.         -0.22736205  1.10141705  2.97708147 -1.76223393 -0.0041018
  0.9600494   1.57091817]","[ 0.00000000e+00 -1.32275769e-04 -2.24180906e-02 -5.00455855e-04
 -9.72350907e-02  4.76188043e-05  4.76188043e-05  0.00000000e+00]","[ 0.00000000e+00  1.52162854e-02  1.57941179e+01  1.02267504e+00
 -3.27021122e+00 -4.19097394e-01 -8.90700758e-01 -4.07748856e-02]"
1747093054.0028858,"[ 0.         -0.22736205  1.10137111  2.97707961 -1.76243047 -0.0041018
  0.9600494   1.57091817]","[ 0.00000000e+00 -1.32374402e-04 -2.32283823e-02 -5.29300763e-04
 -9.50743100e-02  4.76192757e-05  4.76192757e-05  0.00000000e+00]","[ 0.          0.03625811 15.75437737  1.0117172  -3.26591945 -0.4179472
 -0.88605714 -0.06000351]"
1747093054.0045965,"[ 0.         -0.22736205  1.10134634  2.97707827 -1.76252315 -0.0041018
  0.9600494   1.57091817]","[ 0.00000000e+00 -1.27079427e-04 -2.33214660e-02 -5.54738991e-04
 -9.39939238e-02  4.77264263e-05  4.75833530e-05  0.00000000e+00]","[ 0.          0.03502014 15.70924473  1.03516483 -3.2756424  -0.41782051
 -0.89091879 -0.06024804]"
1747093054.0058265,"[ 0.         -0.22736205  1.10130227  2.97707614 -1.76271543 -0.0041018
  0.9600494   1.57091817]","[ 0.00000000e+00 -1.26983484e-04 -2.18778954e-02 -6.18990223e-04
 -9.37874039e-02  4.76188043e-05  3.70368514e-05  0.00000000e+00]","[ 0.          0.02904322 15.69727516  1.00308681 -3.35693192 -0.40455249
 -0.90889621 -0.03232079]"
1747093054.0075262,"[ 0.         -0.22736205  1.10128063  2.97707455 -1.76289919 -0.0041018
  0.9600494   1.57091817]","[ 0.00000000e+00 -1.26983484e-04 -2.18557287e-02 -6.90747070e-04
 -9.29135292e-02  4.77269018e-05  3.70928568e-05  0.00000000e+00]","[ 0.00000000e+00  1.91094503e-02  1.56845999e+01  9.94275689e-01
 -3.46387959e+00 -4.13147181e-01 -8.99258971e-01 -1.19317267e-02]"
1747093054.0086982,"[ 0.         -0.22736205  1.10123655  2.97707135 -1.76298814 -0.0041018
  0.9600494   1.57091817]","[ 0.00000000e+00 -1.21785654e-04 -2.18778954e-02 -8.54539604e-04
 -9.02125596e-02  4.76903370e-05  3.70372172e-05  0.00000000e+00]","[ 0.00000000e+00  2.86938399e-02  1.56487885e+01  9.58900094e-01
 -3.47900605e+00 -3.94984871e-01 -8.99228394e-01 -8.42744205e-03]"
1747093054.010992,"[ 0.         -0.22736205  1.10119154  2.97706789 -1.76317137 -0.0041018
  0.9600494   1.57091817]","[ 0.00000000e+00 -1.16401531e-04 -2.37685775e-02 -1.09158045e-03
 -8.91321651e-02  3.70924870e-05  3.70928568e-05  0.00000000e+00]","[ 0.          0.04215342 15.65707779  0.95343369 -3.53940606 -0.38866842
 -0.89496309 -0.02483661]"
1747093054.0126848,"[ 0.         -0.22736205  1.10113695  2.97706416 -1.76333915 -0.0041018
  0.9600494   1.57091817]","[ 0.00000000e+00 -1.11110546e-04 -2.80901368e-02 -1.36621009e-03
 -8.36453791e-02  3.71209245e-05  2.64948971e-05  0.00000000e+00]","[ 0.          0.01719567 15.67851925  0.98042864 -3.62359929 -0.41737846
 -0.90324444 -0.03136562]"
1747093054.014438,"[ 0.         -0.22736205  1.10110706  2.97706176 -1.76342756 -0.0041018
  0.9600494   1.57091817]","[ 0.00000000e+00 -1.11110546e-04 -3.02202662e-02 -1.56760437e-03
 -8.32551261e-02  3.70928568e-05  2.64948971e-05  0.00000000e+00]","[ 0.00000000e+00  1.87952106e-03  1.57335291e+01  9.75452662e-01
 -3.66976380e+00 -4.29023504e-01 -9.07725394e-01 -3.54425237e-02]"
1747093054.0156212,"[ 0.         -0.22736258  1.10103681  2.9770567  -1.76359268 -0.0041018
  0.9600494   1.57091817]","[ 0.00000000e+00 -1.16401531e-04 -3.56091228e-02 -1.92695764e-03
 -8.37302174e-02  3.71209245e-05  2.65149452e-05  0.00000000e+00]","[ 0.          0.04896844 15.89898109  0.99501687 -3.72643447 -0.43376759
 -0.918657   -0.02673307]"
1747093054.0173752,"[ 0.         -0.22736258  1.10100053  2.97705351 -1.76367683 -0.0041018
  0.9600494   1.57091817]","[ 0.00000000e+00 -1.16489477e-04 -3.67332556e-02 -2.18316089e-03
 -8.53508009e-02  3.70928568e-05  2.64946330e-05  0.00000000e+00]","[ 0.          0.04507447 15.97762012  1.02041864 -3.75167608 -0.42135832
 -0.92533374 -0.02159558]"
1747093054.0190299,"[ 0.         -0.22736258  1.10092296  2.97704712 -1.76385846 -0.0041018
  0.9600494   1.57091817]","[ 0.00000000e+00 -1.11110546e-04 -3.99339258e-02 -2.68014784e-03
 -9.06927858e-02  3.70928568e-05  2.64948971e-05  0.00000000e+00]","[ 0.00000000e+00  1.35038514e-02  1.61549473e+01  1.04406393e+00
 -3.80448127e+00 -4.22277123e-01 -9.35519993e-01 -3.03820334e-02]"
1747093054.020275,"[ 0.         -0.22736258  1.10083568  2.97703939 -1.76395061 -0.0041018
  0.9600494   1.57091817]","[ 0.00000000e+00 -1.11027826e-04 -4.37557908e-02 -3.45726943e-03
 -9.34537265e-02  3.70928568e-05  2.64948971e-05  0.00000000e+00]","[ 0.00000000e+00  9.92066972e-03  1.62741108e+01  1.01814187e+00
 -3.82743883e+00 -4.03777629e-01 -9.56629515e-01 -2.83525605e-02]"
1747093054.021984,"[ 0.         -0.22736312  1.10078934  2.97703513 -1.76404435 -0.0041018
  0.9600494   1.57091817]","[ 0.00000000e+00 -1.11111643e-04 -4.69969619e-02 -3.67002428e-03
 -9.50743100e-02  3.70928568e-05  2.64948971e-05  0.00000000e+00]","[ 0.00000000e+00 -1.39831556e-02  1.63283997e+01  1.02173007e+00
 -3.83320165e+00 -3.90318334e-01 -9.45003510e-01 -1.42364129e-02]"
1747093054.0232234,"[ 0.         -0.22736312  1.10068461  2.97702608 -1.76424142 -0.0041018
  0.9600494   1.57091817]","[ 0.00000000e+00 -1.11110546e-04 -5.19090710e-02 -4.30503527e-03
 -9.77752879e-02  3.71209245e-05  2.65149452e-05  0.00000000e+00]","[ 0.         -0.04993789 16.41452599  1.03486693 -3.81474304 -0.40823683
 -0.93266255 -0.02858299]"
1747093054.024965,"[ 0.         -0.22736312  1.10063275  2.97702128 -1.76433836 -0.0041018
  0.9600494   1.57091817]","[ 0.00000000e+00 -1.11110546e-04 -5.26156451e-02 -4.50484986e-03
 -9.83154852e-02  3.70928568e-05  2.64948971e-05  0.00000000e+00]","[ 0.         -0.06276764 16.45694733  1.05618548 -3.80478263 -0.40218368
 -0.94162053 -0.04355121]"
1747093054.0261269,"[ 0.         -0.22736312  1.10058128  2.97701622 -1.76443583 -0.0041018
  0.9600494   1.57091817]","[ 0.00000000e+00 -1.05819570e-04 -5.21288109e-02 -4.86011138e-03
 -9.87555143e-02  3.71209245e-05  2.64948971e-05  0.00000000e+00]","[ 0.         -0.04047521 16.47116852  1.06748462 -3.8113513  -0.41051334
 -0.94786954 -0.06180439]"
1747093054.0278814,"[ 0.         -0.22736365  1.10047662  2.9770053  -1.76463824 -0.0041018
  0.9600494   1.57091817]","[ 0.00000000e+00 -1.11111643e-04 -5.06552298e-02 -5.26489835e-03
 -9.93958714e-02  3.18179359e-05  2.65149452e-05  0.00000000e+00]","[ 0.         -0.0815533  16.47320175  1.07176173 -3.80181551 -0.40900081
 -0.94064975 -0.06033413]"
1747093054.0291002,"[ 0.         -0.22736365  1.10042655  2.97700024 -1.76473784 -0.0041018
  0.9600494   1.57091817]","[ 0.00000000e+00 -1.11111643e-04 -5.07783261e-02 -5.26663408e-03
 -1.01016455e-01  3.17938749e-05  2.64948971e-05  0.00000000e+00]","[ 0.         -0.0732117  16.48886299  1.06388915 -3.77073359 -0.43193024
 -0.93587863 -0.06628512]"
1747093054.0308492,"[ 0.         -0.22736365  1.10032275  2.97698932 -1.7649445  -0.0041018
  0.9600494   1.57091817]","[ 0.00000000e+00 -1.05819570e-04 -5.31552930e-02 -5.40194919e-03
 -1.01310460e-01  3.18179359e-05  2.65149452e-05  0.00000000e+00]","[ 0.         -0.08317039 16.42968941  1.0801239  -3.699049   -0.4387607
 -0.94258308 -0.04402537]"
1747093054.0325541,"[ 0.         -0.22736365  1.1002649   2.97698373 -1.7650441  -0.0041018
  0.9600494   1.57091817]","[ 0.00000000e+00 -1.05820618e-04 -5.44167575e-02 -5.44039494e-03
 -1.00914106e-01  3.18179359e-05  2.65149452e-05  0.00000000e+00]","[ 0.         -0.10788996 16.42282486  1.08845603 -3.65621758 -0.43290171
 -0.93721038 -0.04873792]"
1747093054.033709,"[ 0.         -0.22736418  1.10015564  2.97697548 -1.76524224 -0.0041018
  0.9600494   1.57091817]","[ 0.00000000e+00 -1.05820618e-04 -5.53699820e-02 -4.56291197e-03
 -9.93958714e-02  3.17935580e-05  1.85604623e-05  0.00000000e+00]","[ 0.         -0.07103228 16.43503189  1.13082719 -3.54542637 -0.4258827
 -0.92223269 -0.03905411]"
1747093054.035436,"[ 0.         -0.22736471  1.10004312  2.97696962 -1.76544571 -0.0041018
  0.9600494   1.57091817]","[ 0.00000000e+00 -1.05819570e-04 -5.78008613e-02 -3.15998029e-03
 -9.88027771e-02  3.18176189e-05  1.85602774e-05  0.00000000e+00]","[ 0.         -0.04864064 16.487463    1.10987747 -3.44457412 -0.43578154
 -0.91616046 -0.0361619 ]"
1747093054.0365932,"[ 0.         -0.22736471  1.09997934  2.97696775 -1.76554105 -0.0041018
  0.9600494   1.57091817]","[ 0.00000000e+00 -1.05899518e-04 -6.01844321e-02 -2.54470088e-03
 -9.66948934e-02  3.17938749e-05  1.85464284e-05  0.00000000e+00]","[ 0.         -0.05252108 16.52613831  1.11130035 -3.39581513 -0.43873954
 -0.91957116 -0.03047374]"
1747093054.0383704,"[ 0.         -0.22736471  1.09985624  2.97696589 -1.7657248  -0.0041018
  0.9600494   1.57091817]","[ 0.00000000e+00 -1.00528593e-04 -6.21224186e-02 -1.22847629e-03
 -9.22797468e-02  2.12119566e-05  1.85604623e-05  0.00000000e+00]","[ 0.         -0.07156552 16.6213131   1.11456895 -3.34959483 -0.43090388
 -0.89717984 -0.0427792 ]"
1747093054.0395174,"[ 0.         -0.22736471  1.09979705  2.97696589 -1.76582228 -0.0041018
  0.9600494   1.57091817]","[ 0.00000000e+00 -1.00529585e-04 -5.99616379e-02 -6.14440613e-04
 -9.17812530e-02  2.12119566e-05  1.06059783e-05  0.00000000e+00]","[ 0.         -0.07733954 16.65302277  1.11252499 -3.34959483 -0.42207921
 -0.88668656 -0.04605475]"
1747093054.0412757,"[ 0.         -0.22736471  1.09973546  2.97696589 -1.76591069 -0.00410127
  0.9600494   1.57091817]","[ 0.00000000e+00 -1.00452749e-04 -5.79275154e-02 -2.63331691e-04
 -8.96723623e-02  2.64948971e-05  1.06059783e-05  0.00000000e+00]","[ 0.         -0.07718647 16.70266724  1.11651766 -3.39399624 -0.41065595
 -0.87837672 -0.03900242]"
1747093054.0430202,"[ 0.         -0.22736471  1.09962527  2.97696589 -1.76609658 -0.00410127
  0.9600494   1.57091817]","[ 0.00000000e+00 -9.52376087e-05 -5.50998833e-02  0.00000000e+00
 -9.17812530e-02  2.65149452e-05  1.06059783e-05  0.00000000e+00]","[ 0.         -0.0922588  16.74539185  1.1125412  -3.46491361 -0.41665402
 -0.9005906  -0.0269623 ]"
1747093054.0441957,"[ 0.         -0.22736525  1.09957248  2.97696589 -1.76618873 -0.00410127
  0.9600494   1.57091817]","[ 0.00000000e+00 -1.00528593e-04 -5.34251129e-02  0.00000000e+00
 -9.34537265e-02  2.65149452e-05  1.06059783e-05  0.00000000e+00]","[ 0.         -0.08224223 16.72542763  1.1100446  -3.52017212 -0.40736777
 -0.9259488  -0.02679626]"
1747093054.0459228,"[ 0.         -0.22736525  1.09947008  2.97696536 -1.76637621 -0.00410127
  0.9600494   1.57091817]","[ 0.00000000e+00 -9.52385514e-05 -4.83474467e-02 -7.63192740e-05
 -9.50743100e-02  2.64948971e-05  1.06059783e-05  0.00000000e+00]","[ 0.         -0.07721689 16.70850945  1.07338333 -3.62217212 -0.39834806
 -0.9310894  -0.04121859]"
1747093054.0476367,"[ 0.         -0.22736578  1.09938512  2.97696456 -1.76657968 -0.00410127
  0.9600494   1.57091817]","[ 0.00000000e+00 -1.00528593e-04 -4.15950101e-02 -1.47510874e-04
 -1.00307380e-01  2.65149452e-05  1.06059783e-05  0.00000000e+00]","[ 0.         -0.07066859 16.60532761  1.04620659 -3.66374302 -0.39566448
 -0.92082548 -0.04608685]"
1747093054.049169,"[ 0.         -0.22736578  1.09934704  2.97696402 -1.76667822 -0.00410127
  0.9600494   1.57091817]","[ 0.00000000e+00 -1.00528593e-04 -3.86239376e-02 -1.86160649e-04
 -9.99360687e-02  2.65152094e-05  1.05978530e-05  0.00000000e+00]","[ 0.         -0.0710242  16.53404808  1.03567839 -3.65585613 -0.39906263
 -0.91543949 -0.04456312]"
1747093054.0509453,"[ 0.         -0.22736578  1.09926941  2.97696269 -1.76687689 -0.00410127
  0.9600494   1.57091817]","[ 0.00000000e+00 -1.00528593e-04 -3.77753338e-02 -2.66627190e-04
 -1.01016455e-01  2.64948971e-05  1.06059783e-05  0.00000000e+00]","[ 0.         -0.07245172 16.31868744  1.01222944 -3.61415195 -0.39094079
 -0.89953661 -0.02896775]"
1747093054.0526454,"[ 0.         -0.22736578  1.09919131  2.97696136 -1.76708568 -0.00410127
  0.9600504   1.57091817]","[ 0.00000000e+00 -1.00529585e-04 -3.81168052e-02 -3.22600387e-04
 -1.01556652e-01  2.64948971e-05  1.85604623e-05  0.00000000e+00]","[ 0.         -0.10772008 16.0853405   0.96190256 -3.51318145 -0.40652186
 -0.87418246 -0.03181796]"
1747093054.0543947,"[ 0.         -0.22736578  1.09915463  2.9769603  -1.76718688 -0.00410127
  0.9600504   1.57091817]","[ 0.00000000e+00 -9.52376087e-05 -3.72734528e-02 -3.72346103e-04
 -1.02637038e-01  2.64946330e-05  1.85464284e-05  0.00000000e+00]","[ 0.         -0.10584528 15.96966076  0.95688981 -3.45256019 -0.40032554
 -0.87039274 -0.03422256]"
1747093054.056072,"[ 0.         -0.22736631  1.09908478  2.97695896 -1.7673978  -0.00410127
  0.9600504   1.57091817]","[ 0.00000000e+00 -9.52376087e-05 -3.51126721e-02 -4.07474765e-04
 -1.02815071e-01  2.65152094e-05  1.85604623e-05  0.00000000e+00]","[ 0.         -0.1500777  15.7258873   0.93020105 -3.33900714 -0.39588541
 -0.8116529  -0.03961584]"
1747093054.0572283,"[ 0.         -0.22736631  1.09904943  2.9769579  -1.76749687 -0.00410127
  0.96005133  1.57091817]","[ 0.00000000e+00 -9.52376087e-05 -3.33208307e-02 -4.42508077e-04
 -1.00476258e-01  2.64948971e-05  2.91664395e-05  0.00000000e+00]","[ 0.         -0.1715101  15.60505295  0.91202152 -3.27212739 -0.39795172
 -0.80031621 -0.04977195]"
1747093054.0589178,"[ 0.         -0.22736631  1.09898651  2.97695657 -1.76769075 -0.00410127
  0.96005133  1.57091817]","[ 0.00000000e+00 -9.52385514e-05 -3.21415997e-02 -4.89525939e-04
 -9.77752879e-02  2.65149452e-05  2.91661490e-05  0.00000000e+00]","[ 0.         -0.21942039 15.32679939  0.90009755 -3.23207068 -0.39251256
 -0.78482473 -0.05053567]"
1747093054.0606477,"[ 0.         -0.22736738  1.09892087  2.97695524 -1.76788143 -0.00410127
  0.96005226  1.57091817]","[ 0.00000000e+00 -1.00528593e-04 -3.40322817e-02 -5.29903226e-04
 -9.12797215e-02  2.65149452e-05  3.71209245e-05  0.00000000e+00]","[ 0.         -0.22724195 15.04114056  0.84594768 -3.25108099 -0.38156858
 -0.78093672 -0.02815345]"
1747093054.0623372,"[ 0.         -0.22736791  1.0988465   2.9769539  -1.76805827 -0.00410127
  0.96005226  1.57091817]","[ 0.00000000e+00 -1.00528593e-04 -3.73112947e-02 -5.42862144e-04
 -8.91321651e-02  2.64948971e-05  3.71209245e-05  0.00000000e+00]","[ 0.         -0.2350928  14.85380936  0.82237405 -3.34468365 -0.38878816
 -0.74167001 -0.02052933]"
1747093054.0640705,"[ 0.         -0.22736791  1.09880748  2.97695257 -1.76815201 -0.0041002
  0.96005226  1.57091817]","[ 0.00000000e+00 -9.52376087e-05 -3.94342335e-02 -6.01110763e-04
 -8.81874586e-02  3.71209245e-05  3.71209245e-05  0.00000000e+00]","[ 0.         -0.22539608 14.74084473  0.82134581 -3.38248301 -0.3916935
 -0.72820514 -0.02296561]"
1747093054.0651805,"[ 0.         -0.22736844  1.09872206  2.97695071 -1.76832192 -0.0041002
  0.96005226  1.57091817]","[ 0.00000000e+00 -1.00529585e-04 -4.24053018e-02 -6.29249635e-04
 -8.58909982e-02  2.64948971e-05  3.71209245e-05  0.00000000e+00]","[ 0.         -0.26615626 14.68977451  0.77190411 -3.47694588 -0.38946974
 -0.737544   -0.03913344]"
1747093054.0668826,"[ 0.         -0.22736844  1.09867892  2.97694964 -1.76840767 -0.0041002
  0.96005326  1.57091817]","[ 0.00000000e+00 -9.52376087e-05 -4.37557908e-02 -6.46938915e-04
 -8.69713844e-02  2.65146811e-05  4.77264263e-05  0.00000000e+00]","[ 0.         -0.25776809 14.71635246  0.77385366 -3.52711129 -0.38757405
 -0.74085748 -0.04752623]"
1747093054.068606,"[ 0.         -0.22736898  1.09857739  2.97694751 -1.76858131 -0.0041002
  0.96005326  1.57091817]","[ 0.00000000e+00 -1.00528593e-04 -4.69453423e-02 -7.02117259e-04
 -8.42582058e-02  2.65149452e-05  4.77269018e-05  0.00000000e+00]","[ 0.         -0.27151021 14.70782185  0.74871647 -3.60050273 -0.37198809
 -0.74683654 -0.05938102]"
1747093054.0702636,"[ 0.         -0.22736898  1.09847592  2.97694512 -1.76874803 -0.0041002
  0.96005326  1.57091817]","[ 0.00000000e+00 -1.00529585e-04 -5.29391068e-02 -8.56554660e-04
 -8.47246751e-02  2.65149452e-05  4.77269018e-05  0.00000000e+00]","[ 0.         -0.333482   14.76469612  0.72683823 -3.68135118 -0.3879317
 -0.7530548  -0.04962576]"
1747093054.0720193,"[ 0.         -0.22736951  1.09842958  2.97694432 -1.76883325 -0.0041002
  0.96005326  1.57091817]","[ 0.00000000e+00 -1.05820618e-04 -5.54958080e-02 -8.87587899e-04
 -8.64311954e-02  2.65152094e-05  4.77269018e-05  0.00000000e+00]","[ 0.         -0.31190944 14.79463673  0.70694941 -3.71085334 -0.38970572
 -0.77727896 -0.05581459]"
1747093054.0737076,"[ 0.         -0.22737004  1.09830188  2.97694139 -1.76900902 -0.0041002
  0.96005326  1.57091817]","[ 0.00000000e+00 -1.05819570e-04 -5.86111530e-02 -9.61178595e-04
 -8.64311954e-02  2.64948971e-05  4.77630399e-05  0.00000000e+00]","[ 0.         -0.34917483 14.88121128  0.6807456  -3.79532027 -0.37717965
 -0.7819466  -0.04827854]"
1747093054.075925,"[ 0.         -0.22737057  1.09818251  2.97693926 -1.76918425 -0.0041002
  0.96005419  1.57091817]","[ 0.00000000e+00 -1.05820618e-04 -6.18523200e-02 -1.01776856e-03
 -8.96723623e-02  2.65149452e-05  5.83328791e-05  0.00000000e+00]","[ 0.         -0.36666587 15.01090527  0.66654336 -3.840698   -0.33521637
 -0.77454919 -0.05008116]"
1747093054.0775762,"[ 0.         -0.22737111  1.09804242  2.97693686 -1.76937387 -0.0041002
  0.96005419  1.57091817]","[ 0.00000000e+00 -1.11110546e-04 -7.02151659e-02 -1.09295260e-03
 -9.29135292e-02  2.64548924e-05  5.83770511e-05  0.00000000e+00]","[ 0.         -0.40165487 15.1104908   0.66045797 -3.87061477 -0.33520713
 -0.77260578 -0.04100027]"
1747093054.0799098,"[ 0.         -0.22737217  1.09789688  2.9769342  -1.76956349 -0.0041002
  0.96005419  1.57091817]","[ 0.00000000e+00 -1.16401531e-04 -7.50870946e-02 -1.15249987e-03
 -9.72350907e-02  2.64751417e-05  5.83322980e-05  0.00000000e+00]","[ 0.         -0.41687697 15.26269722  0.63598537 -3.85588527 -0.35680991
 -0.74612397 -0.03634578]"
1747093054.0810456,"[ 0.         -0.22737217  1.09781932  2.97693287 -1.76966682 -0.0041002
  0.96005419  1.57091817]","[ 0.00000000e+00 -1.16401531e-04 -7.85983643e-02 -1.18788220e-03
 -9.72981660e-02  2.64548924e-05  5.83328791e-05  0.00000000e+00]","[ 0.         -0.41615221 15.36181545  0.6459446  -3.8601625  -0.35134837
 -0.75526834 -0.03870804]"
1747093054.0828786,"[ 0.         -0.22737217  1.09764661  2.97692994 -1.76986069 -0.0041002
  0.96005419  1.57091817]","[ 0.00000000e+00 -1.16401531e-04 -8.56209037e-02 -1.25244864e-03
 -9.88556741e-02  2.64548924e-05  5.82447383e-05  0.00000000e+00]","[ 0.         -0.41618374 15.54127693  0.66057914 -3.79528785 -0.35375917
 -0.77468294 -0.05340222]"
1747093054.0845878,"[ 0.         -0.2273727   1.09756032  2.9769286  -1.7699587  -0.0041002
  0.96005419  1.57091817]","[ 0.00000000e+00 -1.21693710e-04 -8.75115816e-02 -1.26545054e-03
 -9.93958714e-02  2.64748795e-05  5.83328791e-05  0.00000000e+00]","[ 0.         -0.42799565 15.63483238  0.63813019 -3.78730106 -0.36215839
 -0.79186487 -0.05334184]"
1747093054.0858161,"[ 0.         -0.22737324  1.09738029  2.97692594 -1.77015897 -0.00409914
  0.96005419  1.57091817]","[ 0.00000000e+00 -1.21692507e-04 -8.77689595e-02 -1.30627154e-03
 -9.72981660e-02  3.70372172e-05  5.82013384e-05  0.00000000e+00]","[ 0.         -0.389631   15.84531593  0.65596324 -3.73032546 -0.35788393
 -0.77031696 -0.05633194]"
1747093054.0876048,"[ 0.         -0.22737377  1.09729261  2.97692461 -1.77025431 -0.00409914
  0.96005419  1.57091817]","[ 0.00000000e+00 -1.26983484e-04 -8.88620706e-02 -1.28586104e-03
 -9.66948934e-02  3.70372172e-05  5.82007654e-05  0.00000000e+00]","[ 0.         -0.38462144 15.96327209  0.64128232 -3.70706964 -0.35102141
 -0.78209478 -0.05891382]"
1747093054.0887523,"[ 0.         -0.2273743   1.09711904  2.97692168 -1.77045351 -0.00409914
  0.96005419  1.57091817]","[ 0.00000000e+00 -1.32474482e-04 -8.74229150e-02 -1.36889393e-03
 -9.72981660e-02  3.70368514e-05  5.82007654e-05  0.00000000e+00]","[ 0.         -0.40373695 16.19493484  0.65976655 -3.70165896 -0.33341086
 -0.81163287 -0.0487276 ]"
1747093054.0905588,"[ 0.         -0.22737483  1.09703315  2.97692035 -1.77055045 -0.00409914
  0.96005419  1.57091817]","[ 0.00000000e+00 -1.37566802e-04 -8.69713844e-02 -1.36889393e-03
 -9.83154852e-02  3.70368514e-05  5.82007654e-05  0.00000000e+00]","[ 0.         -0.41536152 16.23921585  0.67327392 -3.69460464 -0.3332572
 -0.81693655 -0.04668914]"
1747093054.0917442,"[ 0.         -0.22737537  1.09694181  2.97691769 -1.77075072 -0.00409914
  0.96005419  1.57091817]","[ 0.00000000e+00 -1.37774829e-04 -8.60135785e-02 -1.36889393e-03
 -1.02096849e-01  3.70368514e-05  5.82447383e-05  0.00000000e+00]","[ 0.         -0.47081089 16.29258156  0.7067436  -3.73762369 -0.32686621
 -0.81591797 -0.03463294]"
1747093054.0934324,"[ 0.         -0.22737537  1.09685685  2.97691635 -1.77085139 -0.00409914
  0.96005419  1.57091817]","[ 0.00000000e+00 -1.37773464e-04 -8.61610926e-02 -1.36889393e-03
 -1.02096849e-01  3.70368514e-05  5.82013384e-05  0.00000000e+00]","[ 0.         -0.46756968 16.37144089  0.72961605 -3.72601938 -0.32686621
 -0.80867368 -0.0294391 ]"
1747093054.094702,"[ 0.         -0.22737643  1.09668827  2.97691342 -1.77106018 -0.00409914
  0.96005419  1.57091817]","[ 0.00000000e+00 -1.48371427e-04 -8.12489835e-02 -1.36889393e-03
 -1.02096849e-01  3.70368514e-05  5.82007654e-05  0.00000000e+00]","[ 0.         -0.43523219 16.48978806  0.76165712 -3.63607383 -0.33494055
 -0.81269163 -0.03027393]"
1747093054.0964997,"[ 0.         -0.22737643  1.09653081  2.97691129 -1.77125992 -0.00409914
  0.96005513  1.57091817]","[ 0.00000000e+00 -1.48369948e-04 -7.96787588e-02 -1.32473604e-03
 -1.00476258e-01  2.64548924e-05  6.61872009e-05  0.00000000e+00]","[ 0.         -0.43961909 16.59047699  0.78386521 -3.53800321 -0.33651021
 -0.82508355 -0.04158658]"
1747093054.0976977,"[ 0.         -0.22737697  1.09645365  2.9769097  -1.77136804 -0.00409914
  0.96005513  1.57091817]","[ 0.00000000e+00 -1.48483698e-04 -7.83282698e-02 -1.34709255e-03
 -1.01811991e-01  2.64551545e-05  6.61372301e-05  0.00000000e+00]","[ 0.         -0.42689052 16.6368866   0.80514073 -3.50862551 -0.336876
 -0.83146703 -0.0438409 ]"
1747093054.0994408,"[ 0.         -0.2273775   1.09630032  2.97690703 -1.77157098 -0.00409914
  0.96005513  1.57091817]","[ 0.00000000e+00 -1.53670393e-04 -7.45469056e-02 -1.32473604e-03
 -1.03177236e-01  2.64548924e-05  5.82007654e-05  0.00000000e+00]","[ 0.         -0.4111456  16.66902733  0.8389954  -3.44216824 -0.33771887
 -0.83392149 -0.04420492]"
1747093054.1022625,"[ 0.         -0.22737803  1.09622821  2.97690623 -1.77167431 -0.00409914
  0.96005513  1.57091817]","[ 0.00000000e+00 -1.58969375e-04 -7.31964166e-02 -1.28057815e-03
 -1.04797819e-01  2.64548924e-05  5.82447383e-05  0.00000000e+00]","[ 0.         -0.39348564 16.68323326  0.85021484 -3.4063344  -0.34545439
 -0.82105523 -0.03524087]"
1747093054.1028483,"[ 0.         -0.22737803  1.0960826   2.9769033  -1.77189588 -0.00409914
  0.96005513  1.57091817]","[ 0.00000000e+00 -1.58969375e-04 -6.97136303e-02 -1.31392462e-03
 -1.08833515e-01  2.64548924e-05  5.82007654e-05  0.00000000e+00]","[ 0.         -0.36167261 16.62670898  0.88383251 -3.36097121 -0.35681301
 -0.79462492 -0.03184673]"
1747093054.1045766,"[ 0.         -0.22737856  1.0959545   2.97690011 -1.7721084  -0.00409914
  0.96005513  1.57091817]","[ 0.00000000e+00 -1.64268357e-04 -6.37430062e-02 -1.34692675e-03
 -1.07498797e-01  2.64551545e-05  5.82447383e-05  0.00000000e+00]","[ 0.         -0.34648067 16.51364708  0.91688234 -3.33399105 -0.35761866
 -0.7767868  -0.03417735]"
1747093054.1057444,"[ 0.         -0.2273791   1.09589159  2.97689878 -1.7722144  -0.00409914
  0.96005513  1.57091817]","[ 0.00000000e+00 -1.69695653e-04 -6.37430062e-02 -1.33313592e-03
 -1.07498797e-01  2.64551545e-05  5.82013384e-05  0.00000000e+00]","[ 0.         -0.34136751 16.44167519  0.93699455 -3.35652256 -0.38185135
 -0.77532625 -0.03505342]"
1747093054.1075728,"[ 0.         -0.2273791   1.09575796  2.97689611 -1.77243011 -0.00409914
  0.96005513  1.57091817]","[ 0.00000000e+00 -1.69567338e-04 -6.56395306e-02 -1.32668205e-03
 -1.04151994e-01  2.64548924e-05  5.82007654e-05  0.00000000e+00]","[ 0.         -0.33595783 16.28085899  0.98582548 -3.35754538 -0.39286441
 -0.75743204 -0.0323617 ]"
1747093054.108778,"[ 0.         -0.2273791   1.09569278  2.97689425 -1.77253344 -0.00409914
  0.96005606  1.57091817]","[ 0.00000000e+00 -1.69567338e-04 -6.61738814e-02 -1.40832406e-03
 -1.04797819e-01  2.64548924e-05  6.61872009e-05  0.00000000e+00]","[ 0.         -0.31871647 16.19442368  0.98651195 -3.37479281 -0.38016289
 -0.76239866 -0.02692761]"
1747093054.1105344,"[ 0.         -0.22737963  1.0955509   2.97689105 -1.77274436 -0.00409914
  0.96005606  1.57091817]","[ 0.00000000e+00 -1.76598643e-04 -7.04659358e-02 -1.44435098e-03
 -1.02217283e-01  2.64548924e-05  6.61372301e-05  0.00000000e+00]","[ 0.         -0.27767867 16.11150551  0.97007924 -3.41505051 -0.36761418
 -0.74777639 -0.03482315]"
1747093054.1122968,"[ 0.         -0.22737963  1.09547787  2.97688919 -1.7728461  -0.00409914
  0.96005606  1.57091817]","[ 0.00000000e+00 -1.78503297e-04 -7.40067084e-02 -1.48866843e-03
 -1.03281989e-01  2.64551545e-05  6.61378843e-05  0.00000000e+00]","[ 0.         -0.23708452 16.12805939  0.97640556 -3.43148112 -0.37374762
 -0.74869651 -0.04370046]"
1747093054.1140726,"[ 0.         -0.22738016  1.09532453  2.97688413 -1.77304956 -0.00409914
  0.96005606  1.57091817]","[ 0.00000000e+00 -1.82153099e-04 -7.82489076e-02 -1.72863472e-03
 -1.03072698e-01  2.64351959e-05  6.61878551e-05  0.00000000e+00]","[ 0.         -0.23554274 16.14549065  0.96735406 -3.4724803  -0.37663227
 -0.75815225 -0.03377051]"
1747093054.1152425,"[ 0.         -0.22738016  1.09516701  2.976878   -1.77325995 -0.00409914
  0.96005606  1.57091817]","[ 0.00000000e+00 -1.80463445e-04 -7.65564687e-02 -2.15365858e-03
 -1.03316602e-01  2.64548924e-05  6.61372301e-05  0.00000000e+00]","[ 0.         -0.16624476 16.24168968  0.96185875 -3.51688457 -0.39415586
 -0.75910562 -0.04120106]"
1747093054.1170967,"[ 0.         -0.22738069  1.09509124  2.97687401 -1.77336222 -0.00409914
  0.96005606  1.57091817]","[ 0.00000000e+00 -1.86102929e-04 -7.66299637e-02 -2.51678996e-03
 -1.03717433e-01  2.64551545e-05  6.61372301e-05  0.00000000e+00]","[ 0.         -0.15285233 16.2168541   0.95046777 -3.58888745 -0.38594365
 -0.75730652 -0.04371885]"
1747093054.118832,"[ 0.         -0.22738069  1.09494337  2.97686469 -1.77356409 -0.00409914
  0.96005606  1.57091817]","[ 0.00000000e+00 -1.84311765e-04 -7.40067084e-02 -3.88277938e-03
 -1.02533050e-01  2.64551545e-05  6.61378843e-05  0.00000000e+00]","[ 0.         -0.14599952 16.21377182  0.94545728 -3.74732947 -0.37771818
 -0.77659881 -0.04996781]"
1747093054.1205769,"[ 0.         -0.22738069  1.09479783  2.97685137 -1.77377607 -0.00409914
  0.96005606  1.57091817]","[ 0.00000000e+00 -1.82367303e-04 -7.01541879e-02 -6.05662909e-03
 -1.03717433e-01  2.64548924e-05  6.61372301e-05  0.00000000e+00]","[ 0.         -0.1089851  16.09383965  0.91558766 -3.87738132 -0.37041748
 -0.78068995 -0.06487853]"
1747093054.12245,"[ 0.         -0.22738069  1.09472892  2.97684285 -1.77387887 -0.00409914
  0.96005606  1.57091817]","[ 0.00000000e+00 -1.82217191e-04 -6.99552497e-02 -7.80222976e-03
 -1.04257622e-01  2.64748795e-05  6.61372301e-05  0.00000000e+00]","[ 0.         -0.09456377 16.0332737   0.89743078 -3.94082046 -0.36527312
 -0.78465712 -0.07365485]"
1747093054.124208,"[ 0.         -0.22738123  1.09459256  2.97682075 -1.77410204 -0.00409914
  0.96005606  1.57091817]","[ 0.00000000e+00 -1.86102929e-04 -6.86047607e-02 -1.12739650e-02
 -1.10338126e-01  2.64551545e-05  6.61378843e-05  0.00000000e+00]","[ 0.         -0.07869555 15.91007137  0.90839195 -3.96133375 -0.36859161
 -0.78017539 -0.04837717]"
1747093054.1259809,"[ 0.         -0.22738123  1.09445987  2.97679278 -1.77432415 -0.00409914
  0.96005706  1.57091817]","[ 0.00000000e+00 -1.84311765e-04 -6.37430062e-02 -1.48553612e-02
 -1.13440942e-01  2.64548924e-05  7.67199429e-05  0.00000000e+00]","[ 0.00000000e+00 -1.36189600e-02  1.58227301e+01  9.14664626e-01
 -3.83439040e+00 -3.74485284e-01 -7.69947469e-01 -6.37397766e-02]"
1747093054.1278074,"[ 0.         -0.22738123  1.09433084  2.9767579  -1.77456171 -0.00409914
  0.96005706  1.57091817]","[ 0.00000000e+00 -1.82369253e-04 -6.31342034e-02 -1.73030237e-02
 -1.15855031e-01  2.64548924e-05  7.67191870e-05  0.00000000e+00]","[ 0.00000000e+00 -1.35922572e-02  1.56869841e+01  9.05196607e-01
 -3.61315489e+00 -3.72236758e-01 -7.63216674e-01 -5.40207513e-02]"
1747093054.1295307,"[ 0.         -0.22738176  1.09421007  2.97672061 -1.77478967 -0.00409914
  0.96005799  1.57091817]","[ 0.00000000e+00 -1.82219125e-04 -6.05018351e-02 -1.86178429e-02
 -1.16141912e-01  2.64548924e-05  8.46564929e-05  0.00000000e+00]","[ 0.          0.02736608 15.54065228  0.95295447 -3.31135988 -0.41987926
 -0.68850154 -0.05122989]"
1747093054.1320248,"[ 0.         -0.22738176  1.09409389  2.97668333 -1.77501817 -0.00409914
  0.96005892  1.57091817]","[ 0.00000000e+00 -1.80463445e-04 -5.86111530e-02 -1.86367264e-02
 -1.16259831e-01  2.64548924e-05  9.52385514e-05  0.00000000e+00]","[ 0.00000000e+00  9.23549384e-03  1.52558937e+01  9.38453436e-01
 -3.04155087e+00 -3.93545449e-01 -6.55233562e-01 -5.40153794e-02]"
1747093054.133718,"[ 0.         -0.22738176  1.09397038  2.97664844 -1.77525732 -0.00409914
  0.96005992  1.57091817]","[ 0.00000000e+00 -1.78456809e-04 -6.15198285e-02 -1.64759457e-02
 -1.16141912e-01  2.64548924e-05  1.05819570e-04  0.00000000e+00]","[ 0.          0.05653446 15.0036335   0.93388832 -2.76888013 -0.39939633
 -0.60616487 -0.07080935]"
1747093054.1354299,"[ 0.         -0.22738176  1.09390833  2.97663326 -1.77537131 -0.00409914
  0.96005992  1.57091817]","[ 0.00000000e+00 -1.78456809e-04 -6.29327103e-02 -1.53955564e-02
 -1.15601723e-01  2.64551545e-05  1.05819570e-04  0.00000000e+00]","[ 0.          0.03815857 14.86633492  0.9240303  -2.68362451 -0.39746091
 -0.59987617 -0.0671833 ]"
1747093054.1365888,"[ 0.         -0.22738176  1.0937793   2.97660716 -1.77560194 -0.00409914
  0.96006085  1.57091817]","[ 0.00000000e+00 -1.76772535e-04 -6.26921145e-02 -1.20255622e-02
 -1.11842729e-01  2.64551545e-05  1.13757160e-04  0.00000000e+00]","[ 0.          0.0368508  14.57097435  0.92140549 -2.57844758 -0.38667029
 -0.57561678 -0.06897179]"
1747093054.1384034,"[ 0.         -0.22738176  1.09371778  2.97659757 -1.77570953 -0.00409914
  0.96006085  1.57091817]","[ 0.00000000e+00 -1.74983126e-04 -6.23925172e-02 -9.72350907e-03
 -1.09008818e-01  2.64548924e-05  1.13757160e-04  0.00000000e+00]","[ 0.          0.07184467 14.5036726   0.90797967 -2.57825875 -0.39553571
 -0.57251489 -0.05974181]"
1747093054.140856,"[ 0.         -0.22738176  1.09358283  2.97658319 -1.77591992 -0.00409914
  0.96006085  1.57091817]","[ 0.00000000e+00 -1.74846701e-04 -6.67044122e-02 -6.51998011e-03
 -1.06958600e-01  2.64548924e-05  1.13756038e-04  0.00000000e+00]","[ 0.          0.07861841 14.31027794  0.91197509 -2.60215163 -0.3871229
 -0.57335001 -0.05536706]"
1747093054.143057,"[ 0.         -0.22738176  1.09336971  2.97657334 -1.77622991 -0.00409914
  0.96006178  1.57091817]","[ 0.00000000e+00 -1.67684920e-04 -7.40067084e-02 -1.62058489e-03
 -1.01016455e-01  2.11641232e-05  1.21692507e-04  0.00000000e+00]","[ 0.          0.10686943 14.19995689  0.86647427 -2.7980144  -0.3877205
 -0.58611733 -0.05948175]"
1747093054.1447237,"[ 0.         -0.22738176  1.09320446  2.97657147 -1.77643284 -0.00409914
  0.96006178  1.57091817]","[ 0.00000000e+00 -1.66022477e-04 -8.30043562e-02 -9.10260138e-04
 -9.82087590e-02  2.11481571e-05  1.21693710e-04  0.00000000e+00]","[ 0.          0.13042575 14.32716656  0.85941231 -3.00975943 -0.39385185
 -0.59523511 -0.08142795]"
1747093054.146456,"[ 0.         -0.22738176  1.09311764  2.97657147 -1.77652818 -0.00409914
  0.96006178  1.57091817]","[ 0.00000000e+00 -1.64392656e-04 -8.79625630e-02 -1.30037163e-04
 -9.66948934e-02  2.11639139e-05  1.21692507e-04  0.00000000e+00]","[ 0.          0.08233142 14.42334747  0.81523651 -3.14271665 -0.37943348
 -0.60707814 -0.0788592 ]"
1747093054.1476142,"[ 0.         -0.22738176  1.09293122  2.97657174 -1.77672579 -0.00409914
  0.96006178  1.57091817]","[ 0.00000000e+00 -1.58969375e-04 -9.21187671e-02  9.00324893e-05
 -9.62950864e-02  2.11639139e-05  1.21692507e-04  0.00000000e+00]","[ 0.          0.13076919 14.80513573  0.79045546 -3.32736707 -0.38598204
 -0.61772799 -0.08060828]"
1747093054.1492908,"[ 0.         -0.22738176  1.09283707  2.97657174 -1.77682007 -0.00409914
  0.96006178  1.57091817]","[ 0.00000000e+00 -1.58969375e-04 -9.55176264e-02  9.00020606e-05
 -9.56145072e-02  2.11641232e-05  1.21691288e-04  0.00000000e+00]","[ 0.          0.11555358 14.9540596   0.80803877 -3.50433207 -0.37759483
 -0.65038383 -0.07336884]"
1747093054.1520169,"[ 0.         -0.22738229  1.09254086  2.97657041 -1.77711941 -0.00409914
  0.96006178  1.57091817]","[ 0.00000000e+00 -1.64268357e-04 -9.72981660e-02 -2.65943796e-04
 -1.00307380e-01  2.11639139e-05  1.21692507e-04  0.00000000e+00]","[ 0.          0.03177904 15.59006023  0.76530707 -3.85712981 -0.3824138
 -0.68970919 -0.0654593 ]"
1747093054.1546476,"[ 0.         -0.22738229  1.09234439  2.97656908 -1.77732394 -0.00409914
  0.96006178  1.57091817]","[ 0.00000000e+00 -1.64392656e-04 -9.96659659e-02 -3.81596362e-04
 -1.04797819e-01  2.11639139e-05  1.13670222e-04  0.00000000e+00]","[ 0.         -0.03224934 15.91156101  0.75322229 -4.09990168 -0.36275801
 -0.74846768 -0.06673758]"
1747093054.1570113,"[ 0.         -0.22738229  1.09204638  2.97656668 -1.7776579  -0.00409914
  0.96006178  1.57091817]","[ 0.00000000e+00 -1.58969375e-04 -9.80504674e-02 -5.05293205e-04
 -1.12246706e-01  2.11639139e-05  1.13756038e-04  0.00000000e+00]","[ 0.         -0.09664788 16.2870636   0.80940616 -4.23791933 -0.37603879
 -0.78914595 -0.0612542 ]"
1747093054.1587088,"[ 0.         -0.22738229  1.09185623  2.97656508 -1.77788586 -0.00409914
  0.96006178  1.57091817]","[ 0.00000000e+00 -1.58729359e-04 -9.55176264e-02 -5.51973360e-04
 -1.16141912e-01  2.11639139e-05  1.03175101e-04  0.00000000e+00]","[ 0.         -0.13381095 16.47171211  0.80123103 -4.20080519 -0.35732734
 -0.79936963 -0.06478008]"
1747093054.1610389,"[ 0.         -0.22738229  1.09167028  2.97656322 -1.77812342 -0.00409914
  0.96006178  1.57091817]","[ 0.00000000e+00 -1.48148869e-04 -9.39939238e-02 -6.00741263e-04
 -1.16356562e-01  2.11639139e-05  1.03175101e-04  0.00000000e+00]","[ 0.         -0.20334223 16.61166382  0.80443728 -4.0977726  -0.35391057
 -0.78579932 -0.08010365]"
1747093054.1628385,"[ 0.         -0.22738282  1.09148705  2.97656135 -1.77835511 -0.00409914
  0.96006178  1.57091817]","[ 0.00000000e+00 -1.48147406e-04 -8.75115816e-02 -6.39749160e-04
 -1.17643185e-01  2.11641232e-05  9.51667059e-05  0.00000000e+00]","[ 0.         -0.20686173 16.66702461  0.85692155 -3.88442063 -0.37414274
 -0.77413803 -0.07505848]"
1747093054.1645913,"[ 0.         -0.22738336  1.09132267  2.97655949 -1.77859799 -0.00409914
  0.96006178  1.57091817]","[ 0.00000000e+00 -1.53438374e-04 -8.29199257e-02 -6.72847844e-04
 -1.17762503e-01  1.05819570e-05  9.52376087e-05  0.00000000e+00]","[ 0.         -0.29695025 16.63356781  0.89025038 -3.63647652 -0.38375434
 -0.75847936 -0.04992203]"
1747093054.1674523,"[ 0.         -0.22738389  1.09115642  2.97655816 -1.77882969 -0.00409914
  0.96006178  1.57091817]","[ 0.00000000e+00 -1.53438374e-04 -7.96787588e-02 -6.70556460e-04
 -1.16682109e-01  1.05819570e-05  9.52376087e-05  0.00000000e+00]","[ 0.         -0.36204731 16.57593536  0.93789697 -3.39945936 -0.38579237
 -0.73918611 -0.05138096]"
1747093054.1690807,"[ 0.         -0.22738442  1.09100216  2.97655656 -1.77906085 -0.00409914
  0.96006178  1.57091817]","[ 0.00000000e+00 -1.53439886e-04 -7.83282698e-02 -7.14622803e-04
 -1.11393137e-01  1.05819570e-05  8.46556558e-05  0.00000000e+00]","[ 0.         -0.45434016 16.50473785  0.95363963 -3.18558788 -0.37012038
 -0.7080583  -0.03837936]"
1747093054.1702533,"[ 0.         -0.22738549  1.0908433   2.97655629 -1.77927763 -0.00409914
  0.96006272  1.57091817]","[ 0.00000000e+00 -1.64020327e-04 -7.69134988e-02 -6.92567525e-04
 -1.10199767e-01  1.05819570e-05  9.52385514e-05  0.00000000e+00]","[ 0.         -0.47517684 16.4135685   0.9821707  -3.03556991 -0.38084313
 -0.67424381 -0.04572114]"
1747093054.171981,"[ 0.         -0.22738549  1.09077026  2.97655576 -1.77938416 -0.00409914
  0.96006272  1.57091817]","[ 0.00000000e+00 -1.58729359e-04 -7.40067084e-02 -7.06917256e-04
 -1.08038994e-01  1.05819570e-05  9.52376087e-05  0.00000000e+00]","[ 0.         -0.47719619 16.39651299  0.99379092 -2.99724412 -0.37823322
 -0.68171847 -0.04940814]"
1747093054.173733,"[ 0.         -0.22738602  1.09062745  2.97655496 -1.77960893 -0.00409914
  0.96006272  1.57091817]","[ 0.00000000e+00 -1.58849285e-04 -6.92120946e-02 -6.86116511e-04
 -1.10739964e-01  1.05739739e-05  9.52385514e-05  0.00000000e+00]","[ 0.         -0.48718429 16.32913399  0.99801588 -2.96219277 -0.37544191
 -0.6753791  -0.05307891]"
1747093054.175481,"[ 0.         -0.22738655  1.09049336  2.9765539  -1.77982784 -0.00409914
  0.96006272  1.57091817]","[ 0.00000000e+00 -1.58729359e-04 -6.75243704e-02 -6.74652240e-04
 -1.10627762e-01  1.05819570e-05  8.46556558e-05  0.00000000e+00]","[ 0.         -0.44592351 16.30439186  1.01418579 -2.95928311 -0.39343286
 -0.66511673 -0.0522327 ]"
1747093054.1772158,"[ 0.         -0.22738655  1.09042865  2.9765539  -1.77993703 -0.00409914
  0.96006272  1.57091817]","[ 0.00000000e+00 -1.58729359e-04 -6.55671883e-02 -6.74652240e-04
 -1.10739964e-01  1.05819570e-05  8.46556558e-05  0.00000000e+00]","[ 0.         -0.44592351 16.22405624  1.01418579 -3.01366758 -0.39743638
 -0.65670246 -0.03580363]"
1747093054.1789927,"[ 0.         -0.22738709  1.09029962  2.97655257 -1.78016287 -0.00409914
  0.96006272  1.57091817]","[ 0.00000000e+00 -1.58730919e-04 -6.26921145e-02 -6.80161395e-04
 -1.09659578e-01  1.05979587e-05  8.46556558e-05  0.00000000e+00]","[ 0.         -0.43308622 16.10872841  0.98306292 -3.16547847 -0.40417808
 -0.66316473 -0.05054613]"
1747093054.1802018,"[ 0.         -0.22738762  1.09017238  2.97655123 -1.7803871  -0.00409914
  0.96006272  1.57091817]","[ 0.00000000e+00 -1.53438374e-04 -6.53635897e-02 -6.80133372e-04
 -1.09836586e-01  1.05979587e-05  8.46564929e-05  0.00000000e+00]","[ 0.         -0.34826645 15.96139717  0.96885651 -3.33029199 -0.41118497
 -0.68220556 -0.06704978]"
1747093054.1819906,"[ 0.         -0.22738762  1.09010813  2.97655017 -1.78049523 -0.00409914
  0.96006272  1.57091817]","[ 0.00000000e+00 -1.53438374e-04 -6.50934910e-02 -6.95755191e-04
 -1.09659578e-01  1.06060839e-05  8.46564929e-05  0.00000000e+00]","[ 0.         -0.33265924 15.90670586  0.94055068 -3.44051743 -0.39929873
 -0.69711703 -0.06135534]"
1747093054.183751,"[ 0.         -0.22738762  1.08997817  2.97654831 -1.78071148 -0.00409914
  0.96006272  1.57091817]","[ 0.00000000e+00 -1.53554302e-04 -6.23293004e-02 -6.93695792e-04
 -1.10199767e-01  1.05979587e-05  8.48478263e-05  0.00000000e+00]","[ 0.         -0.25729904 15.84003258  0.90044177 -3.61783504 -0.39928344
 -0.66967845 -0.07280891]"
1747093054.1854818,"[ 0.         -0.22738815  1.08991619  2.97654751 -1.7808196  -0.00409914
  0.96006272  1.57091817]","[ 0.00000000e+00 -1.53438374e-04 -6.29327103e-02 -6.95782759e-04
 -1.09659578e-01  1.05979587e-05  8.46556558e-05  0.00000000e+00]","[ 0.         -0.20989928 15.73495007  0.90708542 -3.7301507  -0.38373092
 -0.66121525 -0.0697628 ]"
1747093054.1866715,"[ 0.         -0.22738815  1.08978483  2.97654511 -1.78104224 -0.00409914
  0.96006371  1.57091817]","[ 0.00000000e+00 -1.48147406e-04 -6.49490312e-02 -7.21177781e-04
 -1.08579183e-01  0.00000000e+00  9.54538036e-05  0.00000000e+00]","[ 0.         -0.18475412 15.68449593  0.84510565 -3.8621583  -0.36576107
 -0.6763944  -0.0684514 ]"
1747093054.1884236,"[ 0.         -0.22738868  1.08965766  2.97654245 -1.78127873 -0.00409914
  0.96006371  1.57091817]","[ 0.00000000e+00 -1.48147406e-04 -6.38077210e-02 -7.36633738e-04
 -1.06614186e-01  0.00000000e+00  9.53816248e-05  0.00000000e+00]","[ 0.         -0.12078197 15.57731247  0.82511979 -3.95713449 -0.35873941
 -0.70784491 -0.08025681]"
1747093054.1901746,"[ 0.         -0.22738868  1.08959521  2.97654058 -1.78138259 -0.00409914
  0.96006371  1.57091817]","[ 0.00000000e+00 -1.42856421e-04 -6.31387724e-02 -7.73704798e-04
 -1.05231290e-01  0.00000000e+00  9.54538036e-05  0.00000000e+00]","[ 0.         -0.12201543 15.53757191  0.80809194 -4.01195431 -0.34534132
 -0.71875036 -0.08107344]"
1747093054.1919577,"[ 0.         -0.22738868  1.08946065  2.97653659 -1.78158872 -0.00409914
  0.96006371  1.57091817]","[ 0.00000000e+00 -1.32274460e-04 -6.61068321e-02 -9.80320976e-04
 -1.04151994e-01  0.00000000e+00  9.54538036e-05  0.00000000e+00]","[ 0.         -0.09412704 15.42294025  0.74105155 -4.1054821  -0.36483982
 -0.69163531 -0.07432554]"
1747093054.1937635,"[ 0.         -0.22738868  1.08932563  2.97653153 -1.78180444 -0.00409914
  0.96006371  1.57091817]","[ 0.00000000e+00 -1.32275769e-04 -6.86047607e-02 -1.46108586e-03
 -1.06418402e-01  0.00000000e+00  9.54528527e-05  0.00000000e+00]","[ 0.         -0.0377683  15.31592941  0.70233631 -4.12889671 -0.37615222
 -0.67618215 -0.076754  ]"
1747093054.1957612,"[ 0.         -0.22738868  1.08925952  2.97652833 -1.78191097 -0.00409914
  0.96006371  1.57091817]","[ 0.00000000e+00 -1.27079427e-04 -6.69841731e-02 -1.80333222e-03
 -1.08038994e-01  0.00000000e+00  9.54547545e-05  0.00000000e+00]","[ 0.00000000e+00 -1.37366531e-02  1.52559814e+01  6.84118092e-01
 -4.11475039e+00 -3.76825929e-01 -6.73493683e-01 -7.57429674e-02]"
1747093054.1981,"[ 0.         -0.22738868  1.08905332  2.97651661 -1.78224652 -0.00409914
  0.96006371  1.57091817]","[ 0.00000000e+00 -1.21693710e-04 -6.94150525e-02 -3.33283973e-03
 -1.12360547e-01  0.00000000e+00  8.47836692e-05  0.00000000e+00]","[ 0.00000000e+00  3.39209428e-03  1.51210966e+01  6.32187366e-01
 -3.85590768e+00 -3.96350056e-01 -6.33439004e-01 -6.20860197e-02]"
1747093054.1999316,"[ 0.         -0.22738868  1.08890685  2.97650623 -1.78246597 -0.00409807
  0.96006465  1.57091817]","[ 0.00000000e+00 -1.16490622e-04 -7.22213169e-02 -4.57109755e-03
 -1.10739964e-01  1.05980643e-05  9.54538036e-05  0.00000000e+00]","[ 0.00000000e+00 -7.99869839e-03  1.49643936e+01  6.24481618e-01
 -3.62061381e+00 -3.54078650e-01 -6.44519448e-01 -4.50784191e-02]"
1747093054.2016625,"[ 0.         -0.22738868  1.08875811  2.97649158 -1.78269074 -0.00409807
  0.96006558  1.57091817]","[ 0.00000000e+00 -1.05819570e-04 -7.67076863e-02 -6.58112306e-03
 -1.09548466e-01  1.05979587e-05  1.03330098e-04  0.00000000e+00]","[ 0.         -0.0226364  14.88821316  0.65437824 -3.31532025 -0.36592728
 -0.57747775 -0.05582917]"
1747093054.2034314,"[ 0.         -0.22738868  1.08858867  2.97647001 -1.78290539 -0.00409807
  0.96006558  1.57091817]","[ 0.00000000e+00 -1.05899518e-04 -8.37566660e-02 -1.10739970e-02
 -1.09119380e-01  1.05979587e-05  1.03408291e-04  0.00000000e+00]","[ 0.00000000e+00 -8.70807469e-03  1.47434340e+01  7.05546856e-01
 -3.10949707e+00 -3.39875579e-01 -5.32319367e-01 -5.58288284e-02]"
1747093054.205191,"[ 0.         -0.22738868  1.08850464  2.97645669 -1.78290539 -0.00409807
  0.96006658  1.57091817]","[ 0.00000000e+00 -1.00529585e-04 -8.53508009e-02 -1.35048743e-02
 -1.09119380e-01  1.05979587e-05  1.13928053e-04  0.00000000e+00]","[ 0.         -0.03649458 14.74671268  0.6991443  -3.10949707 -0.34655815
 -0.4979834  -0.06807366]"
1747093054.2070036,"[ 0.         -0.22738868  1.08833427  2.97642447 -1.78312377 -0.00409807
  0.96006658  1.57091817]","[ 0.00000000e+00 -9.52376087e-05 -8.69713844e-02 -1.72862385e-02
 -1.05338016e-01  1.05980643e-05  1.14013130e-04  0.00000000e+00]","[ 0.         -0.02635138 14.76301098  0.73948938 -2.91305089 -0.3485243
 -0.48730475 -0.07057641]"
1747093054.208199,"[ 0.         -0.22738868  1.08824059  2.9764037  -1.78322497 -0.00409807
  0.96006658  1.57091817]","[ 0.00000000e+00 -9.52376087e-05 -8.81874586e-02 -1.95415395e-02
 -1.02637038e-01  1.05980643e-05  1.14014268e-04  0.00000000e+00]","[ 0.         -0.03540905 14.78734589  0.74609673 -2.88000154 -0.35492557
 -0.50152314 -0.08090065]"
1747093054.2099662,"[ 0.         -0.22738868  1.08806795  2.97635789 -1.7834279  -0.00409807
  0.96006658  1.57091817]","[ 0.00000000e+00 -9.52376087e-05 -8.74229150e-02 -2.45788713e-02
 -9.72981660e-02  1.05979587e-05  1.06059781e-04  0.00000000e+00]","[ 0.         -0.04589016 14.85834789  0.79765385 -2.88798261 -0.3657603
 -0.53135753 -0.08806738]"
1747093054.2117171,"[ 0.         -0.22738868  1.08789158  2.9763001  -1.78361219 -0.00409807
  0.96006658  1.57091817]","[ 0.00000000e+00 -8.99475262e-05 -9.02125596e-02 -2.93399105e-02
 -9.23733403e-02  1.05979587e-05  1.06059781e-04  0.00000000e+00]","[ 0.         -0.04538902 14.97185421  0.86702746 -2.97604609 -0.37292284
 -0.53817672 -0.08143358]"
1747093054.2128975,"[ 0.         -0.22738868  1.08779378  2.97626974 -1.78370221 -0.00409807
  0.96006658  1.57091817]","[ 0.00000000e+00 -8.99466322e-05 -9.20320229e-02 -3.07911127e-02
 -9.12929458e-02  1.05979587e-05  1.05978532e-04  0.00000000e+00]","[ 0.         -0.03528847 15.05461788  0.90733391 -3.04875922 -0.35655573
 -0.55159611 -0.07393453]"
1747093054.2146435,"[ 0.         -0.22738868  1.08760969  2.97620396 -1.78388384 -0.00409807
  0.96006658  1.57091817]","[ 0.00000000e+00 -8.47196178e-05 -9.44383304e-02 -3.28506684e-02
 -8.79625630e-02  1.05979587e-05  1.06059781e-04  0.00000000e+00]","[ 0.         -0.01998946 15.25090218  0.97545427 -3.2414577  -0.36829576
 -0.58289152 -0.07379042]"
1747093054.2164161,"[ 0.         -0.22738868  1.08751508  2.9761704  -1.78397012 -0.00409807
  0.96006658  1.57091817]","[ 0.00000000e+00 -8.46556558e-05 -9.58846017e-02 -3.40322817e-02
 -8.75115816e-02  1.05979587e-05  1.06059781e-04  0.00000000e+00]","[ 0.          0.02479111 15.48811531  1.04440069 -3.33754325 -0.37619394
 -0.58895689 -0.08712132]"
1747093054.2180667,"[ 0.         -0.22738868  1.08731901  2.9760985  -1.78415175 -0.00409807
  0.96006658  1.57091817]","[ 0.00000000e+00 -7.93654595e-05 -9.55427850e-02 -3.75055099e-02
 -8.92735706e-02  1.06059783e-05  1.06059781e-04  0.00000000e+00]","[ 0.          0.08260278 15.84014988  1.12034488 -3.54287291 -0.37139031
 -0.6316154  -0.09347542]"
1747093054.2198467,"[ 0.         -0.22738868  1.08713072  2.97601248 -1.78432539 -0.00409807
  0.96006658  1.57091817]","[ 0.00000000e+00 -7.94246427e-05 -9.56145072e-02 -4.34416335e-02
 -8.85919761e-02  1.05979587e-05  1.06059781e-04  0.00000000e+00]","[ 0.          0.07273016 16.26666069  1.2092284  -3.70810914 -0.42292646
 -0.65788859 -0.09602071]"
1747093054.2210412,"[ 0.         -0.22738868  1.08703937  2.9759672  -1.7844138  -0.00409807
  0.96006658  1.57091723]","[ 0.00000000e+00 -7.93646793e-05 -9.25495667e-02 -4.59165715e-02
 -8.96723623e-02  1.05979587e-05  1.05979589e-04 -1.06059783e-05]","[ 0.          0.12113361 16.44118309  1.22622263 -3.77069736 -0.4125149
 -0.68042219 -0.0783297 ]"
1747093054.2227767,"[ 0.         -0.22738868  1.08685888  2.975866   -1.78460023 -0.00409807
  0.96006658  1.57091723]","[ 0.00000000e+00 -7.94254229e-05 -8.67658882e-02 -4.99029242e-02
 -9.12797215e-02  1.05979587e-05  1.06059781e-04 -1.05979587e-05]","[ 0.          0.09411877 16.70453835  1.3164624  -3.98618793 -0.44494984
 -0.69892019 -0.07748877]"
1747093054.2245429,"[ 0.         -0.22738868  1.08669223  2.97576773 -1.78478611 -0.00409914
  0.96006658  1.57091723]","[ 0.00000000e+00 -7.40744343e-05 -8.37302174e-02 -4.99680343e-02
 -9.56145072e-02  0.00000000e+00  1.05979589e-04 -1.06058726e-05]","[ 0.          0.12555619 16.87420464  1.41355193 -4.14589643 -0.42771977
 -0.71775097 -0.08706938]"
1747093054.226285,"[ 0.         -0.22738868  1.08661187  2.9757182  -1.78488305 -0.00409914
  0.96006658  1.57091723]","[ 0.00000000e+00 -7.40737029e-05 -8.15694367e-02 -5.01872291e-02
 -9.83154852e-02  0.00000000e+00  9.54528527e-05 -1.05979587e-05]","[ 0.          0.16239774 16.93467712  1.46892607 -4.22863054 -0.42899448
 -0.73025608 -0.09570489]"
1747093054.2280095,"[ 0.         -0.22738868  1.08644882  2.97561087 -1.78508971 -0.00409914
  0.96006658  1.57091723]","[ 0.00000000e+00 -7.40737029e-05 -7.96787588e-02 -5.34792999e-02
 -1.01993402e-01  0.00000000e+00  9.54538036e-05 -1.06059783e-05]","[ 0.          0.22109254 16.95704079  1.52333963 -4.33914185 -0.44687828
 -0.74463606 -0.06677611]"
1747093054.2297401,"[ 0.         -0.22738868  1.08629682  2.97550328 -1.78529584 -0.00409914
  0.96006658  1.57091723]","[ 0.00000000e+00 -7.40744343e-05 -7.56272918e-02 -5.45596902e-02
 -1.05338016e-01  0.00000000e+00  8.48478263e-05 -1.05979587e-05]","[ 0.          0.28413078 16.97991753  1.54399526 -4.29788828 -0.46181598
 -0.74662107 -0.07138472]"
1747093054.2323887,"[ 0.         -0.22738868  1.08615447  2.97539489 -1.78551316 -0.00409914
  0.96006658  1.57091723]","[ 0.00000000e+00 -6.88353671e-05 -6.69841731e-02 -5.24106066e-02
 -1.06418402e-01  0.00000000e+00  7.68925753e-05 -1.06060839e-05]","[ 0.          0.35513785 16.85726738  1.58696854 -4.14607096 -0.4484975
 -0.73427463 -0.09509064]"
1747093054.2340186,"[ 0.         -0.22738868  1.08602777  2.97529476 -1.78572834 -0.00409914
  0.96006751  1.57091723]","[ 0.00000000e+00 -6.87827183e-05 -6.37430062e-02 -5.05082274e-02
 -1.04319682e-01  0.00000000e+00  7.42418490e-05 -1.05979587e-05]","[ 0.          0.36099949 16.72614479  1.57446039 -3.98485661 -0.47555289
 -0.68879437 -0.09505878]"
1747093054.235749,"[ 0.         -0.22738815  1.08590833  2.97519142 -1.78592808 -0.00409914
  0.96006751  1.57091723]","[ 0.00000000e+00 -6.35397134e-05 -5.59101792e-02 -4.99029242e-02
 -1.01556652e-01  0.00000000e+00  7.42418490e-05 -1.06059783e-05]","[ 0.          0.39610144 16.44142914  1.5621357  -3.82404804 -0.45785114
 -0.6654827  -0.08704071]"
1747093054.2369494,"[ 0.         -0.22738815  1.08585646  2.97514455 -1.78602608 -0.00409914
  0.96006751  1.57091723]","[ 0.00000000e+00 -6.34923676e-05 -5.26690081e-02 -4.75371550e-02
 -9.93958714e-02  0.00000000e+00  6.62372408e-05 -1.06059783e-05]","[ 0.          0.4151949  16.30122948  1.58151233 -3.76069641 -0.4785476
 -0.63199729 -0.09395105]"
1747093054.238699,"[ 0.         -0.22738815  1.08575913  2.97505507 -1.78622742 -0.00409914
  0.96006751  1.57091723]","[ 0.00000000e+00 -6.34917418e-05 -4.88876440e-02 -4.24198160e-02
 -9.83012373e-02  0.00000000e+00  6.62867037e-05 -1.05979587e-05]","[ 0.          0.50275046 16.00514412  1.58231282 -3.58539176 -0.47687092
 -0.62324905 -0.08754566]"
1747093054.2398913,"[ 0.         -0.22738815  1.08570773  2.97501512 -1.78632489 -0.00409914
  0.96006751  1.57091723]","[ 0.00000000e+00 -6.35397134e-05 -4.83983131e-02 -4.04735738e-02
 -9.87555143e-02  0.00000000e+00  6.62873661e-05 -1.06059783e-05]","[ 0.          0.497013   15.83456326  1.53937197 -3.52202249 -0.47417766
 -0.61568528 -0.07415834]"
1747093054.2416542,"[ 0.         -0.22738762  1.08561312  2.97494029 -1.78652303 -0.00409914
  0.96006844  1.57091723]","[ 0.00000000e+00 -5.82013384e-05 -4.69969619e-02 -3.72734528e-02
 -9.58838444e-02  0.00000000e+00  6.62873661e-05 -1.06059783e-05]","[ 0.          0.52603865 15.59190273  1.45961022 -3.37394667 -0.44289908
 -0.56523985 -0.0741374 ]"
1747093054.2433152,"[ 0.         -0.22738762  1.08556858  2.97490141 -1.78661677 -0.00409914
  0.96006844  1.57091723]","[ 0.00000000e+00 -5.82007654e-05 -4.51062798e-02 -3.66121941e-02
 -9.49779784e-02  0.00000000e+00  6.62873661e-05 -1.05978530e-05]","[ 0.          0.54118824 15.49735928  1.44876826 -3.32018328 -0.42771116
 -0.55428362 -0.0708174 ]"
1747093054.2450826,"[ 0.         -0.22738762  1.08548269  2.97483163 -1.78679893 -0.00409914
  0.96006844  1.57091723]","[ 0.00000000e+00 -5.82007654e-05 -4.15528656e-02 -3.48425735e-02
 -9.12929458e-02  0.00000000e+00  6.62365825e-05 -1.06059783e-05]","[ 0.          0.59220976 15.2465744   1.38445115 -3.24871349 -0.42601663
 -0.52986425 -0.08900528]"
1747093054.2462304,"[ 0.         -0.22738762  1.08544088  2.97479887 -1.78689374 -0.00409914
  0.96006844  1.57091723]","[ 0.00000000e+00 -5.82007654e-05 -4.24053018e-02 -3.32219900e-02
 -8.91895895e-02  0.00000000e+00  6.62873661e-05 -1.05979587e-05]","[ 0.          0.60517901 15.09912586  1.35251403 -3.23505354 -0.42439905
 -0.51471347 -0.07641806]"
1747093054.2479985,"[ 0.         -0.22738709  1.08535552  2.97473656 -1.78706951 -0.00409914
  0.96006937  1.57091723]","[ 0.00000000e+00 -5.29097849e-05 -4.42959881e-02 -2.93399105e-02
 -8.96723623e-02  0.00000000e+00  7.42418490e-05 -1.06059783e-05]","[ 0.          0.5897699  14.89011765  1.27454507 -3.26612067 -0.4349626
 -0.52129745 -0.06847194]"
1747093054.2491746,"[ 0.         -0.22738709  1.08525585  2.97468462 -1.78724687 -0.00409914
  0.96006937  1.57091723]","[ 0.00000000e+00 -5.29103091e-05 -5.13185192e-02 -2.51190644e-02
 -9.12929458e-02  0.00000000e+00  7.42425886e-05 -1.06059783e-05]","[ 0.          0.60215086 14.63750076  1.22562492 -3.34519243 -0.40086934
 -0.51856744 -0.05780312]"
1747093054.2509227,"[ 0.         -0.22738709  1.08520352  2.97466172 -1.78734541 -0.00409914
  0.96006937  1.57091723]","[ 0.00000000e+00 -5.29103091e-05 -5.29391068e-02 -2.32283823e-02
 -9.27843326e-02  0.00000000e+00  7.42425886e-05 -1.05979587e-05]","[ 0.          0.59087873 14.57796288  1.17409348 -3.41766715 -0.39789975
 -0.50955349 -0.06132806]"
1747093054.2526715,"[ 0.         -0.22738709  1.08515113  2.97463908 -1.78743916 -0.00409914
  0.96006937  1.57091723]","[ 0.00000000e+00 -5.29097849e-05 -5.31552930e-02 -2.12952665e-02
 -9.50743100e-02  0.00000000e+00  7.42418490e-05 -1.05979587e-05]","[ 0.          0.59871429 14.55026817  1.17692459 -3.48533559 -0.40770549
 -0.51151323 -0.06579492]"
1747093054.2539349,"[ 0.         -0.22738709  1.08503082  2.97459967 -1.78763037 -0.00409914
  0.96006937  1.57091723]","[ 0.00000000e+00 -4.76188043e-05 -6.06859677e-02 -1.94470181e-02
 -9.72350907e-02  0.00000000e+00  7.42418490e-05 -1.06059783e-05]","[ 0.          0.59539759 14.44340801  1.14105296 -3.61983752 -0.37380752
 -0.54242456 -0.07939174]"
1747093054.255676,"[ 0.         -0.22738709  1.08489813  2.97456052 -1.78783384 -0.00409914
  0.96006937  1.57091723]","[ 0.00000000e+00 -4.77269018e-05 -6.94150525e-02 -1.90584026e-02
 -9.93958714e-02  0.00000000e+00  7.42418490e-05 -1.05979587e-05]","[ 0.          0.54743838 14.49382305  1.07002187 -3.7063508  -0.3589038
 -0.52477723 -0.06659339]"
1747093054.2578669,"[ 0.         -0.22738709  1.08482103  2.97454188 -1.78793184 -0.00409914
  0.96006937  1.57091723]","[ 0.00000000e+00 -4.76903370e-05 -7.27228567e-02 -1.89068230e-02
 -9.93958714e-02  0.00000000e+00  7.42418490e-05 -1.06059783e-05]","[ 0.          0.56745952 14.48281288  1.03141654 -3.74140763 -0.35385641
 -0.52430469 -0.060637  ]"
1747093054.2586138,"[ 0.         -0.22738709  1.08467588  2.97450513 -1.78813903 -0.00409914
  0.96006937  1.57091723]","[ 0.00000000e+00 -4.76908124e-05 -7.40067084e-02 -1.86178429e-02
 -1.02313531e-01  0.00000000e+00  7.42411095e-05 -1.06059783e-05]","[ 0.          0.47946733 14.54315758  0.99189836 -3.87530994 -0.33440226
 -0.5137623  -0.07173567]"
1747093054.2597575,"[ 0.         -0.22738709  1.08459919  2.97448569 -1.78824023 -0.00409914
  0.96006937  1.57091723]","[ 0.00000000e+00 -4.76908124e-05 -7.77880725e-02 -1.83060970e-02
 -1.02533050e-01  0.00000000e+00  7.42418490e-05 -1.06059783e-05]","[ 0.          0.44684899 14.58089066  1.0297662  -3.95684004 -0.34217051
 -0.53268409 -0.09314409]"
1747093054.2615216,"[ 0.         -0.22738709  1.08442974  2.97445373 -1.78844636 -0.00409914
  0.96006937  1.57091723]","[ 0.00000000e+00 -4.76908124e-05 -8.37302174e-02 -1.56656540e-02
 -1.05338016e-01  0.00000000e+00  7.40737029e-05 -1.06059783e-05]","[ 0.          0.36253965 14.6522131   1.01936245 -4.10590363 -0.34182978
 -0.58381355 -0.08124804]"
1747093054.2631805,"[ 0.         -0.22738709  1.08434525  2.97443882 -1.78855236 -0.00409914
  0.96006937  1.57091723]","[ 0.00000000e+00 -4.76912879e-05 -8.56209037e-02 -1.51254588e-02
 -1.07498797e-01  0.00000000e+00  7.41296676e-05 -1.05820616e-05]","[ 0.          0.3328332  14.70279789  0.99737674 -4.16651344 -0.32336739
 -0.58939254 -0.07586227]"
1747093054.2650306,"[ 0.         -0.22738709  1.08416436  2.97441405 -1.78877606 -0.00409914
  0.96006937  1.57091723]","[ 0.00000000e+00 -3.70928568e-05 -9.34537265e-02 -1.12845802e-02
 -1.09659578e-01  0.00000000e+00  7.41303991e-05 -1.05898466e-05]","[ 0.          0.27707162 14.82577229  0.9716422  -4.24153137 -0.32519928
 -0.59385073 -0.07030114]"
1747093054.2667923,"[ 0.         -0.22738762  1.08396555  2.974397   -1.78899551 -0.00409914
  0.96006937  1.57091723]","[ 0.00000000e+00 -4.23918346e-05 -9.72350907e-02 -7.56272939e-03
 -1.11280161e-01  0.00000000e+00  7.40737029e-05 -1.05819570e-05]","[ 0.          0.1779567  14.96751881  0.95865804 -4.24075031 -0.33412218
 -0.59064507 -0.06945833]"
1747093054.267872,"[ 0.         -0.22738762  1.08386908  2.97439168 -1.78911322 -0.00409914
  0.96006937  1.57091723]","[ 0.00000000e+00 -3.70928568e-05 -9.77752879e-02 -5.40194971e-03
 -1.10839658e-01  0.00000000e+00  7.41296676e-05 -1.05819570e-05]","[ 0.          0.13737696 15.08377075  0.97149551 -4.22051287 -0.3329373
 -0.58729261 -0.07603252]"
1747093054.2695446,"[ 0.         -0.22738762  1.08366708  2.97438662 -1.78933213 -0.00409914
  0.96006937  1.57091723]","[ 0.00000000e+00 -3.17935580e-05 -9.79582305e-02 -1.35048743e-03
 -1.11280161e-01  0.00000000e+00  6.61365717e-05 -1.05899522e-05]","[ 0.00000000e+00  1.02425739e-02  1.52567520e+01  9.47515547e-01
 -4.15556812e+00 -3.51127803e-01 -6.22359753e-01 -6.75843135e-02]"
1747093054.271235,"[ 0.         -0.22738762  1.08357107  2.97438662 -1.78945037 -0.00409914
  0.96006937  1.57091723]","[ 0.00000000e+00 -2.64948971e-05 -9.72350907e-02  0.00000000e+00
 -1.11341198e-01  0.00000000e+00  6.61365717e-05 -1.05820616e-05]","[ 0.         -0.05458945 15.32908916  0.93936378 -4.13084698 -0.35638645
 -0.62266868 -0.07011189]"
1747093054.272966,"[ 0.         -0.22738815  1.0833718   2.97438928 -1.78967355 -0.00409914
  0.96006937  1.57091723]","[ 0.00000000e+00 -2.64948971e-05 -9.72981660e-02  8.77483036e-04
 -1.13981131e-01  0.00000000e+00  6.61872009e-05 -1.05899522e-05]","[ 0.         -0.2409956  15.48577881  0.93022442 -4.12387848 -0.34436762
 -0.62745392 -0.05661837]"
1747093054.2746086,"[ 0.         -0.22738868  1.08318305  2.97438928 -1.78989938 -0.00409914
  0.96006937  1.57091723]","[ 0.00000000e+00 -2.64951613e-05 -9.45341127e-02  6.62477901e-04
 -1.15061525e-01  0.00000000e+00  6.61372301e-05 -1.05819570e-05]","[ 0.         -0.32625738 15.59513569  0.93215072 -4.0494647  -0.33351061
 -0.63290203 -0.06138754]"
1747093054.27634,"[ 0.         -0.22738868  1.08309077  2.97438848 -1.79002349 -0.00409914
  0.96006937  1.57091723]","[ 0.00000000e+00 -2.64948971e-05 -9.34537265e-02  1.32462624e-04
 -1.16858102e-01  0.00000000e+00  6.61878551e-05 -1.05820616e-05]","[ 0.         -0.38321814 15.62955189  0.954045   -3.99238181 -0.33297873
 -0.63178182 -0.06612653]"
1747093054.2780552,"[ 0.         -0.22738815  1.08288784  2.97438688 -1.79025092 -0.00409914
  0.96006937  1.57091723]","[ 0.00000000e+00 -1.58969375e-05 -9.12582331e-02 -4.78698850e-04
 -1.14405297e-01  0.00000000e+00  6.61878551e-05 -1.05899522e-05]","[ 0.         -0.49086541 15.69975662  0.93237478 -3.90786719 -0.33308306
 -0.61391312 -0.07414594]"
1747093054.2797751,"[ 0.         -0.22738868  1.082711    2.97438688 -1.79048581 -0.00409914
  0.96006937  1.57091723]","[ 0.00000000e+00 -1.05899522e-05 -8.96301096e-02 -4.88816489e-04
 -1.14521328e-01  0.00000000e+00  6.61872009e-05 -1.05819570e-05]","[ 0.         -0.53808701 15.76100254  0.93785715 -3.84762764 -0.32568231
 -0.60979313 -0.06103533]"
1747093054.2814314,"[ 0.         -0.22738868  1.08261553  2.97438742 -1.79059766 -0.00409914
  0.96006937  1.57091723]","[ 0.00000000e+00 -1.05980643e-05 -8.97751104e-02 -3.39737042e-04
 -1.13440942e-01  0.00000000e+00  6.61872009e-05 -1.05819570e-05]","[ 0.         -0.60669953 15.78942585  0.90345383 -3.81235027 -0.32810175
 -0.6219734  -0.06400549]"
1747093054.2825897,"[ 0.         -0.22738868  1.08244149  2.97438742 -1.79082883 -0.00409914
  0.96006937  1.57091723]","[ 0.00000000e+00 -1.05979587e-05 -8.75115816e-02 -1.50994244e-04
 -1.17222306e-01  0.00000000e+00  6.61372301e-05 -1.05819570e-05]","[ 0.         -0.6947391  15.84925652  0.92116481 -3.76874566 -0.3536402
 -0.6268577  -0.06358834]"
1747093054.2842946,"[ 0.         -0.22738868  1.08227891  2.97438688 -1.79106851 -0.00409914
  0.96006937  1.57091723]","[ 0.00000000e+00 -5.29897933e-06 -8.97300114e-02  0.00000000e+00
 -1.17103537e-01  0.00000000e+00  6.61372301e-05 -1.05819570e-05]","[ 0.         -0.76327848 15.91238689  0.90060085 -3.75422454 -0.34442082
 -0.64225757 -0.06208266]"
1747093054.2859883,"[ 0.         -0.22738922  1.08216918  2.97438688 -1.79118409 -0.00409914
  0.96006937  1.57091723]","[ 0.00000000e+00 -1.05979587e-05 -9.03807549e-02  0.00000000e+00
 -1.17222306e-01  0.00000000e+00  6.61872009e-05 -1.05899522e-05]","[ 0.         -0.79266083 15.90792847  0.88990086 -3.78391337 -0.34067371
 -0.63184476 -0.07452071]"
1747093054.2877185,"[ 0.         -0.22738922  1.08198915  2.97438688 -1.79142111 -0.00409914
  0.96007037  1.57091723]","[ 0.00000000e+00 -5.29497611e-06 -9.23733403e-02  0.00000000e+00
 -1.15601723e-01  0.00000000e+00  6.61372301e-05 -1.05819570e-05]","[ 0.         -0.80549175 15.96347046  0.8695364  -3.83034968 -0.33261511
 -0.62212276 -0.06267404]"
1747093054.2900913,"[ 0.         -0.22738922  1.08179634  2.97438688 -1.79165174 -0.00409914
  0.96007037  1.57091723]","[ 0.00000000e+00 -5.29897933e-06 -9.39939238e-02  0.00000000e+00
 -1.17222306e-01  0.00000000e+00  6.61872009e-05 -1.05820616e-05]","[ 0.         -0.8300032  16.02649117  0.87257975 -3.90388489 -0.31985682
 -0.62129694 -0.07697546]"
1747093054.2917707,"[ 0.         -0.22738975  1.08161538  2.97438662 -1.79189249 -0.00409914
  0.96007037  1.57091723]","[ 0.00000000e+00 -1.06059783e-05 -9.12004509e-02 -1.89764938e-05
 -1.18362713e-01  0.00000000e+00  6.61372301e-05 -1.05820616e-05]","[ 0.         -0.86023045 16.13453865  0.8562265  -4.0297184  -0.31767139
 -0.65266448 -0.07194784]"
1747093054.2940533,"[ 0.         -0.22738975  1.08143169  2.97438662 -1.79212632 -0.00409914
  0.96007037  1.57091723]","[ 0.00000000e+00 -1.05979587e-05 -8.91321651e-02 -1.76415018e-05
 -1.18842890e-01  0.00000000e+00  6.61872009e-05 -1.05819570e-05]","[ 0.         -0.84868944 16.13894272  0.84530753 -4.17169523 -0.31865007
 -0.68653244 -0.05835018]"
1747093054.2969847,"[ 0.         -0.22739028  1.08126504  2.97438662 -1.79237399 -0.00409914
  0.96007037  1.57091723]","[ 0.00000000e+00 -1.58969375e-05 -8.31900202e-02 -5.31887593e-05
 -1.21371935e-01  0.00000000e+00  6.61372301e-05 -1.05820616e-05]","[ 0.         -0.84948564 16.11975479  0.82756054 -4.32336044 -0.31275293
 -0.68576175 -0.05952292]"
1747093054.2991824,"[ 0.         -0.22739028  1.08109746  2.97438662 -1.79274044 -0.00409914
  0.96007037  1.57091723]","[ 0.00000000e+00 -1.58969375e-05 -8.07474437e-02 -4.68097212e-05
 -1.25865421e-01  0.00000000e+00  6.61872009e-05 -1.05819570e-05]","[ 0.         -0.85464025 16.03754234  0.75208825 -4.44343901 -0.30745405
 -0.69865489 -0.05359155]"
1747093054.3014476,"[ 0.         -0.22739081  1.08094819  2.97438608 -1.79300516 -0.00409914
  0.96007037  1.57091723]","[ 0.00000000e+00 -2.11959173e-05 -7.40067084e-02 -7.34462573e-05
 -1.30399602e-01 -1.05819570e-05  5.82007654e-05 -1.05820616e-05]","[ 0.         -0.86027199 15.93582439  0.76207411 -4.44652224 -0.30442661
 -0.70872247 -0.06418478]"
1747093054.30316,"[ 0.         -0.22739081  1.08080125  2.97438555 -1.79326775 -0.00409914
  0.96007037  1.57091723]","[ 0.00000000e+00 -2.11959173e-05 -7.12182455e-02 -7.37513407e-05
 -1.33832608e-01 -1.05820616e-05  4.76547840e-05 -1.05820616e-05]","[ 0.         -0.8195833  15.8000288   0.73169059 -4.31186247 -0.31024668
 -0.67588401 -0.06782603]"
1747093054.3049085,"[ 0.         -0.22739135  1.08066303  2.97438475 -1.79354365 -0.00409914
  0.96007037  1.57091723]","[ 0.00000000e+00 -2.64948971e-05 -6.88748552e-02 -1.06382826e-04
 -1.34285454e-01 -1.05820616e-05  4.76188043e-05 -1.05819570e-05]","[ 0.         -0.85045946 15.61016655  0.67090136 -4.12371206 -0.27978453
 -0.6701889  -0.04960808]"
1747093054.3066332,"[ 0.         -0.22739188  1.08053081  2.97438422 -1.79380677 -0.00409914
  0.96007037  1.57091723]","[ 0.00000000e+00 -3.17938749e-05 -6.64439800e-02 -1.26276008e-04
 -1.32887960e-01 -1.05739739e-05  3.70648338e-05 -1.05819570e-05]","[ 0.         -0.82152712 15.38276768  0.6712454  -3.85367799 -0.3044607
 -0.63828784 -0.06158724]"
1747093054.3083959,"[ 0.         -0.22739188  1.08045963  2.97438422 -1.79393727 -0.00409914
  0.96007037  1.57091723]","[ 0.00000000e+00 -3.18179359e-05 -6.69551780e-02 -1.20636037e-04
 -1.32347763e-01 -1.05819570e-05  3.70372172e-05 -1.05820616e-05]","[ 0.         -0.83979517 15.248909    0.64800751 -3.77226329 -0.30443409
 -0.61935455 -0.0688694 ]"
1747093054.3096135,"[ 0.         -0.22739241  1.08032734  2.97438342 -1.79420785 -0.00409914
  0.96007037  1.57091723]","[ 0.00000000e+00 -3.70928568e-05 -6.69841731e-02 -1.49628724e-04
 -1.32347763e-01 -1.05739739e-05  3.70648338e-05 -1.05819570e-05]","[ 0.         -0.85853988 14.93242073  0.62188333 -3.60069966 -0.29956868
 -0.57704055 -0.06790812]"
1747093054.31129,"[ 0.         -0.22739241  1.08025897  2.97438289 -1.79433568 -0.00409914
  0.96007037  1.57091723]","[ 0.00000000e+00 -3.70928568e-05 -6.44474955e-02 -1.65592005e-04
 -1.29646785e-01 -1.05819570e-05  3.70648338e-05 -1.05819570e-05]","[ 0.         -0.82374746 14.81394386  0.64713073 -3.54951119 -0.299723
 -0.55757219 -0.0733804 ]"
1747093054.3131018,"[ 0.         -0.22739241  1.0801322   2.97438209 -1.79459454 -0.00409914
  0.96007037  1.57091723]","[ 0.00000000e+00 -3.70932266e-05 -6.42831993e-02 -1.83694430e-04
 -1.25325232e-01 -1.05819570e-05  3.70368514e-05 -1.05819570e-05]","[ 0.         -0.8331629  14.54174614  0.63913834 -3.4628067  -0.28399679
 -0.55257535 -0.06123928]"
1747093054.3142576,"[ 0.         -0.22739294  1.08006609  2.97438102 -1.79471544 -0.00409914
  0.96007037  1.57091723]","[ 0.00000000e+00 -4.23918346e-05 -6.69841731e-02 -2.15727914e-04
 -1.22624254e-01 -1.05740785e-05  3.70651995e-05 -1.05820616e-05]","[ 0.         -0.80871439 14.4045372   0.59606743 -3.42898822 -0.28389123
 -0.53792393 -0.05541273]"
1747093054.315919,"[ 0.         -0.22739348  1.07991821  2.97438023 -1.79495566 -0.00409914
  0.96007037  1.57091723]","[ 0.00000000e+00 -4.77269018e-05 -7.33920758e-02 -2.28550440e-04
 -1.21543868e-01 -1.05820616e-05  3.70368514e-05 -1.05819570e-05]","[ 0.         -0.76892668 14.24088764  0.56657535 -3.49693942 -0.28257063
 -0.52813417 -0.04760478]"
1747093054.317672,"[ 0.         -0.22739401  1.07984151  2.97437916 -1.79508562 -0.00409914
  0.96007037  1.57091723]","[ 0.00000000e+00 -5.30298904e-05 -7.77880725e-02 -2.56438795e-04
 -1.22259883e-01 -1.05819570e-05  3.70368514e-05 -1.05819570e-05]","[ 0.         -0.7089752  14.20516872  0.55840397 -3.52729487 -0.28456452
 -0.52473181 -0.05141456]"
1747093054.3199878,"[ 0.         -0.22739507  1.0795752   2.9743765  -1.79545634 -0.00409914
  0.96007037  1.57091723]","[ 0.00000000e+00 -6.35877499e-05 -9.23733403e-02 -3.13294180e-04
 -1.25325232e-01 -1.05820616e-05  3.70368514e-05 -1.05820616e-05]","[ 0.         -0.69464964 14.34385109  0.57315511 -3.66601562 -0.28440168
 -0.55360281 -0.06102796]"
1747093054.3232281,"[ 0.         -0.22739561  1.07938785  2.97437517 -1.79571519 -0.00409914
  0.96007037  1.57091723]","[ 0.00000000e+00 -6.89388604e-05 -9.57874546e-02 -3.32895136e-04
 -1.26277545e-01 -1.05820616e-05  3.70651995e-05  0.00000000e+00]","[ 0.         -0.6689195  14.64591122  0.58793491 -3.80308485 -0.27686405
 -0.57105863 -0.05928994]"
1747093054.3249028,"[ 0.         -0.22739614  1.07909077  2.97437224 -1.79609336 -0.00409914
  0.96007037  1.57091723]","[ 0.00000000e+00 -7.42418490e-05 -9.77752879e-02 -3.83861447e-04
 -1.28566399e-01  0.00000000e+00  3.70368514e-05  0.00000000e+00]","[ 0.         -0.66671264 15.02719021  0.5945825  -4.07719898 -0.29484051
 -0.60681164 -0.083272  ]"
1747093054.326566,"[ 0.         -0.22739667  1.07889469  2.9743709  -1.79636181 -0.00409914
  0.96007037  1.57091723]","[ 0.00000000e+00 -7.94846874e-05 -1.00206163e-01 -3.97417528e-04
 -1.31807566e-01  0.00000000e+00  3.70651995e-05  0.00000000e+00]","[ 0.         -0.66349435 15.20091152  0.59175724 -4.34825897 -0.24870469
 -0.6668992  -0.08251806]"
1747093054.3283617,"[ 0.         -0.22739721  1.07869083  2.97436957 -1.79662387 -0.00409807
  0.96007037  1.57091723]","[ 0.00000000e+00 -8.48478263e-05 -9.91257769e-02 -4.10406778e-04
 -1.33968346e-01  1.05819570e-05  3.70368514e-05  0.00000000e+00]","[ 0.         -0.65846568 15.31819439  0.59486246 -4.56158495 -0.2789785
 -0.67544335 -0.09489623]"
1747093054.330049,"[ 0.         -0.22739774  1.07859302  2.97436904 -1.79676714 -0.00409807
  0.96007037  1.57091723]","[ 0.00000000e+00 -9.01508150e-05 -9.91257769e-02 -4.23044700e-04
 -1.34913427e-01  1.05819570e-05  3.70648338e-05  0.00000000e+00]","[ 0.         -0.66314745 15.40264702  0.61767614 -4.66233206 -0.27468231
 -0.69542539 -0.08898212]"
1747093054.3313088,"[ 0.         -0.2273988   1.07839189  2.97436771 -1.79703186 -0.00409807
  0.96007037  1.57091723]","[ 0.00000000e+00 -1.00679607e-04 -9.72350907e-02 -4.82100004e-04
 -1.34508543e-01  1.05819570e-05  3.70368514e-05  0.00000000e+00]","[ 0.         -0.6638394  15.50766945  0.60134643 -4.7575326  -0.27722707
 -0.69859082 -0.07822704]"
1747093054.3330393,"[ 0.         -0.2273988   1.07829635  2.97436718 -1.7971762  -0.00409807
  0.96007037  1.57091723]","[ 0.00000000e+00 -1.00605543e-04 -9.69649962e-02 -5.38384802e-04
 -1.35916507e-01  1.05820616e-05  3.70368514e-05  0.00000000e+00]","[ 0.         -0.68149334 15.55941868  0.59906137 -4.76649857 -0.26959673
 -0.70405865 -0.07151347]"
1747093054.3347902,"[ 0.         -0.22739987  1.07809894  2.97436584 -1.79744891 -0.00409807
  0.96007037  1.57091723]","[ 0.00000000e+00 -1.11110546e-04 -9.63858502e-02 -6.26252538e-04
 -1.39910499e-01  1.05899522e-05  2.91226556e-05  0.00000000e+00]","[ 0.         -0.66878533 15.69511414  0.60862494 -4.6995163  -0.29036915
 -0.70745629 -0.07549722]"
1747093054.3360133,"[ 0.         -0.22740093  1.07800706  2.97436531 -1.79758899 -0.00409807
  0.96007037  1.57091723]","[ 0.00000000e+00 -1.26983484e-04 -9.30892147e-02 -6.76626139e-04
 -1.42071272e-01  1.05819570e-05  2.91223691e-05  0.00000000e+00]","[ 0.         -0.68493277 15.7317276   0.63060397 -4.62867355 -0.28900993
 -0.71653444 -0.08677976]"
1747093054.337797,"[ 0.         -0.22740253  1.07782843  2.97436398 -1.79788567 -0.00409807
  0.96007037  1.57091723]","[ 0.00000000e+00 -1.42964352e-04 -8.99424568e-02 -7.21206520e-04
 -1.45947236e-01  1.05819570e-05  2.91223691e-05  0.00000000e+00]","[ 0.         -0.76334608 15.80377865  0.64640158 -4.40530252 -0.28796676
 -0.69983113 -0.0842839 ]"
1747093054.3396187,"[ 0.         -0.22740413  1.07773342  2.97436371 -1.79803001 -0.00409807
  0.96007037  1.57091723]","[ 0.00000000e+00 -1.58730919e-04 -8.95243405e-02 -6.91160263e-04
 -1.46392833e-01  1.05820616e-05  2.91226556e-05  0.00000000e+00]","[ 0.         -0.7595616  15.7786293   0.69498181 -4.22670412 -0.30768666
 -0.67164671 -0.08336402]"
1747093054.3407667,"[ 0.         -0.22740733  1.07756118  2.97436318 -1.79831923 -0.00409807
  0.96007037  1.57091723]","[ 0.00000000e+00 -1.97853461e-04 -8.69713844e-02 -6.58220744e-04
 -1.46392833e-01  1.05819570e-05  2.91003827e-05  0.00000000e+00]","[ 0.         -0.82257199 15.75350952  0.67834198 -3.96170378 -0.29902163
 -0.66958517 -0.07952683]"
1747093054.342534,"[ 0.         -0.22740892  1.07747443  2.97436265 -1.79846411 -0.00409807
  0.96007037  1.57091723]","[ 0.00000000e+00 -2.46460962e-04 -8.79625630e-02 -6.47250354e-04
 -1.46933022e-01  1.06059783e-05  1.85324169e-05  0.00000000e+00]","[ 0.         -0.82214433 15.77329159  0.70387918 -3.83690643 -0.33185375
 -0.60074162 -0.07809144]"
1747093054.3442447,"[ 0.         -0.22741372  1.07728934  2.97436212 -1.79876558 -0.00409807
  0.96007037  1.57091723]","[ 0.00000000e+00 -4.57238654e-04 -9.02766419e-02 -5.92423045e-04
 -1.46933022e-01  1.05979587e-05  1.85324169e-05  0.00000000e+00]","[ 0.         -0.84920025 15.68527412  0.73691696 -3.64498353 -0.30688828
 -0.58780336 -0.07537531]"
1747093054.3454602,"[ 0.         -0.22742064  1.07711078  2.97436185 -1.79904894 -0.00409807
  0.96007037  1.57091723]","[ 0.00000000e+00 -9.74030233e-04 -9.07527485e-02 -5.48517298e-04
 -1.43296992e-01  1.06059783e-05  1.85325998e-05  0.00000000e+00]","[ 0.         -0.8344155  15.60338497  0.7634955  -3.49251842 -0.2861436
 -0.58803397 -0.0722563 ]"
1747093054.3471627,"[ 0.         -0.2274249   1.07702029  2.97436185 -1.79919595 -0.00409807
  0.96007037  1.57091723]","[ 0.00000000e+00 -1.57045972e-03 -9.17400989e-02 -5.04635900e-04
 -1.38424189e-01  1.05978530e-05  1.85324169e-05  0.00000000e+00]","[ 0.         -0.82931012 15.56865883  0.7934413  -3.47462821 -0.28107643
 -0.5932613  -0.06442802]"
1747093054.3489165,"[ 0.         -0.22743502  1.07683434  2.97436132 -1.79946812 -0.00409807
  0.96007037  1.57091723]","[ 0.00000000e+00 -3.73964435e-03 -9.02125596e-02 -4.49784176e-04
 -1.36129127e-01  1.05979587e-05  1.05819570e-05  0.00000000e+00]","[ 0.         -0.81725878 15.51068497  0.85099417 -3.54694867 -0.30347207
 -0.60551733 -0.06094322]"
1747093054.3516588,"[ 0.         -0.22744141  1.07665704  2.97436025 -1.79974775 -0.00409807
  0.96007037  1.57091723]","[ 0.00000000e+00 -5.07144934e-03 -9.02125596e-02 -4.38813819e-04
 -1.36418038e-01  1.05979587e-05  1.05899522e-05  0.00000000e+00]","[ 0.         -0.80036402 15.5096302   0.85168588 -3.74632525 -0.30760315
 -0.6511299  -0.04870418]"
1747093054.3528519,"[ 0.         -0.22745899  1.07647754  2.97435999 -1.80001567 -0.00409807
  0.96007037  1.57091723]","[ 0.00000000e+00 -8.91321630e-03 -8.67012899e-02 -3.94932421e-04
 -1.35991200e-01  1.05979587e-05  1.05819570e-05  0.00000000e+00]","[ 0.         -0.72947103 15.5856638   0.90111411 -3.8986063  -0.33811158
 -0.65489781 -0.06353988]"
1747093054.354597,"[ 0.         -0.22748402  1.07631083  2.97435999 -1.80029636 -0.00409807
  0.96007037  1.57091723]","[ 0.00000000e+00 -1.35414969e-02 -8.48106036e-02 -3.71827678e-04
 -1.37421118e-01  1.05979587e-05  1.05899522e-05  0.00000000e+00]","[ 0.         -0.63390559 15.67748356  0.89342231 -4.0906539  -0.33007422
 -0.68312836 -0.06643432]"
1747093054.3563077,"[ 0.         -0.22749894  1.07622954  2.97435945 -1.80043378 -0.00409807
  0.96007037  1.57091723]","[ 0.00000000e+00 -1.51254588e-02 -8.23797284e-02 -3.83962095e-04
 -1.39370294e-01  1.05979587e-05  1.05899522e-05  0.00000000e+00]","[ 0.         -0.63174808 15.72892189  0.89772069 -4.18356943 -0.34431064
 -0.69079345 -0.05943635]"
1747093054.3574433,"[ 0.         -0.22752983  1.07606562  2.97435892 -1.80071395 -0.00409807
  0.96007037  1.57091723]","[ 0.00000000e+00 -1.56497811e-02 -7.91385615e-02 -3.46861583e-04
 -1.42611461e-01  1.05979587e-05  1.05820616e-05  0.00000000e+00]","[ 0.         -0.50303674 15.84022522  0.91903877 -4.29325914 -0.3344284
 -0.68199962 -0.06376268]"
1747093054.3591795,"[ 0.         -0.22754688  1.07598985  2.97435892 -1.80086788 -0.00409807
  0.96007037  1.57091723]","[ 0.00000000e+00 -1.60491814e-02 -7.67076863e-02 -3.25839645e-04
 -1.44944174e-01  1.05980643e-05  1.05900569e-05  0.00000000e+00]","[ 0.         -0.45043939 15.83185863  0.94063288 -4.30325508 -0.33533433
 -0.69122469 -0.06868742]"
1747093054.3609347,"[ 0.         -0.22757564  1.07583652  2.97435865 -1.80115763 -0.00409807
  0.96007037  1.57091723]","[ 0.00000000e+00 -1.40450684e-02 -7.34665111e-02 -3.14530605e-04
 -1.47473228e-01  1.05979587e-05  1.05899522e-05  0.00000000e+00]","[ 0.         -0.38460857 15.86648273  0.94442195 -4.32103682 -0.33221245
 -0.68704951 -0.08482724]"
1747093054.36266,"[ 0.         -0.22759694  1.07570469  2.97435865 -1.80146123 -0.00409807
  0.96007037  1.57091723]","[ 0.00000000e+00 -9.72350907e-03 -6.53635897e-02 -2.52921387e-04
 -1.48454936e-01  1.06059783e-05  1.06059783e-05  0.00000000e+00]","[ 0.         -0.26444846 15.8211441   0.97990161 -4.3146987  -0.32977349
 -0.67508668 -0.07194176]"
1747093054.364394,"[ 0.         -0.22760493  1.07564178  2.97435865 -1.80160877 -0.00409807
  0.96007037  1.57091723]","[ 0.00000000e+00 -7.51597687e-03 -6.37430062e-02 -2.42804545e-04
 -1.49634000e-01  1.05979587e-05  1.06059783e-05  0.00000000e+00]","[ 0.         -0.23169741 15.76872635  0.98709822 -4.34384918 -0.33944172
 -0.67089015 -0.07034597]"
1747093054.3661253,"[ 0.         -0.22761132  1.07551095  2.97435812 -1.80190971 -0.00409807
  0.96007037  1.57091723]","[ 0.00000000e+00 -2.15859050e-03 -6.42831993e-02 -2.13679683e-04
 -1.54495751e-01  1.06059783e-05  1.05978530e-05  0.00000000e+00]","[ 0.         -0.21582431 15.51839924  1.00121784 -4.27310991 -0.32643405
 -0.66083032 -0.08655262]"
1747093054.367267,"[ 0.         -0.22761132  1.07544757  2.97435812 -1.80207429 -0.00409807
  0.96007037  1.57091723]","[ 0.00000000e+00  0.00000000e+00 -6.42180684e-02 -2.13687859e-04
 -1.54974903e-01  1.05979587e-05  1.06059783e-05  0.00000000e+00]","[ 0.         -0.19410834 15.39451027  0.98114145 -4.24736691 -0.32699421
 -0.64828354 -0.08804817]"
1747093054.3689876,"[ 0.         -0.22760706  1.07531487  2.97435759 -1.80238428 -0.00409807
  0.96007037  1.57091723]","[ 0.00000000e+00  1.40443569e-03 -6.51998011e-02 -2.05929679e-04
 -1.57196729e-01  1.05979587e-05  1.05979587e-05  0.00000000e+00]","[ 0.         -0.17301209 15.13112068  0.98287016 -4.14051247 -0.32203713
 -0.64785814 -0.08104001]"
1747093054.3701754,"[ 0.         -0.22760653  1.07524783  2.97435759 -1.80253928 -0.00409807
  0.96007037  1.57091723]","[ 0.00000000e+00  1.19246029e-03 -6.80645635e-02 -1.98179952e-04
 -1.57196729e-01  1.06059783e-05  1.05979587e-05  0.00000000e+00]","[ 0.         -0.17180848 15.04339027  1.00029612 -4.03954077 -0.33867878
 -0.6056295  -0.07880599]"
1747093054.3719044,"[ 0.         -0.22760866  1.07510681  2.97435759 -1.80286525 -0.00409807
  0.96007037  1.57091723]","[ 0.00000000e+00  1.32462624e-04 -7.26562194e-02 -1.79783481e-04
 -1.59990285e-01  1.05978530e-05  1.06059783e-05  0.00000000e+00]","[ 0.         -0.10270694 14.85033321  0.98414397 -3.88314176 -0.33995718
 -0.59077036 -0.07619455]"
1747093054.3736966,"[ 0.         -0.22761026  1.07495761  2.97435706 -1.80318536 -0.00409807
  0.9600713   1.57091723]","[ 0.00000000e+00 -6.38265111e-04 -7.26562194e-02 -1.73246350e-04
 -1.62598684e-01  1.06059783e-05  1.85464284e-05  0.00000000e+00]","[ 0.         -0.08334885 14.68326855  0.97086078 -3.74039268 -0.33529964
 -0.56163776 -0.05031754]"
1747093054.374958,"[ 0.         -0.22760973  1.07488504  2.97435706 -1.80334515 -0.00409807
  0.9600713   1.57091723]","[ 0.00000000e+00 -6.28721879e-04 -7.34665111e-02 -1.64128128e-04
 -1.62058479e-01  1.06059783e-05  1.85604623e-05  0.00000000e+00]","[ 0.         -0.07651086 14.62111092  0.97564846 -3.6415658  -0.34860629
 -0.54061419 -0.06005753]"
1747093054.376758,"[ 0.         -0.22760866  1.07472758  2.97435679 -1.80367485 -0.00409807
  0.9600713   1.57091723]","[ 0.00000000e+00  0.00000000e+00 -7.82397613e-02 -1.68017198e-04
 -1.59897707e-01  1.05979587e-05  1.85604623e-05  0.00000000e+00]","[ 0.         -0.08509627 14.50652313  0.99845654 -3.52367687 -0.35648927
 -0.52885574 -0.05984495]"
1747093054.3778923,"[ 0.         -0.22760866  1.07464902  2.97435679 -1.80385541 -0.00409807
  0.9600713   1.57091723]","[ 0.00000000e+00  0.00000000e+00 -7.96787588e-02 -1.68011623e-04
 -1.58527061e-01  1.06059783e-05  1.85604623e-05  0.00000000e+00]","[ 0.         -0.07839856 14.48414326  0.99922675 -3.46642208 -0.3518582
 -0.51228631 -0.07828766]"
1747093054.3795772,"[ 0.         -0.22760919  1.07448463  2.97435679 -1.80418085 -0.00409807
  0.9600713   1.57091723]","[ 0.00000000e+00 -6.62395490e-05 -8.55341512e-02 -1.49947786e-04
 -1.58824436e-01  1.05979587e-05  1.85604623e-05  0.00000000e+00]","[ 0.         -0.03509954 14.41693783  0.97944701 -3.49694824 -0.34823504
 -0.5060752  -0.06338926]"
1747093054.3812695,"[ 0.         -0.22760919  1.07438956  2.97435679 -1.80433744 -0.00409807
  0.9600713   1.57091723]","[ 0.00000000e+00 -5.90043463e-05 -8.95243405e-02 -1.45205868e-04
 -1.58817312e-01  1.05979587e-05  1.85604623e-05  0.00000000e+00]","[ 0.         -0.03515796 14.40162849  0.98806739 -3.53965735 -0.3392179
 -0.50145805 -0.07527656]"
1747093054.383069,"[ 0.         -0.22760866  1.07420593  2.97435626 -1.80466395 -0.00409807
  0.9600713   1.57091723]","[ 0.00000000e+00  1.06388141e-04 -9.34537265e-02 -1.28126933e-04
 -1.59488745e-01  1.05979587e-05  1.85462435e-05  0.00000000e+00]","[ 0.         -0.02609966 14.46086597  1.00859165 -3.6641407  -0.32536593
 -0.52764183 -0.05463116]"
1747093054.3843026,"[ 0.         -0.22760866  1.07411132  2.97435626 -1.80482054 -0.00409807
  0.9600713   1.57091723]","[ 0.00000000e+00  1.58364377e-04 -9.57874546e-02 -1.28122821e-04
 -1.58817312e-01  1.05979587e-05  1.85604623e-05  0.00000000e+00]","[ 0.         -0.02877244 14.55186653  1.00317883 -3.70395207 -0.33444023
 -0.52633876 -0.05997596]"
1747093054.3867152,"[ 0.         -0.22760866  1.07390699  2.97435626 -1.80513639 -0.00409807
  0.9600713   1.57091723]","[ 0.00000000e+00  9.68422185e-05 -1.00914106e-01 -1.19873507e-04
 -1.60814999e-01  1.05979587e-05  1.85604623e-05  0.00000000e+00]","[ 0.          0.03663852 14.72619438  1.01164198 -3.86535764 -0.35264
 -0.56246048 -0.06424629]"
1747093054.38791,"[ 0.         -0.22760866  1.07370399  2.97435572 -1.80547142 -0.00409807
  0.9600713   1.57091723]","[ 0.00000000e+00  0.00000000e+00 -1.04257622e-01 -1.15915606e-04
 -1.64759457e-01  1.05979587e-05  1.06059783e-05  0.00000000e+00]","[ 0.          0.03706709 14.91450024  0.99020463 -4.01136017 -0.35333973
 -0.59557849 -0.07765844]"
1747093054.388954,"[ 0.         -0.22760866  1.07359933  2.97435572 -1.805636   -0.00409807
  0.9600713   1.57091723]","[ 0.00000000e+00  0.00000000e+00 -1.06148308e-01 -1.12467963e-04
 -1.66920246e-01  1.05979587e-05  1.06059783e-05  0.00000000e+00]","[ 0.          0.08188362 15.00211143  0.99735433 -4.08380461 -0.35483068
 -0.59366876 -0.07757216]"
1747093054.3907487,"[ 0.         -0.22760866  1.07338395  2.97435572 -1.80598168 -0.00409807
  0.9600713   1.57091723]","[ 0.00000000e+00  0.00000000e+00 -1.04691642e-01 -9.64011162e-05
 -1.68858944e-01  1.06059783e-05  1.05979587e-05  0.00000000e+00]","[ 0.          0.10779642 15.17764282  1.01189411 -4.18667221 -0.32470956
 -0.61800253 -0.06478812]"
1747093054.3924642,"[ 0.         -0.22760866  1.07317596  2.97435572 -1.80614999 -0.00409807
  0.9600713   1.57091723]","[ 0.00000000e+00  0.00000000e+00 -1.05338016e-01 -8.83676885e-05
 -1.70701602e-01  1.05979587e-05  1.06059783e-05  0.00000000e+00]","[ 0.          0.08322495 15.36832523  1.01853621 -4.19576406 -0.32470661
 -0.62365919 -0.07744666]"
1747093054.3941565,"[ 0.         -0.22760866  1.07306344  2.97435572 -1.8063215  -0.00409807
  0.9600713   1.57091723]","[ 0.00000000e+00  0.00000000e+00 -1.05824293e-01 -8.83676885e-05
 -1.73942769e-01  1.05979587e-05  1.06059783e-05  0.00000000e+00]","[ 0.          0.07186086 15.46243763  1.03153157 -4.22769499 -0.31300378
 -0.63216442 -0.08883713]"
1747093054.395248,"[ 0.         -0.22760866  1.07295738  2.97435572 -1.80649567 -0.00409807
  0.9600713   1.57091723]","[ 0.00000000e+00  0.00000000e+00 -1.07498797e-01 -8.56246765e-05
 -1.76643747e-01  1.05979587e-05  1.06060839e-05  0.00000000e+00]","[ 0.          0.07070846 15.49665451  1.0503118  -4.24723053 -0.31283799
 -0.6294297  -0.08822075]"
1747093054.3969536,"[ 0.         -0.22760813  1.07274479  2.97435572 -1.80685946 -0.00409807
  0.9600713   1.57091723]","[ 0.00000000e+00  2.53477479e-05 -1.06850226e-01 -8.34038612e-05
 -1.78264330e-01  1.05979587e-05  1.06059783e-05  0.00000000e+00]","[ 0.          0.02420384 15.57870865  1.08233154 -4.22714758 -0.30839899
 -0.63079631 -0.08840092]"
1747093054.3986738,"[ 0.         -0.22760813  1.07263227  2.97435572 -1.80703576 -0.00409807
  0.9600713   1.57091723]","[ 0.00000000e+00  2.41272069e-05 -1.05824293e-01 -8.34038612e-05
 -1.78623358e-01  1.05978530e-05  1.06059783e-05  0.00000000e+00]","[ 0.          0.01790594 15.65843678  1.07622099 -4.23846865 -0.31513289
 -0.63079631 -0.08421667]"
1747093054.3998468,"[ 0.         -0.22760866  1.07242927  2.97435572 -1.80740434 -0.00409807
  0.9600713   1.57091723]","[ 0.00000000e+00  0.00000000e+00 -1.01556652e-01 -8.09560904e-05
 -1.80425119e-01  1.05979587e-05  1.06059783e-05  0.00000000e+00]","[ 0.00000000e+00  1.37341116e-02  1.57287264e+01  1.09712791e+00
 -4.12261820e+00 -3.35218579e-01 -6.30479455e-01 -7.13454932e-02]"
1747093054.4014828,"[ 0.         -0.22760866  1.07223646  2.97435572 -1.80776014 -0.00409807
  0.9600713   1.57091723]","[ 0.00000000e+00  0.00000000e+00 -9.72350907e-02 -6.63780467e-05
 -1.80965308e-01  1.05979587e-05  1.06060839e-05  0.00000000e+00]","[ 0.         -0.03709565 15.70606995  1.11195004 -4.01281548 -0.34478122
 -0.61129689 -0.06356997]"
1747093054.403193,"[ 0.         -0.22760866  1.07213313  2.97435572 -1.80795189 -0.00409807
  0.9600713   1.57091723]","[ 0.00000000e+00  0.00000000e+00 -9.72981660e-02 -6.46119551e-05
 -1.80553284e-01  1.06059783e-05  1.06059783e-05  0.00000000e+00]","[ 0.         -0.06319626 15.67068958  1.10742879 -3.94648218 -0.35466689
 -0.60443926 -0.07165167]"
1747093054.4043639,"[ 0.         -0.22760866  1.07194484  2.97435572 -1.80830875 -0.00409807
  0.9600713   1.57091723]","[ 0.00000000e+00  0.00000000e+00 -9.50743100e-02 -6.44798536e-05
 -1.80781949e-01  1.05978530e-05  1.06059783e-05  0.00000000e+00]","[ 0.         -0.07530431 15.57303905  1.14305842 -3.81469512 -0.35806206
 -0.60301608 -0.06697335]"
1747093054.4060895,"[ 0.         -0.22760866  1.07185023  2.97435572 -1.80848825 -0.00409807
  0.9600713   1.57091723]","[ 0.00000000e+00  0.00000000e+00 -9.58846017e-02 -6.28136915e-05
 -1.82230526e-01  1.06059783e-05  1.06059783e-05  0.00000000e+00]","[ 0.         -0.11482678 15.54111385  1.13788724 -3.79596281 -0.37241083
 -0.59759444 -0.05406436]"
1747093054.4072187,"[ 0.         -0.22760866  1.0717465   2.97435572 -1.80868319 -0.00409807
  0.9600713   1.57091723]","[ 0.00000000e+00  0.00000000e+00 -9.77996975e-02 -4.88550961e-05
 -1.83389833e-01  1.05979587e-05  1.06058726e-05  0.00000000e+00]","[ 0.         -0.09281817 15.50248623  1.15608478 -3.69370651 -0.36747381
 -0.58693343 -0.04332886]"
1747093054.4089856,"[ 0.         -0.22760866  1.07155549  2.97435572 -1.80904591 -0.00409807
  0.9600713   1.57091723]","[ 0.00000000e+00  0.00000000e+00 -9.72350907e-02 -4.76232662e-05
 -1.84206475e-01  1.05979587e-05  1.06059783e-05  0.00000000e+00]","[ 0.         -0.10515173 15.42594433  1.17945313 -3.5223496  -0.35593602
 -0.59393841 -0.05070947]"
1747093054.4107854,"[ 0.         -0.22760866  1.07135435  2.97435572 -1.80941929 -0.00409807
  0.9600713   1.57091723]","[ 0.00000000e+00  0.00000000e+00 -9.84592959e-02 -4.64531837e-05
 -1.82229494e-01  1.06060839e-05  1.06059783e-05  0.00000000e+00]","[ 0.         -0.14562224 15.40638542  1.165416   -3.38583326 -0.35478178
 -0.53927112 -0.075498  ]"
1747093054.4130313,"[ 0.         -0.22760866  1.07116467  2.97435572 -1.80977509 -0.00409807
  0.9600713   1.57091723]","[ 0.00000000e+00  0.00000000e+00 -9.58846017e-02 -4.52566712e-05
 -1.80965308e-01  1.05819570e-05  1.06059783e-05  0.00000000e+00]","[ 0.         -0.17562258 15.38521481  1.18322611 -3.30834723 -0.34275392
 -0.52733052 -0.05740089]"
1747093054.414804,"[ 0.         -0.22760866  1.07097186  2.97435572 -1.81014154 -0.00409807
  0.9600713   1.57091723]","[ 0.00000000e+00  0.00000000e+00 -9.83154852e-02 -3.23851580e-05
 -1.78045601e-01  1.05819570e-05  1.06059783e-05  0.00000000e+00]","[ 0.         -0.16507004 15.37109566  1.19955134 -3.30733037 -0.34705225
 -0.55192238 -0.07273065]"
1747093054.416627,"[ 0.         -0.22760866  1.07086666  2.97435572 -1.81031518 -0.00409807
  0.9600713   1.57091723]","[ 0.00000000e+00  0.00000000e+00 -9.90535387e-02 -3.15705016e-05
 -1.76103558e-01  1.05819570e-05  1.06140091e-05  0.00000000e+00]","[ 0.         -0.1679249  15.38459015  1.19058728 -3.36891127 -0.34205267
 -0.55614036 -0.07576102]"
1747093054.417752,"[ 0.         -0.22760866  1.07066553  2.97435572 -1.81066192 -0.00409807
  0.9600713   1.57091723]","[ 0.00000000e+00  0.00000000e+00 -1.03447330e-01 -2.52558015e-05
 -1.75925126e-01  1.05820616e-05  1.06059783e-05  0.00000000e+00]","[ 0.         -0.13277675 15.40237713  1.21618021 -3.50298905 -0.34927249
 -0.55687463 -0.06882246]"
1747093054.41943,"[ 0.         -0.22760866  1.07045434  2.97435572 -1.81102944 -0.00409807
  0.9600713   1.57091723]","[ 0.00000000e+00  0.00000000e+00 -1.02313531e-01 -2.46355181e-05
 -1.80051761e-01  1.05819570e-05  1.06059783e-05  0.00000000e+00]","[ 0.         -0.13697135 15.45927906  1.15817893 -3.73606992 -0.35721353
 -0.5608052  -0.05952372]"
1747093054.4212573,"[ 0.         -0.22760866  1.07035334  2.97435572 -1.81120893 -0.00409807
  0.9600713   1.57091723]","[ 0.00000000e+00  0.00000000e+00 -1.02366944e-01 -2.46360870e-05
 -1.82045703e-01  1.05819570e-05  1.06059783e-05  0.00000000e+00]","[ 0.         -0.1120628  15.50226784  1.14009035 -3.84860897 -0.35518688
 -0.5773142  -0.08415453]"
1747093054.422378,"[ 0.         -0.22760866  1.07015493  2.97435572 -1.81157059 -0.00409807
  0.9600713   1.57091723]","[ 0.00000000e+00  0.00000000e+00 -9.96659659e-02 -2.41277535e-05
 -1.83312002e-01  1.05820616e-05  1.06059783e-05  0.00000000e+00]","[ 0.         -0.05690397 15.53660297  1.12148499 -4.01609421 -0.33215374
 -0.61173612 -0.07646938]"
1747093054.4240575,"[ 0.         -0.22760866  1.07005067  2.97435572 -1.81176766 -0.00409807
  0.9600713   1.57091723]","[ 0.00000000e+00  0.00000000e+00 -9.83012373e-02 -2.35610210e-05
 -1.85394095e-01  1.05820616e-05  1.06140091e-05  0.00000000e+00]","[ 0.         -0.07517177 15.56470966  1.08441198 -4.11188269 -0.33549273
 -0.62447864 -0.07250451]"
1747093054.425871,"[ 0.         -0.22760813  1.06986012  2.97435572 -1.81213678 -0.00409807
  0.9600713   1.57091723]","[ 0.00000000e+00  1.08183818e-05 -9.64247990e-02 -2.30581714e-05
 -1.87447642e-01  1.05819570e-05  1.06058726e-05  0.00000000e+00]","[ 0.         -0.0224743  15.57951069  1.09370244 -4.21626902 -0.33461675
 -0.59982759 -0.06665775]"
1747093054.4276366,"[ 0.         -0.22760813  1.06967876  2.97435572 -1.81250749 -0.00409807
  0.9600713   1.57091723]","[ 0.00000000e+00  1.06057670e-05 -9.12929458e-02 -2.25763370e-05
 -1.87987848e-01  1.05739739e-05  1.06139034e-05  0.00000000e+00]","[ 0.00000000e+00 -1.32819153e-02  1.55331688e+01  1.07493949e+00
 -4.31680155e+00 -3.26142907e-01 -6.13130391e-01 -6.81422800e-02]"
1747093054.4287786,"[ 0.         -0.22760813  1.06958189  2.97435572 -1.81270563 -0.00409807
  0.9600713   1.57091723]","[ 0.00000000e+00  1.04017539e-05 -9.12797215e-02 -2.25395547e-05
 -1.86571728e-01  0.00000000e+00  1.06059783e-05  0.00000000e+00]","[ 0.00000000e+00 -1.04163950e-02  1.54858284e+01  1.07250261e+00
 -4.33021450e+00 -3.29871953e-01 -6.18931770e-01 -7.25759566e-02]"
1747093054.4305322,"[ 0.         -0.22760813  1.06940186  2.97435572 -1.81307261 -0.00409807
  0.9600713   1.57091723]","[ 0.00000000e+00  1.01904080e-05 -9.12929458e-02 -1.12881685e-05
 -1.85827058e-01  0.00000000e+00  1.06059783e-05  0.00000000e+00]","[ 0.00000000e+00  1.33816581e-02  1.53722677e+01  1.05036759e+00
 -4.35647154e+00 -3.33118439e-01 -6.23992622e-01 -5.51299527e-02]"
1747093054.431672,"[ 0.         -0.22760813  1.06931138  2.97435572 -1.81327235 -0.00409807
  0.9600713   1.57091723]","[ 0.00000000e+00  2.04104928e-05 -9.18331430e-02 -1.10571138e-05
 -1.88076348e-01  0.00000000e+00  1.06140091e-05  0.00000000e+00]","[ 0.          0.02490168 15.31159401  1.04810619 -4.37144375 -0.31826851
 -0.60932922 -0.04881785]"
1747093054.4334137,"[ 0.         -0.22760813  1.06911577  2.97435572 -1.81364732 -0.00409807
  0.9600713   1.57091723]","[ 0.00000000e+00  2.00316743e-05 -9.64247990e-02 -1.10396959e-05
 -1.90688826e-01  0.00000000e+00  1.06059783e-05  0.00000000e+00]","[ 0.          0.03524045 15.15638638  1.03017437 -4.34198332 -0.31907201
 -0.5660755  -0.06644868]"
1747093054.435231,"[ 0.         -0.22760813  1.06902162  2.97435572 -1.81383534 -0.00409807
  0.9600713   1.57091723]","[ 0.00000000e+00  1.00158371e-05 -9.56145072e-02 -1.08183818e-05
 -1.90688826e-01  0.00000000e+00  1.06058726e-05  0.00000000e+00]","[ 0.          0.01542416 15.0879097   1.02831352 -4.25730133 -0.3258391
 -0.55057704 -0.06779721]"
1747093054.437019,"[ 0.         -0.22760813  1.06882282  2.97435546 -1.81422843 -0.00409807
  0.9600713   1.57091723]","[ 0.00000000e+00  1.00160261e-05 -9.83012373e-02 -1.59089679e-05
 -1.92408995e-01  0.00000000e+00  1.06140091e-05  0.00000000e+00]","[ 0.00000000e+00  6.73226081e-03  1.49124947e+01  1.03537166e+00
 -4.11153793e+00 -3.22785527e-01 -5.32532275e-01 -6.15468435e-02]"
1747093054.4382238,"[ 0.         -0.22760813  1.06872548  2.97435546 -1.81441857 -0.00409807
  0.9600713   1.57091723]","[ 0.00000000e+00  9.83369469e-06 -9.88556741e-02 -1.56026309e-05
 -1.92849598e-01  0.00000000e+00  1.06059783e-05  0.00000000e+00]","[ 0.00000000e+00 -7.51087908e-03  1.48217134e+01  1.04009426e+00
 -4.04145288e+00 -3.11967939e-01 -5.20663440e-01 -5.75195812e-02]"
1747093054.439888,"[ 0.         -0.22760813  1.06852481  2.97435572 -1.81479674 -0.00409807
  0.9600713   1.57091723]","[ 0.00000000e+00  9.64441747e-06 -1.02802870e-01  0.00000000e+00
 -1.91229014e-01  0.00000000e+00  1.06058726e-05  0.00000000e+00]","[ 0.          0.0274084  14.69858551  1.03383887 -3.8498044  -0.31794208
 -0.51502723 -0.05273652]"
1747093054.4416616,"[ 0.         -0.22760813  1.06830443  2.97435572 -1.81518477 -0.00409807
  0.9600713   1.57091723]","[ 0.00000000e+00  9.47525030e-06 -1.08081205e-01  0.00000000e+00
 -1.89146489e-01  0.00000000e+00  1.06059783e-05  0.00000000e+00]","[ 0.00000000e+00  3.63516947e-03  1.45399628e+01  1.02066898e+00
 -3.77977061e+00 -3.13975900e-01 -5.00969589e-01 -4.57850099e-02]"
1747093054.4428048,"[ 0.         -0.22760813  1.06819651  2.97435546 -1.81537065 -0.00409807
  0.9600713   1.57091723]","[ 0.00000000e+00  9.47525030e-06 -1.09389475e-01 -4.90986699e-06
 -1.88528036e-01  0.00000000e+00  1.06059783e-05  0.00000000e+00]","[ 0.00000000e+00  1.07387677e-02  1.44867563e+01  1.01627874e+00
 -3.75116992e+00 -3.19144011e-01 -5.03206313e-01 -6.62693307e-02]"
1747093054.444558,"[ 0.         -0.2276076   1.0679784   2.97435546 -1.81575868 -0.00409807
  0.9600713   1.57091723]","[ 0.00000000e+00  1.82843487e-05 -1.10199767e-01 -4.82220874e-06
 -1.89608431e-01  0.00000000e+00  1.06140091e-05  0.00000000e+00]","[ 0.00000000e+00  1.26997009e-02  1.43712111e+01  1.01772130e+00
 -3.75013375e+00 -3.18888545e-01 -5.03947318e-01 -7.62318373e-02]"
1747093054.4463534,"[ 0.         -0.2276076   1.06786222  2.97435572 -1.8159451  -0.00409807
  0.9600713   1.57091723]","[ 0.00000000e+00  1.82840358e-05 -1.09335047e-01  0.00000000e+00
 -1.89068225e-01  0.00000000e+00  1.06058726e-05  0.00000000e+00]","[ 0.00000000e+00  1.17640290e-02  1.43100700e+01  1.02174139e+00
 -3.76191592e+00 -3.12865198e-01 -5.14559627e-01 -7.20083416e-02]"
1747093054.4480205,"[ 0.         -0.2276076   1.06764317  2.97435572 -1.81632114 -0.00409807
  0.9600713   1.57091723]","[ 0.00000000e+00  1.80028467e-05 -1.11820358e-01  0.00000000e+00
 -1.90958920e-01  0.00000000e+00  1.06140091e-05  0.00000000e+00]","[ 0.          0.02319392 14.26411915  1.01105154 -3.84476876 -0.31397909
 -0.50270873 -0.0603193 ]"
1747093054.4492414,"[ 0.         -0.2276076   1.06753392  2.97435572 -1.8165246  -0.00409807
  0.9600713   1.57091723]","[ 0.00000000e+00  1.79797529e-05 -1.10739964e-01  0.00000000e+00
 -1.91406880e-01  0.00000000e+00  1.06140091e-05  0.00000000e+00]","[ 0.          0.03078242 14.26120281  1.02278709 -3.89411664 -0.33134177
 -0.4889684  -0.0503037 ]"
1747093054.4516482,"[ 0.         -0.2276076   1.06730661  2.97435572 -1.81690117 -0.00409807
  0.9600713   1.57091723]","[ 0.00000000e+00  1.76857287e-05 -1.11591967e-01  0.00000000e+00
 -1.90418714e-01  0.00000000e+00  1.06059783e-05  0.00000000e+00]","[ 0.          0.05117087 14.26422024  1.05918443 -3.92462468 -0.34372291
 -0.47982383 -0.04935273]"
1747093054.452793,"[ 0.         -0.2276076   1.06708937  2.97435572 -1.81728627 -0.00409807
  0.9600713   1.57091723]","[ 0.00000000e+00  1.76854341e-05 -1.10357942e-01  0.00000000e+00
 -1.86637359e-01  0.00000000e+00  1.06141148e-05  0.00000000e+00]","[ 0.          0.03749727 14.30063248  1.08304    -3.94338322 -0.34038582
 -0.47757876 -0.05564054]"
1747093054.4544606,"[ 0.         -0.22760706  1.06698011  2.97435572 -1.81746949 -0.00409807
  0.96007224  1.57091723]","[ 0.00000000e+00  2.61008927e-05 -1.10739964e-01  0.00000000e+00
 -1.85827058e-01  0.00000000e+00  1.85604623e-05  0.00000000e+00]","[ 0.          0.03918869 14.30528069  1.06285918 -3.96880054 -0.33890676
 -0.48746651 -0.06806214]"
1747093054.4555876,"[ 0.         -0.22760706  1.06675141  2.97435546 -1.81783568 -0.00409807
  0.96007224  1.57091723]","[ 0.00000000e+00  2.56871794e-05 -1.11820358e-01 -4.02126185e-06
 -1.85638790e-01  0.00000000e+00  1.85324169e-05  0.00000000e+00]","[ 0.          0.03407899 14.37413025  1.03540993 -4.0819149  -0.3398383
 -0.49569318 -0.07575316]"
1747093054.45734,"[ 0.         -0.22760706  1.06663983  2.97435546 -1.81803222 -0.00409807
  0.96007224  1.57091723]","[ 0.00000000e+00  2.52560006e-05 -1.13170839e-01 -4.01665239e-06
 -1.85067125e-01  0.00000000e+00  1.85324169e-05  0.00000000e+00]","[ 0.          0.04233689 14.44874096  1.0429455  -4.13574362 -0.34534317
 -0.50279552 -0.07055867]"
1747093054.4590883,"[ 0.         -0.22760706  1.06640107  2.97435572 -1.81839627 -0.00409807
  0.96007224  1.57091723]","[ 0.00000000e+00  2.48680510e-05 -1.17499766e-01  0.00000000e+00
 -1.84476569e-01  0.00000000e+00  1.85324169e-05  0.00000000e+00]","[ 0.          0.03583442 14.57336807  1.07044446 -4.24993992 -0.34990603
 -0.5184859  -0.0706711 ]"
1747093054.4602873,"[ 0.         -0.22760706  1.06628256  2.97435572 -1.81859415 -0.00409807
  0.96007224  1.57091723]","[ 0.00000000e+00  2.48680510e-05 -1.20193379e-01  0.00000000e+00
 -1.86320958e-01  0.00000000e+00  1.85325998e-05  0.00000000e+00]","[ 0.          0.02067713 14.65427208  1.08203328 -4.29432821 -0.33904865
 -0.52565551 -0.07012983]"
1747093054.4619899,"[ 0.         -0.22760706  1.06602956  2.97435572 -1.81896885 -0.00409807
  0.96007224  1.57091723]","[ 0.00000000e+00  1.63091451e-05 -1.24130388e-01  0.00000000e+00
 -1.91305081e-01  0.00000000e+00  1.85324169e-05  0.00000000e+00]","[ 0.          0.04871532 14.83939171  1.09977043 -4.35586452 -0.33998287
 -0.53319401 -0.07273243]"
1747093054.4632425,"[ 0.         -0.22760706  1.06590792  2.97435572 -1.81915794 -0.00409807
  0.96007224  1.57091723]","[ 0.00000000e+00  1.63283947e-05 -1.23434545e-01  0.00000000e+00
 -1.91769203e-01  0.00000000e+00  1.85324169e-05  0.00000000e+00]","[ 0.          0.0481436  14.92974472  1.12603927 -4.38418341 -0.32522681
 -0.53319401 -0.06950819]"
1747093054.4649956,"[ 0.         -0.22760653  1.06566358  2.97435572 -1.81955155 -0.00409807
  0.96007224  1.57091723]","[ 0.00000000e+00  3.21332191e-05 -1.22894348e-01  0.00000000e+00
 -1.92339403e-01  0.00000000e+00  1.85324169e-05  0.00000000e+00]","[ 0.          0.0480356  15.15237141  1.13377047 -4.42206097 -0.33503488
 -0.52890146 -0.06633721]"
1747093054.466161,"[ 0.         -0.22760653  1.06553322  2.97435572 -1.8197425  -0.00409807
  0.96007224  1.57091723]","[ 0.00000000e+00  3.16623647e-05 -1.22760949e-01  0.00000000e+00
 -1.93659898e-01  0.00000000e+00  1.85325998e-05  0.00000000e+00]","[ 0.          0.03312069 15.24772072  1.1220572  -4.40221834 -0.33743048
 -0.55466568 -0.06053957]"
1747093054.4679801,"[ 0.         -0.22760653  1.06529346  2.97435572 -1.820126   -0.00409914
  0.96007224  1.57091723]","[ 0.00000000e+00  3.12051093e-05 -1.20733576e-01  0.00000000e+00
 -1.94003329e-01 -1.05820616e-05  1.85324169e-05  0.00000000e+00]","[ 0.          0.04140694 15.3629818   1.12732434 -4.41386652 -0.35343358
 -0.56334281 -0.07088524]"
1747093054.4697094,"[ 0.         -0.22760653  1.06505058  2.97435572 -1.82052653 -0.00409914
  0.96007224  1.57091723]","[ 0.00000000e+00  3.07608739e-05 -1.18000831e-01  0.00000000e+00
 -1.95820670e-01 -1.05819570e-05  1.85324169e-05  0.00000000e+00]","[ 0.          0.02973058 15.39910603  1.13990009 -4.45601702 -0.37177375
 -0.56985295 -0.08323548]"
1747093054.4714649,"[ 0.         -0.22760653  1.06493534  2.97435572 -1.82071802 -0.00409914
  0.96007224  1.57091723]","[ 0.00000000e+00  3.07608739e-05 -1.16952203e-01  0.00000000e+00
 -1.94200087e-01 -1.05819570e-05  1.85324169e-05  0.00000000e+00]","[ 0.          0.03975125 15.43496895  1.14663887 -4.48584986 -0.36446363
 -0.5599407  -0.07627077]"
1747093054.4726212,"[ 0.         -0.22760653  1.06470804  2.97435626 -1.82110231 -0.00409914
  0.96007224  1.57091723]","[ 0.00000000e+00  3.03291079e-05 -1.15061525e-01  6.54958888e-06
 -1.95550576e-01 -1.05820616e-05  1.85186086e-05  0.00000000e+00]","[ 0.          0.08266918 15.4244194   1.166821   -4.49390841 -0.36406624
 -0.55851662 -0.07193439]"
1747093054.474346,"[ 0.         -0.22760653  1.06459691  2.97435626 -1.8213111  -0.00409914
  0.96007224  1.57091723]","[ 0.00000000e+00  2.99092951e-05 -1.12630650e-01  6.47112974e-06
 -1.96602475e-01 -1.05820616e-05  1.05819570e-05  0.00000000e+00]","[ 0.          0.05677405 15.40831184  1.17730713 -4.46043921 -0.35911131
 -0.55622333 -0.07832274]"
1747093054.476111,"[ 0.         -0.22760653  1.06437328  2.97435626 -1.82170019 -0.00409914
  0.96007224  1.57091723]","[ 0.00000000e+00  2.98769992e-05 -1.08579183e-01  6.46516022e-06
 -1.97171159e-01 -1.05739739e-05  1.05819570e-05  0.00000000e+00]","[ 0.          0.04929582 15.43388462  1.18913174 -4.37790012 -0.34915093
 -0.56346971 -0.08077111]"
1747093054.4788375,"[ 0.         -0.227606    1.06426582  2.97435626 -1.82189354 -0.00409914
  0.96007224  1.57091723]","[ 0.00000000e+00  3.73860947e-05 -1.09008818e-01  6.38869888e-06
 -1.96090765e-01 -1.05819570e-05  1.05819570e-05  0.00000000e+00]","[ 0.          0.02334044 15.42755032  1.17675626 -4.35581827 -0.34672499
 -0.56584328 -0.07869167]"
1747093054.4834304,"[ 0.         -0.227606    1.06357013  2.97435626 -1.82307811 -0.00409914
  0.96007224  1.57091723]","[ 0.00000000e+00  3.58221418e-05 -1.12344269e-01  6.16979503e-06
 -1.92849598e-01 -1.05819570e-05  1.05819570e-05  0.00000000e+00]","[ 0.          0.08810448 15.43745708  1.21081817 -3.94817019 -0.34742796
 -0.49453759 -0.0793483 ]"
1747093054.4876647,"[ 0.         -0.22760546  1.06313484  2.97435626 -1.82384457 -0.00409914
  0.96007224  1.57091723]","[ 0.00000000e+00  4.18757943e-05 -1.07478465e-01  6.10005295e-06
 -1.89653139e-01 -1.05820616e-05  1.05819570e-05  0.00000000e+00]","[ 0.          0.11395986 15.2454567   1.21276999 -4.17762566 -0.35451818
 -0.51354092 -0.05848135]"
1747093054.4911869,"[ 0.         -0.22760546  1.06272019  2.97435626 -1.82461768 -0.00409914
  0.96007224  1.57091723]","[ 0.00000000e+00  4.07808733e-05 -1.03717433e-01  5.96018833e-06
 -1.95010370e-01 -1.05819570e-05  1.05820616e-05  0.00000000e+00]","[ 0.          0.17597623 14.9798727   1.24261463 -4.50975084 -0.36348769
 -0.54486394 -0.07824968]"
1747093054.494126,"[ 0.         -0.22760546  1.06241026  2.97435626 -1.82519719 -0.00409914
  0.96007224  1.57091723]","[ 0.00000000e+00  4.03132597e-05 -1.01556652e-01  5.89520988e-06
 -1.95550576e-01 -1.05820616e-05  1.05819570e-05  0.00000000e+00]","[ 0.          0.2489907  14.78452587  1.20539463 -4.5506525  -0.3637915
 -0.53543115 -0.06867801]"
1747093054.4971485,"[ 0.         -0.22760546  1.06211039  2.97435626 -1.82579187 -0.00409914
  0.96007224  1.57091723]","[ 0.00000000e+00  3.92975312e-05 -9.91257769e-02  5.82672093e-06
 -1.96701561e-01 -1.05819570e-05  1.05819570e-05  0.00000000e+00]","[ 0.          0.25631186 14.64674759  1.16710854 -4.46109009 -0.36966351
 -0.50431067 -0.07174221]"
1747093054.500119,"[ 0.         -0.22760546  1.06181511  2.97435626 -1.82638203 -0.00409914
  0.96007224  1.57091723]","[ 0.00000000e+00  3.87909634e-05 -1.01556652e-01  5.69897821e-06
 -1.93463673e-01 -1.05820616e-05  1.05819570e-05  0.00000000e+00]","[ 0.          0.2662842  14.31945705  1.13241959 -4.33299923 -0.36347017
 -0.45730469 -0.08667515]"
1747093054.5031307,"[ 0.         -0.22760493  1.06148494  2.97435626 -1.82697724 -0.00409914
  0.96007224  1.57091723]","[ 0.00000000e+00  4.47203573e-05 -1.11167410e-01  5.64402430e-06
 -1.97605554e-01 -1.05819570e-05  1.05819570e-05  0.00000000e+00]","[ 0.          0.26959997 14.06486797  1.13428056 -4.27604771 -0.35287148
 -0.44339067 -0.09204536]"
1747093054.5060194,"[ 0.         -0.22760493  1.06124573  2.97435626 -1.82756314 -0.00409914
  0.96007224  1.57091723]","[ 0.00000000e+00  4.36870251e-05 -1.18864253e-01  5.52414172e-06
 -1.98521648e-01 -1.05819570e-05  1.05819570e-05  0.00000000e+00]","[ 0.          0.2768175  13.99623013  1.11861002 -4.19342804 -0.36084732
 -0.44453347 -0.07842958]"
1747093054.508401,"[ 0.         -0.22760493  1.06100604  2.97435626 -1.82796847 -0.00409914
  0.96007323  1.57091723]","[ 0.00000000e+00  4.31880644e-05 -1.23434545e-01  5.46390302e-06
 -1.98050685e-01 -1.05899522e-05  1.85184257e-05  0.00000000e+00]","[ 0.          0.26692981 14.02165413  1.0951519  -4.1820569  -0.34663653
 -0.41617581 -0.0751119 ]"
1747093054.5101213,"[ 0.         -0.22760493  1.06074845  2.97435626 -1.82835783 -0.00409914
  0.96007323  1.57091723]","[ 0.00000000e+00  4.27003722e-05 -1.26506427e-01  5.40919090e-06
 -1.97981443e-01 -1.05899522e-05  1.85186086e-05  0.00000000e+00]","[ 0.          0.26703852 14.07777691  1.0671047  -4.1980567  -0.34638295
 -0.41437513 -0.08639125]"
1747093054.5118916,"[ 0.         -0.22760493  1.06048992  2.97435626 -1.8287589  -0.00409914
  0.96007323  1.57091723]","[ 0.00000000e+00  4.26632344e-05 -1.31807566e-01  5.35965944e-06
 -1.96090765e-01 -1.05819570e-05  1.85186086e-05  0.00000000e+00]","[ 0.          0.25071636 14.14678478  1.08128059 -4.2659955  -0.33976722
 -0.44233379 -0.07992125]"
1747093054.5142417,"[ 0.         -0.22760493  1.06021442  2.97435626 -1.82914825 -0.00409914
  0.96007323  1.57091723]","[ 0.00000000e+00  3.61916302e-05 -1.34913427e-01  5.35561762e-06
 -1.98521648e-01 -1.05979587e-05  1.85184257e-05  0.00000000e+00]","[ 0.          0.26686108 14.26855373  1.09097135 -4.34214354 -0.34707442
 -0.46586064 -0.08371719]"
1747093054.5159535,"[ 0.         -0.2276044   1.0599485   2.97435626 -1.82956104 -0.00409914
  0.96007323  1.57091723]","[ 0.00000000e+00  4.21872577e-05 -1.34372256e-01  5.30293632e-06
 -2.02303004e-01 -1.06059783e-05  1.85186086e-05  0.00000000e+00]","[ 0.          0.2816627  14.43153     1.07761526 -4.41570663 -0.33840841
 -0.49603373 -0.08101895]"
1747093054.518576,"[ 0.         -0.2276044   1.05967073  2.97435626 -1.82996265 -0.00409914
  0.96007323  1.57091723]","[ 0.00000000e+00  4.17217856e-05 -1.35665737e-01  5.30298914e-06
 -2.03923588e-01 -1.05978530e-05  1.85186086e-05  0.00000000e+00]","[ 0.          0.26670101 14.61759663  1.09444165 -4.42136765 -0.33512747
 -0.48780832 -0.08796456]"
1747093054.5202425,"[ 0.         -0.2276044   1.05940069  2.97435626 -1.83038396 -0.00409914
  0.96007323  1.57091723]","[ 0.00000000e+00  4.12317853e-05 -1.36939419e-01  5.30700455e-06
 -2.05544171e-01 -1.06059783e-05  1.85184257e-05  0.00000000e+00]","[ 0.          0.26642635 14.84715176  1.14912248 -4.4226861  -0.33402911
 -0.48327276 -0.09142096]"
1747093054.5226073,"[ 0.         -0.2276044   1.05913437  2.97435626 -1.83078663 -0.00409914
  0.96007323  1.57091723]","[ 0.00000000e+00  4.08205387e-05 -1.35048741e-01  5.30298914e-06
 -2.03113304e-01 -1.06059783e-05  1.85184257e-05  0.00000000e+00]","[ 0.          0.25243899 15.05446434  1.15979111 -4.38848448 -0.33855522
 -0.48864365 -0.07551295]"
1747093054.5242798,"[ 0.         -0.2276044   1.05886253  2.97435626 -1.83120395 -0.00409914
  0.96007323  1.57091723]","[ 0.00000000e+00  4.03513605e-05 -1.32347763e-01  5.30700455e-06
 -2.03177337e-01 -1.06059783e-05  1.85186086e-05  0.00000000e+00]","[ 0.          0.2112323  15.19816208  1.18530393 -4.41738939 -0.35225603
 -0.49764082 -0.06567951]"
1747093054.5267775,"[ 0.         -0.22760387  1.05846306  2.97435679 -1.83182393 -0.00409914
  0.96007323  1.57091723]","[ 0.00000000e+00  4.55913380e-05 -1.30727179e-01  1.06059783e-05
 -2.05379371e-01 -1.05979587e-05  1.85186086e-05  0.00000000e+00]","[ 0.          0.1846454  15.31183624  1.18472159 -4.51894951 -0.35687914
 -0.50517023 -0.07071152]"
1747093054.529094,"[ 0.         -0.22760387  1.05820772  2.97435679 -1.83223299 -0.00409914
  0.96007323  1.57091723]","[ 0.00000000e+00  4.51158612e-05 -1.28566399e-01  1.06059783e-05
 -2.08515244e-01 -1.06059783e-05  1.85046377e-05  0.00000000e+00]","[ 0.          0.19417173 15.36824036  1.22230792 -4.55267096 -0.3779763
 -0.51857132 -0.07483371]"
1747093054.530272,"[ 0.         -0.22760387  1.05794554  2.97435679 -1.83266602 -0.00409914
  0.96007323  1.57091723]","[ 0.00000000e+00  4.45787265e-05 -1.27771603e-01  1.05899522e-05
 -2.11397816e-01 -1.05980643e-05  1.85184257e-05  0.00000000e+00]","[ 0.          0.1680332  15.35993862  1.26114488 -4.54086542 -0.36565885
 -0.51703101 -0.07550549]"
1747093054.5320008,"[ 0.         -0.22760387  1.0578225   2.97435679 -1.83287641 -0.00409914
  0.96007323  1.57091723]","[ 0.00000000e+00  4.41235761e-05 -1.24785034e-01  1.05819570e-05
 -2.13377011e-01 -1.06059783e-05  1.85184257e-05  0.00000000e+00]","[ 0.          0.1717286  15.39006329  1.26290429 -4.51372004 -0.34850252
 -0.52387744 -0.08059918]"
1747093054.533707,"[ 0.         -0.22760387  1.05756943  2.97435679 -1.83329559 -0.00409914
  0.96007323  1.57091723]","[ 0.00000000e+00  4.36436211e-05 -1.23378078e-01  1.05899522e-05
 -2.13377011e-01 -1.05979587e-05  1.85186086e-05  0.00000000e+00]","[ 0.          0.13943648 15.41843319  1.24707377 -4.47594166 -0.35757497
 -0.50539589 -0.0631682 ]"
1747093054.5348535,"[ 0.         -0.22760387  1.05744912  2.97435679 -1.83350598 -0.00409914
  0.96007323  1.57091723]","[ 0.00000000e+00  4.36436211e-05 -1.22084056e-01  1.05899522e-05
 -2.13377011e-01 -1.06059783e-05  1.85186086e-05  0.00000000e+00]","[ 0.          0.13355732 15.38383007  1.2563417  -4.44557667 -0.36358178
 -0.48982051 -0.06463844]"
1747093054.5366282,"[ 0.         -0.22760333  1.05720671  2.97435679 -1.8339454  -0.00409914
  0.96007323  1.57091723]","[ 0.00000000e+00  4.86076841e-05 -1.23974743e-01  1.32374398e-05
 -2.14187294e-01 -1.06059783e-05  1.85044548e-05  0.00000000e+00]","[ 0.          0.11188146 15.33811092  1.30299067 -4.37907267 -0.37733126
 -0.48127317 -0.05494526]"
1747093054.538379,"[ 0.         -0.22760333  1.05707628  2.97435706 -1.83415659 -0.00409914
  0.96007323  1.57091723]","[ 0.00000000e+00  4.80898233e-05 -1.22876547e-01  1.58849283e-05
 -2.14187294e-01 -1.06060839e-05  1.85044548e-05  0.00000000e+00]","[ 0.          0.12075843 15.29401779  1.30638444 -4.36877203 -0.37729555
 -0.48927054 -0.06830934]"
1747093054.5400627,"[ 0.         -0.22760333  1.05683799  2.97435706 -1.83459868 -0.00409914
  0.96007323  1.57091723]","[ 0.00000000e+00  4.76552554e-05 -1.20463473e-01  1.32374398e-05
 -2.16888272e-01 -1.06059783e-05  1.85184257e-05  0.00000000e+00]","[ 0.          0.11732604 15.21056461  1.29530323 -4.33873844 -0.35688475
 -0.47645137 -0.07777079]"
1747093054.5412197,"[ 0.         -0.22760333  1.05672228  2.97435706 -1.83481493 -0.00409914
  0.96007323  1.57091723]","[ 0.00000000e+00  4.76547840e-05 -1.17222306e-01  1.32375708e-05
 -2.19319155e-01 -1.06059783e-05  1.85046377e-05  0.00000000e+00]","[ 0.          0.110106   15.12620163  1.26322889 -4.29725504 -0.37085226
 -0.47862607 -0.0944801 ]"
1747093054.544222,"[ 0.         -0.22760333  1.05648027  2.97435706 -1.83526367 -0.00409914
  0.96007323  1.57091723]","[ 0.00000000e+00  4.76188043e-05 -1.18722481e-01  1.32374398e-05
 -2.19466511e-01 -1.05979587e-05  1.85186086e-05  0.00000000e+00]","[ 0.          0.11298577 14.93591213  1.26776946 -4.25321293 -0.36803263
 -0.46092501 -0.09166001]"
1747093054.5491946,"[ 0.         -0.22760333  1.05573085  2.97435706 -1.83658513 -0.00409914
  0.96007323  1.57091723]","[ 0.00000000e+00  4.23278279e-05 -1.30594729e-01  1.32274462e-05
 -2.21209833e-01 -1.06059783e-05  1.85186086e-05  0.00000000e+00]","[ 0.          0.15779458 14.47959518  1.15599644 -4.18360043 -0.35055822
 -0.42754072 -0.08613797]"
1747093054.5535219,"[ 0.         -0.2276028   1.05518996  2.97435706 -1.83748981 -0.00409914
  0.96007323  1.57091723]","[ 0.00000000e+00  4.76192757e-05 -1.37209521e-01  1.32274462e-05
 -2.27446990e-01 -1.06059783e-05  1.85044548e-05  0.00000000e+00]","[ 0.          0.13854212 14.36996269  1.0712254  -4.18545389 -0.32855153
 -0.41514137 -0.06983903]"
1747093054.5570176,"[ 0.         -0.2276028   1.05461505  2.97435706 -1.83841818 -0.00409914
  0.96007323  1.57091723]","[ 0.00000000e+00  4.23278279e-05 -1.44232044e-01  1.58729355e-05
 -2.33465434e-01 -1.06058726e-05  1.05979587e-05  0.00000000e+00]","[ 0.          0.17998444 14.3952837   0.99795687 -4.28055477 -0.32163706
 -0.43742737 -0.07705761]"
1747093054.5600157,"[ 0.         -0.2276028   1.05418202  2.97435679 -1.839113   -0.00409914
  0.96007323  1.57091723]","[ 0.00000000e+00  4.23282464e-05 -1.42071272e-01  1.05899522e-05
 -2.36299670e-01 -1.06059783e-05  1.05979587e-05  0.00000000e+00]","[ 0.          0.17137712 14.39834595  0.96072018 -4.32129812 -0.32276002
 -0.45025596 -0.0748908 ]"
1747093054.5628858,"[ 0.         -0.22760227  1.05375266  2.97435679 -1.83986987 -0.00409914
  0.96007323  1.57091723]","[ 0.00000000e+00  4.76188043e-05 -1.41934951e-01  1.05899522e-05
 -2.38794070e-01 -1.06059783e-05  1.05979587e-05  0.00000000e+00]","[ 0.          0.16486052 14.3140049   0.9467048  -4.33412409 -0.31770054
 -0.43071344 -0.08329276]"
1747093054.5671086,"[ 0.         -0.22760227  1.05318008  2.97435679 -1.84084139 -0.00409914
  0.96007417  1.57091723]","[ 0.00000000e+00  4.23602275e-05 -1.46392833e-01  1.05898466e-05
 -2.43087735e-01 -1.05979587e-05  1.85464284e-05  0.00000000e+00]","[ 0.          0.13498719 14.20850945  0.90618354 -4.24544668 -0.29553452
 -0.45257869 -0.08359072]"
1747093054.5728636,"[ 0.         -0.22760227  1.05257947  2.97435679 -1.84181718 -0.00409914
  0.96007417  1.57091723]","[ 0.00000000e+00  4.23598089e-05 -1.51794789e-01  1.05899522e-05
 -2.42547529e-01  0.00000000e+00  1.85464284e-05  0.00000000e+00]","[ 0.          0.04000783 14.22846889  0.94505388 -4.092381   -0.30456647
 -0.4175103  -0.0618837 ]"
1747093054.5749874,"[ 0.         -0.2276028   1.051971    2.97435706 -1.84279802 -0.00409914
  0.96007417  1.57091723]","[ 0.00000000e+00  3.70368514e-05 -1.51640975e-01  7.93654595e-06
 -2.46888782e-01  0.00000000e+00  1.85464284e-05  0.00000000e+00]","[ 0.         -0.02275579 14.2719698   0.96212858 -4.09163761 -0.31421745
 -0.43172291 -0.06689271]"
1747093054.5767918,"[ 0.         -0.22760227  1.05166334  2.97435706 -1.84306114 -0.00409914
  0.96007417  1.57091723]","[ 0.00000000e+00  4.23282464e-05 -1.50444300e-01  7.94246417e-06
 -2.47759236e-01  0.00000000e+00  1.85464284e-05  0.00000000e+00]","[ 0.         -0.06782015 14.22946453  0.985605   -4.10438156 -0.30949843
 -0.4459267  -0.06224042]"
1747093054.579101,"[ 0.         -0.22760227  1.05135614  2.97435706 -1.8435501  -0.00409914
  0.96007417  1.57091723]","[ 0.00000000e+00  3.70372172e-05 -1.49567937e-01  7.93646773e-06
 -2.48219580e-01  0.00000000e+00  1.85466133e-05  0.00000000e+00]","[ 0.         -0.10158696 14.17361736  1.00223649 -4.1265769  -0.28401145
 -0.41721395 -0.08121962]"
1747093054.580838,"[ 0.         -0.2276028   1.0510586   2.97435706 -1.84405663 -0.00409914
  0.96007417  1.57091723]","[ 0.00000000e+00  3.17458709e-05 -1.50984489e-01  7.94246417e-06
 -2.46988733e-01  0.00000000e+00  1.85604623e-05  0.00000000e+00]","[ 0.         -0.12117498 14.13252068  0.98175132 -4.17547083 -0.27268544
 -0.41957572 -0.0666514 ]"
1747093054.5826485,"[ 0.         -0.2276028   1.05090707  2.97435706 -1.84429871 -0.00409914
  0.96007417  1.57091723]","[ 0.00000000e+00  3.17458709e-05 -1.53685467e-01  7.93646773e-06
 -2.45269846e-01  0.00000000e+00  1.85464284e-05  0.00000000e+00]","[ 0.         -0.1270337  14.09471416  0.98287451 -4.17547083 -0.27325386
 -0.42762589 -0.05704731]"
1747093054.5838013,"[ 0.         -0.2276028   1.05058702  2.97435706 -1.84477941 -0.00409914
  0.96007417  1.57091723]","[ 0.00000000e+00  3.17461838e-05 -1.57733356e-01  7.93646773e-06
 -2.43898018e-01  0.00000000e+00  1.85604623e-05  0.00000000e+00]","[ 0.         -0.17674178 14.11544514  0.96799934 -4.2410264  -0.2976031
 -0.4439126  -0.06258749]"
1747093054.5856237,"[ 0.         -0.2276028   1.0502743   2.97435706 -1.84528275 -0.00409914
  0.96007417  1.57091723]","[ 0.00000000e+00  3.17458709e-05 -1.59196047e-01  7.93646773e-06
 -2.46328902e-01  0.00000000e+00  1.85464284e-05  0.00000000e+00]","[ 0.         -0.18310477 14.2487011   0.94773436 -4.32223225 -0.31490913
 -0.42931831 -0.08984243]"
1747093054.5874002,"[ 0.         -0.2276028   1.04995199  2.97435706 -1.84576851 -0.00409914
  0.96007417  1.57091723]","[ 0.00000000e+00  2.64548924e-05 -1.56386445e-01  7.93646773e-06
 -2.47428438e-01  0.00000000e+00  1.85604623e-05  0.00000000e+00]","[ 0.         -0.17742547 14.32419014  0.9390831  -4.38304329 -0.3178319
 -0.44248971 -0.07499246]"
1747093054.5891714,"[ 0.         -0.22760227  1.04979813  2.97435706 -1.84601272 -0.00409914
  0.96007417  1.57091723]","[ 0.00000000e+00  3.17458709e-05 -1.56116334e-01  7.93646773e-06
 -2.47679391e-01  0.00000000e+00  1.85464284e-05  0.00000000e+00]","[ 0.         -0.19168411 14.37319565  0.93028641 -4.39871359 -0.31653768
 -0.44163635 -0.06859563]"
1747093054.59098,"[ 0.         -0.2276028   1.04949692  2.97435706 -1.84651792 -0.00409914
  0.96007417  1.57091723]","[ 0.00000000e+00  2.64546283e-05 -1.52334978e-01  7.93646773e-06
 -2.46328902e-01  0.00000000e+00  1.85464284e-05  0.00000000e+00]","[ 0.         -0.20282327 14.39799213  0.93430388 -4.43453646 -0.30118239
 -0.4481515  -0.07636525]"
1747093054.5927234,"[ 0.         -0.2276028   1.0491888   2.97435706 -1.84700608 -0.00409914
  0.96007417  1.57091723]","[ 0.00000000e+00  2.64548924e-05 -1.49634000e-01  7.94254290e-06
 -2.47679391e-01  0.00000000e+00  1.85604623e-05  0.00000000e+00]","[ 0.         -0.22063774 14.36834908  0.91078222 -4.53381443 -0.27867898
 -0.43803293 -0.06281545]"
1747093054.5945501,"[ 0.         -0.2276028   1.04889671  2.97435706 -1.84751714 -0.00409914
  0.96007417  1.57091723]","[ 0.00000000e+00  2.64548924e-05 -1.47743322e-01  7.93646773e-06
 -2.50110258e-01  0.00000000e+00  1.85464284e-05  0.00000000e+00]","[ 0.         -0.25059599 14.25973988  0.88700312 -4.64893579 -0.27770853
 -0.43572241 -0.055969  ]"
1747093054.5970325,"[ 0.         -0.2276028   1.04859738  2.97435679 -1.84801435 -0.00409914
  0.96007417  1.57091723]","[ 0.00000000e+00  2.64751417e-05 -1.46662928e-01  5.29097849e-06
 -2.52811236e-01  0.00000000e+00  1.85604623e-05  0.00000000e+00]","[ 0.         -0.2459871  14.21282673  0.83244962 -4.68927622 -0.28321716
 -0.46125591 -0.07436773]"
1747093054.5993004,"[ 0.         -0.2276028   1.04830163  2.97435679 -1.84853473 -0.00409914
  0.96007417  1.57091723]","[ 0.00000000e+00  2.64748795e-05 -1.51640975e-01  5.29103081e-06
 -2.54431819e-01  0.00000000e+00  1.85466133e-05  0.00000000e+00]","[ 0.         -0.26565397 14.15320587  0.81810564 -4.67691612 -0.28891215
 -0.459288   -0.08755787]"
1747093054.6009996,"[ 0.         -0.2276028   1.04798571  2.97435679 -1.84903248 -0.00409914
  0.96007417  1.57091723]","[ 0.00000000e+00  2.64548924e-05 -1.54495751e-01  5.29097849e-06
 -2.52285261e-01  0.00000000e+00  1.85464284e-05  0.00000000e+00]","[ 0.         -0.28049621 14.1429987   0.81213492 -4.59250259 -0.29302526
 -0.45219788 -0.08069187]"
1747093054.602695,"[ 0.         -0.2276028   1.04768078  2.97435679 -1.84954993 -0.00409914
  0.96007417  1.57091723]","[ 0.00000000e+00  2.64548924e-05 -1.54225656e-01  5.29097849e-06
 -2.52811236e-01  0.00000000e+00  1.85464284e-05  0.00000000e+00]","[ 0.         -0.26333568 14.22323036  0.78218806 -4.51339006 -0.29110759
 -0.43174687 -0.0642488 ]"
1747093054.6049914,"[ 0.         -0.2276028   1.04736213  2.97435679 -1.85004581 -0.00409914
  0.96007417  1.57091723]","[ 0.00000000e+00  2.11799045e-05 -1.55958159e-01  5.29502843e-06
 -2.51460747e-01  0.00000000e+00  1.85464284e-05  0.00000000e+00]","[ 0.         -0.27547017 14.19527817  0.78682327 -4.41777611 -0.27214637
 -0.40798032 -0.04670403]"
1747093054.608063,"[ 0.         -0.2276028   1.04704256  2.97435679 -1.85056673 -0.00409914
  0.96007417  1.57091723]","[ 0.00000000e+00  2.11639139e-05 -1.55727213e-01  5.29097849e-06
 -2.54713682e-01  0.00000000e+00  1.05979587e-05  0.00000000e+00]","[ 0.         -0.30353758 14.11957741  0.78126681 -4.3906436  -0.2654058
 -0.40820366 -0.05359555]"
1747093054.6092021,"[ 0.         -0.2276028   1.04673443  2.97435679 -1.85106793 -0.00409914
  0.96007417  1.57091723]","[ 0.00000000e+00  2.11801137e-05 -1.56386445e-01  5.29502843e-06
 -2.54701914e-01  0.00000000e+00  1.05979587e-05  0.00000000e+00]","[ 0.         -0.28014651 14.05567646  0.76930785 -4.45483637 -0.25805622
 -0.39659479 -0.06227658]"
1747093054.6109571,"[ 0.         -0.2276028   1.04641438  2.97435679 -1.85158831 -0.00409914
  0.96007417  1.57091723]","[ 0.00000000e+00  2.11639139e-05 -1.56332316e-01  5.29103081e-06
 -2.54780760e-01  0.00000000e+00  1.05979587e-05  0.00000000e+00]","[ 0.         -0.30055302 13.93450642  0.78602815 -4.5532732  -0.2664696
 -0.41918823 -0.06133877]"
1747093054.6127632,"[ 0.         -0.2276028   1.04610439  2.97435679 -1.85209032 -0.00409914
  0.96007417  1.57091723]","[ 0.00000000e+00  2.11799045e-05 -1.58656407e-01  5.29097849e-06
 -2.53891630e-01  0.00000000e+00  1.05979587e-05  0.00000000e+00]","[ 0.         -0.28922853 13.91769409  0.77581054 -4.59182596 -0.26561299
 -0.455461   -0.06439426]"
1747093054.6140356,"[ 0.         -0.2276028   1.04594646  2.97435679 -1.85234039 -0.00409914
  0.96007417  1.57091723]","[ 0.00000000e+00  2.11799045e-05 -1.60167801e-01  5.29497611e-06
 -2.53364557e-01  0.00000000e+00  1.05979587e-05  0.00000000e+00]","[ 0.         -0.28057531 13.89069557  0.76719433 -4.6078577  -0.26473835
 -0.44678259 -0.06825382]"
1747093054.6158075,"[ 0.         -0.2276028   1.0456149   2.97435679 -1.85286397 -0.00409914
  0.96007417  1.57091723]","[ 0.00000000e+00  2.11801137e-05 -1.62598684e-01  5.29103081e-06
 -2.56052403e-01  0.00000000e+00  1.05819570e-05  0.00000000e+00]","[ 0.         -0.258645   13.91660786  0.77305073 -4.57688999 -0.25529382
 -0.42649451 -0.06874892]"
1747093054.6176462,"[ 0.         -0.2276028   1.04529392  2.97435679 -1.85336864 -0.00409914
  0.96007417  1.57091723]","[ 0.00000000e+00  1.58849283e-05 -1.62973591e-01  5.29497611e-06
 -2.55782308e-01  0.00000000e+00  1.05819570e-05  0.00000000e+00]","[ 0.         -0.27709609 14.02514172  0.78937095 -4.51344919 -0.2525751
 -0.42131019 -0.05306322]"
1747093054.6193168,"[ 0.         -0.2276028   1.04496056  2.97435679 -1.85389248 -0.00409914
  0.96007417  1.57091723]","[ 0.00000000e+00  1.58849283e-05 -1.63138873e-01  5.29097849e-06
 -2.55253321e-01  0.00000000e+00  1.05819570e-05  0.00000000e+00]","[ 0.         -0.28341171 14.10804367  0.79352975 -4.42798901 -0.26693064
 -0.42180088 -0.03422353]"
1747093054.6210732,"[ 0.         -0.2276028   1.04479984  2.97435679 -1.85414415 -0.00409914
  0.9600751   1.57091723]","[ 0.00000000e+00  1.58849283e-05 -1.63138873e-01  5.29097849e-06
 -2.55242119e-01  0.00000000e+00  1.85184257e-05  0.00000000e+00]","[ 0.         -0.29371929 14.15552711  0.76988667 -4.39599037 -0.27148339
 -0.42180088 -0.03889614]"
1747093054.6222146,"[ 0.         -0.2276028   1.04446601  2.97435679 -1.85466347 -0.00409914
  0.9600751   1.57091723]","[ 0.00000000e+00  1.58849283e-05 -1.63153138e-01  5.29502843e-06
 -2.53276140e-01  0.00000000e+00  1.85464284e-05  0.00000000e+00]","[ 0.         -0.30462089 14.1269722   0.78334421 -4.4397788  -0.26298863
 -0.40992022 -0.04826128]"
1747093054.6239772,"[ 0.         -0.2276028   1.04430622  2.97435679 -1.8549138  -0.00409914
  0.9600751   1.57091723]","[ 0.00000000e+00  1.58849283e-05 -1.61894295e-01  5.29097849e-06
 -2.53891630e-01  0.00000000e+00  1.85184257e-05  0.00000000e+00]","[ 0.         -0.30051538 14.05339527  0.77175891 -4.52198887 -0.25578105
 -0.41960153 -0.04532082]"
1747093054.6252036,"[ 0.         -0.2276028   1.0441469   2.97435679 -1.85516308 -0.00409914
  0.9600751   1.57091723]","[ 0.00000000e+00  1.58849283e-05 -1.61518290e-01  5.29097849e-06
 -2.52555090e-01  0.00000000e+00  1.85325998e-05  0.00000000e+00]","[ 0.         -0.29485995 14.11267281  0.76777077 -4.60553885 -0.2532146
 -0.41905406 -0.06092106]"
1747093054.6269703,"[ 0.         -0.2276028   1.04381214  2.97435679 -1.85568372 -0.00409914
  0.9600751   1.57091723]","[ 0.00000000e+00  1.05899522e-05 -1.64002570e-01  0.00000000e+00
 -2.55253321e-01  0.00000000e+00  1.85184257e-05  0.00000000e+00]","[ 0.         -0.29474801 14.0426836   0.78517115 -4.7817831  -0.25485924
 -0.44565126 -0.0742261 ]"
1747093054.6286929,"[ 0.         -0.2276028   1.04365002  2.97435679 -1.85593672 -0.00409914
  0.9600751   1.57091723]","[ 0.00000000e+00  1.05899522e-05 -1.64489362e-01  0.00000000e+00
 -2.56592608e-01  0.00000000e+00  1.85184257e-05  0.00000000e+00]","[ 0.         -0.26599595 13.99289417  0.78156245 -4.8522191  -0.24285465
 -0.46791002 -0.08420976]"
1747093054.6299055,"[ 0.         -0.2276028   1.04332678  2.97435679 -1.85644752 -0.00409914
  0.9600751   1.57091723]","[ 0.00000000e+00  1.05899522e-05 -1.63243403e-01  0.00000000e+00
 -2.59833775e-01  0.00000000e+00  1.85184257e-05  0.00000000e+00]","[ 0.         -0.24156764 14.08231258  0.76799798 -4.82796097 -0.23418878
 -0.46554488 -0.07010184]"
1747093054.6315663,"[ 0.         -0.2276028   1.04316419  2.97435679 -1.85672262 -0.00409914
  0.9600751   1.57091723]","[ 0.00000000e+00  1.06140091e-05 -1.64759457e-01  0.00000000e+00
 -2.58800136e-01  0.00000000e+00  1.85186086e-05  0.00000000e+00]","[ 0.         -0.23304658 14.21125698  0.7531026  -4.82187557 -0.23738495
 -0.47000051 -0.05679418]"
1747093054.6348524,"[ 0.         -0.2276028   1.04282164  2.97435679 -1.85723448 -0.00409914
  0.9600751   1.57091723]","[ 0.00000000e+00  1.06059783e-05 -1.67730529e-01  0.00000000e+00
 -2.59833775e-01  0.00000000e+00  1.85184257e-05  0.00000000e+00]","[ 0.         -0.26036036 14.26002216  0.79049635 -4.69689512 -0.24379994
 -0.44817021 -0.06224515]"
1747093054.6391497,"[ 0.         -0.2276028   1.04180591  2.97435626 -1.85878338 -0.00409914
  0.9600751   1.57091723]","[ 0.00000000e+00  5.30700455e-06 -1.70431507e-01 -7.95448397e-06
 -2.59570505e-01  0.00000000e+00  1.85184257e-05  0.00000000e+00]","[ 0.         -0.324922   14.28946781  0.77261823 -4.52309561 -0.26383781
 -0.41328919 -0.07631677]"
1747093054.6434846,"[ 0.         -0.2276028   1.04127927  2.97435626 -1.85957407 -0.00409807
  0.9600751   1.57091723]","[ 0.00000000e+00  5.30298914e-06 -1.73672674e-01 -7.95440473e-06
 -2.60914170e-01  1.05819570e-05  1.85324169e-05  0.00000000e+00]","[ 0.         -0.31184605 14.16193771  0.77180916 -4.51964664 -0.23781522
 -0.42064884 -0.0504853 ]"
1747093054.647751,"[ 0.         -0.2276028   1.04058359  2.97435626 -1.86062016 -0.00409807
  0.9600751   1.57091723]","[ 0.00000000e+00  5.30298914e-06 -1.73132485e-01 -7.95448397e-06
 -2.61724453e-01  1.05820616e-05  1.85044548e-05  0.00000000e+00]","[ 0.         -0.31660822 14.23035908  0.73032504 -4.49671412 -0.2225841
 -0.43014902 -0.04005948]"
1747093054.650835,"[ 0.         -0.2276028   1.04004676  2.97435626 -1.86141724 -0.00409807
  0.9600751   1.57091723]","[ 0.00000000e+00  5.30298914e-06 -1.77794831e-01 -7.95448397e-06
 -2.63306887e-01  1.05819570e-05  1.84905043e-05  0.00000000e+00]","[ 0.         -0.36130092 14.33037472  0.7470538  -4.36751604 -0.22586338
 -0.39722922 -0.05765666]"
1747093054.6538627,"[ 0.         -0.2276028   1.03932724  2.97435626 -1.86244176 -0.00409807
  0.9600751   1.57091723]","[ 0.00000000e+00  0.00000000e+00 -1.81235403e-01 -7.96050683e-06
 -2.57672986e-01  1.05819570e-05  1.85046377e-05  0.00000000e+00]","[ 0.         -0.34771806 14.41251087  0.75987393 -4.29463863 -0.24607062
 -0.41700241 -0.04799575]"
1747093054.656931,"[ 0.         -0.2276028   1.03879088  2.97435626 -1.8632242  -0.00409807
  0.9600751   1.57091723]","[ 0.00000000e+00  0.00000000e+00 -1.80695214e-01 -7.96050683e-06
 -2.57943097e-01  1.05899522e-05  1.84906892e-05  0.00000000e+00]","[ 0.         -0.32762688 14.41253853  0.74861705 -4.46221828 -0.267295
 -0.44895524 -0.05257292]"
1747093054.6598682,"[ 0.         -0.22760333  1.03825086  2.97435626 -1.86401409 -0.00409807
  0.9600751   1.57091723]","[ 0.00000000e+00 -5.30700455e-06 -1.76913841e-01 -5.30298914e-06
 -2.60914170e-01  1.05819570e-05  1.84906892e-05  0.00000000e+00]","[ 0.         -0.34579018 14.46260738  0.76362044 -4.6013546  -0.25781241
 -0.45034897 -0.04222314]"
1747093054.664865,"[ 0.         -0.22760333  1.03771177  2.97435626 -1.86480425 -0.00409807
  0.9600751   1.57091723]","[ 0.00000000e+00 -5.30298914e-06 -1.78174948e-01 -5.30298914e-06
 -2.60799204e-01  1.05819570e-05  1.84906892e-05  0.00000000e+00]","[ 0.         -0.37231314 14.5292263   0.78167492 -4.7320981  -0.23700429
 -0.45109358 -0.03992077]"
1747093054.667072,"[ 0.         -0.22760333  1.03699272  2.97435626 -1.86585753 -0.00409807
  0.9600751   1.57091723]","[ 0.00000000e+00 -5.30293632e-06 -1.80512138e-01 -5.30298914e-06
 -2.63615131e-01  1.05819570e-05  1.84905043e-05  0.00000000e+00]","[ 0.         -0.34055799 14.53768444  0.75674891 -4.72137117 -0.23992248
 -0.42716652 -0.07072955]"
1747093054.66875,"[ 0.         -0.22760333  1.03663912  2.97435626 -1.86638031 -0.00409807
  0.9600751   1.57091723]","[ 0.00000000e+00 -1.06059783e-05 -1.78623358e-01 -5.30293632e-06
 -2.65236813e-01  1.05899522e-05  1.05661077e-05  0.00000000e+00]","[ 0.         -0.35476285 14.52373791  0.75549471 -4.66234922 -0.23965722
 -0.41718727 -0.0616219 ]"
1747093054.6710944,"[ 0.         -0.22760333  1.03625156  2.97435626 -1.86692067 -0.00409807
  0.9600751   1.57091723]","[ 0.00000000e+00 -1.06059783e-05 -1.75515881e-01 -5.30298914e-06
 -2.63615131e-01  1.05820616e-05  1.05661077e-05  0.00000000e+00]","[ 0.         -0.36789843 14.46169853  0.75915027 -4.59344006 -0.23948
 -0.39950249 -0.06105353]"
1747093054.6727648,"[ 0.         -0.22760333  1.03593518  2.97435626 -1.86744185 -0.00409807
  0.9600751   1.57091723]","[ 0.00000000e+00 -5.30695172e-06 -1.73402580e-01 -5.30298914e-06
 -2.64425431e-01  1.05899522e-05  1.05661077e-05  0.00000000e+00]","[ 0.         -0.38470268 14.36958694  0.75966591 -4.52964592 -0.2195061
 -0.36802477 -0.04381431]"
1747093054.6751337,"[ 0.         -0.22760333  1.03558437  2.97435626 -1.86797901 -0.00409807
  0.9600751   1.57091723]","[ 0.00000000e+00 -5.30298914e-06 -1.71241807e-01 -7.96050683e-06
 -2.62053037e-01  1.05819570e-05  1.05661077e-05  0.00000000e+00]","[ 0.         -0.42198449 14.18791962  0.73662996 -4.43225288 -0.22857578
 -0.36626977 -0.03900938]"
1747093054.676836,"[ 0.         -0.22760333  1.03524735  2.97435626 -1.86849752 -0.00409807
  0.9600751   1.57091723]","[ 0.00000000e+00 -5.30700455e-06 -1.71241807e-01 -7.95448397e-06
 -2.63074942e-01  1.05899522e-05  1.05661077e-05  0.00000000e+00]","[ 0.         -0.42932546 14.05659389  0.70865148 -4.328794   -0.24323981
 -0.36486384 -0.05057763]"
1747093054.678534,"[ 0.         -0.22760333  1.03503842  2.97435626 -1.86875638 -0.00409807
  0.9600751   1.57091723]","[ 0.00000000e+00 -1.06059783e-05 -1.71986677e-01 -7.95448397e-06
 -2.62534753e-01  1.05820616e-05  1.05740785e-05  0.00000000e+00]","[ 0.         -0.42165577 13.99752903  0.72329783 -4.30172539 -0.2420166
 -0.366072   -0.05298369]"
1747093054.6802523,"[ 0.         -0.22760333  1.03471838  2.97435626 -1.86929407 -0.00409807
  0.96007603  1.57091723]","[ 0.00000000e+00 -1.06058726e-05 -1.76586106e-01 -7.95448397e-06
 -2.63345037e-01  1.05899522e-05  1.84906892e-05  0.00000000e+00]","[ 0.         -0.39538249 13.90882969  0.7230975  -4.253335   -0.22448206
 -0.35335925 -0.05159542]"
1747093054.6821046,"[ 0.         -0.22760333  1.03432756  2.97435572 -1.86981126 -0.00409807
  0.96007603  1.57091723]","[ 0.00000000e+00 -5.30298914e-06 -1.77690319e-01 -1.32574726e-05
 -2.61184264e-01  1.05819570e-05  1.84767610e-05  0.00000000e+00]","[ 0.         -0.36014861 13.87887478  0.71069574 -4.20610237 -0.23465888
 -0.33808821 -0.05720666]"
1747093054.6832087,"[ 0.         -0.22760333  1.03415172  2.97435572 -1.87009036 -0.00409807
  0.96007603  1.57091723]","[ 0.00000000e+00 -5.30298914e-06 -1.78264330e-01 -1.32675109e-05
 -2.62558122e-01  1.05819570e-05  1.84906892e-05  0.00000000e+00]","[ 0.         -0.33780548 13.88852119  0.70124888 -4.1617651  -0.25041115
 -0.34536561 -0.07099698]"
1747093054.6850543,"[ 0.         -0.22760333  1.03379632  2.97435572 -1.87060968 -0.00409807
  0.96007603  1.57091723]","[ 0.00000000e+00 -5.30700455e-06 -1.80196320e-01 -1.32574726e-05
 -2.63615131e-01  1.05899522e-05  1.84905043e-05  0.00000000e+00]","[ 0.         -0.31487328 13.83258247  0.6896165  -4.16358471 -0.27069122
 -0.35537651 -0.07696845]"
1747093054.6861768,"[ 0.         -0.22760333  1.03360251  2.97435572 -1.87115083 -0.00409807
  0.96007603  1.57091723]","[ 0.00000000e+00 -5.30298914e-06 -1.82559443e-01 -1.32675109e-05
 -2.64811490e-01  1.05819570e-05  1.84905043e-05  0.00000000e+00]","[ 0.         -0.34753504 13.80719185  0.67463773 -4.17804861 -0.26078558
 -0.35526559 -0.05971647]"
1747093054.687848,"[ 0.         -0.22760333  1.03342248  2.97435572 -1.87141422 -0.00409807
  0.96007603  1.57091723]","[ 0.00000000e+00 -5.30298914e-06 -1.82585892e-01 -1.32574726e-05
 -2.66855749e-01  1.06059783e-05  1.84905043e-05  0.00000000e+00]","[ 0.         -0.3443161  13.82252407  0.67457002 -4.20621252 -0.25403315
 -0.34817088 -0.04184901]"
1747093054.6897137,"[ 0.         -0.22760333  1.03321223  2.97435572 -1.8716784  -0.00409807
  0.96007603  1.57091723]","[ 0.00000000e+00 -5.30700455e-06 -1.84876743e-01 -1.32574726e-05
 -2.67936692e-01  1.05899522e-05  1.84906892e-05  0.00000000e+00]","[ 0.         -0.33128381 13.82549     0.67319238 -4.19295549 -0.23888788
 -0.34394225 -0.05370138]"
1747093054.6908395,"[ 0.         -0.22760333  1.03284531  2.97435572 -1.87221157 -0.00409807
  0.96007603  1.57091723]","[ 0.00000000e+00 -1.06140091e-05 -1.87527553e-01 -1.32574726e-05
 -2.70637670e-01  1.05978530e-05  1.84906892e-05  0.00000000e+00]","[ 0.         -0.34444395 13.83574104  0.6530928  -4.18842793 -0.20894656
 -0.34772494 -0.05652156]"
1747093054.6925764,"[ 0.         -0.22760333  1.0324509   2.97435572 -1.87276923 -0.00409807
  0.96007703  1.57091723]","[ 0.00000000e+00 -5.30293632e-06 -1.95010370e-01 -1.32574726e-05
 -2.73608743e-01  1.06059783e-05  2.90565073e-05  0.00000000e+00]","[ 0.         -0.33212531 13.84131432  0.62826931 -4.16673899 -0.18132904
 -0.34204134 -0.04743854]"
1747093054.6937485,"[ 0.         -0.22760333  1.03225662  2.97435572 -1.87303928 -0.00409807
  0.96007703  1.57091723]","[ 0.00000000e+00 -5.30700455e-06 -1.97171159e-01 -1.32573405e-05
 -2.73878837e-01  1.06059783e-05  2.90346225e-05  0.00000000e+00]","[ 0.         -0.33663028 13.88590431  0.6311267  -4.14973116 -0.18182348
 -0.34643975 -0.03117499]"
1747093054.6954882,"[ 0.         -0.22760333  1.03185069  2.97435572 -1.8736028  -0.00409807
  0.96007703  1.57091723]","[ 0.00000000e+00 -5.30298914e-06 -1.98608617e-01 -1.32574726e-05
 -2.76346839e-01  1.06059783e-05  2.90567959e-05  0.00000000e+00]","[ 0.         -0.33333629 13.97510338  0.62576449 -4.16252947 -0.2026085
 -0.36313549 -0.02203206]"
1747093054.697162,"[ 0.         -0.22760333  1.03165414  2.97435546 -1.87387871 -0.00409807
  0.96007703  1.57091723]","[ 0.00000000e+00 -5.30298914e-06 -1.99129981e-01 -1.32574726e-05
 -2.79820999e-01  1.06059783e-05  2.90565073e-05  0.00000000e+00]","[ 0.         -0.33725727 13.99565887  0.62600392 -4.16795349 -0.22311793
 -0.37063295 -0.01876858]"
1747093054.699635,"[ 0.         -0.22760333  1.03126199  2.97435546 -1.87445741 -0.00409807
  0.96007703  1.57091723]","[ 0.00000000e+00 -5.30705738e-06 -1.98521648e-01 -1.32675109e-05
 -2.83368363e-01  1.05978530e-05  2.90565073e-05  0.00000000e+00]","[ 0.         -0.33069292 14.08420849  0.62401962 -4.192523   -0.23616327
 -0.37918836 -0.03444239]"
1747093054.7013204,"[ 0.         -0.22760333  1.03085613  2.97435546 -1.87501934 -0.00409807
  0.96007703  1.57091723]","[ 0.00000000e+00 -5.30298914e-06 -1.97441254e-01 -1.32574726e-05
 -2.85493033e-01  1.06059783e-05  2.90567959e-05  0.00000000e+00]","[ 0.         -0.34701577 14.11797428  0.61433762 -4.18109417 -0.23386872
 -0.37224972 -0.04756175]"
1747093054.702488,"[ 0.         -0.22760333  1.03046671  2.97435546 -1.87558286 -0.00409807
  0.96007703  1.57091723]","[ 0.00000000e+00 -5.30695172e-06 -1.97780857e-01 -1.32675109e-05
 -2.85493033e-01  1.06058726e-05  2.90567959e-05  0.00000000e+00]","[ 0.         -0.36761117 14.1400423   0.62175876 -4.17918015 -0.20632394
 -0.37820685 -0.04606109]"
1747093054.7043254,"[ 0.         -0.22760333  1.03027017  2.97435493 -1.8758854  -0.00409807
  0.96007703  1.57091723]","[ 0.00000000e+00 -5.30700455e-06 -1.99331932e-01 -1.85604623e-05
 -2.84872982e-01  1.05978530e-05  2.90567959e-05  0.00000000e+00]","[ 0.         -0.38138247 14.17650986  0.60299551 -4.18395472 -0.20204155
 -0.38745412 -0.0470069 ]"
1747093054.7060006,"[ 0.         -0.22760333  1.02985551  2.97435493 -1.87645239 -0.00409807
  0.96007703  1.57091723]","[ 0.00000000e+00 -5.30298914e-06 -2.03653493e-01 -1.85602774e-05
 -2.88734200e-01  1.06059783e-05  2.90565073e-05  0.00000000e+00]","[ 0.         -0.38144943 14.24426174  0.60361874 -4.11257744 -0.21234529
 -0.36619577 -0.03056754]"
1747093054.7072062,"[ 0.         -0.22760387  1.02945284  2.97435493 -1.8770468  -0.00409807
  0.96007703  1.57091723]","[ 0.00000000e+00 -1.06140091e-05 -2.05274077e-01 -1.85604623e-05
 -2.90367217e-01  1.05978530e-05  2.90567959e-05  0.00000000e+00]","[ 0.         -0.41015965 14.33524609  0.59939718 -4.03375912 -0.17035267
 -0.37133348 -0.03222872]"
1747093054.709038,"[ 0.         -0.22760387  1.02923426  2.97435493 -1.87733469 -0.00409807
  0.96007703  1.57091723]","[ 0.00000000e+00 -1.06059783e-05 -2.05880911e-01 -1.85604623e-05
 -2.91975367e-01  1.06059783e-05  2.90567959e-05  0.00000000e+00]","[ 0.         -0.41992378 14.3432436   0.61701214 -3.96884561 -0.16654523
 -0.35171488 -0.05112728]"
1747093054.710183,"[ 0.         -0.22760387  1.02903033  2.97435493 -1.87762125 -0.00409807
  0.96007703  1.57091723]","[ 0.00000000e+00 -1.06058726e-05 -2.06685036e-01 -1.85604623e-05
 -2.90624878e-01  1.06058726e-05  2.90567959e-05  0.00000000e+00]","[ 0.         -0.43002221 14.42657471  0.64216971 -3.920506   -0.17432459
 -0.35066879 -0.05256967]"
1747093054.7119777,"[ 0.         -0.22760387  1.02862167  2.97435493 -1.8782154  -0.00409807
  0.96007703  1.57091723]","[ 0.00000000e+00 -1.06059783e-05 -2.06894660e-01 -1.85604623e-05
 -2.90139117e-01  1.05979587e-05  2.90565073e-05  0.00000000e+00]","[ 0.         -0.4625302  14.52169418  0.62812191 -3.87593603 -0.18531357
 -0.35835704 -0.03846564]"
1747093054.7137532,"[ 0.         -0.22760387  1.02819829  2.97435493 -1.87878798 -0.00409807
  0.96007703  1.57091723]","[ 0.00000000e+00 -1.06059783e-05 -2.06354471e-01 -1.85604623e-05
 -2.90919956e-01  1.06059783e-05  2.90567959e-05  0.00000000e+00]","[ 0.         -0.50917637 14.62654877  0.6159085  -3.93268657 -0.20800212
 -0.37737176 -0.03717544]"
1747093054.7149186,"[ 0.         -0.22760387  1.02799396  2.97435439 -1.87909824 -0.00409807
  0.96007703  1.57091723]","[ 0.00000000e+00 -1.06059783e-05 -2.07164771e-01 -2.38634509e-05
 -2.91870438e-01  1.05979587e-05  2.90567959e-05  0.00000000e+00]","[ 0.         -0.50882143 14.59227848  0.62902987 -3.97432494 -0.20658378
 -0.37708822 -0.02557866]"
1747093054.7166572,"[ 0.         -0.22760387  1.0277915   2.97435439 -1.87938772 -0.00409807
  0.96007703  1.57091723]","[ 0.00000000e+00 -1.06139034e-05 -2.05066100e-01 -2.38454062e-05
 -2.93595967e-01  1.05979587e-05  2.90567959e-05  0.00000000e+00]","[ 0.         -0.51662272 14.68965721  0.61995727 -4.04125595 -0.22473411
 -0.39981782 -0.0259968 ]"
1747093054.7184043,"[ 0.         -0.22760387  1.02737132  2.97435439 -1.87996856 -0.00409807
  0.96007703  1.57091723]","[ 0.00000000e+00 -1.06059783e-05 -2.04671370e-01 -2.38634509e-05
 -2.94406233e-01  1.06059783e-05  2.91003827e-05  0.00000000e+00]","[ 0.         -0.51366031 14.74175358  0.63223064 -4.2029357  -0.19500105
 -0.4215737  -0.02910028]"
1747093054.7201324,"[ 0.         -0.2276044   1.02696725  2.97435439 -1.88057203 -0.00409807
  0.96007703  1.57091723]","[ 0.00000000e+00 -1.59210137e-05 -2.04463793e-01 -2.38634509e-05
 -2.95127351e-01  1.05979587e-05  2.90567959e-05  0.00000000e+00]","[ 0.         -0.5339995  14.80027103  0.6410538  -4.35727167 -0.18228459
 -0.43306547 -0.04771508]"
1747093054.721859,"[ 0.         -0.2276044   1.02655026  2.97435386 -1.88115792 -0.00409807
  0.96007703  1.57091723]","[ 0.00000000e+00 -1.59089679e-05 -2.03716976e-01 -2.91664395e-05
 -2.97107211e-01  1.06058726e-05  1.85186086e-05  0.00000000e+00]","[ 0.         -0.58459336 14.87256336  0.62701362 -4.48627949 -0.17283702
 -0.44078267 -0.03093906]"
1747093054.7241309,"[ 0.         -0.2276044   1.02615398  2.97435386 -1.88177232 -0.00409807
  0.96007703  1.57091723]","[ 0.00000000e+00 -1.59089679e-05 -2.00412326e-01 -2.91003827e-05
 -3.01925236e-01  1.05979587e-05  1.84906892e-05  0.00000000e+00]","[ 0.         -0.5985899  14.98386288  0.65509671 -4.53269386 -0.19463229
 -0.47021687 -0.03164263]"
1747093054.7273512,"[ 0.         -0.2276044   1.02574392  2.97435386 -1.8823702  -0.00409807
  0.96007703  1.57091723]","[ 0.00000000e+00 -1.59089679e-05 -2.00614760e-01 -2.91664395e-05
 -3.03012139e-01  1.06059783e-05  1.85184257e-05  0.00000000e+00]","[ 0.         -0.63237864 15.0480938   0.65274388 -4.53616428 -0.19130345
 -0.48215938 -0.03248579]"
1747093054.7289681,"[ 0.         -0.2276044   1.02514238  2.97435359 -1.88329618 -0.00409701
  0.96007703  1.57091723]","[ 0.00000000e+00 -1.59208552e-05 -1.96351705e-01 -3.17698567e-05
 -3.06290523e-01  2.12119566e-05  1.85186086e-05  0.00000000e+00]","[ 0.         -0.65189731 15.02950859  0.6367082  -4.44437265 -0.19405696
 -0.44739297 -0.02736782]"
1747093054.730786,"[ 0.         -0.2276044   1.02475576  2.97435359 -1.88389912 -0.00409701
  0.96007703  1.57091723]","[ 0.00000000e+00 -1.59089679e-05 -1.96630970e-01 -3.18176189e-05
 -3.06020445e-01  2.12119566e-05  1.85184257e-05  0.00000000e+00]","[ 0.         -0.66888732 14.92736244  0.63389981 -4.41589069 -0.18801008
 -0.41942948 -0.03807718]"
1747093054.7331004,"[ 0.         -0.22760493  1.02436594  2.97435306 -1.88452922 -0.00409701
  0.96007703  1.57091723]","[ 0.00000000e+00 -2.12280182e-05 -1.97441254e-01 -3.70368514e-05
 -3.08138790e-01  2.12119566e-05  1.85184257e-05  0.00000000e+00]","[ 0.         -0.6698665  14.77767754  0.62793231 -4.37113476 -0.19069865
 -0.40154496 -0.04843073]"
1747093054.734216,"[ 0.         -0.22760493  1.02395861  2.97435253 -1.88513615 -0.00409701
  0.96007703  1.57091723]","[ 0.00000000e+00 -2.12117453e-05 -1.98251554e-01 -4.22958956e-05
 -3.08181234e-01  2.12121679e-05  1.85186086e-05  0.00000000e+00]","[ 0.         -0.65839392 14.61447906  0.58917695 -4.37363958 -0.19909501
 -0.40753871 -0.02824167]"
1747093054.7359972,"[ 0.         -0.22760493  1.02376067  2.974352   -1.88546319 -0.00409701
  0.96007703  1.57091723]","[ 0.00000000e+00 -2.11801137e-05 -2.00682421e-01 -4.75828816e-05
 -3.07943680e-01  2.11959173e-05  1.85184257e-05  0.00000000e+00]","[ 0.         -0.67028987 14.49664783  0.55212277 -4.32618427 -0.18771793
 -0.39126676 -0.03443753]"
1747093054.737693,"[ 0.         -0.22760493  1.02336259  2.97435173 -1.88606799 -0.00409701
  0.96007703  1.57091723]","[ 0.00000000e+00 -2.12119566e-05 -2.03113304e-01 -5.01890132e-05
 -3.06560634e-01  2.12119566e-05  1.85044548e-05  0.00000000e+00]","[ 0.         -0.69236255 14.36401939  0.51605159 -4.29558563 -0.16027577
 -0.3749184  -0.02918023]"
1747093054.7388525,"[ 0.         -0.22760493  1.02314907  2.97435173 -1.88636973 -0.00409701
  0.96007703  1.57091723]","[ 0.00000000e+00 -2.12119566e-05 -2.01116300e-01 -4.49398356e-05
 -3.06020445e-01  2.12119566e-05  1.85186086e-05  0.00000000e+00]","[ 0.         -0.69465393 14.28761196  0.51305938 -4.30087185 -0.16244759
 -0.37088779 -0.03496223]"
1747093054.7406154,"[ 0.         -0.22760493  1.02275506  2.9743512  -1.88699744 -0.00409701
  0.96007703  1.57091723]","[ 0.00000000e+00 -2.12278069e-05 -1.99669621e-01 -5.02263745e-05
 -3.07100823e-01  2.12119566e-05  1.85184257e-05  0.00000000e+00]","[ 0.         -0.71815741 14.19609261  0.52165198 -4.26205301 -0.16926068
 -0.39331266 -0.02543417]"
1747093054.7423613,"[ 0.         -0.22760493  1.02254474  2.97435066 -1.88730077 -0.00409701
  0.96007703  1.57091723]","[ 0.00000000e+00 -2.12280182e-05 -1.98107077e-01 -5.54715170e-05
 -3.07641012e-01  2.12119566e-05  1.85186086e-05  0.00000000e+00]","[ 0.         -0.69821239 14.13303566  0.50545979 -4.24267817 -0.17923498
 -0.3886818  -0.03886303]"
1747093054.744088,"[ 0.         -0.22760546  1.02195651  2.97434933 -1.88823394 -0.00409701
  0.96007703  1.57091723]","[ 0.00000000e+00 -2.65350217e-05 -2.00412326e-01 -6.87315080e-05
 -3.06830745e-01  1.05979587e-05  1.85184257e-05  0.00000000e+00]","[ 0.         -0.69186151 14.04782104  0.42234951 -4.16580677 -0.19119421
 -0.36453229 -0.05420326]"
1747093054.7453115,"[ 0.         -0.22760546  1.02176004  2.9743488  -1.88853701 -0.00409701
  0.96007703  1.57091723]","[ 0.00000000e+00 -2.64948971e-05 -1.99331932e-01 -7.39620172e-05
 -3.07059511e-01  1.06059783e-05  1.85186086e-05  0.00000000e+00]","[ 0.         -0.69560337 13.99076843  0.41828457 -4.16286564 -0.19177437
 -0.3428244  -0.04819281]"
1747093054.7470448,"[ 0.         -0.22760546  1.02134585  2.97434853 -1.88915966 -0.00409701
  0.96007703  1.57091723]","[ 0.00000000e+00 -2.64748795e-05 -2.03113304e-01 -7.66613124e-05
 -3.02677546e-01  1.05980643e-05  1.85324169e-05  0.00000000e+00]","[ 0.         -0.71145403 13.91546917  0.43369159 -4.15051079 -0.18149053
 -0.3412253  -0.02118881]"
1747093054.74886,"[ 0.         -0.22760546  1.02094085  2.97434694 -1.88975834 -0.00409701
  0.96007703  1.57091723]","[ 0.00000000e+00 -2.64948971e-05 -2.05814282e-01 -9.24534399e-05
 -3.04399845e-01  1.06059783e-05  1.85464284e-05  0.00000000e+00]","[ 0.00000000e+00 -7.27894545e-01  1.38456926e+01  4.26037729e-01
 -4.17840576e+00 -1.63582504e-01 -3.66791755e-01 -8.90165288e-03]"
1747093054.7505152,"[ 0.         -0.22760546  1.02072267  2.97434667 -1.89010615 -0.00409647
  0.96007703  1.57091723]","[ 0.00000000e+00 -2.64948971e-05 -2.05379371e-01 -9.51667059e-05
 -3.05631657e-01  1.59089679e-05  1.85464284e-05  0.00000000e+00]","[ 0.         -0.74364209 13.84712791  0.39900655 -4.21959972 -0.1528978
 -0.36980456 -0.01608815]"
1747093054.752258,"[ 0.         -0.22760546  1.02031767  2.9743456  -1.89073012 -0.00409647
  0.96007703  1.57091723]","[ 0.00000000e+00 -2.64948971e-05 -2.05814282e-01 -1.05740783e-04
 -3.05249627e-01  1.59089679e-05  1.85464284e-05  0.00000000e+00]","[ 0.00000000e+00 -7.30303586e-01  1.38290806e+01  3.97688061e-01
 -4.25880861e+00 -1.57958105e-01 -3.66637796e-01 -1.14414403e-02]"
1747093054.7534702,"[ 0.         -0.22760546  1.01989709  2.97434374 -1.89133173 -0.00409647
  0.96007703  1.57091723]","[ 0.00000000e+00 -2.64946330e-05 -2.04877832e-01 -1.24150535e-04
 -3.05210145e-01  1.59089679e-05  1.85464284e-05  0.00000000e+00]","[ 0.         -0.73836648 13.82324696  0.35661611 -4.37841129 -0.14598043
 -0.37080124 -0.0153508 ]"
1747093054.7551105,"[ 0.         -0.22760546  1.01969455  2.97434347 -1.89165504 -0.00409647
  0.96007703  1.57091723]","[ 0.00000000e+00 -2.64748795e-05 -2.05274077e-01 -1.26887687e-04
 -3.04432902e-01  1.58969375e-05  1.85464284e-05  0.00000000e+00]","[ 0.         -0.74071765 13.84302902  0.34138831 -4.41914892 -0.14497752
 -0.38544494 -0.01701674]"
1747093054.7561939,"[ 0.         -0.22760546  1.01926985  2.97434161 -1.89225825 -0.00409647
  0.96007703  1.57091723]","[ 0.00000000e+00 -2.64748795e-05 -2.08192552e-01 -1.45393576e-04
 -3.06830745e-01  1.59089679e-05  1.85464284e-05  0.00000000e+00]","[ 0.         -0.7486766  13.84262276  0.30649886 -4.44313622 -0.15985756
 -0.40075681 -0.02616722]"
1747093054.7578642,"[ 0.         -0.22760546  1.01906225  2.97434054 -1.89256051 -0.00409647
  0.96007703  1.57091723]","[ 0.00000000e+00 -2.11959173e-05 -2.10676033e-01 -1.55967662e-04
 -3.06560634e-01  1.59089679e-05  1.85466133e-05  0.00000000e+00]","[ 0.         -0.74295914 13.87510967  0.31427515 -4.44867611 -0.17296524
 -0.40816802 -0.02406319]"
1747093054.7596102,"[ 0.         -0.22760546  1.01885379  2.97433975 -1.89288702 -0.00409647
  0.96007703  1.57091723]","[ 0.00000000e+00 -2.11959173e-05 -2.11486316e-01 -1.63898222e-04
 -3.07152921e-01  1.58969375e-05  1.85184257e-05  0.00000000e+00]","[ 0.         -0.74311197 13.89491749  0.34263691 -4.38784266 -0.17274204
 -0.40396225 -0.03961757]"
1747093054.7607179,"[ 0.         -0.22760546  1.01843734  2.97433735 -1.89349395 -0.00409541
  0.96007703  1.57091723]","[ 0.00000000e+00 -2.11957060e-05 -2.10405938e-01 -1.87546553e-04
 -3.07370934e-01  2.64948971e-05  1.85186086e-05  0.00000000e+00]","[ 0.         -0.75646275 13.97064114  0.36549494 -4.41017199 -0.14702396
 -0.3757461  -0.03767452]"
1747093054.7624946,"[ 0.         -0.227606    1.01821417  2.97433708 -1.89379622 -0.00409541
  0.96007703  1.57091723]","[ 0.00000000e+00 -2.64948971e-05 -2.10143966e-01 -2.04500245e-04
 -3.06560634e-01  2.65149452e-05  1.85186086e-05  0.00000000e+00]","[ 0.         -0.78228015 14.01314354  0.35174254 -4.41833401 -0.13271365
 -0.37124678 -0.03769091]"
1747093054.7636166,"[ 0.         -0.227606    1.01780364  2.97433522 -1.89442286 -0.00409541
  0.96007703  1.57091723]","[ 0.00000000e+00 -2.64948971e-05 -2.08245149e-01 -2.78671753e-04
 -3.06020445e-01  2.64948971e-05  1.85184257e-05  0.00000000e+00]","[ 0.         -0.83088177 14.0933466   0.35442081 -4.39173603 -0.14089537
 -0.39455763 -0.01779236]"
1747093054.7653291,"[ 0.         -0.227606    1.01760064  2.97433415 -1.89442286 -0.00409541
  0.96007703  1.57091723]","[ 0.00000000e+00 -2.64748795e-05 -2.05605740e-01 -3.40003325e-04
 -3.06020445e-01  2.65152094e-05  1.85186086e-05  0.00000000e+00]","[ 0.         -0.83056217 14.06554031  0.35894662 -4.39173603 -0.14746296
 -0.40265322 -0.02550801]"
1747093054.7670176,"[ 0.         -0.22760653  1.01718279  2.97433282 -1.89502953 -0.00409541
  0.96007703  1.57091723]","[ 0.00000000e+00 -3.17941919e-05 -2.03113304e-01 -4.85697840e-04
 -3.07911123e-01  2.64948971e-05  1.85186086e-05  0.00000000e+00]","[ 0.         -0.83918178 14.00809669  0.3822208  -4.36692953 -0.16256765
 -0.39014757 -0.01776395]"
1747093054.7681642,"[ 0.         -0.22760653  1.01698166  2.97433202 -1.8953579  -0.00409541
  0.96007703  1.57091723]","[ 0.00000000e+00 -3.17938749e-05 -2.03923588e-01 -5.81327819e-04
 -3.09197497e-01  2.64948971e-05  1.85184257e-05  0.00000000e+00]","[ 0.00000000e+00 -8.61446142e-01  1.40103436e+01  3.71903956e-01
 -4.35769367e+00 -1.63342997e-01 -3.71800035e-01 -1.34227155e-02]"
1747093054.7698636,"[ 0.         -0.22760653  1.01655782  2.97433042 -1.89596936 -0.00409541
  0.96007703  1.57091723]","[ 0.00000000e+00 -3.17938749e-05 -2.07636284e-01 -7.22440832e-04
 -3.10071912e-01  2.64748795e-05  1.85324169e-05  0.00000000e+00]","[ 0.         -0.89305657 13.96663284  0.3433035  -4.37076139 -0.14952037
 -0.36101928 -0.01746504]"
1747093054.7716029,"[ 0.         -0.22760706  1.01635262  2.97432963 -1.89629826 -0.00409541
  0.96007703  1.57091723]","[ 0.00000000e+00 -3.70928568e-05 -2.07764332e-01 -7.83834628e-04
 -3.09699036e-01  2.64548924e-05  1.85184257e-05  0.00000000e+00]","[ 0.         -0.89689797 13.94795132  0.33824322 -4.37068558 -0.12942375
 -0.37618282 -0.0147836 ]"
1747093054.7727935,"[ 0.         -0.22760706  1.01594436  2.97432776 -1.89691026 -0.00409434
  0.96007703  1.57091723]","[ 0.00000000e+00 -3.70651995e-05 -2.07164771e-01 -8.46049283e-04
 -3.10071912e-01  3.70651995e-05  1.85184257e-05  0.00000000e+00]","[ 0.         -0.91233283 14.01233387  0.34211433 -4.28584957 -0.15646803
 -0.38437608 -0.0160847 ]"
1747093054.774949,"[ 0.         -0.22760706  1.01552098  2.9743259  -1.89754728 -0.00409434
  0.96007796  1.57091723]","[ 0.00000000e+00 -3.70928568e-05 -2.06131681e-01 -8.74340298e-04
 -3.11705196e-01  3.70368514e-05  2.91003827e-05  0.00000000e+00]","[ 0.         -0.90423381 14.08021545  0.36562419 -4.14152241 -0.15113369
 -0.37819055 -0.01764321]"
1747093054.7761278,"[ 0.         -0.2276076   1.01531805  2.9743251  -1.89785568 -0.00409434
  0.96007796  1.57091817]","[ 0.00000000e+00 -4.23922572e-05 -2.05814282e-01 -8.63667693e-04
 -3.12772890e-01  3.70368514e-05  2.91003827e-05  1.05899522e-05]","[ 0.         -0.90824044 14.15825081  0.38477248 -4.10436344 -0.16957647
 -0.37819055 -0.01959344]"
1747093054.777773,"[ 0.         -0.2276076   1.01491258  2.97432323 -1.89847193 -0.00409434
  0.96007796  1.57091817]","[ 0.00000000e+00 -4.23918346e-05 -2.04733888e-01 -8.61049915e-04
 -3.11962590e-01  3.70651995e-05  2.91003827e-05  1.05820616e-05]","[ 0.         -0.91646355 14.10955524  0.40658829 -4.06666517 -0.1774739
 -0.34780508 -0.03502258]"
1747093054.7794602,"[ 0.         -0.2276076   1.01471098  2.97432217 -1.8988027  -0.00409434
  0.96007796  1.57091817]","[ 0.00000000e+00 -4.23914120e-05 -2.04463793e-01 -8.74296800e-04
 -3.11161445e-01  3.70368514e-05  2.91003827e-05  1.05820616e-05]","[ 0.         -0.94066668 14.07512951  0.41882381 -4.00187302 -0.1790095
 -0.35577911 -0.03428917]"
1747093054.7810612,"[ 0.         -0.2276076   1.0142876   2.97432084 -1.89941656 -0.00409434
  0.96007796  1.57091817]","[ 0.00000000e+00 -4.23598089e-05 -2.07164771e-01 -8.53173824e-04
 -3.11152290e-01  3.70648338e-05  1.85184257e-05  1.05899522e-05]","[ 0.         -0.92164695 14.06737328  0.42016935 -3.95689464 -0.16071607
 -0.37193519 -0.03353079]"
1747093054.7823021,"[ 0.         -0.22760813  1.01408188  2.97432004 -1.89972282 -0.00409434
  0.96007796  1.57091817]","[ 0.00000000e+00 -4.76908124e-05 -2.08515244e-01 -8.47845161e-04
 -3.10612101e-01  3.70368514e-05  1.85184257e-05  1.05819570e-05]","[ 0.         -0.90155083 14.08897305  0.42621079 -3.97933769 -0.16134839
 -0.3805232  -0.03155792]"
1747093054.783982,"[ 0.         -0.22760813  1.0136567   2.97431871 -1.90036251 -0.00409434
  0.96007796  1.57091817]","[ 0.00000000e+00 -4.76908124e-05 -2.07636284e-01 -8.21350024e-04
 -3.13042968e-01  3.70368514e-05  1.85184257e-05  1.05819570e-05]","[ 0.         -0.88885844 14.07503605  0.44303882 -4.03075314 -0.16622299
 -0.3604407  -0.0418862 ]"
1747093054.785068,"[ 0.         -0.22760813  1.01345237  2.97431764 -1.90067144 -0.00409434
  0.96007796  1.57091817]","[ 0.00000000e+00 -4.76547840e-05 -2.07164771e-01 -8.24466885e-04
 -3.12995630e-01  3.70372172e-05  1.85184257e-05  1.05819570e-05]","[ 0.         -0.88029635 14.02706432  0.43598378 -4.03987122 -0.15301466
 -0.38690144 -0.0418862 ]"
1747093054.7867317,"[ 0.         -0.22760813  1.01302899  2.97431578 -1.90131859 -0.00409434
  0.96007796  1.57091817]","[ 0.00000000e+00 -4.76908124e-05 -2.06633204e-01 -8.46089399e-04
 -3.16469791e-01  3.70648338e-05  1.85186086e-05  1.05819570e-05]","[ 0.         -0.82577968 14.04422283  0.43333489 -4.04400873 -0.1536198
 -0.40872169 -0.04695143]"
1747093054.788367,"[ 0.         -0.22760866  1.01282833  2.97431498 -1.90162991 -0.00409434
  0.96007796  1.57091817]","[ 0.00000000e+00 -5.29497591e-05 -2.03653493e-01 -8.47845161e-04
 -3.15743946e-01  3.70368514e-05  1.85184257e-05  1.05740785e-05]","[ 0.         -0.81470352 14.12600327  0.44350782 -4.06467199 -0.14402531
 -0.41699699 -0.04794701]"
1747093054.7900991,"[ 0.         -0.22760866  1.01242792  2.97431258 -1.90225202 -0.00409434
  0.96007796  1.57091817]","[ 0.00000000e+00 -5.29497591e-05 -2.02367852e-01 -8.91527960e-04
 -3.15743946e-01  3.70368514e-05  1.85184257e-05  1.05899522e-05]","[ 0.         -0.82812208 14.14517593  0.44304603 -4.05615044 -0.14215966
 -0.41219291 -0.0468255 ]"
1747093054.7911954,"[ 0.         -0.22760866  1.01221207  2.97431178 -1.90258732 -0.00409434
  0.96007796  1.57091817]","[ 0.00000000e+00 -5.29497591e-05 -2.03122459e-01 -8.91574578e-04
 -3.15717481e-01  3.70372172e-05  1.85184257e-05  1.05819570e-05]","[ 0.         -0.81068975 14.11118984  0.44235942 -4.04138136 -0.14641464
 -0.39702186 -0.04046148]"
1747093054.7928934,"[ 0.         -0.22760866  1.01181439  2.97430992 -1.90321183 -0.00409434
  0.96007796  1.57091817]","[ 0.00000000e+00 -5.29497591e-05 -2.01762815e-01 -8.95133175e-04
 -3.17094435e-01  3.70368514e-05  1.85186086e-05  1.05900569e-05]","[ 0.         -0.76788574 14.09289455  0.44222036 -4.07985067 -0.16756102
 -0.393029   -0.03551491]"
1747093054.7946146,"[ 0.         -0.22760866  1.01161699  2.97430859 -1.90355032 -0.00409434
  0.96007796  1.57091817]","[ 0.00000000e+00 -5.29497591e-05 -2.00142232e-01 -9.09119647e-04
 -3.18726720e-01  3.70368514e-05  1.05819570e-05  1.05899522e-05]","[ 0.         -0.76026255 14.1727581   0.44464511 -4.11631393 -0.17787254
 -0.39989498 -0.02487697]"
1747093054.7957785,"[ 0.         -0.22760866  1.01120233  2.97430619 -1.90417802 -0.00409434
  0.96007796  1.57091817]","[ 0.00000000e+00 -5.29897943e-05 -2.01868609e-01 -9.44069540e-04
 -3.18985113e-01  3.70368514e-05  1.05819570e-05  1.05819570e-05]","[ 0.         -0.73509479 14.18977261  0.45525196 -4.09787083 -0.16340792
 -0.40554991 -0.02909798]"
1747093054.797433,"[ 0.         -0.22760866  1.0110026   2.97430539 -1.90449254 -0.00409328
  0.96007796  1.57091817]","[ 0.00000000e+00 -5.29497591e-05 -2.02573099e-01 -9.29266955e-04
 -3.18661938e-01  4.76188043e-05  1.05819570e-05  1.05899522e-05]","[ 0.         -0.7324478  14.14351177  0.45796648 -4.10995388 -0.15657146
 -0.40454537 -0.03816084]"
1747093054.7991374,"[ 0.         -0.22760866  1.01060259  2.97430299 -1.90514555 -0.00409328
  0.96007796  1.57091817]","[ 0.00000000e+00 -5.29492308e-05 -2.02032910e-01 -9.98548870e-04
 -3.19228260e-01  4.76547840e-05  1.05820616e-05  1.05819570e-05]","[ 0.         -0.70830846 14.15254116  0.44387895 -4.08581066 -0.16040464
 -0.41731119 -0.05226359]"
1747093054.8002946,"[ 0.         -0.22760866  1.01038774  2.97430219 -1.9054622  -0.00409328
  0.96007796  1.57091817]","[ 0.00000000e+00 -5.29897943e-05 -2.02370149e-01 -9.83004162e-04
 -3.21145902e-01  4.76192757e-05  1.05819570e-05  1.05819570e-05]","[ 0.         -0.69705629 14.19029808  0.43940189 -4.09709883 -0.16197297
 -0.41355297 -0.04516837]"
1747093054.802003,"[ 0.         -0.22760866  1.00998773  2.97429927 -1.90609923 -0.00409328
  0.96007796  1.57091817]","[ 0.00000000e+00 -5.29497591e-05 -2.03113304e-01 -1.09807359e-03
 -3.22766469e-01  4.76188043e-05  1.05819570e-05  1.05899522e-05]","[ 0.         -0.69640315 14.18909836  0.44760233 -4.03887129 -0.16613482
 -0.40085649 -0.02923019]"
1747093054.8031924,"[ 0.         -0.22760866  1.00978753  2.97429793 -1.90641694 -0.00409328
  0.96007796  1.57091817]","[ 0.00000000e+00 -5.29502833e-05 -2.02907508e-01 -1.13469349e-03
 -3.21899810e-01  4.76192757e-05  1.05819570e-05  1.05899522e-05]","[ 0.         -0.69081849 14.11842728  0.45800695 -3.99284935 -0.17073846
 -0.40345332 -0.02790765]"
1747093054.804824,"[ 0.         -0.22760866  1.00937793  2.97429527 -1.90707581 -0.00409328
  0.96007796  1.57091817]","[ 0.00000000e+00 -5.29497591e-05 -1.98859387e-01 -1.15249987e-03
 -3.20875791e-01  4.76192757e-05  1.05819570e-05  1.05820616e-05]","[ 0.         -0.68657041 14.07070732  0.48085234 -3.96894956 -0.18396609
 -0.37240651 -0.01718429]"
1747093054.8060112,"[ 0.         -0.22760866  1.00918139  2.97429341 -1.90739033 -0.00409328
  0.96007796  1.57091817]","[ 0.00000000e+00 -5.29497591e-05 -1.99331932e-01 -1.22342292e-03
 -3.18985113e-01  4.76188043e-05  1.05819570e-05  1.05899522e-05]","[ 0.         -0.65119302 14.07269955  0.49302495 -3.99690104 -0.18643253
 -0.36535135 -0.02831973]"
1747093054.8077068,"[ 0.         -0.22760866  1.00878698  2.97428915 -1.9080223  -0.00409328
  0.96007796  1.57091817]","[ 0.00000000e+00 -4.76547840e-05 -2.00412326e-01 -1.42201164e-03
 -3.20550686e-01  4.76552554e-05  1.05819570e-05  1.05819570e-05]","[ 0.         -0.63765126 13.95241737  0.4928003  -4.05863667 -0.17535019
 -0.36489552 -0.03085097]"
1747093054.8094704,"[ 0.         -0.22760866  1.00857346  2.97428701 -1.90836265 -0.00409328
  0.96007796  1.57091817]","[ 0.00000000e+00 -4.76547840e-05 -2.01116300e-01 -1.52344648e-03
 -3.20784145e-01  4.76188043e-05  1.05819570e-05  1.05899522e-05]","[ 0.         -0.6270408  13.89680672  0.48695117 -4.0339551  -0.16069672
 -0.3790499  -0.04172217]"
1747093054.81056,"[ 0.         -0.22760919  1.00817672  2.97428195 -1.90899808 -0.00409328
  0.96007796  1.57091817]","[ 0.00000000e+00 -5.29492308e-05 -2.01492721e-01 -1.86179251e-03
 -3.22226280e-01  4.76183330e-05  1.05819570e-05  1.05899522e-05]","[ 0.         -0.61771673 13.85206318  0.48088667 -3.93249774 -0.16064587
 -0.39505932 -0.03542877]"
1747093054.8122752,"[ 0.         -0.22760919  1.00797511  2.97427876 -1.90931526 -0.00409328
  0.96007796  1.57091817]","[ 0.00000000e+00 -5.29897943e-05 -2.04463793e-01 -2.10642206e-03
 -3.21686091e-01  4.76552554e-05  1.05820616e-05  1.05820616e-05]","[ 0.         -0.61498165 13.86181068  0.47970602 -3.90937042 -0.14573634
 -0.38720933 -0.0290006 ]"
1747093054.8140042,"[ 0.         -0.22760919  1.00754994  2.9742713  -1.90997466 -0.00409328
  0.96007796  1.57091817]","[ 0.00000000e+00 -5.29497591e-05 -2.08192552e-01 -2.79299774e-03
 -3.22488235e-01  4.76188043e-05  1.05819570e-05  1.05899522e-05]","[ 0.         -0.64456415 13.86664963  0.50004506 -3.76961565 -0.16944081
 -0.34592527 -0.02849231]"
1747093054.8161612,"[ 0.         -0.22760919  1.00734374  2.97426704 -1.91029344 -0.00409328
  0.96007796  1.57091817]","[ 0.00000000e+00 -5.29497591e-05 -2.09055449e-01 -3.33283973e-03
 -3.23306691e-01  4.76547840e-05  1.05819570e-05  1.05819570e-05]","[ 0.         -0.646833   13.90355587  0.49879062 -3.71604919 -0.162231
 -0.33849874 -0.03174128]"
1747093054.8203638,"[ 0.         -0.22760919  1.0062922   2.97422629 -1.91192489 -0.00409328
  0.96007796  1.57091817]","[ 0.00000000e+00 -4.76547840e-05 -2.12836805e-01 -1.05330102e-02
 -3.26007669e-01  4.76547840e-05  1.05820616e-05  1.05819570e-05]","[ 0.         -0.59127325 14.04242516  0.51875967 -3.69111156 -0.17632581
 -0.33962581 -0.02816203]"
1747093054.825048,"[ 0.         -0.22760919  1.00542707  2.97415066 -1.91324422 -0.00409328
  0.96007796  1.57091817]","[ 0.00000000e+00 -4.76552554e-05 -2.17158366e-01 -2.33214660e-02
 -3.31139514e-01  4.76547840e-05  1.05820616e-05  1.05819570e-05]","[ 0.         -0.57240671 14.24383831  0.58475298 -4.01780319 -0.18803038
 -0.37783134 -0.02124942]"
1747093054.8291788,"[ 0.         -0.22760973  1.00435674  2.97400259 -1.91492255 -0.00409328
  0.96007796  1.57091817]","[ 0.00000000e+00 -5.29502833e-05 -2.10135844e-01 -3.20681671e-02
 -3.37279765e-01  3.70372172e-05  1.05819570e-05  1.05819570e-05]","[ 0.         -0.49351087 14.54144096  0.64174902 -4.23512983 -0.1855891
 -0.4397175  -0.0219378 ]"
1747093054.8321435,"[ 0.         -0.22760919  1.0037281   2.97390432 -1.91595212 -0.00409328
  0.96007796  1.57091817]","[ 0.00000000e+00 -4.23598089e-05 -2.06563979e-01 -3.40322817e-02
 -3.40592904e-01  3.70368514e-05  1.05819570e-05  1.05819570e-05]","[ 0.00000000e+00 -4.64920044e-01  1.46282215e+01  7.14092195e-01
 -4.13862085e+00 -1.86213925e-01 -4.29731756e-01 -1.10067911e-02]"
1747093054.8350265,"[ 0.         -0.22760973  1.003099    2.97378634 -1.91698623 -0.00409328
  0.96007796  1.57091817]","[ 0.00000000e+00 -4.76552554e-05 -2.07636284e-01 -4.18651087e-02
 -3.40974801e-01  3.70364776e-05  1.05819570e-05  1.05819570e-05]","[ 0.         -0.42215741 14.70419979  0.79391265 -3.99522161 -0.19837661
 -0.43219513 -0.02822789]"
1747093054.8374207,"[ 0.         -0.22760919  1.0026926   2.97369366 -1.91765601 -0.00409328
  0.96007796  1.57091817]","[ 0.00000000e+00 -4.24239132e-05 -2.05325243e-01 -4.64567646e-02
 -3.39782637e-01  3.70372172e-05  1.05820616e-05  1.05819570e-05]","[ 0.         -0.40274507 14.71346283  0.84810108 -3.90509105 -0.20592354
 -0.40951496 -0.03452693]"
1747093054.840287,"[ 0.         -0.22760919  1.00204838  2.97354453 -1.91868826 -0.00409328
  0.96007796  1.57091817]","[ 0.00000000e+00 -4.24239132e-05 -2.00682421e-01 -5.21288109e-02
 -3.40517636e-01  3.70368514e-05  1.05819570e-05  1.05819570e-05]","[ 0.         -0.36288926 14.66756916  0.94437248 -3.95370746 -0.2237993
 -0.42280516 -0.02558591]"
1747093054.841881,"[ 0.         -0.22760919  1.00164198  2.97343134 -1.91938627 -0.00409328
  0.96007796  1.57091817]","[ 0.00000000e+00 -4.23602275e-05 -1.97104014e-01 -5.64503723e-02
 -3.40794338e-01  3.70372172e-05  1.05820616e-05  1.05820616e-05]","[ 0.00000000e+00 -2.91977137e-01  1.46600361e+01  1.02380610e+00
 -3.90613627e+00 -2.40382731e-01 -4.11265761e-01 -1.30357007e-02]"
1747093054.8442013,"[ 0.         -0.22760866  1.00125629  2.97331203 -1.92005339 -0.00409328
  0.96007796  1.57091817]","[ 0.00000000e+00 -3.18179359e-05 -1.96090765e-01 -6.15822255e-02
 -3.38432148e-01  3.70648338e-05  1.05819570e-05  1.05819570e-05]","[ 0.00000000e+00 -2.26129428e-01  1.46006317e+01  1.11049819e+00
 -3.88684750e+00 -2.58244187e-01 -3.98242801e-01 -1.05283149e-02]"
1747093054.8460276,"[ 0.         -0.22760866  1.00085169  2.97318313 -1.92073916 -0.00409328
  0.96007796  1.57091817]","[ 0.00000000e+00 -3.18179359e-05 -1.97605554e-01 -6.26626158e-02
 -3.34274354e-01  3.70368514e-05  1.05819570e-05  1.05819570e-05]","[ 0.         -0.16001987 14.58368969  1.19336307 -3.87089372 -0.25991422
 -0.40158883 -0.01950617]"
1747093054.8484032,"[ 0.         -0.22760866  1.00046553  2.97305317 -1.92139935 -0.00409328
  0.96007796  1.57091817]","[ 0.00000000e+00 -3.18179359e-05 -1.94740276e-01 -6.75243704e-02
 -3.34920870e-01  3.70364776e-05  1.05820616e-05  1.05820616e-05]","[ 0.         -0.0833616  14.55057716  1.28674042 -3.9290998  -0.27405974
 -0.40021592 -0.0387626 ]"
1747093054.8501408,"[ 0.         -0.22760866  1.00007205  2.9729067  -1.92208538 -0.00409328
  0.96007796  1.57091817]","[ 0.00000000e+00 -3.18179359e-05 -1.91587110e-01 -7.29049753e-02
 -3.35026664e-01  3.70368514e-05  1.05820616e-05  1.05819570e-05]","[ 0.00000000e+00 -1.44182527e-02  1.45608826e+01  1.33223462e+00
 -4.03983402e+00 -3.01183462e-01 -4.13090050e-01 -4.17831987e-02]"
1747093054.8513138,"[ 0.         -0.22760866  0.9998847   2.97283186 -1.92241508 -0.00409328
  0.96007796  1.57091817]","[ 0.00000000e+00 -3.17938749e-05 -1.90148620e-01 -7.59744432e-02
 -3.34380681e-01  3.17458709e-05  1.05820616e-05  1.05819570e-05]","[ 0.00000000e+00  9.22330376e-03  1.45787039e+01  1.35830760e+00
 -4.12853527e+00 -3.20762247e-01 -4.30362493e-01 -4.54830155e-02]"
1747093054.8532226,"[ 0.         -0.22760866  0.99970007  2.97267367 -1.92306942 -0.00409328
  0.96007796  1.57091817]","[ 0.00000000e+00 -3.18179359e-05 -1.86987897e-01 -8.25660831e-02
 -3.30803989e-01  3.17458709e-05  1.05819570e-05  1.05819570e-05]","[ 0.          0.12576136 14.51749134  1.43061841 -4.1780839  -0.31252366
 -0.42387515 -0.02914359]"
1747093054.8541894,"[ 0.         -0.22760813  0.99932397  2.9724979  -1.92375172 -0.00409328
  0.96007796  1.57091817]","[ 0.00000000e+00 -2.65149452e-05 -1.81886629e-01 -8.67012899e-02
 -3.33772814e-01  3.17458709e-05  1.05740785e-05  1.05739739e-05]","[ 0.          0.21199916 14.47589588  1.49741626 -4.22246742 -0.310256
 -0.40791818 -0.04677763]"
1747093054.8559766,"[ 0.         -0.2276076   0.9991458   2.97241348 -1.92407956 -0.00409328
  0.96007796  1.57091817]","[ 0.00000000e+00 -2.12119566e-05 -1.80695214e-01 -8.56209037e-02
 -3.32490003e-01  3.17461838e-05  1.05820616e-05  1.05820616e-05]","[ 0.          0.25828734 14.45290947  1.5641917  -4.19529533 -0.31978801
 -0.41589612 -0.04522452]"
1747093054.8577456,"[ 0.         -0.2276076   0.99877755  2.97224304 -1.92473816 -0.00409328
  0.96007796  1.57091817]","[ 0.00000000e+00 -2.12119566e-05 -1.80302531e-01 -8.66134472e-02
 -3.33840492e-01  3.17458709e-05  1.05819570e-05  1.05819570e-05]","[ 0.          0.33134225 14.37226677  1.6067344  -4.13432312 -0.33707708
 -0.40837339 -0.05863748]"
1747093054.8589416,"[ 0.         -0.2276076   0.99859985  2.97215116 -1.9250889  -0.00409328
  0.96007796  1.57091817]","[ 0.00000000e+00 -2.11959173e-05 -1.80155025e-01 -8.65151183e-02
 -3.29951378e-01  3.17458709e-05  1.05739739e-05  1.05819570e-05]","[ 0.          0.35129964 14.28478432  1.60979855 -4.15243959 -0.33725438
 -0.4067125  -0.05697338]"
1747093054.8606637,"[ 0.         -0.22760706  0.99824352  2.97198498 -1.92574137 -0.00409328
  0.96007796  1.57091817]","[ 0.00000000e+00 -1.59089679e-05 -1.80155025e-01 -8.37302174e-02
 -3.31139514e-01  3.17458709e-05  1.05979587e-05  1.05820616e-05]","[ 0.          0.41223896 14.19127083  1.64776361 -4.12959766 -0.35507411
 -0.40296414 -0.04651641]"
1747093054.8617964,"[ 0.         -0.22760706  0.99806443  2.97189683 -1.92606841 -0.00409328
  0.96007796  1.57091817]","[ 0.00000000e+00 -1.06059783e-05 -1.81321606e-01 -8.30043562e-02
 -3.31679703e-01  2.11641232e-05  1.05979587e-05  1.05820616e-05]","[ 0.          0.44492805 14.19717693  1.66488767 -4.11660242 -0.35542563
 -0.40293631 -0.05614062]"
1747093054.864052,"[ 0.         -0.22760653  0.99769252  2.97173438 -1.92674858 -0.00409328
  0.96007796  1.57091817]","[ 0.00000000e+00 -5.29897933e-06 -1.82045703e-01 -8.12169673e-02
 -3.31883301e-01  2.11639139e-05  1.05978530e-05  1.05819570e-05]","[ 0.          0.52258378 14.12420845  1.62881207 -4.13749552 -0.35534263
 -0.40346408 -0.05591523]"
1747093054.8652976,"[ 0.         -0.22760653  0.99751249  2.97165528 -1.92707641 -0.00409328
  0.96007796  1.57091817]","[ 0.00000000e+00 -5.30298914e-06 -1.82400902e-01 -8.02189477e-02
 -3.32827559e-01  2.11639139e-05  1.05979587e-05  1.05819570e-05]","[ 0.          0.54975128 14.05502987  1.5926652  -4.14137411 -0.36593828
 -0.39952296 -0.05813113]"
1747093054.8671427,"[ 0.         -0.22760653  0.99714011  2.97149789 -1.92773155 -0.00409328
  0.96007796  1.57091817]","[ 0.00000000e+00  0.00000000e+00 -1.81385572e-01 -7.59828405e-02
 -3.32490003e-01  2.11641232e-05  1.05979587e-05  1.05979587e-05]","[ 0.          0.58549243 14.01296043  1.55063677 -4.09016848 -0.34202018
 -0.38428816 -0.0499994 ]"
1747093054.868318,"[ 0.         -0.22760653  0.99696148  2.97142438 -1.92808522 -0.00409328
  0.96007796  1.57091817]","[ 0.00000000e+00  0.00000000e+00 -1.81235403e-01 -7.45469056e-02
 -3.33020505e-01  2.11639139e-05  1.05979587e-05  1.05819570e-05]","[ 0.          0.6004113  14.07716751  1.52663052 -4.04955673 -0.32178968
 -0.37061173 -0.05378595]"
1747093054.870086,"[ 0.         -0.227606    0.99660328  2.9712883  -1.92874142 -0.00409328
  0.96007796  1.57091817]","[ 0.00000000e+00  5.30298914e-06 -1.82585892e-01 -6.67140745e-02
 -3.33570381e-01  2.11639139e-05  1.05979587e-05  1.05979587e-05]","[ 0.          0.62729543 14.10791969  1.47061706 -3.97859073 -0.29261246
 -0.32994995 -0.05227827]"
1747093054.8718545,"[ 0.         -0.227606    0.99623184  2.9711594  -1.92942372 -0.00409328
  0.96007796  1.57091817]","[ 0.00000000e+00  1.06059783e-05 -1.81505497e-01 -6.13121269e-02
 -3.32707250e-01  2.12119566e-05  1.05979587e-05  1.05979587e-05]","[ 0.          0.60693854 14.08317852  1.41936362 -3.93007088 -0.27720943
 -0.34473345 -0.04032386]"
1747093054.8741715,"[ 0.         -0.227606    0.99587504  2.97104462 -1.93007753 -0.00409328
  0.96007796  1.57091817]","[ 0.00000000e+00  1.06059783e-05 -1.81505497e-01 -5.67204709e-02
 -3.31949814e-01  1.05979587e-05  1.05979587e-05  1.05979587e-05]","[ 0.          0.5718407  14.04321098  1.33910656 -3.89124894 -0.26802069
 -0.36245605 -0.05063784]"
1747093054.8753169,"[ 0.         -0.227606    0.9955026   2.97093942 -1.93075584 -0.00409328
  0.96007796  1.57091817]","[ 0.00000000e+00  1.58967790e-05 -1.82559443e-01 -4.94278371e-02
 -3.30262069e-01  1.06059783e-05  0.00000000e+00  1.05979587e-05]","[ 0.          0.50595891 14.01194     1.24622393 -3.89463949 -0.26560891
 -0.35929769 -0.0522747 ]"
1747093054.877134,"[ 0.         -0.227606    0.99532264  2.97088669 -1.93108287 -0.00409328
  0.96007796  1.57091817]","[ 0.00000000e+00  1.59089679e-05 -1.82585892e-01 -4.63361942e-02
 -3.31679703e-01  1.05979587e-05  0.00000000e+00  0.00000000e+00]","[ 0.          0.50983483 13.95642853  1.20971131 -3.86730194 -0.26854444
 -0.35608813 -0.05849673]"
1747093054.878804,"[ 0.         -0.227606    0.99494973  2.97079428 -1.93173854 -0.00409328
  0.96007796  1.57091817]","[ 0.00000000e+00  1.58970960e-05 -1.81556363e-01 -4.47885272e-02
 -3.32490003e-01  1.05979587e-05  0.00000000e+00  0.00000000e+00]","[ 0.          0.48104426 13.96788311  1.13418925 -3.78036308 -0.2436658
 -0.34995958 -0.03101656]"
1747093054.8809824,"[ 0.         -0.22760546  0.99459067  2.97070666 -1.93242164 -0.00409328
  0.96007796  1.57091817]","[ 0.00000000e+00  2.12119566e-05 -1.81505497e-01 -4.42959881e-02
 -3.34023584e-01  1.05979587e-05  0.00000000e+00  0.00000000e+00]","[ 0.          0.39141452 13.99636555  1.03937232 -3.69818616 -0.23331527
 -0.34060732 -0.02579987]"
1747093054.883234,"[ 0.         -0.22760546  0.99421549  2.97061798 -1.93307652 -0.00409328
  0.96007796  1.57091817]","[ 0.00000000e+00  2.65149452e-05 -1.83311736e-01 -4.29454991e-02
 -3.31409592e-01  1.06059783e-05  0.00000000e+00  0.00000000e+00]","[ 0.          0.30878276 14.06345367  0.98394054 -3.61103606 -0.20456293
 -0.34346181 -0.03178904]"
1747093054.8850389,"[ 0.         -0.227606    0.99385823  2.97053356 -1.93375376 -0.00409328
  0.96007796  1.57091817]","[ 0.00000000e+00  2.12119566e-05 -1.79702654e-01 -4.26754004e-02
 -3.30262069e-01  1.05979587e-05  0.00000000e+00  0.00000000e+00]","[ 0.00000000e+00  2.25222632e-01  1.41111183e+01  9.42945480e-01
 -3.60488558e+00 -1.96635276e-01 -3.62383336e-01 -7.48292916e-03]"
1747093054.8867881,"[ 0.         -0.227606    0.99350236  2.97044035 -1.9344049  -0.00409328
  0.96007796  1.57091817]","[ 0.00000000e+00  2.12119566e-05 -1.80695214e-01 -4.64567646e-02
 -3.30599325e-01  1.05980643e-05  0.00000000e+00  0.00000000e+00]","[ 0.          0.1170168  14.11146641  0.93414026 -3.6536994  -0.20072058
 -0.37116653 -0.01582146]"
1747093054.8885603,"[ 0.         -0.227606    0.99312812  2.97034154 -1.93508241 -0.00409328
  0.96007796  1.57091817]","[ 0.00000000e+00  2.65149452e-05 -1.83666286e-01 -5.07783261e-02
 -3.30512839e-01  1.05979587e-05  0.00000000e+00  0.00000000e+00]","[ 0.00000000e+00 -7.21862866e-03  1.41040649e+01  9.04341102e-01
 -3.74350452e+00 -1.94529682e-01 -3.70482266e-01 -3.81917581e-02]"
1747093054.8902555,"[ 0.         -0.227606    0.99294536  2.97028641 -1.93540731 -0.00409328
  0.96007796  1.57091817]","[ 0.00000000e+00  2.65149452e-05 -1.85286870e-01 -5.19090710e-02
 -3.29518914e-01  1.05979587e-05  0.00000000e+00  0.00000000e+00]","[ 0.         -0.06347457 14.10582161  0.87554234 -3.79560661 -0.17947395
 -0.3655442  -0.02582045]"
1747093054.8920243,"[ 0.         -0.227606    0.992567    2.97018308 -1.93605766 -0.00409328
  0.96007796  1.57091817]","[ 0.00000000e+00  2.65149452e-05 -1.84893021e-01 -5.26690081e-02
 -3.28438536e-01  1.05980643e-05  0.00000000e+00  0.00000000e+00]","[ 0.00000000e+00 -1.79591864e-01  1.41650696e+01  8.84919822e-01
 -3.82270503e+00 -1.70381993e-01 -3.85543734e-01 -1.23949209e-02]"
1747093054.8938208,"[ 0.         -0.22760653  0.99219968  2.97007656 -1.93673117 -0.00409328
  0.96007796  1.57091817]","[ 0.00000000e+00  2.12119566e-05 -1.86987897e-01 -5.45596902e-02
 -3.30059103e-01  1.05979587e-05  0.00000000e+00  0.00000000e+00]","[ 0.00000000e+00 -3.11234236e-01  1.41946344e+01  9.03006971e-01
 -3.84357190e+00 -1.87416568e-01 -4.07120615e-01 -1.03565236e-03]"
1747093054.8955972,"[ 0.         -0.22760706  0.99181672  2.97001877 -1.93738232 -0.00409328
  0.96007796  1.57091817]","[ 0.00000000e+00  1.58969375e-05 -1.86822498e-01 -5.44167575e-02
 -3.29724710e-01  1.06059783e-05  0.00000000e+00  0.00000000e+00]","[ 0.00000000e+00 -4.19621646e-01  1.42805328e+01  9.62892234e-01
 -3.88036513e+00 -1.94771558e-01 -3.90314013e-01 -6.35865796e-03]"
1747093054.8973126,"[ 0.         -0.22760706  0.99163489  2.9699655  -1.93773225 -0.00409328
  0.96007796  1.57091817]","[ 0.00000000e+00  1.59089679e-05 -1.84289666e-01 -5.39647609e-02
 -3.29509759e-01  0.00000000e+00  0.00000000e+00  0.00000000e+00]","[ 0.00000000e+00 -4.98517692e-01  1.43010702e+01  9.24231827e-01
 -3.90764427e+00 -1.95712864e-01 -3.97734225e-01 -4.46577929e-03]"
1747093054.8991194,"[ 0.         -0.22760706  0.99127856  2.96986111 -1.9383794  -0.00409328
  0.96007796  1.57091817]","[ 0.00000000e+00  1.58969375e-05 -1.79884914e-01 -4.94013885e-02
 -3.27088047e-01  0.00000000e+00  0.00000000e+00  0.00000000e+00]","[ 0.         -0.59057862 14.3241415   0.92595071 -4.01107597 -0.19548522
 -0.4105984  -0.02821293]"
1747093054.9008796,"[ 0.         -0.2276076   0.99091484  2.96977136 -1.93904892 -0.00409328
  0.96007796  1.57091817]","[ 0.00000000e+00  1.06059783e-05 -1.76643747e-01 -4.40258894e-02
 -3.27628236e-01  0.00000000e+00  0.00000000e+00  0.00000000e+00]","[ 0.         -0.72156829 14.27864265  0.93421495 -4.10093355 -0.1998191
 -0.42130432 -0.02348056]"
1747093054.902702,"[ 0.         -0.22760813  0.9905659   2.96968347 -1.9396958  -0.00409328
  0.96007796  1.57091817]","[ 0.00000000e+00  5.30298914e-06 -1.76913841e-01 -4.18783330e-02
 -3.28231242e-01  0.00000000e+00  0.00000000e+00  0.00000000e+00]","[ 0.00000000e+00 -8.09886456e-01  1.42526102e+01  8.94711792e-01
 -4.16549921e+00 -1.97479427e-01 -4.32747096e-01 -1.03242220e-02]"
1747093054.9051464,"[ 0.         -0.22760813  0.99020677  2.96960225 -1.94036905 -0.00409328
  0.96007796  1.57091817]","[ 0.00000000e+00  5.30298914e-06 -1.75023163e-01 -4.05557531e-02
 -3.28255910e-01  0.00000000e+00  0.00000000e+00  0.00000000e+00]","[ 0.         -0.96941215 14.21550941  0.85289371 -4.12629747 -0.19753659
 -0.43933886 -0.02041324]"
1747093054.9069812,"[ 0.         -0.22760813  0.98985916  2.96952369 -1.94101034 -0.00409328
  0.96007796  1.57091817]","[ 0.00000000e+00  5.30298914e-06 -1.76913841e-01 -3.76152695e-02
 -3.24387069e-01  0.00000000e+00  0.00000000e+00  0.00000000e+00]","[ 0.         -1.04486787 14.17885303  0.84370565 -4.00111198 -0.17850238
 -0.4267706  -0.02231545]"
1747093054.9092565,"[ 0.         -0.22760866  0.9894987   2.96945444 -1.941674   -0.00409328
  0.96007796  1.57091817]","[ 0.          0.         -0.17556335 -0.03430238 -0.32374208  0.
  0.          0.        ]","[ 0.         -1.11127567 14.24544811  0.7831912  -3.90468359 -0.1817082
 -0.3901208  -0.02760918]"
1747093054.910982,"[ 0.         -0.22760866  0.98915755  2.96938467 -1.94231422 -0.00409328
  0.96007796  1.57091817]","[ 0.00000000e+00  5.29897933e-06 -1.73132485e-01 -3.41366548e-02
 -3.24387069e-01  0.00000000e+00  0.00000000e+00  0.00000000e+00]","[ 0.         -1.15962911 14.25742912  0.75914735 -3.87347984 -0.19878626
 -0.37706482 -0.02747515]"
1747093054.9126892,"[ 0.         -0.22760866  0.98880761  2.9693133  -1.94297442 -0.00409328
  0.96007796  1.57091817]","[ 0.          0.         -0.17077332 -0.03700335 -0.32141598  0.
  0.          0.        ]","[ 0.         -1.17522931 14.21500683  0.73357141 -3.88711095 -0.20804001
 -0.40996847 -0.04151886]"
1747093054.9150367,"[ 0.         -0.22760866  0.98847518  2.9692358  -1.94360479 -0.00409328
  0.96007796  1.57091817]","[ 0.00000000e+00  5.30298914e-06 -1.68540829e-01 -3.86183408e-02
 -3.18931750e-01  0.00000000e+00  0.00000000e+00  0.00000000e+00]","[ 0.         -1.18332219 14.14694309  0.65789211 -4.00134516 -0.18609808
 -0.42399338 -0.02988044]"
1747093054.9168766,"[ 0.         -0.22760919  0.9881303   2.96916043 -1.94425593 -0.00409328
  0.96007796  1.57091817]","[ 0.          0.         -0.16901793 -0.03777533 -0.31763462  0.
  0.          0.        ]","[ 0.00000000e+00 -1.17396772e+00  1.40583830e+01  6.36906326e-01
 -4.14209890e+00 -1.71764836e-01 -4.26297933e-01 -1.39030730e-02]"
1747093054.9180648,"[ 0.         -0.22760919  0.98796319  2.96912155 -1.94457099 -0.00409328
  0.96007796  1.57091817]","[ 0.          0.         -0.16962121 -0.03661219 -0.3195253   0.
  0.          0.        ]","[ 0.         -1.15749717 14.03302288  0.60725445 -4.19760084 -0.16098461
 -0.43874454 -0.01547999]"
1747093054.9197445,"[ 0.         -0.22760919  0.98762523  2.96905257 -1.94520136 -0.00409328
  0.96007796  1.57091817]","[ 0.          0.         -0.171782   -0.03457248 -0.31893175  0.
  0.          0.        ]","[ 0.         -1.11880863 14.07556725  0.55197096 -4.24353027 -0.15835196
 -0.43808427 -0.02545241]"
1747093054.9214215,"[ 0.         -0.22760919  0.98727529  2.96898413 -1.9458541  -0.00409328
  0.96007796  1.57091817]","[ 0.00000000e+00  5.30298914e-06 -1.70431507e-01 -3.33208307e-02
 -3.18715035e-01  0.00000000e+00  0.00000000e+00  0.00000000e+00]","[ 0.         -1.15701878 14.15488815  0.52964264 -4.21481848 -0.15301621
 -0.42125288 -0.0333479 ]"
1747093054.923093,"[ 0.         -0.22760919  0.98710998  2.96895164 -1.94616808 -0.00409328
  0.96007796  1.57091817]","[ 0.00000000e+00  5.30293632e-06 -1.67560586e-01 -3.29518914e-02
 -3.18444924e-01  0.00000000e+00  0.00000000e+00  0.00000000e+00]","[ 0.         -1.13015127 14.21353531  0.51248991 -4.17762995 -0.16281743
 -0.43136185 -0.03263198]"
1747093054.924248,"[ 0.         -0.22760919  0.98694653  2.96891941 -1.94648021 -0.00409221
  0.96007796  1.57091817]","[ 0.00000000e+00  0.00000000e+00 -1.65839851e-01 -3.26817948e-02
 -3.16554246e-01  1.05980643e-05  0.00000000e+00  0.00000000e+00]","[ 0.         -1.12688851 14.28420067  0.47336748 -4.10745049 -0.14624137
 -0.44132167 -0.02473366]"
1747093054.9259233,"[ 0.         -0.22760973  0.98661503  2.9688555  -1.94712682 -0.00409221
  0.96007796  1.57091817]","[ 0.00000000e+00 -5.29502843e-06 -1.60978101e-01 -3.21415997e-02
 -3.15743946e-01  1.05979587e-05  0.00000000e+00  0.00000000e+00]","[ 0.         -1.10687709 14.29300594  0.4026053  -4.09952068 -0.12143286
 -0.45598683 -0.02187706]"
1747093054.9277205,"[ 0.         -0.22760973  0.98645844  2.96882434 -1.94743681 -0.00409221
  0.96007703  1.57091817]","[ 0.00000000e+00 -5.29097849e-06 -1.58817312e-01 -2.93399105e-02
 -3.14074910e-01  1.05979587e-05 -1.05819570e-05  0.00000000e+00]","[ 0.         -1.12290323 14.25983906  0.37403521 -4.18334055 -0.11986976
 -0.44747418 -0.01625445]"
1747093054.9288657,"[ 0.         -0.22760973  0.98613879  2.96877161 -1.94807917 -0.00409221
  0.96007703  1.57091817]","[ 0.00000000e+00  0.00000000e+00 -1.55225673e-01 -2.56332625e-02
 -3.13460585e-01  1.05979587e-05 -1.05819570e-05  0.00000000e+00]","[ 0.00000000e+00 -1.11866331e+00  1.40656681e+01  3.41954112e-01
 -4.21410656e+00 -1.11748837e-01 -4.46847647e-01 -1.04369530e-02]"
1747093054.9306304,"[ 0.         -0.22761026  0.98583852  2.96872527 -1.94869649 -0.00409221
  0.96007703  1.57091817]","[ 0.00000000e+00 -1.05819570e-05 -1.52334978e-01 -2.20676248e-02
 -3.13042968e-01  1.05979587e-05 -1.05819570e-05  0.00000000e+00]","[ 0.00000000e+00 -1.11810195e+00  1.39231110e+01  2.85810411e-01
 -4.28864717e+00 -9.07810479e-02 -4.62388724e-01 -3.76277533e-03]"
1747093054.9318094,"[ 0.         -0.22761026  0.98568838  2.96870556 -1.94900355 -0.00409221
  0.96007703  1.57091817]","[ 0.00000000e+00 -1.05819570e-05 -1.52334978e-01 -1.99872133e-02
 -3.11422401e-01  1.06059783e-05 -1.05820616e-05  0.00000000e+00]","[ 0.00000000e+00 -1.13596392e+00  1.37801180e+01  2.66556472e-01
 -4.25903416e+00 -7.79784918e-02 -4.48470533e-01  2.28707097e-03]"
1747093054.9334767,"[ 0.         -0.22761079  0.98536787  2.96866748 -1.94964005 -0.00409168
  0.96007703  1.57091817]","[ 0.00000000e+00 -1.05819570e-05 -1.57577111e-01 -1.89068230e-02
 -3.09757726e-01  1.58969375e-05 -1.05819570e-05  0.00000000e+00]","[ 0.00000000e+00 -1.16751814e+00  1.36437654e+01  2.34904781e-01
 -4.21584225e+00 -8.24796706e-02 -4.21213597e-01 -5.56911400e-04]"
1747093054.935196,"[ 0.         -0.22761132  0.98521221  2.96864751 -1.94999371 -0.00409168
  0.96007703  1.57091817]","[ 0.00000000e+00 -1.58849283e-05 -1.57897073e-01 -1.87899414e-02
 -3.10780147e-01  1.58969375e-05 -1.05899522e-05  0.00000000e+00]","[ 0.00000000e+00 -1.16686678e+00  1.36461525e+01  2.27553070e-01
 -4.18675375e+00 -7.76307881e-02 -4.19265181e-01 -1.20389294e-02]"
1747093054.9369624,"[ 0.         -0.22761132  0.98490082  2.96860862 -1.95062808 -0.00409168
  0.96007703  1.57091817]","[ 0.00000000e+00 -2.11639139e-05 -1.57466823e-01 -1.99872133e-02
 -3.09448267e-01  1.59088095e-05 -1.05819570e-05  0.00000000e+00]","[ 0.00000000e+00 -1.21408403e+00  1.37125244e+01  1.95773244e-01
 -4.05414534e+00 -8.74211863e-02 -4.20101345e-01 -9.96081252e-03]"
1747093054.938094,"[ 0.         -0.22761186  0.98473324  2.96858785 -1.95093088 -0.00409168
  0.96007703  1.57091817]","[ 0.00000000e+00 -2.64748795e-05 -1.57733356e-01 -2.10676037e-02
 -3.07100823e-01  1.58969375e-05 -1.05819570e-05  0.00000000e+00]","[ 0.         -1.24753618 13.70070744  0.20444524 -4.00189638 -0.09202251
 -0.39726394 -0.01618401]"
1747093054.9398115,"[ 0.         -0.22761186  0.98442238  2.96854018 -1.95153276 -0.00409168
  0.96007703  1.57091817]","[ 0.00000000e+00 -2.64748795e-05 -1.57736934e-01 -2.43087727e-02
 -3.04940034e-01  1.59089679e-05 -1.05819570e-05  0.00000000e+00]","[ 0.00000000e+00 -1.26947498e+00  1.37176952e+01  2.38977119e-01
 -3.90036964e+00 -1.07422702e-01 -3.74911368e-01 -7.41063105e-03]"
1747093054.9414499,"[ 0.         -0.22761186  0.98426765  2.96851488 -1.95185287 -0.00409168
  0.96007703  1.57091817]","[ 0.00000000e+00 -2.64548924e-05 -1.56767643e-01 -2.56592596e-02
 -3.01423696e-01  1.58729355e-05 -1.05820616e-05  0.00000000e+00]","[ 0.00000000e+00 -1.28344214e+00  1.37257805e+01  2.25033775e-01
 -3.92674899e+00 -9.45372134e-02 -3.69885236e-01 -1.30047416e-02]"
1747093054.943184,"[ 0.         -0.22761292  0.98394754  2.96845922 -1.95244515 -0.00409168
  0.96007703  1.57091817]","[ 0.00000000e+00 -3.70368514e-05 -1.56656540e-01 -2.89004307e-02
 -3.00348378e-01  1.58729355e-05 -1.05899522e-05  0.00000000e+00]","[ 0.         -1.2779994  13.65077114  0.29181573 -4.02231741 -0.09932429
 -0.39585337 -0.01881026]"
1747093054.9442992,"[ 0.         -0.22761345  0.98379421  2.96842726 -1.95274263 -0.00409168
  0.96007703  1.57091817]","[ 0.00000000e+00 -4.76547840e-05 -1.55576145e-01 -3.00922160e-02
 -3.01698867e-01  1.58730919e-05 -1.05899522e-05  0.00000000e+00]","[ 0.         -1.29462755 13.52814102  0.33867696 -4.05916595 -0.11634079
 -0.39585337 -0.0185514 ]"
1747093054.945983,"[ 0.         -0.22761505  0.98348974  2.96836148 -1.95335809 -0.00409168
  0.96007703  1.57091817]","[ 0.00000000e+00 -6.34917418e-05 -1.53685467e-01 -3.40322817e-02
 -3.00348378e-01  1.58730919e-05 -1.05820616e-05  0.00000000e+00]","[ 0.00000000e+00 -1.32160735e+00  1.34178076e+01  3.94451618e-01
 -4.20202446e+00 -1.20180555e-01 -4.15148884e-01 -6.68955781e-03]"
1747093054.9481583,"[ 0.         -0.22761558  0.98316923  2.96828212 -1.95395037 -0.00409168
  0.96007703  1.57091817]","[ 0.00000000e+00 -6.87827183e-05 -1.57466823e-01 -4.05146197e-02
 -2.99808189e-01  1.58850858e-05 -1.05819570e-05  0.00000000e+00]","[ 0.00000000e+00 -1.30387092e+00  1.33860836e+01  4.67615992e-01
 -4.29289579e+00 -1.43229455e-01 -4.16812360e-01 -7.31523847e-03]"
1747093054.949351,"[ 0.         -0.22761665  0.98285791  2.96819077 -1.95426782 -0.00409168
  0.96007703  1.57091817]","[ 0.00000000e+00 -7.93654595e-05 -1.58277123e-01 -4.88876440e-02
 -2.98634801e-01  1.58730919e-05 -1.05819570e-05  0.00000000e+00]","[ 0.00000000e+00 -1.32980776e+00  1.34931974e+01  5.55513084e-01
 -4.31474733e+00 -1.64520442e-01 -4.21906263e-01 -4.15580627e-03]"
1747093054.9509938,"[ 0.         -0.22761718  0.98268986  2.96813378 -1.95456077 -0.00409168
  0.96007703  1.57091817]","[ 0.00000000e+00 -8.46556558e-05 -1.58234895e-01 -5.36644520e-02
 -2.97107211e-01  1.58729355e-05 -1.05819570e-05  0.00000000e+00]","[ 0.00000000e+00 -1.34353971e+00  1.35921259e+01  5.83977044e-01
 -4.29162550e+00 -1.85674161e-01 -4.25024867e-01 -7.96767231e-03]"
1747093054.952767,"[ 0.         -0.22761878  0.98238127  2.96801953 -1.95517196 -0.00409168
  0.96007703  1.57091817]","[ 0.00000000e+00 -1.00528593e-04 -1.56545203e-01 -5.94214448e-02
 -2.99417537e-01  1.58729355e-05 -1.05820616e-05  0.00000000e+00]","[ 0.         -1.28170335 13.77887726  0.63052851 -4.22612572 -0.19237338
 -0.47564641 -0.02913701]"
1747093054.953967,"[ 0.         -0.22761878  0.9822288   2.96795881 -1.95546678 -0.00409168
  0.96007703  1.57091817]","[ 0.00000000e+00 -1.00528593e-04 -1.54339223e-01 -6.15198285e-02
 -2.98997889e-01  1.58729355e-05 -1.05819570e-05  0.00000000e+00]","[ 0.         -1.25373006 13.77728367  0.65668458 -4.23220301 -0.21023847
 -0.47664037 -0.0317652 ]"
1747093054.955744,"[ 0.         -0.22761985  0.98191522  2.96782326 -1.95605667 -0.00409168
  0.96007703  1.57091817]","[ 0.00000000e+00 -1.16402677e-04 -1.52216451e-01 -6.79582534e-02
 -2.99268000e-01  1.58847699e-05 -1.05819570e-05  0.00000000e+00]","[ 0.         -1.21178901 13.91319561  0.76082712 -4.23579693 -0.21731332
 -0.47286114 -0.03573269]"
1747093054.9575262,"[ 0.         -0.22762091  0.98176595  2.96775162 -1.95637278 -0.00409168
  0.96007703  1.57091817]","[ 0.00000000e+00 -1.32275769e-04 -1.51254584e-01 -7.26562194e-02
 -2.97662148e-01  1.58847699e-05 -1.05819570e-05  0.00000000e+00]","[ 0.         -1.19461501 13.99454308  0.81695586 -4.20057678 -0.21731332
 -0.460558   -0.03573269]"
1747093054.9586933,"[ 0.         -0.22762144  0.98147207  2.96760381 -1.95696054 -0.00409168
  0.96007703  1.57091817]","[ 0.00000000e+00 -1.37565437e-04 -1.48704424e-01 -7.58973946e-02
 -2.98187623e-01  1.58729355e-05 -1.05740785e-05  0.00000000e+00]","[ 0.         -1.1185149  14.06283855  0.90776473 -4.26052856 -0.20624261
 -0.48344487 -0.04028778]"
1747093054.9603827,"[ 0.         -0.22762198  0.98131547  2.96752179 -1.95725562 -0.00409168
  0.96007703  1.57091817]","[ 0.00000000e+00 -1.42964352e-04 -1.47313139e-01 -7.71640273e-02
 -2.99268000e-01  1.58729355e-05 -1.05819570e-05  0.00000000e+00]","[ 0.         -1.08699715 13.97844505  0.94884098 -4.32502747 -0.1996799
 -0.48452151 -0.04489752]"
1747093054.9621317,"[ 0.         -0.22762304  0.98102206  2.96736333 -1.95787561 -0.00409168
  0.96007703  1.57091817]","[ 0.00000000e+00 -1.58730919e-04 -1.49093811e-01 -8.10292395e-02
 -3.03821606e-01  1.58729355e-05 -1.05819570e-05  0.00000000e+00]","[ 0.         -0.99137878 14.0169611   1.03132498 -4.35546398 -0.20639828
 -0.4827154  -0.02613572]"
1747093054.9632447,"[ 0.         -0.22762304  0.98087512  2.96728343 -1.95817867 -0.00409168
  0.96007703  1.57091817]","[ 0.00000000e+00 -1.58730919e-04 -1.49093811e-01 -8.10292395e-02
 -3.07370934e-01  1.58729355e-05 -1.05739739e-05  0.00000000e+00]","[ 0.         -0.94983464 14.05919647  1.05955219 -4.32783604 -0.20592384
 -0.47392151 -0.02426469]"
1747093054.9649682,"[ 0.         -0.22762304  0.98057252  2.96711992 -1.95881384 -0.00409168
  0.96007703  1.57091817]","[ 0.00000000e+00 -1.64020327e-04 -1.47473228e-01 -7.94936025e-02
 -3.10952886e-01  1.58730919e-05 -1.05819570e-05  0.00000000e+00]","[ 0.         -0.81030077 14.18712902  1.07803619 -4.2846632  -0.21063988
 -0.48304468 -0.02197418]"
1747093054.9665942,"[ 0.         -0.22762304  0.98042791  2.96704082 -1.95912143 -0.00409168
  0.96007703  1.57091817]","[ 0.00000000e+00 -1.64020327e-04 -1.46514323e-01 -8.02189477e-02
 -3.11962590e-01  1.58729355e-05 -1.05820616e-05  0.00000000e+00]","[ 0.         -0.74715149 14.21829987  1.09712803 -4.23818445 -0.20779185
 -0.47025535 -0.02913511]"
1747093054.9677997,"[ 0.         -0.22762304  0.98012391  2.96688023 -1.95974222 -0.00409168
  0.96007703  1.57091817]","[ 0.00000000e+00 -1.64144252e-04 -1.48705689e-01 -7.77382215e-02
 -3.14933646e-01  1.58729355e-05 -1.05819570e-05  0.00000000e+00]","[ 0.         -0.60941935 14.31719494  1.15272737 -4.02996016 -0.23142549
 -0.44369033 -0.02908451]"
1747093054.9694653,"[ 0.         -0.22762304  0.97997743  2.96680566 -1.96007777 -0.00409168
  0.96007703  1.57091817]","[ 0.00000000e+00 -1.64020327e-04 -1.48553606e-01 -7.56272918e-02
 -3.15968251e-01  1.58730919e-05 -1.05819570e-05  0.00000000e+00]","[ 0.         -0.55237889 14.4080534   1.20384991 -3.96685338 -0.24471313
 -0.43591258 -0.02328024]"
1747093054.9717357,"[ 0.         -0.22762304  0.97967204  2.96666212 -1.96070841 -0.00409168
  0.96007703  1.57091817]","[ 0.00000000e+00 -1.69311312e-04 -1.49066863e-01 -7.26562194e-02
 -3.20065524e-01  1.58729355e-05 -1.05740785e-05  0.00000000e+00]","[ 0.         -0.37643418 14.44301319  1.25738192 -3.86227369 -0.2678093
 -0.41434714 -0.02608178]"
1747093054.9723263,"[ 0.         -0.22762251  0.97937722  2.96652284 -1.96134198 -0.00409221
  0.96007703  1.57091817]","[ 0.00000000e+00 -1.64020327e-04 -1.49904095e-01 -6.62028724e-02
 -3.21090342e-01  1.05739739e-05 -1.05819570e-05  0.00000000e+00]","[ 0.         -0.28346261 14.43989086  1.30316222 -3.79639125 -0.27468798
 -0.43355131 -0.04649514]"
1747093054.9746916,"[ 0.         -0.22762198  0.97907236  2.96640619 -1.96200324 -0.00409221
  0.96007703  1.57091817]","[ 0.00000000e+00 -1.58730919e-04 -1.48705689e-01 -5.72606640e-02
 -3.23576769e-01  1.05819570e-05 -1.05819570e-05  0.00000000e+00]","[ 0.         -0.09568026 14.43923283  1.31470025 -3.74517202 -0.28624684
 -0.42799944 -0.0498925 ]"
1747093054.9764075,"[ 0.         -0.22762198  0.97892589  2.96635346 -1.96232229 -0.00409221
  0.96007703  1.57091817]","[ 0.00000000e+00 -1.58729359e-04 -1.48553606e-01 -5.34792999e-02
 -3.23576769e-01  1.05820616e-05 -1.05819570e-05  0.00000000e+00]","[ 0.         -0.05035605 14.3783884   1.26410091 -3.71363401 -0.27020201
 -0.43130895 -0.05669644]"
1747093054.9781864,"[ 0.         -0.22762251  0.97862874  2.96625465 -1.9629918  -0.00409221
  0.96007703  1.57091817]","[ 0.00000000e+00 -1.64020327e-04 -1.51101335e-01 -4.67268633e-02
 -3.28005140e-01  1.05819570e-05 -1.05820616e-05  0.00000000e+00]","[ 0.          0.07213294 14.41632652  1.25077379 -3.67610407 -0.24330145
 -0.42461184 -0.03633026]"
1747093054.9792774,"[ 0.         -0.22762198  0.97847035  2.96621338 -1.96331644 -0.00409221
  0.96007703  1.57091817]","[ 0.00000000e+00 -1.58729359e-04 -1.49347860e-01 -4.18226896e-02
 -3.29248836e-01  1.05819570e-05 -1.05739739e-05  0.00000000e+00]","[ 0.00000000e+00  1.12654410e-01  1.44149694e+01  1.23847461e+00
 -3.67978930e+00 -2.29983345e-01 -4.34960902e-01 -1.12716295e-02]"
1747093054.981022,"[ 0.         -0.22762198  0.9781792   2.96613961 -1.96397078 -0.00409221
  0.96007703  1.57091817]","[ 0.00000000e+00 -1.64145878e-04 -1.46392833e-01 -3.36029739e-02
 -3.32490003e-01  1.05820616e-05 -1.05819570e-05  0.00000000e+00]","[ 0.          0.20907712 14.53093719  1.18665421 -3.59895635 -0.21879235
 -0.44098479 -0.01968784]"
1747093054.982184,"[ 0.         -0.22762198  0.97803686  2.96611058 -1.96432498 -0.00409221
  0.96007703  1.57091817]","[ 0.00000000e+00 -1.64020327e-04 -1.44232044e-01 -2.94406258e-02
 -3.33522044e-01  1.05820616e-05 -1.05819570e-05  0.00000000e+00]","[ 0.          0.26645526 14.56853199  1.15047574 -3.55574656 -0.22410224
 -0.44751245 -0.02011049]"
1747093054.983974,"[ 0.         -0.22762198  0.97774118  2.96606291 -1.96498332 -0.00409221
  0.96007703  1.57091817]","[ 0.00000000e+00 -1.64020327e-04 -1.43816092e-01 -2.26881871e-02
 -3.34380681e-01  1.05740785e-05 -1.05740785e-05  0.00000000e+00]","[ 0.          0.28576639 14.60452461  1.09719014 -3.5521996  -0.23085023
 -0.43724146 -0.01702965]"
1747093054.9851239,"[ 0.         -0.22762198  0.9775979   2.96604027 -1.96531355 -0.00409221
  0.96007703  1.57091817]","[ 0.00000000e+00 -1.58850846e-04 -1.45312439e-01 -2.13153193e-02
 -3.34581516e-01  1.05819570e-05 -1.05819570e-05  0.00000000e+00]","[ 0.          0.31673974 14.60680294  1.09931028 -3.60937262 -0.22726126
 -0.43093976 -0.01812812]"
1747093054.9869263,"[ 0.         -0.22762198  0.97730122  2.96600352 -1.96600411 -0.00409221
  0.96007703  1.57091817]","[ 0.00000000e+00 -1.58730919e-04 -1.44944174e-01 -1.78264326e-02
 -3.38089232e-01  1.05819570e-05 -1.05819570e-05  0.00000000e+00]","[ 0.          0.33968207 14.56885242  1.031515   -3.67206287 -0.22435418
 -0.44002283 -0.01505299]"
1747093054.9887075,"[ 0.         -0.22762144  0.97701746  2.96596996 -1.96667629 -0.00409221
  0.96007703  1.57091817]","[ 0.00000000e+00 -1.53554302e-04 -1.43421761e-01 -1.60491814e-02
 -3.41133126e-01  1.05819570e-05 -1.05819570e-05  0.00000000e+00]","[ 0.          0.35829851 14.48975468  1.00100291 -3.72786784 -0.22130755
 -0.45302972 -0.02001178]"
1747093054.9898806,"[ 0.         -0.22762144  0.97687558  2.96595452 -1.96701398 -0.00409221
  0.96007703  1.57091817]","[ 0.00000000e+00 -1.53554302e-04 -1.43961950e-01 -1.56656540e-02
 -3.42483615e-01  1.05819570e-05 -1.05820616e-05  0.00000000e+00]","[ 0.          0.3381626  14.43373108  0.98521268 -3.74801731 -0.20840394
 -0.46644911 -0.03044826]"
1747093054.991619,"[ 0.         -0.22762198  0.97657944  2.96592282 -1.96771732 -0.00409221
  0.96007703  1.57091817]","[ 0.00000000e+00 -1.58850846e-04 -1.44772250e-01 -1.50461080e-02
 -3.43023804e-01  1.05819570e-05 -1.05739739e-05  0.00000000e+00]","[ 0.          0.27137345 14.37914658  0.95155567 -3.75092649 -0.17045128
 -0.45533517 -0.03007499]"
1747093054.9928243,"[ 0.         -0.22762198  0.97643383  2.96590711 -1.96805767 -0.00409221
  0.96007703  1.57091817]","[ 0.00000000e+00 -1.58849285e-04 -1.47743322e-01 -1.59196051e-02
 -3.44834820e-01  1.05819570e-05 -1.05819570e-05  0.00000000e+00]","[ 0.          0.2621806  14.32532024  0.91334391 -3.76833272 -0.16386551
 -0.43812856 -0.0271347 ]"
1747093054.9945524,"[ 0.         -0.22762144  0.97614688  2.96587782 -1.96877113 -0.00409168
  0.96007703  1.57091817]","[ 0.00000000e+00 -1.48147406e-04 -1.45312439e-01 -1.48553612e-02
 -3.48882192e-01  1.58730919e-05 -1.05819570e-05  0.00000000e+00]","[ 0.          0.20958441 14.25838184  0.90616971 -3.68786716 -0.16004491
 -0.38701877 -0.02879784]"
1747093054.9963105,"[ 0.         -0.22762144  0.97599255  2.96586397 -1.96911601 -0.00409168
  0.96007703  1.57091817]","[ 0.00000000e+00 -1.42856421e-04 -1.45445713e-01 -1.40450684e-02
 -3.49776215e-01  1.58609609e-05 -1.05740785e-05  0.00000000e+00]","[ 0.          0.17711882 14.20098305  0.90476263 -3.6209414  -0.16302635
 -0.38982666 -0.02231632]"
1747093054.998098,"[ 0.         -0.22762144  0.97570972  2.96583787 -1.96983373 -0.00409168
  0.96007703  1.57091817]","[ 0.00000000e+00 -1.42964352e-04 -1.43421761e-01 -1.21667263e-02
 -3.50244499e-01  1.58729355e-05 -1.05820616e-05  0.00000000e+00]","[ 0.00000000e+00  9.09961089e-02  1.40951147e+01  9.01415884e-01
 -3.57976055e+00 -1.52396277e-01 -3.99278671e-01 -1.35836443e-02]"
1747093055.0006254,"[ 0.         -0.22762144  0.97541764  2.96581763 -1.97052296 -0.00409168
  0.96007703  1.57091817]","[ 0.00000000e+00 -1.42964352e-04 -1.42687261e-01 -9.72350907e-03
 -3.49691660e-01  1.58611183e-05 -1.05739739e-05  0.00000000e+00]","[ 0.00000000e+00  6.88354447e-02  1.39105549e+01  9.17110622e-01
 -3.63231182e+00 -1.66411802e-01 -4.03155148e-01 -1.32043529e-02]"
1747093055.001806,"[ 0.         -0.22762144  0.97513248  2.96580245 -1.97124388 -0.00409168
  0.96007703  1.57091817]","[ 0.00000000e+00 -1.37669385e-04 -1.45312439e-01 -6.48233955e-03
 -3.52329687e-01  1.58729355e-05 -1.05820616e-05  0.00000000e+00]","[ 0.00000000e+00 -4.69645076e-02  1.37311258e+01  8.90173197e-01
 -3.70379281e+00 -2.02799618e-01 -3.84042174e-01 -1.30267264e-02]"
1747093055.0040781,"[ 0.         -0.22762198  0.97482808  2.96579286 -1.97194109 -0.00409168
  0.96007703  1.57091817]","[ 0.00000000e+00 -1.37565437e-04 -1.49093811e-01 -4.04735727e-03
 -3.53199376e-01  1.58609609e-05 -1.05739739e-05  0.00000000e+00]","[ 0.00000000e+00 -1.51722878e-01  1.36460199e+01  8.93966079e-01
 -3.68608165e+00 -1.96373597e-01 -3.85411918e-01 -9.89942346e-03]"
1747093055.0052867,"[ 0.         -0.22762198  0.97468021  2.96579047 -1.97228863 -0.00409168
  0.96007703  1.57091817]","[ 0.00000000e+00 -1.37669385e-04 -1.49752211e-01 -2.25691615e-03
 -3.52835056e-01  1.58729355e-05 -1.05819570e-05  0.00000000e+00]","[ 0.00000000e+00 -2.11310491e-01  1.36275692e+01  8.66324902e-01
 -3.68471456e+00 -1.75437748e-01 -3.76386017e-01  3.62395938e-03]"
1747093055.0070062,"[ 0.         -0.22762198  0.97436702  2.96578993 -1.97301195 -0.00409168
  0.96007703  1.57091817]","[ 0.00000000e+00 -1.37669385e-04 -1.53470300e-01  2.70097476e-04
 -3.53557604e-01  1.58730919e-05 -1.05820616e-05  0.00000000e+00]","[ 0.         -0.33261883 13.59586525  0.86368805 -3.56772852 -0.17237566
 -0.33832797 -0.02354485]"
1747093055.0086951,"[ 0.         -0.22762198  0.9740557   2.9657918  -1.97371023 -0.00409168
  0.96007703  1.57091817]","[ 0.00000000e+00 -1.32374402e-04 -1.58277123e-01  7.02217843e-04
 -3.54908093e-01  1.58609609e-05 -1.05820616e-05  0.00000000e+00]","[ 0.         -0.43094996 13.620224    0.86887753 -3.56839848 -0.16789861
 -0.33250761 -0.02321765]"
1747093055.0098932,"[ 0.         -0.22762198  0.9738991   2.96579233 -1.97406017 -0.00409168
  0.96007703  1.57091817]","[ 0.00000000e+00 -1.32374402e-04 -1.58656407e-01  6.62313144e-04
 -3.54908093e-01  1.58729355e-05 -1.05820616e-05  0.00000000e+00]","[ 0.00000000e+00 -5.05263329e-01  1.36252260e+01  8.81207943e-01
 -3.61469007e+00 -1.72961116e-01 -3.45153451e-01 -1.13410002e-03]"
1747093055.011663,"[ 0.         -0.22762251  0.97357633  2.965791   -1.97478428 -0.00409168
  0.96007703  1.57091817]","[ 0.00000000e+00 -1.37670734e-04 -1.56981062e-01  0.00000000e+00
 -3.53199376e-01  1.58611183e-05 -1.05739739e-05  0.00000000e+00]","[ 0.00000000e+00 -5.97803950e-01  1.37347260e+01  8.71310472e-01
 -3.70990825e+00 -1.80319265e-01 -3.78522575e-01 -1.12788389e-02]"
1747093055.0134003,"[ 0.         -0.22762251  0.97342153  2.96578993 -1.97513342 -0.00409168
  0.96007703  1.57091817]","[ 0.00000000e+00 -1.37669385e-04 -1.56926634e-01 -2.12755037e-04
 -3.54097793e-01  1.58609609e-05 -1.05819570e-05  0.00000000e+00]","[ 0.         -0.62966913 13.78173161  0.84783322 -3.79237199 -0.19593409
 -0.38566378 -0.01481317]"
1747093055.015168,"[ 0.         -0.22762251  0.9731148   2.96578967 -1.97583037 -0.00409168
  0.96007703  1.57091817]","[ 0.00000000e+00 -1.37669385e-04 -1.55193349e-01 -1.88742797e-04
 -3.53827682e-01  1.58729355e-05 -1.05820616e-05  0.00000000e+00]","[ 0.         -0.73322761 13.85645866  0.82761204 -3.95395303 -0.17035905
 -0.42407036 -0.01560758]"
1747093055.0163639,"[ 0.         -0.22762251  0.97280215  2.96578993 -1.97656327 -0.00409168
  0.96007703  1.57091817]","[ 0.00000000e+00 -1.37669385e-04 -1.52180631e-01 -2.34021185e-04
 -3.58149260e-01  1.58609609e-05 -1.05740785e-05  0.00000000e+00]","[ 0.         -0.78403115 13.93479252  0.81210619 -4.08405876 -0.17304583
 -0.41567203 -0.02845115]"
1747093055.0181072,"[ 0.         -0.22762304  0.97262897  2.96579047 -1.97691641 -0.00409168
  0.96007703  1.57091817]","[ 0.00000000e+00 -1.37669385e-04 -1.52113769e-01 -2.31838413e-04
 -3.57786371e-01  1.58730919e-05 -1.05819570e-05  0.00000000e+00]","[ 0.         -0.82614857 13.95794678  0.80812246 -4.1625247  -0.17838587
 -0.4192526  -0.0299425 ]"
1747093055.019288,"[ 0.         -0.22762304  0.97231812  2.96578993 -1.97765197 -0.00409168
  0.96007703  1.57091817]","[ 0.00000000e+00 -1.37565437e-04 -1.52901416e-01 -2.06515204e-04
 -3.59852751e-01  1.58730919e-05 -1.05740785e-05  0.00000000e+00]","[ 0.         -0.86369777 14.00313568  0.78731942 -4.19154263 -0.17901964
 -0.42688498 -0.01405101]"
1747093055.0211024,"[ 0.         -0.22762304  0.97216705  2.96578967 -1.97800511 -0.00409168
  0.96007703  1.57091817]","[ 0.00000000e+00 -1.37669385e-04 -1.53145262e-01 -1.47510874e-04
 -3.58149260e-01  1.58609609e-05 -1.05740785e-05  0.00000000e+00]","[ 0.00000000e+00 -8.99457574e-01  1.40221167e+01  7.55082667e-01
 -4.17434454e+00 -1.72383264e-01 -4.22804266e-01 -8.59851204e-03]"
1747093055.0227287,"[ 0.         -0.22762304  0.97184927  2.96578967 -1.97871511 -0.00409168
  0.96007703  1.57091817]","[ 0.00000000e+00 -1.37669385e-04 -1.55225673e-01  0.00000000e+00
 -3.60405457e-01  1.58729355e-05 -1.05820616e-05  0.00000000e+00]","[ 0.         -0.95838964 14.10948563  0.74643952 -4.17450571 -0.16784295
 -0.42954928 -0.0141385 ]"
1747093055.025037,"[ 0.         -0.22762411  0.97154347  2.96578967 -1.97945334 -0.00409168
  0.96007703  1.57091817]","[ 0.00000000e+00 -1.48482219e-04 -1.54339223e-01  0.00000000e+00
 -3.60484620e-01  5.28698695e-06 -1.05739739e-05  0.00000000e+00]","[ 0.00000000e+00 -9.78689790e-01  1.42613335e+01  7.28784978e-01
 -4.14777422e+00 -1.70916378e-01 -4.40000355e-01 -4.23425157e-03]"
1747093055.0262218,"[ 0.         -0.22762411  0.97139287  2.96578967 -1.97980967 -0.00409168
  0.96007703  1.57091817]","[ 0.00000000e+00 -1.48482219e-04 -1.52875167e-01  0.00000000e+00
 -3.61390427e-01  5.28703927e-06 -1.05819570e-05  0.00000000e+00]","[ 0.00000000e+00 -1.00007260e+00  1.43128586e+01  7.09670484e-01
 -4.19031286e+00 -1.71061203e-01 -4.47287589e-01  2.54855695e-05]"
1747093055.027871,"[ 0.         -0.22762411  0.97108248  2.96578967 -1.98054843 -0.00409168
  0.96007703  1.57091817]","[ 0.00000000e+00 -1.43289120e-04 -1.50714395e-01  0.00000000e+00
 -3.60855798e-01  5.29097849e-06 -1.05820616e-05  0.00000000e+00]","[ 0.00000000e+00 -1.01575720e+00  1.43719368e+01  6.85646772e-01
 -4.15354156e+00 -1.44710973e-01 -4.50870901e-01  6.17713248e-03]"
1747093055.0295959,"[ 0.         -0.22762411  0.9707886   2.96578913 -1.98126082 -0.00409168
  0.96007703  1.57091817]","[ 0.00000000e+00 -1.43180701e-04 -1.49212572e-01 -3.31177162e-05
 -3.60754431e-01  5.29097849e-06  0.00000000e+00  0.00000000e+00]","[ 0.00000000e+00 -1.01826024e+00  1.43808022e+01  6.80327117e-01
 -4.15878963e+00 -1.46534622e-01 -4.45650816e-01 -1.17536718e-02]"
1747093055.030705,"[ 0.         -0.22762464  0.97064439  2.96578913 -1.98164592 -0.00409168
  0.96007703  1.57091817]","[ 0.00000000e+00 -1.43180701e-04 -1.46392833e-01 -3.12046522e-05
 -3.62611187e-01  5.29097849e-06  0.00000000e+00  0.00000000e+00]","[ 0.         -1.00638258 14.34298801  0.66577464 -4.14932585 -0.16650888
 -0.446235   -0.01908133]"
1747093055.0329754,"[ 0.         -0.22762517  0.97034731  2.96578913 -1.98236231 -0.00409168
  0.96007603  1.57091817]","[ 0.00000000e+00 -1.48483698e-04 -1.44232044e-01 -2.95005375e-05
 -3.63281105e-01  5.29103081e-06 -1.05979587e-05  0.00000000e+00]","[ 0.         -1.04510057 14.300354    0.64778554 -4.1703186  -0.16347413
 -0.44242308 -0.02350381]"
1747093055.0347161,"[ 0.         -0.22762517  0.97020723  2.9657886  -1.9827205  -0.00409168
  0.96007603  1.57091817]","[ 0.00000000e+00 -1.43180701e-04 -1.42071272e-01 -7.34422018e-05
 -3.63281105e-01  0.00000000e+00 -1.05979587e-05  0.00000000e+00]","[ 0.00000000e+00 -1.03891075e+00  1.42997332e+01  6.38607740e-01
 -4.12955379e+00 -1.65175706e-01 -4.31180775e-01 -5.43243717e-03]"
1747093055.0366895,"[ 0.         -0.22762517  0.96991475  2.9657886  -1.98346113 -0.00409168
  0.96007603  1.57091817]","[ 0.00000000e+00 -1.37773464e-04 -1.42553021e-01 -6.96542599e-05
 -3.60850238e-01  0.00000000e+00 -1.05979587e-05  0.00000000e+00]","[ 0.         -1.0360533  14.20244122  0.64991766 -4.07407427 -0.13430837
 -0.4305087   0.02450714]"
1747093055.0375345,"[ 0.         -0.2276257   0.96962546  2.96578834 -1.98417512 -0.00409168
  0.96007603  1.57091817]","[ 0.00000000e+00 -1.43182132e-04 -1.47203117e-01 -7.54971222e-05
 -3.61660505e-01  0.00000000e+00 -1.05979587e-05  0.00000000e+00]","[ 0.00000000e+00 -1.01810718e+00  1.41577902e+01  6.21386468e-01
 -3.99042058e+00 -1.28541633e-01 -4.04173642e-01  9.58862063e-03]"
1747093055.0392494,"[ 0.         -0.22762624  0.96962546  2.9657878  -1.98456101 -0.00409168
  0.96007603  1.57091817]","[ 0.00000000e+00 -1.43180701e-04 -1.47203117e-01 -1.26282006e-04
 -3.63363497e-01  0.00000000e+00 -1.05979587e-05  0.00000000e+00]","[ 0.00000000e+00 -1.01317227e+00  1.41577902e+01  6.06148243e-01
 -3.95388055e+00 -1.33428752e-01 -3.97688806e-01  5.77773852e-03]"
1747093055.0404024,"[ 0.         -0.2276273   0.96932466  2.96578727 -1.98527634 -0.00409168
  0.96007603  1.57091817]","[ 0.00000000e+00 -1.53786679e-04 -1.46448776e-01 -1.20222153e-04
 -3.62740916e-01  0.00000000e+00 -1.05980643e-05  0.00000000e+00]","[ 0.00000000e+00 -9.93372202e-01  1.41785269e+01  5.32680273e-01
 -3.91471314e+00 -1.22779086e-01 -4.30063963e-01  3.32859741e-03]"
1747093055.042249,"[ 0.         -0.2276273   0.96918278  2.96578727 -1.98563214 -0.00409168
  0.96007603  1.57091817]","[ 0.00000000e+00 -1.48483698e-04 -1.43961950e-01 -1.20222153e-04
 -3.60850238e-01  0.00000000e+00 -1.05978530e-05  0.00000000e+00]","[ 0.00000000e+00 -9.96784449e-01  1.41669827e+01  5.27535796e-01
 -3.89347100e+00 -1.41061991e-01 -4.20375675e-01  1.26057891e-02]"
1747093055.043958,"[ 0.         -0.22762784  0.96890175  2.96578647 -1.98637303 -0.00409168
  0.96007603  1.57091817]","[ 0.00000000e+00 -1.43073876e-04 -1.42071272e-01 -1.43513076e-04
 -3.62109647e-01  0.00000000e+00 -1.05979587e-05  0.00000000e+00]","[ 0.00000000e+00 -9.92318213e-01  1.41870604e+01  5.19728720e-01
 -3.85194731e+00 -1.08619995e-01 -4.05319721e-01  8.87528900e-03]"
1747093055.045105,"[ 0.         -0.22762837  0.96876446  2.96578594 -1.98673069 -0.00409168
  0.96007603  1.57091817]","[ 0.00000000e+00 -1.37876339e-04 -1.39370294e-01 -1.59089675e-04
 -3.62740916e-01  0.00000000e+00 -1.05979587e-05  0.00000000e+00]","[ 0.         -0.98837954 14.22387218  0.52242857 -3.77893972 -0.10725998
 -0.40531972  0.0165944 ]"
1747093055.0467865,"[ 0.         -0.2276289   0.96848436  2.96578461 -1.98744655 -0.00409168
  0.96007603  1.57091817]","[ 0.00000000e+00 -1.32574732e-04 -1.35588930e-01 -1.96123512e-04
 -3.62740916e-01  0.00000000e+00 -1.05979587e-05  0.00000000e+00]","[ 0.         -0.96704596 14.17093372  0.4940888  -3.75028086 -0.10591944
 -0.39924231  0.0206007 ]"
1747093055.0485268,"[ 0.         -0.22762943  0.96821299  2.96578407 -1.98818451 -0.00409168
  0.96007603  1.57091817]","[ 0.00000000e+00 -1.32574732e-04 -1.32281192e-01 -2.01124399e-04
 -3.58865684e-01  0.00000000e+00 -1.05979587e-05  0.00000000e+00]","[ 0.00000000e+00 -9.77501988e-01  1.40138912e+01  5.17099917e-01
 -3.75232959e+00 -1.01330958e-01 -3.86813581e-01  1.21087590e-02]"
1747093055.0502303,"[ 0.         -0.22762997  0.96808529  2.96578354 -1.98853924 -0.00409168
  0.96007603  1.57091817]","[ 0.00000000e+00 -1.32574732e-04 -1.29646785e-01 -2.09719271e-04
 -3.59769827e-01  0.00000000e+00 -1.05979587e-05  0.00000000e+00]","[ 0.00000000e+00 -9.59459364e-01  1.39046726e+01  4.95383799e-01
 -3.79920769e+00 -1.00115120e-01 -4.04321045e-01  7.96676520e-03]"
1747093055.051944,"[ 0.         -0.22763103  0.96783462  2.96578274 -1.98927854 -0.00409062
  0.96007603  1.57091817]","[ 0.00000000e+00 -1.27273011e-04 -1.26675712e-01 -2.22079563e-04
 -3.61858877e-01  1.05980643e-05 -1.06058726e-05  0.00000000e+00]","[ 0.         -0.9666189  13.75328922  0.47371775 -3.90233278 -0.09301315
 -0.41136789  0.01512045]"
1747093055.0531263,"[ 0.         -0.22763156  0.96770053  2.96578221 -1.98963593 -0.00409062
  0.96007603  1.57091817]","[ 0.00000000e+00 -1.27271744e-04 -1.26387300e-01 -2.31831213e-04
 -3.62470805e-01  1.05978530e-05 -1.05979587e-05  0.00000000e+00]","[ 0.00000000e+00 -9.46809530e-01  1.36922941e+01  4.65457529e-01
 -3.91282129e+00 -9.28018391e-02 -4.09889072e-01  1.12874424e-02]"
1747093055.054811,"[ 0.         -0.2276321   0.96744839  2.96578141 -1.99037762 -0.00409062
  0.96007603  1.57091817]","[ 0.00000000e+00 -1.27271744e-04 -1.28975785e-01 -2.41298877e-04
 -3.62109647e-01  1.05979587e-05 -1.06059783e-05  0.00000000e+00]","[ 0.00000000e+00 -9.49272454e-01  1.35855589e+01  4.69032913e-01
 -3.88849950e+00 -8.83803293e-02 -3.91111970e-01  6.32190751e-03]"
1747093055.0565803,"[ 0.         -0.22763316  0.9671908   2.96578035 -1.99109055 -0.00409062
  0.96007603  1.57091817]","[ 0.00000000e+00 -1.21967536e-04 -1.31267377e-01 -2.57587560e-04
 -3.60850238e-01  1.05980643e-05 -1.05979587e-05  0.00000000e+00]","[ 0.00000000e+00 -9.02624786e-01  1.36026354e+01  4.58444655e-01
 -3.77627110e+00 -7.25748017e-02 -3.87711346e-01  5.14899567e-03]"
1747093055.058257,"[ 0.         -0.22763316  0.96705032  2.96578008 -1.99144662 -0.00409062
  0.96007603  1.57091817]","[ 0.00000000e+00 -1.16665758e-04 -1.32405745e-01 -2.57919414e-04
 -3.61120316e-01  1.05979587e-05 -1.05979587e-05  0.00000000e+00]","[ 0.00000000e+00 -9.12532926e-01  1.35962200e+01  4.73408252e-01
 -3.69307995e+00 -9.03810039e-02 -3.75261486e-01 -5.02458715e-04]"
1747093055.0600476,"[ 0.         -0.22763476  0.96678899  2.96577955 -1.99218538 -0.00409062
  0.96007603  1.57091817]","[ 0.00000000e+00 -1.27271744e-04 -1.33158055e-01 -2.64168009e-04
 -3.60039938e-01  1.05979587e-05 -1.06059783e-05  0.00000000e+00]","[ 0.00000000e+00 -9.09549594e-01  1.35950260e+01  4.92087781e-01
 -3.56510925e+00 -8.38705674e-02 -3.62889826e-01  2.38736277e-03]"
1747093055.0623083,"[ 0.         -0.22763529  0.96651442  2.96577848 -1.99289165 -0.00409062
  0.96007603  1.57091817]","[ 0.00000000e+00 -1.21968747e-04 -1.33910356e-01 -2.78726076e-04
 -3.57786371e-01  1.05979587e-05 -1.05979587e-05  0.00000000e+00]","[ 0.00000000e+00 -9.12769854e-01  1.36161871e+01  4.98320013e-01
 -3.51141715e+00 -9.89185423e-02 -3.60074192e-01  1.00362608e-02]"
1747093055.064637,"[ 0.         -0.22763689  0.96611035  2.96577715 -1.99397475 -0.00409062
  0.96007603  1.57091817]","[ 0.00000000e+00 -1.37877721e-04 -1.36939419e-01 -2.95697063e-04
 -3.57068849e-01  1.06058726e-05 -1.05980643e-05  0.00000000e+00]","[ 0.00000000e+00 -9.16897774e-01  1.35657139e+01  5.44468462e-01
 -3.60886955e+00 -1.35226861e-01 -3.79108608e-01  7.73714064e-03]"
1747093055.0662868,"[ 0.         -0.22763742  0.96596341  2.96577715 -1.99432709 -0.00409062
  0.96007603  1.57091817]","[ 0.00000000e+00 -1.43180701e-04 -1.38424189e-01 -2.88966112e-04
 -3.57338960e-01  1.05979587e-05 -1.05978530e-05  0.00000000e+00]","[ 0.00000000e+00 -9.23753679e-01  1.35077305e+01  5.38809121e-01
 -3.62677956e+00 -1.11534521e-01 -4.03381795e-01  6.31824136e-03]"
1747093055.0673568,"[ 0.         -0.22763849  0.96569384  2.96577635 -1.99505973 -0.00409062
  0.96007603  1.57091817]","[ 0.00000000e+00 -1.53785151e-04 -1.36399221e-01 -3.00047456e-04
 -3.58056183e-01  1.05979587e-05 -1.06059783e-05  0.00000000e+00]","[ 0.         -0.92645818 13.53471184  0.5288462  -3.68234515 -0.0842903
 -0.41703835  0.02560166]"
1747093055.0690963,"[ 0.         -0.22763849  0.96555935  2.96577582 -1.9954126  -0.00409062
  0.96007603  1.57091817]","[ 0.00000000e+00 -1.53786679e-04 -1.36399221e-01 -3.12049334e-04
 -3.57879149e-01  1.06059783e-05 -1.06059783e-05  0.00000000e+00]","[ 0.         -0.92153579 13.57678223  0.52597314 -3.7292819  -0.08779003
 -0.41204867  0.02834615]"
1747093055.070867,"[ 0.         -0.22763902  0.96527965  2.96577502 -1.99611647 -0.00409062
  0.96007603  1.57091817]","[ 0.00000000e+00 -1.59089675e-04 -1.37479616e-01 -3.16010136e-04
 -3.57338960e-01  1.05979587e-05 -1.06059783e-05  0.00000000e+00]","[ 0.         -0.91400856 13.64972305  0.54425073 -3.75587749 -0.08772463
 -0.42668188  0.01368524]"
1747093055.072584,"[ 0.         -0.22763955  0.96514516  2.96577449 -1.99649437 -0.00409062
  0.96007603  1.57091817]","[ 0.00000000e+00 -1.64392656e-04 -1.36261028e-01 -3.27501390e-04
 -3.55840433e-01  1.58969375e-05 -1.06058726e-05  0.00000000e+00]","[ 0.         -0.90735471 13.64214039  0.54416609 -3.69318795 -0.09507924
 -0.42224377  0.01955741]"
1747093055.0737329,"[ 0.         -0.22764009  0.96488064  2.96577342 -1.99719638 -0.00409062
  0.96007603  1.57091817]","[ 0.00000000e+00 -1.82089170e-04 -1.33562788e-01 -3.36174218e-04
 -3.55897624e-01  1.58969375e-05 -1.05979587e-05  0.00000000e+00]","[ 0.00000000e+00 -9.02059615e-01  1.38143196e+01  5.59759796e-01
 -3.70830083e+00 -1.06090799e-01 -4.28621441e-01  1.14863459e-02]"
1747093055.0754113,"[ 0.         -0.22764115  0.96461106  2.96577342 -1.99792555 -0.00409062
  0.96007603  1.57091817]","[ 0.00000000e+00 -2.14566780e-04 -1.30324901e-01 -3.29452077e-04
 -3.55840433e-01  1.58969375e-05 -1.06059783e-05  0.00000000e+00]","[ 0.00000000e+00 -8.69632363e-01  1.39457254e+01  5.61755896e-01
 -3.71640253e+00 -1.20928913e-01 -4.31613624e-01  1.99860049e-04]"
1747093055.077134,"[ 0.         -0.22764168  0.96448157  2.96577316 -1.99827469 -0.00409062
  0.96007603  1.57091817]","[ 0.00000000e+00 -2.48884384e-04 -1.31267377e-01 -3.34337639e-04
 -3.54097793e-01  1.58967790e-05 -1.06059783e-05  0.00000000e+00]","[ 0.00000000e+00 -8.86742473e-01  1.40526762e+01  5.85803270e-01
 -3.73222923e+00 -1.34526044e-01 -4.29028422e-01 -2.17627105e-03]"
1747093055.0789185,"[ 0.         -0.22764222  0.96421758  2.96577209 -1.99897031 -0.00409062
  0.96007603  1.57091817]","[ 0.00000000e+00 -3.16421963e-04 -1.27891911e-01 -3.42241980e-04
 -3.51666927e-01  1.58969375e-05 -1.06060839e-05  0.00000000e+00]","[ 0.         -0.89480382 14.13901329  0.58737218 -3.75042057 -0.10447919
 -0.42954963  0.03102698]"
1747093055.0806687,"[ 0.         -0.22764222  0.96409128  2.96577182 -1.99934449 -0.00409062
  0.96007603  1.57091817]","[ 0.00000000e+00 -3.27916111e-04 -1.28026201e-01 -3.54228123e-04
 -3.51998257e-01  1.58969375e-05 -1.06059783e-05  0.00000000e+00]","[ 0.         -0.91170156 14.13470745  0.59302574 -3.73610091 -0.10228669
 -0.43360853  0.03525964]"
1747093055.081854,"[ 0.         -0.22764328  0.96383415  2.96577076 -2.00004064 -0.00409062
  0.96007603  1.57091817]","[ 0.00000000e+00 -3.67824971e-04 -1.24882689e-01 -3.79665538e-04
 -3.53557604e-01  1.58969375e-05 -1.05979587e-05  0.00000000e+00]","[ 0.         -0.89609611 14.17586803  0.59446537 -3.69336033 -0.08939065
 -0.4316034   0.02113974]"
1747093055.0835626,"[ 0.         -0.22764435  0.96359034  2.96577023 -2.00076155 -0.00409062
  0.96007603  1.57091817]","[ 0.00000000e+00 -3.98107928e-04 -1.22354159e-01 -3.99195299e-04
 -3.51828148e-01  1.59089679e-05 -1.06059783e-05  0.00000000e+00]","[ 0.00000000e+00 -9.03151512e-01  1.41653442e+01  6.01948559e-01
 -3.64706445e+00 -8.93798023e-02 -4.19714659e-01  1.36561934e-02]"
1747093055.085334,"[ 0.         -0.22764488  0.96347229  2.96576996 -2.0011059  -0.00409062
  0.96007603  1.57091817]","[ 0.00000000e+00 -4.07201752e-04 -1.19653181e-01 -3.99634012e-04
 -3.49236026e-01  1.59089679e-05 -1.06059783e-05  0.00000000e+00]","[ 0.         -0.8990649  14.17903233  0.58988261 -3.63049078 -0.09891178
 -0.41291535  0.02676807]"
1747093055.0870924,"[ 0.         -0.22764541  0.96322755  2.96576943 -2.00178874 -0.00409062
  0.96007603  1.57091817]","[ 0.00000000e+00 -4.04092823e-04 -1.18752434e-01 -3.99624779e-04
 -3.45994859e-01  1.58969375e-05 -1.05979587e-05  0.00000000e+00]","[ 0.00000000e+00 -8.52269769e-01  1.41593761e+01  5.88392437e-01
 -3.61145544e+00 -1.15285575e-01 -4.03221250e-01  7.82346912e-03]"
1747093055.088238,"[ 0.         -0.22764541  0.96311044  2.96576889 -2.00215758 -0.00409062
  0.96007603  1.57091817]","[ 0.00000000e+00 -3.94862298e-04 -1.18842890e-01 -4.05071516e-04
 -3.47314323e-01  1.59089679e-05 -1.06059783e-05  0.00000000e+00]","[ 0.00000000e+00 -8.26089621e-01  1.40920553e+01  6.00205839e-01
 -3.58713269e+00 -1.17132366e-01 -3.99587542e-01  1.25234025e-02]"
1747093055.0899274,"[ 0.         -0.22764541  0.9628625   2.9657681  -2.00284308 -0.00409062
  0.96007603  1.57091817]","[ 0.00000000e+00 -3.86044055e-04 -1.21121166e-01 -3.93476720e-04
 -3.48695837e-01  1.59091264e-05 -1.05978530e-05  0.00000000e+00]","[ 0.         -0.81468278 14.03047085  0.62635821 -3.60702014 -0.1309551
 -0.38368234  0.02201563]"
1747093055.0916185,"[ 0.         -0.22764648  0.96262508  2.96576703 -2.00353151 -0.00409062
  0.96007603  1.57091817]","[ 0.00000000e+00 -3.98107928e-04 -1.20193379e-01 -3.96062639e-04
 -3.48965949e-01  1.58969375e-05 -1.06059783e-05  0.00000000e+00]","[ 0.00000000e+00 -7.71462739e-01  1.40106640e+01  6.24826074e-01
 -3.61839509e+00 -1.40372798e-01 -3.98141384e-01  1.18249618e-02]"
1747093055.0927389,"[ 0.         -0.22764648  0.96250756  2.96576676 -2.00390142 -0.00409062
  0.96007603  1.57091817]","[ 0.00000000e+00 -3.82514002e-04 -1.18992301e-01 -3.90061684e-04
 -3.48317402e-01  1.59089679e-05 -1.06059783e-05  0.00000000e+00]","[ 0.00000000e+00 -7.46099353e-01  1.40654869e+01  6.17705941e-01
 -3.59572053e+00 -1.31340772e-01 -4.02730763e-01  6.30941568e-03]"
1747093055.0944834,"[ 0.         -0.22764701  0.96226741  2.96576623 -2.00459251 -0.00409062
  0.96007603  1.57091817]","[ 0.00000000e+00 -3.70174840e-04 -1.17108872e-01 -3.90730790e-04
 -3.50586515e-01  1.05979587e-05 -1.05979587e-05  0.00000000e+00]","[ 0.00000000e+00 -7.19080448e-01  1.40828047e+01  6.26273274e-01
 -3.52001047e+00 -1.30169928e-01 -3.76111239e-01 -2.39019608e-03]"
1747093055.0962815,"[ 0.         -0.22764701  0.96215123  2.9657657  -2.00496562 -0.00409062
  0.96007603  1.57091817]","[ 0.00000000e+00 -3.57843969e-04 -1.17762503e-01 -3.96742050e-04
 -3.51326608e-01  1.06059783e-05 -1.06059783e-05  0.00000000e+00]","[ 0.00000000e+00 -7.27778673e-01  1.40413189e+01  6.63562596e-01
 -3.46737337e+00 -1.06696650e-01 -3.67877245e-01 -7.46445777e-03]"
1747093055.0980697,"[ 0.         -0.22764808  0.96191701  2.9657649  -2.00565937 -0.00408955
  0.96007603  1.57091817]","[ 0.00000000e+00 -3.61916310e-04 -1.19383087e-01 -3.86659164e-04
 -3.50770973e-01  2.11959173e-05 -1.05978530e-05  0.00000000e+00]","[ 0.00000000e+00 -6.81384444e-01  1.40393276e+01  6.70038581e-01
 -3.38360167e+00 -9.09334272e-02 -3.62364560e-01 -4.13526734e-03]"
1747093055.0991654,"[ 0.         -0.22764808  0.96178798  2.96576437 -2.00600452 -0.00408955
  0.96007603  1.57091817]","[ 0.00000000e+00 -3.53415326e-04 -1.21371935e-01 -3.93485790e-04
 -3.50046326e-01  2.11959173e-05 -1.05979587e-05  0.00000000e+00]","[ 0.00000000e+00 -6.91529334e-01  1.40520363e+01  6.73466623e-01
 -3.39384794e+00 -1.08807109e-01 -3.67700398e-01  8.01703706e-03]"
1747093055.1015558,"[ 0.         -0.22764808  0.96154783  2.9657633  -2.00672144 -0.00408955
  0.96007603  1.57091817]","[ 0.00000000e+00 -3.45865075e-04 -1.22624254e-01 -3.96062639e-04
 -3.49821988e-01  2.12119566e-05 -1.06059783e-05  0.00000000e+00]","[ 0.         -0.64645159 14.03486252  0.67662305 -3.44761491 -0.11870639
 -0.36558735  0.0152245 ]"
1747093055.1032708,"[ 0.         -0.22764808  0.96129483  2.9657625  -2.00741333 -0.00408955
  0.96007603  1.57091817]","[ 0.00000000e+00 -3.22814395e-04 -1.22894348e-01 -3.96062639e-04
 -3.51937004e-01  2.11959173e-05 -1.05820616e-05  0.00000000e+00]","[ 0.00000000e+00 -5.74879467e-01  1.40598078e+01  6.96770966e-01
 -3.60015583e+00 -1.03849143e-01 -3.77174288e-01  1.11822626e-02]"
1747093055.1043525,"[ 0.         -0.22764808  0.96105148  2.96576197 -2.00813718 -0.00408955
  0.96007603  1.57091817]","[ 0.00000000e+00 -3.16068718e-04 -1.23704640e-01 -3.97423803e-04
 -3.53739032e-01  2.12119566e-05 -1.05900569e-05  0.00000000e+00]","[ 0.00000000e+00 -4.94141787e-01  1.40756569e+01  7.05429852e-01
 -3.70689797e+00 -1.33722186e-01 -4.17024702e-01  1.38364062e-02]"
1747093055.1061163,"[ 0.         -0.22764808  0.96091965  2.96576197 -2.00848552 -0.00408955
  0.96007603  1.57091817]","[ 0.00000000e+00 -3.04774080e-04 -1.24013617e-01 -3.80521735e-04
 -3.53287493e-01  2.12119566e-05 -1.05819570e-05  0.00000000e+00]","[ 0.         -0.47189462 14.06385899  0.73260552 -3.74103832 -0.14658962
 -0.43226761  0.02487367]"
1747093055.1078284,"[ 0.         -0.22764861  0.96067305  2.9657617  -2.00918487 -0.00408955
  0.96007603  1.57091817]","[ 0.00000000e+00 -2.82198230e-04 -1.25865421e-01 -3.73980183e-04
 -3.54278655e-01  2.11801137e-05 -1.05899522e-05  0.00000000e+00]","[ 0.         -0.41555154 14.07549095  0.76498306 -3.78753471 -0.1594954
 -0.44001693  0.01418638]"
1747093055.10901,"[ 0.         -0.22764861  0.96055001  2.96576117 -2.00956144 -0.00408955
  0.96007603  1.57091817]","[ 0.00000000e+00 -2.76422110e-04 -1.24785034e-01 -3.73337539e-04
 -3.54920810e-01  2.12119566e-05 -1.05899522e-05  0.00000000e+00]","[ 0.00000000e+00 -4.01980221e-01  1.41266518e+01  7.52747536e-01
 -3.75133896e+00 -1.73238352e-01 -4.26562935e-01  4.50596912e-03]"
1747093055.1107228,"[ 0.         -0.22764861  0.96030113  2.96576117 -2.01031698 -0.00408955
  0.96007603  1.57091817]","[ 0.00000000e+00 -2.70877699e-04 -1.21371935e-01 -3.61294375e-04
 -3.55478176e-01  2.11639139e-05 -1.05820616e-05  0.00000000e+00]","[ 0.00000000e+00 -4.00247604e-01  1.41939096e+01  7.71169722e-01
 -3.73573065e+00 -1.61301389e-01 -4.14735943e-01  5.34786936e-03]"
1747093055.1118886,"[ 0.         -0.22764861  0.96018542  2.96576064 -2.01069488 -0.00408955
  0.96007603  1.57091817]","[ 0.00000000e+00 -2.60042596e-04 -1.17103537e-01 -3.65187720e-04
 -3.55840433e-01  2.11799045e-05 -1.05899522e-05  0.00000000e+00]","[ 0.00000000e+00 -4.11044002e-01  1.41817417e+01  7.67422378e-01
 -3.76437902e+00 -1.53509453e-01 -4.02082115e-01  1.39392563e-03]"
1747093055.1136122,"[ 0.         -0.22764861  0.95995166  2.96575984 -2.01139609 -0.00408955
  0.96007603  1.57091817]","[ 0.00000000e+00 -2.38372374e-04 -1.13347340e-01 -3.66267776e-04
 -3.54908093e-01  2.11639139e-05 -1.05819570e-05  0.00000000e+00]","[ 0.00000000e+00 -3.71995658e-01  1.41803999e+01  7.76146114e-01
 -3.70211935e+00 -1.33246928e-01 -4.09678489e-01  1.37956114e-02]"
1747093055.1147642,"[ 0.         -0.22764861  0.95984334  2.96575984 -2.01174576 -0.00408955
  0.96007603  1.57091817]","[ 0.00000000e+00 -2.27537272e-04 -1.09929672e-01 -3.55577323e-04
 -3.54637982e-01  2.11641232e-05 -1.05819570e-05  0.00000000e+00]","[ 0.00000000e+00 -3.69597912e-01  1.41224384e+01  7.77961850e-01
 -3.68456054e+00 -1.20614752e-01 -4.09678489e-01  2.16664234e-03]"
1747093055.1170142,"[ 0.         -0.22764861  0.95963208  2.96575877 -2.01247174 -0.00408955
  0.96007603  1.57091817]","[ 0.00000000e+00 -2.05553416e-04 -1.05878214e-01 -3.64309969e-04
 -3.53827682e-01  2.11799045e-05 -1.05900569e-05  0.00000000e+00]","[ 0.         -0.34624892 14.00951195  0.77801055 -3.73165536 -0.13706321
 -0.40916225  0.01689184]"
1747093055.118838,"[ 0.         -0.22764861  0.95941304  2.96575851 -2.01317295 -0.00408955
  0.96007603  1.57091817]","[ 0.00000000e+00 -1.95031947e-04 -1.04973138e-01 -3.49370487e-04
 -3.55357968e-01  2.11639139e-05 -1.05819570e-05  0.00000000e+00]","[ 0.00000000e+00 -3.36505979e-01  1.38631268e+01  7.77078271e-01
 -3.79393959e+00 -1.59835264e-01 -3.93465072e-01  9.02642775e-03]"
1747093055.1200705,"[ 0.         -0.22764861  0.95930698  2.96575851 -2.01355192 -0.00408955
  0.96007603  1.57091817]","[ 0.00000000e+00 -1.94135471e-04 -1.07498797e-01 -3.42230569e-04
 -3.56843512e-01  2.11639139e-05 -1.05819570e-05  0.00000000e+00]","[ 0.00000000e+00 -3.41088682e-01  1.38306789e+01  7.84519792e-01
 -3.82566881e+00 -1.73436418e-01 -3.95590514e-01 -2.20286404e-03]"
1747093055.122502,"[ 0.         -0.22764861  0.95897961  2.96575798 -2.01460387 -0.00408955
  0.96007603  1.57091817]","[ 0.00000000e+00 -1.72827321e-04 -1.06827364e-01 -3.24551464e-04
 -3.55448282e-01  2.11641232e-05 -1.05820616e-05  0.00000000e+00]","[ 0.00000000e+00 -3.29995096e-01  1.36687574e+01  8.35831106e-01
 -3.71865010e+00 -1.91464677e-01 -4.00372505e-01 -8.12723767e-03]"
1747093055.1241453,"[ 0.         -0.22764861  0.95887215  2.96575798 -2.01497857 -0.00408955
  0.96007603  1.57091817]","[ 0.00000000e+00 -1.69183583e-04 -1.09008818e-01 -3.13739427e-04
 -3.52831227e-01  2.11639139e-05 -1.05818513e-05  0.00000000e+00]","[ 0.         -0.32822037 13.656744    0.85128576 -3.69368291 -0.18189394
 -0.39210722 -0.01468522]"
1747093055.1259792,"[ 0.         -0.22764861  0.95865583  2.96575744 -2.01567606 -0.00408955
  0.96007603  1.57091817]","[ 0.00000000e+00 -1.48038581e-04 -1.09929672e-01 -3.17698571e-04
 -3.53469188e-01  2.11799045e-05 -1.05820616e-05  0.00000000e+00]","[ 0.00000000e+00 -3.17956924e-01  1.36157713e+01  8.52462471e-01
 -3.61202455e+00 -1.89039201e-01 -3.81625891e-01 -1.32943997e-02]"
1747093055.1284993,"[ 0.         -0.22764861  0.95842214  2.96575691 -2.01602413 -0.00408955
  0.96007603  1.57091817]","[ 0.00000000e+00 -1.37669385e-04 -1.15601723e-01 -3.12876370e-04
 -3.53017416e-01  2.11641232e-05 -1.05819570e-05  0.00000000e+00]","[ 0.00000000e+00 -3.60514164e-01  1.35219240e+01  8.48701656e-01
 -3.60907578e+00 -1.95854142e-01 -3.45156252e-01  2.96340394e-03]"
1747093055.1301453,"[ 0.         -0.22764861  0.95819298  2.96575691 -2.01674745 -0.00408955
  0.96007603  1.57091817]","[ 0.00000000e+00 -1.24451628e-04 -1.16294061e-01 -2.96010648e-04
 -3.53017416e-01  2.11637026e-05 -1.05820616e-05  0.00000000e+00]","[ 0.00000000e+00 -4.16150212e-01  1.34491959e+01  8.59920800e-01
 -3.60338163e+00 -2.04162955e-01 -3.52888048e-01  4.45077475e-03]"
1747093055.1313539,"[ 0.         -0.22764861  0.95806947  2.96575691 -2.01709445 -0.00408955
  0.96007603  1.57091817]","[ 0.00000000e+00 -1.24451628e-04 -1.16466235e-01 -2.91249109e-04
 -3.51580440e-01  2.11639139e-05 -1.05820616e-05  0.00000000e+00]","[ 0.00000000e+00 -4.26469445e-01  1.34099083e+01  8.55851352e-01
 -3.63737893e+00 -1.77764386e-01 -3.65502417e-01  2.25903234e-03]"
1747093055.1331375,"[ 0.         -0.22764861  0.95784217  2.96575691 -2.01778874 -0.00408955
  0.96007603  1.57091817]","[ 0.00000000e+00 -1.11767315e-04 -1.14521328e-01 -2.70445602e-04
 -3.52477193e-01  2.11639139e-05 -1.05819570e-05  0.00000000e+00]","[ 0.00000000e+00 -4.39600855e-01  1.33600760e+01  8.63520026e-01
 -3.78547955e+00 -1.75683901e-01 -3.58606935e-01  3.21772136e-03]"
1747093055.1343706,"[ 0.         -0.22764861  0.95772872  2.96575691 -2.01816451 -0.00408955
  0.96007603  1.57091817]","[ 0.00000000e+00 -1.01756120e-04 -1.15061525e-01 -2.70044795e-04
 -3.53834307e-01  2.11639139e-05  0.00000000e+00  0.00000000e+00]","[ 0.00000000e+00 -4.42130804e-01  1.33471680e+01  8.76490057e-01
 -3.79543328e+00 -1.77299842e-01 -3.58529091e-01  4.08719806e-03]"
1747093055.136149,"[ 0.         -0.22764861  0.95749363  2.96575691 -2.01886466 -0.00408955
  0.96007603  1.57091817]","[ 0.00000000e+00 -8.14048974e-05 -1.13981131e-01 -2.54842963e-04
 -3.55178171e-01  2.11639139e-05  0.00000000e+00  0.00000000e+00]","[ 0.00000000e+00 -4.29174691e-01  1.33195333e+01  9.00359035e-01
 -3.88747406e+00 -1.82546332e-01 -3.83953929e-01  3.63583153e-04]"
1747093055.1373699,"[ 0.         -0.22764861  0.95738118  2.96575691 -2.01924043 -0.00408955
  0.96007603  1.57091817]","[ 0.00000000e+00 -7.11260123e-05 -1.13865650e-01 -2.54842963e-04
 -3.53834307e-01  2.11639139e-05  0.00000000e+00  0.00000000e+00]","[ 0.00000000e+00 -4.28922713e-01  1.33413496e+01  9.14811075e-01
 -3.92665005e+00 -1.76867142e-01 -3.87887388e-01 -8.86684563e-03]"
1747093055.139036,"[ 0.         -0.22764861  0.95714968  2.96575664 -2.01993658 -0.00408955
  0.96007603  1.57091817]","[ 0.00000000e+00 -7.12292862e-05 -1.12093499e-01 -2.44569799e-04
 -3.52747304e-01  2.11639139e-05  0.00000000e+00  0.00000000e+00]","[ 0.00000000e+00 -4.32303488e-01  1.33256121e+01  8.89716983e-01
 -3.90833426e+00 -1.88861996e-01 -3.99690270e-01 -4.33611171e-03]"
1747093055.1402855,"[ 0.         -0.22764861  0.95703856  2.96575664 -2.02028492 -0.00408955
  0.96007603  1.57091817]","[ 0.00000000e+00 -6.99123430e-05 -1.12630650e-01 -2.34716152e-04
 -3.53287493e-01  2.11641232e-05  0.00000000e+00  0.00000000e+00]","[ 0.         -0.42695019 13.33700562  0.88401026 -3.87543678 -0.19341189
 -0.38628662 -0.01582196]"
1747093055.1419833,"[ 0.         -0.22764861  0.95681499  2.96575664 -2.02101196 -0.00408955
  0.96007603  1.57091817]","[ 0.00000000e+00 -5.98395912e-05 -1.13440942e-01 -2.19093764e-04
 -3.55840433e-01  2.11801137e-05  0.00000000e+00  0.00000000e+00]","[ 0.00000000e+00 -4.12270695e-01  1.33577614e+01  8.82234335e-01
 -3.89314103e+00 -2.08504811e-01 -3.85197401e-01 -1.00214723e-02]"
1747093055.1431398,"[ 0.         -0.22764861  0.95669328  2.96575664 -2.0213635  -0.00408955
  0.96007603  1.57091817]","[ 0.00000000e+00 -5.98395912e-05 -1.14493382e-01 -2.08903369e-04
 -3.56528660e-01  2.11641232e-05  0.00000000e+00  0.00000000e+00]","[ 0.         -0.4175331  13.37087727  0.88486302 -3.92952561 -0.20871602
 -0.38447639 -0.02185874]"
1747093055.1449277,"[ 0.         -0.22764861  0.95646186  2.96575664 -2.02206764 -0.00408955
  0.96007603  1.57091817]","[ 0.00000000e+00 -5.86728572e-05 -1.17762503e-01 -1.93617744e-04
 -3.56976904e-01  2.11639139e-05  0.00000000e+00  0.00000000e+00]","[ 0.         -0.43869579 13.39688873  0.8629939  -3.91996884 -0.2029077
 -0.39142498 -0.03112942]"
1747093055.14613,"[ 0.         -0.22764861  0.95634334  2.96575611 -2.02244688 -0.00408955
  0.96007603  1.57091817]","[ 0.00000000e+00 -4.89614665e-05 -1.20193379e-01 -2.03804254e-04
 -3.57430873e-01  2.11799045e-05  0.00000000e+00  0.00000000e+00]","[ 0.         -0.43862784 13.41660976  0.84365946 -3.88051677 -0.19143541
 -0.38783354 -0.02717363]"
1747093055.1479206,"[ 0.         -0.22764861  0.95609081  2.96575611 -2.02315181 -0.00408955
  0.96007603  1.57091817]","[ 0.00000000e+00 -3.91698957e-05 -1.23974743e-01 -1.90032912e-04
 -3.58149260e-01  2.11641232e-05  0.00000000e+00  0.00000000e+00]","[ 0.         -0.44240734 13.45034409  0.86305952 -3.79237008 -0.1688616
 -0.36371338 -0.02194333]"
1747093055.1496384,"[ 0.         -0.22764861  0.95596917  2.96575611 -2.02350522 -0.00408955
  0.96007603  1.57091817]","[ 0.00000000e+00 -3.84197520e-05 -1.23434545e-01 -1.79774606e-04
 -3.58419338e-01  2.11639139e-05  0.00000000e+00  0.00000000e+00]","[ 0.         -0.44242528 13.49431705  0.85023063 -3.72976494 -0.16746689
 -0.35551605 -0.01597553]"
1747093055.1508071,"[ 0.         -0.22764861  0.9557175   2.96575611 -2.02424052 -0.00408955
  0.96007603  1.57091817]","[ 0.00000000e+00 -3.77485611e-05 -1.22375007e-01 -1.65025482e-04
 -3.58326028e-01  2.11639139e-05  0.00000000e+00  0.00000000e+00]","[ 0.00000000e+00 -4.23998415e-01  1.36224499e+01  8.30622792e-01
 -3.63476777e+00 -1.62061289e-01 -3.56742233e-01 -8.97741597e-03]"
1747093055.1524906,"[ 0.         -0.22764861  0.95559813  2.96575611 -2.02459365 -0.00408955
  0.96007603  1.57091817]","[ 0.00000000e+00 -2.83495969e-05 -1.21003670e-01 -1.55023933e-04
 -3.58149260e-01  1.05819570e-05  0.00000000e+00  0.00000000e+00]","[ 0.00000000e+00 -4.20113206e-01  1.36273546e+01  8.42995465e-01
 -3.58300114e+00 -1.62198454e-01 -3.52001697e-01 -1.96383207e-05]"
1747093055.1536362,"[ 0.         -0.22764861  0.95536164  2.96575611 -2.02532549 -0.00408955
  0.96007603  1.57091817]","[ 0.00000000e+00 -1.88739473e-05 -1.19383087e-01 -1.35023381e-04
 -3.57094282e-01  1.05819570e-05  0.00000000e+00  0.00000000e+00]","[ 0.         -0.42891142 13.62649822  0.85976803 -3.50482321 -0.16030487
 -0.34908691 -0.01744539]"
1747093055.1559246,"[ 0.         -0.22764861  0.95512282  2.96575611 -2.02603229 -0.00408955
  0.96007603  1.57091817]","[ 0.00000000e+00 -9.44969800e-06 -1.16024241e-01 -1.20018531e-04
 -3.58689449e-01  1.05819570e-05  0.00000000e+00  0.00000000e+00]","[ 0.00000000e+00 -3.59496206e-01  1.36130495e+01  8.38942230e-01
 -3.51692724e+00 -1.68161348e-01 -3.72724265e-01 -1.01280492e-02]"
1747093055.1575623,"[ 0.         -0.22764861  0.95489598  2.96575558 -2.02676839 -0.00408955
  0.96007603  1.57091817]","[ 0.00000000e+00 -9.27478278e-06 -1.13981131e-01 -1.27477934e-04
 -3.59405307e-01  1.05819570e-05  0.00000000e+00  0.00000000e+00]","[ 0.00000000e+00 -3.47506791e-01  1.35544062e+01  8.19647849e-01
 -3.52809525e+00 -1.67048573e-01 -3.90661836e-01 -5.95110888e-03]"
1747093055.1602886,"[ 0.         -0.22764861  0.95466549  2.96575558 -2.02747812 -0.00408955
  0.96007603  1.57091817]","[ 0.00000000e+00 -9.11838464e-06 -1.11842729e-01 -1.17836808e-04
 -3.59499749e-01  1.05900569e-05  0.00000000e+00  0.00000000e+00]","[ 0.00000000e+00 -3.30850095e-01  1.35389566e+01  7.95790195e-01
 -3.49834180e+00 -1.61468714e-01 -4.03424650e-01 -1.16753457e-02]"
1747093055.1648831,"[ 0.         -0.22764861  0.95423112  2.96575558 -2.02892422 -0.00408955
  0.96007603  1.57091817]","[ 0.00000000e+00 -8.82060462e-06 -1.08081205e-01 -1.01266383e-04
 -3.59499749e-01  1.05899522e-05  0.00000000e+00  0.00000000e+00]","[ 0.00000000e+00 -2.88269341e-01  1.35033817e+01  7.91440785e-01
 -3.28874707e+00 -1.47189513e-01 -3.40370506e-01  1.28348954e-02]"
1747093055.166623,"[ 0.         -0.22764861  0.95401208  2.96575505 -2.02965925 -0.00408955
  0.96007603  1.57091817]","[ 0.00000000e+00 -8.82045833e-06 -1.12630650e-01 -1.08818251e-04
 -3.58348132e-01  1.05820616e-05  0.00000000e+00  0.00000000e+00]","[ 0.         -0.28393045 13.55307484  0.76895088 -3.2041285  -0.1173334
 -0.35813257  0.01659157]"
1747093055.1677904,"[ 0.         -0.22764861  0.95377785  2.96575505 -2.03036499 -0.00408955
  0.96007603  1.57091817]","[ 0.00000000e+00 -8.66815637e-06 -1.14601190e-01 -1.06944928e-04
 -3.57068849e-01  1.05899522e-05  0.00000000e+00  0.00000000e+00]","[ 0.00000000e+00 -3.02891284e-01  1.35745955e+01  7.67285943e-01
 -3.17810893e+00 -1.44529417e-01 -3.57010722e-01 -2.33488646e-03]"
1747093055.1694717,"[ 0.         -0.22764861  0.95366494  2.96575505 -2.03071732 -0.00408955
  0.96007603  1.57091817]","[ 0.00000000e+00 -8.53126076e-06 -1.14521328e-01 -9.76453687e-05
 -3.57338960e-01  1.05819570e-05  0.00000000e+00  0.00000000e+00]","[ 0.00000000e+00 -2.78566808e-01  1.35902147e+01  7.73007452e-01
 -3.15365314e+00 -1.39376178e-01 -3.56762975e-01 -1.50419271e-03]"
1747093055.1711621,"[ 0.         -0.22764861  0.9534413   2.96575478 -2.03145236 -0.00408955
  0.96007603  1.57091817]","[ 0.00000000e+00 -8.39862234e-06 -1.12360547e-01 -8.83458097e-05
 -3.59263693e-01  1.05900569e-05  0.00000000e+00  0.00000000e+00]","[ 0.00000000e+00 -2.61305183e-01  1.36033764e+01  7.91302085e-01
 -3.20832992e+00 -1.39738262e-01 -3.61432016e-01  8.61131493e-03]"
1747093055.1723812,"[ 0.         -0.22764861  0.95333018  2.96575478 -2.03180656 -0.00408955
  0.96007603  1.57091817]","[ 0.00000000e+00  0.00000000e+00 -1.12630650e-01 -8.68506587e-05
 -3.59229638e-01  1.05820616e-05  0.00000000e+00  0.00000000e+00]","[ 0.         -0.24038014 13.60330677  0.78930187 -3.2521944  -0.14225894
 -0.36997277  0.01531636]"
1747093055.1740923,"[ 0.         -0.22764861  0.95309828  2.96575478 -2.03254079 -0.00408955
  0.96007603  1.57091817]","[ 0.00000000e+00  0.00000000e+00 -1.13170839e-01 -8.52958612e-05
 -3.58097362e-01  1.05899522e-05  0.00000000e+00  0.00000000e+00]","[ 0.00000000e+00 -2.64473051e-01  1.35194311e+01  8.02837253e-01
 -3.31427932e+00 -1.50135547e-01 -3.66706342e-01 -5.60245768e-04]"
1747093055.1751633,"[ 0.         -0.22764861  0.95298763  2.96575478 -2.03289153 -0.00408955
  0.96007603  1.57091817]","[ 0.00000000e+00  0.00000000e+00 -1.12246706e-01 -7.63173478e-05
 -3.55718360e-01  1.05899522e-05  0.00000000e+00  0.00000000e+00]","[ 0.00000000e+00 -2.81372279e-01  1.34726820e+01  7.81464458e-01
 -3.39056849e+00 -1.43271923e-01 -3.67658377e-01 -9.91962734e-04]"
1747093055.1768909,"[ 0.         -0.22764861  0.9527562   2.96575425 -2.03359407 -0.00408955
  0.96007603  1.57091817]","[ 0.00000000e+00  0.00000000e+00 -1.12845809e-01 -7.64139492e-05
 -3.56798771e-01  1.05819570e-05  0.00000000e+00  0.00000000e+00]","[ 0.         -0.29897732 13.37917233  0.7835266  -3.53963828 -0.14002314
 -0.37707698 -0.01601115]"
1747093055.1786356,"[ 0.         -0.22764861  0.95264601  2.96575425 -2.0339733  -0.00408955
  0.96007603  1.57091817]","[ 0.00000000e+00  0.00000000e+00 -1.11820358e-01 -7.51630973e-05
 -3.57094282e-01  1.05900569e-05  0.00000000e+00  0.00000000e+00]","[ 0.00000000e+00 -2.93543190e-01  1.33746548e+01  7.91025102e-01
 -3.58406138e+00 -1.53626218e-01 -3.79125684e-01 -5.20572253e-03]"
1747093055.1797855,"[ 0.         -0.22764861  0.95242284  2.96575425 -2.03468117 -0.00408955
  0.96007603  1.57091817]","[ 0.00000000e+00  0.00000000e+00 -1.13440942e-01 -7.06525877e-05
 -3.58689449e-01  1.05819570e-05  0.00000000e+00  0.00000000e+00]","[ 0.00000000e+00 -2.70647883e-01  1.33274040e+01  7.80059338e-01
 -3.66344118e+00 -1.46268964e-01 -4.03780788e-01  6.07995875e-03]"
1747093055.181562,"[ 0.         -0.22764861  0.95230386  2.96575425 -2.03503377 -0.00408955
  0.96007603  1.57091817]","[ 0.00000000e+00  0.00000000e+00 -1.11988054e-01 -6.95160791e-05
 -3.57609071e-01  1.05819570e-05  0.00000000e+00  0.00000000e+00]","[ 0.00000000e+00 -2.80738890e-01  1.33050785e+01  7.82445431e-01
 -3.62350488e+00 -1.40634060e-01 -4.12473559e-01 -1.12020748e-03]"
1747093055.182753,"[ 0.         -0.22764861  0.95208488  2.96575371 -2.03576508 -0.00408955
  0.96007603  1.57091817]","[ 0.00000000e+00  0.00000000e+00 -1.11280161e-01 -6.95160791e-05
 -3.56758358e-01  1.05899522e-05  0.00000000e+00  0.00000000e+00]","[ 0.00000000e+00 -3.00367653e-01  1.32763643e+01  7.69061804e-01
 -3.56892872e+00 -1.24906205e-01 -3.93481940e-01 -1.14129507e-04]"
1747093055.1843917,"[ 0.         -0.22764861  0.95185712  2.96575371 -2.03646948 -0.00408955
  0.96007603  1.57091817]","[ 0.00000000e+00  0.00000000e+00 -1.11591967e-01 -6.84155584e-05
 -3.57068849e-01  1.05819570e-05  0.00000000e+00  0.00000000e+00]","[ 0.00000000e+00 -3.20370525e-01  1.32701254e+01  7.99138844e-01
 -3.48370671e+00 -1.39689997e-01 -3.83098990e-01  5.48765471e-04]"
1747093055.1861305,"[ 0.         -0.22764861  0.9517446   2.96575371 -2.03682235 -0.00408955
  0.96007603  1.57091817]","[ 0.00000000e+00  0.00000000e+00 -1.13981131e-01 -6.73493349e-05
 -3.57879149e-01  1.05819570e-05  0.00000000e+00  0.00000000e+00]","[ 0.00000000e+00 -3.31146896e-01  1.32773085e+01  7.92765975e-01
 -3.48123360e+00 -1.35360003e-01 -3.71037632e-01 -1.13982726e-02]"
1747093055.18729,"[ 0.         -0.22764861  0.95163028  2.96575371 -2.03720026 -0.00408955
  0.96007603  1.57091817]","[ 0.00000000e+00  0.00000000e+00 -1.15754413e-01 -6.72674684e-05
 -3.55840433e-01  1.05819570e-05  0.00000000e+00  0.00000000e+00]","[ 0.         -0.36703858 13.24043369  0.81232768 -3.48939824 -0.15149783
 -0.37162915 -0.01347832]"
1747093055.1890259,"[ 0.         -0.22764861  0.95138873  2.96575371 -2.03789854 -0.00408955
  0.96007603  1.57091817]","[ 0.00000000e+00  0.00000000e+00 -1.18251368e-01 -5.89306680e-05
 -3.53827682e-01  1.05819570e-05  0.00000000e+00  0.00000000e+00]","[ 0.00000000e+00 -4.16204751e-01  1.32116137e+01  8.24698150e-01
 -3.44823194e+00 -1.58041269e-01 -3.54343176e-01 -9.56577482e-04]"
1747093055.190158,"[ 0.         -0.22764861  0.95127069  2.96575371 -2.03824608 -0.00408955
  0.96007603  1.57091817]","[ 0.00000000e+00  0.00000000e+00 -1.19653181e-01 -5.80263571e-05
 -3.52477193e-01  1.05819570e-05  0.00000000e+00  0.00000000e+00]","[ 0.00000000e+00 -4.31967348e-01  1.32226791e+01  8.05245221e-01
 -3.47607732e+00 -1.77087367e-01 -3.52197230e-01  5.23928786e-03]"
1747093055.1929395,"[ 0.         -0.22764861  0.9510356   2.96575371 -2.03896806 -0.00408955
  0.96007603  1.57091817]","[ 0.00000000e+00  0.00000000e+00 -1.19383087e-01 -4.96781175e-05
 -3.53017416e-01  1.05900569e-05  0.00000000e+00  0.00000000e+00]","[ 0.00000000e+00 -4.19166297e-01  1.31925554e+01  7.67393112e-01
 -3.54575968e+00 -1.51738226e-01 -3.56016338e-01  3.87718133e-03]"
1747093055.1951232,"[ 0.         -0.22764861  0.95067241  2.96575371 -2.04003652 -0.00408955
  0.96007603  1.57091817]","[ 0.00000000e+00  0.00000000e+00 -1.19653181e-01 -4.89274333e-05
 -3.51937004e-01  1.05899522e-05  0.00000000e+00  0.00000000e+00]","[ 0.00000000e+00 -4.34690595e-01  1.31367407e+01  8.14551055e-01
 -3.75216818e+00 -1.45767048e-01 -3.67054701e-01  8.02881736e-03]"
1747093055.196904,"[ 0.         -0.22764861  0.95043592  2.96575371 -2.04072815 -0.00408955
  0.96007603  1.57091817]","[ 0.00000000e+00  0.00000000e+00 -1.19531949e-01 -4.81998266e-05
 -3.49961471e-01  1.05820616e-05  0.00000000e+00  0.00000000e+00]","[ 0.00000000e+00 -4.25065190e-01  1.31313782e+01  8.14656734e-01
 -3.80391717e+00 -1.42488003e-01 -3.88510078e-01  4.36719600e-03]"
1747093055.1986475,"[ 0.         -0.22764861  0.95031834  2.96575371 -2.04109912 -0.00408955
  0.96007603  1.57091817]","[ 0.00000000e+00  0.00000000e+00 -1.19504286e-01 -4.81453695e-05
 -3.49320449e-01  1.05819570e-05  0.00000000e+00  0.00000000e+00]","[ 0.00000000e+00 -4.23309803e-01  1.31719313e+01  8.06557238e-01
 -3.77252460e+00 -1.41854122e-01 -3.81591231e-01  1.50654535e-03]"
1747093055.199883,"[ 0.         -0.22764861  0.95007679  2.96575345 -2.04178942 -0.00408955
  0.96007603  1.57091817]","[ 0.00000000e+00  0.00000000e+00 -1.16141912e-01 -5.13932955e-05
 -3.49506138e-01  0.00000000e+00  0.00000000e+00  0.00000000e+00]","[ 0.00000000e+00 -4.50350434e-01  1.31894989e+01  8.21060359e-01
 -3.74378800e+00 -1.48920402e-01 -3.84774178e-01 -9.17149941e-04]"
1747093055.201654,"[ 0.         -0.22764861  0.94984949  2.96575345 -2.04250208 -0.00408955
  0.96007603  1.57091817]","[ 0.00000000e+00  0.00000000e+00 -1.15061525e-01 -5.06519212e-05
 -3.48143698e-01  0.00000000e+00  0.00000000e+00  0.00000000e+00]","[ 0.00000000e+00 -4.44756985e-01  1.32606115e+01  8.20908070e-01
 -3.68369126e+00 -1.50170669e-01 -3.91795456e-01  8.84981360e-03]"
1747093055.2034118,"[ 0.         -0.22764861  0.9496144   2.96575345 -2.04318305 -0.00408955
  0.96007603  1.57091817]","[ 0.00000000e+00  0.00000000e+00 -1.14521328e-01 -4.99316331e-05
 -3.44644370e-01  0.00000000e+00  0.00000000e+00  0.00000000e+00]","[ 0.00000000e+00 -4.52972412e-01  1.32403107e+01  7.91627347e-01
 -3.68235779e+00 -1.46600664e-01 -3.78044903e-01  2.21524126e-04]"
1747093055.2051795,"[ 0.         -0.22764861  0.94950009  2.96575345 -2.04352233 -0.00408955
  0.96007603  1.57091817]","[ 0.00000000e+00  0.00000000e+00 -1.15754413e-01 -4.92315374e-05
 -3.44104182e-01  0.00000000e+00  0.00000000e+00  0.00000000e+00]","[ 0.00000000e+00 -4.70463216e-01  1.32225275e+01  7.89372623e-01
 -3.73714256e+00 -1.48819745e-01 -3.67501587e-01  2.84747221e-03]"
1747093055.2063785,"[ 0.         -0.22764861  0.94926406  2.96575345 -2.04422541 -0.00408955
  0.96007603  1.57091817]","[ 0.00000000e+00  0.00000000e+00 -1.14601190e-01 -4.84984367e-05
 -3.43485729e-01  0.00000000e+00  0.00000000e+00  0.00000000e+00]","[ 0.00000000e+00 -4.80899632e-01  1.32102108e+01  7.96948552e-01
 -3.81929278e+00 -1.60167053e-01 -3.73772711e-01  5.86172333e-03]"
1747093055.2083747,"[ 0.         -0.22764861  0.94915154  2.96575345 -2.04456523 -0.00408955
  0.96007603  1.57091817]","[ 0.00000000e+00  0.00000000e+00 -1.13981131e-01 -4.84984367e-05
 -3.44644370e-01  0.00000000e+00  0.00000000e+00  0.00000000e+00]","[ 0.         -0.50221205 13.27045059  0.8140645  -3.82942367 -0.1636795
 -0.37120491  0.02240687]"
1747093055.2096093,"[ 0.         -0.22764861  0.94892611  2.96575345 -2.04524247 -0.00408955
  0.96007603  1.57091817]","[ 0.00000000e+00  0.00000000e+00 -1.13981131e-01 -4.42049021e-05
 -3.42753693e-01  0.00000000e+00  0.00000000e+00  0.00000000e+00]","[ 0.         -0.49465311 13.28243828  0.8143369  -3.84677887 -0.15608084
 -0.39105979  0.01484706]"
1747093055.2107866,"[ 0.         -0.22764861  0.94878649  2.96575345 -2.04560599 -0.00408955
  0.96007603  1.57091817]","[ 0.00000000e+00  0.00000000e+00 -1.14950280e-01 -4.41584789e-05
 -3.42298958e-01  0.00000000e+00  0.00000000e+00  0.00000000e+00]","[ 0.00000000e+00 -4.88008648e-01  1.32627745e+01  7.91446447e-01
 -3.80067563e+00 -1.65032238e-01 -3.98948997e-01  7.08836922e-03]"
1747093055.213027,"[ 0.         -0.22764861  0.9485546   2.96575345 -2.04627471 -0.00408955
  0.96007603  1.57091817]","[ 0.00000000e+00  0.00000000e+00 -1.17103537e-01 -4.35643472e-05
 -3.37621848e-01  0.00000000e+00  0.00000000e+00  0.00000000e+00]","[ 0.00000000e+00 -4.66716707e-01  1.32798100e+01  7.71593034e-01
 -3.72716331e+00 -1.53621718e-01 -3.87436748e-01  8.09067674e-03]"
1747093055.214147,"[ 0.         -0.22764861  0.94843016  2.96575292 -2.04660814 -0.00408955
  0.96007603  1.57091817]","[ 0.00000000e+00  0.00000000e+00 -1.17108872e-01 -5.08777795e-05
 -3.37819421e-01  0.00000000e+00  0.00000000e+00  0.00000000e+00]","[ 0.         -0.44854286 13.33104706  0.77538037 -3.67559409 -0.14641991
 -0.37289029  0.01657971]"
1747093055.215811,"[ 0.         -0.22764861  0.948196    2.96575292 -2.04729923 -0.00408955
  0.96007603  1.57091817]","[ 0.00000000e+00  0.00000000e+00 -1.18842890e-01 -5.01509936e-05
 -3.37621848e-01  0.00000000e+00  0.00000000e+00  0.00000000e+00]","[ 0.00000000e+00 -4.44350690e-01  1.33584127e+01  7.82231987e-01
 -3.64930606e+00 -1.47500664e-01 -3.52420539e-01  1.31796654e-02]"
1747093055.2177148,"[ 0.         -0.22764861  0.94794939  2.96575292 -2.04796395 -0.00408955
  0.96007603  1.57091817]","[ 0.00000000e+00  0.00000000e+00 -1.21121166e-01 -4.94446805e-05
 -3.37081659e-01  0.00000000e+00  0.00000000e+00  0.00000000e+00]","[ 0.00000000e+00 -4.65376019e-01  1.33679380e+01  7.73010969e-01
 -3.70939231e+00 -1.47210851e-01 -3.81581396e-01  1.29795168e-03]"
1747093055.219927,"[ 0.         -0.22764861  0.9477129   2.96575292 -2.04865291 -0.00408955
  0.96007603  1.57091817]","[ 0.00000000e+00  0.00000000e+00 -1.20193379e-01 -4.88064906e-05
 -3.36271359e-01  0.00000000e+00  0.00000000e+00  0.00000000e+00]","[ 0.00000000e+00 -4.46406960e-01  1.34249821e+01  7.55060494e-01
 -3.77839231e+00 -1.41047999e-01 -4.07300055e-01  8.37134477e-03]"
1747093055.2216058,"[ 0.         -0.22764861  0.94747415  2.96575238 -2.0493227  -0.00408955
  0.96007603  1.57091817]","[ 0.00000000e+00  0.00000000e+00 -1.21003670e-01 -5.50680767e-05
 -3.40863015e-01  0.00000000e+00  0.00000000e+00  0.00000000e+00]","[ 0.00000000e+00 -4.59112495e-01  1.34541779e+01  7.46385217e-01
 -3.76183462e+00 -1.36666983e-01 -3.97201747e-01  7.75361480e-03]"
1747093055.223301,"[ 0.         -0.22764861  0.94734466  2.96575238 -2.04965932 -0.00408955
  0.96007603  1.57091817]","[ 0.00000000e+00  0.00000000e+00 -1.21873475e-01 -5.43751940e-05
 -3.41403204e-01  0.00000000e+00  0.00000000e+00  0.00000000e+00]","[ 0.00000000e+00 -4.81211126e-01  1.34486294e+01  7.46394277e-01
 -3.73977280e+00 -1.30156338e-01 -3.91986609e-01  2.74519087e-03]"
1747093055.2250762,"[ 0.         -0.22764861  0.94709851  2.96575238 -2.0503624  -0.00408955
  0.96007603  1.57091817]","[ 0.00000000e+00  0.00000000e+00 -1.24658601e-01 -4.75776882e-05
 -3.42753693e-01  0.00000000e+00  0.00000000e+00  0.00000000e+00]","[ 0.         -0.48344377 13.51738262  0.71539944 -3.54203463 -0.10163409
 -0.39426115  0.0189821 ]"
1747093055.2267537,"[ 0.         -0.22764861  0.94684598  2.96575185 -2.05103777 -0.00408955
  0.96007603  1.57091817]","[ 0.00000000e+00  0.00000000e+00 -1.23127317e-01 -5.36474735e-05
 -3.42213504e-01  0.00000000e+00  0.00000000e+00  0.00000000e+00]","[ 0.00000000e+00 -4.96911228e-01  1.35652199e+01  7.09734321e-01
 -3.40471530e+00 -9.18744206e-02 -3.54497164e-01  1.29514495e-02]"
1747093055.2283635,"[ 0.         -0.22764861  0.946727    2.96575185 -2.05140343 -0.00408955
  0.96007603  1.57091817]","[ 0.00000000e+00  0.00000000e+00 -1.20733576e-01 -5.29896642e-05
 -3.44305084e-01  0.00000000e+00  0.00000000e+00  0.00000000e+00]","[ 0.00000000e+00 -4.94405061e-01  1.35698128e+01  7.28715777e-01
 -3.36283636e+00 -9.41865295e-02 -3.42815608e-01  1.77532900e-03]"
1747093055.2300477,"[ 0.         -0.22764861  0.94661042  2.96575185 -2.0520852  -0.00408955
  0.96007603  1.57091817]","[ 0.00000000e+00  0.00000000e+00 -1.18302692e-01 -5.23477886e-05
 -3.46805160e-01  0.00000000e+00  0.00000000e+00  0.00000000e+00]","[ 0.00000000e+00 -5.15178978e-01  1.34893475e+01  7.20189273e-01
 -3.33427334e+00 -1.02300867e-01 -3.35164994e-01  1.64083569e-04]"
1747093055.2317753,"[ 0.         -0.22764861  0.94636521  2.96575185 -2.05279892 -0.00408955
  0.96007603  1.57091817]","[ 0.00000000e+00  0.00000000e+00 -1.19754564e-01 -5.17212818e-05
 -3.49069712e-01  0.00000000e+00  0.00000000e+00  0.00000000e+00]","[ 0.         -0.46960822 13.37912655  0.71578825 -3.27805495 -0.11804651
 -0.36534807  0.01551756]"
1747093055.2335138,"[ 0.         -0.22764861  0.94612733  2.96575158 -2.05348842 -0.00408955
  0.96007603  1.57091817]","[ 0.00000000e+00  0.00000000e+00 -1.21960361e-01 -5.43039417e-05
 -3.50586515e-01  0.00000000e+00  0.00000000e+00  0.00000000e+00]","[ 0.         -0.5054968  13.29249096  0.71086961 -3.30406976 -0.11591785
 -0.36255112  0.02239717]"
1747093055.235173,"[ 0.         -0.22764861  0.94600702  2.96575158 -2.05386099 -0.00408955
  0.96007603  1.57091817]","[ 0.00000000e+00  0.00000000e+00 -1.22084056e-01 -5.36209012e-05
 -3.50825068e-01  0.00000000e+00  0.00000000e+00  0.00000000e+00]","[ 0.00000000e+00 -5.30620515e-01  1.32607393e+01  6.75883532e-01
 -3.25753188e+00 -1.19879134e-01 -3.40899527e-01  5.71450451e-03]"
1747093055.2368739,"[ 0.         -0.22764861  0.94575402  2.96575105 -2.05455528 -0.00408955
  0.96007603  1.57091817]","[ 0.00000000e+00  0.00000000e+00 -1.24244837e-01 -5.92374745e-05
 -3.53557604e-01  0.00000000e+00  0.00000000e+00  0.00000000e+00]","[ 0.00000000e+00 -5.40195942e-01  1.32362747e+01  6.60862625e-01
 -3.12018847e+00 -1.05437800e-01 -3.18588495e-01  9.06584784e-03]"
1747093055.2385447,"[ 0.         -0.22764861  0.94550927  2.96575052 -2.05525143 -0.00408955
  0.96007603  1.57091817]","[ 0.00000000e+00  0.00000000e+00 -1.23579305e-01 -6.45555190e-05
 -3.52477193e-01  0.00000000e+00  0.00000000e+00  0.00000000e+00]","[ 0.00000000e+00 -5.43813467e-01  1.32119236e+01  6.58935130e-01
 -2.96931362e+00 -1.01496987e-01 -2.90011764e-01 -2.96757091e-03]"
1747093055.2402043,"[ 0.         -0.22764861  0.94537611  2.96575052 -2.0556256  -0.00408955
  0.96007603  1.57091817]","[ 0.00000000e+00  0.00000000e+00 -1.25384229e-01 -6.38283268e-05
 -3.52329687e-01  0.00000000e+00  0.00000000e+00  0.00000000e+00]","[ 0.00000000e+00 -5.49468875e-01  1.32040529e+01  6.61257863e-01
 -2.91471767e+00 -9.03480947e-02 -2.80578047e-01  7.12909317e-03]"
1747093055.2413714,"[ 0.         -0.22764861  0.94512398  2.96574999 -2.05631909 -0.00408955
  0.96007603  1.57091817]","[ 0.00000000e+00  0.00000000e+00 -1.28566399e-01 -6.91886374e-05
 -3.51126704e-01  0.00000000e+00  0.00000000e+00  0.00000000e+00]","[ 0.         -0.54596722 13.1483717   0.63572609 -2.91261077 -0.097652
 -0.27792048  0.01406953]"
1747093055.243002,"[ 0.         -0.22764861  0.94499402  2.96574999 -2.05666557 -0.00408955
  0.96007603  1.57091817]","[ 0.00000000e+00  0.00000000e+00 -1.31807566e-01 -6.83685012e-05
 -3.51396815e-01  0.00000000e+00  0.00000000e+00  0.00000000e+00]","[ 0.         -0.53614455 13.13046455  0.62774074 -2.89346457 -0.09289119
 -0.29163036  0.01490275]"
1747093055.2448435,"[ 0.         -0.22764861  0.94472084  2.96574972 -2.05738808 -0.00408955
  0.96007603  1.57091817]","[ 0.00000000e+00  0.00000000e+00 -1.33158055e-01 -7.05652271e-05
 -3.53017416e-01  0.00000000e+00  0.00000000e+00  0.00000000e+00]","[ 0.00000000e+00 -5.39772213e-01  1.31098757e+01  6.25024498e-01
 -2.95124006e+00 -9.20539200e-02 -2.89650768e-01  1.94564823e-03]"
1747093055.2467232,"[ 0.         -0.22764861  0.94458855  2.96574919 -2.05773776 -0.00408955
  0.96007603  1.57091817]","[ 0.00000000e+00  0.00000000e+00 -1.34238449e-01 -7.64448249e-05
 -3.54278655e-01  0.00000000e+00  0.00000000e+00  0.00000000e+00]","[ 0.00000000e+00 -5.31071186e-01  1.31269093e+01  6.32929265e-01
 -3.04857087e+00 -9.42025632e-02 -2.98501551e-01 -6.29116967e-03]"
1747093055.2480707,"[ 0.         -0.22764861  0.94432543  2.96574865 -2.0584672  -0.00408955
  0.96007603  1.57091817]","[ 0.00000000e+00  0.00000000e+00 -1.33158055e-01 -7.55580933e-05
 -3.56341973e-01  0.00000000e+00  0.00000000e+00  0.00000000e+00]","[ 0.         -0.53821677 13.12240505  0.56530416 -3.18485355 -0.07634569
 -0.34755501  0.01833713]"
1747093055.2492313,"[ 0.         -0.22764861  0.94405272  2.96574786 -2.05917054 -0.00408955
  0.96007603  1.57091817]","[ 0.00000000e+00  0.00000000e+00 -1.32347763e-01 -8.34485939e-05
 -3.57068849e-01  0.00000000e+00  0.00000000e+00  0.00000000e+00]","[ 0.         -0.54292947 13.14356327  0.5480119  -3.22461081 -0.06428491
 -0.34920123  0.02483098]"
1747093055.2510276,"[ 0.         -0.22764861  0.94392136  2.96574732 -2.0595495  -0.00408955
  0.96007603  1.57091817]","[ 0.00000000e+00  0.00000000e+00 -1.33023140e-01 -8.81907323e-05
 -3.56843512e-01  0.00000000e+00  0.00000000e+00  0.00000000e+00]","[ 0.         -0.57697099 13.12215614  0.53849518 -3.23660445 -0.05965385
 -0.3341963   0.02022709]"
1747093055.2527635,"[ 0.         -0.22764861  0.94364679  2.96574652 -2.06025604 -0.00408848
  0.96007603  1.57091817]","[ 0.00000000e+00  0.00000000e+00 -1.33910356e-01 -9.47297973e-05
 -3.58689449e-01  1.05979587e-05  0.00000000e+00  0.00000000e+00]","[ 0.00000000e+00 -6.14562213e-01  1.31730957e+01  5.09477854e-01
 -3.25232363e+00 -5.56175150e-02 -3.41470301e-01  9.80782136e-03]"
1747093055.2539573,"[ 0.         -0.22764861  0.94351177  2.96574599 -2.06061051 -0.00408848
  0.96007603  1.57091817]","[ 0.00000000e+00  0.00000000e+00 -1.36939419e-01 -9.92780421e-05
 -3.59499749e-01  1.05980643e-05  0.00000000e+00  0.00000000e+00]","[ 0.         -0.61883277 13.22424316  0.46444035 -3.29944849 -0.06309608
 -0.3495594   0.01685657]"
1747093055.2557247,"[ 0.         -0.22764861  0.9432312   2.96574466 -2.0613466  -0.00408848
  0.96007603  1.57091817]","[ 0.00000000e+00  0.00000000e+00 -1.36919578e-01 -1.10718630e-04
 -3.60310049e-01  1.06059783e-05  0.00000000e+00  0.00000000e+00]","[ 0.         -0.64969081 13.28981113  0.44086581 -3.33943129 -0.05005862
 -0.36101007  0.01816132]"
1747093055.2574885,"[ 0.         -0.22764861  0.94309532  2.96574413 -2.06170081 -0.00408848
  0.96007603  1.57091817]","[ 0.00000000e+00  0.00000000e+00 -1.37749710e-01 -1.14968903e-04
 -3.59229638e-01  1.05979587e-05  0.00000000e+00  0.00000000e+00]","[ 0.         -0.64910674 13.306427    0.43724218 -3.3303442  -0.03654022
 -0.34752128  0.02547352]"
1747093055.2591102,"[ 0.         -0.22764861  0.94282161  2.96574333 -2.06241187 -0.00408848
  0.96007603  1.57091817]","[ 0.00000000e+00  0.00000000e+00 -1.39498908e-01 -1.21784452e-04
 -3.62027688e-01  1.05979587e-05  0.00000000e+00  0.00000000e+00]","[ 0.         -0.67838883 13.35081482  0.43295974 -3.33324528 -0.05161554
 -0.35974738  0.041389  ]"
1747093055.2603474,"[ 0.         -0.22764861  0.94253232  2.96574146 -2.06315542 -0.00408848
  0.96007603  1.57091817]","[ 0.00000000e+00  0.00000000e+00 -1.40931872e-01 -1.40210929e-04
 -3.62740916e-01  1.05979587e-05  0.00000000e+00  0.00000000e+00]","[ 0.         -0.71206194 13.39260292  0.42082396 -3.29050612 -0.04976693
 -0.37994432  0.03931221]"
1747093055.263231,"[ 0.         -0.22764861  0.94239317  2.9657404  -2.06351362 -0.00408848
  0.96007603  1.57091817]","[ 0.00000000e+00  0.00000000e+00 -1.40990877e-01 -1.50792882e-04
 -3.63281105e-01  1.05979587e-05  0.00000000e+00  0.00000000e+00]","[ 0.         -0.73822904 13.38006687  0.40296435 -3.270329   -0.03673225
 -0.37741753  0.03150018]"
1747093055.2650537,"[ 0.         -0.22764861  0.94197765  2.9657364  -2.06460605 -0.00408795
  0.96007603  1.57091817]","[ 0.00000000e+00  0.00000000e+00 -1.36167277e-01 -1.89031805e-04
 -3.59229638e-01  1.59089679e-05  0.00000000e+00  0.00000000e+00]","[ 0.         -0.83181465 13.29207516  0.36392233 -3.07290721 -0.02305688
 -0.32699823  0.03752583]"
1747093055.266273,"[ 0.         -0.22764861  0.9418449   2.96573507 -2.06495998 -0.00408795
  0.96007603  1.57091817]","[ 0.00000000e+00  0.00000000e+00 -1.34508543e-01 -2.12760775e-04
 -3.58959560e-01  1.58969375e-05  0.00000000e+00  0.00000000e+00]","[ 0.         -0.86940986 13.2387867   0.36593971 -3.06814075 -0.01940836
 -0.31012791  0.03935771]"
1747093055.2679646,"[ 0.         -0.22764914  0.94158364  2.96573134 -2.06569555 -0.00408795
  0.96007603  1.57091817]","[ 0.00000000e+00 -5.30700455e-06 -1.31267377e-01 -3.17083430e-04
 -3.58959560e-01  1.58969375e-05  0.00000000e+00  0.00000000e+00]","[ 0.         -0.86741185 13.15610695  0.34831652 -3.01157045 -0.01919102
 -0.27302539  0.0355052 ]"
1747093055.2691624,"[ 0.         -0.22764914  0.94144496  2.96572948 -2.06604921 -0.00408795
  0.96007603  1.57091817]","[ 0.00000000e+00 -5.30700455e-06 -1.30650364e-01 -4.32222202e-04
 -3.58689449e-01  1.59089679e-05  0.00000000e+00  0.00000000e+00]","[ 0.         -0.89142185 13.10563087  0.3529864  -3.0235827  -0.02502093
 -0.27520013  0.0352538 ]"
1747093055.2709632,"[ 0.         -0.22764914  0.94118829  2.96572442 -2.06674989 -0.00408795
  0.96007603  1.57091817]","[ 0.00000000e+00 -5.30293632e-06 -1.29916888e-01 -9.08379671e-04
 -3.54367905e-01  1.58969375e-05  0.00000000e+00  0.00000000e+00]","[ 0.         -0.96947193 12.94778061  0.34638724 -2.93657494 -0.02549224
 -0.27096006  0.05160286]"
1747093055.2726438,"[ 0.         -0.22764914  0.94105054  2.96572176 -2.06712566 -0.00408795
  0.96007603  1.57091817]","[ 0.00000000e+00 -5.30700455e-06 -1.29647292e-01 -1.31472682e-03
 -3.53834307e-01  1.59089679e-05  0.00000000e+00  0.00000000e+00]","[ 0.         -0.97982991 12.93909168  0.32976148 -2.88959575 -0.02851881
 -0.26050255  0.05897748]"
1747093055.273929,"[ 0.         -0.22764914  0.94078968  2.96571483 -2.06782208 -0.00408795
  0.96007603  1.57091817]","[ 0.00000000e+00 -5.30700455e-06 -1.33158055e-01 -2.38941128e-03
 -3.52659720e-01  1.59091264e-05  0.00000000e+00  0.00000000e+00]","[ 0.         -1.01562715 12.9201498   0.32587713 -2.82173324 -0.03909739
 -0.23847757  0.04808676]"
1747093055.275684,"[ 0.         -0.22764967  0.94065653  2.96571057 -2.06816936 -0.00408795
  0.96007603  1.57091817]","[ 0.00000000e+00 -1.06059783e-05 -1.35048741e-01 -2.97645156e-03
 -3.52564678e-01  1.58969375e-05  0.00000000e+00  0.00000000e+00]","[ 0.         -1.02922225 12.89873695  0.31503129 -2.79458809 -0.03818023
 -0.23511748  0.04692446]"
1747093055.278549,"[ 0.         -0.22765021  0.9403723   2.96569965 -2.06888335 -0.00408795
  0.96007603  1.57091817]","[ 0.00000000e+00 -1.59208552e-05 -1.39546637e-01 -4.70359293e-03
 -3.47075271e-01  1.59089679e-05  0.00000000e+00  0.00000000e+00]","[ 0.         -1.04437959 12.91661453  0.31478754 -2.73859715 -0.04027504
 -0.2357818   0.03464936]"
1747093055.281045,"[ 0.         -0.22765074  0.93995858  2.96567435 -2.06990228 -0.00408689
  0.96007603  1.57091817]","[ 0.00000000e+00 -2.12280182e-05 -1.39640388e-01 -9.31364025e-03
 -3.42753693e-01  2.65149452e-05  0.00000000e+00  0.00000000e+00]","[ 0.00000000e+00 -1.09494901e+00  1.30205240e+01  3.06492835e-01
 -2.93600440e+00  8.52176687e-04 -2.50663728e-01  4.07135002e-02]"
1747093055.2831087,"[ 0.         -0.22765074  0.93967156  2.96564586 -2.07060668 -0.00408689
  0.96007603  1.57091817]","[ 0.00000000e+00 -2.12280182e-05 -1.40038564e-01 -1.53955564e-02
 -3.43834070e-01  2.65149452e-05  0.00000000e+00  0.00000000e+00]","[ 0.00000000e+00 -1.10156202e+00  1.30748634e+01  3.17516297e-01
 -3.15026283e+00 -7.28526013e-03 -2.71017611e-01  2.97170877e-02]"
1747093055.2847712,"[ 0.         -0.22765127  0.93924911  2.96558194 -2.07162108 -0.00408689
  0.96007603  1.57091817]","[ 0.00000000e+00 -2.65350217e-05 -1.38830105e-01 -2.43245415e-02
 -3.42483615e-01  2.65146811e-05  0.00000000e+00  0.00000000e+00]","[ 0.00000000e+00 -1.10652983e+00  1.31211977e+01  3.01549166e-01
 -3.50700641e+00  2.42419075e-03 -3.51102382e-01  3.11674885e-02]"
1747093055.285942,"[ 0.         -0.22765127  0.93911229  2.96555531 -2.07198513 -0.00408689
  0.96007603  1.57091817]","[ 0.00000000e+00 -2.65350217e-05 -1.38830105e-01 -2.70097486e-02
 -3.42800498e-01  2.64551545e-05  0.00000000e+00  0.00000000e+00]","[ 0.00000000e+00 -1.08282602e+00  1.31623230e+01  3.31881702e-01
 -3.53199530e+00 -9.06894263e-03 -3.64523917e-01  3.42224427e-02]"
1747093055.2876484,"[ 0.         -0.22765127  0.93884318  2.96549379 -2.07266051 -0.00408689
  0.96007603  1.57091817]","[ 0.00000000e+00 -2.65149452e-05 -1.35588930e-01 -3.21415997e-02
 -3.42676228e-01  2.64551545e-05  0.00000000e+00  0.00000000e+00]","[ 0.00000000e+00 -1.08983564e+00  1.32012568e+01  3.81715089e-01
 -3.63792419e+00 -7.67182559e-03 -3.59877020e-01  3.93209010e-02]"
1747093055.289318,"[ 0.         -0.2276518   0.93856768  2.96542322 -2.07336092 -0.00408689
  0.96007603  1.57091817]","[ 0.00000000e+00 -3.18179359e-05 -1.34911904e-01 -3.48240250e-02
 -3.41295878e-01  2.64548924e-05  0.00000000e+00  0.00000000e+00]","[ 0.         -1.05814981 13.24885368  0.40468332 -3.64040136 -0.02542726
 -0.3761712   0.02527678]"
1747093055.291033,"[ 0.         -0.2276518   0.93843359  2.96538726 -2.07369755 -0.00408689
  0.96007603  1.57091817]","[ 0.00000000e+00 -3.18179359e-05 -1.36129127e-01 -3.64631611e-02
 -3.41403204e-01  2.64548924e-05  0.00000000e+00  0.00000000e+00]","[ 0.         -1.04800773 13.25214386  0.43379706 -3.62072682 -0.03109617
 -0.38142219  0.01723576]"
1747093055.2932947,"[ 0.         -0.2276518   0.93814889  2.96530977 -2.07444403 -0.00408689
  0.96007603  1.57091817]","[ 0.00000000e+00 -3.18179359e-05 -1.39640388e-01 -3.83675751e-02
 -3.38489073e-01  2.64751417e-05  0.00000000e+00  0.00000000e+00]","[ 0.         -1.01012087 13.2847805   0.46396822 -3.56529999 -0.046102
 -0.39758974  0.03769148]"
1747093055.2940063,"[ 0.         -0.2276518   0.93801161  2.96526929 -2.07472606 -0.00408689
  0.96007603  1.57091817]","[ 0.00000000e+00 -3.18423443e-05 -1.39370294e-01 -4.10548170e-02
 -3.38163967e-01  2.64548924e-05  0.00000000e+00  0.00000000e+00]","[ 0.         -1.00643408 13.31558037  0.4599674  -3.53700137 -0.03609684
 -0.38355342  0.03180565]"
1747093055.2956986,"[ 0.         -0.2276518   0.9377393   2.965179   -2.07544138 -0.00408582
  0.96007603  1.57091817]","[ 0.00000000e+00 -3.18179359e-05 -1.37340324e-01 -4.72191652e-02
 -3.36541470e-01  3.70368514e-05  0.00000000e+00  0.00000000e+00]","[ 0.         -0.97361892 13.3590517   0.49542022 -3.58542848 -0.03232849
 -0.33015183  0.03856746]"
1747093055.297412,"[ 0.         -0.2276518   0.93759556  2.9651284  -2.07580011 -0.00408582
  0.96007603  1.57091817]","[ 0.00000000e+00 -3.18179359e-05 -1.35414967e-01 -5.13185192e-02
 -3.37785099e-01  3.70648338e-05  0.00000000e+00  0.00000000e+00]","[ 0.         -0.96042341 13.36483574  0.51482618 -3.63186836 -0.04005245
 -0.33090574  0.03670269]"
1747093055.2986073,"[ 0.         -0.22765234  0.93733064  2.96501682 -2.0764659  -0.00408582
  0.96007603  1.57091817]","[ 0.00000000e+00 -3.71209245e-05 -1.33158055e-01 -5.59101792e-02
 -3.36740108e-01  3.70368514e-05  0.00000000e+00  0.00000000e+00]","[ 0.         -0.94748497 13.3254528   0.58520359 -3.5748651  -0.05353531
 -0.36962673  0.03354016]"
1747093055.3004386,"[ 0.         -0.22765234  0.93718962  2.96495929 -2.07679693 -0.00408582
  0.96007603  1.57091817]","[ 0.00000000e+00 -3.71205547e-05 -1.32907285e-01 -5.83410544e-02
 -3.35731170e-01  3.70368514e-05  0.00000000e+00  0.00000000e+00]","[ 0.         -0.91725171 13.31167221  0.60229462 -3.5384562  -0.06461562
 -0.38505518  0.0471556 ]"
1747093055.3021681,"[ 0.         -0.22765234  0.93693296  2.96483306 -2.07748083 -0.00408582
  0.96007603  1.57091817]","[ 0.00000000e+00 -3.71205547e-05 -1.28975785e-01 -6.31936502e-02
 -3.32490003e-01  3.70368514e-05  0.00000000e+00  0.00000000e+00]","[ 0.         -0.87578422 13.19798374  0.64513463 -3.43303108 -0.08573189
 -0.3537966   0.03214995]"
1747093055.3033085,"[ 0.         -0.22765287  0.93680626  2.96476781 -2.07780627 -0.00408582
  0.96007603  1.57091817]","[ 0.00000000e+00 -4.24239132e-05 -1.28566399e-01 -6.61068321e-02
 -3.30059103e-01  3.70368514e-05  0.00000000e+00  0.00000000e+00]","[ 0.         -0.80248374 13.12666702  0.68273288 -3.33855414 -0.08135425
 -0.32121232  0.03658031]"
1747093055.3051145,"[ 0.         -0.22765287  0.93654907  2.96463572 -2.07848218 -0.00408582
  0.96007603  1.57091817]","[ 0.00000000e+00 -4.24239132e-05 -1.24130388e-01 -6.69841731e-02
 -3.29760529e-01  3.70651995e-05  0.00000000e+00  0.00000000e+00]","[ 0.         -0.76101869 13.04516125  0.71658468 -3.2539432  -0.10056002
 -0.29103586  0.0262478 ]"
1747093055.3068042,"[ 0.         -0.22765234  0.93630525  2.96449883 -2.0791296  -0.00408582
  0.96007603  1.57091817]","[ 0.00000000e+00 -3.71212943e-05 -1.22894348e-01 -6.69841731e-02
 -3.27566118e-01  3.70651995e-05  0.00000000e+00  0.00000000e+00]","[ 0.00000000e+00 -7.27997839e-01  1.28810291e+01  7.37257242e-01
 -3.15147495e+00 -1.01301037e-01 -3.14163506e-01  7.24712992e-03]"
1747093055.3096368,"[ 0.         -0.22765234  0.93618355  2.96443172 -2.07945211 -0.00408582
  0.96007603  1.57091817]","[ 0.00000000e+00 -3.71209245e-05 -1.23309485e-01 -6.79956001e-02
 -3.27088047e-01  3.70368514e-05  0.00000000e+00  0.00000000e+00]","[ 0.00000000e+00 -6.72357798e-01  1.28495131e+01  7.17745304e-01
 -3.13638353e+00 -9.85736847e-02 -3.04643214e-01  1.19358562e-02]"
1747093055.310733,"[ 0.         -0.22765287  0.93579879  2.96423065 -2.08011417 -0.00408582
  0.96007703  1.57091817]","[ 0.00000000e+00 -4.24560364e-05 -1.28026201e-01 -6.48233924e-02
 -3.21899810e-01  3.70372172e-05  1.05819570e-05  0.00000000e+00]","[ 0.         -0.55358171 12.64846134  0.72553563 -3.10220289 -0.10000955
 -0.26395997  0.02811398]"
1747093055.3125112,"[ 0.         -0.22765234  0.93567022  2.96416727 -2.08043108 -0.00408582
  0.96007703  1.57091817]","[ 0.00000000e+00 -3.71209245e-05 -1.30457085e-01 -6.42831993e-02
 -3.21415980e-01  3.70368514e-05  1.05819570e-05  0.00000000e+00]","[ 0.         -0.54357237 12.64770222  0.73334944 -3.11706758 -0.09831703
 -0.24730301  0.0284189 ]"
1747093055.313623,"[ 0.         -0.22765234  0.93540111  2.96403544 -2.08108755 -0.00408582
  0.96007703  1.57091817]","[ 0.00000000e+00 -3.71209245e-05 -1.31941389e-01 -6.43868670e-02
 -3.19729799e-01  3.70648338e-05  1.05819570e-05  0.00000000e+00]","[ 0.         -0.47094941 12.68230343  0.74758202 -3.0751493  -0.08592649
 -0.24482143  0.02768249]"
1747093055.3158984,"[ 0.         -0.22765287  0.93513799  2.96390788 -2.08171526 -0.00408582
  0.96007703  1.57091817]","[ 0.00000000e+00 -4.24239132e-05 -1.33698252e-01 -6.42831993e-02
 -3.17582626e-01  3.70368514e-05  1.05819570e-05  0.00000000e+00]","[ 0.         -0.44646463 12.71760464  0.75172091 -3.04758763 -0.08625552
 -0.26362926  0.01539436]"
1747093055.3176718,"[ 0.         -0.22765234  0.93500577  2.96384503 -2.08202712 -0.00408582
  0.96007703  1.57091817]","[ 0.00000000e+00 -3.71209245e-05 -1.33968346e-01 -6.37430062e-02
 -3.16284135e-01  3.70368514e-05  1.05819570e-05  0.00000000e+00]","[ 0.         -0.44125736 12.69320107  0.76633054 -3.06062865 -0.09155706
 -0.25252354  0.01716839]"
1747093055.3188546,"[ 0.         -0.22765234  0.93472746  2.96371453 -2.08266787 -0.00408582
  0.96007703  1.57091817]","[ 0.00000000e+00 -3.71490329e-05 -1.36129127e-01 -6.39459557e-02
 -3.12206736e-01  3.70368514e-05  1.05819570e-05  0.00000000e+00]","[ 0.00000000e+00 -3.91807854e-01  1.27542763e+01  7.76923656e-01
 -3.14451861e+00 -9.46679562e-02 -2.41908446e-01  1.16933603e-02]"
1747093055.3205855,"[ 0.         -0.22765234  0.93459251  2.96365035 -2.08297494 -0.00408582
  0.96007703  1.57091817]","[ 0.00000000e+00 -3.71209245e-05 -1.36800676e-01 -6.50934910e-02
 -3.11422401e-01  3.70368514e-05  1.05819570e-05  0.00000000e+00]","[ 0.         -0.37313333 12.81552505  0.76280457 -3.25187182 -0.08463649
 -0.25621685  0.02181588]"
1747093055.322259,"[ 0.         -0.22765234  0.93431421  2.96352172 -2.08361276 -0.00408582
  0.96007703  1.57091817]","[ 0.00000000e+00 -3.71209245e-05 -1.35588930e-01 -6.45532979e-02
 -3.11705196e-01  3.70648338e-05  1.05820616e-05  0.00000000e+00]","[ 0.         -0.31606922 12.84312248  0.7206617  -3.46250224 -0.08458174
 -0.29428554  0.02236689]"
1747093055.3233979,"[ 0.         -0.22765234  0.93404649  2.96339229 -2.08422982 -0.00408582
  0.96007703  1.57091817]","[ 0.00000000e+00 -3.71209245e-05 -1.36129127e-01 -6.32028089e-02
 -3.12772890e-01  3.70372172e-05  1.05819570e-05  0.00000000e+00]","[ 0.         -0.28921849 12.88088131  0.68684101 -3.62934518 -0.08731857
 -0.33871472  0.02029654]"
1747093055.3251054,"[ 0.         -0.22765234  0.93391287  2.96333024 -2.08453768 -0.00408582
  0.96007703  1.5709191 ]","[ 0.00000000e+00 -3.71209245e-05 -1.35588930e-01 -6.29327103e-02
 -3.12232668e-01  3.70372172e-05  1.05819570e-05  1.05740785e-05]","[ 0.         -0.27323288 12.85369587  0.66462255 -3.6893611  -0.07397477
 -0.34087354  0.01659203]"
1747093055.326769,"[ 0.         -0.22765234  0.9336337   2.96320107 -2.0851787  -0.00408582
  0.96007703  1.5709191 ]","[ 0.00000000e+00 -3.71209245e-05 -1.35451552e-01 -6.31342034e-02
 -3.13583157e-01  3.70368514e-05  1.05739739e-05  1.05819570e-05]","[ 0.00000000e+00 -2.63637424e-01  1.29336777e+01  6.62363172e-01
 -3.79316306e+00 -6.96804672e-02 -3.33278388e-01  1.25183277e-02]"
1747093055.328418,"[ 0.         -0.22765234  0.93350101  2.96313929 -2.08548683 -0.00408582
  0.96007703  1.5709191 ]","[ 0.00000000e+00 -3.70368514e-05 -1.34508543e-01 -6.26626158e-02
 -3.12186163e-01  3.70368514e-05  1.05820616e-05  1.05820616e-05]","[ 0.00000000e+00 -2.71431059e-01  1.29995737e+01  6.69991791e-01
 -3.80363846e+00 -8.13441202e-02 -3.33628416e-01  2.59549888e-05]"
1747093055.3301876,"[ 0.         -0.22765234  0.93322684  2.96301572 -2.08612945 -0.00408582
  0.96007703  1.5709191 ]","[ 0.00000000e+00 -3.70648338e-05 -1.33158055e-01 -6.32028089e-02
 -3.14714401e-01  3.70648338e-05  1.05820616e-05  1.05819570e-05]","[ 0.00000000e+00 -2.92377979e-01  1.30481806e+01  6.59702539e-01
 -3.65799141e+00 -7.74904042e-02 -3.59175980e-01  3.37728299e-03]"
1747093055.3313122,"[ 0.         -0.22765234  0.93309461  2.96294674 -2.08643917 -0.00408582
  0.96007703  1.5709191 ]","[ 0.00000000e+00 -3.70651995e-05 -1.33968346e-01 -6.49490312e-02
 -3.14123379e-01  3.70368514e-05  1.05819570e-05  1.05819570e-05]","[ 0.         -0.28839853 13.01681328  0.65055782 -3.58019257 -0.06815782
 -0.34653366  0.0169073 ]"
1747093055.3330226,"[ 0.         -0.22765234  0.93282044  2.96281279 -2.0870557  -0.00408582
  0.96007703  1.5709191 ]","[ 0.00000000e+00 -3.70648338e-05 -1.33533852e-01 -6.82654241e-02
 -3.11646506e-01  3.70368514e-05  1.05820616e-05  1.05740785e-05]","[ 0.00000000e+00 -3.09308827e-01  1.30154505e+01  6.99125290e-01
 -3.39003062e+00 -6.99187443e-02 -2.77700335e-01 -7.02399341e-03]"
1747093055.3341565,"[ 0.         -0.22765234  0.93268822  2.96274461 -2.0873854  -0.00408582
  0.96007703  1.5709191 ]","[ 0.00000000e+00 -3.70648338e-05 -1.33968346e-01 -6.91449538e-02
 -3.10743961e-01  3.70648338e-05  1.05819570e-05  1.05820616e-05]","[ 0.00000000e+00 -3.54605317e-01  1.30197477e+01  6.90060019e-01
 -3.26022863e+00 -5.64889796e-02 -2.55225062e-01  5.78329293e-03]"
1747093055.3358624,"[ 0.         -0.22765234  0.93242463  2.96259734 -2.0879934  -0.00408582
  0.96007703  1.5709191 ]","[ 0.00000000e+00 -3.70368514e-05 -1.33698252e-01 -7.31964166e-02
 -3.06830745e-01  3.70368514e-05  1.05819570e-05  1.05739739e-05]","[ 0.         -0.34095311 12.95201683  0.66615921 -3.10251856 -0.06976257
 -0.24925481  0.02412887]"
1747093055.337591,"[ 0.         -0.22765234  0.93215052  2.96244207 -2.088599   -0.00408582
  0.96007703  1.5709191 ]","[ 0.00000000e+00 -3.70648338e-05 -1.33032786e-01 -7.96787588e-02
 -3.07370934e-01  3.70651995e-05  1.05819570e-05  1.05820616e-05]","[ 0.         -0.37488863 12.82132626  0.65308279 -3.00731635 -0.09958083
 -0.26942146  0.01867526]"
1747093055.3391588,"[ 0.         -0.22765234  0.9320187   2.96235712 -2.08892524 -0.00408582
  0.96007703  1.5709191 ]","[ 0.00000000e+00 -3.70651995e-05 -1.33833990e-01 -7.99951423e-02
 -3.07191371e-01  3.70368514e-05  1.05900569e-05  1.05820616e-05]","[ 0.         -0.39325538 12.75473309  0.68648756 -3.02903199 -0.09965524
 -0.27680174  0.01849273]"
1747093055.3403518,"[ 0.         -0.22765234  0.93188647  2.96227669 -2.08922724 -0.00408582
  0.96007703  1.5709191 ]","[ 0.00000000e+00 -3.70648338e-05 -1.33832608e-01 -8.14867955e-02
 -3.06290523e-01  3.70368514e-05  1.05819570e-05  1.05740785e-05]","[ 0.00000000e+00 -3.82293165e-01  1.27715807e+01  6.80313408e-01
 -2.95228601e+00 -9.73744020e-02 -2.62500346e-01  9.49327275e-03]"
1747093055.3420327,"[ 0.         -0.2276518   0.93161922  2.96211424 -2.08983071 -0.00408582
  0.96007703  1.5709191 ]","[ 0.00000000e+00 -3.17698567e-05 -1.36399221e-01 -8.23797284e-02
 -3.05480256e-01  3.70368514e-05  1.05819570e-05  1.05819570e-05]","[ 0.         -0.41412967 12.74273014  0.70524848 -2.85898948 -0.07487206
 -0.22840182  0.01797056]"
1747093055.3432074,"[ 0.         -0.2276518   0.93147368  2.96203514 -2.09015242 -0.00408582
  0.96007703  1.5709191 ]","[ 0.00000000e+00 -3.17698567e-05 -1.36919578e-01 -8.02189477e-02
 -3.02928316e-01  3.70372172e-05  1.05899522e-05  1.05819570e-05]","[ 0.         -0.41508856 12.73140049  0.69172847 -2.83955884 -0.07122055
 -0.22894108  0.02281906]"
1747093055.344938,"[ 0.         -0.22765234  0.93120317  2.96187961 -2.09074631 -0.00408582
  0.96007703  1.5709191 ]","[ 0.00000000e+00 -3.70651995e-05 -1.36800676e-01 -7.45469056e-02
 -3.00348378e-01  3.70372172e-05  1.05819570e-05  1.05740785e-05]","[ 0.         -0.44194543 12.75529575  0.72365838 -2.70600319 -0.07957804
 -0.23033921  0.04056655]"
1747093055.3466733,"[ 0.         -0.22765234  0.93107048  2.96180851 -2.09104005 -0.00408582
  0.96007703  1.5709191 ]","[ 0.00000000e+00 -3.70651995e-05 -1.34508543e-01 -7.20429600e-02
 -2.97615675e-01  3.70648338e-05  1.05820616e-05  1.05820616e-05]","[ 0.         -0.45531687 12.81675816  0.7230565  -2.6591363  -0.07893093
 -0.24570607  0.03862099]"
1747093055.3479571,"[ 0.         -0.22765234  0.93079451  2.96166416 -2.09164725 -0.00408582
  0.96007703  1.5709191 ]","[ 0.00000000e+00 -3.70648338e-05 -1.35588930e-01 -6.92120946e-02
 -2.96157561e-01  3.70368514e-05  1.05899522e-05  1.05739739e-05]","[ 0.         -0.52259386 12.83080482  0.69328755 -2.70245624 -0.07104742
 -0.2273539   0.03078092]"
1747093055.3496008,"[ 0.         -0.22765234  0.93052546  2.96153527 -2.09222862 -0.00408582
  0.96007703  1.5709191 ]","[ 0.00000000e+00 -3.70648338e-05 -1.36939419e-01 -6.45532979e-02
 -2.94406233e-01  3.70651995e-05  1.05819570e-05  1.05819570e-05]","[ 0.         -0.54138309 12.83717537  0.67520583 -2.80932403 -0.06872582
 -0.2349745   0.03160794]"
1747093055.3507762,"[ 0.         -0.22765234  0.93037666  2.96147188 -2.09251864 -0.00408582
  0.96007703  1.5709191 ]","[ 0.00000000e+00 -3.70648338e-05 -1.40179562e-01 -6.42831993e-02
 -2.94136156e-01  3.70651995e-05  1.05899522e-05  1.05820616e-05]","[ 0.         -0.5395717  12.81706715  0.68080443 -2.87854028 -0.07855242
 -0.25272045  0.03232477]"
1747093055.3525374,"[ 0.         -0.22765234  0.93009749  2.96134006 -2.09312264 -0.00408476
  0.96007703  1.5709191 ]","[ 0.00000000e+00 -3.70648338e-05 -1.42466968e-01 -6.42831993e-02
 -2.95216533e-01  3.70368514e-05  1.05820616e-05  1.05739739e-05]","[ 0.         -0.56884074 12.8756361   0.65800744 -3.04141521 -0.05456471
 -0.29834071  0.04855257]"
1747093055.3537362,"[ 0.         -0.22765234  0.92995648  2.96127934 -2.09341266 -0.00408476
  0.96007703  1.5709191 ]","[ 0.00000000e+00 -3.70368514e-05 -1.43151666e-01 -6.15822255e-02
 -2.94136156e-01  3.70648338e-05  1.05819570e-05  1.05819570e-05]","[ 0.         -0.57601589 12.9726553   0.65121382 -3.06495976 -0.0444296
 -0.30562037  0.03890955]"
1747093055.3554928,"[ 0.         -0.22765234  0.92966213  2.96116003 -2.09402492 -0.00408476
  0.96007703  1.5709191 ]","[ 0.00000000e+00 -3.70648338e-05 -1.44772250e-01 -5.74259756e-02
 -3.00420617e-01  3.70372172e-05  1.05819570e-05  1.05739739e-05]","[ 0.         -0.60186797 13.05975151  0.64606172 -3.16572857 -0.04776295
 -0.314491    0.0202399 ]"
1747093055.3572426,"[ 0.         -0.22765234  0.92951932  2.96110437 -2.0943224  -0.00408476
  0.96007703  1.5709191 ]","[ 0.00000000e+00 -3.70648338e-05 -1.44625560e-01 -5.64503723e-02
 -3.01698867e-01  3.70368514e-05  1.05820616e-05  1.05740785e-05]","[ 0.         -0.61575091 13.07696056  0.63370943 -3.17065501 -0.04110963
 -0.30310428  0.02574035]"
1747093055.358408,"[ 0.         -0.22765234  0.92921718  2.96099891 -2.09492134 -0.00408476
  0.96007703  1.5709191 ]","[ 0.00000000e+00 -3.70651995e-05 -1.47451856e-01 -5.26690081e-02
 -3.04361263e-01  3.70648338e-05  1.05820616e-05  1.05819570e-05]","[ 0.         -0.6335234  13.18928719  0.57159841 -3.13108993 -0.02442758
 -0.28676757  0.02503012]"
1747093055.3601909,"[ 0.         -0.22765234  0.92907257  2.96094618 -2.09522148 -0.00408476
  0.96007703  1.5709191 ]","[ 0.00000000e+00 -3.70648338e-05 -1.46662928e-01 -4.96521543e-02
 -3.04399845e-01  3.70368514e-05  1.05819570e-05  1.05739739e-05]","[ 0.         -0.65139496 13.23801327  0.5356729  -3.09707451 -0.03874918
 -0.28387299  0.02129266]"
1747093055.3613582,"[ 0.         -0.22765234  0.92878695  2.96085829 -2.09584413 -0.00408476
  0.96007703  1.5709191 ]","[ 0.00000000e+00 -3.70648338e-05 -1.43961950e-01 -4.29454991e-02
 -3.04129767e-01  3.70651995e-05  1.05819570e-05  1.05819570e-05]","[ 0.         -0.67609864 13.22465801  0.4875994  -3.04541254 -0.03069461
 -0.2795082   0.02880676]"
1747093055.3631,"[ 0.         -0.22765287  0.92863588  2.96081888 -2.09614533 -0.00408476
  0.96007703  1.5709191 ]","[ 0.00000000e+00 -4.23278279e-05 -1.42185721e-01 -3.99744266e-02
 -3.05480256e-01  3.70648338e-05  1.06059783e-05  1.05819570e-05]","[ 0.         -0.72370237 13.18499756  0.46573877 -3.05993319 -0.02520993
 -0.28301349  0.04204473]"
1747093055.3648157,"[ 0.         -0.22765287  0.92835991  2.96073978 -2.09675573 -0.00408476
  0.96007703  1.5709191 ]","[ 0.00000000e+00 -4.23598089e-05 -1.39370294e-01 -3.83538432e-02
 -3.10071912e-01  3.70368514e-05  1.05820616e-05  1.05820616e-05]","[ 0.         -0.76022488 13.10242653  0.40399325 -3.06524611 -0.01461801
 -0.29571     0.05337592]"
1747093055.3660138,"[ 0.         -0.22765287  0.92822303  2.96070223 -2.09708623 -0.00408476
  0.96007703  1.5709191 ]","[ 0.00000000e+00 -4.23598089e-05 -1.38830105e-01 -3.80837445e-02
 -3.11203656e-01  3.17458709e-05  1.05978530e-05  1.05820616e-05]","[ 0.00000000e+00 -8.09889078e-01  1.30077419e+01  3.70554149e-01
 -3.03761578e+00 -1.25998417e-02 -3.02231163e-01  5.10751419e-02]"
1747093055.3677642,"[ 0.         -0.2276534   0.92793747  2.960625   -2.09770301 -0.00408369
  0.96007703  1.5709191 ]","[ 0.00000000e+00 -4.23598089e-05 -1.39928809e-01 -3.76152695e-02
 -3.12502779e-01  4.23282464e-05  1.05979587e-05  1.05739739e-05]","[ 0.00000000e+00 -9.15104747e-01  1.28959408e+01  2.79103637e-01
 -2.94980955e+00 -8.25061183e-03 -2.77999878e-01  2.07434986e-02]"
1747093055.3689263,"[ 0.         -0.2276534   0.92779739  2.96058745 -2.09803511 -0.00408369
  0.96007703  1.5709191 ]","[ 0.00000000e+00 -4.23598089e-05 -1.42071272e-01 -3.80837445e-02
 -3.12708275e-01  4.23282464e-05  1.05979587e-05  1.05979587e-05]","[ 0.         -0.94510174 12.82945251  0.26187333 -2.84319258  0.01664222
 -0.25882638  0.03354032]"
1747093055.3706737,"[ 0.         -0.22765393  0.92751729  2.96051128 -2.09865217 -0.00408369
  0.96007703  1.5709191 ]","[ 0.00000000e+00 -4.76552554e-05 -1.42611461e-01 -3.91641349e-02
 -3.13313079e-01  4.23598089e-05  1.06058726e-05  1.05979587e-05]","[ 0.         -1.04514515 12.74771309  0.12864633 -2.68296361  0.07671082
 -0.23018758  0.02528808]"
1747093055.3733578,"[ 0.         -0.22765447  0.92736529  2.9604684  -2.09896109 -0.00408316
  0.96007703  1.5709191 ]","[ 0.00000000e+00 -5.29497591e-05 -1.43188784e-01 -4.03357427e-02
 -3.13313079e-01  4.76188043e-05  1.05978530e-05  1.05899522e-05]","[ 0.         -1.09857082 12.72861671  0.08668654 -2.5547173   0.05440628
 -0.21195906  0.02188876]"
1747093055.3740857,"[ 0.         -0.22765553  0.92707507  2.96038345 -2.09960531 -0.00408316
  0.96007703  1.5709191 ]","[ 0.00000000e+00 -6.35397134e-05 -1.48553606e-01 -4.42959881e-02
 -3.14663568e-01  4.76188043e-05  1.05979587e-05  1.05979587e-05]","[ 0.         -1.19597721 12.70833969  0.05899672 -2.35007429  0.07304906
 -0.18951841  0.03987963]"
1747093055.3758662,"[ 0.         -0.22765606  0.92676927  2.96027985 -2.10022157 -0.00408209
  0.96007703  1.5709191 ]","[ 0.00000000e+00 -6.35397134e-05 -1.49317400e-01 -5.21598409e-02
 -3.11422401e-01  5.82007654e-05  1.05979587e-05  1.05899522e-05]","[ 0.00000000e+00 -1.28668499e+00  1.26688576e+01  1.19558303e-02
 -2.28723979e+00  6.64736554e-02 -1.94176272e-01  3.21465656e-02]"
1747093055.3770256,"[ 0.         -0.2276566   0.92662187  2.96022419 -2.100551   -0.00408209
  0.96007703  1.5709191 ]","[ 0.00000000e+00 -6.88353671e-05 -1.49634000e-01 -5.63931768e-02
 -3.10200576e-01  5.82007654e-05  1.05979587e-05  1.05979587e-05]","[ 0.         -1.31568658 12.68680763 -0.01967994 -2.27579093  0.07644796
 -0.18878753  0.02841702]"
1747093055.3788397,"[ 0.         -0.22765766  0.92631467  2.96010675 -2.1011598  -0.00408209
  0.96007703  1.5709191 ]","[ 0.00000000e+00 -7.40737029e-05 -1.50962618e-01 -6.05018351e-02
 -3.07911123e-01  5.82447383e-05  1.06059783e-05  1.05979587e-05]","[ 0.         -1.35921526 12.64117336  0.02225182 -2.39042139  0.04439253
 -0.18984304  0.03496669]"
1747093055.3806138,"[ 0.         -0.2276582   0.9261668   2.9600447  -2.10146287 -0.00408103
  0.96007703  1.5709191 ]","[ 0.00000000e+00 -7.94246427e-05 -1.49904095e-01 -6.29327103e-02
 -3.07370934e-01  6.88353671e-05  1.05979587e-05  1.05899522e-05]","[ 0.         -1.39575517 12.57989025  0.02474053 -2.49468446  0.07045018
 -0.21529926  0.04711188]"
1747093055.3817887,"[ 0.         -0.22765979  0.92586879  2.95990222 -2.1020983  -0.00408103
  0.96007703  1.5709191 ]","[ 0.00000000e+00 -8.99466322e-05 -1.51254584e-01 -7.13057304e-02
 -3.10451346e-01  5.82013384e-05  1.05979587e-05  1.05979587e-05]","[ 0.         -1.40741694 12.54419231  0.07892827 -2.74625254  0.05087905
 -0.2476045   0.04476413]"
1747093055.3834698,"[ 0.         -0.22766086  0.925709    2.95982898 -2.10240509 -0.00408103
  0.96007703  1.5709191 ]","[ 0.00000000e+00 -1.00528593e-04 -1.50319531e-01 -7.42015519e-02
 -3.11152290e-01  5.82007654e-05  1.06059783e-05  1.05979587e-05]","[ 0.         -1.40544963 12.54801846  0.10197814 -2.84611392  0.04984937
 -0.25208548  0.03660032]"
1747093055.3851473,"[ 0.         -0.22766192  0.92540866  2.95967745 -2.10302002 -0.00408103
  0.96007703  1.5709191 ]","[ 0.00000000e+00 -1.05899518e-04 -1.52875167e-01 -7.77880725e-02
 -3.12502779e-01  5.82007654e-05  1.05979587e-05  1.05979587e-05]","[ 0.         -1.43457901 12.58314705  0.16233449 -3.11274576  0.06313961
 -0.27913779  0.04943427]"
1747093055.386343,"[ 0.         -0.22766352  0.9252562   2.95959196 -2.10335185 -0.00408103
  0.96007703  1.5709191 ]","[ 0.00000000e+00 -1.21784452e-04 -1.54495751e-01 -8.04966738e-02
 -3.12457505e-01  5.82013384e-05  1.06059783e-05  1.05979587e-05]","[ 0.         -1.42932224 12.63963127  0.21465872 -3.20540357  0.06201973
 -0.2857537   0.04208928]"
1747093055.388066,"[ 0.         -0.22766565  0.92493482  2.95942844 -2.10396997 -0.00408103
  0.96007703  1.5709191 ]","[ 0.00000000e+00 -1.42964352e-04 -1.58277123e-01 -8.37302174e-02
 -3.14393457e-01  5.82013384e-05  1.06059783e-05  1.05979587e-05]","[ 0.         -1.42566848 12.73207188  0.29243997 -3.24477458  0.03622099
 -0.3421194   0.04343383]"
1747093055.3892763,"[ 0.         -0.22766672  0.92477776  2.95934535 -2.10428049 -0.00408103
  0.96007703  1.5709191 ]","[ 0.00000000e+00 -1.53554302e-04 -1.59196047e-01 -8.41850271e-02
 -3.14933646e-01  5.82881910e-05  1.05979587e-05  1.05979587e-05]","[ 0.         -1.45628512 12.81418324  0.34473079 -3.23894215  0.01750707
 -0.34580833  0.03196987]"
1747093055.390991,"[ 0.         -0.22766885  0.92442782  2.95916612 -2.10492418 -0.00408103
  0.96007703  1.5709191 ]","[ 0.00000000e+00 -1.69440910e-04 -1.59263175e-01 -8.85919761e-02
 -3.14393457e-01  5.83328791e-05  1.06058726e-05  1.05979587e-05]","[ 0.         -1.4189887  12.96491528  0.43502846 -3.18880081 -0.01696178
 -0.34842804  0.03205138]"
1747093055.392192,"[ 0.         -0.22767045  0.92429699  2.95907717 -2.1052347  -0.00408103
  0.96007703  1.5709191 ]","[ 0.00000000e+00 -1.85324169e-04 -1.56788017e-01 -9.02125596e-02
 -3.14933646e-01  5.83328791e-05  1.05979587e-05  1.05979587e-05]","[ 0.00000000e+00 -1.40756357e+00  1.29762402e+01  4.81342256e-01
 -3.22287416e+00 -6.94843940e-03 -3.35456699e-01  4.59113382e-02]"
1747093055.3939636,"[ 0.         -0.22767364  0.92396776  2.95889022 -2.10587839 -0.00408103
  0.96007703  1.5709191 ]","[ 0.00000000e+00 -2.48479724e-04 -1.53985938e-01 -9.12929458e-02
 -3.14212895e-01  5.82887721e-05  1.06059783e-05  1.05979587e-05]","[ 0.         -1.38964391 12.97678757  0.5352248  -3.29337525 -0.01541898
 -0.3529022   0.04633728]"
1747093055.395696,"[ 0.         -0.22767524  0.92380518  2.95879807 -2.10618971 -0.00408103
  0.96007703  1.5709191 ]","[ 0.00000000e+00 -3.24983123e-04 -1.52968761e-01 -9.34537265e-02
 -3.15743946e-01  5.83328791e-05  1.06059783e-05  1.05979587e-05]","[ 0.         -1.38432181 12.96312237  0.5685786  -3.3344028  -0.04027712
 -0.34645596  0.03749979]"
1747093055.396789,"[ 0.         -0.22767897  0.92352967  2.95861511 -2.10681369 -0.00408103
  0.96007703  1.5709191 ]","[ 0.00000000e+00 -7.16442803e-04 -1.50540357e-01 -9.22797468e-02
 -3.15693845e-01  4.76908124e-05  1.05979587e-05  1.05980643e-05]","[ 0.         -1.31931531 12.83408451  0.61217868 -3.48033905 -0.03532529
 -0.37613708  0.03425965]"
1747093055.3985035,"[ 0.         -0.22768163  0.9233593   2.9585187  -2.10712821 -0.00408103
  0.96007703  1.5709191 ]","[ 0.00000000e+00 -1.08186778e-03 -1.49773550e-01 -9.07781817e-02
 -3.18985113e-01  4.76908124e-05  1.06059783e-05  1.05979587e-05]","[ 0.         -1.31724405 12.69574356  0.62208748 -3.5874455  -0.03014839
 -0.37930897  0.04744676]"
1747093055.4013739,"[ 0.         -0.22768696  0.92305716  2.95834107 -2.10778601 -0.00408103
  0.96007703  1.5709191 ]","[ 0.00000000e+00 -1.82737675e-03 -1.47451856e-01 -8.99424568e-02
 -3.21956202e-01  4.77269018e-05  1.05979587e-05  1.05979587e-05]","[ 0.         -1.28099644 12.6058836   0.65156806 -3.57430053 -0.02599422
 -0.36634353  0.03602458]"
1747093055.402992,"[ 0.         -0.22769868  0.92261408  2.95807982 -2.10875753 -0.00408103
  0.96007703  1.5709191 ]","[ 0.00000000e+00 -3.24775746e-03 -1.52875167e-01 -8.55341512e-02
 -3.18977490e-01  4.77269018e-05  1.06058726e-05  1.05980643e-05]","[ 0.00000000e+00 -1.17697322e+00  1.26124830e+01  6.09203279e-01
 -3.29156065e+00 -5.27808303e-03 -3.37106228e-01  2.57206541e-02]"
1747093055.405456,"[ 0.         -0.22770986  0.92229816  2.95791417 -2.10938524 -0.00408103
  0.96007703  1.5709191 ]","[ 0.00000000e+00 -4.90111730e-03 -1.54473363e-01 -8.31900202e-02
 -3.18174813e-01  4.76908124e-05  1.05979587e-05  1.05979587e-05]","[ 0.         -1.13230491 12.59466553  0.63873756 -2.9966023  -0.03376864
 -0.26727575  0.01494288]"
1747093055.4071162,"[ 0.         -0.22772797  0.92199416  2.95774506 -2.11003718 -0.00408103
  0.96007703  1.5709191 ]","[ 0.00000000e+00 -8.84252706e-03 -1.53685467e-01 -8.18395312e-02
 -3.18444924e-01  4.76908124e-05  1.06059783e-05  1.05979587e-05]","[ 0.         -1.04835618 12.59021473  0.60811055 -2.82399678 -0.01903212
 -0.25312102  0.01540046]"
1747093055.4089234,"[ 0.         -0.22775354  0.92167591  2.95758101 -2.11066355 -0.00408103
  0.96007703  1.5709191 ]","[ 0.00000000e+00 -1.45852636e-02 -1.55576145e-01 -8.35448531e-02
 -3.17312814e-01  4.76908124e-05  0.00000000e+00  1.05979587e-05]","[ 0.         -0.92782557 12.54368782  0.59359664 -2.74684095 -0.04680533
 -0.24031153  0.01876306]"
1747093055.4112294,"[ 0.         -0.22779189  0.92152165  2.95741403 -2.11130884 -0.00408103
  0.96007703  1.5709191 ]","[ 0.00000000e+00 -2.00614760e-02 -1.56386445e-01 -8.15694367e-02
 -3.13583157e-01  4.77269018e-05  0.00000000e+00  1.05979587e-05]","[ 0.         -0.88587695 12.46476078  0.57864422 -2.78069568 -0.06517764
 -0.24059419  0.02127203]"
1747093055.4130075,"[ 0.         -0.22783716  0.92120207  2.95725317 -2.11192776 -0.00407996
  0.96007703  1.5709191 ]","[ 0.00000000e+00 -2.37685775e-02 -1.55977983e-01 -8.26498312e-02
 -3.13853268e-01  5.82887721e-05  0.00000000e+00  1.05979587e-05]","[ 0.         -0.77182657 12.40950298  0.52220786 -2.87830925 -0.04859965
 -0.25641662  0.03449379]"
1747093055.4153419,"[ 0.         -0.22788829  0.92089394  2.95708246 -2.11257198 -0.00407996
  0.96007703  1.5709191 ]","[ 0.00000000e+00 -2.50532552e-02 -1.55958159e-01 -8.36453791e-02
 -3.13666747e-01  5.83328791e-05  0.00000000e+00  1.05980643e-05]","[ 0.         -0.65556645 12.34668922  0.50629812 -2.95464754 -0.03213564
 -0.25521761  0.03943308]"
1747093055.4176667,"[ 0.         -0.2279602   0.9204205   2.95682307 -2.11350062 -0.00407996
  0.96007703  1.5709191 ]","[ 0.00000000e+00 -2.32283823e-02 -1.57466823e-01 -8.67658882e-02
 -3.12502779e-01  5.82887721e-05  0.00000000e+00  1.05979587e-05]","[ 0.         -0.45310706 12.3768549   0.50266761 -3.07199883 -0.0201852
 -0.26923567  0.0335479 ]"
1747093055.4199307,"[ 0.         -0.22800281  0.92009539  2.95665636 -2.11413685 -0.00407996
  0.96007703  1.5709191 ]","[ 0.00000000e+00 -1.94470181e-02 -1.58987205e-01 -8.36453791e-02
 -3.10297382e-01  5.82887721e-05  0.00000000e+00  1.05899522e-05]","[ 0.         -0.32796451 12.44962311  0.55124134 -3.10359573 -0.03021673
 -0.27421153  0.04689111]"
1747093055.4223008,"[ 0.         -0.22803583  0.91978041  2.95648698 -2.11475177 -0.00407996
  0.96007703  1.5709191 ]","[ 0.00000000e+00 -1.56656540e-02 -1.59357518e-01 -8.25028247e-02
 -3.11422401e-01  5.82887721e-05  0.00000000e+00  1.05980643e-05]","[ 0.         -0.26871014 12.54326534  0.57594949 -3.22486639 -0.05042782
 -0.2931411   0.01984058]"
1747093055.4251869,"[ 0.         -0.22807844  0.91929871  2.95625635 -2.11570279 -0.00407996
  0.96007703  1.5709191 ]","[ 0.00000000e+00 -1.35048743e-02 -1.58234895e-01 -7.58204875e-02
 -3.13853268e-01  5.82887721e-05  0.00000000e+00  0.00000000e+00]","[ 0.         -0.19146705 12.55488491  0.60546702 -3.31005669 -0.06506754
 -0.30883873  0.02004488]"
1747093055.4274778,"[ 0.         -0.22810294  0.91898785  2.95610348 -2.11634621 -0.00407996
  0.96007703  1.5709191 ]","[ 0.00000000e+00 -1.20368858e-02 -1.57466823e-01 -7.36754694e-02
 -3.15215941e-01  5.83328791e-05  0.00000000e+00  0.00000000e+00]","[ 0.         -0.21049939 12.55245876  0.62901902 -3.3889854  -0.06053254
 -0.30052644  0.02007963]"
1747093055.4297242,"[ 0.         -0.22812638  0.91866867  2.9559626  -2.11696699 -0.00407996
  0.96007703  1.5709191 ]","[ 0.00000000e+00 -1.18842887e-02 -1.54339223e-01 -7.02253442e-02
 -3.14933646e-01  5.82887721e-05  0.00000000e+00  0.00000000e+00]","[ 0.         -0.22829922 12.45906734  0.66200691 -3.35429835 -0.04070013
 -0.29504845  0.01398227]"
1747093055.4320385,"[ 0.         -0.22816792  0.91819662  2.95574662 -2.11792813 -0.00407996
  0.96007703  1.5709191 ]","[ 0.00000000e+00 -1.45852636e-02 -1.55977983e-01 -6.69841731e-02
 -3.15473868e-01  5.82887721e-05  0.00000000e+00  0.00000000e+00]","[ 0.         -0.3242628  12.3455677   0.72174948 -3.24485946 -0.03487812
 -0.28903311  0.0164429 ]"
1747093055.4343567,"[ 0.         -0.22819988  0.9178881   2.95561613 -2.11857261 -0.00407996
  0.96007796  1.5709191 ]","[ 0.00000000e+00 -1.67290760e-02 -1.56386445e-01 -6.24413446e-02
 -3.14418358e-01  5.82887721e-05  1.05820616e-05  0.00000000e+00]","[ 0.         -0.33595178 12.29646683  0.74480647 -3.12182021 -0.04311239
 -0.26672742  0.02130642]"
1747093055.4367468,"[ 0.         -0.22825741  0.91741006  2.95544488 -2.11949939 -0.00407996
  0.96007796  1.5709191 ]","[ 0.00000000e+00 -2.05274085e-02 -1.59357518e-01 -5.69905654e-02
 -3.13583157e-01  5.82887721e-05  1.05820616e-05  0.00000000e+00]","[ 0.         -0.33592662 12.15344048  0.74487108 -3.0101769  -0.09218654
 -0.24157639  0.02251281]"
1747093055.4403675,"[ 0.         -0.22829735  0.91709228  2.95533117 -2.12014121 -0.00407996
  0.96007796  1.5709191 ]","[ 0.00000000e+00 -2.05274085e-02 -1.62058479e-01 -5.47742328e-02
 -3.13313079e-01  5.83328791e-05  1.05739739e-05  0.00000000e+00]","[ 0.         -0.33701456 12.05591488  0.74650139 -2.91061473 -0.0999518
 -0.25235352  0.01296019]"
1747093055.4419873,"[ 0.         -0.22835807  0.91659087  2.9551783  -2.12106693 -0.00407996
  0.96007796  1.5709191 ]","[ 0.00000000e+00 -1.99872133e-02 -1.67020947e-01 -4.91043795e-02
 -3.12502779e-01  5.82887721e-05  1.05820616e-05  0.00000000e+00]","[ 0.         -0.36804438 12.06811428  0.75402516 -2.79125381 -0.09945682
 -0.24303469  0.01921569]"
1747093055.4437222,"[ 0.         -0.22839483  0.91624739  2.95508083 -2.12170342 -0.00407996
  0.96007796  1.5709191 ]","[ 0.00000000e+00 -1.78264326e-02 -1.68516412e-01 -4.99680343e-02
 -3.10071912e-01  5.82887721e-05  1.05819570e-05  0.00000000e+00]","[ 0.         -0.37964395 12.12801933  0.73225754 -2.78985476 -0.07848942
 -0.2332634   0.02296665]"
1747093055.4455032,"[ 0.         -0.22842785  0.91591216  2.95497244 -2.12230956 -0.00407996
  0.96007796  1.5709191 ]","[ 0.00000000e+00 -1.67290760e-02 -1.70971696e-01 -5.36644520e-02
 -3.06830745e-01  5.82887721e-05  1.05819570e-05  0.00000000e+00]","[ 0.         -0.43351087 12.18509483  0.72457403 -2.77493191 -0.07158968
 -0.25398955  0.01835331]"
1747093055.4472487,"[ 0.         -0.22844436  0.91574226  2.95491864 -2.12263473 -0.00407996
  0.96007796  1.5709191 ]","[ 0.00000000e+00 -1.67460433e-02 -1.72147598e-01 -5.45044088e-02
 -3.06188291e-01  5.82887721e-05  1.05739739e-05  0.00000000e+00]","[ 0.         -0.41937962 12.23672295  0.71197635 -2.81990576 -0.06393255
 -0.25791454  0.02025156]"
1747093055.449063,"[ 0.         -0.22847845  0.91539331  2.95486352 -2.12323847 -0.00407996
  0.96007796  1.5709191 ]","[ 0.00000000e+00 -1.67460433e-02 -1.69861075e-01 -5.59101792e-02
 -3.06020445e-01  5.82887721e-05  1.05740785e-05  0.00000000e+00]","[ 0.         -0.45537132 12.37029171  0.72962302 -2.92063212 -0.03927378
 -0.26651078  0.0259    ]"
1747093055.450858,"[ 0.         -0.2285136   0.91506129  2.95474154 -2.12386218 -0.00407996
  0.96007796  1.5709191 ]","[ 0.00000000e+00 -1.78264326e-02 -1.68540829e-01 -6.09367377e-02
 -3.04432902e-01  5.82881910e-05  1.05819570e-05  0.00000000e+00]","[ 0.         -0.40775979 12.46908283  0.71394897 -3.0310967  -0.04400343
 -0.27256745  0.03565864]"
1747093055.4526103,"[ 0.         -0.22855089  0.91471601  2.95460732 -2.12446086 -0.00407996
  0.96007796  1.5709191 ]","[ 0.00000000e+00 -1.89068230e-02 -1.69360001e-01 -6.99552497e-02
 -3.02472482e-01  4.76908124e-05  1.05819570e-05  0.00000000e+00]","[ 0.         -0.39363602 12.53315735  0.70714819 -3.15585208 -0.06418642
 -0.32250908  0.03454414]"
1747093055.4543815,"[ 0.         -0.22856793  0.91454929  2.95453541 -2.12475833 -0.00407996
  0.96007796  1.5709191 ]","[ 0.00000000e+00 -1.72687240e-02 -1.69081018e-01 -7.28524278e-02
 -3.02005164e-01  4.76908124e-05  1.05819570e-05  0.00000000e+00]","[ 0.00000000e+00 -3.59813511e-01  1.25529423e+01  7.18259454e-01
 -3.20794702e+00 -7.56807551e-02 -3.39860380e-01  1.12125948e-02]"
1747093055.4556036,"[ 0.         -0.22860468  0.91420262  2.95438015 -2.12538125 -0.00407996
  0.96007796  1.5709191 ]","[ 0.00000000e+00 -1.75537915e-02 -1.68516412e-01 -7.67076863e-02
 -3.05210145e-01  4.77269018e-05  1.05739739e-05  0.00000000e+00]","[ 0.00000000e+00 -3.07885081e-01  1.25332870e+01  7.23714352e-01
 -3.31364465e+00 -1.07520021e-01 -3.30932498e-01  4.96268459e-03]"
1747093055.457407,"[ 0.         -0.22862173  0.9140355   2.95430106 -2.12568139 -0.00407996
  0.96007796  1.5709191 ]","[ 0.00000000e+00 -1.72862385e-02 -1.69621207e-01 -8.02189477e-02
 -3.04399845e-01  4.76912879e-05  1.05819570e-05  0.00000000e+00]","[ 0.00000000e+00 -3.07025194e-01  1.25306377e+01  7.33980775e-01
 -3.35090947e+00 -1.23075902e-01 -3.09007883e-01  1.21809719e-02]"
1747093055.459258,"[ 0.         -0.22865315  0.91370028  2.95414127 -2.1263059  -0.00407996
  0.96007796  1.5709191 ]","[ 0.00000000e+00 -1.51254588e-02 -1.70971696e-01 -8.10292395e-02
 -3.04940034e-01  4.76908124e-05  1.05740785e-05  0.00000000e+00]","[ 0.00000000e+00 -2.81197578e-01  1.25858126e+01  7.47780561e-01
 -3.37667680e+00 -1.02654204e-01 -3.19726765e-01  8.22827965e-03]"
1747093055.4603927,"[ 0.         -0.22866807  0.91353037  2.95405684 -2.1266063  -0.00407996
  0.96007796  1.5709191 ]","[ 0.00000000e+00 -1.40298229e-02 -1.72322185e-01 -7.94936025e-02
 -3.04361263e-01  4.76192757e-05  1.05739739e-05  0.00000000e+00]","[ 0.00000000e+00 -2.58351624e-01  1.26072664e+01  7.48918831e-01
 -3.34598899e+00 -8.10948759e-02 -3.30120295e-01 -3.07826092e-03]"
1747093055.4620783,"[ 0.         -0.22869044  0.91318183  2.95390105 -2.12722336 -0.00407996
  0.96007796  1.5709191 ]","[ 0.00000000e+00 -1.08038994e-02 -1.69621207e-01 -7.88684671e-02
 -3.00420617e-01  4.76188043e-05  1.05820616e-05  0.00000000e+00]","[ 0.         -0.24952757 12.6524601   0.79065567 -3.23981214 -0.05982282
 -0.33251673  0.02722468]"
1747093055.4651244,"[ 0.         -0.22870642  0.91285213  2.95373966 -2.12781671 -0.00407996
  0.96007796  1.5709191 ]","[ 0.00000000e+00 -7.02151680e-03 -1.66650135e-01 -7.82397613e-02
 -3.00888600e-01  4.75828816e-05  1.05739739e-05  0.00000000e+00]","[ 0.         -0.2669788  12.6651144   0.80098885 -3.15333557 -0.05702479
 -0.33431578  0.03777562]"
1747093055.4668672,"[ 0.         -0.2287176   0.91235119  2.95351223 -2.12872485 -0.00407996
  0.96007796  1.5709191 ]","[ 0.00000000e+00 -2.70097486e-03 -1.64759457e-01 -7.68997835e-02
 -2.99166767e-01  3.70368514e-05  1.05740785e-05  0.00000000e+00]","[ 0.00000000e+00 -3.02318841e-01  1.25453768e+01  7.91206896e-01
 -3.10378599e+00 -7.31684417e-02 -2.94074178e-01 -3.58350901e-03]"
1747093055.4692183,"[ 0.         -0.2287176   0.91200864  2.9533583  -2.12930861 -0.00407996
  0.96007796  1.5709191 ]","[ 0.00000000e+00  0.00000000e+00 -1.67011792e-01 -7.37366139e-02
 -2.95216533e-01  3.70368514e-05  1.05819570e-05  0.00000000e+00]","[ 0.00000000e+00 -2.68265009e-01  1.24719219e+01  7.95049369e-01
 -3.03787541e+00 -9.99935716e-02 -2.92581081e-01  2.60408199e-03]"
1747093055.4703162,"[ 0.         -0.2287176   0.91184379  2.95328826 -2.1295989  -0.00407996
  0.96007796  1.5709191 ]","[ 0.00000000e+00  0.00000000e+00 -1.67190340e-01 -7.10356359e-02
 -2.94406233e-01  3.70368514e-05  1.05819570e-05  0.00000000e+00]","[ 0.00000000e+00 -2.80013919e-01  1.24392061e+01  8.06613743e-01
 -3.03562570e+00 -1.08807869e-01 -2.94520110e-01  4.29052021e-03]"
1747093055.4720726,"[ 0.         -0.22871707  0.91150989  2.95315004 -2.1302021  -0.00407996
  0.96007796  1.5709191 ]","[ 0.00000000e+00  1.04786977e-04 -1.68909710e-01 -6.63911288e-02
 -2.94705140e-01  3.17458709e-05  1.05740785e-05  0.00000000e+00]","[ 0.         -0.34052318 12.37795734  0.7875393  -3.04423475 -0.11498559
 -0.27206269  0.02208118]"
1747093055.4737875,"[ 0.         -0.22871813  0.91115636  2.9530302  -2.13080744 -0.00407996
  0.96007796  1.5709191 ]","[ 0.00000000e+00 -8.77627637e-05 -1.72366394e-01 -5.86111530e-02
 -2.95906791e-01  3.17458709e-05  1.05820616e-05  0.00000000e+00]","[ 0.         -0.36872238 12.37522793  0.76252139 -3.09668231 -0.09129991
 -0.2809045   0.01541272]"
1747093055.474942,"[ 0.         -0.22871867  0.91098645  2.95297773 -2.13109852 -0.00407996
  0.96007796  1.5709191 ]","[ 0.00000000e+00 -1.50994244e-04 -1.72322185e-01 -5.32092012e-02
 -2.95216533e-01  3.17458709e-05  1.05739739e-05  0.00000000e+00]","[ 0.00000000e+00 -3.85208696e-01  1.23786116e+01  7.45628059e-01
 -3.10471416e+00 -9.12999138e-02 -2.93059707e-01  4.70673526e-03]"
1747093055.4766746,"[ 0.         -0.22871867  0.91063837  2.95288372 -2.13167377 -0.00407996
  0.96007796  1.5709191 ]","[ 0.00000000e+00 -1.32479098e-04 -1.69519475e-01 -4.38844797e-02
 -2.90584730e-01  2.11639139e-05  1.05819570e-05  0.00000000e+00]","[ 0.00000000e+00 -4.47170138e-01  1.23769913e+01  6.81162596e-01
 -3.12357855e+00 -8.45872387e-02 -3.06209534e-01  3.62524833e-03]"
1747093055.4778285,"[ 0.         -0.22871867  0.91047173  2.95284377 -2.13196032 -0.00407996
  0.96007796  1.5709191 ]","[ 0.00000000e+00 -1.17995616e-04 -1.68909710e-01 -4.05146197e-02
 -2.90330432e-01  2.11641232e-05  1.05819570e-05  0.00000000e+00]","[ 0.         -0.4957113  12.38745308  0.65620506 -3.13421273 -0.05878276
 -0.30540276  0.01615613]"
1747093055.4795146,"[ 0.         -0.2287192   0.91014289  2.95276921 -2.13259549 -0.00407996
  0.96007796  1.5709191 ]","[ 0.00000000e+00 -1.59566278e-04 -1.65839851e-01 -3.65001790e-02
 -2.87923900e-01  2.11639139e-05  1.05740785e-05  0.00000000e+00]","[ 0.         -0.56018442 12.40806389  0.61184078 -3.21452284 -0.06667057
 -0.28056374  0.01767636]"
1747093055.4812598,"[ 0.         -0.2287192   0.90996799  2.95273299 -2.13287964 -0.00407996
  0.96007796  1.5709191 ]","[ 0.00000000e+00 -1.44266577e-04 -1.64754880e-01 -3.40724268e-02
 -2.87901995e-01  1.05739739e-05  1.05820616e-05  0.00000000e+00]","[ 0.         -0.60592753 12.41551304  0.58936131 -3.24238563 -0.06750929
 -0.28132325  0.02218666]"
1747093055.4823794,"[ 0.         -0.22871973  0.90980587  2.95270076 -2.1331654  -0.00407996
  0.96007796  1.5709191 ]","[ 0.00000000e+00 -2.40444305e-04 -1.64489362e-01 -3.26817948e-02
 -2.89814577e-01  1.05819570e-05  1.05819570e-05  0.00000000e+00]","[ 0.         -0.62265897 12.39293385  0.55939513 -3.25117064 -0.05360244
 -0.28463385  0.02362279]"
1747093055.484122,"[ 0.         -0.22872026  0.9094817   2.95264244 -2.13375769 -0.00407996
  0.96007796  1.5709191 ]","[ 0.00000000e+00 -2.66627190e-04 -1.65299662e-01 -2.89004307e-02
 -2.89274389e-01  1.05819570e-05  1.05739739e-05  0.00000000e+00]","[ 0.         -0.69093162 12.39036179  0.52099138 -3.29986715 -0.04546044
 -0.32426056  0.03164927]"
1747093055.4858243,"[ 0.         -0.2287208   0.90914008  2.95258651 -2.13432574 -0.00407996
  0.96007796  1.5709191 ]","[ 0.00000000e+00 -2.44925906e-04 -1.67606276e-01 -2.70097486e-02
 -2.87632184e-01  1.05819570e-05  1.05820616e-05  0.00000000e+00]","[ 0.         -0.73501927 12.39979267  0.4371708  -3.34189916 -0.05252414
 -0.31777212  0.03731503]"
1747093055.4874992,"[ 0.         -0.22872133  0.90897337  2.95255988 -2.13463147 -0.00407996
  0.96007796  1.5709191 ]","[ 0.00000000e+00 -2.44925906e-04 -1.69081018e-01 -2.70097486e-02
 -2.87882188e-01  1.05819570e-05  1.05740785e-05  0.00000000e+00]","[ 0.         -0.75032604 12.46715069  0.39591655 -3.30549502 -0.05249164
 -0.30251843  0.0350935 ]"
1747093055.4892282,"[ 0.         -0.22872293  0.90862895  2.95250023 -2.13519393 -0.00407996
  0.96007796  1.5709191 ]","[ 0.00000000e+00 -3.19153784e-04 -1.67764102e-01 -2.98414461e-02
 -2.84412655e-01  1.05899522e-05  1.05739739e-05  0.00000000e+00]","[ 0.         -0.82527399 12.50911713  0.30404946 -3.28826618 -0.03087493
 -0.31751269  0.03110846]"
1747093055.4903345,"[ 0.         -0.22872399  0.9084641   2.95246747 -2.13547543 -0.00407996
  0.96007796  1.5709191 ]","[ 0.00000000e+00 -3.64294885e-04 -1.67190340e-01 -3.32219900e-02
 -2.85493033e-01  1.05820616e-05  1.05819570e-05  0.00000000e+00]","[ 0.         -0.859712   12.49873352  0.25932673 -3.31459832 -0.01399868
 -0.33320311  0.02992576]"
1747093055.492159,"[ 0.         -0.22872559  0.90813534  2.9523945  -2.136056   -0.00407996
  0.96007796  1.5709191 ]","[ 0.00000000e+00 -4.13007521e-04 -1.65671823e-01 -3.86239376e-02
 -2.83619898e-01  1.05819570e-05  1.05740785e-05  0.00000000e+00]","[ 0.00000000e+00 -9.61325943e-01  1.24360313e+01  1.74108148e-01
 -3.38642073e+00 -1.05483150e-02 -3.47101808e-01  1.99459344e-02]"
1747093055.494726,"[ 0.         -0.22872825  0.90779325  2.95230821 -2.13661739 -0.00407996
  0.96007796  1.5709191 ]","[ 0.00000000e+00 -5.03408056e-04 -1.66380040e-01 -4.33829441e-02
 -2.84412655e-01  1.05820616e-05  1.05820616e-05  0.00000000e+00]","[ 0.00000000e+00 -1.03272176e+00  1.23721962e+01  9.83985141e-02
 -3.42799544e+00  9.08008683e-03 -3.41485560e-01  2.38982365e-02]"
1747093055.4958377,"[ 0.         -0.22873092  0.90746402  2.95221953 -2.13720435 -0.00407996
  0.96007796  1.5709191 ]","[ 0.00000000e+00 -5.79079217e-04 -1.66650135e-01 -4.53763743e-02
 -2.86628338e-01  1.05820616e-05  1.05739739e-05  0.00000000e+00]","[ 0.         -1.09608626 12.29493904  0.07548351 -3.39932752  0.02790298
 -0.31406417  0.02347791]"
1747093055.4976277,"[ 0.         -0.22873198  0.90728585  2.95217319 -2.13748771 -0.0040789
  0.96007796  1.5709191 ]","[ 0.00000000e+00 -6.00487300e-04 -1.67764102e-01 -4.69969619e-02
 -2.87092527e-01  2.11641232e-05  1.05819570e-05  0.00000000e+00]","[ 0.         -1.09630322 12.28186512  0.07879423 -3.34882879  0.02420416
 -0.32315394  0.02602287]"
1747093055.4988403,"[ 0.         -0.22873464  0.9069479   2.95207039 -2.1380571  -0.0040789
  0.96007796  1.5709191 ]","[ 0.00000000e+00 -6.57570623e-04 -1.73132485e-01 -5.15886178e-02
 -2.88734200e-01  2.11639139e-05  1.05820616e-05  0.00000000e+00]","[ 0.         -1.14683092 12.24378395  0.05459809 -3.24767017  0.04251307
 -0.32829919  0.04097549]"
1747093055.5005639,"[ 0.         -0.22873624  0.90677386  2.95201713 -2.13836576 -0.0040789
  0.96007796  1.5709191 ]","[ 0.00000000e+00 -6.93956777e-04 -1.76643747e-01 -5.40194971e-02
 -2.90640657e-01  2.11639139e-05  1.05740785e-05  0.00000000e+00]","[ 0.         -1.17038357 12.25404263  0.04982482 -3.18547511  0.04467957
 -0.33222976  0.04832955]"
1747093055.5017595,"[ 0.         -0.22873944  0.90641014  2.95189995 -2.13865364 -0.0040789
  0.96007796  1.5709191 ]","[ 0.00000000e+00 -9.16875389e-04 -1.77794831e-01 -5.79275154e-02
 -2.91975367e-01  2.11639139e-05  1.05819570e-05  0.00000000e+00]","[ 0.         -1.19502914 12.25613308  0.1186401  -3.09492111  0.01570921
 -0.27719659  0.03555833]"
1747093055.5035446,"[ 0.         -0.22874104  0.90623524  2.95184269 -2.13894233 -0.0040789
  0.96007796  1.5709191 ]","[ 0.00000000e+00 -1.08660653e-03 -1.77454047e-01 -5.80709558e-02
 -2.92785667e-01  2.11641232e-05  1.05819570e-05  0.00000000e+00]","[ 0.00000000e+00 -1.20338631e+00  1.23081427e+01  1.58389792e-01
 -3.02205563e+00  1.03668431e-02 -2.90560037e-01  3.84629779e-02]"
1747093055.5046697,"[ 0.         -0.22874423  0.90588483  2.95172471 -2.13954207 -0.0040789
  0.96007796  1.5709191 ]","[ 0.00000000e+00 -1.42873456e-03 -1.77454047e-01 -5.99008845e-02
 -2.92396013e-01  2.11641232e-05  1.05819570e-05  0.00000000e+00]","[ 0.00000000e+00 -1.20395577e+00  1.23548527e+01  1.66247770e-01
 -2.85401487e+00 -2.74864538e-03 -2.97872633e-01  3.39971930e-02]"
1747093055.5064974,"[ 0.         -0.22874583  0.90569615  2.95165814 -2.13983183 -0.0040789
  0.96007796  1.5709191 ]","[ 0.00000000e+00 -1.45720971e-03 -1.77544062e-01 -6.26921145e-02
 -2.93866044e-01  2.11639139e-05  1.05819570e-05  0.00000000e+00]","[ 0.         -1.20395577 12.332901    0.18568233 -2.79747581 -0.02141681
 -0.29586121  0.02124729]"
1747093055.5076656,"[ 0.         -0.22874956  0.90534987  2.95153137 -2.14040627 -0.0040789
  0.96007796  1.5709191 ]","[ 0.00000000e+00 -1.58707574e-03 -1.76103558e-01 -6.42831993e-02
 -2.90084689e-01  2.11639139e-05  1.05739739e-05  0.00000000e+00]","[ 0.         -1.2149142  12.26346874  0.23974861 -2.75688338 -0.02124186
 -0.27844632  0.02494187]"
1747093055.5094428,"[ 0.         -0.22875116  0.9051777   2.95146878 -2.1407152  -0.0040789
  0.96007796  1.5709191 ]","[ 0.00000000e+00 -1.64885159e-03 -1.74482974e-01 -6.34729076e-02
 -2.90891427e-01  2.11641232e-05  1.05819570e-05  0.00000000e+00]","[ 0.         -1.19134355 12.25723648  0.28902993 -2.75038934 -0.01576906
 -0.24268582  0.02644229]"
1747093055.5112333,"[ 0.         -0.22875488  0.90482043  2.95133696 -2.14129257 -0.0040789
  0.96007796  1.5709191 ]","[ 0.00000000e+00 -1.68922006e-03 -1.74753069e-01 -6.48233924e-02
 -2.92758835e-01  2.11641232e-05  1.05820616e-05  0.00000000e+00]","[ 0.         -1.20932734 12.135149    0.32714611 -2.82100439 -0.0273239
 -0.25885838  0.04644843]"
1747093055.5124135,"[ 0.         -0.22875648  0.90464553  2.95127224 -2.14158179 -0.0040789
  0.96007796  1.5709191 ]","[ 0.00000000e+00 -1.68922006e-03 -1.77454047e-01 -6.56336883e-02
 -2.93623663e-01  2.11639139e-05  1.05740785e-05  0.00000000e+00]","[ 0.         -1.17026627 12.08986378  0.35455883 -2.81611156 -0.02810063
 -0.26187441  0.04552253]"
1747093055.514242,"[ 0.         -0.22876021  0.90427768  2.95114042 -2.14218286 -0.0040789
  0.96007796  1.5709191 ]","[ 0.00000000e+00 -1.75522901e-03 -1.80804054e-01 -6.67140745e-02
 -2.93325855e-01  1.05819570e-05  1.05819570e-05  0.00000000e+00]","[ 0.         -1.13405192 12.06984425  0.38267988 -2.78236246 -0.02677982
 -0.28038505  0.04989139]"
1747093055.5153852,"[ 0.         -0.22876234  0.90409858  2.95107038 -2.14247262 -0.0040789
  0.96007796  1.5709191 ]","[ 0.00000000e+00 -1.79884503e-03 -1.81505497e-01 -6.59521066e-02
 -2.93866044e-01  1.05820616e-05  1.05819570e-05  0.00000000e+00]","[ 0.         -1.09756041 12.14626026  0.39026612 -2.78128195 -0.03703904
 -0.26229289  0.04771358]"
1747093055.5171669,"[ 0.         -0.22876554  0.90372254  2.95093935 -2.1430705  -0.0040789
  0.96007796  1.5709191 ]","[ 0.00000000e+00 -1.74062817e-03 -1.83813276e-01 -6.66464801e-02
 -2.91139900e-01  1.05819570e-05  1.05818513e-05  0.00000000e+00]","[ 0.         -1.07971215 12.28270435  0.43424636 -2.7458539  -0.05972185
 -0.24556334  0.02859866]"
1747093055.5183995,"[ 0.         -0.22876767  0.90354025  2.95086771 -2.14335892 -0.0040789
  0.96007796  1.5709191 ]","[ 0.00000000e+00 -1.78407333e-03 -1.84746681e-01 -6.74567136e-02
 -2.92515555e-01  1.05819570e-05  1.05820616e-05  0.00000000e+00]","[ 0.         -1.02785516 12.28020859  0.4528155  -2.71836495 -0.06234545
 -0.24330714  0.02899603]"
1747093055.5202389,"[ 0.         -0.22877033  0.90317287  2.95073695 -2.14393975 -0.0040789
  0.96007796  1.5709191 ]","[ 0.00000000e+00 -1.68279051e-03 -1.86367264e-01 -6.50934910e-02
 -2.94406233e-01  1.05820616e-05  1.05819570e-05  0.00000000e+00]","[ 0.         -0.94417393 12.47107315  0.44379029 -2.64549112 -0.04140199
 -0.26866329  0.03009373]"
1747093055.5214105,"[ 0.         -0.22877299  0.90279224  2.95061258 -2.14454456 -0.0040789
  0.96007796  1.5709191 ]","[ 0.00000000e+00 -1.61124705e-03 -1.85827058e-01 -6.23925172e-02
 -2.95756722e-01  1.05820616e-05  1.05820616e-05  0.00000000e+00]","[ 0.         -0.90345395 12.5642519   0.49322647 -2.67494321 -0.0399443
 -0.28727278  0.03410107]"
1747093055.5231414,"[ 0.         -0.22877406  0.90260994  2.9505468  -2.14483431 -0.0040789
  0.96007796  1.5709191 ]","[ 0.00000000e+00 -1.49648132e-03 -1.84559494e-01 -6.18815398e-02
 -2.93866044e-01  1.05820616e-05  1.05820616e-05  0.00000000e+00]","[ 0.         -0.8694697  12.68582439  0.48769563 -2.71018887 -0.04228159
 -0.2866427   0.02155336]"
1747093055.5248427,"[ 0.         -0.22877672  0.90223197  2.95042562 -2.14543352 -0.0040789
  0.96007796  1.5709191 ]","[ 0.00000000e+00 -1.41594736e-03 -1.83813276e-01 -6.10420282e-02
 -2.92396013e-01  1.05819570e-05  1.05819570e-05  0.00000000e+00]","[ 0.         -0.78615612 12.78756428  0.48969275 -2.76857758 -0.03875608
 -0.3031387   0.03659029]"
1747093055.5259924,"[ 0.         -0.22877779  0.90205061  2.95036624 -2.14572141 -0.0040789
  0.96007796  1.5709191 ]","[ 0.00000000e+00 -1.37249128e-03 -1.83936381e-01 -6.02317365e-02
 -2.91975367e-01  1.05819570e-05  1.05819570e-05  0.00000000e+00]","[ 0.         -0.7502175  12.75024891  0.48228794 -2.79923129 -0.03898471
 -0.32053456  0.03441577]"
1747093055.5277214,"[ 0.         -0.22877885  0.90169155  2.95024613 -2.14629958 -0.0040789
  0.96007703  1.5709191 ]","[ 0.00000000e+00 -1.11707553e-03 -1.81321606e-01 -5.80709558e-02
 -2.93866044e-01  1.05820616e-05  0.00000000e+00  0.00000000e+00]","[ 0.         -0.67418498 12.76777935  0.49521559 -2.95219135 -0.05803839
 -0.33775935  0.03551781]"
1747093055.5306315,"[ 0.         -0.22877939  0.90132004  2.95012628 -2.14690598 -0.0040789
  0.96007703  1.5709191 ]","[ 0.00000000e+00 -1.06377519e-03 -1.80804054e-01 -6.13121269e-02
 -2.96026833e-01  1.05819570e-05  0.00000000e+00  0.00000000e+00]","[ 0.         -0.64631462 12.82552719  0.49192074 -3.05348301 -0.03520483
 -0.36566684  0.04267549]"
1747093055.5322473,"[ 0.         -0.22878045  0.90096604  2.94999632 -2.14749294 -0.0040789
  0.96007703  1.5709191 ]","[ 0.00000000e+00 -8.97398162e-04 -1.78804536e-01 -6.37430062e-02
 -2.97647434e-01  1.05819570e-05  0.00000000e+00  0.00000000e+00]","[ 0.         -0.57885915 12.88416767  0.45664549 -3.06706381 -0.03357381
 -0.35111761  0.04371724]"
1747093055.5340424,"[ 0.         -0.22878098  0.90060232  2.94986716 -2.14810414 -0.0040789
  0.96007703  1.5709191 ]","[ 0.00000000e+00 -6.91384837e-04 -1.76540999e-01 -6.67140745e-02
 -2.98457700e-01  1.05820616e-05  0.00000000e+00  0.00000000e+00]","[ 0.         -0.51153356 12.92157745  0.44005087 -3.00249052 -0.06020858
 -0.33634636  0.03722071]"
1747093055.5358026,"[ 0.         -0.22878098  0.90025611  2.94972255 -2.14869243 -0.0040789
  0.96007703  1.5709191 ]","[ 0.00000000e+00 -4.22305016e-04 -1.75023163e-01 -7.18459277e-02
 -2.98997889e-01  1.05819570e-05 -1.06059783e-05  0.00000000e+00]","[ 0.         -0.46038598 12.95653152  0.45137975 -2.89998651 -0.0306376
 -0.35137931  0.03344497]"
1747093055.5381532,"[ 0.         -0.22878152  0.89989565  2.94957554 -2.14930682 -0.0040789
  0.96007703  1.5709191 ]","[ 0.00000000e+00 -3.19132556e-04 -1.75537919e-01 -7.45469056e-02
 -2.99538112e-01  1.05819570e-05 -1.05978530e-05  0.00000000e+00]","[ 0.         -0.38813952 12.87169743  0.5116666  -2.74379349 -0.04481905
 -0.32161587  0.01871344]"
1747093055.53993,"[ 0.         -0.22878152  0.89955217  2.94941549 -2.14989458 -0.0040789
  0.96007703  1.5709191 ]","[ 0.00000000e+00 -2.11173444e-04 -1.73402580e-01 -7.94936025e-02
 -2.97107211e-01  1.05820616e-05 -1.06059783e-05  0.00000000e+00]","[ 0.         -0.36709678 12.80217934  0.54208463 -2.55760741 -0.06371027
 -0.30458853  0.01922288]"
1747093055.5417051,"[ 0.         -0.22878152  0.8991995   2.94924957 -2.15050205 -0.0040789
  0.96007703  1.5709191 ]","[ 0.00000000e+00 -1.06377519e-04 -1.73030237e-01 -8.47246751e-02
 -2.96659101e-01  1.05820616e-05 -1.05979587e-05  0.00000000e+00]","[ 0.         -0.30363157 12.67931747  0.57012296 -2.39725327 -0.07588753
 -0.26009029  0.02303449]"
1747093055.5434458,"[ 0.         -0.22878152  0.89902779  2.94916329 -2.15079233 -0.0040789
  0.96007703  1.5709191 ]","[ 0.00000000e+00 -1.05576254e-04 -1.74212880e-01 -8.75115816e-02
 -2.94107959e-01  1.05819570e-05 -1.05979587e-05  0.00000000e+00]","[ 0.         -0.3011336  12.59726715  0.5914706  -2.33529782 -0.0706545
 -0.26358026  0.02852958]"
1747093055.545171,"[ 0.         -0.22878152  0.89868065  2.9489774  -2.1513966  -0.0040789
  0.96007703  1.5709191 ]","[ 0.00000000e+00 -5.31887593e-05 -1.76643747e-01 -9.21032375e-02
 -2.95405252e-01  1.05819570e-05 -1.06059783e-05  0.00000000e+00]","[ 0.         -0.26963487 12.45769691  0.61607665 -2.24908638 -0.06283552
 -0.26927882  0.01334866]"
1747093055.546954,"[ 0.         -0.22878152  0.89831646  2.94879497 -2.15197744 -0.0040789
  0.96007796  1.5709191 ]","[ 0.00000000e+00 -4.84255143e-05 -1.77794831e-01 -9.20099187e-02
 -2.94406233e-01  1.05820616e-05  0.00000000e+00  0.00000000e+00]","[ 0.         -0.23840687 12.3470974   0.64780939 -2.20339704 -0.08610094
 -0.2524071   0.01263606]"
1747093055.54924,"[ 0.         -0.22878152  0.89796293  2.94860935 -2.15255827 -0.0040789
  0.96007796  1.5709191 ]","[ 0.00000000e+00 -4.41542080e-05 -1.79884914e-01 -9.10228513e-02
 -2.94107959e-01  1.05819570e-05  0.00000000e+00  0.00000000e+00]","[ 0.         -0.19563965 12.28523827  0.69805491 -2.1840539  -0.08825982
 -0.24285522  0.03838495]"
1747093055.5509207,"[ 0.         -0.22878152  0.89759095  2.94843811 -2.15315695 -0.0040789
  0.96007796  1.5709191 ]","[ 0.00000000e+00  0.00000000e+00 -1.81054824e-01 -8.53508009e-02
 -2.91435178e-01  1.05819570e-05  0.00000000e+00  0.00000000e+00]","[ 0.         -0.1458236  12.26547909  0.75453126 -2.24003363 -0.09454553
 -0.27134755  0.03474212]"
1747093055.5532115,"[ 0.         -0.22878098  0.89723602  2.94827246 -2.1537535  -0.0040789
  0.96007796  1.5709191 ]","[ 0.00000000e+00  3.52830036e-05 -1.78623358e-01 -7.94188176e-02
 -2.90640657e-01  1.05740785e-05  0.00000000e+00  0.00000000e+00]","[ 0.         -0.11049932 12.22514153  0.80236888 -2.32163048 -0.07868997
 -0.297515    0.04191795]"
1747093055.5549002,"[ 0.         -0.22878098  0.89687236  2.94812172 -2.15432715 -0.0040789
  0.96007796  1.5709191 ]","[ 0.00000000e+00  3.32770341e-05 -1.76913841e-01 -7.50870946e-02
 -2.90870055e-01  1.05819570e-05  0.00000000e+00  0.00000000e+00]","[ 0.         -0.10910328 12.2275877   0.83442688 -2.44109774 -0.08699414
 -0.2890943   0.03508129]"
1747093055.5576308,"[ 0.         -0.22878098  0.89652429  2.94797631 -2.15490292 -0.0040789
  0.96007796  1.5709191 ]","[ 0.00000000e+00  3.12046522e-05 -1.75023163e-01 -6.99644043e-02
 -2.92515555e-01  1.05739739e-05  0.00000000e+00  0.00000000e+00]","[ 0.         -0.04509927 12.16730404  0.85104895 -2.59992552 -0.10333142
 -0.28538248  0.02837401]"
1747093055.560034,"[ 0.         -0.22878098  0.89598566  2.9477819  -2.15578736 -0.00407996
  0.96007796  1.5709191 ]","[ 0.00000000e+00  2.78631624e-05 -1.77544062e-01 -6.28689484e-02
 -2.91705289e-01  0.00000000e+00  0.00000000e+00  0.00000000e+00]","[ 0.         -0.01595321 12.16010666  0.87575352 -2.74924541 -0.14276746
 -0.31127244  0.01902532]"
1747093055.5623312,"[ 0.         -0.22878098  0.89563392  2.94766393 -2.15638151 -0.00407996
  0.96007796  1.5709191 ]","[ 0.00000000e+00  2.79729117e-05 -1.79344725e-01 -5.53699820e-02
 -2.90367217e-01  0.00000000e+00  0.00000000e+00  0.00000000e+00]","[ 0.         -0.01337609 12.13899708  0.85478091 -2.79131103 -0.13101326
 -0.32191929  0.03360486]"
1747093055.5635316,"[ 0.         -0.22878098  0.89526514  2.94756379 -2.15695915 -0.00407996
  0.96007796  1.5709191 ]","[ 0.00000000e+00  2.64951613e-05 -1.79884914e-01 -4.99680343e-02
 -2.93866044e-01  0.00000000e+00  0.00000000e+00  0.00000000e+00]","[ 0.         -0.02789822 12.14099598  0.81739658 -2.80211425 -0.12339672
 -0.32814482  0.02935581]"
1747093055.5652971,"[ 0.         -0.22878098  0.89508931  2.94751719 -2.1572489  -0.00407996
  0.96007796  1.5709191 ]","[ 0.00000000e+00  2.52564009e-05 -1.78264330e-01 -4.72670564e-02
 -2.93866044e-01  0.00000000e+00  0.00000000e+00  0.00000000e+00]","[ 0.         -0.06042719 12.13849354  0.78925782 -2.7796855  -0.12126372
 -0.3309204   0.02422361]"
1747093055.5670617,"[ 0.         -0.22878098  0.89472605  2.94742557 -2.15785237 -0.00407996
  0.96007796  1.5709191 ]","[ 0.00000000e+00  2.40444301e-05 -1.76791769e-01 -4.40258894e-02
 -2.94406233e-01  0.00000000e+00  0.00000000e+00  0.00000000e+00]","[ 0.         -0.08281323 12.09757614  0.71627426 -2.76107526 -0.09715082
 -0.32462719  0.02872487]"
1747093055.568852,"[ 0.         -0.22878098  0.89455202  2.94738536 -2.15814239 -0.00407996
  0.96007796  1.5709191 ]","[ 0.00000000e+00  2.40444301e-05 -1.76643747e-01 -4.07847184e-02
 -2.93838148e-01  0.00000000e+00  0.00000000e+00  0.00000000e+00]","[ 0.         -0.10370207 12.06518745  0.67756736 -2.7826314  -0.08967522
 -0.32053542  0.02245599]"
1747093055.5700088,"[ 0.         -0.22878098  0.89420674  2.94730733 -2.15873894 -0.00407996
  0.96007796  1.5709191 ]","[ 0.00000000e+00  2.30198043e-05 -1.74482974e-01 -3.76152695e-02
 -2.90367217e-01  0.00000000e+00  0.00000000e+00  0.00000000e+00]","[ 0.00000000e+00 -1.22268848e-01  1.19538841e+01  6.19099855e-01
 -2.76179743e+00 -9.90243256e-02 -3.04144710e-01  8.43530893e-03]"
1747093055.5718005,"[ 0.         -0.22878098  0.89384628  2.94723462 -2.15931285 -0.00407996
  0.96007796  1.5709191 ]","[ 0.00000000e+00  2.20789347e-05 -1.76540999e-01 -3.67332556e-02
 -2.90894989e-01  0.00000000e+00  0.00000000e+00  0.00000000e+00]","[ 0.00000000e+00 -1.93872049e-01  1.18360786e+01  5.70528746e-01
 -2.74192381e+00 -9.25197974e-02 -2.88520604e-01  5.69000142e-03]"
1747093055.5736334,"[ 0.         -0.22878098  0.89367038  2.94719734 -2.15962204 -0.00407996
  0.96007796  1.5709191 ]","[ 0.00000000e+00  2.12119566e-05 -1.78264330e-01 -3.77753338e-02
 -2.91142197e-01  0.00000000e+00  0.00000000e+00  0.00000000e+00]","[ 0.00000000e+00 -2.06881821e-01  1.17741013e+01  5.45009673e-01
 -2.71417880e+00 -1.05281629e-01 -2.96273321e-01 -5.71556808e-03]"
1747093055.5752766,"[ 0.         -0.22878098  0.89328562  2.94711398 -2.16019649 -0.00407996
  0.96007796  1.5709191 ]","[ 0.00000000e+00  2.03512243e-05 -1.82770549e-01 -4.13249156e-02
 -2.91165066e-01  0.00000000e+00  0.00000000e+00  0.00000000e+00]","[ 0.00000000e+00 -2.51294792e-01  1.17163925e+01  5.07109642e-01
 -2.58333921e+00 -7.65859261e-02 -2.79690504e-01  9.27399751e-03]"
1747093055.5764499,"[ 0.         -0.22878098  0.89291091  2.94702796 -2.16076481 -0.00407996
  0.96007796  1.5709191 ]","[ 0.00000000e+00  1.96123512e-05 -1.83396192e-01 -4.42959881e-02
 -2.87653822e-01  0.00000000e+00  0.00000000e+00  0.00000000e+00]","[ 0.         -0.30985799 11.71225357  0.45019978 -2.51540828 -0.07538014
 -0.24727556  0.02162442]"
1747093055.5782473,"[ 0.         -0.22878098  0.89273088  2.94698429 -2.16106947 -0.00407996
  0.96007796  1.5709191 ]","[ 0.00000000e+00  1.96123512e-05 -1.82585892e-01 -4.42511055e-02
 -2.86879108e-01  0.00000000e+00  0.00000000e+00  0.00000000e+00]","[ 0.         -0.33676389 11.73260021  0.44142747 -2.48034835 -0.08063878
 -0.23461193  0.019331  ]"
1747093055.580029,"[ 0.         -0.22878098  0.89236037  2.94688895 -2.16163379 -0.00407996
  0.96007796  1.5709191 ]","[ 0.          0.         -0.1801329  -0.04834745 -0.28603322  0.
  0.          0.        ]","[ 0.00000000e+00 -3.67634773e-01  1.17957363e+01  4.31101501e-01
 -2.45119119e+00 -8.81952271e-02 -2.41598547e-01  2.84771807e-03]"
1747093055.5811024,"[ 0.         -0.22878098  0.8921826   2.94683835 -2.16191556 -0.00407996
  0.96007796  1.5709191 ]","[ 0.          0.         -0.18042512 -0.05131852 -0.28547359  0.
  0.          0.        ]","[ 0.         -0.37873134 11.77611351  0.42392001 -2.46343136 -0.09393655
 -0.26966584  0.01642993]"
1747093055.5828633,"[ 0.         -0.22878098  0.8918304   2.94672277 -2.16250065 -0.00407996
  0.96007796  1.5709191 ]","[ 0.          0.         -0.17799424 -0.05807096 -0.28549303  0.
  0.          0.        ]","[ 0.         -0.42326671 11.71463966  0.43740052 -2.5659287  -0.09609112
 -0.3024272   0.01712941]"
1747093055.585167,"[ 0.         -0.22878098  0.89146954  2.94659919 -2.16305859 -0.00407996
  0.96007796  1.5709191 ]","[ 0.          0.         -0.17612438 -0.06320281 -0.28225187  0.
  0.          0.        ]","[ 0.00000000e+00 -4.71147716e-01  1.16786690e+01  4.39843714e-01
 -2.76166654e+00 -8.78784955e-02 -2.96132803e-01  9.67909209e-03]"
1747093055.586263,"[ 0.         -0.22878098  0.8912955   2.94652969 -2.16335739 -0.00407996
  0.96007796  1.5709191 ]","[ 0.          0.         -0.17664375 -0.06545057 -0.28109752  0.
  0.          0.        ]","[ 0.00000000e+00 -4.63230103e-01  1.17159901e+01  4.21568453e-01
 -2.83315849e+00 -7.10365474e-02 -3.13489676e-01  1.12497555e-02]"
1747093055.587939,"[ 0.         -0.22878098  0.89093917  2.94639573 -2.16391026 -0.00407996
  0.96007796  1.5709191 ]","[ 0.          0.         -0.1815055  -0.06941505 -0.279821    0.
  0.          0.        ]","[ 0.         -0.47536778 11.74041748  0.43938234 -2.99487662 -0.07817795
 -0.3306334   0.01576094]"
1747093055.5896704,"[ 0.         -0.22878098  0.89074629  2.94632595 -2.16418537 -0.00407996
  0.96007703  1.5709191 ]","[ 0.00000000e+00  0.00000000e+00 -1.81556363e-01 -7.06938358e-02
 -2.79010699e-01  0.00000000e+00 -1.06059783e-05  0.00000000e+00]","[ 0.00000000e+00 -4.74706024e-01  1.17127571e+01  4.89585012e-01
 -3.03743291e+00 -6.40886575e-02 -3.46754879e-01  1.04928901e-02]"
1747093055.590782,"[ 0.         -0.22878098  0.89039089  2.94618134 -2.16476274 -0.00407996
  0.96007703  1.5709191 ]","[ 0.00000000e+00  0.00000000e+00 -1.79972482e-01 -6.96851469e-02
 -2.82251866e-01  0.00000000e+00 -1.06059783e-05  0.00000000e+00]","[ 0.         -0.49548376 11.87326908  0.52278966 -3.09120011 -0.06820031
 -0.35100102  0.01618343]"
1747093055.5931165,"[ 0.         -0.22878098  0.89002211  2.94604499 -2.16531775 -0.00407996
  0.96007703  1.5709191 ]","[ 0.00000000e+00  0.00000000e+00 -1.80302531e-01 -6.94150525e-02
 -2.80886596e-01  0.00000000e+00 -1.06059783e-05  0.00000000e+00]","[ 0.         -0.50470918 11.95640564  0.55387068 -3.13067079 -0.06349851
 -0.35142666  0.03164333]"
1747093055.5943575,"[ 0.         -0.22878098  0.88984628  2.94590198 -2.16589272 -0.00407996
  0.96007703  1.5709191 ]","[ 0.00000000e+00  0.00000000e+00 -1.78264330e-01 -6.98843680e-02
 -2.80609894e-01  0.00000000e+00 -1.05979587e-05  0.00000000e+00]","[ 0.         -0.51151937 12.00810432  0.61376601 -3.13903236 -0.0812224
 -0.34975624  0.02130258]"
1747093055.5966134,"[ 0.         -0.22878098  0.88967084  2.9458322  -2.16616863 -0.00407996
  0.96007703  1.5709191 ]","[ 0.00000000e+00  0.00000000e+00 -1.77994236e-01 -7.08373802e-02
 -2.79820999e-01  0.00000000e+00 -1.06059783e-05  0.00000000e+00]","[ 0.         -0.50301421 12.00540733  0.61036801 -3.10668111 -0.09929536
 -0.36236802  0.01877711]"
1747093055.5977764,"[ 0.         -0.22878098  0.88930905  2.94569265 -2.1667183  -0.00407996
  0.96007703  1.5709191 ]","[ 0.00000000e+00  0.00000000e+00 -1.75537919e-01 -7.21160221e-02
 -2.78728004e-01 -1.06060839e-05 -1.06059783e-05  0.00000000e+00]","[ 0.         -0.46911916 12.03502655  0.65429783 -3.15084815 -0.10160228
 -0.39291391  0.03396849]"
1747093055.599414,"[ 0.         -0.22878098  0.88896184  2.94553979 -2.16728902 -0.00407996
  0.96007703  1.5709191 ]","[ 0.00000000e+00  0.00000000e+00 -1.76103558e-01 -7.58973946e-02
 -2.78470493e-01 -1.05979587e-05 -1.06058726e-05  0.00000000e+00]","[ 0.         -0.4687328  11.94448662  0.6862911  -3.18863535 -0.09248132
 -0.40024996  0.03290317]"
1747093055.601283,"[ 0.         -0.22878098  0.88877269  2.94546549 -2.16756332 -0.00407996
  0.96007703  1.5709191 ]","[ 0.00000000e+00  0.00000000e+00 -1.78045601e-01 -7.53571974e-02
 -2.78200399e-01 -1.06059783e-05 -1.06059783e-05  0.00000000e+00]","[ 0.         -0.46427298 11.92438126  0.68139958 -3.20244288 -0.08334889
 -0.38795063  0.02931669]"
1747093055.6024072,"[ 0.         -0.22878098  0.88859546  2.94539065 -2.16783736 -0.00407996
  0.96007703  1.5709191 ]","[ 0.00000000e+00  0.00000000e+00 -1.79884914e-01 -7.58973946e-02
 -2.77930304e-01 -1.06059783e-05 -1.06059783e-05  0.00000000e+00]","[ 0.         -0.46803033 11.87371349  0.66386318 -3.13745809 -0.08044235
 -0.36352748  0.02087202]"
1747093055.6041546,"[ 0.         -0.22878098  0.88822581  2.94523486 -2.16840435 -0.00407996
  0.96007703  1.5709191 ]","[ 0.00000000e+00  0.00000000e+00 -1.80302531e-01 -7.58973946e-02
 -2.75220288e-01 -1.05979587e-05 -1.06059783e-05  0.00000000e+00]","[ 0.         -0.46752208 11.81806183  0.69419056 -3.03140521 -0.0720658
 -0.35468253  0.02395449]"
1747093055.6058722,"[ 0.         -0.22878098  0.88787081  2.94508971 -2.16894497 -0.00407996
  0.96007703  1.57091817]","[ 0.00000000e+00  0.00000000e+00 -1.79702654e-01 -7.26562194e-02
 -2.73878837e-01 -1.06059783e-05 -1.06059783e-05 -1.06059783e-05]","[ 0.00000000e+00 -4.13918376e-01  1.18274279e+01  7.33537614e-01
 -2.92711687e+00 -8.47450122e-02 -3.32287967e-01  1.13864457e-02]"
1747093055.607575,"[ 0.         -0.22878098  0.88769311  2.94501595 -2.16923366 -0.00407996
  0.96007703  1.57091817]","[ 0.00000000e+00  0.00000000e+00 -1.80155025e-01 -6.94628645e-02
 -2.71833014e-01 -1.05979587e-05 -1.05979587e-05 -1.06059783e-05]","[ 0.00000000e+00 -3.77337307e-01  1.18577356e+01  7.46849656e-01
 -2.93352294e+00 -8.32823664e-02 -3.29373032e-01  8.02273396e-03]"
1747093055.6087534,"[ 0.         -0.22878098  0.88732533  2.94488092 -2.16976789 -0.00407996
  0.96007703  1.57091817]","[ 0.00000000e+00  0.00000000e+00 -1.79884914e-01 -6.77257761e-02
 -2.70637670e-01 -1.06059783e-05 -1.06059783e-05 -1.06059783e-05]","[ 0.         -0.3478429  11.86162281  0.75692374 -2.90361071 -0.10468887
 -0.3273727   0.01505191]"
1747093055.6104765,"[ 0.         -0.22878098  0.88715129  2.94481434 -2.1700342  -0.00407996
  0.96007703  1.57091817]","[ 0.00000000e+00  0.00000000e+00 -1.76643747e-01 -6.75243704e-02
 -2.70097482e-01 -1.06059783e-05 -1.06059783e-05 -1.06059783e-05]","[ 0.         -0.32577518 11.8365736   0.79402941 -2.86141944 -0.11399154
 -0.33256391  0.01875642]"
1747093055.6122122,"[ 0.         -0.22878045  0.88680228  2.94467613 -2.17058708 -0.00407996
  0.96007703  1.57091817]","[ 0.00000000e+00  8.84271703e-06 -1.76464766e-01 -6.74567136e-02
 -2.69553997e-01 -1.05979587e-05 -1.05899522e-05 -1.06060839e-05]","[ 0.00000000e+00 -3.07768524e-01  1.18189344e+01  7.88395286e-01
 -2.83602166e+00 -1.16920598e-01 -3.39938372e-01  1.01725711e-02]"
1747093055.6140106,"[ 0.         -0.22878098  0.88643956  2.9445419  -2.17113329 -0.00407996
  0.96007703  1.57091817]","[ 0.00000000e+00  0.00000000e+00 -1.76913841e-01 -6.86047607e-02
 -2.66316109e-01 -1.06059783e-05 -1.05900569e-05 -1.05899522e-05]","[ 0.         -0.26411304 11.83140182  0.80028403 -2.77799249 -0.12274459
 -0.32982838  0.01476826]"
1747093055.616197,"[ 0.         -0.22878045  0.88609149  2.9443933  -2.1716542  -0.00407996
  0.96007703  1.57091817]","[ 0.00000000e+00  8.41853378e-06 -1.76643747e-01 -7.34751581e-02
 -2.62804848e-01 -1.05978530e-05 -1.05900569e-05 -1.05819570e-05]","[ 0.         -0.2320046  11.84222317  0.79734147 -2.7145803  -0.09517741
 -0.31056535  0.02125258]"
1747093055.6173506,"[ 0.         -0.22878045  0.88572783  2.94424816 -2.17216713 -0.00407996
  0.96007703  1.57091817]","[ 0.00000000e+00  8.27955758e-06 -1.78715436e-01 -7.34665111e-02
 -2.60097561e-01 -1.06059783e-05 -1.05899522e-05 -1.05900569e-05]","[ 0.         -0.19230363 11.83566952  0.80015498 -2.65462494 -0.08833743
 -0.30513886  0.02127645]"
1747093055.6190464,"[ 0.         -0.22878045  0.88555146  2.94417465 -2.17244303 -0.00407996
  0.96007703  1.57091817]","[ 0.00000000e+00  8.27955758e-06 -1.78623358e-01 -7.45469056e-02
 -2.59551730e-01 -1.05979587e-05 -1.05820616e-05 -1.05899522e-05]","[ 0.00000000e+00 -1.77000865e-01  1.18570528e+01  8.13903689e-01
 -2.64791632e+00 -9.70689878e-02 -3.25937986e-01  1.10213337e-02]"
1747093055.6231124,"[ 0.         -0.22878045  0.88519606  2.94401566 -2.17295329 -0.00407996
  0.96007703  1.57091817]","[ 0.00000000e+00  1.63093950e-05 -1.80695214e-01 -7.79889914e-02
 -2.58483286e-01 -1.05979587e-05 -1.05899522e-05 -1.05819570e-05]","[ 0.00000000e+00 -1.26763359e-01  1.18712587e+01  8.41708601e-01
 -2.69359255e+00 -1.02839358e-01 -3.33366662e-01  2.52371421e-03]"
1747093055.6246698,"[ 0.         -0.22877992  0.88446642  2.94371686 -2.17397888 -0.00407996
  0.96007703  1.57091817]","[ 0.00000000e+00  1.58133215e-05 -1.82045703e-01 -7.58973946e-02
 -2.52271047e-01 -1.05979587e-05 -1.05899522e-05 -1.05819570e-05]","[ 0.00000000e+00 -5.69946319e-02  1.19585457e+01  8.48741591e-01
 -2.74880576e+00 -1.12299636e-01 -3.40354413e-01  3.78235476e-03]"
1747093055.6264174,"[ 0.         -0.22877939  0.88427128  2.94363776 -2.17422708 -0.00407996
  0.96007703  1.57091817]","[ 0.00000000e+00  2.37199813e-05 -1.83640370e-01 -7.44081716e-02
 -2.51730841e-01 -1.06059783e-05 -1.05899522e-05 -1.05818513e-05]","[ 0.00000000e+00 -4.20426540e-02  1.19481630e+01  8.52680743e-01
 -2.77215433e+00 -1.19667441e-01 -3.53858232e-01  6.10394031e-03]"
1747093055.628086,"[ 0.         -0.22877939  0.88391076  2.94349768 -2.17474214 -0.00407996
  0.96007703  1.57091817]","[ 0.00000000e+00  2.34038325e-05 -1.82585892e-01 -6.98843680e-02
 -2.52000952e-01 -1.05979587e-05  0.00000000e+00 -1.05819570e-05]","[ 0.00000000e+00 -9.10877902e-03  1.19867802e+01  8.63890707e-01
 -2.84178543e+00 -1.17397971e-01 -3.54337156e-01  1.42336767e-02]"
1747093055.629722,"[ 0.         -0.22877939  0.88354204  2.94336106 -2.17524095 -0.00407996
  0.96007703  1.57091817]","[ 0.00000000e+00  2.30457000e-05 -1.81235403e-01 -6.91449538e-02
 -2.53081330e-01 -1.06059783e-05  0.00000000e+00 -1.05819570e-05]","[ 0.00000000e+00  2.15165433e-03  1.19746342e+01  8.77932310e-01
 -2.85273552e+00 -1.25985652e-01 -3.55810702e-01  5.79482643e-04]"
1747093055.6308935,"[ 0.         -0.22877939  0.88336388  2.94328835 -2.17551046 -0.00407996
  0.96007703  1.57091817]","[ 0.00000000e+00  2.27222468e-05 -1.80512138e-01 -6.84597891e-02
 -2.53777680e-01 -1.06059783e-05  0.00000000e+00 -1.05899522e-05]","[ 0.00000000e+00 -1.71003640e-02  1.20152063e+01  8.96647930e-01
 -2.82337594e+00 -1.20383255e-01 -3.52310956e-01  7.98224472e-03]"
1747093055.6326098,"[ 0.         -0.22877939  0.88300248  2.94315972 -2.17601087 -0.00407996
  0.96007703  1.57091817]","[ 0.00000000e+00  2.23842071e-05 -1.83126081e-01 -6.40131007e-02
 -2.52811236e-01 -1.06059783e-05  0.00000000e+00 -1.05820616e-05]","[ 0.00000000e+00 -8.01690761e-03  1.20417356e+01  8.78066659e-01
 -2.74115372e+00 -1.08205743e-01 -3.50902736e-01  1.51046291e-02]"
1747093055.6343567,"[ 0.         -0.22877939  0.88280641  2.94309474 -2.17627958 -0.00407996
  0.96007703  1.57091817]","[ 0.00000000e+00  2.24080648e-05 -1.84565586e-01 -6.11875034e-02
 -2.53025371e-01 -1.05819570e-05  0.00000000e+00 -1.05819570e-05]","[ 0.00000000e+00 -9.80262738e-03  1.20449152e+01  8.71041536e-01
 -2.66948843e+00 -1.12432674e-01 -3.42012495e-01  3.01980134e-03]"
1747093055.6361575,"[ 0.         -0.22877939  0.88244182  2.9429757  -2.1767736  -0.00407996
  0.96007703  1.57091817]","[ 0.00000000e+00  2.20789347e-05 -1.85827058e-01 -5.99616379e-02
 -2.50920558e-01 -1.05820616e-05  0.00000000e+00 -1.05819570e-05]","[ 0.00000000e+00 -4.86631971e-03  1.20775146e+01  8.42275977e-01
 -2.55824208e+00 -1.11288197e-01 -3.32125306e-01  9.51546617e-03]"
1747093055.637276,"[ 0.         -0.22877885  0.88224348  2.94291871 -2.17702154 -0.00407996
  0.96007703  1.57091817]","[ 0.00000000e+00  2.94385789e-05 -1.86822498e-01 -5.78008613e-02
 -2.51205965e-01 -1.05899522e-05  0.00000000e+00 -1.05819570e-05]","[ 0.00000000e+00 -9.98469535e-03  1.21026592e+01  8.37931037e-01
 -2.51964498e+00 -1.22061841e-01 -3.36964875e-01  1.96306240e-02]"
1747093055.6390617,"[ 0.         -0.22877885  0.88187018  2.94280126 -2.17753899 -0.00407996
  0.96007703  1.57091817]","[ 0.00000000e+00  2.90428981e-05 -1.89068225e-01 -5.22102412e-02
 -2.53276140e-01 -1.05819570e-05  0.00000000e+00 -1.05900569e-05]","[ 0.         -0.04469317 12.16041851  0.82796609 -2.45898747 -0.11700451
 -0.31154093  0.02647789]"
1747093055.6408694,"[ 0.         -0.22877885  0.88149727  2.94270698 -2.17804153 -0.00407996
  0.96007703  1.57091817]","[ 0.00000000e+00  2.86580958e-05 -1.88528036e-01 -4.67268633e-02
 -2.55782308e-01 -1.05819570e-05  0.00000000e+00 -1.05819570e-05]","[ 0.         -0.11247039 12.1454525   0.81816387 -2.40381598 -0.11652701
 -0.3175571   0.02455764]"
1747093055.6420302,"[ 0.         -0.22877885  0.88129706  2.94265931 -2.17829267 -0.00407996
  0.96007703  1.57091817]","[ 0.00000000e+00  2.82826074e-05 -1.88577888e-01 -4.48453275e-02
 -2.54443853e-01 -1.05819570e-05  0.00000000e+00 -1.05819570e-05]","[ 0.00000000e+00 -1.07516080e-01  1.21511354e+01  8.16131055e-01
 -2.34406996e+00 -1.19307809e-01 -3.19863707e-01  7.05078943e-03]"
1747093055.643816,"[ 0.         -0.22877885  0.88092515  2.94257809 -2.17881385 -0.00407996
  0.96007703  1.57091817]","[ 0.00000000e+00  2.79171969e-05 -1.88876661e-01 -4.05146197e-02
 -2.54174025e-01 -1.05819570e-05  0.00000000e+00 -1.05820616e-05]","[ 0.00000000e+00 -1.75493956e-01  1.21270723e+01  7.78782010e-01
 -2.32057238e+00 -1.13840796e-01 -3.18523616e-01  4.61901724e-03]"
1747093055.6455445,"[ 0.         -0.22877885  0.8807378   2.94254    -2.17906578 -0.00407996
  0.96007703  1.57091817]","[ 0.00000000e+00  2.79171969e-05 -1.90148620e-01 -3.86239376e-02
 -2.55512214e-01 -1.05899522e-05  0.00000000e+00 -1.05820616e-05]","[ 0.00000000e+00 -1.94130808e-01  1.21269464e+01  7.57169724e-01
 -2.29832220e+00 -1.24448493e-01 -3.31435561e-01  4.12122346e-03]"
1747093055.647279,"[ 0.         -0.22877885  0.88034472  2.94246837 -2.17956832 -0.00407996
  0.96007703  1.57091817]","[ 0.00000000e+00  2.75336828e-05 -1.92309409e-01 -3.34581521e-02
 -2.53891630e-01 -1.05819570e-05  0.00000000e+00 -1.05819570e-05]","[ 0.         -0.21841057 12.16506386  0.74654102 -2.22004032 -0.0987544
 -0.33736473  0.02437368]"
1747093055.6495445,"[ 0.         -0.22877885  0.87994797  2.94241004 -2.1800903  -0.00407996
  0.96007703  1.57091817]","[ 0.00000000e+00  2.71872495e-05 -1.94596332e-01 -2.83315004e-02
 -2.55512214e-01 -1.05820616e-05 -1.05819570e-05 -1.05819570e-05]","[ 0.         -0.28449607 12.19408512  0.73466063 -2.17428493 -0.07920238
 -0.33249557  0.03971994]"
1747093055.6506531,"[ 0.         -0.22877885  0.87975509  2.94238208 -2.18034117 -0.00407996
  0.96007703  1.57091817]","[ 0.00000000e+00  2.72136430e-05 -1.95352437e-01 -2.63306883e-02
 -2.54431819e-01 -1.05899522e-05 -1.05820616e-05 -1.05820616e-05]","[ 0.         -0.31436905 12.24340916  0.70715594 -2.16560745 -0.0779262
 -0.32436484  0.03820443]"
1747093055.6517937,"[ 0.         -0.22877939  0.87937033  2.94233148 -2.18086049 -0.00407996
  0.96007703  1.57091817]","[ 0.00000000e+00  2.01370714e-05 -1.93659898e-01 -2.51190644e-02
 -2.52811236e-01 -1.05819570e-05 -1.05819570e-05 -1.05820616e-05]","[ 0.         -0.34947559 12.3387661   0.67039478 -2.13288236 -0.07286835
 -0.30808434  0.0383525 ]"
1747093055.6535213,"[ 0.         -0.22877885  0.87897725  2.94228008 -2.18135823 -0.00407996
  0.96007703  1.57091817]","[ 0.00000000e+00  2.65202259e-05 -1.91406880e-01 -2.53037879e-02
 -2.52541141e-01 -1.05899522e-05 -1.05819570e-05 -1.05819570e-05]","[ 0.         -0.39884102 12.36929798  0.65684271 -2.11592793 -0.06759009
 -0.31447658  0.01775323]"
1747093055.6551666,"[ 0.         -0.22877885  0.87878943  2.94225531 -2.18160697 -0.00407996
  0.96007703  1.57091817]","[ 0.00000000e+00  2.61738943e-05 -1.90612043e-01 -2.51190644e-02
 -2.52015433e-01 -1.05820616e-05 -1.05819570e-05 -1.05819570e-05]","[ 0.         -0.43155822 12.39485455  0.64443761 -2.10492468 -0.07359179
 -0.32139263  0.02499019]"
1747093055.6568782,"[ 0.         -0.22877885  0.87842072  2.94222895 -2.18212096 -0.00407996
  0.96007703  1.57091817]","[ 0.00000000e+00  2.58845190e-05 -1.86718086e-01 -2.67396499e-02
 -2.50650463e-01 -1.05819570e-05 -1.05820616e-05 -1.05819570e-05]","[ 0.         -0.47941989 12.39440823  0.61518425 -2.10533047 -0.0771943
 -0.34624395  0.02525149]"
1747093055.658032,"[ 0.         -0.22877939  0.87822371  2.94220232 -2.1823689  -0.00407996
  0.96007703  1.57091817]","[ 0.00000000e+00  1.93954817e-05 -1.85568665e-01 -2.70097486e-02
 -2.51460747e-01 -1.05899522e-05 -1.05819570e-05 -1.05820616e-05]","[ 0.         -0.48695397 12.40476894  0.61420858 -2.14835048 -0.09528713
 -0.3519946   0.0285844 ]"
1747093055.6598272,"[ 0.         -0.22877939  0.87785686  2.94214399 -2.18292364 -0.00407996
  0.96007703  1.57091817]","[ 0.00000000e+00  1.91660961e-05 -1.86367264e-01 -2.89004307e-02
 -2.52276373e-01  0.00000000e+00 -1.05819570e-05 -1.05739739e-05]","[ 0.         -0.4903816  12.42763042  0.59594017 -2.11809158 -0.09484935
 -0.35255     0.0310345 ]"
1747093055.6610072,"[ 0.         -0.22877885  0.8776713   2.94211603 -2.18317104 -0.00407996
  0.96007703  1.57091817]","[ 0.00000000e+00  2.55544887e-05 -1.88257942e-01 -2.83315004e-02
 -2.50920558e-01  0.00000000e+00 -1.05819570e-05 -1.05819570e-05]","[ 0.         -0.51654071 12.43224907  0.602512   -2.11006546 -0.09189422
 -0.34050813  0.02223684]"
1747093055.6627922,"[ 0.         -0.22877885  0.87728608  2.94205771 -2.18368903 -0.00407996
  0.96007703  1.57091817]","[ 0.00000000e+00  2.52330673e-05 -1.87987848e-01 -2.90891406e-02
 -2.53263857e-01  0.00000000e+00 -1.05819570e-05 -1.05820616e-05]","[ 0.         -0.5620451  12.45907879  0.58745474 -2.15357161 -0.06941362
 -0.36405012  0.02366252]"
1747093055.664565,"[ 0.         -0.22877939  0.87710238  2.94202841 -2.1839375  -0.00407996
  0.96007703  1.57091817]","[ 0.00000000e+00  1.87063538e-05 -1.86367264e-01 -2.97107224e-02
 -2.51745622e-01  0.00000000e+00 -1.05820616e-05 -1.05740785e-05]","[ 0.         -0.56189716 12.48598003  0.60978127 -2.20664239 -0.06003198
 -0.37213117  0.01768378]"
1747093055.6662688,"[ 0.         -0.22877939  0.8767378   2.94196769 -2.18443418 -0.00407996
  0.96007703  1.57091817]","[ 0.00000000e+00  1.85093841e-05 -1.83936381e-01 -3.13313079e-02
 -2.51730841e-01  0.00000000e+00 -1.05819570e-05 -1.05819570e-05]","[ 0.         -0.61771613 12.46220779  0.59715009 -2.28534317 -0.05330911
 -0.40826041  0.02191102]"
1747093055.6674497,"[ 0.         -0.22877939  0.87636402  2.94189579 -2.1849487  -0.00407996
  0.96007703  1.57091817]","[ 0.00000000e+00  1.84928897e-05 -1.81321606e-01 -3.61563899e-02
 -2.50650463e-01  0.00000000e+00 -1.05819570e-05 -1.05819570e-05]","[ 0.         -0.64815485 12.44822788  0.59331894 -2.35228014 -0.08160646
 -0.40589881  0.01517572]"
1747093055.6691704,"[ 0.         -0.22877939  0.87618539  2.94185744 -2.18519611 -0.00407996
  0.96007703  1.57091817]","[ 0.00000000e+00  1.84928897e-05 -1.81235403e-01 -3.88940363e-02
 -2.50920558e-01  0.00000000e+00 -1.05820616e-05 -1.05740785e-05]","[ 0.         -0.65318769 12.39482212  0.59659004 -2.35512376 -0.09386442
 -0.40518719  0.02597783]"
1747093055.6708887,"[ 0.         -0.22877939  0.8758208   2.94177621 -2.1857109  -0.00407996
  0.96007703  1.57091817]","[ 0.00000000e+00  1.82842430e-05 -1.77293308e-01 -4.18651087e-02
 -2.51771538e-01  0.00000000e+00 -1.05739739e-05 -1.05820616e-05]","[ 0.         -0.64045453 12.37069225  0.60580438 -2.37375236 -0.08403445
 -0.40947431  0.02291471]"
1747093055.6721482,"[ 0.         -0.22877939  0.87564397  2.9417312  -2.18595937 -0.00407996
  0.96007703  1.57091817]","[ 0.00000000e+00  1.80802533e-05 -1.79344725e-01 -4.23798686e-02
 -2.52000952e-01  0.00000000e+00 -1.05820616e-05 -1.05739739e-05]","[ 0.         -0.62432009 12.29917336  0.645711   -2.38536739 -0.08666129
 -0.41189072  0.0249477 ]"
1747093055.6738763,"[ 0.         -0.22877885  0.87528584  2.94164758 -2.18645286 -0.00407996
  0.96007703  1.57091817]","[ 0.00000000e+00  2.38407533e-05 -1.82400902e-01 -4.24053018e-02
 -2.49570069e-01  0.00000000e+00 -1.05819570e-05 -1.05819570e-05]","[ 0.         -0.63857573 12.19243526  0.6706571  -2.32275152 -0.08130625
 -0.40177333  0.02487247]"
1747093055.6756098,"[ 0.         -0.22877885  0.8750911   2.94160497 -2.18671731 -0.00407996
  0.96007703  1.57091817]","[ 0.00000000e+00  2.35607610e-05 -1.83484525e-01 -4.32155977e-02
 -2.48778827e-01  0.00000000e+00 -1.05740785e-05 -1.05819570e-05]","[ 0.         -0.62755013 12.13008118  0.68188679 -2.25626993 -0.09393556
 -0.39189726  0.02690933]"
1747093055.677339,"[ 0.         -0.22877939  0.87473297  2.94150936 -2.18696205 -0.00407996
  0.96007703  1.57091817]","[ 0.00000000e+00  1.74801623e-05 -1.81235403e-01 -4.80773522e-02
 -2.48219580e-01  0.00000000e+00 -1.05820616e-05 -1.05820616e-05]","[ 0.         -0.61938626 12.11691475  0.71244675 -2.21848702 -0.08733895
 -0.38057458  0.02981891]"
1747093055.6790512,"[ 0.         -0.22877939  0.87436286  2.9414063  -2.18744622 -0.00407996
  0.96007703  1.57091817]","[ 0.00000000e+00  1.72794154e-05 -1.80302531e-01 -5.40194971e-02
 -2.44708318e-01  0.00000000e+00 -1.05739739e-05 -1.05819570e-05]","[ 0.         -0.61569786 12.07075977  0.75932014 -2.11758161 -0.1139356
 -0.34677199  0.02242893]"
1747093055.6802254,"[ 0.         -0.22877885  0.87418609  2.94134638 -2.1876859  -0.00407996
  0.96007703  1.57091817]","[ 0.00000000e+00  2.30579215e-05 -1.79163014e-01 -5.64229043e-02
 -2.43087735e-01  0.00000000e+00 -1.05819570e-05 -1.05739739e-05]","[ 0.         -0.60642892 12.045228    0.7681101  -2.08642602 -0.11599217
 -0.35484383  0.03198453]"
1747093055.6819632,"[ 0.         -0.22877885  0.87383615  2.94122973 -2.18818764 -0.00407996
  0.96007703  1.57091817]","[ 0.00000000e+00  2.28144655e-05 -1.76913841e-01 -6.02317365e-02
 -2.45000018e-01  0.00000000e+00 -1.05820616e-05 -1.05820616e-05]","[ 0.         -0.51505959 11.93301105  0.81759471 -2.07950878 -0.11452056
 -0.35103092  0.03821956]"
1747093055.6837947,"[ 0.         -0.22877885  0.87366351  2.94116794 -2.18842972 -0.00407996
  0.96007703  1.57091817]","[ 0.00000000e+00  2.25579306e-05 -1.75023163e-01 -6.26626158e-02
 -2.45518602e-01  0.00000000e+00 -1.05740785e-05 -1.05820616e-05]","[ 0.         -0.49713299 11.88171864  0.84998971 -2.10662389 -0.12755571
 -0.35021022  0.01856124]"
1747093055.685767,"[ 0.         -0.22877885  0.87330578  2.94102813 -2.1889288  -0.00407996
  0.96007703  1.57091817]","[ 0.00000000e+00  2.79060807e-05 -1.74212880e-01 -6.99552497e-02
 -2.43087735e-01  0.00000000e+00 -1.05819570e-05 -1.05819570e-05]","[ 0.         -0.40811467 11.7637434   0.93110085 -2.16521144 -0.14261776
 -0.35809407  0.01381196]"
1747093055.6868534,"[ 0.         -0.22877779  0.87295684  2.94089097 -2.1894055  -0.00407996
  0.96007703  1.57091817]","[ 0.00000000e+00  3.31706515e-05 -1.77634210e-01 -6.88050721e-02
 -2.40656852e-01  0.00000000e+00 -1.05740785e-05 -1.05819570e-05]","[ 0.         -0.29049554 11.73635197  0.97828001 -2.15709043 -0.16775237
 -0.34105417  0.01774047]"
1747093055.6886137,"[ 0.         -0.22877779  0.87276669  2.940818   -2.18965771 -0.00407996
  0.96007703  1.57091817]","[ 0.00000000e+00  3.28089979e-05 -1.78880253e-01 -6.87105590e-02
 -2.37254330e-01  0.00000000e+00 -1.05819570e-05 -1.05739739e-05]","[ 0.         -0.23230748 11.76860142  1.00114906 -2.16092706 -0.16813354
 -0.33698609  0.02843826]"
1747093055.6903644,"[ 0.         -0.22877779  0.87241402  2.94068059 -2.1901195  -0.00407996
  0.96007703  1.57091817]","[ 0.00000000e+00  3.24802152e-05 -1.79344725e-01 -6.88748552e-02
 -2.32588123e-01  0.00000000e+00  0.00000000e+00 -1.05819570e-05]","[ 0.         -0.14235105 11.85766888  1.10518622 -2.17833376 -0.14917119
 -0.34561467  0.04877594]"
1747093055.6915631,"[ 0.         -0.22877779  0.87204531  2.94054237 -2.19058023 -0.00408103
  0.96007703  1.57091817]","[ 0.00000000e+00  3.21337068e-05 -1.80804054e-01 -6.66416615e-02
 -2.33364218e-01 -1.05899522e-05  0.00000000e+00 -1.05739739e-05]","[ 0.         -0.03740542 11.97374725  1.17828679 -2.21409154 -0.17709383
 -0.36478475  0.04074616]"
1747093055.6933246,"[ 0.         -0.22877779  0.87186761  2.94047898 -2.19082657 -0.00408103
  0.96007603  1.57091817]","[ 0.00000000e+00  3.21333817e-05 -1.80155025e-01 -6.42831993e-02
 -2.31960832e-01 -1.05820616e-05 -1.05819570e-05 -1.05819570e-05]","[ 0.          0.01757336 11.98944855  1.20283461 -2.22877145 -0.17858478
 -0.3703748   0.02488979]"
1747093055.694503,"[ 0.         -0.22877726  0.87151401  2.94035408 -2.19128223 -0.00408103
  0.96007603  1.57091817]","[ 0.00000000e+00  3.71490329e-05 -1.78264330e-01 -6.29327103e-02
 -2.30699359e-01 -1.05899522e-05 -1.05740785e-05 -1.05819570e-05]","[ 0.00000000e+00  8.81234109e-02  1.20947733e+01  1.24988437e+00
 -2.25109291e+00 -1.81827962e-01 -3.72474551e-01  1.13011189e-02]"
1747093055.696237,"[ 0.         -0.22877672  0.87132579  2.94028857 -2.19152645 -0.00408103
  0.96007603  1.57091817]","[ 0.00000000e+00  4.23598089e-05 -1.77293308e-01 -6.16890390e-02
 -2.29954672e-01 -1.05819570e-05 -1.05820616e-05 -1.05740785e-05]","[ 0.          0.12652227 12.23748302  1.23886514 -2.22161341 -0.18631342
 -0.36733291  0.01962982]"
1747093055.6979482,"[ 0.         -0.22877619  0.87097725  2.94017139 -2.19197519 -0.00408103
  0.96007603  1.57091817]","[ 0.00000000e+00  4.77264263e-05 -1.76913841e-01 -5.83410544e-02
 -2.26881884e-01 -1.05819570e-05 -1.05819570e-05 -1.05819570e-05]","[ 0.          0.20835859 12.3457489   1.24393237 -2.23066187 -0.17158641
 -0.385636    0.02905322]"
1747093055.6996584,"[ 0.         -0.22877619  0.87080461  2.94011626 -2.19219703 -0.00408103
  0.96007603  1.57091817]","[ 0.00000000e+00  4.77264263e-05 -1.74845830e-01 -5.59101792e-02
 -2.24991189e-01 -1.05818513e-05 -1.05739739e-05 -1.05819570e-05]","[ 0.          0.25044343 12.29890633  1.24121773 -2.25048327 -0.17773102
 -0.39780724  0.04013549]"
1747093055.701453,"[ 0.         -0.22877513  0.87044921  2.94000654 -2.19265696 -0.00408103
  0.96007603  1.57091817]","[ 0.00000000e+00  5.82447383e-05 -1.72528697e-01 -5.26613765e-02
 -2.24437768e-01 -1.05819570e-05 -1.05820616e-05 -1.05820616e-05]","[ 0.          0.33410603 12.31014729  1.23587513 -2.34401965 -0.18459487
 -0.41842994  0.03958873]"
1747093055.7026296,"[ 0.         -0.22877513  0.87011032  2.9399064  -2.19309958 -0.00408103
  0.96007603  1.57091817]","[ 0.00000000e+00  5.82007654e-05 -1.71241807e-01 -4.99680343e-02
 -2.23683943e-01 -1.05819570e-05 -1.05739739e-05 -1.05819570e-05]","[ 0.          0.35334823 12.36103535  1.21800244 -2.43688869 -0.16078268
 -0.43289703  0.03314316]"
1747093055.7043617,"[ 0.         -0.22877513  0.86992803  2.9398614  -2.19332142 -0.00408103
  0.96007603  1.57091817]","[ 0.00000000e+00  5.82447383e-05 -1.71525634e-01 -4.56464729e-02
 -2.24991189e-01 -1.05820616e-05 -1.05819570e-05 -1.05739739e-05]","[ 0.          0.36268502 12.44701576  1.18743253 -2.47385931 -0.15420519
 -0.44489625  0.02342907]"
1747093055.7060993,"[ 0.         -0.22877459  0.86959327  2.93977964 -2.19378108 -0.00408103
  0.96007603  1.57091817]","[ 0.00000000e+00  6.35403432e-05 -1.69081018e-01 -3.78136459e-02
 -2.23910811e-01 -1.05820616e-05 -1.05819570e-05 -1.05819570e-05]","[ 0.00000000e+00  3.75051975e-01  1.25811186e+01  1.13744795e+00
 -2.46560621e+00 -1.71887204e-01 -4.59798872e-01  1.07555902e-02]"
1747093055.7072766,"[ 0.         -0.22877459  0.86925159  2.93971359 -2.19423488 -0.00408103
  0.96007603  1.57091817]","[ 0.00000000e+00  6.34917418e-05 -1.65507189e-01 -3.21415997e-02
 -2.20174713e-01 -1.05899522e-05 -1.05819570e-05  0.00000000e+00]","[ 0.          0.39701641 12.66061974  1.08410954 -2.38808298 -0.17156591
 -0.44043276  0.03763596]"
1747093055.709066,"[ 0.         -0.22877406  0.86908907  2.93968456 -2.1944498  -0.00408103
  0.96007603  1.57091817]","[ 0.00000000e+00  6.88346925e-05 -1.64759457e-01 -2.94406258e-02
 -2.17968666e-01 -1.05819570e-05 -1.05978530e-05  0.00000000e+00]","[ 0.          0.37289202 12.63746357  1.05756009 -2.35580087 -0.16226605
 -0.43873155  0.03043787]"
1747093055.7124085,"[ 0.         -0.22877406  0.86876809  2.9396305  -2.1948767  -0.00408103
  0.96007603  1.57091817]","[ 0.00000000e+00  6.87827183e-05 -1.62433935e-01 -2.56592596e-02
 -2.16077989e-01 -1.05820616e-05 -1.05819570e-05  0.00000000e+00]","[ 0.          0.33211979 12.70270538  0.99654382 -2.29241061 -0.14799257
 -0.4154987   0.04164205]"
1747093055.714071,"[ 0.         -0.22877406  0.86828319  2.93956445 -2.19552199 -0.00408103
  0.96007603  1.57091817]","[ 0.00000000e+00  6.35397134e-05 -1.57466823e-01 -1.98107082e-02
 -2.11272048e-01 -1.05819570e-05 -1.05979587e-05  0.00000000e+00]","[ 0.          0.29882947 12.70395374  0.85865599 -2.24812484 -0.12792651
 -0.41615418  0.03467878]"
1747093055.7158673,"[ 0.         -0.22877406  0.86797919  2.93953276 -2.19593877 -0.00408103
  0.96007603  1.57091817]","[ 0.00000000e+00  6.87827183e-05 -1.53685467e-01 -1.43151660e-02
 -2.11541876e-01 -1.05819570e-05 -1.05979587e-05  0.00000000e+00]","[ 0.          0.21178438 12.61657047  0.79428381 -2.24140024 -0.10729901
 -0.38977659  0.04130731]"
1747093055.717577,"[ 0.         -0.22877406  0.86766421  2.93951013 -2.19636727 -0.00408103
  0.96007603  1.57091817]","[ 0.00000000e+00  6.35397134e-05 -1.53971840e-01 -9.52920130e-03
 -2.08245149e-01 -1.05820616e-05 -1.05979587e-05  0.00000000e+00]","[ 0.          0.1361552  12.54385757  0.74564308 -2.14751554 -0.09247506
 -0.38165587  0.03837916]"
1747093055.7193427,"[ 0.         -0.22877406  0.86751174  2.9395032  -2.19657074 -0.00408103
  0.96007603  1.57091817]","[ 0.00000000e+00  6.34917418e-05 -1.54495751e-01 -7.02253421e-03
 -2.06145396e-01 -1.05819570e-05 -1.05979587e-05  0.00000000e+00]","[ 0.          0.1263938  12.48488617  0.73894447 -2.11390138 -0.09532159
 -0.3872588   0.03622028]"
1747093055.7210853,"[ 0.         -0.22877406  0.86720594  2.93949681 -2.19698806 -0.00408103
  0.96007603  1.57091817]","[ 0.00000000e+00  6.34917418e-05 -1.55035956e-01 -2.43087727e-03
 -2.02573099e-01 -1.05819570e-05 -1.05978530e-05  0.00000000e+00]","[ 0.          0.08555279 12.38644505  0.702694   -2.08758569 -0.10019741
 -0.39712122  0.03839772]"
1747093055.7228472,"[ 0.         -0.22877406  0.86688956  2.93949814 -2.1973838  -0.00408103
  0.96007603  1.57091817]","[ 0.00000000e+00  5.82007654e-05 -1.54495751e-01  6.50185813e-04
 -2.00142232e-01 -1.05820616e-05 -1.05979587e-05  0.00000000e+00]","[ 0.00000000e+00  4.74355137e-03  1.22953377e+01  6.58754528e-01
 -2.08387613e+00 -1.01473741e-01 -3.93345356e-01  3.84870544e-02]"
1747093055.7246025,"[ 0.         -0.22877406  0.86658283  2.93949974 -2.19778514 -0.00408103
  0.96007603  1.57091817]","[ 0.00000000e+00  5.82007654e-05 -1.56116334e-01  7.15029819e-04
 -1.95348625e-01 -1.05819570e-05 -1.05979587e-05  0.00000000e+00]","[ 0.         -0.07343725 12.24022675  0.63781184 -2.10645199 -0.09204216
 -0.40315199  0.04464714]"
1747093055.7262866,"[ 0.         -0.22877406  0.86642757  2.93949974 -2.19797582 -0.00408103
  0.96007603  1.57091817]","[ 0.00000000e+00  5.82453112e-05 -1.57466823e-01  7.28544452e-04
 -1.93193845e-01 -1.05819570e-05 -1.05980643e-05  0.00000000e+00]","[ 0.         -0.11641011 12.20927429  0.63009286 -2.15414524 -0.09799466
 -0.4011324   0.03668317]"
1747093055.7280273,"[ 0.         -0.22877406  0.86611032  2.93949814 -2.19835639 -0.00408103
  0.96007603  1.57091817]","[ 0.00000000e+00  5.29097849e-05 -1.54495751e-01  0.00000000e+00
 -1.92309409e-01 -1.05899522e-05 -1.05979587e-05  0.00000000e+00]","[ 0.         -0.21771139 12.23101521  0.65781653 -2.17771482 -0.09100944
 -0.42598009  0.02850915]"
1747093055.7297766,"[ 0.         -0.22877406  0.86596058  2.93949788 -2.19855985 -0.00408103
  0.96007603  1.57091817]","[ 0.00000000e+00  5.29097849e-05 -1.51794789e-01 -4.44378637e-05
 -1.91587110e-01 -1.05899522e-05 -1.05979587e-05  0.00000000e+00]","[ 0.         -0.24648556 12.19435215  0.61306679 -2.16889954 -0.09008987
 -0.43273214  0.02201129]"
1747093055.7309012,"[ 0.         -0.22877406  0.86565618  2.93949814 -2.19893243 -0.00408103
  0.9600751   1.57091817]","[ 0.00000000e+00  5.29097849e-05 -1.47053980e-01 -1.50994244e-04
 -1.88257942e-01 -1.05819570e-05 -1.85464284e-05  0.00000000e+00]","[ 0.         -0.35503301 12.16683674  0.60017884 -2.21791244 -0.07958619
 -0.4570981   0.03689913]"
1747093055.7326186,"[ 0.         -0.22877406  0.86537056  2.93949788 -2.19931566 -0.00408103
  0.9600751   1.57091817]","[ 0.00000000e+00  5.29097849e-05 -1.44232044e-01 -2.34050573e-04
 -1.86637359e-01 -1.05819570e-05 -1.85466133e-05  0.00000000e+00]","[ 0.         -0.4645758  12.15895844  0.59932256 -2.25046277 -0.08957188
 -0.45165879  0.04440328]"
1747093055.7342684,"[ 0.         -0.22877459  0.86523001  2.93949788 -2.19949889 -0.00408103
  0.9600751   1.57091817]","[ 0.00000000e+00  4.76547840e-05 -1.42611461e-01 -2.06515204e-04
 -1.85638790e-01 -1.05819570e-05 -1.85464284e-05  0.00000000e+00]","[ 0.         -0.52289021 12.1355505   0.6138978  -2.26573944 -0.08750524
 -0.45041972  0.04342817]"
1747093055.7359173,"[ 0.         -0.22877459  0.8649366   2.93949814 -2.19987279 -0.00408103
  0.9600751   1.57091817]","[ 0.00000000e+00  4.76188043e-05 -1.43421761e-01 -1.59566278e-04
 -1.81556363e-01 -1.06059783e-05 -1.85464284e-05  0.00000000e+00]","[ 0.         -0.59504431 12.09072495  0.62734485 -2.29889655 -0.07297053
 -0.46410531  0.05080414]"
1747093055.7381485,"[ 0.         -0.22877459  0.86465743  2.93949788 -2.2002254  -0.00408103
  0.9600751   1.57091817]","[ 0.00000000e+00  4.23598089e-05 -1.42071272e-01 -2.63940635e-05
 -1.77454047e-01 -1.05979587e-05 -1.85464284e-05  0.00000000e+00]","[ 0.         -0.64928943 12.04295731  0.6340332  -2.30928993 -0.06153365
 -0.49414107  0.05276025]"
1747093055.7398942,"[ 0.         -0.22877459  0.86436861  2.93949788 -2.20058679 -0.00408103
  0.9600751   1.57091817]","[ 0.00000000e+00  4.23278279e-05 -1.41531083e-01  0.00000000e+00
 -1.75537919e-01 -1.06059783e-05 -1.85464284e-05  0.00000000e+00]","[ 0.         -0.66852689 12.04566288  0.64333922 -2.33053064 -0.07772013
 -0.50764394  0.04307371]"
1747093055.7415338,"[ 0.         -0.22877459  0.86407513  2.93949788 -2.2009274  -0.00408103
  0.9600751   1.57091817]","[ 0.00000000e+00  4.23598089e-05 -1.42687261e-01  0.00000000e+00
 -1.72322185e-01 -1.05979587e-05 -1.85464284e-05  0.00000000e+00]","[ 0.         -0.72569674 12.0637188   0.64636481 -2.35725546 -0.12164699
 -0.50486428  0.04391561]"
1747093055.7432456,"[ 0.         -0.22877459  0.86393558  2.93949788 -2.20109731 -0.00408103
  0.9600751   1.57091817]","[ 0.00000000e+00  4.23282464e-05 -1.41387672e-01  0.00000000e+00
 -1.72322185e-01 -1.06059783e-05 -1.85604623e-05  0.00000000e+00]","[ 0.         -0.73490036 12.10521507  0.65650058 -2.34714413 -0.13049237
 -0.48190999  0.05099297]"
1747093055.7450097,"[ 0.         -0.22877459  0.86366188  2.93949788 -2.20144965 -0.00408103
  0.9600751   1.57091817]","[ 0.00000000e+00  4.23278279e-05 -1.37749710e-01  0.00000000e+00
 -1.72366394e-01 -1.06059783e-05 -1.85464284e-05  0.00000000e+00]","[ 0.         -0.73256022 12.20154095  0.63813835 -2.32577515 -0.11969335
 -0.49891412  0.04491219]"
1747093055.746763,"[ 0.         -0.22877459  0.86352645  2.93949788 -2.20161903 -0.00408103
  0.9600751   1.57091817]","[ 0.00000000e+00  4.23278279e-05 -1.37209521e-01  0.00000000e+00
 -1.71781996e-01 -1.05979587e-05 -1.85466133e-05  0.00000000e+00]","[ 0.         -0.73814225 12.19927502  0.64190066 -2.30631065 -0.11260344
 -0.49365696  0.03784182]"
1747093055.7478912,"[ 0.         -0.22877513  0.86325095  2.93949788 -2.20195698 -0.00408103
  0.9600751   1.57091817]","[ 0.00000000e+00  3.70372172e-05 -1.33698252e-01  0.00000000e+00
 -1.70431507e-01 -1.06059783e-05 -1.85464284e-05  0.00000000e+00]","[ 0.         -0.7537837  12.2127533   0.63613927 -2.24193907 -0.10691785
 -0.49266765  0.0414341 ]"
1747093055.751025,"[ 0.         -0.22877459  0.86299242  2.93949788 -2.2022992  -0.00408103
  0.9600751   1.57091817]","[ 0.00000000e+00  4.23282464e-05 -1.30324901e-01  0.00000000e+00
 -1.66380040e-01 -1.05979587e-05 -1.85464284e-05  0.00000000e+00]","[ 0.         -0.74750048 12.24507713  0.62419724 -2.11927319 -0.0865458
 -0.49361619  0.05540242]"
1747093055.751647,"[ 0.         -0.22877459  0.86273017  2.93949788 -2.20262277 -0.00408103
  0.9600751   1.57091817]","[ 0.00000000e+00  4.23278279e-05 -1.27486012e-01  0.00000000e+00
 -1.63783059e-01 -1.06059783e-05 -1.85464284e-05  0.00000000e+00]","[ 0.         -0.71729618 12.17883778  0.61693674 -2.02510095 -0.06793004
 -0.48628637  0.05705628]"
1747093055.7532747,"[ 0.         -0.22877459  0.86260573  2.93949788 -2.20279322 -0.00408103
  0.9600751   1.57091817]","[ 0.00000000e+00  4.76188043e-05 -1.26135523e-01  0.00000000e+00
 -1.60491808e-01 -1.06059783e-05 -1.85466133e-05  0.00000000e+00]","[ 0.         -0.71509695 12.17641354  0.62671191 -2.00218511 -0.06955789
 -0.48161361  0.05199537]"
1747093055.7550485,"[ 0.         -0.22877459  0.86234541  2.93949788 -2.20310081 -0.00408103
  0.9600751   1.57091817]","[ 0.00000000e+00  4.23278279e-05 -1.27139610e-01  0.00000000e+00
 -1.54225656e-01 -1.06059783e-05 -1.85604623e-05  0.00000000e+00]","[ 0.         -0.61183828 12.17989731  0.61355585 -1.92264366 -0.0939661
 -0.47198302  0.05057773]"
1747093055.7567525,"[ 0.         -0.22877459  0.86222004  2.93949788 -2.2032598  -0.00408103
  0.9600751   1.57091817]","[ 0.00000000e+00  4.23602275e-05 -1.27215910e-01  0.00000000e+00
 -1.49708768e-01 -1.06059783e-05 -1.85464284e-05  0.00000000e+00]","[ 0.         -0.56639272 12.17116737  0.59289068 -1.90658581 -0.10564364
 -0.46871635  0.0482141 ]"
1747093055.757924,"[ 0.         -0.22877406  0.86196611  2.93949734 -2.20355035 -0.00408103
  0.9600751   1.57091817]","[ 0.00000000e+00  4.76188043e-05 -1.28026201e-01 -1.82364584e-05
 -1.47053980e-01 -1.06059783e-05 -1.85464284e-05  0.00000000e+00]","[ 0.         -0.5236094  12.24286556  0.61283821 -1.88281977 -0.11548874
 -0.48873919  0.03217999]"
1747093055.7597325,"[ 0.         -0.22877406  0.86170712  2.93949734 -2.20383877 -0.00408103
  0.96007417  1.57091817]","[ 0.00000000e+00  5.29497591e-05 -1.25865421e-01 -1.76854341e-05
 -1.46392833e-01 -1.06059783e-05 -2.91443860e-05  0.00000000e+00]","[ 0.         -0.45929378 12.33229256  0.61909145 -1.83406782 -0.1179275
 -0.48243868  0.03130112]"
1747093055.7608614,"[ 0.         -0.22877459  0.8615657   2.93949734 -2.2039927  -0.00408103
  0.96007417  1.57091817]","[ 0.00000000e+00  4.76188043e-05 -1.24265252e-01 -1.70830430e-05
 -1.44944174e-01 -1.06059783e-05 -2.91443860e-05  0.00000000e+00]","[ 0.         -0.41529286 12.37987328  0.62407613 -1.8299582  -0.10566954
 -0.49969539  0.04960663]"
1747093055.7631927,"[ 0.         -0.22877406  0.86131909  2.93949734 -2.20427686 -0.00408103
  0.96007417  1.57091817]","[ 0.00000000e+00  4.76552554e-05 -1.19995805e-01 -2.48390588e-05
 -1.43276452e-01 -1.06058726e-05 -2.91664395e-05  0.00000000e+00]","[ 0.         -0.37740478 12.41609383  0.59572941 -1.83709514 -0.10156297
 -0.49309459  0.04178008]"
1747093055.764915,"[ 0.         -0.22877406  0.86109133  2.93949681 -2.20456928 -0.00408103
  0.96007417  1.57091817]","[ 0.00000000e+00  5.29097849e-05 -1.13711036e-01 -4.01671304e-05
 -1.42736796e-01 -1.06059783e-05 -2.91440955e-05  0.00000000e+00]","[ 0.         -0.35563233 12.48837662  0.58939892 -1.83616817 -0.09391323
 -0.48820367  0.04281041]"
1747093055.76609,"[ 0.         -0.22877406  0.86097102  2.93949681 -2.20470989 -0.00408103
  0.96007417  1.57091817]","[ 0.00000000e+00  5.29097849e-05 -1.13347340e-01 -3.89203097e-05
 -1.42611461e-01 -1.06059783e-05 -2.91443860e-05  0.00000000e+00]","[ 0.         -0.33234075 12.49804306  0.60737967 -1.83672357 -0.07794135
 -0.49367431  0.03931447]"
1747093055.7678282,"[ 0.         -0.22877406  0.8607543   2.93949681 -2.20499006 -0.00408103
  0.96007417  1.57091817]","[ 0.00000000e+00  5.29097849e-05 -1.09119380e-01 -3.12046522e-05
 -1.42071272e-01 -1.06058726e-05 -2.91443860e-05  0.00000000e+00]","[ 0.         -0.33238846 12.4946909   0.59691119 -1.8224113  -0.0800279
 -0.51147729  0.04693031]"
1747093055.7695193,"[ 0.         -0.22877406  0.86064964  2.93949681 -2.20513973 -0.00408103
  0.96007417  1.57091817]","[ 0.00000000e+00  5.29097849e-05 -1.06148308e-01 -3.03286772e-05
 -1.40931872e-01 -1.06058726e-05 -2.91443860e-05  0.00000000e+00]","[ 0.         -0.32893363 12.50411797  0.61296612 -1.81370211 -0.07958151
 -0.5177123   0.04418949]"
1747093055.771259,"[ 0.         -0.22877406  0.86043839  2.93949681 -2.20541377 -0.00408103
  0.96007417  1.57091817]","[ 0.00000000e+00  5.29497591e-05 -1.02096849e-01 -3.78300700e-05
 -1.37610144e-01 -1.06059783e-05 -2.91664395e-05  0.00000000e+00]","[ 0.         -0.29411122 12.46877098  0.63010228 -1.80467904 -0.08945449
 -0.52619535  0.029215  ]"
1747093055.7730253,"[ 0.         -0.22877406  0.86024504  2.93949681 -2.20569153 -0.00408103
  0.96007417  1.57091817]","[ 0.00000000e+00  5.29097849e-05 -9.77752879e-02 -3.67221127e-05
 -1.35414967e-01 -1.06059783e-05 -2.91443860e-05  0.00000000e+00]","[ 0.         -0.27190605 12.38611221  0.65037185 -1.83544862 -0.09470253
 -0.51903367  0.03207829]"
1747093055.7748258,"[ 0.         -0.22877406  0.86004484  2.93949681 -2.20595705 -0.00408103
  0.96007417  1.57091817]","[ 0.00000000e+00  4.76192757e-05 -9.76762183e-02 -2.94385789e-05
 -1.35588930e-01 -1.05979587e-05 -2.91664395e-05  0.00000000e+00]","[ 0.         -0.26528889 12.34302711  0.66205651 -1.82589769 -0.12490351
 -0.51109397  0.05180837]"
1747093055.7769015,"[ 0.         -0.22877406  0.85994657  2.93949681 -2.20609101 -0.00408103
  0.96007417  1.57091817]","[ 0.00000000e+00  4.76547840e-05 -9.96659659e-02 -2.86577118e-05
 -1.35859032e-01 -1.06059783e-05 -2.91003827e-05  0.00000000e+00]","[ 0.         -0.2832334  12.29390621  0.68831611 -1.80595422 -0.12317788
 -0.50787932  0.04986282]"
1747093055.778011,"[ 0.         -0.22877406  0.85984463  2.93949681 -2.20637064 -0.00408103
  0.96007417  1.57091817]","[ 0.00000000e+00  5.29097849e-05 -1.03447330e-01 -2.86577118e-05
 -1.37421118e-01 -1.06059783e-05 -2.91006692e-05  0.00000000e+00]","[ 0.         -0.28925833 12.31558228  0.74785036 -1.73535931 -0.12454396
 -0.50488168  0.03558122]"
1747093055.779796,"[ 0.         -0.22877406  0.85963065  2.93949681 -2.20663855 -0.00408103
  0.96007417  1.57091817]","[ 0.00000000e+00  5.29497591e-05 -1.04257622e-01 -2.79164654e-05
 -1.35318835e-01 -1.06058726e-05 -2.91006692e-05  0.00000000e+00]","[ 0.         -0.28858137 12.33677292  0.74862653 -1.61352336 -0.11797233
 -0.49418387  0.02915812]"
1747093055.7809348,"[ 0.         -0.22877406  0.85952825  2.93949681 -2.20677171 -0.00408103
  0.96007417  1.57091817]","[ 0.00000000e+00  4.76192757e-05 -1.03717433e-01 -2.78609761e-05
 -1.35048741e-01 -1.06058726e-05 -2.91003827e-05  0.00000000e+00]","[ 0.         -0.28883332 12.41286755  0.72789145 -1.52908051 -0.11208292
 -0.49267724  0.02556073]"
1747093055.782634,"[ 0.         -0.22877406  0.8593166   2.93949681 -2.20704335 -0.00408103
  0.96007417  1.57091817]","[ 0.00000000e+00  4.76188043e-05 -1.02718348e-01 -2.71612563e-05
 -1.32617857e-01 -1.06139034e-05 -2.91223691e-05  0.00000000e+00]","[ 0.         -0.34794468 12.51730251  0.8010022  -1.49007428 -0.12800197
 -0.46622765  0.03279017]"
1747093055.7844288,"[ 0.         -0.22877406  0.85921739  2.93949681 -2.20717385 -0.00408103
  0.96007417  1.57091817]","[ 0.00000000e+00  4.76547840e-05 -1.00476258e-01 -2.71612563e-05
 -1.32213664e-01 -1.06140091e-05 -2.91003827e-05  0.00000000e+00]","[ 0.         -0.36392587 12.56999397  0.84823644 -1.48252535 -0.13438442
 -0.46522132  0.04100137]"
1747093055.7862012,"[ 0.         -0.22877406  0.85901945  2.93949681 -2.2074375  -0.00408103
  0.96007323  1.57091817]","[ 0.00000000e+00  4.76188043e-05 -1.00476258e-01 -2.64945009e-05
 -1.27139610e-01 -1.06059783e-05 -3.70372172e-05  0.00000000e+00]","[ 0.         -0.34364688 12.60065174  0.86741298 -1.56393445 -0.13008446
 -0.49200198  0.05709053]"
1747093055.7878337,"[ 0.         -0.22877406  0.85892258  2.93949681 -2.20756134 -0.00408103
  0.96007323  1.57091817]","[ 0.00000000e+00  4.23282464e-05 -9.83154852e-02 -2.58603259e-05
 -1.25595326e-01 -1.06059783e-05 -3.70648338e-05  0.00000000e+00]","[ 0.         -0.32382581 12.57599831  0.87932444 -1.61450994 -0.1429567
 -0.50382268  0.04617411]"
1747093055.7895167,"[ 0.         -0.22877353  0.85872517  2.93949681 -2.20780076 -0.00408103
  0.96007323  1.57091817]","[ 0.00000000e+00  4.23278279e-05 -9.57874546e-02 -2.52103758e-05
 -1.20193379e-01 -1.06059783e-05 -3.70368514e-05  0.00000000e+00]","[ 0.         -0.32565567 12.60435486  0.92346209 -1.76763976 -0.17109099
 -0.51342976  0.03419837]"
1747093055.7906175,"[ 0.         -0.22877406  0.85854102  2.93949681 -2.20804444 -0.00408103
  0.96007323  1.57091817]","[ 0.00000000e+00  3.70368514e-05 -9.21032375e-02 -2.46355181e-05
 -1.18302692e-01  0.00000000e+00 -3.70648338e-05  0.00000000e+00]","[ 0.         -0.3220346  12.63501835  0.91266537 -1.93343294 -0.15770717
 -0.56776363  0.03737077]"
1747093055.7924027,"[ 0.         -0.22877406  0.85844548  2.93949681 -2.20816055 -0.00408103
  0.96007323  1.57091817]","[ 0.00000000e+00  3.70089097e-05 -9.00258803e-02 -2.46788936e-05
 -1.17762503e-01  0.00000000e+00 -3.70368514e-05  0.00000000e+00]","[ 0.         -0.32386321 12.68305206  0.93149555 -2.01969337 -0.1715447
 -0.57315916  0.03597174]"
1747093055.7941298,"[ 0.         -0.22877353  0.85827057  2.93949681 -2.20840077 -0.00408103
  0.96007323  1.57091817]","[ 0.00000000e+00  4.23282464e-05 -8.80517789e-02 -2.40862919e-05
 -1.17108872e-01  0.00000000e+00 -2.64548924e-05  0.00000000e+00]","[ 0.         -0.31460214 12.72605419  0.93779016 -2.08523989 -0.16386648
 -0.58805585  0.03278731]"
1747093055.7952547,"[ 0.         -0.22877353  0.85818788  2.93949681 -2.20851555 -0.00408103
  0.96007224  1.57091817]","[ 0.00000000e+00  3.70368514e-05 -8.36453791e-02 -2.35610210e-05
 -1.16294061e-01  0.00000000e+00 -3.70368514e-05  0.00000000e+00]","[ 0.         -0.32906219 12.75477028  0.94932598 -2.07681346 -0.17319486
 -0.5745945   0.03278731]"
1747093055.7969942,"[ 0.         -0.22877353  0.8580249   2.93949681 -2.20874645 -0.00408209
  0.96007224  1.57091817]","[ 0.00000000e+00  3.17938749e-05 -7.82397613e-02 -2.30203021e-05
 -1.16412014e-01 -1.06059783e-05 -3.70368514e-05  0.00000000e+00]","[ 0.         -0.27928555 12.84135246  0.94274414 -2.0188427  -0.1715965
 -0.57386559  0.03687454]"
1747093055.7986877,"[ 0.         -0.22877353  0.85794913  2.93949681 -2.20887135 -0.00408209
  0.96007224  1.57091817]","[ 0.00000000e+00  3.17458709e-05 -7.67076863e-02 -2.30203021e-05
 -1.17610404e-01 -1.06059783e-05 -3.70368514e-05  0.00000000e+00]","[ 0.         -0.27020124 12.8641367   0.95184517 -1.99527133 -0.18182103
 -0.58254117  0.03789004]"
1747093055.7998264,"[ 0.         -0.22877353  0.85779939  2.93949681 -2.20910757 -0.00408209
  0.96007224  1.57091817]","[ 0.00000000e+00  2.64551545e-05 -7.17197770e-02 -2.25395547e-05
 -1.20193379e-01 -1.06060839e-05 -3.70368514e-05  0.00000000e+00]","[ 0.         -0.29087055 12.84043121  0.96136016 -1.90118766 -0.17860988
 -0.59240055  0.05046816]"
1747093055.8015223,"[ 0.         -0.22877353  0.85773008  2.93949681 -2.20922608 -0.00408209
  0.96007224  1.57091817]","[ 0.00000000e+00  2.11957060e-05 -7.02253442e-02 -2.25758575e-05
 -1.20071597e-01 -1.06059783e-05 -3.70368514e-05  0.00000000e+00]","[ 0.         -0.28759572 12.7903595   0.94645625 -1.8296982  -0.16667333
 -0.594612    0.04674374]"
1747093055.8032064,"[ 0.         -0.22877353  0.85759     2.93949681 -2.20947402 -0.00408209
  0.96007224  1.57091817]","[ 0.00000000e+00  1.58969375e-05 -7.13057304e-02 -2.20793918e-05
 -1.21150893e-01 -1.06059783e-05 -3.70089097e-05  0.00000000e+00]","[ 0.         -0.25198859 12.7758646   0.94528276 -1.66221201 -0.17254183
 -0.55549461  0.02682185]"
1747093055.8050053,"[ 0.         -0.22877299  0.85744493  2.93949681 -2.20970891 -0.00408209
  0.96007224  1.57091817]","[ 0.00000000e+00  2.11959173e-05 -6.99644043e-02 -2.16367636e-05
 -1.19112984e-01 -1.06059783e-05 -3.70372172e-05  0.00000000e+00]","[ 0.         -0.22431658 12.71015835  0.94136202 -1.53539395 -0.15295139
 -0.52708799  0.04084145]"
1747093055.8066494,"[ 0.         -0.22877299  0.85730857  2.93949681 -2.209947   -0.00408209
  0.96007224  1.57091817]","[ 0.00000000e+00  1.58969375e-05 -6.88748552e-02 -2.12119566e-05
 -1.14791431e-01 -1.06059783e-05 -3.70089097e-05  0.00000000e+00]","[ 0.         -0.17724954 12.62858009  0.92225581 -1.45881343 -0.16358499
 -0.52646422  0.02574165]"
1747093055.8078213,"[ 0.         -0.22877246  0.85723414  2.93949681 -2.21005752 -0.00408209
  0.96007224  1.57091817]","[ 0.00000000e+00  2.11959173e-05 -7.01491195e-02 -1.06059783e-05
 -1.11976886e-01 -1.05979587e-05 -3.70089097e-05  0.00000000e+00]","[ 0.         -0.16509627 12.58010864  0.89342362 -1.47633839 -0.17441154
 -0.52210486  0.01282279]"
1747093055.8095264,"[ 0.         -0.22877193  0.85709732  2.93949681 -2.21028309 -0.00408209
  0.96007224  1.57091817]","[ 0.00000000e+00  2.11959173e-05 -6.86047607e-02 -1.04017539e-05
 -1.08582745e-01 -1.06059783e-05 -3.70372172e-05  0.00000000e+00]","[ 0.         -0.10781077 12.42102051  0.88265836 -1.50290453 -0.18410248
 -0.5161708   0.01472552]"
1747093055.8112626,"[ 0.         -0.22877193  0.85703074  2.93949681 -2.21038988 -0.00408209
  0.96007224  1.57091817]","[ 0.00000000e+00  2.11959173e-05 -6.75243704e-02 -1.03865416e-05
 -1.08309089e-01 -1.06058726e-05 -3.70372172e-05  0.00000000e+00]","[ 0.         -0.09085226 12.39741421  0.87927848 -1.55302513 -0.1703414
 -0.51243967  0.02270458]"
1747093055.8123288,"[ 0.         -0.22877193  0.85696596  2.93949681 -2.21049694 -0.00408209
  0.96007224  1.57091817]","[ 0.00000000e+00  2.11959173e-05 -6.56336883e-02 -1.04017539e-05
 -1.08579183e-01 -1.06059783e-05 -3.70092754e-05  0.00000000e+00]","[ 0.         -0.06630757 12.37189198  0.87042505 -1.59211206 -0.16834688
 -0.52217108  0.02917808]"
1747093055.8139913,"[ 0.         -0.22877193  0.85683007  2.93949681 -2.21070813 -0.00408209
  0.96007224  1.57091817]","[ 0.00000000e+00  2.11959173e-05 -6.63766561e-02 -1.02052464e-05
 -1.05608111e-01 -1.06059783e-05 -3.70368514e-05  0.00000000e+00]","[ 0.         -0.02466922 12.3178463   0.86125159 -1.68603241 -0.16662732
 -0.53142583  0.04057113]"
1747093055.8151507,"[ 0.         -0.2287714   0.85676575  2.93949681 -2.21081945 -0.00408209
  0.96007224  1.57091817]","[ 0.00000000e+00  2.64948971e-05 -6.53635897e-02 -1.00017322e-05
 -1.04722610e-01 -1.06059783e-05 -3.70368514e-05  0.00000000e+00]","[ 0.00000000e+00 -9.49639920e-03  1.22877436e+01  8.65480542e-01
 -1.70121658e+00 -1.66055739e-01 -5.44642210e-01  2.54553016e-02]"
1747093055.8167953,"[ 0.         -0.22877086  0.85663999  2.93949681 -2.21102132 -0.00408209
  0.96007224  1.57091817]","[ 0.00000000e+00  3.17938749e-05 -6.04351978e-02 -9.81973398e-06
 -1.01016455e-01 -1.05899522e-05 -3.70372172e-05  0.00000000e+00]","[ 0.          0.06258506 12.34534168  0.86964786 -1.69265556 -0.15624943
 -0.54662466  0.03153524]"
1747093055.8185148,"[ 0.         -0.22877086  0.85658073  2.93949681 -2.21111959 -0.00408209
  0.96007224  1.57091817]","[ 0.00000000e+00  3.17938749e-05 -5.99616379e-02 -9.79247393e-06
 -9.96659659e-02 -1.05899522e-05 -3.70368514e-05  0.00000000e+00]","[ 0.          0.0763061  12.37624073  0.89770985 -1.68991005 -0.15087016
 -0.54970187  0.02567787]"
1747093055.8197215,"[ 0.         -0.22877086  0.85646408  2.93949681 -2.21132412 -0.00408209
  0.96007224  1.57091817]","[ 0.00000000e+00  3.17938749e-05 -5.91513461e-02  0.00000000e+00
 -9.95550785e-02 -1.05820616e-05 -3.70089097e-05  0.00000000e+00]","[ 0.          0.10306814 12.43394947  0.90101743 -1.69882655 -0.1453464
 -0.54556298  0.04065806]"
1747093055.8215132,"[ 0.         -0.22877086  0.85640669  2.93949681 -2.21142186 -0.00408209
  0.96007224  1.57091817]","[ 0.00000000e+00  3.17938749e-05 -5.83410544e-02  0.00000000e+00
 -9.91257769e-02 -1.05900569e-05 -3.70089097e-05  0.00000000e+00]","[ 0.          0.15205941 12.48132896  0.90554112 -1.7218318  -0.15658361
 -0.54908663  0.04231124]"
1747093055.823283,"[ 0.         -0.2287698   0.85629511  2.93949681 -2.21162053 -0.00408209
  0.96007224  1.57091817]","[ 0.00000000e+00  4.24239132e-05 -5.34792999e-02  0.00000000e+00
 -1.01556652e-01 -1.05899522e-05 -3.70372172e-05  0.00000000e+00]","[ 0.          0.17047454 12.51869583  0.9350819  -1.72236753 -0.17899345
 -0.56461513  0.06040645]"
1747093055.824456,"[ 0.         -0.22876927  0.85619044  2.93949681 -2.21182826 -0.00408209
  0.96007224  1.57091817]","[ 0.00000000e+00  4.76908124e-05 -5.09059955e-02  0.00000000e+00
 -1.01016455e-01 -1.05900569e-05 -3.70368514e-05  0.00000000e+00]","[ 0.          0.20152694 12.51799583  0.96638387 -1.69645262 -0.1742657
 -0.57027072  0.03631646]"
1747093055.8268044,"[ 0.         -0.22876927  0.85613991  2.93949681 -2.21192653 -0.00408209
  0.96007224  1.57091817]","[ 0.00000000e+00  4.76903370e-05 -5.12665251e-02  0.00000000e+00
 -9.95649904e-02 -1.05900569e-05 -3.70368514e-05  0.00000000e+00]","[ 0.          0.22562431 12.51256752  0.97187167 -1.69656909 -0.16544706
 -0.56464452  0.02881638]"
1747093055.8278651,"[ 0.         -0.22876873  0.8560435   2.93949734 -2.21212653 -0.00408316
  0.9600713   1.57091817]","[ 0.00000000e+00  5.30298904e-05 -4.83474467e-02  8.38843729e-06
 -9.70473961e-02 -2.11639139e-05 -4.75828816e-05  0.00000000e+00]","[ 0.          0.26555517 12.47647572  0.99515069 -1.74294055 -0.17082386
 -0.55869031  0.01396023]"
1747093055.8296115,"[ 0.         -0.2287682   0.85595669  2.93949734 -2.21231348 -0.00408316
  0.9600713   1.57091817]","[ 0.00000000e+00  5.82887721e-05 -4.06244918e-02  8.26016883e-06
 -9.45341127e-02 -2.11799045e-05 -4.76192757e-05  0.00000000e+00]","[ 0.          0.31309885 12.35278034  1.04501426 -1.76859188 -0.17945576
 -0.54604858  0.01972428]"
1747093055.8312788,"[ 0.         -0.22876767  0.8559186   2.93949734 -2.21240536 -0.00408316
  0.9600713   1.57091817]","[ 0.00000000e+00  6.36358718e-05 -3.86239376e-02  8.13576441e-06
 -9.31836320e-02 -2.11801137e-05 -4.76188043e-05  0.00000000e+00]","[ 0.          0.35021544 12.28982639  1.07775617 -1.7796129  -0.19933
 -0.54284948  0.03333065]"
1747093055.8325303,"[ 0.         -0.22876767  0.8558465   2.93949734 -2.21259178 -0.00408316
  0.9600713   1.57091817]","[ 0.00000000e+00  6.35877499e-05 -3.59229638e-02  8.01505132e-06
 -9.02125596e-02 -2.11799045e-05 -3.70368514e-05  0.00000000e+00]","[ 0.          0.35688588 12.17585659  1.11776912 -1.7808094  -0.21169682
 -0.54668683  0.03495264]"
1747093055.8348272,"[ 0.         -0.22876767  0.85580788  2.93949734 -2.21268127 -0.00408316
  0.9600713   1.57091817]","[ 0.00000000e+00  6.88867318e-05 -3.63614283e-02  8.00589538e-06
 -9.07527485e-02 -2.11799045e-05 -3.70368514e-05  0.00000000e+00]","[ 0.          0.37517163 12.15452957  1.13103926 -1.75318503 -0.20743382
 -0.54509395  0.03973809]"
1747093055.8365686,"[ 0.         -0.22876714  0.85573671  2.93949734 -2.21285677 -0.00408316
  0.9600713   1.57091817]","[ 0.00000000e+00  7.41857136e-05 -3.61930625e-02  8.00589538e-06
 -8.80517789e-02 -2.11799045e-05 -3.70092754e-05  0.00000000e+00]","[ 0.          0.39552158 12.13218784  1.16145849 -1.64070344 -0.22939801
 -0.5333311   0.04661822]"
1747093055.8382778,"[ 0.         -0.2287666   0.85566234  2.93949788 -2.2130336  -0.00408316
  0.9600713   1.57091817]","[ 0.00000000e+00  7.94854838e-05 -3.58865659e-02  1.57955014e-05
 -8.55341512e-02 -2.11639139e-05 -3.70368514e-05  0.00000000e+00]","[ 0.          0.42574057 12.19521618  1.18167591 -1.51599479 -0.22298186
 -0.52559829  0.04221254]"
1747093055.8394136,"[ 0.         -0.22876607  0.85559303  2.93949788 -2.21319659 -0.00408316
  0.9600713   1.57091817]","[ 0.00000000e+00  8.48478263e-05 -3.48425735e-02  1.55506241e-05
 -8.15694367e-02 -2.11799045e-05 -3.70089097e-05  0.00000000e+00]","[ 0.          0.42693296 12.26200294  1.22499335 -1.42665386 -0.24082951
 -0.51302886  0.03016131]"
1747093055.8418033,"[ 0.         -0.22876554  0.85555814  2.93949788 -2.21329166 -0.00408316
  0.9600713   1.57091817]","[ 0.00000000e+00  9.00826511e-05 -3.53827707e-02  1.55506241e-05
 -7.83799268e-02 -2.11799045e-05 -3.70372172e-05  0.00000000e+00]","[ 0.          0.4408482  12.30619526  1.25214708 -1.43351841 -0.24158302
 -0.51631391  0.031227  ]"
1747093055.8434727,"[ 0.         -0.22876501  0.85545069  2.93949814 -2.21350099 -0.00408316
  0.9600713   1.57091817]","[ 0.00000000e+00  9.54538036e-05 -3.59229638e-02  1.88940990e-05
 -7.37638114e-02 -2.11799045e-05 -3.70089097e-05  0.00000000e+00]","[ 0.          0.49121571 12.41069889  1.25689113 -1.62704039 -0.24282685
 -0.548491    0.03340411]"
1747093055.8452892,"[ 0.         -0.22876447  0.85541393  2.93949814 -2.21358727 -0.00408369
  0.9600713   1.57091817]","[ 0.00000000e+00  1.00680607e-04 -3.72734528e-02  1.86334070e-05
 -7.10761243e-02 -2.64548924e-05 -3.70368514e-05  0.00000000e+00]","[ 0.          0.48153105 12.42430496  1.27551782 -1.70128047 -0.25388092
 -0.5578292   0.02314078]"
1747093055.8470538,"[ 0.         -0.22876447  0.85537352  2.93949867 -2.21365625 -0.00408369
  0.9600713   1.57091817]","[ 0.00000000e+00  1.00680607e-04 -3.81168052e-02  2.60871351e-05
 -6.99552497e-02 -2.64548924e-05 -3.70368514e-05  0.00000000e+00]","[ 0.          0.4952746  12.47227669  1.30920601 -1.79287326 -0.26685011
 -0.56375009  0.01906883]"
1747093055.8488593,"[ 0.         -0.22876447  0.85530095  2.93949867 -2.21379527 -0.00408369
  0.96007037  1.57091817]","[ 0.00000000e+00  1.06059781e-04 -3.59229638e-02  2.57051246e-05
 -7.10356359e-02 -2.64748795e-05 -4.75833530e-05  0.00000000e+00]","[ 0.          0.50108343 12.54768753  1.33513343 -1.97388244 -0.25996166
 -0.60096347  0.02996445]"
1747093055.8500671,"[ 0.         -0.22876394  0.85523437  2.93949867 -2.21394494 -0.00408369
  0.96007037  1.57091817]","[ 0.00000000e+00  1.05979589e-04 -3.10660363e-02  2.53603331e-05
 -7.29263222e-02 -2.64551545e-05 -4.76188043e-05  0.00000000e+00]","[ 0.          0.531075   12.66324043  1.34966218 -2.09056664 -0.267207
 -0.63610291  0.03905278]"
1747093055.851771,"[ 0.         -0.22876341  0.85518157  2.93949867 -2.21409567 -0.00408369
  0.96007037  1.57091817]","[ 0.00000000e+00  1.11363883e-04 -2.51190644e-02  2.53599876e-05
 -7.39766979e-02 -2.64751417e-05 -4.76188043e-05  0.00000000e+00]","[ 0.          0.54323018 12.74031639  1.35051131 -2.11213827 -0.24366131
 -0.66991204  0.04509401]"
1747093055.8529532,"[ 0.         -0.22876341  0.85516     2.93949867 -2.21416997 -0.00408369
  0.96007037  1.57091817]","[ 0.00000000e+00  1.11362770e-04 -2.18778954e-02  2.50243333e-05
 -7.53571974e-02 -2.64548924e-05 -4.76192757e-05  0.00000000e+00]","[ 0.          0.55123144 12.78386307  1.3347156  -2.09537292 -0.23939452
 -0.67255777  0.03727356]"
1747093055.8546886,"[ 0.         -0.22876287  0.85512372  2.93949867 -2.21432071 -0.00408369
  0.96007037  1.57091817]","[ 0.00000000e+00  1.16577544e-04 -1.62058481e-02  2.46974483e-05
 -7.58973946e-02 -2.64748795e-05 -4.76192757e-05  0.00000000e+00]","[ 0.          0.54931456 12.79794025  1.31432974 -1.98363936 -0.26944557
 -0.66438854  0.0487019 ]"
1747093055.8564985,"[ 0.         -0.22876287  0.85510854  2.93949921 -2.21439927 -0.00408369
  0.96007037  1.57091817]","[ 0.00000000e+00  1.16576382e-04 -1.53955564e-02  3.17223403e-05
 -7.39766979e-02 -2.64748795e-05 -4.76188043e-05  0.00000000e+00]","[ 0.          0.54727477 12.79623413  1.32872295 -1.89702761 -0.2739583
 -0.65442061  0.05500017]"
1747093055.8583143,"[ 0.         -0.22876234  0.85507964  2.93949921 -2.21454282 -0.00408369
  0.96007037  1.57091817]","[ 0.00000000e+00  1.16577544e-04 -1.37922658e-02  3.13444177e-05
 -7.25826079e-02 -2.64551545e-05 -4.76188043e-05  0.00000000e+00]","[ 0.          0.51455927 12.72767353  1.30917847 -1.72774899 -0.24167489
 -0.64256114  0.06094583]"
1747093055.8594034,"[ 0.         -0.22876234  0.85506679  2.93949921 -2.21454282 -0.00408369
  0.96007037  1.57091817]","[ 0.00000000e+00  1.16577544e-04 -1.29646791e-02  3.09453987e-05
 -7.25826079e-02 -2.64548924e-05 -4.76192757e-05  0.00000000e+00]","[ 0.          0.52211267 12.69235802  1.30575478 -1.72774899 -0.24731965
 -0.61232734  0.04706172]"
1747093055.8611174,"[ 0.         -0.22876181  0.85504156  2.93949921 -2.21468849 -0.00408369
  0.96007037  1.57091817]","[ 0.00000000e+00  1.27271744e-04 -1.24244839e-02  3.09150655e-05
 -7.04659358e-02 -2.64548924e-05 -3.70368514e-05  0.00000000e+00]","[ 0.          0.48299342 12.5493536   1.28275597 -1.56250048 -0.25640452
 -0.58484292  0.0608242 ]"
1747093055.8623457,"[ 0.         -0.22876181  0.85502911  2.93949921 -2.2147564  -0.00408369
  0.96007037  1.57091817]","[ 0.00000000e+00  1.27175500e-04 -1.26945815e-02  3.05268355e-05
 -6.88748552e-02 -2.64548924e-05 -3.70368514e-05  0.00000000e+00]","[ 0.          0.4606337  12.52007198  1.26220286 -1.51831007 -0.24645889
 -0.565696    0.0605388 ]"
1747093055.8640609,"[ 0.         -0.22876181  0.85500387  2.93949921 -2.21489276 -0.00408369
  0.96007037  1.57091817]","[ 0.00000000e+00  1.21876526e-04 -1.21667263e-02  3.05272236e-05
 -6.96145440e-02 -2.64748795e-05 -3.70368514e-05  0.00000000e+00]","[ 0.          0.43911925 12.45939159  1.26270974 -1.35657322 -0.25399849
 -0.52844721  0.06315774]"
1747093055.8658152,"[ 0.         -0.22876128  0.85499196  2.93949974 -2.2150347  -0.00408369
  0.96007037  1.57091817]","[ 0.00000000e+00  1.27271744e-04 -1.21420713e-02  3.68126511e-05
 -6.82654241e-02 -2.64548924e-05 -3.70372172e-05  0.00000000e+00]","[ 0.          0.4182944  12.40967655  1.24339223 -1.27082276 -0.25223202
 -0.53093678  0.07028528]"
1747093055.8675182,"[ 0.         -0.22876074  0.85496992  2.93949974 -2.21510048 -0.00408369
  0.96007037  1.57091817]","[ 0.00000000e+00  1.32474482e-04 -1.02815069e-02  3.63964469e-05
 -6.67140745e-02 -2.64548924e-05 -3.70372172e-05  0.00000000e+00]","[ 0.          0.40893298 12.32856464  1.22975111 -1.23275876 -0.26192254
 -0.52565861  0.0647153 ]"
1747093055.8693335,"[ 0.         -0.22876074  0.85495108  2.93949974 -2.21523044 -0.00408369
  0.96007037  1.57091817]","[ 0.00000000e+00  1.32275769e-04 -9.18331389e-03  3.59220266e-05
 -6.24413446e-02 -2.64751417e-05 -3.70368514e-05  0.00000000e+00]","[ 0.          0.38841027 12.23829556  1.24278975 -1.24196291 -0.2461576
 -0.52245677  0.04506907]"
1747093055.8704996,"[ 0.         -0.22876074  0.85494282  2.93949974 -2.21529037 -0.00408369
  0.96007037  1.57091817]","[ 0.00000000e+00  1.32275769e-04 -8.37302164e-03  3.59220266e-05
 -6.07719338e-02 -2.64551545e-05 -3.70368514e-05  0.00000000e+00]","[ 0.          0.37587765 12.19839287  1.21750546 -1.26122999 -0.23926826
 -0.51729518  0.03405168]"
1747093055.8723097,"[ 0.         -0.22876074  0.85492764  2.93949974 -2.21540515 -0.00408369
  0.96007037  1.57091817]","[ 0.00000000e+00  1.32274460e-04 -7.02253421e-03  3.55256083e-05
 -5.72026487e-02 -2.64748795e-05 -3.70372172e-05  0.00000000e+00]","[ 0.          0.37156898 12.14432144  1.14826262 -1.32404602 -0.22890913
 -0.53362828  0.0324466 ]"
1747093055.8741593,"[ 0.         -0.22876074  0.85491752  2.93949974 -2.21551274 -0.00408369
  0.96007037  1.57091817]","[ 0.00000000e+00  1.32274460e-04 -4.59165694e-03  3.50738958e-05
 -5.12665251e-02 -2.64748795e-05 -3.70368514e-05  0.00000000e+00]","[ 0.          0.35331166 12.1090765   1.13012803 -1.43480277 -0.23130196
 -0.55012006  0.04418811]"
1747093055.8752687,"[ 0.         -0.22876074  0.85491246  2.93949974 -2.21556148 -0.00408369
  0.96006937  1.57091817]","[ 0.00000000e+00  1.32274460e-04 -4.76460065e-03  3.46646769e-05
 -4.94278371e-02 -2.64548924e-05 -4.76188043e-05  0.00000000e+00]","[ 0.          0.33364165 12.1090765   1.12595904 -1.52943671 -0.22575678
 -0.57498825  0.04697761]"
1747093055.8770542,"[ 0.         -0.22876021  0.8549056   2.93949974 -2.21566001 -0.00408369
  0.96006937  1.57091817]","[ 0.00000000e+00  1.37670734e-04 -3.50948742e-03  3.42648939e-05
 -4.83983131e-02 -2.64751417e-05 -4.76908124e-05  0.00000000e+00]","[ 0.          0.3392967  12.18885517  1.09646118 -1.67210555 -0.20023148
 -0.59755105  0.06566495]"
1747093055.8782606,"[ 0.         -0.22876021  0.85490334  2.93949974 -2.21570742 -0.00408369
  0.96006937  1.57091817]","[ 0.00000000e+00  1.37565437e-04 -2.70097486e-03  3.42344612e-05
 -4.80773522e-02 -2.64548924e-05 -4.76908124e-05  0.00000000e+00]","[ 0.          0.32176274 12.2131052   1.08220053 -1.73884439 -0.21211742
 -0.59435713  0.06224345]"
1747093055.879969,"[ 0.         -0.22876021  0.85490101  2.93949974 -2.21579743 -0.00408369
  0.96006937  1.57091817]","[ 0.00000000e+00  1.37565437e-04 -1.17033446e-03  3.38742278e-05
 -4.47907535e-02 -2.64548924e-05 -4.77269018e-05  0.00000000e+00]","[ 0.          0.28637311 12.28191853  1.06166267 -1.86458075 -0.20303331
 -0.60404438  0.06354614]"
1747093055.8817487,"[ 0.         -0.22876021  0.85490101  2.93950001 -2.21583978 -0.00408369
  0.96006937  1.57091817]","[ 0.00000000e+00  1.37669385e-04 -5.20148650e-04  3.69532782e-05
 -4.29454991e-02 -2.64751417e-05 -4.76903370e-05  0.00000000e+00]","[ 0.          0.29159135 12.36792088  1.0743475  -1.92137039 -0.21999116
 -0.60261905  0.05833524]"
1747093055.8828945,"[ 0.         -0.22876021  0.85490147  2.93950001 -2.21592367 -0.00408369
  0.96006937  1.57091817]","[ 0.00000000e+00  1.37566802e-04  1.75496610e-04  3.65049954e-05
 -4.05146197e-02 -2.64548924e-05 -4.76908124e-05  0.00000000e+00]","[ 0.          0.26218531 12.43042946  1.0629822  -2.02724051 -0.20768182
 -0.62392086  0.05197851]"
1747093055.8846247,"[ 0.         -0.22875968  0.85490101  2.93950001 -2.21600276 -0.00408369
  0.96006937  1.57091817]","[ 0.00000000e+00  1.42964352e-04  0.00000000e+00  3.60984220e-05
 -4.05146197e-02 -2.64548924e-05 -4.76908124e-05  0.00000000e+00]","[ 0.          0.25246879 12.4655304   1.03674865 -2.12717581 -0.19820648
 -0.65223974  0.04959694]"
1747093055.8863482,"[ 0.         -0.22875968  0.85490101  2.93950001 -2.21604484 -0.00408369
  0.96006844  1.57091817]","[ 0.00000000e+00  1.42964352e-04  0.00000000e+00  3.60984220e-05
 -3.95841445e-02 -2.64548924e-05 -5.82887721e-05  0.00000000e+00]","[ 0.          0.24351048 12.47543144  1.02579296 -2.15271139 -0.19540015
 -0.66564929  0.05072859]"
1747093055.8880222,"[ 0.         -0.22875968  0.85490101  2.93950001 -2.21612207 -0.00408369
  0.96006844  1.57091817]","[ 0.00000000e+00  1.42964352e-04  0.00000000e+00  3.57008049e-05
 -3.86239376e-02 -2.64551545e-05 -4.76908124e-05  0.00000000e+00]","[ 0.          0.21712777 12.4968195   1.01620102 -2.15141797 -0.18131042
 -0.68273777  0.05551199]"
1747093055.8897085,"[ 0.         -0.22875968  0.85490054  2.93950001 -2.21619637 -0.00408369
  0.96006844  1.57091817]","[ 0.00000000e+00  1.37669385e-04 -5.31887593e-05  3.52818374e-05
 -3.53583529e-02 -2.64748795e-05 -4.76908124e-05  0.00000000e+00]","[ 0.          0.21022615 12.49937153  1.01196766 -2.10915256 -0.15922935
 -0.67562562  0.05158223]"
1747093055.8912864,"[ 0.         -0.22875915  0.85490054  2.93950001 -2.2162294  -0.00408369
  0.96006844  1.57091817]","[ 0.00000000e+00  1.48147406e-04 -4.80888602e-05  3.52822275e-05
 -3.34581521e-02 -2.64548924e-05 -4.76908124e-05  0.00000000e+00]","[ 0.          0.20102103 12.51413918  1.03225648 -2.08610106 -0.15688816
 -0.66121918  0.04965916]"
1747093055.8924816,"[ 0.         -0.22875915  0.85490008  2.93950001 -2.21629331 -0.00408369
  0.96006844  1.57091817]","[ 0.00000000e+00  1.48147406e-04 -9.61777205e-05  3.49022914e-05
 -3.03144402e-02 -2.64548924e-05 -4.76912879e-05  0.00000000e+00]","[ 0.          0.20102103 12.49893475  1.03107262 -1.9581635  -0.14898215
 -0.65802497  0.05889932]"
1747093055.8941395,"[ 0.         -0.22875915  0.85489961  2.93950001 -2.21632234 -0.00408369
  0.96006844  1.57091817]","[ 0.00000000e+00  1.48259335e-04 -1.10394675e-04  3.45304542e-05
 -2.94406258e-02 -2.64751417e-05 -4.76908124e-05  0.00000000e+00]","[ 0.          0.14719844 12.51166153  1.00790274 -1.90227652 -0.14071496
 -0.66366786  0.06324007]"
1747093055.8958373,"[ 0.         -0.22875915  0.85489961  2.93950001 -2.2163788  -0.00408369
  0.96006844  1.57091817]","[ 0.00000000e+00  1.42856421e-04 -1.42873456e-04  3.45300763e-05
 -2.83602355e-02 -2.64551545e-05 -3.71209245e-05  0.00000000e+00]","[ 0.          0.13357151 12.55129719  0.9776265  -1.72242069 -0.15878773
 -0.65578836  0.08043394]"
1747093055.8980381,"[ 0.         -0.22875861  0.85489914  2.93950001 -2.21643473 -0.00408369
  0.96006844  1.57091817]","[ 0.00000000e+00  1.48259335e-04 -1.59576892e-04  3.41660860e-05
 -2.70371687e-02 -1.58849283e-05 -3.70932266e-05  0.00000000e+00]","[ 0.          0.0743778  12.57652187  0.92638421 -1.55767381 -0.14389533
 -0.626257    0.07898223]"
1747093055.9033349,"[ 0.         -0.22875861  0.85489914  2.93950001 -2.21648533 -0.00408369
  0.96006844  1.57091817]","[ 0.00000000e+00  1.48147406e-04 -1.23490515e-04  3.37825272e-05
 -2.51190644e-02 -1.58729355e-05 -3.71209245e-05  0.00000000e+00]","[ 0.          0.04363613 12.57700443  0.93929392 -1.34302735 -0.16861148
 -0.56017083  0.06594953]"
1747093055.907435,"[ 0.         -0.22875861  0.85489914  2.93950001 -2.21657108 -0.00408369
  0.96006844  1.57091817]","[ 0.00000000e+00  1.48147406e-04 -1.09216279e-04  3.27582163e-05
 -1.16259829e-02 -1.58729355e-05 -3.70928568e-05  0.00000000e+00]","[ 0.         -0.02776998 12.55745029  0.89394486 -1.13257337 -0.13121073
 -0.57412219  0.06030965]"
1747093055.9092274,"[ 0.         -0.22875861  0.85489874  2.93950001 -2.21659505 -0.00408369
  0.96006844  1.57091817]","[ 0.00000000e+00  1.37565437e-04 -9.75159736e-05  3.24051228e-05
 -2.50768450e-03 -1.58849283e-05 -3.70928568e-05  0.00000000e+00]","[ 0.         -0.05430808 12.66316032  0.85136461 -1.26401043 -0.1313163
 -0.58342713  0.04211335]"
1747093055.910463,"[ 0.         -0.22875861  0.85489874  2.93950001 -2.21659558 -0.00408369
  0.96006844  1.57091817]","[ 0.00000000e+00  1.37669385e-04 -9.79051910e-05  3.20843455e-05
 -5.39647625e-04 -1.58849283e-05 -3.70928568e-05  0.00000000e+00]","[ 0.         -0.0521888  12.70219135  0.84438246 -1.32217073 -0.13328937
 -0.5943628   0.0354031 ]"
1747093055.9121673,"[ 0.         -0.22875808  0.85489914  2.93950001 -2.21659372 -0.00408369
  0.96006751  1.57091817]","[ 0.00000000e+00  1.37565437e-04 -5.29903226e-05  3.17938749e-05
  9.45341174e-04 -1.58730919e-05 -4.77264263e-05  0.00000000e+00]","[ 0.         -0.08741884 12.81280804  0.8268404  -1.51680124 -0.11321314
 -0.63913935  0.0507028 ]"
1747093055.9134116,"[ 0.         -0.22875808  0.85489914  2.93950001 -2.21659318 -0.00408369
  0.96006751  1.57091817]","[ 0.00000000e+00  1.37669385e-04 -5.29903226e-05  3.17698567e-05
  7.89995073e-04 -1.58729355e-05 -4.76908124e-05  0.00000000e+00]","[ 0.         -0.06221825 12.91319942  0.84633178 -1.59467268 -0.1162389
 -0.64391702  0.05996056]"
1747093055.9151914,"[ 0.         -0.22875808  0.85489914  2.93950001 -2.21659505 -0.00408369
  0.96006751  1.57091817]","[ 0.00000000e+00  1.37670734e-04 -2.52552021e-05  3.17698567e-05
 -4.38886152e-04 -1.58730919e-05 -4.76908124e-05  0.00000000e+00]","[ 0.         -0.06151951 12.98839951  0.83734208 -1.76122141 -0.11916032
 -0.66087961  0.07395987]"
1747093055.917012,"[ 0.         -0.22875808  0.85489914  2.93950001 -2.21659771 -0.00408369
  0.96006751  1.57091817]","[ 0.00000000e+00  1.27080686e-04 -2.41283000e-05  3.17698567e-05
 -7.97831373e-04 -1.58849283e-05 -4.77269018e-05  0.00000000e+00]","[ 0.         -0.08853544 13.10966587  0.84286553 -1.87075531 -0.16029848
 -0.67739367  0.04910741]"
1747093055.9180844,"[ 0.         -0.22875808  0.85489914  2.93950001 -2.21659904 -0.00408369
  0.96006751  1.57091817]","[ 0.00000000e+00  1.27079427e-04 -2.41283000e-05  3.17701716e-05
 -8.77627637e-04 -1.59089679e-05 -4.76912879e-05  0.00000000e+00]","[ 0.         -0.08006233 13.14487648  0.84435517 -1.89228749 -0.16508383
 -0.69995141  0.04658526]"
1747093055.9198487,"[ 0.         -0.22875808  0.85489914  2.93950001 -2.21660091 -0.00408369
  0.96006658  1.57091817]","[ 0.00000000e+00  1.26984735e-04  0.00000000e+00  3.18417103e-05
 -8.94233903e-04 -1.59088095e-05 -5.56813848e-05  0.00000000e+00]","[ 0.         -0.14266892 13.15532494  0.87695634 -1.94240832 -0.15782195
 -0.70673966  0.05173746]"
1747093055.9217,"[ 0.         -0.22875808  0.85489914  2.93950001 -2.21660144 -0.00408369
  0.96006658  1.57091817]","[ 0.00000000e+00  1.27079427e-04  0.00000000e+00  3.18179359e-05
 -1.03650964e-03 -1.59089679e-05 -5.56813848e-05  0.00000000e+00]","[ 0.         -0.16309361 13.14870548  0.90269887 -1.99297857 -0.16188781
 -0.70673966  0.05358737]"
1747093055.9228842,"[ 0.         -0.22875808  0.85489914  2.93950001 -2.21660277 -0.00408369
  0.96006658  1.57091817]","[ 0.00000000e+00  1.21785654e-04  0.00000000e+00  3.18420273e-05
 -1.00296272e-03 -1.58969375e-05 -5.56387285e-05  0.00000000e+00]","[ 0.         -0.16307013 13.11085987  0.89905709 -2.02185726 -0.17630577
 -0.70684355  0.0371318 ]"
1747093055.9252257,"[ 0.         -0.22875808  0.85489914  2.93950054 -2.21660384 -0.00408369
  0.96006658  1.57091817]","[ 0.00000000e+00  1.16401531e-04  0.00000000e+00  3.71209245e-05
 -7.60568834e-04 -1.59089679e-05 -5.56398379e-05  0.00000000e+00]","[ 0.         -0.14472802 13.01049423  0.94933528 -2.02951884 -0.19867729
 -0.73249245  0.03522077]"
1747093055.9264357,"[ 0.         -0.22875808  0.85489914  2.93950054 -2.2166041  -0.00408369
  0.96006658  1.57091817]","[ 0.00000000e+00  1.11194501e-04  0.00000000e+00  3.71209245e-05
 -7.02140731e-04 -1.59088095e-05 -5.56392812e-05  0.00000000e+00]","[ 0.         -0.1416571  12.99388218  0.96853006 -2.02295637 -0.2010134
 -0.73045498  0.03492542]"
1747093055.92821,"[ 0.         -0.22875755  0.85489961  2.93950054 -2.2166041  -0.00408369
  0.96006658  1.57091817]","[ 0.00000000e+00  1.16402677e-04  1.71247870e-05  3.71490329e-05
 -4.42532589e-04 -5.29897933e-06 -4.77269018e-05  0.00000000e+00]","[ 0.         -0.10738464 12.95776081  1.02875853 -1.99570453 -0.20914385
 -0.70788115  0.03812805]"
1747093055.9298673,"[ 0.         -0.22875755  0.85489961  2.93950107 -2.2166041  -0.00408476
  0.96006658  1.57091817]","[ 0.00000000e+00  1.11194501e-04  1.65593722e-05  3.71209245e-05
 -2.92526465e-04 -1.59089679e-05 -4.76908124e-05  0.00000000e+00]","[ 0.         -0.09603826 12.91410446  1.08059132 -1.93503308 -0.23089223
 -0.69166005  0.02695667]"
1747093055.9310424,"[ 0.         -0.22875755  0.85489961  2.93950107 -2.2166041  -0.00408476
  0.96006658  1.57091817]","[ 0.00000000e+00  1.05899518e-04  1.65980745e-05  3.71490329e-05
 -1.77013039e-04 -1.58969375e-05 -4.76908124e-05  0.00000000e+00]","[ 0.         -0.06670998 12.89810848  1.12130904 -1.87549376 -0.23246105
 -0.67370802  0.03126772]"
1747093055.933308,"[ 0.         -0.22875755  0.85489961  2.93950134 -2.21660384 -0.00408476
  0.96006658  1.57091817]","[ 0.00000000e+00  1.00528593e-04  1.61032841e-05  3.97724188e-05
 -5.90043463e-05 -1.58969375e-05 -4.77269018e-05  0.00000000e+00]","[ 0.         -0.02114952 12.86274624  1.17887402 -1.73201799 -0.25933015
 -0.68114752  0.03309416]"
1747093055.9349458,"[ 0.         -0.22875755  0.85489961  2.93950187 -2.21660384 -0.00408476
  0.96006658  1.57091817]","[ 0.00000000e+00  1.00604543e-04  1.60668524e-05  4.51095382e-05
  0.00000000e+00 -1.59089679e-05 -4.77269018e-05  0.00000000e+00]","[ 0.00000000e+00 -5.68164652e-03  1.28583107e+01  1.22813368e+00
 -1.59768665e+00 -2.54600972e-01 -6.51469469e-01  2.98898779e-02]"
1747093055.9366136,"[ 0.         -0.22875755  0.85489961  2.9395024  -2.21660384 -0.00408476
  0.96006658  1.57091817]","[ 0.00000000e+00  1.00605543e-04  1.56027833e-05  5.04165417e-05
  0.00000000e+00 -1.58969375e-05 -4.77269018e-05  0.00000000e+00]","[ 0.          0.01456941 12.84254932  1.25890005 -1.54835629 -0.26940805
 -0.63002855  0.0275026 ]"
1747093055.937737,"[ 0.         -0.22875702  0.85489961  2.9395024  -2.21660384 -0.00408476
  0.96006658  1.57091817]","[ 0.00000000e+00  9.53095680e-05  1.51643386e-05  4.50758585e-05
  0.00000000e+00 -1.59089679e-05 -4.76908124e-05  0.00000000e+00]","[ 0.          0.03601536 12.84818935  1.31090784 -1.46981716 -0.26211902
 -0.6332587   0.03908034]"
1747093055.9394646,"[ 0.         -0.22875702  0.85489961  2.9395024  -2.21660384 -0.00408476
  0.96006658  1.57091817]","[ 0.00000000e+00  9.53095680e-05  1.51643386e-05  4.50754075e-05
  0.00000000e+00 -1.58969375e-05 -4.76908124e-05  0.00000000e+00]","[ 0.          0.09230859 12.8512907   1.33321571 -1.43163228 -0.25810945
 -0.64921212  0.04092492]"
1747093055.941109,"[ 0.         -0.22875648  0.85489961  2.93950294 -2.21660384 -0.00408476
  0.96006658  1.57091817]","[ 0.00000000e+00  9.52376087e-05  1.47502688e-05  5.04165417e-05
  0.00000000e+00 -1.58969375e-05 -4.77269018e-05  0.00000000e+00]","[ 0.          0.15150227 12.85858345  1.34777367 -1.39921689 -0.2665523
 -0.64194447  0.03906603]"
1747093055.942817,"[ 0.         -0.22875648  0.85489961  2.93950294 -2.21660384 -0.00408476
  0.96006658  1.57091817]","[ 0.00000000e+00  9.00145929e-05  1.43288559e-05  5.03783961e-05
  0.00000000e+00 -1.59089679e-05 -4.76908124e-05  0.00000000e+00]","[ 0.          0.18764588 12.87012768  1.38521528 -1.40466106 -0.26533809
 -0.65242416  0.03938793]"
1747093055.943963,"[ 0.         -0.22875595  0.85489961  2.93950294 -2.21660384 -0.00408476
  0.96006658  1.57091817]","[ 0.00000000e+00  9.00145929e-05  2.09378972e-05  4.77630399e-05
  0.00000000e+00 -1.58969375e-05 -4.77269018e-05  0.00000000e+00]","[ 0.          0.25100592 12.91599464  1.40267098 -1.44382739 -0.25347984
 -0.65456963  0.05568559]"
1747093055.9461796,"[ 0.         -0.22875488  0.85489961  2.9395032  -2.21660384 -0.00408476
  0.96006558  1.57091817]","[ 0.00000000e+00  9.53105108e-05  2.09378972e-05  4.50754075e-05
  0.00000000e+00 -1.06059783e-05 -5.82007654e-05  0.00000000e+00]","[ 0.          0.31392398 12.92667675  1.43281269 -1.50047064 -0.26653305
 -0.65726393  0.05716465]"
1747093055.9472973,"[ 0.         -0.22875435  0.85489961  2.9395032  -2.21660384 -0.00408476
  0.96006558  1.57091817]","[ 0.00000000e+00  1.00605543e-04  2.04104928e-05  4.50754075e-05
  0.00000000e+00 -1.05979587e-05 -5.82887721e-05  0.00000000e+00]","[ 0.          0.36491427 12.95683956  1.43385148 -1.53395748 -0.27222607
 -0.67413437  0.05315851]"
1747093055.9495535,"[ 0.         -0.22875435  0.85490008  2.93950373 -2.21660384 -0.00408476
  0.96006558  1.57091817]","[ 0.00000000e+00  1.00604543e-04  3.31189516e-05  5.04165417e-05
  0.00000000e+00 -1.06059783e-05 -4.76188043e-05  0.00000000e+00]","[ 0.          0.44524446 13.01336956  1.40813756 -1.59209728 -0.27376324
 -0.70951349  0.05219783]"
1747093055.9512272,"[ 0.         -0.22875382  0.85490008  2.93950373 -2.21660384 -0.00408476
  0.96006558  1.57091817]","[ 0.00000000e+00  1.00604543e-04  2.63953720e-05  5.04165417e-05
  0.00000000e+00 -1.05979587e-05 -4.76192757e-05  0.00000000e+00]","[ 0.          0.48601824 13.065588    1.37034082 -1.65343273 -0.25435692
 -0.70918238  0.04177438]"
1747093055.9529235,"[ 0.         -0.22875275  0.85490054  2.93950373 -2.21660384 -0.00408476
  0.96006558  1.57091817]","[ 0.00000000e+00  1.05898462e-04  3.22065682e-05  5.04165417e-05
  0.00000000e+00 -1.06059783e-05 -4.76188043e-05  0.00000000e+00]","[ 0.          0.48416954 13.12395191  1.3371954  -1.69636524 -0.2471935
 -0.70326781  0.04624728]"
1747093055.955136,"[ 0.         -0.22875222  0.85490054  2.93950373 -2.2166041  -0.00408476
  0.96006558  1.57091817]","[ 0.00000000e+00  1.05899518e-04  3.14563940e-05  5.03783961e-05
 -8.86508850e-06 -1.05979587e-05 -4.76188043e-05  0.00000000e+00]","[ 0.          0.56542194 13.15995598  1.32793128 -1.71732605 -0.2362974
 -0.71746355  0.04505214]"
1747093055.9568598,"[ 0.         -0.22875222  0.85490054  2.93950373 -2.21660384 -0.00408476
  0.96006558  1.57091817]","[ 0.00000000e+00  1.05820618e-04  3.06872363e-05  4.51090912e-05
  8.56239348e-06 -1.05979587e-05 -4.76547840e-05  0.00000000e+00]","[ 0.          0.58773625 13.17256451  1.28437781 -1.7129246  -0.20987557
 -0.70341671  0.03719628]"
1747093055.9602482,"[ 0.         -0.22875169  0.85490054  2.93950373 -2.21660384 -0.00408476
  0.96006558  1.57091817]","[ 0.00000000e+00  1.05899518e-04  3.00047444e-05  4.50754075e-05
  8.29929579e-06 -1.06059783e-05 -4.76188043e-05  0.00000000e+00]","[ 0.          0.5734008  13.16675854  1.24295533 -1.72036409 -0.22025019
 -0.69110101  0.03996373]"
1747093055.9618099,"[ 0.         -0.22875116  0.85490054  2.93950427 -2.21660384 -0.00408476
  0.96006558  1.57091817]","[ 0.00000000e+00  1.05819570e-04  2.93525959e-05  5.03783961e-05
  7.80116304e-06 -1.06059783e-05 -4.76192757e-05  0.00000000e+00]","[ 0.          0.58284277 13.08323193  1.21258307 -1.71126223 -0.20275633
 -0.68603927  0.04167287]"
1747093055.963581,"[ 0.         -0.22875116  0.85490054  2.93950427 -2.21660384 -0.00408476
  0.96006558  1.57091817]","[ 0.00000000e+00  1.05899518e-04  2.93525959e-05  5.03789000e-05
  7.80139163e-06 -1.06059783e-05 -4.76192757e-05  0.00000000e+00]","[ 0.          0.587412   13.06052017  1.18260598 -1.69779491 -0.20627415
 -0.68492275  0.02981748]"
1747093055.964753,"[ 0.         -0.22875116  0.85490054  2.93950427 -2.21660384 -0.00408476
  0.96006558  1.57091817]","[ 0.00000000e+00  1.05900567e-04  2.87275743e-05  4.51095382e-05
  7.58238517e-06 -1.05978530e-05 -4.76188043e-05  0.00000000e+00]","[ 0.          0.56466746 12.98243141  1.1314739  -1.66906345 -0.21527833
 -0.68316174  0.04285049]"
1747093055.966574,"[ 0.         -0.22875116  0.85490054  2.93950427 -2.21660384 -0.00408476
  0.96006558  1.57091817]","[ 0.00000000e+00  1.00529585e-04  2.87747554e-05  4.50754075e-05
  7.37513438e-06 -1.06059783e-05 -4.76188043e-05  0.00000000e+00]","[ 0.          0.53339815 12.94080067  1.12235904 -1.66729236 -0.20738907
 -0.68316174  0.04285049]"
1747093055.9677823,"[ 0.         -0.22875116  0.85490054  2.93950427 -2.21660384 -0.00408476
  0.96006558  1.57091817]","[ 0.00000000e+00  9.53095680e-05  2.81298036e-05  4.50758585e-05
  7.16442795e-06 -1.05979587e-05 -4.76188043e-05  0.00000000e+00]","[ 0.          0.48315489 12.86506939  1.12622023 -1.57951689 -0.21308994
 -0.66938651  0.04674493]"
1747093055.969556,"[ 0.         -0.22875062  0.85490054  2.93950427 -2.2166033  -0.00408476
  0.96006558  1.57091817]","[ 0.00000000e+00  1.00756792e-04  2.75558338e-05  4.51099892e-05
  1.43288559e-05 -1.05979587e-05 -4.76192757e-05  0.00000000e+00]","[ 0.          0.46767241 12.81328678  1.13631976 -1.52799535 -0.21325542
 -0.66220063  0.0538661 ]"
1747093055.9713085,"[ 0.         -0.22875062  0.85490054  2.93950427 -2.2166033  -0.00408476
  0.96006558  1.57091817]","[ 0.00000000e+00  1.00756792e-04  2.75119950e-05  4.50754075e-05
  1.39582327e-05 -1.05979587e-05 -4.76192757e-05  0.00000000e+00]","[ 0.          0.42096823 12.73167038  1.12567997 -1.45545983 -0.20441033
 -0.65966576  0.04691202]"
1747093055.9731467,"[ 0.         -0.22875062  0.85490054  2.93950453 -2.2166033  -0.00408476
  0.96006558  1.57091817]","[ 0.00000000e+00  1.00756792e-04  2.69627140e-05  4.77269018e-05
  1.36066478e-05 -1.05979587e-05 -4.76188043e-05  0.00000000e+00]","[ 0.          0.36858013 12.6615696   1.13389063 -1.41191006 -0.19625598
 -0.6544047   0.03277315]"
1747093055.974325,"[ 0.         -0.22875062  0.85490054  2.93950453 -2.2166033  -0.00408476
  0.96006558  1.57091817]","[ 0.00000000e+00  1.00604543e-04  2.70048176e-05  4.77264263e-05
  1.36069952e-05 -1.05979587e-05 -4.76192757e-05  0.00000000e+00]","[ 0.          0.34636372 12.66107559  1.11214852 -1.38752115 -0.18783404
 -0.64929056  0.038383  ]"
1747093055.976044,"[ 0.         -0.22875009  0.85490054  2.93950453 -2.21660277 -0.00408476
  0.96006558  1.57091817]","[ 0.00000000e+00  1.06059781e-04  2.64349338e-05  4.77269018e-05
  2.59087567e-05 -1.05979587e-05 -3.70372172e-05  0.00000000e+00]","[ 0.          0.3259649  12.6408453   1.1285094  -1.35360718 -0.20090848
 -0.63577861  0.05297159]"
1747093055.9777687,"[ 0.         -0.22875009  0.85490054  2.93950453 -2.21660277 -0.00408476
  0.96006558  1.57091817]","[ 0.00000000e+00  1.06059781e-04  2.11479478e-05  4.77269018e-05
  2.59087567e-05 -1.05978530e-05 -3.70368514e-05  0.00000000e+00]","[ 0.          0.3058188  12.63248825  1.16467357 -1.35282922 -0.20590216
 -0.63352525  0.06281795]"
1747093055.9789405,"[ 0.         -0.22875009  0.85490054  2.93950507 -2.21660277 -0.00408476
  0.96006558  1.57091817]","[ 0.00000000e+00  1.00756792e-04  2.11479478e-05  5.30298904e-05
  2.52558015e-05 -1.06059783e-05 -3.70368514e-05  0.00000000e+00]","[ 0.          0.24885952 12.6270237   1.18012846 -1.37248945 -0.2045318
 -0.64516085  0.05451089]"
1747093055.9806778,"[ 0.         -0.22875009  0.85490054  2.9395056  -2.21660277 -0.00408476
  0.96006558  1.57091817]","[ 0.00000000e+00  1.00756792e-04  2.07112891e-05  5.83328791e-05
  2.46788936e-05 -1.05979587e-05 -3.70368514e-05  0.00000000e+00]","[ 0.          0.23087063 12.59847069  1.17619741 -1.39490926 -0.1976041
 -0.63616908  0.0561683 ]"
1747093055.9818726,"[ 0.         -0.22875009  0.85490101  2.9395056  -2.21660277 -0.00408476
  0.96006465  1.57091817]","[ 0.00000000e+00  1.00756792e-04  2.54021481e-05  5.56808321e-05
  2.41277535e-05 -1.06059783e-05 -4.76192757e-05  0.00000000e+00]","[ 0.          0.1895594  12.60035133  1.16985738 -1.43930578 -0.20563805
 -0.65103537  0.04815449]"
1747093055.9835706,"[ 0.         -0.22875009  0.85490101  2.9395056  -2.2166033  -0.00408476
  0.96006465  1.57091817]","[ 0.00000000e+00  1.00756792e-04  2.49331630e-05  5.56813848e-05
  1.20638767e-05 -1.06059783e-05 -4.76188043e-05  0.00000000e+00]","[ 0.          0.16752826 12.60203934  1.18992496 -1.48983848 -0.20031911
 -0.66093409  0.0433259 ]"
1747093055.9847624,"[ 0.         -0.22874956  0.85490101  2.9395056  -2.2166033  -0.00408476
  0.96006465  1.57091817]","[ 0.00000000e+00  1.00755793e-04  2.44811843e-05  5.56392812e-05
  1.20638767e-05 -1.05979587e-05 -4.76188043e-05  0.00000000e+00]","[ 0.          0.177728   12.62829399  1.19822717 -1.58170843 -0.21126248
 -0.69999439  0.05253695]"
1747093055.9864898,"[ 0.         -0.22874956  0.85490101  2.93950613 -2.2166033  -0.00408476
  0.96006465  1.57091817]","[ 0.00000000e+00  1.00756792e-04  2.44811843e-05  6.09843734e-05
  1.17805105e-05 -1.06059783e-05 -4.76188043e-05  0.00000000e+00]","[ 0.          0.17001066 12.64661121  1.19180775 -1.61130476 -0.20653965
 -0.69963956  0.05186476]"
1747093055.9882486,"[ 0.         -0.22874956  0.85490101  2.93950613 -2.2166033  -0.00408476
  0.96006465  1.57091817]","[ 0.00000000e+00  1.00756792e-04  2.40119107e-05  6.09837679e-05
  1.15290857e-05 -1.06058726e-05 -3.70372172e-05  0.00000000e+00]","[ 0.          0.13705708 12.70145988  1.19852376 -1.72905731 -0.18373549
 -0.70158303  0.0573165 ]"
1747093055.9894161,"[ 0.         -0.22874956  0.85490101  2.93950613 -2.2166033  -0.00408476
  0.96006465  1.57091817]","[ 0.00000000e+00  1.00755793e-04  2.40123455e-05  6.09843734e-05
  1.15480823e-05 -1.05979587e-05 -3.70372172e-05  0.00000000e+00]","[ 0.          0.13405584 12.75123882  1.21303511 -1.76945567 -0.18948559
 -0.70890802  0.06159671]"
1747093055.9911828,"[ 0.         -0.22874903  0.85490147  2.9395064  -2.2166033  -0.00408476
  0.96006465  1.57091817]","[ 0.00000000e+00  1.00681614e-04  3.30745297e-05  6.36358718e-05
  1.12881685e-05 -1.06059783e-05 -3.70368514e-05  0.00000000e+00]","[ 0.          0.14338934 12.84949398  1.20816994 -1.82379794 -0.19355322
 -0.70626593  0.0529854 ]"
1747093055.99232,"[ 0.         -0.22874903  0.85490147  2.9395064  -2.2166033  -0.00408476
  0.96006371  1.57091817]","[ 0.00000000e+00  1.00756792e-04  3.24623046e-05  6.36358718e-05
  1.12879287e-05 -1.06059783e-05 -4.76188043e-05  0.00000000e+00]","[ 0.          0.1244088  12.89380836  1.20539832 -1.84365034 -0.18665695
 -0.71273756  0.05248728]"
1747093055.994046,"[ 0.         -0.22874903  0.85490147  2.9395064  -2.2166033  -0.00408476
  0.96006371  1.57091817]","[ 0.00000000e+00  1.00680607e-04  3.19143462e-05  6.35871160e-05
  1.10394673e-05 -1.05979587e-05 -4.76547840e-05  0.00000000e+00]","[ 0.          0.1367857  12.98028851  1.18937564 -1.86998534 -0.19164523
 -0.73008627  0.05552398]"
1747093055.995744,"[ 0.         -0.22874903  0.85490194  2.9395064  -2.2166033  -0.00408476
  0.96006371  1.57091817]","[ 0.00000000e+00  1.00680607e-04  4.10327309e-05  6.36358718e-05
  1.10568842e-05 -1.06059783e-05 -4.76547840e-05  0.00000000e+00]","[ 0.          0.13551173 12.99824047  1.17126834 -1.8661201  -0.19213699
 -0.74669528  0.06057492]"
1747093055.9973993,"[ 0.         -0.22874903  0.85490194  2.93950693 -2.2166033  -0.00408476
  0.96006371  1.57091817]","[ 0.00000000e+00  1.00756792e-04  4.03000406e-05  6.89388604e-05
  1.08348874e-05 -1.05979587e-05 -4.76188043e-05  0.00000000e+00]","[ 0.          0.13879226 13.02745628  1.15016639 -1.86154747 -0.18218559
 -0.74362981  0.04624742]"
1747093055.998616,"[ 0.         -0.22874849  0.85490241  2.93950693 -2.2166033  -0.00408476
  0.96006371  1.57091817]","[ 0.00000000e+00  1.00756792e-04  4.41030221e-05  6.89395431e-05
  1.06059783e-05 -1.06059783e-05 -4.76188043e-05  0.00000000e+00]","[ 0.          0.15188093 13.05266953  1.13058746 -1.85018587 -0.17368644
 -0.7368257   0.03666294]"
1747093055.9997838,"[ 0.         -0.22874849  0.85490241  2.93950693 -2.2166033  -0.00408476
  0.96006371  1.57091817]","[ 0.00000000e+00  1.00756792e-04  4.41030221e-05  6.89388604e-05
  1.06059783e-05 -1.06059783e-05 -4.76192757e-05  0.00000000e+00]","[ 0.          0.15145871 13.0780735   1.10723007 -1.83761525 -0.16137436
 -0.7368257   0.03367117]"
1747093056.0015323,"[ 0.         -0.22874849  0.85490241  2.93950693 -2.2166033  -0.00408476
  0.96006371  1.57091817]","[ 0.00000000e+00  1.00756792e-04  4.33944536e-05  6.89388604e-05
  1.04017539e-05 -1.05819570e-05 -4.76192757e-05  0.00000000e+00]","[ 0.          0.14581116 13.0780735   1.07356203 -1.79786599 -0.15831316
 -0.72852701  0.047585  ]"
1747093056.0032575,"[ 0.         -0.22874849  0.85490241  2.93950693 -2.21660277 -0.00408476
  0.96006371  1.57091817]","[ 0.00000000e+00  1.00680607e-04  4.33400778e-05  6.88867318e-05
  2.08031015e-05 -1.05900569e-05 -4.76547840e-05  0.00000000e+00]","[ 0.          0.10391149 13.09249496  1.01681328 -1.75353801 -0.14995994
 -0.73308808  0.06062924]"
1747093056.0044456,"[ 0.         -0.22874796  0.85490241  2.93950693 -2.21660277 -0.00408476
  0.96006371  1.57091817]","[ 0.00000000e+00  1.06059781e-04  4.33937466e-05  6.89388604e-05
  2.04101007e-05 -1.05900569e-05 -4.76188043e-05  0.00000000e+00]","[ 0.          0.10365196 13.08322811  1.02645504 -1.71542132 -0.14217199
 -0.72019368  0.05490532]"
1747093056.006226,"[ 0.         -0.22874796  0.85490241  2.93950693 -2.2166025  -0.00408476
  0.96006371  1.57091817]","[ 0.00000000e+00  1.06059781e-04  4.26556231e-05  6.87827183e-05
  2.50395923e-05 -1.05819570e-05 -4.76547840e-05  0.00000000e+00]","[ 0.          0.09783234 13.04234219  0.99768001 -1.65338278 -0.12325314
 -0.70374238  0.05411506]"
1747093056.0073893,"[ 0.         -0.22874796  0.85490241  2.93950693 -2.2166025  -0.00408476
  0.96006371  1.57091817]","[ 0.00000000e+00  1.05979589e-04  4.19924499e-05  6.88867318e-05
  2.45837816e-05 -1.05900569e-05 -4.76192757e-05  0.00000000e+00]","[ 0.          0.10149668 13.03862667  0.98994744 -1.58449674 -0.13395135
 -0.70124066  0.04828756]"
1747093056.009134,"[ 0.         -0.22874796  0.85490241  2.93950693 -2.2166025  -0.00408476
  0.96006371  1.57091817]","[ 0.00000000e+00  1.06059781e-04  4.13008431e-05  6.89388604e-05
  2.89337726e-05 -1.05900569e-05 -4.76188043e-05  0.00000000e+00]","[ 0.          0.09776207 13.03316689  0.95583647 -1.51314008 -0.13564201
 -0.69436044  0.05397134]"
1747093056.0103085,"[ 0.         -0.22874796  0.85490287  2.93950693 -2.2166025  -0.00408476
  0.96006371  1.57091817]","[ 0.00000000e+00  1.06059781e-04  4.95610150e-05  6.89388604e-05
  2.89332524e-05 -1.05820616e-05 -4.76547840e-05  0.00000000e+00]","[ 0.          0.07095923 13.02649212  0.95412683 -1.47863412 -0.12144078
 -0.68778735  0.06553806]"
1747093056.0120645,"[ 0.         -0.22874796  0.85490287  2.93950693 -2.21660197 -0.00408476
  0.96006371  1.57091817]","[ 0.00000000e+00  1.00756792e-04  4.88713223e-05  6.88867318e-05
  3.79010012e-05 -1.05899522e-05 -4.76188043e-05  0.00000000e+00]","[ 0.          0.06541079 12.97498417  0.95816904 -1.38201714 -0.10893752
 -0.67490935  0.05963961]"
1747093056.0132642,"[ 0.         -0.22874796  0.85490287  2.93950693 -2.21660197 -0.00408476
  0.96006371  1.57091817]","[ 0.00000000e+00  1.00756792e-04  4.80903069e-05  6.89388604e-05
  3.72476579e-05 -1.05899522e-05 -3.70372172e-05  0.00000000e+00]","[ 0.          0.04196241 12.95363522  0.94078833 -1.35352874 -0.10985647
 -0.66207606  0.05943625]"
1747093056.015016,"[ 0.         -0.22874743  0.85490287  2.93950693 -2.21660197 -0.00408476
  0.96006371  1.57091817]","[ 0.00000000e+00  1.05979589e-04  4.73872082e-05  6.87827183e-05
  3.25917017e-05 -1.05899522e-05 -3.70368514e-05  0.00000000e+00]","[ 0.00000000e+00  5.84308198e-03  1.28909121e+01  9.08822119e-01
 -1.34763849e+00 -1.26022369e-01 -6.65951610e-01  5.25342375e-02]"
1747093056.0161982,"[ 0.         -0.22874743  0.85490287  2.93950693 -2.21660197 -0.00408476
  0.96006371  1.57091817]","[ 0.00000000e+00  1.06058724e-04  3.94887550e-05  6.87834010e-05
  3.19970621e-05 -1.05900569e-05 -3.70368514e-05  0.00000000e+00]","[ 0.00000000e+00  7.82636739e-03  1.28763342e+01  8.83546174e-01
 -1.34035671e+00 -1.24879189e-01 -6.63620591e-01  5.33191636e-02]"
1747093056.0179749,"[ 0.         -0.22874743  0.85490287  2.93950693 -2.21660197 -0.00408476
  0.96006371  1.57091817]","[ 0.00000000e+00  1.06059781e-04  3.89197408e-05  6.88346925e-05
  3.14645680e-05 -1.05819570e-05 -3.70368514e-05  0.00000000e+00]","[ 0.         -0.04649472 12.81794548  0.88215768 -1.35612595 -0.11980448
 -0.66507202  0.0757231 ]"
1747093056.0197484,"[ 0.         -0.22874743  0.85490287  2.93950693 -2.21660197 -0.00408476
  0.96006272  1.57091817]","[ 0.00000000e+00  1.05979589e-04  3.89203097e-05  6.87834010e-05
  3.15055155e-05 -1.05819570e-05 -4.76547840e-05  0.00000000e+00]","[ 0.         -0.05505242 12.80827045  0.88154334 -1.37156391 -0.1109044
 -0.66564184  0.08334266]"
1747093056.020947,"[ 0.         -0.22874743  0.85490287  2.93950693 -2.21660197 -0.00408476
  0.96006272  1.57091817]","[ 0.00000000e+00  1.06059781e-04  3.84083900e-05  6.88346925e-05
  3.09500252e-05 -1.05899522e-05 -3.70368514e-05  0.00000000e+00]","[ 0.         -0.10547831 12.77626991  0.87707305 -1.42549729 -0.11914711
 -0.6697771   0.07800311]"
1747093056.0236707,"[ 0.         -0.22874743  0.85490287  2.93950693 -2.21660197 -0.00408476
  0.96006272  1.57091817]","[ 0.00000000e+00  1.06058724e-04  3.78704140e-05  6.88346925e-05
  3.04515399e-05 -1.05819570e-05 -3.70368514e-05  0.00000000e+00]","[ 0.         -0.11240792 12.76983166  0.87022191 -1.46179092 -0.12536091
 -0.68322003  0.06626423]"
1747093056.0238712,"[ 0.         -0.22874743  0.85490287  2.93950693 -2.21660197 -0.00408476
  0.96006272  1.57091817]","[ 0.00000000e+00  1.06059781e-04  3.73467747e-05  6.88346925e-05
  3.04510421e-05 -1.05899522e-05 -3.70372172e-05  0.00000000e+00]","[ 0.         -0.15542416 12.75326824  0.85677999 -1.55249012 -0.12421143
 -0.68722326  0.06003198]"
1747093056.0255668,"[ 0.         -0.22874743  0.85490334  2.93950693 -2.21660197 -0.00408476
  0.96006272  1.57091817]","[ 0.00000000e+00  1.06059781e-04  3.68374191e-05  6.35397134e-05
  2.99683767e-05 -1.05899522e-05 -3.70644640e-05  0.00000000e+00]","[ 0.         -0.14779496 12.74058723  0.86485326 -1.60608065 -0.12514225
 -0.67722428  0.07287701]"
1747093056.0272245,"[ 0.         -0.22874743  0.85490334  2.93950693 -2.21660197 -0.00408476
  0.96006272  1.57091817]","[ 0.00000000e+00  1.05978532e-04  3.68374191e-05  6.35397134e-05
  2.95007712e-05 -1.05900569e-05 -3.70651995e-05  0.00000000e+00]","[ 0.         -0.18292134 12.74612045  0.87447828 -1.64978755 -0.12284779
 -0.67682117  0.06761368]"
1747093056.0284133,"[ 0.         -0.22874743  0.85490334  2.93950693 -2.21660197 -0.00408476
  0.96006272  1.57091817]","[ 0.00000000e+00  1.00756792e-04  3.63036206e-05  6.35397134e-05
  2.95007712e-05 -1.05900569e-05 -3.70368514e-05  0.00000000e+00]","[ 0.         -0.22109209 12.75731182  0.90293539 -1.70011389 -0.11032989
 -0.70594901  0.06023663]"
1747093056.0301926,"[ 0.         -0.22874743  0.85490334  2.93950693 -2.21660197 -0.00408476
  0.96006272  1.57091817]","[ 0.00000000e+00  1.00756792e-04  3.63036206e-05  5.82447383e-05
  2.90131785e-05  0.00000000e+00 -3.70648338e-05  0.00000000e+00]","[ 0.         -0.24414416 12.77506924  0.88255149 -1.70914543 -0.11032989
 -0.7043004   0.05990052]"
1747093056.0327272,"[ 0.         -0.22874796  0.85490334  2.93950693 -2.21660197 -0.00408476
  0.96006272  1.57091817]","[ 0.00000000e+00  9.53816248e-05  3.58587960e-05  5.82007654e-05
  2.85742523e-05  0.00000000e+00 -3.70651995e-05  0.00000000e+00]","[ 0.         -0.26676092 12.7861805   0.90861267 -1.7858355  -0.11711329
 -0.7050758   0.08739947]"
1747093056.03305,"[ 0.         -0.22874796  0.85490374  2.93950746 -2.21660197 -0.00408476
  0.96006272  1.57091817]","[ 0.00000000e+00  9.54538036e-05  4.24667563e-05  6.08456441e-05
  2.86080173e-05  0.00000000e+00 -3.70368514e-05  0.00000000e+00]","[ 0.         -0.2857973  12.81183434  0.9146663  -1.79627419 -0.12963974
 -0.71149665  0.08523433]"
1747093056.0342286,"[ 0.         -0.22874743  0.85490374  2.93950746 -2.21660197 -0.00408476
  0.96006272  1.57091817]","[ 0.00000000e+00  1.00756792e-04  4.18757943e-05  6.08922258e-05
  2.81488337e-05  0.00000000e+00 -3.70372172e-05  0.00000000e+00]","[ 0.         -0.30733788 12.81014824  0.92342657 -1.81426775 -0.13336284
 -0.71880084  0.07824457]"
1747093056.0359728,"[ 0.         -0.22874796  0.85490374  2.93950746 -2.21660197 -0.00408476
  0.96006272  1.57091817]","[ 0.00000000e+00  9.53806739e-05  4.18757943e-05  5.55552731e-05
  2.01063095e-05  0.00000000e+00 -3.70368514e-05  0.00000000e+00]","[ 0.         -0.34273523 12.83597183  0.92431933 -1.77648616 -0.14290108
 -0.71951306  0.06370407]"
1747093056.0377502,"[ 0.         -0.22874796  0.85490374  2.93950746 -2.21660197 -0.00408476
  0.96006272  1.57091817]","[ 0.00000000e+00  9.01508150e-05  4.13010585e-05  5.02642966e-05
  1.98113547e-05  0.00000000e+00 -3.70368514e-05  0.00000000e+00]","[ 0.         -0.34903872 12.83725548  0.91944951 -1.79309988 -0.14126632
 -0.72066754  0.0534447 ]"
1747093056.0389025,"[ 0.         -0.22874796  0.8549042   2.93950746 -2.21660144 -0.00408476
  0.96006272  1.57091817]","[ 0.00000000e+00  9.00826511e-05  4.75782937e-05  5.02642966e-05
  2.73048702e-05  0.00000000e+00 -3.70648338e-05  0.00000000e+00]","[ 0.         -0.3687048  12.84498692  0.91675764 -1.77000797 -0.13204391
 -0.72100246  0.06134428]"
1747093056.0406156,"[ 0.         -0.22874796  0.8549042   2.93950746 -2.21660144 -0.00408476
  0.96006272  1.57091817]","[ 0.00000000e+00  9.00826511e-05  4.75782937e-05  5.02642966e-05
  2.73044699e-05  0.00000000e+00 -3.70368514e-05  0.00000000e+00]","[ 0.         -0.3700102  12.83050823  0.91841525 -1.75759542 -0.13657843
 -0.72465301  0.05968992]"
1747093056.0417955,"[ 0.         -0.22874796  0.8549042   2.93950746 -2.21660144 -0.00408476
  0.96006272  1.57091817]","[ 0.00000000e+00  8.48478263e-05  4.69864986e-05  4.49733161e-05
  2.69157645e-05  0.00000000e+00 -3.70368514e-05  0.00000000e+00]","[ 0.         -0.37837952 12.83909416  0.92792165 -1.688604   -0.13731737
 -0.70998096  0.05829163]"
1747093056.0435672,"[ 0.         -0.22874796  0.8549042   2.93950746 -2.21660144 -0.00408476
  0.96006272  1.57091817]","[ 0.00000000e+00  7.94846874e-05  4.64098204e-05  4.49733161e-05
  2.69157645e-05  0.00000000e+00 -3.70648338e-05  0.00000000e+00]","[ 0.         -0.37832099 12.85783958  0.92902189 -1.63653982 -0.14267708
 -0.71574891  0.06242331]"
1747093056.0447445,"[ 0.         -0.22874796  0.8549042   2.93950746 -2.21660091 -0.00408476
  0.96006272  1.57091817]","[ 0.00000000e+00  7.42418490e-05  4.58471211e-05  4.49737631e-05
  2.64806703e-05  0.00000000e+00 -3.70372172e-05  0.00000000e+00]","[ 0.         -0.36910853 12.89469719  0.95541161 -1.57170033 -0.15581788
 -0.71499044  0.07533421]"
1747093056.0464537,"[ 0.         -0.22874796  0.85490467  2.93950746 -2.21660091 -0.00408476
  0.96006272  1.57091817]","[ 0.00000000e+00  6.89381696e-05  5.23471466e-05  4.23598089e-05
  2.65375920e-05  0.00000000e+00 -2.91661490e-05  0.00000000e+00]","[ 0.         -0.36941645 12.9139719   0.95169044 -1.55235577 -0.14913109
 -0.71951127  0.07964066]"
1747093056.0481918,"[ 0.         -0.22874796  0.85490467  2.93950746 -2.21660091 -0.00408476
  0.96006272  1.57091817]","[ 0.00000000e+00  6.35877499e-05  5.17212818e-05  4.23278279e-05
  2.61423745e-05  0.00000000e+00 -2.91223691e-05  0.00000000e+00]","[ 0.         -0.32492286 12.96270943  0.96371537 -1.49462652 -0.15616676
 -0.70587897  0.06853355]"
1747093056.0493138,"[ 0.         -0.22874796  0.85490467  2.93950746 -2.21660064 -0.00408476
  0.96006272  1.57091817]","[ 0.00000000e+00  5.83328791e-05  5.10630418e-05  3.70368514e-05
  2.90730180e-05  0.00000000e+00 -2.91664395e-05  0.00000000e+00]","[ 0.         -0.28830215 12.94967937  0.98103929 -1.44994235 -0.16053209
 -0.70796043  0.06460541]"
1747093056.0512981,"[ 0.         -0.22874796  0.85490514  2.93950746 -2.21660064 -0.00408476
  0.96006272  1.57091817]","[ 0.00000000e+00  5.82887721e-05  5.43032875e-05  3.70372172e-05
  2.90132354e-05  0.00000000e+00 -2.91664395e-05  0.00000000e+00]","[ 0.         -0.2703855  12.95983601  0.99437749 -1.43142748 -0.16496922
 -0.70582837  0.07171058]"
1747093056.052936,"[ 0.         -0.22874796  0.85490514  2.939508   -2.21660064 -0.00408476
  0.96006272  1.57091817]","[ 0.00000000e+00  4.76908124e-05  5.36692141e-05  4.23282464e-05
  2.86288293e-05  0.00000000e+00 -2.91440955e-05  0.00000000e+00]","[ 0.         -0.22721903 12.99246502  1.02185476 -1.422382   -0.15842225
 -0.68039584  0.08369084]"
1747093056.0546772,"[ 0.         -0.22874796  0.8549056   2.93950826 -2.21660064 -0.00408476
  0.96006272  1.57091817]","[ 0.00000000e+00  4.23278279e-05  5.85608220e-05  4.50072964e-05
  2.85992377e-05  0.00000000e+00 -2.91664395e-05  0.00000000e+00]","[ 0.         -0.18885846 13.02825451  1.03178883 -1.41080534 -0.15690741
 -0.68778592  0.07403113]"
1747093056.0564566,"[ 0.         -0.22874796  0.8549056   2.93950826 -2.21660011 -0.00408476
  0.96006272  1.57091817]","[ 0.00000000e+00  4.23278279e-05  5.85608220e-05  4.49733161e-05
  3.57855566e-05  0.00000000e+00 -2.91443860e-05  0.00000000e+00]","[ 0.         -0.18011968 13.0535841   1.05056906 -1.40121448 -0.16065449
 -0.69681972  0.06982575]"
1747093056.058242,"[ 0.         -0.22874796  0.85490607  2.93950826 -2.21660011 -0.00408476
  0.96006272  1.57091817]","[ 0.00000000e+00  3.70648338e-05  6.39955871e-05  4.49737631e-05
  4.23811553e-05  0.00000000e+00 -2.91443860e-05  0.00000000e+00]","[ 0.         -0.11743212 13.07731533  1.06371009 -1.38521993 -0.1564299
 -0.70719504  0.0676548 ]"
1747093056.060016,"[ 0.         -0.22874743  0.85490607  2.93950879 -2.21660011 -0.00408476
  0.96006178  1.57091817]","[ 0.00000000e+00  3.70372172e-05  6.32808866e-05  5.02642966e-05
  4.17925584e-05  0.00000000e+00 -3.70928568e-05  0.00000000e+00]","[ 0.         -0.04406841 13.11148357  1.09767401 -1.41433632 -0.16029815
 -0.71296006  0.06713056]"
1747093056.062326,"[ 0.         -0.22874743  0.85490653  2.93950933 -2.21660011 -0.00408476
  0.96006178  1.57091817]","[ 0.00000000e+00  3.70648338e-05  6.55628031e-05  5.55552731e-05
  4.12605316e-05  0.00000000e+00 -3.71209245e-05  0.00000000e+00]","[ 0.          0.02807501 13.13475418  1.161816   -1.45928943 -0.19522019
 -0.71675301  0.06630757]"
1747093056.0641284,"[ 0.         -0.22874743  0.85490653  2.93950959 -2.21660011 -0.00408476
  0.96006178  1.57091817]","[ 0.00000000e+00  3.70368514e-05  6.47928083e-05  5.29497591e-05
  4.07024446e-05  0.00000000e+00 -3.71209245e-05  0.00000000e+00]","[ 0.          0.09828589 13.1748476   1.23946452 -1.47996283 -0.19952939
 -0.71630162  0.07608239]"
1747093056.065891,"[ 0.         -0.22874743  0.854907    2.93951013 -2.21660011 -0.00408476
  0.96006178  1.57091817]","[ 0.00000000e+00  3.70648338e-05  6.91737644e-05  5.82007654e-05
  4.02356031e-05  0.00000000e+00 -3.70928568e-05  0.00000000e+00]","[ 0.          0.18098164 13.18457413  1.27795804 -1.48881578 -0.20981546
 -0.70936924  0.08089866]"
1747093056.067707,"[ 0.         -0.2287469   0.854907    2.93951066 -2.21660011 -0.00408476
  0.96006178  1.57091817]","[ 0.00000000e+00  4.23282464e-05  6.91737644e-05  6.35397134e-05
  3.97047223e-05  0.00000000e+00 -3.70928568e-05  0.00000000e+00]","[ 0.          0.27140301 13.19392014  1.34843385 -1.52492261 -0.21856581
 -0.72555405  0.10015705]"
1747093056.0700796,"[ 0.         -0.2287469   0.85490747  2.93951146 -2.21660011 -0.00408476
  0.96006178  1.57091817]","[ 0.00000000e+00  3.70648338e-05  7.33723149e-05  7.14282106e-05
  3.92242187e-05  0.00000000e+00 -3.70924870e-05  0.00000000e+00]","[ 0.          0.34506777 13.22593021  1.39733481 -1.58730841 -0.2371017
 -0.74538159  0.08458183]"
1747093056.0718396,"[ 0.         -0.22874636  0.85490793  2.93951252 -2.21660011 -0.00408476
  0.96006178  1.57091817]","[ 0.00000000e+00  4.23278279e-05  7.81370310e-05  8.20721262e-05
  3.91876661e-05  0.00000000e+00 -3.70928568e-05  0.00000000e+00]","[ 0.          0.37436906 13.25518894  1.45968866 -1.60125077 -0.23984839
 -0.7432465   0.0853423 ]"
1747093056.0741947,"[ 0.         -0.22874636  0.85490793  2.93951306 -2.21660011 -0.00408476
  0.96006178  1.57091817]","[ 0.00000000e+00  4.23278279e-05  7.73379851e-05  8.47196178e-05
  3.87547399e-05  0.00000000e+00 -3.71209245e-05  0.00000000e+00]","[ 0.          0.44969341 13.22999763  1.51368904 -1.62347376 -0.26247716
 -0.73331326  0.06837887]"
1747093056.0758843,"[ 0.         -0.2287453   0.85490833  2.93951385 -2.21659958 -0.00408476
  0.96006178  1.57091817]","[ 0.00000000e+00  5.29097849e-05  7.84340602e-05  9.26620845e-05
  4.46395067e-05  0.00000000e+00 -3.70928568e-05  0.00000000e+00]","[ 0.          0.55663925 13.2641983   1.55907083 -1.60204732 -0.25178912
 -0.71772546  0.05477297]"
1747093056.0782468,"[ 0.         -0.22874476  0.85490833  2.93951465 -2.21659958 -0.00408476
  0.96006178  1.57091817]","[ 0.00000000e+00  5.29097849e-05  7.76564543e-05  1.00528593e-04
  4.41186794e-05  0.00000000e+00 -3.71205547e-05  0.00000000e+00]","[ 0.          0.60878909 13.27773094  1.58873332 -1.56950653 -0.2745578
 -0.72039127  0.05918404]"
1747093056.0799997,"[ 0.         -0.22874423  0.8549088   2.93951519 -2.21659904 -0.00408476
  0.96006178  1.57091817]","[ 0.00000000e+00  5.82013384e-05  8.21963279e-05  1.00604543e-04
  4.98836088e-05  0.00000000e+00 -3.70928568e-05  0.00000000e+00]","[ 0.          0.68100476 13.30497551  1.66322684 -1.52790844 -0.25904348
 -0.73401427  0.07152724]"
1747093056.0817018,"[ 0.         -0.2287437   0.85490926  2.93951625 -2.21659904 -0.00408476
  0.96006178  1.57091817]","[ 0.00000000e+00  6.34917418e-05  8.21963279e-05  1.05819570e-04
  4.92710362e-05  0.00000000e+00 -2.91664395e-05  0.00000000e+00]","[ 0.          0.75205827 13.26505852  1.68044937 -1.47041726 -0.25262436
 -0.72148621  0.06618596]"
1747093056.08401,"[ 0.         -0.22874317  0.85490926  2.93951652 -2.21659904 -0.00408476
  0.96006178  1.57091817]","[ 0.00000000e+00  6.87827183e-05  8.22585670e-05  1.08547010e-04
  4.87156190e-05  0.00000000e+00 -2.91664395e-05  0.00000000e+00]","[ 0.          0.80683494 13.29212379  1.70354843 -1.42933834 -0.2767036
 -0.71435171  0.05729371]"
1747093056.0857217,"[ 0.         -0.22874263  0.85490973  2.93951705 -2.21659878 -0.00408476
  0.96006178  1.57091817]","[ 0.00000000e+00  6.87834010e-05  8.74993247e-05  1.13841985e-04
  5.11394305e-05  0.00000000e+00 -2.91664395e-05  0.00000000e+00]","[ 0.          0.83682054 13.30514812  1.72315657 -1.41382349 -0.27104914
 -0.73248112  0.06542148]"
1747093056.0874383,"[ 0.         -0.2287421   0.8549102   2.93951758 -2.21659878 -0.00408476
  0.96006178  1.5709191 ]","[ 0.00000000e+00  7.40737029e-05  9.01508150e-05  1.13841985e-04
  5.05761420e-05  0.00000000e+00 -2.91443860e-05  1.06059783e-05]","[ 0.          0.88164228 13.33611298  1.7213676  -1.39897275 -0.24878755
 -0.73679012  0.07452874]"
1747093056.0892534,"[ 0.         -0.22874157  0.8549102   2.93951758 -2.21659824 -0.00408476
  0.96006178  1.5709191 ]","[ 0.00000000e+00  7.93646793e-05  9.01508150e-05  1.13843115e-04
  5.58635221e-05  0.00000000e+00 -2.91440955e-05  1.05978530e-05]","[ 0.          0.88244796 13.3419342   1.72069407 -1.3815912  -0.23865323
 -0.7374745   0.08283886]"
1747093056.0909488,"[ 0.         -0.22874104  0.8549102   2.93951785 -2.21659824 -0.00408476
  0.96006178  1.5709191 ]","[ 0.00000000e+00  8.47196178e-05  8.74984469e-05  1.13841985e-04
  5.53078652e-05  0.00000000e+00 -2.91664395e-05  1.06059783e-05]","[ 0.          0.88771921 13.37204838  1.69168162 -1.36493707 -0.23591217
 -0.73249352  0.09837317]"
1747093056.0926414,"[ 0.         -0.22874104  0.85491066  2.93951785 -2.21659824 -0.00408476
  0.96006178  1.5709191 ]","[ 0.00000000e+00  7.93646793e-05  9.02190763e-05  1.13841985e-04
  5.47175534e-05  0.00000000e+00 -1.85464284e-05  1.06059783e-05]","[ 0.          0.88933533 13.3839674   1.67750823 -1.36612391 -0.25267753
 -0.73451656  0.09634444]"
1747093056.0937352,"[ 0.         -0.2287405   0.85491113  2.93951838 -2.21659824 -0.00408476
  0.96006178  1.5709191 ]","[ 0.00000000e+00  8.46556558e-05  9.54538036e-05  1.19136960e-04
  5.40963049e-05  0.00000000e+00 -1.85464284e-05  1.06059783e-05]","[ 0.          0.89257723 13.40460873  1.63194931 -1.3856957  -0.24571937
 -0.71188837  0.08065359]"
1747093056.095425,"[ 0.         -0.2287405   0.85491113  2.93951838 -2.21659824 -0.00408476
  0.96006178  1.5709191 ]","[ 0.00000000e+00  8.47196178e-05  9.01508150e-05  1.19136960e-04
  5.40963049e-05  0.00000000e+00 -1.85466133e-05  1.06058726e-05]","[ 0.          0.89688379 13.40258884  1.61639369 -1.39553535 -0.24086262
 -0.70615375  0.08227307]"
1747093056.0971847,"[ 0.         -0.22873997  0.85491159  2.93951891 -2.21659824 -0.00408476
  0.96006178  1.5709191 ]","[ 0.00000000e+00  8.99466322e-05  9.54528527e-05  1.19136960e-04
  5.35325775e-05  0.00000000e+00 -1.85464284e-05  1.06059783e-05]","[ 0.          0.84284949 13.41302204  1.57609594 -1.42958093 -0.22571702
 -0.71171063  0.07290591]"
1747093056.0984287,"[ 0.         -0.22873944  0.85491206  2.93951891 -2.21659824 -0.00408476
  0.96006178  1.5709191 ]","[ 0.00000000e+00  9.00145929e-05  9.54538036e-05  1.19136960e-04
  4.74025891e-05  0.00000000e+00 -1.85604623e-05  1.06059783e-05]","[ 0.          0.80667597 13.42750359  1.51797891 -1.45104647 -0.21612422
 -0.73238528  0.07158855]"
1747093056.1001537,"[ 0.         -0.22873944  0.85491206  2.93951891 -2.21659824 -0.00408476
  0.96006178  1.5709191 ]","[ 0.00000000e+00  9.00145929e-05  9.54538036e-05  1.19136960e-04
  4.74025891e-05  0.00000000e+00 -1.85464284e-05  1.06059783e-05]","[ 0.          0.77940494 13.431036    1.51380098 -1.49510288 -0.22503337
 -0.73819542  0.0741154 ]"
1747093056.1017962,"[ 0.         -0.22873891  0.85491246  2.93951945 -2.21659824 -0.00408476
  0.96006178  1.5709191 ]","[ 0.00000000e+00  9.52376087e-05  1.00755793e-04  1.24433170e-04
  4.68812986e-05  0.00000000e+00 -1.85462435e-05  1.05979587e-05]","[ 0.          0.75405997 13.45366764  1.48886645 -1.52253234 -0.21227042
 -0.7497462   0.08098031]"
1747093056.102972,"[ 0.         -0.22873891  0.85491246  2.93951945 -2.21659824 -0.00408476
  0.96006178  1.5709191 ]","[ 0.00000000e+00  9.52376087e-05  1.00756792e-04  1.24431935e-04
  4.41235761e-05  0.00000000e+00 -1.85464284e-05  1.06059783e-05]","[ 0.          0.72219086 13.42303371  1.46355283 -1.55624676 -0.20351815
 -0.74509293  0.08310755]"
1747093056.1047878,"[ 0.         -0.22873837  0.85491293  2.93951971 -2.21659824 -0.00408476
  0.96006178  1.5709191 ]","[ 0.00000000e+00  9.52376087e-05  1.06059781e-04  1.27079427e-04
  4.36771748e-05  0.00000000e+00 -1.85464284e-05  1.06059783e-05]","[ 0.          0.6524682  13.39219379  1.39650571 -1.60905349 -0.1998917
 -0.75135416  0.08394836]"
1747093056.1058965,"[ 0.         -0.22873837  0.85491293  2.93951971 -2.21659824 -0.00408476
  0.96006085  1.5709191 ]","[ 0.00000000e+00  9.52376087e-05  1.06059781e-04  1.26983484e-04
  4.37116752e-05  0.00000000e+00 -2.91443860e-05  1.06059783e-05]","[ 0.          0.60290718 13.37569237  1.38387179 -1.65429306 -0.19768739
 -0.74809361  0.09038069]"
1747093056.1076114,"[ 0.         -0.22873837  0.85491293  2.93951971 -2.21659824 -0.00408476
  0.96006085  1.5709191 ]","[ 0.00000000e+00  9.53095680e-05  1.06060837e-04  1.27080686e-04
  4.32401524e-05  0.00000000e+00 -2.91440955e-05  1.06059783e-05]","[ 0.          0.54014909 13.3130331   1.33563828 -1.69995439 -0.19446906
 -0.75375879  0.08963965]"
1747093056.1087768,"[ 0.         -0.22873837  0.85491293  2.93951971 -2.21659824 -0.00408476
  0.96006085  1.5709191 ]","[ 0.00000000e+00  9.53095680e-05  1.06059781e-04  1.27079427e-04
  4.32405912e-05  0.00000000e+00 -2.91443860e-05  1.06059783e-05]","[ 0.          0.50314087 13.30193329  1.30806828 -1.71612549 -0.17135391
 -0.76425529  0.09463633]"
1747093056.1105778,"[ 0.         -0.22873837  0.85491339  2.93951971 -2.21659824 -0.00408476
  0.96006085  1.5709191 ]","[ 0.00000000e+00  9.52385514e-05  1.06059781e-04  1.27079427e-04
  4.27795567e-05  0.00000000e+00 -2.91443860e-05  1.06059783e-05]","[ 0.          0.45614982 13.26663876  1.32541084 -1.71167529 -0.175272
 -0.7587527   0.09699722]"
1747093056.1123888,"[ 0.         -0.22873837  0.85491339  2.93952025 -2.21659824 -0.00408476
  0.96006085  1.5709191 ]","[ 0.00000000e+00  9.53095680e-05  1.05979589e-04  1.32374402e-04
  4.23602275e-05  0.00000000e+00 -2.91443860e-05  1.06059783e-05]","[ 0.          0.34228623 13.17466831  1.2778039  -1.71412766 -0.1591495
 -0.75760263  0.09713606]"
1747093056.1138651,"[ 0.         -0.22873837  0.85491339  2.93952025 -2.21659824 -0.00408476
  0.96006085  1.5709191 ]","[ 0.00000000e+00  9.53095680e-05  1.06059781e-04  1.32375710e-04
  3.70648338e-05  0.00000000e+00 -2.91443860e-05  1.06059783e-05]","[ 0.          0.24240713 13.13547897  1.22941101 -1.71530414 -0.15014374
 -0.75079405  0.09951492]"
1747093056.116199,"[ 0.         -0.22873837  0.85491339  2.93952025 -2.21659824 -0.00408476
  0.96006085  1.5709191 ]","[ 0.00000000e+00  9.00145929e-05  1.05979589e-04  1.32574732e-04
  3.70648338e-05  0.00000000e+00 -2.91443860e-05  1.06059783e-05]","[ 0.          0.13685705 13.04656219  1.17693567 -1.71315014 -0.16722149
 -0.75121713  0.10201712]"
1747093056.1174316,"[ 0.         -0.22873837  0.85491339  2.93952025 -2.21659824 -0.00408476
  0.96006085  1.5709191 ]","[ 0.00000000e+00  9.00154869e-05  1.05979589e-04  1.32573407e-04
  3.70928568e-05  0.00000000e+00 -2.91443860e-05  1.06059783e-05]","[ 0.          0.09307402 13.02206135  1.14781845 -1.71661198 -0.14945355
 -0.74784815  0.10605642]"
1747093056.1191921,"[ 0.         -0.22873837  0.85491339  2.93952025 -2.21659771 -0.00408476
  0.96006085  1.5709191 ]","[ 0.00000000e+00  8.99466322e-05  1.06059781e-04  1.32474482e-04
  4.23598089e-05  0.00000000e+00 -1.85464284e-05  1.06059783e-05]","[ 0.00000000e+00 -1.05898746e-03  1.29203320e+01  1.08198881e+00
 -1.69983578e+00 -1.30361855e-01 -7.42333353e-01  1.14989296e-01]"
1747093056.1203716,"[ 0.         -0.22873837  0.85491339  2.93952025 -2.21659771 -0.00408476
  0.96006085  1.5709191 ]","[ 0.00000000e+00  9.00145929e-05  1.06059781e-04  1.32574732e-04
  4.23598089e-05  0.00000000e+00 -1.85602774e-05  1.06060839e-05]","[ 0.         -0.04928976 12.87346363  1.07061136 -1.70842576 -0.12732074
 -0.72808796  0.10651208]"
1747093056.1221547,"[ 0.         -0.22873891  0.85491339  2.93952025 -2.21659771 -0.00408476
  0.96006085  1.5709191 ]","[ 0.00000000e+00  8.47196178e-05  1.06058724e-04  1.32474482e-04
  4.23598089e-05  0.00000000e+00 -1.85464284e-05  1.06059783e-05]","[ 0.         -0.10316451 12.80795288  1.05805957 -1.69751275 -0.12508786
 -0.73081428  0.10126461]"
1747093056.1238575,"[ 0.         -0.22873891  0.85491339  2.93952025 -2.21659771 -0.00408476
  0.96006085  1.5709191 ]","[ 0.00000000e+00  8.47196178e-05  1.06059781e-04  1.32574732e-04
  4.23598089e-05  0.00000000e+00 -1.85604623e-05  1.06059783e-05]","[ 0.         -0.20091623 12.71464443  1.02418864 -1.6747613  -0.15396646
 -0.72402865  0.10290682]"
1747093056.1255703,"[ 0.         -0.22873891  0.85491339  2.93952025 -2.21659771 -0.00408476
  0.96006085  1.5709191 ]","[ 0.00000000e+00  8.47204549e-05  1.00756792e-04  1.32574732e-04
  4.23598089e-05  0.00000000e+00 -1.85604623e-05  1.06059783e-05]","[ 0.         -0.22703187 12.70280933  1.01690638 -1.66643476 -0.14982526
 -0.71330124  0.09139906]"
1747093056.1267598,"[ 0.         -0.22873891  0.85491339  2.93952025 -2.21659771 -0.00408476
  0.96006085  1.5709191 ]","[ 0.00000000e+00  8.47196178e-05  1.00756792e-04  1.32473165e-04
  4.23598089e-05  0.00000000e+00 -1.85462435e-05  1.06059783e-05]","[ 0.         -0.26329398 12.66163731  0.96689898 -1.62801576 -0.13692927
 -0.71595222  0.08944272]"
1747093056.1285262,"[ 0.         -0.22873891  0.85491339  2.93952025 -2.21659744 -0.00408476
  0.96006085  1.5709191 ]","[ 0.00000000e+00  8.47204549e-05  1.00756792e-04  1.32474482e-04
  4.50072964e-05  0.00000000e+00 -1.85604623e-05  1.06059783e-05]","[ 0.         -0.29240626 12.63335609  0.96596408 -1.6061331  -0.13015918
 -0.70712137  0.07805224]"
1747093056.1297302,"[ 0.         -0.22873891  0.85491339  2.93952025 -2.21659744 -0.00408476
  0.96006085  1.5709191 ]","[ 0.00000000e+00  8.47196178e-05  1.00756792e-04  1.32574732e-04
  4.50072964e-05  0.00000000e+00 -1.85184257e-05  1.05899522e-05]","[ 0.         -0.32815921 12.62632561  0.93594968 -1.59977734 -0.09469641
 -0.71081573  0.09400056]"
1747093056.131418,"[ 0.         -0.22873891  0.85491339  2.93952025 -2.21659744 -0.00408476
  0.96006085  1.5709191 ]","[ 0.00000000e+00  8.46556558e-05  1.00756792e-04  1.32474482e-04
  4.50072964e-05  0.00000000e+00 -1.85184257e-05  1.05899522e-05]","[ 0.         -0.3395713  12.62915802  0.91126651 -1.59012949 -0.08743508
 -0.69996637  0.09639992]"
1747093056.133232,"[ 0.         -0.22873944  0.85491386  2.93952025 -2.21659744 -0.00408369
  0.96006085  1.5709191 ]","[ 0.00000000e+00  8.47196178e-05  1.00756792e-04  1.27273011e-04
  4.50077435e-05  1.05979587e-05 -1.85186086e-05  1.05900569e-05]","[ 0.         -0.39740205 12.65415001  0.85331339 -1.57573378 -0.10860274
 -0.70976144  0.10475437]"
1747093056.1344042,"[ 0.         -0.22873944  0.85491386  2.93952025 -2.21659744 -0.00408369
  0.96006085  1.5709191 ]","[ 0.00000000e+00  8.47196178e-05  1.00755793e-04  1.27176768e-04
  4.50068494e-05  1.05979587e-05 -1.85184257e-05  1.05899522e-05]","[ 0.         -0.41732803 12.67706299  0.85578007 -1.57466221 -0.10888346
 -0.70773351  0.10062827]"
1747093056.1361632,"[ 0.         -0.22873944  0.85491386  2.93952025 -2.21659691 -0.00408369
  0.96006085  1.5709191 ]","[ 0.00000000e+00  7.94254229e-05  1.00756792e-04  1.27271744e-04
  5.03022715e-05  1.06060839e-05 -1.85184257e-05  1.05899522e-05]","[ 0.         -0.41857845 12.6895628   0.85167474 -1.59563136 -0.10176467
 -0.69087809  0.10728161]"
1747093056.137364,"[ 0.         -0.22873944  0.85491386  2.93952025 -2.21659691 -0.00408369
  0.96006085  1.5709191 ]","[ 0.00000000e+00  8.47196178e-05  1.00833083e-04  1.27271744e-04
  5.03022715e-05  1.05979587e-05 -1.85184257e-05  1.05899522e-05]","[ 0.         -0.40479627 12.69992352  0.84176356 -1.59444797 -0.09051003
 -0.69087809  0.10654321]"
1747093056.1390598,"[ 0.         -0.22873944  0.85491386  2.93952025 -2.21659691 -0.00408369
  0.96006085  1.5709191 ]","[ 0.00000000e+00  8.47196178e-05  9.54528527e-05  1.27271744e-04
  4.50413255e-05  1.06059783e-05 -1.85184257e-05  1.05900569e-05]","[ 0.         -0.39460656 12.73848915  0.80722672 -1.58659625 -0.09324225
 -0.70385003  0.09262701]"
1747093056.1402252,"[ 0.         -0.22873944  0.85491386  2.93952025 -2.21659691 -0.00408369
  0.96006085  1.5709191 ]","[ 0.00000000e+00  8.47196178e-05  9.54528527e-05  1.27271744e-04
  4.50072964e-05  1.06059783e-05 -1.85046377e-05  1.05899522e-05]","[ 0.         -0.40207481 12.77883911  0.79788619 -1.59932458 -0.09084375
 -0.71379882  0.08259809]"
1747093056.1419969,"[ 0.         -0.22873944  0.85491432  2.93952025 -2.21659691 -0.00408369
  0.96006085  1.5709191 ]","[ 0.00000000e+00  8.47204549e-05  1.00756792e-04  1.27175500e-04
  4.50072964e-05  1.05979587e-05 -1.85184257e-05  1.05899522e-05]","[ 0.         -0.39236316 12.83076286  0.8033523  -1.59197676 -0.10005122
 -0.72865862  0.07410961]"
1747093056.1437187,"[ 0.         -0.22873944  0.85491432  2.93952025 -2.21659691 -0.00408369
  0.96006085  1.5709191 ]","[ 0.00000000e+00  8.47204549e-05  1.00756792e-04  1.27271744e-04
  4.50072964e-05  1.05979587e-05 -1.85044548e-05  1.05899522e-05]","[ 0.         -0.37487739 12.88695526  0.79362106 -1.62252057 -0.11398982
 -0.72108829  0.08746881]"
1747093056.1460466,"[ 0.         -0.22873944  0.85491479  2.93952025 -2.21659691 -0.00408369
  0.96006085  1.5709191 ]","[ 0.00000000e+00  8.47196178e-05  1.00605543e-04  1.27271744e-04
  3.97724188e-05  1.05979587e-05 -1.85184257e-05  1.05899522e-05]","[ 0.         -0.34946549 12.9191103   0.78526998 -1.62599075 -0.08477081
 -0.72934133  0.10355627]"
1747093056.1477456,"[ 0.         -0.22873944  0.85491526  2.93952025 -2.21659638 -0.00408369
  0.96006085  1.5709191 ]","[ 0.00000000e+00  8.47196178e-05  1.06059781e-04  1.27271744e-04
  4.50072964e-05  1.06058726e-05 -1.85046377e-05  1.05899522e-05]","[ 0.         -0.34595364 12.94524097  0.8102749  -1.59221292 -0.06538002
 -0.72136211  0.10132864]"
1747093056.150019,"[ 0.         -0.22873944  0.85491526  2.93952025 -2.21659638 -0.00408369
  0.96006085  1.5709191 ]","[ 0.00000000e+00  8.47196178e-05  1.05899518e-04  1.27175500e-04
  4.23598089e-05  1.05979587e-05 -1.85184257e-05  1.05899522e-05]","[ 0.         -0.33464813 12.96079826  0.83447796 -1.58723593 -0.09323948
 -0.70972663  0.08738407]"
1747093056.151727,"[ 0.         -0.22873944  0.85491572  2.93952025 -2.21659638 -0.00408369
  0.96006085  1.5709191 ]","[ 0.00000000e+00  8.47196178e-05  1.05900567e-04  1.21969966e-04
  4.24239132e-05  1.06059783e-05 -1.85044548e-05  1.05899522e-05]","[ 0.         -0.29363632 13.01241493  0.85436171 -1.59942818 -0.11025711
 -0.71114606  0.0918609 ]"
1747093056.1534553,"[ 0.         -0.22873944  0.85491572  2.93952025 -2.21659638 -0.00408369
  0.96006085  1.5709191 ]","[ 0.00000000e+00  8.47196178e-05  1.05819570e-04  1.21967536e-04
  4.24239132e-05  1.05979587e-05 -1.85184257e-05  1.05900569e-05]","[ 0.         -0.27888188 13.03334236  0.86672211 -1.59427822 -0.11956833
 -0.71357858  0.0968482 ]"
1747093056.1551802,"[ 0.         -0.22873944  0.85491619  2.93952025 -2.21659585 -0.00408369
  0.96006085  1.5709191 ]","[ 0.00000000e+00  8.47204549e-05  1.05899518e-04  1.19227035e-04
  4.77269018e-05  1.05980643e-05 -1.85046377e-05  1.05899522e-05]","[ 0.         -0.25705716 13.04673386  0.89266175 -1.57630861 -0.11300232
 -0.72144938  0.09634481]"
1747093056.1568651,"[ 0.         -0.22873944  0.85491619  2.93952078 -2.21659558 -0.00408369
  0.96006085  1.5709191 ]","[ 0.00000000e+00  8.48478263e-05  1.05819570e-04  1.24620245e-04
  4.50754075e-05  1.05979587e-05 -1.85184257e-05  1.05819570e-05]","[ 0.         -0.21901444 13.04711819  0.9595769  -1.56931484 -0.13246383
 -0.70115912  0.09527568]"
1747093056.1586742,"[ 0.         -0.22873944  0.85491619  2.93952078 -2.21659558 -0.00408369
  0.96006085  1.5709191 ]","[ 0.00000000e+00  8.48478263e-05  1.00528593e-04  1.19227035e-04
  4.50749605e-05  1.05980643e-05 -1.85046377e-05  1.05900569e-05]","[ 0.         -0.21116939 13.06424236  0.99559188 -1.55706584 -0.14529511
 -0.69298434  0.09004448]"
1747093056.161059,"[ 0.         -0.22873944  0.85491665  2.93952078 -2.21659558 -0.00408369
  0.96006085  1.5709191 ]","[ 0.00000000e+00  7.95448377e-05  1.05819570e-04  1.19317257e-04
  4.50754075e-05  1.05979587e-05 -1.05819570e-05  1.05899522e-05]","[ 0.         -0.19729948 13.06631756  1.02179193 -1.53096056 -0.14832892
 -0.70515841  0.08744129]"
1747093056.1627975,"[ 0.         -0.22873944  0.85491665  2.93952078 -2.21659558 -0.00408369
  0.96006085  1.5709191 ]","[ 0.00000000e+00  7.95448377e-05  1.00528593e-04  1.13928053e-04
  4.50754075e-05  1.05979587e-05 -1.05739739e-05  1.05899522e-05]","[ 0.         -0.16659114 13.03814888  1.06990957 -1.52894139 -0.15020147
 -0.70777434  0.09079812]"
1747093056.1645103,"[ 0.         -0.22873944  0.85491665  2.93952131 -2.21659505 -0.00408369
  0.96006085  1.5709191 ]","[ 0.00000000e+00  7.95448377e-05  1.00604543e-04  1.16664596e-04
  5.03783961e-05  1.05979587e-05 -1.05739739e-05  1.05899522e-05]","[ 0.         -0.1207198  13.03790665  1.12572658 -1.53946126 -0.16451015
 -0.7015388   0.09579668]"
1747093056.1666353,"[ 0.         -0.22873944  0.85491665  2.93952131 -2.21659505 -0.00408369
  0.96006085  1.5709191 ]","[ 0.00000000e+00  7.95448377e-05  9.52385514e-05  1.11362770e-04
  5.03789000e-05  1.05979587e-05 -1.05820616e-05  1.05899522e-05]","[ 0.         -0.09665143 13.02754879  1.14197147 -1.53850543 -0.17975713
 -0.70183098  0.07642935]"
1747093056.1695354,"[ 0.         -0.22873944  0.85491705  2.93952158 -2.21659505 -0.00408369
  0.96006085  1.5709191 ]","[ 0.00000000e+00  7.42411095e-05  1.00604543e-04  1.03408291e-04
  5.03783961e-05  1.05979587e-05 -1.05819570e-05  1.05819570e-05]","[ 0.         -0.02190262 12.99800777  1.20650911 -1.52867913 -0.18953831
 -0.71344811  0.09113164]"
1747093056.1714792,"[ 0.         -0.22873944  0.85491705  2.93952158 -2.21659452 -0.00408369
  0.96006085  1.5709191 ]","[ 0.00000000e+00  7.42418490e-05  9.52376087e-05  9.53816248e-05
  5.56819415e-05  1.05979587e-05 -1.05820616e-05  1.05899522e-05]","[ 0.00000000e+00  5.08935843e-03  1.29994907e+01  1.26022196e+00
 -1.53381586e+00 -1.85280234e-01 -7.10579932e-01  8.70305672e-02]"
1747093056.1733618,"[ 0.         -0.22873944  0.85491752  2.93952211 -2.21659452 -0.00408369
  0.96006085  1.5709191 ]","[ 0.00000000e+00  6.89388604e-05  9.53086171e-05  9.01508150e-05
  5.57241020e-05  1.05979587e-05 -1.05820616e-05  1.05820616e-05]","[ 0.          0.02192973 13.00352669  1.25667512 -1.54924393 -0.1718826
 -0.68379194  0.07614872]"
1747093056.175148,"[ 0.         -0.22873944  0.85491752  2.93952211 -2.21659452 -0.00408369
  0.96006085  1.5709191 ]","[ 0.00000000e+00  6.36834207e-05  9.52376087e-05  8.74331602e-05
  5.56813848e-05  1.05819570e-05 -1.05739739e-05  1.05899522e-05]","[ 0.          0.04234184 13.00943756  1.2492764  -1.5518924  -0.16903166
 -0.68576026  0.07988306]"
1747093056.1762974,"[ 0.         -0.22873944  0.85491752  2.93952264 -2.21659452 -0.00408369
  0.96006085  1.5709191 ]","[ 0.00000000e+00  5.83770511e-05  8.99466322e-05  8.74331602e-05
  5.04165417e-05  1.05820616e-05 -1.05739739e-05  1.05899522e-05]","[ 0.          0.08566128 13.00066471  1.26066744 -1.54563582 -0.16859722
 -0.68985206  0.07667395]"
1747093056.1779857,"[ 0.         -0.22873891  0.85491752  2.93952264 -2.21659452 -0.00408369
  0.96006085  1.5709191 ]","[ 0.00000000e+00  5.83328791e-05  9.00145929e-05  7.95456260e-05
  5.03778963e-05  1.05819570e-05 -1.05820616e-05  1.05899522e-05]","[ 0.          0.14463718 12.97938919  1.26014566 -1.57811856 -0.17570066
 -0.71208233  0.06299376]"
1747093056.1797385,"[ 0.         -0.22873891  0.85491752  2.93952264 -2.21659452 -0.00408369
  0.96006085  1.5709191 ]","[ 0.00000000e+00  5.30304187e-05  8.99457382e-05  7.41857136e-05
  5.03778963e-05  1.05820616e-05 -1.05739739e-05  1.05899522e-05]","[ 0.          0.17097616 12.97251225  1.27682686 -1.58029795 -0.16860045
 -0.69731677  0.06022078]"
1747093056.180838,"[ 0.         -0.22873891  0.85491799  2.93952291 -2.21659452 -0.00408369
  0.96006085  1.5709191 ]","[ 0.00000000e+00  5.30700435e-05  9.00145929e-05  7.15903507e-05
  4.50754075e-05  1.05820616e-05 -1.05819570e-05  1.05819570e-05]","[ 0.          0.2074275  12.99511242  1.26061761 -1.57990623 -0.16852328
 -0.68968654  0.06479447]"
1747093056.1825645,"[ 0.         -0.22873891  0.85491799  2.93952344 -2.21659398 -0.00408369
  0.96006085  1.5709191 ]","[ 0.00000000e+00  4.77630399e-05  8.73011481e-05  7.15362227e-05
  5.03783961e-05  1.05819570e-05 -1.05819570e-05  1.05899522e-05]","[ 0.          0.24766931 13.00100327  1.24899065 -1.55868101 -0.17506045
 -0.68206716  0.08518701]"
1747093056.1843529,"[ 0.         -0.22873891  0.85491799  2.93952344 -2.21659398 -0.00408369
  0.96006085  1.5709191 ]","[ 0.00000000e+00  4.24560364e-05  8.73020096e-05  6.88867318e-05
  5.03778963e-05  1.05819570e-05 -1.05740785e-05  1.05899522e-05]","[ 0.          0.25622699 12.98467922  1.23507953 -1.53085971 -0.16682108
 -0.67222679  0.08757974]"
1747093056.185442,"[ 0.         -0.22873891  0.85491799  2.93952344 -2.21659318 -0.00408369
  0.96006085  1.5709191 ]","[ 0.00000000e+00  3.71205547e-05  8.73671094e-05  6.36358718e-05
  5.56813848e-05  1.05820616e-05 -1.05819570e-05  1.05899522e-05]","[ 0.          0.25922447 12.94891644  1.21367657 -1.47329617 -0.16163251
 -0.64870453  0.08478761]"
1747093056.1871347,"[ 0.         -0.22873891  0.85491799  2.93952344 -2.21659318 -0.00408369
  0.96006085  1.5709191 ]","[ 0.00000000e+00  3.71209245e-05  8.20101635e-05  5.82887721e-05
  5.56813848e-05  1.05820616e-05 -1.05819570e-05  1.05899522e-05]","[ 0.          0.26344702 12.93390751  1.21465409 -1.45988142 -0.15396349
 -0.64870453  0.06807284]"
1747093056.1888194,"[ 0.         -0.22873891  0.85491799  2.93952344 -2.21659265 -0.00408369
  0.96006085  1.5709191 ]","[ 0.00000000e+00  2.65350217e-05  7.67771511e-05  5.82881910e-05
  5.56813848e-05  1.05819570e-05 -1.05819570e-05  0.00000000e+00]","[ 0.          0.29458943 12.91912842  1.18769145 -1.34647155 -0.16512644
 -0.63625485  0.08053374]"
1747093056.1905015,"[ 0.         -0.22873891  0.85491799  2.93952344 -2.21659238 -0.00408369
  0.96006085  1.5709191 ]","[ 0.00000000e+00  2.65149452e-05  7.67771511e-05  5.56813848e-05
  5.83328791e-05  1.05819570e-05 -1.05820616e-05  0.00000000e+00]","[ 0.          0.30832869 12.86527061  1.16247451 -1.30530417 -0.16009435
 -0.62689066  0.08649099]"
1747093056.1921964,"[ 0.         -0.22873891  0.85491799  2.93952344 -2.21659132 -0.00408369
  0.96006085  1.5709191 ]","[ 0.00000000e+00  2.12280182e-05  7.67191870e-05  5.55552731e-05
  6.89388604e-05  1.05900569e-05 -1.05740785e-05  0.00000000e+00]","[ 0.          0.32511643 12.77765369  1.14353108 -1.23834336 -0.165097
 -0.60868019  0.07958371]"
1747093056.1939175,"[ 0.         -0.22873891  0.85491799  2.93952397 -2.21659079 -0.00408369
  0.96006178  1.5709191 ]","[0.00000000e+00 1.59089679e-05 7.41296676e-05 5.55552731e-05
 7.42418490e-05 1.05820616e-05 0.00000000e+00 0.00000000e+00]","[ 0.          0.3155258  12.71214581  1.12161589 -1.14513874 -0.16008699
 -0.58374304  0.06558317]"
1747093056.1950717,"[ 0.         -0.22873891  0.85491799  2.93952397 -2.21659052 -0.00408369
  0.96006178  1.5709191 ]","[0.00000000e+00 1.59089679e-05 6.87827183e-05 5.55558217e-05
 7.68933393e-05 1.05819570e-05 0.00000000e+00 0.00000000e+00]","[ 0.          0.29961523 12.65608788  1.12378681 -1.11984384 -0.15579656
 -0.57743907  0.0711493 ]"
1747093056.197281,"[ 0.         -0.22873891  0.85491799  2.93952397 -2.21658999 -0.00408369
  0.96006178  1.5709191 ]","[0.00000000e+00 1.06059783e-05 6.88353671e-05 5.02647924e-05
 8.21333574e-05 1.05819570e-05 0.00000000e+00 0.00000000e+00]","[ 0.          0.30260605 12.58405018  1.08725071 -1.05216253 -0.13892643
 -0.55616021  0.06979354]"
1747093056.1984622,"[ 0.         -0.22873891  0.85491799  2.93952397 -2.21658999 -0.00408369
  0.96006178  1.5709191 ]","[0.00000000e+00 5.30298914e-06 6.34923676e-05 5.02642966e-05
 8.21963279e-05 1.05820616e-05 0.00000000e+00 0.00000000e+00]","[ 0.          0.29985419 12.49445438  1.06860769 -1.01494062 -0.1260222
 -0.5311169   0.07439015]"
1747093056.2001896,"[ 0.         -0.22873891  0.85491799  2.93952397 -2.21658946 -0.00408369
  0.96006178  1.5709191 ]","[0.00000000e+00 5.30298914e-06 5.82007654e-05 5.02642966e-05
 8.74993247e-05 1.05820616e-05 0.00000000e+00 0.00000000e+00]","[ 0.          0.30212301 12.4401083   1.04340017 -0.99022746 -0.12401047
 -0.51764625  0.08627081]"
1747093056.201977,"[ 0.         -0.22873891  0.85491799  2.93952397 -2.21658946 -0.00408369
  0.96006178  1.5709191 ]","[0.00000000e+00 0.00000000e+00 5.82447383e-05 4.49393886e-05
 8.74993247e-05 1.05819570e-05 0.00000000e+00 0.00000000e+00]","[ 0.          0.27431834 12.37804794  1.01017869 -0.96283615 -0.13314448
 -0.48689628  0.08286154]"
1747093056.2031217,"[ 0.         -0.22873891  0.85491799  2.93952397 -2.21658919 -0.00408369
  0.96006178  1.5709191 ]","[0.00000000e+00 0.00000000e+00 5.55977993e-05 4.49737631e-05
 9.01508150e-05 1.05819570e-05 0.00000000e+00 0.00000000e+00]","[ 0.          0.27365056 12.33405304  0.99158061 -0.96331364 -0.13314448
 -0.4902364   0.09827837]"
1747093056.20514,"[ 0.         -0.22873891  0.85491799  2.93952397 -2.21658866 -0.00408369
  0.96006178  1.5709191 ]","[ 0.00000000e+00 -5.30705738e-06  5.02642966e-05  4.23278279e-05
  9.54538036e-05  1.05820616e-05  0.00000000e+00  0.00000000e+00]","[ 0.          0.22935565 12.24172211  0.96684992 -0.98294574 -0.12320675
 -0.49609491  0.08382215]"
1747093056.2068336,"[ 0.         -0.22873891  0.85491799  2.93952397 -2.21658866 -0.00408369
  0.96006178  1.5709191 ]","[ 0.00000000e+00 -5.30293632e-06  5.02642966e-05  4.23278279e-05
  9.54538036e-05  1.05819570e-05  1.05819570e-05  0.00000000e+00]","[ 0.          0.20980428 12.20006657  0.94581991 -1.03763151 -0.12321533
 -0.50318754  0.07307906]"
1747093056.2079635,"[ 0.         -0.22873891  0.85491799  2.93952397 -2.21658866 -0.00408369
  0.96006178  1.5709191 ]","[ 0.00000000e+00 -5.30298914e-06  5.02642966e-05  4.23278279e-05
  9.54538036e-05  1.05739739e-05  1.05819570e-05  0.00000000e+00]","[ 0.          0.20319137 12.1620779   0.93226999 -1.07441008 -0.12123334
 -0.49906239  0.08896861]"
1747093056.209693,"[ 0.         -0.22873891  0.85491752  2.93952397 -2.21658866 -0.00408369
  0.96006178  1.5709191 ]","[ 0.00000000e+00 -5.30298914e-06  4.50077435e-05  4.23278279e-05
  9.54528527e-05  1.05819570e-05  1.05820616e-05  0.00000000e+00]","[ 0.          0.16150726 12.10530567  0.90455294 -1.13312304 -0.09408397
 -0.5165996   0.10418498]"
1747093056.2109756,"[ 0.         -0.22873891  0.85491752  2.93952397 -2.21658866 -0.00408369
  0.96006178  1.5709191 ]","[ 0.00000000e+00 -5.30298914e-06  4.23282464e-05  4.23278279e-05
  9.54528527e-05  1.05819570e-05  1.05820616e-05  0.00000000e+00]","[ 0.          0.15313813 12.0633707   0.91330057 -1.16082585 -0.08948034
 -0.52726221  0.09555296]"
1747093056.213335,"[ 0.         -0.22873891  0.85491752  2.93952397 -2.21658919 -0.00408369
  0.96006178  1.5709191 ]","[ 0.00000000e+00 -5.29897933e-06  4.23598089e-05  3.70368514e-05
  9.01508150e-05  1.05819570e-05  1.05819570e-05  0.00000000e+00]","[ 0.          0.09615794 11.95583725  0.86501741 -1.26309872 -0.08084211
 -0.55500948  0.06293862]"
1747093056.215064,"[ 0.         -0.22873891  0.85491752  2.93952397 -2.21658919 -0.00408369
  0.96006272  1.5709191 ]","[ 0.00000000e+00 -5.30298914e-06  4.23278279e-05  3.70089097e-05
  9.01508150e-05  1.05819570e-05  1.85184257e-05  0.00000000e+00]","[ 0.          0.03802118 11.91458797  0.80300456 -1.35442102 -0.06932685
 -0.56492704  0.06862006]"
1747093056.216926,"[ 0.         -0.22873944  0.85491752  2.93952397 -2.21658919 -0.00408369
  0.96006272  1.5709191 ]","[ 0.00000000e+00 -1.06058726e-05  4.23598089e-05  3.70372172e-05
  9.01508150e-05  1.05739739e-05  1.85186086e-05  0.00000000e+00]","[ 0.         -0.03121672 11.83739185  0.77801007 -1.45400274 -0.08518874
 -0.56127846  0.07059703]"
1747093056.219336,"[ 0.         -0.22873944  0.85491705  2.93952397 -2.21658919 -0.00408369
  0.96006272  1.5709191 ]","[ 0.00000000e+00 -1.06059783e-05  3.70368514e-05  3.70648338e-05
  8.48478263e-05  1.05820616e-05  1.85184257e-05  0.00000000e+00]","[ 0.         -0.03865456 11.83255005  0.7958495  -1.52815521 -0.07723083
 -0.55830145  0.06542772]"
1747093056.221046,"[ 0.         -0.22873944  0.85491705  2.93952397 -2.21658919 -0.00408369
  0.96006272  1.5709191 ]","[ 0.00000000e+00 -5.30298914e-06  3.70368514e-05  3.70368514e-05
  8.48478263e-05  1.05739739e-05  1.85046377e-05  0.00000000e+00]","[ 0.         -0.09108422 11.77798176  0.75857401 -1.59759617 -0.06317656
 -0.55025405  0.07706982]"
1747093056.2228537,"[ 0.         -0.22873944  0.85491705  2.93952397 -2.21658919 -0.00408316
  0.96006272  1.5709191 ]","[ 0.00000000e+00 -5.30298914e-06  3.70651995e-05  3.70648338e-05
  8.48486716e-05  1.58729355e-05  1.85184257e-05  0.00000000e+00]","[ 0.         -0.14233305 11.77081299  0.73237121 -1.63405323 -0.07069772
 -0.56158787  0.0855487 ]"
1747093056.225174,"[ 0.         -0.22873944  0.85491705  2.93952397 -2.21658919 -0.00408316
  0.96006272  1.5709191 ]","[ 0.00000000e+00 -5.30293632e-06  3.70368514e-05  3.70368514e-05
  8.48478263e-05  1.58730919e-05  1.85044548e-05  0.00000000e+00]","[ 0.         -0.19132698 11.71117306  0.68746519 -1.64883459 -0.08408777
 -0.5713321   0.07900611]"
1747093056.2264016,"[ 0.         -0.22873944  0.85491665  2.93952397 -2.21658919 -0.00408316
  0.96006272  1.5709191 ]","[ 0.00000000e+00 -5.29897933e-06  3.17698567e-05  3.70368514e-05
  8.48478263e-05  1.58729355e-05  1.85044548e-05  0.00000000e+00]","[ 0.         -0.23179445 11.68952751  0.6814034  -1.65700579 -0.07848331
 -0.57887131  0.07670959]"
1747093056.228177,"[ 0.         -0.22873944  0.85491665  2.93952397 -2.21658919 -0.00408316
  0.96006272  1.5709191 ]","[ 0.00000000e+00 -5.30298914e-06  3.17458709e-05  3.70372172e-05
  8.21963279e-05  1.58729355e-05  1.85046377e-05  0.00000000e+00]","[ 0.         -0.26703218 11.65637875  0.67714131 -1.6594758  -0.06340022
 -0.56506211  0.07143025]"
1747093056.229928,"[ 0.         -0.22873997  0.85491665  2.93952397 -2.21658919 -0.00408316
  0.96006272  1.5709191 ]","[ 0.00000000e+00 -1.05980643e-05  3.17701716e-05  3.70368514e-05
  8.21963279e-05  1.58729355e-05  1.85466133e-05  0.00000000e+00]","[ 0.         -0.3020865  11.65080357  0.68659467 -1.64718807 -0.08035246
 -0.55686373  0.07978535]"
1747093056.2310593,"[ 0.         -0.22873997  0.85491619  2.93952397 -2.21658919 -0.00408316
  0.96006272  1.5709191 ]","[ 0.00000000e+00 -1.06059783e-05  2.64548924e-05  3.70368514e-05
  8.21963279e-05  1.58729355e-05  1.85464284e-05  0.00000000e+00]","[ 0.         -0.32054016 11.62968731  0.69952941 -1.63937676 -0.07880117
 -0.55474406  0.08148498]"
1747093056.2328937,"[ 0.         -0.22873997  0.85491619  2.93952397 -2.21658919 -0.00408316
  0.96006272  1.5709191 ]","[ 0.00000000e+00 -5.30298914e-06  2.38094022e-05  3.70368514e-05
  8.21963279e-05  1.58729355e-05  1.85464284e-05  0.00000000e+00]","[ 0.         -0.33430326 11.60720921  0.6896683  -1.61372721 -0.09287304
 -0.5498246   0.07437023]"
1747093056.2340846,"[ 0.         -0.22873997  0.85491572  2.93952344 -2.21658919 -0.00408316
  0.96006272  1.5709191 ]","[ 0.00000000e+00 -5.29897933e-06  1.85184257e-05  3.17458709e-05
  8.21971488e-05  5.29097849e-06  1.85464284e-05  0.00000000e+00]","[ 0.         -0.3455714  11.59536552  0.68655372 -1.59320128 -0.08827458
 -0.53495765  0.06309713]"
1747093056.2358809,"[ 0.         -0.22873997  0.85491572  2.93952344 -2.21658866 -0.00408316
  0.96006272  1.5709191 ]","[ 0.00000000e+00 -5.30298914e-06  1.85184257e-05  3.17458709e-05
  8.21963279e-05  5.29097849e-06  1.85464284e-05  0.00000000e+00]","[ 0.         -0.37338781 11.58573532  0.68005794 -1.55685616 -0.08290228
 -0.52442259  0.06697941]"
1747093056.2370248,"[ 0.         -0.22873997  0.85491572  2.93952344 -2.21658866 -0.00408316
  0.96006272  1.5709191 ]","[ 0.00000000e+00 -5.30298914e-06  1.85186086e-05  3.17458709e-05
  8.21963279e-05  5.29097849e-06  1.85464284e-05  0.00000000e+00]","[ 0.         -0.3397342  11.5807848   0.67679238 -1.5315336  -0.08985642
 -0.50149351  0.0792514 ]"
1747093056.2388275,"[ 0.         -0.22873997  0.85491572  2.93952344 -2.21658866 -0.00408316
  0.96006371  1.5709191 ]","[ 0.00000000e+00 -5.30298914e-06  1.85184257e-05  3.17458709e-05
  8.21963279e-05  5.29103081e-06  2.91443860e-05  0.00000000e+00]","[ 0.         -0.32985431 11.58709908  0.67526168 -1.53742862 -0.09773867
 -0.50344092  0.07934526]"
1747093056.239888,"[ 0.         -0.22873997  0.85491526  2.93952344 -2.21658866 -0.00408316
  0.96006371  1.5709191 ]","[ 0.00000000e+00 -5.30298914e-06  1.32275773e-05  3.17698567e-05
  8.21963279e-05  5.29097849e-06  2.91443860e-05  0.00000000e+00]","[ 0.         -0.36571878 11.57754612  0.69192094 -1.48414075 -0.10056302
 -0.48580015  0.07567233]"
1747093056.2415664,"[ 0.         -0.22873997  0.85491526  2.93952344 -2.21658812 -0.00408316
  0.96006371  1.5709191 ]","[ 0.00000000e+00 -5.30293632e-06  1.32275773e-05  3.17461838e-05
  8.73671094e-05  5.28698695e-06  2.91443860e-05  0.00000000e+00]","[ 0.         -0.38639981 11.5850935   0.70201564 -1.47978854 -0.10042124
 -0.48250657  0.07918034]"
1747093056.242751,"[ 0.         -0.2287405   0.85491526  2.93952344 -2.21658812 -0.00408316
  0.96006371  1.5709191 ]","[ 0.00000000e+00 -1.05978530e-05  1.05819570e-05  3.17698567e-05
  8.73020096e-05  5.29097849e-06  2.91667301e-05  0.00000000e+00]","[ 0.         -0.39910951 11.6172123   0.73525441 -1.45568335 -0.09612284
 -0.49361578  0.08634932]"
1747093056.244447,"[ 0.         -0.2287405   0.85491526  2.93952344 -2.21658812 -0.00408316
  0.96006371  1.5709191 ]","[ 0.00000000e+00 -1.06059783e-05  1.05819570e-05  3.17698567e-05
  8.73671094e-05  5.29097849e-06  2.91443860e-05  0.00000000e+00]","[ 0.         -0.34307602 11.63136387  0.79575914 -1.46724892 -0.09616743
 -0.48578975  0.0935103 ]"
1747093056.246701,"[ 0.         -0.2287405   0.85491479  2.93952344 -2.21658812 -0.00408316
  0.96006371  1.5709191 ]","[ 0.00000000e+00 -1.05979587e-05  0.00000000e+00  3.17461838e-05
  8.73020096e-05  5.29097849e-06  2.91664395e-05  0.00000000e+00]","[ 0.         -0.2783092  11.64115047  0.79295254 -1.48585021 -0.10927607
 -0.4642489   0.07140765]"
1747093056.2490823,"[ 0.         -0.22873997  0.85491479  2.93952344 -2.21658812 -0.00408316
  0.96006465  1.5709191 ]","[ 0.00000000e+00 -5.29502843e-06 -5.29103081e-06  3.17698567e-05
  8.20729389e-05  5.28703927e-06  3.70924870e-05  0.00000000e+00]","[ 0.         -0.2286796  11.69524288  0.81416655 -1.5282706  -0.10548607
 -0.47836405  0.05598504]"
1747093056.2508771,"[ 0.         -0.2287405   0.85491432  2.93952344 -2.21658812 -0.00408316
  0.96006465  1.5709191 ]","[ 0.00000000e+00 -1.05820616e-05 -1.06059783e-05  3.17698567e-05
  8.20721262e-05  5.29097849e-06  3.70928568e-05  0.00000000e+00]","[ 0.         -0.18254539 11.71995354  0.84531039 -1.56522167 -0.1196192
 -0.49720374  0.05383174]"
1747093056.2532108,"[ 0.         -0.2287405   0.85491432  2.93952344 -2.21658812 -0.00408316
  0.96006465  1.5709191 ]","[ 0.00000000e+00 -1.05899522e-05 -1.32474486e-05  3.17698567e-05
  8.20721262e-05  5.28698695e-06  3.70928568e-05  0.00000000e+00]","[ 0.         -0.12475337 11.7305603   0.91438192 -1.59790039 -0.12304074
 -0.47490758  0.06411219]"
1747093056.2550058,"[ 0.         -0.22873997  0.85491432  2.93952344 -2.21658812 -0.00408316
  0.96006465  1.5709191 ]","[ 0.00000000e+00 -5.29092566e-06 -1.32574726e-05  3.17461838e-05
  8.20721262e-05  5.29097849e-06  3.71205547e-05  0.00000000e+00]","[ 0.         -0.06841717 11.71827126  0.95290112 -1.6175282  -0.13055855
 -0.48929012  0.06615406]"
1747093056.2574267,"[ 0.         -0.22873997  0.85491432  2.93952344 -2.21658812 -0.00408316
  0.96006465  1.5709191 ]","[ 0.00000000e+00 -5.29497611e-06 -1.85464284e-05  3.17698567e-05
  7.67771511e-05  5.29103081e-06  3.70928568e-05  0.00000000e+00]","[ 0.00000000e+00  7.34421052e-03  1.17256651e+01  1.00912964e+00
 -1.65397203e+00 -1.38891786e-01 -4.92401749e-01  6.27696216e-02]"
1747093056.2592106,"[ 0.         -0.22873997  0.85491386  2.93952397 -2.21658812 -0.00408316
  0.96006465  1.5709191 ]","[ 0.00000000e+00 -5.29497611e-06 -2.38634509e-05  3.17698567e-05
  7.40737029e-05  5.29097849e-06  3.71209245e-05  0.00000000e+00]","[ 0.          0.0707121  11.72227764  1.06489468 -1.69692993 -0.14449516
 -0.47875419  0.0646828 ]"
1747093056.2609708,"[ 0.         -0.22873997  0.85491386  2.93952397 -2.21658812 -0.00408316
  0.96006465  1.5709191 ]","[ 0.00000000e+00 -5.29497611e-06 -2.38456439e-05  3.17458709e-05
  7.40737029e-05  5.29097849e-06  3.70932266e-05  0.00000000e+00]","[ 0.          0.16086298 11.72442627  1.11805749 -1.69892132 -0.14713275
 -0.45736381  0.09658124]"
1747093056.262698,"[ 0.         -0.22873944  0.85491339  2.93952397 -2.21658812 -0.00408316
  0.96006465  1.5709191 ]","[ 0.00000000e+00  0.00000000e+00 -3.18179359e-05  3.17458709e-05
  7.40737029e-05  5.29103081e-06  3.71209245e-05  0.00000000e+00]","[ 0.          0.25530118 11.68362522  1.15511024 -1.6793083  -0.17214216
 -0.45939407  0.08230178]"
1747093056.2644007,"[ 0.         -0.22873944  0.85491339  2.93952397 -2.21658812 -0.00408316
  0.96006465  1.5709191 ]","[ 0.00000000e+00  0.00000000e+00 -3.17938749e-05  3.17698567e-05
  7.40737029e-05  5.29103081e-06  3.70928568e-05  0.00000000e+00]","[ 0.          0.29549199 11.66321754  1.19185805 -1.66285312 -0.18120395
 -0.44948146  0.06568544]"
1747093056.2661114,"[ 0.         -0.22873944  0.85491293  2.93952397 -2.21658812 -0.00408316
  0.96006558  1.5709191 ]","[ 0.00000000e+00  0.00000000e+00 -3.71209245e-05  2.64551545e-05
  6.88346925e-05  5.29097849e-06  4.76908124e-05  0.00000000e+00]","[ 0.          0.36737868 11.61611271  1.23085976 -1.63318098 -0.1904408
 -0.44039306  0.0822289 ]"
1747093056.2679045,"[ 0.         -0.22873944  0.85491246  2.93952397 -2.21658759 -0.00408316
  0.96006558  1.5709191 ]","[ 0.00000000e+00  0.00000000e+00 -4.50413255e-05  2.38273920e-05
  7.40729552e-05  5.29103081e-06  4.77269018e-05  0.00000000e+00]","[ 0.          0.46139124 11.50614643  1.2717582  -1.63105428 -0.19862874
 -0.42634395  0.0780079 ]"
1747093056.270163,"[ 0.         -0.22873944  0.85491206  2.93952397 -2.21658732 -0.00408316
  0.96006558  1.5709191 ]","[ 0.00000000e+00  0.00000000e+00 -5.03403034e-05  2.38273920e-05
  7.67191870e-05  5.29502843e-06  4.76908124e-05  0.00000000e+00]","[ 0.          0.46139124 11.48996639  1.28820336 -1.60460782 -0.19163236
 -0.40741193  0.06870352]"
1747093056.2725043,"[ 0.         -0.22873891  0.85491159  2.93952451 -2.21658679 -0.00408316
  0.96006658  1.5709191 ]","[ 0.00000000e+00  5.29497611e-06 -5.30298904e-05  2.91226556e-05
  7.67191870e-05  5.29097849e-06  5.83328791e-05  0.00000000e+00]","[ 0.          0.53858697 11.37049389  1.35857594 -1.50023854 -0.21097691
 -0.37275222  0.05288932]"
1747093056.2736485,"[ 0.         -0.22873891  0.85491113  2.93952451 -2.21658626 -0.00408316
  0.96006658  1.5709191 ]","[ 0.00000000e+00  5.29497611e-06 -6.36358718e-05  2.38273920e-05
  8.20101635e-05  5.29497611e-06  5.82887721e-05  0.00000000e+00]","[ 0.          0.61674774 11.30125809  1.36298227 -1.42210925 -0.22514179
 -0.36304587  0.04437721]"
1747093056.2752907,"[ 0.         -0.22873891  0.85491066  2.93952477 -2.21658626 -0.00408316
  0.96006658  1.5709191 ]","[ 0.00000000e+00  0.00000000e+00 -6.89388604e-05  2.64748795e-05
  8.20101635e-05  5.29092566e-06  5.83328791e-05  0.00000000e+00]","[ 0.          0.64565951 11.24284363  1.34869552 -1.39435017 -0.22380915
 -0.3636362   0.04637467]"
1747093056.2770314,"[ 0.         -0.22873891  0.8549102   2.93952477 -2.21658573 -0.00408316
  0.96006658  1.5709191 ]","[ 0.00000000e+00  5.29097849e-06 -7.41857136e-05  2.11799045e-05
  8.73011481e-05  5.30293632e-06  5.82887721e-05  0.00000000e+00]","[ 0.          0.7234723  11.17606449  1.3899262  -1.34527886 -0.21063153
 -0.34204909  0.04938772]"
1747093056.2787426,"[ 0.         -0.22873837  0.85490973  2.93952477 -2.21658573 -0.00408316
  0.96006751  1.5709191 ]","[ 0.00000000e+00  1.05899522e-05 -7.68351964e-05  2.11799045e-05
  8.73011481e-05  5.29897933e-06  6.62372408e-05  0.00000000e+00]","[ 0.          0.75890011 11.10728931  1.40839338 -1.33076537 -0.21585588
 -0.33144966  0.04643097]"
1747093056.2798355,"[ 0.         -0.22873837  0.85490926  2.93952531 -2.21658546 -0.00408316
  0.96006751  1.5709191 ]","[ 0.00000000e+00  5.29097849e-06 -8.74993247e-05  2.64748795e-05
  8.99475262e-05  5.29897933e-06  6.62880244e-05  0.00000000e+00]","[ 0.          0.81545025 11.04452133  1.43658936 -1.30467367 -0.22393794
 -0.33190903  0.04577501]"
1747093056.2815843,"[ 0.         -0.22873837  0.8549088   2.93952531 -2.21658493 -0.00408316
  0.96006751  1.5709191 ]","[ 0.00000000e+00  5.29103081e-06 -9.00826511e-05  2.38273920e-05
  9.52385514e-05  5.30293632e-06  6.62379032e-05  0.00000000e+00]","[ 0.          0.84772265 11.02152157  1.44972384 -1.28322101 -0.22635153
 -0.31694612  0.06420263]"
1747093056.2832673,"[ 0.         -0.22873837  0.85490793  2.93952584 -2.2165844  -0.00408316
  0.96006844  1.5709191 ]","[ 0.00000000e+00  5.29497611e-06 -1.00756792e-04  2.91003827e-05
  1.00604543e-04  5.29897933e-06  7.41857136e-05  0.00000000e+00]","[ 0.          0.90878731 10.9387207   1.47825038 -1.26241767 -0.23322403
 -0.31381929  0.04702111]"
1747093056.2843769,"[ 0.         -0.22873784  0.85490747  2.93952637 -2.2165844  -0.00408316
  0.96006844  1.5709191 ]","[ 0.00000000e+00  1.05819570e-05 -1.06059781e-04  2.91223691e-05
  9.52376087e-05  5.29897933e-06  7.41857136e-05  0.00000000e+00]","[ 0.          0.94331145 10.90926552  1.51610684 -1.26025057 -0.23785461
 -0.30339795  0.04914503]"
1747093056.2861588,"[ 0.         -0.22873784  0.854907    2.93952664 -2.21658413 -0.00408316
  0.96006844  1.5709191 ]","[ 0.00000000e+00  1.05899522e-05 -1.08629080e-04  3.17698567e-05
  9.52376087e-05  5.29897933e-06  7.40744343e-05  0.00000000e+00]","[ 0.          1.01010573 10.83578777  1.49674797 -1.25861228 -0.23885907
 -0.30452305  0.03841735]"
1747093056.2873504,"[ 0.         -0.22873784  0.85490653  2.93952717 -2.21658413 -0.00408316
  0.96006844  1.5709191 ]","[ 0.00000000e+00  1.05900569e-05 -1.14014268e-04  3.70368514e-05
  8.99475262e-05  5.29897933e-06  7.40744343e-05  0.00000000e+00]","[ 0.          1.02727318 10.80369759  1.5050844  -1.27128696 -0.23966575
 -0.29931104  0.05513211]"
1747093056.2891037,"[ 0.         -0.22873731  0.8549056   2.9395277  -2.21658413 -0.00408316
  0.96006937  1.5709191 ]","[ 0.00000000e+00  1.58729355e-05 -1.21968747e-04  4.23598089e-05
  8.46556558e-05  5.29897933e-06  8.46564929e-05  0.00000000e+00]","[ 0.          1.05245471 10.76412582  1.52849555 -1.27668023 -0.24226114
 -0.27101335  0.04163485]"
1747093056.290301,"[ 0.         -0.22873731  0.85490514  2.93952797 -2.2165836  -0.00408316
  0.96006937  1.5709191 ]","[ 0.00000000e+00  1.58729355e-05 -1.27175500e-04  4.50077435e-05
  9.00145929e-05  5.29897933e-06  8.46556558e-05  0.00000000e+00]","[ 0.          1.07312787 10.73355484  1.5538367  -1.29210734 -0.24540204
 -0.27125537  0.04012362]"
1747093056.2919984,"[ 0.         -0.22873678  0.85490374  2.93952903 -2.2165836  -0.00408316
  0.96006937  1.5709191 ]","[ 0.00000000e+00  2.11799045e-05 -1.43182132e-04  5.56808321e-05
  8.20109762e-05  5.29897933e-06  8.46556558e-05  0.00000000e+00]","[ 0.          1.12179184 10.6847744   1.57988286 -1.33843887 -0.25109094
 -0.27788836  0.03216498]"
1747093056.2936866,"[ 0.         -0.22873624  0.85490334  2.93952957 -2.2165836  -0.00408316
  0.96006937  1.5709191 ]","[ 0.00000000e+00  2.64548924e-05 -1.45830745e-04  6.09843734e-05
  7.67199429e-05  5.29897933e-06  8.46564929e-05  0.00000000e+00]","[ 0.          1.15247953 10.66544056  1.58882582 -1.3192209  -0.23293777
 -0.300506    0.03364427]"
1747093056.2961748,"[ 0.         -0.22873571  0.85490194  2.93953037 -2.21658306 -0.00408316
  0.96006937  1.5709191 ]","[ 0.00000000e+00  3.17698567e-05 -1.59089675e-04  6.36358718e-05
  7.67771511e-05  5.29897933e-06  7.40737029e-05  0.00000000e+00]","[ 0.          1.17626643 10.61181259  1.63882077 -1.29379392 -0.24109946
 -0.31805927  0.04763079]"
1747093056.2977219,"[ 0.         -0.22873518  0.85490101  2.9395317  -2.21658306 -0.00408316
  0.96006937  1.5709191 ]","[ 0.00000000e+00  3.70368514e-05 -1.69695653e-04  7.68933393e-05
  7.40737029e-05  5.30298914e-06  7.40737029e-05  0.00000000e+00]","[ 0.          1.20384502 10.56027508  1.70417178 -1.3336308  -0.24771211
 -0.31432173  0.07381836]"
1747093056.2988377,"[ 0.         -0.22873411  0.85489961  2.93953356 -2.21658306 -0.00408369
  0.96006937  1.5709191 ]","[ 0.00000000e+00  4.76547840e-05 -1.86617080e-04  9.54528527e-05
  6.88353671e-05  0.00000000e+00  7.40744343e-05  0.00000000e+00]","[ 0.          1.23310244 10.5515089   1.76222861 -1.45625687 -0.28364748
 -0.32727188  0.06041611]"
1747093056.3005679,"[ 0.         -0.22873411  0.85489874  2.93953596 -2.2165836  -0.00408369
  0.96006937  1.5709191 ]","[ 0.00000000e+00  4.76192757e-05 -2.15750394e-04  1.19317257e-04
  5.82007654e-05  0.00000000e+00  7.40737029e-05  0.00000000e+00]","[ 0.          1.28006101 10.55501747  1.85788786 -1.56985819 -0.28699058
 -0.33418003  0.04568543]"
1747093056.3023207,"[ 0.         -0.22873358  0.85489828  2.93953729 -2.2165836  -0.00408369
  0.96006937  1.5709191 ]","[ 0.00000000e+00  5.29097849e-05 -2.31829782e-04  1.32474482e-04
  5.82007654e-05  0.00000000e+00  7.40737029e-05  0.00000000e+00]","[ 0.          1.30712187 10.56579208  1.90346777 -1.64489257 -0.30563587
 -0.33418003  0.04346399]"
1747093056.3040826,"[ 0.         -0.22873251  0.85489735  2.93954049 -2.21658413 -0.00408369
  0.96006937  1.5709191 ]","[ 0.00000000e+00  6.35397134e-05 -2.65017899e-04  1.64391030e-04
  5.03022715e-05  0.00000000e+00  7.40737029e-05  0.00000000e+00]","[ 0.          1.40232515 10.58508873  2.01458406 -1.76990163 -0.32249168
 -0.36245146  0.04448283]"
1747093056.305271,"[ 0.         -0.22873145  0.85489688  2.93954235 -2.21658413 -0.00408369
  0.96006937  1.5709191 ]","[ 0.00000000e+00  7.40744343e-05 -2.81337059e-04  1.82953120e-04
  5.02647924e-05  0.00000000e+00  7.40737029e-05  0.00000000e+00]","[ 0.          1.44026053 10.56878376  2.07101059 -1.85024405 -0.29266885
 -0.35140753  0.06446216]"
1747093056.307028,"[ 0.         -0.22873092  0.85489548  2.93954634 -2.21658413 -0.00408369
  0.96007037  1.5709191 ]","[ 0.00000000e+00  7.94246427e-05 -3.35917232e-04  2.71536727e-04
  4.50072964e-05  0.00000000e+00  8.46556558e-05  0.00000000e+00]","[ 0.          1.49969232 10.63564396  2.15544152 -1.94449818 -0.32025227
 -0.33019024  0.05446965]"
1747093056.308743,"[ 0.         -0.22872985  0.85489502  2.93954821 -2.21658413 -0.00408476
  0.96007037  1.5709191 ]","[ 0.00000000e+00  9.00145929e-05 -3.74463141e-04  3.85005416e-04
  4.50072964e-05 -1.06059783e-05  8.45917913e-05  0.00000000e+00]","[ 0.          1.52537155 10.68271923  2.20928502 -1.93021405 -0.33302209
 -0.32818371  0.05225613]"
1747093056.3099558,"[ 0.         -0.22872825  0.85489322  2.93955327 -2.21658413 -0.00408476
  0.96007037  1.5709191 ]","[ 0.00000000e+00  1.05819570e-04 -4.54615219e-04  9.59944737e-04
  4.49733161e-05 -1.05979587e-05  8.46556558e-05  0.00000000e+00]","[ 0.          1.57286644 10.71936131  2.30421567 -1.91434062 -0.33473128
 -0.35141701  0.04361016]"
1747093056.3117218,"[ 0.         -0.22872772  0.85489229  2.9395562  -2.2165836  -0.00408476
  0.96007037  1.5709191 ]","[ 0.00000000e+00  1.11194501e-04 -5.02509532e-04  1.46884400e-03
  5.03022715e-05 -1.05979587e-05  8.46556558e-05  0.00000000e+00]","[ 0.          1.60124338 10.74329376  2.33461189 -1.90071452 -0.33567977
 -0.34136006  0.05634368]"
1747093056.3128507,"[ 0.         -0.22872612  0.85489042  2.93956206 -2.2165836  -0.00408476
  0.96007037  1.5709191 ]","[ 0.00000000e+00  1.26983484e-04 -5.72651415e-04  2.45086320e-03
  5.02642966e-05 -1.06060839e-05  8.46564929e-05  0.00000000e+00]","[ 0.          1.65189481 10.76766014  2.39580655 -1.82617128 -0.34653535
 -0.32734364  0.06150281]"
1747093056.3146603,"[ 0.         -0.22872506  0.85488909  2.93956579 -2.2165836  -0.00408476
  0.9600713   1.5709191 ]","[ 0.00000000e+00  1.37669385e-04 -6.10147501e-04  2.78565350e-03
  5.55552731e-05 -1.06060839e-05  9.52376087e-05  0.00000000e+00]","[ 0.          1.68815935 10.74932575  2.42031932 -1.7903868  -0.37045649
 -0.30346596  0.04760149]"
1747093056.3163912,"[ 0.         -0.22872293  0.85488496  2.93957351 -2.21658306 -0.00408476
  0.9600713   1.5709191 ]","[ 0.00000000e+00  1.58729359e-04 -7.63600000e-04  3.45795993e-03
  6.08922258e-05 -1.05979587e-05  8.45917913e-05  0.00000000e+00]","[ 0.          1.7219336  10.65812588  2.42973304 -1.71600866 -0.34690607
 -0.28956777  0.05614692]"
1747093056.3175719,"[ 0.         -0.2287208   0.8548785   2.9395823  -2.21658306 -0.00408476
  0.9600713   1.5709191 ]","[ 0.00000000e+00  1.85186086e-04 -1.10053741e-03  4.10634135e-03
  6.08468550e-05 -1.06059783e-05  8.46556558e-05  0.00000000e+00]","[ 0.          1.78480804 10.60288525  2.43378425 -1.60156238 -0.3321524
 -0.26612315  0.05224739]"
1747093056.3192985,"[ 0.         -0.22871973  0.85487484  2.93958736 -2.21658306 -0.00408476
  0.9600713   1.5709191 ]","[ 0.00000000e+00  2.08327776e-04 -1.48188621e-03  4.43749789e-03
  6.08922258e-05 -1.05979587e-05  8.46548105e-05  0.00000000e+00]","[ 0.          1.78510451 10.56343555  2.39331818 -1.56903303 -0.33333433
 -0.26031157  0.03912041]"
1747093056.3204858,"[ 0.         -0.22871707  0.85486612  2.93959748 -2.21658253 -0.00408476
  0.96007224  1.5709191 ]","[ 0.00000000e+00  3.42874513e-04 -3.01389941e-03  5.00330207e-03
  6.61872009e-05 -1.06059783e-05  9.51667059e-05  0.00000000e+00]","[ 0.          1.80588782 10.52925587  2.34115195 -1.49618709 -0.33416629
 -0.23737685  0.04060555]"
1747093056.322268,"[ 0.         -0.22871547  0.8548606   2.93960254 -2.21658253 -0.00408476
  0.96007224  1.5709191 ]","[ 0.00000000e+00  4.65957906e-04 -4.30914991e-03  5.13185212e-03
  6.61372301e-05 -1.58969375e-05  9.52376087e-05  0.00000000e+00]","[ 0.          1.81116748 10.47690678  2.33411431 -1.44717658 -0.33660984
 -0.21980636  0.03848422]"
1747093056.3234031,"[ 0.         -0.22871227  0.85484635  2.93961346 -2.21658226 -0.00408476
  0.96007224  1.5709191 ]","[ 0.00000000e+00  8.45697727e-04 -6.49337451e-03  5.26489835e-03
  6.88346925e-05 -1.58969375e-05  9.51667059e-05  0.00000000e+00]","[ 0.          1.79737556 10.47484779  2.26079917 -1.37641335 -0.30032879
 -0.20936821  0.0444344 ]"
1747093056.3251987,"[ 0.         -0.22871014  0.85483763  2.93961852 -2.21658226 -0.00408476
  0.96007323  1.5709191 ]","[ 0.00000000e+00  1.05980645e-03 -8.09881748e-03  5.26489835e-03
  6.87827183e-05 -1.59089679e-05  1.05819570e-04  0.00000000e+00]","[ 0.          1.80282688 10.50096703  2.20821619 -1.34898603 -0.31894356
 -0.21801881  0.03538059]"
1747093056.3269584,"[ 0.         -0.22870535  0.85481286  2.93962677 -2.21658173 -0.00408476
  0.96007323  1.5709191 ]","[ 0.00000000e+00  1.51037644e-03 -1.35414969e-02  4.38886139e-03
  7.40737029e-05 -1.58970960e-05  1.05820618e-04  0.00000000e+00]","[ 0.          1.81403077 10.54495144  2.10772657 -1.28094971 -0.27784613
 -0.22698876  0.05437861]"
1747093056.3287346,"[ 0.         -0.22870269  0.85479402  2.9396305  -2.2165812  -0.00408476
  0.96007323  1.5709191 ]","[ 0.00000000e+00  1.74315987e-03 -1.66155037e-02  3.94997530e-03
  7.94246427e-05 -1.58969375e-05  1.05739735e-04  0.00000000e+00]","[ 0.          1.81519449 10.53780079  2.05015898 -1.28223109 -0.25026199
 -0.21367122  0.06155679]"
1747093056.329896,"[ 0.         -0.22869416  0.85474901  2.93963503 -2.21658067 -0.00408476
  0.96007323  1.5709191 ]","[ 0.00000000e+00  2.64958209e-03 -2.38005937e-02  2.79006384e-03
  8.46564929e-05 -1.58969375e-05  1.05819570e-04  0.00000000e+00]","[ 0.          1.76700652 10.57784557  1.95165944 -1.26669872 -0.22662106
 -0.20090452  0.04951023]"
1747093056.3316617,"[ 0.         -0.22868831  0.85472058  2.93963689 -2.21658067 -0.00408476
  0.96007417  1.5709191 ]","[ 0.00000000e+00  3.64390475e-03 -2.89297712e-02  2.10595939e-03
  8.46556558e-05 -1.58969375e-05  1.13756038e-04  0.00000000e+00]","[ 0.          1.74816787 10.66208935  1.88975704 -1.2351563  -0.21929602
 -0.19916578  0.04140012]"
1747093056.332792,"[ 0.         -0.22867073  0.85464981  2.93963796 -2.21658067 -0.00408369
  0.96007417  1.5709191 ]","[ 0.00000000e+00  7.72185066e-03 -3.83538432e-02  9.65549534e-04
  8.47196178e-05 -5.30298914e-06  1.13756038e-04  0.00000000e+00]","[ 0.          1.71177495 10.81402683  1.78213751 -1.31462646 -0.20359962
 -0.20307988  0.04995975]"
1747093056.3351429,"[ 0.         -0.22863717  0.85455986  2.93963796 -2.2165812  -0.00408369
  0.96007417  1.5709191 ]","[ 0.00000000e+00  1.94470181e-02 -4.56464729e-02  0.00000000e+00
  7.93646793e-05 -5.29897933e-06  1.13756038e-04  0.00000000e+00]","[ 0.          1.63658273 11.01743507  1.68718863 -1.40752804 -0.16148973
 -0.21095042  0.07134555]"
1747093056.3362482,"[ 0.         -0.22860894  0.85451299  2.93963796 -2.2165812  -0.00408369
  0.96007417  1.5709191 ]","[ 0.00000000e+00  2.65814561e-02 -4.75371550e-02  0.00000000e+00
  7.41303991e-05 -5.29897933e-06  1.13756038e-04  0.00000000e+00]","[ 0.          1.58007002 11.11149502  1.62282503 -1.46179485 -0.14938654
 -0.2041326   0.06747272]"
1747093056.3379967,"[ 0.         -0.22854183  0.85441059  2.93963796 -2.2165812  -0.00408369
  0.96007417  1.5709191 ]","[ 0.00000000e+00  3.56528652e-02 -5.06552298e-02  0.00000000e+00
  7.40737029e-05 -5.29897933e-06  1.13757160e-04  0.00000000e+00]","[ 0.          1.42999434 11.27658463  1.48592722 -1.64529121 -0.11114439
 -0.22935131  0.06829085]"
1747093056.3397422,"[ 0.         -0.22846513  0.8543022   2.93963796 -2.21658173 -0.00408369
  0.96007417  1.5709191 ]","[ 0.00000000e+00  3.99744266e-02 -5.67204709e-02  0.00000000e+00
  6.88346925e-05 -5.29897933e-06  1.03096242e-04  0.00000000e+00]","[ 0.          1.2307179  11.39134026  1.35954416 -1.81459689 -0.09209065
 -0.27201039  0.09830053]"
1747093056.342058,"[ 0.         -0.22837778  0.85417823  2.93963796 -2.21658226 -0.00408369
  0.96007417  1.5709191 ]","[ 0.00000000e+00  4.42959881e-02 -6.19398090e-02  0.00000000e+00
  5.82887721e-05 -5.29897933e-06  1.03174077e-04  0.00000000e+00]","[ 0.          0.99910283 11.51699066  1.24569011 -2.02556801 -0.06268587
 -0.32099822  0.09066031]"
1747093056.3438187,"[ 0.         -0.2282851   0.85405332  2.93963796 -2.21658226 -0.00408316
  0.96007417  1.5709191 ]","[ 0.00000000e+00  4.75371550e-02 -6.36784204e-02  0.00000000e+00
  5.83328791e-05  0.00000000e+00  1.03096242e-04  0.00000000e+00]","[ 0.          0.80395764 11.65757751  1.13021672 -2.12637854 -0.06684203
 -0.32049426  0.05892066]"
1747093056.345868,"[ 0.         -0.22823291  0.85398814  2.93963796 -2.21658226 -0.00408316
  0.96007417  1.5709191 ]","[ 0.00000000e+00  4.91506186e-02 -6.61738814e-02  0.00000000e+00
  5.82887721e-05  0.00000000e+00  1.03175101e-04  0.00000000e+00]","[ 0.          0.64987934 11.65688419  1.09864986 -2.1577425  -0.07361513
 -0.33135754  0.04829776]"
1747093056.3470433,"[ 0.         -0.22813863  0.85384626  2.93963796 -2.21658226 -0.00408316
  0.96007417  1.5709191 ]","[ 0.00000000e+00  4.69969619e-02 -7.02253442e-02  0.00000000e+00
  5.82887721e-05  0.00000000e+00  1.03174077e-04  0.00000000e+00]","[ 0.          0.45390195 11.77422428  1.07021093 -2.15361071 -0.0427533
 -0.35588622  0.06178756]"
1747093056.348824,"[ 0.         -0.22804435  0.85377509  2.93963796 -2.21658226 -0.00408316
  0.96007417  1.5709191 ]","[ 0.00000000e+00  4.53763743e-02 -7.21160221e-02  0.00000000e+00
  5.83328791e-05  0.00000000e+00  9.51657631e-05  0.00000000e+00]","[ 0.          0.19883238 11.82387352  0.99343139 -2.13482857 -0.04774969
 -0.36447403  0.06092278]"
1747093056.3499851,"[ 0.         -0.22799855  0.85370525  2.93963796 -2.21658173 -0.00408316
  0.96007417  1.5709191 ]","[ 0.00000000e+00  4.64096974e-02 -7.06938358e-02  0.00000000e+00
  6.35871160e-05  0.00000000e+00  9.52385514e-05  0.00000000e+00]","[ 0.          0.10901186 11.78628254  0.95739108 -2.10942125 -0.03758679
 -0.35555223  0.05288939]"
1747093056.3517296,"[ 0.         -0.22790161  0.85355744  2.93963796 -2.21658173 -0.00408316
  0.96007417  1.5709191 ]","[ 0.00000000e+00  4.71001219e-02 -7.34665111e-02  0.00000000e+00
  6.36358718e-05  0.00000000e+00  9.51667059e-05  0.00000000e+00]","[ 0.         -0.15858936 11.77638054  0.91578054 -2.00749183 -0.03338459
 -0.33257946  0.06590921]"
1747093056.3528547,"[ 0.         -0.22785527  0.85348394  2.93963796 -2.21658173 -0.00408316
  0.96007417  1.5709191 ]","[ 0.00000000e+00  4.69969619e-02 -7.45469056e-02  0.00000000e+00
  6.35877499e-05  0.00000000e+00  9.52376087e-05  0.00000000e+00]","[ 0.         -0.30656338 11.77237701  0.92886531 -1.94212139 -0.03566846
 -0.32685041  0.08934863]"
1747093056.3545775,"[ 0.         -0.22776738  0.85333334  2.93963796 -2.2165812  -0.00408316
  0.96007417  1.5709191 ]","[ 0.00000000e+00  4.32155977e-02 -7.66299637e-02  0.00000000e+00
  6.88867318e-05  0.00000000e+00  9.52376087e-05  0.00000000e+00]","[ 0.         -0.49107221 11.6627388   0.89821506 -1.79775798 -0.02782397
 -0.32903555  0.08255641]"
1747093056.3563087,"[ 0.         -0.22772477  0.85324932  2.93963796 -2.2165812  -0.00408316
  0.96007417  1.5709191 ]","[ 0.00000000e+00  4.01229520e-02 -7.93175260e-02  0.00000000e+00
  6.89395431e-05  0.00000000e+00  9.51667059e-05  0.00000000e+00]","[ 0.00000000e+00 -5.97011924e-01  1.15752058e+01  8.30770910e-01
 -1.75071478e+00 -7.25120772e-03 -3.12072009e-01  7.36620873e-02]"
1747093056.3580866,"[ 0.         -0.22764914  0.85308127  2.93963796 -2.2165812  -0.00408316
  0.9600751   1.5709191 ]","[ 0.00000000e+00  3.77753338e-02 -8.69713844e-02  0.00000000e+00
  6.88867318e-05  0.00000000e+00  1.03175101e-04  0.00000000e+00]","[ 0.00000000e+00 -7.65559196e-01  1.14587355e+01  8.04539621e-01
 -1.60989654e+00  1.03160378e-03 -2.65839517e-01  7.33834729e-02]"
1747093056.3598475,"[ 0.         -0.22761292  0.8529862   2.93963796 -2.2165812  -0.00408316
  0.9600751   1.5709191 ]","[ 0.00000000e+00  3.67332556e-02 -8.95243405e-02  0.00000000e+00
  6.89388604e-05  0.00000000e+00  1.03174077e-04  0.00000000e+00]","[ 0.00000000e+00 -8.26774776e-01  1.14507532e+01  7.89807796e-01
 -1.53813791e+00 -1.53910683e-03 -2.46134654e-01  7.80360028e-02]"
1747093056.3614163,"[ 0.         -0.22754528  0.8528071   2.93963796 -2.21658067 -0.00408316
  0.9600751   1.5709191 ]","[ 0.00000000e+00  3.15968251e-02 -9.12929458e-02  0.00000000e+00
  7.42418490e-05  0.00000000e+00  1.03174077e-04  0.00000000e+00]","[ 0.         -0.94800329 11.31471443  0.71338618 -1.45274019 -0.03063436
 -0.23065916  0.08529467]"
1747093056.3637729,"[ 0.         -0.22749468  0.85261422  2.93963796 -2.21658067 -0.00408316
  0.9600751   1.5709191 ]","[ 0.00000000e+00  2.37685775e-02 -9.47904752e-02  0.00000000e+00
  7.42418490e-05  0.00000000e+00  1.03175101e-04  0.00000000e+00]","[ 0.         -0.99962991 11.18618393  0.70787644 -1.37888646 -0.03156605
 -0.22365682  0.09255524]"
1747093056.3649106,"[ 0.         -0.22746325  0.852426    2.93963796 -2.21658067 -0.00408209
  0.96007603  1.5709191 ]","[ 0.00000000e+00  1.25384225e-02 -9.64247990e-02  0.00000000e+00
  7.41857136e-05  1.05818513e-05  1.13756038e-04  0.00000000e+00]","[ 0.         -1.02478719 11.05592918  0.65959734 -1.30604589 -0.01529687
 -0.22795194  0.09958507]"
1747093056.3666513,"[ 0.         -0.2274542   0.85222626  2.93963796 -2.2165804  -0.00408209
  0.96007603  1.5709191 ]","[ 0.00000000e+00  2.16077981e-03 -1.02907141e-01  0.00000000e+00
  7.15903507e-05  1.05819570e-05  1.03174077e-04  0.00000000e+00]","[ 0.00000000e+00 -9.72699404e-01  1.09819574e+01  6.09591842e-01
 -1.25208712e+00  2.08137906e-03 -1.94193333e-01  8.03892687e-02]"
1747093056.3683302,"[ 0.         -0.2274558   0.85211554  2.93963796 -2.2165804  -0.00408209
  0.96007603  1.5709191 ]","[ 0.00000000e+00 -1.62058489e-03 -1.04319682e-01  0.00000000e+00
  7.15910659e-05  1.05819570e-05  1.03096242e-04  0.00000000e+00]","[ 0.00000000e+00 -9.48095858e-01  1.09542608e+01  6.29535615e-01
 -1.23334241e+00  3.38015176e-04 -1.90342441e-01  8.48104879e-02]"
1747093056.3700373,"[ 0.         -0.22746485  0.8518961   2.93963742 -2.21657987 -0.00408209
  0.96007603  1.5709191 ]","[ 0.00000000e+00 -3.50993214e-03 -1.13056173e-01 -1.39585984e-05
  7.41857136e-05  1.05739739e-05  1.03175101e-04  0.00000000e+00]","[ 0.         -0.84208196 10.94352436  0.61034477 -1.17443967  0.01915714
 -0.18236528  0.09191953]"
1747093056.3711705,"[ 0.         -0.22746751  0.85178125  2.93963742 -2.21657987 -0.00408209
  0.96007703  1.5709191 ]","[ 0.00000000e+00 -3.31156565e-03 -1.16412014e-01 -1.39585984e-05
  7.42418490e-05  1.05820616e-05  1.13757160e-04  0.00000000e+00]","[ 0.         -0.76136291 10.91346836  0.55975807 -1.17859197  0.01970587
 -0.18279649  0.09268922]"
1747093056.3728533,"[ 0.         -0.22746538  0.85153377  2.93963742 -2.21657987 -0.00408209
  0.96007703  1.5709191 ]","[ 0.00000000e+00 -1.32462629e-03 -1.22624254e-01 -1.35806282e-05
  6.89388604e-05  1.05819570e-05  1.03096242e-04  0.00000000e+00]","[ 0.         -0.61466235 10.9503212   0.56303024 -1.1765306   0.02253211
 -0.17768347  0.0894857 ]"
1747093056.3746276,"[ 0.         -0.22746006  0.8512867   2.93963742 -2.21657987 -0.00408209
  0.96007703  1.5709191 ]","[ 0.00000000e+00  9.57588854e-04 -1.26675712e-01 -1.32723385e-05
  6.36365057e-05  1.05739739e-05  1.03173053e-04  0.00000000e+00]","[ 0.         -0.54774177 11.04479885  0.52739143 -1.18806255  0.03301081
 -0.17539611  0.08478597]"
1747093056.3763733,"[ 0.         -0.22745952  0.85114848  2.93963689 -2.21657987 -0.00408103
  0.96007703  1.5709191 ]","[ 0.00000000e+00  8.88905565e-04 -1.30026393e-01 -2.57658783e-05
  6.36358718e-05  2.11641232e-05  1.03097266e-04  0.00000000e+00]","[ 0.         -0.49464399 11.10049152  0.55963665 -1.21647143  0.03253804
 -0.16867618  0.08565217]"
1747093056.378023,"[ 0.         -0.22746165  0.8508831   2.93963689 -2.21657934 -0.00408103
  0.96007703  1.5709191 ]","[ 0.00000000e+00  8.30468360e-04 -1.36399221e-01 -2.51651148e-05
  6.35877499e-05  2.11481571e-05  1.03174077e-04  0.00000000e+00]","[ 0.         -0.39226645 11.20556068  0.50814825 -1.27630949  0.04065472
 -0.19674973  0.073001  ]"
1747093056.3797207,"[ 0.         -0.22746219  0.85059428  2.93963689 -2.21657934 -0.00408103
  0.96007796  1.5709191 ]","[ 0.00000000e+00  4.52982733e-04 -1.40990877e-01 -2.45497891e-05
  6.09843734e-05  2.11639139e-05  1.03097266e-04  0.00000000e+00]","[ 0.         -0.2692956  11.27990437  0.49281591 -1.31833494  0.04025406
 -0.20478457  0.0820522 ]"
1747093056.381368,"[ 0.         -0.22746165  0.85045333  2.93963689 -2.21657934 -0.00408103
  0.96007796  1.5709191 ]","[ 0.00000000e+00  7.63192740e-05 -1.42881572e-01 -2.40037955e-05
  5.56392812e-05  2.11639139e-05  1.03096242e-04  0.00000000e+00]","[ 0.         -0.21686482 11.3132534   0.50098199 -1.36272717  0.03820363
 -0.20276646  0.08723257]"
1747093056.3825693,"[ 0.         -0.22746059  0.85016997  2.93963689 -2.21657987 -0.00408103
  0.96007796  1.5709191 ]","[ 0.00000000e+00 -6.62313119e-05 -1.43276452e-01 -2.34820763e-05
  4.50413255e-05  2.11481571e-05  1.03174077e-04  0.00000000e+00]","[ 0.         -0.1424043  11.45397186  0.4954882  -1.42156184  0.03666645
 -0.20914041  0.07592626]"
1747093056.384289,"[ 0.         -0.22746059  0.85001617  2.93963636 -2.21657987 -0.00408103
  0.96007796  1.5709191 ]","[ 0.00000000e+00 -1.32462624e-04 -1.44944174e-01 -3.52231134e-05
  4.50754075e-05  2.11637026e-05  9.51657631e-05  0.00000000e+00]","[ 0.         -0.1044853  11.52180386  0.51508498 -1.43718863  0.03675216
 -0.21098173  0.07843471]"
1747093056.386432,"[ 0.         -0.22746165  0.84972915  2.93963636 -2.21657934 -0.00408103
  0.96007796  1.5709191 ]","[ 0.00000000e+00 -2.11152508e-04 -1.46392833e-01 -3.44738311e-05
  4.76908124e-05  2.11479478e-05  9.52376087e-05  0.00000000e+00]","[ 0.         -0.05020865 11.62218857  0.53712177 -1.4346137   0.03585805
 -0.23125066  0.07509299]"
1747093056.388506,"[ 0.         -0.22746165  0.84942562  2.93963636 -2.21657934 -0.00408103
  0.96007796  1.5709191 ]","[ 0.00000000e+00 -1.45263328e-04 -1.49207229e-01 -3.37009451e-05
  4.77269018e-05  2.11639139e-05  9.53095680e-05  0.00000000e+00]","[ 0.         -0.02262874 11.68539715  0.53289157 -1.42130506  0.02619107
 -0.23500614  0.07071103]"
1747093056.3895507,"[ 0.         -0.22746112  0.84912534  2.93963636 -2.21657907 -0.00408103
  0.96007796  1.5709191 ]","[ 0.00000000e+00  4.41578693e-05 -1.52875167e-01 -3.37009451e-05
  4.50413255e-05  2.11641232e-05  8.47836692e-05  0.00000000e+00]","[ 0.00000000e+00 -2.47091521e-03  1.17705717e+01  5.53930163e-01
 -1.41850603e+00  2.43252963e-02 -2.26424813e-01  6.96250573e-02]"
1747093056.391298,"[ 0.         -0.22746165  0.84897381  2.93963636 -2.21657854 -0.00408103
  0.96007796  1.5709191 ]","[ 0.00000000e+00  4.41578693e-05 -1.53685467e-01 -3.30143956e-05
  5.03403034e-05  2.11639139e-05  8.47836692e-05  0.00000000e+00]","[ 0.00000000e+00  1.87367969e-03  1.18103046e+01  5.59065342e-01
 -1.37544036e+00  2.01526769e-02 -2.12620556e-01  7.21844211e-02]"
1747093056.3924673,"[ 0.         -0.22746165  0.84881995  2.93963636 -2.21657854 -0.00408103
  0.96007796  1.5709191 ]","[ 0.00000000e+00  4.08209857e-05 -1.56116334e-01 -3.30670018e-05
  5.03778963e-05  2.11639139e-05  8.47196178e-05  0.00000000e+00]","[ 0.00000000e+00 -4.61209798e-03  1.18459263e+01  5.83845854e-01
 -1.34850085e+00  2.37487312e-02 -2.18557477e-01  6.59542829e-02]"
1747093056.394166,"[ 0.         -0.22746165  0.84849531  2.93963636 -2.21657747 -0.00408103
  0.96007796  1.5709191 ]","[ 0.00000000e+00  3.77485611e-05 -1.60330420e-01 -3.23559118e-05
  6.09382630e-05  2.11639139e-05  8.47836692e-05  0.00000000e+00]","[ 0.         -0.01376002 11.90414143  0.63892049 -1.26897919  0.03409139
 -0.22083262  0.06549245]"
1747093056.395845,"[ 0.         -0.22746165  0.84833692  2.93963636 -2.21657747 -0.00408103
  0.96007889  1.5709191 ]","[ 0.00000000e+00  0.00000000e+00 -1.60545171e-01 -3.17219217e-05
  5.56392812e-05  2.11479478e-05  9.53816248e-05  0.00000000e+00]","[ 0.00000000e+00 -2.39992738e-02  1.19228001e+01  6.77263081e-01
 -1.24655044e+00  6.31488301e-03 -2.14364499e-01  6.29205629e-02]"
1747093056.3969748,"[ 0.         -0.22746165  0.84800948  2.93963636 -2.2165772  -0.00408103
  0.96007889  1.5709191 ]","[ 0.00000000e+00  0.00000000e+00 -1.58736435e-01 -3.16741331e-05
  5.83328791e-05  2.11641232e-05  9.53816248e-05  0.00000000e+00]","[ 0.         -0.05649677 11.93188381  0.74228919 -1.22304368 -0.01485468
 -0.21242936  0.05787236]"
1747093056.3992624,"[ 0.         -0.22746219  0.84769589  2.93963636 -2.21657667 -0.00408103
  0.96007889  1.5709191 ]","[ 0.00000000e+00 -2.93768803e-05 -1.58656407e-01 -3.11129069e-05
  6.35877499e-05  2.64548924e-05  9.53816248e-05  0.00000000e+00]","[ 0.         -0.11242505 11.91080189  0.80791378 -1.2193203  -0.03546593
 -0.20745943  0.06289911]"
1747093056.4003794,"[ 0.         -0.22746219  0.84754023  2.93963636 -2.21657667 -0.00408103
  0.96007889  1.5709191 ]","[ 0.00000000e+00 -5.90010750e-05 -1.57736934e-01 -3.04825761e-05
  6.35883838e-05  2.64548924e-05  9.53095680e-05  0.00000000e+00]","[ 0.         -0.12396915 11.82871342  0.85855973 -1.21110499 -0.0442566
 -0.21490735  0.06616993]"
1747093056.4021606,"[ 0.         -0.22746219  0.84721832  2.93963636 -2.21657614 -0.00408103
  0.96007889  1.5709191 ]","[ 0.00000000e+00 -8.35851167e-05 -1.56227987e-01 -2.99192348e-05
  7.41857136e-05  2.64351959e-05  9.53825757e-05  0.00000000e+00]","[ 0.         -0.15834261 11.73474407  0.90735441 -1.20024204 -0.04332153
 -0.2057759   0.06423238]"
1747093056.4033253,"[ 0.         -0.22746219  0.84706266  2.93963636 -2.21657614 -0.00408103
  0.96007989  1.5709191 ]","[ 0.00000000e+00 -7.94854838e-05 -1.57736934e-01 -2.99197956e-05
  7.41857136e-05  2.64551545e-05  1.05979589e-04  0.00000000e+00]","[ 0.         -0.17418905 11.70534611  0.91754323 -1.23080635 -0.06999772
 -0.19843979  0.06002414]"
1747093056.4049761,"[ 0.         -0.22746219  0.84673709  2.93963636 -2.21657587 -0.00408103
  0.96007989  1.5709191 ]","[ 0.00000000e+00 -7.57692005e-05 -1.59990285e-01 -2.93364286e-05
  8.21963279e-05  2.64548924e-05  1.05979589e-04  0.00000000e+00]","[ 0.         -0.21818279 11.59988594  0.96594787 -1.23079991 -0.07672304
 -0.18137862  0.08039018]"
1747093056.406657,"[ 0.         -0.22746219  0.84657863  2.93963636 -2.21657587 -0.00408103
  0.96007989  1.5709191 ]","[ 0.00000000e+00 -5.03314161e-05 -1.60707990e-01 -2.93364286e-05
  8.21333574e-05  2.64349338e-05  9.53816248e-05  0.00000000e+00]","[ 0.         -0.21177199 11.53398514  0.97429466 -1.24317002 -0.0672105
 -0.18901233  0.07610025]"
1747093056.4078932,"[ 0.         -0.22746219  0.84625126  2.93963636 -2.21657534 -0.00408103
  0.96007989  1.5709191 ]","[ 0.00000000e+00 -2.52552021e-05 -1.67360084e-01 -2.88538363e-05
  8.74331602e-05  2.64551545e-05  9.53825757e-05  0.00000000e+00]","[ 0.         -0.21731777 11.54701328  1.01185668 -1.23354161 -0.06021901
 -0.17852019  0.04956918]"
1747093056.4096687,"[ 0.         -0.22746219  0.84607123  2.93963636 -2.21657534 -0.00408103
  0.96007989  1.5709191 ]","[ 0.00000000e+00 -2.51657081e-05 -1.69360001e-01 -2.83109210e-05
  8.74993247e-05  3.70372172e-05  9.53825757e-05  0.00000000e+00]","[ 0.         -0.23529293 11.51025391  1.01620245 -1.24570119 -0.07256624
 -0.17681342  0.05035901]"
1747093056.4108186,"[ 0.         -0.22746219  0.84573421  2.93963636 -2.21657534 -0.00408103
  0.96008082  1.5709191 ]","[ 0.00000000e+00 -4.80888602e-05 -1.70431507e-01 -2.78248319e-05
  8.21349992e-05  3.70368514e-05  1.03330098e-04  0.00000000e+00]","[ 0.         -0.24677296 11.51211071  1.00667274 -1.323138   -0.09602009
 -0.18234141  0.05903516]"
1747093056.4125443,"[ 0.         -0.22746272  0.84555052  2.93963636 -2.21657534 -0.00408103
  0.96008082  1.5709191 ]","[ 0.00000000e+00 -7.23849021e-05 -1.73030237e-01 -2.77880558e-05
  8.21333574e-05  3.70368514e-05  1.03408291e-04  0.00000000e+00]","[ 0.         -0.21540768 11.54982471  1.00023079 -1.36420655 -0.09753297
 -0.1648977   0.06203273]"
1747093056.4143002,"[ 0.         -0.22746272  0.84520797  2.93963636 -2.21657534 -0.00408103
  0.96008082  1.5709191 ]","[ 0.00000000e+00 -4.60396087e-05 -1.74482974e-01 -2.78253175e-05
  8.20109762e-05  3.70089097e-05  9.53825757e-05  0.00000000e+00]","[ 0.         -0.22674769 11.49860382  0.98864228 -1.48626351 -0.08963537
 -0.18575157  0.06020191]"
1747093056.4153996,"[ 0.         -0.22746272  0.84503579  2.93963636 -2.21657587 -0.00408103
  0.96008082  1.5709191 ]","[ 0.00000000e+00 -4.60396087e-05 -1.74482974e-01 -2.73551539e-05
  7.67191870e-05  3.70089097e-05  9.53816248e-05  0.00000000e+00]","[ 0.         -0.23823147 11.46370602  0.97307336 -1.54870367 -0.06952106
 -0.20608795  0.06798012]"
1747093056.4171243,"[ 0.         -0.22746272  0.84467487  2.93963636 -2.21657587 -0.00408103
  0.96008082  1.5709191 ]","[ 0.00000000e+00 -4.41578693e-05 -1.76791769e-01 -2.68666937e-05
  7.14282106e-05  3.70368514e-05  9.53816248e-05  0.00000000e+00]","[ 0.         -0.22610341 11.39405537  0.96734053 -1.67909932 -0.06963146
 -0.21955344  0.06326893]"
1747093056.418861,"[ 0.         -0.22746272  0.84432313  2.93963636 -2.21657587 -0.00408103
  0.96008082  1.5709191 ]","[ 0.00000000e+00 -4.24239132e-05 -1.80067540e-01 -2.64285497e-05
  7.14289177e-05  3.70089097e-05  9.53825757e-05  0.00000000e+00]","[ 0.         -0.20346044 11.33230591  0.90589011 -1.85695887 -0.02248982
 -0.23461887  0.06737606]"
1747093056.4204948,"[ 0.         -0.22746272  0.84414357  2.93963636 -2.21657587 -0.00408103
  0.96008082  1.5709191 ]","[ 0.00000000e+00 -4.08194212e-05 -1.81861245e-01 -2.64281149e-05
  7.14289177e-05  3.70368514e-05  8.47836692e-05  0.00000000e+00]","[ 0.         -0.19096871 11.31263542  0.8751635  -1.89672947 -0.02250459
 -0.24045485  0.06966592]"
1747093056.4221756,"[ 0.         -0.22746272  0.84375967  2.93963636 -2.21657614 -0.00408103
  0.96008082  1.5709191 ]","[ 0.00000000e+00 -3.92247023e-05 -1.88257942e-01 -2.60040455e-05
  6.34917418e-05  3.70368514e-05  8.47836692e-05  0.00000000e+00]","[ 0.         -0.18429777 11.29736614  0.81845957 -1.96734476 -0.04744226
 -0.23887789  0.070145  ]"
1747093056.423843,"[ 0.         -0.22746272  0.84357279  2.93963636 -2.21657614 -0.00408103
  0.96008082  1.5709191 ]","[ 0.00000000e+00 -3.92247023e-05 -1.89608431e-01 -2.60044701e-05
  6.34917418e-05  3.70372172e-05  8.47836692e-05  0.00000000e+00]","[ 0.         -0.17544681 11.27910995  0.78951389 -1.95274067 -0.04404987
 -0.24209943  0.06787036]"
1747093056.424959,"[ 0.         -0.22746325  0.84319721  2.93963609 -2.21657587 -0.00408103
  0.96008082  1.5709191 ]","[ 0.00000000e+00 -5.48521053e-05 -1.90765441e-01 -2.98231089e-05
  6.34923676e-05  3.70368514e-05  7.41857136e-05  0.00000000e+00]","[ 0.         -0.16619153 11.35253716  0.73304576 -1.92040503 -0.04372138
 -0.2381684   0.05298634]"
1747093056.42707,"[ 0.         -0.22746325  0.84280506  2.93963609 -2.21657587 -0.00408103
  0.96008176  1.5709191 ]","[ 0.00000000e+00 -5.29227520e-05 -1.91229014e-01 -2.93595305e-05
  5.82007654e-05  3.70372172e-05  8.47836692e-05  0.00000000e+00]","[ 0.         -0.174496   11.38062954  0.69996673 -1.86692524 -0.04648627
 -0.2298767   0.05242515]"
1747093056.4287086,"[ 0.         -0.22746325  0.84242803  2.93963556 -2.21657587 -0.00407996
  0.96008176  1.5709191 ]","[ 0.00000000e+00 -3.51932496e-05 -1.91499109e-01 -3.71707613e-05
  5.28698675e-05  4.76188043e-05  8.47836692e-05  0.00000000e+00]","[ 0.         -0.14646988 11.40303421  0.62784988 -1.82800376 -0.03368569
 -0.23724556  0.05922646]"
1747093056.4304514,"[ 0.         -0.22746325  0.84222643  2.93963556 -2.21657587 -0.00407996
  0.96008176  1.5709191 ]","[ 0.00000000e+00 -3.40830085e-05 -1.89831720e-01 -3.71707613e-05
  5.28698675e-05  4.75828816e-05  8.47836692e-05  0.00000000e+00]","[ 0.         -0.13786663 11.43211269  0.61254299 -1.82800376 -0.03004117
 -0.23594351  0.05137115]"
1747093056.4315665,"[ 0.         -0.22746378  0.84184719  2.93963503 -2.21657587 -0.00407996
  0.96008176  1.5709191 ]","[ 0.00000000e+00 -5.10005020e-05 -1.92654205e-01 -4.47467060e-05
  4.76192757e-05  4.76188043e-05  7.42418490e-05  0.00000000e+00]","[ 0.00000000e+00 -1.63009480e-01  1.12864847e+01  5.81308484e-01
 -1.79572141e+00 -8.75919533e-04 -2.19320685e-01  5.25705852e-02]"
1747093056.4333405,"[ 0.         -0.22746378  0.84165431  2.93963503 -2.21657587 -0.00407996
  0.96008269  1.5709191 ]","[ 0.00000000e+00 -4.94429331e-05 -1.95550576e-01 -4.40317617e-05
  4.76188043e-05  4.76188043e-05  8.47845145e-05  0.00000000e+00]","[ 0.00000000e+00 -1.52547583e-01  1.12018681e+01  5.86179197e-01
 -1.78042531e+00  6.00745762e-03 -2.00179294e-01  6.08273111e-02]"
1747093056.435019,"[ 0.         -0.22746378  0.84124652  2.93963503 -2.21657587 -0.00407996
  0.96008269  1.5709191 ]","[ 0.00000000e+00 -4.79805596e-05 -1.99872137e-01 -4.33893781e-05
  4.76188043e-05  3.70092754e-05  8.47836692e-05  0.00000000e+00]","[ 0.         -0.14183906 11.09353352  0.52927607 -1.70371199  0.0159366
 -0.1743087   0.05332733]"
1747093056.4367058,"[ 0.         -0.22746378  0.84104678  2.93963503 -2.21657587 -0.00407996
  0.96008269  1.5709191 ]","[ 0.00000000e+00 -4.79805596e-05 -2.02573099e-01 -4.34382721e-05
  5.29097849e-05  3.70372172e-05  8.47836692e-05  0.00000000e+00]","[ 0.         -0.14730521 11.08482075  0.51373476 -1.66607904  0.01885599
 -0.17754787  0.0566446 ]"
1747093056.437872,"[ 0.         -0.22746378  0.84062433  2.93963503 -2.21657534 -0.00407996
  0.96008369  1.5709191 ]","[ 0.00000000e+00 -4.64977946e-05 -2.07704960e-01 -3.49894163e-05
  5.81568575e-05  3.70089097e-05  9.53816248e-05  0.00000000e+00]","[ 0.00000000e+00 -1.09699637e-01  1.10497980e+01  5.26086628e-01
 -1.57273149e+00  6.59424672e-03 -1.45302922e-01  7.18893483e-02]"
1747093056.4395738,"[ 0.         -0.22746378  0.84020968  2.9396345  -2.21657534 -0.00407996
  0.96008369  1.5709191 ]","[ 0.00000000e+00 -4.64977946e-05 -2.10732392e-01 -4.21574223e-05
  6.34917418e-05  3.70368514e-05  9.54538036e-05  0.00000000e+00]","[ 0.00000000e+00 -9.69622806e-02  1.10269613e+01  5.34529626e-01
 -1.48477924e+00 -4.71188175e-03 -1.25898108e-01  7.39605650e-02]"
1747093056.4413126,"[ 0.         -0.22746378  0.83999982  2.9396345  -2.21657534 -0.00407996
  0.96008369  1.5709191 ]","[ 0.00000000e+00 -4.51996133e-05 -2.12836805e-01 -4.21113648e-05
  6.34917418e-05  3.70372172e-05  9.53816248e-05  0.00000000e+00]","[ 0.00000000e+00 -8.07038471e-02  1.10058355e+01  5.59301734e-01
 -1.45831704e+00 -2.63466290e-03 -1.23176724e-01  6.74129203e-02]"
1747093056.442512,"[ 0.         -0.22746432  0.83955947  2.9396345  -2.21657534 -0.00407996
  0.96008369  1.5709191 ]","[ 0.00000000e+00 -5.86308795e-05 -2.16077989e-01 -4.15676103e-05
  6.87827183e-05  3.70368514e-05  9.53816248e-05  0.00000000e+00]","[ 0.         -0.06930897 10.9742794   0.542243   -1.39629507 -0.02583876
 -0.12067145  0.05747776]"
1747093056.4441936,"[ 0.         -0.22746432  0.83934548  2.9396345  -2.21657534 -0.00407996
  0.96008462  1.5709191 ]","[ 0.00000000e+00 -5.86308795e-05 -2.17158366e-01 -4.15676103e-05
  6.87827183e-05  3.17458709e-05  1.03407258e-04  0.00000000e+00]","[ 0.         -0.08669641 11.03437519  0.54204375 -1.39229846 -0.02957664
 -0.11394234  0.06173775]"
1747093056.4459934,"[ 0.         -0.22746432  0.83891292  2.9396345  -2.21657534 -0.00407996
  0.96008462  1.5709191 ]","[ 0.00000000e+00 -5.70835389e-05 -2.19319155e-01 -4.09505149e-05
  6.87834010e-05  3.17222367e-05  1.03330098e-04  0.00000000e+00]","[ 0.00000000e+00 -8.30012858e-02  1.10063667e+01  5.63624918e-01
 -1.43109655e+00 -9.36633162e-03 -1.20895565e-01  7.74236843e-02]"
1747093056.447089,"[ 0.         -0.22746432  0.83867643  2.9396345  -2.21657534 -0.00407996
  0.96008462  1.5709191 ]","[ 0.00000000e+00 -5.55042051e-05 -2.22682395e-01 -4.09505149e-05
  6.87834010e-05  3.17222367e-05  1.03330098e-04  0.00000000e+00]","[ 0.00000000e+00 -7.18144029e-02  1.09615774e+01  5.73160589e-01
 -1.47485292e+00 -9.24058352e-03 -1.14574872e-01  7.05684572e-02]"
1747093056.4488142,"[ 0.         -0.22746432  0.83823381  2.9396345  -2.21657534 -0.00407996
  0.96008462  1.5709191 ]","[ 0.00000000e+00 -5.42174508e-05 -2.25261300e-01 -3.31532164e-05
  6.87827183e-05  3.17458709e-05  1.03408291e-04  0.00000000e+00]","[ 0.         -0.05035155 10.95955753  0.61537534 -1.53571963 -0.01276506
 -0.11936241  0.06194816]"
1747093056.451309,"[ 0.         -0.22746432  0.83799227  2.9396345  -2.21657534 -0.00407996
  0.96008462  1.5709191 ]","[ 0.00000000e+00 -5.42174508e-05 -2.27233022e-01 -3.31188581e-05
  6.87827183e-05  3.17938749e-05  1.03330098e-04  0.00000000e+00]","[ 0.00000000e+00 -5.66223897e-02  1.10248213e+01  6.28938794e-01
 -1.57686937e+00  1.59577094e-03 -1.34892330e-01  6.79739565e-02]"
1747093056.4524734,"[ 0.         -0.22746432  0.83754226  2.9396345  -2.21657534 -0.00407996
  0.96008555  1.5709191 ]","[ 0.00000000e+00 -5.27907440e-05 -2.29042656e-01 -3.31532164e-05
  6.34923676e-05  3.17938749e-05  1.14013130e-04  0.00000000e+00]","[ 0.00000000e+00 -5.58537357e-02  1.10725136e+01  6.60394371e-01
 -1.67758214e+00 -4.68490296e-04 -1.56239837e-01  8.32647830e-02]"
1747093056.4542315,"[ 0.         -0.22746432  0.83706748  2.9396345  -2.21657534 -0.00407996
  0.96008555  1.5709191 ]","[ 0.00000000e+00 -3.86488165e-05 -2.32713125e-01 -3.26732594e-05
  6.35397134e-05  3.17695397e-05  1.13928053e-04  0.00000000e+00]","[ 0.         -0.02348678 11.08154678  0.70525384 -1.73076963 -0.02211917
 -0.16821477  0.08337416]"
1747093056.4553106,"[ 0.         -0.22746432  0.83683692  2.93963423 -2.21657534 -0.00407996
  0.96008555  1.5709191 ]","[ 0.00000000e+00 -3.85769709e-05 -2.33904407e-01 -3.58221418e-05
  6.34917418e-05  3.17941919e-05  1.13756038e-04  0.00000000e+00]","[ 0.00000000e+00 -4.44427598e-03  1.10500441e+01  7.08735824e-01
 -1.77224386e+00 -2.54429784e-02 -1.67878136e-01  7.06868395e-02]"
1747093056.4570656,"[ 0.         -0.22746432  0.83637546  2.93963423 -2.21657534 -0.00407996
  0.96008555  1.5709191 ]","[ 0.00000000e+00 -3.77485611e-05 -2.35254896e-01 -3.53537276e-05
  5.82007654e-05  3.17938749e-05  1.03174077e-04  0.00000000e+00]","[ 0.          0.01703187 11.07833099  0.71926159 -1.8052119  -0.04061616
 -0.17344658  0.06154036]"
1747093056.4582834,"[ 0.         -0.22746432  0.83612293  2.93963423 -2.21657587 -0.00407996
  0.96008555  1.5709191 ]","[ 0.00000000e+00 -3.76809092e-05 -2.37728506e-01 -3.48617808e-05
  5.28698675e-05  3.17938749e-05  1.03174077e-04  0.00000000e+00]","[ 0.00000000e+00  2.85614305e-03  1.10830355e+01  7.32662499e-01
 -1.81591141e+00 -4.94257510e-02 -1.71528518e-01  5.94572984e-02]"
1747093056.4599757,"[ 0.         -0.22746432  0.83564809  2.93963423 -2.21657534 -0.00407996
  0.96008655  1.5709191 ]","[ 0.00000000e+00 -3.68246836e-05 -2.42277435e-01 -3.44175494e-05
  5.82007654e-05  3.17935580e-05  1.13757160e-04  0.00000000e+00]","[ 0.          0.02046976 11.06210613  0.75379145 -1.82036293 -0.05441758
 -0.17033748  0.07254682]"
1747093056.4616728,"[ 0.         -0.22746485  0.8354084   2.93963423 -2.21657534 -0.00407996
  0.96008655  1.5709191 ]","[ 0.00000000e+00 -4.90984444e-05 -2.43087735e-01 -3.44175494e-05
  5.29097849e-05  3.17938749e-05  1.13756038e-04  0.00000000e+00]","[ 0.          0.02048976 11.03169632  0.7713781  -1.82956183 -0.0546497
 -0.17424303  0.06276353]"
1747093056.4628458,"[ 0.         -0.22746485  0.83490373  2.93963423 -2.21657534 -0.00407996
  0.96008655  1.5709191 ]","[ 0.00000000e+00 -4.80075911e-05 -2.47526159e-01 -2.71872495e-05
  5.29097849e-05  3.17938749e-05  1.13756038e-04  0.00000000e+00]","[ 0.          0.01855487 11.00402832  0.76253521 -1.77610946 -0.04691115
 -0.16586731  0.0570108 ]"
1747093056.4645834,"[ 0.         -0.22746485  0.83465899  2.93963423 -2.21657534 -0.00407996
  0.96008655  1.5709191 ]","[ 0.00000000e+00 -4.69641526e-05 -2.48219580e-01 -2.71872495e-05
  5.29103091e-05  2.11959173e-05  1.05900567e-04  0.00000000e+00]","[ 0.00000000e+00  5.05374325e-03  1.10073957e+01  7.65294313e-01
 -1.76401711e+00 -3.91014963e-02 -1.61117166e-01  5.10238633e-02]"
1747093056.465825,"[ 0.         -0.22746538  0.8341709   2.9396337  -2.21657534 -0.00407996
  0.96008748  1.5709191 ]","[ 0.00000000e+00 -5.74563880e-05 -2.47409280e-01 -3.31185391e-05
  5.29097849e-05  2.11959173e-05  1.13757160e-04  0.00000000e+00]","[ 0.         -0.02505935 10.96939564  0.75847483 -1.71076465 -0.04529458
 -0.15182722  0.06855622]"
1747093056.4675348,"[ 0.         -0.22746538  0.83390591  2.9396337  -2.21657534 -0.00407996
  0.96008748  1.5709191 ]","[ 0.00000000e+00 -5.61682439e-05 -2.49514625e-01 -3.31185391e-05
  5.29097849e-05  2.11959173e-05  1.13756038e-04  0.00000000e+00]","[ 0.         -0.02546607 10.93388748  0.76180989 -1.6700536  -0.03649207
 -0.14527005  0.08036122]"
1747093056.4687598,"[ 0.         -0.22746538  0.83341229  2.9396337  -2.21657534 -0.00407996
  0.96008748  1.5709191 ]","[ 0.00000000e+00 -5.50251278e-05 -2.52000952e-01 -3.27479454e-05
  5.02642966e-05  2.11959173e-05  1.13756038e-04  0.00000000e+00]","[ 0.         -0.06570412 10.88601685  0.72953278 -1.61151433 -0.03814811
 -0.1324316   0.07222732]"
1747093056.4704843,"[ 0.         -0.22746538  0.83316296  2.9396337  -2.21657534 -0.00407996
  0.96008748  1.5709191 ]","[ 0.00000000e+00 -5.50251278e-05 -2.52555090e-01 -3.23254079e-05
  5.02263745e-05  2.12119566e-05  1.13756038e-04  0.00000000e+00]","[ 0.         -0.07224503 10.85517216  0.71448773 -1.56180596 -0.03575866
 -0.11205053  0.0624369 ]"
1747093056.472252,"[ 0.         -0.22746538  0.83263858  2.93963316 -2.21657481 -0.00407996
  0.96008841  1.5709191 ]","[ 0.00000000e+00 -5.39265170e-05 -2.57672986e-01 -3.83321922e-05
  5.02642966e-05  2.11959173e-05  1.13756038e-04  0.00000000e+00]","[ 0.         -0.0523763  10.77777672  0.70043421 -1.519647   -0.01352828
 -0.11096304  0.04835582]"
1747093056.4734802,"[ 0.         -0.22746538  0.83212659  2.93963316 -2.21657481 -0.00407996
  0.96008841  1.5709191 ]","[ 0.00000000e+00 -5.28698675e-05 -2.59833775e-01 -3.82972813e-05
  5.02642966e-05  2.12119566e-05  1.13841985e-04  0.00000000e+00]","[ 0.         -0.07469468 10.75086021  0.67144495 -1.48136067 -0.03257018
 -0.09098496  0.05070972]"
1747093056.4752455,"[ 0.         -0.22746538  0.83187032  2.9396329  -2.21657481 -0.00407996
  0.96008841  1.5709191 ]","[ 0.00000000e+00 -5.18548421e-05 -2.59833775e-01 -4.10037326e-05
  5.02647924e-05  2.11959173e-05  1.13756038e-04  0.00000000e+00]","[ 0.         -0.07212648 10.74139595  0.65997851 -1.45122743 -0.04537384
 -0.08742534  0.04780618]"
1747093056.4763782,"[ 0.         -0.22746538  0.83133536  2.9396329  -2.21657428 -0.0040789
  0.96008935  1.5709191 ]","[ 0.00000000e+00 -4.14233828e-05 -2.61454359e-01 -4.04944055e-05
  5.55558217e-05  2.11959173e-05  1.21784452e-04  0.00000000e+00]","[ 0.         -0.14874461 10.71457958  0.63426948 -1.39594638 -0.03400518
 -0.07976833  0.05498679]"
1747093056.478107,"[ 0.         -0.22746592  0.83107597  2.93963236 -2.21657428 -0.0040789
  0.96008935  1.5709191 ]","[ 0.00000000e+00 -5.08052675e-05 -2.63074942e-01 -4.67658825e-05
  5.03027714e-05  2.12119566e-05  1.21692507e-04  0.00000000e+00]","[ 0.         -0.16807474 10.66236496  0.62960386 -1.37344122 -0.03375175
 -0.078056    0.04576698]"
1747093056.4806,"[ 0.         -0.22746645  0.83052949  2.93963236 -2.21657401 -0.0040789
  0.96008935  1.5709191 ]","[ 0.00000000e+00 -5.97534416e-05 -2.68071482e-01 -4.62322262e-05
  5.29097849e-05  2.11959173e-05  1.21692507e-04  0.00000000e+00]","[ 0.00000000e+00 -2.16309294e-01  1.06581564e+01  5.99270105e-01
 -1.34254491e+00 -4.77914466e-03 -5.49883917e-02  5.22581227e-02]"
1747093056.4814873,"[ 0.         -0.22746645  0.83026224  2.93963236 -2.21657401 -0.0040789
  0.96008935  1.5709191 ]","[ 0.00000000e+00 -5.86717803e-05 -2.70903104e-01 -4.57106106e-05
  5.29097849e-05  2.11959173e-05  1.13841985e-04  0.00000000e+00]","[ 0.00000000e+00 -2.36050531e-01  1.06748848e+01  5.68552494e-01
 -1.32884455e+00 -1.11872726e-03 -5.98578304e-02  6.07006960e-02]"
1747093056.4831429,"[ 0.         -0.22746698  0.82970524  2.93963183 -2.21657348 -0.0040789
  0.96009035  1.5709191 ]","[ 0.00000000e+00 -6.73268385e-05 -2.72083784e-01 -5.11833708e-05
  6.34923676e-05  2.11959173e-05  1.21692507e-04  0.00000000e+00]","[ 0.00000000e+00 -2.74452925e-01  1.06975431e+01  5.60445786e-01
 -1.33105600e+00 -5.58211294e-04 -6.36947677e-02  7.65584037e-02]"
1747093056.484264,"[ 0.         -0.22746698  0.82943713  2.9396313  -2.21657348 -0.0040789
  0.96009035  1.5709191 ]","[ 0.00000000e+00 -6.74193640e-05 -2.71988159e-01 -5.72541355e-05
  6.34917418e-05  2.11961286e-05  1.21693710e-04  0.00000000e+00]","[ 0.00000000e+00 -2.88196623e-01  1.07124062e+01  5.61730087e-01
 -1.31759882e+00  1.92090811e-03 -6.57005906e-02  7.83290863e-02]"
1747093056.486023,"[ 0.         -0.22746751  0.82889983  2.9396313  -2.21657348 -0.0040789
  0.96009035  1.5709191 ]","[ 0.00000000e+00 -7.43964714e-05 -2.71988159e-01 -5.65743052e-05
  5.82447383e-05  2.12119566e-05  1.21693710e-04  0.00000000e+00]","[ 0.00000000e+00 -3.13018441e-01  1.07190752e+01  5.22252083e-01
 -1.36604929e+00 -4.73508518e-03 -5.76003678e-02  7.00164512e-02]"
1747093056.487733,"[ 0.         -0.22746751  0.82861101  2.93963103 -2.21657348 -0.0040789
  0.96009035  1.5709191 ]","[ 0.00000000e+00 -7.43964714e-05 -2.71577284e-01 -5.95519003e-05
  5.82007654e-05  2.11959173e-05  1.21692507e-04  0.00000000e+00]","[ 0.00000000e+00 -3.32432806e-01  1.07416954e+01  4.98931408e-01
 -1.41932321e+00 -2.84025143e-03 -7.19087720e-02  6.79482967e-02]"
1747093056.4889145,"[ 0.         -0.22746805  0.82806873  2.9396305  -2.21657401 -0.0040789
  0.96009128  1.5709191 ]","[ 0.00000000e+00 -8.21723767e-05 -2.76039626e-01 -6.47383959e-05
  5.29103091e-05  2.11959173e-05  1.32374402e-04  0.00000000e+00]","[ 0.         -0.34816772 10.68916893  0.5158962  -1.50692761 -0.01976999
 -0.08747021  0.07414746]"
1747093056.4905617,"[ 0.         -0.22746805  0.82779502  2.9396305  -2.21657401 -0.0040789
  0.96009128  1.5709191 ]","[ 0.00000000e+00 -8.08066045e-05 -2.77660210e-01 -6.40399866e-05
  5.02268744e-05  2.11959173e-05  1.32274460e-04  0.00000000e+00]","[ 0.         -0.36048874 10.63690186  0.5168221  -1.54297185 -0.01139185
 -0.0926322   0.07921024]"
1747093056.492251,"[ 0.         -0.22746858  0.82722471  2.93962997 -2.21657401 -0.0040789
  0.96009128  1.5709191 ]","[ 0.00000000e+00 -8.83157305e-05 -2.78854521e-01 -6.91737644e-05
  4.49733161e-05  2.11961286e-05  1.32275769e-04  0.00000000e+00]","[ 0.00000000e+00 -3.54239166e-01  1.06640224e+01  5.03865123e-01
 -1.62127674e+00 -9.02929436e-03 -1.17862977e-01  6.22966401e-02]"
1747093056.4934165,"[ 0.         -0.22746858  0.8269492   2.93962997 -2.21657401 -0.0040789
  0.96009128  1.5709191 ]","[ 0.00000000e+00 -8.68950989e-05 -2.79280777e-01 -6.91737644e-05
  4.49737631e-05  2.11959173e-05  1.32374402e-04  0.00000000e+00]","[ 0.00000000e+00 -3.56074542e-01  1.07140160e+01  4.72123444e-01
 -1.64236796e+00 -3.27380490e-03 -1.10519066e-01  5.70432693e-02]"
1747093056.4952626,"[ 0.         -0.22746858  0.82639586  2.93962944 -2.21657401 -0.0040789
  0.96009128  1.5709191 ]","[ 0.00000000e+00 -7.82068691e-05 -2.80616751e-01 -7.33132780e-05
  3.43917005e-05  2.11959173e-05  1.32274460e-04  0.00000000e+00]","[ 0.00000000e+00 -3.89174342e-01  1.06740961e+01  4.50979680e-01
 -1.69361389e+00  1.49557105e-04 -1.33963361e-01  7.45897517e-02]"
1747093056.496304,"[ 0.         -0.22746858  0.82609692  2.93962944 -2.21657401 -0.0040789
  0.96009128  1.5709191 ]","[ 0.00000000e+00 -7.68749309e-05 -2.81362204e-01 -7.33132780e-05
  3.43913591e-05  2.11959173e-05  1.21692507e-04  0.00000000e+00]","[ 0.00000000e+00 -3.96533728e-01  1.06386423e+01  4.52179164e-01
 -1.72237778e+00  5.45940734e-03 -1.25155568e-01  8.07460994e-02]"
1747093056.4980402,"[ 0.         -0.22746911  0.82553493  2.93962917 -2.21657401 -0.0040789
  0.96009221  1.5709191 ]","[ 0.00000000e+00 -8.41866686e-05 -2.85763144e-01 -7.52864701e-05
  3.17219217e-05  2.11957060e-05  1.32274460e-04  0.00000000e+00]","[ 0.00000000e+00 -3.94432217e-01  1.06299582e+01  4.68289673e-01
 -1.76057982e+00 -1.71273176e-04 -1.22943722e-01  7.90277421e-02]"
1747093056.4999163,"[ 0.         -0.22746964  0.8252525   2.93962917 -2.21657401 -0.0040789
  0.96009221  1.5709191 ]","[ 0.00000000e+00 -9.26053314e-05 -2.86013248e-01 -7.45171784e-05
  3.17458709e-05  2.12121679e-05  1.32274460e-04  0.00000000e+00]","[ 0.00000000e+00 -4.14082885e-01  1.06618824e+01  4.58958149e-01
 -1.79633737e+00  6.21625734e-03 -1.17557079e-01  6.83741570e-02]"
1747093056.5010588,"[ 0.         -0.22747018  0.82466334  2.93962864 -2.21657401 -0.00407836
  0.96009221  1.5709191 ]","[ 0.00000000e+00 -9.93562351e-05 -2.88112451e-01 -7.91648772e-05
  2.64548924e-05  2.64948971e-05  1.32374402e-04  0.00000000e+00]","[ 0.00000000e+00 -4.13788497e-01  1.06287622e+01  4.77017969e-01
 -1.81359494e+00  5.23043657e-03 -1.19212866e-01  6.68740124e-02]"
1747093056.5027208,"[ 0.         -0.22747018  0.82437958  2.93962864 -2.21657401 -0.00407836
  0.96009221  1.5709191 ]","[ 0.00000000e+00 -9.78563702e-05 -2.87923900e-01 -7.83727802e-05
  2.11641232e-05  2.65149452e-05  1.32275769e-04  0.00000000e+00]","[ 0.00000000e+00 -4.02363241e-01  1.05239534e+01  4.78065819e-01
 -1.81279778e+00  3.77323222e-03 -1.20069027e-01  6.43883571e-02]"
1747093056.503983,"[ 0.         -0.22747018  0.82378723  2.9396281  -2.21657401 -0.00407836
  0.96009221  1.5709191 ]","[ 0.00000000e+00 -9.79688605e-05 -2.89386807e-01 -8.30112383e-05
  2.11639139e-05  2.64948971e-05  1.21692507e-04  0.00000000e+00]","[ 0.00000000e+00 -3.78970951e-01  1.04104862e+01  4.56687331e-01
 -1.80416417e+00  7.44591421e-03 -1.13343656e-01  7.12033436e-02]"
1747093056.5057423,"[ 0.         -0.22747071  0.82350067  2.9396281  -2.21657401 -0.00407836
  0.96009321  1.5709191 ]","[ 0.00000000e+00 -1.04432959e-04 -2.90624878e-01 -8.21963279e-05
  2.11639139e-05  2.64948971e-05  1.32375710e-04  0.00000000e+00]","[ 0.00000000e+00 -3.84277105e-01  1.04388933e+01  4.60390002e-01
 -1.78615403e+00  5.30918175e-03 -1.04231812e-01  6.92523345e-02]"
1747093056.506903,"[ 0.         -0.22747071  0.82292304  2.93962784 -2.21657401 -0.00407836
  0.96009321  1.5709191 ]","[ 0.00000000e+00 -1.02902682e-04 -2.93568303e-01 -8.47836692e-05
  1.85325998e-05  2.64948971e-05  1.32274460e-04  0.00000000e+00]","[ 0.00000000e+00 -3.68384510e-01  1.04192047e+01  4.54868674e-01
 -1.75693750e+00 -4.55476390e-03 -8.65772814e-02  5.75740859e-02]"
1747093056.5086634,"[ 0.         -0.22747071  0.82263189  2.93962784 -2.21657401 -0.00407836
  0.96009321  1.5709191 ]","[ 0.00000000e+00 -1.01416609e-04 -2.95216533e-01 -8.47836692e-05
  1.85184257e-05  2.64948971e-05  1.32274460e-04  0.00000000e+00]","[ 0.00000000e+00 -3.60459059e-01  1.03453131e+01  4.53444630e-01
 -1.71470308e+00  1.85725163e-03 -6.81688264e-02  5.25930524e-02]"
1747093056.509793,"[ 0.         -0.22747124  0.82202162  2.9396273  -2.21657401 -0.00407836
  0.96009414  1.5709191 ]","[ 0.00000000e+00 -1.07546601e-04 -2.98457700e-01 -9.00826511e-05
  1.32275773e-05  2.65149452e-05  1.42856421e-04  0.00000000e+00]","[ 0.00000000e+00 -3.40022743e-01  1.03301048e+01  4.84596282e-01
 -1.63410795e+00  2.79988488e-03 -7.82796517e-02  6.41110167e-02]"
1747093056.511566,"[ 0.         -0.22747124  0.82172501  2.93962677 -2.21657348 -0.00407836
  0.96009414  1.5709191 ]","[ 0.00000000e+00 -9.98647048e-05 -3.00583735e-01 -9.53816248e-05
  1.85184257e-05  2.64948971e-05  1.32274460e-04  0.00000000e+00]","[ 0.00000000e+00 -3.27817112e-01  1.03861246e+01  5.01246929e-01
 -1.58952272e+00  4.68042679e-03 -6.25327155e-02  6.39238134e-02]"
1747093056.513322,"[ 0.         -0.22747177  0.82110556  2.93962677 -2.21657348 -0.00407836
  0.96009507  1.5709191 ]","[ 0.00000000e+00 -1.06037154e-04 -3.02893861e-01 -9.54547545e-05
  1.85186086e-05  2.64948971e-05  1.42856421e-04  0.00000000e+00]","[ 0.         -0.31196567 10.33047771  0.5010072  -1.55410802  0.01239848
 -0.05943728  0.06124615]"
1747093056.514455,"[ 0.         -0.22747177  0.82080802  2.93962677 -2.21657348 -0.00407836
  0.96009507  1.5709191 ]","[ 0.00000000e+00 -1.06037154e-04 -3.01698867e-01 -9.53806739e-05
  1.85184257e-05  2.65149452e-05  1.42856421e-04  0.00000000e+00]","[ 0.         -0.29951864 10.2701683   0.50773704 -1.53742492  0.01797387
 -0.05030579  0.07247304]"
1747093056.5181813,"[ 0.         -0.22747231  0.82020788  2.93962624 -2.21657348 -0.00407836
  0.96009507  1.5709191 ]","[ 0.00000000e+00 -1.12040328e-04 -3.05480256e-01 -1.00680607e-04
  2.38454062e-05  2.64548924e-05  1.42857835e-04  0.00000000e+00]","[ 0.00000000e+00 -2.98061281e-01  1.02596416e+01  5.13646722e-01
 -1.53703594e+00  7.50244735e-03 -4.66596708e-02  7.17906132e-02]"
1747093056.5186825,"[ 0.         -0.22747231  0.81957924  2.93962624 -2.21657348 -0.00407836
  0.96009507  1.5709191 ]","[ 0.00000000e+00 -1.10394667e-04 -3.07599134e-01 -1.00680607e-04
  2.38634509e-05  2.64748795e-05  1.42856421e-04  0.00000000e+00]","[ 0.         -0.30231732 10.21467495  0.49264455 -1.52069163 -0.01196194
 -0.04696598  0.05947081]"
1747093056.522971,"[ 0.         -0.22747231  0.81832842  2.93962544 -2.21657294 -0.00407836
  0.96009607  1.5709191 ]","[ 0.00000000e+00 -1.07467856e-04 -3.12298748e-01 -1.08629080e-04
  3.18182529e-05  2.64551545e-05  1.50792882e-04  0.00000000e+00]","[ 0.         -0.19816011 10.13811016  0.54789937 -1.49343181 -0.02373053
 -0.05548169  0.06207969]"
1747093056.5273757,"[ 0.         -0.22747284  0.81668997  2.93962491 -2.21657294 -0.00407836
  0.960097    1.5709191 ]","[ 0.00000000e+00 -1.10136153e-04 -3.20875791e-01 -1.11278562e-04
  2.91664395e-05  2.64548924e-05  1.50792882e-04  0.00000000e+00]","[ 0.00000000e+00 -1.72733217e-01  1.02826281e+01  5.79711616e-01
 -1.49906421e+00 -4.27706912e-03 -5.52449003e-02  4.08436060e-02]"
1747093056.53152,"[ 0.         -0.22747284  0.81540427  2.93962464 -2.21657294 -0.00407836
  0.960097    1.5709191 ]","[ 0.00000000e+00 -1.07397709e-04 -3.18985113e-01 -1.08629080e-04
  2.91664395e-05  1.58850858e-05  1.50792882e-04  0.00000000e+00]","[ 0.00000000e+00 -1.50681034e-01  1.03605871e+01  5.82946122e-01
 -1.62180257e+00  9.72657651e-03 -6.44178763e-02  3.96518223e-02]"
1747093056.5343935,"[ 0.         -0.22747284  0.81442802  2.93962464 -2.21657348 -0.00407836
  0.96009794  1.5709191 ]","[ 0.00000000e+00 -1.05979328e-04 -3.23294208e-01 -1.03330098e-04
  2.38636886e-05  1.58729355e-05  1.50792882e-04  0.00000000e+00]","[ 0.         -0.14995134 10.4040556   0.57790792 -1.77530384 -0.01372979
 -0.08963843  0.06863087]"
1747093056.5368354,"[ 0.         -0.22747337  0.81347334  2.93962464 -2.21657348 -0.00407836
  0.96009794  1.5709191 ]","[ 0.00000000e+00 -1.09907727e-04 -3.22226280e-01 -1.03408291e-04
  2.38454062e-05  1.58729355e-05  1.50792882e-04  0.00000000e+00]","[ 0.         -0.15483031 10.4966116   0.57310647 -1.80976415 -0.02616011
 -0.10250521  0.08288891]"
1747093056.5393028,"[ 0.         -0.22747337  0.81313359  2.93962464 -2.21657348 -0.00407836
  0.96009794  1.5709191 ]","[ 0.00000000e+00 -1.08607883e-04 -3.19980569e-01 -9.80311158e-05
  1.85604623e-05  1.58729355e-05  1.42856421e-04  0.00000000e+00]","[ 0.         -0.16607581 10.52366066  0.5914557  -1.84616172 -0.02701195
 -0.12310225  0.06803741]"
1747093056.541025,"[ 0.         -0.22747337  0.81250215  2.93962411 -2.21657348 -0.00407836
  0.96009794  1.5709191 ]","[ 0.00000000e+00 -1.08606575e-04 -3.20335602e-01 -1.03330098e-04
  1.85464284e-05  1.58729355e-05  1.42857835e-04  0.00000000e+00]","[ 0.         -0.17525597 10.54096985  0.58345723 -1.83451211 -0.02946694
 -0.11691356  0.05145202]"
1747093056.5434015,"[ 0.         -0.2274739   0.81184555  2.93962358 -2.21657348 -0.0040773
  0.96009794  1.5709191 ]","[ 0.00000000e+00 -1.13651107e-04 -3.19980569e-01 -1.08629080e-04
  1.85604623e-05  2.64551545e-05  1.42856421e-04  0.00000000e+00]","[ 0.00000000e+00 -1.87237799e-01  1.05412560e+01  5.69956422e-01
 -1.79757762e+00 -9.14429035e-03 -9.79215801e-02  4.72832657e-02]"
1747093056.545103,"[ 0.         -0.2274739   0.81121831  2.93962358 -2.21657348 -0.0040773
  0.96009887  1.5709191 ]","[ 0.00000000e+00 -1.12238123e-04 -3.16773158e-01 -1.08383236e-04
  1.85464284e-05  2.64548924e-05  1.42857835e-04  0.00000000e+00]","[ 0.00000000e+00 -1.99879661e-01  1.05088234e+01  5.59198022e-01
 -1.76125693e+00 -1.34716905e-03 -1.03495218e-01  5.20901084e-02]"
1747093056.5468802,"[ 0.         -0.2274739   0.81059746  2.93962358 -2.21657348 -0.0040773
  0.96009887  1.5709191 ]","[ 0.00000000e+00 -1.06002670e-04 -3.14393457e-01 -1.08629080e-04
  1.85602774e-05  2.64548924e-05  1.42857835e-04  0.00000000e+00]","[ 0.         -0.2100741  10.43897629  0.53658938 -1.73929572 -0.01699844
 -0.10200275  0.04856609]"
1747093056.549415,"[ 0.         -0.22747444  0.80995417  2.93962304 -2.21657294 -0.0040773
  0.96009887  1.5709191 ]","[ 0.00000000e+00 -1.10957346e-04 -3.14933646e-01 -1.13928053e-04
  2.38454062e-05  2.64551545e-05  1.42857835e-04  0.00000000e+00]","[ 0.00000000e+00 -2.62295961e-01  1.03442001e+01  5.12556374e-01
 -1.72962439e+00 -3.84514249e-04 -7.99535513e-02  4.39314246e-02]"
1747093056.5505624,"[ 0.         -0.22747444  0.80964278  2.93962278 -2.21657294 -0.0040773
  0.96009887  1.5709191 ]","[ 0.00000000e+00 -1.09705462e-04 -3.15743946e-01 -1.16401531e-04
  2.38454062e-05  2.64351959e-05  1.42748653e-04  0.00000000e+00]","[ 0.00000000e+00 -2.57330626e-01  1.02168312e+01  4.97524887e-01
 -1.67785120e+00  3.44553171e-03 -7.54753798e-02  5.03264032e-02]"
1747093056.5522513,"[ 0.         -0.22747497  0.80899444  2.93962278 -2.21657241 -0.0040773
  0.96009987  1.5709191 ]","[ 0.00000000e+00 -1.14508271e-04 -3.17312814e-01 -1.16402677e-04
  2.91440955e-05  2.64548924e-05  1.42856421e-04  0.00000000e+00]","[ 0.         -0.25576052 10.08037186  0.50926816 -1.59875226 -0.01035879
 -0.03057918  0.04836193]"
1747093056.5539844,"[ 0.         -0.2274755   0.80836813  2.93962224 -2.21657214 -0.0040773
  0.96009987  1.5709191 ]","[ 0.00000000e+00 -1.14408597e-04 -3.18174813e-01 -1.21692507e-04
  3.17938749e-05  2.64349338e-05  1.43180701e-04  0.00000000e+00]","[ 0.         -0.25015789 10.00174522  0.51075733 -1.53273106 -0.0112083
 -0.033078    0.04151974]"
1747093056.5556815,"[ 0.         -0.2274755   0.80803057  2.93962171 -2.21657214 -0.0040773
  0.96009987  1.5709191 ]","[ 0.00000000e+00 -1.14508271e-04 -3.17974410e-01 -1.24337991e-04
  3.18179359e-05  2.64551545e-05  1.42856421e-04  0.00000000e+00]","[ 0.         -0.26001614 10.05379772  0.51075733 -1.48823833 -0.01779135
 -0.03750212  0.0477116 ]"
1747093056.5568686,"[ 0.         -0.2274755   0.80739967  2.93962171 -2.21657161 -0.0040773
  0.9601008   1.5709191 ]","[ 0.00000000e+00 -1.13148610e-04 -3.20335602e-01 -1.24244194e-04
  3.70928568e-05  2.64548924e-05  1.51020918e-04  0.00000000e+00]","[ 0.         -0.23185399 10.031991    0.48571858 -1.43627167 -0.01106705
 -0.02963755  0.05025841]"
1747093056.5585554,"[ 0.         -0.2274755   0.80708375  2.93962118 -2.21657161 -0.0040773
  0.9601008   1.5709191 ]","[ 0.00000000e+00 -1.13148610e-04 -3.20335602e-01 -1.29630252e-04
  4.24239132e-05  2.64349338e-05  1.51020918e-04  0.00000000e+00]","[ 0.00000000e+00 -2.35486895e-01  9.92225742e+00  4.54910427e-01
 -1.43790650e+00 -8.46904702e-03 -3.20420489e-02  5.67197651e-02]"
1747093056.560295,"[ 0.         -0.2274755   0.80642202  2.93962091 -2.21657161 -0.0040773
  0.96010173  1.5709191 ]","[ 0.00000000e+00 -1.11914850e-04 -3.23576769e-01 -1.32274460e-04
  3.71209245e-05  2.64548924e-05  1.51020918e-04  0.00000000e+00]","[ 0.00000000e+00 -2.46174157e-01  9.89302540e+00  4.29657072e-01
 -1.50765133e+00  4.13678074e-03 -2.21991446e-02  6.52524382e-02]"
1747093056.5614643,"[ 0.         -0.22747604  0.80577734  2.93962091 -2.21657161 -0.0040773
  0.96010173  1.5709191 ]","[ 0.00000000e+00 -1.15194851e-04 -3.28438536e-01 -1.32174673e-04
  3.70928568e-05  2.64351959e-05  1.51022414e-04  0.00000000e+00]","[ 0.00000000e+00 -2.56729543e-01  9.84766197e+00  4.25704688e-01
 -1.55021954e+00 -5.08592185e-03 -1.66319441e-02  7.15363249e-02]"
1747093056.5632176,"[ 0.         -0.22747604  0.8054513   2.93962038 -2.21657161 -0.0040773
  0.96010173  1.5709191 ]","[ 0.00000000e+00 -1.15194851e-04 -3.30599325e-01 -1.37565437e-04
  3.71209245e-05  2.64349338e-05  1.51020918e-04  0.00000000e+00]","[ 0.00000000e+00 -2.60963380e-01  9.95453835e+00  4.27312672e-01
 -1.58664393e+00 -7.26719806e-03 -2.82207634e-02  7.12585747e-02]"
1747093056.564953,"[ 0.         -0.22747604  0.8050987   2.93962038 -2.21657161 -0.0040773
  0.96010173  1.5709191 ]","[ 0.00000000e+00 -1.13979564e-04 -3.32017425e-01 -1.37566802e-04
  3.71209245e-05  2.64551545e-05  1.51020918e-04  0.00000000e+00]","[ 0.00000000e+00 -2.76845634e-01  9.89174080e+00  4.23655182e-01
 -1.60416007e+00 -6.52698660e-03 -3.81595865e-02  6.27486110e-02]"
1747093056.5661402,"[ 0.         -0.22747657  0.80443191  2.93961958 -2.21657161 -0.0040773
  0.96010173  1.5709191 ]","[ 0.00000000e+00 -1.18429135e-04 -3.40052715e-01 -1.40105160e-04
  3.71209245e-05  2.64548924e-05  1.51020918e-04  0.00000000e+00]","[ 0.00000000e+00 -2.63748199e-01  9.97925663e+00  4.12665755e-01
 -1.66837263e+00  6.65752310e-03 -4.77969944e-02  5.71301840e-02]"
1747093056.567898,"[ 0.         -0.2274771   0.80375187  2.93961905 -2.21657161 -0.0040773
  0.96010173  1.5709191 ]","[ 0.00000000e+00 -1.22786762e-04 -3.46535048e-01 -1.45501913e-04
  3.71209245e-05  2.64551545e-05  1.43072445e-04  0.00000000e+00]","[ 0.         -0.25670394 10.09030151  0.38514796 -1.72327006  0.02529674
 -0.06724991  0.05817611]"
1747093056.5691102,"[ 0.         -0.2274771   0.80337989  2.93961852 -2.21657161 -0.0040773
  0.96010173  1.5709191 ]","[ 0.00000000e+00 -1.21435399e-04 -3.50323528e-01 -1.50679132e-04
  3.70928568e-05  2.64551545e-05  1.43072445e-04  0.00000000e+00]","[ 0.         -0.24997021 10.21375942  0.36611021 -1.75449884  0.02507807
 -0.05949001  0.05961614]"
1747093056.570845,"[ 0.         -0.22747763  0.80268468  2.93961772 -2.21657214 -0.0040773
  0.96010173  1.5709191 ]","[ 0.00000000e+00 -1.25671067e-04 -3.52835056e-01 -1.58730919e-04
  3.18182529e-05  2.64349338e-05  1.43072445e-04  0.00000000e+00]","[ 0.         -0.27206653 10.30094147  0.37078956 -1.8165828   0.02621348
 -0.08032619  0.07841524]"
1747093056.5725298,"[ 0.         -0.22747763  0.80233573  2.93961772 -2.21657214 -0.0040773
  0.96010173  1.5709191 ]","[ 0.00000000e+00 -1.24315438e-04 -3.53469188e-01 -1.53439886e-04
  2.65149452e-05  2.64548924e-05  1.32474482e-04  0.00000000e+00]","[ 0.         -0.26011544 10.32861423  0.36352766 -1.85427797  0.02958874
 -0.0951097   0.06920087]"
1747093056.5743034,"[ 0.         -0.22747817  0.8016033   2.93961665 -2.21657241 -0.0040773
  0.96010173  1.5709191 ]","[ 0.00000000e+00 -1.28435381e-04 -3.58689449e-01 -1.64020327e-04
  2.38454062e-05  2.64551545e-05  1.32474482e-04  0.00000000e+00]","[ 0.00000000e+00 -2.58360445e-01  1.04725885e+01  3.58297795e-01
 -1.96578574e+00  1.91373765e-04 -1.09747261e-01  5.09935357e-02]"
1747093056.5754867,"[ 0.         -0.22747817  0.8012465   2.93961665 -2.21657241 -0.0040773
  0.96010173  1.5709191 ]","[ 0.00000000e+00 -1.28533527e-04 -3.61930616e-01 -1.64020327e-04
  2.38634509e-05  2.64351959e-05  1.32474482e-04  0.00000000e+00]","[ 0.         -0.28214034 10.53036976  0.37199685 -2.01721311 -0.01234419
 -0.12256111  0.04232918]"
1747093056.5771837,"[ 0.         -0.2274787   0.80050308  2.93961585 -2.21657241 -0.0040773
  0.96010173  1.5709191 ]","[ 0.00000000e+00 -1.32474482e-04 -3.63272217e-01 -1.69185257e-04
  1.85464284e-05  2.64548924e-05  1.21876526e-04  0.00000000e+00]","[ 0.         -0.32907978 10.66269016  0.34736502 -2.10775828 -0.01526211
 -0.1480839   0.03869893]"
1747093056.5789149,"[ 0.         -0.2274787   0.79978403  2.93961585 -2.21657241 -0.00407623
  0.96010173  1.5709191 ]","[ 0.00000000e+00 -1.27175500e-04 -3.64631594e-01 -1.64020327e-04
  1.85604623e-05  2.64349338e-05  1.21876526e-04  0.00000000e+00]","[ 0.00000000e+00 -3.55155945e-01  1.07740126e+01  3.33332479e-01
 -2.15277362e+00  7.43096694e-03 -1.85565606e-01  3.47559415e-02]"
1747093056.5800643,"[ 0.         -0.22747923  0.79942077  2.93961532 -2.21657294 -0.00407623
  0.96010173  1.5709191 ]","[ 0.00000000e+00 -1.27175500e-04 -3.68412950e-01 -1.69311312e-04
  1.06059783e-05  2.64349338e-05  1.21876526e-04  0.00000000e+00]","[ 0.         -0.35274333 10.81882     0.33333248 -2.14520693  0.0231926
 -0.17950642  0.06384762]"
1747093056.5823922,"[ 0.         -0.2274803   0.79866177  2.93961479 -2.21657241 -0.00407623
  0.96010173  1.5709191 ]","[ 0.00000000e+00 -1.32474482e-04 -3.71113928e-01 -1.74470568e-04
  1.58969375e-05  2.64548924e-05  1.14013130e-04  0.00000000e+00]","[ 0.         -0.40794927 10.89448452  0.32138124 -2.13503695  0.03529928
 -0.18089306  0.0665736 ]"
1747093056.5840793,"[ 0.         -0.22748083  0.7979312   2.93961399 -2.21657241 -0.00407623
  0.96010273  1.5709191 ]","[ 0.00000000e+00 -1.37877721e-04 -3.70198267e-01 -1.77249528e-04
  1.06059783e-05  2.64548924e-05  1.21876526e-04  0.00000000e+00]","[ 0.         -0.4362852  10.98609257  0.35246792 -2.05738974  0.01464266
 -0.17416859  0.0473552 ]"
1747093056.585802,"[ 0.         -0.22748136  0.79717486  2.93961346 -2.21657241 -0.00407623
  0.96010273  1.5709191 ]","[ 0.00000000e+00 -1.37773464e-04 -3.68880401e-01 -1.78090933e-04
  1.05979587e-05  2.64551545e-05  1.21967536e-04  0.00000000e+00]","[ 0.         -0.45536652 11.08770752  0.3527633  -2.00494051  0.02515781
 -0.17737931  0.04569873]"
1747093056.587511,"[ 0.         -0.22748189  0.79644249  2.93961292 -2.21657241 -0.00407623
  0.96010273  1.5709191 ]","[ 0.00000000e+00 -1.43072445e-04 -3.71654117e-01 -1.78228171e-04
  1.06059783e-05  2.64548924e-05  1.13928053e-04  0.00000000e+00]","[ 0.         -0.48825973 11.10498142  0.38208315 -1.94822931  0.0141365
 -0.1795183   0.04827735]"
1747093056.5897882,"[ 0.         -0.22748189  0.79607604  2.93961292 -2.21657214 -0.00407623
  0.96010273  1.5709191 ]","[ 0.00000000e+00 -1.37773464e-04 -3.71277579e-01 -1.74438693e-04
  1.85464284e-05  2.64548924e-05  1.13928053e-04  0.00000000e+00]","[ 0.00000000e+00 -5.16669929e-01  1.10246181e+01  3.99811327e-01
 -1.91273165e+00  5.21879783e-03 -1.72887042e-01  5.21493144e-02]"
1747093056.5908895,"[ 0.         -0.22748243  0.79531424  2.93961266 -2.21657214 -0.00407623
  0.96010273  1.5709191 ]","[ 0.00000000e+00 -1.43071015e-04 -3.71654117e-01 -1.75394369e-04
  1.85324169e-05  2.64548924e-05  1.13928053e-04  0.00000000e+00]","[ 0.         -0.51910037 11.02018738  0.39700997 -1.81944585 -0.01401717
 -0.15595321  0.0515321 ]"
1747093056.5925617,"[ 0.         -0.22748349  0.79458187  2.93961212 -2.21657214 -0.00407623
  0.96010273  1.5709191 ]","[ 0.00000000e+00 -1.48371427e-04 -3.72194306e-01 -1.79111058e-04
  1.85604623e-05  2.64548924e-05  1.13928053e-04  0.00000000e+00]","[ 0.00000000e+00 -5.45693994e-01  1.09437466e+01  4.01942283e-01
 -1.74157608e+00  4.01833514e-03 -1.52633652e-01  5.65600730e-02]"
1747093056.5942414,"[ 0.         -0.22748349  0.79421356  2.93961159 -2.21657214 -0.00407517
  0.96010273  1.5709191 ]","[ 0.00000000e+00 -1.48371427e-04 -3.73544795e-01 -1.84477107e-04
  1.85184257e-05  3.70372172e-05  1.14014268e-04  0.00000000e+00]","[ 0.         -0.55706978 10.95045757  0.38940388 -1.70545113  0.02198417
 -0.15809032  0.05127683]"
1747093056.5959382,"[ 0.         -0.22748402  0.7934481   2.93961133 -2.21657214 -0.00407517
  0.96010273  1.5709191 ]","[ 0.00000000e+00 -1.53438374e-04 -3.74355095e-01 -1.82990620e-04
  1.85325998e-05  3.70368514e-05  1.13928053e-04  0.00000000e+00]","[ 0.         -0.58159286 10.89814377  0.41685018 -1.6709671   0.02244867
 -0.13933176  0.06072426]"
1747093056.5976055,"[ 0.         -0.22748402  0.79307985  2.93961133 -2.21657161 -0.00407517
  0.96010273  1.5709191 ]","[ 0.00000000e+00 -1.48372906e-04 -3.73166326e-01 -1.82990620e-04
  2.38634509e-05  3.70368514e-05  1.13928053e-04  0.00000000e+00]","[ 0.         -0.58543152 10.74415016  0.43311188 -1.64376223  0.0177682
 -0.13913906  0.06813756]"
1747093056.5992334,"[ 0.         -0.22748456  0.79231299  2.93961079 -2.21657161 -0.00407517
  0.96010273  1.5709191 ]","[ 0.00000000e+00 -1.48147406e-04 -3.74898846e-01 -1.84766050e-04
  2.38276277e-05  3.70372172e-05  1.06059781e-04  0.00000000e+00]","[ 0.         -0.55665112 10.62464809  0.44473496 -1.61870015  0.01106902
 -0.12901309  0.06187495]"
1747093056.6003551,"[ 0.         -0.22748456  0.79194335  2.93961079 -2.21657161 -0.00407517
  0.96010273  1.5709191 ]","[ 0.00000000e+00 -1.48147406e-04 -3.74895284e-01 -1.82071192e-04
  2.38273920e-05  3.70368514e-05  1.05979589e-04  0.00000000e+00]","[ 0.         -0.53462243 10.68270683  0.45235202 -1.62225235  0.01117477
 -0.11662764  0.05132148]"
1747093056.6021128,"[ 0.         -0.22748456  0.79119946  2.93961026 -2.21657161 -0.00407517
  0.96010273  1.5709191 ]","[ 0.00000000e+00 -1.42856421e-04 -3.77753322e-01 -1.84011298e-04
  2.38094022e-05  3.17458709e-05  1.06059781e-04  0.00000000e+00]","[ 0.         -0.49809352 10.59858227  0.47712857 -1.62337089 -0.01983238
 -0.12173449  0.04666957]"
1747093056.6038907,"[ 0.         -0.22748456  0.79082615  2.93960973 -2.21657161 -0.00407517
  0.96010273  1.5709191 ]","[ 0.00000000e+00 -1.42857835e-04 -3.78676673e-01 -1.89761655e-04
  2.38276277e-05  3.17458709e-05  1.05979589e-04  0.00000000e+00]","[ 0.         -0.48794472 10.49643898  0.4664557  -1.62747645 -0.02775496
 -0.12075096  0.06476512]"
1747093056.6050766,"[ 0.         -0.22748509  0.79004598  2.93960973 -2.21657161 -0.00407517
  0.96010273  1.5709191 ]","[ 0.00000000e+00 -1.42856421e-04 -3.81377651e-01 -1.85991178e-04
  2.38094022e-05  3.17461838e-05  9.53806739e-05  0.00000000e+00]","[ 0.         -0.44274974 10.49120617  0.45409572 -1.65507889 -0.03510003
 -0.10813948  0.06031464]"
1747093056.6067152,"[ 0.         -0.22748509  0.78966987  2.93960946 -2.21657161 -0.00407517
  0.96010366  1.5709191 ]","[ 0.00000000e+00 -1.42856421e-04 -3.81377651e-01 -1.86731236e-04
  2.38094022e-05  3.17461838e-05  1.03330098e-04  0.00000000e+00]","[ 0.         -0.42748466 10.56162071  0.47615537 -1.68771017 -0.03268356
 -0.10708039  0.05885113]"
1747093056.609143,"[ 0.         -0.22748509  0.7888865   2.93960893 -2.21657214 -0.00407517
  0.96010366  1.5709191 ]","[ 0.00000000e+00 -1.42748653e-04 -3.83926496e-01 -1.90607823e-04
  1.85324169e-05  3.17458709e-05  1.03330098e-04  0.00000000e+00]","[ 0.         -0.38645336 10.52188396  0.45782062 -1.76849699 -0.0412915
 -0.12187296  0.07160828]"
1747093056.6106915,"[ 0.         -0.22748562  0.78774268  2.93960786 -2.21657214 -0.00407517
  0.96010366  1.5709191 ]","[ 0.00000000e+00 -1.42854991e-04 -3.88940363e-01 -2.01961627e-04
  1.85184257e-05  3.17461838e-05  9.53816248e-05  0.00000000e+00]","[ 0.         -0.33278    10.31848717  0.44669792 -1.81831336 -0.01208821
 -0.12911667  0.075422  ]"
1747093056.6124675,"[ 0.         -0.22748562  0.78732849  2.93960786 -2.21657214 -0.00407517
  0.96010366  1.5709191 ]","[ 0.00000000e+00 -1.37565437e-04 -3.89944940e-01 -2.03064570e-04
  1.32374398e-05  3.17461838e-05  9.53816248e-05  0.00000000e+00]","[ 0.00000000e+00 -3.32991123e-01  1.02999430e+01  4.46869373e-01
 -1.84707034e+00 -3.15708783e-03 -1.26832649e-01  6.77408054e-02]"
1747093056.6143155,"[ 0.         -0.22748562  0.7865575   2.9396076  -2.21657214 -0.00407517
  0.96010366  1.5709191 ]","[ 0.00000000e+00 -1.37565437e-04 -3.92579706e-01 -2.02115039e-04
  1.32274462e-05  3.17461838e-05  8.48478263e-05  0.00000000e+00]","[ 0.         -0.29442444 10.25634766  0.4380798  -1.91815591 -0.01788279
 -0.12499338  0.06552823]"
1747093056.61603,"[ 0.         -0.22748562  0.78616948  2.93960706 -2.21657214 -0.00407517
  0.96010366  1.5709191 ]","[ 0.00000000e+00 -1.37565437e-04 -3.93532019e-01 -2.08333952e-04
  1.32274462e-05  3.17458709e-05  8.47836692e-05  0.00000000e+00]","[ 0.         -0.29442444 10.26121998  0.42234376 -1.9185276  -0.02055885
 -0.14283969  0.06694978]"
1747093056.6172426,"[ 0.         -0.22748562  0.78535535  2.93960653 -2.21657214 -0.00407517
  0.96010366  1.5709191 ]","[ 0.00000000e+00 -1.32273143e-04 -3.98123675e-01 -2.24569320e-04
  1.32374398e-05  3.17938749e-05  8.47828240e-05  0.00000000e+00]","[ 0.         -0.24628922 10.28993416  0.41607261 -1.90110397 -0.01375826
 -0.14349118  0.07409803]"
1747093056.619036,"[ 0.         -0.22748562  0.78456965  2.93960573 -2.21657214 -0.00407517
  0.96010366  1.5709191 ]","[ 0.00000000e+00 -1.32274460e-04 -3.98123675e-01 -2.36152087e-04
  1.32274462e-05  3.17941919e-05  7.41857136e-05  0.00000000e+00]","[ 0.         -0.21501777 10.3335619   0.42943248 -1.91613328 -0.0204477
 -0.14583664  0.06035227]"
1747093056.6207652,"[ 0.         -0.22748616  0.78414674  2.93960573 -2.21657214 -0.00407517
  0.96010366  1.5709191 ]","[ 0.00000000e+00 -1.37565437e-04 -3.98220314e-01 -2.43234269e-04
  1.32274462e-05  3.18179359e-05  7.41857136e-05  0.00000000e+00]","[ 0.         -0.21137275 10.33828545  0.43495548 -1.93006074 -0.02770976
 -0.13857286  0.04593471]"
1747093056.6219869,"[ 0.         -0.22748616  0.78335878  2.9396052  -2.21657241 -0.00407517
  0.96010366  1.5709191 ]","[ 0.00000000e+00 -1.37565437e-04 -4.00824653e-01 -2.53221497e-04
  5.29097849e-06  3.17938749e-05  7.42418490e-05  0.00000000e+00]","[ 0.         -0.20467852 10.37223053  0.42286149 -1.9780786  -0.02071931
 -0.14108227  0.05521684]"
1747093056.623795,"[ 0.         -0.22748669  0.78253453  2.93960467 -2.21657214 -0.00407517
  0.96010366  1.5709191 ]","[ 0.00000000e+00 -1.42856421e-04 -4.02483369e-01 -2.49363294e-04
  7.93646773e-06  3.18179359e-05  6.62372408e-05  0.00000000e+00]","[ 0.         -0.21127416 10.41461945  0.42622945 -1.98476601 -0.01998725
 -0.16297646  0.065787  ]"
1747093056.625583,"[ 0.         -0.22748669  0.78213732  2.9396044  -2.21657214 -0.00407517
  0.96010366  1.5709191 ]","[ 0.00000000e+00 -1.42856421e-04 -4.02985442e-01 -2.53259598e-04
  7.94246417e-06  3.17935580e-05  6.61378843e-05  0.00000000e+00]","[ 0.         -0.22041719 10.43795109  0.42570391 -1.96575165 -0.01382936
 -0.16127585  0.05543898]"
1747093056.6272838,"[ 0.         -0.22748722  0.78134343  2.93960387 -2.21657214 -0.00407517
  0.96010366  1.5709191 ]","[ 0.00000000e+00 -1.42856421e-04 -4.03255519e-01 -2.53259598e-04
  7.93646773e-06  3.17938749e-05  6.61372301e-05  0.00000000e+00]","[ 0.00000000e+00 -2.55376190e-01  1.04876232e+01  4.29667801e-01
 -1.91893709e+00 -2.80920928e-03 -1.34834617e-01  4.17535417e-02]"
1747093056.6283927,"[ 0.         -0.22748775  0.78051319  2.93960334 -2.21657214 -0.00407517
  0.96010366  1.5709191 ]","[ 0.00000000e+00 -1.48148869e-04 -4.05146197e-01 -2.56870291e-04
  7.94254290e-06  3.17938749e-05  6.61372301e-05  0.00000000e+00]","[ 0.00000000e+00 -2.63307989e-01  1.05016499e+01  4.27036107e-01
 -1.86313224e+00 -2.72883964e-03 -1.43286079e-01  4.91100326e-02]"
1747093056.6301994,"[ 0.         -0.22748775  0.78011372  2.93960334 -2.21657161 -0.00407517
  0.96010459  1.5709191 ]","[ 0.00000000e+00 -1.48148869e-04 -4.05146197e-01 -2.53013145e-04
  1.32275773e-05  3.17938749e-05  7.41303991e-05  0.00000000e+00]","[ 0.00000000e+00 -2.74344236e-01  1.05212984e+01  4.30696458e-01
 -1.82452464e+00 -4.10075672e-03 -1.48695484e-01  4.68168668e-02]"
1747093056.6313524,"[ 0.         -0.22748775  0.77971511  2.9396028  -2.21657161 -0.00407517
  0.96010459  1.5709191 ]","[ 0.00000000e+00 -1.48148869e-04 -4.04335931e-01 -2.60919811e-04
  1.32275773e-05  3.17935580e-05  7.40744343e-05  0.00000000e+00]","[ 0.         -0.27075642 10.5796299   0.44214621 -1.80727291 -0.01246985
 -0.15294109  0.0533257 ]"
1747093056.633089,"[ 0.         -0.22748829  0.77889179  2.939602   -2.21657161 -0.00407517
  0.96010459  1.5709191 ]","[ 0.00000000e+00 -1.53438374e-04 -4.01854231e-01 -2.57069638e-04
  1.85184257e-05  3.17935580e-05  6.61372301e-05  0.00000000e+00]","[ 0.         -0.29058805 10.62685013  0.44483072 -1.7202971  -0.01870083
 -0.14404437  0.05886411]"
1747093056.634812,"[ 0.         -0.22748882  0.77809737  2.93960147 -2.21657161 -0.00407517
  0.96010459  1.5709191 ]","[ 0.00000000e+00 -1.58729359e-04 -4.02985442e-01 -2.60923695e-04
  1.85184257e-05  3.18179359e-05  6.61372301e-05  0.00000000e+00]","[ 0.         -0.31476918 10.66058064  0.43906024 -1.65909457 -0.01733784
 -0.12715836  0.06396775]"
1747093056.6364202,"[ 0.         -0.22748882  0.7776993   2.93960121 -2.21657161 -0.00407517
  0.96010459  1.5709191 ]","[ 0.00000000e+00 -1.58730919e-04 -4.03795742e-01 -2.53049100e-04
  1.85186086e-05  3.17938749e-05  6.61372301e-05  0.00000000e+00]","[ 0.         -0.31927028 10.57791615  0.4351252  -1.63441968 -0.02708062
 -0.12510525  0.0517122 ]"
1747093056.6382513,"[ 0.         -0.22748935  0.77687225  2.93960067 -2.21657108 -0.00407517
  0.96010459  1.5709191 ]","[ 0.00000000e+00 -1.58849285e-04 -4.03386613e-01 -2.56771430e-04
  2.38094022e-05  3.17941919e-05  6.61872009e-05  0.00000000e+00]","[ 0.         -0.34406692 10.49321938  0.444801   -1.62660348 -0.02811002
 -0.12604257  0.06392752]"
1747093056.6398873,"[ 0.         -0.22748988  0.7760765   2.93960014 -2.21657108 -0.00407517
  0.96010459  1.5709191 ]","[ 0.00000000e+00 -1.64020327e-04 -4.03795742e-01 -2.49036218e-04
  2.38094022e-05  3.17938749e-05  6.61372301e-05  0.00000000e+00]","[ 0.         -0.3767384  10.43458176  0.42910457 -1.61268866 -0.04226163
 -0.12638727  0.07553166]"
1747093056.641084,"[ 0.         -0.22749042  0.77564667  2.93959961 -2.21657081 -0.00407517
  0.96010459  1.5709191 ]","[ 0.00000000e+00 -1.69439236e-04 -4.04740298e-01 -2.57065753e-04
  2.64548924e-05  3.17938749e-05  6.61372301e-05  0.00000000e+00]","[ 0.         -0.40401021 10.51052475  0.43616948 -1.59916031 -0.03816326
 -0.12121198  0.07065959]"
1747093056.6428514,"[ 0.         -0.22749148  0.77484912  2.93959934 -2.21657081 -0.00407517
  0.96010459  1.5709191 ]","[ 0.00000000e+00 -1.76331140e-04 -4.04065819e-01 -2.49059820e-04
  2.64551545e-05  2.12119566e-05  6.61378843e-05  0.00000000e+00]","[ 0.         -0.44534555 10.49116993  0.43881333 -1.60296178 -0.01406288
 -0.11337891  0.06062638]"
1747093056.644001,"[ 0.         -0.22749148  0.77445004  2.93959881 -2.21657081 -0.00407517
  0.96010459  1.5709191 ]","[ 0.00000000e+00 -1.78228171e-04 -4.04606008e-01 -2.53298918e-04
  2.64548924e-05  2.11959173e-05  6.61378843e-05  0.00000000e+00]","[ 0.00000000e+00 -4.43958819e-01  1.04020557e+01  4.25967187e-01
 -1.60165870e+00 -6.72077620e-03 -1.13378912e-01  5.45721464e-02]"
1747093056.6462057,"[ 0.         -0.22749201  0.7736212   2.93959801 -2.21657081 -0.00407517
  0.96010459  1.5709191 ]","[ 0.00000000e+00 -1.80173478e-04 -4.03795742e-01 -2.64877085e-04
  2.64548924e-05  2.12119566e-05  5.82007654e-05  0.00000000e+00]","[ 0.         -0.44388801 10.44038582  0.41592339 -1.65021634 -0.01444228
 -0.11637233  0.05521225]"
1747093056.6473904,"[ 0.         -0.22749201  0.77322126  2.93959748 -2.21657081 -0.00407517
  0.96010459  1.5709191 ]","[ 0.00000000e+00 -1.80028844e-04 -4.05686420e-01 -2.65027668e-04
  2.64551545e-05  2.12119566e-05  5.82447383e-05  0.00000000e+00]","[ 0.         -0.45147327 10.44604206  0.41936058 -1.64597511 -0.02223816
 -0.11437647  0.06805182]"
1747093056.6492386,"[ 0.         -0.22749308  0.77238782  2.93959641 -2.21657081 -0.00407517
  0.96010459  1.5709191 ]","[ 0.00000000e+00 -1.87762935e-04 -4.07247964e-01 -2.73548581e-04
  2.11801137e-05  2.11959173e-05  5.82007654e-05  0.00000000e+00]","[ 0.         -0.45703784 10.39862823  0.41226    -1.69940972 -0.02545381
 -0.12272468  0.06106344]"
1747093056.6504002,"[ 0.         -0.22749308  0.77198555  2.93959615 -2.21657081 -0.00407517
  0.96010459  1.5709191 ]","[ 0.00000000e+00 -1.89917488e-04 -4.07847175e-01 -2.73278396e-04
  2.11639139e-05  2.12119566e-05  5.82007654e-05  0.00000000e+00]","[ 0.         -0.4424628  10.30577374  0.39655635 -1.7165668  -0.03164082
 -0.11140752  0.0598455 ]"
1747093056.6521423,"[ 0.         -0.22749361  0.77118108  2.93959455 -2.21657081 -0.00407517
  0.96010459  1.5709191 ]","[ 0.00000000e+00 -1.98371025e-04 -4.07164141e-01 -2.95443328e-04
  2.11639139e-05  2.11959173e-05  4.76188043e-05  0.00000000e+00]","[ 0.         -0.46061823 10.24511909  0.35300159 -1.78589809 -0.01380885
 -0.12650785  0.05687537]"
1747093056.6533184,"[ 0.         -0.22749414  0.77078114  2.93959428 -2.21657081 -0.00407517
  0.96010459  1.5709191 ]","[ 0.00000000e+00 -2.00777477e-04 -4.06098277e-01 -2.92175949e-04
  1.58730919e-05  2.11959173e-05  4.76188043e-05  0.00000000e+00]","[ 0.         -0.45687565 10.24523544  0.33745179 -1.79229105 -0.01299626
 -0.1304388   0.0523886 ]"
1747093056.6550853,"[ 0.         -0.22749468  0.76994404  2.93959295 -2.21657081 -0.00407517
  0.96010459  1.5709191 ]","[ 0.00000000e+00 -2.03880797e-04 -4.08927586e-01 -3.16992306e-04
  1.32275773e-05  2.12119566e-05  4.76188043e-05  0.00000000e+00]","[ 0.00000000e+00 -4.64813083e-01  1.00905914e+01  3.13654006e-01
 -1.85171878e+00 -8.39170255e-03 -1.41444027e-01  5.09957783e-02]"
1747093056.656276,"[ 0.         -0.22749521  0.7695399   2.93959188 -2.21657081 -0.00407517
  0.96010459  1.5709191 ]","[ 0.00000000e+00 -2.10443383e-04 -4.10007964e-01 -3.32275119e-04
  1.32274462e-05  2.12119566e-05  4.76192757e-05  0.00000000e+00]","[ 0.         -0.46618044 10.04020977  0.29148445 -1.9005481  -0.01046657
 -0.13892046  0.05384612]"
1747093056.6580105,"[ 0.         -0.22749574  0.76873084  2.93959109 -2.21657081 -0.00407517
  0.96010459  1.5709191 ]","[ 0.00000000e+00 -2.12957375e-04 -4.09862356e-01 -3.52140994e-04
  7.93646773e-06  2.12119566e-05  3.70372172e-05  0.00000000e+00]","[ 0.00000000e+00 -4.52761263e-01  9.94351196e+00  2.77559221e-01
 -1.96331441e+00  7.65528437e-03 -1.33983836e-01  5.15745282e-02]"
1747093056.6597645,"[ 0.         -0.22749574  0.76829601  2.93959002 -2.21657081 -0.00407517
  0.96010459  1.5709191 ]","[ 0.00000000e+00 -2.09000880e-04 -4.09504893e-01 -3.73241734e-04
  7.93654595e-06  2.12119566e-05  3.70648338e-05  0.00000000e+00]","[ 0.         -0.44870529  9.8855896   0.26794776 -1.96937859  0.00989087
 -0.1344258   0.0459412 ]"
1747093056.6609457,"[ 0.         -0.22749681  0.76748368  2.93958869 -2.21657081 -0.00407517
  0.96010459  1.5709191 ]","[ 0.00000000e+00 -2.18378689e-04 -4.12708942e-01 -4.07201752e-04
  7.93654595e-06  2.11959173e-05  2.91003827e-05  0.00000000e+00]","[ 0.         -0.45350796  9.88767815  0.23054476 -1.94418633  0.01526349
 -0.12531249  0.04790483]"
1747093056.662745,"[ 0.         -0.22749681  0.76707635  2.93958789 -2.21657081 -0.00407517
  0.96010459  1.5709191 ]","[ 0.00000000e+00 -2.07687830e-04 -4.13249131e-01 -4.23034687e-04
  7.93646773e-06  2.12119566e-05  2.91003827e-05  0.00000000e+00]","[ 0.         -0.4703542   9.92042065  0.22509858 -1.93097556  0.02148918
 -0.13211502  0.05713059]"
1747093056.664472,"[ 0.         -0.22749787  0.76623193  2.93958603 -2.21657081 -0.00407517
  0.96010459  1.5709191 ]","[ 0.00000000e+00 -2.18169980e-04 -4.12290793e-01 -4.68531667e-04
  7.93646773e-06  2.11957060e-05  2.91003827e-05  0.00000000e+00]","[ 0.         -0.47534636  9.92485237  0.20516996 -1.91776216  0.03023749
 -0.15155417  0.06118114]"
1747093056.665701,"[ 0.         -0.22749841  0.76542053  2.93958363 -2.21657081 -0.00407517
  0.96010459  1.5709191 ]","[ 0.00000000e+00 -2.14387442e-04 -4.11628564e-01 -5.54289712e-04
  7.94254290e-06  2.11959173e-05  2.91003827e-05  0.00000000e+00]","[ 0.         -0.46972647  9.90088367  0.1877846  -1.8931632   0.01512495
 -0.15408067  0.06059084]"
1747093056.6674678,"[ 0.         -0.22749841  0.76498111  2.9395823  -2.21657081 -0.00407517
  0.96010459  1.5709191 ]","[ 0.00000000e+00 -2.11761147e-04 -4.13767948e-01 -6.07929912e-04
  7.93646773e-06  2.12119566e-05  2.90784288e-05  0.00000000e+00]","[ 0.00000000e+00 -4.68902707e-01  9.81906509e+00  1.79912016e-01
 -1.88262498e+00  5.48569206e-03 -1.48448899e-01  5.92745543e-02]"
1747093056.6691794,"[ 0.         -0.22749894  0.76416511  2.9395799  -2.21657081 -0.00407464
  0.96010459  1.5709191 ]","[ 0.00000000e+00 -2.11758514e-04 -4.13909728e-01 -7.53024468e-04
  7.93646773e-06  2.64946330e-05  2.91006692e-05  0.00000000e+00]","[ 0.         -0.48779741  9.76500893  0.13905603 -1.90508473  0.00977643
 -0.14416936  0.06221032]"
1747093056.670293,"[ 0.         -0.22749947  0.76375645  2.93957857 -2.21657081 -0.00407464
  0.96010459  1.5709191 ]","[ 0.00000000e+00 -2.15733213e-04 -4.14750189e-01 -8.19896079e-04
  7.94246417e-06  2.64946330e-05  2.91006692e-05  0.00000000e+00]","[ 0.         -0.47137108  9.84874058  0.13506131 -1.90420735  0.02083209
 -0.13955991  0.05135842]"
1747093056.6728942,"[ 0.         -0.22750054  0.76290737  2.93957591 -2.21657028 -0.00407464
  0.96010459  1.5709191 ]","[ 0.00000000e+00 -2.20875907e-04 -4.15409920e-01 -9.61228854e-04
  1.85184257e-05  2.65149452e-05  2.91003827e-05  0.00000000e+00]","[ 0.         -0.46869585  9.87396049  0.13158955 -1.8584162   0.05191763
 -0.1416672   0.06769285]"
1747093056.673944,"[ 0.         -0.2275016   0.76208771  2.93957298 -2.21657028 -0.00407464
  0.96010459  1.5709191 ]","[ 0.00000000e+00 -2.27786650e-04 -4.15409920e-01 -1.07656050e-03
  2.11801137e-05  2.64948971e-05  2.91003827e-05  0.00000000e+00]","[ 0.         -0.48575413  9.96356106  0.12499659 -1.83486533  0.05536385
 -0.13760416  0.08303256]"
1747093056.6756728,"[ 0.         -0.22750213  0.76164603  2.93957138 -2.21657028 -0.00407464
  0.96010459  1.5709191 ]","[ 0.00000000e+00 -2.37293066e-04 -4.15382989e-01 -1.16462349e-03
  2.11639139e-05  2.65149452e-05  2.91003827e-05  0.00000000e+00]","[ 0.         -0.48236445  9.91687202  0.12725039 -1.84286416  0.0516047
 -0.13943046  0.07460066]"
1747093056.6774242,"[ 0.         -0.22750213  0.7608291   2.93956792 -2.21657028 -0.00407464
  0.96010459  1.5709191 ]","[ 0.00000000e+00 -2.35756205e-04 -4.14059431e-01 -1.38791355e-03
  2.11639139e-05  2.65149452e-05  2.91003827e-05  0.00000000e+00]","[ 0.         -0.51007551  9.87400055  0.13353568 -1.85743451  0.04173706
 -0.13972181  0.05509879]"
1747093056.678496,"[ 0.         -0.22750373  0.75997962  2.93956472 -2.21657028 -0.00407464
  0.96010459  1.5709191 ]","[ 0.00000000e+00 -2.61427427e-04 -4.15021798e-01 -1.45720971e-03
  2.11641232e-05  1.59089679e-05  2.91003827e-05  0.00000000e+00]","[ 0.         -0.5153951   9.90784836  0.12070823 -1.85899913  0.0294564
 -0.1420601   0.03784549]"
1747093056.6801522,"[ 0.         -0.22750426  0.75956956  2.93956286 -2.21657028 -0.00407464
  0.96010459  1.5709191 ]","[ 0.00000000e+00 -2.81169929e-04 -4.15950109e-01 -1.54947550e-03
  2.11641232e-05  1.59089679e-05  2.91003827e-05  0.00000000e+00]","[ 0.         -0.52449018 10.04720211  0.1038209  -1.86722159  0.03118549
 -0.1491233   0.04188181]"
1747093056.6819105,"[ 0.         -0.2275048   0.75874898  2.93955939 -2.21657028 -0.00407464
  0.96010459  1.5709191 ]","[ 0.00000000e+00 -3.22158520e-04 -4.16068320e-01 -1.61097683e-03
  2.64548924e-05  1.58970960e-05  2.91006692e-05  0.00000000e+00]","[ 0.         -0.53668803 10.10984612  0.1019299  -1.84568179  0.02379758
 -0.15260275  0.04982743]"
1747093056.68296,"[ 0.         -0.22750533  0.75830769  2.93955753 -2.21657028 -0.00407464
  0.96010459  1.5709191 ]","[ 0.00000000e+00 -3.24051211e-04 -4.15523338e-01 -1.70221026e-03
  2.11639139e-05  1.58969375e-05  2.91003827e-05  0.00000000e+00]","[ 0.         -0.55936283 10.06418228  0.11289182 -1.84664011  0.03404326
 -0.15497944  0.06651014]"
1747093056.6846576,"[ 0.         -0.2275064   0.75749263  2.93955327 -2.21657028 -0.00407464
  0.96010459  1.5709191 ]","[ 0.00000000e+00 -3.42749157e-04 -4.13249131e-01 -1.81366420e-03
  2.11641232e-05  1.58969375e-05  1.85184257e-05  0.00000000e+00]","[ 0.         -0.56764501 10.16773891  0.13702486 -1.85838723  0.0406429
 -0.14504869  0.06771022]"
1747093056.6863484,"[ 0.         -0.22750693  0.7570853   2.93955114 -2.21657028 -0.00407464
  0.96010459  1.5709191 ]","[ 0.00000000e+00 -3.60603260e-04 -4.13249131e-01 -1.85843092e-03
  2.11641232e-05  1.58729355e-05  1.85184257e-05  0.00000000e+00]","[ 0.         -0.56613755 10.20053482  0.13153207 -1.85966861  0.0419672
 -0.14762717  0.06434102]"
1747093056.6880398,"[ 0.         -0.22750853  0.75623815  2.93954608 -2.21657028 -0.00407464
  0.96010459  1.5709191 ]","[ 0.00000000e+00 -3.83789569e-04 -4.13879768e-01 -2.08654575e-03
  2.11639139e-05  1.58850858e-05  1.85186086e-05  0.00000000e+00]","[ 0.         -0.59269464 10.14230919  0.12493536 -1.89330351  0.03757982
 -0.14875738  0.05350487]"
1747093056.6897285,"[ 0.         -0.22750959  0.75541849  2.93953995 -2.21657028 -0.00407464
  0.96010459  1.5709191 ]","[ 0.00000000e+00 -3.88756858e-04 -4.16220220e-01 -2.49140514e-03
  1.85184257e-05  1.58729355e-05  1.85184257e-05  0.00000000e+00]","[ 0.         -0.63794035  9.98152447  0.13442299 -1.90577662  0.04188707
 -0.16261648  0.05377236]"
1747093056.6914372,"[ 0.         -0.22751012  0.75500564  2.93953676 -2.21657028 -0.00407464
  0.96010459  1.5709191 ]","[ 0.00000000e+00 -4.10171801e-04 -4.18651087e-01 -2.60428182e-03
  1.85186086e-05  1.58729355e-05  1.85184257e-05  0.00000000e+00]","[ 0.         -0.65124726  9.94359398  0.13034445 -1.90862501  0.04683189
 -0.15812162  0.05130662]"
1747093056.693111,"[ 0.         -0.22751172  0.75414011  2.93952957 -2.21657028 -0.00407464
  0.96010459  1.5709191 ]","[ 0.00000000e+00 -4.37159258e-04 -4.24323121e-01 -3.24839620e-03
  1.85186086e-05  1.58729355e-05  1.85184257e-05  0.00000000e+00]","[ 0.         -0.62884784 10.01242065  0.14324786 -1.91829824  0.03860281
 -0.14861976  0.06738077]"
1747093056.694878,"[ 0.         -0.22751332  0.75330068  2.93952158 -2.21656975 -0.00407464
  0.96010459  1.5709191 ]","[ 0.00000000e+00 -4.74592341e-04 -4.25133421e-01 -3.77612394e-03
  2.38454062e-05  5.29103081e-06  1.85186086e-05  0.00000000e+00]","[ 0.         -0.59731865 10.13754749  0.16368411 -1.94018829  0.03836946
 -0.16567637  0.07043637]"
1747093056.6968973,"[ 0.         -0.22751385  0.75284748  2.93951758 -2.21656975 -0.00407464
  0.96010459  1.5709191 ]","[ 0.00000000e+00 -4.86758878e-04 -4.26807917e-01 -3.84237189e-03
  2.38454062e-05  5.29502843e-06  1.85184257e-05  0.00000000e+00]","[ 0.         -0.59524244 10.20362663  0.16481073 -1.92860079  0.0248656
 -0.19902179  0.05503675]"
1747093056.6985643,"[ 0.         -0.22751545  0.75200485  2.93950933 -2.21657028 -0.00407464
  0.96010459  1.5709191 ]","[ 0.00000000e+00 -5.14891833e-04 -4.28374588e-01 -3.97486728e-03
  1.32175979e-05  5.29097849e-06  1.85184257e-05  0.00000000e+00]","[ 0.         -0.58080512 10.25400543  0.1763148  -1.98286927  0.01976843
 -0.19758521  0.06746524]"
1747093056.7009075,"[ 0.         -0.22751652  0.75112182  2.93950134 -2.21657081 -0.00407464
  0.96010459  1.5709191 ]","[ 0.00000000e+00 -5.47736490e-04 -4.31572512e-01 -4.04011004e-03
  7.94838950e-06  5.29097849e-06  1.85044548e-05  0.00000000e+00]","[ 0.         -0.57892042 10.33096981  0.1860643  -2.11060095  0.02095941
 -0.18898581  0.06160969]"
1747093056.7020466,"[ 0.         -0.22751811  0.75027     2.93949308 -2.21657081 -0.00407464
  0.96010459  1.5709191 ]","[ 0.00000000e+00 -6.03373150e-04 -4.31615755e-01 -4.04011004e-03
  7.94846874e-06  5.29103081e-06  1.85184257e-05  0.00000000e+00]","[ 0.         -0.61458653 10.34498501  0.19457126 -2.20147777  0.02995321
 -0.18988755  0.06714163]"
1747093056.7043862,"[ 0.         -0.22751971  0.74938151  2.93948536 -2.21657081 -0.00407464
  0.96010459  1.5709191 ]","[ 0.00000000e+00 -6.24511016e-04 -4.34581751e-01 -3.97486728e-03
  7.94846874e-06  5.29497611e-06  1.85184257e-05  0.00000000e+00]","[ 0.         -0.61295879 10.4710207   0.19586924 -2.28644967  0.0529048
 -0.22905962  0.07575425]"
1747093056.7055206,"[ 0.         -0.22752078  0.7485233   2.93947657 -2.21657081 -0.00407464
  0.96010459  1.5709191 ]","[ 0.00000000e+00 -6.32701016e-04 -4.34416335e-01 -4.10634135e-03
  7.94846874e-06  5.29097849e-06  1.85186086e-05  0.00000000e+00]","[ 0.         -0.58468616 10.63392258  0.21360937 -2.30505157  0.0480825
 -0.24578752  0.07304786]"
1747093056.70725,"[ 0.         -0.22752184  0.7480958   2.93947258 -2.21657081 -0.00407464
  0.96010459  1.5709191 ]","[ 0.00000000e+00 -6.53135771e-04 -4.33506433e-01 -4.10634135e-03
  7.94846874e-06  5.29097849e-06  1.05820616e-05  0.00000000e+00]","[ 0.         -0.58377224 10.74250031  0.21660843 -2.30843759  0.03946116
 -0.24750541  0.06994163]"
1747093056.7090597,"[ 0.         -0.22752237  0.7472109   2.93946299 -2.21657028 -0.00407464
  0.96010459  1.5709191 ]","[ 0.00000000e+00 -6.57570623e-04 -4.32155977e-01 -4.48628211e-03
  1.85464284e-05  5.29497611e-06  1.05819570e-05  0.00000000e+00]","[ 0.         -0.57601172 10.85224915  0.24604556 -2.29034209  0.01783385
 -0.24625343  0.06006457]"
1747093056.7112713,"[ 0.         -0.22752397  0.74635589  2.9394542  -2.21657028 -0.00407464
  0.96010459  1.5709191 ]","[ 0.00000000e+00 -6.73546274e-04 -4.33506433e-01 -4.56291197e-03
  1.85464284e-05  5.29097849e-06  1.05820616e-05  0.00000000e+00]","[ 0.00000000e+00 -5.58252990e-01  1.08948021e+01  2.43641704e-01
 -2.26615930e+00 -4.82640316e-04 -2.49323443e-01  4.43550423e-02]"
1747093056.7129219,"[ 0.         -0.22752557  0.74546919  2.93944594 -2.21657081 -0.00407464
  0.96010459  1.5709191 ]","[ 0.00000000e+00 -6.78782611e-04 -4.32324821e-01 -4.32009878e-03
  1.32474486e-05  5.29497611e-06  1.05820616e-05  0.00000000e+00]","[ 0.         -0.52770948 10.93895817  0.25244248 -2.19867802 -0.02288282
 -0.24286608  0.05443603]"
1747093056.714039,"[ 0.         -0.2275261   0.74504308  2.93944142 -2.21657028 -0.00407464
  0.96010459  1.5709191 ]","[ 0.00000000e+00 -7.02119665e-04 -4.31718087e-01 -4.21330706e-03
  1.85464284e-05  5.29097849e-06  1.05819570e-05  0.00000000e+00]","[ 0.         -0.52788138 10.89595127  0.2507709  -2.1588254  -0.02804494
 -0.25759673  0.0595349 ]"
1747093056.7176466,"[ 0.         -0.2275277   0.74419267  2.93943263 -2.21656975 -0.00407464
  0.96010459  1.5709191 ]","[ 0.00000000e+00 -6.84446964e-04 -4.30805488e-01 -4.30503527e-03
  2.38454062e-05  5.29097849e-06  1.05819570e-05  0.00000000e+00]","[ 0.00000000e+00 -5.33741534e-01  1.09720135e+01  2.95347273e-01
 -2.05635881e+00  1.60330045e-03 -2.33711839e-01  6.08453192e-02]"
1747093056.7193148,"[ 0.         -0.2275309   0.74288626  2.93941931 -2.21656975 -0.00407464
  0.96010459  1.5709191 ]","[ 0.00000000e+00 -7.36633738e-04 -4.29559495e-01 -4.38886139e-03
  2.38454062e-05  5.29097849e-06  1.05820616e-05  0.00000000e+00]","[ 0.00000000e+00 -5.44740379e-01  1.10896177e+01  3.09637100e-01
 -1.93506169e+00  3.44246929e-03 -2.42653295e-01  7.89471716e-02]"
1747093056.7211456,"[ 0.         -0.22753303  0.74200874  2.93940999 -2.21656975 -0.00407464
  0.96010459  1.5709191 ]","[ 0.00000000e+00 -7.72070621e-04 -4.27659063e-01 -4.50162441e-03
  2.64948971e-05  5.29103081e-06  1.05819570e-05  0.00000000e+00]","[ 0.         -0.53892672 10.99442291  0.33478352 -1.92184973 -0.01499912
 -0.22193664  0.06857011]"
1747093056.7228317,"[ 0.         -0.22753569  0.74116059  2.93939987 -2.21656922 -0.00407464
  0.96010459  1.5709191 ]","[ 0.00000000e+00 -8.33461230e-04 -4.30265266e-01 -5.00165319e-03
  2.91446766e-05  5.29097849e-06  1.05819570e-05  0.00000000e+00]","[ 0.         -0.52206469 10.86645603  0.34494352 -1.88288891 -0.02489625
 -0.19473764  0.06894238]"
1747093056.7246094,"[ 0.         -0.22753729  0.74027669  2.93938762 -2.21656922 -0.00407464
  0.96010459  1.5709191 ]","[ 0.00000000e+00 -8.47802964e-04 -4.31572512e-01 -5.43161223e-03
  2.91443860e-05  5.29097849e-06  1.05820616e-05  0.00000000e+00]","[ 0.         -0.51235449 10.71573067  0.36842862 -1.8263669  -0.03875368
 -0.19920383  0.06143614]"
1747093056.726343,"[ 0.         -0.22753835  0.73985192  2.9393815  -2.21656922 -0.00407464
  0.96010459  1.5709191 ]","[ 0.00000000e+00 -8.77658326e-04 -4.30368996e-01 -5.76767455e-03
  2.91664395e-05  5.29103081e-06  1.05978530e-05  0.00000000e+00]","[ 0.         -0.50991535 10.60455894  0.3730284  -1.80694079 -0.0392501
 -0.20361753  0.05773358]"
1747093056.7313623,"[ 0.         -0.22753995  0.73893772  2.93936498 -2.21656922 -0.00407464
  0.96010459  1.5709191 ]","[ 0.00000000e+00 -9.19436276e-04 -4.30832985e-01 -8.37302164e-03
  2.91443860e-05  5.29103081e-06  1.06059783e-05  0.00000000e+00]","[ 0.         -0.49987572 10.53891182  0.3634344  -1.79759288 -0.05259288
 -0.17723897  0.04757619]"
1747093056.7337625,"[ 0.         -0.22754474  0.73673768  2.93929627 -2.21656922 -0.00407464
  0.96010459  1.5709191 ]","[ 0.00000000e+00 -9.73517756e-04 -4.33671848e-01 -1.75537915e-02
  2.38634509e-05  5.29502843e-06  0.00000000e+00  0.00000000e+00]","[ 0.         -0.49310592 10.16729259  0.43604201 -1.8733232  -0.05006647
 -0.16478778  0.07165733]"
1747093056.7355096,"[ 0.         -0.22754634  0.73587582  2.9392526  -2.21656922 -0.00407464
  0.96010459  1.5709191 ]","[ 0.00000000e+00 -9.67400938e-04 -4.38098122e-01 -2.32283823e-02
  2.38454062e-05  5.29103081e-06  0.00000000e+00  0.00000000e+00]","[ 0.         -0.43976903  9.98989677  0.44997188 -1.93603039 -0.05546074
 -0.15252924  0.05921561]"
1747093056.737304,"[ 0.         -0.22754794  0.734979    2.93919747 -2.21656975 -0.00407464
  0.96010459  1.5709191 ]","[ 0.00000000e+00 -9.36139549e-04 -4.38092496e-01 -2.94107963e-02
  1.32474486e-05  5.29497611e-06  0.00000000e+00  0.00000000e+00]","[ 0.         -0.40758029  9.92594528  0.44743913 -2.03889918 -0.04762365
 -0.16316223  0.0507127 ]"
1747093056.7390532,"[ 0.         -0.22754901  0.73411434  2.93913089 -2.21656922 -0.00407464
  0.96010459  1.5709191 ]","[ 0.00000000e+00 -8.46293753e-04 -4.39178500e-01 -3.33522061e-02
  1.85464284e-05  5.29097849e-06  0.00000000e+00  0.00000000e+00]","[ 0.         -0.3442173   9.84561253  0.50470519 -2.1085794  -0.06634639
 -0.17941818  0.04807324]"
1747093056.7414453,"[ 0.         -0.22755007  0.73321019  2.93906005 -2.21656975 -0.00407464
  0.96010459  1.5709191 ]","[ 0.00000000e+00 -8.11368502e-04 -4.41352505e-01 -3.70033542e-02
  1.05979587e-05  5.29497611e-06  0.00000000e+00  0.00000000e+00]","[ 0.         -0.30513501  9.74225712  0.5376758  -2.18097687 -0.0678785
 -0.19206691  0.04351513]"
1747093056.7432134,"[ 0.         -0.2275506   0.73233634  2.93898122 -2.21656975 -0.00407464
  0.96010459  1.5709191 ]","[ 0.00000000e+00 -7.37554337e-04 -4.43500045e-01 -4.12830416e-02
  1.05978530e-05  5.29097849e-06  0.00000000e+00  0.00000000e+00]","[ 0.         -0.259749    9.64845371  0.56077075 -2.21490216 -0.07614107
 -0.18357882  0.0556994 ]"
1747093056.7448652,"[ 0.         -0.22755167  0.7314607   2.93888695 -2.21656975 -0.00407464
  0.96010459  1.5709191 ]","[ 0.00000000e+00 -7.08012884e-04 -4.44399827e-01 -4.80773522e-02
  1.06059783e-05  5.29497611e-06  0.00000000e+00  0.00000000e+00]","[ 0.         -0.19373389  9.60521793  0.59349716 -2.24084044 -0.08687371
 -0.17607655  0.06136489]"
1747093056.7472355,"[ 0.         -0.2275522   0.7305483   2.93878095 -2.21656975 -0.00407464
  0.96010459  1.5709191 ]","[ 0.00000000e+00 -6.43376937e-04 -4.46201023e-01 -5.50998833e-02
  1.05979587e-05  5.29103081e-06  0.00000000e+00  0.00000000e+00]","[ 0.         -0.13342646  9.59676456  0.64263558 -2.24620318 -0.10125442
 -0.19113471  0.05430164]"
1747093056.7489552,"[ 0.         -0.2275522   0.73010841  2.93866244 -2.21656975 -0.00407464
  0.96010459  1.5709191 ]","[ 0.00000000e+00 -5.29400079e-04 -4.46201023e-01 -5.83410544e-02
  1.05978530e-05  5.29097849e-06  0.00000000e+00  0.00000000e+00]","[ 0.         -0.07722551  9.67554092  0.6763891  -2.26773739 -0.09070284
 -0.18847345  0.06511343]"
1747093056.7507014,"[ 0.         -0.2275522   0.72919368  2.9385426  -2.21656975 -0.00407464
  0.96010459  1.5709191 ]","[ 0.00000000e+00 -4.47566588e-04 -4.47011323e-01 -6.15822255e-02
  1.05979587e-05  5.29097849e-06  0.00000000e+00  0.00000000e+00]","[ 0.          0.02401336  9.64188957  0.72556728 -2.23290515 -0.09697434
 -0.16209613  0.06759896]"
1747093056.7524414,"[ 0.         -0.2275522   0.72875239  2.9385426  -2.21656975 -0.00407464
  0.96010459  1.5709191 ]","[ 0.00000000e+00 -3.90063894e-04 -4.47098042e-01 -6.15822255e-02
  1.05979587e-05  5.29097849e-06  0.00000000e+00  0.00000000e+00]","[ 0.          0.05370047  9.54468822  0.72556728 -2.1978457  -0.07858887
 -0.14778775  0.04326932]"
1747093056.7540874,"[ 0.         -0.2275522   0.72786569  2.93841184 -2.21656922 -0.00407464
  0.96010459  1.5709191 ]","[ 0.00000000e+00 -3.07702029e-04 -4.50252490e-01 -6.42180684e-02
  1.59089679e-05  5.29502843e-06  0.00000000e+00  0.00000000e+00]","[ 0.          0.08983026  9.54711437  0.77996296 -2.11258173 -0.09102827
 -0.14677671  0.05330216]"
1747093056.7558591,"[ 0.         -0.2275522   0.72738766  2.93835032 -2.21656922 -0.00407464
  0.96010459  1.5709191 ]","[ 0.00000000e+00 -2.51742990e-04 -4.50129385e-01 -6.23925172e-02
  1.58969375e-05  5.29097849e-06  0.00000000e+00  0.00000000e+00]","[ 0.          0.14674021  9.70090103  0.84141934 -2.07240367 -0.08431452
 -0.16273248  0.05325238]"
1747093056.756999,"[ 0.         -0.2275522   0.72649823  2.93822915 -2.21656922 -0.00407464
  0.96010459  1.5709191 ]","[ 0.00000000e+00 -1.95031947e-04 -4.50792679e-01 -5.81782812e-02
  1.58969375e-05  5.29097849e-06  0.00000000e+00  0.00000000e+00]","[ 0.          0.21339768  9.76367188  0.89345109 -1.99076569 -0.09540079
 -0.1399909   0.04933933]"
1747093056.758793,"[ 0.         -0.2275522   0.72601886  2.93817295 -2.21656895 -0.00407464
  0.96010459  1.5709191 ]","[ 0.00000000e+00 -1.67170233e-04 -4.50958593e-01 -5.69905654e-02
  1.85604623e-05  5.29103081e-06  0.00000000e+00  0.00000000e+00]","[ 0.          0.24991719  9.72365475  0.89596862 -1.97548997 -0.09663887
 -0.15139368  0.04850046]"
1747093056.759952,"[ 0.         -0.2275522   0.7251271   2.9380619  -2.21656895 -0.00407464
  0.96010459  1.5709191 ]","[ 0.00000000e+00 -1.11891647e-04 -4.52764350e-01 -5.58535288e-02
  1.85464284e-05  5.29103081e-06  0.00000000e+00  0.00000000e+00]","[ 0.          0.31989771  9.81967449  0.92982256 -1.92404258 -0.119315
 -0.13465725  0.04065736]"
1747093056.7617044,"[ 0.         -0.2275522   0.72467982  2.93800411 -2.21656895 -0.00407464
  0.96010459  1.5709191 ]","[ 0.00000000e+00 -8.35851167e-05 -4.53763768e-01 -5.44680442e-02
  1.85462435e-05  5.29497611e-06  0.00000000e+00  0.00000000e+00]","[ 0.          0.34641922  9.85374641  0.94480771 -1.91248369 -0.13770024
 -0.1318057   0.04260034]"
1747093056.763785,"[ 0.         -0.2275522   0.72375184  2.93790158 -2.21656895 -0.00407464
  0.96010459  1.5709191 ]","[ 0.00000000e+00 -5.59458234e-05 -4.53640130e-01 -5.13185192e-02
  1.85186086e-05  5.29097849e-06  0.00000000e+00  0.00000000e+00]","[ 0.          0.37138927  9.87112236  0.96268547 -1.9131397  -0.12734754
 -0.13903351  0.03188455]"
1747093056.7649066,"[ 0.         -0.22755167  0.72285409  2.93779958 -2.21656895 -0.00407464
  0.96010459  1.5709191 ]","[ 0.00000000e+00  0.00000000e+00 -4.55924523e-01 -4.94013885e-02
  1.85184257e-05  5.29497611e-06  0.00000000e+00  0.00000000e+00]","[ 0.          0.38706166  9.94469261  0.99846619 -1.90415573 -0.12484341
 -0.15507108  0.05591466]"
1747093056.7665381,"[ 0.         -0.2275522   0.72240408  2.93774951 -2.21656895 -0.00407464
  0.96010459  1.5709191 ]","[ 0.00000000e+00 -2.64951613e-05 -4.56464746e-01 -5.07783261e-02
  1.85184257e-05  5.29502843e-06  0.00000000e+00  0.00000000e+00]","[ 0.          0.39984527 10.02443409  1.01108325 -1.91430557 -0.1313293
 -0.14015077  0.05662785]"
1747093056.7682648,"[ 0.         -0.2275522   0.72147284  2.93764858 -2.21656895 -0.00407464
  0.96010459  1.5709191 ]","[ 0.00000000e+00  0.00000000e+00 -4.53763768e-01 -5.07783261e-02
  1.85186086e-05  5.29097849e-06  0.00000000e+00  0.00000000e+00]","[ 0.          0.3897174  10.15766048  1.01142669 -2.00390267 -0.12138049
 -0.15421902  0.0494239 ]"
1747093056.7694855,"[ 0.         -0.2275522   0.7210261   2.93759478 -2.21656895 -0.00407464
  0.96010459  1.5709191 ]","[ 0.00000000e+00  0.00000000e+00 -4.53223579e-01 -5.06552298e-02
  1.85186086e-05  5.29097849e-06  0.00000000e+00  0.00000000e+00]","[ 0.          0.38406536 10.20444965  0.99714363 -2.03472924 -0.12214643
 -0.16592008  0.04609487]"
1747093056.7711592,"[ 0.         -0.22755167  0.72009619  2.9375013  -2.21656895 -0.00407464
  0.96010459  1.5709191 ]","[ 0.00000000e+00  2.20789347e-05 -4.53890900e-01 -4.69969619e-02
  1.32274462e-05  0.00000000e+00  0.00000000e+00  0.00000000e+00]","[ 0.          0.39479598 10.37645912  0.95496368 -2.13315821 -0.13441232
 -0.1841543   0.03054414]"
1747093056.772872,"[ 0.         -0.22755167  0.71965031  2.93745576 -2.21656895 -0.00407517
  0.96010459  1.5709191 ]","[ 0.00000000e+00  2.12119566e-05 -4.51685070e-01 -4.61866702e-02
  1.32274462e-05 -5.29103081e-06  0.00000000e+00  0.00000000e+00]","[ 0.          0.3807039  10.47294521  0.94076782 -2.19102335 -0.13289475
 -0.19055948  0.03393439]"
1747093056.7742968,"[ 0.         -0.2275522   0.71876228  2.93736495 -2.21656922 -0.00407517
  0.96010459  1.5709191 ]","[ 0.00000000e+00  0.00000000e+00 -4.49442190e-01 -4.43860154e-02
  1.05819570e-05 -5.29097849e-06  0.00000000e+00  0.00000000e+00]","[ 0.          0.41169003 10.63864136  0.93738842 -2.29970002 -0.1311496
 -0.21762161  0.03567869]"
1747093056.7760408,"[ 0.         -0.22755167  0.71784162  2.93728319 -2.21656922 -0.00407517
  0.96010366  1.5709191 ]","[ 0.00000000e+00  1.89758172e-05 -4.49627845e-01 -4.05146197e-02
  1.05819570e-05 -5.29097849e-06 -1.05978530e-05  0.00000000e+00]","[ 0.          0.41272342 10.71765327  0.92312485 -2.41241121 -0.12371573
 -0.23261423  0.03355297]"
1747093056.7771995,"[ 0.         -0.22755167  0.71740034  2.93724591 -2.21656975 -0.00407517
  0.96010366  1.5709191 ]","[ 0.00000000e+00  1.83318610e-05 -4.47551512e-01 -3.78136459e-02
  5.29103081e-06 -5.29103081e-06 -1.05980643e-05  0.00000000e+00]","[ 0.          0.38364995 10.67171955  0.90196359 -2.48709488 -0.10118072
 -0.24427356  0.04734162]"
1747093056.7789464,"[ 0.         -0.2275522   0.7164916   2.93717879 -2.21656975 -0.00407517
  0.96010366  1.5709191 ]","[ 0.00000000e+00  0.00000000e+00 -4.41939432e-01 -3.13313079e-02
  5.29497611e-06 -5.29097849e-06 -1.05979587e-05  0.00000000e+00]","[ 0.          0.35838625 10.67107773  0.87466037 -2.59751558 -0.12156684
 -0.24732824  0.05639071]"
1747093056.7801442,"[ 0.         -0.2275522   0.71605717  2.93715083 -2.21656975 -0.00407517
  0.96010366  1.5709191 ]","[ 0.00000000e+00  0.00000000e+00 -4.40528989e-01 -2.83315004e-02
  5.29097849e-06 -5.29097849e-06 -1.06059783e-05  0.00000000e+00]","[ 0.          0.32031289 10.72134495  0.87226665 -2.60874844 -0.11561131
 -0.27177992  0.05337477]"
1747093056.7818937,"[ 0.         -0.2275522   0.71562328  2.93712606 -2.21656975 -0.00407517
  0.96010366  1.5709191 ]","[ 0.00000000e+00  0.00000000e+00 -4.39988800e-01 -2.51190644e-02
  5.29103081e-06 -5.29097849e-06 -1.05979587e-05  0.00000000e+00]","[ 0.          0.31520897 10.67810345  0.85404855 -2.61139822 -0.12121578
 -0.28259352  0.04772412]"
1747093056.7830508,"[ 0.         -0.2275522   0.71475815  2.93708026 -2.21656975 -0.00407517
  0.96010366  1.5709191 ]","[ 0.00000000e+00  0.00000000e+00 -4.39178500e-01 -2.13377002e-02
  5.29497611e-06 -5.29097849e-06 -1.05979587e-05  0.00000000e+00]","[ 0.          0.25576049 10.62148094  0.83209854 -2.59755135 -0.10772717
 -0.27836934  0.04710142]"
1747093056.7848167,"[ 0.         -0.2275522   0.71429296  2.93705949 -2.21656975 -0.00407517
  0.96010366  1.5709191 ]","[ 0.00000000e+00  0.00000000e+00 -4.38092496e-01 -2.10676037e-02
  5.29097849e-06 -5.29103081e-06 -1.06059783e-05  0.00000000e+00]","[ 0.          0.22651114 10.62937737  0.79944766 -2.57626462 -0.11587603
 -0.26610148  0.05134307]"
1747093056.7859387,"[ 0.         -0.2275522   0.71343429  2.93701634 -2.21656975 -0.00407517
  0.96010366  1.5709191 ]","[ 0.00000000e+00  0.00000000e+00 -4.34856922e-01 -2.10645514e-02
  5.29097849e-06 -5.29097849e-06 -1.05979587e-05  0.00000000e+00]","[ 0.          0.14280476 10.5219059   0.76623982 -2.55193758 -0.10613379
 -0.24777623  0.05193787]"
1747093056.7876134,"[ 0.         -0.2275522   0.71300585  2.93699557 -2.21656975 -0.00407517
  0.96010366  1.5709191 ]","[ 0.00000000e+00  0.00000000e+00 -4.34586844e-01 -2.10462568e-02
  5.29097849e-06 -5.29897933e-06 -1.05979587e-05  0.00000000e+00]","[ 0.          0.0927688  10.36518288  0.7311722  -2.52256989 -0.10719323
 -0.23496991  0.04630617]"
1747093056.7901316,"[ 0.         -0.2275522   0.71211643  2.93695109 -2.21656922 -0.00407517
  0.96010366  1.5709191 ]","[ 0.00000000e+00  0.00000000e+00 -4.34046655e-01 -2.32283823e-02
  1.05820616e-05 -5.29897933e-06 -1.05978530e-05  0.00000000e+00]","[ 0.          0.07171706 10.22500801  0.71909505 -2.46576548 -0.10882793
 -0.22558257  0.05634296]"
1747093056.7917936,"[ 0.         -0.2275522   0.71080176  2.93687679 -2.21656922 -0.00407517
  0.96010366  1.5709191 ]","[ 0.00000000e+00  0.00000000e+00 -4.31918123e-01 -2.50936146e-02
  1.05819570e-05 -5.29897933e-06 -1.06059783e-05  0.00000000e+00]","[ 0.          0.0158111  10.06019402  0.69370061 -2.32452559 -0.09809913
 -0.18514864  0.06271624]"
1747093056.7941785,"[ 0.         -0.2275522   0.70994402  2.9368222  -2.21656922 -0.00407517
  0.96010366  1.5709191 ]","[ 0.00000000e+00  0.00000000e+00 -4.35397144e-01 -2.70575169e-02
  1.05819570e-05 -5.30298914e-06 -1.05978530e-05  0.00000000e+00]","[ 0.         -0.06790771  9.86667728  0.67911947 -2.27981901 -0.09743103
 -0.16391341  0.05379757]"
1747093056.7959096,"[ 0.         -0.2275522   0.70904767  2.93676281 -2.21656922 -0.00407517
  0.96010366  1.5709191 ]","[ 0.00000000e+00  0.00000000e+00 -4.37429835e-01 -3.13313079e-02
  5.29497611e-06 -5.29897933e-06 -1.06059783e-05  0.00000000e+00]","[ 0.         -0.11991112  9.62459946  0.67137259 -2.21618462 -0.08291873
 -0.140084    0.05959214]"
1747093056.797697,"[ 0.         -0.2275522   0.7086151   2.93672659 -2.21656922 -0.00407517
  0.96010366  1.5709191 ]","[ 0.00000000e+00  0.00000000e+00 -4.38638311e-01 -3.41045096e-02
  5.29097849e-06 -5.29892650e-06 -1.05819570e-05  0.00000000e+00]","[ 0.         -0.14307645  9.51096535  0.65745282 -2.2002449  -0.09706564
 -0.14846614  0.0637472 ]"
1747093056.7993724,"[ 0.         -0.2275522   0.70775044  2.93664936 -2.21656922 -0.00407517
  0.96010366  1.5709191 ]","[ 0.00000000e+00  0.00000000e+00 -4.38098122e-01 -4.10548170e-02
  1.05899522e-05 -5.29897933e-06 -1.05979587e-05  0.00000000e+00]","[ 0.         -0.16298071  9.32541084  0.67460912 -2.2047348  -0.11862653
 -0.16091467  0.05216345]"
1747093056.8005314,"[ 0.         -0.2275522   0.70684583  2.93655615 -2.21656922 -0.00407517
  0.96010366  1.5709191 ]","[ 0.00000000e+00  0.00000000e+00 -4.41879478e-01 -4.88876440e-02
  1.58730919e-05 -5.29897933e-06 -1.05820616e-05  0.00000000e+00]","[ 0.         -0.15907435  9.14349365  0.70395374 -2.19450808 -0.12205202
 -0.12230016  0.04038653]"
1747093056.8023362,"[ 0.         -0.2275522   0.70640821  2.93650102 -2.21656922 -0.00407517
  0.96010366  1.5709191 ]","[ 0.00000000e+00  0.00000000e+00 -4.43770156e-01 -5.19090710e-02
  1.58729355e-05 -5.30298914e-06 -1.05820616e-05  0.00000000e+00]","[ 0.         -0.12890072  9.08944798  0.74544942 -2.19039583 -0.10923095
 -0.11385511  0.04934371]"
1747093056.803453,"[ 0.         -0.2275522   0.705499    2.93639263 -2.21656922 -0.00407517
  0.96010366  1.5709191 ]","[ 0.00000000e+00  0.00000000e+00 -4.43192083e-01 -5.59101792e-02
  1.58849283e-05 -5.29897933e-06 -1.05900569e-05  0.00000000e+00]","[ 0.         -0.10601912  8.99816895  0.78459883 -2.21567941 -0.11190892
 -0.13949597  0.04293659]"
1747093056.8052297,"[ 0.         -0.2275522   0.70505912  2.93633537 -2.21656922 -0.00407517
  0.96010366  1.5709191 ]","[ 0.00000000e+00  0.00000000e+00 -4.46201023e-01 -5.80709558e-02
  1.58729355e-05 -5.29897933e-06 -1.05819570e-05  0.00000000e+00]","[ 0.         -0.05922567  9.00066376  0.78465188 -2.23711991 -0.11426388
 -0.15048485  0.03950115]"
1747093056.806953,"[ 0.         -0.2275522   0.70417475  2.93620781 -2.21656922 -0.00407517
  0.96010366  1.5709191 ]","[ 0.00000000e+00  0.00000000e+00 -4.48902001e-01 -6.39459557e-02
  1.58849283e-05 -5.30298914e-06 -1.05819570e-05  0.00000000e+00]","[ 0.00000000e+00  8.80823471e-03  9.01924133e+00  8.54742348e-01
 -2.27680135e+00 -1.33394763e-01 -1.50779352e-01  3.19353342e-02]"
1747093056.8087096,"[ 0.         -0.2275522   0.70369811  2.93614123 -2.21656922 -0.00407517
  0.96010366  1.5709191 ]","[ 0.00000000e+00  0.00000000e+00 -4.48875535e-01 -6.75243704e-02
  1.58849283e-05 -5.29897933e-06 -1.05900569e-05  0.00000000e+00]","[ 0.          0.034707    8.99625874  0.89530194 -2.32227302 -0.13057087
 -0.15167889  0.03925023]"
1747093056.8098707,"[ 0.         -0.2275522   0.70281414  2.93600754 -2.21656975 -0.00407517
  0.96010366  1.5709191 ]","[ 0.00000000e+00  0.00000000e+00 -4.47637698e-01 -6.80645635e-02
  5.29097849e-06 -5.30298914e-06 -1.05819570e-05  0.00000000e+00]","[ 0.          0.12329383  9.02164459  0.94171727 -2.40316296 -0.15604889
 -0.16373113  0.04348136]"
1747093056.8140106,"[ 0.         -0.2275522   0.70237105  2.93593297 -2.21656975 -0.00407517
  0.96010366  1.5709191 ]","[ 0.00000000e+00  0.00000000e+00 -4.49442190e-01 -7.01491195e-02
  5.29097849e-06 -5.30298914e-06 -1.05819570e-05  0.00000000e+00]","[ 0.          0.15952767  9.09254456  0.98371226 -2.43883204 -0.17531522
 -0.16357823  0.0417424 ]"
1747093056.8158913,"[ 0.         -0.22755167  0.70011689  2.93557823 -2.21656975 -0.00407623
  0.96010366  1.5709191 ]","[ 0.00000000e+00  8.01493043e-06 -4.49796290e-01 -6.94150525e-02
  0.00000000e+00 -1.59091264e-05 -1.05820616e-05  0.00000000e+00]","[ 0.          0.29168227  9.37265587  1.1071775  -2.62474465 -0.16548984
 -0.20163082  0.04504282]"
1747093056.8170123,"[ 0.         -0.22755114  0.69963838  2.93551006 -2.21656975 -0.00407623
  0.96010366  1.5709191 ]","[ 0.00000000e+00  1.60301026e-05 -4.51055666e-01 -6.91449538e-02
  0.00000000e+00 -1.58969375e-05 -1.05819570e-05  0.00000000e+00]","[ 0.          0.31549314  9.44130611  1.12536705 -2.64510608 -0.16574989
 -0.20304134  0.04390707]"
1747093056.8194022,"[ 0.         -0.22755114  0.69919483  2.93544188 -2.21656975 -0.00407623
  0.96010366  1.5709191 ]","[ 0.00000000e+00  1.57957361e-05 -4.49526479e-01 -6.90748961e-02
  0.00000000e+00 -1.59089679e-05 -1.05819570e-05  0.00000000e+00]","[ 0.          0.35355237  9.44852352  1.12768936 -2.65531778 -0.16851857
 -0.2148035   0.03752889]"
1747093056.821082,"[ 0.         -0.22755114  0.69783516  2.93524481 -2.21657028 -0.00407623
  0.96010366  1.5709191 ]","[ 0.00000000e+00  1.55678967e-05 -4.47120179e-01 -6.23925172e-02
 -5.29497611e-06 -1.58967790e-05 -1.05739739e-05  0.00000000e+00]","[ 0.          0.45617792  9.70155811  1.17983103 -2.68553495 -0.15834883
 -0.23330145  0.04131301]"
1747093056.8232484,"[ 0.         -0.22755114  0.69695578  2.93512204 -2.21656975 -0.00407623
  0.96010366  1.5709191 ]","[ 0.00000000e+00  1.53299724e-05 -4.45660834e-01 -5.91513461e-02
  0.00000000e+00 -1.59089679e-05 -1.05819570e-05  0.00000000e+00]","[ 0.          0.51977491  9.86724758  1.16507888 -2.63924718 -0.1624821
 -0.24438255  0.05227622]"
1747093056.8243654,"[ 0.         -0.22755114  0.69648287  2.93506611 -2.21656975 -0.00407623
  0.96010366  1.5709191 ]","[ 0.00000000e+00  1.53299724e-05 -4.45364790e-01 -5.66630008e-02
 -5.29497611e-06 -1.58969375e-05 -1.05819570e-05  0.00000000e+00]","[ 0.          0.55178171  9.88819218  1.18798745 -2.60565734 -0.17142746
 -0.25214636  0.03595884]"
1747093056.8260944,"[ 0.         -0.22755114  0.69560949  2.93496278 -2.21656975 -0.00407623
  0.96010366  1.5709191 ]","[ 0.00000000e+00  1.51154944e-05 -4.41879478e-01 -5.02381288e-02
 -5.29502843e-06 -1.59089679e-05 -1.05819570e-05  0.00000000e+00]","[ 0.          0.59736651 10.01931286  1.17899847 -2.52163291 -0.16804057
 -0.2358347   0.02940427]"
1747093056.8278205,"[ 0.         -0.22755114  0.69517553  2.93491511 -2.21656975 -0.00407623
  0.96010366  1.5709191 ]","[ 0.00000000e+00  1.48910970e-05 -4.40258878e-01 -4.48875552e-02
 -5.29097849e-06 -1.59089679e-05 -1.05820616e-05  0.00000000e+00]","[ 0.          0.5973385  10.15875721  1.1650002  -2.49920702 -0.16824591
 -0.22438297  0.03221514]"
1747093056.831005,"[ 0.         -0.22755114  0.69428104  2.93483841 -2.21656975 -0.00407623
  0.96010366  1.5709191 ]","[ 0.00000000e+00  1.47040517e-05 -4.35937333e-01 -3.61930625e-02
 -5.29497611e-06 -1.58970960e-05 -1.05740785e-05  0.00000000e+00]","[ 0.          0.62406701 10.24607563  1.12534523 -2.42459249 -0.17637658
 -0.22206841  0.03949153]"
1747093056.831157,"[ 0.         -0.2275506   0.69342416  2.93477316 -2.21656922 -0.00407623
  0.96010366  1.5709191 ]","[ 0.00000000e+00  2.17599271e-05 -4.34586844e-01 -3.05937517e-02
  0.00000000e+00 -1.59089679e-05 -1.05819570e-05  0.00000000e+00]","[ 0.          0.56244606 10.17358589  1.0688796  -2.34560513 -0.16230743
 -0.22217667  0.05015281]"
1747093056.832854,"[ 0.         -0.2275506   0.6925338   2.93472176 -2.21656922 -0.00407623
  0.96010366  1.5709191 ]","[ 0.00000000e+00  2.14497153e-05 -4.34832521e-01 -2.45788713e-02
  0.00000000e+00 -1.58969375e-05 -1.05739739e-05  0.00000000e+00]","[ 0.          0.55337071 10.14192963  1.00035548 -2.2491219  -0.15284194
 -0.19660942  0.04732216]"
1747093056.8339689,"[ 0.         -0.2275506   0.69210404  2.93470072 -2.21656922 -0.00407623
  0.96010366  1.5709191 ]","[ 0.00000000e+00  2.11692414e-05 -4.35495648e-01 -2.13377002e-02
  0.00000000e+00 -1.59091264e-05 -1.05740785e-05  0.00000000e+00]","[ 0.          0.50776345 10.12059021  0.96094066 -2.17946196 -0.14013316
 -0.18183704  0.04951909]"
1747093056.8357902,"[ 0.         -0.2275506   0.69123844  2.93466663 -2.21656922 -0.00407623
  0.96010366  1.5709191 ]","[ 0.00000000e+00  2.08755322e-05 -4.39988800e-01 -1.48403102e-02
  0.00000000e+00 -1.59089679e-05 -1.05819570e-05  0.00000000e+00]","[ 0.          0.47836748 10.12827587  0.88369477 -2.12198019 -0.12495086
 -0.17233399  0.0506702 ]"
1747093056.8375556,"[ 0.         -0.2275506   0.69080401  2.93465518 -2.21656922 -0.00407623
  0.96010366  1.5709191 ]","[ 0.00000000e+00  2.08755322e-05 -4.40528989e-01 -1.16259829e-02
  5.29492328e-06 -1.58969375e-05 -1.05739739e-05  0.00000000e+00]","[ 0.          0.44777781 10.14288521  0.85003841 -2.09530091 -0.11024665
 -0.16639782  0.06421792]"
1747093056.8393054,"[ 0.         -0.22755114  0.6899036   2.9346408  -2.21656922 -0.00407623
  0.96010366  1.5709191 ]","[ 0.00000000e+00  1.37535105e-05 -4.38193863e-01 -5.76767455e-03
  5.29497611e-06 -1.59089679e-05 -1.05819570e-05  0.00000000e+00]","[ 0.          0.41441351 10.22956085  0.76184523 -2.08317256 -0.10911548
 -0.15947123  0.04416071]"
1747093056.8410072,"[ 0.         -0.22755114  0.68903388  2.93463814 -2.21656922 -0.00407623
  0.96010366  1.5709191 ]","[ 0.00000000e+00  1.37400293e-05 -4.41879478e-01 -5.40194952e-04
  0.00000000e+00 -1.58969375e-05 -1.05739739e-05  0.00000000e+00]","[ 0.          0.30858701 10.30969238  0.70302194 -2.15020204 -0.0922104
 -0.17224841  0.03527187]"
1747093056.8422546,"[ 0.         -0.22755114  0.68856316  2.93463947 -2.21656922 -0.00407623
  0.96010366  1.5709191 ]","[ 0.00000000e+00  1.35674822e-05 -4.43358631e-01  1.35048743e-03
  5.29497611e-06 -1.59089679e-05 -1.05739739e-05  0.00000000e+00]","[ 0.          0.27101752 10.33720779  0.68973541 -2.21532345 -0.09379716
 -0.17809616  0.04555705]"
1747093056.843414,"[ 0.         -0.22755114  0.68768938  2.9346424  -2.21656975 -0.00407623
  0.96010366  1.5709191 ]","[ 0.00000000e+00  1.33864187e-05 -4.43500045e-01  1.40397288e-03
  0.00000000e+00 -1.59089679e-05 -1.05819570e-05  0.00000000e+00]","[ 0.          0.19167405 10.33296967  0.63518786 -2.35349703 -0.09433503
 -0.18580483  0.0487055 ]"
1747093056.8451931,"[ 0.         -0.22755114  0.68725315  2.93464267 -2.21657028 -0.00407623
  0.96010366  1.5709191 ]","[ 0.00000000e+00  6.69312553e-06 -4.41971390e-01  1.05297970e-03
 -5.29497611e-06 -1.59089679e-05 -1.05819570e-05  0.00000000e+00]","[ 0.          0.14982782 10.34035873  0.59071821 -2.43197799 -0.08210868
 -0.22709547  0.06530385]"
1747093056.8470101,"[ 0.         -0.22755114  0.68634115  2.9346408  -2.21657081 -0.00407623
  0.96010366  1.5709191 ]","[ 0.00000000e+00  1.32349071e-05 -4.45748951e-01 -5.40194919e-04
 -1.05819570e-05 -1.59088095e-05 -1.05820616e-05  0.00000000e+00]","[ 0.          0.11711244 10.30014038  0.55395174 -2.59426665 -0.08513349
 -0.26011655  0.05354718]"
1747093056.8481965,"[ 0.         -0.22755114  0.68590173  2.93464    -2.21657081 -0.00407623
  0.96010273  1.5709191 ]","[ 0.00000000e+00  1.32224225e-05 -4.45660834e-01 -5.96081836e-04
 -1.05899522e-05 -1.59089679e-05 -1.85184257e-05  0.00000000e+00]","[ 0.          0.05700631 10.34378719  0.57151705 -2.66754198 -0.08420727
 -0.26666841  0.04831233]"
1747093056.8504157,"[ 0.         -0.22755114  0.68499113  2.93464    -2.21657081 -0.00407623
  0.96010273  1.5709191 ]","[ 0.00000000e+00  1.30623945e-05 -4.44110940e-01 -5.31887593e-04
 -1.05819570e-05 -1.58969375e-05 -1.85184257e-05  0.00000000e+00]","[ 0.00000000e+00  8.25794786e-03  1.05076704e+01  5.62269628e-01
 -2.78296566e+00 -7.81803429e-02 -2.73282826e-01  5.62517531e-02]"
1747093056.8522828,"[ 0.         -0.22755114  0.68411688  2.93464    -2.21657081 -0.00407623
  0.96010273  1.5709191 ]","[ 0.00000000e+00  1.28947908e-05 -4.43320514e-01 -3.07169689e-04
 -1.05899522e-05 -1.59089679e-05 -1.85184257e-05  0.00000000e+00]","[ 0.         -0.04475651 10.52800846  0.54530799 -2.8554728  -0.08622523
 -0.30005172  0.06303501]"
1747093056.8533556,"[ 0.         -0.22755114  0.68367833  2.93464    -2.21657081 -0.00407623
  0.96010273  1.5709191 ]","[ 0.00000000e+00  1.29065074e-05 -4.44850534e-01 -1.31644146e-04
 -1.05899522e-05 -1.59089679e-05 -1.85186086e-05  0.00000000e+00]","[ 0.         -0.06467054 10.49593639  0.53754395 -2.87240338 -0.09599944
 -0.31441262  0.07091143]"
1747093056.8558655,"[ 0.         -0.22755167  0.68232737  2.93464    -2.21657081 -0.00407623
  0.96010273  1.5709191 ]","[ 0.00000000e+00  0.00000000e+00 -4.44850534e-01  0.00000000e+00
 -1.58849283e-05 -1.59089679e-05 -1.85184257e-05  0.00000000e+00]","[ 0.         -0.14747058 10.48169613  0.58241045 -2.87161613 -0.09150455
 -0.28813037  0.03193657]"
1747093056.8575873,"[ 0.         -0.22755167  0.68188748  2.93464    -2.21657081 -0.00407623
  0.96010273  1.5709191 ]","[ 0.00000000e+00  0.00000000e+00 -4.46201023e-01  0.00000000e+00
 -1.58850858e-05 -1.59089679e-05 -1.85184257e-05  0.00000000e+00]","[ 0.         -0.18330893 10.40001869  0.58323509 -2.85854793 -0.09740052
 -0.2811932   0.04069452]"
1747093056.8593283,"[ 0.         -0.22755167  0.68097369  2.93464    -2.21657081 -0.00407623
  0.96010273  1.5709191 ]","[ 0.00000000e+00  0.00000000e+00 -4.46618640e-01  0.00000000e+00
 -1.85184257e-05 -1.59088095e-05 -1.85186086e-05  0.00000000e+00]","[ 0.         -0.24187364 10.36955738  0.58635771 -2.82530284 -0.07619788
 -0.29359251  0.05360141]"
1747093056.8605278,"[ 0.         -0.22755167  0.68053333  2.93464    -2.21657081 -0.00407623
  0.96010273  1.5709191 ]","[ 0.00000000e+00  0.00000000e+00 -4.46288574e-01  0.00000000e+00
 -1.85184257e-05 -1.59088095e-05 -1.85186086e-05  0.00000000e+00]","[ 0.         -0.28424773 10.47171402  0.61371058 -2.79189682 -0.0682572
 -0.28032753  0.06027184]"
1747093056.8622303,"[ 0.         -0.22755167  0.67965216  2.93464    -2.21657081 -0.00407623
  0.96010273  1.5709191 ]","[ 0.00000000e+00  0.00000000e+00 -4.46741212e-01  0.00000000e+00
 -1.85186086e-05 -1.59210137e-05 -1.85324169e-05  0.00000000e+00]","[ 0.         -0.30655432 10.40083313  0.65787894 -2.72154832 -0.0708836
 -0.27162415  0.06648108]"
1747093056.8634803,"[ 0.         -0.22755167  0.67917778  2.93464    -2.21657081 -0.00407623
  0.96010273  1.5709191 ]","[ 0.00000000e+00  0.00000000e+00 -4.46618640e-01  0.00000000e+00
 -1.85186086e-05 -1.59089679e-05 -1.85184257e-05  0.00000000e+00]","[ 0.         -0.3471804  10.25804996  0.65860677 -2.68261862 -0.09117366
 -0.26741233  0.0652132 ]"
1747093056.8651161,"[ 0.         -0.22755167  0.67829022  2.93464    -2.21657028 -0.00407623
  0.96010273  1.5709191 ]","[ 0.00000000e+00  0.00000000e+00 -4.51250343e-01  0.00000000e+00
 -1.32374398e-05 -1.59089679e-05 -1.85184257e-05  0.00000000e+00]","[ 0.         -0.33948591 10.17735577  0.66301543 -2.59074521 -0.14180967
 -0.22552384  0.0690432 ]"
1747093056.8668196,"[ 0.         -0.22755167  0.6778448   2.93464    -2.21657028 -0.00407623
  0.96010273  1.5709191 ]","[ 0.00000000e+00  0.00000000e+00 -4.51145414e-01  0.00000000e+00
 -1.32474486e-05 -1.59089679e-05 -1.85182388e-05  0.00000000e+00]","[ 0.         -0.36252987 10.12764645  0.67901874 -2.53705835 -0.14746228
 -0.21084605  0.04318671]"
1747093056.867921,"[ 0.         -0.22755167  0.67691676  2.93464    -2.21656975 -0.00407623
  0.96010273  1.5709191 ]","[ 0.00000000e+00  0.00000000e+00 -4.52683356e-01  0.00000000e+00
 -7.95448397e-06 -1.58849283e-05 -1.85184257e-05  0.00000000e+00]","[ 0.         -0.35474813  9.98313427  0.71132725 -2.42000604 -0.12359964
 -0.21336997  0.05663368]"
1747093056.8695714,"[ 0.         -0.22755167  0.67646995  2.93464    -2.21656975 -0.00407623
  0.96010273  1.5709191 ]","[ 0.00000000e+00  0.00000000e+00 -4.53223579e-01  0.00000000e+00
 -7.95448397e-06 -1.59089679e-05 -1.85184257e-05  0.00000000e+00]","[ 0.         -0.34527722  9.90674973  0.71025372 -2.36529827 -0.1309789
 -0.22604032  0.06004208]"
1747093056.8712113,"[ 0.         -0.22755167  0.67553551  2.93464    -2.21656975 -0.00407623
  0.96010273  1.5709191 ]","[ 0.00000000e+00  0.00000000e+00 -4.57401679e-01  0.00000000e+00
 -7.94846874e-06 -1.58849283e-05 -1.85186086e-05  0.00000000e+00]","[ 0.         -0.32086375  9.8270607   0.68793589 -2.2915616  -0.13995413
 -0.20493068  0.06014539]"
1747093056.8729231,"[ 0.         -0.22755167  0.67463044  2.93464    -2.21656975 -0.00407623
  0.96010273  1.5709191 ]","[ 0.00000000e+00  0.00000000e+00 -4.59240126e-01  0.00000000e+00
 -7.95448397e-06 -1.06059783e-05 -1.85184257e-05  0.00000000e+00]","[ 0.         -0.32054916  9.7430563   0.68361336 -2.24117041 -0.13451231
 -0.17747761  0.05056377]"
1747093056.874612,"[ 0.         -0.22755167  0.67414235  2.93464    -2.21656975 -0.00407623
  0.96010273  1.5709191 ]","[ 0.00000000e+00  5.29097849e-06 -4.59658575e-01  0.00000000e+00
 -5.30298914e-06 -1.06140091e-05 -1.85184257e-05  0.00000000e+00]","[ 0.         -0.31853637  9.6860857   0.67671371 -2.21625233 -0.12666719
 -0.17654842  0.05439343]"
1747093056.8763175,"[ 0.         -0.2275522   0.67322855  2.93464    -2.21656975 -0.00407623
  0.96010273  1.5709191 ]","[ 0.00000000e+00  0.00000000e+00 -4.64297568e-01  0.00000000e+00
 -5.29897933e-06 -1.05899522e-05 -1.85184257e-05  0.00000000e+00]","[ 0.         -0.25617403  9.57952404  0.70590425 -2.24612761 -0.11901899
 -0.1931936   0.06067413]"
1747093056.8773954,"[ 0.         -0.22755167  0.67276935  2.93464    -2.21657028 -0.00407623
  0.96010273  1.5709191 ]","[ 0.00000000e+00  0.00000000e+00 -4.65648057e-01  0.00000000e+00
 -1.06059783e-05 -1.05899522e-05 -1.05820616e-05  0.00000000e+00]","[ 0.         -0.26000112  9.56609535  0.69776869 -2.28299928 -0.1141376
 -0.20071882  0.06160397]"
1747093056.8796744,"[ 0.         -0.22755167  0.67181607  2.93464    -2.21657028 -0.00407623
  0.96010273  1.5709191 ]","[ 0.00000000e+00  5.29497611e-06 -4.65176245e-01  0.00000000e+00
 -5.30298914e-06 -1.05899522e-05 -1.05819570e-05  0.00000000e+00]","[ 0.         -0.22306736  9.55763054  0.67299753 -2.34170818 -0.10922907
 -0.19694173  0.05138231]"
1747093056.8820422,"[ 0.         -0.22755167  0.67089495  2.93464    -2.21657028 -0.00407623
  0.96010273  1.5709191 ]","[ 0.00000000e+00  5.29103081e-06 -4.68078924e-01  0.00000000e+00
 -5.30298914e-06 -1.05899522e-05 -1.05819570e-05  0.00000000e+00]","[ 0.         -0.16858366  9.59746838  0.62271339 -2.41231298 -0.09430056
 -0.21382758  0.06652455]"
1747093056.8835337,"[ 0.         -0.22755167  0.66993342  2.93464    -2.21657028 -0.00407623
  0.96010173  1.5709191 ]","[ 0.00000000e+00  5.29497611e-06 -4.69940108e-01  0.00000000e+00
 -5.30298914e-06 -1.05899522e-05 -1.85184257e-05  0.00000000e+00]","[ 0.         -0.11009346  9.62583447  0.57619548 -2.52409697 -0.1015935
 -0.23766203  0.07147933]"
1747093056.885095,"[ 0.         -0.22755167  0.66900724  2.93464    -2.21657028 -0.00407623
  0.96010173  1.5709191 ]","[ 0.00000000e+00  5.29097849e-06 -4.69429413e-01  0.00000000e+00
 -5.30298914e-06 -1.05899522e-05 -1.85186086e-05  0.00000000e+00]","[ 0.         -0.07475202  9.68452549  0.56253815 -2.63724256 -0.09033388
 -0.25418863  0.07979692]"
1747093056.8873198,"[ 0.         -0.22755167  0.66807873  2.93464    -2.21657081 -0.00407623
  0.96010173  1.5709191 ]","[ 0.00000000e+00  5.29502843e-06 -4.70779902e-01  0.00000000e+00
 -1.05979587e-05 -1.05899522e-05 -1.85184257e-05  0.00000000e+00]","[ 0.00000000e+00 -4.66657849e-03  9.75039005e+00  5.50833285e-01
 -2.68388486e+00 -8.85691941e-02 -2.52750397e-01  9.29203033e-02]"
1747093056.8884976,"[ 0.         -0.22755167  0.66757825  2.93464    -2.21657081 -0.00407623
  0.96010173  1.5709191 ]","[ 0.00000000e+00  5.29497611e-06 -4.71193924e-01  0.00000000e+00
 -1.58969375e-05 -1.05899522e-05 -1.85184257e-05  0.00000000e+00]","[ 0.          0.04108376  9.74809361  0.52613616 -2.71538758 -0.08931137
 -0.26332736  0.08584501]"
1747093056.8902016,"[ 0.         -0.22755167  0.66665067  2.93464    -2.21657081 -0.00407623
  0.96010173  1.5709191 ]","[ 0.00000000e+00  5.29097849e-06 -4.70302897e-01  0.00000000e+00
 -1.59089679e-05 -1.05899522e-05 -1.85186086e-05  0.00000000e+00]","[ 0.          0.03796091  9.79182434  0.50888419 -2.76123095 -0.08864547
 -0.26497674  0.06807961]"
1747093056.8918805,"[ 0.         -0.22755167  0.66568681  2.93464    -2.21657081 -0.00407623
  0.96010173  1.5709191 ]","[ 0.00000000e+00  5.29497611e-06 -4.71001211e-01  0.00000000e+00
 -1.59089679e-05 -1.05899522e-05 -1.85184257e-05  0.00000000e+00]","[ 0.          0.0614224   9.84109211  0.51989281 -2.77285266 -0.09865423
 -0.26012284  0.06172398]"
1747093056.8935997,"[ 0.         -0.22755114  0.6647565   2.93464    -2.21657081 -0.00407623
  0.96010173  1.5709191 ]","[ 0.00000000e+00  1.05820616e-05 -4.71860280e-01  0.00000000e+00
 -1.59089679e-05 -1.05899522e-05 -1.85184257e-05  0.00000000e+00]","[ 0.          0.1033961   9.87982655  0.49550584 -2.76880884 -0.08648834
 -0.2455416   0.06454142]"
1747093056.895278,"[ 0.         -0.22755114  0.66429178  2.93464    -2.21657081 -0.00407623
  0.96010173  1.5709191 ]","[ 0.00000000e+00  1.05820616e-05 -4.71320091e-01  0.00000000e+00
 -1.59088095e-05 -1.05899522e-05 -1.85186086e-05  0.00000000e+00]","[ 0.          0.12206174 10.03873539  0.50144285 -2.7494235  -0.07542244
 -0.24267559  0.07389206]"
1747093056.8969808,"[ 0.         -0.22755114  0.66332798  2.93464    -2.21657028 -0.00407623
  0.96010173  1.5709191 ]","[ 0.00000000e+00  1.05819570e-05 -4.69969602e-01  0.00000000e+00
 -1.06059783e-05 -1.05899522e-05 -1.85186086e-05  0.00000000e+00]","[ 0.          0.15720314 10.09405613  0.54310292 -2.65664721 -0.07058802
 -0.27273184  0.07921344]"
1747093056.8992884,"[ 0.         -0.22755114  0.6624004   2.93464    -2.21657028 -0.0040773
  0.96010173  1.5709191 ]","[ 0.00000000e+00  1.05819570e-05 -4.70509791e-01  0.00000000e+00
 -1.06059783e-05 -2.11641232e-05 -1.85184257e-05  0.00000000e+00]","[ 0.          0.16667585 10.12615013  0.55152524 -2.57533979 -0.08248224
 -0.27232197  0.07221729]"
1747093056.900952,"[ 0.         -0.22755114  0.661437    2.93464    -2.21657028 -0.0040773
  0.96010173  1.5709191 ]","[ 0.00000000e+00  1.06059783e-05 -4.69940108e-01  0.00000000e+00
 -1.06059783e-05 -2.11799045e-05 -1.85184257e-05  0.00000000e+00]","[ 0.          0.19267985 10.07371998  0.59440613 -2.47328925 -0.08584262
 -0.22052716  0.07694262]"
1747093056.9020576,"[ 0.         -0.22755114  0.66097368  2.93464    -2.21657028 -0.0040773
  0.96010173  1.5709191 ]","[ 0.00000000e+00  1.05979587e-05 -4.69493429e-01  0.00000000e+00
 -1.06060839e-05 -2.11799045e-05 -1.85464284e-05  0.00000000e+00]","[ 0.          0.18531154 10.00706959  0.65685129 -2.43062806 -0.10406496
 -0.2148352   0.07379816]"
1747093056.903808,"[ 0.         -0.22755114  0.66000802  2.93464    -2.21656975 -0.0040773
  0.96010173  1.5709191 ]","[ 0.00000000e+00  1.06059783e-05 -4.72447773e-01  0.00000000e+00
 -5.29897933e-06 -2.11637026e-05 -1.85462435e-05  0.00000000e+00]","[ 0.          0.20049453  9.98967266  0.71643078 -2.3794179  -0.10271039
 -0.21440941  0.06799728]"
1747093056.9054978,"[ 0.         -0.22755114  0.65954243  2.93464    -2.21656975 -0.0040773
  0.96010173  1.5709191 ]","[ 0.00000000e+00  1.06059783e-05 -4.72130391e-01  0.00000000e+00
 -5.30298914e-06 -2.11799045e-05 -1.85462435e-05  0.00000000e+00]","[ 0.          0.21007389 10.0004282   0.74792361 -2.344239   -0.11036145
 -0.23442647  0.0594416 ]"
1747093056.9072757,"[ 0.         -0.2275506   0.65861345  2.93464    -2.21656975 -0.0040773
  0.96010173  1.5709191 ]","[ 0.00000000e+00  1.59089679e-05 -4.69969602e-01  0.00000000e+00
 -5.30304197e-06 -2.11799045e-05 -1.85464284e-05  0.00000000e+00]","[ 0.          0.21286105 10.04958153  0.80434382 -2.28113365 -0.1268874
 -0.22158895  0.06718367]"
1747093056.9089944,"[ 0.         -0.2275506   0.65765099  2.93464    -2.21657028 -0.0040773
  0.96010173  1.5709191 ]","[ 0.00000000e+00  1.59089679e-05 -4.70441614e-01  0.00000000e+00
 -5.30298914e-06 -2.11799045e-05 -1.85464284e-05  0.00000000e+00]","[ 0.          0.20746204 10.10289574  0.87155235 -2.29834032 -0.12357277
 -0.2314932   0.07179617]"
1747093056.9101276,"[ 0.         -0.2275506   0.65718766  2.93464    -2.21657028 -0.0040773
  0.96010173  1.5709191 ]","[ 0.00000000e+00  1.58969375e-05 -4.69969602e-01  0.00000000e+00
 -5.30298914e-06 -2.11799045e-05 -1.85466133e-05  0.00000000e+00]","[ 0.          0.21532008 10.13553715  0.91206497 -2.34101486 -0.13844843
 -0.229084    0.06436212]"
1747093056.911864,"[ 0.         -0.2275506   0.65626381  2.93464    -2.21657028 -0.0040773
  0.96010173  1.5709191 ]","[ 0.00000000e+00  1.59089679e-05 -4.68078924e-01  0.00000000e+00
 -5.29897933e-06 -2.11639139e-05 -1.85464284e-05  0.00000000e+00]","[ 0.          0.24662921 10.18663692  0.97221208 -2.43142414 -0.15684615
 -0.23440708  0.06750459]"
1747093056.9135137,"[ 0.         -0.22755007  0.65580368  2.93464054 -2.21657028 -0.0040773
  0.9601008   1.5709191 ]","[ 0.00000000e+00  2.11961286e-05 -4.66728435e-01  8.16419734e-06
 -5.29897933e-06 -2.11799045e-05 -2.91443860e-05  0.00000000e+00]","[ 0.          0.2572428  10.16061115  0.98084962 -2.47942853 -0.16346239
 -0.25446615  0.08896925]"
1747093056.915216,"[ 0.         -0.22755007  0.65484581  2.93464054 -2.21657081 -0.0040773
  0.9601008   1.5709191 ]","[ 0.00000000e+00  1.59089679e-05 -4.67538735e-01  8.04252370e-06
 -1.06059783e-05 -1.05899522e-05 -2.91443860e-05  0.00000000e+00]","[ 0.          0.28005275 10.14244366  1.0421133  -2.59741259 -0.19623283
 -0.28370428  0.07899628]"
1747093056.916904,"[ 0.         -0.22755007  0.65392882  2.93464054 -2.21657081 -0.00407836
  0.9601008   1.5709191 ]","[ 0.00000000e+00  1.05979587e-05 -4.63757379e-01  8.03330478e-06
 -1.05979587e-05 -2.11639139e-05 -2.91667301e-05  0.00000000e+00]","[ 0.          0.29632786 10.15324211  1.06914878 -2.71854424 -0.19550657
 -0.27175131  0.06096359]"
1747093056.9180467,"[ 0.         -0.22755007  0.65347375  2.93464054 -2.21657081 -0.00407836
  0.9601008   1.5709191 ]","[ 0.00000000e+00  1.05979587e-05 -4.61596590e-01  8.04252370e-06
 -1.06059783e-05 -2.11799045e-05 -2.91443860e-05  0.00000000e+00]","[ 0.          0.32068828 10.23121166  1.08496547 -2.78309155 -0.20295155
 -0.27765471  0.05566028]"
1747093056.9200184,"[ 0.         -0.22755007  0.65253059  2.9346408  -2.21657081 -0.00407836
  0.9601008   1.5709191 ]","[ 0.00000000e+00  1.59089679e-05 -4.60713353e-01  1.17019163e-05
 -5.30298914e-06 -2.11799045e-05 -2.91443860e-05  0.00000000e+00]","[ 0.          0.34625342 10.29135323  1.11132085 -2.87258101 -0.19680309
 -0.31336918  0.05406721]"
1747093056.9220097,"[ 0.         -0.22754954  0.65162459  2.9346408  -2.21657108 -0.00407836
  0.9601008   1.5709191 ]","[ 0.00000000e+00  1.58969375e-05 -4.59165724e-01  1.15353275e-05
 -7.95448397e-06 -2.11801137e-05 -2.91440955e-05  0.00000000e+00]","[ 0.          0.33258069 10.24438095  1.11373019 -2.94816971 -0.20023699
 -0.34998173  0.05229612]"
1747093056.924454,"[ 0.         -0.22754954  0.65068735  2.9346408  -2.21657108 -0.00407836
  0.9601008   1.5709191 ]","[ 0.00000000e+00  1.59089679e-05 -4.56464746e-01  1.13609629e-05
 -1.32574726e-05 -2.11799045e-05 -2.91443860e-05  0.00000000e+00]","[ 0.          0.33509564 10.13548279  1.10129964 -2.95713186 -0.21692595
 -0.3105239   0.05707505]"
1747093056.9261622,"[ 0.         -0.22754954  0.64978827  2.9346408  -2.21657108 -0.00407836
  0.9601008   1.5709191 ]","[ 0.00000000e+00  1.58970960e-05 -4.55924523e-01  1.12040324e-05
 -1.32474486e-05 -2.11799045e-05 -2.91443860e-05  0.00000000e+00]","[ 0.          0.3414883  10.07047749  1.06328762 -2.96422863 -0.21191676
 -0.28705785  0.06551379]"
1747093056.927869,"[ 0.         -0.22754954  0.64923586  2.9346408  -2.21657108 -0.00407836
  0.9601008   1.5709191 ]","[ 0.00000000e+00  1.59091264e-05 -4.54974940e-01  1.12040324e-05
 -1.32574726e-05 -2.11799045e-05 -2.91443860e-05  0.00000000e+00]","[ 0.          0.37478492  9.94774628  1.06018591 -2.9543891  -0.21254319
 -0.28062236  0.06060347]"
1747093056.9296048,"[ 0.         -0.22754954  0.64834044  2.9346408  -2.21657081 -0.00407836
  0.96009987  1.5709191 ]","[ 0.00000000e+00  1.59089679e-05 -4.53573818e-01  1.10510721e-05
 -1.06059783e-05 -2.11961286e-05 -3.71209245e-05  0.00000000e+00]","[ 0.          0.38251767  9.9034462   1.02226043 -2.86876774 -0.19319472
 -0.30117202  0.05018125]"
1747093056.9313064,"[ 0.         -0.22754954  0.64741473  2.9346408  -2.21657081 -0.00407836
  0.96009987  1.5709191 ]","[ 0.00000000e+00  1.05979587e-05 -4.52143167e-01  1.09023817e-05
 -1.59089679e-05 -2.11799045e-05 -3.70928568e-05  0.00000000e+00]","[ 0.          0.33010375  9.85665417  0.98577845 -2.78970361 -0.16227144
 -0.29959193  0.06482679]"
1747093056.9329717,"[ 0.         -0.22754901  0.64651931  2.9346408  -2.21657081 -0.00407836
  0.96009987  1.5709191 ]","[ 0.00000000e+00  1.59088095e-05 -4.54574068e-01  1.08685660e-05
 -1.58969375e-05 -2.11799045e-05 -3.71209245e-05  0.00000000e+00]","[ 0.          0.33842823  9.64895535  0.9159773  -2.73028946 -0.17864862
 -0.25175518  0.06185975]"
1747093056.9352777,"[ 0.         -0.22754901  0.645589    2.9346408  -2.21657081 -0.00407836
  0.96009987  1.5709191 ]","[ 0.00000000e+00  1.58969375e-05 -4.54067701e-01  1.07358113e-05
 -1.59089679e-05 -2.11796931e-05 -3.70932266e-05  0.00000000e+00]","[ 0.          0.34512085  9.39440346  0.86524868 -2.69990706 -0.17246781
 -0.22720735  0.05686551]"
1747093056.9369721,"[ 0.         -0.22754901  0.64469497  2.9346408  -2.21657028 -0.00407836
  0.96009987  1.5709191 ]","[ 0.00000000e+00  1.59089679e-05 -4.54033845e-01  1.07248577e-05
 -1.06060839e-05 -2.11799045e-05 -3.71209245e-05  0.00000000e+00]","[ 0.          0.35634288  9.23635101  0.81795722 -2.57934093 -0.17199601
 -0.23242301  0.05475169]"
1747093056.9393048,"[ 0.         -0.22754901  0.6437628   2.9346408  -2.21657028 -0.00407836
  0.96009987  1.5709191 ]","[ 0.00000000e+00  2.11959173e-05 -4.55646290e-01  1.07356670e-05
 -1.06060839e-05 -2.11799045e-05 -3.70928568e-05  0.00000000e+00]","[ 0.          0.34818572  9.14393425  0.76887608 -2.49075603 -0.16247736
 -0.22658722  0.05181168]"
1747093056.94098,"[ 0.         -0.22754901  0.64286465  2.9346408  -2.21657028 -0.00407836
  0.96009987  1.5709191 ]","[ 0.00000000e+00  2.12119566e-05 -4.54922942e-01  1.05846207e-05
 -1.06059783e-05 -2.11801137e-05 -3.71212943e-05  0.00000000e+00]","[ 0.          0.34395528  9.02672195  0.75268745 -2.41599512 -0.15891013
 -0.19119683  0.06710721]"
1747093056.9433236,"[ 0.         -0.22754901  0.64192928  2.9346408  -2.21657028 -0.00407836
  0.96009987  1.5709191 ]","[ 0.00000000e+00  2.11959173e-05 -4.57401679e-01  1.04481396e-05
 -5.30298914e-06 -2.11961286e-05 -3.70928568e-05  0.00000000e+00]","[ 0.          0.35548776  8.97593975  0.72155076 -2.3773222  -0.14884414
 -0.18779491  0.07977983]"
1747093056.9465516,"[ 0.         -0.22754901  0.64102514  2.9346408  -2.21657028 -0.00407836
  0.96009987  1.5709191 ]","[ 0.00000000e+00  2.12119566e-05 -4.57815235e-01  1.03050225e-05
  0.00000000e+00 -2.11799045e-05 -3.70928568e-05  0.00000000e+00]","[ 0.          0.38831958  8.87819099  0.69184005 -2.37297153 -0.13285732
 -0.17962518  0.08334228]"
1747093056.9487693,"[ 0.         -0.22754847  0.64008837  2.9346408  -2.21657028 -0.00407836
  0.96009987  1.5709191 ]","[ 0.00000000e+00  2.65149452e-05 -4.56649369e-01  1.01854716e-05
  5.30298914e-06 -2.11799045e-05 -2.91446766e-05  0.00000000e+00]","[ 0.          0.43340322  8.89625454  0.70818442 -2.39294696 -0.14191142
 -0.15907447  0.08470073]"
1747093056.9504519,"[ 0.         -0.22754847  0.63918563  2.9346408  -2.21657028 -0.00407836
  0.96009987  1.5709191 ]","[ 0.00000000e+00  2.64951613e-05 -4.57815235e-01  1.00492861e-05
  5.30705738e-06 -2.11799045e-05 -2.91443860e-05  0.00000000e+00]","[ 0.          0.45827222  8.93352795  0.69416261 -2.42029929 -0.1585086
 -0.17979455  0.09721223]"
1747093056.9521587,"[ 0.         -0.22754794  0.63824839  2.9346408  -2.21657081 -0.00407836
  0.96009987  1.5709191 ]","[ 0.00000000e+00  3.18176189e-05 -4.57275012e-01  9.92618058e-06
  0.00000000e+00 -2.11799045e-05 -2.91443860e-05  0.00000000e+00]","[ 0.          0.49028721  9.07375908  0.69924712 -2.51092386 -0.1597047
 -0.18650925  0.07844499]"
1747093056.9539275,"[ 0.         -0.22754794  0.63734791  2.9346408  -2.21657081 -0.00407836
  0.96009987  1.5709191 ]","[ 0.00000000e+00  3.17938749e-05 -4.57004935e-01  9.91681688e-06
  0.00000000e+00 -2.11801137e-05 -2.91667301e-05  0.00000000e+00]","[ 0.          0.49863356  9.09804058  0.7201153  -2.65291476 -0.14145094
 -0.22118522  0.06671461]"
1747093056.9556391,"[ 0.         -0.22754794  0.63689697  2.9346408  -2.21657081 -0.00407836
  0.96009987  1.5709191 ]","[ 0.00000000e+00  3.70928568e-05 -4.56811722e-01  9.79679563e-06
  0.00000000e+00 -2.11799045e-05 -2.91443860e-05  0.00000000e+00]","[ 0.          0.51029354  9.08539295  0.74908304 -2.70486355 -0.13567126
 -0.22106287  0.07500231]"
1747093056.9574416,"[ 0.         -0.22754741  0.63596347  2.9346408  -2.21657081 -0.00407836
  0.96009987  1.5709191 ]","[ 0.00000000e+00  4.23918346e-05 -4.55924523e-01  9.67999788e-06
  0.00000000e+00 -2.11799045e-05 -2.91443860e-05  0.00000000e+00]","[ 0.          0.51783001  9.19013691  0.78974569 -2.77960038 -0.14362848
 -0.26742944  0.08099636]"
1747093056.959163,"[ 0.         -0.22754688  0.63503496  2.9346408  -2.21657108 -0.00407836
  0.96009987  1.5709191 ]","[ 0.00000000e+00  4.76908124e-05 -4.52637084e-01  9.67988105e-06
 -2.64748806e-06 -2.11801137e-05 -2.91443860e-05  0.00000000e+00]","[ 0.          0.55981529  9.29007435  0.8194387  -2.78622317 -0.16105112
 -0.27582219  0.06661332]"
1747093056.9626071,"[ 0.         -0.22754688  0.63414506  2.93464133 -2.21657081 -0.00407836
  0.96009987  1.5709191 ]","[ 0.00000000e+00  4.77269018e-05 -4.50335946e-01  1.59281870e-05
  0.00000000e+00 -2.11799045e-05 -2.91443860e-05  0.00000000e+00]","[ 0.          0.56465769  9.44531727  0.88118976 -2.80937862 -0.15232608
 -0.25354755  0.0607824 ]"
1747093056.9654973,"[ 0.         -0.22754634  0.63278219  2.93464133 -2.21657081 -0.00407836
  0.96009987  1.5709191 ]","[ 0.00000000e+00  5.29892660e-05 -4.47872456e-01  1.55609377e-05
  0.00000000e+00 -2.11799045e-05 -2.91003827e-05  0.00000000e+00]","[ 0.          0.59660226  9.71641159  0.96274817 -2.86073995 -0.17366503
 -0.26946181  0.06671258]"
1747093056.9672158,"[ 0.         -0.22754581  0.63147032  2.9346424  -2.21657081 -0.00407836
  0.96009987  1.5709191 ]","[ 0.00000000e+00  5.82887721e-05 -4.41879478e-01  2.76909424e-05
 -1.05899522e-05 -2.11637026e-05 -2.91006692e-05  0.00000000e+00]","[ 0.          0.63474846  9.75122356  1.0795027  -2.82551694 -0.19329086
 -0.27660131  0.06743351]"
1747093056.9689395,"[ 0.         -0.22754581  0.6305689   2.9346424  -2.21657081 -0.00407836
  0.96009987  1.5709191 ]","[ 0.00000000e+00  5.83328791e-05 -4.40258878e-01  2.73553104e-05
 -1.05899522e-05 -2.12119566e-05 -2.91003827e-05  0.00000000e+00]","[ 0.          0.66913968  9.77805042  1.10896444 -2.76666045 -0.18940651
 -0.27150702  0.07617188]"
1747093056.9707103,"[ 0.         -0.22754581  0.63013727  2.9346424  -2.21657081 -0.0040789
  0.96009987  1.5709191 ]","[ 0.00000000e+00  5.82887721e-05 -4.37828011e-01  2.70508995e-05
 -1.05979587e-05 -2.64548924e-05 -2.91003827e-05  0.00000000e+00]","[ 0.          0.67906898  9.8265295   1.11531603 -2.72541738 -0.20745736
 -0.26439345  0.08003597]"
1747093056.9725459,"[ 0.         -0.22754528  0.62924411  2.9346424  -2.21657081 -0.0040789
  0.96009987  1.5709191 ]","[ 0.00000000e+00  6.35877499e-05 -4.35397144e-01  2.67756047e-05
 -1.05899522e-05 -2.65149452e-05 -2.91003827e-05  0.00000000e+00]","[ 0.          0.64242023  9.71857834  1.15562177 -2.66008806 -0.19241309
 -0.27482057  0.06822439]"
1747093056.974469,"[ 0.         -0.22754528  0.62837992  2.93464267 -2.21657028 -0.0040789
  0.96009987  1.5709191 ]","[ 0.00000000e+00  6.35877499e-05 -4.38638311e-01  2.97254348e-05
 -5.29497611e-06 -2.64751417e-05 -2.91006692e-05  0.00000000e+00]","[ 0.          0.64564586  9.68432331  1.18354976 -2.59267449 -0.20364898
 -0.26029718  0.07401064]"
1747093056.9756732,"[ 0.         -0.22754528  0.62794602  2.93464267 -2.21657028 -0.0040789
  0.96009987  1.5709191 ]","[ 0.00000000e+00  6.87827183e-05 -4.39988800e-01  2.94018535e-05
 -5.29903215e-06 -2.64548924e-05 -2.91006692e-05  0.00000000e+00]","[ 0.          0.6484769   9.68889523  1.20104063 -2.57061195 -0.20468909
 -0.25596917  0.08603643]"
1747093056.976783,"[ 0.         -0.22754528  0.6270474   2.9346432  -2.21657028 -0.0040789
  0.96009987  1.5709191 ]","[ 0.00000000e+00  6.34923676e-05 -4.38098122e-01  3.49019094e-05
 -5.29497611e-06 -2.65149452e-05 -2.91003827e-05  0.00000000e+00]","[ 0.          0.6313976   9.74231052  1.20785832 -2.56800532 -0.2238881
 -0.25672519  0.06491819]"
1747093056.9785748,"[ 0.         -0.22754528  0.62661484  2.9346432  -2.21657028 -0.0040789
  0.96009987  1.5709191 ]","[ 0.00000000e+00  6.34923676e-05 -4.38193863e-01  3.45017444e-05
  0.00000000e+00 -2.65149452e-05 -2.91003827e-05  0.00000000e+00]","[ 0.          0.63887382  9.78538895  1.20801353 -2.56151772 -0.23357944
 -0.26340196  0.07110383]"
1747093056.9802504,"[ 0.         -0.22754528  0.6257107   2.9346432  -2.21657028 -0.0040789
  0.96009987  1.5709191 ]","[ 0.00000000e+00  6.34917418e-05 -4.41431767e-01  3.41664517e-05
  0.00000000e+00 -2.65149452e-05 -2.91006692e-05  0.00000000e+00]","[ 0.          0.64910895  9.87747478  1.20603561 -2.5639174  -0.22091703
 -0.26449353  0.08155567]"
1747093056.9814756,"[ 0.         -0.22754474  0.62527494  2.9346432  -2.21657028 -0.0040789
  0.96009987  1.5709191 ]","[ 0.00000000e+00  6.87827183e-05 -4.41879478e-01  3.41664517e-05
  0.00000000e+00 -2.65146811e-05 -2.91003827e-05  0.00000000e+00]","[ 0.          0.63251066  9.94023895  1.21271574 -2.59635639 -0.21450293
 -0.28070951  0.07403849]"
1747093056.98324,"[ 0.         -0.22754474  0.62440428  2.9346432  -2.21657081 -0.0040789
  0.96009987  1.5709191 ]","[ 0.00000000e+00  6.87834010e-05 -4.41339289e-01  3.37828827e-05
 -5.29497611e-06 -2.64948971e-05 -1.85186086e-05  0.00000000e+00]","[ 0.          0.57087606  9.98822784  1.19585419 -2.70216227 -0.21621448
 -0.29085267  0.06737696]"
1747093056.9849157,"[ 0.         -0.22754474  0.62349508  2.9346432  -2.21657108 -0.0040789
  0.96009887  1.5709191 ]","[ 0.00000000e+00  6.87827183e-05 -4.44850534e-01  3.34074837e-05
 -7.94254290e-06 -2.65149452e-05 -2.91006692e-05  0.00000000e+00]","[ 0.          0.56712234 10.0197649   1.15582871 -2.81755257 -0.22337931
 -0.31099409  0.05313646]"
1747093056.9860444,"[ 0.         -0.22754474  0.62305699  2.9346432  -2.21657108 -0.0040789
  0.96009887  1.5709191 ]","[ 0.00000000e+00  6.87827183e-05 -4.43860171e-01  3.34074837e-05
 -7.94246417e-06 -2.64951613e-05 -2.91003827e-05  0.00000000e+00]","[ 0.          0.58889037 10.04159737  1.13470006 -2.90387797 -0.20556852
 -0.31376612  0.05144378]"
1747093056.988275,"[ 0.         -0.22754421  0.62214918  2.93464373 -2.21657108 -0.0040789
  0.96009887  1.5709191 ]","[ 0.00000000e+00  7.40744343e-05 -4.41971390e-01  3.81881680e-05
 -2.64748806e-06 -2.65149452e-05 -2.91006692e-05  0.00000000e+00]","[ 0.          0.5800935  10.14782619  1.11293244 -3.01712561 -0.20485753
 -0.32265529  0.06951058]"
1747093056.9893727,"[ 0.         -0.22754421  0.62171343  2.93464373 -2.21657108 -0.0040789
  0.96009887  1.5709191 ]","[ 0.00000000e+00  7.40185509e-05 -4.41879478e-01  3.81881680e-05
 -2.64748806e-06 -2.65149452e-05 -2.91003827e-05  0.00000000e+00]","[ 0.          0.53567904 10.26983643  1.08549845 -3.07736349 -0.21363996
 -0.32777283  0.06695654]"
1747093056.9911327,"[ 0.         -0.22754421  0.62080835  2.93464373 -2.21657108 -0.00407996
  0.96009794  1.5709191 ]","[ 0.00000000e+00  7.40744343e-05 -4.41854011e-01  3.78059765e-05
 -2.64748806e-06 -3.70928568e-05 -3.70368514e-05  0.00000000e+00]","[ 0.          0.53718412 10.42948532  1.04299808 -3.12543273 -0.19899485
 -0.37396148  0.05795931]"
1747093056.992866,"[ 0.         -0.22754421  0.62037166  2.93464373 -2.21657108 -0.00407996
  0.96009794  1.5709191 ]","[ 0.00000000e+00  7.40737029e-05 -4.42511046e-01  3.74317337e-05
 -2.64748806e-06 -3.71209245e-05 -3.70372172e-05  0.00000000e+00]","[ 0.          0.51450795 10.39904213  1.01556003 -3.1558249  -0.18951942
 -0.3851991   0.04783089]"
1747093056.9939618,"[ 0.         -0.22754421  0.619502    2.93464373 -2.21657161 -0.00407996
  0.96009794  1.5709191 ]","[ 0.00000000e+00  6.87827183e-05 -4.39988800e-01  3.74031986e-05
 -7.94246417e-06 -3.70928568e-05 -3.70368514e-05  0.00000000e+00]","[ 0.          0.50928295 10.41738987  0.97899771 -3.24038529 -0.17586608
 -0.37956068  0.04714783]"
1747093056.995654,"[ 0.         -0.22754368  0.61906711  2.93464373 -2.21657214 -0.00407996
  0.96009794  1.5709191 ]","[ 0.00000000e+00  7.40737029e-05 -4.41069178e-01  3.74317337e-05
 -1.32374398e-05 -3.70928568e-05 -3.70368514e-05  0.00000000e+00]","[ 0.          0.47905484 10.53293324  0.96129924 -3.2677176  -0.19277962
 -0.37364337  0.0575505 ]"
1747093056.9973395,"[ 0.         -0.22754368  0.61816616  2.93464373 -2.21657214 -0.00407996
  0.96009794  1.5709191 ]","[ 0.00000000e+00  7.40737029e-05 -4.39718689e-01  3.70368514e-05
 -1.32373077e-05 -3.71209245e-05 -3.70368514e-05  0.00000000e+00]","[ 0.          0.43931493 10.57603264  0.93583739 -3.26519179 -0.19540605
 -0.38239831  0.06280948]"
1747093056.9989908,"[ 0.         -0.22754368  0.6173011   2.93464426 -2.21657161 -0.00407996
  0.960097    1.5709191 ]","[ 0.00000000e+00  7.40737029e-05 -4.38098122e-01  4.23282464e-05
 -1.32374398e-05 -2.65146811e-05 -4.76188043e-05  0.00000000e+00]","[ 0.          0.4024289  10.60572052  0.92465943 -3.25593781 -0.17237009
 -0.40395039  0.06581665]"
1747093057.0006204,"[ 0.         -0.22754368  0.61683638  2.93464426 -2.21657161 -0.00407996
  0.960097    1.5709191 ]","[ 0.00000000e+00  7.40737029e-05 -4.37179298e-01  4.23598089e-05
 -1.32374398e-05 -2.65149452e-05 -4.76192757e-05  0.00000000e+00]","[ 0.          0.38589853 10.52089691  0.91759247 -3.24636793 -0.15182708
 -0.40641573  0.07357226]"
1747093057.0023344,"[ 0.         -0.22754368  0.61597538  2.93464426 -2.21657161 -0.00407996
  0.960097    1.5709191 ]","[ 0.00000000e+00  7.40178194e-05 -4.37287822e-01  4.23282464e-05
 -1.32374398e-05 -2.65149452e-05 -4.76188043e-05  0.00000000e+00]","[ 0.          0.34484494 10.56462097  0.9082824  -3.18512464 -0.13738878
 -0.37618291  0.07756835]"
1747093057.0035405,"[ 0.         -0.22754315  0.61507902  2.93464426 -2.21657161 -0.00407996
  0.960097    1.5709191 ]","[ 0.00000000e+00  7.93646793e-05 -4.38092496e-01  4.23598089e-05
 -1.32375708e-05 -2.65152094e-05 -4.76188043e-05  0.00000000e+00]","[ 0.          0.33925787 10.43177319  0.90862715 -3.11719012 -0.15029466
 -0.35828009  0.08808135]"
1747093057.0052164,"[ 0.         -0.22754315  0.61464653  2.93464426 -2.21657161 -0.00407996
  0.960097    1.5709191 ]","[ 0.00000000e+00  7.93646793e-05 -4.38638311e-01  4.23602275e-05
 -1.85324169e-05 -2.65152094e-05 -4.76192757e-05  0.00000000e+00]","[ 0.          0.34777501 10.4145546   0.91705972 -3.07152557 -0.15719451
 -0.35544476  0.08573262]"
1747093057.0064473,"[ 0.         -0.22754315  0.6137529   2.93464453 -2.21657161 -0.00407996
  0.960097    1.5709191 ]","[ 0.00000000e+00  7.40737029e-05 -4.35835567e-01  4.49737631e-05
 -1.85324169e-05 -2.64948971e-05 -4.76192757e-05  0.00000000e+00]","[ 0.          0.34334758 10.24392796  0.94784045 -2.99410987 -0.17911629
 -0.33937097  0.08961884]"
1747093057.0081646,"[ 0.         -0.22754261  0.61332174  2.93464453 -2.21657161 -0.00407996
  0.960097    1.5709191 ]","[ 0.00000000e+00  7.93646793e-05 -4.37287822e-01  4.50072964e-05
 -1.85184257e-05 -2.65149452e-05 -4.76188043e-05  0.00000000e+00]","[ 0.          0.35241649 10.14509964  0.93847162 -2.96696997 -0.17658673
 -0.33986035  0.09853929]"
1747093057.010924,"[ 0.         -0.22754261  0.61245847  2.93464453 -2.21657108 -0.00407996
  0.960097    1.5709191 ]","[ 0.00000000e+00  7.93048053e-05 -4.37654240e-01  4.49737631e-05
 -7.94254290e-06 -2.65149452e-05 -4.76188043e-05  0.00000000e+00]","[ 0.          0.38093856 10.05678558  0.9266966  -2.88523006 -0.1820534
 -0.32043368  0.08252534]"
1747093057.012601,"[ 0.         -0.22754261  0.61156165  2.93464506 -2.21657108 -0.00407996
  0.960097    1.5709191 ]","[ 0.00000000e+00  7.93646793e-05 -4.37680372e-01  5.03022715e-05
 -7.94246417e-06 -2.65152094e-05 -4.76192757e-05  0.00000000e+00]","[ 0.          0.38094509  9.97821712  0.94371605 -2.8304534  -0.1887314
 -0.3190679   0.05808873]"
1747093057.0142865,"[ 0.         -0.22754261  0.6106952   2.9346456  -2.21657161 -0.00407996
  0.960097    1.5709191 ]","[ 0.00000000e+00  7.41296676e-05 -4.39988800e-01  5.02642966e-05
 -1.32375708e-05 -2.65149452e-05 -3.70368514e-05  0.00000000e+00]","[ 0.          0.36318842  9.81737041  0.95390469 -2.80032802 -0.21597615
 -0.3289901   0.0500415 ]"
1747093057.0160258,"[ 0.         -0.22754261  0.60979152  2.9346456  -2.21657161 -0.00407996
  0.960097    1.5709191 ]","[ 0.00000000e+00  7.40744343e-05 -4.40850965e-01  5.02642966e-05
 -7.94246417e-06 -1.58970960e-05 -3.70368514e-05  0.00000000e+00]","[ 0.          0.34420061  9.69626713  1.0054456  -2.82262325 -0.21793085
 -0.33678108  0.07388084]"
1747093057.0170832,"[ 0.         -0.22754208  0.60935616  2.93464586 -2.21657161 -0.00407996
  0.960097    1.5709191 ]","[ 0.00000000e+00  7.93646793e-05 -4.41609367e-01  5.29497591e-05
 -7.94246417e-06 -1.59088095e-05 -3.70368514e-05  0.00000000e+00]","[ 0.          0.36381432  9.61232948  1.03730631 -2.8565712  -0.20169348
 -0.32769129  0.07257362]"
1747093057.018835,"[ 0.         -0.22754208  0.60848644  2.93464586 -2.21657161 -0.00407996
  0.960097    1.5709191 ]","[ 0.00000000e+00  7.94246427e-05 -4.41069178e-01  5.29103091e-05
 -7.94246417e-06 -1.58969375e-05 -3.70372172e-05  0.00000000e+00]","[ 0.          0.38723707  9.53727627  1.05776238 -2.89808106 -0.20754609
 -0.3077997   0.06153825]"
1747093057.020526,"[ 0.         -0.22754208  0.60801532  2.93464639 -2.21657161 -0.00407996
  0.960097    1.5709191 ]","[ 0.00000000e+00  7.93646793e-05 -4.43609401e-01  5.55552731e-05
 -7.93646773e-06 -1.58969375e-05 -3.70368514e-05  0.00000000e+00]","[ 0.          0.43518865  9.57340527  1.07147288 -2.91207933 -0.21733995
 -0.31173319  0.04902041]"
1747093057.022307,"[ 0.         -0.22754208  0.60714107  2.93464693 -2.21657214 -0.00407996
  0.960097    1.5709191 ]","[ 0.00000000e+00  7.94246427e-05 -4.43770156e-01  6.08922258e-05
 -1.05899522e-05 -1.59089679e-05 -3.70368514e-05  0.00000000e+00]","[ 0.          0.45714191  9.59874249  1.08509803 -2.96626616 -0.21618645
 -0.35168537  0.07890697]"
1747093057.023411,"[ 0.         -0.22754102  0.60623367  2.93464693 -2.21657214 -0.00408103
  0.960097    1.5709191 ]","[ 0.00000000e+00  8.46556558e-05 -4.42440506e-01  6.08462536e-05
 -1.05899522e-05 -2.64948971e-05 -3.70368514e-05  0.00000000e+00]","[ 0.          0.51562458  9.63515949  1.10515761 -3.02143025 -0.23968443
 -0.35086465  0.08330359]"
1747093057.0251288,"[ 0.         -0.22754102  0.60579604  2.93464746 -2.21657214 -0.00408103
  0.96009607  1.5709191 ]","[ 0.00000000e+00  8.46556558e-05 -4.43770156e-01  6.61878551e-05
 -1.05819570e-05 -2.64946330e-05 -4.76188043e-05  0.00000000e+00]","[ 0.          0.53645825  9.61030769  1.13110566 -3.0585134  -0.23600976
 -0.34844068  0.0842494 ]"
1747093057.0267735,"[ 0.         -0.22754048  0.60535849  2.93464746 -2.21657214 -0.00408103
  0.96009607  1.5709191 ]","[ 0.00000000e+00  9.00145929e-05 -4.43770156e-01  6.61872009e-05
 -1.05899522e-05 -2.65149452e-05 -4.76188043e-05  0.00000000e+00]","[ 0.          0.55334312  9.67613125  1.14305365 -3.1013217  -0.24306892
 -0.36261258  0.08295123]"
1747093057.027895,"[ 0.         -0.22753995  0.60445022  2.93464773 -2.21657241 -0.00408103
  0.96009607  1.5709191 ]","[ 0.00000000e+00  9.52376087e-05 -4.43107861e-01  6.87827183e-05
 -1.32375708e-05 -2.64948971e-05 -4.76188043e-05  0.00000000e+00]","[ 0.          0.61004919  9.66504097  1.19518554 -3.17287707 -0.2458455
 -0.38832343  0.06392305]"
1747093057.029599,"[ 0.         -0.22753942  0.60401399  2.93464826 -2.21657241 -0.00408103
  0.96009607  1.5709191 ]","[ 0.00000000e+00  1.00528593e-04 -4.41971390e-01  7.42418490e-05
 -1.32274462e-05 -2.64946330e-05 -3.70368514e-05  0.00000000e+00]","[ 0.          0.64698529  9.5891161   1.20602548 -3.23334336 -0.23778713
 -0.40250295  0.06292083]"
1747093057.0313206,"[ 0.         -0.22753889  0.6031424   2.93464906 -2.21657241 -0.00408103
  0.96009607  1.5709191 ]","[ 0.00000000e+00  1.05899518e-04 -4.41879478e-01  8.20101635e-05
 -1.58849283e-05 -2.65149452e-05 -3.70648338e-05  0.00000000e+00]","[ 0.          0.67383581  9.5840683   1.22733927 -3.28290248 -0.23413502
 -0.37819067  0.07688272]"
1747093057.033112,"[ 0.         -0.22753889  0.602236    2.93464959 -2.21657241 -0.00408103
  0.96009607  1.5709191 ]","[ 0.00000000e+00  1.00528593e-04 -4.42419667e-01  8.74331602e-05
 -1.58729355e-05 -2.64948971e-05 -3.70368514e-05  0.00000000e+00]","[ 0.          0.7078582   9.70349121  1.27804708 -3.29532957 -0.24206345
 -0.36523435  0.08646213]"
1747093057.0357404,"[ 0.         -0.22753782  0.60136441  2.93465012 -2.21657241 -0.00408103
  0.96009507  1.5709191 ]","[ 0.00000000e+00  1.11110546e-04 -4.41609367e-01  9.27321420e-05
 -1.58849283e-05 -2.64951613e-05 -4.76547840e-05  0.00000000e+00]","[ 0.          0.78102881  9.85293579  1.29772556 -3.23656368 -0.25952527
 -0.37272739  0.08573853]"
1747093057.0368347,"[ 0.         -0.22753729  0.60093005  2.93465066 -2.21657241 -0.00408103
  0.96009507  1.5709191 ]","[ 0.00000000e+00  1.16401531e-04 -4.40082643e-01  9.80311158e-05
 -1.58849283e-05 -2.64948971e-05 -4.76188043e-05  0.00000000e+00]","[ 0.          0.80843943 10.01429367  1.31181705 -3.21059966 -0.25465062
 -0.38724089  0.08573308]"
1747093057.03804,"[ 0.         -0.22753676  0.60003003  2.93465092 -2.21657241 -0.00408209
  0.96009507  1.5709191 ]","[ 0.00000000e+00  1.21692507e-04 -4.39178500e-01  1.00756792e-04
 -2.11639139e-05 -3.70928568e-05 -4.76192757e-05  0.00000000e+00]","[ 0.          0.83776164 10.08130646  1.36669362 -3.14989495 -0.27403185
 -0.40055192  0.07563394]"
1747093057.0396836,"[ 0.         -0.22753622  0.59913095  2.93465145 -2.21657241 -0.00408209
  0.96009507  1.5709191 ]","[ 0.00000000e+00  1.26984735e-04 -4.39346346e-01  1.05980645e-04
 -2.11799045e-05 -3.70928568e-05 -4.76188043e-05  0.00000000e+00]","[ 0.          0.81808972 10.07910633  1.39436471 -3.10827494 -0.29185092
 -0.38837636  0.05780254]"
1747093057.0414264,"[ 0.         -0.22753569  0.59869932  2.93465199 -2.21657241 -0.00408209
  0.96009507  1.5709191 ]","[ 0.00000000e+00  1.32274460e-04 -4.37828011e-01  1.11278562e-04
 -2.11801137e-05 -3.70928568e-05 -4.76188043e-05  0.00000000e+00]","[ 0.          0.83266157 10.05827808  1.36549878 -3.11798477 -0.28098679
 -0.37977582  0.06211674]"
1747093057.042493,"[ 0.         -0.22753569  0.59783692  2.93465252 -2.21657214 -0.00408209
  0.96009507  1.5709191 ]","[ 0.00000000e+00  1.32374402e-04 -4.36844738e-01  1.16665758e-04
 -1.85324169e-05 -3.70644640e-05 -4.76543085e-05  0.00000000e+00]","[ 0.          0.89512503 10.03374767  1.35808575 -3.09108472 -0.26631042
 -0.3822096   0.08507214]"
1747093057.0441952,"[ 0.         -0.22753569  0.59737227  2.93465279 -2.21657214 -0.00408209
  0.96009507  1.5709191 ]","[ 0.00000000e+00  1.32274460e-04 -4.37590956e-01  1.19227035e-04
 -1.85324169e-05 -3.70928568e-05 -4.76192757e-05  0.00000000e+00]","[ 0.          0.91704148 10.05554962  1.36834753 -3.07832718 -0.25766829
 -0.39060262  0.09032677]"
1747093057.045944,"[ 0.         -0.22753462  0.59650987  2.93465332 -2.21657214 -0.00408209
  0.96009507  1.5709191 ]","[ 0.00000000e+00  1.42857835e-04 -4.36477522e-01  1.24620245e-04
 -1.85186086e-05 -3.70928568e-05 -4.76188043e-05  0.00000000e+00]","[ 0.          0.94946223 10.14615822  1.38887501 -2.99505019 -0.28026339
 -0.39740455  0.07364079]"
1747093057.0470977,"[ 0.         -0.22753409  0.59608097  2.93465385 -2.21657214 -0.00408209
  0.96009507  1.5709191 ]","[ 0.00000000e+00  1.42965766e-04 -4.34856922e-01  1.29923234e-04
 -1.85186086e-05 -3.70928568e-05 -4.76188043e-05  0.00000000e+00]","[ 0.          0.96379453 10.19829845  1.38271689 -2.97537303 -0.27391931
 -0.38758412  0.06960776]"
1747093057.0493653,"[ 0.         -0.22753356  0.59519706  2.93465412 -2.21657241 -0.00408209
  0.96009507  1.5709191 ]","[ 0.00000000e+00  1.48147406e-04 -4.30638807e-01  1.32474482e-04
 -2.11639139e-05 -3.70928568e-05 -4.76188043e-05  0.00000000e+00]","[ 0.          0.98227835 10.24853325  1.40042818 -2.98315811 -0.27868164
 -0.38946003  0.06650528]"
1747093057.0505123,"[ 0.         -0.22753303  0.59477182  2.93465465 -2.21657241 -0.00408316
  0.96009507  1.5709191 ]","[ 0.00000000e+00  1.53438374e-04 -4.31345677e-01  1.37879086e-04
 -2.11639139e-05 -4.76908124e-05 -4.76188043e-05  0.00000000e+00]","[ 0.          0.97574753 10.25901031  1.41656041 -3.01838732 -0.28157961
 -0.4031629   0.06484485]"
1747093057.052189,"[ 0.         -0.22753196  0.59392507  2.93465518 -2.21657241 -0.00408316
  0.96009414  1.5709191 ]","[ 0.00000000e+00  1.58730919e-04 -4.28104510e-01  1.43072445e-04
 -2.11801137e-05 -4.76908124e-05 -5.82007654e-05  0.00000000e+00]","[ 0.          0.95906222 10.32682037  1.42560112 -3.06296372 -0.29852766
 -0.38503501  0.06322755]"
1747093057.0539045,"[ 0.         -0.22753143  0.59305308  2.93465598 -2.21657241 -0.00408316
  0.96009414  1.5709191 ]","[ 0.00000000e+00  1.64144252e-04 -4.24593232e-01  1.51135188e-04
 -1.58729355e-05 -4.76908124e-05 -5.82007654e-05  0.00000000e+00]","[ 0.          0.97671038 10.3702631   1.43309283 -3.13690352 -0.2922079
 -0.39181983  0.05027567]"
1747093057.0551343,"[ 0.         -0.2275309   0.59263477  2.93465598 -2.21657294 -0.00408316
  0.96009414  1.5709191 ]","[ 0.00000000e+00  1.69439236e-04 -4.23893220e-01  1.51136700e-04
 -2.11639139e-05 -4.76192757e-05 -5.82007654e-05  0.00000000e+00]","[ 0.          0.99166721 10.43028641  1.45369434 -3.1741631  -0.29142782
 -0.41245109  0.06301618]"
1747093057.056806,"[ 0.         -0.22753036  0.59176964  2.93465651 -2.21657294 -0.00408316
  0.96009321  1.5709191 ]","[ 0.00000000e+00  1.71116504e-04 -4.21291012e-01  1.56438185e-04
 -2.11799045e-05 -4.76192757e-05 -6.61378843e-05  0.00000000e+00]","[ 0.          0.98534846 10.46825409  1.4696002  -3.25397801 -0.2878882
 -0.41853306  0.07053665]"
1747093057.058614,"[ 0.         -0.22752983  0.59135685  2.93465705 -2.21657294 -0.00408316
  0.96009321  1.5709191 ]","[ 0.00000000e+00  1.76463892e-04 -4.18651087e-01  1.61742775e-04
 -2.11639139e-05 -4.76547840e-05 -6.61372301e-05  0.00000000e+00]","[ 0.          0.9886952  10.44092178  1.46611416 -3.2855413  -0.28539035
 -0.43584806  0.07873004]"
1747093057.0603707,"[ 0.         -0.22752877  0.59050917  2.93465785 -2.21657294 -0.00408316
  0.96009321  1.5709191 ]","[ 0.00000000e+00  1.80168342e-04 -4.12627117e-01  1.69695653e-04
 -1.85604623e-05 -4.76188043e-05 -6.61372301e-05  0.00000000e+00]","[ 0.          1.02553356 10.44629478  1.43980801 -3.34954119 -0.30933195
 -0.44890001  0.07167141]"
1747093057.0616171,"[ 0.         -0.22752823  0.58969917  2.93465838 -2.21657348 -0.00408369
  0.96009321  1.5709191 ]","[ 0.00000000e+00  1.89459595e-04 -4.10278075e-01  1.69693962e-04
 -2.64948971e-05 -5.29502833e-05 -6.61378843e-05  0.00000000e+00]","[ 0.          1.04230917 10.40703201  1.42820895 -3.39811182 -0.30969867
 -0.45316222  0.08573977]"
1747093057.063336,"[ 0.         -0.22752823  0.58929603  2.93465891 -2.21657348 -0.00408369
  0.96009321  1.5709191 ]","[ 0.00000000e+00  1.89915424e-04 -4.08927586e-01  1.74998649e-04
 -2.64948971e-05 -5.29103091e-05 -6.61372301e-05  0.00000000e+00]","[ 0.          1.05329883 10.41010666  1.44683123 -3.41307187 -0.30456313
 -0.45093662  0.07589966]"
1747093057.0660539,"[ 0.         -0.22752717  0.58846166  2.93465971 -2.21657348 -0.00408369
  0.96009321  1.5709191 ]","[ 0.00000000e+00  1.99930398e-04 -4.06746458e-01  1.79411379e-04
 -2.65149452e-05 -5.29097849e-05 -6.62372408e-05  0.00000000e+00]","[ 0.          1.04966295 10.25931549  1.45396233 -3.41621971 -0.29934332
 -0.43313965  0.07827418]"
1747093057.0668616,"[ 0.         -0.22752664  0.58766544  2.93466024 -2.21657348 -0.00408369
  0.96009321  1.5709191 ]","[ 0.00000000e+00  2.14674321e-04 -4.03255519e-01  1.86970748e-04
 -2.64948971e-05 -5.29103091e-05 -6.62873661e-05  0.00000000e+00]","[ 0.          1.05117154 10.12928295  1.45396471 -3.45921564 -0.28289297
 -0.4091543   0.07146971]"
1747093057.0691411,"[ 0.         -0.22752557  0.58684213  2.93466078 -2.21657348 -0.00408369
  0.96009221  1.5709191 ]","[ 0.00000000e+00  2.44032453e-04 -4.01229520e-01  1.94378429e-04
 -2.65149452e-05 -5.29097849e-05 -7.68351964e-05  0.00000000e+00]","[ 0.          1.0664407  10.08000088  1.45867658 -3.42110872 -0.28691575
 -0.41379541  0.07356536]"
1747093057.0703125,"[ 0.         -0.22752557  0.58644811  2.93466104 -2.21657348 -0.00408369
  0.96009221  1.5709191 ]","[ 0.00000000e+00  2.53958060e-04 -3.99744275e-01  1.99496643e-04
 -2.64948971e-05 -4.76547840e-05 -7.68351964e-05  0.00000000e+00]","[ 0.          1.08478987  9.97023964  1.46623647 -3.38651514 -0.29139706
 -0.40833178  0.07339631]"
1747093057.072059,"[ 0.         -0.22752504  0.58566335  2.93466157 -2.21657348 -0.00408369
  0.96009221  1.5709191 ]","[ 0.00000000e+00  2.77582724e-04 -3.97583486e-01  2.09073620e-04
 -2.65149452e-05 -4.76188043e-05 -7.68351964e-05  0.00000000e+00]","[ 0.          1.08210707  9.83793259  1.48166633 -3.31797385 -0.29898569
 -0.41700408  0.076626  ]"
1747093057.0738735,"[ 0.         -0.2275245   0.58527213  2.93466211 -2.21657348 -0.00408369
  0.96009221  1.5709191 ]","[ 0.00000000e+00  2.90766119e-04 -3.96773186e-01  2.20410114e-04
 -2.65149452e-05 -4.76188043e-05 -7.68351964e-05  0.00000000e+00]","[ 0.          1.08704555  9.82029152  1.46877575 -3.28244925 -0.30736989
 -0.40590453  0.07068234]"
1747093057.0750425,"[ 0.         -0.22752344  0.58446073  2.93466264 -2.21657348 -0.00408369
  0.96009221  1.5709191 ]","[ 0.00000000e+00  3.31185993e-04 -3.96773186e-01  2.43940728e-04
 -3.17938749e-05 -4.76188043e-05 -7.68933393e-05  0.00000000e+00]","[ 0.          1.07713401  9.62034988  1.4509517  -3.26008224 -0.3051807
 -0.37779775  0.05282136]"
1747093057.076774,"[ 0.         -0.22752291  0.58406811  2.93466264 -2.21657348 -0.00408369
  0.96009221  1.5709191 ]","[ 0.00000000e+00  3.46978389e-04 -3.98123675e-01  2.57692743e-04
 -3.17938749e-05 -4.76547840e-05 -7.68925753e-05  0.00000000e+00]","[ 0.          1.0954597   9.46642399  1.43639898 -3.22818017 -0.306339
 -0.35751864  0.0462606 ]"
1747093057.077987,"[ 0.         -0.22752237  0.58328248  2.93466344 -2.21657294 -0.00408369
  0.96009221  1.5709191 ]","[ 0.00000000e+00  3.53270269e-04 -3.99204086e-01  2.82025346e-04
 -2.64946330e-05 -4.76188043e-05 -7.68351964e-05  0.00000000e+00]","[ 0.          1.10367346  9.27585506  1.41138184 -3.16297579 -0.29629105
 -0.34983468  0.05912034]"
1747093057.079686,"[ 0.         -0.22752237  0.5828609   2.93466397 -2.21657294 -0.00408369
  0.96009221  1.5709191 ]","[ 0.00000000e+00  3.42230569e-04 -3.96966464e-01  2.95810130e-04
 -2.64948971e-05 -4.76188043e-05 -7.68933393e-05  0.00000000e+00]","[ 0.          1.12512243  9.25741386  1.41751862 -3.12700558 -0.2986232
 -0.3481822   0.07300914]"
1747093057.0809224,"[ 0.         -0.22752131  0.58207893  2.93466424 -2.21657294 -0.00408369
  0.96009221  1.5709191 ]","[ 0.00000000e+00  3.57558570e-04 -3.96232997e-01  2.91801605e-04
 -2.65149452e-05 -4.76192757e-05 -7.68351964e-05  0.00000000e+00]","[ 0.          1.10240054  9.12560177  1.40460455 -3.095047   -0.29173094
 -0.34406567  0.06376155]"
1747093057.0826538,"[ 0.         -0.22752078  0.58168818  2.93466477 -2.21657348 -0.00408369
  0.96009221  1.5709191 ]","[ 0.00000000e+00  3.64302427e-04 -3.96232997e-01  3.01165971e-04
 -3.17938749e-05 -4.76192757e-05 -7.68351964e-05  0.00000000e+00]","[ 0.          1.10065734  9.09158707  1.4001143  -3.07773495 -0.30486384
 -0.32732472  0.06495101]"
1747093057.0838263,"[ 0.         -0.22751971  0.58087312  2.9346653  -2.21657348 -0.00408476
  0.96009221  1.5709191 ]","[ 0.00000000e+00  3.72501660e-04 -3.98123675e-01  3.12261067e-04
 -2.65149452e-05 -5.82447383e-05 -7.68933393e-05  0.00000000e+00]","[ 0.          1.0963378   9.00929737  1.41738009 -3.04992843 -0.31506518
 -0.32819909  0.06637127]"
1747093057.0855722,"[ 0.         -0.22751918  0.58048143  2.93466584 -2.21657348 -0.00408476
  0.96009221  1.5709191 ]","[ 0.00000000e+00  3.80459837e-04 -3.97313374e-01  3.08197210e-04
 -2.38451685e-05 -5.82007654e-05 -6.62372408e-05  0.00000000e+00]","[ 0.          1.11134636  8.93667603  1.42459321 -3.04075146 -0.32760879
 -0.33469257  0.06447633]"
1747093057.0873444,"[ 0.         -0.22751865  0.57966957  2.9346661  -2.21657348 -0.00408476
  0.96009221  1.5709191 ]","[ 0.00000000e+00  3.76976336e-04 -3.95963385e-01  3.03208010e-04
 -2.38454062e-05 -5.82447383e-05 -6.62873661e-05  0.00000000e+00]","[ 0.          1.09352803  8.88529873  1.40656924 -3.08238292 -0.30930763
 -0.3100301   0.06611644]"
1747093057.0885284,"[ 0.         -0.22751758  0.57888387  2.93466717 -2.21657401 -0.00408476
  0.96009221  1.5709191 ]","[ 0.00000000e+00  4.01211785e-04 -3.99204086e-01  3.08197210e-04
 -2.91443860e-05 -5.82007654e-05 -6.62372408e-05  0.00000000e+00]","[ 0.          1.09134722  8.83292103  1.39935172 -3.17855859 -0.30882287
 -0.29962328  0.07272041]"
1747093057.090357,"[ 0.         -0.22751705  0.57849039  2.93466743 -2.21657401 -0.00408476
  0.96009221  1.5709191 ]","[ 0.00000000e+00  3.94168290e-04 -3.99204086e-01  3.13443560e-04
 -2.91446766e-05 -5.82007654e-05 -6.62372408e-05  0.00000000e+00]","[ 0.          1.09834683  8.8528223   1.39427769 -3.22027183 -0.30634895
 -0.31684726  0.08252594]"
1747093057.0920956,"[ 0.         -0.22751598  0.57767712  2.93466797 -2.21657348 -0.00408476
  0.96009221  1.5709191 ]","[ 0.00000000e+00  3.98098923e-04 -3.96232997e-01  3.13443560e-04
 -2.38454062e-05 -4.76188043e-05 -5.83328791e-05  0.00000000e+00]","[ 0.          1.1223321   8.95402622  1.36264169 -3.25078201 -0.2776784
 -0.34348786  0.0711117 ]"
1747093057.093291,"[ 0.         -0.22751545  0.57728777  2.9346685  -2.21657348 -0.00408476
  0.96009221  1.5709191 ]","[ 0.00000000e+00  4.07201752e-04 -3.94882508e-01  3.17828380e-04
 -1.85464284e-05 -4.76188043e-05 -5.82887721e-05  0.00000000e+00]","[ 0.          1.13262725  8.96022606  1.3575424  -3.26785922 -0.27550894
 -0.37343976  0.08324457]"
1747093057.0950043,"[ 0.         -0.22751492  0.57650806  2.9346693  -2.21657428 -0.00408476
  0.96009221  1.5709191 ]","[ 0.00000000e+00  4.04092823e-04 -3.96232997e-01  3.25050189e-04
 -2.11959173e-05 -4.76547840e-05 -5.83328791e-05  0.00000000e+00]","[ 0.          1.10947549  9.08743954  1.3652041  -3.30253291 -0.2877205
 -0.41525257  0.07534786]"
1747093057.0967598,"[ 0.         -0.22751385  0.57570033  2.93466983 -2.21657428 -0.00408476
  0.96009221  1.5709191 ]","[ 0.00000000e+00  4.04102414e-04 -3.93942778e-01  3.20055429e-04
 -2.12119566e-05 -4.76188043e-05 -5.83328791e-05  0.00000000e+00]","[ 0.          1.11045432  9.17618275  1.38910055 -3.40889263 -0.30951354
 -0.41858414  0.05818439]"
1747093057.098618,"[ 0.         -0.22751332  0.5753123   2.93467036 -2.21657428 -0.00408476
  0.96009221  1.5709191 ]","[ 0.00000000e+00  4.04092823e-04 -3.93532019e-01  3.24057226e-04
 -2.64948971e-05 -4.76188043e-05 -4.76908124e-05  0.00000000e+00]","[ 0.          1.1120851   9.23911667  1.38572073 -3.44266486 -0.29882136
 -0.42127222  0.07597199]"
1747093057.0997093,"[ 0.         -0.22751225  0.57451103  2.93467116 -2.21657428 -0.00408476
  0.96009221  1.5709191 ]","[ 0.00000000e+00  4.10675012e-04 -3.91101152e-01  3.31664139e-04
 -2.64948971e-05 -4.76192757e-05 -4.77269018e-05  0.00000000e+00]","[ 0.          1.1193676   9.40826797  1.38594079 -3.45820618 -0.29866529
 -0.42148942  0.07679248]"
1747093057.1013632,"[ 0.         -0.22751172  0.574123    2.93467169 -2.21657428 -0.00408476
  0.96009221  1.5709191 ]","[ 0.00000000e+00  4.24725430e-04 -3.93532019e-01  3.36766668e-04
 -2.65149452e-05 -4.76188043e-05 -4.76908124e-05  0.00000000e+00]","[ 0.          1.12333357  9.43002605  1.41016817 -3.48501086 -0.28054768
 -0.42412183  0.08104363]"
1747093057.1031942,"[ 0.         -0.22751066  0.57331713  2.93467249 -2.21657428 -0.00408476
  0.96009128  1.5709191 ]","[ 0.00000000e+00  4.37159258e-04 -3.94208029e-01  3.34088325e-04
 -2.64946330e-05 -4.76188043e-05 -5.83328791e-05  0.00000000e+00]","[ 0.          1.13318563  9.55300713  1.41260147 -3.52604723 -0.28202131
 -0.45444044  0.0727317 ]"
1747093057.1055393,"[ 0.         -0.22750959  0.57254155  2.93467356 -2.21657481 -0.00408476
  0.96009128  1.5709191 ]","[ 0.00000000e+00  4.49030839e-04 -3.93532019e-01  3.49468438e-04
 -3.18179359e-05 -4.76188043e-05 -5.82887721e-05  0.00000000e+00]","[ 0.          1.13321519  9.72217274  1.4079572  -3.5230062  -0.28095791
 -0.44151872  0.06454761]"
1747093057.1072679,"[ 0.         -0.22750853  0.57176551  2.93467436 -2.21657481 -0.00408476
  0.96009128  1.5709191 ]","[ 0.00000000e+00  4.46675150e-04 -3.93532019e-01  3.47743235e-04
 -3.17938749e-05 -4.76192757e-05 -5.83322980e-05  0.00000000e+00]","[ 0.          1.12590325  9.88303375  1.42278373 -3.49063659 -0.26590982
 -0.44241622  0.05282508]"
1747093057.1090062,"[ 0.         -0.22750799  0.57089718  2.93467542 -2.21657481 -0.00408582
  0.96009035  1.5709191 ]","[ 0.00000000e+00  4.49030839e-04 -3.94882508e-01  3.57558570e-04
 -3.18179359e-05 -5.82007654e-05 -6.62372408e-05  0.00000000e+00]","[ 0.          1.12323618 10.13726139  1.4484086  -3.48444653 -0.27425453
 -0.46775752  0.04665966]"
1747093057.1114056,"[ 0.         -0.2275064   0.57008905  2.93467675 -2.21657481 -0.00408582
  0.96009035  1.5709191 ]","[ 0.00000000e+00  4.72852249e-04 -3.94428638e-01  3.72509560e-04
 -3.70928568e-05 -5.82007654e-05 -6.62873661e-05  0.00000000e+00]","[ 0.          1.13425457 10.34434223  1.49741125 -3.46424174 -0.31498551
 -0.49579903  0.05684023]"
1747093057.1131854,"[ 0.         -0.22750533  0.56931573  2.93467809 -2.21657481 -0.00408582
  0.96009035  1.5709191 ]","[ 0.00000000e+00  4.72008600e-04 -3.91101152e-01  3.84327630e-04
 -3.71209245e-05 -5.82001802e-05 -6.62365825e-05  0.00000000e+00]","[ 0.          1.15183699 10.51618195  1.52727985 -3.48419189 -0.32110736
 -0.51106083  0.04623056]"
1747093057.1149309,"[ 0.         -0.22750533  0.56893097  2.93467915 -2.21657481 -0.00408582
  0.96009035  1.5709191 ]","[ 0.00000000e+00  4.71017262e-04 -3.90290852e-01  4.05065827e-04
 -3.17938749e-05 -5.82007654e-05 -6.62379032e-05  0.00000000e+00]","[ 0.          1.16110659 10.67294884  1.52293658 -3.48867869 -0.32092029
 -0.50710922  0.05465642]"
1747093057.1161876,"[ 0.         -0.2275048   0.56813422  2.93467995 -2.21657481 -0.00408582
  0.96009035  1.5709191 ]","[ 0.00000000e+00  4.72839505e-04 -3.88940363e-01  4.21515658e-04
 -3.17938749e-05 -5.82447383e-05 -6.62873661e-05  0.00000000e+00]","[ 0.          1.18157732 10.7511673   1.55134559 -3.49686575 -0.31987637
 -0.52041608  0.04725667]"
1747093057.1179855,"[ 0.         -0.22750373  0.56736969  2.93468181 -2.21657481 -0.00408582
  0.96008935  1.5709191 ]","[ 0.00000000e+00  4.71017262e-04 -3.86657534e-01  4.53194628e-04
 -3.18179359e-05 -5.82013384e-05 -7.68351964e-05  0.00000000e+00]","[ 0.          1.19158435 10.82574654  1.58728909 -3.49454594 -0.31233251
 -0.51779932  0.06407372]"
1747093057.1197965,"[ 0.         -0.22750213  0.56658313  2.93468261 -2.21657481 -0.00408582
  0.96008935  1.5709191 ]","[ 0.00000000e+00  4.84211093e-04 -3.83808518e-01  4.77387490e-04
 -3.18179359e-05 -5.82447383e-05 -7.68933393e-05  0.00000000e+00]","[ 0.          1.20247757 10.84630299  1.61527979 -3.49940729 -0.31286711
 -0.51902324  0.06209582]"
1747093057.1215231,"[ 0.         -0.22750213  0.56620562  2.93468368 -2.21657481 -0.00408582
  0.96008935  1.5709191 ]","[ 0.00000000e+00  4.70107880e-04 -3.82998218e-01  4.91033622e-04
 -3.18182529e-05 -5.82453112e-05 -7.68351964e-05  0.00000000e+00]","[ 0.          1.19776881 10.8838768   1.63154864 -3.47316241 -0.32076824
 -0.52031857  0.05809357]"
1747093057.123263,"[ 0.         -0.22750107  0.56542365  2.93468501 -2.21657481 -0.00408689
  0.96008935  1.5709191 ]","[ 0.00000000e+00  4.85736558e-04 -3.81418830e-01  5.20376183e-04
 -2.64948971e-05 -6.87827183e-05 -7.68933393e-05  0.00000000e+00]","[ 0.          1.20882249 10.95698357  1.6777792  -3.43620324 -0.35072449
 -0.52136517  0.06442549]"
1747093057.1254632,"[ 0.         -0.22749947  0.56467977  2.93468687 -2.21657481 -0.00408689
  0.96008841  1.5709191 ]","[ 0.00000000e+00  5.00423183e-04 -3.75864575e-01  5.70908657e-04
 -2.65149452e-05 -5.82453112e-05 -7.68351964e-05  0.00000000e+00]","[ 0.          1.22195995 10.97934723  1.70990002 -3.39831686 -0.34869486
 -0.52729434  0.06563229]"
1747093057.1276605,"[ 0.         -0.22749894  0.56431238  2.93468874 -2.21657534 -0.00408689
  0.96008841  1.5709191 ]","[ 0.00000000e+00  4.82611830e-04 -3.72734528e-01  6.30590123e-04
 -2.91440955e-05 -5.82007654e-05 -7.68933393e-05  0.00000000e+00]","[ 0.          1.20479572 10.98862553  1.69833922 -3.42014694 -0.3495706
 -0.53592515  0.05569612]"
1747093057.128759,"[ 0.         -0.22749734  0.56355611  2.93469007 -2.21657534 -0.00408689
  0.96008841  1.5709191 ]","[ 0.00000000e+00  5.00437422e-04 -3.68880401e-01  6.55180280e-04
 -2.91664395e-05 -5.82007654e-05 -7.68933393e-05  0.00000000e+00]","[ 0.          1.20462787 10.90940285  1.68122554 -3.4431715  -0.35227853
 -0.53844893  0.05893336]"
1747093057.1306133,"[ 0.         -0.22749681  0.56319246  2.93469087 -2.21657534 -0.00408689
  0.96008841  1.5709191 ]","[ 0.00000000e+00  5.14876749e-04 -3.68953139e-01  6.98063026e-04
 -2.91664395e-05 -5.82013384e-05 -7.68351964e-05  0.00000000e+00]","[ 0.          1.20305133 10.90862751  1.69734538 -3.46737599 -0.34392452
 -0.55408388  0.06140587]"
1747093057.132358,"[ 0.         -0.22749574  0.56244398  2.93469273 -2.21657534 -0.00408689
  0.96008841  1.5709191 ]","[ 0.00000000e+00  4.98072436e-04 -3.64960994e-01  7.35013150e-04
 -2.91443860e-05 -5.82013384e-05 -7.68925753e-05  0.00000000e+00]","[ 0.          1.24204755 10.85036373  1.75477695 -3.48530555 -0.34311318
 -0.56109178  0.05943066]"
1747093057.1341078,"[ 0.         -0.22749521  0.56173225  2.9346938  -2.21657534 -0.00408689
  0.96008841  1.5709191 ]","[ 0.00000000e+00  4.98072436e-04 -3.59135496e-01  7.57166476e-04
 -2.91003827e-05 -5.82007654e-05 -7.68351964e-05  0.00000000e+00]","[ 0.          1.25016034 10.75932312  1.75066197 -3.50064921 -0.35684371
 -0.54328114  0.06443907]"
1747093057.1359658,"[ 0.         -0.22749414  0.56099708  2.93469566 -2.21657587 -0.00408795
  0.96008841  1.5709191 ]","[ 0.00000000e+00  4.98072436e-04 -3.58849672e-01  7.96197846e-04
 -3.43917005e-05 -6.88346925e-05 -6.62873661e-05  0.00000000e+00]","[ 0.          1.22617328 10.65863323  1.73745501 -3.50619364 -0.36077067
 -0.54697281  0.0587389 ]"
1747093057.1370914,"[ 0.         -0.22749361  0.56064395  2.93469593 -2.21657587 -0.00408795
  0.96008841  1.5709191 ]","[ 0.00000000e+00  4.99289064e-04 -3.57786371e-01  7.82948425e-04
 -3.44173463e-05 -6.88346925e-05 -6.62873661e-05  0.00000000e+00]","[ 0.          1.20994937 10.54993916  1.71264911 -3.48648763 -0.35644957
 -0.53174812  0.05281185]"
1747093057.1388338,"[ 0.         -0.22749201  0.55994367  2.93469833 -2.21657587 -0.00408795
  0.96008748  1.5709191 ]","[ 0.00000000e+00  5.13748059e-04 -3.54908093e-01  8.24466885e-04
 -3.43913591e-05 -5.82007654e-05 -7.41857136e-05  0.00000000e+00]","[ 0.          1.21152186 10.49417686  1.69488943 -3.45127845 -0.3606303
 -0.51804787  0.06659949]"
1747093057.1405563,"[ 0.         -0.22749201  0.55957082  2.93469913 -2.21657587 -0.00408795
  0.96008748  1.5709191 ]","[ 0.00000000e+00  4.98072436e-04 -3.51075838e-01  8.34597560e-04
 -3.43913591e-05 -5.82447383e-05 -7.42418490e-05  0.00000000e+00]","[ 0.          1.21832764 10.51121998  1.67797923 -3.43341541 -0.35210851
 -0.51617599  0.06283137]"
1747093057.1423445,"[ 0.         -0.22749148  0.55888206  2.93470072 -2.21657587 -0.00408795
  0.96008748  1.5709191 ]","[ 0.00000000e+00  4.98057417e-04 -3.48425760e-01  8.51062605e-04
 -3.43917005e-05 -5.82007654e-05 -7.42418490e-05  0.00000000e+00]","[ 0.          1.19070077 10.36494541  1.66740441 -3.42136335 -0.34943876
 -0.52102268  0.07066248]"
1747093057.1442225,"[ 0.         -0.22749042  0.55816847  2.93470205 -2.21657587 -0.00408795
  0.96008748  1.5709191 ]","[ 0.00000000e+00  4.99274435e-04 -3.47739197e-01  8.47845161e-04
 -3.70368514e-05 -5.82453112e-05 -7.41296676e-05  0.00000000e+00]","[ 0.          1.15692961 10.23366165  1.65841079 -3.43785214 -0.33541816
 -0.51138359  0.07557806]"
1747093057.1459584,"[ 0.         -0.22748882  0.55748058  2.93470339 -2.21657587 -0.00408795
  0.96008748  1.5709191 ]","[ 0.00000000e+00  4.99289064e-04 -3.48425760e-01  8.21309127e-04
 -3.70368514e-05 -5.82013384e-05 -7.40744343e-05  0.00000000e+00]","[ 0.          1.15674639 10.04414463  1.62545228 -3.46096396 -0.32535577
 -0.50565588  0.06404847]"
1747093057.1471736,"[ 0.         -0.22748882  0.55713666  2.93470419 -2.21657587 -0.00408795
  0.96008748  1.5709191 ]","[ 0.00000000e+00  4.82597754e-04 -3.48695837e-01  8.21309127e-04
 -3.70368514e-05 -5.82007654e-05 -7.40737029e-05  0.00000000e+00]","[ 0.          1.12456834  9.90236378  1.60210311 -3.44614172 -0.33128029
 -0.50671858  0.05926766]"
1747093057.1489635,"[ 0.         -0.22748775  0.556424    2.93470578 -2.21657587 -0.00408795
  0.96008748  1.5709191 ]","[ 0.00000000e+00  5.14876749e-04 -3.47565093e-01  8.21350024e-04
 -3.44173463e-05 -5.82447383e-05 -7.41296676e-05  0.00000000e+00]","[ 0.          1.10258782  9.79858398  1.5702163  -3.43001986 -0.3275249
 -0.5010798   0.05994588]"
1747093057.1506772,"[ 0.         -0.22748722  0.55573844  2.93470738 -2.21657587 -0.00408795
  0.96008748  1.5709191 ]","[ 0.00000000e+00  4.99216893e-04 -3.47885537e-01  8.17885509e-04
 -3.43913591e-05 -4.76192757e-05 -7.40744343e-05  0.00000000e+00]","[ 0.          1.08990753  9.81374836  1.53812063 -3.42236519 -0.31421125
 -0.48203531  0.06596994]"
1747093057.1524065,"[ 0.         -0.22748669  0.55539542  2.93470845 -2.21657587 -0.00408795
  0.96008748  1.5709191 ]","[ 0.00000000e+00  4.99289064e-04 -3.47885537e-01  8.33461230e-04
 -3.43913591e-05 -4.76188043e-05 -6.61878551e-05  0.00000000e+00]","[ 0.          1.09399807  9.87346649  1.49566269 -3.42663836 -0.30652276
 -0.48474222  0.06969708]"
1747093057.1542583,"[ 0.         -0.22748562  0.55468366  2.93471031 -2.21657587 -0.00408795
  0.96008748  1.5709191 ]","[ 0.00000000e+00  4.83672121e-04 -3.47345348e-01  8.21350024e-04
 -3.44173463e-05 -4.76188043e-05 -6.61372301e-05  0.00000000e+00]","[ 0.          1.05176401  9.87641716  1.454301   -3.40935946 -0.29553485
 -0.46552861  0.06514478]"
1747093057.1560545,"[ 0.         -0.22748509  0.55399903  2.93471244 -2.21657587 -0.00408795
  0.96008748  1.5709191 ]","[ 0.00000000e+00  4.84211093e-04 -3.46183944e-01  8.46089399e-04
 -2.91003827e-05 -4.77269018e-05 -6.61872009e-05  0.00000000e+00]","[ 0.          1.03805017  9.87580776  1.44369769 -3.42749166 -0.29915327
 -0.47938064  0.06330013]"
1747093057.1572006,"[ 0.         -0.22748509  0.55365784  2.93471351 -2.21657614 -0.00408795
  0.96008748  1.5709191 ]","[ 0.00000000e+00  4.71017262e-04 -3.46346130e-01  8.74340298e-04
 -3.17458709e-05 -4.77269018e-05 -5.82447383e-05  0.00000000e+00]","[ 0.          1.0244056   9.79299068  1.43534863 -3.44269395 -0.30095968
 -0.48778105  0.05639076]"
1747093057.1595387,"[ 0.         -0.22748402  0.55260216  2.9347175  -2.21657614 -0.00408795
  0.96008748  1.5709191 ]","[ 0.00000000e+00  4.56297965e-04 -3.48425760e-01  9.33367157e-04
 -3.17458709e-05 -4.77269018e-05 -5.82007654e-05  0.00000000e+00]","[ 0.          0.96552181  9.83357811  1.38854063 -3.49458408 -0.3123149
 -0.51284528  0.04439603]"
1747093057.1612847,"[ 0.         -0.22748296  0.55223159  2.9347191  -2.21657614 -0.00408795
  0.96008748  1.5709191 ]","[ 0.00000000e+00  4.54389312e-04 -3.49069712e-01  9.98813951e-04
 -3.17458709e-05 -4.77269018e-05 -5.82447383e-05  0.00000000e+00]","[ 0.          0.95793653  9.76793575  1.3654356  -3.50899863 -0.31428796
 -0.51127005  0.04956312]"
1747093057.1625173,"[ 0.         -0.22748243  0.55154602  2.93472256 -2.21657614 -0.00408795
  0.96008655  1.5709191 ]","[ 0.00000000e+00  4.54389312e-04 -3.46535048e-01  1.14263226e-03
 -2.64548924e-05 -4.23914120e-05 -6.61372301e-05  0.00000000e+00]","[ 0.          0.95279557  9.78034782  1.32007444 -3.53529835 -0.28845945
 -0.51199865  0.06631979]"
1747093057.1642287,"[ 0.         -0.22748189  0.5512053   2.93472496 -2.21657614 -0.00408795
  0.96008655  1.5709191 ]","[ 0.00000000e+00  4.56656055e-04 -3.45104665e-01  1.27018818e-03
 -2.64548924e-05 -4.24239132e-05 -6.61378843e-05  0.00000000e+00]","[ 0.          0.94364673  9.82796288  1.3092165  -3.53343105 -0.28567895
 -0.51565421  0.05345514]"
1747093057.1661317,"[ 0.         -0.22748136  0.5504986   2.93472949 -2.21657667 -0.00408795
  0.96008655  1.5709191 ]","[ 0.00000000e+00  4.44914545e-04 -3.45184559e-01  1.58968325e-03
 -3.17461838e-05 -4.23918346e-05 -6.61378843e-05  0.00000000e+00]","[ 0.          0.91764456  9.81958199  1.2822454  -3.53000164 -0.26909962
 -0.51402771  0.04537723]"
1747093057.1683674,"[ 0.         -0.2274803   0.54981899  2.93473561 -2.21657667 -0.00408795
  0.96008655  1.5709191 ]","[ 0.00000000e+00  4.32902329e-04 -3.45454671e-01  2.15341996e-03
 -3.17458709e-05 -4.24239132e-05 -6.61372301e-05  0.00000000e+00]","[ 0.          0.89865065  9.84216309  1.27631378 -3.51824665 -0.28352118
 -0.51187146  0.04636487]"
1747093057.1701314,"[ 0.         -0.22747976  0.54911599  2.93474333 -2.21657667 -0.00408795
  0.96008655  1.5709191 ]","[ 0.00000000e+00  4.20185247e-04 -3.42477989e-01  2.97645156e-03
 -3.17458709e-05 -4.24243358e-05 -5.55552731e-05  0.00000000e+00]","[ 0.          0.86744708  9.8776474   1.26437092 -3.54348421 -0.2850948
 -0.51932847  0.04580079]"
1747093057.171745,"[ 0.         -0.22747923  0.54877986  2.93474839 -2.21657667 -0.00408795
  0.96008655  1.5709191 ]","[ 0.00000000e+00  4.22325952e-04 -3.40863015e-01  3.71993774e-03
 -3.17698567e-05 -4.23918346e-05 -5.55558217e-05  0.00000000e+00]","[ 0.          0.8664946   9.90993595  1.24994516 -3.53375077 -0.27616081
 -0.52746272  0.0558912 ]"
1747093057.1729121,"[ 0.         -0.2274787   0.54810851  2.93475931 -2.21657667 -0.00408795
  0.96008655  1.5709191 ]","[ 0.00000000e+00  4.12254053e-04 -3.40863015e-01  5.26489835e-03
 -3.17461838e-05 -4.24239132e-05 -5.55558217e-05  0.00000000e+00]","[ 0.          0.85014135  9.97396374  1.22903144 -3.54796863 -0.27039817
 -0.54677075  0.05475941]"
1747093057.1756365,"[ 0.         -0.2274787   0.54740963  2.93477369 -2.21657667 -0.00408795
  0.96008555  1.5709191 ]","[ 0.00000000e+00  3.99371109e-04 -3.41057292e-01  7.29263180e-03
 -3.17698567e-05 -4.23914120e-05 -6.61372301e-05  0.00000000e+00]","[ 0.          0.85300779  9.98176861  1.2224071  -3.55932307 -0.27138421
 -0.54529834  0.06089634]"
1747093057.1779065,"[ 0.         -0.22747763  0.54674428  2.93479074 -2.21657667 -0.00408795
  0.96008555  1.5709191 ]","[ 0.00000000e+00  4.14480225e-04 -3.36811548e-01  8.32237841e-03
 -3.17458709e-05 -4.24239132e-05 -6.60879907e-05  0.00000000e+00]","[ 0.          0.84938699 10.00813389  1.23508835 -3.53168702 -0.2704663
 -0.54092503  0.06005448]"
1747093057.1802757,"[ 0.         -0.22747604  0.5457359   2.93481737 -2.2165772  -0.00408795
  0.96008555  1.5709191 ]","[ 0.00000000e+00  4.14489977e-04 -3.30599325e-01  8.77689574e-03
 -4.23282464e-05 -4.23918346e-05 -6.61372301e-05  0.00000000e+00]","[ 0.          0.86786044 10.0493288   1.3245033  -3.52223086 -0.27219427
 -0.56755042  0.07219993]"
1747093057.182008,"[ 0.         -0.2274755   0.54505906  2.93483335 -2.2165772  -0.00408795
  0.96008462  1.5709191 ]","[ 0.00000000e+00  3.90059278e-04 -3.29700841e-01  7.83282698e-03
 -4.23278279e-05 -4.23918346e-05 -7.40737029e-05  0.00000000e+00]","[ 0.          0.85567135 10.11259651  1.36843252 -3.57632184 -0.26411143
 -0.58541453  0.07597372]"
1747093057.1838276,"[ 0.         -0.22747497  0.54473625  2.9348416  -2.2165772  -0.00408795
  0.96008462  1.5709191 ]","[ 0.00000000e+00  4.02641836e-04 -3.27358125e-01  8.37302164e-03
 -3.70648338e-05 -4.23918346e-05 -7.40744343e-05  0.00000000e+00]","[ 0.          0.86355025 10.16713047  1.36076641 -3.59471321 -0.27933004
 -0.59349978  0.06868672]"
1747093057.1850185,"[ 0.         -0.22747337  0.54409566  2.93485892 -2.2165772  -0.00408795
  0.96008462  1.5709191 ]","[ 0.00000000e+00  4.17346406e-04 -3.23306691e-01  8.44829027e-03
 -3.70368514e-05 -3.18179359e-05 -7.40178194e-05  0.00000000e+00]","[ 0.          0.8919577  10.27499008  1.4115932  -3.61075044 -0.28671598
 -0.59413511  0.06670106]"
1747093057.1867723,"[ 0.         -0.22747231  0.54343996  2.93487836 -2.21657747 -0.00408795
  0.96008462  1.5709191 ]","[ 0.00000000e+00  4.25126692e-04 -3.18977490e-01  1.02637042e-02
 -3.97127115e-05 -3.17938749e-05 -7.40737029e-05  0.00000000e+00]","[ 0.          0.9248361  10.33229828  1.45330477 -3.65942407 -0.29171067
 -0.59951925  0.07923501]"
1747093057.1885293,"[ 0.         -0.22747231  0.54312677  2.93488981 -2.21657747 -0.00408795
  0.96008462  1.5709191 ]","[ 0.00000000e+00  3.99361454e-04 -3.17312814e-01  1.16141912e-02
 -3.97123214e-05 -3.18182529e-05 -7.40737029e-05  0.00000000e+00]","[ 0.          0.94369274 10.28683758  1.49924207 -3.68264413 -0.29254687
 -0.60526407  0.09077987]"
1747093057.1902916,"[ 0.         -0.22747071  0.54250366  2.93491777 -2.216578   -0.00408795
  0.96008369  1.5709191 ]","[ 0.00000000e+00  4.25126692e-04 -3.14933646e-01  1.43151660e-02
 -3.97123214e-05 -3.18179359e-05 -8.46564929e-05  0.00000000e+00]","[ 0.          0.96176338 10.26526546  1.51992059 -3.75865626 -0.29419258
 -0.60468531  0.09442832]"
1747093057.1931198,"[ 0.         -0.22746858  0.541864    2.93494893 -2.216578   -0.00408795
  0.96008369  1.5709191 ]","[ 0.00000000e+00  4.60848323e-04 -3.10837038e-01  1.67460433e-02
 -3.96827298e-05 -3.18179359e-05 -8.46556558e-05  0.00000000e+00]","[ 0.          0.98082691 10.24583817  1.51818287 -3.78833032 -0.31785434
 -0.60356754  0.07056851]"
1747093057.1947768,"[ 0.         -0.22746645  0.54093369  2.93500912 -2.216578   -0.00408795
  0.96008369  1.5709191 ]","[ 0.00000000e+00  4.99467573e-04 -3.04934442e-01  2.13377002e-02
 -3.97123214e-05 -3.18179359e-05 -8.46556558e-05  0.00000000e+00]","[ 0.          1.0127666  10.28966045  1.56090045 -3.74084926 -0.33819982
 -0.62739968  0.06816465]"
1747093057.1964908,"[ 0.         -0.22746538  0.54063522  2.93503042 -2.216578   -0.00408795
  0.96008369  1.5709191 ]","[ 0.00000000e+00  5.14891833e-04 -3.02779278e-01  2.16077989e-02
 -3.70648338e-05 -3.18176189e-05 -8.46564929e-05  0.00000000e+00]","[ 0.          1.02712142 10.22602463  1.55728102 -3.72480488 -0.32784012
 -0.61412674  0.0627406 ]"
1747093057.1982512,"[ 0.         -0.22746325  0.54004193  2.93507543 -2.216578   -0.00408795
  0.96008369  1.5709191 ]","[ 0.00000000e+00  5.80823470e-04 -3.00348378e-01  2.18168570e-02
 -3.70372172e-05 -3.18179359e-05 -8.45926284e-05  0.00000000e+00]","[ 0.          1.01818597 10.25523758  1.52652085 -3.68038607 -0.31626198
 -0.60406905  0.05935046]"
1747093057.199404,"[ 0.         -0.22746219  0.53974715  2.93509647 -2.21657747 -0.00408795
  0.96008369  1.5709191 ]","[ 0.00000000e+00  6.01284818e-04 -2.98694955e-01  2.13377002e-02
 -3.17701716e-05 -3.18179359e-05 -8.46556558e-05  0.00000000e+00]","[ 0.          1.00027072 10.32611752  1.52601874 -3.66588426 -0.30035743
 -0.60804158  0.05935046]"
1747093057.2011535,"[ 0.         -0.22745899  0.53913919  2.93513695 -2.216578   -0.00408795
  0.96008269  1.5709191 ]","[ 0.00000000e+00  7.55159288e-04 -2.95457083e-01  1.90584026e-02
 -3.70368514e-05 -3.18182529e-05 -9.52376087e-05  0.00000000e+00]","[ 0.          0.99342936 10.34700584  1.50147378 -3.61848569 -0.28460604
 -0.59953141  0.05774049]"
1747093057.202347,"[ 0.         -0.22745793  0.5388485   2.93515426 -2.216578   -0.00408795
  0.96008269  1.5709191 ]","[ 0.00000000e+00  8.05693160e-04 -2.94946456e-01  1.75563360e-02
 -3.70368514e-05 -3.18176189e-05 -9.52376087e-05  0.00000000e+00]","[ 0.          0.997967   10.29370022  1.45779324 -3.61338449 -0.28907418
 -0.60480464  0.06239319]"
1747093057.2040892,"[ 0.         -0.2274542   0.5382713   2.93518382 -2.216578   -0.00408795
  0.96008269  1.5709191 ]","[ 0.00000000e+00  1.03251880e-03 -2.91435178e-01  1.40450684e-02
 -3.70651995e-05 -3.17938749e-05 -8.46556558e-05  0.00000000e+00]","[ 0.          0.95730686 10.21788597  1.40611327 -3.59880757 -0.28378716
 -0.59477931  0.05545451]"
1747093057.2057958,"[ 0.         -0.22745207  0.5379641   2.93519527 -2.216578   -0.00408795
  0.96008269  1.5709191 ]","[ 0.00000000e+00  1.19789844e-03 -2.89386807e-01  1.16141912e-02
 -3.17458709e-05 -3.18179359e-05 -8.46556558e-05  0.00000000e+00]","[ 0.          0.93928105 10.21762276  1.39206862 -3.59272671 -0.27240413
 -0.60306531  0.06780819]"
1747093057.2070153,"[ 0.         -0.22744621  0.53739378  2.93521205 -2.216578   -0.00408795
  0.96008269  1.5709191 ]","[ 0.00000000e+00  1.67799903e-03 -2.88734200e-01  7.29263180e-03
 -3.17698567e-05 -3.17935580e-05 -8.46556558e-05  0.00000000e+00]","[ 0.          0.94552273 10.11376762  1.32951295 -3.59843588 -0.25955448
 -0.57843357  0.06535638]"
1747093057.208705,"[ 0.         -0.22744248  0.53710956  2.93521684 -2.216578   -0.00408795
  0.96008269  1.5709191 ]","[ 0.00000000e+00  2.07436166e-03 -2.88194011e-01  4.86175453e-03
 -3.17698567e-05 -3.17935580e-05 -8.46564929e-05  0.00000000e+00]","[ 0.          0.93917429 10.0662756   1.29481089 -3.58982897 -0.25501585
 -0.58612859  0.07983963]"
1747093057.2099166,"[ 0.         -0.22743289  0.53651997  2.93522084 -2.216578   -0.00408795
  0.96008269  1.5709191 ]","[ 0.00000000e+00  3.51051055e-03 -2.88194011e-01  7.52305362e-04
 -3.17458709e-05 -2.12119566e-05 -7.67779151e-05  0.00000000e+00]","[ 0.          0.95119631 10.01387596  1.26010549 -3.5648098  -0.26459679
 -0.58355403  0.07546719]"
1747093057.2116094,"[ 0.         -0.2274265   0.53623711  2.93522031 -2.216578   -0.00408795
  0.96008269  1.5709191 ]","[ 0.00000000e+00  4.90111730e-03 -2.86843522e-01 -5.40194952e-04
 -3.17698567e-05 -2.12119566e-05 -7.67199429e-05  0.00000000e+00]","[ 0.          0.93822765 10.0225544   1.26934707 -3.52735615 -0.26028982
 -0.58755457  0.05142736]"
1747093057.2133145,"[ 0.         -0.22740839  0.53565531  2.93521897 -2.216578   -0.00408795
  0.96008269  1.5709191 ]","[ 0.00000000e+00  9.18331389e-03 -2.82851243e-01 -6.30227449e-04
 -3.17461838e-05 -2.12119566e-05 -7.67191870e-05  0.00000000e+00]","[ 0.          0.95606011 10.01649094  1.22710252 -3.46903038 -0.26180923
 -0.57756484  0.04938506]"
1747093057.2145646,"[ 0.         -0.22737697  0.53509831  2.93521897 -2.216578   -0.00408795
  0.96008269  1.5709191 ]","[ 0.00000000e+00  1.70522548e-02 -2.82792055e-01 -1.75496610e-04
 -3.17698567e-05 -2.12119566e-05 -7.67191870e-05  0.00000000e+00]","[ 0.          0.93213731 10.02274227  1.18115067 -3.48367119 -0.26545075
 -0.58398175  0.05413888]"
1747093057.2162645,"[ 0.         -0.22735673  0.5347989   2.93521951 -2.216578   -0.00408795
  0.96008269  1.5709191 ]","[ 0.00000000e+00  2.05274085e-02 -2.81863743e-01  1.75496610e-04
 -3.17698567e-05 -2.11959173e-05 -7.67191870e-05  0.00000000e+00]","[ 0.          0.91545522 10.03811646  1.16182053 -3.50626898 -0.27259848
 -0.58593476  0.05677335]"
1747093057.217976,"[ 0.         -0.22733435  0.53424237  2.93522004 -2.21657854 -0.00408795
  0.96008269  1.5709191 ]","[ 0.00000000e+00  2.26881871e-02 -2.82792055e-01  2.12755037e-04
 -3.70372172e-05 -2.12119566e-05 -6.61372301e-05  0.00000000e+00]","[ 0.          0.86518842 10.01673317  1.09311616 -3.53536916 -0.24009877
 -0.58716553  0.05508104]"
1747093057.2203245,"[ 0.         -0.22725233  0.53366885  2.93522004 -2.21657907 -0.00408795
  0.96008176  1.5709191 ]","[ 0.00000000e+00  3.02509176e-02 -2.78352998e-01  2.19406909e-04
 -4.23282464e-05 -2.12119566e-05 -7.40744343e-05  0.00000000e+00]","[ 0.          0.75843704  9.97056103  1.04834688 -3.62946081 -0.20509423
 -0.63424438  0.05063458]"
1747093057.221355,"[ 0.         -0.2272209   0.53339518  2.93522004 -2.21657907 -0.00408795
  0.96008176  1.5709191 ]","[ 0.00000000e+00  3.18715031e-02 -2.77660210e-01  1.77781120e-04
 -4.23278279e-05 -2.11957060e-05 -7.40744343e-05  0.00000000e+00]","[ 0.          0.71616751  9.93849945  1.00856078 -3.67205977 -0.18822058
 -0.63440651  0.03454554]"
1747093057.2232037,"[ 0.         -0.22714687  0.53285469  2.93522004 -2.21657934 -0.00408795
  0.96008176  1.5709191 ]","[ 0.00000000e+00  3.71137339e-02 -2.73338648e-01  0.00000000e+00
 -4.50072964e-05 -1.06059783e-05 -7.40737029e-05  0.00000000e+00]","[ 0.          0.61709613  9.94455719  0.92975247 -3.7422533  -0.1530145
 -0.63117248  0.03863887]"
1747093057.2249644,"[ 0.         -0.22706591  0.53229816  2.93522004 -2.21657934 -0.00408795
  0.96008082  1.5709191 ]","[ 0.00000000e+00  4.15950101e-02 -2.71582244e-01  0.00000000e+00
 -4.49737631e-05 -1.06059783e-05 -7.40737029e-05  0.00000000e+00]","[ 0.          0.48990354 10.0036335   0.83522373 -3.75122166 -0.15419182
 -0.64543301  0.06291469]"
1747093057.2261133,"[ 0.         -0.22701957  0.53203044  2.93522004 -2.21657934 -0.00408795
  0.96008082  1.5709191 ]","[ 0.00000000e+00  4.36337140e-02 -2.71172933e-01  0.00000000e+00
 -4.49733161e-05 -1.06058726e-05 -7.41303991e-05  0.00000000e+00]","[ 0.          0.42384622 10.04615116  0.8035304  -3.75254726 -0.18269323
 -0.64941084  0.06192906]"
1747093057.2279503,"[ 0.         -0.22692849  0.53149918  2.93522004 -2.21657907 -0.00408795
  0.96008082  1.5709191 ]","[ 0.00000000e+00  4.75371550e-02 -2.68206787e-01  0.00000000e+00
 -3.70651995e-05 -1.06059783e-05 -7.40737029e-05  0.00000000e+00]","[ 0.          0.34088126 10.1821804   0.76699191 -3.69958019 -0.18607102
 -0.64257312  0.05587745]"
1747093057.229083,"[ 0.         -0.22687842  0.53121632  2.93522004 -2.21657907 -0.00408795
  0.96008082  1.5709191 ]","[ 0.00000000e+00  5.07783261e-02 -2.66316109e-01  0.00000000e+00
 -3.70368514e-05 -1.06140091e-05 -7.40737029e-05  0.00000000e+00]","[ 0.          0.30091891 10.24447155  0.70437193 -3.69585013 -0.17447968
 -0.63574612  0.05192624]"
1747093057.2308,"[ 0.         -0.22676337  0.53069743  2.93522004 -2.21657934 -0.00408795
  0.96008082  1.5709191 ]","[ 0.00000000e+00  5.76224878e-02 -2.60919629e-01  0.00000000e+00
 -3.96823397e-05 -1.06059783e-05 -7.40737029e-05  0.00000000e+00]","[ 0.          0.15206543 10.30429554  0.63482106 -3.66572285 -0.15435164
 -0.65403986  0.05442518]"
1747093057.2319741,"[ 0.         -0.22670585  0.53044167  2.93522004 -2.21657934 -0.00408795
  0.96007989  1.5709191 ]","[ 0.00000000e+00  5.83410544e-02 -2.59293570e-01  0.00000000e+00
 -3.97123214e-05 -1.06059783e-05 -8.46556558e-05  0.00000000e+00]","[ 0.          0.07215496 10.31642342  0.62566227 -3.66679859 -0.16045634
 -0.65525842  0.04890284]"
1747093057.2337434,"[ 0.         -0.22658867  0.5299136   2.93522004 -2.21657934 -0.00408795
  0.96007989  1.5709191 ]","[ 0.00000000e+00  5.94214448e-02 -2.57672986e-01  0.00000000e+00
 -3.96823397e-05 -1.06059783e-05 -8.46564929e-05  0.00000000e+00]","[ 0.         -0.1052682  10.27653694  0.51615149 -3.665874   -0.15134978
 -0.61983591  0.06005592]"
1747093057.2354624,"[ 0.         -0.22652582  0.52965873  2.93521951 -2.21657934 -0.00408795
  0.96007989  1.5709191 ]","[ 0.00000000e+00  5.91813566e-02 -2.58483286e-01 -2.95021731e-05
 -3.97724188e-05  0.00000000e+00 -8.46564929e-05  0.00000000e+00]","[ 0.         -0.14817968 10.25534725  0.48262575 -3.69878268 -0.12380192
 -0.63764441  0.03878444]"
1747093057.237138,"[ 0.         -0.22640757  0.52915593  2.93521951 -2.21657934 -0.00408689
  0.96007989  1.5709191 ]","[ 0.00000000e+00  5.99616379e-02 -2.53634386e-01 -2.78617056e-05
 -3.44433659e-05  1.05978530e-05 -8.46556558e-05  0.00000000e+00]","[ 0.         -0.29119855 10.2407198   0.4502559  -3.68027449 -0.10140139
 -0.64820689  0.05934102]"
1747093057.2383924,"[ 0.         -0.22634952  0.52888731  2.93521951 -2.21657934 -0.00408689
  0.96007989  1.5709191 ]","[ 0.00000000e+00  5.88215927e-02 -2.53025371e-01 -2.64951613e-05
 -3.44433659e-05  1.06060839e-05 -8.46556558e-05  0.00000000e+00]","[ 0.         -0.37063929 10.24800014  0.44684571 -3.68555045 -0.10697073
 -0.66458243  0.05474474]"
1747093057.240136,"[ 0.         -0.22623553  0.5283932   2.93521951 -2.21657934 -0.00408689
  0.96007989  1.5709191 ]","[ 0.00000000e+00  5.45596902e-02 -2.49570069e-01 -2.52552021e-05
 -3.44694302e-05  1.05900569e-05 -7.40744343e-05  0.00000000e+00]","[ 0.         -0.44743842 10.37656116  0.39465785 -3.58708405 -0.11763914
 -0.65755385  0.05541018]"
1747093057.2419066,"[ 0.         -0.22612954  0.52788903  2.93521951 -2.21657934 -0.00408689
  0.96007889  1.5709191 ]","[ 0.00000000e+00  5.34792999e-02 -2.45251553e-01 -2.41272069e-05
 -3.44430205e-05  1.05900569e-05 -8.46556558e-05  0.00000000e+00]","[ 0.         -0.56237054 10.50245094  0.34932569 -3.57619762 -0.13986374
 -0.65980178  0.05616992]"
1747093057.243091,"[ 0.         -0.22607095  0.52764701  2.93521951 -2.21657934 -0.00408689
  0.96007889  1.5709191 ]","[ 0.00000000e+00  5.51171606e-02 -2.45518602e-01 -2.41272069e-05
 -3.44690848e-05  1.05899522e-05 -8.45917913e-05  0.00000000e+00]","[ 0.         -0.59637672 10.51388359  0.35164022 -3.55670738 -0.13305323
 -0.67489773  0.0517864 ]"
1747093057.2448797,"[ 0.         -0.22601609  0.52740457  2.93521897 -2.21657934 -0.00408689
  0.96007889  1.5709191 ]","[ 0.00000000e+00  5.56400806e-02 -2.45539674e-01 -4.60396087e-05
 -3.44694302e-05  1.05899522e-05 -8.47836692e-05  0.00000000e+00]","[ 0.         -0.61473006 10.59849262  0.37165698 -3.55092812 -0.12824571
 -0.68453449  0.03834191]"
1747093057.2460585,"[ 0.         -0.2259037   0.52690176  2.93521897 -2.21657934 -0.00408689
  0.96007889  1.5709191 ]","[ 0.00000000e+00  5.67204709e-02 -2.45251553e-01 -4.41596980e-05
 -3.44433659e-05  1.05899522e-05 -8.47828240e-05  0.00000000e+00]","[ 0.         -0.68384874 10.66552067  0.34622258 -3.56814337 -0.12182574
 -0.70311797  0.04031339]"
1747093057.2477818,"[ 0.         -0.22584352  0.52666025  2.93521897 -2.21657987 -0.00408689
  0.96007889  1.5709191 ]","[ 0.00000000e+00  5.66736701e-02 -2.44978413e-01 -4.24239132e-05
 -3.97724188e-05  1.05899522e-05 -8.47828240e-05  0.00000000e+00]","[ 0.         -0.71261007 10.65555477  0.31660742 -3.59510756 -0.1149352
 -0.70473856  0.03735784]"
1747093057.2495778,"[ 0.         -0.22572953  0.52617672  2.93521897 -2.21657987 -0.00408689
  0.96007796  1.5709191 ]","[ 0.00000000e+00  5.78008613e-02 -2.44438224e-01 -4.24239132e-05
 -3.97720206e-05  1.05819570e-05 -9.53816248e-05  0.00000000e+00]","[ 0.         -0.78199196 10.73118973  0.26590306 -3.63166404 -0.09495518
 -0.70113248  0.05185066]"
1747093057.2512796,"[ 0.         -0.22561395  0.52567847  2.93521871 -2.2165804  -0.00408689
  0.96007796  1.5709191 ]","[ 0.00000000e+00  5.78008613e-02 -2.42264985e-01 -4.90308779e-05
 -4.50754075e-05  1.05899522e-05 -9.51657631e-05  0.00000000e+00]","[ 0.         -0.83532846 10.78503513  0.24606596 -3.67921519 -0.05971801
 -0.72020841  0.05191274]"
1747093057.2524865,"[ 0.         -0.22555163  0.52544062  2.93521871 -2.2165804  -0.00408689
  0.96007796  1.5709191 ]","[ 0.00000000e+00  5.86798210e-02 -2.41197040e-01 -4.90290696e-05
 -4.50754075e-05  1.05900569e-05 -9.53816248e-05  0.00000000e+00]","[ 0.         -0.86070436 10.89512157  0.2524952  -3.66957259 -0.05982439
 -0.73525345  0.06146187]"
1747093057.2542808,"[ 0.         -0.22544671  0.52496904  2.93521818 -2.2165804  -0.00408689
  0.96007796  1.5709191 ]","[ 0.00000000e+00  5.23989095e-02 -2.38496079e-01 -6.62360177e-05
 -4.50758585e-05  1.05900569e-05 -9.54538036e-05  0.00000000e+00]","[ 0.         -0.91286635 11.04337311  0.21959411 -3.73909521 -0.08047953
 -0.71504003  0.05891167]"
1747093057.2559915,"[ 0.         -0.22534018  0.52448734  2.93521818 -2.21658067 -0.00408689
  0.96007703  1.5709191 ]","[ 0.00000000e+00  5.31629122e-02 -2.34714707e-01 -6.39941242e-05
 -4.77269018e-05  1.05899522e-05 -1.03330098e-04  0.00000000e+00]","[ 0.         -0.90831107 11.19484043  0.19126959 -3.77973533 -0.10875452
 -0.71975112  0.04093804]"
1747093057.2576935,"[ 0.         -0.22524111  0.52403001  2.93521818 -2.21658067 -0.00408689
  0.96007703  1.5709191 ]","[ 0.00000000e+00  4.96979357e-02 -2.30393145e-01 -6.18990182e-05
 -4.50754075e-05  1.05819570e-05 -1.03330098e-04  0.00000000e+00]","[ 0.         -0.87421274 11.32563019  0.20624149 -3.80104685 -0.12082499
 -0.74090159  0.04418397]"
1747093057.2599277,"[ 0.         -0.2251479   0.52356482  2.93521818 -2.21658067 -0.00408689
  0.96007703  1.5709191 ]","[ 0.00000000e+00  4.42959881e-02 -2.25531395e-01 -5.97906485e-05
 -4.50754075e-05  1.05899522e-05 -1.03331130e-04  0.00000000e+00]","[ 0.         -0.82506722 11.39980602  0.21219994 -3.84954834 -0.11475367
 -0.75225651  0.05883843]"
1747093057.2615795,"[ 0.         -0.22510635  0.52334441  2.93521818 -2.2165812  -0.00408689
  0.96007703  1.5709191 ]","[ 0.00000000e+00  4.20925135e-02 -2.23414115e-01 -5.97906485e-05
 -5.03789000e-05  1.05899522e-05 -1.03330098e-04  0.00000000e+00]","[ 0.         -0.8224802  11.34437275  0.23289281 -3.86853385 -0.11259073
 -0.75906813  0.05409206]"
1747093057.2632854,"[ 0.         -0.22502806  0.52289121  2.93521818 -2.2165812  -0.00408689
  0.96007603  1.5709191 ]","[ 0.00000000e+00  3.88940363e-02 -2.20176227e-01 -5.79578031e-05
 -5.03783961e-05  1.05819570e-05 -1.05979589e-04  0.00000000e+00]","[ 0.         -0.75255203 11.32091331  0.22743681 -3.88790226 -0.08910479
 -0.75684583  0.03150281]"
1747093057.2644165,"[ 0.         -0.22498971  0.52267586  2.93521818 -2.21658173 -0.00408689
  0.96007603  1.5709191 ]","[ 0.00000000e+00  3.61106584e-02 -2.18508855e-01 -5.62322872e-05
 -5.56813848e-05  1.05900569e-05 -1.05979589e-04  0.00000000e+00]","[ 0.         -0.73671913 11.33323765  0.23897724 -3.89824772 -0.10092531
 -0.75562739  0.04862053]"
1747093057.2661006,"[ 0.         -0.22492313  0.52225385  2.93521818 -2.21658173 -0.00408689
  0.96007603  1.5709191 ]","[ 0.00000000e+00  3.29518914e-02 -2.13377011e-01 -5.46081393e-05
 -5.03403034e-05  1.05820616e-05 -1.06059781e-04  0.00000000e+00]","[ 0.         -0.63514209 11.29452991  0.28144526 -3.85932302 -0.10023715
 -0.74121189  0.05934637]"
1747093057.2678173,"[ 0.         -0.22489277  0.52202791  2.93521818 -2.2165812  -0.00408582
  0.96007603  1.5709191 ]","[ 0.00000000e+00  3.07911127e-02 -2.12651649e-01 -5.46081393e-05
 -4.50413255e-05  2.11799045e-05 -1.05979589e-04  0.00000000e+00]","[ 0.         -0.61840445 11.2207756   0.3172406  -3.82763195 -0.09540999
 -0.72563297  0.07595053]"
1747093057.2689009,"[ 0.         -0.22483738  0.52161053  2.93521818 -2.2165812  -0.00408582
  0.96007603  1.5709191 ]","[ 0.00000000e+00  2.53891630e-02 -2.10732392e-01 -5.29620964e-05
 -4.50754075e-05  2.11639139e-05 -1.06059781e-04  0.00000000e+00]","[ 0.         -0.52938974 11.19704247  0.34333789 -3.72919178 -0.11820149
 -0.70922732  0.06832024]"
1747093057.2706175,"[ 0.         -0.224815    0.52138782  2.93521818 -2.21658067 -0.00408582
  0.96007603  1.5709191 ]","[ 0.00000000e+00  2.26881871e-02 -2.09642426e-01 -5.15189399e-05
 -3.97724188e-05  2.11639139e-05 -1.06059781e-04  0.00000000e+00]","[ 0.         -0.47138143 11.23471451  0.3735995  -3.68255138 -0.12523665
 -0.71157622  0.06126817]"
1747093057.2722583,"[ 0.         -0.22477879  0.52097776  2.93521818 -2.21658067 -0.00408582
  0.96007603  1.5709191 ]","[ 0.00000000e+00  1.60491814e-02 -2.06894660e-01 -3.68756704e-05
 -3.97724188e-05  2.11799045e-05 -1.05979589e-04  0.00000000e+00]","[ 0.         -0.34719685 11.12400246  0.42878881 -3.59982157 -0.16198385
 -0.69375998  0.04794485]"
1747093057.273995,"[ 0.         -0.22475535  0.52055575  2.93521818 -2.2165812  -0.00408582
  0.96007603  1.5709191 ]","[ 0.00000000e+00  1.02533044e-02 -2.04685102e-01 -3.58221418e-05
 -4.50413255e-05  2.11639139e-05 -1.06059781e-04  0.00000000e+00]","[ 0.         -0.21723227 10.99845028  0.52362651 -3.52983236 -0.18537134
 -0.69262701  0.04079686]"
1747093057.2750638,"[ 0.         -0.22474736  0.52035601  2.93521818 -2.2165812  -0.00408582
  0.96007603  1.5709191 ]","[ 0.00000000e+00  8.10292405e-03 -2.02778761e-01 -3.48964966e-05
 -4.50413255e-05  2.11799045e-05 -9.53816248e-05  0.00000000e+00]","[ 0.         -0.16089883 10.88042927  0.56615305 -3.53785801 -0.17007525
 -0.68412876  0.04806949]"
1747093057.2767665,"[ 0.         -0.22473671  0.51996526  2.93521818 -2.2165812  -0.00408582
  0.96007603  1.5709191 ]","[ 0.00000000e+00  4.32155961e-03 -1.97441254e-01 -3.39507038e-05
 -4.50754075e-05  2.11801137e-05 -9.54538036e-05  0.00000000e+00]","[ 0.         -0.02707175 10.69780445  0.65289515 -3.55897737 -0.1836894
 -0.67047668  0.05616331]"
1747093057.278418,"[ 0.         -0.22473404  0.5197577   2.93521818 -2.2165812  -0.00408582
  0.96007603  1.5709191 ]","[ 0.00000000e+00  2.70097486e-03 -1.95348625e-01 -3.40166205e-05
 -4.50754075e-05  2.11639139e-05 -9.54547545e-05  0.00000000e+00]","[ 0.          0.06279037 10.61707592  0.67047405 -3.56698084 -0.19625388
 -0.64884746  0.05269868]"
1747093057.2800975,"[ 0.         -0.22473138  0.51937427  2.93521818 -2.2165812  -0.00408582
  0.96007603  1.5709191 ]","[ 0.00000000e+00  5.40194952e-04 -1.94740276e-01 -3.31816742e-05
 -3.97720206e-05  2.11799045e-05 -9.53816248e-05  0.00000000e+00]","[ 0.          0.19343159 10.41167164  0.71636522 -3.60544491 -0.21241601
 -0.64232057  0.05280612]"
1747093057.2823377,"[ 0.         -0.22473032  0.51899221  2.93521871 -2.2165812  -0.00408582
  0.96007603  1.5709191 ]","[ 0.00000000e+00  5.40194952e-04 -1.94200087e-01 -1.93957153e-05
 -3.97423437e-05  2.11639139e-05 -8.48478263e-05  0.00000000e+00]","[ 0.          0.39078027 10.30863094  0.87426025 -3.57168102 -0.21409282
 -0.63888472  0.0624251 ]"
1747093057.2840133,"[ 0.         -0.22472925  0.51859549  2.93521871 -2.21658067 -0.00408689
  0.96007603  1.5709191 ]","[ 0.00000000e+00  5.40194952e-04 -1.94200087e-01 -1.93952440e-05
 -3.44694302e-05  1.05900569e-05 -8.47836692e-05  0.00000000e+00]","[ 0.          0.55353886 10.26002693  1.03513706 -3.53694057 -0.23728977
 -0.61035502  0.04203852]"
1747093057.2864175,"[ 0.         -0.22472712  0.51821343  2.93521897 -2.21658067 -0.00408689
  0.96007603  1.5709191 ]","[ 0.00000000e+00  7.94775760e-04 -1.93193845e-01  0.00000000e+00
 -3.44430205e-05  1.05819570e-05 -8.48478263e-05  0.00000000e+00]","[ 0.          0.70819217 10.26449871  1.13844001 -3.49757457 -0.25862509
 -0.61834431  0.01300809]"
1747093057.2875943,"[ 0.         -0.22472233  0.51782404  2.93521897 -2.21658067 -0.00408689
  0.96007603  1.5709191 ]","[ 0.00000000e+00  1.33313592e-03 -1.89608431e-01  0.00000000e+00
 -3.17938749e-05  1.05899522e-05 -8.47836692e-05  0.00000000e+00]","[ 0.          0.81953144 10.23817253  1.21209979 -3.5265553  -0.30845797
 -0.62963563  0.01245575]"
1747093057.2893503,"[ 0.         -0.22471913  0.51763852  2.93521951 -2.21658067 -0.00408689
  0.96007603  1.5709191 ]","[ 0.00000000e+00  1.58543961e-03 -1.88257942e-01  1.17802494e-05
 -3.18179359e-05  1.05819570e-05 -7.68344325e-05  0.00000000e+00]","[ 0.          0.87958294 10.23932648  1.29758787 -3.53998637 -0.32904437
 -0.62911564  0.02256605]"
1747093057.291104,"[ 0.         -0.22471167  0.51725696  2.93521951 -2.2165812  -0.00408689
  0.96007603  1.5709191 ]","[ 0.00000000e+00  2.06515217e-03 -1.84746681e-01  1.15288358e-05
 -3.17938749e-05  1.05819570e-05 -7.68933393e-05  0.00000000e+00]","[ 0.          1.01612461 10.17975044  1.35741091 -3.6387887  -0.33187032
 -0.63602197  0.02341074]"
1747093057.2928119,"[ 0.         -0.22470741  0.5170751   2.93522004 -2.2165812  -0.00408689
  0.96007603  1.5709191 ]","[ 0.00000000e+00  2.71582146e-03 -1.84476569e-01  2.25758575e-05
 -3.18176189e-05  1.05899522e-05 -7.68359685e-05  0.00000000e+00]","[ 0.          1.03191257 10.13532925  1.37478757 -3.71096063 -0.33823505
 -0.63794428  0.02612654]"
1747093057.2940538,"[ 0.         -0.22469569  0.51669626  2.93522004 -2.21658173 -0.00408689
  0.96007603  1.5709191 ]","[ 0.00000000e+00  4.90111730e-03 -1.85568665e-01  2.20789347e-05
 -3.71209245e-05  1.05819570e-05 -7.68933393e-05  0.00000000e+00]","[ 0.          1.10176468 10.13219929  1.44776809 -3.78022528 -0.33603662
 -0.63265342  0.0289362 ]"
1747093057.2957923,"[ 0.         -0.22468131  0.51632938  2.93522004 -2.21658173 -0.00408689
  0.96007603  1.5709191 ]","[ 0.00000000e+00  7.29263180e-03 -1.87177547e-01  2.16367636e-05
 -3.70928568e-05  1.05820616e-05 -7.68351964e-05  0.00000000e+00]","[ 0.          1.1385386  10.16573143  1.44512093 -3.79531741 -0.32170731
 -0.64257443  0.03977398]"
1747093057.2975962,"[ 0.         -0.22467119  0.51614572  2.93522004 -2.21658173 -0.00408689
  0.96007603  1.5709191 ]","[ 0.00000000e+00  8.58245273e-03 -1.86367264e-01  2.11799045e-05
 -3.71209245e-05  1.05819570e-05 -7.68933393e-05  0.00000000e+00]","[ 0.          1.16425371 10.23952866  1.44374573 -3.78733468 -0.325259
 -0.64789343  0.03609328]"
1747093057.2993314,"[ 0.         -0.22464936  0.51576825  2.93522004 -2.2165812  -0.00408689
  0.96007603  1.5709191 ]","[ 0.00000000e+00  1.24370975e-02 -1.82810213e-01  2.08035078e-05
 -3.70924870e-05  1.05819570e-05 -7.68933393e-05  0.00000000e+00]","[ 0.          1.17056537 10.35163593  1.45991242 -3.80040836 -0.34818652
 -0.6807161   0.02645467]"
1747093057.3010867,"[ 0.         -0.22462113  0.51541375  2.93522031 -2.21658173 -0.00408689
  0.96007603  1.5709191 ]","[ 0.00000000e+00  1.45445703e-02 -1.78083718e-01  2.54760194e-05
 -3.71209245e-05  1.05820616e-05 -6.62372408e-05  0.00000000e+00]","[ 0.00000000e+00  1.17461479e+00  1.05233021e+01  1.43231416e+00
 -3.79961109e+00 -3.68315995e-01 -6.65429533e-01  3.90126696e-03]"
1747093057.3029137,"[ 0.         -0.22460515  0.51524018  2.93522031 -2.21658173 -0.00408795
  0.96007603  1.5709191 ]","[ 0.00000000e+00  1.62058481e-02 -1.76103558e-01  3.05706397e-05
 -3.71209245e-05  0.00000000e+00 -6.62873661e-05  0.00000000e+00]","[ 0.00000000e+00  1.16332459e+00  1.05561705e+01  1.43103147e+00
 -3.81407261e+00 -3.63569349e-01 -6.84557021e-01 -1.05115017e-02]"
1747093057.3040464,"[ 0.         -0.2245684   0.51486088  2.93522031 -2.21658173 -0.00408795
  0.96007603  1.5709191 ]","[ 0.00000000e+00  1.85568669e-02 -1.70431507e-01  3.00475124e-05
 -3.70928568e-05  0.00000000e+00 -6.62372408e-05  0.00000000e+00]","[ 0.          1.11828363 10.58928013  1.39203334 -3.8294518  -0.33635536
 -0.68974209  0.01750468]"
1747093057.3058038,"[ 0.         -0.22452898  0.51452063  2.93522031 -2.21658173 -0.00408795
  0.9600751   1.5709191 ]","[ 0.00000000e+00  2.05274085e-02 -1.65256419e-01  2.93774228e-05
 -3.71209245e-05  0.00000000e+00 -7.42418490e-05  0.00000000e+00]","[ 0.          1.06408298 10.60946178  1.3074168  -3.84515381 -0.30711582
 -0.68522722  0.033239  ]"
1747093057.3075004,"[ 0.         -0.22450821  0.514359    2.93522031 -2.21658173 -0.00408795
  0.9600751   1.5709191 ]","[ 0.00000000e+00  2.10676037e-02 -1.63783059e-01  2.94597485e-05
 -3.70928568e-05  0.00000000e+00 -7.42418490e-05  0.00000000e+00]","[ 0.00000000e+00  1.04013669e+00  1.06433372e+01  1.26404941e+00
 -3.84200430e+00 -3.04834992e-01 -7.11285472e-01  3.10391700e-03]"
1747093057.30921,"[ 0.         -0.22446613  0.51403437  2.93522031 -2.21658173 -0.00408689
  0.9600751   1.5709191 ]","[ 0.00000000e+00  2.05630137e-02 -1.64759457e-01  3.84724780e-05
 -3.71209245e-05  1.05820616e-05 -7.41857136e-05  0.00000000e+00]","[ 0.          0.95973426 10.68618298  1.18076968 -3.81006622 -0.29411671
 -0.70464772  0.02999986]"
1747093057.310394,"[ 0.         -0.22444696  0.51386033  2.93522031 -2.21658173 -0.00408689
  0.9600751   1.5709191 ]","[ 0.00000000e+00  1.94470181e-02 -1.64002570e-01  3.77478946e-05
 -3.71209245e-05  1.05820616e-05 -7.41849740e-05  0.00000000e+00]","[ 0.          0.93862146 10.71208954  1.15400398 -3.80989575 -0.27130902
 -0.71452135  0.03111159]"
1747093057.3122294,"[ 0.         -0.2244102   0.51354441  2.93522031 -2.21658173 -0.00408689
  0.9600751   1.5709191 ]","[ 0.00000000e+00  1.75537915e-02 -1.58277123e-01  3.70997772e-05
 -3.71205547e-05  1.05819570e-05 -7.42418490e-05  0.00000000e+00]","[ 0.          0.87380636 10.83881092  1.08627903 -3.7468679  -0.27302784
 -0.7026521   0.02435763]"
1747093057.3143823,"[ 0.         -0.22437825  0.51338918  2.93522031 -2.21658173 -0.00408689
  0.9600751   1.5709191 ]","[ 0.00000000e+00  1.56656540e-02 -1.57307283e-01  3.64735386e-05
 -3.71209245e-05  1.05820616e-05 -7.40737029e-05  0.00000000e+00]","[ 0.          0.79292303 10.92224789  1.00428367 -3.7325604  -0.27552128
 -0.71670663  0.01466882]"
1747093057.315531,"[ 0.         -0.22436173  0.51323675  2.93522031 -2.21658173 -0.00408689
  0.9600751   1.5709191 ]","[ 0.00000000e+00  1.67460433e-02 -1.54495751e-01  3.64729168e-05
 -3.71209245e-05  1.05819570e-05 -7.42411095e-05  0.00000000e+00]","[ 0.          0.7672025  10.91961479  0.97212952 -3.73205543 -0.29845935
 -0.72882044  0.01149289]"
1747093057.3172512,"[ 0.         -0.22432871  0.51292496  2.93522031 -2.21658173 -0.00408689
  0.9600751   1.5709191 ]","[ 0.00000000e+00  1.65507181e-02 -1.50984489e-01  3.58680937e-05
 -3.71209245e-05  1.05819570e-05 -7.40744343e-05  0.00000000e+00]","[ 0.          0.69034886 10.9595089   0.91191202 -3.7738595  -0.27500427
 -0.72899997  0.01667098]"
1747093057.3184848,"[ 0.         -0.22431273  0.51277892  2.93522031 -2.21658226 -0.00408689
  0.9600751   1.5709191 ]","[ 0.00000000e+00  1.62058481e-02 -1.48013417e-01  3.58222596e-05
 -3.70648338e-05  1.05819570e-05 -7.40737029e-05  0.00000000e+00]","[ 0.          0.65888226 10.98870087  0.89642441 -3.80405021 -0.2638891
 -0.70843261  0.01810794]"
1747093057.3202326,"[ 0.         -0.22427864  0.51248184  2.93522031 -2.21658253 -0.00408689
  0.9600751   1.5709191 ]","[ 0.00000000e+00  1.72862385e-02 -1.42736796e-01  3.52824185e-05
 -3.44170008e-05  1.05820616e-05 -6.61372301e-05  0.00000000e+00]","[ 0.          0.59181511 10.97060394  0.86648142 -3.87894702 -0.21871091
 -0.7378782   0.02869773]"
1747093057.321461,"[ 0.         -0.2242584   0.51234316  2.93522031 -2.21658253 -0.00408689
  0.96007417  1.5709191 ]","[ 0.00000000e+00  1.90584026e-02 -1.40720783e-01  3.52824185e-05
 -3.44173463e-05  1.05740785e-05 -7.40737029e-05  0.00000000e+00]","[ 0.          0.54467928 10.92299747  0.83102012 -3.8900888  -0.21247618
 -0.75307065  0.03328289]"
1747093057.3231635,"[ 0.         -0.22421899  0.5120612   2.93522031 -2.21658253 -0.00408689
  0.96007417  1.5709191 ]","[ 0.00000000e+00  2.05274085e-02 -1.36668808e-01  3.46720606e-05
 -3.17698567e-05  1.05819570e-05 -7.41303991e-05  0.00000000e+00]","[ 0.          0.47415155 10.82150555  0.78725231 -3.93663478 -0.21634306
 -0.76371789  0.03588824]"
1747093057.324951,"[ 0.         -0.22417798  0.51179212  2.93522031 -2.21658253 -0.00408689
  0.96007417  1.5709191 ]","[ 0.00000000e+00  2.10676037e-02 -1.36399221e-01  3.41244985e-05
 -3.17698567e-05  1.05739739e-05 -6.61372301e-05  0.00000000e+00]","[ 0.          0.4230426  10.79609585  0.79792416 -3.95091009 -0.22414723
 -0.75009257  0.01787971]"
1747093057.3261619,"[ 0.         -0.22415561  0.51165849  2.93522031 -2.21658253 -0.00408689
  0.96007417  1.5709191 ]","[ 0.00000000e+00  2.10645514e-02 -1.35451552e-01  3.40835531e-05
 -3.17701716e-05  1.05739739e-05 -6.61372301e-05  0.00000000e+00]","[ 0.          0.38208655 10.83915138  0.78737777 -3.94653893 -0.22428113
 -0.74793273  0.01955561]"
1747093057.3278766,"[ 0.         -0.22411726  0.51138435  2.93522031 -2.21658253 -0.00408689
  0.96007417  1.5709191 ]","[ 0.00000000e+00  1.89068230e-02 -1.32531721e-01  3.41250430e-05
 -3.43913591e-05  1.05820616e-05 -6.61378843e-05  0.00000000e+00]","[ 0.          0.34579009 10.83073616  0.77597255 -3.92049599 -0.22023158
 -0.75015789  0.02569896]"
1747093057.329099,"[ 0.         -0.22410021  0.51125579  2.93522031 -2.21658253 -0.00408689
  0.96007417  1.5709191 ]","[ 0.00000000e+00  1.72862385e-02 -1.30457085e-01  3.35939591e-05
 -3.44173463e-05  1.05820616e-05 -6.61378843e-05  0.00000000e+00]","[ 0.          0.34014001 10.78122425  0.79005164 -3.91106415 -0.22781369
 -0.75466639  0.02231064]"
1747093057.3308716,"[ 0.         -0.22407038  0.51100369  2.93522031 -2.21658306 -0.00408689
  0.96007417  1.5709191 ]","[ 0.00000000e+00  1.35048743e-02 -1.26675712e-01  3.30406753e-05
 -3.70651995e-05  1.05820616e-05 -6.61872009e-05  0.00000000e+00]","[ 0.          0.31083187 10.70308304  0.74819714 -3.9260087  -0.22365865
 -0.76043868  0.0265129 ]"
1747093057.3325403,"[ 0.         -0.2240592   0.51087146  2.93522031 -2.21658306 -0.00408689
  0.96007417  1.5709191 ]","[ 0.00000000e+00  1.13440936e-02 -1.24381158e-01  3.30406753e-05
 -3.70372172e-05  1.05819570e-05 -6.61872009e-05  0.00000000e+00]","[ 0.          0.27532911 10.69736004  0.73750222 -3.9374342  -0.22607078
 -0.76043868  0.02487028]"
1747093057.3343291,"[ 0.         -0.22404482  0.51062945  2.93522031 -2.2165836  -0.00408689
  0.96007417  1.5709191 ]","[ 0.00000000e+00  6.48233955e-03 -1.21543868e-01  3.25808802e-05
 -4.23598089e-05  1.05820616e-05 -5.82007654e-05  0.00000000e+00]","[ 0.          0.22190452 10.54748344  0.74753833 -3.97019839 -0.20090801
 -0.75885946  0.01700197]"
1747093057.3354976,"[ 0.         -0.22404056  0.51051054  2.93522031 -2.2165836  -0.00408689
  0.96007417  1.5709191 ]","[ 0.00000000e+00  4.01229535e-03 -1.20463473e-01  3.20597217e-05
 -4.23598089e-05  1.05819570e-05 -5.82007654e-05  0.00000000e+00]","[ 0.          0.24231054 10.43819427  0.75688338 -3.97467756 -0.18591966
 -0.76515567  0.01426983]"
1747093057.3373187,"[ 0.         -0.22403896  0.51026992  2.93522031 -2.2165836  -0.00408689
  0.96007417  1.5709191 ]","[ 0.00000000e+00  0.00000000e+00 -1.15601723e-01  3.15910027e-05
 -4.23278279e-05  0.00000000e+00 -5.82013384e-05  0.00000000e+00]","[ 0.00000000e+00  2.36936748e-01  1.03118076e+01  7.42069960e-01
 -3.98327136e+00 -1.54866308e-01 -7.55071342e-01  7.70502258e-03]"
1747093057.3389869,"[ 0.         -0.22404216  0.51004768  2.93522031 -2.2165836  -0.00408689
  0.96007417  1.5709191 ]","[ 0.00000000e+00 -1.05297970e-03 -1.12360547e-01  3.11357934e-05
 -4.23598089e-05  0.00000000e+00 -5.82007654e-05  0.00000000e+00]","[ 0.          0.23151083 10.19269276  0.74801934 -3.93458509 -0.18119237
 -0.74511456  0.01282251]"
1747093057.340147,"[ 0.         -0.22404216  0.50992874  2.93522031 -2.2165836  -0.00408689
  0.96007417  1.5709191 ]","[ 0.00000000e+00 -7.94775760e-04 -1.12093499e-01  3.11017034e-05
 -4.23598089e-05  0.00000000e+00 -5.82447383e-05  0.00000000e+00]","[ 0.          0.23752232 10.17581749  0.75046039 -3.90286756 -0.20573367
 -0.72410703  0.02123901]"
1747093057.3418112,"[ 0.         -0.22404056  0.50971109  2.93522031 -2.2165836  -0.00408689
  0.96007417  1.5709191 ]","[ 0.00000000e+00 -3.19196306e-04 -1.10469869e-01  3.06599448e-05
 -4.23278279e-05  0.00000000e+00 -5.82007654e-05  0.00000000e+00]","[ 0.          0.21754129 10.14820671  0.75771219 -3.82839847 -0.20914841
 -0.72021198  0.03139386]"
1747093057.3430026,"[ 0.         -0.22403949  0.50960227  2.93522031 -2.21658306 -0.00408689
  0.96007417  1.5709191 ]","[ 0.00000000e+00  2.09573954e-04 -1.10469869e-01  3.06935147e-05
 -3.70651995e-05  0.00000000e+00 -4.76188043e-05  0.00000000e+00]","[ 0.          0.22667132 10.10616207  0.75486219 -3.7691009  -0.22411263
 -0.71338212  0.03134556]"
1747093057.3447266,"[ 0.         -0.22403949  0.50949481  2.93522031 -2.21658306 -0.00408689
  0.96007417  1.5709191 ]","[ 0.00000000e+00  1.75525527e-04 -1.09119380e-01  3.02309888e-05
 -3.70372172e-05  0.00000000e+00 -4.76547840e-05  0.00000000e+00]","[ 0.          0.23789006 10.12927532  0.77606839 -3.73195958 -0.2210146
 -0.71148503  0.02977803]"
1747093057.3459191,"[ 0.         -0.22404056  0.5092744   2.93522031 -2.21658306 -0.00408689
  0.96007417  1.5709191 ]","[ 0.00000000e+00  2.28957830e-04 -1.07389874e-01  2.98138682e-05
 -3.70368514e-05  0.00000000e+00 -4.76188043e-05  0.00000000e+00]","[ 0.          0.24857956 10.08151531  0.76180655 -3.69390607 -0.19480398
 -0.71484882  0.01843029]"
1747093057.347792,"[ 0.         -0.22404056  0.50906407  2.93522031 -2.21658306 -0.00408689
  0.96007417  1.5709191 ]","[ 0.00000000e+00  2.26491366e-04 -1.06148308e-01  2.93768803e-05
 -3.17458709e-05  0.00000000e+00 -4.76552554e-05  0.00000000e+00]","[ 0.00000000e+00  2.35394791e-01  1.00384035e+01  7.14220881e-01
 -3.69858217e+00 -1.85455695e-01 -7.03610957e-01  1.00291297e-02]"
1747093057.349538,"[ 0.         -0.22404056  0.50894929  2.93522031 -2.21658306 -0.00408689
  0.96007417  1.5709191 ]","[ 0.00000000e+00  1.98693940e-04 -1.08081205e-01  2.93768803e-05
 -3.17458709e-05  0.00000000e+00 -3.70372172e-05  0.00000000e+00]","[ 0.          0.20516914  9.97617817  0.71788263 -3.71402216 -0.18283179
 -0.70584214  0.01587944]"
1747093057.3506253,"[ 0.         -0.22404002  0.50873348  2.93522031 -2.21658306 -0.00408689
  0.96007417  1.5709191 ]","[ 0.00000000e+00 -6.50106450e-05 -1.09389475e-01  2.90132354e-05
 -3.17701716e-05  0.00000000e+00 -3.70368514e-05  0.00000000e+00]","[ 0.          0.16369309  9.92131519  0.71449703 -3.71681643 -0.17161959
 -0.68942362  0.01461176]"
1747093057.3524354,"[ 0.         -0.22404056  0.50862602  2.93522031 -2.21658306 -0.00408689
  0.96007323  1.5709191 ]","[ 0.00000000e+00 -1.16054518e-04 -1.09008818e-01  2.86288293e-05
 -2.64548924e-05  0.00000000e+00 -4.76547840e-05  0.00000000e+00]","[ 0.          0.1611591   9.978055    0.71678704 -3.70636201 -0.15710403
 -0.69502026  0.01397974]"
1747093057.3542364,"[ 0.         -0.22404056  0.50840008  2.93522031 -2.21658306 -0.00408582
  0.96007323  1.5709191 ]","[ 0.00000000e+00 -1.04797291e-04 -1.09929672e-01  2.85996218e-05
 -2.64548924e-05  1.05980643e-05 -4.76188043e-05  0.00000000e+00]","[ 0.          0.13437232 10.08319473  0.69771349 -3.69492698 -0.13958222
 -0.69417685  0.03959639]"
1747093057.3554199,"[ 0.         -0.22404056  0.50829219  2.93522031 -2.21658306 -0.00408582
  0.96007323  1.5709191 ]","[ 0.00000000e+00 -9.48841595e-05 -1.09389475e-01  2.82256552e-05
 -2.64548924e-05  1.05978530e-05 -4.76192757e-05  0.00000000e+00]","[ 0.          0.13950872 10.14300537  0.691652   -3.71259499 -0.14493735
 -0.69680929  0.04125984]"
1747093057.3571389,"[ 0.         -0.22404056  0.50807591  2.93522004 -2.2165836  -0.00408582
  0.96007323  1.5709191 ]","[ 0.00000000e+00  0.00000000e+00 -1.09119380e-01  2.46974483e-05
 -2.91006692e-05  1.05979587e-05 -3.70368514e-05  0.00000000e+00]","[ 0.          0.11057016 10.33878899  0.64445114 -3.73704529 -0.14602523
 -0.72522855  0.0459245 ]"
1747093057.3582964,"[ 0.         -0.22404056  0.50796249  2.93522004 -2.2165836  -0.00408582
  0.96007323  1.5709191 ]","[ 0.00000000e+00  0.00000000e+00 -1.06726871e-01  2.43789934e-05
 -2.91003827e-05  1.06059783e-05 -3.70368514e-05  0.00000000e+00]","[ 0.          0.08684193 10.44859028  0.61644161 -3.75518632 -0.15040584
 -0.73343188  0.03854056]"
1747093057.3599365,"[ 0.         -0.22404109  0.50775447  2.93522004 -2.2165836  -0.00408582
  0.96007323  1.5709191 ]","[ 0.00000000e+00 -3.73462505e-05 -1.04797819e-01  1.74137925e-05
 -2.91223691e-05  1.05979587e-05 -3.70651995e-05  0.00000000e+00]","[ 0.          0.05822138 10.53688717  0.57343072 -3.83245349 -0.13124596
 -0.75069642  0.05140715]"
1747093057.3617601,"[ 0.         -0.22404109  0.50765253  2.93522004 -2.21658413 -0.00408582
  0.96007323  1.5709191 ]","[ 0.00000000e+00  0.00000000e+00 -1.03447330e-01  1.71750362e-05
 -3.43913591e-05  1.05979587e-05 -3.70368514e-05  0.00000000e+00]","[ 0.          0.02304941 10.52260494  0.57201087 -3.87065101 -0.12419274
 -0.75496399  0.0464613 ]"
1747093057.3628712,"[ 0.         -0.22404109  0.50744361  2.93522004 -2.21658413 -0.00408582
  0.96007224  1.5709191 ]","[ 0.00000000e+00  0.00000000e+00 -1.02096849e-01  1.69593533e-05
 -2.91226556e-05  1.05979587e-05 -3.70368514e-05  0.00000000e+00]","[ 0.00000000e+00 -7.37420144e-03  1.06345320e+01  5.44739604e-01
 -3.94388366e+00 -1.16775297e-01 -7.50242054e-01  2.82680225e-02]"
1747093057.3646057,"[ 0.         -0.22404109  0.50734351  2.93522004 -2.21658413 -0.00408582
  0.96007224  1.5709191 ]","[ 0.00000000e+00  0.00000000e+00 -1.01453754e-01  1.35806282e-05
 -2.91226556e-05  1.05979587e-05 -3.70648338e-05  0.00000000e+00]","[ 0.         -0.0337519  10.71645069  0.52827269 -3.96664691 -0.09806424
 -0.76264983  0.03971322]"
1747093057.366414,"[ 0.         -0.22404162  0.5071433   2.93522004 -2.21658413 -0.00408582
  0.96007224  1.5709191 ]","[ 0.00000000e+00 -2.92542553e-05 -9.64247990e-02  1.35673095e-05
 -2.38094022e-05  1.06059783e-05 -3.70368514e-05  0.00000000e+00]","[ 0.         -0.0560443  10.80181599  0.49435195 -3.98442984 -0.08922565
 -0.77091026  0.05498265]"
1747093057.3675935,"[ 0.         -0.22404162  0.50705053  2.93522004 -2.21658413 -0.00408582
  0.96007224  1.5709191 ]","[ 0.00000000e+00 -2.76419224e-05 -9.39939238e-02  1.33990475e-05
 -2.38273920e-05  0.00000000e+00 -3.70368514e-05  0.00000000e+00]","[ 0.         -0.08300471 10.80745983  0.50022811 -3.98241019 -0.09143707
 -0.77262264  0.04558469]"
1747093057.36925,"[ 0.         -0.22404162  0.50687559  2.93521951 -2.21658413 -0.00408476
  0.96007224  1.5709191 ]","[ 0.00000000e+00 -5.25900682e-05 -8.67012899e-02  6.61745355e-06
 -2.91223691e-05  1.06059783e-05 -3.70368514e-05  0.00000000e+00]","[ 0.         -0.13666137 10.88996124  0.46156147 -3.9192214  -0.0953637
 -0.77487487  0.05146313]"
1747093057.3705096,"[ 0.         -0.22404216  0.5067874   2.93521951 -2.21658413 -0.00408476
  0.96007224  1.5709191 ]","[ 0.00000000e+00 -7.88928964e-05 -8.29262757e-02  0.00000000e+00
 -2.91003827e-05  1.05979587e-05 -3.70368514e-05  0.00000000e+00]","[ 0.         -0.1916665  10.93331242  0.4400773  -3.9130466  -0.08835533
 -0.77985138  0.05245541]"
1747093057.3723004,"[ 0.         -0.22404216  0.50662672  2.93521951 -2.21658413 -0.00408476
  0.96007224  1.5709191 ]","[ 0.00000000e+00 -9.99450596e-05 -7.98678516e-02  0.00000000e+00
 -3.44173463e-05  1.05979587e-05 -3.70368514e-05  0.00000000e+00]","[ 0.         -0.24760088 10.94755936  0.43127254 -3.83168364 -0.09716225
 -0.78530222  0.04278255]"
1747093057.373829,"[ 0.         -0.22404216  0.50646783  2.93521951 -2.21658413 -0.00408476
  0.96007224  1.5709191 ]","[ 0.00000000e+00 -9.61820605e-05 -7.64843803e-02  0.00000000e+00
 -2.91223691e-05  1.06060839e-05 -3.70372172e-05  0.00000000e+00]","[ 0.         -0.2951718  10.92157459  0.41456842 -3.76743937 -0.09981249
 -0.77258885  0.05143376]"
1747093057.3749835,"[ 0.         -0.22404216  0.50639252  2.93521951 -2.21658413 -0.00408476
  0.96007224  1.5709191 ]","[ 0.00000000e+00 -9.20831916e-05 -7.64375836e-02  0.00000000e+00
 -2.91226556e-05  1.05979587e-05 -3.70368514e-05  0.00000000e+00]","[ 0.         -0.32059714 10.8964119   0.39941949 -3.72554588 -0.12094644
 -0.77157146  0.05779166]"
1747093057.377221,"[ 0.         -0.22404269  0.50624052  2.93521897 -2.21658413 -0.00408476
  0.96007224  1.5709191 ]","[ 0.00000000e+00 -9.20831916e-05 -7.71696116e-02 -6.08423515e-06
 -2.91223691e-05  1.05979587e-05 -3.70368514e-05  0.00000000e+00]","[ 0.         -0.36115301 10.86924744  0.38924298 -3.64835668 -0.09671868
 -0.7744419   0.06512558]"
1747093057.378471,"[ 0.         -0.22404322  0.50616659  2.93521897 -2.2165836  -0.00408476
  0.96007224  1.5709191 ]","[ 0.00000000e+00 -1.10047980e-04 -7.50870946e-02 -6.08423515e-06
 -2.38273920e-05  1.05979587e-05 -3.70368514e-05  0.00000000e+00]","[ 0.         -0.37846705 10.86343861  0.36144942 -3.63163185 -0.10232241
 -0.76855093  0.07546541]"
1747093057.3801582,"[ 0.         -0.22404322  0.50601599  2.93521897 -2.2165836  -0.00408476
  0.96007224  1.5709191 ]","[ 0.00000000e+00 -1.05739735e-04 -7.34665111e-02 -6.01124315e-06
 -2.38273920e-05  1.05979587e-05 -3.70651995e-05  0.00000000e+00]","[ 0.         -0.43384409 10.84371281  0.35122007 -3.62090158 -0.08717055
 -0.7687332   0.06384169]"
1747093057.381911,"[ 0.         -0.22404375  0.50587178  2.93521871 -2.2165836  -0.00408476
  0.96007224  1.5709191 ]","[ 0.00000000e+00 -1.22107350e-04 -7.21160221e-02 -1.48627174e-05
 -2.38094022e-05  1.06059783e-05 -3.70372172e-05  0.00000000e+00]","[ 0.         -0.51200968 10.83128929  0.34514979 -3.61305261 -0.07340947
 -0.76586825  0.05598585]"
1747093057.3830688,"[ 0.         -0.22404375  0.50579741  2.93521871 -2.2165836  -0.00408476
  0.96007224  1.5709191 ]","[ 0.00000000e+00 -1.17669767e-04 -6.99644043e-02 -1.48753361e-05
 -2.38276277e-05  1.05979587e-05 -3.70368514e-05  0.00000000e+00]","[ 0.         -0.53094369 10.804986    0.34324375 -3.61868238 -0.07569636
 -0.772901    0.05210306]"
1747093057.384731,"[ 0.         -0.22404429  0.50566561  2.93521871 -2.21658413 -0.00408476
  0.96007224  1.5709191 ]","[ 0.00000000e+00 -1.32472035e-04 -6.67140745e-02 -1.47007642e-05
 -3.44173463e-05  2.12119566e-05 -3.70372172e-05  0.00000000e+00]","[ 0.         -0.57257825 10.79609299  0.33016339 -3.63879395 -0.05910834
 -0.7631374   0.06115954]"
1747093057.3859034,"[ 0.         -0.22404429  0.5055995   2.93521871 -2.21658413 -0.00408476
  0.96007224  1.5709191 ]","[ 0.00000000e+00 -1.32119968e-04 -6.69841731e-02 -1.47009268e-05
 -3.43913591e-05  2.11959173e-05 -3.70372172e-05  0.00000000e+00]","[ 0.         -0.58388233 10.80307007  0.28647998 -3.65279198 -0.05544494
 -0.75772667  0.05811551]"
1747093057.387626,"[ 0.         -0.22404482  0.50546265  2.93521818 -2.21658413 -0.00408369
  0.96007224  1.5709191 ]","[ 0.00000000e+00 -1.46277293e-04 -6.67044122e-02 -2.01427646e-05
 -3.44176835e-05  3.17938749e-05 -3.70092754e-05  0.00000000e+00]","[ 0.         -0.62183255 10.81747627  0.25185943 -3.71829677 -0.05433777
 -0.76872808  0.07274057]"
1747093057.389309,"[ 0.         -0.22404482  0.505397    2.93521818 -2.21658413 -0.00408369
  0.9600713   1.5709191 ]","[ 0.00000000e+00 -1.41483473e-04 -6.63766561e-02 -2.01427646e-05
 -3.44173463e-05  3.18179359e-05 -4.76188043e-05  0.00000000e+00]","[ 0.         -0.60400474 10.84498215  0.24434948 -3.77521086 -0.05445596
 -0.77734953  0.07649828]"
1747093057.3905163,"[ 0.         -0.22404535  0.50533179  2.93521818 -2.21658413 -0.00408369
  0.9600713   1.5709191 ]","[ 0.00000000e+00 -1.41127333e-04 -6.61738814e-02 -1.99142507e-05
 -3.44173463e-05  3.18179359e-05 -4.76192757e-05  0.00000000e+00]","[ 0.         -0.59135705 10.86133862  0.24795486 -3.81412888 -0.04781364
 -0.78480351  0.07947126]"
1747093057.392357,"[ 0.         -0.22404535  0.50519723  2.93521764 -2.21658413 -0.00408369
  0.9600713   1.5709191 ]","[ 0.00000000e+00 -1.36664344e-04 -6.88748552e-02 -2.53572670e-05
 -2.91223691e-05  3.17938749e-05 -4.76188043e-05  0.00000000e+00]","[ 0.         -0.59899849 10.91157722  0.24279667 -3.8961432  -0.05144924
 -0.79170704  0.06238261]"
1747093057.3933837,"[ 0.         -0.22404535  0.50512469  2.93521764 -2.2165844  -0.00408369
  0.9600713   1.5709191 ]","[ 0.00000000e+00 -1.36664344e-04 -6.82090192e-02 -2.53572670e-05
 -3.17701716e-05  3.18179359e-05 -4.76188043e-05  0.00000000e+00]","[ 0.         -0.59556597 10.97081375  0.22647557 -3.92219067 -0.05101782
 -0.8060149   0.05220145]"
1747093057.3951313,"[ 0.         -0.22404588  0.50499843  2.93521711 -2.21658493 -0.00408369
  0.9600713   1.5709191 ]","[ 0.00000000e+00 -1.49034357e-04 -6.28689484e-02 -3.06478737e-05
 -3.17458709e-05  3.17938749e-05 -4.76188043e-05  0.00000000e+00]","[ 0.         -0.59768367 11.01131248  0.23643535 -3.99821663 -0.04558868
 -0.81266457  0.03491905]"
1747093057.3969715,"[ 0.         -0.22404588  0.5049387   2.93521711 -2.21658493 -0.00408369
  0.9600713   1.5709191 ]","[ 0.00000000e+00 -1.44601666e-04 -6.05018351e-02 -3.03349596e-05
 -3.17698567e-05  3.17938749e-05 -4.76188043e-05  0.00000000e+00]","[ 0.         -0.60887444 11.01953697  0.22323407 -4.02692366 -0.03912397
 -0.82805794  0.03402243]"
1747093057.3981419,"[ 0.         -0.22404588  0.50481796  2.93521711 -2.21658493 -0.00408369
  0.96007037  1.5709191 ]","[ 0.00000000e+00 -1.40425051e-04 -5.78008613e-02 -3.27582163e-05
 -3.17698567e-05  3.18182529e-05 -5.55558217e-05  0.00000000e+00]","[ 0.         -0.58538055 11.05439281  0.21930338 -4.07721806 -0.05673683
 -0.84656525  0.04458898]"
1747093057.3999124,"[ 0.         -0.22404642  0.5047114   2.93521711 -2.21658546 -0.00408369
  0.96007037  1.5709191 ]","[ 0.00000000e+00 -1.51320280e-04 -5.21288109e-02 -3.27582163e-05
 -4.23602275e-05  3.17938749e-05 -5.55133645e-05  0.00000000e+00]","[ 0.         -0.55353832 11.09453583  0.20480053 -4.09425879 -0.04532887
 -0.84438181  0.05752104]"
1747093057.4010565,"[ 0.         -0.22404642  0.50466001  2.93521684 -2.21658546 -0.00408316
  0.96007037  1.5709191 ]","[ 0.00000000e+00 -1.47192900e-04 -4.83983131e-02 -3.51329814e-05
 -4.23598089e-05  3.71209245e-05 -5.55552731e-05  0.00000000e+00]","[ 0.         -0.55550617 11.09481621  0.18474133 -4.10617781 -0.04075772
 -0.83013797  0.06691372]"
1747093057.4033906,"[ 0.         -0.22404695  0.50457412  2.93521684 -2.21658546 -0.00408316
  0.96007037  1.5709191 ]","[ 0.00000000e+00 -1.47502681e-04 -4.24053018e-02 -3.47583890e-05
 -3.70368514e-05  4.76908124e-05 -5.55552731e-05  0.00000000e+00]","[ 0.         -0.53223985 11.05430126  0.20048422 -4.08661938 -0.02786681
 -0.81876504  0.07157855]"
1747093057.4046035,"[ 0.         -0.22404695  0.50453324  2.93521684 -2.21658546 -0.00408316
  0.96007037  1.5709191 ]","[ 0.00000000e+00 -1.43288567e-04 -4.15950101e-02 -3.44173463e-05
 -3.70648338e-05  4.76908124e-05 -5.55133645e-05  0.00000000e+00]","[ 0.         -0.51903486 10.99415207  0.22228636 -4.05254698 -0.04373991
 -0.81619596  0.07219443]"
1747093057.4063253,"[ 0.         -0.22404695  0.50445334  2.93521631 -2.21658493 -0.00408316
  0.96007037  1.5709191 ]","[ 0.00000000e+00 -1.39585987e-04 -3.88325464e-02 -3.97423437e-05
 -3.17698567e-05  4.77269018e-05 -5.55558217e-05  0.00000000e+00]","[ 0.         -0.4569706  10.88536453  0.24922805 -3.96035099 -0.06787477
 -0.81446415  0.06215728]"
1747093057.4080734,"[ 0.         -0.22404695  0.50438493  2.93521631 -2.21658493 -0.00408316
  0.96007037  1.5709191 ]","[ 0.00000000e+00 -1.35806278e-04 -3.34581521e-02 -3.97123214e-05
 -3.17698567e-05  4.76908124e-05 -4.76188043e-05  0.00000000e+00]","[ 0.         -0.38731459 10.79915619  0.29359284 -3.78677011 -0.10637081
 -0.7771495   0.06591911]"
1747093057.4093015,"[ 0.         -0.22404695  0.50435601  2.93521631 -2.2165844  -0.00408316
  0.96007037  1.5709191 ]","[ 0.00000000e+00 -1.22222539e-04 -2.94406258e-02 -3.97724188e-05
 -2.64748795e-05  3.71209245e-05 -4.76188043e-05  0.00000000e+00]","[ 0.         -0.38362589 10.76410675  0.29801753 -3.70559978 -0.10750251
 -0.75941432  0.06422956]"
1747093057.4109735,"[ 0.         -0.22404695  0.50430551  2.93521631 -2.21658413 -0.00408316
  0.96007037  1.5709191 ]","[ 0.00000000e+00 -1.19454023e-04 -2.26881871e-02 -3.97724188e-05
 -2.38094022e-05  3.71209245e-05 -4.76192757e-05  0.00000000e+00]","[ 0.         -0.32639739 10.63898277  0.33157161 -3.56708646 -0.10422415
 -0.760032    0.06670318]"
1747093057.4122136,"[ 0.         -0.22404695  0.50428483  2.93521631 -2.21658413 -0.00408316
  0.96007037  1.5709191 ]","[ 0.00000000e+00 -1.19454023e-04 -2.10676037e-02 -3.97724188e-05
 -2.38273920e-05  3.70372172e-05 -4.76192757e-05  0.00000000e+00]","[ 0.         -0.29752767 10.57052135  0.36149287 -3.49333954 -0.11292949
 -0.74614704  0.06469558]"
1747093057.4139383,"[ 0.         -0.22404748  0.50424672  2.93521631 -2.21658413 -0.00408316
  0.96007037  1.5709191 ]","[ 0.00000000e+00 -1.26279007e-04 -1.80383432e-02 -3.98025346e-05
 -2.38273920e-05  3.70648338e-05 -4.76188043e-05  0.00000000e+00]","[ 0.         -0.23390202 10.35354042  0.40656161 -3.40304017 -0.08768778
 -0.72512323  0.07058333]"
1747093057.4156868,"[ 0.         -0.22404748  0.50422974  2.93521631 -2.21658413 -0.00408316
  0.96007037  1.5709191 ]","[ 0.00000000e+00 -1.26279007e-04 -1.72862385e-02 -3.97724188e-05
 -2.38094022e-05  3.70372172e-05 -4.76908124e-05  0.00000000e+00]","[ 0.         -0.19024941 10.28576088  0.40134037 -3.35064483 -0.07622931
 -0.70637101  0.06597044]"
1747093057.4174192,"[ 0.         -0.22404748  0.50419345  2.93521631 -2.2165836  -0.00408316
  0.96007037  1.5709191 ]","[ 0.00000000e+00 -1.23394466e-04 -1.86367264e-02 -3.97724188e-05
 -1.85604623e-05  3.70651995e-05 -4.77269018e-05  0.00000000e+00]","[ 0.         -0.14563744 10.12803364  0.44323581 -3.2896297  -0.10954084
 -0.69269782  0.06684404]"
1747093057.418465,"[ 0.         -0.22404695  0.50417188  2.93521631 -2.2165836  -0.00408316
  0.96007037  1.5709191 ]","[ 0.00000000e+00 -1.08574887e-04 -2.03122459e-02 -3.97724188e-05
 -1.85324169e-05  3.70651995e-05 -4.76908124e-05  0.00000000e+00]","[ 0.         -0.11196099 10.05322838  0.50451428 -3.27061987 -0.12248921
 -0.68747354  0.07750903]"
1747093057.420199,"[ 0.         -0.22404695  0.50412734  2.93521631 -2.2165836  -0.00408316
  0.96007037  1.5709191 ]","[ 0.00000000e+00 -1.06200757e-04 -2.26652007e-02 -3.97724188e-05
 -1.32273141e-05  3.70368514e-05 -4.77269018e-05  0.00000000e+00]","[ 0.         -0.02150409 10.03203487  0.59527773 -3.24263358 -0.14924127
 -0.6882413   0.08415906]"
1747093057.4219809,"[ 0.         -0.22404695  0.50407544  2.93521631 -2.21658413 -0.00408316
  0.96007037  1.5709191 ]","[ 0.00000000e+00 -9.42419954e-05 -2.60799204e-02 -3.97724188e-05
 -1.59089679e-05  3.70651995e-05 -3.70928568e-05  0.00000000e+00]","[ 0.          0.08527845 10.10634518  0.68190843 -3.28884888 -0.16636357
 -0.67376012  0.0645306 ]"
1747093057.4237065,"[ 0.         -0.22404695  0.50404881  2.93521631 -2.21658413 -0.00408316
  0.96007037  1.5709191 ]","[ 0.00000000e+00 -8.26024259e-05 -2.70097486e-02 -3.97720206e-05
 -1.59089679e-05  3.70372172e-05 -3.70928568e-05  0.00000000e+00]","[ 0.          0.14013566 10.1371336   0.73272991 -3.37383103 -0.14022446
 -0.67854965  0.06954835]"
1747093057.4249668,"[ 0.         -0.22404642  0.50399372  2.93521684 -2.21658413 -0.00408316
  0.96007037  1.5709191 ]","[ 0.00000000e+00 -6.92884978e-05 -2.77918524e-02 -3.44694302e-05
 -1.59091264e-05  3.70648338e-05 -3.70924870e-05  0.00000000e+00]","[ 0.          0.25758028 10.21703815  0.80501258 -3.51764607 -0.16950083
 -0.72415602  0.07370958]"
1747093057.426706,"[ 0.         -0.22404642  0.50396385  2.93521684 -2.2165844  -0.00408316
  0.96007037  1.5709191 ]","[ 0.00000000e+00 -6.91745121e-05 -2.80860672e-02 -3.44694302e-05
 -1.85602774e-05  3.70648338e-05 -3.70928568e-05  0.00000000e+00]","[ 0.          0.33110714 10.26651669  0.86869913 -3.56894183 -0.19043964
 -0.7394892   0.05553838]"
1747093057.428455,"[ 0.         -0.22404642  0.50390876  2.93521684 -2.21658546 -0.00408316
  0.96007037  1.5709191 ]","[ 0.00000000e+00 -6.77275724e-05 -2.78200403e-02 -3.44690848e-05
 -2.91443860e-05  3.70368514e-05 -3.70928568e-05  0.00000000e+00]","[ 0.          0.44296855 10.34872818  0.96173787 -3.78639388 -0.16039957
 -0.77589148  0.06699234]"
1747093057.429642,"[ 0.         -0.22404642  0.50388073  2.93521684 -2.21658546 -0.00408316
  0.96007037  1.5709191 ]","[ 0.00000000e+00 -5.64396436e-05 -2.83602355e-02 -3.44694302e-05
 -2.91664395e-05  3.70368514e-05 -3.70928568e-05  0.00000000e+00]","[ 0.          0.49588126 10.43042088  1.02670872 -3.89840841 -0.18311463
 -0.78573698  0.06158573]"
1747093057.4313037,"[ 0.         -0.22404588  0.50381921  2.93521684 -2.21658546 -0.00408316
  0.96007037  1.5709191 ]","[ 0.00000000e+00 -4.42284551e-05 -3.05649708e-02 -3.44955311e-05
 -2.91664395e-05  3.70372172e-05 -3.70932266e-05  0.00000000e+00]","[ 0.          0.61868995 10.61534119  1.13926387 -4.10559988 -0.19885162
 -0.79214901  0.07476289]"
1747093057.4324186,"[ 0.         -0.22404588  0.50378799  2.93521684 -2.21658546 -0.00408316
  0.96007037  1.5709191 ]","[ 0.00000000e+00 -3.31706515e-05 -3.16334872e-02 -3.44694302e-05
 -2.38454062e-05  3.70368514e-05 -3.70928568e-05  0.00000000e+00]","[ 0.          0.65773946 10.69815636  1.17783082 -4.17914248 -0.19422056
 -0.80510634  0.07923093]"
1747093057.434081,"[ 0.         -0.22404588  0.50372234  2.93521711 -2.21658573 -0.00408316
  0.96007037  1.5709191 ]","[ 0.00000000e+00 -3.31706515e-05 -3.34920866e-02 -3.18179359e-05
 -2.65149452e-05  3.70368514e-05 -3.70928568e-05  0.00000000e+00]","[ 0.          0.78358358 11.00031567  1.23460829 -4.30649376 -0.22779763
 -0.83069187  0.07460868]"
1747093057.4358246,"[ 0.         -0.22404588  0.50368742  2.93521711 -2.21658573 -0.00408316
  0.96006937  1.5709191 ]","[ 0.00000000e+00 -3.25053245e-05 -3.28506684e-02 -3.18182529e-05
 -2.11959173e-05  3.70368514e-05 -4.76908124e-05  0.00000000e+00]","[ 0.          0.83614492 11.14087486  1.2727108  -4.34927416 -0.23657669
 -0.84387904  0.06291053]"
1747093057.4370234,"[ 0.         -0.22404535  0.5036291   2.93521711 -2.21658573 -0.00408316
  0.96006937  1.5709191 ]","[ 0.00000000e+00 -1.08351078e-05 -2.80901368e-02 -3.18179359e-05
 -2.12119566e-05  3.70372172e-05 -4.76903370e-05  0.00000000e+00]","[ 0.          0.89343572 11.35466862  1.32358396 -4.37059593 -0.24359579
 -0.88067847  0.04192951]"
1747093057.4389296,"[ 0.         -0.22404535  0.50360476  2.93521764 -2.21658573 -0.00408316
  0.96006937  1.5709191 ]","[ 0.00000000e+00 -1.08186012e-05 -2.45788713e-02 -2.65149452e-05
 -2.12117453e-05  3.70368514e-05 -4.76912879e-05  0.00000000e+00]","[ 0.          0.92487293 11.47804642  1.36289191 -4.37520361 -0.25990358
 -0.88122916  0.04520032]"
1747093057.4405277,"[ 0.         -0.22404535  0.50355379  2.93521764 -2.21658573 -0.00408369
  0.96006937  1.5709191 ]","[ 0.00000000e+00  0.00000000e+00 -1.29646791e-02 -2.65149452e-05
 -2.12119566e-05  3.17458709e-05 -4.76908124e-05  0.00000000e+00]","[ 0.          1.01704478 11.58077145  1.39692318 -4.37422276 -0.27142909
 -0.85682672  0.05238376]"
1747093057.4423811,"[ 0.         -0.22404535  0.50354461  2.93521764 -2.21658573 -0.00408369
  0.96006937  1.5709191 ]","[ 0.00000000e+00  0.00000000e+00 -9.18331389e-03 -2.65149452e-05
 -2.12119566e-05  3.17458709e-05 -4.76908124e-05  0.00000000e+00]","[ 0.          0.99226123 11.57825851  1.42052317 -4.33977795 -0.26203567
 -0.86271471  0.04226254]"
1747093057.443455,"[ 0.         -0.22404535  0.50353635  2.93521818 -2.21658546 -0.00408369
  0.96006937  1.5709191 ]","[ 0.00000000e+00  0.00000000e+00 -2.43087727e-03 -2.12119566e-05
 -2.38815200e-05  3.17461838e-05 -4.76908124e-05  0.00000000e+00]","[ 0.          1.06135261 11.560359    1.4411478  -4.17176247 -0.24832879
 -0.86057723  0.04180221]"
1747093057.4451284,"[ 0.         -0.22404535  0.50353635  2.93521818 -2.21658546 -0.00408369
  0.96006937  1.5709191 ]","[ 0.00000000e+00  0.00000000e+00  0.00000000e+00 -2.12119566e-05
 -2.38634509e-05  3.17458709e-05 -4.76908124e-05  0.00000000e+00]","[ 0.          1.06244886 11.51169491  1.41035318 -4.06577206 -0.25499928
 -0.84620821  0.04785957]"
1747093057.4468167,"[ 0.         -0.22404535  0.50353865  2.93521818 -2.21658493 -0.00408369
  0.96006937  1.5709191 ]","[ 0.00000000e+00  0.00000000e+00  1.21482265e-03 -2.12119566e-05
 -1.85604623e-05  3.17698567e-05 -4.76908124e-05  0.00000000e+00]","[ 0.          1.03528225 11.47467422  1.40391254 -3.96646142 -0.24565901
 -0.84262651  0.05052378]"
1747093057.4484942,"[ 0.         -0.22404535  0.50354188  2.93521818 -2.2165844  -0.00408369
  0.96006937  1.5709191 ]","[ 0.00000000e+00  0.00000000e+00  1.39085760e-03 -2.12121679e-05
 -1.32574726e-05  3.17458709e-05 -4.76908124e-05  0.00000000e+00]","[ 0.          1.02061367 11.439641    1.41735125 -3.66386223 -0.26281485
 -0.81712538  0.0577716 ]"
1747093057.4496365,"[ 0.         -0.22404535  0.50353958  2.93521818 -2.2165836  -0.00408369
  0.96006937  1.5709191 ]","[ 0.00000000e+00  0.00000000e+00  2.64991160e-04 -2.12119566e-05
  0.00000000e+00  3.17698567e-05 -4.76908124e-05  0.00000000e+00]","[ 0.          1.0376451  11.4230442   1.3556155  -3.42763805 -0.27044305
 -0.7710377   0.0516904 ]"
1747093057.4513116,"[ 0.         -0.22404535  0.50353772  2.93521818 -2.2165836  -0.00408369
  0.96006937  1.5709191 ]","[ 0.00000000e+00  0.00000000e+00 -7.80032536e-04 -2.12119566e-05
 -5.30293632e-06  3.17701716e-05 -4.76912879e-05  0.00000000e+00]","[ 0.          1.02164626 11.42154121  1.34952712 -3.27660012 -0.25743216
 -0.75508749  0.06356441]"
1747093057.4530783,"[ 0.         -0.22404535  0.50353772  2.93521818 -2.2165836  -0.00408369
  0.96006937  1.5709191 ]","[ 0.00000000e+00  0.00000000e+00 -8.51020148e-04 -2.12117453e-05
 -5.30298914e-06  3.17458709e-05 -3.70928568e-05  0.00000000e+00]","[ 0.          0.96137577 11.34768105  1.33973134 -3.1130662  -0.26933199
 -0.72617054  0.05924417]"
1747093057.4547534,"[ 0.         -0.22404535  0.50353865  2.93521818 -2.2165836  -0.00408369
  0.96006937  1.5709191 ]","[ 0.00000000e+00  0.00000000e+00 -5.33254381e-04 -2.12117453e-05
 -5.30298914e-06  2.11639139e-05 -3.70928568e-05  0.00000000e+00]","[ 0.          0.940207   11.28608799  1.31681693 -3.09954143 -0.25373337
 -0.72666603  0.05966498]"
1747093057.455869,"[ 0.         -0.22404535  0.50353911  2.93521818 -2.21658413 -0.00408369
  0.96006937  1.5709191 ]","[ 0.00000000e+00  0.00000000e+00 -8.77627637e-05 -1.85464284e-05
 -5.30700455e-06  2.11639139e-05 -3.70932266e-05  0.00000000e+00]","[ 0.          0.93047941 11.17689133  1.2379092  -3.13962698 -0.22327116
 -0.73123783  0.05142377]"
1747093057.4576073,"[ 0.         -0.22404535  0.50353865  2.93521818 -2.21658413 -0.00408369
  0.96006937  1.5709191 ]","[ 0.00000000e+00  0.00000000e+00  1.77751455e-04 -1.85604623e-05
 -5.30298914e-06  2.11639139e-05 -3.70928568e-05  0.00000000e+00]","[ 0.          0.91129923 11.09557629  1.21245062 -3.18477345 -0.19701509
 -0.73509926  0.06793763]"
1747093057.4593427,"[ 0.         -0.22404535  0.50353818  2.93521818 -2.21658413 -0.00408369
  0.96006937  1.5709191 ]","[ 0.00000000e+00  0.00000000e+00  7.63192740e-05 -1.85602774e-05
 -5.30298914e-06  2.11479478e-05 -3.70928568e-05  0.00000000e+00]","[ 0.          0.82164305 11.00476646  1.17643046 -3.3298862  -0.19524816
 -0.72350281  0.07070114]"
1747093057.4604378,"[ 0.         -0.22404535  0.50353865  2.93521818 -2.21658413 -0.00408369
  0.96006937  1.5709191 ]","[ 0.00000000e+00  0.00000000e+00  1.32479098e-04 -1.85462435e-05
 -5.30298914e-06  2.11639139e-05 -3.70928568e-05  0.00000000e+00]","[ 0.          0.78505325 11.01448917  1.12943816 -3.40258479 -0.1877389
 -0.74484289  0.07371708]"
1747093057.4621537,"[ 0.         -0.22404535  0.50353958  2.93521818 -2.21658493 -0.00408369
  0.96006937  1.5709191 ]","[ 0.00000000e+00  0.00000000e+00  1.86179245e-04 -1.85604623e-05
 -7.95448397e-06  2.11641232e-05 -3.70928568e-05  0.00000000e+00]","[ 0.          0.77348101 11.08040333  1.0855571  -3.52063823 -0.17155853
 -0.77482224  0.09044813]"
1747093057.4638853,"[ 0.         -0.22404535  0.50353911  2.93521818 -2.21658493 -0.00408369
  0.96006937  1.5709191 ]","[ 0.00000000e+00  0.00000000e+00  1.20233011e-04 -1.85464284e-05
 -7.95440473e-06  2.11639139e-05 -2.91443860e-05  0.00000000e+00]","[ 0.          0.69811636 11.12149239  0.9843536  -3.7117939  -0.21360721
 -0.81431729  0.08029871]"
1747093057.4663002,"[ 0.         -0.22404535  0.50353911  2.93521818 -2.21658493 -0.00408369
  0.96006937  1.5709191 ]","[ 0.00000000e+00  0.00000000e+00  0.00000000e+00 -1.85604623e-05
 -7.95448397e-06  2.11639139e-05 -2.91443860e-05  0.00000000e+00]","[ 0.          0.68006843 11.20640755  0.95499331 -3.89858651 -0.19483431
 -0.81772363  0.0611204 ]"
1747093057.4682326,"[ 0.         -0.22404535  0.50353958  2.93521818 -2.21658573 -0.00408316
  0.96006937  1.5709191 ]","[ 0.00000000e+00  0.00000000e+00  4.08209857e-05 -1.85464284e-05
 -1.59089679e-05  2.64551545e-05 -2.91440955e-05  0.00000000e+00]","[ 0.          0.57698864 11.21190166  0.91041297 -4.10389709 -0.17748168
 -0.82861036  0.04502688]"
1747093057.4699469,"[ 0.         -0.22404535  0.50353958  2.93521818 -2.21658626 -0.00408316
  0.96006844  1.5709191 ]","[ 0.00000000e+00  0.00000000e+00  3.79502812e-05 -1.32574726e-05
 -2.12119566e-05  1.58729355e-05 -3.70928568e-05  0.00000000e+00]","[ 0.          0.50145966 11.22281742  0.87668347 -4.24809027 -0.14847876
 -0.85564101  0.06437107]"
1747093057.471125,"[ 0.         -0.22404535  0.50353911  2.93521818 -2.21658626 -0.00408316
  0.96006844  1.5709191 ]","[ 0.00000000e+00  0.00000000e+00  3.79529876e-05 -1.32574726e-05
 -2.12119566e-05  1.58729355e-05 -3.70928568e-05  0.00000000e+00]","[ 0.          0.46435699 11.1892252   0.85430354 -4.34005547 -0.12972133
 -0.86189264  0.07912233]"
1747093057.4729059,"[ 0.         -0.22404535  0.50353958  2.93521818 -2.21658626 -0.00408316
  0.96006844  1.5709191 ]","[ 0.00000000e+00  0.00000000e+00  8.82075071e-05 -1.32576047e-05
 -2.11959173e-05  1.58730919e-05 -3.70928568e-05  0.00000000e+00]","[ 0.          0.39151844 11.13679123  0.79894525 -4.44997025 -0.11387338
 -0.87799126  0.0766554 ]"
1747093057.4741108,"[ 0.         -0.22404588  0.50353958  2.93521818 -2.21658626 -0.00408316
  0.96006844  1.5709191 ]","[ 0.00000000e+00 -6.31971873e-06  8.27994403e-05 -1.32574726e-05
 -2.11959173e-05  1.58730919e-05 -3.70928568e-05  0.00000000e+00]","[ 0.          0.35823783 11.10073471  0.76789337 -4.47949696 -0.11632589
 -0.86768347  0.08443485]"
1747093057.476459,"[ 0.         -0.22404588  0.50353958  2.93521818 -2.21658626 -0.00408316
  0.96006844  1.5709191 ]","[ 0.00000000e+00 -6.24100358e-06  6.62354325e-05 -7.94846874e-06
 -2.12119566e-05  1.58729355e-05 -3.71209245e-05  0.00000000e+00]","[ 0.          0.27714762 11.08107471  0.72208422 -4.42928839 -0.12619838
 -0.8642714   0.07923207]"
1747093057.4775856,"[ 0.         -0.22404588  0.50353958  2.93521818 -2.21658573 -0.00408316
  0.96006844  1.5709191 ]","[ 0.00000000e+00 -6.16972341e-06  0.00000000e+00 -7.95448397e-06
 -2.11959173e-05  1.58729355e-05 -3.70928568e-05  0.00000000e+00]","[ 0.          0.22221449 11.10104656  0.7181645  -4.33944988 -0.15116116
 -0.85803401  0.06261455]"
1747093057.4799256,"[ 0.         -0.22404588  0.50354001  2.93521818 -2.21658573 -0.00408316
  0.96006844  1.5709191 ]","[ 0.00000000e+00 -6.16972341e-06  3.12046522e-05 -7.95440473e-06
 -2.12119566e-05  1.58730919e-05 -3.70928568e-05  0.00000000e+00]","[ 0.          0.16858174 11.06642437  0.7263577  -4.26200533 -0.1447718
 -0.86104447  0.05590431]"
1747093057.481105,"[ 0.         -0.22404588  0.50353958  2.93521818 -2.21658573 -0.00408316
  0.96006844  1.5709191 ]","[ 0.00000000e+00 -6.09467825e-06  0.00000000e+00 -5.30298914e-06
 -2.12119566e-05  1.58729355e-05 -3.71212943e-05  0.00000000e+00]","[ 0.          0.12779912 10.98609829  0.71351844 -4.07399464 -0.15885408
 -0.81351286  0.0663788 ]"
1747093057.4828694,"[ 0.         -0.22404588  0.50353958  2.93521818 -2.21658546 -0.00408316
  0.96006844  1.5709191 ]","[ 0.00000000e+00  0.00000000e+00  0.00000000e+00 -5.30298914e-06
 -1.85602774e-05  1.58729355e-05 -3.70928568e-05  0.00000000e+00]","[ 0.          0.05243327 10.89547443  0.67373765 -3.89905858 -0.12050777
 -0.8017897   0.08773864]"
1747093057.4852464,"[ 0.         -0.22404588  0.50353958  2.93521818 -2.21658493 -0.00408316
  0.96006844  1.5709191 ]","[ 0.00000000e+00  0.00000000e+00  0.00000000e+00 -5.30304197e-06
 -7.95448397e-06  1.58729355e-05 -3.71209245e-05  0.00000000e+00]","[ 0.          0.02399286 10.74387741  0.65673947 -3.72402191 -0.12077101
 -0.77849382  0.07245743]"
1747093057.4864602,"[ 0.         -0.22404642  0.50353958  2.93521818 -2.21658493 -0.00408316
  0.96006844  1.5709191 ]","[ 0.00000000e+00 -5.83150538e-06  0.00000000e+00 -5.30298914e-06
 -7.95448397e-06  1.58729355e-05 -3.70368514e-05  0.00000000e+00]","[ 0.         -0.01531372 10.70938683  0.63409585 -3.64849639 -0.11368825
 -0.77629161  0.07789788]"
1747093057.488168,"[ 0.         -0.22404695  0.50353958  2.93521818 -2.2165844  -0.00408316
  0.96006844  1.5709191 ]","[ 0.00000000e+00 -1.15384514e-05  0.00000000e+00  0.00000000e+00
 -2.65149457e-06  5.29097849e-06 -3.70648338e-05  0.00000000e+00]","[ 0.         -0.01246894 10.6673317   0.6567564  -3.47280788 -0.11102679
 -0.73036337  0.08006463]"
1747093057.4894042,"[ 0.         -0.22404695  0.50353958  2.93521818 -2.2165844  -0.00408316
  0.96006844  1.5709191 ]","[ 0.00000000e+00 -1.14071108e-05  0.00000000e+00  0.00000000e+00
 -2.65149457e-06  5.29097849e-06 -2.91226556e-05  0.00000000e+00]","[ 0.         -0.04749995 10.64182568  0.6491192  -3.40910935 -0.1239562
 -0.7100687   0.08013035]"
1747093057.4912176,"[ 0.         -0.22404695  0.50353958  2.93521764 -2.21658413 -0.00408316
  0.96006844  1.5709191 ]","[ 0.00000000e+00 -1.12880486e-05  0.00000000e+00  0.00000000e+00
  0.00000000e+00  5.28698695e-06 -2.91003827e-05  0.00000000e+00]","[ 0.         -0.09039901 10.6514864   0.62337905 -3.2924149  -0.12541214
 -0.71677971  0.09087475]"
1747093057.492354,"[ 0.         -0.22404695  0.50353958  2.93521764 -2.21658413 -0.00408316
  0.96006844  1.5709191 ]","[ 0.00000000e+00 -1.12880486e-05  0.00000000e+00  0.00000000e+00
  0.00000000e+00  5.29103081e-06 -2.91003827e-05  0.00000000e+00]","[ 0.         -0.09943994 10.6685667   0.62480366 -3.2514801  -0.13470443
 -0.70550239  0.08300135]"
1747093057.4940414,"[ 0.         -0.22404695  0.50353958  2.93521764 -2.21658413 -0.00408316
  0.96006844  1.5709191 ]","[ 0.00000000e+00 -1.11623159e-05  0.00000000e+00  0.00000000e+00
  2.64946325e-06  5.29103081e-06 -2.91003827e-05  0.00000000e+00]","[ 0.         -0.08993134 10.71804237  0.64244646 -3.21390557 -0.12606426
 -0.70368147  0.07860624]"
1747093057.4959335,"[ 0.         -0.22404695  0.50353958  2.93521764 -2.21658413 -0.00408316
  0.96006844  1.5709191 ]","[ 0.00000000e+00 -5.58560612e-06  0.00000000e+00  5.30298914e-06
  7.95448397e-06  5.28698695e-06 -2.91006692e-05  0.00000000e+00]","[ 0.         -0.10152759 10.73595047  0.64083403 -3.22394681 -0.12302878
 -0.70055705  0.066105  ]"
1747093057.4970682,"[ 0.         -0.22404695  0.50354001  2.93521764 -2.21658413 -0.00408316
  0.96006844  1.5709191 ]","[ 0.00000000e+00 -5.52849949e-06  1.55676692e-05  5.29897933e-06
  7.95448397e-06  5.29097849e-06 -2.91003827e-05  0.00000000e+00]","[ 0.         -0.08152218 10.75589085  0.63227302 -3.28111672 -0.11902875
 -0.70453954  0.05896483]"
1747093057.4988885,"[ 0.         -0.22404695  0.50354001  2.93521764 -2.2165844  -0.00408316
  0.96006844  1.5709191 ]","[ 0.00000000e+00  0.00000000e+00  2.27465068e-05  5.30298914e-06
  1.06059783e-05  5.28698695e-06 -1.85184257e-05  0.00000000e+00]","[ 0.         -0.06835851 10.79858971  0.64700574 -3.40190291 -0.13373205
 -0.70984888  0.05916253]"
1747093057.500652,"[ 0.         -0.22404748  0.50354001  2.93521764 -2.21658493 -0.00408316
  0.96006844  1.5709191 ]","[ 0.00000000e+00 -5.46816631e-06  2.27471550e-05  5.29097849e-06
  5.30298914e-06  5.29103081e-06 -1.85324169e-05  0.00000000e+00]","[ 0.         -0.10289527 10.84297276  0.62829781 -3.49280024 -0.13180421
 -0.73125547  0.06085315]"
1747093057.5023253,"[ 0.         -0.22404748  0.50354048  2.93521764 -2.21658493 -0.00408316
  0.96006844  1.5709191 ]","[ 0.00000000e+00 -5.41336936e-06  3.56772113e-05  7.94246417e-06
  5.30298914e-06  0.00000000e+00 -1.85184257e-05  0.00000000e+00]","[ 0.         -0.07945187 10.98737431  0.61692035 -3.69136858 -0.12937243
 -0.76998514  0.07015362]"
1747093057.5047848,"[ 0.         -0.22404748  0.50354141  2.93521764 -2.21658546 -0.00408316
  0.96006844  1.5709191 ]","[ 0.00000000e+00 -5.35965944e-06  6.24406027e-05  7.93654595e-06
  0.00000000e+00  0.00000000e+00 -1.85184257e-05  0.00000000e+00]","[ 0.         -0.08555146 11.08584309  0.63565606 -3.87629604 -0.11544327
 -0.79112798  0.07864514]"
1747093057.5064633,"[ 0.         -0.22404748  0.50354141  2.93521764 -2.21658546 -0.00408316
  0.96006844  1.5709191 ]","[ 0.00000000e+00 -5.30293632e-06  4.73486928e-05  1.32274462e-05
 -5.30298914e-06  0.00000000e+00 -1.85324169e-05  0.00000000e+00]","[ 0.         -0.05782182 11.27582836  0.65743047 -3.98919559 -0.12255553
 -0.82773823  0.08255251]"
1747093057.50818,"[ 0.         -0.22404748  0.50354188  2.93521764 -2.21658546 -0.00408316
  0.96006844  1.5709191 ]","[ 0.00000000e+00 -5.30700455e-06  5.92779567e-05  1.32374398e-05
 -5.29502843e-06  0.00000000e+00 -1.85184257e-05  0.00000000e+00]","[ 0.         -0.04979808 11.40268993  0.63674003 -4.14304972 -0.1334565
 -0.84186172  0.08501223]"
1747093057.5098934,"[ 0.         -0.22404748  0.50354278  2.93521764 -2.21658573 -0.00408316
  0.96006844  1.5709191 ]","[ 0.00000000e+00 -5.30298914e-06  7.53600467e-05  1.32275773e-05
 -1.32675109e-05  0.00000000e+00 -1.85324169e-05  0.00000000e+00]","[ 0.00000000e+00  1.41244498e-03  1.15149546e+01  6.50823414e-01
 -4.22276640e+00 -1.40556410e-01 -8.82741332e-01  7.51417056e-02]"
1747093057.5115883,"[ 0.         -0.22404748  0.50354278  2.93521764 -2.21658573 -0.00408316
  0.96006844  1.5709191 ]","[ 0.00000000e+00 -5.30298914e-06  7.36476686e-05  1.32374398e-05
 -1.58849283e-05  0.00000000e+00 -1.85184257e-05  0.00000000e+00]","[ 0.          0.01868982 11.54037857  0.65798229 -4.2575078  -0.14403231
 -0.88225502  0.0614723 ]"
1747093057.5133955,"[ 0.         -0.22404748  0.50354278  2.93521764 -2.21658626 -0.00408316
  0.96006844  1.5709191 ]","[ 0.00000000e+00  0.00000000e+00  7.20113866e-05  1.32274462e-05
 -2.11799045e-05  0.00000000e+00 -1.85184257e-05  0.00000000e+00]","[ 0.          0.03308567 11.56717491  0.69094145 -4.32117558 -0.13005325
 -0.87890834  0.06963719]"
1747093057.5144649,"[ 0.         -0.22404748  0.50354278  2.93521764 -2.21658626 -0.00408316
  0.96006844  1.5709191 ]","[ 0.00000000e+00  0.00000000e+00  7.20130039e-05  1.32274462e-05
 -2.11801137e-05  0.00000000e+00 -1.85186086e-05  0.00000000e+00]","[ 0.          0.03007871 11.56215286  0.6947754  -4.32622385 -0.13308787
 -0.88388807  0.07602307]"
1747093057.5161798,"[ 0.         -0.22404801  0.50354324  2.93521764 -2.21658573 -0.00408316
  0.96006844  1.5709191 ]","[ 0.00000000e+00 -5.30700455e-06  9.37732764e-05  1.32374398e-05
 -1.58849283e-05  0.00000000e+00 -1.85184257e-05  0.00000000e+00]","[ 0.          0.04011703 11.57597637  0.70646906 -4.31675434 -0.12560645
 -0.88877797  0.09276195]"
1747093057.5179203,"[ 0.         -0.22404801  0.50354371  2.93521764 -2.21658573 -0.00408316
  0.96006844  1.5709191 ]","[ 0.00000000e+00 -1.06140091e-05  9.75159654e-05  1.32275773e-05
 -2.11799045e-05  0.00000000e+00 -1.85044548e-05  0.00000000e+00]","[ 0.          0.04591122 11.55442524  0.73561054 -4.23495483 -0.14053029
 -0.89407796  0.10564588]"
1747093057.5196176,"[ 0.         -0.22404801  0.50354371  2.93521764 -2.21658546 -0.00408316
  0.96006844  1.5709191 ]","[ 0.00000000e+00 -1.06058726e-05  9.54880277e-05  1.32274462e-05
 -1.85184257e-05  0.00000000e+00 -1.85184257e-05  0.00000000e+00]","[ 0.          0.06197314 11.58864975  0.73769677 -4.171206   -0.13153993
 -0.88982022  0.11190148]"
1747093057.5213394,"[ 0.         -0.22404801  0.50354417  2.93521764 -2.21658546 -0.00408316
  0.96006844  1.5709191 ]","[ 0.00000000e+00 -1.06140091e-05  1.04547741e-04  1.32274462e-05
 -1.85325998e-05  0.00000000e+00 -1.85184257e-05  0.00000000e+00]","[ 0.          0.07564167 11.61314869  0.79575032 -3.97662473 -0.16170582
 -0.86372375  0.09707831]"
1747093057.5225353,"[ 0.         -0.22404801  0.50354461  2.93521764 -2.21658493 -0.00408316
  0.96006844  1.5709191 ]","[ 0.00000000e+00 -1.06058726e-05  1.02458312e-04  1.32274462e-05
 -7.93646773e-06  0.00000000e+00 -1.85184257e-05  0.00000000e+00]","[ 0.          0.05946549 11.62022018  0.80909508 -3.81503558 -0.15722135
 -0.83899701  0.07993724]"
1747093057.5242221,"[ 0.         -0.22404801  0.50354507  2.93521764 -2.2165844  -0.00408316
  0.96006844  1.5709191 ]","[ 0.00000000e+00 -1.06059783e-05  1.13069393e-04  1.32275773e-05
 -2.64748806e-06  0.00000000e+00 -1.85184257e-05  0.00000000e+00]","[ 0.          0.09093054 11.60235119  0.81538683 -3.71797466 -0.1495703
 -0.84339464  0.05950202]"
1747093057.5259118,"[ 0.         -0.22404801  0.50354507  2.93521764 -2.2165844  -0.00408316
  0.96006844  1.5709191 ]","[ 0.00000000e+00 -1.59208552e-05  1.10861663e-04  7.93646773e-06
  0.00000000e+00  0.00000000e+00 -1.85325998e-05  0.00000000e+00]","[ 0.          0.06523576 11.51618099  0.84421021 -3.61458802 -0.15173335
 -0.80814624  0.05603775]"
1747093057.5276408,"[ 0.         -0.22404801  0.50354507  2.93521764 -2.2165844  -0.00408316
  0.96006844  1.5709191 ]","[ 0.00000000e+00 -1.59089679e-05  1.08897297e-04  7.93646773e-06
  5.29103081e-06  0.00000000e+00 -1.85186086e-05  0.00000000e+00]","[ 0.          0.09902743 11.4610815   0.86234885 -3.5567596  -0.16029565
 -0.80507618  0.06994735]"
1747093057.5296023,"[ 0.         -0.22404855  0.50354507  2.93521764 -2.2165844  -0.00408316
  0.96006844  1.5709191 ]","[ 0.00000000e+00 -2.12280182e-05  1.06689023e-04  7.93654595e-06
  1.05899522e-05  0.00000000e+00 -1.85184257e-05  0.00000000e+00]","[ 0.          0.10906903 11.44857407  0.88879633 -3.52912068 -0.16443399
 -0.79841554  0.06422475]"
1747093057.5313158,"[ 0.         -0.22404855  0.50354507  2.93521764 -2.2165844  -0.00408316
  0.96006844  1.5709191 ]","[ 0.00000000e+00 -2.65149452e-05  1.04719285e-04  7.93654595e-06
  1.05899522e-05  0.00000000e+00 -1.85184257e-05  0.00000000e+00]","[ 0.          0.130725   11.3785162   0.88594395 -3.49803185 -0.17340297
 -0.79334396  0.06723225]"
1747093057.532927,"[ 0.         -0.22404855  0.50354507  2.93521764 -2.2165844  -0.00408316
  0.96006844  1.5709191 ]","[ 0.00000000e+00 -2.65350217e-05  1.02677506e-04  7.94246417e-06
  1.05899522e-05  0.00000000e+00 -1.85186086e-05  0.00000000e+00]","[ 0.          0.1261092  11.31792736  0.87712795 -3.48147631 -0.16093405
 -0.76792526  0.07562112]"
1747093057.534661,"[ 0.         -0.22404855  0.50354507  2.93521764 -2.2165844  -0.00408316
  0.96006844  1.5709191 ]","[ 0.00000000e+00 -2.65350217e-05  9.28986953e-05  5.29097849e-06
  1.32375708e-05  0.00000000e+00 -1.85325998e-05  0.00000000e+00]","[ 0.          0.15549512 11.31257343  0.88281131 -3.49039888 -0.15478797
 -0.77258509  0.0724842 ]"
1747093057.5365093,"[ 0.         -0.22404855  0.50354554  2.93521764 -2.2165844  -0.00408316
  0.96006844  1.5709191 ]","[ 0.00000000e+00 -3.18179359e-05  1.00850029e-04  5.29497611e-06
  1.32374398e-05  0.00000000e+00 -1.05819570e-05  0.00000000e+00]","[ 0.          0.16077541 11.27262688  0.87257314 -3.50091434 -0.15945992
 -0.77684867  0.06729851]"
1747093057.5377421,"[ 0.         -0.22404855  0.503546    2.93521764 -2.2165844  -0.00408316
  0.96006844  1.5709191 ]","[ 0.00000000e+00 -3.18417103e-05  1.13243684e-04  5.29097849e-06
  1.32374398e-05  0.00000000e+00 -1.05900569e-05  0.00000000e+00]","[ 0.          0.18768513 11.2736721   0.86838472 -3.57664752 -0.1593453
 -0.79997391  0.07903022]"
1747093057.5394309,"[ 0.         -0.22404855  0.503546    2.93521764 -2.2165844  -0.00408316
  0.96006844  1.5709191 ]","[ 0.00000000e+00 -3.18420273e-05  1.11299328e-04  0.00000000e+00
  1.32375708e-05  5.29897933e-06 -1.05819570e-05  0.00000000e+00]","[ 0.          0.20638502 11.24524498  0.87550652 -3.62048316 -0.15977086
 -0.79542571  0.07705233]"
1747093057.5411181,"[ 0.         -0.22404855  0.503546    2.93521764 -2.21658493 -0.00408209
  0.96006844  1.5709191 ]","[ 0.00000000e+00 -3.18420273e-05  1.11152223e-04  0.00000000e+00
  7.94254290e-06  1.58969375e-05 -1.05819570e-05  0.00000000e+00]","[ 0.          0.23753114 11.22697449  0.86806244 -3.72864246 -0.12466998
 -0.82227284  0.08187766]"
1747093057.5429013,"[ 0.         -0.22404855  0.50354647  2.93521764 -2.21658493 -0.00408209
  0.96006844  1.5709191 ]","[ 0.00000000e+00 -3.18420273e-05  1.18539000e-04  0.00000000e+00
  7.94246417e-06  1.58969375e-05 -1.05819570e-05  0.00000000e+00]","[ 0.          0.24287727 11.23781776  0.86111873 -3.83413005 -0.13662916
 -0.83760428  0.07816702]"
1747093057.5441263,"[ 0.         -0.22404855  0.50354647  2.93521764 -2.21658546 -0.00408209
  0.96006844  1.5709191 ]","[ 0.00000000e+00 -3.18176189e-05  1.18384979e-04  0.00000000e+00
  2.64551540e-06  1.58967790e-05 -1.05819570e-05  0.00000000e+00]","[ 0.          0.23999923 11.21038151  0.83622748 -3.91102409 -0.14188172
 -0.83798796  0.07816702]"
1747093057.5459158,"[ 0.         -0.22404855  0.50354647  2.93521764 -2.21658546 -0.00408209
  0.96006844  1.5709191 ]","[ 0.00000000e+00 -3.18420273e-05  1.16422345e-04 -5.29097849e-06
  0.00000000e+00  1.58969375e-05 -1.05900569e-05  0.00000000e+00]","[ 0.          0.27029559 11.17794609  0.81616831 -4.01572275 -0.13103671
 -0.85891581  0.07305618]"
1747093057.5476503,"[ 0.         -0.22404855  0.50354647  2.93521764 -2.21658546 -0.00408209
  0.96006844  1.5709191 ]","[ 0.00000000e+00 -3.18420273e-05  1.16422345e-04 -5.29097849e-06
 -5.29497611e-06  1.59089679e-05 -1.05899522e-05  0.00000000e+00]","[ 0.          0.27140749 11.1347084   0.82220268 -4.05752134 -0.1421281
 -0.85822761  0.07737702]"
1747093057.549414,"[ 0.         -0.22404855  0.5035469   2.93521764 -2.21658546 -0.00408209
  0.96006844  1.5709191 ]","[ 0.00000000e+00 -3.18179359e-05  1.21202316e-04 -5.29497611e-06
 -1.05899522e-05  1.58969375e-05 -1.05819570e-05  0.00000000e+00]","[ 0.          0.25383243 11.11378098  0.80810142 -4.07385159 -0.14425899
 -0.86987269  0.08887142]"
1747093057.5506282,"[ 0.         -0.22404855  0.5035469   2.93521764 -2.21658546 -0.00408209
  0.96006844  1.5709191 ]","[ 0.00000000e+00 -3.17938749e-05  1.21354191e-04 -5.29097849e-06
 -1.32374398e-05  1.58969375e-05 -1.05899522e-05  0.00000000e+00]","[ 0.          0.25766712 11.12726212  0.78677928 -4.07341576 -0.13641977
 -0.86807829  0.09164765]"
1747093057.552358,"[ 0.         -0.22404855  0.50354737  2.93521764 -2.21658546 -0.00408209
  0.96006844  1.5709191 ]","[ 0.00000000e+00 -3.17701716e-05  1.21634259e-04 -5.29097849e-06
 -1.85325998e-05  1.58969375e-05 -1.05819570e-05  0.00000000e+00]","[ 0.          0.27080038 11.105896    0.77665168 -4.02005863 -0.12594622
 -0.87293613  0.06821889]"
1747093057.5540338,"[ 0.         -0.22404855  0.50354737  2.93521764 -2.21658493 -0.00408209
  0.96006844  1.5709191 ]","[ 0.00000000e+00 -3.17698567e-05  1.21632341e-04 -5.29103081e-06
 -1.32375708e-05  1.58969375e-05 -1.05899522e-05  0.00000000e+00]","[ 0.          0.24966305 11.05509472  0.73466516 -3.96708226 -0.12528537
 -0.8517772   0.06794449]"
1747093057.5551784,"[ 0.         -0.22404855  0.50354737  2.93521764 -2.21658493 -0.00408209
  0.96006844  1.5709191 ]","[ 0.00000000e+00 -3.17698567e-05  1.19772452e-04 -5.29103081e-06
 -1.32374398e-05  1.59089679e-05 -1.05899522e-05  0.00000000e+00]","[ 0.          0.22820365 11.01419258  0.71771741 -3.94058347 -0.11440529
 -0.83750224  0.06832613]"
1747093057.5568953,"[ 0.         -0.22404855  0.50354737  2.93521764 -2.21658493 -0.00408209
  0.96006844  1.5709191 ]","[ 0.00000000e+00 -3.17695397e-05  1.17831793e-04 -5.29502843e-06
 -7.93646773e-06  1.58969375e-05 -1.05819570e-05  0.00000000e+00]","[ 0.          0.21610123 10.94445324  0.69938475 -3.79240799 -0.11767276
 -0.82959139  0.07105526]"
1747093057.5595536,"[ 0.         -0.22404908  0.50354737  2.93521711 -2.2165844  -0.00408209
  0.96006844  1.5709191 ]","[ 0.00000000e+00 -3.70648338e-05  1.17831793e-04 -1.05819570e-05
 -2.64748806e-06  1.58969375e-05 -1.05900569e-05  0.00000000e+00]","[ 0.          0.18688723 10.91711426  0.65808821 -3.70001698 -0.10514421
 -0.81367284  0.06147171]"
1747093057.56018,"[ 0.         -0.22404908  0.50354737  2.93521711 -2.21658413 -0.00408209
  0.96006844  1.5709191 ]","[ 0.00000000e+00 -3.70648338e-05  1.16216488e-04 -1.05820616e-05
  0.00000000e+00  1.58969375e-05 -1.05899522e-05  0.00000000e+00]","[ 0.          0.18690929 10.87858391  0.61158419 -3.55099797 -0.09976541
 -0.79628909  0.06908616]"
1747093057.5619113,"[ 0.         -0.22404908  0.50354737  2.93521711 -2.2165836  -0.00408103
  0.96006844  1.5709191 ]","[ 0.00000000e+00 -3.70648338e-05  1.14390181e-04 -1.05820616e-05
  7.94246417e-06  2.64948971e-05 -1.05900569e-05  0.00000000e+00]","[ 0.          0.13864693 10.79875946  0.60178709 -3.39523554 -0.08870427
 -0.76219404  0.07539805]"
1747093057.5636816,"[ 0.         -0.22404908  0.50354737  2.93521711 -2.2165836  -0.00408103
  0.96006844  1.5709191 ]","[ 0.00000000e+00 -3.70651995e-05  1.12743675e-04 -1.05819570e-05
  1.32374398e-05  2.65152094e-05 -1.05899522e-05  0.00000000e+00]","[ 0.          0.12393553 10.77550602  0.58396333 -3.34253144 -0.08198456
 -0.75962782  0.07799122]"
1747093057.5653486,"[ 0.         -0.22404961  0.50354737  2.93521684 -2.21658306 -0.00408103
  0.96006844  1.5709191 ]","[ 0.00000000e+00 -4.23598089e-05  1.11022470e-04 -1.32374398e-05
  1.85186086e-05  2.64948971e-05 -1.05820616e-05  0.00000000e+00]","[ 0.          0.11121563 10.75638676  0.57049423 -3.18525934 -0.09072112
 -0.73283494  0.083693  ]"
1747093057.5665722,"[ 0.         -0.22404961  0.50354737  2.93521684 -2.21658306 -0.00408103
  0.96006844  1.5709191 ]","[ 0.00000000e+00 -4.23598089e-05  1.07194111e-04 -1.32274462e-05
  1.85324169e-05  2.64948971e-05 -1.05899522e-05  0.00000000e+00]","[ 0.          0.09161033 10.74508953  0.53600425 -3.12361479 -0.07582574
 -0.72093087  0.08252282]"
1747093057.568367,"[ 0.         -0.22405014  0.50354784  2.93521684 -2.21658253 -0.00408103
  0.96006844  1.5709191 ]","[ 0.00000000e+00 -4.76188043e-05  1.09587331e-04 -1.32275773e-05
  2.91223691e-05  2.11959173e-05 -1.05899522e-05  0.00000000e+00]","[ 0.          0.08007201 10.72432232  0.52201438 -3.04235888 -0.06841145
 -0.70497358  0.07967404]"
1747093057.5694914,"[ 0.         -0.22405014  0.50354784  2.93521684 -2.21658253 -0.00408103
  0.96006844  1.5709191 ]","[ 0.00000000e+00 -4.76547840e-05  1.07960453e-04 -1.32274462e-05
  3.17698567e-05  2.11959173e-05  0.00000000e+00  0.00000000e+00]","[ 0.          0.06116144 10.6911993   0.52904463 -2.99692464 -0.06874141
 -0.70020568  0.07458612]"
1747093057.5712695,"[ 0.         -0.22405014  0.50354737  2.93521631 -2.21658253 -0.00408103
  0.96006844  1.5709191 ]","[ 0.00000000e+00 -4.76547840e-05  1.02820498e-04 -1.85184257e-05
  3.70651995e-05  2.12119566e-05  0.00000000e+00  0.00000000e+00]","[ 0.          0.0337828  10.69506073  0.51141542 -2.99381876 -0.05811131
 -0.69459915  0.07201484]"
1747093057.5730507,"[ 0.         -0.22405068  0.50354784  2.93521631 -2.21658253 -0.00408103
  0.96006844  1.5709191 ]","[ 0.00000000e+00 -5.29497591e-05  1.06379713e-04 -1.85324169e-05
  3.70648338e-05  2.11959173e-05  0.00000000e+00  0.00000000e+00]","[ 0.00000000e+00 -6.74469769e-03  1.07057981e+01  4.61259007e-01
 -2.98093557e+00 -6.70061037e-02 -6.91595137e-01  6.93160668e-02]"
1747093057.5741796,"[ 0.         -0.22405068  0.50354784  2.93521631 -2.21658226 -0.00408103
  0.96006844  1.5709191 ]","[ 0.00000000e+00 -5.29497591e-05  1.04954302e-04 -1.85324169e-05
  3.97123214e-05  2.11959173e-05  0.00000000e+00  0.00000000e+00]","[ 0.00000000e+00 -6.48862822e-03  1.07365856e+01  4.44730192e-01
 -2.97005701e+00 -6.33539185e-02 -6.91906750e-01  7.77294338e-02]"
1747093057.5759325,"[ 0.         -0.22405121  0.5035483   2.93521578 -2.21658226 -0.00408103
  0.96006844  1.5709191 ]","[ 0.00000000e+00 -5.29502833e-05  1.03884202e-04 -2.38094022e-05
  3.97123214e-05  2.11959173e-05  0.00000000e+00  0.00000000e+00]","[ 0.         -0.03854289 10.77260303  0.39402825 -3.01435614 -0.05273064
 -0.7040019   0.07094949]"
1747093057.5777009,"[ 0.         -0.22405121  0.5035483   2.93521578 -2.21658226 -0.00408103
  0.96006844  1.5709191 ]","[ 0.00000000e+00 -5.29497591e-05  1.03778116e-04 -2.38273920e-05
  3.97127115e-05  2.11959173e-05  0.00000000e+00  0.00000000e+00]","[ 0.         -0.06171076 10.80719471  0.37995747 -3.05477381 -0.01093013
 -0.70327735  0.06461573]"
1747093057.5788934,"[ 0.         -0.22405228  0.5035483   2.93521525 -2.21658253 -0.00408103
  0.96006844  1.5709191 ]","[ 0.00000000e+00 -6.35397134e-05  9.31388089e-05 -2.91003827e-05
  3.17701716e-05  2.12119566e-05  0.00000000e+00  0.00000000e+00]","[ 0.         -0.11353356 10.85374451  0.33342272 -3.11547804 -0.01183572
 -0.70827287  0.05257222]"
1747093057.5806339,"[ 0.         -0.22405228  0.5035483   2.93521498 -2.21658253 -0.00407996
  0.96006844  1.5709191 ]","[ 0.00000000e+00 -6.34917418e-05  9.31375654e-05 -3.17461838e-05
  3.17698567e-05  3.17458709e-05  0.00000000e+00  0.00000000e+00]","[ 0.00000000e+00 -1.35330558e-01  1.08454523e+01  3.25568259e-01
 -3.17504859e+00 -2.85116024e-03 -7.11155474e-01  5.93521632e-02]"
1747093057.5824225,"[ 0.         -0.22405228  0.50354873  2.93521498 -2.21658253 -0.00407996
  0.96006844  1.5709191 ]","[ 0.00000000e+00 -6.35403432e-05  9.88893610e-05 -3.17698567e-05
  3.17458709e-05  3.17461838e-05  0.00000000e+00  0.00000000e+00]","[ 0.00000000e+00 -1.78085878e-01  1.08972425e+01  2.83069670e-01
 -3.29967117e+00 -7.50210742e-03 -7.49132335e-01  7.57577643e-02]"
1747093057.5836327,"[ 0.         -0.22405228  0.5035492   2.93521445 -2.21658253 -0.00407996
  0.96006844  1.5709191 ]","[ 0.00000000e+00 -6.35397134e-05  1.02421122e-04 -3.70368514e-05
  2.91226556e-05  3.17461838e-05  0.00000000e+00  0.00000000e+00]","[ 0.00000000e+00 -1.77010223e-01  1.09269896e+01  2.61746347e-01
 -3.37461734e+00 -9.10316687e-03 -7.56604731e-01  8.46384242e-02]"
1747093057.5853503,"[ 0.         -0.22405281  0.50354967  2.93521445 -2.21658253 -0.00407996
  0.96006844  1.5709191 ]","[ 0.00000000e+00 -6.87827183e-05  1.01198512e-04 -3.70648338e-05
  2.38273920e-05  3.17458709e-05  0.00000000e+00  0.00000000e+00]","[ 0.00000000e+00 -2.29055241e-01  1.09553995e+01  2.24245504e-01
 -3.51102185e+00 -6.85266778e-03 -7.74291992e-01  7.71153718e-02]"
1747093057.5865588,"[ 0.         -0.22405281  0.50354967  2.93521391 -2.21658253 -0.00407996
  0.96006844  1.5709191 ]","[ 0.00000000e+00 -6.88346925e-05  9.98108857e-05 -4.23598089e-05
  2.38273920e-05  3.17698567e-05  0.00000000e+00  0.00000000e+00]","[ 0.00000000e+00 -2.44160339e-01  1.09773960e+01  2.25567818e-01
 -3.53234816e+00 -2.41779303e-03 -7.77184606e-01  7.68428147e-02]"
1747093057.588262,"[ 0.         -0.22405334  0.50354967  2.93521365 -2.21658253 -0.00407996
  0.96006844  1.5709191 ]","[ 0.00000000e+00 -6.87827183e-05  8.94856261e-05 -4.49737631e-05
  1.85324169e-05  3.17461838e-05  0.00000000e+00  0.00000000e+00]","[ 0.00000000e+00 -2.95659602e-01  1.09651651e+01  2.07128972e-01
 -3.58178663e+00 -3.53405625e-03 -7.89068103e-01  7.34279454e-02]"
1747093057.589458,"[ 0.         -0.22405387  0.50355013  2.93521312 -2.21658253 -0.00407996
  0.96006844  1.5709191 ]","[ 0.00000000e+00 -6.88353671e-05  9.50643992e-05 -5.03022715e-05
  1.85325998e-05  3.17461838e-05  0.00000000e+00  0.00000000e+00]","[ 0.00000000e+00 -3.49452436e-01  1.09983835e+01  1.85941890e-01
 -3.62877059e+00  7.28636747e-03 -7.91307807e-01  7.39417449e-02]"
1747093057.5912168,"[ 0.         -0.22405441  0.50355013  2.93521258 -2.21658253 -0.00407996
  0.96006844  1.5709191 ]","[ 0.00000000e+00 -7.41296676e-05  9.38842632e-05 -5.55552731e-05
  1.85184257e-05  3.17698567e-05  0.00000000e+00  0.00000000e+00]","[ 0.00000000e+00 -3.75819445e-01  1.10079603e+01  1.48077115e-01
 -3.65720820e+00 -2.08193343e-03 -8.00132096e-01  6.57797307e-02]"
1747093057.5930114,"[ 0.         -0.22405494  0.50355013  2.93521258 -2.21658253 -0.0040789
  0.96006844  1.5709191 ]","[ 0.00000000e+00 -7.93646793e-05  9.27319145e-05 -5.03027714e-05
  1.58849283e-05  4.23278279e-05  0.00000000e+00  0.00000000e+00]","[ 0.00000000e+00 -4.38861966e-01  1.10167933e+01  1.16050750e-01
 -3.68732786e+00  7.00959656e-03 -8.24085116e-01  6.63335621e-02]"
1747093057.5942228,"[ 0.         -0.22405547  0.5035506   2.93521205 -2.21658253 -0.0040789
  0.96006844  1.5709191 ]","[ 0.00000000e+00 -8.47196178e-05  9.60437659e-05 -5.55552731e-05
  1.58849283e-05  4.23278279e-05  0.00000000e+00  0.00000000e+00]","[ 0.00000000e+00 -4.63069558e-01  1.09779329e+01  1.17283985e-01
 -3.70337677e+00 -2.48726876e-03 -8.35933685e-01  6.60018921e-02]"
1747093057.5959766,"[ 0.         -0.22405547  0.5035506   2.93521205 -2.21658253 -0.0040789
  0.96006844  1.5709191 ]","[ 0.00000000e+00 -8.47204549e-05  9.48803641e-05 -5.55552731e-05
  1.58849283e-05  4.23602275e-05  0.00000000e+00  0.00000000e+00]","[ 0.         -0.51733607 10.95579624  0.07405149 -3.71967554  0.0121841
 -0.83773679  0.09411164]"
1747093057.5976639,"[ 0.         -0.224056    0.5035506   2.93521178 -2.21658253 -0.0040789
  0.96006844  1.5709191 ]","[ 0.00000000e+00 -8.99466322e-05  9.37448227e-05 -5.82007654e-05
  1.58849283e-05  4.23278279e-05  0.00000000e+00  0.00000000e+00]","[ 0.00000000e+00 -5.24889529e-01  1.09695578e+01  5.43720275e-02
 -3.73824048e+00  4.16183192e-03 -8.39203298e-01  9.75622758e-02]"
1747093057.5993812,"[ 0.         -0.22405654  0.5035506   2.93521178 -2.21658253 -0.0040789
  0.96006844  1.5709191 ]","[ 0.00000000e+00 -9.53095680e-05  9.05111398e-05 -5.82013384e-05
  1.85464284e-05  4.23598089e-05  0.00000000e+00  0.00000000e+00]","[ 0.         -0.55506045 10.9544239   0.06996311 -3.74629235 -0.01722394
 -0.82718056  0.08693533]"
1747093057.600976,"[ 0.         -0.22405707  0.50355103  2.93521125 -2.21658253 -0.0040789
  0.96006844  1.5709191 ]","[ 0.00000000e+00 -9.52385514e-05  8.94417873e-05 -6.36358718e-05
  2.38273920e-05  4.23593863e-05  0.00000000e+00  0.00000000e+00]","[ 0.         -0.59981477 10.94798565  0.10598765 -3.79198718 -0.03980001
 -0.82701761  0.08779009]"
1747093057.6021373,"[ 0.         -0.2240576   0.50355103  2.93521072 -2.21658253 -0.0040789
  0.96006844  1.5709191 ]","[ 0.00000000e+00 -1.00605543e-04  8.93603190e-05 -6.89388604e-05
  2.38276277e-05  4.23278279e-05  0.00000000e+00  0.00000000e+00]","[ 0.         -0.62387872 10.91626072  0.13484536 -3.81026793 -0.04637619
 -0.82219642  0.0823084 ]"
1747093057.603873,"[ 0.         -0.22405813  0.5035515   2.93521072 -2.21658253 -0.0040789
  0.96006844  1.5709191 ]","[ 0.00000000e+00 -1.05899518e-04  8.83157386e-05 -6.88867318e-05
  2.38273920e-05  4.23278279e-05  0.00000000e+00  0.00000000e+00]","[ 0.         -0.66134244 10.91440487  0.1548506  -3.8312819  -0.05675067
 -0.82512599  0.079546  ]"
1747093057.6050105,"[ 0.         -0.22405813  0.5035515   2.93521072 -2.21658253 -0.0040789
  0.96006844  1.5709191 ]","[ 0.00000000e+00 -1.05819570e-04  8.83953051e-05 -6.89388604e-05
  2.91223691e-05  4.23598089e-05  0.00000000e+00  0.00000000e+00]","[ 0.         -0.65774    10.93703747  0.15678136 -3.81376171 -0.04774197
 -0.83476174  0.08730771]"
1747093057.6067123,"[ 0.         -0.22405867  0.50355196  2.93521072 -2.21658306 -0.0040789
  0.96006844  1.5709191 ]","[ 0.00000000e+00 -1.11194501e-04  8.72963123e-05 -6.89388604e-05
  2.38273920e-05  4.23282464e-05  0.00000000e+00  0.00000000e+00]","[ 0.         -0.65505725 10.93508625  0.19090983 -3.79866695 -0.07032311
 -0.85369539  0.06466715]"
1747093057.6084194,"[ 0.         -0.22405867  0.50355196  2.93521072 -2.21658306 -0.0040789
  0.96006844  1.5709191 ]","[ 0.00000000e+00 -1.11195599e-04  8.63001545e-05 -6.88867318e-05
  2.38276277e-05  4.23598089e-05  0.00000000e+00  0.00000000e+00]","[ 0.         -0.6567722  10.91474533  0.22866909 -3.81777263 -0.07297469
 -0.8487947   0.06722912]"
1747093057.6101832,"[ 0.         -0.2240592   0.50355243  2.93521045 -2.21658253 -0.0040789
  0.96006844  1.5709191 ]","[ 0.00000000e+00 -1.16401531e-04  8.82980698e-05 -7.15903507e-05
  3.17698567e-05  4.23278279e-05  0.00000000e+00  0.00000000e+00]","[ 0.         -0.63550812 10.92254925  0.27721468 -3.87240744 -0.08213086
 -0.84746516  0.06403272]"
1747093057.6118484,"[ 0.         -0.2240592   0.50355243  2.93521045 -2.21658253 -0.0040789
  0.96006844  1.5709191 ]","[ 0.00000000e+00 -1.16489477e-04  8.73128108e-05 -7.15903507e-05
  3.17698567e-05  4.23278279e-05  0.00000000e+00  0.00000000e+00]","[ 0.         -0.63782334 10.95448208  0.28900826 -3.87449265 -0.07522245
 -0.85803294  0.07493544]"
1747093057.6130247,"[ 0.         -0.22405973  0.5035529   2.93521045 -2.21658306 -0.0040789
  0.96006844  1.5709191 ]","[ 0.00000000e+00 -1.21784452e-04  8.73878910e-05 -7.15362227e-05
  3.18179359e-05  4.23598089e-05  0.00000000e+00  0.00000000e+00]","[ 0.         -0.60352749 10.96703053  0.34722275 -3.90218973 -0.0819717
 -0.86204624  0.07415319]"
1747093057.6147063,"[ 0.         -0.22405973  0.5035529   2.93521045 -2.21658306 -0.0040789
  0.96006844  1.5709191 ]","[ 0.00000000e+00 -1.21693710e-04  8.63502513e-05 -7.15903507e-05
  3.18179359e-05  4.23278279e-05  0.00000000e+00  0.00000000e+00]","[ 0.         -0.58715552 10.98354435  0.38311568 -3.94399285 -0.08648156
 -0.86200172  0.05869376]"
1747093057.6164923,"[ 0.         -0.22406026  0.50355333  2.93521045 -2.21658306 -0.0040789
  0.96006844  1.5709191 ]","[ 0.00000000e+00 -1.21784452e-04  9.12979459e-05 -7.15903507e-05
  2.65350217e-05  4.23278279e-05  0.00000000e+00  0.00000000e+00]","[ 0.         -0.53106803 11.01400661  0.43912959 -3.94644928 -0.10351548
 -0.87351221  0.05122707]"
1747093057.6182497,"[ 0.         -0.22406026  0.50355379  2.93521045 -2.21658306 -0.0040789
  0.96006844  1.5709191 ]","[ 0.00000000e+00 -1.21692507e-04  9.61408956e-05 -7.15903507e-05
  2.65149452e-05  4.23278279e-05  0.00000000e+00  0.00000000e+00]","[ 0.         -0.49658874 11.02409267  0.4955653  -3.98980308 -0.12745699
 -0.88538957  0.07114402]"
1747093057.6198874,"[ 0.         -0.22406026  0.50355379  2.93521045 -2.21658306 -0.0040789
  0.96006844  1.5709191 ]","[ 0.00000000e+00 -1.21692507e-04  9.50367825e-05 -7.15903507e-05
  2.65149452e-05  4.23278279e-05  0.00000000e+00  0.00000000e+00]","[ 0.         -0.46556741 11.04356289  0.50841683 -3.99591255 -0.14189434
 -0.8827132   0.07968587]"
1747093057.6215947,"[ 0.         -0.2240608   0.50355426  2.93521045 -2.21658306 -0.0040789
  0.96006844  1.5709191 ]","[ 0.00000000e+00 -1.27080686e-04  9.79972248e-05 -7.15903507e-05
  2.38815200e-05  4.23598089e-05  0.00000000e+00  0.00000000e+00]","[ 0.         -0.40063584 11.04955673  0.57107359 -4.03093386 -0.1337156
 -0.87555087  0.06958907]"
1747093057.6232936,"[ 0.         -0.2240608   0.50355473  2.93521045 -2.21658306 -0.0040789
  0.96006844  1.5709191 ]","[ 0.00000000e+00 -1.26983484e-04  1.02581604e-04 -7.15903507e-05
  1.85604623e-05  4.23278279e-05  0.00000000e+00  0.00000000e+00]","[ 0.         -0.3145231  11.08681202  0.64547276 -4.05454588 -0.15054917
 -0.87514687  0.05658514]"
1747093057.6249058,"[ 0.         -0.2240608   0.50355519  2.93521045 -2.21658306 -0.0040789
  0.96006844  1.5709191 ]","[ 0.00000000e+00 -1.27079427e-04  1.07150167e-04 -7.15896436e-05
  1.32574726e-05  4.23598089e-05  0.00000000e+00  0.00000000e+00]","[ 0.         -0.23010547 11.13006878  0.70198345 -4.03835773 -0.1540242
 -0.87023652  0.05081944]"
1747093057.6267047,"[ 0.         -0.2240608   0.50355519  2.93521045 -2.21658306 -0.0040789
  0.96006844  1.5709191 ]","[ 0.00000000e+00 -1.26983484e-04  1.05958734e-04 -7.15903507e-05
  1.32573405e-05  4.23598089e-05  0.00000000e+00  0.00000000e+00]","[ 0.         -0.18201362 11.15612602  0.71400708 -4.05035257 -0.16419853
 -0.87548339  0.04504364]"
1747093057.6284275,"[ 0.         -0.2240608   0.50355563  2.93521045 -2.21658306 -0.0040789
  0.96006844  1.5709191 ]","[ 0.00000000e+00 -1.26983484e-04  1.10395821e-04 -7.15903507e-05
  1.32673788e-05  4.23602275e-05  0.00000000e+00  0.00000000e+00]","[ 0.         -0.05290921 11.19678116  0.78539824 -4.04429674 -0.15610816
 -0.87114525  0.06548986]"
1747093057.6296415,"[ 0.         -0.2240608   0.50355563  2.93521045 -2.21658306 -0.0040789
  0.96006844  1.5709191 ]","[ 0.00000000e+00 -1.27079427e-04  1.09278062e-04 -7.16445599e-05
  1.32675109e-05  4.23598089e-05  0.00000000e+00  0.00000000e+00]","[ 0.         -0.01194226 11.19232941  0.82891273 -4.02762794 -0.15722744
 -0.86742461  0.09251844]"
1747093057.6313188,"[ 0.         -0.22406026  0.50355609  2.93521072 -2.21658306 -0.0040789
  0.96006844  1.5709191 ]","[ 0.00000000e+00 -1.16401531e-04  1.10888410e-04 -6.89388604e-05
  1.32574726e-05  4.23278279e-05  0.00000000e+00  0.00000000e+00]","[ 0.          0.08146253 11.19205475  0.9005627  -4.0262928  -0.18578489
 -0.86518794  0.07993887]"
1747093057.6325316,"[ 0.         -0.22406026  0.50355656  2.93521072 -2.21658306 -0.0040789
  0.96006844  1.5709191 ]","[ 0.00000000e+00 -1.16489477e-04  1.16297607e-04 -6.89388604e-05
  1.32675109e-05  4.23278279e-05  0.00000000e+00  0.00000000e+00]","[ 0.          0.1704378  11.25039577  0.94007903 -4.01867533 -0.21788055
 -0.85049146  0.07932825]"
1747093057.6343555,"[ 0.         -0.22406026  0.50355749  2.93521072 -2.21658306 -0.00407996
  0.96006844  1.5709191 ]","[ 0.00000000e+00 -1.16402677e-04  1.24620245e-04 -6.89388604e-05
  1.32573405e-05  3.17701716e-05  0.00000000e+00  0.00000000e+00]","[ 0.          0.31520203 11.25744152  0.98825639 -4.00865459 -0.23608178
 -0.83712482  0.05801324]"
1747093057.6360612,"[ 0.         -0.22406026  0.50355749  2.93521072 -2.21658306 -0.00407996
  0.96006844  1.5709191 ]","[ 0.00000000e+00 -1.16401531e-04  1.19227035e-04 -6.89388604e-05
  1.32574726e-05  3.17458709e-05  0.00000000e+00  0.00000000e+00]","[ 0.          0.37759265 11.25330925  1.06164181 -3.99002028 -0.24515906
 -0.8308056   0.05945874]"
1747093057.6372392,"[ 0.         -0.22405973  0.50355792  2.93521072 -2.21658306 -0.00407996
  0.96006844  1.5709191 ]","[ 0.00000000e+00 -1.11194501e-04  1.21968747e-04 -6.89910622e-05
  1.32675109e-05  3.17698567e-05  0.00000000e+00  0.00000000e+00]","[ 0.          0.50569963 11.26366425  1.13640237 -3.960675   -0.23139693
 -0.83334267  0.04602014]"
1747093057.638442,"[ 0.         -0.22405973  0.50355839  2.93521125 -2.21658306 -0.00407996
  0.96006844  1.5709191 ]","[ 0.00000000e+00 -1.11110546e-04  1.21876526e-04 -6.36358718e-05
  1.32574726e-05  3.17461838e-05  0.00000000e+00  0.00000000e+00]","[ 0.          0.64612776 11.27378559  1.24707294 -3.95299959 -0.24371186
 -0.83817089  0.0376264 ]"
1747093057.6402166,"[ 0.         -0.22405973  0.50355839  2.93521125 -2.21658306 -0.00407996
  0.96006844  1.5709191 ]","[ 0.00000000e+00 -1.11111643e-04  1.21968747e-04 -6.36358718e-05
  1.32573405e-05  3.17458709e-05  0.00000000e+00  0.00000000e+00]","[ 0.          0.75366336 11.30550003  1.28102469 -3.94538593 -0.25801134
 -0.83046818  0.0323133 ]"
1747093057.641883,"[ 0.         -0.22405973  0.50355885  2.93521125 -2.21658306 -0.00407996
  0.96006844  1.5709191 ]","[ 0.00000000e+00 -1.11194501e-04  1.27273011e-04 -6.36358718e-05
  1.85743315e-05  3.17698567e-05  0.00000000e+00  0.00000000e+00]","[ 0.          0.81353718 11.26712513  1.34360635 -3.94384408 -0.26116711
 -0.82099694  0.04899596]"
1747093057.6431286,"[ 0.         -0.2240592   0.50355932  2.93521178 -2.21658306 -0.00408103
  0.96006844  1.5709191 ]","[ 0.00000000e+00 -1.05819570e-04  1.27175500e-04 -5.83322980e-05
  1.85604623e-05  1.05819570e-05  0.00000000e+00  0.00000000e+00]","[ 0.          0.93216032 11.25313187  1.44872153 -3.9464407  -0.29200119
 -0.80686325  0.04865995]"
1747093057.64485,"[ 0.         -0.22405867  0.50355932  2.93521205 -2.21658306 -0.00408103
  0.96006844  1.5709191 ]","[ 0.00000000e+00 -1.00528593e-04  1.27271744e-04 -5.56813848e-05
  2.38815200e-05  1.05819570e-05  0.00000000e+00  0.00000000e+00]","[ 0.          1.03346109 11.2820158   1.47313392 -3.94835281 -0.30642265
 -0.81011009  0.05881161]"
1747093057.6460538,"[ 0.         -0.22405867  0.50355979  2.93521258 -2.21658306 -0.00408103
  0.96006844  1.5709191 ]","[ 0.00000000e+00 -1.00605543e-04  1.32574732e-04 -5.03783961e-05
  2.38634509e-05  1.05900569e-05  0.00000000e+00  0.00000000e+00]","[ 0.          1.15864646 11.23568916  1.53009105 -3.97738433 -0.31518289
 -0.81339824  0.06356872]"
1747093057.6477292,"[ 0.         -0.22405867  0.50356022  2.93521258 -2.21658306 -0.00408103
  0.96006844  1.5709191 ]","[ 0.00000000e+00 -1.00529585e-04  1.37772082e-04 -5.03783961e-05
  2.38634509e-05  1.05819570e-05  0.00000000e+00  0.00000000e+00]","[ 0.          1.22074533 11.23324394  1.59797943 -3.97539234 -0.32046318
 -0.82142419  0.06441306]"
1747093057.6496007,"[ 0.         -0.22405813  0.50356022  2.93521312 -2.21658306 -0.00408103
  0.96006844  1.5709191 ]","[ 0.00000000e+00 -9.53095680e-05  1.32574732e-04 -4.50749605e-05
  2.38815200e-05  1.05899522e-05  0.00000000e+00  0.00000000e+00]","[ 0.          1.34896839 11.23115158  1.71528029 -3.99435902 -0.34923747
 -0.82063794  0.06071717]"
1747093057.6512985,"[ 0.         -0.2240576   0.50356115  2.93521365 -2.21658306 -0.00408209
  0.96006844  1.5709191 ]","[ 0.00000000e+00 -9.00826511e-05  1.37773464e-04 -3.97724188e-05
  2.38634509e-05  0.00000000e+00  0.00000000e+00  0.00000000e+00]","[ 0.          1.49066067 11.23265362  1.80990875 -4.03611803 -0.39248565
 -0.82513416  0.05627634]"
1747093057.653012,"[ 0.         -0.22405707  0.50356115  2.93521391 -2.2165836  -0.00408209
  0.96006844  1.5709191 ]","[ 0.00000000e+00 -8.48469811e-05  1.37879086e-04 -3.71209245e-05
  1.32673788e-05  0.00000000e+00  0.00000000e+00  0.00000000e+00]","[ 0.          1.61367941 11.20948792  1.90006232 -4.11733198 -0.38086256
 -0.815189    0.06037613]"
1747093057.6547253,"[ 0.         -0.22405707  0.50356162  2.93521445 -2.2165836  -0.00408209
  0.96006844  1.5709191 ]","[ 0.00000000e+00 -8.48478263e-05  1.43072445e-04 -3.18179359e-05
  1.32673788e-05  0.00000000e+00  0.00000000e+00  0.00000000e+00]","[ 0.          1.66562629 11.18723583  1.93697655 -4.16994715 -0.41286027
 -0.80973631  0.03727925]"
1747093057.6559062,"[ 0.         -0.22405654  0.50356162  2.93521498 -2.2165836  -0.00408209
  0.96006937  1.5709191 ]","[ 0.00000000e+00 -7.95448377e-05  1.43072445e-04 -2.65152094e-05
  1.32574726e-05  0.00000000e+00  1.06059783e-05  0.00000000e+00]","[ 0.          1.82179582 11.18814087  2.02972531 -4.19570446 -0.42734203
 -0.79383582  0.01844304]"
1747093057.65767,"[ 0.         -0.224056    0.50356162  2.93521525 -2.2165836  -0.00408209
  0.96006937  1.5709191 ]","[ 0.00000000e+00 -7.42418490e-05  1.43180701e-04 -2.38634509e-05
  1.32675109e-05  0.00000000e+00  1.06059783e-05  0.00000000e+00]","[ 0.          1.85951281 11.13606644  2.08152604 -4.20055008 -0.42055687
 -0.79562086  0.02805839]"
1747093057.660229,"[ 0.         -0.22405547  0.50356208  2.93521631 -2.21658413 -0.00408316
  0.96006937  1.5709191 ]","[ 0.00000000e+00 -6.35871160e-05  1.45720473e-04 -7.95448397e-06
  0.00000000e+00 -1.05900569e-05  1.05979587e-05  0.00000000e+00]","[ 0.          1.99814868 11.10269928  2.20419645 -4.25311565 -0.45853013
 -0.82426798  0.01537498]"
1747093057.6619682,"[ 0.         -0.22405441  0.50356252  2.93521764 -2.21658413 -0.00408369
  0.96006937  1.5709191 ]","[ 0.00000000e+00 -5.30298904e-05  1.51135188e-04  5.30298914e-06
 -5.30700455e-06 -1.58849283e-05  1.06059783e-05  0.00000000e+00]","[ 0.          2.16970468 11.053195    2.34878707 -4.3677454  -0.5012598
 -0.80500782  0.02637989]"
1747093057.663159,"[ 0.         -0.22405441  0.50356252  2.93521818 -2.2165844  -0.00408369
  0.96006937  1.5709191 ]","[ 0.00000000e+00 -5.29897943e-05  1.51020918e-04  1.06060839e-05
 -7.96050683e-06 -2.64548924e-05  1.05979587e-05  0.00000000e+00]","[ 0.          2.21360946 11.04442024  2.38855171 -4.37900543 -0.50357932
 -0.80561954  0.03473046]"
1747093057.664384,"[ 0.         -0.22405387  0.50356252  2.93521871 -2.2165844  -0.00408369
  0.96006937  1.5709191 ]","[ 0.00000000e+00 -4.76908124e-05  1.51020918e-04  1.59089679e-05
 -1.32574726e-05 -2.64548924e-05  1.05979587e-05  0.00000000e+00]","[ 0.          2.27087069 11.03914642  2.42026758 -4.3896246  -0.51250124
 -0.80216986  0.02904234]"
1747093057.6661332,"[ 0.         -0.22405334  0.50356252  2.93521951 -2.21658493 -0.00408369
  0.96006937  1.5709191 ]","[ 0.00000000e+00 -3.70928568e-05  1.51133693e-04  2.65350217e-05
 -1.85745164e-05 -2.64748795e-05  1.06059783e-05  0.00000000e+00]","[ 0.          2.34915018 11.00111771  2.47149539 -4.45981169 -0.50505447
 -0.81822842  0.01698664]"
1747093057.6678658,"[ 0.         -0.22405281  0.50356252  2.93522031 -2.21658493 -0.00408476
  0.96006937  1.5709191 ]","[ 0.00000000e+00 -3.17938749e-05  1.51020918e-04  3.44694302e-05
 -2.38815200e-05 -3.70648338e-05  1.05979587e-05  0.00000000e+00]","[ 0.          2.4157114  10.97665215  2.53671384 -4.4616971  -0.50359482
 -0.81770229  0.01449731]"
1747093057.6690528,"[ 0.         -0.22405228  0.50356252  2.93522137 -2.21658493 -0.00408476
  0.96006937  1.5709191 ]","[ 0.00000000e+00 -2.12119566e-05  1.45832208e-04  4.50754075e-05
 -2.38634509e-05 -3.70648338e-05  1.06059783e-05  0.00000000e+00]","[ 0.          2.51308012 10.93775177  2.6263082  -4.50773001 -0.51138192
 -0.81202048  0.04324768]"
1747093057.6708417,"[ 0.         -0.22405121  0.50356252  2.93522217 -2.21658493 -0.00408476
  0.96006937  1.5709191 ]","[ 0.00000000e+00 -1.06059783e-05  1.45832208e-04  5.30700435e-05
 -2.38815200e-05 -3.70651995e-05  1.06059783e-05  0.00000000e+00]","[ 0.          2.55306721 10.91898727  2.64167976 -4.5439539  -0.52823818
 -0.81269372  0.0287425 ]"
1747093057.671991,"[ 0.         -0.22404961  0.50356252  2.93522403 -2.21658546 -0.00408582
  0.96006937  1.5709191 ]","[ 0.00000000e+00  5.29897933e-06  1.51022414e-04  7.68933393e-05
 -2.91664395e-05 -4.76547840e-05  1.05978530e-05  0.00000000e+00]","[ 0.          2.63332987 10.86168003  2.70209432 -4.57469416 -0.55479234
 -0.80423379  0.02715226]"
1747093057.673693,"[ 0.         -0.22404908  0.50356252  2.9352251  -2.21658546 -0.00408582
  0.96006937  1.5709191 ]","[ 0.00000000e+00  1.59089679e-05  1.45832208e-04  8.74993247e-05
 -2.91664395e-05 -4.76188043e-05  1.05899522e-05  0.00000000e+00]","[ 0.          2.66007304 10.8325367   2.72251272 -4.59088087 -0.54812181
 -0.79269749  0.03272825]"
1747093057.6753404,"[ 0.         -0.22404855  0.50356252  2.9352283  -2.21658546 -0.00408582
  0.96006937  1.5709191 ]","[ 0.00000000e+00  2.11957060e-05  1.40529211e-04  1.24714603e-04
 -3.18420273e-05 -4.76547840e-05  1.05819570e-05  0.00000000e+00]","[ 0.          2.73735952 10.78134918  2.79215336 -4.61774349 -0.58205402
 -0.81146097  0.0378951 ]"
1747093057.6765692,"[ 0.         -0.22404748  0.50356252  2.93523043 -2.21658546 -0.00408582
  0.96006937  1.5709191 ]","[ 0.00000000e+00  3.70928568e-05  1.40422954e-04  1.45832208e-04
 -3.18179359e-05 -4.76192757e-05  1.05819570e-05  0.00000000e+00]","[ 0.          2.78497338 10.77120781  2.81413603 -4.62107086 -0.5907855
 -0.81404895  0.03393598]"
1747093057.6783147,"[ 0.         -0.22404588  0.50356252  2.93523602 -2.21658573 -0.00408689
  0.96006937  1.5709191 ]","[ 0.00000000e+00  5.82887721e-05  1.40316860e-04  2.09026725e-04
 -3.44955311e-05 -5.82447383e-05  1.05900569e-05  0.00000000e+00]","[ 0.          2.83927298 10.72151279  2.84995103 -4.66892672 -0.60094887
 -0.79348063  0.02868883]"
1747093057.67949,"[ 0.         -0.22404535  0.50356252  2.93523975 -2.21658573 -0.00408689
  0.96006937  1.5709191 ]","[ 0.00000000e+00  6.88867318e-05  1.40527813e-04  3.32515460e-04
 -3.18176189e-05 -5.82447383e-05  1.05820616e-05  0.00000000e+00]","[ 0.          2.86650348 10.68764973  2.88127398 -4.67746019 -0.60371464
 -0.78402013  0.02006775]"
1747093057.6811957,"[ 0.         -0.22404375  0.50356252  2.9352488  -2.21658626 -0.00408689
  0.96006937  1.5709191 ]","[ 0.00000000e+00  8.48478263e-05  1.37669385e-04  1.26849965e-03
 -3.71209245e-05 -6.89388604e-05  1.05819570e-05  0.00000000e+00]","[ 0.          2.89723969 10.66103363  2.89545393 -4.69868374 -0.59815705
 -0.78702205  0.03100023]"
1747093057.6828668,"[ 0.         -0.22404269  0.50356252  2.93525439 -2.21658626 -0.00408689
  0.96006937  1.5709191 ]","[ 0.00000000e+00  9.53816248e-05  1.37669385e-04  2.53070706e-03
 -3.71490329e-05 -6.89388604e-05  1.05899522e-05  0.00000000e+00]","[ 0.          2.92292547 10.64844131  2.90516758 -4.71672916 -0.59941167
 -0.80185008  0.02910416]"
1747093057.684086,"[ 0.         -0.22404056  0.50356252  2.93526771 -2.21658679 -0.00408689
  0.96006937  1.5709191 ]","[ 0.00000000e+00  1.16577544e-04  1.32274460e-04  6.23218342e-03
 -4.24234905e-05 -6.89388604e-05  1.05820616e-05  0.00000000e+00]","[ 0.          2.96146584 10.56808662  2.92616892 -4.70378876 -0.60670251
 -0.78956193  0.02810009]"
1747093057.6858866,"[ 0.         -0.22403843  0.50356252  2.93528475 -2.21658679 -0.00408795
  0.96006937  1.5709191 ]","[ 0.00000000e+00  1.43180701e-04  1.27078159e-04  8.64311923e-03
 -4.24239132e-05 -7.95448377e-05  1.05900569e-05  0.00000000e+00]","[ 0.00000000e+00  3.00598192e+00  1.05108938e+01  2.92526078e+00
 -4.73446703e+00 -6.19791031e-01 -7.84262717e-01 -1.70206046e-03]"
1747093057.687542,"[ 0.         -0.22403683  0.50356252  2.93529567 -2.21658679 -0.00408795
  0.96006937  1.5709191 ]","[ 0.00000000e+00  1.64268357e-04  1.26984735e-04  1.02637042e-02
 -4.24239132e-05 -7.95448377e-05  1.05899522e-05  0.00000000e+00]","[ 0.00000000e+00  3.04136992e+00  1.04860535e+01  2.93308091e+00
 -4.73218584e+00 -6.12637401e-01 -7.80036867e-01 -7.92125892e-03]"
1747093057.6893167,"[ 0.         -0.22403417  0.50356252  2.93532683 -2.21658732 -0.00408795
  0.96006937  1.5709191 ]","[ 0.00000000e+00  2.15441524e-04  1.26983484e-04  1.68014870e-02
 -4.77269018e-05 -7.95440412e-05  1.05819570e-05  0.00000000e+00]","[ 0.00000000e+00  3.08793211e+00  1.04678574e+01  2.95034289e+00
 -4.76840734e+00 -6.15782499e-01 -7.81773150e-01  1.01144528e-02]"
1747093057.6904743,"[ 0.         -0.22403257  0.50356252  2.93534574 -2.21658732 -0.00408795
  0.96006937  1.5709191 ]","[ 0.00000000e+00  3.20634160e-04  1.21784452e-04  1.91769216e-02
 -4.77269018e-05 -7.95440412e-05  1.05819570e-05  0.00000000e+00]","[ 0.00000000e+00  3.09137821e+00  1.04532690e+01  2.93199611e+00
 -4.76703358e+00 -6.22572958e-01 -7.84457684e-01  9.87351406e-03]"
1747093057.6922088,"[ 0.         -0.22402884  0.50356252  2.93539954 -2.21658759 -0.00408795
  0.96006937  1.5709191 ]","[ 0.00000000e+00  8.27968591e-04  1.21784452e-04  2.60799204e-02
 -5.03783961e-05 -7.95448377e-05  1.05820616e-05  0.00000000e+00]","[ 0.          3.09741926 10.42969894  2.91931033 -4.76774263 -0.6247896
 -0.79424793  0.01543906]"
1747093057.6939359,"[ 0.         -0.22402405  0.50356252  2.93545866 -2.21658812 -0.00408795
  0.96006937  1.5709191 ]","[ 0.00000000e+00  1.41846123e-03  1.21784452e-04  3.10612093e-02
 -5.56813848e-05 -9.01508150e-05  1.05899522e-05  0.00000000e+00]","[ 0.00000000e+00  3.11703491e+00  1.03729601e+01  2.89828491e+00
 -4.76766062e+00 -6.08716190e-01 -8.21361005e-01  4.95502446e-03]"
1747093057.695177,"[ 0.         -0.22402085  0.50356252  2.93549088 -2.21658866 -0.00408848
  0.96006937  1.5709191 ]","[ 0.00000000e+00  1.72229970e-03  1.19136960e-04  3.26486822e-02
 -6.09843734e-05 -9.54538036e-05  1.05819570e-05  0.00000000e+00]","[ 0.00000000e+00  3.11917830e+00  1.03610487e+01  2.88703299e+00
 -4.77790403e+00 -6.13225222e-01 -8.14837277e-01 -2.06206809e-03]"
1747093057.696901,"[ 0.         -0.22401393  0.50356208  2.93555986 -2.21658919 -0.00408848
  0.96006937  1.5709191 ]","[ 0.00000000e+00  2.51678996e-03  1.13756038e-04  3.37621852e-02
 -6.62873661e-05 -9.54528527e-05  1.05820616e-05  0.00000000e+00]","[ 0.          3.09763598 10.31519699  2.84759927 -4.77153587 -0.59636098
 -0.79839915  0.01596303]"
1747093057.6986623,"[ 0.         -0.22400966  0.50356208  2.93559368 -2.21658919 -0.00408848
  0.96006937  1.5709191 ]","[ 0.00000000e+00  3.19952615e-03  1.13756038e-04  3.43023804e-02
 -6.62873661e-05 -9.54538036e-05  1.05900569e-05  0.00000000e+00]","[ 0.00000000e+00  3.08009100e+00  1.03030815e+01  2.83253670e+00
 -4.76332426e+00 -6.00253463e-01 -7.77118564e-01  1.02529535e-02]"
1747093057.7003634,"[ 0.         -0.22399795  0.50356208  2.93566718 -2.21658999 -0.00408848
  0.96006937  1.5709191 ]","[ 0.00000000e+00  4.90111730e-03  1.13756038e-04  3.63272192e-02
 -7.42418490e-05 -9.54538036e-05  1.05819570e-05  0.00000000e+00]","[ 0.          3.05940914 10.27594757  2.8130734  -4.77937746 -0.59549189
 -0.77321416  0.02692061]"
1747093057.7015395,"[ 0.         -0.22399049  0.50356208  2.93570527 -2.21659052 -0.00408848
  0.96006937  1.5709191 ]","[ 0.00000000e+00  6.31996059e-03  1.11110546e-04  3.86239376e-02
 -7.95448377e-05 -9.53816248e-05  1.05819570e-05  0.00000000e+00]","[ 0.          3.04162955 10.24294949  2.78844666 -4.78936958 -0.59437865
 -0.77406484  0.02175521]"
1747093057.7032268,"[ 0.         -0.22396972  0.50356162  2.93578836 -2.21659079 -0.00408848
  0.96006937  1.5709191 ]","[ 0.00000000e+00  1.05284630e-02  1.05819570e-04  4.32155977e-02
 -8.20109762e-05 -9.54547545e-05  1.05819570e-05  0.00000000e+00]","[ 0.          3.03161454 10.20806694  2.74566007 -4.82035971 -0.58950561
 -0.78532082  0.01844012]"
1747093057.7044296,"[ 0.         -0.2239548   0.50356162  2.9358363  -2.21659079 -0.00408955
  0.96006937  1.5709191 ]","[ 0.00000000e+00  1.40430336e-02  1.00528593e-04  4.51383210e-02
 -8.20729389e-05 -1.06059781e-04  1.05819570e-05  0.00000000e+00]","[ 0.          3.00145769 10.20054245  2.70976639 -4.80901957 -0.5959872
 -0.7937566   0.01307724]"
1747093057.7060912,"[ 0.         -0.22391592  0.50356162  2.93592578 -2.21659132 -0.00408955
  0.96006937  1.5709191 ]","[ 0.00000000e+00  2.16077989e-02  1.00529585e-04  4.51062798e-02
 -8.20721262e-05 -1.06059781e-04  1.05899522e-05  0.00000000e+00]","[ 0.          2.95468116 10.17075253  2.68880129 -4.80928946 -0.59541887
 -0.79246199  0.03045819]"
1747093057.7078202,"[ 0.         -0.22389089  0.50356162  2.93592578 -2.21659185 -0.00408955
  0.96006937  1.5709191 ]","[ 0.00000000e+00  2.53891630e-02  1.00528593e-04  4.51062798e-02
 -8.74993247e-05 -1.06059781e-04  1.05819570e-05  0.00000000e+00]","[ 0.          2.91258359 10.14206314  2.68880129 -4.79130363 -0.58641547
 -0.79318529  0.03824039]"
1747093057.708953,"[ 0.         -0.22382591  0.50356162  2.93601632 -2.21659238 -0.00408955
  0.96007037  1.5709191 ]","[ 0.00000000e+00  3.34920866e-02  9.52376087e-05  4.66795214e-02
 -9.26629948e-05 -1.05979589e-04  1.85184257e-05  0.00000000e+00]","[ 0.          2.85917759 10.11183262  2.65591025 -4.79486561 -0.57510072
 -0.77513433  0.02679671]"
1747093057.7107735,"[ 0.         -0.22378915  0.50356162  2.93606586 -2.21659265 -0.00408955
  0.96007037  1.5709191 ]","[ 0.00000000e+00  3.72356859e-02  9.52385514e-05  4.66429321e-02
 -1.00605543e-04 -1.06059781e-04  1.85325998e-05  0.00000000e+00]","[ 0.          2.84599566 10.11897087  2.60639548 -4.78008318 -0.55653542
 -0.75908989  0.0190185 ]"
1747093057.7118673,"[ 0.         -0.2237018   0.50356115  2.9361612  -2.21659318 -0.00408955
  0.96007037  1.5709191 ]","[ 0.00000000e+00  4.41352496e-02  8.73011481e-05  4.83474467e-02
 -1.00528593e-04 -1.06059781e-04  1.85184257e-05  0.00000000e+00]","[ 0.          2.75041056 10.05708313  2.56682324 -4.82730055 -0.56288177
 -0.76395786  0.01984116]"
1747093057.7144964,"[ 0.         -0.22365493  0.50356115  2.936215   -2.21659372 -0.00408955
  0.96007037  1.5709191 ]","[ 0.00000000e+00  4.75371550e-02  8.73011481e-05  5.06552298e-02
 -1.05899518e-04 -1.05979589e-04  1.85184257e-05  0.00000000e+00]","[ 0.          2.70291281 10.02494717  2.53155255 -4.83516455 -0.58217537
 -0.75890976  0.01664109]"
1747093057.7157037,"[ 0.         -0.22354627  0.50356115  2.93631247 -2.21659398 -0.00408955
  0.96007037  1.5709191 ]","[ 0.00000000e+00  5.52210613e-02  8.20721262e-05  4.88876440e-02
 -1.08465062e-04 -1.06058724e-04  1.85184257e-05  0.00000000e+00]","[ 0.          2.59983277 10.01772308  2.50326848 -4.83772087 -0.57674831
 -0.74981534  0.03135801]"
1747093057.7169447,"[ 0.         -0.22341951  0.50356115  2.93641287 -2.21659452 -0.00408955
  0.96007037  1.5709191 ]","[ 0.00000000e+00  6.75243704e-02  7.67199429e-05  4.91506186e-02
 -1.13756038e-04 -1.05979589e-04  1.85186086e-05  0.00000000e+00]","[ 0.          2.46865582  9.96846581  2.43794847 -4.83496428 -0.57279027
 -0.74308288  0.03657218]"
1747093057.7192247,"[ 0.         -0.2232725   0.50356115  2.936513   -2.21659505 -0.00409062
  0.96007037  1.5709191 ]","[ 0.00000000e+00  7.67076863e-02  7.40737029e-05  5.13185192e-02
 -1.19136960e-04 -1.16665758e-04  1.85184257e-05  0.00000000e+00]","[ 0.          2.33167624  9.94188118  2.38421392 -4.8286252  -0.55481476
 -0.74965501  0.02737829]"
1747093057.7204041,"[ 0.         -0.22318728  0.50356069  2.93656573 -2.21659505 -0.00409062
  0.96007037  1.5709191 ]","[ 0.00000000e+00  8.02459039e-02  6.87827183e-05  5.34792999e-02
 -1.19047015e-04 -1.16665758e-04  1.85184257e-05  0.00000000e+00]","[ 0.          2.22393823  9.9561739   2.30584359 -4.8220911  -0.55146086
 -0.74525666  0.03873461]"
1747093057.7221541,"[ 0.         -0.22301524  0.50356069  2.93667652 -2.21659558 -0.00409062
  0.96007037  1.5709191 ]","[ 0.00000000e+00  8.91321651e-02  6.34917418e-05  5.41659876e-02
 -1.24336756e-04 -1.16664596e-04  1.85184257e-05  0.00000000e+00]","[ 0.          2.11707044  9.96033287  2.23486376 -4.81630516 -0.53922743
 -0.7426976   0.03959194]"
1747093057.723847,"[ 0.         -0.22291777  0.50356069  2.93672925 -2.21659585 -0.00409062
  0.96007037  1.5709191 ]","[ 0.00000000e+00  9.17812530e-02  6.35397134e-05  5.34792999e-02
 -1.26984735e-04 -1.16665758e-04  1.85186086e-05  0.00000000e+00]","[ 0.          2.01568103  9.93132591  2.21965313 -4.83804941 -0.53905308
 -0.74480635  0.04516355]"
1747093057.7250042,"[ 0.         -0.22273241  0.50356069  2.93683951 -2.21659691 -0.00409062
  0.96007037  1.5709191 ]","[ 0.00000000e+00  9.61547045e-02  5.82007654e-05  5.67204709e-02
 -1.37565437e-04 -1.16577544e-04  1.85184257e-05  0.00000000e+00]","[ 0.          1.84411716  9.8859272   2.08522272 -4.88216066 -0.5254153
 -0.74591464  0.0349787 ]"
1747093057.7267084,"[ 0.         -0.22263441  0.50356069  2.93690369 -2.21659744 -0.00409062
  0.96007037  1.5709191 ]","[ 0.00000000e+00  9.93958714e-02  5.55552731e-05  6.03783477e-02
 -1.42856421e-04 -1.16577544e-04  1.85184257e-05  0.00000000e+00]","[ 0.          1.76896918  9.92879009  2.02720094 -4.88921928 -0.50445223
 -0.73988813  0.03447364]"
1747093057.728407,"[ 0.         -0.22242349  0.50356022  2.93703232 -2.21659878 -0.00409062
  0.96007037  1.5709191 ]","[ 0.00000000e+00  1.04257622e-01  5.03022715e-05  6.64439800e-02
 -1.56085411e-04 -1.16664596e-04  1.85184257e-05  0.00000000e+00]","[ 0.          1.54208922  9.90860844  1.93642545 -4.86775112 -0.49525362
 -0.74651945  0.03280405]"
1747093057.7295265,"[ 0.         -0.22219445  0.50356022  2.93718066 -2.21659958 -0.00409062
  0.96007037  1.5709191 ]","[ 0.00000000e+00  1.07929522e-01  4.49737631e-05  7.48170001e-02
 -1.63898222e-04 -1.16665758e-04  1.85184257e-05  0.00000000e+00]","[ 0.          1.42019117  9.92293453  1.84676158 -4.86191511 -0.47936097
 -0.76453763  0.03145211]"
1747093057.7312138,"[ 0.         -0.22208047  0.50356022  2.93726002 -2.21659958 -0.00409062
  0.96007037  1.5709191 ]","[ 0.00000000e+00  1.07328904e-01  4.23278279e-05  8.04890505e-02
 -1.64021952e-04 -1.16665758e-04  1.85044548e-05  0.00000000e+00]","[ 0.          1.32847047  9.90289402  1.83518279 -4.85882044 -0.47428748
 -0.77121168  0.04815367]"
1747093057.7329257,"[ 0.         -0.22197448  0.50356022  2.93734471 -2.21660011 -0.00409062
  0.96007037  1.5709191 ]","[ 0.00000000e+00  1.07498797e-01  4.23598089e-05  8.58039710e-02
 -1.69311312e-04 -1.16665758e-04  1.85184257e-05  0.00000000e+00]","[ 0.          1.2465359   9.91262436  1.73827791 -4.87297392 -0.45408076
 -0.76365662  0.04414508]"
1747093057.734096,"[ 0.         -0.22176409  0.50355979  2.9375314  -2.21660091 -0.00409062
  0.96007037  1.5709191 ]","[ 0.00000000e+00  1.06418402e-01  2.64548924e-05  9.26434348e-02
 -1.80791122e-04 -1.05978532e-04  1.85184257e-05  0.00000000e+00]","[ 0.          1.10679257  9.91224766  1.56850564 -4.86631918 -0.43104565
 -0.75379169  0.04800765]"
1747093057.735814,"[ 0.         -0.22165117  0.50355979  2.93762647 -2.21660144 -0.00409062
  0.96007037  1.5709191 ]","[ 0.00000000e+00  1.06225806e-01  2.38094022e-05  9.64247990e-02
 -1.90133285e-04 -1.06059781e-04  1.85044548e-05  0.00000000e+00]","[ 0.          1.00274408  9.90032673  1.50194943 -4.85228872 -0.43239009
 -0.74059385  0.0664739 ]"
1747093057.736949,"[ 0.         -0.22143865  0.50355979  2.93782301 -2.2166025  -0.00409062
  0.96007037  1.5709191 ]","[ 0.00000000e+00  1.07498797e-01  1.85325998e-05  9.99360687e-02
 -2.29843416e-04 -1.05979589e-04  1.85184257e-05  0.00000000e+00]","[ 0.          0.83258069  9.88120079  1.34747565 -4.84222412 -0.41613048
 -0.73796749  0.0461024 ]"
1747093057.7387145,"[ 0.         -0.22133159  0.50355979  2.93793061 -2.21660277 -0.00409062
  0.96007037  1.5709191 ]","[ 0.00000000e+00  1.08579183e-01  1.85184257e-05  1.01310460e-01
 -2.46478143e-04 -1.05979589e-04  1.85184257e-05  0.00000000e+00]","[ 0.          0.79905027  9.91557884  1.26715755 -4.82090282 -0.38750231
 -0.75847101  0.04842396]"
1747093057.7404137,"[ 0.         -0.22110895  0.50355979  2.93813673 -2.21660384 -0.00409062
  0.96007037  1.5709191 ]","[ 0.00000000e+00  1.09119380e-01  1.32374398e-05  1.05501110e-01
 -2.72169732e-04 -1.06059781e-04  1.85184257e-05  0.00000000e+00]","[ 0.          0.66515321  9.96599197  1.16435444 -4.80213022 -0.37520951
 -0.7634747   0.0538955 ]"
1747093057.7416098,"[ 0.         -0.22100136  0.50355932  2.9382414  -2.2166041  -0.00409062
  0.96007037  1.5709191 ]","[ 0.00000000e+00  1.09008818e-01  1.05819570e-05  1.06148308e-01
 -2.88765562e-04 -1.05979589e-04  1.85186086e-05  0.00000000e+00]","[ 0.          0.61548626  9.98733711  1.10760713 -4.79549694 -0.38778731
 -0.76848382  0.06098408]"
1747093057.7433078,"[ 0.         -0.2208943   0.50355932  2.93846697 -2.21660517 -0.00409062
  0.96007037  1.5709191 ]","[ 0.00000000e+00  1.08579183e-01  5.29497611e-06  1.11280161e-01
 -3.19562654e-04 -9.54538036e-05  1.85184257e-05  0.00000000e+00]","[ 0.          0.58949047  9.97918701  1.04433525 -4.75176573 -0.36065885
 -0.75002253  0.07190412]"
1747093057.7444603,"[ 0.         -0.22077659  0.50355932  2.93857722 -2.2166057  -0.00409062
  0.96007037  1.5709191 ]","[ 0.00000000e+00  1.10839658e-01  0.00000000e+00  1.11820358e-01
 -3.37362726e-04 -9.54538036e-05  1.85184257e-05  0.00000000e+00]","[ 0.          0.53029066  9.99778175  0.98516393 -4.7484355  -0.33328304
 -0.74348301  0.07454917]"
1747093057.7461712,"[ 0.         -0.22055821  0.50355932  2.93879667 -2.21660597 -0.00409062
  0.96007037  1.5709191 ]","[ 0.00000000e+00  1.10739964e-01 -5.29097849e-06  1.11167410e-01
 -3.46402226e-04 -9.53806739e-05  1.85186086e-05  0.00000000e+00]","[ 0.          0.47370642 10.01073551  0.92826784 -4.71225119 -0.32582262
 -0.72406054  0.04728648]"
1747093057.747863,"[ 0.         -0.22044689  0.50355932  2.93891358 -2.2166065  -0.00409062
  0.96007037  1.5709191 ]","[ 0.00000000e+00  1.12900745e-01 -5.29097849e-06  1.10087356e-01
 -3.53687461e-04 -9.54538036e-05  1.85184257e-05  0.00000000e+00]","[ 0.          0.4678387  10.02964401  0.88149977 -4.66972828 -0.32103285
 -0.73157752  0.0469955 ]"
1747093057.7490473,"[ 0.         -0.22021892  0.50355932  2.93912503 -2.2166073  -0.00409062
  0.96007037  1.5709191 ]","[ 0.00000000e+00  1.11167410e-01 -7.94254290e-06  1.07228694e-01
 -3.57655935e-04 -9.53816248e-05  1.85184257e-05  0.00000000e+00]","[ 0.          0.43498594 10.03913593  0.85939085 -4.63473749 -0.31604999
 -0.73520792  0.06628867]"
1747093057.7514203,"[ 0.         -0.2201092   0.50355932  2.93923156 -2.2166073  -0.00409062
  0.96007037  1.5709191 ]","[ 0.00000000e+00  1.11280161e-01 -7.94246417e-06  1.08038994e-01
 -3.46107660e-04 -9.53816248e-05  1.85184257e-05  0.00000000e+00]","[ 0.          0.41571882 10.04990673  0.86612213 -4.62457561 -0.32321775
 -0.74141008  0.07310846]"
1747093057.75536,"[ 0.         -0.21954408  0.50355932  2.93978949 -2.2166089  -0.00409062
  0.9600713   1.5709191 ]","[ 0.00000000e+00  1.08936088e-01 -2.38276277e-05  1.13347340e-01
 -3.58901463e-04 -8.47836692e-05  2.91003827e-05  0.00000000e+00]","[ 0.          0.56592602 10.12558842  0.90145725 -4.51384878 -0.35765362
 -0.72866482  0.06692853]"
1747093057.7595022,"[ 0.         -0.21913395  0.50355885  2.94025821 -2.2166097  -0.00409062
  0.9600713   1.5709191 ]","[ 0.00000000e+00  1.02637038e-01 -3.17701716e-05  1.17610404e-01
 -3.60640515e-04 -7.41849740e-05  1.85184257e-05  0.00000000e+00]","[ 0.          0.80230981 10.18096828  1.03202653 -4.44807148 -0.37056541
 -0.71411502  0.0564644 ]"
1747093057.763432,"[ 0.         -0.21871583  0.50355932  2.94073172 -2.21661076 -0.00409062
  0.9600713   1.5709191 ]","[ 0.00000000e+00  1.03717433e-01 -3.17458709e-05  1.18302692e-01
 -3.52707371e-04 -6.88346925e-05  1.85184257e-05  0.00000000e+00]","[ 0.          1.08829343 10.30053997  1.22272098 -4.45124722 -0.42430165
 -0.72781968  0.03981985]"
1747093057.766517,"[ 0.         -0.21840265  0.50355932  2.94108059 -2.21661156 -0.00409062
  0.9600713   1.5709191 ]","[ 0.00000000e+00  1.02637038e-01 -3.17698567e-05  1.18302692e-01
 -3.53270269e-04 -6.87834010e-05  1.85186086e-05  0.00000000e+00]","[ 0.          1.29403317 10.37849903  1.40334749 -4.44484806 -0.46194503
 -0.7431522   0.04148206]"
1747093057.7695277,"[ 0.         -0.21808147  0.50355932  2.94142547 -2.21661289 -0.00409168
  0.9600713   1.5709191 ]","[ 0.00000000e+00  1.08579183e-01 -3.17698567e-05  1.12360547e-01
 -3.58782675e-04 -6.87827183e-05  1.85184257e-05  0.00000000e+00]","[ 0.          1.58151293 10.52320004  1.5869416  -4.46891975 -0.46256176
 -0.73893756  0.01949211]"
1747093057.7725918,"[ 0.         -0.21773579  0.50355932  2.94175917 -2.21661422 -0.00409168
  0.9600713   1.5709191 ]","[ 0.00000000e+00  1.17222306e-01 -3.17698567e-05  1.10199767e-01
 -3.63166195e-04 -5.82013384e-05  1.85464284e-05  0.00000000e+00]","[ 0.00000000e+00  1.74701715e+00  1.05920048e+01  1.72820258e+00
 -4.50006866e+00 -4.93135750e-01 -7.37178385e-01  9.26650967e-03]"
1747093057.7753253,"[ 0.         -0.21737839  0.50355932  2.94209632 -2.21661609 -0.00409221
  0.9600713   1.5709191 ]","[ 0.00000000e+00  1.23164451e-01 -3.17701716e-05  1.11820358e-01
 -3.68922745e-04 -6.34917418e-05  1.85464284e-05  0.00000000e+00]","[ 0.          1.96921885 10.66653442  1.8563385  -4.55172443 -0.51504755
 -0.77464217  0.03717994]"
1747093057.7811728,"[ 0.         -0.21699064  0.50355979  2.94243667 -2.21661848 -0.00409221
  0.9600713   1.5709191 ]","[ 0.00000000e+00  1.29646785e-01 -2.64748795e-05  1.16952203e-01
 -3.97744832e-04 -5.29103091e-05  1.85464284e-05  0.00000000e+00]","[ 0.          2.10848141 10.74131489  1.92959523 -4.61602354 -0.54220766
 -0.7850852   0.02485417]"
1747093057.7823255,"[ 0.         -0.21644788  0.50355979  2.94294134 -2.21662248 -0.00409221
  0.9600713   1.5709191 ]","[ 0.00000000e+00  1.37209521e-01 -2.65149452e-05  1.30457085e-01
 -4.46915199e-04 -5.29097849e-05  1.85464284e-05  0.00000000e+00]","[ 0.          2.16433764 10.85098267  1.9627353  -4.68357658 -0.53868145
 -0.78414041  0.04501562]"
1747093057.785826,"[ 0.         -0.21602071  0.50355979  2.94335227 -2.21662621 -0.00409221
  0.9600713   1.5709191 ]","[ 0.00000000e+00  1.41531083e-01 -2.65149452e-05  1.38289908e-01
 -5.38349334e-04 -5.28698675e-05  1.85604623e-05  0.00000000e+00]","[ 0.          2.19397879 10.91445255  1.91027308 -4.6911335  -0.52972746
 -0.81644493  0.03938148]"
1747093057.788724,"[ 0.         -0.21559674  0.50355979  2.94377784 -2.21662994 -0.00409221
  0.9600713   1.5709191 ]","[ 0.00000000e+00  1.45312439e-01 -2.65347576e-05  1.41927328e-01
 -7.32644068e-04 -4.22958956e-05  1.85604623e-05  0.00000000e+00]","[ 0.          2.15387034 10.93383789  1.83299398 -4.70377398 -0.51955831
 -0.8307237   0.03671303]"
1747093057.7917035,"[ 0.         -0.21514613  0.50355979  2.94421274 -2.2166342  -0.00409221
  0.9600713   1.5709191 ]","[ 0.00000000e+00  1.49482400e-01 -2.65149452e-05  1.43421761e-01
 -1.07670998e-03 -4.22963142e-05  1.85606472e-05  0.00000000e+00]","[ 0.          2.09466767 10.94627285  1.73601842 -4.73147917 -0.4822996
 -0.81227887  0.03734583]"
1747093057.7945883,"[ 0.         -0.21469499  0.50355979  2.94462979 -2.21663899 -0.00409221
  0.9600713   1.5709191 ]","[ 0.00000000e+00  1.49482400e-01 -2.65149452e-05  1.39370294e-01
 -1.36750305e-03 -4.23278279e-05  1.85464284e-05  0.00000000e+00]","[ 0.          1.98996663 10.89524746  1.68233848 -4.74928093 -0.47881252
 -0.81086403  0.02088971]"
1747093057.7981448,"[ 0.         -0.21409152  0.50355979  2.94519811 -2.21664831 -0.00409221
  0.9600713   1.5709191 ]","[ 0.00000000e+00  1.49482400e-01 -2.38634509e-05  1.39678039e-01
 -1.83519549e-03 -3.70092754e-05  1.85464284e-05  0.00000000e+00]","[ 0.          1.92520642 10.81083393  1.62359953 -4.73456144 -0.46025121
 -0.80294943  0.02857582]"
1747093057.8015428,"[ 0.         -0.21364198  0.50355979  2.94561569 -2.2166579  -0.00409221
  0.9600713   1.5709191 ]","[ 0.00000000e+00  1.48956459e-01 -2.38634509e-05  1.40720783e-01
 -2.68014784e-03 -3.70089097e-05  1.85604623e-05  0.00000000e+00]","[ 0.          1.94906271 10.70982933  1.64011979 -4.76877689 -0.47999111
 -0.81245548  0.04181497]"
1747093057.803789,"[ 0.         -0.21334637  0.50355979  2.94589798 -2.21666669 -0.00409328
  0.9600713   1.5709191 ]","[ 0.00000000e+00  1.50714395e-01 -1.85745164e-05  1.36800676e-01
 -3.67002428e-03 -4.76188043e-05  1.85602774e-05  0.00000000e+00]","[ 0.          1.96544576 10.6557188   1.64958405 -4.77894878 -0.48679385
 -0.81041753  0.05340519]"
1747093057.8055444,"[ 0.         -0.21303531  0.50355932  2.94616829 -2.21667947 -0.00409328
  0.9600713   1.5709191 ]","[ 0.00000000e+00  1.52968761e-01 -2.38634509e-05  1.36669324e-01
 -5.70364009e-03 -3.70092754e-05  1.85604623e-05  0.00000000e+00]","[ 0.          2.0314877  10.55999756  1.67175364 -4.74868202 -0.49602136
 -0.81044877  0.04692369]"
1747093057.8073096,"[ 0.         -0.21272798  0.50355932  2.94645219 -2.21669598 -0.00409328
  0.9600713   1.5709191 ]","[ 0.00000000e+00  1.56656540e-01 -2.38815200e-05  1.38830105e-01
 -8.37302164e-03 -3.70368514e-05  1.85604623e-05  0.00000000e+00]","[ 0.          2.06549311 10.47929859  1.72108591 -4.75387096 -0.51586986
 -0.78919637  0.04823952]"
1747093057.809576,"[ 0.         -0.21239988  0.50355932  2.94672356 -2.21671995 -0.00409328
  0.9600713   1.5709191 ]","[ 0.00000000e+00  1.60993348e-01 -2.38634509e-05  1.37340324e-01
 -1.25384225e-02 -3.70089097e-05  1.06059783e-05  0.00000000e+00]","[ 0.          2.08975482 10.41011524  1.77801108 -4.70663786 -0.53224891
 -0.78460133  0.03847534]"
1747093057.81068,"[ 0.         -0.21207391  0.50355885  2.94699947 -2.21675058 -0.00409434
  0.9600713   1.5709191 ]","[ 0.00000000e+00  1.66920246e-01 -2.65347576e-05  1.33910356e-01
 -1.67290760e-02 -4.76188043e-05  1.06059783e-05  0.00000000e+00]","[ 0.          2.1233685  10.32751942  1.80858135 -4.62607098 -0.52925652
 -0.75017077  0.03488197]"
1747093057.8129678,"[ 0.         -0.21190879  0.50355885  2.94713236 -2.21676949 -0.00409434
  0.9600713   1.5709191 ]","[ 0.00000000e+00  1.67290758e-01 -2.38815200e-05  1.34778638e-01
 -1.91769216e-02 -4.75828816e-05  1.06059783e-05  0.00000000e+00]","[ 0.          2.12343645 10.30465508  1.85773611 -4.59567499 -0.51640594
 -0.74128217  0.03959828]"
1747093057.8140595,"[ 0.         -0.21156365  0.50355885  2.94739894 -2.21681369 -0.00409434
  0.9600713   1.5709191 ]","[ 0.00000000e+00  1.68540829e-01 -2.38634509e-05  1.35721380e-01
 -2.24180906e-02 -4.76188043e-05  1.06059783e-05  0.00000000e+00]","[ 0.          2.17066646 10.22776508  1.92634165 -4.49363232 -0.53133965
 -0.75195944  0.045784  ]"
1747093057.8161058,"[ 0.         -0.21123342  0.50355839  2.9476871  -2.21686216 -0.00409434
  0.9600713   1.5709191 ]","[ 0.00000000e+00  1.67460435e-01 -2.65149452e-05  1.41801177e-01
 -2.51190644e-02 -4.75833530e-05  1.06058726e-05  0.00000000e+00]","[ 0.          2.21117377 10.12560081  1.96454835 -4.40956116 -0.55832648
 -0.7551403   0.05815772]"
1747093057.8178937,"[ 0.         -0.21088614  0.50355792  2.94797765 -2.21691516 -0.00409434
  0.9600713   1.5709191 ]","[ 0.00000000e+00  1.69621207e-01 -3.18179359e-05  1.49093811e-01
 -2.61045006e-02 -4.76188043e-05  1.06059783e-05  0.00000000e+00]","[ 0.          2.2316823  10.03403759  1.96302199 -4.35197163 -0.55242562
 -0.71861088  0.0527975 ]"
1747093057.8190331,"[ 0.         -0.21071943  0.50355749  2.94812598 -2.21694073 -0.00409541
  0.9600713   1.5709191 ]","[ 0.00000000e+00  1.68909710e-01 -3.71209245e-05  1.50444300e-01
 -2.59030865e-02 -4.76188043e-05  1.06140091e-05  0.00000000e+00]","[ 0.          2.26287627  9.98839569  1.92387426 -4.32409286 -0.5508852
 -0.71707243  0.04703735]"
1747093057.8213484,"[ 0.         -0.21038813  0.50355749  2.9484413  -2.21699319 -0.00409541
  0.9600713   1.5709191 ]","[ 0.00000000e+00  1.69081018e-01 -3.18179359e-05  1.54878863e-01
 -2.70097486e-02 -4.75828816e-05  1.06059783e-05  0.00000000e+00]","[ 0.          2.28929496  9.93063545  1.94488811 -4.29879618 -0.55513704
 -0.71356988  0.03294037]"
1747093057.82244,"[ 0.         -0.2102065   0.50355749  2.9485971  -2.21702302 -0.00409541
  0.9600713   1.5709191 ]","[ 0.00000000e+00  1.71024094e-01 -3.18179359e-05  1.58007029e-01
 -2.80860672e-02 -4.75833530e-05  1.06059783e-05  0.00000000e+00]","[ 0.          2.27295613  9.91170597  1.96715558 -4.30269337 -0.55580378
 -0.70623022  0.04338291]"
1747093057.8241558,"[ 0.         -0.20986295  0.50355749  2.94892626 -2.21708214 -0.00409541
  0.9600713   1.5709191 ]","[ 0.00000000e+00  1.74845830e-01 -3.18179359e-05  1.60978101e-01
 -3.10927449e-02 -4.75833530e-05  1.06058726e-05  0.00000000e+00]","[ 0.          2.27893782  9.92665195  1.93164027 -4.33963156 -0.52759767
 -0.71138752  0.04692502]"
1747093057.8258338,"[ 0.         -0.20968985  0.50355749  2.94908472 -2.2171149  -0.00409541
  0.9600713   1.5709191 ]","[ 0.00000000e+00  1.75563352e-01 -3.18179359e-05  1.60707990e-01
 -3.31883281e-02 -4.75833530e-05  1.06059783e-05  0.00000000e+00]","[ 0.          2.29450464  9.93737411  1.90541208 -4.35171461 -0.52997845
 -0.71466488  0.04675909]"
1747093057.8269997,"[ 0.         -0.2093234   0.50355702  2.94939738 -2.21718787 -0.00409541
  0.9600713   1.5709191 ]","[ 0.00000000e+00  1.79884914e-01 -3.18179359e-05  1.57466823e-01
 -3.63614283e-02 -4.76188043e-05  1.05979587e-05  0.00000000e+00]","[ 0.          2.29021311  9.95780849  1.87091768 -4.32598162 -0.52331603
 -0.73189384  0.03047571]"
1747093057.828772,"[ 0.         -0.2091455   0.50355702  2.94956196 -2.21722515 -0.00409541
  0.9600713   1.5709191 ]","[ 0.00000000e+00  1.80425119e-01 -3.18179359e-05  1.54829112e-01
 -3.78136459e-02 -4.75828816e-05  1.06059783e-05  0.00000000e+00]","[ 0.          2.2964313   9.94973373  1.89296043 -4.33721304 -0.53470993
 -0.72668797  0.03310438]"
1747093057.8299232,"[ 0.         -0.20877265  0.50355702  2.9498645  -2.21730079 -0.00409541
  0.96007224  1.5709191 ]","[ 0.00000000e+00  1.82585892e-01 -3.18176189e-05  1.52875167e-01
 -3.80837445e-02 -4.76188043e-05  1.85604623e-05  0.00000000e+00]","[ 0.          2.29096198  9.95160484  1.84479415 -4.34763288 -0.52599192
 -0.73177516  0.04146102]"
1747093057.8316967,"[ 0.         -0.20840674  0.50355702  2.95017342 -2.21737935 -0.00409541
  0.96007224  1.5709191 ]","[ 0.00000000e+00  1.86367264e-01 -3.17938749e-05  1.50561696e-01
 -3.91641349e-02 -4.76188043e-05  1.85604623e-05  0.00000000e+00]","[ 0.          2.29045892  9.96594143  1.84594274 -4.35280609 -0.50816399
 -0.73652184  0.03734214]"
1747093057.8334746,"[ 0.         -0.20820753  0.50355702  2.95032123 -2.21741823 -0.00409541
  0.96007224  1.5709191 ]","[ 0.00000000e+00  1.87574808e-01 -3.18179359e-05  1.50056294e-01
 -3.94342335e-02 -4.75828816e-05  1.85604623e-05  0.00000000e+00]","[ 0.          2.29381728  9.99739647  1.82575774 -4.39349937 -0.49686724
 -0.735421    0.04896726]"
1747093057.835289,"[ 0.         -0.20783149  0.50355656  2.9506211  -2.21750478 -0.00409541
  0.96007224  1.5709191 ]","[ 0.00000000e+00  1.92309409e-01 -3.18179359e-05  1.52605073e-01
 -4.33829441e-02 -4.76192757e-05  1.85602774e-05  0.00000000e+00]","[ 0.          2.30269122  9.99882317  1.8067528  -4.48879099 -0.48505169
 -0.74646413  0.05903382]"
1747093057.8364475,"[ 0.         -0.20763708  0.50355656  2.95078515 -2.21754819 -0.00409541
  0.96007224  1.5709191 ]","[ 0.00000000e+00  1.96971389e-01 -3.18182529e-05  1.54473363e-01
 -4.39812815e-02 -4.75833530e-05  1.85604623e-05  0.00000000e+00]","[ 0.          2.32430744 10.00791836  1.79777324 -4.51968145 -0.48853248
 -0.74241436  0.05379561]"
1747093057.838199,"[ 0.         -0.20722429  0.50355656  2.95109275 -2.21763688 -0.00409541
  0.96007224  1.5709191 ]","[ 0.00000000e+00  2.03623982e-01 -3.18179359e-05  1.56116334e-01
 -4.51062798e-02 -4.76188043e-05  1.85604623e-05  0.00000000e+00]","[ 0.          2.30618906 10.04708576  1.78622735 -4.5521946  -0.49282366
 -0.7265563   0.04665203]"
1747093057.8399827,"[ 0.         -0.20702243  0.50355656  2.95124854 -2.21772689 -0.00409541
  0.96007224  1.5709191 ]","[ 0.00000000e+00  2.04733888e-01 -3.18179359e-05  1.57846923e-01
 -4.32155977e-02 -4.76188043e-05  1.85604623e-05  0.00000000e+00]","[ 0.          2.26362395 10.08264351  1.76660049 -4.5540719  -0.48904991
 -0.73494166  0.05485568]"
1747093057.8419378,"[ 0.         -0.20661123  0.50355656  2.95157132 -2.2177687  -0.00409541
  0.96007224  1.5709191 ]","[ 0.00000000e+00  2.09595638e-01 -2.65149452e-05  1.58007029e-01
 -4.24053018e-02 -4.75833530e-05  1.85604623e-05  0.00000000e+00]","[ 0.          2.2012713  10.10488796  1.76332796 -4.57343292 -0.49085039
 -0.74040383  0.03433665]"
1747093057.843615,"[ 0.         -0.20617927  0.50355656  2.95188317 -2.21785552 -0.00409647
  0.96007224  1.5709191 ]","[ 0.00000000e+00  2.10447350e-01 -2.65149452e-05  1.57466823e-01
 -4.23798686e-02 -5.82007654e-05  1.85464284e-05  0.00000000e+00]","[ 0.          2.14881492 10.12365818  1.74818361 -4.59576178 -0.48347533
 -0.76585484  0.02864428]"
1747093057.8452806,"[ 0.         -0.20576222  0.50355609  2.95220675 -2.21794234 -0.00409647
  0.96007224  1.5709191 ]","[ 0.00000000e+00  2.12836805e-01 -3.17938749e-05  1.57882026e-01
 -4.42959881e-02 -5.81568575e-05  1.85604623e-05  0.00000000e+00]","[ 0.          2.08804059 10.1155405   1.73251307 -4.60256195 -0.48150483
 -0.77607149  0.03950733]"
1747093057.846444,"[ 0.         -0.2055513   0.50355609  2.95236281 -2.21798602 -0.00409647
  0.96007224  1.5709191 ]","[ 0.00000000e+00  2.13917199e-01 -3.18179359e-05  1.58116751e-01
 -4.42959881e-02 -5.82007654e-05  1.85604623e-05  0.00000000e+00]","[ 0.          2.0719614  10.15844536  1.70887828 -4.61216068 -0.4805243
 -0.78121668  0.03721295]"
1747093057.8482335,"[ 0.         -0.20510974  0.50355609  2.95267386 -2.2180763  -0.00409647
  0.96007224  1.5709191 ]","[ 0.00000000e+00  2.16077989e-01 -3.17938749e-05  1.57466823e-01
 -4.41352496e-02 -5.82013384e-05  1.85606472e-05  0.00000000e+00]","[ 0.          2.04985976 10.20154762  1.71318305 -4.62864971 -0.48696348
 -0.75860333  0.05201995]"
1747093057.8494868,"[ 0.         -0.20489403  0.50355609  2.95284377 -2.21811997 -0.00409647
  0.96007224  1.5709191 ]","[ 0.00000000e+00  2.18557292e-01 -3.17938749e-05  1.59990285e-01
 -4.42959881e-02 -5.81574305e-05  1.85604623e-05  0.00000000e+00]","[ 0.          2.0005393  10.20704365  1.73852611 -4.63286924 -0.49146017
 -0.76366806  0.04893364]"
1747093057.8511937,"[ 0.         -0.20444076  0.50355609  2.95316788 -2.21821638 -0.00409647
  0.96007224  1.5709191 ]","[ 0.00000000e+00  2.22180855e-01 -3.18179359e-05  1.66650135e-01
 -4.83983131e-02 -5.82007654e-05  1.85604623e-05  0.00000000e+00]","[ 0.          1.89886034 10.23629379  1.79975247 -4.55720472 -0.48500535
 -0.76746541  0.04616063]"
1747093057.852354,"[ 0.         -0.20422025  0.50355609  2.9533346  -2.21826592 -0.00409647
  0.96007224  1.5709191 ]","[ 0.00000000e+00  2.23640717e-01 -3.17938749e-05  1.68909710e-01
 -5.02381288e-02 -5.82007654e-05  1.05899522e-05  0.00000000e+00]","[ 0.          1.89020336 10.27768993  1.77582657 -4.54142237 -0.47664905
 -0.78359997  0.04052892]"
1747093057.8541207,"[ 0.         -0.20377443  0.50355609  2.953684   -2.21836845 -0.00409647
  0.96007224  1.5709191 ]","[ 0.00000000e+00  2.25801489e-01 -3.18179359e-05  1.70271784e-01
 -5.20759971e-02 -5.82013384e-05  1.05899522e-05  0.00000000e+00]","[ 0.          1.82418084 10.29741859  1.7719909  -4.49441719 -0.47546485
 -0.79525971  0.03437211]"
1747093057.8558683,"[ 0.         -0.2035502   0.50355609  2.95385205 -2.21842357 -0.00409647
  0.96007224  1.5709191 ]","[ 0.00000000e+00  2.27191643e-01 -3.18179359e-05  1.70431507e-01
 -5.19090710e-02 -5.82013384e-05  1.05900569e-05  0.00000000e+00]","[ 0.          1.74675488 10.27056503  1.79399121 -4.468925   -0.47633085
 -0.78470761  0.03741645]"
1747093057.8570576,"[ 0.         -0.20308095  0.50355609  2.95418867 -2.21852504 -0.00409647
  0.96007224  1.5709191 ]","[ 0.00000000e+00  2.30123051e-01 -2.64948971e-05  1.70431507e-01
 -5.18587164e-02 -5.81568575e-05  1.05900569e-05  0.00000000e+00]","[ 0.          1.64845288 10.26979923  1.78498554 -4.41839838 -0.45504197
 -0.77453011  0.04576718]"
1747093057.8588002,"[ 0.         -0.20285245  0.50355609  2.95437003 -2.21857564 -0.00409647
  0.96007224  1.5709191 ]","[ 0.00000000e+00  2.31743634e-01 -2.64948971e-05  1.70612669e-01
 -5.13185192e-02 -5.82007654e-05  1.05899522e-05  0.00000000e+00]","[ 0.          1.63412845 10.30092716  1.77980137 -4.3940239  -0.46831667
 -0.75636458  0.04248258]"
1747093057.8599575,"[ 0.         -0.20237574  0.50355563  2.95470026 -2.21868217 -0.00409647
  0.96007224  1.5709191 ]","[ 0.00000000e+00  2.33716204e-01 -3.17458709e-05  1.66920246e-01
 -5.18602394e-02 -5.81574305e-05  1.05899522e-05  0.00000000e+00]","[ 0.          1.52523661 10.26171684  1.74312043 -4.3641367  -0.46754053
 -0.74830204  0.04241579]"
1747093057.861706,"[ 0.         -0.20214351  0.50355563  2.95486005 -2.2187325  -0.00409647
  0.96007224  1.5709191 ]","[ 0.00000000e+00  2.35286371e-01 -3.17458709e-05  1.62058479e-01
 -5.10484247e-02 -5.81574305e-05  1.05899522e-05  0.00000000e+00]","[ 0.          1.46176314 10.24929333  1.74139965 -4.34915113 -0.46538889
 -0.7589457   0.03823764]"
1747093057.8634663,"[ 0.         -0.20165935  0.50355563  2.95518842 -2.21883317 -0.00409647
  0.96007224  1.5709191 ]","[ 0.00000000e+00  2.36725427e-01 -3.70651995e-05  1.60275343e-01
 -4.83983131e-02 -5.82881910e-05  1.05899522e-05  0.00000000e+00]","[ 0.          1.41933692 10.2688303   1.71025801 -4.33978701 -0.46923506
 -0.76120353  0.05334187]"
1747093057.8646052,"[ 0.         -0.20142606  0.50355563  2.95534528 -2.21887951 -0.00409647
  0.96007224  1.5709191 ]","[ 0.00000000e+00  2.36605385e-01 -3.70648338e-05  1.59087406e-01
 -4.69969619e-02 -5.82887721e-05  1.05819570e-05  0.00000000e+00]","[ 0.          1.42389536 10.28852272  1.69548535 -4.3520999  -0.47045246
 -0.75783598  0.05217781]"
1747093057.866497,"[ 0.         -0.20095894  0.50355563  2.95567631 -2.21897405 -0.00409647
  0.96007224  1.5709191 ]","[ 0.00000000e+00  2.36065196e-01 -3.70368514e-05  1.61745657e-01
 -4.83474467e-02 -5.82887721e-05  1.05899522e-05  0.00000000e+00]","[ 0.          1.35054684 10.35354042  1.67284667 -4.39020777 -0.47697768
 -0.7798456   0.05130922]"
1747093057.8689616,"[ 0.         -0.20072618  0.50355563  2.9558393  -2.21902279 -0.00409647
  0.96007224  1.5709191 ]","[ 0.00000000e+00  2.35826010e-01 -3.70648338e-05  1.65299662e-01
 -4.93777572e-02 -5.82887721e-05  1.05900569e-05  0.00000000e+00]","[ 0.          1.31601441 10.38724804  1.69235921 -4.38151646 -0.46387395
 -0.78571278  0.05833967]"
1747093057.8706198,"[ 0.         -0.20001139  0.50355609  2.95633038 -2.21918391 -0.00409647
  0.96007224  1.5709191 ]","[ 0.00000000e+00  2.34984801e-01 -3.17461838e-05  1.67190340e-01
 -5.45596902e-02 -4.76908124e-05  1.05899522e-05  0.00000000e+00]","[ 0.          1.29337323 10.51081753  1.67601418 -4.43454027 -0.46761817
 -0.80834419  0.07104146]"
1747093057.8724477,"[ 0.         -0.1995448   0.50355609  2.95667739 -2.21930295 -0.00409647
  0.96007224  1.5709191 ]","[ 0.00000000e+00  2.37685779e-01 -3.17698567e-05  1.70431507e-01
 -5.96828923e-02 -4.76908124e-05  1.05899522e-05  0.00000000e+00]","[ 0.          1.2740016  10.57898331  1.64960349 -4.43876123 -0.45875224
 -0.79835582  0.05818493]"
1747093057.8736331,"[ 0.         -0.19929233  0.50355609  2.95684651 -2.21936527 -0.00409647
  0.96007224  1.5709191 ]","[ 0.00000000e+00  2.37504867e-01 -3.17458709e-05  1.71511902e-01
 -6.32028089e-02 -4.76547840e-05  1.05899522e-05  0.00000000e+00]","[ 0.          1.25526559 10.60246181  1.63883114 -4.42373514 -0.44816384
 -0.79043686  0.05969491]"
1747093057.8753924,"[ 0.         -0.19881936  0.50355609  2.95719724 -2.21950136 -0.00409647
  0.96007224  1.5709191 ]","[ 0.00000000e+00  2.40926946e-01 -3.17458709e-05  1.70971696e-01
 -7.04954387e-02 -4.23918346e-05  1.05820616e-05  0.00000000e+00]","[ 0.          1.2383827  10.60582256  1.61984956 -4.35492468 -0.43810278
 -0.79766476  0.05362813]"
1747093057.8765743,"[ 0.         -0.19832933  0.50355609  2.95753254 -2.21964783 -0.00409647
  0.96007224  1.5709191 ]","[ 0.00000000e+00  2.38230029e-01 -3.70648338e-05  1.70161413e-01
 -7.26562194e-02 -4.23598089e-05  1.05899522e-05  0.00000000e+00]","[ 0.          1.21363246 10.6238184   1.58633995 -4.26232481 -0.41246608
 -0.80226958  0.04180774]"
1747093057.8783422,"[ 0.         -0.19809391  0.50355609  2.9577139  -2.21971973 -0.00409647
  0.96007224  1.5709191 ]","[ 0.00000000e+00  2.38766174e-01 -3.70368514e-05  1.70773324e-01
 -7.29263222e-02 -4.23918346e-05  1.05899522e-05  0.00000000e+00]","[ 0.          1.20290256 10.59792137  1.57294691 -4.21089745 -0.42978048
 -0.79692417  0.03809444]"
1747093057.8795419,"[ 0.         -0.1976252   0.50355609  2.95807476 -2.21986674 -0.00409647
  0.96007224  1.5709191 ]","[ 0.00000000e+00  2.37984602e-01 -3.70368514e-05  1.69899374e-01
 -7.46225893e-02 -4.23918346e-05  1.05819570e-05  0.00000000e+00]","[ 0.          1.20066833 10.57126236  1.55013871 -4.07511663 -0.43058589
 -0.76767743  0.04651901]"
1747093057.8813343,"[ 0.         -0.19737273  0.50355563  2.95824227 -2.2199453  -0.00409647
  0.96007224  1.5709191 ]","[ 0.00000000e+00  2.37728506e-01 -4.23598089e-05  1.69891318e-01
 -7.39071061e-02 -4.23918346e-05  1.05820616e-05  0.00000000e+00]","[ 0.          1.21334958 10.53978729  1.52855802 -4.01477575 -0.42074737
 -0.76759475  0.0541253 ]"
1747093057.8824527,"[ 0.         -0.1971373   0.50355563  2.95842416 -2.22001694 -0.00409647
  0.96007224  1.5709191 ]","[ 0.00000000e+00  2.38766174e-01 -4.23282464e-05  1.71274864e-01
 -7.26562194e-02 -4.23918346e-05  1.05899522e-05  0.00000000e+00]","[ 0.          1.23888803 10.5279665   1.52448833 -3.98231053 -0.43148482
 -0.76420629  0.04730247]"
1747093057.884213,"[ 0.         -0.19666699  0.50355563  2.95876158 -2.22016102 -0.00409647
  0.96007224  1.5709191 ]","[ 0.00000000e+00  2.38766174e-01 -4.23278279e-05  1.71068302e-01
 -7.29263222e-02 -4.24239132e-05  1.05819570e-05  0.00000000e+00]","[ 0.          1.25375152 10.48188019  1.48684025 -3.93075156 -0.40581664
 -0.74653184  0.0477258 ]"
1747093057.8858764,"[ 0.         -0.19643103  0.50355563  2.95893123 -2.22023825 -0.00409647
  0.96007224  1.5709191 ]","[ 0.00000000e+00  2.39306363e-01 -4.23278279e-05  1.72052091e-01
 -7.27228567e-02 -4.23918346e-05  1.05819570e-05  0.00000000e+00]","[ 0.          1.29769659 10.44282341  1.48041737 -3.92743754 -0.40661424
 -0.73483843  0.06491294]"
1747093057.8870904,"[ 0.         -0.19593995  0.50355563  2.95927877 -2.22037647 -0.00409647
  0.96007224  1.5709191 ]","[ 0.00000000e+00  2.37984602e-01 -4.23278279e-05  1.69621207e-01
 -6.94150525e-02 -4.23918346e-05  1.05820616e-05  0.00000000e+00]","[ 0.          1.34212255 10.42600346  1.49698031 -3.95210719 -0.41002575
 -0.72151589  0.07494487]"
1747093057.8888152,"[ 0.         -0.19570506  0.50355563  2.95944256 -2.22045956 -0.00409647
  0.96007224  1.5709191 ]","[ 0.00000000e+00  2.38225968e-01 -4.23282464e-05  1.66109946e-01
 -6.84436769e-02 -4.23918346e-05  1.05820616e-05  0.00000000e+00]","[ 0.          1.38365638 10.43892288  1.51178706 -3.97464299 -0.41531789
 -0.71031284  0.07893981]"
1747093057.8900402,"[ 0.         -0.19523474  0.50355563  2.95976959 -2.22059272 -0.00409647
  0.96007224  1.5709191 ]","[ 0.00000000e+00  2.39306363e-01 -4.23282464e-05  1.65671823e-01
 -6.69841731e-02 -4.23918346e-05  1.05819570e-05  0.00000000e+00]","[ 0.          1.42861474 10.47348022  1.52515435 -4.02855349 -0.41287929
 -0.72786635  0.07069836]"
1747093057.8918211,"[ 0.         -0.19498121  0.50355563  2.95994376 -2.2206569  -0.00409647
  0.96007224  1.5709191 ]","[ 0.00000000e+00  2.38731569e-01 -4.23278279e-05  1.64002570e-01
 -6.50934910e-02 -4.24239132e-05  1.05819570e-05  0.00000000e+00]","[ 0.          1.46228004 10.45209026  1.55420697 -4.07807446 -0.41742057
 -0.75612968  0.06866149]"
1747093057.8929374,"[ 0.         -0.19450823  0.50355563  2.96026201 -2.22078527 -0.00409647
  0.96007224  1.5709191 ]","[ 0.00000000e+00  2.41467152e-01 -4.23278279e-05  1.60707990e-01
 -6.21224186e-02 -4.23918346e-05  1.05819570e-05  0.00000000e+00]","[ 0.          1.55514121 10.4926796   1.58384562 -4.20452356 -0.40262952
 -0.77053738  0.05539025]"
1747093057.8946927,"[ 0.         -0.1942499   0.50355563  2.9604194  -2.22084625 -0.00409647
  0.96007224  1.5709191 ]","[ 0.00000000e+00  2.43245411e-01 -4.23598089e-05  1.59627612e-01
 -6.17896524e-02 -4.23922572e-05  1.05819570e-05  0.00000000e+00]","[ 0.          1.54525197 10.53962708  1.56680727 -4.26827097 -0.38612968
 -0.76539481  0.0578507 ]"
1747093057.896424,"[ 0.         -0.19376574  0.50355563  2.96074644 -2.22097062 -0.00409647
  0.96007224  1.5709191 ]","[ 0.00000000e+00  2.46328902e-01 -4.23278279e-05  1.59990285e-01
 -6.01844321e-02 -4.23918346e-05  1.05819570e-05  0.00000000e+00]","[ 0.          1.65194106 10.63061428  1.6118269  -4.3838377  -0.39431506
 -0.77641362  0.03929362]"
1747093057.8975794,"[ 0.         -0.19352126  0.50355563  2.9609057  -2.22102655 -0.00409647
  0.96007224  1.5709191 ]","[ 0.00000000e+00  2.47949485e-01 -4.23278279e-05  1.61354639e-01
 -5.67204709e-02 -4.23918346e-05  1.05819570e-05  0.00000000e+00]","[ 0.          1.70908964 10.65057278  1.64251757 -4.47229528 -0.40986741
 -0.78782558  0.03485331]"
1747093057.899222,"[ 0.         -0.19301526  0.50355563  2.96123433 -2.22113281 -0.00409647
  0.96007224  1.5709191 ]","[ 0.00000000e+00  2.46756156e-01 -4.23278279e-05  1.67460435e-01
 -5.26690081e-02 -4.23922572e-05  1.05819570e-05  0.00000000e+00]","[ 0.          1.7789309  10.67747784  1.67004788 -4.64042711 -0.4094874
 -0.82469791  0.04405288]"
1747093057.9009616,"[ 0.         -0.1925279   0.50355563  2.96141542 -2.22123987 -0.00409701
  0.96007224  1.5709191 ]","[ 0.00000000e+00  2.46869091e-01 -4.23278279e-05  1.70522554e-01
 -5.18602394e-02 -4.76908124e-05  1.05820616e-05  0.00000000e+00]","[ 0.          1.87313306 10.70578671  1.6654439  -4.74986362 -0.43834016
 -0.84398633  0.05269273]"
1747093057.9020793,"[ 0.         -0.19228396  0.50355563  2.961584   -2.22129127 -0.00409701
  0.96007224  1.5709191 ]","[ 0.00000000e+00  2.47409280e-01 -4.23278279e-05  1.70971696e-01
 -5.21288109e-02 -4.76908124e-05  1.05819570e-05  0.00000000e+00]","[ 0.          1.86896122 10.69527149  1.69363248 -4.8202877  -0.43155199
 -0.84972364  0.06307489]"
1747093057.903799,"[ 0.         -0.19176944  0.50355563  2.96192649 -2.22134267 -0.00409701
  0.96007224  1.5709191 ]","[ 0.00000000e+00  2.52555090e-01 -4.23278279e-05  1.74753069e-01
 -5.21288109e-02 -3.71209245e-05  1.05820616e-05  0.00000000e+00]","[ 0.          1.91618061 10.72145939  1.7101047  -4.88905478 -0.43399704
 -0.85502923  0.05313565]"
1747093057.9063654,"[ 0.         -0.1915191   0.50355563  2.96211504 -2.22139726 -0.00409701
  0.96007224  1.5709191 ]","[ 0.00000000e+00  2.53891630e-01 -4.23278279e-05  1.77544062e-01
 -5.14075353e-02 -3.70924870e-05  1.05820616e-05  0.00000000e+00]","[ 0.          1.96508217 10.71497059  1.69612312 -4.91430855 -0.44380578
 -0.8701697   0.05099182]"
1747093057.9068766,"[ 0.         -0.19099552  0.50355563  2.96246977 -2.22150112 -0.00409701
  0.96007224  1.5709191 ]","[ 0.00000000e+00  2.56285363e-01 -3.70372172e-05  1.79344725e-01
 -5.31552930e-02 -3.70928568e-05  1.05819570e-05  0.00000000e+00]","[ 0.          1.97343254 10.70273781  1.70151031 -4.91256046 -0.44884047
 -0.86378062  0.04662664]"
1747093057.9080975,"[ 0.         -0.19074039  0.50355563  2.96265939 -2.22156025 -0.00409701
  0.96007224  1.5709191 ]","[ 0.00000000e+00  2.58753381e-01 -3.70368514e-05  1.78547141e-01
 -5.56705988e-02 -3.71209245e-05  1.05819570e-05  0.00000000e+00]","[ 0.          1.94516218 10.70784187  1.72674    -4.83981514 -0.44029802
 -0.849509    0.05610845]"
1747093057.9104395,"[ 0.         -0.19023066  0.50355563  2.96300586 -2.22167742 -0.00409701
  0.96007224  1.5709191 ]","[ 0.00000000e+00  2.58491209e-01 -3.70368514e-05  1.75833463e-01
 -6.10420282e-02 -3.70928568e-05  1.05819570e-05  0.00000000e+00]","[ 0.          1.94668996 10.69083118  1.70758724 -4.70582485 -0.43120131
 -0.8533144   0.06188505]"
1747093057.9116418,"[ 0.         -0.18995476  0.50355563  2.96317817 -2.22173894 -0.00409701
  0.96007224  1.5709191 ]","[ 0.00000000e+00  2.59796125e-01 -3.70368514e-05  1.74753069e-01
 -6.23925172e-02 -2.64951613e-05  1.05739739e-05  0.00000000e+00]","[ 0.          1.95663273 10.67197514  1.69606364 -4.57537699 -0.45166141
 -0.82396257  0.06188505]"
1747093057.9133148,"[ 0.         -0.18943704  0.50355563  2.96353956 -2.2218697  -0.00409701
  0.96007224  1.5709191 ]","[ 0.00000000e+00  2.63074942e-01 -3.17461838e-05  1.77293308e-01
 -6.47577163e-02 -2.65149452e-05  1.05820616e-05  0.00000000e+00]","[ 0.          1.90657485 10.55703545  1.65374684 -4.3441577  -0.42895645
 -0.77923679  0.06609328]"
1747093057.9145796,"[ 0.         -0.18917552  0.50355563  2.96371506 -2.22193495 -0.00409701
  0.96007224  1.5709191 ]","[ 0.00000000e+00  2.65235714e-01 -3.17458709e-05  1.77994236e-01
 -6.61738814e-02 -2.64948971e-05  1.05819570e-05  0.00000000e+00]","[ 0.          1.89692569 10.50177002  1.68347085 -4.15787315 -0.45193678
 -0.76656389  0.07745957]"
1747093057.9162488,"[ 0.         -0.18858749  0.50355519  2.96406634 -2.22206997 -0.00409701
  0.96007323  1.5709191 ]","[ 0.00000000e+00  2.67252193e-01 -3.17458709e-05  1.78623358e-01
 -6.88748552e-02 -2.65149452e-05  1.85184257e-05  0.00000000e+00]","[ 0.          1.7988236  10.34759521  1.69495451 -3.8602314  -0.45885327
 -0.69356126  0.07915678]"
1747093057.917368,"[ 0.         -0.18832224  0.50355473  2.96425595 -2.22214215 -0.00409701
  0.96007323  1.5709191 ]","[ 0.00000000e+00  2.69017087e-01 -3.70648338e-05  1.78547141e-01
 -6.79582534e-02 -2.65146811e-05  1.85186086e-05  0.00000000e+00]","[ 0.          1.80703473 10.28557968  1.66788876 -3.76930356 -0.44299144
 -0.71123135  0.06936617]"
1747093057.9191275,"[ 0.         -0.18777469  0.50355426  2.96461308 -2.22227291 -0.00409701
  0.96007323  1.5709191 ]","[ 0.00000000e+00  2.66585921e-01 -3.70368514e-05  1.81505497e-01
 -6.55671883e-02 -1.58969375e-05  1.85046377e-05  0.00000000e+00]","[ 0.          1.81087291 10.1742363   1.68664229 -3.54145145 -0.44077602
 -0.68842107  0.06149877]"
1747093057.9208155,"[ 0.         -0.18751157  0.50355426  2.96479178 -2.22233709 -0.00409701
  0.96007323  1.5709191 ]","[ 0.00000000e+00  2.66856298e-01 -3.17461838e-05  1.81235403e-01
 -6.50934910e-02 -1.59089679e-05  1.85046377e-05  0.00000000e+00]","[ 0.          1.72678959 10.06592655  1.65979779 -3.48919177 -0.43591237
 -0.67394906  0.06153006]"
1747093057.9219983,"[ 0.         -0.18698533  0.50355379  2.96516196 -2.22246892 -0.00409701
  0.96007323  1.5709191 ]","[ 0.00000000e+00  2.65775920e-01 -3.70648338e-05  1.80425119e-01
 -6.42831993e-02 -1.59089679e-05  1.85184257e-05  0.00000000e+00]","[ 0.          1.71327186 10.00263023  1.64411592 -3.39606643 -0.43019465
 -0.65134352  0.0716986 ]"
1747093057.923639,"[ 0.         -0.18670304  0.50355379  2.96533879 -2.2225315  -0.00409701
  0.96007323  1.5709191 ]","[ 0.00000000e+00  2.65814569e-01 -3.70368514e-05  1.79163014e-01
 -6.34729076e-02 -1.58969375e-05  1.85044548e-05  0.00000000e+00]","[ 0.          1.73001671  9.98704624  1.62314236 -3.38454413 -0.43867421
 -0.66053826  0.07760968]"
1747093057.925408,"[ 0.         -0.18617627  0.50355333  2.96570684 -2.22265401 -0.00409701
  0.96007323  1.5709191 ]","[ 0.00000000e+00  2.67665216e-01 -4.23278279e-05  1.80553284e-01
 -6.18523200e-02 -1.59088095e-05  1.85186086e-05  0.00000000e+00]","[ 0.          1.72246194 10.00345612  1.61404395 -3.40507936 -0.43993086
 -0.66666955  0.07754587]"
1747093057.9264932,"[ 0.         -0.18589077  0.50355333  2.96588607 -2.22272112 -0.00409701
  0.96007323  1.5709191 ]","[ 0.00000000e+00  2.68823791e-01 -4.23602275e-05  1.81775608e-01
 -6.31342034e-02 -1.58969375e-05  1.85184257e-05  0.00000000e+00]","[ 0.          1.69973946 10.00100899  1.61276102 -3.46780276 -0.42957053
 -0.67098647  0.07236218]"
1747093057.9282525,"[ 0.         -0.18535974  0.50355379  2.96626344 -2.22284549 -0.00409701
  0.96007323  1.5709191 ]","[ 0.00000000e+00  2.68476898e-01 -3.17458709e-05  1.85568665e-01
 -6.29327103e-02 -1.59089679e-05  1.85184257e-05  0.00000000e+00]","[ 0.          1.75406361 10.08085155  1.59885609 -3.6092093  -0.43860698
 -0.69583917  0.05798581]"
1747093057.9300072,"[ 0.         -0.18482764  0.50355379  2.96663815 -2.22296853 -0.00409701
  0.96007323  1.5709191 ]","[ 0.00000000e+00  2.70097482e-01 -3.17698567e-05  1.90958920e-01
 -5.91513461e-02 -1.58729355e-05  1.85186086e-05  0.00000000e+00]","[ 0.          1.70805454 10.12496662  1.59873235 -3.79439783 -0.4371883
 -0.71514606  0.05222342]"
1747093057.9327524,"[ 0.         -0.18454162  0.50355379  2.96682883 -2.22302685 -0.00409701
  0.96007323  1.5709191 ]","[ 0.00000000e+00  2.69325331e-01 -3.17461838e-05  1.93389787e-01
 -5.91513461e-02 -1.58730919e-05  1.05740785e-05  0.00000000e+00]","[ 0.          1.72457063 10.18796253  1.55169511 -3.92799878 -0.4136444
 -0.72847795  0.0523049 ]"
1747093057.9373581,"[ 0.         -0.18319299  0.50355379  2.96799237 -2.22336614 -0.00409701
  0.96007323  1.5709191 ]","[ 0.00000000e+00  2.69017087e-01 -2.64548924e-05  1.87574808e-01
 -5.42895916e-02 -1.58850858e-05  1.05820616e-05  0.00000000e+00]","[ 0.          1.72238636 10.46490097  1.53342927 -4.89161253 -0.41429436
 -0.84018719  0.08466617]"
1747093057.9422903,"[ 0.         -0.18211441  0.50355426  2.96872847 -2.22359943 -0.00409701
  0.96007323  1.5709191 ]","[ 0.00000000e+00  2.67396504e-01 -2.38273920e-05  1.82387702e-01
 -5.94214448e-02 -1.58849283e-05  1.05819570e-05  0.00000000e+00]","[ 0.          1.72281182 10.61914062  1.54248714 -5.24809074 -0.42139176
 -0.89967     0.04624359]"
1747093057.9459193,"[ 0.         -0.18076206  0.50355426  2.9696611  -2.22391901 -0.00409701
  0.96007323  1.5709191 ]","[ 0.00000000e+00  2.72258254e-01 -1.85324169e-05  1.86907453e-01
 -6.63911288e-02 -5.29497611e-06  1.05819570e-05  0.00000000e+00]","[ 0.          1.76735103 10.63922024  1.53065777 -5.0427103  -0.42768016
 -0.88520515  0.05477648]"
1747093057.9493685,"[ 0.         -0.17993009  0.50355379  2.97021611 -2.22411555 -0.00409701
  0.96007323  1.5709191 ]","[ 0.00000000e+00  2.72798443e-01 -2.38273920e-05  1.87717753e-01
 -6.59037828e-02 -5.28698695e-06  1.05819570e-05  0.00000000e+00]","[ 0.          1.68731201 10.47343063  1.57000446 -4.73091364 -0.41809049
 -0.84963065  0.05772048]"
1747093057.9523869,"[ 0.         -0.17910557  0.50355333  2.97077963 -2.22432008 -0.00409701
  0.96007323  1.5709191 ]","[ 0.00000000e+00  2.70829934e-01 -2.64748795e-05  1.84476569e-01
 -6.75243704e-02 -5.29103081e-06  1.05739739e-05  0.00000000e+00]","[ 0.          1.71580625 10.29572964  1.55366743 -4.32528448 -0.4492451
 -0.76574188  0.05177254]"
1747093057.9553866,"[ 0.         -0.17828425  0.5035529   2.97134635 -2.22451982 -0.00409701
  0.96007323  1.5709191 ]","[ 0.00000000e+00  2.70829934e-01 -3.17698567e-05  1.88257942e-01
 -6.56336883e-02 -5.29097849e-06  1.05899522e-05  0.00000000e+00]","[ 0.          1.76000464 10.17245293  1.6046958  -3.95298743 -0.45819971
 -0.71917409  0.05384944]"
1747093057.957824,"[ 0.         -0.17774896  0.5035529   2.97172053 -2.22465377 -0.00409701
  0.96007323  1.5709191 ]","[ 0.00000000e+00  2.71177859e-01 -3.17461838e-05  1.89608431e-01
 -6.51384652e-02 -5.28698695e-06  1.05979587e-05  0.00000000e+00]","[ 0.          1.75851727 10.07956409  1.59078085 -3.80416822 -0.45233861
 -0.69590724  0.05497118]"
1747093057.9601068,"[ 0.         -0.17692924  0.50355243  2.9722955  -2.22483806 -0.00409701
  0.96007417  1.5709191 ]","[ 0.00000000e+00  2.69826854e-01 -3.17698567e-05  1.88876661e-01
 -6.07719338e-02 -5.29097849e-06  1.85324169e-05  0.00000000e+00]","[ 0.          1.8234632  10.07143116  1.61720872 -3.66817093 -0.4532896
 -0.66568589  0.06297664]"
1747093057.9630609,"[ 0.         -0.1763998   0.50355243  2.97266542 -2.22496004 -0.00409701
  0.96007417  1.5709191 ]","[ 0.00000000e+00  2.67936692e-01 -3.18179359e-05  1.87717753e-01
 -5.91813566e-02 -5.29097849e-06  1.85464284e-05  0.00000000e+00]","[ 0.          1.84144759 10.07026291  1.60851431 -3.73819733 -0.45991889
 -0.69697571  0.0629582 ]"
1747093057.964759,"[ 0.         -0.17584427  0.50355243  2.97303932 -2.22507482 -0.00409701
  0.96007417  1.5709191 ]","[ 0.00000000e+00  2.71331474e-01 -3.18176189e-05  1.80695214e-01
 -5.72026487e-02 -5.29097849e-06  1.85324169e-05  0.00000000e+00]","[ 0.          1.87978292 10.10512733  1.62538195 -3.81576729 -0.44180843
 -0.72201008  0.07379603]"
1747093057.9665525,"[ 0.         -0.17530737  0.50355243  2.97339193 -2.22518641 -0.00409701
  0.96007417  1.5709191 ]","[ 0.00000000e+00  2.72798443e-01 -3.18179359e-05  1.78804536e-01
 -5.36644520e-02 -5.29097849e-06  1.85464284e-05  0.00000000e+00]","[ 0.          1.95057678 10.15964699  1.6700815  -3.95902348 -0.44980863
 -0.70955324  0.07600544]"
1747093057.9683027,"[ 0.         -0.17474491  0.50355243  2.97375571 -2.22529027 -0.00409701
  0.96007417  1.5709191 ]","[ 0.00000000e+00  2.74842236e-01 -3.18179359e-05  1.77454047e-01
 -5.32092012e-02 -5.29097849e-06  1.85324169e-05  0.00000000e+00]","[ 0.          1.99856281 10.30321217  1.7020328  -4.19202185 -0.43101567
 -0.75771505  0.07613429]"
1747093057.9700508,"[ 0.         -0.17420589  0.5035529   2.97410699 -2.22539866 -0.00409701
  0.96007323  1.5709191 ]","[ 0.00000000e+00  2.73338648e-01 -3.18182529e-05  1.78804536e-01
 -5.29121464e-02 -5.29502843e-06  1.05979587e-05  0.00000000e+00]","[ 0.          2.02922559 10.38105488  1.77154279 -4.45667171 -0.45478469
 -0.7833057   0.05336145]"
1747093057.971827,"[ 0.         -0.17364236  0.5035529   2.97447983 -2.22549746 -0.00409701
  0.96007323  1.5709191 ]","[ 0.00000000e+00  2.74959232e-01 -3.18179359e-05  1.83126081e-01
 -4.94278371e-02 -5.29097849e-06  1.05899522e-05  0.00000000e+00]","[ 0.          2.02782369 10.49548912  1.78810549 -4.72238207 -0.43542534
 -0.8595292   0.06965842]"
1747093057.973625,"[ 0.         -0.17337019  0.5035529   2.97466119 -2.22554407 -0.00409701
  0.96007323  1.5709191 ]","[ 0.00000000e+00  2.76039626e-01 -3.18179359e-05  1.84123118e-01
 -4.72670564e-02 -5.29097849e-06  1.05979587e-05  0.00000000e+00]","[ 0.          2.07647109 10.53180885  1.81437123 -4.840168   -0.43044049
 -0.86406529  0.07821393]"
1747093057.9753397,"[ 0.         -0.17282318  0.5035529   2.97504042 -2.22563914 -0.00409701
  0.96007323  1.5709191 ]","[ 0.00000000e+00  2.77660210e-01 -3.18179359e-05  1.85067125e-01
 -4.60979910e-02 -5.29097849e-06  1.05979587e-05  0.00000000e+00]","[ 0.          2.03168678 10.59426785  1.7661072  -5.11533022 -0.43765837
 -0.906726    0.0632607 ]"
1747093057.9771042,"[ 0.         -0.1722506   0.5035529   2.97540821 -2.22573289 -0.00409701
  0.96007323  1.5709191 ]","[ 0.00000000e+00  2.79537472e-01 -3.18182529e-05  1.86367264e-01
 -4.80773522e-02 -5.29497611e-06  1.05979587e-05  0.00000000e+00]","[ 0.          2.00105333 10.63993835  1.75391686 -5.29234552 -0.44019166
 -0.92977661  0.06225077]"
1747093057.9782608,"[ 0.         -0.17197469  0.5035529   2.9755925  -2.22578029 -0.00409701
  0.96007323  1.5709191 ]","[ 0.00000000e+00  2.79820999e-01 -3.17938749e-05  1.86718086e-01
 -4.80773522e-02 -5.29097849e-06  1.05979587e-05  0.00000000e+00]","[ 0.          1.95444775 10.65768337  1.74050248 -5.34346914 -0.447947
 -0.9301936   0.07531618]"
1747093057.980574,"[ 0.         -0.17139785  0.50355333  2.9759704  -2.22587936 -0.00409701
  0.96007323  1.5709191 ]","[ 0.00000000e+00  2.82521944e-01 -2.65149452e-05  1.84476569e-01
 -4.83983131e-02 -5.29097849e-06  1.05979587e-05  0.00000000e+00]","[ 0.          1.94143438 10.70690823  1.73538125 -5.33928871 -0.45763636
 -0.93236935  0.0505266 ]"
1747093057.9823515,"[ 0.         -0.17083912  0.50355333  2.97632886 -2.22597763 -0.00409701
  0.96007323  1.5709191 ]","[ 0.00000000e+00  2.83854656e-01 -2.38632132e-05  1.80965308e-01
 -5.07268771e-02 -5.29097849e-06  1.05980643e-05  0.00000000e+00]","[ 0.          1.92699635 10.74573612  1.73473918 -5.23195934 -0.45879936
 -0.9083724   0.04591173]"
1747093057.9841743,"[ 0.         -0.17025269  0.50355333  2.9767017  -2.22608735 -0.00409701
  0.96007323  1.5709191 ]","[ 0.00000000e+00  2.86879108e-01 -2.38634509e-05  1.82585892e-01
 -5.45596902e-02 -5.29097849e-06  1.05980643e-05  0.00000000e+00]","[ 0.          1.94027627 10.67211533  1.70825028 -5.02211714 -0.47368941
 -0.85586214  0.0556961 ]"
1747093057.9853528,"[ 0.         -0.16996933  0.50355333  2.9768828  -2.22614248 -0.00409701
  0.96007323  1.5709191 ]","[ 0.00000000e+00  2.87383711e-01 -2.38634509e-05  1.83480198e-01
 -5.59101792e-02 -5.29097849e-06  1.05979587e-05  0.00000000e+00]","[ 0.          1.9387368  10.64574814  1.70722187 -4.89465094 -0.45446226
 -0.86242306  0.05591744]"
1747093057.9871624,"[ 0.         -0.16940261  0.5035529   2.9772575  -2.22625087 -0.00409701
  0.96007323  1.5709191 ]","[ 0.00000000e+00  2.87632184e-01 -2.65149452e-05  1.82559443e-01
 -5.40194971e-02 -5.29097849e-06  1.05979587e-05  0.00000000e+00]","[ 0.          1.94108582 10.58481979  1.72832525 -4.56797314 -0.4484084
 -0.82129478  0.05589316]"
1747093057.9888926,"[ 0.         -0.16909795  0.5035529   2.97743647 -2.22630733 -0.00409701
  0.96007323  1.5709191 ]","[ 0.00000000e+00  2.87149519e-01 -2.65149452e-05  1.81505497e-01
 -5.31629122e-02 -5.29103081e-06  1.05979587e-05  0.00000000e+00]","[ 0.          1.89543355 10.47362041  1.69708157 -4.41703176 -0.47002026
 -0.79620397  0.0581459 ]"
1747093057.9906018,"[ 0.         -0.16853176  0.50355243  2.97779653 -2.22641119 -0.00409701
  0.96007323  1.5709191 ]","[ 0.00000000e+00  2.86843522e-01 -3.18176189e-05  1.82940541e-01
 -5.26690081e-02 -5.29097849e-06  1.05899522e-05  0.00000000e+00]","[ 0.          1.82670641 10.38750362  1.65831685 -4.18393469 -0.44523507
 -0.75599128  0.08353285]"
1747093057.991852,"[ 0.         -0.16793894  0.50355243  2.9781699  -2.22651479 -0.00409701
  0.96007323  1.5709191 ]","[ 0.00000000e+00  2.89544500e-01 -3.18179359e-05  1.81775608e-01
 -4.96521543e-02 -5.29097849e-06  1.05979587e-05  0.00000000e+00]","[ 0.          1.8404454  10.24774933  1.66034746 -4.00518894 -0.46762922
 -0.71432942  0.0708942 ]"
1747093057.9935122,"[ 0.         -0.16765345  0.50355243  2.97834807 -2.22656166 -0.00409701
  0.96007323  1.5709191 ]","[ 0.00000000e+00  2.89544500e-01 -3.18179359e-05  1.80695214e-01
 -4.75371550e-02 -5.29497611e-06  1.05979587e-05  0.00000000e+00]","[ 0.          1.82271957 10.20210361  1.67611027 -3.95086837 -0.45528096
 -0.71982288  0.06704409]"
1747093057.9946992,"[ 0.         -0.16707661  0.50355243  2.97871638 -2.22665141 -0.00409701
  0.96007323  1.5709191 ]","[ 0.00000000e+00  2.92785667e-01 -3.18176189e-05  1.80051761e-01
 -4.23400003e-02 -5.29097849e-06  1.05978530e-05  0.00000000e+00]","[ 0.          1.82467699 10.17836761  1.67475367 -3.8274684  -0.45620576
 -0.69843668  0.07590509]"
1747093057.9963818,"[ 0.         -0.16676555  0.50355243  2.97889455 -2.22669083 -0.00409701
  0.96007417  1.5709191 ]","[ 0.00000000e+00  2.92622015e-01 -3.18179359e-05  1.80695214e-01
 -3.99744266e-02 -5.29103081e-06  1.85464284e-05  0.00000000e+00]","[ 0.          1.80823302 10.16945648  1.64492977 -3.82276535 -0.46268758
 -0.68992937  0.07847381]"
1747093057.9981694,"[ 0.         -0.16618658  0.50355243  2.9792594  -2.22676832 -0.00409701
  0.96007417  1.5709191 ]","[ 0.00000000e+00  2.93866044e-01 -3.18179359e-05  1.85908601e-01
 -3.91641349e-02 -5.29097849e-06  1.85324169e-05  0.00000000e+00]","[ 0.          1.7748574  10.19660664  1.65407085 -3.8746171  -0.48239589
 -0.69989479  0.07342832]"
1747093058.0003912,"[ 0.         -0.1655847   0.50355243  2.97964796 -2.22684955 -0.00409701
  0.96007417  1.5709191 ]","[ 0.00000000e+00  2.94402172e-01 -3.18179359e-05  1.90418714e-01
 -4.01229520e-02 -5.29097849e-06  1.85464284e-05  0.00000000e+00]","[ 0.          1.76670134 10.31502724  1.64438248 -3.96182537 -0.46322757
 -0.7516799   0.05720515]"
1747093058.0015764,"[ 0.         -0.16529389  0.50355243  2.97983864 -2.22688923 -0.00409701
  0.96007417  1.5709191 ]","[ 0.00000000e+00  2.94647616e-01 -3.18182529e-05  1.93389787e-01
 -4.02037498e-02  0.00000000e+00  1.85324169e-05  0.00000000e+00]","[ 0.          1.78730619 10.36876106  1.64338374 -4.02480125 -0.45205107
 -0.76342779  0.05455838]"
1747093058.0032618,"[ 0.         -0.16470906  0.5035529   2.98023945 -2.22696992 -0.00409701
  0.96007417  1.5709191 ]","[ 0.00000000e+00  2.97107211e-01 -2.65149452e-05  1.97171159e-01
 -4.10548170e-02  0.00000000e+00  1.85464284e-05  0.00000000e+00]","[ 0.          1.67655849 10.45873737  1.60975373 -4.24183559 -0.45118222
 -0.78536642  0.06824627]"
1747093058.0050123,"[ 0.         -0.16439427  0.5035529   2.9806264  -2.22705808 -0.00409701
  0.96007417  1.5709191 ]","[ 0.00000000e+00  2.96408331e-01 -2.65149452e-05  1.96090765e-01
 -4.42959881e-02  0.00000000e+00  1.85464284e-05  0.00000000e+00]","[ 0.          1.67502201 10.57054234  1.60365403 -4.41916323 -0.42940775
 -0.797324    0.06837748]"
1747093058.0061295,"[ 0.         -0.16381157  0.5035529   2.98081788 -2.22710441 -0.00409701
  0.96007417  1.5709191 ]","[ 0.00000000e+00  2.96026833e-01 -2.65149452e-05  1.94200087e-01
 -4.69493454e-02  0.00000000e+00  1.85324169e-05  0.00000000e+00]","[ 0.          1.6555934  10.58340073  1.58853686 -4.539536   -0.43058327
 -0.81540364  0.06137187]"
1747093058.0079129,"[ 0.         -0.16351969  0.5035529   2.98102135 -2.22715422 -0.00409701
  0.96007323  1.5709191 ]","[ 0.00000000e+00  2.95726895e-01 -2.65146811e-05  1.91587110e-01
 -5.05082274e-02  0.00000000e+00  1.05979587e-05  0.00000000e+00]","[ 0.          1.65314138 10.61502743  1.56168532 -4.61750412 -0.42133921
 -0.83592463  0.05599816]"
1747093058.0090775,"[ 0.         -0.16291302  0.5035529   2.98139526 -2.2272658  -0.00409701
  0.96007323  1.5709191 ]","[ 0.00000000e+00  2.97107211e-01 -2.64948971e-05  1.89068225e-01
 -5.59101792e-02  0.00000000e+00  1.05980643e-05  0.00000000e+00]","[ 0.          1.65055799 10.66761971  1.54007494 -4.71693516 -0.41092819
 -0.86500436  0.074017  ]"
1747093058.010847,"[ 0.         -0.16261901  0.5035529   2.98158115 -2.22732226 -0.00409701
  0.96007323  1.5709191 ]","[ 0.00000000e+00  2.97583984e-01 -2.65149452e-05  1.88337021e-01
 -5.72606640e-02  0.00000000e+00  1.05740785e-05  0.00000000e+00]","[ 0.          1.62628055 10.68154716  1.49922633 -4.75862646 -0.40766951
 -0.86105984  0.05832325]"
1747093058.0124817,"[ 0.         -0.16200542  0.5035529   2.98196544 -2.22743598 -0.00409701
  0.96007323  1.5709191 ]","[ 0.00000000e+00  2.99919077e-01 -2.65149452e-05  1.88577888e-01
 -5.80709558e-02  0.00000000e+00  1.05819570e-05  0.00000000e+00]","[ 0.          1.62624264 10.67854309  1.48273742 -4.78371525 -0.39575908
 -0.84535033  0.03896543]"
1747093058.0136018,"[ 0.         -0.16171034  0.5035529   2.98215186 -2.22749936 -0.00409701
  0.96007323  1.5709191 ]","[ 0.00000000e+00  2.98964799e-01 -2.64948971e-05  1.89068225e-01
 -5.96828923e-02  0.00000000e+00  1.05819570e-05  0.00000000e+00]","[ 0.          1.62135625 10.67278004  1.48102796 -4.77878141 -0.40809259
 -0.83028018  0.03375998]"
1747093058.0153918,"[ 0.         -0.16112338  0.5035529   2.9825279  -2.2276192  -0.00409701
  0.96007323  1.5709191 ]","[ 0.00000000e+00  2.96806208e-01 -2.38634509e-05  1.90225785e-01
 -6.10420282e-02  0.00000000e+00  0.00000000e+00  0.00000000e+00]","[ 0.          1.63092697 10.6470871   1.45829272 -4.7361474  -0.41645965
 -0.83339274  0.06205322]"
1747093058.0164871,"[ 0.         -0.16083149  0.50355243  2.98273083 -2.22768259 -0.00409701
  0.96007323  1.5709191 ]","[ 0.00000000e+00  2.96026833e-01 -2.65149452e-05  1.91085570e-01
 -5.96828923e-02  0.00000000e+00  0.00000000e+00  0.00000000e+00]","[ 0.          1.64561427 10.59634972  1.43697476 -4.68983221 -0.41974914
 -0.82575065  0.07862967]"
1747093058.0182505,"[ 0.         -0.16022536  0.50355243  2.98310794 -2.22779604 -0.00409701
  0.96007323  1.5709191 ]","[ 0.00000000e+00  2.96567022e-01 -2.38634509e-05  1.91769203e-01
 -5.67204709e-02  0.00000000e+00  0.00000000e+00  0.00000000e+00]","[ 0.          1.6136018  10.53409767  1.4169668  -4.62667513 -0.39950883
 -0.82280636  0.09910059]"
1747093058.0199592,"[ 0.         -0.15961922  0.50355243  2.98349596 -2.22791268 -0.00409701
  0.96007323  1.5709191 ]","[ 0.00000000e+00  2.96129465e-01 -1.85602774e-05  1.89831720e-01
 -5.71214223e-02  0.00000000e+00  0.00000000e+00  0.00000000e+00]","[ 0.          1.61362433 10.4725399   1.44811988 -4.56127405 -0.40217865
 -0.8005352   0.07638768]"
1747093058.0216868,"[ 0.         -0.15903759  0.50355243  2.98386933 -2.22802507 -0.00409701
  0.96007323  1.5709191 ]","[ 0.00000000e+00  2.93866044e-01 -1.32474486e-05  1.88606849e-01
 -5.67204709e-02  0.00000000e+00  0.00000000e+00  0.00000000e+00]","[ 0.          1.62913632 10.40189838  1.48209786 -4.47800493 -0.39812383
 -0.80298817  0.06235805]"
1747093058.024247,"[ 0.         -0.15874943  0.50355243  2.98405442 -2.2280802  -0.00409701
  0.96007323  1.5709191 ]","[ 0.00000000e+00  2.92245478e-01 -1.32574726e-05  1.87717753e-01
 -5.59101792e-02  0.00000000e+00  0.00000000e+00  0.00000000e+00]","[ 0.          1.62840414 10.38263893  1.49517667 -4.41655111 -0.40196142
 -0.78938329  0.05740998]"
1747093058.025404,"[ 0.         -0.15815235  0.50355243  2.98444458 -2.22819178 -0.00409701
  0.96007323  1.5709191 ]","[ 0.00000000e+00  2.91705289e-01 -7.95448397e-06  1.92309409e-01
 -5.39152177e-02  0.00000000e+00  0.00000000e+00  0.00000000e+00]","[ 0.          1.66504586 10.35689449  1.47564435 -4.350173   -0.40927899
 -0.78521973  0.0773072 ]"
1747093058.0271463,"[ 0.         -0.15757658  0.50355243  2.98483074 -2.22830151 -0.00409701
  0.96007323  1.5709191 ]","[ 0.00000000e+00  2.91705289e-01 -1.32576047e-05  1.96360859e-01
 -5.56400806e-02  0.00000000e+00  0.00000000e+00  0.00000000e+00]","[ 0.          1.64794624 10.33437824  1.4967308  -4.30745888 -0.41151991
 -0.75267708  0.07459908]"
1747093058.0288637,"[ 0.         -0.1569795   0.50355243  2.98523207 -2.22841549 -0.00409701
  0.96007323  1.5709191 ]","[ 0.00000000e+00  2.91392966e-01 -1.32574726e-05  1.95164867e-01
 -5.54198288e-02  0.00000000e+00  0.00000000e+00  0.00000000e+00]","[ 0.          1.67949188 10.29881763  1.56453335 -4.30782318 -0.4010092
 -0.7508021   0.06468914]"
1747093058.0306015,"[ 0.         -0.15669241  0.50355243  2.98542489 -2.22846928 -0.00409701
  0.96007323  1.5709191 ]","[ 0.00000000e+00  2.91165066e-01 -1.32574726e-05  1.95550576e-01
 -5.45596902e-02  0.00000000e+00  0.00000000e+00  0.00000000e+00]","[ 0.          1.7317245  10.28149223  1.56662464 -4.30643034 -0.40274414
 -0.75568992  0.06554866]"
1747093058.0323312,"[ 0.         -0.15610332  0.50355196  2.98581025 -2.22857954 -0.00409701
  0.96007323  1.5709191 ]","[ 0.00000000e+00  2.87380648e-01 -1.85604623e-05  1.95010370e-01
 -5.41659876e-02  0.00000000e+00  0.00000000e+00  0.00000000e+00]","[ 0.          1.7592746  10.26222801  1.59077311 -4.31419706 -0.4239772
 -0.77600563  0.06855592]"
1747093058.0340006,"[ 0.         -0.15554033  0.50355196  2.98620147 -2.22868686 -0.00409701
  0.96007323  1.5709191 ]","[ 0.00000000e+00  2.84682733e-01 -1.85466133e-05  1.89260189e-01
 -5.45596902e-02  0.00000000e+00  0.00000000e+00  0.00000000e+00]","[ 0.          1.75494599 10.24741459  1.66779804 -4.33360958 -0.44444478
 -0.77347946  0.07128271]"
1747093058.0351903,"[ 0.         -0.15525963  0.50355196  2.98638655 -2.22874119 -0.00409701
  0.96007323  1.5709191 ]","[ 0.00000000e+00  2.84682733e-01 -1.85464284e-05  1.87527553e-01
 -5.50998833e-02  0.00000000e+00  0.00000000e+00  0.00000000e+00]","[ 0.          1.73190999 10.24022579  1.71348    -4.34948778 -0.42296088
 -0.76847035  0.08598798]"
1747093058.0369568,"[ 0.         -0.15467746  0.50355196  2.98677138 -2.22884772 -0.00409701
  0.96007323  1.5709191 ]","[ 0.00000000e+00  2.84872982e-01 -1.85604623e-05  1.88577888e-01
 -5.07783261e-02  0.00000000e+00  0.00000000e+00  0.00000000e+00]","[ 0.          1.81853127 10.24063587  1.76163745 -4.40852118 -0.42494598
 -0.78013074  0.07966994]"
1747093058.0380566,"[ 0.         -0.1543973   0.50355196  2.98695834 -2.22889619 -0.00409701
  0.96007323  1.5709191 ]","[ 0.00000000e+00  2.84142544e-01 -2.38634509e-05  1.89608431e-01
 -4.91079332e-02  0.00000000e+00  0.00000000e+00  0.00000000e+00]","[ 0.          1.89840424 10.22137547  1.79152882 -4.43878317 -0.43242159
 -0.78670382  0.06151045]"
1747093058.039856,"[ 0.         -0.15411713  0.50355196  2.98714849 -2.22894439 -0.00409701
  0.96007323  1.5709191 ]","[ 0.00000000e+00  2.83854656e-01 -2.38636886e-05  1.92654205e-01
 -4.88876440e-02  0.00000000e+00  0.00000000e+00  0.00000000e+00]","[ 0.          1.91465771 10.22005653  1.77519643 -4.4907999  -0.42118332
 -0.79299718  0.06242518]"
1747093058.0410166,"[ 0.         -0.1535355   0.50355196  2.98753171 -2.22904453 -0.00409701
  0.96007323  1.5709191 ]","[ 0.00000000e+00  2.84371442e-01 -2.38634509e-05  1.95010370e-01
 -4.88998487e-02  0.00000000e+00  0.00000000e+00  0.00000000e+00]","[ 0.          2.0066247  10.23957729  1.85658586 -4.56105232 -0.44041735
 -0.80502713  0.05732126]"
1747093058.0427992,"[ 0.         -0.15325693  0.50355196  2.98774104 -2.22909273 -0.00409701
  0.96007323  1.5709191 ]","[ 0.00000000e+00  2.82521944e-01 -2.38634509e-05  1.97104014e-01
 -4.88876440e-02  0.00000000e+00  0.00000000e+00  0.00000000e+00]","[ 0.          2.03986502 10.24542332  1.86568236 -4.61207294 -0.45361567
 -0.78328294  0.05762989]"
1747093058.043928,"[ 0.         -0.15268062  0.50355196  2.98813519 -2.22918701 -0.00409701
  0.96007323  1.5709191 ]","[ 0.00000000e+00  2.81362204e-01 -2.38632132e-05  2.00412326e-01
 -4.74889892e-02  0.00000000e+00  0.00000000e+00  0.00000000e+00]","[ 0.          2.12098145 10.27955055  1.90238357 -4.66429329 -0.4516446
 -0.79857641  0.06566546]"
1747093058.0457325,"[ 0.         -0.15212349  0.50355196  2.98854984 -2.22928421 -0.00409701
  0.96007323  1.5709191 ]","[ 0.00000000e+00  2.81981755e-01 -2.38634509e-05  2.01868609e-01
 -4.71444719e-02  0.00000000e+00  0.00000000e+00  0.00000000e+00]","[ 0.          2.13940358 10.31331158  1.90950704 -4.71859741 -0.4525941
 -0.82878065  0.06396033]"
1747093058.0475066,"[ 0.         -0.15184546  0.50355196  2.98874825 -2.22933295 -0.00409701
  0.96007323  1.5709191 ]","[ 0.00000000e+00  2.81981755e-01 -1.85464284e-05  2.01018745e-01
 -4.94278371e-02  0.00000000e+00  0.00000000e+00  0.00000000e+00]","[ 0.          2.10148907 10.31968784  1.90967858 -4.72190857 -0.45416293
 -0.82624829  0.06456411]"
1747093058.0486643,"[ 0.         -0.15126595  0.5035515   2.98915092 -2.22943575 -0.00409701
  0.96007323  1.5709191 ]","[ 0.00000000e+00  2.82866823e-01 -2.38634509e-05  2.04463793e-01
 -5.29391068e-02  0.00000000e+00  0.00000000e+00  0.00000000e+00]","[ 0.          2.11953306 10.31995106  1.90541553 -4.72879457 -0.45585781
 -0.81159872  0.05485401]"
1747093058.0504436,"[ 0.         -0.15098739  0.5035515   2.98935332 -2.22949407 -0.00409701
  0.96007323  1.5709191 ]","[ 0.00000000e+00  2.82235720e-01 -2.38634509e-05  2.05274077e-01
 -5.48666279e-02  0.00000000e+00  0.00000000e+00  0.00000000e+00]","[ 0.          2.15017581 10.3110981   1.92033863 -4.71393442 -0.45408711
 -0.80098814  0.04767915]"
1747093058.0520656,"[ 0.         -0.15070935  0.5035515   2.98957329 -2.2295484  -0.00409701
  0.96007323  1.5709191 ]","[ 0.00000000e+00  2.81981755e-01 -1.85604623e-05  2.06939884e-01
 -5.50998833e-02  0.00000000e+00  0.00000000e+00  0.00000000e+00]","[ 0.          2.11384177 10.29243469  1.90423501 -4.67332745 -0.46210325
 -0.80300617  0.04803237]"
1747093058.0531764,"[ 0.         -0.15012505  0.5035515   2.98998715 -2.22965865 -0.00409701
  0.96007323  1.5709191 ]","[ 0.00000000e+00  2.86377568e-01 -1.85325998e-05  2.10462580e-01
 -5.64503723e-02  0.00000000e+00  0.00000000e+00  0.00000000e+00]","[ 0.          2.11147237 10.27339077  1.87865043 -4.53945494 -0.45174232
 -0.7993471   0.0623531 ]"
1747093058.0550234,"[ 0.         -0.14955514  0.50355103  2.99042151 -2.22977796 -0.00409701
  0.96007323  1.5709191 ]","[ 0.00000000e+00  2.90624878e-01 -1.85184257e-05  2.12400879e-01
 -5.90914167e-02  0.00000000e+00  0.00000000e+00  0.00000000e+00]","[ 0.          2.11111093 10.25155163  1.86921096 -4.38192129 -0.444345
 -0.78508401  0.07820303]"
1747093058.0561893,"[ 0.         -0.14924301  0.50355103  2.99063083 -2.22983708 -0.00409701
  0.96007323  1.5709191 ]","[ 0.00000000e+00  2.93900632e-01 -1.85184257e-05  2.12296616e-01
 -5.99616379e-02  0.00000000e+00  0.00000000e+00  0.00000000e+00]","[ 0.          2.09051108 10.2184639   1.85927665 -4.3329072  -0.43874052
 -0.75869679  0.07571561]"
1747093058.0579298,"[ 0.         -0.14866085  0.50355103  2.99104735 -2.22995559 -0.00409701
  0.96007323  1.5709191 ]","[ 0.00000000e+00  2.94647616e-01 -1.85325998e-05  2.10946127e-01
 -5.66203569e-02  0.00000000e+00  0.00000000e+00  0.00000000e+00]","[ 0.          2.04757714 10.16954422  1.81185019 -4.20404243 -0.40818635
 -0.74210268  0.07055323]"
1747093058.0591278,"[ 0.         -0.14837056  0.5035506   2.99127132 -2.23000939 -0.00409701
  0.96007323  1.5709191 ]","[ 0.00000000e+00  2.94406233e-01 -1.85186086e-05  2.10697887e-01
 -5.45596902e-02  0.00000000e+00  0.00000000e+00  0.00000000e+00]","[ 0.          2.00867486 10.14192867  1.78139007 -4.12206888 -0.42470732
 -0.73752993  0.05520193]"
1747093058.0609112,"[ 0.         -0.14776496  0.50354967  2.99168385 -2.23011352 -0.00409701
  0.96007323  1.5709191 ]","[ 0.00000000e+00  2.95486645e-01 -2.64748795e-05  2.08785355e-01
 -5.26690081e-02  0.00000000e+00 -1.05819570e-05  0.00000000e+00]","[ 0.          1.93848026 10.0792017   1.70496953 -4.06438112 -0.42145357
 -0.7351743   0.07025188]"
1747093058.0633166,"[ 0.         -0.14747414  0.50354967  2.99189051 -2.23016918 -0.00409701
  0.96007323  1.5709191 ]","[ 0.00000000e+00  2.94946456e-01 -2.64748795e-05  2.09595638e-01
 -5.24106066e-02  0.00000000e+00 -1.05819570e-05  0.00000000e+00]","[ 0.          1.94810474 10.07637596  1.69964433 -4.0702033  -0.42376289
 -0.73302704  0.07723425]"
1747093058.065029,"[ 0.         -0.1465708   0.50354967  2.99253792 -2.23031752 -0.00409701
  0.96007323  1.5709191 ]","[ 0.00000000e+00  2.98414457e-01 -2.64548924e-05  2.16938339e-01
 -4.88876440e-02  0.00000000e+00 -1.05820616e-05  0.00000000e+00]","[ 0.          1.88297665 10.08353043  1.58404684 -4.11417913 -0.39551523
 -0.7238158   0.0786963 ]"
1747093058.066235,"[ 0.         -0.14627572  0.50354967  2.99275364 -2.23036892 -0.00409701
  0.96007323  1.5709191 ]","[ 0.00000000e+00  2.99268000e-01 -2.64748795e-05  2.18778950e-01
 -4.83983131e-02  0.00000000e+00 -1.05740785e-05  0.00000000e+00]","[ 0.          1.87549937 10.08403873  1.56124663 -4.14553404 -0.38257283
 -0.71807766  0.07856687]"
1747093058.067999,"[ 0.         -0.14568397  0.50354967  2.99320505 -2.23046666 -0.00409647
  0.96007323  1.5709191 ]","[ 0.00000000e+00  3.00348378e-01 -2.64548924e-05  2.20927006e-01
 -5.02381288e-02  5.29897933e-06 -1.05819570e-05  0.00000000e+00]","[ 0.          1.83961976 10.1535635   1.47794139 -4.18408012 -0.36483997
 -0.7440244   0.07771283]"
1747093058.0691376,"[ 0.         -0.14536492  0.50354967  2.99342582 -2.23051859 -0.00409647
  0.96007323  1.5709191 ]","[ 0.00000000e+00  3.00420617e-01 -2.64748795e-05  2.23910811e-01
 -5.26156451e-02  5.29897933e-06 -1.05819570e-05  0.00000000e+00]","[ 0.          1.85009205 10.17614174  1.39575422 -4.20372677 -0.37156814
 -0.74917108  0.07522077]"
1747093058.071477,"[ 0.         -0.1447689   0.50354967  2.99386871 -2.23062698 -0.00409647
  0.96007323  1.5709191 ]","[ 0.00000000e+00  3.04129767e-01 -3.17698567e-05  2.23953771e-01
 -5.26156451e-02  5.29903215e-06  0.00000000e+00  0.00000000e+00]","[ 0.          1.75004065 10.22908211  1.34672713 -4.25558901 -0.37895235
 -0.76503086  0.07757844]"
1747093058.0726635,"[ 0.         -0.1441404   0.50354967  2.99432011 -2.23072924 -0.00409647
  0.96007323  1.5709191 ]","[ 0.00000000e+00  3.07442141e-01 -3.17458709e-05  2.20399533e-01
 -5.10484247e-02  5.29897933e-06  0.00000000e+00  0.00000000e+00]","[ 0.          1.69062638 10.24750137  1.33403897 -4.27756786 -0.36650997
 -0.77939445  0.07762551]"
1747093058.074471,"[ 0.         -0.14383573  0.50354967  2.99453583 -2.23077931 -0.00409647
  0.96007323  1.5709191 ]","[ 0.00000000e+00  3.08991501e-01 -3.17458709e-05  2.18778950e-01
 -5.07783261e-02  5.30298914e-06  0.00000000e+00  0.00000000e+00]","[ 0.          1.64976943 10.25477028  1.34488797 -4.31981468 -0.3709501
 -0.76783264  0.0722593 ]"
1747093058.0756245,"[ 0.         -0.14322693  0.5035492   2.9949859  -2.23089196 -0.00409647
  0.96007323  1.5709191 ]","[ 0.00000000e+00  3.07599134e-01 -3.70648338e-05  2.19673173e-01
 -5.16732772e-02  5.29892650e-06  0.00000000e+00  0.00000000e+00]","[ 0.          1.56989002 10.18558788  1.33935475 -4.39878225 -0.35021085
 -0.77583331  0.08142217]"
1747093058.0772963,"[ 0.         -0.14289937  0.5035492   2.99520242 -2.2309423  -0.00409647
  0.96007323  1.5709191 ]","[ 0.00000000e+00  3.08735938e-01 -3.70368514e-05  2.19589250e-01
 -5.10484247e-02  5.29903215e-06  0.00000000e+00  0.00000000e+00]","[ 0.          1.58929145 10.14990997  1.30771887 -4.4384141  -0.35305044
 -0.77763885  0.07615934]"
1747093058.0785012,"[ 0.         -0.14259417  0.5035492   2.9954192  -2.2309921  -0.00409647
  0.96007323  1.5709191 ]","[ 0.00000000e+00  3.09218103e-01 -3.70368514e-05  2.19859344e-01
 -5.05082274e-02  5.29903215e-06  0.00000000e+00  0.00000000e+00]","[ 0.          1.50517809 10.13403034  1.32999063 -4.47233534 -0.34916088
 -0.79360521  0.08377558]"
1747093058.0802634,"[ 0.         -0.14195874  0.5035492   2.99585409 -2.23109063 -0.00409647
  0.96007323  1.5709191 ]","[ 0.00000000e+00  3.10952886e-01 -4.23598089e-05  2.20669644e-01
 -4.72670564e-02  5.29897933e-06  0.00000000e+00  0.00000000e+00]","[ 0.          1.41976905 10.15254211  1.33590531 -4.54731703 -0.33976012
 -0.79180938  0.08702096]"
1747093058.0819657,"[ 0.         -0.14165194  0.5035492   2.99612147 -2.23113671 -0.00409647
  0.96007323  1.5709191 ]","[ 0.00000000e+00  3.11152290e-01 -4.23278279e-05  2.20248249e-01
 -4.67268633e-02  5.29897933e-06  0.00000000e+00  0.00000000e+00]","[ 0.          1.43595147 10.15267563  1.32490301 -4.55621004 -0.34462079
 -0.79625773  0.07951474]"
1747093058.083169,"[ 0.         -0.14103462  0.50354873  2.99655078 -2.23123365 -0.00409647
  0.96007323  1.5709191 ]","[ 0.00000000e+00  3.12995630e-01 -4.50077435e-05  2.17158366e-01
 -4.81022486e-02  5.29897933e-06  0.00000000e+00  0.00000000e+00]","[ 0.          1.38506484 10.14144135  1.31502759 -4.58862162 -0.34578499
 -0.79507363  0.07725476]"
1747093058.08494,"[ 0.         -0.14072676  0.50354873  2.99678087 -2.23128132 -0.00409647
  0.96007323  1.5709191 ]","[ 0.00000000e+00  3.12232668e-01 -4.50072964e-05  2.16663951e-01
 -4.83474467e-02  5.29897933e-06  0.00000000e+00  0.00000000e+00]","[ 0.          1.29971814 10.1473732   1.33163273 -4.5831008  -0.34925741
 -0.80020833  0.07980575]"
1747093058.0861452,"[ 0.         -0.14008387  0.50354873  2.99720724 -2.23137772 -0.00409647
  0.96007323  1.5709191 ]","[ 0.00000000e+00  3.14393457e-01 -4.49733161e-05  2.16668528e-01
 -4.88876440e-02  5.30298914e-06  0.00000000e+00  0.00000000e+00]","[ 0.          1.29527402 10.14214897  1.35075891 -4.52585506 -0.34279948
 -0.79774129  0.066416  ]"
1747093058.0885715,"[ 0.         -0.13977335  0.50354873  2.99742216 -2.23142832 -0.00409647
  0.96007323  1.5709191 ]","[ 0.00000000e+00  3.14933646e-01 -4.23598089e-05  2.17968666e-01
 -4.76460075e-02  5.30298914e-06  0.00000000e+00  0.00000000e+00]","[ 0.          1.31585813 10.13597965  1.36009467 -4.49480057 -0.36184868
 -0.80408472  0.05279638]"
1747093058.0891516,"[ 0.         -0.13914963  0.5035483   2.99787596 -2.23152153 -0.00409647
  0.96007323  1.5709191 ]","[ 0.00000000e+00  3.16014057e-01 -4.50072964e-05  2.23183935e-01
 -4.74889892e-02  5.29892650e-06  0.00000000e+00  0.00000000e+00]","[ 0.          1.30007207 10.13005733  1.34360516 -4.43821096 -0.36611176
 -0.77727121  0.05659042]"
1747093058.0907898,"[ 0.         -0.13850142  0.5035483   2.99831672 -2.23162007 -0.00409647
  0.96007323  1.5709191 ]","[ 0.00000000e+00  3.16014057e-01 -4.23598089e-05  2.23100511e-01
 -4.86490830e-02  5.30298914e-06  0.00000000e+00  0.00000000e+00]","[ 0.          1.29089022 10.11920071  1.30767679 -4.35988617 -0.35983759
 -0.76470262  0.06438071]"
1747093058.0924366,"[ 0.         -0.1381893   0.5035483   2.99853616 -2.23166881 -0.00409647
  0.96007323  1.5709191 ]","[ 0.00000000e+00  3.16554246e-01 -4.23598089e-05  2.22334819e-01
 -4.94278371e-02  5.30298914e-06  0.00000000e+00  0.00000000e+00]","[ 0.          1.23058224 10.09585667  1.32134068 -4.32684994 -0.35057497
 -0.76077551  0.05782958]"
1747093058.0942183,"[ 0.         -0.13756612  0.50354784  2.99898757 -2.23176441 -0.00409647
  0.96007323  1.5709191 ]","[ 0.00000000e+00  3.16014057e-01 -4.49733161e-05  2.18778950e-01
 -4.80773522e-02  5.29897933e-06  0.00000000e+00  0.00000000e+00]","[ 0.          1.24099588 10.02422428  1.3256036  -4.23549318 -0.35229799
 -0.75306779  0.07922111]"
1747093058.0953557,"[ 0.         -0.13723216  0.50354737  2.99920115 -2.23176441 -0.00409647
  0.96007323  1.5709191 ]","[ 0.00000000e+00  3.14167821e-01 -5.03027714e-05  2.16618177e-01
 -4.80773522e-02  5.30293632e-06  0.00000000e+00  0.00000000e+00]","[ 0.          1.25384057 10.0096941   1.34597719 -4.23549318 -0.34589294
 -0.74764174  0.08624995]"
1747093058.097097,"[ 0.         -0.13660791  0.50354737  2.99963551 -2.23185842 -0.00409647
  0.96007417  1.5709191 ]","[ 0.00000000e+00  3.17094435e-01 -5.03022715e-05  2.10844045e-01
 -4.50605775e-02  5.29897933e-06  0.00000000e+00  0.00000000e+00]","[ 0.          1.27036178 10.02580547  1.35256505 -4.1351943  -0.36558902
 -0.7230168   0.09889632]"
1747093058.09886,"[ 0.         -0.13629579  0.50354737  2.99984138 -2.23190316 -0.00409647
  0.96007417  1.5709191 ]","[ 0.00000000e+00  3.16554246e-01 -5.02642966e-05  2.08573800e-01
 -4.53763743e-02  5.30298914e-06  0.00000000e+00  0.00000000e+00]","[ 0.          1.27156842 10.03041172  1.34946656 -4.13480234 -0.36756507
 -0.72956848  0.08795535]"
1747093058.099987,"[ 0.         -0.13559485  0.5035469   3.0002563  -2.23199531 -0.00409647
  0.96007417  1.5709191 ]","[ 0.00000000e+00  3.18268823e-01 -5.55972507e-05  2.11216222e-01
 -4.51062798e-02  5.30298914e-06  0.00000000e+00  0.00000000e+00]","[ 0.          1.31155157 10.03943825  1.36650538 -4.09959173 -0.39352661
 -0.73267579  0.08560454]"
1747093058.1017203,"[ 0.         -0.13528166  0.5035469   3.0002563  -2.23204085 -0.00409647
  0.96007417  1.5709191 ]","[ 0.00000000e+00  3.17634624e-01 -5.55972507e-05  2.11216222e-01
 -4.61866702e-02  5.29897933e-06  0.00000000e+00  0.00000000e+00]","[ 0.          1.34872687 10.04405689  1.36650538 -4.1252346  -0.40270436
 -0.74171168  0.06851499]"
1747093058.1034427,"[ 0.         -0.13463238  0.5035469   3.00069039 -2.23213166 -0.00409647
  0.96007417  1.5709191 ]","[ 0.00000000e+00  3.17472870e-01 -5.82447383e-05  2.11811688e-01
 -4.56002254e-02  5.29502843e-06  0.00000000e+00  0.00000000e+00]","[ 0.          1.36467564 10.08328247  1.37705767 -4.10015631 -0.38844419
 -0.74443263  0.07819397]"
1747093058.1051931,"[ 0.         -0.13400334  0.5035469   3.00110904 -2.23222274 -0.00409541
  0.96007417  1.5709191 ]","[ 0.00000000e+00  3.19255224e-01 -5.82447383e-05  2.12836805e-01
 -4.37557908e-02  1.58729355e-05  0.00000000e+00  0.00000000e+00]","[ 0.          1.40532875 10.11365795  1.34616768 -4.09858942 -0.38040036
 -0.74282128  0.05859232]"
1747093058.106436,"[ 0.         -0.13368802  0.50354647  3.00133594 -2.23226669 -0.00409541
  0.96007417  1.5709191 ]","[ 0.00000000e+00  3.19795413e-01 -6.35397134e-05  2.13654728e-01
 -4.45660825e-02  1.58849283e-05  0.00000000e+00  0.00000000e+00]","[ 0.          1.42703569 10.11522388  1.3479197  -4.09262705 -0.3735497
 -0.73604321  0.05853221]"
1747093058.1081955,"[ 0.         -0.13303076  0.50354647  3.00175566 -2.23236096 -0.00409541
  0.96007417  1.5709191 ]","[ 0.00000000e+00  3.20875791e-01 -6.35403432e-05  2.12836805e-01
 -4.67268633e-02  1.58730919e-05  1.05900569e-05  0.00000000e+00]","[ 0.          1.43117261 10.1456728   1.36063313 -4.13694477 -0.36163059
 -0.74222803  0.07125053]"
1747093058.1099503,"[ 0.         -0.13240065  0.50354647  3.00216925 -2.23245763 -0.00409541
  0.96007417  1.5709191 ]","[ 0.00000000e+00  3.20335602e-01 -6.35877499e-05  2.09653096e-01
 -4.96475811e-02  1.58850858e-05  1.05819570e-05  0.00000000e+00]","[ 0.          1.50137329 10.22182465  1.35141134 -4.14776373 -0.36452869
 -0.73492861  0.08926204]"
1747093058.1116865,"[ 0.         -0.13206083  0.50354647  3.00239295 -2.23250744 -0.00409541
  0.96007417  1.5709191 ]","[ 0.00000000e+00  3.19980569e-01 -6.35877499e-05  2.10645506e-01
 -5.05082274e-02  1.58850858e-05  1.06058726e-05  0.00000000e+00]","[ 0.          1.49523365 10.25416756  1.33135736 -4.15552092 -0.37680778
 -0.73844779  0.08223321]"
1747093058.113571,"[ 0.         -0.13142593  0.50354647  3.00281133 -2.23261236 -0.00409541
  0.96007417  1.5709191 ]","[ 0.00000000e+00  3.23576769e-01 -6.35397134e-05  2.12836805e-01
 -5.15886178e-02  1.58729355e-05  1.05979587e-05  0.00000000e+00]","[ 0.          1.5429728  10.28462029  1.32888556 -4.13988495 -0.3729116
 -0.72918314  0.08888769]"
1747093058.1146522,"[ 0.         -0.13110636  0.50354647  3.00324703 -2.23272368 -0.00409541
  0.96007417  1.5709191 ]","[ 0.00000000e+00  3.23788590e-01 -6.35403432e-05  2.11756427e-01
 -5.49182932e-02  1.58850858e-05  1.06059783e-05  0.00000000e+00]","[ 0.          1.57126141 10.3217411   1.34488571 -4.14192677 -0.36157185
 -0.72519124  0.08163885]"
1747093058.117234,"[ 0.         -0.13076121  0.50354647  3.00345609 -2.23278014 -0.00409541
  0.96007417  1.5709191 ]","[ 0.00000000e+00  3.24995934e-01 -6.35397134e-05  2.11811688e-01
 -5.72606640e-02  1.58729355e-05  1.05979587e-05  0.00000000e+00]","[ 0.          1.56068265 10.32197666  1.34106088 -4.13394308 -0.36611313
 -0.73093843  0.08532798]"
1747093058.1195657,"[ 0.         -0.12980194  0.503546    3.00409152 -2.23295085 -0.00409541
  0.96007417  1.5709191 ]","[ 0.00000000e+00  3.23576769e-01 -6.35397134e-05  2.07704960e-01
 -5.72606640e-02  1.58729355e-05  1.06059783e-05  0.00000000e+00]","[ 0.          1.67673063 10.28032589  1.34053957 -4.13631678 -0.36298105
 -0.73487133  0.10490184]"
1747093058.1212656,"[ 0.         -0.12914094  0.503546    3.00449099 -2.23307069 -0.00409541
  0.96007417  1.5709191 ]","[ 0.00000000e+00  3.23576769e-01 -6.35403432e-05  2.01222626e-01
 -5.85517687e-02  1.58729355e-05  1.05979587e-05  0.00000000e+00]","[ 0.          1.7126044  10.22974777  1.39351881 -4.07152224 -0.35390499
 -0.72666818  0.09719972]"
1747093058.122987,"[ 0.         -0.12847835  0.50354554  3.00490112 -2.23318787 -0.00409541
  0.96007417  1.5709191 ]","[ 0.00000000e+00  3.22989775e-01 -6.88353671e-05  1.99674448e-01
 -5.91513461e-02  1.58729355e-05  1.06059783e-05  0.00000000e+00]","[ 0.          1.76950252 10.21291733  1.43610358 -4.00453472 -0.36206946
 -0.73495466  0.08945712]"
1747093058.1241424,"[ 0.         -0.12815824  0.50354554  3.00509713 -2.23324859 -0.00409541
  0.96007417  1.5709191 ]","[ 0.00000000e+00  3.24657180e-01 -6.88346925e-05  1.98791743e-01
 -5.71752099e-02  1.58729355e-05  1.05978530e-05  0.00000000e+00]","[ 0.          1.78682899 10.19567776  1.46096718 -3.98544526 -0.37620699
 -0.7344647   0.08614836]"
1747093058.1258876,"[ 0.         -0.12751908  0.50354554  3.00549261 -2.23335512 -0.00409541
  0.96007417  1.5709191 ]","[ 0.00000000e+00  3.23576769e-01 -6.88346925e-05  2.01222626e-01
 -5.32092012e-02  1.58729355e-05  1.05979587e-05  0.00000000e+00]","[ 0.          1.83240509 10.20235538  1.51387525 -3.96320176 -0.38591057
 -0.72439349  0.07965916]"
1747093058.1276999,"[ 0.         -0.12717553  0.50354554  3.00569314 -2.23340545 -0.00409541
  0.96007417  1.5709191 ]","[ 0.00000000e+00  3.23491315e-01 -6.87827183e-05  2.03383399e-01
 -5.10484247e-02  1.58729355e-05  1.06059783e-05  0.00000000e+00]","[ 0.          1.88463783 10.2130518   1.54051888 -3.99410462 -0.40501919
 -0.7141279   0.06281716]"
1747093058.129427,"[ 0.         -0.12653637  0.50354554  3.00611525 -2.23350745 -0.00409541
  0.96007417  1.5709191 ]","[ 0.00000000e+00  3.23788590e-01 -6.88346925e-05  2.06145396e-01
 -4.93777572e-02  1.58729355e-05  1.05979587e-05  0.00000000e+00]","[ 0.          1.91454399 10.2257576   1.59897983 -4.08002567 -0.40088508
 -0.73859972  0.07107668]"
1747093058.1312292,"[ 0.         -0.12589295  0.50354554  3.00652485 -2.23360066 -0.00409541
  0.96007417  1.5709191 ]","[ 0.00000000e+00  3.25737558e-01 -6.88346925e-05  2.07704960e-01
 -4.61866702e-02  1.58729355e-05  1.06059783e-05  0.00000000e+00]","[ 0.          1.93568516 10.23047829  1.64699352 -4.1902709  -0.41168648
 -0.75318515  0.06224403]"
1747093058.1330373,"[ 0.         -0.1252261   0.50354554  3.00695362 -2.23369201 -0.00409541
  0.96007417  1.5709191 ]","[ 0.00000000e+00  3.24657180e-01 -6.35403432e-05  2.09865733e-01
 -4.42959881e-02  1.58729355e-05  1.05979587e-05  0.00000000e+00]","[ 0.          1.96055806 10.2673502   1.64405394 -4.3713541  -0.40987843
 -0.77489763  0.05679334]"
1747093058.1353662,"[ 0.         -0.12458853  0.50354554  3.00736268 -2.23378123 -0.00409541
  0.96007417  1.5709191 ]","[ 0.00000000e+00  3.22709277e-01 -6.35871160e-05  2.07704960e-01
 -4.38844797e-02  1.58729355e-05  1.06059783e-05  0.00000000e+00]","[ 0.          1.95899081 10.2996273   1.64348328 -4.50121307 -0.43686482
 -0.76962507  0.06069839]"
1747093058.137105,"[ 0.         -0.12393073  0.50354554  3.00778426 -2.23387018 -0.00409541
  0.96007417  1.5709191 ]","[ 0.00000000e+00  3.20335602e-01 -6.35397134e-05  2.05814282e-01
 -4.51062798e-02  1.58729355e-05  1.05979587e-05  0.00000000e+00]","[ 0.          1.96619534 10.3683939   1.67708302 -4.55232668 -0.43720675
 -0.79843575  0.05783579]"
1747093058.139454,"[ 0.         -0.12329903  0.503546    3.00819305 -2.23396285 -0.00409541
  0.96007417  1.5709191 ]","[ 0.00000000e+00  3.20335602e-01 -5.82007654e-05  2.08245149e-01
 -4.48875552e-02  1.58849283e-05  1.06059783e-05  0.00000000e+00]","[ 0.          2.01157284 10.39856148  1.67213774 -4.58662033 -0.43192825
 -0.83738983  0.0560059 ]"
1747093058.1412485,"[ 0.         -0.1226407   0.50354554  3.00861916 -2.23404754 -0.00409541
  0.96007417  1.5709191 ]","[ 0.00000000e+00  3.21182720e-01 -6.35397134e-05  2.07494504e-01
 -4.24483576e-02  1.58730919e-05  1.05980643e-05  0.00000000e+00]","[ 0.          2.0385592  10.43349934  1.64889479 -4.60073042 -0.42071387
 -0.82246745  0.05597299]"
1747093058.1436427,"[ 0.         -0.1220074   0.50354554  3.00904073 -2.23412451 -0.00409541
  0.96007417  1.5709191 ]","[ 0.00000000e+00  3.20875791e-01 -6.34917418e-05  2.05880911e-01
 -3.80837445e-02  1.58849283e-05  1.06059783e-05  0.00000000e+00]","[ 0.          2.06166863 10.46755219  1.66607416 -4.60631609 -0.43326959
 -0.79878366  0.04422018]"
1747093058.145416,"[ 0.         -0.12135279  0.50354554  3.00944846 -2.23420227 -0.00409541
  0.96007417  1.5709191 ]","[ 0.00000000e+00  3.18977490e-01 -6.35403432e-05  2.06354471e-01
 -3.72734528e-02  1.58849283e-05  1.05979587e-05  0.00000000e+00]","[ 0.          2.09601474 10.43677235  1.65530396 -4.63318968 -0.4342472
 -0.812388    0.03658089]"
1747093058.1477883,"[ 0.         -0.12072322  0.50354554  3.00986711 -2.23427338 -0.00409541
  0.96007417  1.5709191 ]","[ 0.00000000e+00  3.18931750e-01 -6.35397134e-05  2.03122459e-01
 -3.53469179e-02  1.58850858e-05  1.05979587e-05  0.00000000e+00]","[ 0.          2.13062811 10.4050312   1.67077875 -4.61922836 -0.41523752
 -0.8223936   0.04033652]"
1747093058.1501207,"[ 0.         -0.11975863  0.50354554  3.01047298 -2.23436606 -0.00409541
  0.96007417  1.5709191 ]","[ 0.00000000e+00  3.16554246e-01 -5.82447383e-05  2.06354471e-01
 -2.72798451e-02  1.58729355e-05  1.06058726e-05  0.00000000e+00]","[ 0.          2.13305116 10.37573814  1.70506394 -4.5573926  -0.44516528
 -0.79833609  0.05438774]"
1747093058.152807,"[ 0.         -0.11913438  0.50354554  3.01090441 -2.23441426 -0.00409541
  0.96007417  1.5709191 ]","[ 0.00000000e+00  3.16554246e-01 -5.82447383e-05  2.11648586e-01
 -2.20676248e-02  1.58849283e-05  1.05979587e-05  0.00000000e+00]","[ 0.          2.1455965  10.37660408  1.71494401 -4.52060986 -0.46049094
 -0.80495107  0.05065737]"
1747093058.154255,"[ 0.         -0.11848457  0.50354554  3.01132573 -2.23445101 -0.00409541
  0.96007417  1.5709191 ]","[ 0.00000000e+00  3.17312814e-01 -5.83322980e-05  2.14727500e-01
 -1.75563360e-02  1.58730919e-05  1.05978530e-05  0.00000000e+00]","[ 0.          2.13288999 10.35236549  1.68690157 -4.53006124 -0.45604736
 -0.8249687   0.05202642]"
1747093058.155975,"[ 0.         -0.117855    0.50354554  3.01177047 -2.23448403 -0.00409541
  0.96007417  1.5709191 ]","[ 0.00000000e+00  3.20335602e-01 -5.57235493e-05  2.17428461e-01
 -1.55476447e-02  1.58849283e-05  1.05979587e-05  0.00000000e+00]","[ 0.          2.13164616 10.33868694  1.65892696 -4.57687902 -0.43807095
 -0.82217699  0.04376969]"
1747093058.158359,"[ 0.         -0.1171988   0.50354554  3.01219658 -2.23451413 -0.00409541
  0.96007417  1.5709191 ]","[ 0.00000000e+00  3.20180606e-01 -5.56813848e-05  2.14997594e-01
 -1.53955564e-02  1.58729355e-05  1.06059783e-05  0.00000000e+00]","[ 0.          2.12201619 10.39781475  1.64867485 -4.6000433  -0.41766861
 -0.82514203  0.06255767]"
1747093058.1595044,"[ 0.         -0.11688507  0.50354554  3.01242268 -2.23452877 -0.00409541
  0.96007417  1.5709191 ]","[ 0.00000000e+00  3.18497854e-01 -5.56808321e-05  2.12902419e-01
 -1.48553612e-02  1.58849283e-05  1.05979587e-05  0.00000000e+00]","[ 0.          2.14576244 10.42974377  1.63900006 -4.58342743 -0.42315033
 -0.83042353  0.06951682]"
1747093058.1612806,"[ 0.         -0.11625817  0.50354554  3.01283734 -2.23456047 -0.00409541
  0.96007417  1.5709191 ]","[ 0.00000000e+00  3.17094435e-01 -4.50754075e-05  2.09383284e-01
 -1.53955564e-02  1.58850858e-05  1.05980643e-05  0.00000000e+00]","[ 0.          2.09544373 10.4597683   1.63601303 -4.55358839 -0.4305844
 -0.84128559  0.0793554 ]"
1747093058.1625197,"[ 0.         -0.11592261  0.50354554  3.01304293 -2.23457645 -0.00409541
  0.96007417  1.5709191 ]","[ 0.00000000e+00  3.15968251e-01 -4.24239132e-05  2.08515244e-01
 -1.62058481e-02  1.58849283e-05  1.05980643e-05  0.00000000e+00]","[ 0.          2.08025289 10.46031094  1.64501798 -4.52103758 -0.42972159
 -0.81661111  0.06657545]"
1747093058.1643105,"[ 0.         -0.1152973   0.50354554  3.0134709  -2.23461213 -0.00409541
  0.96007417  1.5709191 ]","[ 0.00000000e+00  3.17094435e-01 -4.24239132e-05  2.09140903e-01
 -1.80965312e-02  1.58849283e-05  1.05979587e-05  0.00000000e+00]","[ 0.          2.09764838 10.46542645  1.65946054 -4.45556259 -0.40589249
 -0.79126495  0.0607106 ]"
1747093058.1661468,"[ 0.         -0.11464802  0.50354554  3.01388662 -2.23464995 -0.00409541
  0.96007417  1.5709191 ]","[ 0.00000000e+00  3.16773158e-01 -4.24239132e-05  2.10732392e-01
 -1.96971389e-02  1.58730919e-05  1.06059783e-05  0.00000000e+00]","[ 0.          2.1061523  10.40619469  1.66511178 -4.36671638 -0.41005132
 -0.78231788  0.05048101]"
1747093058.1673172,"[ 0.         -0.11433696  0.50354554  3.01409488 -2.23466966 -0.00409541
  0.96007417  1.5709191 ]","[ 0.00000000e+00  3.15473868e-01 -4.24239132e-05  2.11216222e-01
 -1.99872133e-02  1.58729355e-05  1.05978530e-05  0.00000000e+00]","[ 0.          2.11091042 10.36875534  1.66437554 -4.31360435 -0.41411054
 -0.77808714  0.06408071]"
1747093058.169095,"[ 0.         -0.11369088  0.50354507  3.01452765 -2.23471227 -0.00409541
  0.96007417  1.5709191 ]","[ 0.00000000e+00  3.14965171e-01 -4.50754075e-05  2.11486316e-01
 -2.07975050e-02  1.05899522e-05  1.05979587e-05  0.00000000e+00]","[ 0.          2.08862805 10.28240585  1.6402036  -4.22372103 -0.42176023
 -0.76258057  0.05717333]"
1747093058.171463,"[ 0.         -0.11306504  0.50354461  3.0149423  -2.23475594 -0.00409541
  0.96007417  1.5709191 ]","[ 0.00000000e+00  3.18715035e-01 -5.03778963e-05  2.10135844e-01
 -2.24180906e-02  1.05899522e-05  1.05979587e-05  0.00000000e+00]","[ 0.          2.10990858 10.21787643  1.65709054 -4.13409901 -0.41633186
 -0.75940037  0.05484285]"
1747093058.1731703,"[ 0.         -0.11243387  0.50354417  3.01537107 -2.23480468 -0.00409541
  0.96007417  1.5709191 ]","[ 0.00000000e+00  3.20875791e-01 -5.56813848e-05  2.08515244e-01
 -2.42841426e-02  1.05900569e-05  1.05980643e-05  0.00000000e+00]","[ 0.          2.1454823  10.12766933  1.68964124 -4.01870728 -0.44784755
 -0.70814687  0.04674746]"
1747093058.1743584,"[ 0.         -0.11209192  0.50354371  3.01557666 -2.23482891 -0.00409541
  0.96007417  1.5709191 ]","[ 0.00000000e+00  3.21986695e-01 -5.83328791e-05  2.08303988e-01
 -2.45788713e-02  1.05900569e-05  1.06059783e-05  0.00000000e+00]","[ 0.          2.15525079 10.09430313  1.69828653 -3.96125293 -0.43375885
 -0.70416439  0.03629835]"
1747093058.1760614,"[ 0.         -0.11145915  0.50354324  3.01599505 -2.23488644 -0.00409541
  0.96007417  1.5709191 ]","[ 0.00000000e+00  3.20335602e-01 -5.83328791e-05  2.13647105e-01
 -2.94406258e-02  1.05899522e-05  1.05979587e-05  0.00000000e+00]","[ 0.          2.16334772 10.02751637  1.70287478 -3.85146523 -0.43153596
 -0.70462018  0.05418945]"
1747093058.1783645,"[ 0.         -0.11080135  0.50354324  3.0164374  -2.23495035 -0.00409541
  0.96007417  1.5709191 ]","[ 0.00000000e+00  3.21683794e-01 -5.83328791e-05  2.16398700e-01
 -3.37621852e-02  1.05899522e-05  1.05979587e-05  0.00000000e+00]","[ 0.          2.10727739  9.95203876  1.71049237 -3.71501184 -0.42296803
 -0.69786316  0.06655169]"
1747093058.180265,"[ 0.         -0.11016539  0.50354278  3.01686111 -2.23502412 -0.00409541
  0.96007417  1.5709191 ]","[ 0.00000000e+00  3.23576769e-01 -6.36358718e-05  2.15215873e-01
 -3.66121941e-02  1.05899522e-05  1.05820616e-05  0.00000000e+00]","[ 0.          2.04122496  9.90891457  1.71998513 -3.59755778 -0.40515167
 -0.68068129  0.06812803]"
1747093058.1823974,"[ 0.         -0.109498    0.50354188  3.01730053 -2.23509709 -0.00409541
  0.96007417  1.5709191 ]","[ 0.00000000e+00  3.26817936e-01 -6.89388604e-05  2.14187294e-01
 -3.67332556e-02  1.05899522e-05  1.05819570e-05  0.00000000e+00]","[ 0.          1.97907913  9.8644619   1.69555187 -3.55801201 -0.40218645
 -0.6649968   0.07333731]"
1747093058.185312,"[ 0.         -0.10885085  0.50354141  3.01771705 -2.23517006 -0.00409541
  0.96007417  1.5709191 ]","[ 0.00000000e+00  3.29185053e-01 -7.42418490e-05  2.09595638e-01
 -3.48568151e-02  1.05900569e-05  1.05819570e-05  0.00000000e+00]","[ 0.          1.95378196  9.79858971  1.71675038 -3.58630252 -0.40506497
 -0.65710729  0.06045154]"
1747093058.187594,"[ 0.         -0.10784098  0.50354001  3.01835088 -2.23527206 -0.00409541
  0.96007417  1.5709191 ]","[ 0.00000000e+00  3.34380681e-01 -8.74993247e-05  2.10462580e-01
 -3.43023804e-02  1.05899522e-05  1.05820616e-05  0.00000000e+00]","[ 0.          1.79959917  9.71075344  1.69776356 -3.73639798 -0.41093796
 -0.65877068  0.07392035]"
1747093058.1899674,"[ 0.         -0.10714803  0.50353958  3.01877006 -2.2353461  -0.00409541
  0.96007417  1.5709191 ]","[ 0.00000000e+00  3.39038949e-01 -8.74331602e-05  2.13917199e-01
 -3.64631611e-02  1.05899522e-05  1.05819570e-05  0.00000000e+00]","[ 0.          1.81227827  9.77159119  1.67069602 -3.85365534 -0.41685149
 -0.69347095  0.08867046]"
1747093058.1911087,"[ 0.         -0.10647851  0.50353958  3.01921028 -2.23541827 -0.00409541
  0.96007417  1.5709191 ]","[ 0.00000000e+00  3.39978013e-01 -8.74993247e-05  2.14997594e-01
 -3.64631611e-02  1.05900569e-05  1.05819570e-05  0.00000000e+00]","[ 0.          1.75848448  9.80565262  1.64648676 -3.99057007 -0.41491118
 -0.70314771  0.05701421]"
1747093058.192805,"[ 0.         -0.10580579  0.50353958  3.01964012 -2.23549124 -0.00409541
  0.96007417  1.5709191 ]","[ 0.00000000e+00  3.41403204e-01 -8.21341783e-05  2.18238761e-01
 -3.53827707e-02  1.05819570e-05  1.05820616e-05  0.00000000e+00]","[ 0.          1.71983159  9.87467575  1.61969888 -4.11675978 -0.36641473
 -0.72580725  0.06446937]"
1747093058.1944537,"[ 0.         -0.10544307  0.50353958  3.01987288 -2.2355256  -0.00409541
  0.96007417  1.5709191 ]","[ 0.00000000e+00  3.41546648e-01 -8.21963279e-05  2.19171633e-01
 -3.48425735e-02  1.05899522e-05  1.05819570e-05  0.00000000e+00]","[ 0.          1.72524583  9.8990984   1.57034087 -4.17275286 -0.39045829
 -0.73875195  0.06615806]"
1747093058.1960921,"[ 0.         -0.10476343  0.50353958  3.02030085 -2.23559723 -0.00409541
  0.96007417  1.5709191 ]","[ 0.00000000e+00  3.44644370e-01 -7.68933393e-05  2.16348083e-01
 -3.53827707e-02  1.05820616e-05  1.05740785e-05  0.00000000e+00]","[ 0.          1.63108873  9.91872025  1.49007952 -4.31490898 -0.37541726
 -0.73706079  0.07181554]"
1747093058.1972103,"[ 0.         -0.10442201  0.50353958  3.0205155  -2.23563292 -0.00409541
  0.96007417  1.5709191 ]","[ 0.00000000e+00  3.45914132e-01 -7.68351964e-05  2.17698572e-01
 -3.61930625e-02  1.05820616e-05  1.05819570e-05  0.00000000e+00]","[ 0.          1.57319331  9.95520592  1.50692189 -4.37575293 -0.36065593
 -0.75016165  0.07598625]"
1747093058.1990135,"[ 0.         -0.10371361  0.50353958  3.02095838 -2.23570935 -0.00409541
  0.96007417  1.5709191 ]","[ 0.00000000e+00  3.45724782e-01 -7.42418490e-05  2.16162411e-01
 -3.97043280e-02  1.05819570e-05  0.00000000e+00  0.00000000e+00]","[ 0.          1.4614197   9.96025467  1.42299104 -4.47488785 -0.34721413
 -0.77476811  0.05451702]"
1747093058.2002232,"[ 0.         -0.1033722   0.50353958  3.02117143 -2.2357525  -0.00409541
  0.96007417  1.5709191 ]","[ 0.00000000e+00  3.46264971e-01 -7.42418490e-05  2.16077989e-01
 -4.06244918e-02  1.05819570e-05  0.00000000e+00  0.00000000e+00]","[ 0.          1.4625895   9.98537159  1.37342691 -4.49843311 -0.35113016
 -0.78548962  0.03766527]"
1747093058.2020116,"[ 0.         -0.10266433  0.50353958  3.0215986  -2.23583452 -0.00409541
  0.96007417  1.5709191 ]","[ 0.00000000e+00  3.46060473e-01 -7.41857136e-05  2.16618177e-01
 -4.13249156e-02  1.05899522e-05  0.00000000e+00  0.00000000e+00]","[ 0.          1.35747468 10.03809261  1.33253729 -4.50960398 -0.32374936
 -0.78514612  0.05304252]"
1747093058.2037404,"[ 0.         -0.10232238  0.50353958  3.0218287  -2.23587607 -0.00409434
  0.96007417  1.5709191 ]","[ 0.00000000e+00  3.46453789e-01 -7.42425886e-05  2.16663951e-01
 -4.21352073e-02  2.11639139e-05  0.00000000e+00  0.00000000e+00]","[ 0.          1.28879297 10.05924416  1.34674203 -4.48795891 -0.31402096
 -0.78334761  0.06978164]"
1747093058.2054994,"[ 0.         -0.10163848  0.50353958  3.02225108 -2.23596102 -0.00409434
  0.96007417  1.5709191 ]","[ 0.00000000e+00  3.46805160e-01 -7.41857136e-05  2.13647105e-01
 -4.15950101e-02  1.06058726e-05  0.00000000e+00  0.00000000e+00]","[ 0.          1.25137973 10.04480267  1.33271933 -4.38277721 -0.31635678
 -0.7765134   0.07136849]"
1747093058.2065933,"[ 0.         -0.10093167  0.50353911  3.02268331 -2.23604491 -0.00409434
  0.96007417  1.5709191 ]","[ 0.00000000e+00  3.45057393e-01 -7.42418490e-05  2.10946127e-01
 -4.32155977e-02  1.06059783e-05  0.00000000e+00  0.00000000e+00]","[ 0.          1.16131055 10.00950527  1.2603687  -4.29784536 -0.30552673
 -0.76380634  0.05219834]"
1747093058.2082827,"[ 0.         -0.10059186  0.50353865  3.02288891 -2.23609178 -0.00409434
  0.96007417  1.5709191 ]","[ 0.00000000e+00  3.44644370e-01 -7.68933393e-05  2.08515244e-01
 -4.41352496e-02  1.05979587e-05  0.00000000e+00  0.00000000e+00]","[ 0.          1.17198217 10.01519585  1.23957896 -4.23318768 -0.31829458
 -0.7516644   0.05483686]"
1747093058.20998,"[ 0.         -0.09991275  0.50353865  3.02331048 -2.23617754 -0.00409434
  0.96007417  1.5709191 ]","[ 0.00000000e+00  3.45184559e-01 -7.68359685e-05  2.05186159e-01
 -4.31718095e-02  1.06059783e-05  0.00000000e+00  0.00000000e+00]","[ 0.          1.12673593  9.97431469  1.17604101 -4.11744261 -0.30937171
 -0.73306233  0.06793623]"
1747093058.211134,"[ 0.         -0.09954523  0.50353865  3.02351102 -2.23622121 -0.00409434
  0.96007417  1.5709191 ]","[ 0.00000000e+00  3.46060473e-01 -7.68351964e-05  2.03383399e-01
 -4.11260274e-02  1.06058726e-05  0.00000000e+00  0.00000000e+00]","[ 0.          1.09996915  9.96845627  1.1869576  -4.051754   -0.29716733
 -0.73598641  0.078214  ]"
1747093058.2134416,"[ 0.         -0.09886453  0.50353818  3.02391795 -2.23629738 -0.00409434
  0.96007417  1.5709191 ]","[ 0.00000000e+00  3.45184559e-01 -8.21341783e-05  2.07164771e-01
 -3.75435473e-02  1.06059783e-05  0.00000000e+00  0.00000000e+00]","[ 0.          1.11548877  9.93999481  1.15869224 -3.94158006 -0.31635869
 -0.71825755  0.07325976]"
1747093058.2145483,"[ 0.         -0.09852631  0.50353818  3.02412408 -2.23633387 -0.00409434
  0.96007417  1.5709191 ]","[ 0.00000000e+00  3.43023804e-01 -8.21349992e-05  2.09055449e-01
 -3.70033542e-02  1.06059783e-05  0.00000000e+00  0.00000000e+00]","[ 0.          1.06629765  9.93644142  1.09577608 -3.91455078 -0.30775416
 -0.70372432  0.06727557]"
1747093058.2162201,"[ 0.         -0.09782909  0.50353728  3.02455445 -2.23640763 -0.00409434
  0.96007417  1.5709191 ]","[ 0.00000000e+00  3.38359077e-01 -9.01508150e-05  2.09383284e-01
 -3.58598885e-02  1.05979587e-05  0.00000000e+00  0.00000000e+00]","[ 0.          1.05976033  9.9208498   1.06397593 -3.84960794 -0.295542
 -0.68459666  0.07908229]"
1747093058.218628,"[ 0.         -0.0974946   0.50353728  3.02476164 -2.23644226 -0.00409434
  0.96007417  1.5709191 ]","[ 0.00000000e+00  3.39242415e-01 -9.00826511e-05  2.10135844e-01
 -3.51126721e-02  1.06059783e-05  0.00000000e+00  0.00000000e+00]","[ 0.          1.09730721  9.91400337  1.09510517 -3.83322525 -0.28312129
 -0.69485551  0.08214541]"
1747093058.219204,"[ 0.         -0.09680271  0.50353728  3.0251968  -2.23650724 -0.00409434
  0.96007417  1.5709191 ]","[ 0.00000000e+00  3.38035869e-01 -8.74993247e-05  2.12651649e-01
 -3.21415997e-02  1.06059783e-05  0.00000000e+00  0.00000000e+00]","[ 0.          1.08557439  9.96020031  1.07096398 -3.83496571 -0.28081256
 -0.70351726  0.07220723]"
1747093058.2214313,"[ 0.         -0.09614118  0.50353728  3.02560773 -2.23656716 -0.00409434
  0.96007417  1.5709191 ]","[ 0.00000000e+00  3.34041893e-01 -8.74993247e-05  2.06624566e-01
 -2.80901368e-02  1.06059783e-05  0.00000000e+00  0.00000000e+00]","[ 0.          1.10880649 10.0285778   1.07697284 -3.90439129 -0.29178587
 -0.71961296  0.05964347]"
1747093058.2232437,"[ 0.         -0.09546101  0.50353728  3.02602664 -2.23661563 -0.00409434
  0.96007417  1.5709191 ]","[ 0.00000000e+00  3.32017425e-01 -8.21955152e-05  2.03181897e-01
 -2.32283823e-02  1.06059783e-05  0.00000000e+00  0.00000000e+00]","[ 0.          1.08687842 10.08405113  1.07790589 -4.01593351 -0.30729154
 -0.73047733  0.06032676]"
1747093058.2249556,"[ 0.         -0.09513504  0.50353728  3.02622691 -2.23663587 -0.00409434
  0.96007417  1.5709191 ]","[ 0.00000000e+00  3.30599325e-01 -8.21963279e-05  2.03113304e-01
 -2.05274085e-02  1.06140091e-05  0.00000000e+00  0.00000000e+00]","[ 0.          1.04860747 10.11469173  1.05537713 -4.09711599 -0.3031522
 -0.7385608   0.06996021]"
1747093058.2261503,"[ 0.         -0.09448416  0.50353728  3.02662772 -2.23667129 -0.00409434
  0.96007417  1.5709191 ]","[ 0.00000000e+00  3.30059103e-01 -8.21341783e-05  2.02573099e-01
 -1.59357516e-02  1.06059783e-05  0.00000000e+00  0.00000000e+00]","[ 0.          1.11231291 10.18993664  1.11704528 -4.26749516 -0.29364303
 -0.78179234  0.0668625 ]"
1747093058.2278798,"[ 0.         -0.09413582  0.50353728  3.0268429  -2.23668514 -0.00409434
  0.96007417  1.5709191 ]","[ 0.00000000e+00  3.28005140e-01 -8.21963279e-05  2.02620919e-01
 -1.40450684e-02  1.06059783e-05  0.00000000e+00  0.00000000e+00]","[ 0.          1.17739797 10.20608711  1.16464186 -4.39431238 -0.31655785
 -0.76366651  0.05680044]"
1747093058.2290568,"[ 0.         -0.0934924   0.50353728  3.02724158 -2.2367099  -0.00409434
  0.96007417  1.5709191 ]","[ 0.00000000e+00  3.24657180e-01 -8.21341783e-05  2.01828212e-01
 -1.12845802e-02  1.06059783e-05  0.00000000e+00  0.00000000e+00]","[ 0.          1.21481884 10.29875565  1.20892215 -4.63734484 -0.30679294
 -0.78458428  0.0745187 ]"
1747093058.2307413,"[ 0.         -0.09283247  0.50353772  3.02765623 -2.23673094 -0.00409434
  0.96007417  1.5709191 ]","[ 0.00000000e+00  3.21415980e-01 -7.68351964e-05  2.02370149e-01
 -1.08038994e-02  1.06059783e-05  0.00000000e+00  0.00000000e+00]","[ 0.          1.30331779 10.3960371   1.31967282 -4.77104473 -0.32376713
 -0.83574682  0.08318824]"
1747093058.2324054,"[ 0.         -0.09251822  0.50353772  3.0278541  -2.23674106 -0.00409434
  0.96007417  1.5709191 ]","[ 0.00000000e+00  3.18715035e-01 -7.68933393e-05  2.00682421e-01
 -1.02637042e-02  1.06059783e-05  0.00000000e+00  0.00000000e+00]","[ 0.          1.28389966 10.44170094  1.33452737 -4.82724094 -0.31669834
 -0.84756356  0.07769374]"
1747093058.2335467,"[ 0.         -0.09188811  0.50353772  3.02824665 -2.23676503 -0.00409434
  0.96007417  1.5709191 ]","[ 0.00000000e+00  3.19038609e-01 -7.68359685e-05  1.97511029e-01
 -1.21420713e-02  1.06059783e-05  0.00000000e+00  0.00000000e+00]","[ 0.          1.44446552 10.59884548  1.38273609 -4.85212469 -0.34054235
 -0.87719119  0.07154687]"
1747093058.235282,"[ 0.         -0.09154936  0.50353772  3.02845758 -2.23677835 -0.00409434
  0.96007417  1.5709191 ]","[ 0.00000000e+00  3.18677418e-01 -7.68351964e-05  1.98608617e-01
 -1.35048743e-02  1.06059783e-05  0.00000000e+00  0.00000000e+00]","[ 0.          1.50555301 10.67215157  1.41281235 -4.85654497 -0.34909526
 -0.87375933  0.06248372]"
1747093058.237007,"[ 0.         -0.09092245  0.50353818  3.02885092 -2.23680951 -0.00409434
  0.96007417  1.5709191 ]","[ 0.00000000e+00  3.17634624e-01 -7.42418490e-05  2.00142232e-01
 -1.55476447e-02  1.06059783e-05  0.00000000e+00  0.00000000e+00]","[ 0.          1.58419013 10.67598438  1.44170547 -4.79747295 -0.36660618
 -0.86881709  0.06232084]"
1747093058.2381694,"[ 0.         -0.09061033  0.50353772  3.02904933 -2.23682548 -0.00409434
  0.96007417  1.5709191 ]","[ 0.00000000e+00  3.16554246e-01 -7.67191870e-05  2.01222626e-01
 -1.62058481e-02  1.06059783e-05  0.00000000e+00  0.00000000e+00]","[ 0.          1.61422789 10.67544174  1.49270117 -4.74996853 -0.35400376
 -0.86527842  0.06776948]"
1747093058.239871,"[ 0.         -0.08996531  0.50353772  3.02947011 -2.23686011 -0.00409434
  0.96007417  1.5709191 ]","[ 0.00000000e+00  3.14393457e-01 -8.20721262e-05  2.05880911e-01
 -1.78264326e-02  1.06059783e-05  0.00000000e+00  0.00000000e+00]","[ 0.          1.71689498 10.64284325  1.56415248 -4.57145071 -0.34134808
 -0.85402262  0.05590902]"
1747093058.2415822,"[ 0.         -0.08965532  0.50353772  3.02967571 -2.23687848 -0.00409434
  0.96007417  1.5709191 ]","[ 0.00000000e+00  3.14074910e-01 -7.67779151e-05  2.08303988e-01
 -1.73030237e-02  1.06059783e-05  0.00000000e+00  0.00000000e+00]","[ 0.          1.77293026 10.57753849  1.56632662 -4.50357771 -0.3700963
 -0.82964796  0.04771778]"
1747093058.2438996,"[ 0.         -0.08901456  0.50353772  3.03008583 -2.23691177 -0.00409434
  0.96007417  1.5709191 ]","[ 0.00000000e+00  3.12457505e-01 -7.67771511e-05  2.07704960e-01
 -1.67460433e-02  1.06059783e-05  0.00000000e+00  0.00000000e+00]","[ 0.          1.86360478 10.52877045  1.61206985 -4.30462265 -0.37496215
 -0.80469704  0.0496114 ]"
1747093058.2460876,"[ 0.         -0.08807127  0.50353772  3.03071088 -2.23695545 -0.00409434
  0.96007417  1.5709191 ]","[ 0.00000000e+00  3.08946727e-01 -7.67771511e-05  2.04193699e-01
 -1.30765984e-02  1.06059783e-05  0.00000000e+00  0.00000000e+00]","[ 0.          1.93398726 10.34446907  1.67245877 -3.98408508 -0.41085345
 -0.75201029  0.05917627]"
1747093058.2472694,"[ 0.         -0.08776607  0.50353728  3.03090902 -2.23696743 -0.00409434
  0.96007417  1.5709191 ]","[ 0.00000000e+00  3.09218103e-01 -8.20109762e-05  2.00952515e-01
 -1.21543863e-02  1.06059783e-05  0.00000000e+00  0.00000000e+00]","[ 0.          1.98194337 10.37010956  1.66246367 -3.88820171 -0.40090188
 -0.73049545  0.06451261]"
1747093058.249025,"[ 0.         -0.08715408  0.50353728  3.03131515 -2.23698767 -0.00409434
  0.96007417  1.5709191 ]","[ 0.00000000e+00  3.11152290e-01 -8.21963279e-05  1.97354784e-01
 -8.93036040e-03  1.05979587e-05  0.00000000e+00  0.00000000e+00]","[ 0.          2.04799914 10.31517601  1.69336581 -3.74401927 -0.4309065
 -0.7090801   0.05967339]"
1747093058.2501915,"[ 0.         -0.08684622  0.50353728  3.03151009 -2.23699646 -0.00409434
  0.96007417  1.5709191 ]","[ 0.00000000e+00  3.12232668e-01 -8.20721262e-05  1.97711348e-01
 -7.72949113e-03  1.06059783e-05  0.00000000e+00  0.00000000e+00]","[ 0.          2.06374574 10.30469322  1.71474409 -3.70935798 -0.42252657
 -0.70053381  0.05967339]"
1747093058.2519677,"[ 0.         -0.08620067  0.50353728  3.03190637 -2.23700791 -0.00409434
  0.96007417  1.5709191 ]","[ 0.00000000e+00  3.15473868e-01 -8.20101635e-05  2.01828212e-01
 -5.67204678e-03  1.06059783e-05  0.00000000e+00  0.00000000e+00]","[ 0.          2.10536361 10.27844334  1.73794496 -3.68452644 -0.41452327
 -0.71995759  0.06216247]"
1747093058.2536457,"[ 0.         -0.08588908  0.50353728  3.03210664 -2.23701297 -0.00409434
  0.96007417  1.5709191 ]","[ 0.00000000e+00  3.15693845e-01 -8.20729389e-05  2.03113304e-01
 -4.76460065e-03  1.05979587e-05  0.00000000e+00  0.00000000e+00]","[ 0.          2.14655447 10.30866814  1.7342577  -3.69074583 -0.40886167
 -0.70351416  0.05011386]"
1747093058.2554374,"[ 0.         -0.08524353  0.50353728  3.03252369 -2.23702069 -0.00409434
  0.96007417  1.5709191 ]","[ 0.00000000e+00  3.15466711e-01 -8.20729389e-05  2.03923588e-01
 -4.05146202e-03  1.06059783e-05  0.00000000e+00  0.00000000e+00]","[ 0.          2.21443343 10.29692554  1.73175395 -3.78566432 -0.41851926
 -0.71507949  0.05221164]"
1747093058.2566304,"[ 0.         -0.08493353  0.50353728  3.03272609 -2.23702442 -0.00409434
  0.96007417  1.5709191 ]","[ 0.00000000e+00  3.14393457e-01 -8.20101635e-05  2.05274077e-01
 -3.77107772e-03  1.06059783e-05  0.00000000e+00  0.00000000e+00]","[ 0.          2.19650626 10.29854202  1.72579002 -3.83686423 -0.41275084
 -0.71363127  0.03426123]"
1747093058.2583625,"[ 0.         -0.08431195  0.50353728  3.03313542 -2.23703215 -0.00409434
  0.96007417  1.5709191 ]","[ 0.00000000e+00  3.15473868e-01 -8.20721262e-05  2.08245149e-01
 -3.77442097e-03  1.06059783e-05  0.00000000e+00  0.00000000e+00]","[ 0.          2.23568845 10.34105682  1.73474348 -3.96137381 -0.41041923
 -0.77599663  0.04495726]"
1747093058.2595313,"[ 0.         -0.08397533  0.50353728  3.03335433 -2.23703667 -0.00409434
  0.96007417  1.5709191 ]","[ 0.00000000e+00  3.16673156e-01 -8.20729389e-05  2.06131681e-01
 -3.97486728e-03  1.06059783e-05  0.00000000e+00  0.00000000e+00]","[ 0.          2.24804091 10.37444592  1.73231375 -4.04571581 -0.41528195
 -0.78829265  0.04235319]"
1747093058.261356,"[ 0.         -0.08334789  0.50353772  3.03375966 -2.23704839 -0.00409434
  0.96007417  1.5709191 ]","[ 0.00000000e+00  3.18174813e-01 -7.67771511e-05  2.05814282e-01
 -5.49012583e-03  1.05979587e-05  0.00000000e+00  0.00000000e+00]","[ 0.          2.22367072 10.4461832   1.69971049 -4.21467161 -0.40755436
 -0.79699492  0.04149571]"
1747093058.2624915,"[ 0.         -0.0830347   0.50353772  3.03396446 -2.23705611 -0.00409434
  0.96007417  1.5709191 ]","[ 0.00000000e+00  3.17634624e-01 -7.67771511e-05  2.07704960e-01
 -6.40562647e-03  1.05979587e-05  0.00000000e+00  0.00000000e+00]","[ 0.          2.26835918 10.44114017  1.68526351 -4.27846766 -0.41299421
 -0.79663885  0.05655153]"
1747093058.2641802,"[ 0.         -0.08238223  0.50353772  3.03439669 -2.23707502 -0.00409434
  0.96007417  1.5709191 ]","[ 0.00000000e+00  3.19255224e-01 -7.67771511e-05  2.12026522e-01
 -9.58846079e-03  1.06059783e-05  0.00000000e+00  0.00000000e+00]","[ 0.          2.23807526 10.4253912   1.65918911 -4.41353559 -0.4126845
 -0.80475962  0.05209761]"
1747093058.2658548,"[ 0.         -0.08206584  0.50353772  3.03460575 -2.23708727 -0.00409434
  0.96007417  1.5709191 ]","[ 0.00000000e+00  3.20875791e-01 -7.67771511e-05  2.11811688e-01
 -1.24244839e-02  1.05979587e-05  0.00000000e+00  0.00000000e+00]","[ 0.          2.23466492 10.43479347  1.65016603 -4.46595526 -0.40005234
 -0.81002373  0.05588942]"
1747093058.26701,"[ 0.         -0.08140165  0.50353772  3.03504224 -2.2371195  -0.00409434
  0.96007417  1.5709191 ]","[ 0.00000000e+00  3.24995934e-01 -7.67771511e-05  2.13106916e-01
 -1.68014870e-02  1.06059783e-05  0.00000000e+00  0.00000000e+00]","[ 0.          2.2012763  10.41868973  1.60169923 -4.51355505 -0.40484387
 -0.81790382  0.04565232]"
1747093058.2687232,"[ 0.         -0.08107941  0.50353772  3.03525157 -2.2371195  -0.00409434
  0.96007417  1.5709191 ]","[ 0.00000000e+00  3.26817936e-01 -7.67771511e-05  2.12296616e-01
 -1.68014870e-02  1.05979587e-05  0.00000000e+00  0.00000000e+00]","[ 0.          2.2103405  10.39105988  1.57214534 -4.51355505 -0.40333837
 -0.82870036  0.06800986]"
1747093058.2705905,"[ 0.         -0.08043279  0.50353728  3.03566915 -2.23716078 -0.00409434
  0.96007417  1.5709191 ]","[ 0.00000000e+00  3.27358125e-01 -7.67771511e-05  2.10946127e-01
 -2.24180906e-02  1.05979587e-05  0.00000000e+00  0.00000000e+00]","[ 0.          2.13879085 10.32493305  1.5513345  -4.47423458 -0.37654763
 -0.81630093  0.08220547]"
1747093058.2725809,"[ 0.         -0.07976008  0.50353728  3.03609286 -2.23721324 -0.00409434
  0.96007417  1.5709191 ]","[ 0.00000000e+00  3.28105741e-01 -7.41303991e-05  2.06354471e-01
 -2.67396499e-02  1.05978530e-05  0.00000000e+00  0.00000000e+00]","[ 0.          2.06673265 10.23552799  1.54005647 -4.34623194 -0.39097056
 -0.79574245  0.07991258]"
1747093058.2738137,"[ 0.         -0.07911027  0.50353728  3.03649926 -2.23727183 -0.00409434
  0.96007417  1.5709191 ]","[ 0.00000000e+00  3.30059103e-01 -6.88346925e-05  2.05814282e-01
 -2.93399105e-02  1.05978530e-05  0.00000000e+00  0.00000000e+00]","[ 0.          1.96923244 10.1101408   1.48703456 -4.18176842 -0.38545319
 -0.75241238  0.06145092]"
1747093058.2755582,"[ 0.         -0.0787582   0.50353682  3.03671844 -2.23730166 -0.00409434
  0.96007417  1.5709191 ]","[ 0.00000000e+00  3.31515918e-01 -6.88346925e-05  2.06382434e-01
 -3.02202662e-02  1.06059783e-05  0.00000000e+00  0.00000000e+00]","[ 0.          1.90600204 10.06597996  1.46906745 -4.09943962 -0.36217228
 -0.75335449  0.06527371]"
1747093058.2773454,"[ 0.         -0.07810253  0.50353635  3.0371283  -2.23736051 -0.00409434
  0.96007417  1.5709191 ]","[ 0.00000000e+00  3.32219892e-01 -6.87827183e-05  2.08515244e-01
 -2.97107224e-02  1.05978530e-05  0.00000000e+00  0.00000000e+00]","[ 0.          1.75967848  9.97196388  1.46084237 -3.86782026 -0.38938212
 -0.71070778  0.06152536]"
1747093058.2791464,"[ 0.         -0.07744579  0.50353542  3.03756186 -2.2374207  -0.00409434
  0.96007417  1.5709191 ]","[ 0.00000000e+00  3.34380681e-01 -7.67771511e-05  2.11756427e-01
 -2.94406258e-02  1.06059783e-05  0.00000000e+00  0.00000000e+00]","[ 0.          1.66795552  9.8096056   1.41200018 -3.7355566  -0.34992009
 -0.69200474  0.0683255 ]"
1747093058.2803557,"[ 0.         -0.07709265  0.50353499  3.03777225 -2.2374492  -0.00409434
  0.96007417  1.5709191 ]","[ 0.00000000e+00  3.32518965e-01 -7.67771511e-05  2.13377011e-01
 -2.89004307e-02  1.06059783e-05  0.00000000e+00  0.00000000e+00]","[ 0.          1.67106211  9.75485706  1.42339313 -3.66401029 -0.35284659
 -0.68951136  0.06835206]"
1747093058.282109,"[ 0.         -0.07638266  0.50353405  3.03819223 -2.23750779 -0.00409434
  0.96007417  1.5709191 ]","[ 0.00000000e+00  3.33840492e-01 -8.20721262e-05  2.13106916e-01
 -2.97107224e-02  1.05819570e-05  0.00000000e+00  0.00000000e+00]","[ 0.          1.59855235  9.70386696  1.36494362 -3.57465672 -0.34869415
 -0.67564666  0.0608631 ]"
1747093058.2839022,"[ 0.         -0.07605296  0.50353359  3.03845135 -2.23754001 -0.00409434
  0.96007417  1.5709191 ]","[ 0.00000000e+00  3.34380681e-01 -8.20721262e-05  2.13447751e-01
 -3.03429839e-02  1.05899522e-05  0.00000000e+00  0.00000000e+00]","[ 0.          1.52617025  9.66621113  1.34078407 -3.55268407 -0.3414537
 -0.66427135  0.06313927]"
1747093058.2850418,"[ 0.         -0.07536799  0.50353269  3.03886601 -2.2375994  -0.00409434
  0.96007417  1.5709191 ]","[ 0.00000000e+00  3.34476155e-01 -8.73671094e-05  2.09633172e-01
 -3.02509176e-02  1.05819570e-05  0.00000000e+00  0.00000000e+00]","[ 0.          1.5002408   9.64198112  1.29416442 -3.53274584 -0.34511533
 -0.65785629  0.06062741]"
1747093058.2867856,"[ 0.         -0.07476186  0.50353176  3.03929078 -2.23765799 -0.00409328
  0.96007417  1.5709191 ]","[ 0.00000000e+00  3.32735480e-01 -8.73671094e-05  2.06633204e-01
 -2.85607112e-02  2.11641232e-05  0.00000000e+00  0.00000000e+00]","[ 0.          1.47334588  9.67339134  1.23992205 -3.55676365 -0.34830093
 -0.6649949   0.05807964]"
1747093058.2885635,"[ 0.         -0.07435865  0.50353176  3.03949505 -2.23768382 -0.00409328
  0.96007417  1.5709191 ]","[ 0.00000000e+00  3.32127314e-01 -8.20721262e-05  2.07164771e-01
 -2.61994548e-02  2.11639139e-05  0.00000000e+00  0.00000000e+00]","[ 0.          1.46661747  9.67822075  1.23709726 -3.62723541 -0.33444095
 -0.67110753  0.07125457]"
1747093058.290358,"[ 0.         -0.07370298  0.50353129  3.03990411 -2.23772963 -0.00409328
  0.96007417  1.5709191 ]","[ 0.00000000e+00  3.32760081e-01 -8.21341783e-05  2.07704960e-01
 -2.21479940e-02  2.11639139e-05  0.00000000e+00  0.00000000e+00]","[ 0.          1.47082472  9.72069073  1.21841633 -3.77395916 -0.32808596
 -0.66572964  0.06556458]"
1747093058.2915256,"[ 0.         -0.07337328  0.50353129  3.04012196 -2.2377512  -0.00409328
  0.96007417  1.5709191 ]","[ 0.00000000e+00  3.34380681e-01 -8.20729389e-05  2.05128601e-01
 -2.03122459e-02  2.11639139e-05  0.00000000e+00  0.00000000e+00]","[ 0.          1.4327631   9.75528336  1.18701208 -3.83035636 -0.32773182
 -0.68051237  0.06399885]"
1747093058.2932954,"[ 0.         -0.07269045  0.50353129  3.04052409 -2.23778768 -0.00409328
  0.96007417  1.5709191 ]","[ 0.00000000e+00  3.32760081e-01 -8.20721262e-05  2.03923588e-01
 -1.78083710e-02  2.11641232e-05  0.00000000e+00  0.00000000e+00]","[ 0.          1.43606246  9.82879639  1.17248356 -4.0488534  -0.31116128
 -0.740803    0.05996166]"
1747093058.2950892,"[ 0.         -0.07203744  0.50353129  3.04094194 -2.23782018 -0.00409328
  0.96007417  1.5709191 ]","[ 0.00000000e+00  3.30599325e-01 -8.20721262e-05  2.03623982e-01
 -1.55476447e-02  2.11639139e-05  0.00000000e+00  0.00000000e+00]","[ 0.          1.42008567  9.95301723  1.19686508 -4.26279402 -0.33101571
 -0.77415526  0.05897982]"
1747093058.2970114,"[ 0.         -0.0716859   0.50353129  3.04114035 -2.23783536 -0.00409328
  0.96007417  1.5709191 ]","[ 0.00000000e+00  3.31014379e-01 -8.20721262e-05  2.01222626e-01
 -1.53955564e-02  2.11639139e-05  0.00000000e+00  0.00000000e+00]","[ 0.          1.39010811  9.98335743  1.18492496 -4.41244793 -0.33217421
 -0.78826529  0.04878171]"
1747093058.2981482,"[ 0.         -0.07103237  0.50353129  3.04153423 -2.23786598 -0.00409328
  0.96007417  1.5709191 ]","[ 0.00000000e+00  3.31343645e-01 -8.20729389e-05  1.99602043e-01
 -1.56656540e-02  2.11641232e-05  0.00000000e+00  0.00000000e+00]","[ 0.          1.4566499  10.13574409  1.2158742  -4.63862658 -0.32277724
 -0.83237201  0.05557646]"
1747093058.2999516,"[ 0.         -0.07070586  0.50353129  3.04174702 -2.23790193 -0.00409328
  0.96007417  1.5709191 ]","[ 0.00000000e+00  3.31139514e-01 -8.20721262e-05  2.00175505e-01
 -1.82888760e-02  2.11801137e-05  0.00000000e+00  0.00000000e+00]","[ 0.          1.48081923 10.23721504  1.19964135 -4.80363941 -0.33087778
 -0.84504014  0.060339  ]"
1747093058.301693,"[ 0.         -0.07003048  0.50353176  3.04214835 -2.23793869 -0.00409328
  0.96007417  1.5709191 ]","[ 0.00000000e+00  3.28978725e-01 -7.68351964e-05  2.04463793e-01
 -1.91769216e-02  2.11639139e-05  0.00000000e+00  0.00000000e+00]","[ 0.          1.49137282 10.33709812  1.21776807 -4.83377838 -0.32575682
 -0.86796981  0.06644402]"
1747093058.3034596,"[ 0.         -0.06970718  0.50353129  3.04236673 -2.23795973 -0.00409328
  0.96007417  1.5709191 ]","[ 0.00000000e+00  3.27898347e-01 -8.20721262e-05  2.05630141e-01
 -1.98107082e-02  2.11639139e-05  0.00000000e+00  0.00000000e+00]","[ 0.          1.50587595 10.35876942  1.22683644 -4.82466507 -0.33452681
 -0.87456125  0.06838957]"
1747093058.3051414,"[ 0.         -0.06903712  0.50353129  3.04277686 -2.23800021 -0.00409328
  0.96007417  1.5709191 ]","[ 0.00000000e+00  3.26277747e-01 -8.20729389e-05  2.08515244e-01
 -2.05274085e-02  1.05820616e-05  0.00000000e+00  0.00000000e+00]","[ 0.          1.52693367 10.37716866  1.23668909 -4.74644566 -0.3248339
 -0.85463572  0.04689675]"
1747093058.3067935,"[ 0.         -0.06839051  0.50353129  3.04319098 -2.23804095 -0.00409328
  0.96007417  1.5709191 ]","[ 0.00000000e+00  3.28438536e-01 -7.68351964e-05  2.09865733e-01
 -1.93091704e-02  1.05819570e-05  0.00000000e+00  0.00000000e+00]","[ 0.          1.50286055 10.3727541   1.20468342 -4.6414361  -0.31055939
 -0.8174051   0.06179031]"
1747093058.3097913,"[ 0.         -0.0680656   0.50353129  3.04341229 -2.23805986 -0.00409328
  0.96007417  1.5709191 ]","[ 0.00000000e+00  3.29518914e-01 -7.67771511e-05  2.08388594e-01
 -1.91769216e-02  1.05739739e-05  0.00000000e+00  0.00000000e+00]","[ 0.          1.50927544 10.36294651  1.19000435 -4.52689457 -0.3016226
 -0.80621934  0.05131675]"
1747093058.3114574,"[ 0.         -0.06707278  0.50353129  3.04402961 -2.23811179 -0.00409328
  0.96007417  1.5709191 ]","[ 0.00000000e+00  3.25947182e-01 -7.41849740e-05  2.01617839e-01
 -1.67460433e-02  1.05819570e-05  0.00000000e+00  0.00000000e+00]","[ 0.          1.47209823 10.27236176  1.25028956 -4.23225164 -0.31597084
 -0.77542681  0.05335806]"
1747093058.313183,"[ 0.         -0.06643309  0.50353129  3.04442323 -2.23814348 -0.00409328
  0.96007417  1.5709191 ]","[ 0.00000000e+00  3.24116958e-01 -6.88346925e-05  1.99534315e-01
 -1.48553612e-02  1.05820616e-05  0.00000000e+00  0.00000000e+00]","[ 0.          1.53818607 10.2309885   1.30718684 -4.01335478 -0.31427273
 -0.77824479  0.05190909]"
1747093058.3148608,"[ 0.         -0.06576463  0.50353129  3.04483042 -2.23816958 -0.00409328
  0.96007417  1.5709191 ]","[ 0.00000000e+00  3.26277747e-01 -6.88867318e-05  1.99862467e-01
 -1.29646791e-02  1.05820616e-05  0.00000000e+00  0.00000000e+00]","[ 0.          1.57834959 10.21381664  1.33544838 -3.878824   -0.33773389
 -0.78039855  0.04770398]"
1747093058.3165717,"[ 0.         -0.06544239  0.50353129  3.04502883 -2.23818157 -0.00409328
  0.96007417  1.5709191 ]","[ 0.00000000e+00  3.26817936e-01 -6.35403432e-05  2.01222626e-01
 -1.12845802e-02  1.05739739e-05  0.00000000e+00  0.00000000e+00]","[ 0.          1.63762307 10.23540306  1.34848356 -3.8039546  -0.34352213
 -0.76435381  0.06255812]"
1747093058.3177652,"[ 0.         -0.06477127  0.50353129  3.0454291  -2.23820367 -0.00409328
  0.96007417  1.5709191 ]","[ 0.00000000e+00  3.26694465e-01 -5.82887721e-05  2.02843210e-01
 -1.07929524e-02  1.05820616e-05  0.00000000e+00  0.00000000e+00]","[ 0.          1.73298228 10.22401428  1.40224504 -3.73202777 -0.34846088
 -0.71416819  0.06405156]"
1747093058.319468,"[ 0.         -0.06444797  0.50353129  3.04564588 -2.23821459 -0.00409328
  0.96007417  1.5709191 ]","[ 0.00000000e+00  3.27898347e-01 -5.82887721e-05  2.03933508e-01
 -1.10739970e-02  1.05820616e-05  0.00000000e+00  0.00000000e+00]","[ 0.          1.68750179 10.2427721   1.43868387 -3.69899893 -0.33496609
 -0.70034295  0.06906845]"
1747093058.3212025,"[ 0.         -0.06379975  0.50353129  3.04604962 -2.23823936 -0.00409328
  0.96007417  1.5709191 ]","[ 0.00000000e+00  3.29518914e-01 -5.82447383e-05  2.05003982e-01
 -1.24244839e-02  1.05819570e-05  0.00000000e+00  0.00000000e+00]","[ 0.          1.73656392 10.2473259   1.48971307 -3.72397709 -0.33592823
 -0.71969968  0.06760392]"
1747093058.3235652,"[ 0.         -0.06312171  0.50353129  3.04647066 -2.23826732 -0.00409328
  0.96007417  1.5709191 ]","[ 0.00000000e+00  3.32219892e-01 -5.82881910e-05  2.05572950e-01
 -1.37922658e-02  1.05819570e-05  0.00000000e+00  0.00000000e+00]","[ 0.          1.71612453 10.29338837  1.52916849 -3.77698755 -0.34789634
 -0.72333479  0.05612319]"
1747093058.3253565,"[ 0.         -0.06246551  0.50353129  3.046876   -2.23829821 -0.00409328
  0.96007417  1.5709191 ]","[ 0.00000000e+00  3.32422925e-01 -5.82447383e-05  2.05605740e-01
 -1.59357516e-02  1.05740785e-05  0.00000000e+00  0.00000000e+00]","[ 0.          1.73308754 10.33721447  1.53012407 -3.83153462 -0.36723456
 -0.71952856  0.04497793]"
1747093058.3265736,"[ 0.         -0.06211344  0.50353129  3.04708053 -2.23831419 -0.00409328
  0.96007417  1.5709191 ]","[ 0.00000000e+00  3.31515918e-01 -5.82447383e-05  2.07434866e-01
 -1.62058481e-02  1.05820616e-05  0.00000000e+00  0.00000000e+00]","[ 0.          1.80940366 10.37248707  1.53695178 -3.86449075 -0.37144718
 -0.72640002  0.02754107]"
1747093058.328257,"[ 0.         -0.06146043  0.50353129  3.04751622 -2.23834775 -0.00409328
  0.96007417  1.5709191 ]","[ 0.00000000e+00  3.31139514e-01 -5.82447383e-05  2.14407038e-01
 -1.62999503e-02  1.05739739e-05  0.00000000e+00  0.00000000e+00]","[ 0.          1.8161155  10.3553524   1.57190001 -3.92020106 -0.36961886
 -0.72690469  0.03029772]"
1747093058.3299212,"[ 0.         -0.06113446  0.50353129  3.04772874 -2.23836346 -0.00409328
  0.96007417  1.5709191 ]","[ 0.00000000e+00  3.30599325e-01 -5.82453112e-05  2.15537783e-01
 -1.59357516e-02  1.05739739e-05  0.00000000e+00  0.00000000e+00]","[ 0.          1.77443957 10.37438679  1.57769251 -3.95453238 -0.35581616
 -0.74407965  0.03447895]"
1747093058.3315947,"[ 0.         -0.06045855  0.50353129  3.04815485 -2.23839142 -0.00409328
  0.96007417  1.5709191 ]","[ 0.00000000e+00  3.30264333e-01 -6.35877499e-05  2.15537783e-01
 -1.34911902e-02  1.05820616e-05  0.00000000e+00  0.00000000e+00]","[ 0.          1.7833184  10.38644218  1.58333647 -4.03637648 -0.34715852
 -0.75671017  0.052518  ]"
1747093058.3327718,"[ 0.         -0.05980341  0.50353129  3.048598   -2.23841539 -0.00409328
  0.96007417  1.5709191 ]","[ 0.00000000e+00  3.32219892e-01 -6.35397134e-05  2.16618177e-01
 -1.08038994e-02  1.05740785e-05  0.00000000e+00  0.00000000e+00]","[ 0.          1.78771603 10.37197781  1.55697608 -4.17336082 -0.33979648
 -0.75724524  0.04787849]"
1747093058.3351364,"[ 0.         -0.05944975  0.50353129  3.04880972 -2.23842391 -0.00409328
  0.96007417  1.5709191 ]","[ 0.00000000e+00  3.33020505e-01 -6.35877499e-05  2.14727500e-01
 -8.64311923e-03  1.05819570e-05  0.00000000e+00  0.00000000e+00]","[ 0.          1.81886518 10.36028481  1.56734693 -4.25347328 -0.34456354
 -0.78190488  0.04861376]"
1747093058.3362408,"[ 0.         -0.05879461  0.50353129  3.04924222 -2.23843696 -0.00409328
  0.96007417  1.5709191 ]","[ 0.00000000e+00  3.31883301e-01 -6.35403432e-05  2.10405938e-01
 -5.26118344e-03  1.05739739e-05  0.00000000e+00  0.00000000e+00]","[ 0.          1.83569634 10.32233715  1.56599784 -4.38907766 -0.36770704
 -0.79404873  0.04536886]"
1747093058.3380194,"[ 0.         -0.0584681   0.50353129  3.04944941 -2.23844043 -0.00409328
  0.96007417  1.5709191 ]","[ 0.00000000e+00  3.31139514e-01 -6.88346925e-05  2.09922924e-01
 -3.51483194e-03  1.05740785e-05  0.00000000e+00  0.00000000e+00]","[ 0.          1.81865275 10.32153606  1.55160046 -4.48136616 -0.3618179
 -0.80842012  0.05827483]"
1747093058.3391802,"[ 0.         -0.05778847  0.50353129  3.04986726 -2.23844336 -0.00409328
  0.96007417  1.5709191 ]","[ 0.00000000e+00  3.31139514e-01 -6.36840546e-05  2.12836805e-01
 -1.08038990e-03  1.05820616e-05  0.00000000e+00  0.00000000e+00]","[ 0.          1.79180288 10.33516026  1.55917525 -4.58397341 -0.35960481
 -0.79448718  0.06759866]"
1747093058.340962,"[ 0.         -0.05713493  0.50353129  3.05030935 -2.23844229 -0.00409328
  0.96007417  1.5709191 ]","[ 0.00000000e+00  3.31139514e-01 -6.36358718e-05  2.16348083e-01
  5.20148650e-04  1.05739739e-05  0.00000000e+00  0.00000000e+00]","[ 0.          1.74313474 10.31013775  1.48792505 -4.65575933 -0.36722806
 -0.81297833  0.04529416]"
1747093058.342129,"[ 0.         -0.05678499  0.50353129  3.05052346 -2.23844202 -0.00409328
  0.96007417  1.5709191 ]","[ 0.00000000e+00  3.29509759e-01 -6.36358718e-05  2.17158366e-01
  3.90111488e-04  1.05819570e-05  0.00000000e+00  0.00000000e+00]","[ 0.          1.75442541 10.33908939  1.46782362 -4.69319677 -0.3489314
 -0.8074894   0.05500599]"
1747093058.3439052,"[ 0.         -0.05613571  0.50353129  3.05097247 -2.23844282 -0.00409328
  0.96007417  1.5709191 ]","[ 0.00000000e+00  3.29518914e-01 -6.36840546e-05  2.19923943e-01
 -3.89921081e-04  1.05740785e-05  0.00000000e+00  0.00000000e+00]","[ 0.          1.74881279 10.35502911  1.44601846 -4.70057869 -0.32305053
 -0.81849402  0.0611655 ]"
1747093058.3456259,"[ 0.         -0.05581027  0.50353129  3.05119059 -2.23844336 -0.00409328
  0.96007417  1.5709191 ]","[ 0.00000000e+00  3.30059103e-01 -6.36358718e-05  2.21209833e-01
 -4.38741518e-04  1.05819570e-05  0.00000000e+00  0.00000000e+00]","[ 0.          1.71487641 10.34418869  1.41949761 -4.69234514 -0.32674029
 -0.80814081  0.0452255 ]"
1747093058.3473146,"[ 0.         -0.05513116  0.50353129  3.05162282 -2.23844282 -0.00409221
  0.96007417  1.5709191 ]","[ 0.00000000e+00  3.31679703e-01 -6.36358718e-05  2.19049061e-01
 -1.98743370e-04  2.11639139e-05  0.00000000e+00  0.00000000e+00]","[ 0.          1.63198555 10.29995155  1.35647655 -4.58898783 -0.29328448
 -0.79786718  0.04985195]"
1747093058.3491204,"[ 0.         -0.05447336  0.50353086  3.05207103 -2.23844282 -0.00409221
  0.96007417  1.5709191 ]","[ 0.00000000e+00  3.33638658e-01 -6.36358718e-05  2.18920863e-01
  0.00000000e+00  2.11639139e-05  0.00000000e+00  0.00000000e+00]","[ 0.          1.60450888 10.24315071  1.31716144 -4.47159767 -0.30049014
 -0.78873771  0.05004907]"
1747093058.3503232,"[ 0.         -0.05412076  0.50353086  3.05228727 -2.23844282 -0.00409221
  0.96007417  1.5709191 ]","[ 0.00000000e+00  3.31705103e-01 -6.35397134e-05  2.19096931e-01
  0.00000000e+00  2.11641232e-05  0.00000000e+00  0.00000000e+00]","[ 0.          1.57264519 10.15938473  1.3156569  -4.42047215 -0.29391971
 -0.78756928  0.04634456]"
1747093058.3520799,"[ 0.         -0.05346935  0.50353039  3.05271977 -2.23844282 -0.00409221
  0.96007417  1.5709191 ]","[ 0.00000000e+00  3.30059103e-01 -6.89388604e-05  2.19859344e-01
  0.00000000e+00  2.11481571e-05  0.00000000e+00  0.00000000e+00]","[ 0.          1.51906013 10.05797958  1.28882229 -4.26969385 -0.27486229
 -0.76992399  0.05306673]"
1747093058.3532362,"[ 0.         -0.05314604  0.50353039  3.0529544  -2.23844229 -0.00409221
  0.96007417  1.5709191 ]","[ 0.00000000e+00  3.27898347e-01 -6.89388604e-05  2.20927006e-01
  5.90043463e-05  2.11479478e-05  0.00000000e+00  0.00000000e+00]","[ 0.          1.51906013 10.01899719  1.27725792 -4.16804934 -0.28546095
 -0.73099947  0.04781378]"
1747093058.3549674,"[ 0.         -0.0524728   0.50353039  3.05338743 -2.23844202 -0.00409221
  0.96007417  1.5709191 ]","[ 0.00000000e+00  3.27898347e-01 -6.89395431e-05  2.18778950e-01
  7.26316639e-05  2.11639139e-05  0.00000000e+00  0.00000000e+00]","[ 0.          1.42225218  9.91016293  1.2092663  -4.0631752  -0.27261254
 -0.69080836  0.04852127]"
1747093058.3567204,"[ 0.         -0.05214789  0.50352993  3.05360181 -2.23844202 -0.00409221
  0.96007417  1.5709191 ]","[ 0.00000000e+00  3.29518914e-01 -7.42411095e-05  2.17208168e-01
  1.21052773e-04  2.11641232e-05  0.00000000e+00  0.00000000e+00]","[ 0.          1.40716267  9.88134384  1.215698   -3.95884514 -0.26356864
 -0.69080836  0.05491625]"
1747093058.35798,"[ 0.         -0.05147677  0.50352946  3.05404443 -2.23844202 -0.00409221
  0.96007417  1.5709191 ]","[ 0.00000000e+00  3.27898347e-01 -7.68933393e-05  2.15537783e-01
  1.10394675e-04  2.11639139e-05  0.00000000e+00  0.00000000e+00]","[ 0.          1.39250064  9.79808807  1.2090745  -3.7960875  -0.29337642
 -0.67807561  0.04983868]"
1747093058.3597472,"[ 0.         -0.05115453  0.50352946  3.05425535 -2.23844202 -0.00409221
  0.96007417  1.5709191 ]","[ 0.00000000e+00  3.26817936e-01 -7.68933393e-05  2.13917199e-01
  1.02052466e-04  2.11639139e-05  0.00000000e+00  0.00000000e+00]","[ 0.          1.40011001  9.78252411  1.19061184 -3.7243371  -0.29419494
 -0.66404605  0.05336636]"
1747093058.3614733,"[ 0.         -0.05051111  0.50352899  3.05468971 -2.23844149 -0.00409221
  0.96007417  1.5709191 ]","[ 0.00000000e+00  3.26817936e-01 -8.22577542e-05  2.11397816e-01
  9.43647180e-05  2.11479478e-05  0.00000000e+00  0.00000000e+00]","[ 0.          1.4062717   9.753438    1.19752657 -3.63724279 -0.30014798
 -0.6790154   0.04973938]"
1747093058.362626,"[ 0.         -0.05016224  0.50352856  3.0548985  -2.23844149 -0.00409221
  0.9600751   1.5709191 ]","[ 0.00000000e+00  3.28197653e-01 -9.01508150e-05  2.11541876e-01
  9.48756990e-05  2.11639139e-05  1.05739739e-05  0.00000000e+00]","[ 0.          1.38014102  9.71765327  1.21332657 -3.61684132 -0.30947924
 -0.66496259  0.04644161]"
1747093058.364467,"[ 0.         -0.04951402  0.50352763  3.05532381 -2.23844149 -0.00409221
  0.9600751   1.5709191 ]","[ 0.00000000e+00  3.28978725e-01 -1.00756792e-04  2.17428461e-01
  8.82075071e-05  2.11479478e-05  1.05819570e-05  0.00000000e+00]","[ 0.          1.356197    9.68967342  1.18630683 -3.62734318 -0.30061701
 -0.66783327  0.05062152]"
1747093058.3660846,"[ 0.         -0.04884131  0.5035267   3.05577202 -2.23844149 -0.00409221
  0.9600751   1.5709191 ]","[ 0.00000000e+00  3.28005140e-01 -1.08711279e-04  2.19049061e-01
  8.27994403e-05  2.11639139e-05  1.05740785e-05  0.00000000e+00]","[ 0.          1.34003472  9.69738007  1.15617311 -3.66007757 -0.27760965
 -0.66824514  0.04914274]"
1747093058.3678632,"[ 0.         -0.04819736  0.50352626  3.05620718 -2.23844149 -0.00409221
  0.9600751   1.5709191 ]","[ 0.00000000e+00  3.26817936e-01 -1.14014268e-04  2.20985695e-01
  7.80116345e-05  2.11641232e-05  1.05819570e-05  0.00000000e+00]","[ 0.          1.25734448  9.69092369  1.12225735 -3.70508623 -0.26987267
 -0.67240238  0.05028705]"
1747093058.3695471,"[ 0.         -0.04787671  0.5035258   3.0564442  -2.23844202 -0.00409168
  0.9600751   1.5709191 ]","[ 0.00000000e+00  3.24867869e-01 -1.19407600e-04  2.23183935e-01
  4.65994918e-05  2.64548924e-05  1.05819570e-05  0.00000000e+00]","[ 0.          1.30635679  9.72118855  1.04757667 -3.75158739 -0.26430029
 -0.67602158  0.0452575 ]"
1747093058.3713684,"[ 0.         -0.04720986  0.50352533  3.05687777 -2.23844202 -0.00409168
  0.9600751   1.5709191 ]","[ 0.00000000e+00  3.24657180e-01 -1.19317257e-04  2.18508855e-01
  0.00000000e+00  2.64551545e-05  1.05739739e-05  0.00000000e+00]","[ 0.          1.25190222  9.80073833  1.08306479 -3.85086679 -0.26861078
 -0.69511998  0.04883956]"
1747093058.3731794,"[ 0.         -0.0465659   0.50352487  3.05731985 -2.23844202 -0.00409168
  0.9600751   1.5709191 ]","[ 0.00000000e+00  3.26277747e-01 -1.24714603e-04  2.14908578e-01
  0.00000000e+00  2.64551545e-05  1.05820616e-05  0.00000000e+00]","[ 0.          1.19199765  9.82751465  1.04550123 -3.99712038 -0.27936
 -0.69372803  0.05935539]"
1747093058.3743358,"[ 0.         -0.04622182  0.50352487  3.0575321  -2.23844202 -0.00409168
  0.9600751   1.5709191 ]","[ 0.00000000e+00  3.23992855e-01 -1.24620245e-04  2.15267688e-01
  0.00000000e+00  2.64551545e-05  1.05740785e-05  0.00000000e+00]","[ 0.          1.15072155  9.87836456  1.05389285 -4.05819607 -0.27557036
 -0.71068954  0.05456832]"
1747093058.376018,"[ 0.         -0.04557947  0.50352487  3.05795581 -2.23844229 -0.00409168
  0.9600751   1.5709191 ]","[ 0.00000000e+00  3.25737558e-01 -1.19317257e-04  2.14727500e-01
 -1.20636034e-05  2.64551545e-05  1.05739739e-05  0.00000000e+00]","[ 0.          1.11945069  9.91552544  1.06077921 -4.17424154 -0.27462336
 -0.73182678  0.05490788]"
1747093058.3777385,"[ 0.         -0.04493711  0.50352487  3.05839497 -2.23844229 -0.00409168
  0.9600751   1.5709191 ]","[ 0.00000000e+00  3.26277747e-01 -1.08711279e-04  2.14727500e-01
 -1.15103989e-05  2.64551545e-05  1.05740785e-05  0.00000000e+00]","[ 0.          1.10505795  9.98327827  1.04301226 -4.27856255 -0.24643549
 -0.74577826  0.04974469]"
1747093058.3794858,"[ 0.         -0.04458984  0.50352487  3.05860616 -2.23844229 -0.00409168
  0.9600751   1.5709191 ]","[ 0.00000000e+00  3.26694465e-01 -1.06059781e-04  2.14187294e-01
 -1.15103989e-05  2.64548924e-05  1.05740785e-05  0.00000000e+00]","[ 0.          1.14895487 10.00699425  1.02390218 -4.31488895 -0.25243679
 -0.74515784  0.03898953]"
1747093058.381299,"[ 0.         -0.04394802  0.50352487  3.05904265 -2.23844282 -0.00409168
  0.9600751   1.5709191 ]","[ 0.00000000e+00  3.24867869e-01 -9.54538036e-05  2.12651649e-01
 -3.32230687e-05  2.64351959e-05  1.05819570e-05  0.00000000e+00]","[ 0.          1.13025141 10.04157734  1.00298715 -4.39697838 -0.2617079
 -0.75920296  0.04311624]"
1747093058.383062,"[ 0.         -0.04328489  0.50352487  3.05945704 -2.23844282 -0.00409168
  0.9600751   1.5709191 ]","[ 0.00000000e+00  3.24116958e-01 -8.74993247e-05  2.09595638e-01
 -3.18179359e-05  2.64951613e-05  1.05739739e-05  0.00000000e+00]","[ 0.          1.10670364 10.12749767  1.00499201 -4.45418215 -0.26937318
 -0.79333508  0.05624869]"
1747093058.3842556,"[ 0.         -0.04296797  0.5035244   3.05966263 -2.23844282 -0.00409168
  0.9600751   1.5709191 ]","[ 0.00000000e+00  3.21415980e-01 -8.74993247e-05  2.08515244e-01
 -3.06157383e-05  2.64951613e-05  1.05819570e-05  0.00000000e+00]","[ 0.          1.08889043 10.17055416  1.00259376 -4.47741318 -0.26243919
 -0.78642857  0.05677967]"
1747093058.386023,"[ 0.         -0.04233254  0.5035244   3.06008927 -2.23844282 -0.00409168
  0.9600751   1.5709191 ]","[ 0.00000000e+00  3.22496391e-01 -7.68933393e-05  2.08515244e-01
 -5.08780598e-05  2.64948971e-05  1.05740785e-05  0.00000000e+00]","[ 0.          1.14602709 10.22219276  1.01884699 -4.46045256 -0.26236147
 -0.76823717  0.05616278]"
1747093058.3878462,"[ 0.         -0.04167368  0.5035244   3.06050339 -2.23844282 -0.00409168
  0.9600751   1.5709191 ]","[ 0.00000000e+00  3.22496391e-01 -7.42418490e-05  2.10946127e-01
 -4.91684735e-05  1.58847699e-05  1.05819570e-05  0.00000000e+00]","[ 0.          1.14972806 10.27655602  0.96685487 -4.43101692 -0.26839337
 -0.76851583  0.05298105]"
1747093058.389047,"[ 0.         -0.04135623  0.5035244   3.06071432 -2.23844282 -0.00409168
  0.9600751   1.5709191 ]","[ 0.00000000e+00  3.21956202e-01 -6.89388604e-05  2.13917199e-01
 -4.74412345e-05  1.58969375e-05  1.05819570e-05  0.00000000e+00]","[ 0.          1.16997135 10.29600048  0.96998578 -4.40205193 -0.2829684
 -0.77330536  0.04954246]"
1747093058.3908136,"[ 0.         -0.04070109  0.5035244   3.06115134 -2.23844229 -0.00409168
  0.9600751   1.5709191 ]","[ 0.00000000e+00  3.19795413e-01 -6.89388604e-05  2.12836805e-01
 -2.83878725e-05  1.58969375e-05  1.05739739e-05  0.00000000e+00]","[ 0.          1.14760041 10.30567455  0.93768018 -4.32150126 -0.26085517
 -0.76528871  0.04357862]"
1747093058.3925498,"[ 0.         -0.04038737  0.5035244   3.0613604  -2.23844229 -0.00409168
  0.96007417  1.5709191 ]","[ 0.00000000e+00  3.18174813e-01 -6.89388604e-05  2.12026522e-01
 -2.74260526e-05  1.58969375e-05  0.00000000e+00  0.00000000e+00]","[ 0.          1.13641822 10.3409338   0.94985706 -4.26756525 -0.25263858
 -0.76898664  0.05087959]"
1747093058.394324,"[ 0.         -0.039761    0.5035244   3.06178784 -2.23844229 -0.00409168
  0.96007417  1.5709191 ]","[ 0.00000000e+00  3.16773158e-01 -6.89381696e-05  2.07134744e-01
 -2.65281501e-05  1.58969375e-05  0.00000000e+00  0.00000000e+00]","[ 0.          1.14109349 10.33468533  0.93595243 -4.16353416 -0.26242936
 -0.77276164  0.0518415 ]"
1747093058.396041,"[ 0.         -0.03942437  0.5035244   3.06198997 -2.23844229 -0.00409168
  0.96007417  1.5709191 ]","[ 0.00000000e+00  3.16971330e-01 -6.89388604e-05  2.05003982e-01
 -2.65281501e-05  1.58967790e-05  0.00000000e+00  0.00000000e+00]","[ 0.          1.13572335 10.35120773  0.96449929 -4.12671375 -0.26709506
 -0.77297306  0.05352474]"
1747093058.397209,"[ 0.         -0.03879853  0.5035244   3.06238252 -2.23844229 -0.00409168
  0.96007417  1.5709191 ]","[ 0.00000000e+00  3.17094435e-01 -6.89388604e-05  1.97981443e-01
 -2.56871794e-05  1.58969375e-05  0.00000000e+00  0.00000000e+00]","[ 0.          1.15298569 10.34918785  1.00054133 -4.04756594 -0.27942792
 -0.77886027  0.06695116]"
1747093058.4002345,"[ 0.         -0.03815458  0.5035244   3.06278013 -2.23844202 -0.00409168
  0.96007417  1.5709191 ]","[ 0.00000000e+00  3.14760041e-01 -6.89381696e-05  1.93659898e-01
 -1.65588581e-05  1.58969375e-05  0.00000000e+00  0.00000000e+00]","[ 0.          1.19261169 10.36983776  1.01200223 -4.00331306 -0.29788214
 -0.74844241  0.06657318]"
1747093058.4006894,"[ 0.         -0.03784565  0.5035244   3.06297241 -2.23844202 -0.00409168
  0.96007417  1.5709191 ]","[ 0.00000000e+00  3.12995630e-01 -6.89388604e-05  1.94812797e-01
 -1.65593722e-05  1.58969375e-05  0.00000000e+00  0.00000000e+00]","[ 0.          1.22248006 10.38015556  1.02845633 -3.99779081 -0.30847952
 -0.74463743  0.05553212]"
1747093058.4024456,"[ 0.         -0.03722726  0.50352487  3.06337615 -2.23844202 -0.00409168
  0.96007417  1.5709191 ]","[ 0.00000000e+00  3.13853268e-01 -6.89388604e-05  1.97104014e-01
  0.00000000e+00  1.58969375e-05  0.00000000e+00  0.00000000e+00]","[ 0.          1.31910408 10.39952278  1.09098887 -3.99308181 -0.31875455
 -0.7455188   0.04619431]"
1747093058.4041486,"[ 0.         -0.03658118  0.50352487  3.06376337 -2.23844202 -0.00409168
  0.96007417  1.5709191 ]","[ 0.00000000e+00  3.16554246e-01 -6.36358718e-05  1.96090765e-01
  0.00000000e+00  1.58849283e-05  0.00000000e+00  0.00000000e+00]","[ 0.          1.31755662 10.43097782  1.10822713 -3.98212194 -0.31651279
 -0.7533446   0.06713367]"
1747093058.4059207,"[ 0.         -0.03627119  0.50352487  3.06397216 -2.23844202 -0.00409168
  0.96007417  1.5709191 ]","[ 0.00000000e+00  3.14393457e-01 -6.36352378e-05  1.96602475e-01
  0.00000000e+00  1.58969375e-05  0.00000000e+00  0.00000000e+00]","[ 0.          1.3105222  10.45218754  1.09522176 -3.99811554 -0.2984803
 -0.75318617  0.07749774]"
1747093058.4070525,"[ 0.         -0.03565493  0.50352487  3.06436205 -2.23844229 -0.00409168
  0.96007417  1.5709191 ]","[ 0.00000000e+00  3.11692479e-01 -6.35877499e-05  1.96901065e-01
 -6.97929922e-06  1.58969375e-05  0.00000000e+00  0.00000000e+00]","[ 0.          1.3338573  10.47356033  1.09963    -4.02810907 -0.30308509
 -0.75579917  0.05665921]"
1747093058.4087715,"[ 0.         -0.03502217  0.50352487  3.06476152 -2.23844229 -0.00409168
  0.96007417  1.5709191 ]","[ 0.00000000e+00  3.07370934e-01 -6.36358718e-05  1.93593252e-01
 -6.80349762e-06  1.58969375e-05  0.00000000e+00  0.00000000e+00]","[ 0.          1.38200128 10.49866104  1.12309206 -4.08826685 -0.30190516
 -0.76037455  0.05397348]"
1747093058.410564,"[ 0.         -0.03471803  0.50352487  3.0649522  -2.23844229 -0.00409168
  0.96007417  1.5709191 ]","[ 0.00000000e+00  3.08451312e-01 -6.36358718e-05  1.93389787e-01
 -6.62379032e-06  1.58969375e-05  0.00000000e+00  0.00000000e+00]","[ 0.          1.43089283 10.52606869  1.13707805 -4.12852335 -0.32043332
 -0.7811442   0.04283491]"
1747093058.4117453,"[ 0.         -0.03408686  0.50352533  3.06533463 -2.23844229 -0.00409168
  0.96007417  1.5709191 ]","[ 0.00000000e+00  3.07653995e-01 -5.83328791e-05  1.94542969e-01
 -6.62362523e-06  1.58969375e-05  0.00000000e+00  0.00000000e+00]","[ 0.          1.46619952 10.55859375  1.1671145  -4.22437668 -0.33098695
 -0.79569942  0.03216615]"
1747093058.412957,"[ 0.         -0.03378326  0.50352533  3.06554263 -2.23844229 -0.00409168
  0.96007417  1.5709191 ]","[ 0.00000000e+00  3.07911123e-01 -5.83328791e-05  1.95850165e-01
 -6.46508149e-06  1.58969375e-05  0.00000000e+00  0.00000000e+00]","[ 0.          1.44050217 10.56768513  1.15595019 -4.27582693 -0.33965772
 -0.80407757  0.02422634]"
1747093058.4147048,"[ 0.         -0.03348126  0.50352533  3.06573677 -2.23844229 -0.00409168
  0.96007417  1.5709191 ]","[ 0.00000000e+00  3.06290523e-01 -5.83328791e-05  1.96901065e-01
 -6.46508149e-06  1.58969375e-05  0.00000000e+00  0.00000000e+00]","[ 0.          1.50464272 10.5931654   1.17509806 -4.31454945 -0.33954912
 -0.79810292  0.04207307]"
1747093058.415862,"[ 0.         -0.03285915  0.50352533  3.06612346 -2.23844229 -0.00409168
  0.96007417  1.5709191 ]","[ 0.00000000e+00  3.03049356e-01 -5.83328791e-05  1.95550576e-01
 -6.31395037e-06  1.58969375e-05  0.00000000e+00  0.00000000e+00]","[ 0.          1.49402165 10.59145164  1.20437264 -4.39415503 -0.32720825
 -0.799573    0.05929256]"
1747093058.4176226,"[ 0.         -0.03256034  0.50352533  3.06633092 -2.23844229 -0.00409168
  0.96007417  1.5709191 ]","[ 0.00000000e+00  3.03049356e-01 -5.83328791e-05  1.95348625e-01
 -6.16986614e-06  1.58969375e-05  0.00000000e+00  0.00000000e+00]","[ 0.          1.46080971 10.59889507  1.18366849 -4.42449665 -0.32851464
 -0.80058765  0.06933355]"
1747093058.419412,"[ 0.         -0.03194142  0.50352533  3.06671255 -2.23844282 -0.00409168
  0.96007417  1.5709191 ]","[ 0.00000000e+00  3.01925236e-01 -5.82887721e-05  1.92654205e-01
 -1.20431460e-05  1.58969375e-05  0.00000000e+00  0.00000000e+00]","[ 0.          1.4502033  10.58990765  1.17117155 -4.47029686 -0.32668221
 -0.83364922  0.06564156]"
1747093058.4211853,"[ 0.         -0.03134647  0.50352533  3.0670846  -2.23844282 -0.00409168
  0.96007417  1.5709191 ]","[ 0.00000000e+00  3.01428789e-01 -5.83328791e-05  1.86907453e-01
 -1.17805105e-05  1.58969375e-05  0.00000000e+00  0.00000000e+00]","[ 0.          1.42219043 10.57839394  1.17539656 -4.50085878 -0.33058512
 -0.83643633  0.06062939]"
1747093058.42295,"[ 0.         -0.03075845  0.50352533  3.06746064 -2.23844282 -0.00409168
  0.96007417  1.5709191 ]","[ 0.00000000e+00  2.96868126e-01 -5.82887721e-05  1.82585892e-01
 -1.15101511e-05  1.58969375e-05  0.00000000e+00  0.00000000e+00]","[ 0.          1.44684219 10.55572605  1.19610763 -4.5007329  -0.32784393
 -0.82438481  0.04647444]"
1747093058.4254918,"[ 0.         -0.03044472  0.50352533  3.0676396  -2.23844282 -0.00409168
  0.96007417  1.5709191 ]","[ 0.00000000e+00  2.95405252e-01 -5.82893532e-05  1.81321606e-01
 -1.15288358e-05  1.58969375e-05  0.00000000e+00  0.00000000e+00]","[ 0.          1.48436809 10.54549026  1.22342885 -4.49280548 -0.32314786
 -0.82488334  0.04634329]"
1747093058.4266245,"[ 0.         -0.02986629  0.50352533  3.06801084 -2.23844282 -0.00409168
  0.96007417  1.5709191 ]","[ 0.00000000e+00  2.92245478e-01 -5.82887721e-05  1.81305594e-01
 -1.12879287e-05  1.58969375e-05  0.00000000e+00  0.00000000e+00]","[ 0.          1.55445015 10.51913261  1.25967598 -4.47202396 -0.31889006
 -0.83202851  0.04395451]"
1747093058.4283721,"[ 0.         -0.0292708   0.50352533  3.06837117 -2.23844282 -0.00409168
  0.96007417  1.5709191 ]","[ 0.00000000e+00  2.90389887e-01 -5.83322980e-05  1.83396192e-01
 -1.10396959e-05  1.58969375e-05  0.00000000e+00  0.00000000e+00]","[ 0.          1.5909735  10.49991798  1.26621068 -4.42973804 -0.33439922
 -0.82322264  0.0461898 ]"
1747093058.42959,"[ 0.         -0.02898425  0.50352533  3.06855546 -2.23844282 -0.00409168
  0.96007417  1.5709191 ]","[ 0.00000000e+00  2.90624878e-01 -5.83322980e-05  1.86907453e-01
 -1.08186012e-05  1.58969375e-05  0.00000000e+00  0.00000000e+00]","[ 0.          1.57953095 10.46907616  1.29794025 -4.39723015 -0.34301269
 -0.80783665  0.05596645]"
1747093058.4313624,"[ 0.         -0.02841273  0.50352533  3.06894055 -2.23844282 -0.00409168
  0.96007417  1.5709191 ]","[ 0.00000000e+00  2.89544500e-01 -5.82887721e-05  1.88400488e-01
  0.00000000e+00  1.58969375e-05  0.00000000e+00  0.00000000e+00]","[ 0.          1.61204088 10.40545368  1.29869914 -4.3421936  -0.34449559
 -0.77265513  0.06201582]"
1747093058.432535,"[ 0.         -0.028107    0.50352533  3.06912751 -2.23844282 -0.00409168
  0.96007417  1.5709191 ]","[ 0.00000000e+00  2.87882188e-01 -5.82887721e-05  1.89608431e-01
  0.00000000e+00  1.59091264e-05  0.00000000e+00  0.00000000e+00]","[ 0.          1.65947485 10.39270687  1.29256117 -4.28998613 -0.3437784
 -0.77693421  0.04914842]"
1747093058.4343429,"[ 0.         -0.02754241  0.50352533  3.06950142 -2.23844229 -0.00409168
  0.96007417  1.5709191 ]","[ 0.00000000e+00  2.85222922e-01 -5.82007654e-05  1.90148620e-01
  1.00017322e-05  1.58969375e-05  0.00000000e+00  0.00000000e+00]","[ 0.          1.67587709 10.33146381  1.27586997 -4.1987319  -0.35698837
 -0.76374865  0.04885651]"
1747093058.4360158,"[ 0.         -0.02726278  0.50352533  3.06970275 -2.23844229 -0.00409168
  0.96007417  1.5709191 ]","[ 0.00000000e+00  2.83602355e-01 -5.82007654e-05  1.89580950e-01
  1.00160261e-05  1.58969375e-05  0.00000000e+00  0.00000000e+00]","[ 0.          1.66707611 10.31850624  1.29131544 -4.17092752 -0.35449153
 -0.76374865  0.05176941]"
1747093058.4372637,"[ 0.         -0.02668328  0.50352533  3.07007426 -2.23844229 -0.00409168
  0.96007417  1.5709191 ]","[ 0.00000000e+00  2.83315000e-01 -5.82453112e-05  1.86987897e-01
  9.79247393e-06  1.58967790e-05  0.00000000e+00  0.00000000e+00]","[ 0.          1.67359138 10.29581356  1.29122663 -4.07416916 -0.35095283
 -0.7603628   0.05677131]"
1747093058.439045,"[ 0.         -0.02640791  0.50352533  3.07025749 -2.23844229 -0.00409168
  0.96007417  1.5709191 ]","[ 0.00000000e+00  2.79280777e-01 -5.82447383e-05  1.85827058e-01
  9.61794577e-06  1.58969375e-05  0.00000000e+00  0.00000000e+00]","[ 0.          1.67921638 10.30194187  1.24430609 -4.04835272 -0.34737182
 -0.75483972  0.06358204]"
1747093058.4402833,"[ 0.         -0.02583746  0.50352533  3.07063353 -2.23844229 -0.00409168
  0.96007417  1.5709191 ]","[ 0.00000000e+00  2.78352998e-01 -5.82007654e-05  1.82855986e-01
  9.60493799e-06  1.58969375e-05  0.00000000e+00  0.00000000e+00]","[ 0.          1.71096349 10.30409813  1.23655891 -4.03445148 -0.35880822
 -0.73900288  0.05484344]"
1747093058.4419947,"[ 0.         -0.02556475  0.50352533  3.07081462 -2.23844229 -0.00409168
  0.96007417  1.5709191 ]","[ 0.00000000e+00  2.76579815e-01 -5.82447383e-05  1.83666286e-01
  9.43714027e-06  1.58969375e-05  0.00000000e+00  0.00000000e+00]","[ 0.          1.70554447 10.29739285  1.25876522 -4.01985741 -0.3551667
 -0.72417569  0.04945731]"
1747093058.4431767,"[ 0.         -0.02502466  0.50352533  3.07119385 -2.23844229 -0.00409168
  0.96007417  1.5709191 ]","[ 0.00000000e+00  2.73878837e-01 -5.82007654e-05  1.84893021e-01
  9.27478278e-06  1.58970960e-05  0.00000000e+00  0.00000000e+00]","[ 0.          1.7485677  10.29347992  1.2481302  -4.03031015 -0.35206416
 -0.73926681  0.03482638]"
1747093058.4449856,"[ 0.         -0.02475248  0.50352533  3.07137575 -2.23844229 -0.00409168
  0.96007417  1.5709191 ]","[ 0.00000000e+00  2.76039626e-01 -5.82007654e-05  1.84476569e-01
  9.27478278e-06  1.58969375e-05  0.00000000e+00  0.00000000e+00]","[ 0.          1.75165117 10.29484177  1.22937727 -4.04657221 -0.35054046
 -0.74752831  0.03116482]"
1747093058.4460676,"[ 0.         -0.0241847   0.50352533  3.07174992 -2.23844229 -0.00409168
  0.96007417  1.5709191 ]","[ 0.00000000e+00  2.78200399e-01 -5.82007654e-05  1.82559443e-01
  9.11838464e-06  5.29103081e-06  0.00000000e+00  0.00000000e+00]","[ 0.          1.75273752 10.28389645  1.21596622 -4.07152843 -0.34453675
 -0.75220418  0.03301311]"
1747093058.447726,"[ 0.         -0.02362916  0.50352533  3.07211211 -2.23844229 -0.00409168
  0.96007417  1.5709191 ]","[ 0.00000000e+00  2.82775343e-01 -5.55552731e-05  1.84206475e-01
  8.95556491e-06  5.29103081e-06  0.00000000e+00  0.00000000e+00]","[ 0.          1.79139841 10.29911423  1.20575166 -4.10186195 -0.35142818
 -0.75248945  0.05795236]"
1747093058.4495132,"[ 0.         -0.02332716  0.50352533  3.07229321 -2.23844229 -0.00409168
  0.96007417  1.5709191 ]","[ 0.00000000e+00  2.84371442e-01 -5.55977993e-05  1.83480198e-01
  8.80937164e-06  5.29097849e-06  0.00000000e+00  0.00000000e+00]","[ 0.          1.7506212  10.32122135  1.21251142 -4.12434292 -0.3514342
 -0.76291353  0.06249556]"
1747093058.4506288,"[ 0.         -0.02276736  0.50352533  3.07266658 -2.23844229 -0.00409168
  0.96007417  1.5709191 ]","[ 0.00000000e+00  2.83602355e-01 -5.55552731e-05  1.81235403e-01
  0.00000000e+00  5.29097849e-06  0.00000000e+00  0.00000000e+00]","[ 0.          1.73590219 10.36164856  1.18735039 -4.18173933 -0.32290256
 -0.76967776  0.04370113]"
1747093058.4524422,"[ 0.         -0.0224872   0.50352533  3.07284501 -2.23844229 -0.00409168
  0.96007417  1.5709191 ]","[ 0.00000000e+00  2.84142544e-01 -5.02642966e-05  1.80965308e-01
  0.00000000e+00  5.29097849e-06  0.00000000e+00  0.00000000e+00]","[ 0.          1.7326566  10.38154125  1.13394094 -4.18173933 -0.31148082
 -0.77866727  0.0518932 ]"
1747093058.4536312,"[ 0.         -0.02190557  0.50352533  3.07320507 -2.23844229 -0.00409168
  0.96007417  1.5709191 ]","[ 0.00000000e+00  2.83602355e-01 -5.03022715e-05  1.83936381e-01
  0.00000000e+00  5.29097849e-06  0.00000000e+00  0.00000000e+00]","[ 0.          1.70274746 10.43071842  1.09919739 -4.23050117 -0.30555856
 -0.79846758  0.04289601]"
1747093058.4554176,"[ 0.         -0.02162487  0.50352533  3.07340295 -2.23844282 -0.00409168
  0.96007417  1.5709191 ]","[ 0.00000000e+00  2.84682733e-01 -5.03022715e-05  1.86145689e-01
 -8.26991603e-06  5.29097849e-06  0.00000000e+00  0.00000000e+00]","[ 0.          1.6930629  10.4471159   1.08317637 -4.23550224 -0.31494904
 -0.80595398  0.05829601]"
1747093058.4571688,"[ 0.         -0.02103737  0.50352533  3.07377872 -2.23844282 -0.00409168
  0.96007417  1.5709191 ]","[ 0.00000000e+00  2.86843522e-01 -4.50072964e-05  1.90958920e-01
 -8.13563996e-06  5.29103081e-06  0.00000000e+00  0.00000000e+00]","[ 0.          1.64870679 10.44486046  1.05435693 -4.29065275 -0.32226324
 -0.78919446  0.04187444]"
1747093058.4583175,"[ 0.         -0.02075348  0.5035258   3.0739678  -2.23844282 -0.00409168
  0.96007417  1.5709191 ]","[ 0.00000000e+00  2.87923900e-01 -3.70648338e-05  1.91769203e-01
 -8.13576441e-06  5.29103081e-06  0.00000000e+00  0.00000000e+00]","[ 0.          1.62070715 10.44433212  1.03161907 -4.33510256 -0.30693316
 -0.79289055  0.04469716]"
1747093058.4600747,"[ 0.         -0.02018516  0.5035258   3.07436834 -2.23844282 -0.00409168
  0.96007417  1.5709191 ]","[ 0.00000000e+00  2.87923900e-01 -3.70648338e-05  1.97171159e-01
 -8.01505132e-06  5.29103081e-06  0.00000000e+00  0.00000000e+00]","[ 0.          1.55319488 10.44334888  0.97978592 -4.3904891  -0.31248826
 -0.80208457  0.04198749]"
1747093058.4612806,"[ 0.         -0.01983469  0.5035258   3.07456249 -2.23844282 -0.00409168
  0.96007417  1.5709191 ]","[ 0.00000000e+00  2.88691922e-01 -3.17698567e-05  1.96901065e-01
 -7.89786803e-06  5.29097849e-06  0.00000000e+00  0.00000000e+00]","[ 0.          1.53297472 10.43391895  0.96132702 -4.41037035 -0.3088381
 -0.79813725  0.06070452]"
1747093058.4629898,"[ 0.         -0.01926318  0.5035258   3.07494785 -2.23844282 -0.00409168
  0.96007417  1.5709191 ]","[ 0.00000000e+00  2.90186255e-01 -2.64748795e-05  1.94740276e-01
 -7.78406163e-06  5.29097849e-06 -1.05979587e-05  0.00000000e+00]","[ 0.          1.47814107 10.45175934  0.93538505 -4.43480253 -0.27809626
 -0.80682939  0.06362228]"
1747093058.4655774,"[ 0.         -0.01901923  0.5035258   3.07515158 -2.23844282 -0.00409168
  0.96007417  1.5709191 ]","[ 0.00000000e+00  2.92500675e-01 -2.38273920e-05  1.91837880e-01
 -7.77542585e-06  5.29502843e-06 -1.05979587e-05  0.00000000e+00]","[ 0.          1.38857162 10.44779587  0.92907971 -4.44234037 -0.27370077
 -0.80032969  0.0663302 ]"
1747093058.4661784,"[ 0.         -0.01837102  0.5035258   3.07552362 -2.23844282 -0.00409168
  0.96007417  1.5709191 ]","[ 0.00000000e+00  2.95486645e-01 -1.32374398e-05  1.88257942e-01
 -7.77531206e-06  5.29097849e-06 -1.06059783e-05  0.00000000e+00]","[ 0.          1.28714252 10.43361092  0.89685321 -4.43114758 -0.281744
 -0.80490637  0.06603745]"
1747093058.4678853,"[ 0.         -0.01778779  0.5035258   3.0759167  -2.23844282 -0.00409062
  0.96007417  1.5709191 ]","[ 0.00000000e+00  2.95486645e-01 -5.29502843e-06  1.85039329e-01
 -7.67326794e-06  1.58729355e-05 -1.05979587e-05  0.00000000e+00]","[ 0.          1.22990263 10.41161537  0.84611243 -4.397789   -0.2606456
 -0.80436397  0.05930986]"
1747093058.4695954,"[ 0.         -0.01747513  0.5035258   3.07611218 -2.23844282 -0.00409062
  0.96007417  1.5709191 ]","[ 0.00000000e+00  2.94125237e-01 -5.29097849e-06  1.84064046e-01
 -7.55774719e-06  1.58729355e-05 -1.05979587e-05  0.00000000e+00]","[ 0.          1.24756992 10.38809776  0.84713298 -4.35968447 -0.24523315
 -0.80730224  0.07823928]"
1747093058.4708183,"[ 0.         -0.0168935   0.5035258   3.07644934 -2.23844282 -0.00409062
  0.96007417  1.5709191 ]","[ 0.00000000e+00  2.95486645e-01  5.29497611e-06  1.85827058e-01
 -1.11802011e-05  1.05820616e-05 -1.05979587e-05  0.00000000e+00]","[ 0.          1.15468669 10.35199928  0.83630681 -4.35237122 -0.24994837
 -0.80761957  0.08268008]"
1747093058.472543,"[ 0.         -0.01664795  0.5035258   3.07663336 -2.23844282 -0.00409062
  0.96007417  1.5709191 ]","[ 0.00000000e+00  2.94416620e-01  5.29497611e-06  1.86637359e-01
 -1.11802011e-05  1.05818513e-05 -1.05979587e-05  0.00000000e+00]","[ 0.          1.08175075 10.33546352  0.83136111 -4.3355937  -0.24889348
 -0.80050814  0.09365658]"
1747093058.4743774,"[ 0.         -0.01599761  0.5035258   3.07701446 -2.23844282 -0.00409062
  0.96007417  1.5709191 ]","[ 0.00000000e+00  2.96026833e-01  1.05819570e-05  1.85819435e-01
 -1.10164822e-05  1.05820616e-05 -1.06058726e-05  0.00000000e+00]","[ 0.          0.949256   10.29969406  0.80069399 -4.2922349  -0.2432438
 -0.76698178  0.07720568]"
1747093058.4755435,"[ 0.         -0.01570626  0.5035258   3.07719742 -2.23844282 -0.00409062
  0.96007417  1.5709191 ]","[ 0.00000000e+00  2.95187239e-01  1.05900569e-05  1.85556964e-01
 -1.08685660e-05  1.05819570e-05 -1.05979587e-05  0.00000000e+00]","[ 0.          0.95447814 10.25174332  0.79326737 -4.26278162 -0.23841098
 -0.76170152  0.07874195]"
1747093058.4772587,"[ 0.         -0.01510119  0.50352533  3.07758997 -2.23844282 -0.00409062
  0.96007417  1.5709191 ]","[ 0.00000000e+00  2.94402172e-01  5.29097849e-06  1.84476569e-01
 -1.07248577e-05  1.05739739e-05 -1.05979587e-05  0.00000000e+00]","[ 0.          0.90627897 10.1967411   0.78288251 -4.25578308 -0.24790563
 -0.76987374  0.07493162]"
1747093058.4790082,"[ 0.         -0.01481144  0.50352533  3.07778411 -2.23844282 -0.00409062
  0.96007417  1.5709191 ]","[ 0.00000000e+00  2.93866044e-01  5.29497611e-06  1.82810213e-01
 -1.07247144e-05  1.05820616e-05 -1.06059783e-05  0.00000000e+00]","[ 0.          0.84522957 10.19141483  0.78646368 -4.24413013 -0.25966582
 -0.75853693  0.07073829]"
1747093058.480228,"[ 0.         -0.01423033  0.50352533  3.07814284 -2.23844282 -0.00409062
  0.96007417  1.5709191 ]","[ 0.00000000e+00  2.94406233e-01  5.29497611e-06  1.81775608e-01
 -1.05741141e-05  1.05819570e-05 -1.05979587e-05  0.00000000e+00]","[ 0.          0.81790578 10.11571789  0.80022198 -4.23199749 -0.25032246
 -0.74293035  0.06272484]"
1747093058.4819648,"[ 0.         -0.0136274   0.50352533  3.07851116 -2.23844282 -0.00409062
  0.96007417  1.5709191 ]","[ 0.00000000e+00  2.93568303e-01  5.29497611e-06  1.80132904e-01
 -1.05741141e-05  1.05819570e-05 -1.06059783e-05  0.00000000e+00]","[ 0.          0.76738566 10.07693958  0.82654017 -4.19650793 -0.25663406
 -0.75172299  0.08648929]"
1747093058.4836814,"[ 0.         -0.01333764  0.50352533  3.07869012 -2.23844282 -0.00409062
  0.96007417  1.5709191 ]","[ 0.00000000e+00  2.93866044e-01  5.29497611e-06  1.81505497e-01
 -1.04379022e-05  1.05819570e-05 -1.05979587e-05  0.00000000e+00]","[ 0.          0.78737479 10.05890751  0.82261318 -4.18919039 -0.26020935
 -0.74284011  0.09650774]"
1747093058.4854736,"[ 0.         -0.01304789  0.50352533  3.07905471 -2.23844282 -0.00409062
  0.96007417  1.5709191 ]","[ 0.00000000e+00  2.93866044e-01  1.05819570e-05  1.84746681e-01
 -6.95851055e-06  1.05739739e-05 -1.05978530e-05  0.00000000e+00]","[ 0.          0.73625851 10.03864956  0.82777959 -4.17110157 -0.24918209
 -0.75170583  0.09665924]"
1747093058.4867108,"[ 0.         -0.01245028  0.50352533  3.07943314 -2.23844282 -0.00409062
  0.96007417  1.5709191 ]","[ 0.00000000e+00  2.91392966e-01  1.05900569e-05  1.83936381e-01
 -6.87001467e-06  1.05819570e-05 -1.06060839e-05  0.00000000e+00]","[ 0.          0.7595576  10.03466511  0.87026381 -4.17817402 -0.25186473
 -0.74633461  0.07715377]"
1747093058.4884613,"[ 0.         -0.01216372  0.50352533  3.07961317 -2.23844282 -0.00409062
  0.96007417  1.5709191 ]","[ 0.00000000e+00  2.90624878e-01  1.05899522e-05  1.82400902e-01
 -6.87675527e-06  1.05819570e-05 -1.05979587e-05  0.00000000e+00]","[ 0.          0.82897383 10.02812767  0.88960421 -4.16980791 -0.25409561
 -0.74058419  0.07500602]"
1747093058.4907982,"[ 0.         -0.01159434  0.50352533  3.07979267 -2.23844282 -0.00409062
  0.96007417  1.5709191 ]","[ 0.00000000e+00  2.87383711e-01  1.05819570e-05  1.82045703e-01
 -6.78374111e-06  1.05820616e-05 -1.06059783e-05  0.00000000e+00]","[ 0.          0.80085188 10.00891209  0.89808261 -4.16923475 -0.25098932
 -0.72510564  0.07070521]"
1747093058.4924831,"[ 0.         -0.01100258  0.50352533  3.08016045 -2.23844282 -0.00409062
  0.96007417  1.5709191 ]","[ 0.00000000e+00  2.89544500e-01  1.05899522e-05  1.78264330e-01
 -6.69960757e-06  1.05819570e-05  0.00000000e+00  0.00000000e+00]","[ 0.          0.81005472  9.99984932  0.88356984 -4.17041016 -0.25209364
 -0.7161358   0.06719476]"
1747093058.493588,"[ 0.         -0.01041136  0.50352533  3.08050293 -2.23844282 -0.00409062
  0.96007417  1.5709191 ]","[ 0.00000000e+00  2.88885267e-01  1.05818513e-05  1.71241807e-01
 -6.61129304e-06  1.05819570e-05  0.00000000e+00  0.00000000e+00]","[ 0.          0.82402718 10.01018429  0.88744068 -4.18729353 -0.26364774
 -0.74971199  0.07265121]"
1747093058.49535,"[ 0.         -0.01012534  0.50352533  3.08068243 -2.23844282 -0.00409062
  0.96007417  1.5709191 ]","[ 0.00000000e+00  2.89790775e-01  1.05899522e-05  1.68858944e-01
 -6.53135777e-06  1.05819570e-05  0.00000000e+00  0.00000000e+00]","[ 0.          0.82558614 10.01683235  0.90210879 -4.19892263 -0.26379636
 -0.75069416  0.07262305]"
1747093058.4970539,"[ 0.         -0.00955915  0.50352533  3.08101133 -2.23844282 -0.00409062
  0.96007417  1.5709191 ]","[ 0.00000000e+00  2.86843522e-01  1.05899522e-05  1.66650135e-01
 -6.45333192e-06  1.05900569e-05  0.00000000e+00  0.00000000e+00]","[ 0.          0.88284242 10.05132294  0.95940661 -4.21739721 -0.27114183
 -0.74520934  0.0749887 ]"
1747093058.4987435,"[ 0.         -0.00925555  0.50352533  3.08117751 -2.23844282 -0.00409062
  0.96007417  1.5709191 ]","[ 0.00000000e+00  2.85876029e-01  1.05819570e-05  1.68540829e-01
 -6.45325369e-06  1.05819570e-05  0.00000000e+00  0.00000000e+00]","[ 0.          0.91074765 10.05121803  0.97018319 -4.21700048 -0.25930619
 -0.75477153  0.0651409 ]"
1747093058.5004718,"[ 0.         -0.00869149  0.50352533  3.08152426 -2.23844282 -0.00409062
  0.96007417  1.5709191 ]","[ 0.00000000e+00  2.86303333e-01  1.05899522e-05  1.70431507e-01
 -6.37135111e-06  1.05819570e-05  0.00000000e+00  0.00000000e+00]","[ 0.          0.96722621 10.08265495  1.01598001 -4.21168375 -0.25775638
 -0.76537645  0.06275034]"
1747093058.501685,"[ 0.         -0.00812797  0.50352533  3.08186088 -2.23844282 -0.00409062
  0.96007417  1.5709191 ]","[0.00000000e+00 2.85763144e-01 5.29097849e-06 1.71511902e-01
 0.00000000e+00 1.05819570e-05 0.00000000e+00 0.00000000e+00]","[ 0.          0.99062264 10.09346104  1.04496062 -4.21944189 -0.26375017
 -0.74740463  0.08748421]"
1747093058.5034018,"[ 0.         -0.00782437  0.50352533  3.08204357 -2.23844282 -0.00409062
  0.96007417  1.5709191 ]","[0.00000000e+00 2.85876029e-01 5.29097849e-06 1.71865337e-01
 0.00000000e+00 1.05820616e-05 0.00000000e+00 0.00000000e+00]","[ 0.          1.00944781 10.11392403  1.05141962 -4.20824289 -0.28017774
 -0.74312872  0.07722484]"
1747093058.5051882,"[ 0.         -0.00726297  0.50352533  3.08238659 -2.23844282 -0.00409062
  0.96007417  1.5709191 ]","[0.00000000e+00 2.84142544e-01 5.29497611e-06 1.74212880e-01
 0.00000000e+00 1.05819570e-05 0.00000000e+00 0.00000000e+00]","[ 0.          1.11214924 10.1896553   1.08566654 -4.16630363 -0.2916491
 -0.74645889  0.07088706]"
1747093058.5063076,"[ 0.         -0.00698441  0.50352533  3.08257301 -2.23844282 -0.00409062
  0.96007417  1.5709191 ]","[0.00000000e+00 2.82521944e-01 5.29502843e-06 1.75537919e-01
 0.00000000e+00 1.05819570e-05 0.00000000e+00 0.00000000e+00]","[ 0.          1.12002039 10.19494343  1.09734941 -4.14350605 -0.30130643
 -0.74663746  0.06518124]"
1747093058.5080311,"[ 0.         -0.0064049   0.50352533  3.08291549 -2.23844229 -0.00409062
  0.96007417  1.5709191 ]","[0.00000000e+00 2.81696064e-01 5.29497611e-06 1.73308254e-01
 5.94004781e-06 1.05820616e-05 0.00000000e+00 0.00000000e+00]","[ 0.          1.1688174  10.25584507  1.09466994 -4.13441277 -0.29240566
 -0.7333321   0.07046551]"
1747093058.5097737,"[ 0.         -0.0061258   0.50352533  3.0830846  -2.23844229 -0.00409062
  0.96007417  1.5709191 ]","[0.00000000e+00 2.83062166e-01 5.29497611e-06 1.71338114e-01
 5.87544067e-06 1.05820616e-05 0.00000000e+00 0.00000000e+00]","[ 0.          1.19160485 10.30027676  1.10235286 -4.11815071 -0.28498361
 -0.73117501  0.08152979]"
1747093058.5109625,"[ 0.         -0.0055431   0.5035258   3.08343641 -2.23844229 -0.00409062
  0.96007417  1.5709191 ]","[0.00000000e+00 2.84682733e-01 1.05819570e-05 1.71511902e-01
 5.81704840e-06 1.05820616e-05 0.00000000e+00 0.00000000e+00]","[ 0.          1.20880461 10.32666302  1.07690597 -4.06672382 -0.26954195
 -0.74234092  0.06002557]"
1747093058.51272,"[ 0.         -0.00526187  0.5035258   3.08360445 -2.23844229 -0.00409062
  0.96007417  1.5709191 ]","[0.00000000e+00 2.85222922e-01 1.05899522e-05 1.70431507e-01
 5.81704840e-06 1.05819570e-05 0.00000000e+00 0.00000000e+00]","[ 0.          1.19606078 10.33163452  1.06823516 -4.04841137 -0.27299914
 -0.75009775  0.06127433]"
1747093058.514388,"[ 0.         -0.00467758  0.5035258   3.08394001 -2.23844229 -0.00409062
  0.96007417  1.5709191 ]","[0.00000000e+00 2.84604968e-01 5.29097849e-06 1.69719178e-01
 5.75029108e-06 1.05819570e-05 0.00000000e+00 0.00000000e+00]","[ 0.          1.23268437 10.37269497  1.05260468 -4.02030802 -0.27364016
 -0.73431379  0.06048859]"
1747093058.5156622,"[ 0.         -0.00439901  0.5035258   3.0841219  -2.23844229 -0.00409062
  0.96007417  1.5709191 ]","[0.00000000e+00 2.82521944e-01 5.29097849e-06 1.71274864e-01
 5.68972475e-06 1.05819570e-05 0.00000000e+00 0.00000000e+00]","[ 0.          1.25377846 10.41210556  1.05069757 -4.00405025 -0.27419174
 -0.72536689  0.07539113]"
1747093058.5176988,"[ 0.         -0.00384401  0.5035258   3.08445853 -2.23844229 -0.00409062
  0.96007417  1.5709191 ]","[0.00000000e+00 2.80361188e-01 5.29497611e-06 1.70971696e-01
 5.62590139e-06 1.05899522e-05 0.00000000e+00 0.00000000e+00]","[ 0.          1.31785071 10.45510387  1.08957195 -3.98465705 -0.27587536
 -0.72373366  0.07369684]"
1747093058.5219991,"[ 0.00000000e+00 -2.71589168e-03  5.03525798e-01  3.08513524e+00
 -2.23844202e+00 -4.09061543e-03  9.60074167e-01  1.57091910e+00]","[0.00000000e+00 2.80361188e-01 5.29497611e-06 1.65132166e-01
 8.26666459e-06 1.05900569e-05 0.00000000e+00 0.00000000e+00]","[ 0.          1.41125679 10.4865799   1.15238166 -3.94700623 -0.30241156
 -0.74183351  0.05651762]"
1747093058.526349,"[ 0.00000000e+00 -1.59257033e-03  5.03526264e-01  3.08579250e+00
 -2.23844202e+00 -4.09061543e-03  9.60074167e-01  1.57091910e+00]","[0.00000000e+00 2.77378880e-01 1.05899522e-05 1.61084811e-01
 8.18309540e-06 1.05899522e-05 0.00000000e+00 0.00000000e+00]","[ 0.          1.47150576 10.53990459  1.20449674 -3.99756885 -0.29000294
 -0.73056525  0.063213  ]"
1747093058.5301313,"[ 0.00000000e+00 -1.98139185e-04  5.03526264e-01  3.08659092e+00
 -2.23844229e+00 -4.09061543e-03  9.60074167e-01  1.57091910e+00]","[0.00000000e+00 2.78470493e-01 1.05819570e-05 1.60978101e-01
 5.34331387e-06 1.05819570e-05 0.00000000e+00 0.00000000e+00]","[ 0.          1.58649313 10.60835934  1.26311052 -3.99095201 -0.30684832
 -0.76504087  0.07288849]"
1747093058.5335903,"[ 0.00000000e+00  6.44189214e-04  5.03526264e-01  3.08709825e+00
 -2.23844202e+00 -4.09061543e-03  9.60074167e-01  1.57091910e+00]","[0.00000000e+00 2.74950460e-01 1.05899522e-05 1.69351113e-01
 7.93646773e-06 1.05819570e-05 0.00000000e+00 0.00000000e+00]","[ 0.          1.67222619 10.62763214  1.33481252 -4.03459167 -0.32685196
 -0.77941167  0.06099012]"
1747093058.5365608,"[ 0.00000000e+00  1.47440426e-03  5.03526264e-01  3.08760212e+00
 -2.23844229e+00 -4.09061543e-03  9.60074167e-01  1.57091910e+00]","[0.00000000e+00 2.72528348e-01 1.06059783e-05 1.71511902e-01
 0.00000000e+00 1.05819570e-05 0.00000000e+00 0.00000000e+00]","[ 0.          1.68086934 10.61871719  1.32483923 -4.07736826 -0.33723599
 -0.77539951  0.0718433 ]"
1747093058.5388691,"[ 0.00000000e+00  2.00981954e-03  5.03526264e-01  3.08796032e+00
 -2.23844229e+00 -4.09061543e-03  9.60074167e-01  1.57091910e+00]","[0.00000000e+00 2.71177859e-01 1.06058726e-05 1.75385486e-01
 0.00000000e+00 1.05900569e-05 0.00000000e+00 0.00000000e+00]","[ 0.          1.71344471 10.60555267  1.32317626 -4.11868095 -0.32348138
 -0.75194526  0.06736234]"
1747093058.5405986,"[ 0.00000000e+00  2.56727585e-03  5.03526697e-01  3.08830280e+00
 -2.23844229e+00 -4.09061543e-03  9.60074167e-01  1.57091910e+00]","[0.00000000e+00 2.72252228e-01 1.32574726e-05 1.72687238e-01
 0.00000000e+00 1.05820616e-05 0.00000000e+00 0.00000000e+00]","[ 0.          1.74091768 10.59950256  1.31682289 -4.12876606 -0.33767322
 -0.76505286  0.06660626]"
1747093058.542341,"[ 0.          0.00310223  0.5035267   3.08865088 -2.23844229 -0.00409062
  0.96007417  1.5709191 ]","[0.00000000e+00 2.71177859e-01 1.32574726e-05 1.69621207e-01
 0.00000000e+00 1.05899522e-05 0.00000000e+00 0.00000000e+00]","[ 0.          1.76135468 10.57696438  1.33662927 -4.12086248 -0.35326135
 -0.77579093  0.06452157]"
1747093058.544723,"[ 0.          0.00365647  0.5035267   3.08899442 -2.23844229 -0.00409062
  0.96007417  1.5709191 ]","[0.00000000e+00 2.70363465e-01 1.32576047e-05 1.67764102e-01
 0.00000000e+00 1.05819570e-05 0.00000000e+00 0.00000000e+00]","[ 0.          1.80399001 10.54656315  1.36576807 -4.09274244 -0.35422054
 -0.76863021  0.06528798]"
1747093058.5464485,"[ 0.          0.00420567  0.5035267   3.08932679 -2.23844229 -0.00409062
  0.96007417  1.5709191 ]","[0.00000000e+00 2.67319172e-01 1.32574726e-05 1.68540829e-01
 0.00000000e+00 1.06059783e-05 0.00000000e+00 0.00000000e+00]","[ 0.          1.85685611 10.54102039  1.39642751 -4.09573984 -0.35608482
 -0.74758434  0.07474661]"
1747093058.5482545,"[ 0.          0.00473373  0.5035267   3.08967113 -2.23844229 -0.00409062
  0.96007417  1.5709191 ]","[0.00000000e+00 2.67666598e-01 1.32574726e-05 1.68014872e-01
 0.00000000e+00 1.05819570e-05 0.00000000e+00 0.00000000e+00]","[ 0.          1.88295364 10.53499031  1.44156873 -4.0932951  -0.37429109
 -0.75161725  0.08218613]"
1747093058.549988,"[ 0.          0.00499593  0.5035267   3.08983731 -2.23844229 -0.00409062
  0.96007417  1.5709191 ]","[0.00000000e+00 2.66046015e-01 1.32574726e-05 1.68540829e-01
 0.00000000e+00 1.06058726e-05 0.00000000e+00 0.00000000e+00]","[ 0.          1.90773523 10.52462578  1.4496671  -4.09038401 -0.369479
 -0.75269693  0.08089519]"
1747093058.5511343,"[ 0.          0.00554053  0.5035267   3.09017074 -2.23844202 -0.00409062
  0.96007417  1.5709191 ]","[0.00000000e+00 2.65814569e-01 1.32474486e-05 1.69351113e-01
 2.64951608e-06 1.05979587e-05 0.00000000e+00 0.00000000e+00]","[ 0.          1.96071184 10.47337818  1.45379615 -4.09708977 -0.36461335
 -0.7434563   0.06851456]"
1747093058.5530221,"[ 0.          0.00605987  0.5035267   3.09051988 -2.23844202 -0.00409062
  0.96007417  1.5709191 ]","[0.00000000e+00 2.62808393e-01 1.32574726e-05 1.70773324e-01
 2.65149457e-06 1.06059783e-05 0.00000000e+00 0.00000000e+00]","[ 0.          2.02790713 10.43046856  1.47797346 -4.06793594 -0.36196813
 -0.73980606  0.0572507 ]"
1747093058.5560868,"[ 0.          0.00659713  0.5035267   3.09085224 -2.23844202 -0.00409062
  0.96007417  1.5709191 ]","[0.00000000e+00 2.61724453e-01 1.32475806e-05 1.68540829e-01
 7.94846874e-06 1.05979587e-05 0.00000000e+00 0.00000000e+00]","[ 0.          2.01754069 10.40716362  1.48164105 -4.08040953 -0.36415815
 -0.76391888  0.05751563]"
1747093058.5576622,"[ 0.          0.00711739  0.50352626  3.09119393 -2.23844202 -0.00409062
  0.96007417  1.5709191 ]","[0.00000000e+00 2.64425431e-01 1.06059783e-05 1.67011792e-01
 7.95448397e-06 1.06059783e-05 0.00000000e+00 0.00000000e+00]","[ 0.          2.00488186 10.38677597  1.50885284 -4.07133913 -0.36816689
 -0.76857412  0.06269675]"
1747093058.5594351,"[ 0.          0.00766199  0.5035267   3.09152682 -2.23844202 -0.00409062
  0.96007417  1.5709191 ]","[0.00000000e+00 2.66046281e-01 7.95448397e-06 1.69621207e-01
 7.95448397e-06 1.05979587e-05 0.00000000e+00 0.00000000e+00]","[ 0.          2.03786397 10.37354374  1.51983178 -4.06514788 -0.37779292
 -0.7494657   0.07217167]"
1747093058.5608394,"[ 0.          0.00792648  0.5035267   3.09169434 -2.23844202 -0.00409062
  0.96007417  1.5709191 ]","[0.00000000e+00 2.68206787e-01 7.94846874e-06 1.69891318e-01
 7.95448397e-06 1.05978530e-05 0.00000000e+00 0.00000000e+00]","[ 0.          2.03585267 10.34838295  1.49993455 -4.06373501 -0.39256713
 -0.75213921  0.05859656]"
1747093058.5623116,"[ 0.          0.00845684  0.50352626  3.09204987 -2.23844202 -0.00409062
  0.96007417  1.5709191 ]","[0.00000000e+00 2.68746993e-01 5.30298914e-06 1.75287149e-01
 7.95448397e-06 1.06059783e-05 0.00000000e+00 0.00000000e+00]","[ 0.          2.01375461 10.29997253  1.46438408 -4.09379101 -0.36895394
 -0.74857527  0.06018865]"
1747093058.5635226,"[ 0.          0.00874016  0.50352626  3.0922243  -2.23844202 -0.00409062
  0.96007417  1.5709191 ]","[0.00000000e+00 2.66817649e-01 5.30304197e-06 1.76913841e-01
 7.95440473e-06 1.05979587e-05 0.00000000e+00 0.00000000e+00]","[ 0.          1.98932672 10.28698158  1.4438926  -4.09447527 -0.36178619
 -0.74650323  0.0555862 ]"
1747093058.5652416,"[ 0.          0.00926594  0.50352626  3.09259209 -2.23844202 -0.00409062
  0.96007417  1.5709191 ]","[0.00000000e+00 2.66316109e-01 5.30298914e-06 1.79550221e-01
 7.95448397e-06 1.05979587e-05 0.00000000e+00 0.00000000e+00]","[ 0.          1.95782566 10.25424862  1.36519325 -4.12743282 -0.35810658
 -0.73262727  0.0503562 ]"
1747093058.5663588,"[ 0.          0.00954696  0.50352626  3.09276892 -2.23844202 -0.00409062
  0.96007417  1.5709191 ]","[0.00000000e+00 2.64560720e-01 5.30298914e-06 1.79344725e-01
 7.95448397e-06 1.06059783e-05 0.00000000e+00 0.00000000e+00]","[ 0.          1.94581378 10.23593807  1.32718539 -4.15555382 -0.35810658
 -0.73594356  0.05450724]"
1747093058.568127,"[ 0.          0.01007181  0.50352626  3.09311966 -2.23844202 -0.00409062
  0.96007417  1.5709191 ]","[0.00000000e+00 2.66316109e-01 5.29892650e-06 1.77724141e-01
 7.95456321e-06 0.00000000e+00 0.00000000e+00 0.00000000e+00]","[ 0.          1.89902008 10.17019463  1.28542292 -4.21728802 -0.34994164
 -0.75298834  0.06141814]"
1747093058.5698664,"[ 0.          0.01033447  0.50352626  3.0932933  -2.23844229 -0.00409062
  0.96007417  1.5709191 ]","[0.00000000e+00 2.66316109e-01 5.30304197e-06 1.75925126e-01
 5.30298914e-06 0.00000000e+00 0.00000000e+00 0.00000000e+00]","[ 0.          1.8837415  10.16696358  1.24341345 -4.23447704 -0.3442516
 -0.75764054  0.05813934]"
1747093058.5710576,"[ 0.          0.01088137  0.50352626  3.09364404 -2.23844229 -0.00409062
  0.96007417  1.5709191 ]","[0.00000000e+00 2.67067703e-01 5.29897933e-06 1.69179539e-01
 5.30298914e-06 0.00000000e+00 0.00000000e+00 0.00000000e+00]","[ 0.          1.83191133 10.16188908  1.20987749 -4.27191782 -0.35063809
 -0.74580318  0.05670295]"
1747093058.5728219,"[ 0.          0.0111431   0.50352626  3.09380889 -2.23844229 -0.00409062
  0.96007417  1.5709191 ]","[0.00000000e+00 2.65505826e-01 5.29897933e-06 1.67190340e-01
 5.30298914e-06 0.00000000e+00 0.00000000e+00 0.00000000e+00]","[ 0.          1.83067179 10.13921452  1.19273937 -4.28465891 -0.35639411
 -0.7381165   0.0573888 ]"
1747093058.5740077,"[ 0.          0.01166704  0.50352626  3.09413033 -2.23844229 -0.00409062
  0.96007417  1.5709191 ]","[0.00000000e+00 2.66046015e-01 5.30298914e-06 1.62058479e-01
 5.30293632e-06 0.00000000e+00 0.00000000e+00 0.00000000e+00]","[ 0.          1.85590053 10.12504101  1.19221914 -4.28882408 -0.34705558
 -0.73639506  0.07785279]"
1747093058.575682,"[ 0.          0.01194898  0.50352626  3.09430264 -2.23844229 -0.00409062
  0.96007417  1.5709191 ]","[0.00000000e+00 2.65313978e-01 5.30293632e-06 1.62247197e-01
 5.30304197e-06 0.00000000e+00 0.00000000e+00 0.00000000e+00]","[ 0.          1.85965216 10.09502792  1.18297565 -4.29283857 -0.33114246
 -0.75446957  0.0782126 ]"
1747093058.5773633,"[ 0.          0.01247613  0.50352626  3.09462488 -2.23844229 -0.00409062
  0.96007417  1.5709191 ]","[0.00000000e+00 2.68746993e-01 1.06059783e-05 1.64219268e-01
 5.30293632e-06 0.00000000e+00 0.00000000e+00 0.00000000e+00]","[ 0.          1.81365144 10.05060196  1.17887127 -4.28798294 -0.31356618
 -0.77222902  0.07408837]"
1747093058.5789707,"[ 0.          0.01276313  0.50352626  3.09478893 -2.23844229 -0.00409062
  0.96007417  1.5709191 ]","[0.00000000e+00 2.70328394e-01 1.06059783e-05 1.66380040e-01
 5.30298914e-06 0.00000000e+00 0.00000000e+00 0.00000000e+00]","[ 0.          1.83834946 10.03844547  1.1664865  -4.28071642 -0.32518154
 -0.78615278  0.07322196]"
1747093058.5801625,"[ 0.          0.01329808  0.50352626  3.09512955 -2.23844229 -0.00409062
  0.96007417  1.5709191 ]","[0.00000000e+00 2.71988159e-01 1.05979587e-05 1.65941651e-01
 5.30700455e-06 0.00000000e+00 0.00000000e+00 0.00000000e+00]","[ 0.          1.80095458 10.00812054  1.12530899 -4.23966312 -0.33928397
 -0.76025969  0.05691445]"
1747093058.5821054,"[ 0.          0.01383579  0.5035258   3.09545871 -2.23844229 -0.00409062
  0.96007417  1.5709191 ]","[0.00000000e+00 2.71988159e-01 5.30298914e-06 1.67020947e-01
 5.30293632e-06 0.00000000e+00 0.00000000e+00 0.00000000e+00]","[ 0.          1.77770281  9.97595978  1.1420629  -4.18042946 -0.33472121
 -0.74043536  0.07303823]"
1747093058.5837884,"[ 0.          0.01412508  0.5035258   3.09563794 -2.23844202 -0.00409062
  0.96007417  1.5709191 ]","[0.00000000e+00 2.72078357e-01 5.30298914e-06 1.68767181e-01
 7.95440473e-06 0.00000000e+00 0.00000000e+00 0.00000000e+00]","[ 0.          1.70106769  9.94186592  1.14867866 -4.15158606 -0.33296928
 -0.73678482  0.09239617]"
1747093058.5855408,"[ 0.          0.01466509  0.5035258   3.09597404 -2.23844202 -0.00409062
  0.96007417  1.5709191 ]","[0.00000000e+00 2.74419043e-01 5.30298914e-06 1.70431507e-01
 7.95448397e-06 0.00000000e+00 0.00000000e+00 0.00000000e+00]","[ 0.          1.58943629  9.92639065  1.10071123 -4.11826372 -0.31908843
 -0.74844694  0.1025609 ]"
1747093058.5867472,"[ 0.          0.01493647  0.5035258   3.09614128 -2.23844202 -0.00409062
  0.96007417  1.5709191 ]","[0.00000000e+00 2.75229326e-01 5.30293632e-06 1.69621207e-01
 7.95448397e-06 0.00000000e+00 0.00000000e+00 0.00000000e+00]","[ 0.          1.62103689  9.91466427  1.08145618 -4.09915113 -0.31351912
 -0.76023036  0.08128037]"
1747093058.5884366,"[ 0.          0.01550449  0.5035258   3.09648456 -2.23844202 -0.00409062
  0.96007417  1.5709191 ]","[0.00000000e+00 2.77339532e-01 5.29897933e-06 1.68000624e-01
 7.95440473e-06 0.00000000e+00 0.00000000e+00 0.00000000e+00]","[ 0.          1.53764093  9.85749912  1.02856529 -4.02753878 -0.29877838
 -0.73632193  0.06913395]"
1747093058.5896661,"[ 0.          0.01578046  0.5035258   3.09665128 -2.23844202 -0.00409062
  0.96007417  1.5709191 ]","[0.00000000e+00 2.79820999e-01 5.30298914e-06 1.68909710e-01
 7.95448397e-06 0.00000000e+00 0.00000000e+00 0.00000000e+00]","[ 0.          1.42349696  9.84568405  1.03218305 -4.00531578 -0.29435313
 -0.74522889  0.06950895]"
1747093058.5914254,"[ 0.          0.01633608  0.5035258   3.0969903  -2.23844149 -0.00409062
  0.96007417  1.5709191 ]","[0.00000000e+00 2.81171488e-01 5.30298914e-06 1.72862391e-01
 1.32574726e-05 0.00000000e+00 0.00000000e+00 0.00000000e+00]","[ 0.          1.37460613  9.8135004   0.97424394 -3.92750597 -0.29605329
 -0.73820043  0.10119976]"
1747093058.5925617,"[ 0.          0.01663593  0.5035258   3.09717486 -2.23844149 -0.00409062
  0.96007417  1.5709191 ]","[0.00000000e+00 2.82365283e-01 5.29897933e-06 1.73782546e-01
 1.32574726e-05 0.00000000e+00 0.00000000e+00 0.00000000e+00]","[ 0.          1.36165845  9.83520031  0.91503459 -3.90843487 -0.30760968
 -0.73051375  0.10119976]"
1747093058.5943248,"[ 0.          0.01719844  0.5035258   3.09751973 -2.23844149 -0.00409062
  0.96007417  1.5709191 ]","[0.00000000e+00 2.85203780e-01 5.30298914e-06 1.75293258e-01
 1.32573405e-05 0.00000000e+00 0.00000000e+00 0.00000000e+00]","[ 0.          1.27743804  9.85625744  0.8771767  -3.85797381 -0.30062109
 -0.72883379  0.09774185]"
1747093058.5960152,"[ 0.          0.01748084  0.5035258   3.09769177 -2.23844149 -0.00409062
  0.96007417  1.5709191 ]","[0.00000000e+00 2.86303333e-01 5.30298914e-06 1.74306190e-01
 1.32573405e-05 0.00000000e+00 0.00000000e+00 0.00000000e+00]","[ 0.          1.17653239  9.87382221  0.87272239 -3.86034346 -0.29221293
 -0.71740252  0.08855219]"
1747093058.5971887,"[ 0.          0.01807228  0.5035258   3.09804784 -2.23844149 -0.00409062
  0.96007417  1.5709191 ]","[0.00000000e+00 2.89544500e-01 5.29897933e-06 1.73942769e-01
 1.32573405e-05 0.00000000e+00 0.00000000e+00 0.00000000e+00]","[ 0.          1.05704188  9.89394951  0.80918086 -3.87389922 -0.29295069
 -0.71932143  0.09342375]"
1747093058.5988739,"[ 0.          0.01864397  0.5035258   3.09838579 -2.23844149 -0.00409062
  0.96007417  1.5709191 ]","[0.00000000e+00 2.89544500e-01 5.29897933e-06 1.70604530e-01
 1.32574726e-05 0.00000000e+00 0.00000000e+00 0.00000000e+00]","[ 0.          1.00432205  9.96145821  0.82085997 -3.87912655 -0.28343937
 -0.73771507  0.0998863 ]"
1747093058.6005905,"[ 0.          0.01895163  0.5035258   3.09856289 -2.23844149 -0.00409062
  0.96007417  1.5709191 ]","[0.00000000e+00 2.89637577e-01 5.29903215e-06 1.66604145e-01
 1.32673788e-05 0.00000000e+00 0.00000000e+00 0.00000000e+00]","[ 0.          0.97740328 10.03047943  0.78949916 -3.88703156 -0.27294081
 -0.73617107  0.0962788 ]"
1747093058.6016984,"[ 0.          0.01952194  0.50352626  3.09888487 -2.23844149 -0.00409062
  0.96007417  1.5709191 ]","[0.00000000e+00 2.89274389e-01 1.06059783e-05 1.62598684e-01
 1.32574726e-05 0.00000000e+00 0.00000000e+00 0.00000000e+00]","[ 0.          0.91219145 10.11932182  0.77768999 -3.94108248 -0.27122915
 -0.75264025  0.08466213]"
1747093058.6033597,"[ 0.          0.01982822  0.50352626  3.09904413 -2.23844149 -0.00409062
  0.96007417  1.5709191 ]","[0.00000000e+00 2.88383728e-01 1.06059783e-05 1.61518290e-01
 1.32574726e-05 0.00000000e+00 0.00000000e+00 0.00000000e+00]","[ 0.          0.87009311 10.14955044  0.79496914 -3.94789338 -0.26804826
 -0.76030546  0.08062276]"
1747093058.6050565,"[ 0.          0.02039624  0.50352626  3.09937329 -2.23844149 -0.00409062
  0.96007417  1.5709191 ]","[0.00000000e+00 2.89274389e-01 1.05979587e-05 1.60437895e-01
 1.32675109e-05 0.00000000e+00 0.00000000e+00 0.00000000e+00]","[ 0.          0.83934462 10.23819351  0.80118072 -4.03224182 -0.28501052
 -0.76046383  0.07961027]"
1747093058.6068048,"[ 0.          0.02068185  0.50352626  3.09953149 -2.23844149 -0.00409062
  0.96007417  1.5709191 ]","[0.00000000e+00 2.89544500e-01 1.05978530e-05 1.60437895e-01
 1.32574726e-05 0.00000000e+00 0.00000000e+00 0.00000000e+00]","[ 0.          0.85610938 10.29464245  0.7901184  -4.06470728 -0.27625525
 -0.77494633  0.08266339]"
1747093058.6089685,"[ 0.          0.02127513  0.5035267   3.09986385 -2.23844149 -0.00409062
  0.96007417  1.5709191 ]","[0.00000000e+00 2.89365102e-01 1.32474486e-05 1.63949173e-01
 7.96050683e-06 0.00000000e+00 0.00000000e+00 0.00000000e+00]","[ 0.          0.82708126 10.40764904  0.77527392 -4.15582275 -0.26668978
 -0.80542272  0.10515348]"
1747093058.6100583,"[ 0.          0.0218459   0.5035267   3.10019115 -2.23844149 -0.00409062
  0.96007417  1.5709191 ]","[0.00000000e+00 2.88194011e-01 7.95448397e-06 1.67460435e-01
 7.95448397e-06 0.00000000e+00 0.00000000e+00 0.00000000e+00]","[ 0.          0.78731555 10.51542377  0.78126448 -4.21440506 -0.26566064
 -0.81408626  0.10278243]"
1747093058.6117523,"[ 0.          0.02243412  0.5035267   3.10053523 -2.23844149 -0.00409062
  0.96007417  1.5709191 ]","[0.00000000e+00 2.86628338e-01 7.94854798e-06 1.68608407e-01
 7.95448397e-06 0.00000000e+00 0.00000000e+00 0.00000000e+00]","[ 0.          0.75549322 10.64247513  0.78259027 -4.20358944 -0.26198319
 -0.81302524  0.07764722]"
1747093058.6134202,"[ 0.          0.02271698  0.50352716  3.10070141 -2.23844149 -0.00409062
  0.96007417  1.5709191 ]","[0.00000000e+00 2.86843522e-01 1.32474486e-05 1.68540829e-01
 7.95448397e-06 0.00000000e+00 0.00000000e+00 0.00000000e+00]","[ 0.          0.70490354 10.70958233  0.74896812 -4.20314121 -0.27396736
 -0.80916512  0.07762811]"
1747093058.615117,"[ 0.          0.02327995  0.50352763  3.10103564 -2.23844149 -0.00409062
  0.96007417  1.5709191 ]","[0.00000000e+00 2.84952844e-01 1.85184257e-05 1.69351113e-01
 7.95448397e-06 0.00000000e+00 0.00000000e+00 0.00000000e+00]","[ 0.          0.72622114 10.80664158  0.73082298 -4.18616724 -0.26513815
 -0.82829148  0.07982642]"
1747093058.616817,"[ 0.          0.02386541  0.50352763  3.10137999 -2.23844149 -0.00409062
  0.96007417  1.5709191 ]","[0.00000000e+00 2.86033222e-01 1.85464284e-05 1.67190340e-01
 7.95448397e-06 0.00000000e+00 0.00000000e+00 0.00000000e+00]","[ 0.          0.68545872 10.90165997  0.74503034 -4.1875248  -0.26562864
 -0.83646327  0.08008429]"
1747093058.6184509,"[ 0.          0.02414598  0.5035281   3.10154297 -2.23844149 -0.00409062
  0.96007417  1.5709191 ]","[0.00000000e+00 2.84682733e-01 2.38273920e-05 1.65299662e-01
 7.95440473e-06 0.00000000e+00 0.00000000e+00 0.00000000e+00]","[ 0.          0.67232734 10.91703129  0.762281   -4.16517448 -0.2631366
 -0.84160578  0.07951348]"
1747093058.6195598,"[ 0.          0.02470298  0.5035281   3.1018756  -2.23844149 -0.00409062
  0.96007417  1.5709191 ]","[0.00000000e+00 2.82792055e-01 2.38096379e-05 1.61092434e-01
 5.30695172e-06 0.00000000e+00 0.00000000e+00 0.00000000e+00]","[ 0.          0.70111114 10.99303722  0.75808692 -4.14038754 -0.25846767
 -0.83991969  0.07614457]"
1747093058.6212676,"[ 0.          0.02500237  0.5035281   3.10203353 -2.23844149 -0.00409062
  0.96007417  1.5709191 ]","[0.00000000e+00 2.81598592e-01 2.38094022e-05 1.60167801e-01
 5.30700455e-06 0.00000000e+00 0.00000000e+00 0.00000000e+00]","[ 0.          0.73743498 11.03579712  0.70941538 -4.12738609 -0.2482423
 -0.83913356  0.06585938]"
1747093058.6229703,"[ 0.          0.02555707  0.50352856  3.10234858 -2.23844149 -0.00409062
  0.96007417  1.5709191 ]","[0.00000000e+00 2.81711677e-01 2.38634509e-05 1.59897707e-01
 5.30298914e-06 0.00000000e+00 0.00000000e+00 0.00000000e+00]","[ 0.          0.78059727 11.06310654  0.66860771 -4.10072947 -0.26608485
 -0.83798307  0.07377818]"
1747093058.6247263,"[ 0.          0.0258358   0.50352856  3.10251875 -2.23844149 -0.00409062
  0.96007417  1.5709191 ]","[0.00000000e+00 2.82792055e-01 2.38273920e-05 1.60241038e-01
 5.29897933e-06 0.00000000e+00 0.00000000e+00 0.00000000e+00]","[ 0.          0.76130784 11.09343529  0.68517458 -4.08150339 -0.26310343
 -0.83284199  0.0745291 ]"
1747093058.626466,"[ 0.          0.02641438  0.50352899  3.10283247 -2.23844096 -0.00409062
  0.96007417  1.5709191 ]","[0.00000000e+00 2.82251866e-01 2.64551545e-05 1.58656407e-01
 1.05899522e-05 0.00000000e+00 0.00000000e+00 0.00000000e+00]","[ 0.          0.7802853  11.13565922  0.71256834 -4.01643896 -0.25417173
 -0.83447039  0.07983392]"
1747093058.628365,"[ 0.          0.0269677   0.50352899  3.10315019 -2.23844096 -0.00409062
  0.96007417  1.5709191 ]","[0.00000000e+00 2.79820999e-01 2.65149452e-05 1.54724133e-01
 1.06140091e-05 0.00000000e+00 0.00000000e+00 0.00000000e+00]","[ 0.          0.82072192 11.16552067  0.68935537 -3.94070601 -0.25005084
 -0.81558466  0.08095207]"
1747093058.630122,"[ 0.          0.02753572  0.50352946  3.10345512 -2.23844096 -0.00409062
  0.96007417  1.5709191 ]","[0.00000000e+00 2.76039626e-01 3.17701716e-05 1.55035956e-01
 1.32374398e-05 0.00000000e+00 0.00000000e+00 0.00000000e+00]","[ 0.          0.88796067 11.18058395  0.69998145 -3.87732172 -0.25953671
 -0.82511634  0.09407513]"
1747093058.6312315,"[ 0.          0.02780618  0.50352946  3.10360799 -2.23844096 -0.00409062
  0.96007417  1.5709191 ]","[0.00000000e+00 2.74419043e-01 3.17698567e-05 1.55035956e-01
 1.32375708e-05 0.00000000e+00 0.00000000e+00 0.00000000e+00]","[ 0.          0.95734423 11.18778706  0.68220246 -3.85223007 -0.27396366
 -0.81580263  0.09834092]"
1747093058.6329203,"[ 0.          0.02836823  0.50352946  3.10391931 -2.23844043 -0.00409062
  0.96007417  1.5709191 ]","[0.00000000e+00 2.74140992e-01 3.17461838e-05 1.51254584e-01
 1.58970960e-05 0.00000000e+00 0.00000000e+00 0.00000000e+00]","[ 0.          1.03923094 11.19874763  0.73756111 -3.810776   -0.27655408
 -0.81988126  0.08196066]"
1747093058.6346414,"[ 0.          0.02863823  0.50352946  3.10406632 -2.23844043 -0.00409062
  0.96007417  1.5709191 ]","[0.00000000e+00 2.73878837e-01 3.17458709e-05 1.49093811e-01
 1.58850858e-05 0.00000000e+00 0.00000000e+00 0.00000000e+00]","[ 0.          1.0540278  11.17921066  0.78539032 -3.80414176 -0.26959994
 -0.8192364   0.08455915]"
1747093058.6364048,"[ 0.          0.02919936  0.50352993  3.10437125 -2.23844043 -0.00409062
  0.96007417  1.5709191 ]","[0.00000000e+00 2.73588386e-01 3.70648338e-05 1.48553606e-01
 1.85324169e-05 0.00000000e+00 0.00000000e+00 0.00000000e+00]","[ 0.          1.15376711 11.14869308  0.85877746 -3.84023619 -0.26713726
 -0.81605124  0.09741305]"
1747093058.638647,"[ 0.          0.02973524  0.50352993  3.10466872 -2.23844043 -0.00409062
  0.96007417  1.5709191 ]","[0.00000000e+00 2.71177859e-01 3.70372172e-05 1.52180631e-01
 1.85464284e-05 0.00000000e+00 0.00000000e+00 0.00000000e+00]","[ 0.          1.24998713 11.11671066  0.91398913 -3.85680771 -0.28039512
 -0.79896903  0.09092597]"
1747093058.639811,"[ 0.          0.03028994  0.50353039  3.1049875  -2.23844043 -0.00409062
  0.96007417  1.5709191 ]","[0.00000000e+00 2.71080704e-01 4.23598089e-05 1.57482586e-01
 1.85324169e-05 0.00000000e+00 0.00000000e+00 0.00000000e+00]","[ 0.          1.33521461 11.10697842  0.95540541 -3.85450101 -0.29020765
 -0.79367     0.0890471 ]"
1747093058.641593,"[ 0.          0.03059851  0.50353039  3.10514357 -2.23844043 -0.00409062
  0.96007417  1.5709191 ]","[0.00000000e+00 2.71230557e-01 3.70648338e-05 1.58277123e-01
 1.85324169e-05 0.00000000e+00 0.00000000e+00 0.00000000e+00]","[ 0.          1.36408818 11.07717514  0.94811106 -3.86232042 -0.28810972
 -0.79181033  0.08694033]"
1747093058.643281,"[ 0.          0.03113439  0.50353039  3.1054746  -2.23844043 -0.00409062
  0.96007417  1.5709191 ]","[0.00000000e+00 2.71464582e-01 3.70368514e-05 1.62497967e-01
 1.85324169e-05 0.00000000e+00 0.00000000e+00 0.00000000e+00]","[ 0.          1.3955971  11.05447769  0.97511482 -3.89794779 -0.3127099
 -0.79765791  0.08714323]"
1747093058.6448894,"[ 0.          0.03142276  0.50353039  3.10563625 -2.23844043 -0.00409062
  0.96007417  1.5709191 ]","[0.00000000e+00 2.71582244e-01 3.70648338e-05 1.63949173e-01
 1.85324169e-05 0.00000000e+00 0.00000000e+00 0.00000000e+00]","[ 0.          1.38921916 11.05612564  1.02207339 -3.90578771 -0.32984909
 -0.80974287  0.08096383]"
1747093058.6470993,"[ 0.          0.03195588  0.50353086  3.10596329 -2.23844043 -0.00409062
  0.96007417  1.5709191 ]","[0.00000000e+00 2.69287181e-01 4.23278279e-05 1.66380040e-01
 1.85464284e-05 0.00000000e+00 0.00000000e+00 0.00000000e+00]","[ 0.          1.41458917 11.00060463  1.02331591 -3.96077776 -0.34172595
 -0.81923938  0.10286614]"
1747093058.6484563,"[ 0.          0.0324417   0.50353086  3.10630071 -2.23844043 -0.00409062
  0.96007417  1.5709191 ]","[0.00000000e+00 2.66856298e-01 4.23278279e-05 1.63751800e-01
 1.85324169e-05 0.00000000e+00 0.00000000e+00 0.00000000e+00]","[ 0.          1.45351386 10.93946552  1.07107794 -3.9688108  -0.31727713
 -0.82491541  0.09217086]"
1747093058.650175,"[ 0.          0.0330235   0.50353086  3.10661576 -2.23844043 -0.00409062
  0.96007417  1.5709191 ]","[0.00000000e+00 2.63615131e-01 4.23278279e-05 1.58437812e-01
 1.85324169e-05 0.00000000e+00 0.00000000e+00 0.00000000e+00]","[ 0.          1.46524823 10.84499073  1.08368862 -4.01426744 -0.31529739
 -0.81691533  0.07485084]"
1747093058.6519873,"[ 0.          0.0332834   0.50353086  3.10676996 -2.23844043 -0.00409062
  0.96007417  1.5709191 ]","[0.00000000e+00 2.63615131e-01 4.23278279e-05 1.56386445e-01
 1.58847699e-05 0.00000000e+00 0.00000000e+00 0.00000000e+00]","[ 0.          1.50222909 10.80253124  1.08010316 -4.01643038 -0.31082022
 -0.8144933   0.08405862]"
1747093058.653163,"[ 0.          0.0338234   0.50353039  3.10708687 -2.23844043 -0.00409062
  0.96007417  1.5709191 ]","[0.00000000e+00 2.64061310e-01 3.70648338e-05 1.54225656e-01
 1.58849283e-05 0.00000000e+00 0.00000000e+00 0.00000000e+00]","[ 0.          1.57074094 10.7286768   1.12306488 -4.0349369  -0.31415173
 -0.82045829  0.08042911]"
1747093058.6549325,"[ 0.          0.03434367  0.50353039  3.10738755 -2.23844043 -0.00409062
  0.96007417  1.5709191 ]","[0.00000000e+00 2.63615131e-01 3.70368514e-05 1.51794789e-01
 1.58849283e-05 0.00000000e+00 0.00000000e+00 0.00000000e+00]","[ 0.          1.65663779 10.67650986  1.16046476 -4.04565382 -0.32520375
 -0.82678312  0.10012449]"
1747093058.6567047,"[ 0.          0.03460403  0.50353039  3.1075508  -2.23844043 -0.00409062
  0.96007417  1.5709191 ]","[0.00000000e+00 2.64155337e-01 3.70648338e-05 1.53576461e-01
 1.58969375e-05 0.00000000e+00 0.00000000e+00 0.00000000e+00]","[ 0.          1.7018584  10.6563921   1.18355286 -4.06726456 -0.33405483
 -0.82203144  0.09417973]"
1747093058.6584089,"[ 0.          0.03514358  0.50353039  3.10788076 -2.23844043 -0.00409062
  0.96007417  1.5709191 ]","[0.00000000e+00 2.63348049e-01 4.23282464e-05 1.56697869e-01
 1.58850858e-05 0.00000000e+00 0.00000000e+00 0.00000000e+00]","[ 0.          1.7264148  10.59006786  1.21062839 -4.04958725 -0.33513847
 -0.81311548  0.08703576]"
1747093058.6596484,"[ 0.          0.0354021   0.50353039  3.10801312 -2.23844043 -0.00409062
  0.96007417  1.5709191 ]","[0.00000000e+00 2.62264642e-01 3.70368514e-05 1.58513895e-01
 1.58849283e-05 0.00000000e+00 0.00000000e+00 0.00000000e+00]","[ 0.          1.76902533 10.54636669  1.22060931 -4.03897476 -0.33997768
 -0.7987532   0.07537672]"
1747093058.6614356,"[ 0.          0.03565879  0.50353039  3.10836253 -2.23844016 -0.00409062
  0.96007417  1.5709191 ]","[0.00000000e+00 2.60373964e-01 3.70368514e-05 1.59627612e-01
 1.85324169e-05 0.00000000e+00 0.00000000e+00 0.00000000e+00]","[ 0.          1.76517856 10.45895386  1.24987233 -3.99907756 -0.34246424
 -0.8072809   0.08641881]"
1747093058.6632452,"[ 0.          0.03619512  0.50353039  3.1086909  -2.23844016 -0.00409062
  0.96007417  1.5709191 ]","[0.00000000e+00 2.61724453e-01 4.23278279e-05 1.60993348e-01
 1.85324169e-05 0.00000000e+00 0.00000000e+00 0.00000000e+00]","[ 0.          1.78682613 10.39041328  1.23925042 -3.97868037 -0.34554201
 -0.80582434  0.07411159]"
1747093058.6650884,"[ 0.          0.03670803  0.50353039  3.10900941 -2.23844016 -0.00409062
  0.96007417  1.5709191 ]","[0.00000000e+00 2.60110161e-01 4.23598089e-05 1.62223012e-01
 1.85325998e-05 0.00000000e+00 0.00000000e+00 0.00000000e+00]","[ 0.          1.81401479 10.32147408  1.24909246 -3.96162033 -0.35844439
 -0.79608727  0.07152072]"
1747093058.6662073,"[ 0.          0.03698447  0.50353039  3.109166   -2.23844016 -0.00409062
  0.96007417  1.5709191 ]","[0.00000000e+00 2.60543008e-01 4.23278279e-05 1.58656407e-01
 1.85324169e-05 0.00000000e+00 0.00000000e+00 0.00000000e+00]","[ 0.          1.8229866  10.28776169  1.27718902 -3.92411137 -0.35723913
 -0.79400522  0.07713915]"
1747093058.6685715,"[ 0.          0.03749325  0.50353039  3.10949624 -2.23844016 -0.00409062
  0.96007417  1.5709191 ]","[0.00000000e+00 2.56872273e-01 4.23598089e-05 1.60707990e-01
 1.85324169e-05 0.00000000e+00 0.00000000e+00 0.00000000e+00]","[ 0.          1.80416453 10.21326923  1.26554096 -3.90005159 -0.37506765
 -0.78096938  0.0826609 ]"
1747093058.6702676,"[ 0.          0.03802132  0.50353039  3.10981262 -2.23844016 -0.00409062
  0.96007417  1.5709191 ]","[0.00000000e+00 2.58040752e-01 4.23278279e-05 1.60707990e-01
 2.11799045e-05 0.00000000e+00 0.00000000e+00 0.00000000e+00]","[ 0.          1.80372107 10.17644596  1.25576103 -3.9139843  -0.36264443
 -0.77028519  0.08572625]"
1747093058.6731844,"[ 0.          0.03827617  0.50353039  3.10998679 -2.23844016 -0.00409062
  0.96007417  1.5709191 ]","[0.00000000e+00 2.58483286e-01 4.23282464e-05 1.63848290e-01
 2.11799045e-05 0.00000000e+00 0.00000000e+00 0.00000000e+00]","[ 0.          1.79399848 10.16300106  1.24588192 -3.91538358 -0.35632688
 -0.7727353   0.07842342]"
1747093058.6754205,"[ 0.          0.03932863  0.50353039  3.1104872  -2.23843963 -0.00409062
  0.96007417  1.5709191 ]","[0.00000000e+00 2.63808427e-01 4.23278279e-05 1.71511902e-01
 2.64751417e-05 0.00000000e+00 0.00000000e+00 0.00000000e+00]","[ 0.          1.77070808 10.15521145  1.203318   -3.89247155 -0.33640924
 -0.76912111  0.07608519]"
1747093058.6770954,"[ 0.          0.03984751  0.50353039  3.11083714 -2.23843963 -0.00409062
  0.96007417  1.5709191 ]","[0.00000000e+00 2.62264642e-01 4.23598089e-05 1.70161413e-01
 2.64548924e-05 0.00000000e+00 0.00000000e+00 0.00000000e+00]","[ 0.          1.72308481 10.17423439  1.21421015 -3.90834427 -0.33038872
 -0.77807289  0.08523791]"
1747093058.6788578,"[ 0.          0.04010466  0.50353039  3.11100518 -2.23843963 -0.00409062
  0.96007417  1.5709191 ]","[0.00000000e+00 2.60649801e-01 4.23282464e-05 1.70258818e-01
 2.64751417e-05 0.00000000e+00 0.00000000e+00 0.00000000e+00]","[ 0.          1.68601811 10.19375324  1.16356492 -3.9140811  -0.32388923
 -0.79507947  0.08387727]"
1747093058.6799796,"[ 0.          0.04063778  0.50353039  3.11135326 -2.23843963 -0.00409062
  0.96007417  1.5709191 ]","[0.00000000e+00 2.59293570e-01 4.23278279e-05 1.69891318e-01
 2.64748795e-05 0.00000000e+00 0.00000000e+00 0.00000000e+00]","[ 0.          1.6394347  10.22889328  1.07365203 -3.94658279 -0.31731713
 -0.80998248  0.09227878]"
1747093058.6817315,"[ 0.          0.04089217  0.50353039  3.11151864 -2.23843963 -0.00409062
  0.96007417  1.5709191 ]","[0.00000000e+00 2.57943097e-01 4.23598089e-05 1.67730529e-01
 2.64548924e-05 0.00000000e+00 0.00000000e+00 0.00000000e+00]","[ 0.          1.63732743 10.24348164  1.04503751 -3.9735465  -0.32190302
 -0.81047797  0.08077765]"
1747093058.683529,"[ 0.          0.04142116  0.50353039  3.1118518  -2.23844016 -0.00409062
  0.96007417  1.5709191 ]","[0.00000000e+00 2.59043815e-01 4.49737631e-05 1.60742578e-01
 2.11799045e-05 0.00000000e+00 0.00000000e+00 0.00000000e+00]","[ 0.          1.57519317 10.26970863  1.03086078 -4.00642586 -0.31423998
 -0.82240111  0.08254497]"
1747093058.6846886,"[ 0.          0.04167555  0.50353039  3.11200893 -2.23844016 -0.00409062
  0.96007417  1.5709191 ]","[0.00000000e+00 2.57681741e-01 4.49733161e-05 1.59357518e-01
 1.85324169e-05 0.00000000e+00 0.00000000e+00 0.00000000e+00]","[ 0.          1.55739224 10.2991581   1.02144361 -4.01312065 -0.30219936
 -0.82277387  0.07848062]"
1747093058.6864924,"[ 0.          0.04218525  0.50353039  3.11231945 -2.23844016 -0.00409062
  0.96007323  1.5709191 ]","[ 0.00000000e+00  2.57943097e-01  4.50072964e-05  1.57307283e-01
  1.85324169e-05  0.00000000e+00 -1.06059783e-05  0.00000000e+00]","[ 0.          1.5595665  10.33724117  1.0016886  -4.07669306 -0.29010868
 -0.82168126  0.07654331]"
1747093058.6876576,"[ 0.          0.04245801  0.50353039  3.1124875  -2.23844016 -0.00409062
  0.96007323  1.5709191 ]","[ 0.00000000e+00  2.56786903e-01  4.49737631e-05  1.58234895e-01
  1.85324169e-05  0.00000000e+00 -1.06059783e-05  0.00000000e+00]","[ 0.          1.56669009 10.37899303  0.99089158 -4.08744812 -0.27898207
 -0.84468031  0.06942464]"
1747093058.6893375,"[ 0.          0.04296358  0.50353039  3.11280415 -2.23844016 -0.00409062
  0.96007323  1.5709191 ]","[ 0.00000000e+00  2.56592608e-01  4.50077435e-05  1.61518290e-01
  1.85186086e-05  0.00000000e+00 -1.06059783e-05  0.00000000e+00]","[ 0.          1.59639573 10.45344734  1.01126158 -4.12842846 -0.29984599
 -0.85552764  0.07804122]"
1747093058.690495,"[ 0.          0.04321613  0.50353086  3.11296447 -2.23844016 -0.00409062
  0.96007323  1.5709191 ]","[ 0.00000000e+00  2.56052403e-01  5.03027714e-05  1.62433935e-01
  1.85324169e-05  0.00000000e+00 -1.06059783e-05  0.00000000e+00]","[ 0.          1.58948112 10.48728085  1.02652323 -4.16168213 -0.31032133
 -0.86004472  0.07378011]"
1747093058.6922333,"[ 0.          0.0437442   0.50353086  3.11330163 -2.23844016 -0.00409062
  0.96007323  1.5709191 ]","[ 0.00000000e+00  2.59023475e-01  5.02642966e-05  1.65132166e-01
  1.32374398e-05  0.00000000e+00 -1.05899522e-05  0.00000000e+00]","[ 0.          1.569888   10.55407715  1.05623889 -4.19551992 -0.30571517
 -0.85243613  0.06667143]"
1747093058.6940072,"[ 0.          0.04400135  0.50353086  3.11346541 -2.23844016 -0.00409062
  0.96007323  1.5709191 ]","[ 0.00000000e+00  2.60914170e-01  5.03022715e-05  1.66109946e-01
  1.32274462e-05  0.00000000e+00 -1.05899522e-05  0.00000000e+00]","[ 0.          1.58035636 10.60428429  1.05425012 -4.20556402 -0.29607946
 -0.84427559  0.06791472]"
1747093058.6950812,"[ 0.          0.04453676  0.50353129  3.11379697 -2.23844016 -0.00409062
  0.96007323  1.5709191 ]","[ 0.00000000e+00  2.62053037e-01  5.55558217e-05  1.68540829e-01
  1.32374398e-05  0.00000000e+00 -1.05899522e-05  0.00000000e+00]","[ 0.          1.54950964 10.67839527  1.01619029 -4.20161533 -0.29694483
 -0.86362725  0.08482206]"
1747093058.6974046,"[ 0.          0.04505243  0.50353176  3.11414185 -2.23844016 -0.00409062
  0.96007323  1.5709191 ]","[ 0.00000000e+00  2.60919629e-01  5.82447383e-05  1.66650135e-01
  1.32374398e-05  0.00000000e+00 -1.05899522e-05  0.00000000e+00]","[ 0.          1.50818479 10.72917652  1.00987244 -4.16835737 -0.29266492
 -0.8723076   0.08770164]"
1747093058.698623,"[ 0.          0.04530774  0.50353176  3.1143067  -2.23844016 -0.00409062
  0.96007323  1.5709191 ]","[ 0.00000000e+00  2.59286446e-01  5.82013384e-05  1.67020947e-01
  1.32374398e-05  0.00000000e+00 -1.05899522e-05  0.00000000e+00]","[ 0.          1.47119462 10.75382614  1.03293908 -4.1537571  -0.30202428
 -0.8723076   0.09367848]"
1747093058.7013688,"[ 0.          0.04583718  0.50353222  3.11464572 -2.23844016 -0.00409062
  0.96007323  1.5709191 ]","[ 0.00000000e+00  2.58483286e-01  6.35397134e-05  1.65839851e-01
  1.32374398e-05  0.00000000e+00 -1.05900569e-05  0.00000000e+00]","[ 0.          1.41015184 10.81962776  1.05899107 -4.15008402 -0.30184239
 -0.87715816  0.0889228 ]"
1747093058.7018223,"[ 0.          0.04634505  0.50353222  3.11497196 -2.23844016 -0.00409062
  0.96007323  1.5709191 ]","[ 0.00000000e+00  2.57672986e-01  5.82007654e-05  1.65299662e-01
  1.32274462e-05  0.00000000e+00 -1.05900569e-05  0.00000000e+00]","[ 0.          1.4139173  10.89827538  1.08834648 -4.14447117 -0.27581388
 -0.88688207  0.07686543]"
1747093058.7035584,"[ 0.          0.04661919  0.50353269  3.11513521 -2.23844016 -0.00409062
  0.96007323  1.5709191 ]","[ 0.00000000e+00  2.57798005e-01  6.34917418e-05  1.65569757e-01
  1.32374398e-05  0.00000000e+00 -1.05900569e-05  0.00000000e+00]","[ 0.          1.42479026 10.92820454  1.09288979 -4.12830019 -0.28322661
 -0.89526486  0.09416699]"
1747093058.7052436,"[ 0.          0.04712843  0.50353316  3.11547583 -2.23843963 -0.00409062
  0.96007323  1.5709191 ]","[ 0.00000000e+00  2.58483286e-01  6.88346925e-05  1.67190340e-01
  1.85324169e-05  0.00000000e+00 -1.05819570e-05  0.00000000e+00]","[ 0.          1.35445547 10.98619747  1.0988965  -4.07826328 -0.30222631
 -0.89317489  0.09159676]"
1747093058.7069845,"[ 0.          0.04765741  0.50353359  3.11581805 -2.23843963 -0.00409062
  0.96007323  1.5709191 ]","[ 0.00000000e+00  2.57789982e-01  7.40744343e-05  1.67513332e-01
  1.85324169e-05  0.00000000e+00 -1.05900569e-05  0.00000000e+00]","[ 0.          1.33605123 11.07612514  1.10236871 -4.04099798 -0.30752498
 -0.87796092  0.08758172]"
1747093058.7082012,"[ 0.          0.04790997  0.50353359  3.11598236 -2.23843963 -0.00409062
  0.96007323  1.5709191 ]","[ 0.00000000e+00  2.56052403e-01  7.40737029e-05  1.66650135e-01
  1.85322320e-05  0.00000000e+00 -1.05899522e-05  0.00000000e+00]","[ 0.          1.27342939 11.09849262  1.12739086 -4.02574873 -0.3143298
 -0.86937851  0.07978474]"
1747093058.7099643,"[ 0.          0.04841967  0.50353405  3.1163078  -2.23843963 -0.00409062
  0.96007323  1.5709191 ]","[ 0.00000000e+00  2.58483286e-01  7.41296676e-05  1.64052870e-01
  1.85184257e-05  0.00000000e+00 -1.05819570e-05  0.00000000e+00]","[ 0.          1.24524462 11.17505836  1.14662373 -3.9795835  -0.30763617
 -0.87451708  0.06590467]"
1747093058.711607,"[ 0.          0.0486736   0.50353405  3.11646866 -2.23843963 -0.00409062
  0.96007323  1.5709191 ]","[ 0.00000000e+00  2.57411913e-01  7.40737029e-05  1.63138873e-01
  1.85324169e-05  0.00000000e+00 -1.05819570e-05  0.00000000e+00]","[ 0.          1.26659191 11.18553925  1.12588298 -3.96320009 -0.31929377
 -0.88273132  0.06425935]"
1747093058.7127893,"[ 0.          0.04920213  0.50353499  3.11679969 -2.23843963 -0.00409062
  0.96007323  1.5709191 ]","[ 0.00000000e+00  2.57943097e-01  8.20713135e-05  1.61518290e-01
  1.85184257e-05  0.00000000e+00 -1.05899522e-05  0.00000000e+00]","[ 0.          1.25858307 11.23211098  1.12253582 -3.96516681 -0.32917756
 -0.89784068  0.07428268]"
1747093058.7144935,"[ 0.          0.04945744  0.50353499  3.11695708 -2.23843963 -0.00409062
  0.96007323  1.5709191 ]","[ 0.00000000e+00  2.59023475e-01  7.67779151e-05  1.59627612e-01
  1.85325998e-05  0.00000000e+00 -1.05819570e-05  0.00000000e+00]","[ 0.          1.25082219 11.25492954  1.14539921 -3.97011113 -0.3335135
 -0.89210874  0.08343544]"
1747093058.716285,"[ 0.          0.04999056  0.50353588  3.11728145 -2.23843963 -0.00409062
  0.96007323  1.5709191 ]","[ 0.00000000e+00  2.59551730e-01  8.21971488e-05  1.57984125e-01
  1.85324169e-05  0.00000000e+00 -1.05899522e-05  0.00000000e+00]","[ 0.          1.25853145 11.31532574  1.16541481 -3.97692466 -0.32470408
 -0.8814773   0.07279616]"
1747093058.7174754,"[ 0.          0.0502477   0.50353635  3.11743645 -2.23843963 -0.00409062
  0.96007323  1.5709191 ]","[ 0.00000000e+00  2.60914170e-01  8.73671094e-05  1.57037455e-01
  1.85184257e-05  0.00000000e+00 -1.05899522e-05  0.00000000e+00]","[ 0.          1.29634261 11.33286476  1.13515007 -3.97507572 -0.3234719
 -0.88112128  0.06888866]"
1747093058.7192683,"[ 0.          0.050762    0.50353682  3.11774964 -2.23843963 -0.00409062
  0.96007323  1.5709191 ]","[ 0.00000000e+00  2.61184264e-01  8.74331602e-05  1.59087406e-01
  1.85325998e-05  0.00000000e+00 -1.05899522e-05  0.00000000e+00]","[ 0.          1.31538785 11.36937141  1.16548252 -4.0063982  -0.32513443
 -0.89445931  0.082746  ]"
1747093058.7209923,"[ 0.          0.05103935  0.50353728  3.11792195 -2.23843963 -0.00409062
  0.96007323  1.5709191 ]","[ 0.00000000e+00  2.61049974e-01  8.99475262e-05  1.62247197e-01
  1.85324169e-05  0.00000000e+00 -1.05899522e-05  0.00000000e+00]","[ 0.          1.30323458 11.37389946  1.19536161 -4.02633715 -0.33159915
 -0.89950287  0.09787377]"
1747093058.7221713,"[ 0.          0.05155594  0.50353772  3.11825431 -2.23843963 -0.00409062
  0.96007224  1.5709191 ]","[ 0.00000000e+00  2.62808393e-01  9.54538036e-05  1.68909710e-01
  1.85184257e-05  0.00000000e+00 -1.85184257e-05  0.00000000e+00]","[ 0.          1.30615509 11.41929436  1.14849913 -4.05998421 -0.32793701
 -0.9065631   0.10337926]"
1747093058.7244146,"[ 0.          0.05207895  0.50353818  3.11860691 -2.23843963 -0.00409062
  0.96007224  1.5709191 ]","[ 0.00000000e+00  2.65505826e-01  9.52376087e-05  1.72779467e-01
  1.85324169e-05  0.00000000e+00 -1.85324169e-05  0.00000000e+00]","[ 0.          1.26529002 11.46992111  1.09638977 -4.09504366 -0.31414387
 -0.93231964  0.08316131]"
1747093058.7256389,"[ 0.          0.05236319  0.50353865  3.11877868 -2.23843963 -0.00409062
  0.96007224  1.5709191 ]","[ 0.00000000e+00  2.67569942e-01  1.00680607e-04  1.74212880e-01
  1.85604623e-05  0.00000000e+00 -1.85324169e-05  0.00000000e+00]","[ 0.          1.25565338 11.48598576  1.05608749 -4.10486698 -0.31497711
 -0.94187021  0.07454024]"
1747093058.727398,"[ 0.          0.05289402  0.50353958  3.11912916 -2.23844016 -0.00409062
  0.96007224  1.5709191 ]","[ 0.00000000e+00  2.68746993e-01  1.06059781e-04  1.78804536e-01
  7.95448397e-06  0.00000000e+00 -1.85186086e-05  0.00000000e+00]","[ 0.          1.18521607 11.50295734  0.9791171  -4.13417816 -0.31244132
 -0.94067538  0.06054828]"
1747093058.7285926,"[ 0.          0.05315759  0.50354001  3.11931957 -2.23844016 -0.00409062
  0.96007224  1.5709191 ]","[ 0.00000000e+00  2.67396504e-01  1.08466135e-04  1.79299451e-01
  7.95448397e-06  0.00000000e+00 -1.85325998e-05  0.00000000e+00]","[ 0.          1.14251566 11.51122284  0.95533681 -4.13587666 -0.28864881
 -0.94301695  0.0668028 ]"
1747093058.7303245,"[ 0.          0.05370586  0.50354048  3.11966605 -2.23843963 -0.00409062
  0.96007224  1.5709191 ]","[ 0.00000000e+00  2.67395405e-01  1.14014268e-04  1.74212880e-01
  1.32474486e-05  0.00000000e+00 -1.85184257e-05  0.00000000e+00]","[ 0.          1.06142271 11.51770973  0.85869104 -4.1580801  -0.28308564
 -0.940534    0.06863527]"
1747093058.7321045,"[ 0.          0.05425505  0.50354048  3.12001812 -2.23843963 -0.00409062
  0.96007224  1.5709191 ]","[ 0.00000000e+00  2.68823791e-01  1.08629080e-04  1.70971696e-01
  1.32574726e-05  0.00000000e+00 -1.85325998e-05  0.00000000e+00]","[ 0.          0.99222386 11.51493549  0.79924613 -4.17327452 -0.26706296
 -0.94385231  0.07230777]"
1747093058.7338068,"[ 0.          0.05451955  0.50354094  3.12018563 -2.23844016 -0.00409062
  0.96007224  1.5709191 ]","[ 0.00000000e+00  2.68206787e-01  1.13928053e-04  1.69891318e-01
  7.95448397e-06  0.00000000e+00 -1.85325998e-05  0.00000000e+00]","[ 0.          0.9783926  11.49996281  0.76518983 -4.1806612  -0.26706296
 -0.94121224  0.0711    ]"
1747093058.7349994,"[ 0.          0.05505037  0.50354141  3.12053424 -2.23843963 -0.00409062
  0.96007224  1.5709191 ]","[ 0.00000000e+00  2.68474701e-01  1.19317257e-04  1.69861075e-01
  7.95440473e-06  0.00000000e+00 -1.85186086e-05  0.00000000e+00]","[ 0.          0.94865912 11.48131752  0.72998285 -4.19364309 -0.2526834
 -0.93080741  0.09270921]"
1747093058.7382858,"[ 0.          0.05533553  0.50354188  3.12086767 -2.23843963 -0.00409062
  0.96007224  1.5709191 ]","[ 0.00000000e+00  2.68573022e-01  1.19227035e-04  1.68540829e-01
  7.95448397e-06  0.00000000e+00 -1.85324169e-05  0.00000000e+00]","[ 0.          0.95303971 11.47653198  0.71119225 -4.18434095 -0.25949708
 -0.93655819  0.09410769]"
1747093058.7396002,"[ 0.          0.05612349  0.50354231  3.1211995  -2.23843963 -0.00409062
  0.96007224  1.5709191 ]","[ 0.00000000e+00  2.66856298e-01  1.21968747e-04  1.68000624e-01
  7.95440473e-06  0.00000000e+00 -1.85184257e-05  0.00000000e+00]","[ 0.          0.90092021 11.4662199   0.69127023 -4.18058395 -0.25771162
 -0.93053001  0.09269804]"
1747093058.7440295,"[ 0.          0.05719433  0.50354324  3.12187381 -2.23843963 -0.00409062
  0.96007224  1.5709191 ]","[ 0.00000000e+00  2.67666598e-01  1.27271744e-04  1.66380040e-01
  7.95448397e-06  0.00000000e+00 -1.85184257e-05  0.00000000e+00]","[ 0.          0.87897235 11.38463879  0.67424178 -4.11854506 -0.24751347
 -0.94192815  0.10322835]"
1747093058.7490168,"[ 0.          0.05852965  0.50354371  3.12269699 -2.23843963 -0.00409062
  0.96007224  1.5709191 ]","[ 0.00000000e+00  2.64425431e-01  1.27271744e-04  1.60591360e-01
  7.96050683e-06  0.00000000e+00 -1.85186086e-05  0.00000000e+00]","[ 0.          0.87794727 11.27128601  0.70958227 -4.04485846 -0.25614578
 -0.92581552  0.08590113]"
1747093058.7519493,"[ 0.          0.05960232  0.50354417  3.12334308 -2.23843963 -0.00409062
  0.96007224  1.5709191 ]","[ 0.00000000e+00  2.62053037e-01  1.32573407e-04  1.66650135e-01
  7.96050683e-06  0.00000000e+00 -1.85186086e-05  0.00000000e+00]","[ 0.          0.94977069 11.24466705  0.77525157 -4.02771568 -0.25774416
 -0.91405845  0.07367645]"
1747093058.754957,"[ 0.          0.06011707  0.50354417  3.12369115 -2.23843963 -0.00409062
  0.96007224  1.5709191 ]","[ 0.00000000e+00  2.60914170e-01  1.37877721e-04  1.70431507e-01
  7.95448397e-06  0.00000000e+00 -1.85324169e-05  0.00000000e+00]","[ 0.          0.97649443 11.21031952  0.79009902 -4.04793262 -0.26860636
 -0.92470795  0.08461906]"
1747093058.7573233,"[ 0.          0.0609032   0.50354461  3.12420541 -2.23843963 -0.00409062
  0.9600713   1.5709191 ]","[ 0.00000000e+00  2.57789982e-01  1.40422954e-04  1.68516412e-01
  7.95448397e-06  0.00000000e+00 -2.91223691e-05  0.00000000e+00]","[ 0.          0.94722754 11.22742367  0.79699081 -4.0813036  -0.26655355
 -0.93481004  0.09384786]"
1747093058.759739,"[ 0.          0.06140647  0.50354507  3.12453378 -2.23843963 -0.00409062
  0.9600713   1.5709191 ]","[ 0.00000000e+00  2.55242119e-01  1.45832208e-04  1.65467475e-01
  7.95456321e-06  0.00000000e+00 -2.91003827e-05  0.00000000e+00]","[ 0.          0.96566892 11.23783493  0.7917428  -4.09296465 -0.262205
 -0.92852765  0.09805115]"
1747093058.7620811,"[ 0.          0.06217791  0.50354507  3.12501607 -2.23843963 -0.00409062
  0.9600713   1.5709191 ]","[ 0.00000000e+00  2.54161725e-01  1.45832208e-04  1.55576145e-01
  5.30298914e-06  0.00000000e+00 -2.91223691e-05  0.00000000e+00]","[ 0.          1.05155087 11.27486038  0.79597616 -4.11029053 -0.27991962
 -0.94281107  0.09280706]"
1747093058.7656572,"[ 0.          0.06267751  0.50354554  3.12531355 -2.23843963 -0.00409062
  0.9600713   1.5709191 ]","[ 0.00000000e+00  2.52541141e-01  1.51022414e-04  1.49093811e-01
  5.30700455e-06  0.00000000e+00 -2.91006692e-05  0.00000000e+00]","[ 0.          1.09001172 11.28588009  0.84668827 -4.15478325 -0.29855734
 -0.92728442  0.09875976]"
1747093058.7672784,"[ 0.          0.06343609  0.50354647  3.12576442 -2.23843963 -0.00409062
  0.9600713   1.5709191 ]","[ 0.00000000e+00  2.47409280e-01  1.59089675e-04  1.49904095e-01
  5.30298914e-06  0.00000000e+00 -2.91003827e-05  0.00000000e+00]","[ 0.          1.13211823 11.29543495  0.93777394 -4.1966424  -0.31283692
 -0.92604929  0.0841234 ]"
1747093058.769011,"[ 0.          0.06393891  0.5035469   3.12607575 -2.23843963 -0.00409062
  0.9600713   1.5709191 ]","[ 0.00000000e+00  2.45502323e-01  1.64268357e-04  1.52334978e-01
  5.30700455e-06  0.00000000e+00 -2.91003827e-05  0.00000000e+00]","[ 0.          1.22258639 11.33478069  1.00152457 -4.22135878 -0.3297798
 -0.93423134  0.09260245]"
1747093058.7702084,"[ 0.          0.06417906  0.50354737  3.12622648 -2.23843963 -0.00409062
  0.9600713   1.5709191 ]","[ 0.00000000e+00  2.43627924e-01  1.69695653e-04  1.52875167e-01
  5.30298914e-06  0.00000000e+00 -2.91223691e-05  0.00000000e+00]","[ 0.          1.30431843 11.35703468  1.01700759 -4.23580647 -0.33132139
 -0.93855935  0.09065145]"
1747093058.7719295,"[ 0.          0.06465432  0.50354784  3.12652795 -2.23843963 -0.00409062
  0.9600713   1.5709191 ]","[ 0.00000000e+00  2.40952662e-01  1.75000389e-04  1.52450459e-01
  5.30298914e-06  0.00000000e+00 -2.91003827e-05  0.00000000e+00]","[ 0.          1.35597646 11.33481312  1.03355908 -4.25913525 -0.33358818
 -0.94171542  0.07768878]"
1747093058.7736468,"[ 0.          0.06491009  0.50354784  3.126692   -2.23843963 -0.00409062
  0.9600713   1.5709191 ]","[ 0.00000000e+00  2.40737728e-01  1.76733605e-04  1.54473363e-01
  5.30700455e-06  0.00000000e+00 -2.91003827e-05  0.00000000e+00]","[ 0.          1.39530706 11.33481312  1.07168233 -4.25848675 -0.32228589
 -0.93982923  0.06305534]"
1747093058.7748666,"[ 0.          0.06538581  0.5035483   3.12699906 -2.23843963 -0.00409062
  0.9600713   1.5709191 ]","[ 0.00000000e+00  2.41197040e-01  1.85058747e-04  1.56926634e-01
  0.00000000e+00  0.00000000e+00 -2.91003827e-05  0.00000000e+00]","[ 0.          1.48593569 11.34829426  1.11824775 -4.26034546 -0.35095918
 -0.94935745  0.06487061]"
1747093058.7760239,"[ 0.          0.06562367  0.50354873  3.12715299 -2.23843963 -0.00409062
  0.9600713   1.5709191 ]","[ 0.00000000e+00  2.41197040e-01  1.94562155e-04  1.56116334e-01
  0.00000000e+00  0.00000000e+00 -2.91003827e-05  0.00000000e+00]","[ 0.          1.55316269 11.39330864  1.09324241 -4.25465536 -0.35510036
 -0.9479084   0.07077263]"
1747093058.7783303,"[ 0.          0.06611592  0.50354967  3.12747124 -2.23843963 -0.00409062
  0.9600713   1.5709191 ]","[ 0.00000000e+00  2.40260723e-01  2.23048031e-04  1.54339223e-01
  0.00000000e+00  0.00000000e+00 -2.91223691e-05  0.00000000e+00]","[ 0.          1.61772335 11.41440773  1.11196184 -4.22388554 -0.35891083
 -0.93792546  0.07503459]"
1747093058.779499,"[ 0.          0.06635287  0.50355013  3.12762224 -2.23843963 -0.00409062
  0.9600713   1.5709191 ]","[ 0.00000000e+00  2.40386757e-01  2.27693219e-04  1.53145262e-01
  0.00000000e+00  0.00000000e+00 -2.91003827e-05  0.00000000e+00]","[ 0.          1.61663115 11.40314198  1.13104534 -4.23290968 -0.34919918
 -0.93550152  0.06849359]"
1747093058.781199,"[ 0.          0.06684282  0.5035506   3.12793836 -2.23843963 -0.00409062
  0.9600713   1.5709191 ]","[ 0.00000000e+00  2.38731569e-01  2.33331516e-04  1.54473363e-01
  0.00000000e+00  0.00000000e+00 -2.91003827e-05  0.00000000e+00]","[ 0.          1.65353048 11.37746334  1.14682984 -4.22954655 -0.34401369
 -0.93460852  0.07029163]"
1747093058.7829623,"[ 0.          0.06707609  0.50355103  3.12809202 -2.23843963 -0.00409062
  0.9600713   1.5709191 ]","[ 0.00000000e+00  2.36605385e-01  2.36426124e-04  1.55846240e-01
  0.00000000e+00  0.00000000e+00 -2.91223691e-05  0.00000000e+00]","[ 0.          1.7064383  11.38472748  1.13208306 -4.19998312 -0.34251678
 -0.92065787  0.06947734]"
1747093058.7840633,"[ 0.          0.06754676  0.50355196  3.12840441 -2.23843963 -0.00409168
  0.9600713   1.5709191 ]","[ 0.00000000e+00  2.39036268e-01  2.42871628e-04  1.59357518e-01
  5.30298914e-06 -1.06059783e-05 -2.91006692e-05  0.00000000e+00]","[ 0.          1.74427807 11.39731407  1.12087309 -4.18236828 -0.3392798
 -0.93312281  0.07897595]"
1747093058.785813,"[ 0.          0.0677984   0.50355196  3.12857512 -2.23843963 -0.00409168
  0.9600713   1.5709191 ]","[ 0.00000000e+00  2.36753273e-01  2.38761543e-04  1.60591360e-01
  5.29897933e-06 -1.06059783e-05 -2.91003827e-05  0.00000000e+00]","[ 0.          1.74205089 11.38231754  1.12393272 -4.17845869 -0.3472904
 -0.93272221  0.08360032]"
1747093058.7874413,"[ 0.          0.06826585  0.50355243  3.12889204 -2.23843963 -0.00409168
  0.9600713   1.5709191 ]","[ 0.00000000e+00  2.37145590e-01  2.35508631e-04  1.60005515e-01
  5.30298914e-06 -1.06059783e-05 -1.85184257e-05  0.00000000e+00]","[ 0.          1.75392246 11.39126778  1.10827792 -4.16092634 -0.33916432
 -0.9377498   0.08169042]"
1747093058.7885544,"[ 0.          0.06849958  0.5035529   3.12905076 -2.23843963 -0.00409168
  0.9600713   1.5709191 ]","[ 0.00000000e+00  2.37145590e-01  2.35508631e-04  1.60978101e-01
  5.30298914e-06 -1.06058726e-05 -1.85184257e-05  0.00000000e+00]","[ 0.          1.75298786 11.39088917  1.05583489 -4.15697384 -0.34002745
 -0.93851978  0.07535063]"
1747093058.790285,"[ 0.          0.06897943  0.50355333  3.12937833 -2.23843963 -0.00409168
  0.9600713   1.5709191 ]","[ 0.00000000e+00  2.33465434e-01  2.32343185e-04  1.60167801e-01
  5.30298914e-06 -1.05979587e-05 -1.85325998e-05  0.00000000e+00]","[ 0.          1.76388156 11.36903095  1.0111649  -4.15553761 -0.32900435
 -0.95492172  0.07216937]"
1747093058.7919497,"[ 0.          0.06921086  0.50355333  3.12953386 -2.23843963 -0.00409168
  0.9600713   1.5709191 ]","[ 0.00000000e+00  2.34714707e-01  2.29261694e-04  1.57577111e-01
  5.30298914e-06 -1.05819570e-05 -1.85325998e-05  0.00000000e+00]","[ 0.          1.74359167 11.35176086  1.00377238 -4.16161251 -0.33705366
 -0.93807918  0.06291705]"
1747093058.7930186,"[ 0.          0.06967419  0.50355426  3.12985078 -2.23843963 -0.00409168
  0.9600713   1.5709191 ]","[ 0.00000000e+00  2.35254896e-01  2.36426124e-04  1.52968761e-01
  5.30700455e-06 -1.05819570e-05 -1.85464284e-05  0.00000000e+00]","[ 0.          1.7024647  11.36049843  0.99371082 -4.15733051 -0.31835112
 -0.93147218  0.06896196]"
1747093058.7948115,"[ 0.          0.06992536  0.50355426  3.12999911 -2.23843963 -0.00409168
  0.9600713   1.5709191 ]","[ 0.00000000e+00  2.36474657e-01  2.25082463e-04  1.50444300e-01
  5.30298914e-06 -1.05819570e-05 -1.85604623e-05  0.00000000e+00]","[ 0.          1.71065772 11.3538208   0.97251409 -4.18266582 -0.31194985
 -0.93733263  0.07283939]"
1747093058.7965066,"[ 0.          0.07039557  0.50355519  3.13030112 -2.23843963 -0.00409168
  0.9600713   1.5709191 ]","[ 0.00000000e+00  2.39278949e-01  2.36429294e-04  1.47451856e-01
  5.30298914e-06 -1.05899522e-05 -1.85464284e-05  0.00000000e+00]","[ 0.          1.71329856 11.32866287  0.97139996 -4.17640781 -0.30546361
 -0.94886833  0.06318322]"
1747093058.797694,"[ 0.          0.0706518   0.50355519  3.13044599 -2.23843963 -0.00409168
  0.9600713   1.5709191 ]","[ 0.00000000e+00  2.41239252e-01  2.32343185e-04  1.46933022e-01
  5.30298914e-06 -1.06059783e-05 -1.85602774e-05  0.00000000e+00]","[ 0.          1.69870353 11.32349014  0.96397763 -4.18345594 -0.31355694
 -0.94733822  0.07000092]"
1747093058.7995133,"[ 0.          0.07113119  0.50355609  3.13073335 -2.23843963 -0.00409168
  0.9600713   1.5709191 ]","[ 0.00000000e+00  2.43087735e-01  2.36426124e-04  1.45852644e-01
  5.30298914e-06 -1.05899522e-05 -1.85604623e-05  0.00000000e+00]","[ 0.          1.69952273 11.33306789  0.98325992 -4.17732334 -0.32116559
 -0.93801868  0.08260812]"
1747093058.8030143,"[ 0.          0.0716262   0.50355656  3.13103508 -2.23843963 -0.00409168
  0.9600713   1.5709191 ]","[ 0.00000000e+00  2.41740791e-01  2.25315896e-04  1.47451856e-01
  5.30298914e-06 -1.05900569e-05 -1.85464284e-05  0.00000000e+00]","[ 0.          1.66357005 11.33369064  0.9940027  -4.17879248 -0.32863298
 -0.94446933  0.08277768]"
1747093058.803427,"[ 0.          0.0721033   0.50355702  3.13133389 -2.23843963 -0.00409168
  0.9600713   1.5709191 ]","[ 0.00000000e+00  2.41982656e-01  2.29261694e-04  1.52990099e-01
  5.30298914e-06 -1.05900569e-05 -1.85602774e-05  0.00000000e+00]","[ 0.          1.69085658 11.33677387  1.01883769 -4.17949009 -0.31881917
 -0.95180613  0.07221175]"
1747093058.8095062,"[ 0.          0.07355296  0.50355885  3.1322881  -2.23843963 -0.00409168
  0.96007037  1.5709191 ]","[ 0.00000000e+00  2.43087735e-01  2.35018277e-04  1.59488745e-01
  0.00000000e+00 -1.05900569e-05 -2.91664395e-05  0.00000000e+00]","[ 0.          1.59274495 11.3446579   0.94931513 -4.20680141 -0.35338703
 -0.94246125  0.06936029]"
1747093058.813825,"[ 0.          0.07452644  0.50355979  3.1329246  -2.23843963 -0.00409168
  0.96007037  1.5709191 ]","[ 0.00000000e+00  2.42277435e-01  2.31862747e-04  1.56479523e-01
  0.00000000e+00 -1.05899522e-05 -2.91664395e-05  0.00000000e+00]","[ 0.          1.52842617 11.35673618  0.92081892 -4.2383604  -0.33064032
 -0.95935416  0.08128343]"
1747093058.8173628,"[ 0.          0.07550544  0.50356022  3.13354218 -2.23843963 -0.00409168
  0.96007037  1.5709191 ]","[ 0.00000000e+00  2.46328902e-01  2.24385057e-04  1.52968761e-01
  0.00000000e+00 -1.05899522e-05 -2.91664395e-05  0.00000000e+00]","[ 0.          1.47029662 11.42374897  0.90556884 -4.16259527 -0.33188748
 -0.94867605  0.05915147]"
1747093058.8196018,"[ 0.          0.07601146  0.50356069  3.13384712 -2.23843963 -0.00409168
  0.96007037  1.5709191 ]","[ 0.00000000e+00  2.47679391e-01  2.28793902e-04  1.55035956e-01
  0.00000000e+00 -1.05820616e-05 -2.91664395e-05  0.00000000e+00]","[ 0.          1.43655705 11.44726849  0.88436192 -4.18063211 -0.32397828
 -0.95548362  0.05144795]"
1747093058.8225708,"[ 0.          0.0767627   0.50356162  3.13431051 -2.23843963 -0.00409168
  0.96007037  1.5709191 ]","[ 0.00000000e+00  2.46505403e-01  2.45703106e-04  1.50174189e-01
  0.00000000e+00 -1.05820616e-05 -1.85604623e-05  0.00000000e+00]","[ 0.          1.27053738 11.44495773  0.82833427 -4.20381117 -0.31972247
 -0.96765685  0.06410243]"
1747093058.8242989,"[ 0.          0.07724669  0.50356252  3.13461544 -2.23843963 -0.00409168
  0.96007037  1.5709191 ]","[ 0.00000000e+00  2.45518602e-01  2.64442030e-04  1.48454936e-01
  0.00000000e+00 -1.05819570e-05 -1.85604623e-05  0.00000000e+00]","[ 0.          1.20339501 11.47125435  0.76606512 -4.20355892 -0.31260702
 -0.96455961  0.05765103]"
1747093058.8260772,"[ 0.          0.07772883  0.50356252  3.13493129 -2.23844016 -0.00409168
  0.96007037  1.5709191 ]","[ 0.00000000e+00  2.44168113e-01  2.64496694e-04  1.48837465e-01
 -5.29897933e-06 -1.05819570e-05 -1.85604623e-05  0.00000000e+00]","[ 0.          1.11277843 11.49908257  0.76552254 -4.24799776 -0.29639575
 -0.96859318  0.06289822]"
1747093058.829346,"[ 0.          0.07826563  0.50356345  3.13522983 -2.23844016 -0.00409168
  0.96007037  1.5709191 ]","[ 0.00000000e+00  2.43616056e-01  2.76715669e-04  1.45445713e-01
  0.00000000e+00 -1.05820616e-05 -1.85602774e-05  0.00000000e+00]","[ 0.          1.09453738 11.54398727  0.78018415 -4.26468945 -0.30608934
 -0.97820491  0.06113935]"
1747093058.8305295,"[ 0.          0.0787092   0.50356435  3.13550893 -2.23844016 -0.00409168
  0.96007037  1.5709191 ]","[ 0.00000000e+00  2.44438224e-01  2.85792685e-04  1.40180594e-01
 -5.29497611e-06 -1.05899522e-05 -1.85604623e-05  0.00000000e+00]","[ 0.          1.00718188 11.58268356  0.74823165 -4.27248812 -0.32751897
 -0.98169112  0.06580409]"
1747093058.8323033,"[ 0.          0.07924278  0.50356575  3.13579495 -2.23844016 -0.00409168
  0.96007037  1.5709191 ]","[ 0.00000000e+00  2.41737246e-01  3.03923312e-04  1.39176499e-01
 -5.29497611e-06 -1.05819570e-05 -1.85604623e-05  0.00000000e+00]","[ 0.          0.97496676 11.65032768  0.74280661 -4.27011061 -0.34891459
 -1.00019872  0.07627814]"
1747093058.8340273,"[ 0.          0.07973733  0.50356664  3.13607378 -2.23844016 -0.00409168
  0.96006937  1.5709191 ]","[ 0.00000000e+00  2.42242331e-01  3.11840039e-04  1.42071272e-01
  0.00000000e+00 -1.05819570e-05 -2.91664395e-05  0.00000000e+00]","[ 0.          0.93511236 11.70811844  0.73145866 -4.28340721 -0.353264
 -0.99488693  0.06385503]"
1747093058.835194,"[ 0.          0.07997473  0.50356758  3.1362152  -2.23844016 -0.00409168
  0.96006937  1.5709191 ]","[ 0.00000000e+00  2.40656852e-01  3.16962951e-04  1.43421761e-01
 -5.29497611e-06 -1.05820616e-05 -2.91661490e-05  0.00000000e+00]","[ 0.          0.96409065 11.73692036  0.73239756 -4.29474068 -0.35434127
 -0.99855906  0.06577983]"
1747093058.836955,"[ 0.          0.08044861  0.50356894  3.13651534 -2.23844016 -0.00409168
  0.96006937  1.5709191 ]","[ 0.00000000e+00  2.40143194e-01  3.25613348e-04  1.46950316e-01
 -5.29497611e-06 -1.05899522e-05 -2.91664395e-05  0.00000000e+00]","[ 0.          0.9326641  11.79705715  0.70792222 -4.30232048 -0.3413358
 -1.00343144  0.07518691]"
1747093058.8386655,"[ 0.          0.08070438  0.50356987  3.13666101 -2.23844016 -0.00409168
  0.96006937  1.5709191 ]","[ 0.00000000e+00  2.40737728e-01  3.40882994e-04  1.47593619e-01
 -5.29497611e-06 -1.05819570e-05 -2.91664395e-05  0.00000000e+00]","[ 0.          0.90835518 11.82976627  0.71091229 -4.31474781 -0.33670557
 -1.00969577  0.06612591]"
1747093058.8397644,"[ 0.          0.08117735  0.50357124  3.13680802 -2.23844016 -0.00409168
  0.96006937  1.5709191 ]","[ 0.00000000e+00  2.39846551e-01  3.64802095e-04  1.49093811e-01
 -5.29103081e-06 -1.05820616e-05 -2.91664395e-05  0.00000000e+00]","[ 0.          0.91717154 11.85628128  0.71445549 -4.32442474 -0.31603074
 -1.02017725  0.04922728]"
1747093058.8414176,"[ 0.          0.08143082  0.50357217  3.13696728 -2.23844016 -0.00409168
  0.96006937  1.5709191 ]","[ 0.00000000e+00  2.38506998e-01  3.76939373e-04  1.49959538e-01
 -5.29497611e-06 -1.05898466e-05 -2.91664395e-05  0.00000000e+00]","[ 0.          0.90504766 11.87107468  0.69355273 -4.31562185 -0.30347857
 -1.02741313  0.05703682]"
1747093058.84312,"[ 0.          0.0818969   0.50357447  3.13726608 -2.23844016 -0.00409168
  0.96006937  1.5709191 ]","[ 0.00000000e+00  2.36065196e-01  4.33320236e-04  1.51640975e-01
 -5.29097849e-06 -1.05819570e-05 -2.91664395e-05  0.00000000e+00]","[ 0.          0.84925944 11.91530418  0.65420204 -4.31755686 -0.3003526
 -1.01656592  0.04610199]"
1747093058.8448305,"[ 0.          0.08212741  0.50357583  3.13742694 -2.23844016 -0.00409168
  0.96006937  1.5709191 ]","[ 0.00000000e+00  2.33904407e-01  4.68517850e-04  1.51606903e-01
 -5.29097849e-06 -1.05819570e-05 -2.91664395e-05  0.00000000e+00]","[ 0.          0.80364317 11.92429066  0.66489291 -4.32058287 -0.30263343
 -1.02068889  0.04652465]"
1747093058.8460753,"[ 0.          0.08235655  0.5035786   3.13771988 -2.23844016 -0.00409168
  0.96006937  1.5709191 ]","[ 0.00000000e+00  2.32283823e-01  5.61700205e-04  1.46662928e-01
 -5.29497611e-06 -1.05900569e-05 -2.91667301e-05  0.00000000e+00]","[ 0.          0.80943716 11.95531273  0.64372748 -4.31311846 -0.29322484
 -1.01862681  0.03687873]"
1747093058.8478558,"[ 0.          0.08282721  0.50358226  3.13801017 -2.23844016 -0.00409168
  0.96006937  1.5709191 ]","[ 0.00000000e+00  2.28700839e-01  7.93728050e-04  1.40179562e-01
 -5.29097849e-06 -1.05819570e-05 -2.91661490e-05  0.00000000e+00]","[ 0.          0.80667955 11.98074532  0.63922691 -4.285779   -0.30701831
 -1.02504528  0.02595395]"
1747093058.8496268,"[ 0.          0.0830536   0.50358366  3.13814519 -2.23844016 -0.00409168
  0.96006937  1.5709191 ]","[ 0.00000000e+00  2.29350235e-01  9.59743245e-04  1.36800676e-01
 -5.29097849e-06 -1.05899522e-05 -2.91664395e-05  0.00000000e+00]","[ 0.          0.79334462 12.01169968  0.60046041 -4.27430916 -0.29943901
 -1.01906133  0.03987088]"
1747093058.8513792,"[ 0.          0.08352289  0.50358685  3.13840911 -2.23844016 -0.00409168
  0.96006937  1.5709191 ]","[ 0.00000000e+00  2.28700839e-01  1.22342292e-03  1.32483492e-01
 -5.29097849e-06 -1.05820616e-05 -2.91664395e-05  0.00000000e+00]","[ 0.          0.79323268 12.02419186  0.61133868 -4.26792574 -0.28376424
 -1.00417066  0.04121542]"
1747093058.852558,"[ 0.          0.08374789  0.50358872  3.1385468  -2.23844016 -0.00409168
  0.96006844  1.5709191 ]","[ 0.00000000e+00  2.28232373e-01  1.34007392e-03  1.29647292e-01
 -5.29103081e-06 -1.05820616e-05 -3.71205547e-05  0.00000000e+00]","[ 0.          0.81882155 12.03844452  0.64655435 -4.2668848  -0.29074255
 -0.99095422  0.04906769]"
1747093058.856255,"[ 0.          0.0841979   0.50359191  3.1387982  -2.23844016 -0.00409168
  0.96006844  1.5709191 ]","[ 0.00000000e+00  2.28772562e-01  1.52357287e-03  1.26675712e-01
 -5.29497611e-06 -1.05899522e-05 -3.71209245e-05  0.00000000e+00]","[ 0.          0.82039464 12.04979038  0.65847176 -4.23699617 -0.30400071
 -0.9943006   0.05124319]"
1747093058.8565629,"[ 0.          0.08466123  0.50359557  3.1390488  -2.23844016 -0.00409168
  0.96006844  1.5709191 ]","[ 0.00000000e+00  2.25302879e-01  1.68922006e-03  1.27215910e-01
 -5.29103081e-06 -1.05819570e-05 -2.91664395e-05  0.00000000e+00]","[ 0.          0.84370947 12.02680111  0.63514274 -4.22637558 -0.29624355
 -1.01562762  0.06932817]"
1747093058.8614635,"[ 0.          0.08555894  0.5036034   3.13956625 -2.23844016 -0.00409168
  0.96006844  1.5709191 ]","[ 0.00000000e+00  2.21750022e-01  1.82893199e-03  1.28566399e-01
 -5.29092566e-06 -1.05819570e-05 -2.91661490e-05  0.00000000e+00]","[ 0.          0.87077653 12.08206654  0.66215241 -4.26248217 -0.29901707
 -1.03466547  0.04363701]"
1747093058.8652506,"[ 0.          0.08666054  0.50361718  3.1402174  -2.23844016 -0.00409168
  0.96006844  1.5709191 ]","[ 0.00000000e+00  2.19319155e-01  2.52915363e-03  1.27641150e-01
 -5.29097849e-06 -1.05820616e-05 -2.91667301e-05  0.00000000e+00]","[ 0.          0.87836659 12.03675747  0.66240615 -4.31720018 -0.28022709
 -1.0412488   0.0523981 ]"
1747093058.8693292,"[ 0.          0.08752519  0.50363279  3.14072073 -2.23844016 -0.00409168
  0.96006844  1.5709191 ]","[ 0.00000000e+00  2.14187294e-01  3.61515067e-03  1.23628848e-01
 -5.29097849e-06 -1.05819570e-05 -2.91664395e-05  0.00000000e+00]","[ 0.          0.91055143 11.96867657  0.67315292 -4.33803034 -0.2982451
 -1.01897013  0.06554089]"
1747093058.8717284,"[ 0.          0.08796004  0.50364334  3.14096228 -2.23844016 -0.00409168
  0.96006844  1.5709191 ]","[ 0.00000000e+00  2.11899356e-01  5.00330207e-03  1.22084056e-01
 -5.29097849e-06 -1.05820616e-05 -2.91882350e-05  0.00000000e+00]","[ 0.          0.90998024 11.9639864   0.68264318 -4.33786583 -0.29858482
 -1.02429509  0.05647427]"
1747093058.8741653,"[ 0.          0.08860245  0.50366448  3.14132873 -2.23844016 -0.00409168
  0.96006844  1.5709191 ]","[ 0.00000000e+00  2.13153189e-01  7.40850063e-03  1.22084056e-01
 -5.29097849e-06 -1.05819570e-05 -2.91664395e-05  0.00000000e+00]","[ 0.          0.9296369  11.89287663  0.69264084 -4.37640762 -0.30513978
 -1.03111625  0.04089889]"
1747093058.876573,"[ 0.          0.08902077  0.50368193  3.1415836  -2.23844016 -0.00409168
  0.96006751  1.5709191 ]","[ 0.00000000e+00  2.11811688e-01  8.91321630e-03  1.25767341e-01
 -5.29097849e-06 -1.05819570e-05 -3.71490329e-05  0.00000000e+00]","[ 0.          0.8956154  11.82690334  0.64869559 -4.35342646 -0.29366153
 -1.0434159   0.05247748]"
1747093058.8783522,"[ 0.          0.08943909  0.5037012  -3.14134684 -2.23844043 -0.00409168
  0.96006751  1.5709191 ]","[ 0.00000000e+00  2.12026522e-01  9.52920130e-03  1.29646785e-01
 -7.94254290e-06 -1.05820616e-05 -3.71209245e-05  0.00000000e+00]","[ 0.          0.84847635 11.75207233  0.63472086 -4.32618666 -0.28980178
 -1.03947055  0.06590369]"
1747093058.8800504,"[ 0.          0.08986797  0.50371588 -3.14109065 -2.23844043 -0.00409168
  0.96006751  1.5709191 ]","[ 0.00000000e+00  2.08515244e-01  7.02253421e-03  1.30457085e-01
 -7.93646773e-06 -1.05819570e-05 -3.70651995e-05  0.00000000e+00]","[ 0.          0.80819535 11.69632626  0.6080333  -4.28316879 -0.28295434
 -1.03149474  0.05679498]"
1747093058.881851,"[ 0.          0.09027619  0.50372554 -3.14083072 -2.23844016 -0.00409168
  0.96006751  1.5709191 ]","[ 0.00000000e+00  2.05814282e-01  4.01229535e-03  1.26675712e-01
 -5.29497611e-06 -1.05819570e-05 -3.71209245e-05  0.00000000e+00]","[ 0.          0.78385758 11.65768623  0.56063175 -4.26370096 -0.24548319
 -1.00798881  0.04282558]"
1747093058.8835628,"[ 0.          0.09049247  0.50372783 -3.14070689 -2.23844016 -0.00409168
  0.96006751  1.5709191 ]","[ 0.00000000e+00  2.03623982e-01  2.43087727e-03  1.25468077e-01
 -5.29097849e-06 -1.05820616e-05 -3.70928568e-05  0.00000000e+00]","[ 0.          0.74543142 11.6579752   0.51566839 -4.23847723 -0.2319188
 -1.00383604  0.05612329]"
1747093058.8853438,"[ 0.          0.0908938   0.5037283  -3.14045468 -2.23844016 -0.00409168
  0.96006751  1.5709191 ]","[ 0.00000000e+00  2.03653493e-01  0.00000000e+00  1.22876547e-01
 -5.29103081e-06  0.00000000e+00 -3.70651995e-05  0.00000000e+00]","[ 0.          0.71095312 11.71786308  0.46878582 -4.1859026  -0.23773922
 -1.00031948  0.05390691]"
1747093058.8870356,"[ 0.          0.09109493  0.50372737 -3.14033484 -2.23844016 -0.00409168
  0.96006751  1.5709191 ]","[ 0.00000000e+00  2.03923588e-01 -5.19894785e-04  1.21543868e-01
 -5.29497611e-06  0.00000000e+00 -3.70651995e-05  0.00000000e+00]","[ 0.          0.68241096 11.73181534  0.43334574 -4.16974497 -0.25951049
 -0.99915409  0.06724431]"
1747093058.8882365,"[ 0.          0.09150866  0.50372737 -3.14010581 -2.23844016 -0.00409168
  0.96006751  1.5709191 ]","[ 0.00000000e+00  2.02238023e-01 -3.50993221e-04  1.14521328e-01
 -5.29097849e-06  0.00000000e+00 -3.70648338e-05  0.00000000e+00]","[ 0.          0.63334578 11.77624607  0.4420521  -4.18478107 -0.2524555
 -1.00346851  0.07270682]"
1747093058.8899662,"[ 0.          0.09170749  0.5037283  -3.13998783 -2.23844016 -0.00409168
  0.96006751  1.5709191 ]","[ 0.00000000e+00  2.01558384e-01  3.51108921e-04  1.10985923e-01
 -5.29097849e-06  0.00000000e+00 -3.70648338e-05  0.00000000e+00]","[ 0.          0.6336872  11.78615475  0.4265362  -4.20203495 -0.24047779
 -1.01251006  0.09690502]"
1747093058.8912137,"[ 0.          0.09211754  0.5037292  -3.13978304 -2.23844043 -0.00409168
  0.96006751  1.5709191 ]","[ 0.00000000e+00  1.99360927e-01  3.72395680e-04  1.02366944e-01
 -7.94254290e-06  0.00000000e+00 -3.70648338e-05  0.00000000e+00]","[ 0.          0.6020202  11.84311962  0.40004256 -4.25337076 -0.22889662
 -1.01514101  0.07270475]"
1747093058.8935897,"[ 0.          0.09231224  0.50372966 -3.13967651 -2.23844043 -0.00409168
  0.96006751  1.5709191 ]","[ 0.00000000e+00  1.97441254e-01  5.31887593e-04  1.00307380e-01
 -7.93654595e-06  0.00000000e+00 -3.70648338e-05  0.00000000e+00]","[ 0.          0.60201246 11.84633923  0.36758226 -4.26281118 -0.22936727
 -1.01506054  0.0676903 ]"
1747093058.8946047,"[ 0.          0.09269658  0.50373013 -3.13948529 -2.23844043 -0.00409168
  0.96006751  1.5709191 ]","[ 0.00000000e+00  1.94200087e-01  4.38813819e-04  9.60572744e-02
 -7.93646773e-06  0.00000000e+00 -3.70648338e-05  0.00000000e+00]","[ 0.          0.60423291 11.91934681  0.36087048 -4.2799201  -0.21824729
 -1.00971472  0.06568929]"
1747093058.8963423,"[ 0.          0.09309378  0.50373196 -3.13929488 -2.23844043 -0.00409168
  0.96006751  1.5709191 ]","[ 0.00000000e+00  1.93342482e-01  5.34234926e-04  9.72350907e-02
 -7.93646773e-06  0.00000000e+00 -3.70648338e-05  0.00000000e+00]","[ 0.          0.55518991 12.01195335  0.3750014  -4.29058981 -0.21683194
 -1.02327335  0.07074958]"
1747093058.898128,"[ 0.          0.09347353  0.50373426 -3.13909514 -2.23844043 -0.00409168
  0.96006751  1.5709191 ]","[ 0.00000000e+00  1.93389787e-01  6.49047793e-04  9.72350907e-02
 -7.93646773e-06  0.00000000e+00 -3.70648338e-05  0.00000000e+00]","[ 0.          0.56523263 12.08178806  0.37846106 -4.26444864 -0.23095608
 -1.02663803  0.07824794]"
1747093058.8992572,"[ 0.          0.09367742  0.50373566 -3.13899581 -2.23844043 -0.00409168
  0.96006751  1.5709191 ]","[ 0.00000000e+00  1.92088633e-01  7.44716979e-04  1.00746360e-01
 -7.94246417e-06  0.00000000e+00 -3.70648338e-05  0.00000000e+00]","[ 0.          0.58159626 12.1186552   0.38434631 -4.25916862 -0.23114951
 -1.03260624  0.08858877]"
1747093058.901479,"[ 0.          0.09405441  0.50373932 -3.13878834 -2.23844043 -0.00409168
  0.96006751  1.5709191 ]","[ 0.00000000e+00  1.90418714e-01  9.05236347e-04  1.01465689e-01
 -7.93646773e-06  0.00000000e+00 -3.70648338e-05  0.00000000e+00]","[ 0.          0.53752017 12.17856789  0.38574183 -4.22043657 -0.21937373
 -1.02620471  0.06931186]"
1747093058.902639,"[ 0.          0.09424267  0.50374115 -3.13868874 -2.23844043 -0.00409168
  0.96006751  1.5709191 ]","[ 0.00000000e+00  1.90958920e-01  9.79703624e-04  1.01016455e-01
 -7.93646773e-06  0.00000000e+00 -3.70648338e-05  0.00000000e+00]","[ 0.          0.49458292 12.21645737  0.37593704 -4.21390676 -0.21292035
 -1.02620471  0.06701108]"
1747093058.9043808,"[ 0.          0.0946284   0.50374528 -3.13847889 -2.23844043 -0.00409062
  0.96006751  1.5709191 ]","[ 0.00000000e+00  1.87324038e-01  1.13476904e-03  1.02815071e-01
 -7.94254290e-06  1.06059783e-05 -3.70648338e-05  0.00000000e+00]","[ 0.          0.49567285 12.24539852  0.3401024  -4.20237732 -0.20542185
 -1.03213012  0.05299975]"
1747093058.9055924,"[ 0.          0.09480932  0.50374757 -3.13837742 -2.23844043 -0.00409062
  0.96006751  1.5709191 ]","[ 0.00000000e+00  1.83396192e-01  1.22334138e-03  1.02907141e-01
 -7.93646773e-06  1.05979587e-05 -3.70368514e-05  0.00000000e+00]","[ 0.          0.50947952 12.27391529  0.34047109 -4.18546104 -0.20071764
 -1.04146492  0.06427285]"
1747093058.907243,"[ 0.          0.09516427  0.50375263 -3.13817262 -2.23844016 -0.00409062
  0.96006751  1.5709191 ]","[ 0.00000000e+00  1.79163014e-01  1.78839369e-03  1.04961462e-01
 -5.29497611e-06  1.06059783e-05 -2.91223691e-05  0.00000000e+00]","[ 0.          0.47517034 12.28274059  0.33787858 -4.14044809 -0.19928111
 -1.04006827  0.06304005]"
1747093058.9089377,"[ 0.          0.09535392  0.50375493 -3.13806929 -2.23844016 -0.00409062
  0.96006751  1.5709191 ]","[ 0.00000000e+00  1.78547141e-01  2.12392103e-03  1.04797819e-01
 -5.29502843e-06  1.06059783e-05 -2.91003827e-05  0.00000000e+00]","[ 0.          0.44258967 12.29755783  0.33430684 -4.13587189 -0.19261962
 -1.04349864  0.06037736]"
1747093058.9101236,"[ 0.          0.09569785  0.50376042 -3.13785517 -2.23844016 -0.00409062
  0.96006658  1.5709191 ]","[ 0.00000000e+00  1.73672674e-01  2.41556565e-03  1.04797819e-01
 -5.29103081e-06  1.05978530e-05 -3.70372172e-05  0.00000000e+00]","[ 0.          0.46624959 12.32224369  0.30387247 -4.0834341  -0.20224504
 -1.04561627  0.07196087]"
1747093058.9123871,"[ 0.          0.09604637  0.50376595 -3.13765144 -2.23844016 -0.00409062
  0.96006658  1.5709191 ]","[ 0.00000000e+00  1.69891318e-01  2.66627184e-03  1.01826747e-01
 -5.29497611e-06  1.06059783e-05 -3.70368514e-05  0.00000000e+00]","[ 0.          0.48893151 12.34615898  0.32601407 -4.09086657 -0.19849288
 -1.05438221  0.0855306 ]"
1747093058.913577,"[ 0.          0.09621398  0.50376871 -3.13754571 -2.23844016 -0.00409062
  0.96006658  1.5709191 ]","[ 0.00000000e+00  1.69719178e-01  2.66627184e-03  9.94614268e-02
 -5.29497611e-06  1.06059783e-05 -3.70368514e-05  0.00000000e+00]","[ 0.          0.5158574  12.35720348  0.34096205 -4.08035183 -0.20447458
 -1.04192531  0.08109082]"
1747093058.9152963,"[ 0.          0.09654827  0.5037756  -3.1373529  -2.23844016 -0.00409062
  0.96006658  1.5709191 ]","[ 0.00000000e+00  1.69081018e-01  2.94005260e-03  9.72350907e-02
 -5.29497611e-06  1.06059783e-05 -3.70648338e-05  0.00000000e+00]","[ 0.          0.54173303 12.39436817  0.39382049 -4.06459761 -0.19448598
 -1.03094161  0.0792153 ]"
1747093058.9169786,"[ 0.          0.09689266  0.50378249 -3.13715956 -2.23844016 -0.00409062
  0.96006658  1.5709191 ]","[ 0.00000000e+00  1.67830415e-01  3.29770317e-03  9.42889438e-02
 -5.29497611e-06  1.05979587e-05 -3.70368514e-05  0.00000000e+00]","[ 0.          0.60537237 12.37055874  0.42267472 -4.04957008 -0.19174357
 -1.02163911  0.06981382]"
1747093058.9181318,"[ 0.          0.09705751  0.50378616 -3.13706741 -2.23844016 -0.00409062
  0.96006658  1.5709191 ]","[ 0.00000000e+00  1.67190340e-01  3.45797033e-03  9.34537265e-02
 -5.29097849e-06  1.05979587e-05 -3.70368514e-05  0.00000000e+00]","[ 0.          0.61269784 12.37112141  0.44181451 -4.04091024 -0.1833252
 -1.01358795  0.06931651]"
1747093058.9205317,"[ 0.          0.09739685  0.50379305 -3.13688418 -2.23844016 -0.00409062
  0.96006658  1.5709191 ]","[ 0.00000000e+00  1.65351494e-01  3.57738060e-03  9.15630403e-02
 -5.29497611e-06  1.06059783e-05 -3.70368514e-05  0.00000000e+00]","[ 0.          0.65191007 12.36005211  0.4917452  -4.00387144 -0.18396074
 -0.99685806  0.08439142]"
1747093058.9221509,"[ 0.          0.0977192   0.50380084 -3.13669776 -2.23844016 -0.00409062
  0.96006658  1.5709191 ]","[ 0.00000000e+00  1.62598684e-01  3.71384030e-03  9.07781817e-02
 -5.29892650e-06  1.06058726e-05 -3.70372172e-05  0.00000000e+00]","[ 0.          0.73182869 12.32512283  0.55935824 -3.99851871 -0.19233838
 -0.98173559  0.0928452 ]"
1747093058.92383,"[ 0.          0.09789232  0.50380543 -3.13660801 -2.23843963 -0.00409062
  0.96006658  1.5709191 ]","[ 0.00000000e+00  1.62999507e-01  3.90764742e-03  9.10228513e-02
  0.00000000e+00  1.06059783e-05 -3.70651995e-05  0.00000000e+00]","[ 0.          0.75240123 12.29349804  0.57764626 -3.97664952 -0.19218661
 -0.99395806  0.09525784]"
1747093058.9254653,"[ 0.          0.09820823  0.50381415 -3.13642399 -2.23843963 -0.00409062
  0.96006658  1.5709191 ]","[ 0.00000000e+00  1.59627612e-01  4.23880396e-03  8.99411835e-02
  0.00000000e+00  1.05979587e-05 -3.70368514e-05  0.00000000e+00]","[ 0.          0.78327024 12.22106075  0.62495768 -3.9464488  -0.19376646
 -0.97243065  0.09638856]"
1747093058.9266584,"[ 0.          0.09836298  0.50381968 -3.13633451 -2.23843963 -0.00409062
  0.96006658  1.5709191 ]","[ 0.00000000e+00  1.56767643e-01  4.70242312e-03  9.08448856e-02
  0.00000000e+00  1.06059783e-05 -3.70368514e-05  0.00000000e+00]","[ 0.          0.8052507  12.20469761  0.64717805 -3.9058249  -0.19995391
 -0.95985323  0.09462609]"
1747093058.9283872,"[ 0.          0.09868534  0.50383482 -3.13615208 -2.23843963 -0.00409062
  0.96006658  1.5709191 ]","[ 0.00000000e+00  1.57482586e-01  6.84662410e-03  9.23733403e-02
  5.30293632e-06  1.06058726e-05 -3.70651995e-05  0.00000000e+00]","[ 0.          0.86293906 12.13927555  0.69535285 -3.85921407 -0.18839851
 -0.9417724   0.09309484]"
1747093058.9300501,"[ 0.          0.098841    0.50384401 -3.13606127 -2.23843963 -0.00409062
  0.96006658  1.5709191 ]","[ 0.00000000e+00  1.57736934e-01  8.63873854e-03  9.21032375e-02
  5.30293632e-06  1.06059783e-05 -3.70372172e-05  0.00000000e+00]","[ 0.          0.85808229 12.07487965  0.70198566 -3.84042168 -0.20009041
 -0.91642833  0.09369558]"
1747093058.9312632,"[ 0.          0.09915922  0.50386605 -3.13587005 -2.23843963 -0.00409062
  0.96006658  1.5709191 ]","[ 0.00000000e+00  1.53826998e-01  1.15244978e-02  9.30892147e-02
  5.30298914e-06  1.06059783e-05 -3.70648338e-05  0.00000000e+00]","[ 0.          0.83708602 11.92963314  0.66897535 -3.77702284 -0.22083318
 -0.89246953  0.09784344]"
1747093058.9330602,"[ 0.          0.09946091  0.50389361 -3.13568922 -2.23843963 -0.00409062
  0.96006658  1.5709191 ]","[ 0.00000000e+00  1.52875167e-01  1.48553612e-02  9.04826541e-02
  5.30298914e-06  1.06059783e-05 -3.70368514e-05  0.00000000e+00]","[ 0.          0.82126522 11.76828957  0.65264213 -3.7268815  -0.21880172
 -0.87605274  0.09176325]"
1747093058.9341962,"[ 0.          0.09961106  0.50390966 -3.13560054 -2.23843963 -0.00409062
  0.96006658  1.5709191 ]","[ 0.00000000e+00  1.52334978e-01  1.62058481e-02  8.99424568e-02
  5.30298914e-06  1.06059783e-05 -2.64548924e-05  0.00000000e+00]","[ 0.          0.81335592 11.68006706  0.65102565 -3.70795321 -0.19738208
 -0.87914073  0.09600411]"
1747093058.9359477,"[ 0.          0.0999178   0.50394917 -3.13542211 -2.23843909 -0.00409062
  0.96006751  1.5709191 ]","[ 0.00000000e+00  1.48013417e-01  1.99669629e-02  8.61610926e-02
  1.06059783e-05  1.06059783e-05 -1.85186086e-05  0.00000000e+00]","[ 0.          0.7718733  11.51239014  0.61094362 -3.65924454 -0.17984714
 -0.87090892  0.09817059]"
1747093058.9377227,"[ 0.          0.1000629   0.50397121 -3.13533982 -2.23843856 -0.00409062
  0.96006751  1.5709191 ]","[ 0.00000000e+00  1.47203117e-01  2.24180906e-02  8.34601230e-02
  1.59089679e-05  1.05979587e-05 -1.85184257e-05  0.00000000e+00]","[ 0.          0.723777   11.39465332  0.61306691 -3.62645721 -0.17050733
 -0.85910666  0.09346173]"
1747093058.9394593,"[ 0.          0.10034576  0.50402354 -3.13517257 -2.23843856 -0.00409062
  0.96006751  1.5709191 ]","[ 0.00000000e+00  1.42611461e-01  2.63306883e-02  8.09471475e-02
  1.59089679e-05  1.06059783e-05 -1.85324169e-05  0.00000000e+00]","[ 0.          0.69550943 11.1519556   0.54186159 -3.54729438 -0.18170843
 -0.81761324  0.09642532]"
1747093058.941285,"[ 0.          0.10063506  0.50407957 -3.13501758 -2.23843856 -0.00409062
  0.96006751  1.5709191 ]","[ 0.00000000e+00  1.40180594e-01  2.88711484e-02  7.80581670e-02
  1.59091264e-05  1.05979587e-05 -1.85184257e-05  0.00000000e+00]","[ 0.          0.64004582 10.93796539  0.46037829 -3.48358154 -0.17914416
 -0.76918602  0.08928248]"
1747093058.9424927,"[ 0.          0.10077419  0.50411033 -3.13494274 -2.2384383  -0.00409062
  0.96006751  1.5709191 ]","[ 0.00000000e+00  1.40990877e-01  2.90891406e-02  7.58973946e-02
  1.85604623e-05  1.06059783e-05 -1.85186086e-05  0.00000000e+00]","[ 0.          0.60574555 10.82280827  0.42039764 -3.45237708 -0.16699384
 -0.76000822  0.09543999]"
1747093058.9442015,"[ 0.          0.10105935  0.50416682 -3.13479147 -2.2384383  -0.00408955
  0.96006751  1.5709191 ]","[ 0.00000000e+00  1.39229088e-01  2.83602355e-02  7.36619039e-02
  1.85604623e-05  2.12119566e-05 -1.85184257e-05  0.00000000e+00]","[ 0.          0.5199241  10.62566376  0.30733043 -3.41797161 -0.15213574
 -0.76325643  0.10132699]"
1747093058.946604,"[ 0.          0.10133486  0.50421962 -3.13465565 -2.2384383  -0.00408955
  0.96006751  1.5709191 ]","[ 0.00000000e+00  1.39640388e-01  2.59293582e-02  6.80645635e-02
  1.85604623e-05  2.11959173e-05 -1.85184257e-05  0.00000000e+00]","[ 0.          0.45553806 10.42042065  0.22543015 -3.40078497 -0.11956164
 -0.76879847  0.10103395]"
1747093058.9493017,"[ 0.          0.10162093  0.50427335 -3.13452489 -2.2384383  -0.00408955
  0.96006751  1.5709191 ]","[ 0.00000000e+00  1.39640388e-01  2.64695534e-02  6.26626158e-02
  1.85604623e-05  2.12119566e-05 -1.85186086e-05  0.00000000e+00]","[ 0.          0.36914501 10.29306412  0.1395274  -3.39724588 -0.10281572
 -0.76752728  0.10120523]"
1747093058.9509099,"[ 0.          0.10189691  0.50432801 -3.13440318 -2.2384383  -0.00408955
  0.96006751  1.5709191 ]","[ 0.00000000e+00  1.40180594e-01  2.80901368e-02  6.04405325e-02
  1.85604623e-05  2.11959173e-05 -1.85184257e-05  0.00000000e+00]","[ 0.          0.32273883 10.18160439  0.07876389 -3.45298123 -0.08843681
 -0.76397294  0.10477499]"
1747093058.9526243,"[ 0.          0.10218299  0.50439089 -3.134286   -2.2384383  -0.00408955
  0.96006844  1.5709191 ]","[ 0.00000000e+00  1.39370294e-01  3.16014045e-02  5.59101792e-02
  1.85604623e-05  2.12119566e-05 -1.05819570e-05  0.00000000e+00]","[ 0.          0.21681805 10.08111763 -0.0280754  -3.54756165 -0.09248357
 -0.73520249  0.10569067]"
1747093058.9542837,"[ 0.          0.10231982  0.50442398 -3.13423274 -2.2384383  -0.00408955
  0.96006844  1.5709191 ]","[0.00000000e+00 1.38830105e-01 3.34920866e-02 5.40194971e-02
 1.85604623e-05 2.12121679e-05 0.00000000e+00 0.00000000e+00]","[ 0.          0.15474434 10.03776455 -0.04780406 -3.60989952 -0.06924265
 -0.75765204  0.09713197]"
1747093058.955396,"[ 0.          0.10259212  0.50449469 -3.13412994 -2.23843856 -0.00408848
  0.96006844  1.5709191 ]","[0.00000000e+00 1.31402673e-01 3.45734922e-02 5.21288109e-02
 1.59089679e-05 3.18179359e-05 0.00000000e+00 0.00000000e+00]","[ 0.          0.06305508  9.93893337 -0.12356529 -3.70988846 -0.06524271
 -0.77559054  0.1006682 ]"
1747093058.9577353,"[ 0.          0.102841    0.5045608  -3.13402368 -2.23843856 -0.00408848
  0.96006844  1.5709191 ]","[0.00000000e+00 1.24118953e-01 3.29518914e-02 5.18061731e-02
 1.59089679e-05 3.17938749e-05 0.00000000e+00 0.00000000e+00]","[ 0.00000000e+00  5.48155000e-03  9.95504093e+00 -1.74070731e-01
 -3.81553411e+00 -4.11029942e-02 -7.79171586e-01  1.12961441e-01]"
1747093058.958829,"[ 0.          0.10308254  0.50462692 -3.13391875 -2.23843856 -0.00408848
  0.96006844  1.5709191 ]","[0.00000000e+00 1.21543868e-01 3.15968251e-02 5.29391068e-02
 1.59089679e-05 3.18182529e-05 0.00000000e+00 0.00000000e+00]","[ 0.         -0.08953744  9.96084118 -0.26298127 -3.9303441  -0.02880106
 -0.78410029  0.12914388]"
1747093058.960456,"[ 0.          0.1032079   0.50465861 -3.13386176 -2.23843856 -0.00408795
  0.96006844  1.5709191 ]","[0.00000000e+00 1.18111943e-01 3.21415997e-02 5.36644520e-02
 1.59091264e-05 3.71209245e-05 0.00000000e+00 0.00000000e+00]","[ 0.         -0.13282853 10.00247288 -0.32588127 -3.96247053 -0.04611852
 -0.78683001  0.11441252]"
1747093058.961612,"[ 0.          0.10342923  0.50472336 -3.13375044 -2.23843856 -0.00408795
  0.96006844  1.5709191 ]","[0.00000000e+00 1.10357942e-01 3.29518914e-02 5.77422967e-02
 1.59089679e-05 3.71209245e-05 0.00000000e+00 0.00000000e+00]","[ 0.         -0.16720907 10.08683681 -0.38858485 -3.97869706 -0.03305764
 -0.80438513  0.10474317]"
1747093058.9632769,"[ 0.          0.10354126  0.50476011 -3.13369079 -2.23843856 -0.00408795
  0.96006844  1.5709191 ]","[0.00000000e+00 1.05573523e-01 3.46060473e-02 6.05632584e-02
 1.59089679e-05 3.71209245e-05 0.00000000e+00 0.00000000e+00]","[ 0.         -0.19017205 10.11793041 -0.39778531 -4.01209402 -0.02798066
 -0.80332077  0.10503555]"
1747093058.9648979,"[ 0.          0.10364183  0.50479453 -3.13362527 -2.23843856 -0.00408795
  0.96006844  1.5709191 ]","[0.00000000e+00 1.02096849e-01 3.48425735e-02 6.16310071e-02
 1.59089679e-05 3.71209245e-05 0.00000000e+00 0.00000000e+00]","[ 0.         -0.23671305 10.16139221 -0.43855661 -4.03685379 -0.02651743
 -0.81579912  0.11331882]"
1747093058.9660373,"[ 0.          0.10383928  0.5048634  -3.13350304 -2.23843909 -0.00408795
  0.96006844  1.5709191 ]","[0.00000000e+00 9.91257769e-02 3.48425735e-02 6.18523200e-02
 1.06058726e-05 3.70924870e-05 0.00000000e+00 0.00000000e+00]","[ 0.00000000e+00 -3.08416486e-01  1.02639418e+01 -5.10337770e-01
 -4.07794762e+00  3.85802798e-03 -8.39219987e-01  1.19358420e-01]"
1747093058.9678757,"[ 0.          0.10393617  0.50489876 -3.13344285 -2.23843909 -0.00408689
  0.96006844  1.5709191 ]","[0.00000000e+00 9.83154852e-02 3.33522061e-02 6.10420282e-02
 1.06059783e-05 4.77269018e-05 0.00000000e+00 0.00000000e+00]","[ 0.         -0.3429037  10.32031441 -0.53302038 -4.11677694  0.0150357
 -0.8462581   0.12310743]"
1747093058.96906,"[ 0.          0.10413316  0.50495938 -3.13331768 -2.23843856 -0.00408689
  0.96006844  1.5709191 ]","[0.00000000e+00 9.57874546e-02 3.02509176e-02 6.13121269e-02
 1.59089679e-05 4.77269018e-05 0.00000000e+00 0.00000000e+00]","[ 0.         -0.41210863 10.45201015 -0.56540763 -4.08358479  0.02396029
 -0.85356826  0.12189744]"
1747093058.9707668,"[ 0.          0.104225    0.50498694 -3.13325829 -2.23843856 -0.00408689
  0.96006844  1.5709191 ]","[0.00000000e+00 9.31836320e-02 2.80901368e-02 6.01707085e-02
 1.59089679e-05 4.77630399e-05 0.00000000e+00 0.00000000e+00]","[ 0.         -0.4429101  10.57713985 -0.62294126 -4.08186245  0.03101646
 -0.84995443  0.13079889]"
1747093058.9725137,"[ 0.          0.1044073   0.50504297 -3.13314484 -2.23843856 -0.00408689
  0.96006844  1.5709191 ]","[0.00000000e+00 8.82704993e-02 2.68322260e-02 5.41659876e-02
 1.59088095e-05 4.77269018e-05 0.00000000e+00 0.00000000e+00]","[ 0.         -0.46771869 10.81176662 -0.63585681 -4.05478525  0.0418377
 -0.86420655  0.10863055]"
1747093058.9736433,"[ 0.          0.10449225  0.5050705  -3.13309451 -2.23843856 -0.00408582
  0.96006844  1.5709191 ]","[0.00000000e+00 8.61610926e-02 2.78200403e-02 5.10484247e-02
 1.59088095e-05 5.83328791e-05 0.00000000e+00 0.00000000e+00]","[ 0.         -0.45975283 10.96496487 -0.65444958 -4.01582289  0.04413263
 -0.88587564  0.10966605]"
1747093058.9753726,"[ 0.          0.10465756  0.50512789 -3.1329989  -2.23843856 -0.00408582
  0.96006844  1.5709191 ]","[0.00000000e+00 8.23797284e-02 2.97107224e-02 4.78072536e-02
 1.59210137e-05 5.83328791e-05 0.00000000e+00 0.00000000e+00]","[ 0.         -0.45672643 11.20776367 -0.67834246 -4.00712013  0.03664758
 -0.88063675  0.10875203]"
1747093058.9765503,"[ 0.          0.10474251  0.50516098 -3.1329483  -2.23843856 -0.00408582
  0.96006844  1.5709191 ]","[0.00000000e+00 7.99951423e-02 3.10952894e-02 4.76011874e-02
 1.59210137e-05 5.82447383e-05 0.00000000e+00 0.00000000e+00]","[ 0.         -0.44913808 11.28192425 -0.68530232 -4.01334953  0.03062267
 -0.88878143  0.1183893 ]"
1747093058.9782994,"[ 0.          0.1048945   0.50522203 -3.13285962 -2.23843856 -0.00408582
  0.96006844  1.5709191 ]","[0.00000000e+00 7.58973946e-02 3.07911127e-02 4.42959881e-02
 1.85602774e-05 5.82447383e-05 1.05819570e-05 0.00000000e+00]","[ 0.         -0.45102689 11.43298054 -0.66654515 -4.02674818  0.03586515
 -0.8934415   0.10959647]"
1747093058.9800456,"[ 0.          0.10497164  0.50525326 -3.13281887 -2.23843856 -0.00408582
  0.96006844  1.5709191 ]","[0.00000000e+00 7.27228567e-02 2.93123093e-02 4.13249156e-02
 1.85604623e-05 5.82453112e-05 1.05820616e-05 0.00000000e+00]","[ 0.         -0.4105255  11.54264164 -0.60918361 -3.98961568  0.03058283
 -0.88933069  0.10482277]"
1747093058.981207,"[ 0.          0.10510435  0.50530605 -3.13273977 -2.23843856 -0.00408476
  0.96006751  1.5709191 ]","[0.00000000e+00 6.61068321e-02 2.59293582e-02 3.77753338e-02
 1.59089679e-05 6.88353671e-05 0.00000000e+00 0.00000000e+00]","[ 0.         -0.3786529  11.71270943 -0.56085354 -3.94975233  0.01454127
 -0.91183513  0.09960502]"
1747093058.9829283,"[ 0.          0.10522971  0.50535336 -3.13266414 -2.23843856 -0.00408476
  0.96006751  1.5709191 ]","[0.00000000e+00 6.29327103e-02 2.32283823e-02 3.66121941e-02
 1.59210137e-05 6.88346925e-05 0.00000000e+00 0.00000000e+00]","[ 0.         -0.32404557 12.01120281 -0.49298593 -3.91392088  0.01919604
 -0.91775548  0.12040682]"
1747093058.9849327,"[ 0.          0.10529353  0.50537816 -3.13262819 -2.23843856 -0.00408476
  0.96006751  1.5709191 ]","[0.00000000e+00 6.01844321e-02 2.33214660e-02 3.64631611e-02
 1.59210137e-05 6.88346925e-05 0.00000000e+00 0.00000000e+00]","[ 0.         -0.29197621 12.09984779 -0.45397395 -3.87417364  0.02510932
 -0.93716925  0.12185708]"
1747093058.9890494,"[ 0.          0.10550936  0.50547643 -3.13248917 -2.2384383  -0.00408476
  0.96006751  1.5709191 ]","[0.00000000e+00 5.14075353e-02 2.60799204e-02 3.21090342e-02
 1.85604623e-05 6.88346925e-05 0.00000000e+00 0.00000000e+00]","[ 0.         -0.1201374  12.52435112 -0.29785895 -3.8346529  -0.02558575
 -0.96145999  0.11123765]"
1747093058.993972,"[ 0.          0.1057518   0.50564035 -3.13237812 -2.23843856 -0.00408476
  0.96006751  1.5709191 ]","[0.00000000e+00 4.37557908e-02 3.48072720e-02 1.53799571e-02
 1.85604623e-05 6.88346925e-05 0.00000000e+00 0.00000000e+00]","[ 0.          0.11351703 12.7777977  -0.05315012 -3.93332577 -0.05981597
 -0.99578476  0.11384469]"
1747093058.9975803,"[ 0.          0.1059116   0.50579694 -3.13234776 -2.23843856 -0.00408476
  0.96006751  1.5709191 ]","[0.00000000e+00 3.80837445e-02 4.24053018e-02 3.24116978e-03
 1.85602774e-05 6.88346925e-05 0.00000000e+00 0.00000000e+00]","[ 0.          0.27183351 12.80102444  0.12012804 -3.95607686 -0.10010201
 -1.02188683  0.11326706]"
1747093059.0004818,"[ 0.          0.10601998  0.50595077 -3.13235148 -2.23843856 -0.00408476
  0.96006751  1.5709191 ]","[ 0.00000000e+00  3.59229638e-02  5.48666279e-02 -2.07957914e-03
  1.85604623e-05  6.88346925e-05  0.00000000e+00  0.00000000e+00]","[ 0.          0.42141238 12.67951965  0.27036723 -3.95340848 -0.12869219
 -1.01719344  0.06807351]"
1747093059.0028956,"[ 0.          0.10609528  0.50606466 -3.13235362 -2.23843856 -0.00408476
  0.96006751  1.5709191 ]","[ 0.00000000e+00  3.40322817e-02  5.83410544e-02 -1.42057551e-03
  1.85604623e-05  6.88346925e-05  0.00000000e+00  0.00000000e+00]","[ 0.          0.51019979 12.50589371  0.36898196 -3.91944265 -0.14857949
 -0.99230081  0.06284141]"
1747093059.0053022,"[ 0.          0.10619722  0.50624831 -3.13234856 -2.2384383  -0.00408476
  0.96006751  1.5709191 ]","[0.00000000e+00 3.40322817e-02 6.23925172e-02 1.19216367e-03
 2.12119566e-05 5.82001802e-05 0.00000000e+00 0.00000000e+00]","[ 0.          0.5942781  12.15743256  0.42533544 -3.84370399 -0.13430706
 -0.97442019  0.09693722]"
1747093059.0070372,"[ 0.          0.1062335   0.50631216 -3.13234776 -2.2384383  -0.00408476
  0.96006751  1.5709191 ]","[0.00000000e+00 3.67332556e-02 6.47577163e-02 1.11696396e-03
 2.12119566e-05 5.82447383e-05 0.00000000e+00 0.00000000e+00]","[ 0.          0.62437582 12.02504444  0.4490115  -3.80568004 -0.15046023
 -0.9613921   0.12151712]"
1747093059.008806,"[ 0.          0.10636482  0.50650318 -3.13234776 -2.2384383  -0.00408476
  0.96006751  1.5709191 ]","[0.00000000e+00 4.61866702e-02 6.15822255e-02 7.55443679e-04
 1.85604623e-05 5.82007654e-05 1.05979587e-05 0.00000000e+00]","[ 0.          0.63333261 11.70572662  0.49610898 -3.75035858 -0.15050252
 -0.9314937   0.09925335]"
1747093059.0119214,"[ 0.          0.10641259  0.5065638  -3.13234829 -2.2384383  -0.00408476
  0.96006751  1.5709191 ]","[0.00000000e+00 4.83474467e-02 6.15822255e-02 3.55502910e-04
 1.85322320e-05 5.82007654e-05 1.05979587e-05 0.00000000e+00]","[ 0.          0.65974355 11.5898447   0.50996339 -3.73638082 -0.15755881
 -0.92714542  0.07013977]"
1747093059.013503,"[ 0.          0.10656916  0.506691   -3.13234829 -2.2384383  -0.00408476
  0.96006751  1.5709191 ]","[ 0.00000000e+00  5.24106066e-02  6.18815398e-02 -8.77627637e-05
  1.85184257e-05  5.82007654e-05  1.06059783e-05  0.00000000e+00]","[ 0.          0.61348438 11.37244987  0.48974261 -3.72213745 -0.17797667
 -0.90980959  0.08787791]"
1747093059.0152123,"[ 0.          0.10667891  0.50681497 -3.13234776 -2.2384383  -0.00408476
  0.96006751  1.5709191 ]","[0.00000000e+00 5.67204709e-02 6.29327103e-02 0.00000000e+00
 1.85324169e-05 5.82447383e-05 1.05979587e-05 0.00000000e+00]","[ 0.          0.53339398 11.16049767  0.42997414 -3.7030797  -0.17454721
 -0.89261401  0.08549053]"
1747093059.017414,"[ 0.          0.10679462  0.50694217 -3.13234829 -2.2384383  -0.00408476
  0.96006751  1.5709191 ]","[ 0.00000000e+00  5.56705988e-02  6.26921145e-02 -5.27881270e-05
  1.85186086e-05  5.82013384e-05  1.05979587e-05  0.00000000e+00]","[ 0.          0.46359167 11.05656815  0.4088088  -3.74619603 -0.15099242
 -0.88012683  0.08389857]"
1747093059.0190837,"[ 0.          0.1068479   0.50707213 -3.13234856 -2.2384383  -0.00408476
  0.96006751  1.5709191 ]","[ 0.00000000e+00  5.39647609e-02  6.69841731e-02 -6.62368019e-05
  1.85324169e-05  5.82447383e-05  1.05979587e-05  0.00000000e+00]","[ 0.          0.46187627 10.86386967  0.33991671 -3.76741314 -0.12100895
 -0.87350386  0.09788914]"
1747093059.020794,"[ 0.          0.10689886  0.50713824 -3.13234856 -2.2384383  -0.00408476
  0.96006751  1.5709191 ]","[ 0.00000000e+00  5.15886178e-02  6.69163041e-02 -1.10403827e-04
  1.85324169e-05  5.82007654e-05  1.06059783e-05  0.00000000e+00]","[ 0.          0.39991543 10.77953911  0.27619112 -3.79174876 -0.10667378
 -0.86970949  0.10226972]"
1747093059.0224776,"[ 0.          0.10700264  0.50727323 -3.13234856 -2.2384383  -0.00408476
  0.96006751  1.5709191 ]","[ 0.00000000e+00  5.06552298e-02  6.51998011e-02 -1.02052466e-04
  1.85325998e-05  5.82447383e-05  1.05979587e-05  0.00000000e+00]","[ 0.          0.33685282 10.61807919  0.19267008 -3.80769181 -0.09323342
 -0.87178975  0.10899866]"
1747093059.0241659,"[ 0.          0.10710274  0.5074018  -3.13234856 -2.2384383  -0.00408476
  0.96006751  1.5709191 ]","[ 0.00000000e+00  5.02381288e-02  6.48233924e-02 -5.66228416e-05
  1.32375708e-05  5.82007654e-05  1.06058726e-05  0.00000000e+00]","[ 0.          0.24839602 10.51384449  0.11844341 -3.75503039 -0.08318178
 -0.85326254  0.1022329 ]"
1747093059.0258348,"[ 0.          0.10715693  0.50746425 -3.13234856 -2.23843776 -0.00408476
  0.96006751  1.5709191 ]","[ 0.00000000e+00  5.09059955e-02  6.31387724e-02 -1.88742805e-05
  1.85184257e-05  5.82007654e-05  1.05979587e-05  0.00000000e+00]","[ 0.          0.23088747 10.47008896  0.08958343 -3.71825957 -0.09315895
 -0.82942349  0.10058153]"
1747093059.02757,"[ 0.          0.10725382  0.50758272 -3.13234856 -2.23843776 -0.00408476
  0.96006751  1.5709191 ]","[ 0.00000000e+00  4.88876440e-02  5.59101792e-02 -1.76415018e-05
  1.85324169e-05  5.82447383e-05  1.05979587e-05  0.00000000e+00]","[ 0.00000000e+00  1.65338948e-01  1.04765759e+01 -2.77322647e-03
 -3.70353889e+00 -8.59383419e-02 -8.07537079e-01  1.04499429e-01]"
1747093059.028654,"[ 0.          0.10735025  0.50768606 -3.13234909 -2.23843723 -0.00408476
  0.96006751  1.5709191 ]","[ 0.00000000e+00  4.88876440e-02  5.15886178e-02 -4.96765734e-05
  2.38273920e-05  5.82013384e-05  1.06059783e-05  0.00000000e+00]","[ 0.          0.08515389 10.53457832 -0.05739108 -3.66403198 -0.09205536
 -0.83430302  0.11032828]"
1747093059.0304046,"[ 0.          0.10740213  0.50773519 -3.13234909 -2.23843723 -0.00408476
  0.96006751  1.5709191 ]","[ 0.00000000e+00  4.88998487e-02  4.96475811e-02 -4.68069783e-05
  2.38096379e-05  5.82013384e-05  1.05980643e-05  0.00000000e+00]","[ 0.          0.0441653  10.5996809  -0.0734961  -3.65052581 -0.07259552
 -0.84689432  0.12043746]"
1747093059.032172,"[ 0.          0.10749765  0.50783483 -3.13234909 -2.23843723 -0.00408476
  0.96006751  1.5709191 ]","[ 0.00000000e+00  4.75371550e-02  4.74889892e-02 -7.34422018e-05
  2.38273920e-05  5.82007654e-05  1.06059783e-05  0.00000000e+00]","[ 0.         -0.0121276  10.7116003  -0.11649792 -3.68115211 -0.05052628
 -0.85195428  0.10955788]"
1747093059.033328,"[ 0.          0.10754219  0.50787937 -3.13234909 -2.23843723 -0.00408476
  0.96006844  1.5709191 ]","[ 0.00000000e+00  4.50605775e-02  4.51062798e-02 -7.34462573e-05
  2.38094022e-05  5.82007654e-05  1.85464284e-05  0.00000000e+00]","[ 0.         -0.03448975 10.74282074 -0.13235253 -3.6968801  -0.04171972
 -0.84056491  0.11297531]"
1747093059.0351655,"[ 0.          0.10762208  0.50796525 -3.13234909 -2.23843723 -0.00408476
  0.96006844  1.5709191 ]","[ 0.00000000e+00  3.68629640e-02  4.11260274e-02 -6.99322793e-05
  2.38094022e-05  5.82447383e-05  1.05979587e-05  0.00000000e+00]","[ 0.         -0.12158822 10.86762333 -0.19133469 -3.76092911 -0.01244456
 -0.85304499  0.11561016]"
1747093059.0368638,"[ 0.          0.10765561  0.50800427 -3.13234962 -2.23843723 -0.00408476
  0.96006844  1.5709191 ]","[ 0.00000000e+00  3.40322817e-02  3.94342335e-02 -9.27330604e-05
  1.85324169e-05  5.82453112e-05  1.06058726e-05  0.00000000e+00]","[ 0.00000000e+00 -1.22844175e-01  1.09558172e+01 -1.98782697e-01
 -3.79440236e+00  3.73272691e-03 -8.66993785e-01  1.19476341e-01]"
1747093059.0385525,"[ 0.          0.10771209  0.50808233 -3.13234962 -2.23843723 -0.00408476
  0.96006844  1.5709191 ]","[ 0.00000000e+00  2.75499417e-02  3.97043280e-02 -6.31410032e-05
  1.32274462e-05  5.82447383e-05  1.05979587e-05  0.00000000e+00]","[ 0.00000000e+00 -1.14479475e-01  1.11250191e+01 -2.04603419e-01
 -3.83392739e+00 -2.90476484e-03 -9.00958955e-01  1.35224223e-01]"
1747093059.0397213,"[ 0.          0.1077378   0.50812228 -3.13234962 -2.23843723 -0.00408476
  0.96006844  1.5709191 ]","[ 0.00000000e+00  2.43245415e-02  4.05146197e-02 -5.05128017e-05
  1.32374398e-05  5.82447383e-05  1.05979587e-05  0.00000000e+00]","[ 0.00000000e+00 -1.24915898e-01  1.12426949e+01 -1.98412567e-01
 -3.84291434e+00  1.78752246e-03 -9.01295424e-01  1.32165834e-01]"
1747093059.0415287,"[ 0.          0.10777867  0.5082063  -3.13234962 -2.23843723 -0.00408369
  0.96006844  1.5709191 ]","[ 0.00000000e+00  1.94470181e-02  4.10548170e-02 -5.05104042e-05
  1.32274462e-05  6.87827183e-05  1.05979587e-05  0.00000000e+00]","[ 0.00000000e+00 -1.23241648e-01  1.14305019e+01 -1.61313221e-01
 -3.85901642e+00  7.44945137e-04 -9.01578546e-01  1.22022174e-01]"
1747093059.043282,"[ 0.          0.10781081  0.50828806 -3.13234962 -2.23843723 -0.00408369
  0.96006844  1.5709191 ]","[ 0.00000000e+00  1.53955564e-02  3.93706464e-02 -4.82566000e-05
  1.05820616e-05  6.88346925e-05  1.05980643e-05  0.00000000e+00]","[ 0.         -0.09150564 11.68143654 -0.14683022 -3.85771155 -0.02411665
 -0.91801894  0.10049985]"
1747093059.0450008,"[ 0.          0.10782321  0.50832571 -3.13234962 -2.23843723 -0.00408369
  0.96006844  1.5709191 ]","[ 0.00000000e+00  1.17861180e-02  3.80451578e-02 -4.60415958e-05
  1.05899522e-05  5.82007654e-05  1.06059783e-05  0.00000000e+00]","[ 0.         -0.07744697 11.7963562  -0.08949572 -3.86573768 -0.02772945
 -0.93140072  0.09662038]"
1747093059.0462232,"[ 0.          0.10783928  0.50840468 -3.13234962 -2.23843723 -0.00408369
  0.96006844  1.5709191 ]","[ 0.00000000e+00  7.02253421e-03  3.88691107e-02 -4.41596980e-05
  1.05819570e-05  5.82447383e-05  1.05979587e-05  0.00000000e+00]","[ 0.00000000e+00 -4.51566326e-03  1.19779644e+01 -3.17508429e-02
 -3.82756495e+00 -2.16119122e-02 -9.46510673e-01  1.12676531e-01]"
1747093059.0479481,"[ 0.          0.10784342  0.50844372 -3.13234962 -2.23843723 -0.00408369
  0.96006844  1.5709191 ]","[ 0.00000000e+00  4.32155961e-03  3.97043280e-02 -5.53740826e-05
  1.05819570e-05  5.82447383e-05  1.05979587e-05  0.00000000e+00]","[ 0.00000000e+00  1.02312928e-02  1.20935497e+01 -2.27374490e-02
 -3.82712841e+00 -2.30686385e-02 -9.32566047e-01  1.18901178e-01]"
1747093059.049736,"[ 0.          0.10784572  0.50852682 -3.13234962 -2.23843723 -0.00408369
  0.96006751  1.5709191 ]","[ 0.00000000e+00  0.00000000e+00  4.29454991e-02 -4.24239132e-05
  1.05820616e-05  5.82013384e-05  0.00000000e+00  0.00000000e+00]","[ 0.          0.0963132  12.20739174  0.05429351 -3.81929231 -0.02520906
 -0.94946694  0.12617064]"
1747093059.0514,"[ 0.          0.10784342  0.50861776 -3.13234962 -2.23843723 -0.00408369
  0.96006751  1.5709191 ]","[ 0.00000000e+00 -8.10018521e-04  4.48361812e-02 -4.08209857e-05
  1.05820616e-05  5.82447383e-05  0.00000000e+00  0.00000000e+00]","[ 0.          0.12156848 12.30119133  0.13305458 -3.8215735  -0.04963431
 -0.96963698  0.1248581 ]"
1747093059.0531437,"[ 0.          0.10784433  0.50870545 -3.13234909 -2.23843723 -0.00408369
  0.96006751  1.5709191 ]","[ 0.00000000e+00 -3.31156572e-04  4.42959881e-02 -2.04104928e-05
  1.05899522e-05  5.82007654e-05 -1.05819570e-05  0.00000000e+00]","[ 0.          0.19617376 12.38269329  0.22474854 -3.8477664  -0.05355942
 -0.98070693  0.14723372]"
1747093059.0548098,"[ 0.          0.10784526  0.50875322 -3.13234909 -2.23843723 -0.00408369
  0.96006751  1.5709191 ]","[ 0.00000000e+00  1.32462624e-04  4.48875552e-02 -1.96673894e-05
  1.05819570e-05  5.82007654e-05 -1.05819570e-05  0.00000000e+00]","[ 0.          0.26400739 12.4159832   0.25562781 -3.85318136 -0.0750227
 -0.9892087   0.13738735]"
1747093059.055955,"[ 0.          0.10784617  0.50884689 -3.13234909 -2.23843723 -0.00408369
  0.96006751  1.5709191 ]","[ 0.00000000e+00  2.22189315e-04  4.88876440e-02  0.00000000e+00
  1.32374398e-05  4.76547840e-05 -1.05899522e-05  0.00000000e+00]","[ 0.          0.34839547 12.46727085  0.34330875 -3.86192226 -0.10475934
 -0.98224205  0.13050337]"
1747093059.0577967,"[ 0.          0.10784617  0.50889646 -3.13234909 -2.23843723 -0.00408369
  0.96006751  1.5709191 ]","[ 0.00000000e+00  4.38886152e-04  5.01872291e-02  0.00000000e+00
  1.32374398e-05  4.76188043e-05 -1.05819570e-05  0.00000000e+00]","[ 0.          0.37299266 12.46836567  0.39222375 -3.87261963 -0.10313017
 -0.9802295   0.13193433]"
1747093059.0589457,"[ 0.          0.10784617  0.50900302 -3.13234856 -2.23843723 -0.00408369
  0.96006751  1.5709191 ]","[ 0.00000000e+00  3.77485595e-04  5.24106066e-02  1.76860213e-05
  1.32274462e-05  4.76547840e-05 -1.05819570e-05  0.00000000e+00]","[ 0.          0.45815313 12.43041992  0.49415967 -3.87080741 -0.1370665
 -0.98298991  0.12809484]"
1747093059.0607004,"[ 0.          0.10784617  0.50905489 -3.13234856 -2.23843723 -0.00408369
  0.96006751  1.5709191 ]","[ 0.00000000e+00  2.67117463e-04  5.26690081e-02  1.76854341e-05
  1.32374398e-05  4.76547840e-05 -1.05899522e-05  0.00000000e+00]","[ 0.          0.49135286 12.39199352  0.53604722 -3.86983132 -0.15557395
 -0.97744989  0.11107364]"
1747093059.0624874,"[ 0.          0.10784709  0.50915958 -3.13234856 -2.23843723 -0.00408369
  0.96006751  1.5709191 ]","[ 0.00000000e+00  1.13245683e-04  5.34792999e-02  1.76854341e-05
  1.32375708e-05  4.23282464e-05 -1.05820616e-05  0.00000000e+00]","[ 0.          0.57382226 12.26956081  0.5831064  -3.92585468 -0.15740778
 -0.99010193  0.11148509]"
1747093059.0636504,"[ 0.          0.10784709  0.50921791 -3.13234829 -2.23843723 -0.00408369
  0.96006751  1.5709191 ]","[ 0.00000000e+00  1.13245683e-04  5.48666279e-02  2.56871794e-05
  1.32274462e-05  4.23598089e-05 -1.05820616e-05  0.00000000e+00]","[ 0.          0.60414386 12.20410156  0.61425567 -3.93821239 -0.15515323
 -0.99414545  0.11663587]"
1747093059.0653934,"[ 0.          0.10784755  0.50933272 -3.13234829 -2.23843723 -0.00408369
  0.96006751  1.5709191 ]","[ 0.00000000e+00  1.65578286e-04  5.91513461e-02  2.48978864e-05
  1.32374398e-05  4.23278279e-05 -1.05819570e-05  0.00000000e+00]","[ 0.          0.65670121 12.08348942  0.68045795 -3.95841169 -0.14434408
 -1.00566828  0.1277539 ]"
1747093059.0665963,"[ 0.          0.10784755  0.50939148 -3.13234776 -2.23843723 -0.00408369
  0.96006751  1.5709191 ]","[ 0.00000000e+00  1.47494522e-04  5.96915434e-02  4.01659194e-05
  1.85186086e-05  4.23278279e-05 -1.05819570e-05  0.00000000e+00]","[ 0.          0.67978561 12.01278305  0.72500509 -3.98132491 -0.16168332
 -0.9910239   0.11670605]"
1747093059.0683594,"[ 0.          0.10784847  0.50951591 -3.13234776 -2.23843723 -0.00408476
  0.96006751  1.5709191 ]","[ 0.00000000e+00  2.39349425e-04  6.15198285e-02  3.90069591e-05
  1.85325998e-05  2.11801137e-05 -1.05819570e-05  0.00000000e+00]","[ 0.          0.71900427 11.86044693  0.80740261 -3.98901534 -0.16468188
 -0.9910239   0.1216362 ]"
1747093059.0695233,"[ 0.          0.10784893  0.50957883 -3.13234776 -2.23843723 -0.00408476
  0.96006751  1.5709191 ]","[ 0.00000000e+00  2.40444305e-04  6.38077210e-02  3.78300700e-05
  1.32375708e-05  2.11639139e-05 -1.05899522e-05  0.00000000e+00]","[ 0.          0.74837375 11.7773571   0.82790256 -3.99979353 -0.16487497
 -0.97643018  0.12963943]"
1747093059.0712795,"[ 0.          0.10784939  0.50971016 -3.13234722 -2.23843723 -0.00408476
  0.96006751  1.5709191 ]","[ 0.00000000e+00  2.64969184e-04  6.69841731e-02  5.15175135e-05
  1.32274462e-05  2.11639139e-05 -1.05820616e-05  0.00000000e+00]","[ 0.          0.79906249 11.59295464  0.87984806 -4.01152134 -0.19388141
 -0.96501619  0.13999803]"
1747093059.0730164,"[ 0.          0.10784984  0.50978043 -3.13234722 -2.23843723 -0.00408476
  0.96006751  1.5709191 ]","[ 0.00000000e+00  2.85746912e-04  6.62028724e-02  5.01509936e-05
  1.32274462e-05  2.11639139e-05 -1.05819570e-05  0.00000000e+00]","[ 0.          0.80712944 11.50324917  0.8743875  -3.99748969 -0.20374371
 -0.9725222   0.14150138]"
1747093059.0750093,"[ 0.          0.10785077  0.50990853 -3.13234722 -2.23843723 -0.00408476
  0.96006751  1.5709191 ]","[ 0.00000000e+00  2.99905521e-04  6.42831993e-02  6.28136915e-05
  1.32275773e-05  1.05819570e-05 -1.05819570e-05  0.00000000e+00]","[ 0.          0.83602726 11.31214046  0.88055301 -4.00613689 -0.18888509
 -0.94397241  0.13629156]"
1747093059.0759332,"[ 0.          0.10785168  0.51003756 -3.13234669 -2.23843723 -0.00408476
  0.96006751  1.5709191 ]","[ 0.00000000e+00  3.47757636e-04  6.56336883e-02  7.48384758e-05
  1.32274462e-05  1.05819570e-05 -1.05818513e-05  0.00000000e+00]","[ 0.          0.84762567 11.11674404  0.88131475 -4.01197863 -0.18203394
 -0.92841417  0.12861963]"
1747093059.0776873,"[ 0.          0.10785306  0.51016982 -3.13234669 -2.23843723 -0.00408476
  0.96006751  1.5709191 ]","[ 0.00000000e+00  3.74455826e-04  6.32028089e-02  7.28616915e-05
  1.32374398e-05  1.05979587e-05 -1.05819570e-05  0.00000000e+00]","[ 0.          0.87201095 10.95550823  0.86860043 -4.03723717 -0.17756215
 -0.92158681  0.13147795]"
1747093059.0793896,"[ 0.          0.10785352  0.5102318  -3.13234669 -2.23843723 -0.00408476
  0.96006751  1.5709191 ]","[ 0.00000000e+00  3.83506998e-04  6.29327103e-02  7.28598791e-05
  1.32275773e-05  1.06059783e-05 -1.05819570e-05  0.00000000e+00]","[ 0.          0.87986028 10.83716869  0.86576957 -4.02465487 -0.17803787
 -0.92500031  0.13498925]"
1747093059.0811625,"[ 0.          0.10785489  0.51036083 -3.13234642 -2.23843723 -0.00408476
  0.96006751  1.5709191 ]","[ 0.00000000e+00  4.12233442e-04  6.36951900e-02  7.75828614e-05
  1.32275773e-05  0.00000000e+00 -1.05739739e-05  0.00000000e+00]","[ 0.          0.8525604  10.71441269  0.82330358 -4.00185823 -0.18024378
 -0.92872292  0.12685968]"
1747093059.0829327,"[ 0.          0.10785535  0.51042605 -3.13234642 -2.23843723 -0.00408476
  0.96006751  1.57092003]","[0.00000000e+00 4.16730615e-04 6.61068321e-02 7.56329216e-05
 1.32275773e-05 0.00000000e+00 0.00000000e+00 1.05979587e-05]","[ 0.          0.82806075 10.65032673  0.80321455 -4.01464844 -0.17626837
 -0.92297572  0.1283052 ]"
1747093059.08412,"[ 0.          0.10785628  0.51055232 -3.13234589 -2.23843723 -0.00408476
  0.96006751  1.57092003]","[0.00000000e+00 4.10162503e-04 6.29327103e-02 8.63761287e-05
 1.32274462e-05 0.00000000e+00 0.00000000e+00 1.06060839e-05]","[ 0.          0.84438401 10.50345135  0.76691717 -4.03084564 -0.16220693
 -0.89576876  0.15172735]"
1747093059.0858512,"[ 0.          0.10785673  0.51061706 -3.13234589 -2.23843723 -0.00408476
  0.96006751  1.57092003]","[0.00000000e+00 4.15721982e-04 6.09367377e-02 8.44471412e-05
 1.32274462e-05 0.00000000e+00 0.00000000e+00 1.05979587e-05]","[ 0.          0.84897029 10.44087791  0.74289852 -4.03459263 -0.16580316
 -0.88226193  0.1612642 ]"
1747093059.0870705,"[ 0.          0.10785811  0.51073368 -3.13234589 -2.23843723 -0.00408476
  0.96006751  1.57092003]","[0.00000000e+00 4.34845117e-04 5.86111530e-02 8.24635706e-05
 1.05820616e-05 0.00000000e+00 0.00000000e+00 1.05979587e-05]","[ 0.          0.85022968 10.39272118  0.71168143 -4.02051258 -0.12718233
 -0.87355095  0.18205473]"
1747093059.088857,"[ 0.          0.10785857  0.5107897  -3.13234589 -2.23843723 -0.00408369
  0.96006751  1.57092003]","[0.00000000e+00 4.56038899e-04 5.67204709e-02 8.24635706e-05
 1.05819570e-05 1.06059783e-05 0.00000000e+00 1.05819570e-05]","[ 0.          0.83424884 10.43249893  0.68847924 -3.98850822 -0.11886753
 -0.87374979  0.19359025]"
1747093059.0900671,"[ 0.          0.10785995  0.51090222 -3.13234589 -2.23843723 -0.00408369
  0.96006751  1.57092003]","[0.00000000e+00 4.70679068e-04 5.41659876e-02 8.08348226e-05
 1.05819570e-05 1.05979587e-05 0.00000000e+00 1.05980643e-05]","[ 0.          0.84014773 10.45663071  0.64341038 -3.93856311 -0.10712016
 -0.8722893   0.1906779 ]"
1747093059.0918367,"[ 0.          0.1078604   0.51095182 -3.13234589 -2.23843723 -0.00408369
  0.96006751  1.57092003]","[0.00000000e+00 4.73114404e-04 5.02381288e-02 7.90171794e-05
 1.32274462e-05 1.05979587e-05 0.00000000e+00 1.05820616e-05]","[ 0.          0.85115999 10.46693707  0.62586164 -3.91990018 -0.10521724
 -0.86902601  0.19380935]"
1747093059.0930376,"[ 0.          0.10786133  0.5110464  -3.13234589 -2.23843723 -0.00408369
  0.96006751  1.57092003]","[0.00000000e+00 4.68664012e-04 4.75854165e-02 7.90155052e-05
 1.32275773e-05 1.05979587e-05 0.00000000e+00 1.05820616e-05]","[ 0.          0.85453016 10.53267193  0.60827917 -3.92088485 -0.09675107
 -0.87936598  0.20134719]"
1747093059.094834,"[ 0.          0.10786179  0.5110923  -3.13234536 -2.23843723 -0.00408369
  0.96006751  1.57092003]","[0.00000000e+00 4.85109162e-04 4.64567646e-02 8.83157386e-05
 1.32274462e-05 1.05979587e-05 0.00000000e+00 1.05820616e-05]","[ 0.          0.84141546 10.59604454  0.59067822 -3.92044473 -0.09110944
 -0.89279938  0.20548348]"
1747093059.0961077,"[ 0.          0.1078627   0.51118645 -3.13234536 -2.23843723 -0.00408369
  0.96006751  1.57092003]","[0.00000000e+00 4.88501474e-04 4.56464729e-02 8.65470544e-05
 1.32274462e-05 1.06059783e-05 0.00000000e+00 1.05819570e-05]","[ 0.          0.82189721 10.70138359  0.57903665 -3.94840431 -0.07800484
 -0.8953886   0.21534774]"
1747093059.0978374,"[ 0.          0.10786316  0.51123052 -3.13234536 -2.23843723 -0.00408369
  0.96006751  1.57092003]","[0.00000000e+00 4.81991033e-04 4.48361812e-02 8.48461358e-05
 1.32274462e-05 1.05979587e-05 0.00000000e+00 1.05819570e-05]","[ 0.          0.80888587 10.72663403  0.56611294 -3.93266892 -0.07315053
 -0.89978617  0.19756919]"
1747093059.099521,"[ 0.          0.10786454  0.51131594 -3.13234536 -2.23843723 -0.00408369
  0.96006751  1.57092003]","[0.00000000e+00 4.99289064e-04 4.11260274e-02 8.32140313e-05
 1.32275773e-05 1.05979587e-05 0.00000000e+00 1.05820616e-05]","[ 0.          0.77665615 10.88515472  0.54218996 -3.92726588 -0.05417522
 -0.89265305  0.20241278]"
1747093059.1006515,"[ 0.          0.107865    0.51135543 -3.13234509 -2.23843723 -0.00408369
  0.96006751  1.57092003]","[0.00000000e+00 5.14891833e-04 3.99339258e-02 8.84149082e-05
 1.32275773e-05 1.05979587e-05 0.00000000e+00 1.05739739e-05]","[ 0.          0.77765101 10.98955441  0.52699143 -3.91143799 -0.03195377
 -0.89169264  0.19760077]"
1747093059.1037564,"[ 0.          0.10786591  0.51143396 -3.13234509 -2.23843723 -0.00408369
  0.96006751  1.57092003]","[0.00000000e+00 5.14139276e-04 3.99339258e-02 8.67429310e-05
 1.32274462e-05 1.05979587e-05 0.00000000e+00 1.05819570e-05]","[ 0.          0.78065526 11.15906143  0.51698172 -3.87457323 -0.01912825
 -0.89360666  0.20427565]"
1747093059.105483,"[ 0.          0.1078673   0.51155839 -3.13234456 -2.23843696 -0.00408369
  0.96006751  1.57092003]","[0.00000000e+00 5.29899910e-04 4.10548170e-02 8.50131279e-05
 1.58730919e-05 1.05979587e-05 0.00000000e+00 1.05820616e-05]","[ 0.          0.75852829 11.42435932  0.51773572 -3.842448   -0.03574624
 -0.92578542  0.20060407]"
1747093059.1073117,"[ 0.          0.10786821  0.51163785 -3.13234456 -2.23843696 -0.00408369
  0.96006751  1.57092003]","[0.00000000e+00 5.29899910e-04 3.77753338e-02 8.35848566e-05
 1.32274462e-05 1.05979587e-05 0.00000000e+00 1.05819570e-05]","[ 0.          0.70947522 11.59967327  0.51256692 -3.80182171 -0.04136711
 -0.90719157  0.20146787]"
1747093059.1084478,"[ 0.          0.10786821  0.51167321 -3.13234456 -2.23843696 -0.00408369
  0.96006751  1.57092003]","[0.00000000e+00 5.13324593e-04 3.59229638e-02 8.34662058e-05
 1.32274462e-05 1.05979587e-05 0.00000000e+00 1.05819570e-05]","[ 0.          0.68302345 11.66053104  0.54104447 -3.80183077 -0.03627525
 -0.90417254  0.21129672]"
1747093059.1102216,"[ 0.          0.10786867  0.51174115 -3.13234403 -2.23843643 -0.00408316
  0.96006751  1.57092003]","[0.00000000e+00 4.96933181e-04 3.23491306e-02 9.16219660e-05
 1.85324169e-05 1.58967790e-05 0.00000000e+00 1.05820616e-05]","[ 0.          0.6876477  11.80634117  0.56510472 -3.73712373 -0.02028835
 -0.90727955  0.2024202 ]"
1747093059.1113763,"[ 0.          0.10786913  0.51177238 -3.13234403 -2.23843643 -0.00408316
  0.96006751  1.57092096]","[0.00000000e+00 4.82005565e-04 3.15693862e-02 9.00148774e-05
 1.85466133e-05 1.58969375e-05 0.00000000e+00 1.85186086e-05]","[ 0.          0.67745918 11.9124527   0.55193156 -3.72289681 -0.02983841
 -0.90418869  0.21241672]"
1747093059.1131387,"[ 0.          0.10786959  0.51183529 -3.1323435  -2.23843643 -0.00408316
  0.96006751  1.57092096]","[0.00000000e+00 4.68083493e-04 3.21415997e-02 9.94901246e-05
 1.85466133e-05 1.59089679e-05 0.00000000e+00 1.85184257e-05]","[ 0.          0.66453588 12.08973694  0.57703799 -3.69504786 -0.0264354
 -0.92699361  0.21104585]"
1747093059.1143074,"[ 0.          0.10787005  0.51187065 -3.1323435  -2.23843643 -0.00408316
  0.96006751  1.57092096]","[0.00000000e+00 4.59259627e-04 3.33522061e-02 9.77751051e-05
 1.85604623e-05 1.58969375e-05 0.00000000e+00 1.85184257e-05]","[ 0.          0.64132565 12.14934731  0.59920782 -3.68845487 -0.0260353
 -0.94675863  0.20684953]"
1747093059.1166701,"[ 0.          0.10787005  0.51193676 -3.1323427  -2.23843643 -0.00408316
  0.96006751  1.57092096]","[0.00000000e+00 4.29063957e-04 3.34920866e-02 1.02429273e-04
 1.85464284e-05 1.59089679e-05 0.00000000e+00 1.85046377e-05]","[ 0.          0.60417432 12.24745178  0.60820049 -3.70687413 -0.01662325
 -0.94585925  0.22436404]"
1747093059.1177905,"[ 0.          0.10787051  0.51200014 -3.13234216 -2.23843643 -0.00408316
  0.96006751  1.57092096]","[0.00000000e+00 4.13473769e-04 3.16014045e-02 1.07878521e-04
 1.85604623e-05 1.58967790e-05 0.00000000e+00 1.85184257e-05]","[ 0.          0.58526146 12.3334446   0.61086297 -3.74452591 -0.02740879
 -0.97409457  0.22633302]"
1747093059.1195445,"[ 0.          0.10787051  0.51203227 -3.1323419  -2.23843643 -0.00408316
  0.96006751  1.57092096]","[0.00000000e+00 4.00998719e-04 3.03144402e-02 1.12375361e-04
 1.85464284e-05 1.58970960e-05 0.00000000e+00 1.85184257e-05]","[ 0.          0.5620175  12.40694714  0.58192277 -3.76715994 -0.0291551
 -0.98741198  0.21992835]"
1747093059.1212988,"[ 0.          0.10787051  0.51209106 -3.13234136 -2.23843643 -0.00408316
  0.96006751  1.57092096]","[0.00000000e+00 3.63944110e-04 2.94406258e-02 1.19376684e-04
 1.85464284e-05 1.59089679e-05 0.00000000e+00 1.85184257e-05]","[ 0.          0.5030089  12.51377964  0.59555513 -3.8054316  -0.03779806
 -1.02310598  0.22193407]"
1747093059.1230977,"[ 0.          0.10787051  0.51212135 -3.13234136 -2.23843643 -0.00408316
  0.96006751  1.57092096]","[0.00000000e+00 3.55592505e-04 3.07911127e-02 1.17454019e-04
 1.85604623e-05 1.58969375e-05 0.00000000e+00 1.85186086e-05]","[ 0.          0.49098593 12.56099987  0.61925071 -3.81686616 -0.02732652
 -1.02782059  0.21992043]"
1747093059.1248448,"[ 0.          0.10787051  0.51219116 -3.13234083 -2.23843643 -0.00408316
  0.96006751  1.57092096]","[0.00000000e+00 3.25338579e-04 3.53469179e-02 1.24154704e-04
 1.85464284e-05 1.59089679e-05 0.00000000e+00 1.85044548e-05]","[ 0.          0.43336889 12.62771511  0.62834662 -3.87663984 -0.0182156
 -1.03251183  0.22987951]"
1747093059.126647,"[ 0.          0.10787051  0.51226693 -3.1323403  -2.23843643 -0.00408209
  0.96006751  1.57092096]","[0.00000000e+00 2.87508525e-04 3.93942778e-02 1.26278008e-04
 1.32574726e-05 2.64948971e-05 0.00000000e+00 1.85184257e-05]","[ 0.00000000e+00  4.09433842e-01  1.25913754e+01  6.40418768e-01
 -3.95581603e+00 -3.83904506e-03 -1.05182028e+00  2.48772398e-01]"
1747093059.1278012,"[ 0.          0.10787051  0.51235554 -3.1323395  -2.23843643 -0.00408209
  0.96006751  1.57092096]","[0.00000000e+00 2.57237142e-04 4.42959881e-02 1.34707187e-04
 7.94846874e-06 2.64948971e-05 0.00000000e+00 1.85184257e-05]","[ 0.00000000e+00  3.51098031e-01  1.24615107e+01  5.99647164e-01
 -3.99914145e+00 -2.15271325e-03 -1.06433642e+00  2.36573413e-01]"
1747093059.1295002,"[ 0.          0.10787097  0.51240055 -3.1323395  -2.23843643 -0.00408209
  0.96006751  1.57092096]","[0.00000000e+00 2.57801097e-04 4.56464729e-02 1.32701640e-04
 7.94854798e-06 2.64948971e-05 0.00000000e+00 1.85186086e-05]","[ 0.00000000e+00  3.30676556e-01  1.24177160e+01  5.70717752e-01
 -4.01695490e+00  1.17525598e-02 -1.06602919e+00  2.35753715e-01]"
1747093059.131288,"[ 0.          0.10787097  0.51249789 -3.13233897 -2.23843643 -0.00408209
  0.96006751  1.57092096]","[0.00000000e+00 2.42874992e-04 4.88538468e-02 1.38522851e-04
 7.95448397e-06 2.64948971e-05 0.00000000e+00 1.85184257e-05]","[ 0.00000000e+00  2.93373466e-01  1.22496481e+01  5.78379273e-01
 -4.04341984e+00  9.72971320e-03 -1.03843439e+00  2.54030794e-01]"
1747093059.1337466,"[ 0.          0.10787051  0.51260122 -3.13233897 -2.23843643 -0.00408209
  0.96006751  1.57092096]","[0.00000000e+00 2.06070054e-04 5.34792999e-02 1.36522360e-04
 7.95448397e-06 2.64948971e-05 0.00000000e+00 1.85044548e-05]","[ 0.00000000e+00  2.72020191e-01  1.20843649e+01  5.41695654e-01
 -4.00879765e+00 -8.33468512e-03 -1.03313231e+00  2.63676733e-01]"
1747093059.135484,"[ 0.          0.10787097  0.51271876 -3.13233844 -2.23843643 -0.00408209
  0.96006751  1.57092189]","[ 0.00000000e+00  1.77003221e-04  5.79275154e-02  1.36522360e-04
  7.95448397e-06  2.64948971e-05 -1.05819570e-05  2.64551545e-05]","[ 0.00000000e+00  2.39702910e-01  1.18766909e+01  4.91705328e-01
 -3.97955871e+00  8.78459867e-03 -1.02866447e+00  2.63626099e-01]"
1747093059.1372063,"[ 0.          0.10787097  0.51283035 -3.13233844 -2.23843643 -0.00408103
  0.96006751  1.57092189]","[ 0.00000000e+00  1.54552532e-04  5.59101792e-02  1.34578824e-04
  7.95448397e-06  3.70932266e-05 -1.05820616e-05  2.64351959e-05]","[ 0.          0.19193825 11.63703442  0.43751568 -3.94897413  0.02902857
 -1.02574515  0.25461894]"
1747093059.1386287,"[ 0.          0.10787051  0.51288501 -3.13233817 -2.23843643 -0.00408103
  0.96006751  1.57092189]","[ 0.00000000e+00  1.25377281e-04  5.53138808e-02  1.36333489e-04
  7.95448397e-06  3.70928568e-05 -1.05820616e-05  2.64548924e-05]","[ 0.          0.15676343 11.4760704   0.43257821 -3.9619689   0.03736526
 -1.01259184  0.25111696]"
1747093059.1414077,"[ 0.          0.10787051  0.51305399 -3.13233817 -2.23843643 -0.00408103
  0.96006751  1.57092189]","[ 0.00000000e+00  8.83157386e-05  5.59101792e-02  1.32752420e-04
  7.95448397e-06  2.65149452e-05 -1.05819570e-05  2.64548924e-05]","[ 0.          0.12481569 11.05351448  0.3712422  -3.94298959  0.03392038
 -0.97513914  0.250258  ]"
1747093059.1430857,"[ 0.          0.10787051  0.51315822 -3.13233817 -2.23843643 -0.00407996
  0.96006751  1.57092189]","[ 0.00000000e+00  6.63743731e-05  5.15886178e-02  1.25247219e-04
  7.95448397e-06  3.70928568e-05 -1.05819570e-05  2.64551545e-05]","[ 0.          0.12676457 10.79740524  0.3368324  -3.93202376  0.07268193
 -0.97899997  0.27728143]"
1747093059.145367,"[ 0.          0.10787051  0.51325509 -3.13233817 -2.23843643 -0.00407996
  0.96006751  1.57092189]","[ 0.00000000e+00  6.44815847e-05  4.61866702e-02  1.23562011e-04
  7.94846874e-06  3.71209245e-05 -1.05740785e-05  2.64548924e-05]","[ 0.          0.09752997 10.62757111  0.30013052 -3.91924071  0.09368668
 -0.97555059  0.29148874]"
1747093059.147126,"[ 0.          0.10787051  0.51334417 -3.13233817 -2.23843643 -0.00407996
  0.96006751  1.57092189]","[ 0.00000000e+00  5.02537392e-05  4.28814084e-02  1.21919910e-04
  7.95448397e-06  3.70928568e-05 -1.05819570e-05  2.64548924e-05]","[ 0.          0.1034668  10.47303677  0.29670435 -3.97542906  0.11601414
 -0.96111917  0.29216298]"
1747093059.1495543,"[ 0.          0.10787051  0.51342453 -3.13233817 -2.23843696 -0.0040789
  0.96006751  1.57092189]","[ 0.00000000e+00  3.49661397e-05  3.99744266e-02  1.20322476e-04
  2.65146816e-06  4.77264263e-05 -1.05739739e-05  2.64551545e-05]","[ 0.          0.09826066 10.40460968  0.26643628 -4.03744984  0.10935955
 -0.96059138  0.28572968]"
1747093059.1507053,"[ 0.          0.10787051  0.51346129 -3.13233817 -2.23843696 -0.0040789
  0.96006751  1.57092189]","[0.00000000e+00 2.09373486e-05 3.72356859e-02 1.20201078e-04
 2.65149457e-06 4.77269018e-05 0.00000000e+00 2.64548924e-05]","[ 0.          0.0814348  10.40809727  0.24928868 -4.08675766  0.10902516
 -0.9659605   0.30129531]"
1747093059.1524558,"[ 0.          0.10787051  0.51352787 -3.13233817 -2.23843723 -0.0040789
  0.96006751  1.57092189]","[0.00000000e+00 2.04099707e-05 3.10952894e-02 1.13128934e-04
 0.00000000e+00 4.77269018e-05 0.00000000e+00 2.64548924e-05]","[ 0.          0.10145339 10.36381435  0.22106566 -4.18133163  0.10447174
 -0.98108506  0.28966266]"
1747093059.154227,"[ 0.          0.10787051  0.51358066 -3.13233817 -2.23843723 -0.00407836
  0.96006751  1.57092283]","[0.00000000e+00 1.36069952e-05 2.56592596e-02 1.11667325e-04
 0.00000000e+00 5.29097849e-05 0.00000000e+00 3.70372172e-05]","[ 0.          0.15633556 10.39590454  0.19473235 -4.29294682  0.11523478
 -0.99920428  0.27206993]"
1747093059.1560225,"[ 0.          0.10787051  0.51360363 -3.13233817 -2.23843723 -0.00407836
  0.96006751  1.57092283]","[0.00000000e+00 1.36069952e-05 2.32283823e-02 1.11668788e-04
 0.00000000e+00 5.29897943e-05 0.00000000e+00 3.70372172e-05]","[ 0.          0.17549701 10.40680504  0.20829484 -4.32952976  0.12020187
 -1.016536    0.28625286]"
1747093059.1571705,"[ 0.          0.10787051  0.51364588 -3.13233817 -2.23843776 -0.00407836
  0.96006751  1.57092283]","[ 0.00000000e+00  1.32726697e-05  1.99872133e-02  1.10243011e-04
 -5.29897933e-06  5.29497591e-05  0.00000000e+00  3.70368514e-05]","[ 0.          0.1889118  10.4971714   0.19233339 -4.41982841  0.14718734
 -1.02028954  0.29144984]"
1747093059.1588807,"[ 0.          0.10787051  0.51368446 -3.13233817 -2.23843776 -0.0040773
  0.96006751  1.57092283]","[ 0.00000000e+00  0.00000000e+00  1.99872133e-02  1.06797921e-04
 -5.30298914e-06  6.34917418e-05  0.00000000e+00  3.70372172e-05]","[ 0.          0.18897811 10.70231056  0.17708263 -4.46001577  0.16679522
 -1.01907682  0.31223667]"
1747093059.1605778,"[ 0.          0.10787051  0.51370603 -3.13233817 -2.23843776 -0.0040773
  0.96006751  1.57092283]","[ 0.00000000e+00  0.00000000e+00  2.03122459e-02  1.05452865e-04
 -5.30298914e-06  6.34917418e-05  0.00000000e+00  3.70368514e-05]","[ 0.          0.19991264 10.79899502  0.19332902 -4.48343897  0.16681905
 -1.01804614  0.31090593]"
1747093059.1623776,"[ 0.          0.10787051  0.51374781 -3.13233817 -2.23843776 -0.00407623
  0.96006751  1.57092283]","[ 0.00000000e+00  0.00000000e+00  2.13160808e-02  1.04141269e-04
 -5.29897933e-06  7.40737029e-05  0.00000000e+00  3.70651995e-05]","[ 0.          0.17858064 10.89913559  0.19933994 -4.47454739  0.18220715
 -1.05736065  0.32252979]"
1747093059.163525,"[ 0.          0.10787051  0.51376938 -3.13233817 -2.23843776 -0.00407623
  0.96006751  1.57092283]","[ 0.00000000e+00  0.00000000e+00  2.18778954e-02  9.73303943e-05
 -5.30298914e-06  7.40737029e-05  0.00000000e+00  3.70368514e-05]","[ 0.          0.17483792 10.94260788  0.19629739 -4.46485472  0.19308396
 -1.06265759  0.32661289]"
1747093059.1653078,"[ 0.          0.10787051  0.51381485 -3.13233817 -2.23843776 -0.00407623
  0.96006751  1.57092283]","[ 0.00000000e+00  0.00000000e+00  2.18778954e-02  9.73291752e-05
 -5.29897933e-06  7.41296676e-05  0.00000000e+00  3.70648338e-05]","[ 0.          0.21504651 11.0577898   0.21725266 -4.39424086  0.21263415
 -1.07788324  0.32105559]"
1747093059.1670818,"[ 0.          0.10787051  0.51385573 -3.13233817 -2.23843723 -0.00407517
  0.96006751  1.57092389]","[0.00000000e+00 0.00000000e+00 1.99872133e-02 9.62256554e-05
 0.00000000e+00 9.52376087e-05 0.00000000e+00 4.76188043e-05]","[ 0.          0.23071964 11.21607208  0.21626376 -4.29118395  0.2143061
 -1.01792991  0.325203  ]"
1747093059.1687171,"[ 0.          0.10787051  0.51387408 -3.13233817 -2.23843723 -0.00407517
  0.96006751  1.57092389]","[0.00000000e+00 0.00000000e+00 1.86178429e-02 9.49690413e-05
 0.00000000e+00 9.52376087e-05 0.00000000e+00 4.76192757e-05]","[ 0.          0.23900267 11.30947971  0.23945232 -4.22000456  0.21958247
 -1.01739156  0.33068442]"
1747093059.1705136,"[ 0.          0.10787005  0.51390623 -3.13233817 -2.23843696 -0.00407517
  0.96006751  1.57092389]","[ 0.00000000e+00 -1.02050504e-05  1.48553612e-02  9.38313787e-05
  2.65149457e-06  9.53105108e-05  0.00000000e+00  4.76188043e-05]","[ 0.          0.24295212 11.42698574  0.24610883 -4.04634809  0.20876658
 -1.05646265  0.34807038]"
1747093059.1723049,"[ 0.          0.10787005  0.5139301  -3.13233817 -2.23843696 -0.00407464
  0.96006658  1.57092389]","[ 0.00000000e+00 -1.00158371e-05  1.10739970e-02  9.26361340e-05
  2.65149457e-06  1.00528593e-04 -1.05979587e-05  4.76192757e-05]","[ 0.          0.2537885  11.60741615  0.24230407 -3.95684075  0.20788299
 -1.09280145  0.34217703]"
1747093059.1740978,"[ 0.          0.10787005  0.51394112 -3.13233817 -2.23843723 -0.00407464
  0.96006658  1.57092389]","[ 0.00000000e+00 -9.83351284e-06  1.02815069e-02  9.26361340e-05
  0.00000000e+00  1.00604543e-04 -1.06059783e-05  4.76192757e-05]","[ 0.          0.2456695  11.66588116  0.23881394 -3.93671894  0.21567106
 -1.0910058   0.34194803]"
1747093059.175244,"[ 0.          0.10787005  0.51395996 -3.13233817 -2.23843723 -0.00407464
  0.96006658  1.57092482]","[ 0.00000000e+00 -9.64459120e-06  9.17400947e-03  9.15522823e-05
  0.00000000e+00  1.00529585e-04 -1.05979587e-05  5.82007654e-05]","[ 0.          0.19384675 11.84382534  0.24411522 -3.90709472  0.22477448
 -1.05646789  0.35014123]"
1747093059.1770442,"[ 0.          0.10787005  0.51397877 -3.13233817 -2.23843723 -0.00407357
  0.96006658  1.57092482]","[ 0.00000000e+00 -9.65770768e-06  9.02766461e-03  9.04945519e-05
  0.00000000e+00  1.11194501e-04 -1.06058726e-05  5.82447383e-05]","[ 0.          0.18689562 11.99151707  0.30553269 -3.89053702  0.22775584
 -1.06932223  0.38440785]"
1747093059.1782312,"[ 0.          0.10787005  0.51398889 -3.13233817 -2.23843723 -0.00407357
  0.96006658  1.57092482]","[ 0.00000000e+00 -9.48807725e-06  1.02637042e-02  9.04945519e-05
  0.00000000e+00  1.11110546e-04 -1.05979587e-05  5.82447383e-05]","[ 0.          0.19465934 12.04410076  0.33034286 -3.8693974   0.23137622
 -1.09970653  0.37102491]"
1747093059.1799953,"[ 0.          0.10787005  0.51401186 -3.13233817 -2.23843723 -0.00407357
  0.96006658  1.57092482]","[ 0.00000000e+00 -9.47525030e-06  1.26945815e-02  8.32912652e-05
  0.00000000e+00  1.11110546e-04 -1.06059783e-05  5.82007654e-05]","[ 0.          0.17753838 12.19939327  0.33019987 -3.92178392  0.23323323
 -1.12749732  0.37094063]"
1747093059.1818275,"[ 0.          0.10787005  0.51402518 -3.13233817 -2.23843723 -0.00407251
  0.96006658  1.57092482]","[ 0.00000000e+00 -9.31175194e-06  1.34911902e-02  8.32912652e-05
  0.00000000e+00  1.21784452e-04 -1.06059783e-05  5.82453112e-05]","[ 0.          0.1796921  12.27972889  0.33242047 -3.95333195  0.2470119
 -1.13150847  0.37428582]"
1747093059.182924,"[ 0.          0.10786959  0.51405777 -3.13233817 -2.23843723 -0.00407251
  0.96006558  1.57092482]","[ 0.00000000e+00 -1.37130263e-05  1.67460433e-02  8.23497718e-05
  0.00000000e+00  1.21692507e-04 -1.85466133e-05  4.76188043e-05]","[ 0.          0.14505231 12.37773609  0.34122482 -4.01170874  0.25799063
 -1.12932479  0.37028319]"
1747093059.1846924,"[ 0.          0.10786959  0.51407661 -3.13233817 -2.23843723 -0.00407251
  0.96006558  1.57092482]","[ 0.00000000e+00 -1.37309369e-05  1.91769216e-02  8.22790966e-05
  0.00000000e+00  1.21692507e-04 -1.85604623e-05  4.76192757e-05]","[ 0.          0.14046513 12.40422916  0.36011344 -4.06624079  0.26103118
 -1.14005482  0.38184991]"
1747093059.1864588,"[ 0.          0.10786959  0.51412022 -3.13233817 -2.23843776 -0.00407144
  0.96006558  1.57092576]","[ 0.00000000e+00 -1.35021345e-05  2.18557287e-02  8.13611399e-05
 -5.30298914e-06  1.32374402e-04 -1.85464284e-05  5.82453112e-05]","[ 0.          0.11420148 12.44159698  0.37292123 -4.12399435  0.26324725
 -1.15989935  0.39486605]"
1747093059.1875622,"[ 0.          0.10786959  0.51414272 -3.13233817 -2.23843776 -0.00407144
  0.96006558  1.57092576]","[ 0.00000000e+00 -1.32640750e-05  2.26881871e-02  8.14311649e-05
 -5.29497611e-06  1.32274460e-04 -1.85464284e-05  5.82447383e-05]","[ 0.          0.10488067 12.43758202  0.34742135 -4.15186501  0.27211264
 -1.16003561  0.40490955]"
1747093059.189229,"[ 0.          0.10786913  0.51418773 -3.13233817 -2.23843776 -0.00407038
  0.96006558  1.57092576]","[ 0.00000000e+00 -2.17507452e-05  2.24180906e-02  7.74833098e-05
 -5.29097849e-06  1.32274460e-04 -1.85604623e-05  5.83328791e-05]","[ 0.          0.02791942 12.42665482  0.31929424 -4.20036602  0.27318013
 -1.17211509  0.40905038]"
1747093059.1913557,"[ 0.          0.10786959  0.51423181 -3.13233817 -2.23843776 -0.00407038
  0.96006465  1.57092576]","[ 0.00000000e+00 -2.13798610e-05  2.10676037e-02  7.66368816e-05
 -5.29497611e-06  1.32274460e-04 -2.91443860e-05  5.82447383e-05]","[ 0.00000000e+00  2.71175941e-03  1.24228010e+01  3.28734636e-01
 -4.22060633e+00  2.94101030e-01 -1.21581233e+00  4.13748622e-01]"
1747093059.1960053,"[ 0.          0.10786913  0.51430205 -3.13233817 -2.2384383  -0.00406878
  0.96006465  1.57092669]","[ 0.00000000e+00 -2.85742523e-05  1.43151660e-02  6.99788326e-05
 -1.05899522e-05  1.48148869e-04 -2.91443860e-05  6.62867037e-05]","[ 0.         -0.07473101 12.35090351  0.30807778 -4.28890038  0.30457285
 -1.21396244  0.3975915 ]"
1747093059.1984913,"[ 0.          0.10786913  0.5143388  -3.13233844 -2.2384383  -0.00406771
  0.96006465  1.57092669]","[ 0.00000000e+00 -2.81488337e-05  1.10739970e-02  6.62915232e-05
 -1.05819570e-05  1.58849285e-04 -2.91664395e-05  6.62873661e-05]","[ 0.         -0.12817064 12.29210377  0.24023129 -4.39981174  0.3077732
 -1.18795776  0.40769458]"
1747093059.2001736,"[ 0.          0.10786867  0.51435671 -3.13233844 -2.2384383  -0.00406665
  0.96006371  1.57092669]","[ 0.00000000e+00 -3.51057467e-05  8.36453802e-03  6.55915901e-05
 -1.05818513e-05  1.69311312e-04 -3.71209245e-05  6.62365825e-05]","[ 0.         -0.15586656 12.23517704  0.18250626 -4.42374134  0.32759741
 -1.20767641  0.40638062]"
1747093059.201815,"[ 0.          0.10786867  0.51436543 -3.13233844 -2.2384383  -0.00406665
  0.96006371  1.57092669]","[ 0.00000000e+00 -2.73048702e-05  8.27535905e-03  6.56457140e-05
 -1.05820616e-05  1.69311312e-04 -3.71209245e-05  6.62873661e-05]","[ 0.         -0.15385617 12.22656822  0.17079084 -4.42118168  0.33864713
 -1.22504723  0.40196687]"
1747093059.2035897,"[ 0.          0.10786867  0.51437921 -3.13233844 -2.23843856 -0.00406558
  0.96006371  1.57092669]","[ 0.00000000e+00 -3.46059814e-05  6.47577163e-03  6.48012201e-05
 -1.58729355e-05  1.80029186e-04 -3.70928568e-05  6.62873661e-05]","[ 0.         -0.16804387 12.15074348  0.15615693 -4.44893408  0.34996277
 -1.23686433  0.41611513]"
1747093059.2047207,"[ 0.          0.10786867  0.51439389 -3.13233897 -2.23843856 -0.00406505
  0.96006371  1.57092669]","[ 0.00000000e+00 -3.45302023e-05  7.15204394e-03  5.34890029e-05
 -1.58729355e-05  1.85184249e-04 -3.71209245e-05  6.62873661e-05]","[ 0.         -0.1928616  12.08154202  0.09622044 -4.43604898  0.35089496
 -1.22365487  0.44213071]"
1747093059.2063396,"[ 0.          0.10786867  0.51440172 -3.13233897 -2.23843856 -0.00406505
  0.96006272  1.57092762]","[ 0.00000000e+00 -3.45302023e-05  7.67219259e-03  5.35320086e-05
 -1.58729355e-05  1.85325990e-04 -4.76908124e-05  7.42425886e-05]","[ 0.         -0.18788798 12.05176926  0.06625661 -4.44573259  0.34676775
 -1.21982563  0.43645814]"
1747093059.2080348,"[ 0.          0.10786867  0.51441916 -3.13233897 -2.23843856 -0.00406398
  0.96006272  1.57092762]","[ 0.00000000e+00 -2.64521149e-05  8.90869933e-03  4.74025891e-05
 -1.58849283e-05  1.95766202e-04 -4.76912879e-05  7.41857136e-05]","[ 0.         -0.19300272 11.97525883  0.02260002 -4.42208385  0.35901695
 -1.21842599  0.42091054]"
1747093059.2096925,"[ 0.          0.10786821  0.51441916 -3.13233897 -2.23843856 -0.00406292
  0.96006272  1.57092762]","[ 0.00000000e+00 -3.40828866e-05  8.90869933e-03  4.73648987e-05
 -1.58849283e-05  2.06348155e-04 -4.77269018e-05  7.42418490e-05]","[ 0.         -0.20065691 11.97525883  0.01839549 -4.38499594  0.36479327
 -1.21462882  0.42431214]"
1747093059.2114182,"[ 0.          0.10786821  0.51444026 -3.13233897 -2.23843856 -0.00406132
  0.96006272  1.57092762]","[ 0.00000000e+00 -3.73070118e-05  1.08038994e-02  3.90063862e-05
 -2.11639139e-05  2.16932270e-04 -4.76908124e-05  6.62873661e-05]","[ 0.         -0.25054535 11.88751793 -0.01609585 -4.29670048  0.39721942
 -1.17892873  0.44177586]"
1747093059.2130542,"[ 0.          0.10786821  0.51445128 -3.13233897 -2.23843856 -0.00406026
  0.96006272  1.57092762]","[ 0.00000000e+00 -3.67601283e-05  1.10739970e-02  3.34606507e-05
 -2.11799045e-05  2.27512077e-04 -4.76908124e-05  6.62873661e-05]","[ 0.         -0.24167711 11.81695747 -0.02614089 -4.26386023  0.42167372
 -1.16194689  0.43990678]"
1747093059.214212,"[ 0.          0.10786821  0.51447702 -3.1323395  -2.2384383  -0.00405812
  0.96006272  1.57092855]","[ 0.00000000e+00 -3.30841159e-05  1.30276930e-02  2.50755334e-05
 -1.85184257e-05  2.48678453e-04 -4.77273772e-05  7.42418490e-05]","[ 0.         -0.2433238  11.68499756 -0.05278249 -4.12524796  0.4497413
 -1.14640045  0.441012  ]"
1747093059.215918,"[ 0.          0.10786821  0.51449033 -3.1323395  -2.2384383  -0.00405706
  0.96006272  1.57092855]","[ 0.00000000e+00 -3.26394436e-05  1.35048743e-02  2.50755334e-05
 -1.85184257e-05  2.59257952e-04 -4.76908124e-05  7.42418490e-05]","[ 0.         -0.23388706 11.60176563 -0.06136004 -4.05474377  0.44476849
 -1.1426754   0.43937251]"
1747093059.2175522,"[ 0.          0.10786775  0.51451743 -3.1323395  -2.2384383  -0.00405546
  0.96006272  1.57092855]","[ 0.00000000e+00 -3.57495282e-05  1.35048743e-02  2.48192525e-05
 -1.85184257e-05  2.75130873e-04 -4.77269018e-05  7.42411095e-05]","[ 0.         -0.21957064 11.4101696  -0.07395252 -3.91139603  0.44400683
 -1.15250099  0.45012864]"
1747093059.2187505,"[ 0.          0.10786775  0.51454449 -3.1323395  -2.2384383  -0.0040544
  0.96006272  1.57092855]","[ 0.00000000e+00 -3.57855566e-05  1.29646791e-02  1.93040656e-05
 -1.85184257e-05  2.85931532e-04 -4.77269018e-05  7.42418490e-05]","[ 0.         -0.24680111 11.22443295 -0.06621511 -3.84745693  0.42666698
 -1.10964262  0.45002842]"
1747093059.2203794,"[ 0.          0.10786775  0.51455555 -3.1323395  -2.2384383  -0.0040544
  0.96006272  1.57092855]","[ 0.00000000e+00 -3.52820690e-05  1.13326004e-02  1.91089590e-05
 -1.85325998e-05  2.85712842e-04 -4.76908124e-05  7.42980657e-05]","[ 0.         -0.25281981 11.14813328 -0.06245745 -3.82108045  0.42773956
 -1.09811747  0.44764021]"
1747093059.2220995,"[ 0.          0.1078673   0.51457572 -3.1323395  -2.23843776 -0.00405333
  0.96006272  1.57092948]","[ 0.00000000e+00 -4.17925584e-05  9.02766461e-03  1.89175667e-05
 -1.32275773e-05  2.96294811e-04 -4.76547840e-05  8.48478263e-05]","[ 0.         -0.2326009  11.06562614 -0.08325174 -3.75750566  0.44916919
 -1.05879641  0.43801561]"
1747093059.2243447,"[ 0.          0.1078673   0.51458354 -3.13234003 -2.23843776 -0.00405227
  0.96006272  1.57092948]","[ 0.00000000e+00 -4.17925584e-05  7.83282698e-03  8.10136298e-06
 -1.32274462e-05  3.06876748e-04 -4.76908124e-05  8.48478263e-05]","[ 0.         -0.22958192 11.02977371 -0.09051175 -3.72169971  0.45455641
 -1.06407952  0.45110029]"
1747093059.2254791,"[ 0.          0.10786684  0.51459686 -3.13234003 -2.23843776 -0.00405067
  0.96006272  1.57092948]","[ 0.00000000e+00 -4.80901037e-05  6.48233955e-03  8.02721132e-06
 -1.32374398e-05  3.22752888e-04 -4.76188043e-05  8.48478263e-05]","[ 0.         -0.24349582 10.95266342 -0.09400725 -3.72726607  0.47148249
 -1.08828866  0.46582076]"
1747093059.227198,"[ 0.          0.10786684  0.51460651 -3.13234003 -2.23843776 -0.00404747
  0.96006272  1.57092948]","[ 0.00000000e+00 -4.74855813e-05  4.25905335e-03  0.00000000e+00
 -1.32275773e-05  3.43913608e-04 -4.76192757e-05  8.48478263e-05]","[ 0.         -0.26601169 10.95165634 -0.11301119 -3.78734231  0.4940666
 -1.10231268  0.47533724]"
1747093059.2289836,"[ 0.          0.10786684  0.51460971 -3.1323403  -2.2384383  -0.00404694
  0.96006272  1.57093055]","[ 0.00000000e+00 -4.68966673e-05  3.24116978e-03 -2.64751422e-06
 -1.85184257e-05  3.49204592e-04 -4.76192757e-05  9.54538036e-05]","[ 0.         -0.28581896 10.94973755 -0.10944396 -3.79701877  0.49163181
 -1.10267055  0.487057  ]"
1747093059.2300775,"[ 0.          0.10786684  0.5146143  -3.1323403  -2.2384383  -0.00404374
  0.96006272  1.57093055]","[ 0.00000000e+00 -4.63227524e-05  2.25691615e-03 -7.93646773e-06
 -1.85184257e-05  3.98285006e-04 -4.76547840e-05  9.54538036e-05]","[ 0.         -0.29107273 10.97135353 -0.11823353 -3.90440536  0.49415469
 -1.11834788  0.49197024]"
1747093059.2323742,"[ 0.          0.10786684  0.5146166  -3.1323403  -2.23843856 -0.00404108
  0.96006272  1.57093055]","[ 0.00000000e+00 -4.63221753e-05  1.08038990e-03 -1.32374398e-05
 -2.11639139e-05  4.69401810e-04 -4.76188043e-05  9.54538036e-05]","[ 0.         -0.28401914 11.02192783 -0.10245857 -4.02395678  0.5002535
 -1.14713633  0.49041542]"
1747093059.2340922,"[ 0.          0.10786638  0.51461796 -3.1323403  -2.23843856 -0.00403842
  0.96006272  1.57093148]","[ 0.00000000e+00 -5.22989597e-05  8.10292444e-04 -1.32274462e-05
 -2.11639139e-05  5.62006963e-04 -4.76552554e-05  1.06059781e-04]","[ 0.         -0.32670125 11.08683205 -0.09642381 -4.1436162   0.49597538
 -1.16312921  0.48586839]"
1747093059.2353082,"[ 0.          0.10786591  0.51461843 -3.1323403  -2.23843856 -0.00403735
  0.96006272  1.57093148]","[ 0.00000000e+00 -5.55158596e-05  6.50185813e-04 -1.32375708e-05
 -2.11639139e-05  5.97906517e-04 -4.76188043e-05  9.54538036e-05]","[ 0.         -0.30952495 11.1339016  -0.06523938 -4.19374609  0.48652121
 -1.17434347  0.4824236 ]"
1747093059.2369533,"[ 0.          0.10786591  0.51462026 -3.13234083 -2.23843909 -0.00403416
  0.96006178  1.57093148]","[ 0.00000000e+00 -5.49032099e-05  7.89995073e-04 -2.38273920e-05
 -2.64748795e-05  7.20124740e-04 -5.82007654e-05  9.55251290e-05]","[ 0.         -0.35625094 11.23578453 -0.07023988 -4.30819035  0.47229925
 -1.18441045  0.48204914]"
1747093059.2385995,"[ 0.          0.10786591  0.51462119 -3.13234083 -2.23843909 -0.00403256
  0.96006178  1.57093148]","[ 0.00000000e+00 -5.42051135e-05  7.94973481e-04 -2.38273920e-05
 -2.64548924e-05  7.83818438e-04 -5.82447383e-05  9.54538036e-05]","[ 0.         -0.34855026 11.2995224  -0.0821839  -4.35864639  0.48905554
 -1.21118975  0.485219  ]"
1747093059.2397552,"[ 0.          0.10786546  0.51462396 -3.13234083 -2.23843963 -0.0040299
  0.96006178  1.57093148]","[ 0.00000000e+00 -5.98753514e-05  9.65390434e-04 -2.64751417e-05
 -3.17458709e-05  9.14060279e-04 -5.82013384e-05  9.54538036e-05]","[ 0.         -0.36848828 11.40965652 -0.04579167 -4.41441965  0.49121326
 -1.22633219  0.47065687]"
1747093059.2414398,"[ 0.          0.10786546  0.51462532 -3.13234083 -2.23843963 -0.00402776
  0.96006085  1.57093241]","[ 0.00000000e+00 -5.98746444e-05  1.05695974e-03 -2.64748795e-05
 -3.17698567e-05  9.89090552e-04 -6.61378843e-05  1.06059781e-04]","[ 0.         -0.38765633 11.4171648  -0.01397632 -4.45166016  0.48059204
 -1.23646867  0.46421877]"
1747093059.243127,"[ 0.          0.107865    0.51462945 -3.13234083 -2.23843963 -0.00402404
  0.96006085  1.57093241]","[ 0.00000000e+00 -6.53559383e-05  1.25800214e-03 -2.64748795e-05
 -3.17458709e-05  1.16448552e-03 -6.61872009e-05  1.06058724e-04]","[ 0.         -0.40637633 11.50052547  0.01330211 -4.5027523   0.47298762
 -1.24383557  0.4660137 ]"
1747093059.2448323,"[ 0.          0.107865    0.51463128 -3.13234083 -2.23843963 -0.00402084
  0.96006085  1.57093241]","[ 0.00000000e+00 -6.54148005e-05  1.31983403e-03 -2.64748795e-05
 -3.17458709e-05  1.24335696e-03 -6.61372301e-05  1.06059781e-04]","[ 0.00000000e+00 -4.28716689e-01  1.15786381e+01 -6.04925212e-03
 -4.49630070e+00  4.61478531e-01 -1.23922586e+00  4.74014491e-01]"
1747093059.2465205,"[ 0.          0.10786454  0.51463634 -3.13234083 -2.23843963 -0.00401551
  0.96005992  1.57093241]","[ 0.00000000e+00 -6.69265881e-05  1.52344648e-03 -2.64748795e-05
 -3.17701716e-05  1.48990885e-03 -7.41296676e-05  1.06059781e-04]","[ 0.         -0.42447028 11.71612358  0.03890156 -4.51127291  0.45375407
 -1.26171088  0.47497523]"
1747093059.248156,"[ 0.          0.10786454  0.5146391  -3.13234083 -2.23843963 -0.00401232
  0.96005992  1.57093335]","[ 0.00000000e+00 -6.69258282e-05  1.79158103e-03 -2.64746154e-05
 -3.17458709e-05  1.70907921e-03 -7.41303991e-05  1.14014268e-04]","[ 0.         -0.4168953  11.762187    0.06721671 -4.49163103  0.44353971
 -1.28199399  0.46412769]"
1747093059.2492704,"[ 0.          0.10786408  0.51464646 -3.13234083 -2.23843963 -0.0040022
  0.96005992  1.57093335]","[ 0.00000000e+00 -7.21968440e-05  2.61646214e-03 -2.64748795e-05
 -2.64748795e-05  2.27793952e-03 -7.40744343e-05  1.14013130e-04]","[ 0.         -0.42826852 11.8895092   0.09586342 -4.48018599  0.44139954
 -1.29434693  0.44937769]"
1747093059.2509615,"[ 0.          0.10786408  0.51465608 -3.13234136 -2.23843963 -0.00398569
  0.96005992  1.57093335]","[ 0.00000000e+00 -7.13410369e-05  3.93596822e-03 -3.17698567e-05
 -2.64751417e-05  3.73309178e-03 -7.41296676e-05  1.14014268e-04]","[ 0.         -0.42709568 11.9726181   0.10157748 -4.45201063  0.43345377
 -1.29250467  0.46103907]"
1747093059.25261,"[ 0.          0.10786408  0.51466344 -3.13234136 -2.23843963 -0.00397237
  0.96005892  1.57093335]","[ 0.00000000e+00 -7.05644550e-05  5.23357551e-03 -3.17698567e-05
 -2.64551545e-05  5.67501371e-03 -8.46556558e-05  1.14014268e-04]","[ 0.         -0.43708026 12.04114151  0.11019319 -4.43793488  0.42703289
 -1.28381658  0.46967384]"
1747093059.253784,"[ 0.          0.10786363  0.51467858 -3.13234136 -2.23843963 -0.00393828
  0.96005892  1.57093428]","[ 0.00000000e+00 -7.56216327e-05  7.69387655e-03 -3.17698567e-05
 -2.38273920e-05  1.56191984e-02 -8.47204549e-05  1.14014268e-04]","[ 0.         -0.41695896 12.07449627  0.14177386 -4.39790726  0.43653187
 -1.29097497  0.46703854]"
1747093059.255609,"[ 0.          0.10786363  0.5146896  -3.13234136 -2.23843963 -0.00391644
  0.96005892  1.57093428]","[ 0.00000000e+00 -7.56216327e-05  9.36267571e-03 -3.17701716e-05
 -2.38273920e-05  2.07975050e-02 -8.47196178e-05  1.14013130e-04]","[ 0.         -0.41376004 12.08995628  0.15006797 -4.3580904   0.43431407
 -1.29413557  0.45771781]"
1747093059.2567415,"[ 0.          0.10786316  0.5147144  -3.13234136 -2.23843963 -0.00387064
  0.96005892  1.57093428]","[ 0.00000000e+00 -7.97217207e-05  1.35048743e-02 -3.17698567e-05
 -2.38094022e-05  2.25691605e-02 -8.46556558e-05  1.13928053e-04]","[ 0.         -0.44091755 12.13768196  0.13938735 -4.34888697  0.44058883
 -1.30425394  0.47129282]"
1747093059.2587733,"[ 0.          0.10786316  0.51473048 -3.13234136 -2.23843963 -0.00384987
  0.96005799  1.57093428]","[ 0.00000000e+00 -7.96570029e-05  1.62058481e-02 -3.17701716e-05
 -1.85325998e-05  2.10462568e-02 -9.52376087e-05  1.14014268e-04]","[ 0.         -0.43573856 12.14966774  0.13861988 -4.34422255  0.43555051
 -1.30696142  0.4635402 ]"
1747093059.260439,"[ 0.          0.1078627   0.51477319 -3.1323419  -2.23843963 -0.00381365
  0.96005799  1.57093428]","[ 0.00000000e+00 -8.16411099e-05  2.23953767e-02 -3.70648338e-05
 -1.85184257e-05  1.70522548e-02 -9.52385514e-05  1.14014268e-04]","[ 0.         -0.43148148 12.09978962  0.14263213 -4.32796764  0.43377659
 -1.31016779  0.47314796]"
1747093059.2622042,"[ 0.          0.1078627   0.51483012 -3.1323419  -2.23843963 -0.00378968
  0.96005799  1.57093428]","[ 0.00000000e+00 -8.07989405e-05  3.07911127e-02 -3.70648338e-05
 -1.85324169e-05  1.08038994e-02 -9.53095680e-05  1.13926924e-04]","[ 0.         -0.40071139 12.03757     0.13559219 -4.27712631  0.4406085
 -1.31118941  0.46413925]"
1747093059.2639384,"[ 0.          0.1078627   0.51486504 -3.1323419  -2.23843963 -0.00378329
  0.96005799  1.57093428]","[ 0.00000000e+00 -7.99739847e-05  3.53827707e-02 -3.70368514e-05
 -1.85324169e-05  6.47577163e-03 -9.52376087e-05  1.14014268e-04]","[ 0.         -0.41429788 11.99843025  0.11729173 -4.27869129  0.44206032
 -1.30858886  0.47218966]"
1747093059.2650914,"[ 0.          0.10786224  0.51494676 -3.1323419  -2.23843963 -0.00378062
  0.96005799  1.57093521]","[ 0.00000000e+00 -8.46245281e-05  4.10548170e-02 -3.70651995e-05
 -1.85184257e-05  0.00000000e+00 -9.52376087e-05  1.21968747e-04]","[ 0.         -0.40668103 11.85419846  0.07238045 -4.24447775  0.45472446
 -1.284446    0.4657878 ]"
1747093059.2668748,"[ 0.          0.10786224  0.51498854 -3.1323419  -2.23843963 -0.00378222
  0.96005799  1.57093521]","[ 0.00000000e+00 -8.37140811e-05  4.24053018e-02 -3.70648338e-05
 -1.85324169e-05 -8.10292444e-04 -9.53095680e-05  1.11361664e-04]","[ 0.         -0.41565222 11.76773453  0.06755954 -4.25198317  0.45498994
 -1.27232635  0.46655458]"
1747093059.2686238,"[ 0.          0.10786179  0.51507669 -3.13234216 -2.23843963 -0.00378542
  0.96005799  1.57093521]","[ 0.00000000e+00 -8.82319459e-05  4.32155977e-02 -3.96823397e-05
 -2.38094022e-05 -1.19246029e-03 -9.52385514e-05  1.11361664e-04]","[ 0.         -0.40401924 11.61704063  0.06328007 -4.18876505  0.46332532
 -1.26102173  0.47455221]"
1747093059.269743,"[ 0.          0.10786179  0.51516395 -3.13234216 -2.23843963 -0.00378329
  0.96005799  1.57093521]","[ 0.00000000e+00 -8.28221968e-05  4.50605775e-02 -3.97123214e-05
 -2.38276277e-05 -2.64991160e-04 -9.52376087e-05  1.11362770e-04]","[ 0.         -0.41457295 11.46625996  0.03226473 -4.1508894   0.45848337
 -1.25114441  0.46618631]"
1747093059.2714589,"[ 0.          0.10786179  0.51521308 -3.13234216 -2.23843963 -0.00378222
  0.96005799  1.57093614]","[ 0.00000000e+00 -8.28845577e-05  4.61413964e-02 -3.97119231e-05
 -2.64751417e-05  5.29850496e-04 -9.52376087e-05  1.21784452e-04]","[ 0.         -0.4002676  11.40527821  0.02190244 -4.14182425  0.46461368
 -1.24117613  0.46584216]"
1747093059.2732215,"[ 0.          0.10786133  0.51530493 -3.13234216 -2.23843963 -0.00378116
  0.96005706  1.57093614]","[ 0.00000000e+00 -8.73671094e-05  4.64567646e-02 -3.97123214e-05
 -2.64548924e-05  5.26576582e-04 -9.52385514e-05  1.21692507e-04]","[ 0.         -0.40004906 11.27677822 -0.02198674 -4.13279343  0.46896151
 -1.24887168  0.45488951]"
1747093059.2749941,"[ 0.          0.10786086  0.51539354 -3.1323427  -2.23844016 -0.00378116
  0.96005706  1.57093614]","[ 0.00000000e+00 -8.99466322e-05  4.23798686e-02 -4.50072964e-05
 -2.91226556e-05  6.10554192e-04 -9.52385514e-05  1.11195599e-04]","[ 0.         -0.42336041 11.17002392 -0.0597919  -4.21517706  0.4717046
 -1.25363553  0.46764448]"
1747093059.2767112,"[ 0.          0.10786086  0.51543306 -3.1323427  -2.23844016 -0.00378116
  0.96005706  1.57093614]","[ 0.00000000e+00 -9.00145929e-05  3.99339258e-02 -4.50413255e-05
 -2.91006692e-05  6.10641707e-04 -9.52376087e-05  1.11194501e-04]","[ 0.         -0.40477076 11.0942421  -0.05559829 -4.22789001  0.46990213
 -1.24827456  0.46201554]"
1747093059.2784598,"[ 0.          0.10786086  0.51550789 -3.13234323 -2.23844043 -0.00378062
  0.96005706  1.57093721]","[ 0.00000000e+00 -8.99475262e-05  3.72356859e-02 -5.03027714e-05
 -3.17698567e-05  3.31156572e-04 -9.52385514e-05  1.21692507e-04]","[ 0.         -0.40103579 11.04860306 -0.09589931 -4.29159307  0.48812529
 -1.25437498  0.45988041]"
1747093059.2801657,"[ 0.          0.1078604   0.51558366 -3.13234323 -2.23844043 -0.00378062
  0.96005706  1.57093721]","[ 0.00000000e+00 -9.53095680e-05  3.72734528e-02 -5.03022715e-05
 -3.17458709e-05  6.56193449e-05 -9.52385514e-05  1.21785654e-04]","[ 0.         -0.38591114 11.06537914 -0.13033055 -4.35025215  0.50880021
 -1.283566    0.47205341]"
1747093059.2813175,"[ 0.          0.1078604   0.51562131 -3.13234323 -2.23844043 -0.00377956
  0.96005706  1.57093721]","[ 0.00000000e+00 -9.52376087e-05  3.80837445e-02 -5.03022715e-05
 -3.17698567e-05  1.98718647e-04 -9.52376087e-05  1.21692507e-04]","[ 0.         -0.38819799 11.07395649 -0.15231311 -4.40109825  0.50861865
 -1.29945278  0.45274568]"
1747093059.2836123,"[ 0.          0.10785995  0.51569801 -3.1323435  -2.23844096 -0.00377956
  0.96005606  1.57093721]","[ 0.00000000e+00 -9.52385514e-05  3.71137339e-02 -5.29497591e-05
 -3.70648338e-05  1.77013039e-04 -1.05739735e-04  1.21784452e-04]","[ 0.         -0.38255298 11.13675308 -0.1630545  -4.49747753  0.52259445
 -1.31207776  0.46526888]"
1747093059.2853127,"[ 0.          0.10785995  0.51577008 -3.1323435  -2.23844149 -0.00377956
  0.96005606  1.57093814]","[ 0.00000000e+00 -9.52376087e-05  3.59229638e-02 -5.29497591e-05
 -4.23278279e-05  1.58364377e-04 -9.52385514e-05  1.21692507e-04]","[ 0.         -0.36563048 11.19443798 -0.16699484 -4.58594561  0.50705314
 -1.31197214  0.47368714]"
1747093059.2871044,"[ 0.          0.10785949  0.51583713 -3.1323435  -2.23844202 -0.00377956
  0.96005606  1.57093814]","[ 0.00000000e+00 -1.00528593e-04  3.34920866e-02 -5.29497591e-05
 -4.23278279e-05  1.44266577e-04 -9.52376087e-05  1.21693710e-04]","[ 0.         -0.33683142 11.30672741 -0.17711948 -4.63141155  0.47725239
 -1.34361553  0.45300001]"
1747093059.2882383,"[ 0.          0.10785949  0.51587158 -3.1323435  -2.23844202 -0.00377956
  0.96005606  1.57093814]","[ 0.00000000e+00 -1.00604543e-04  3.23491306e-02 -5.29097849e-05
 -4.23918346e-05  1.45263328e-04 -9.52376087e-05  1.21784452e-04]","[ 0.         -0.33756319 11.38493729 -0.16364595 -4.63547611  0.47333133
 -1.35157204  0.44126388]"
1747093059.2899752,"[ 0.          0.10785949  0.51593769 -3.13234403 -2.23844202 -0.00377849
  0.96005513  1.57093814]","[ 0.00000000e+00 -9.52385514e-05  3.34581521e-02 -5.82441572e-05
 -4.24239132e-05  2.04089279e-04 -1.03174077e-04  1.21692507e-04]","[ 0.         -0.30278221 11.55884171 -0.15656766 -4.6648488   0.47461191
 -1.36323571  0.43930918]"
1747093059.291673,"[ 0.          0.10785903  0.51597351 -3.13234403 -2.23844202 -0.00377849
  0.96005513  1.57093814]","[ 0.00000000e+00 -1.05820618e-04  3.36029739e-02 -5.82447383e-05
 -4.24239132e-05  1.63283943e-04 -9.53095680e-05  1.21692507e-04]","[ 0.         -0.28090185 11.64804268 -0.15167253 -4.66117668  0.47442046
 -1.37713814  0.42514732]"
1747093059.2927744,"[ 0.          0.10785903  0.51604239 -3.13234456 -2.23844229 -0.00377743
  0.96005513  1.57093907]","[ 0.00000000e+00 -1.00604543e-04  3.48425735e-02 -6.34917418e-05
 -4.50754075e-05  2.26491366e-04 -9.52385514e-05  1.32375710e-04]","[ 0.         -0.27309796 11.79335403 -0.14622016 -4.68323326  0.48223251
 -1.40431118  0.43519109]"
1747093059.2944996,"[ 0.          0.10785857  0.51607638 -3.13234456 -2.23844229 -0.00377743
  0.96005419  1.57093907]","[ 0.00000000e+00 -1.05819570e-04  3.45724769e-02 -6.35397134e-05
 -4.50754075e-05  2.27717926e-04 -1.03174077e-04  1.32274460e-04]","[ 0.         -0.29247746 11.83619308 -0.14818771 -4.68054628  0.48225665
 -1.40804732  0.42003497]"
1747093059.2969108,"[ 0.          0.10785857  0.51614296 -3.13234456 -2.23844229 -0.00377636
  0.96005419  1.57093907]","[ 0.00000000e+00 -1.05820618e-04  3.20681671e-02 -6.34911079e-05
 -3.97423437e-05  2.12755037e-04 -1.03174077e-04  1.21692507e-04]","[ 0.         -0.33333343 11.9916544  -0.17973213 -4.65653563  0.49620119
 -1.41639745  0.42938361]"
1747093059.298605,"[ 0.          0.10785811  0.51620448 -3.13234456 -2.23844229 -0.00377636
  0.96005419  1.57093907]","[ 0.00000000e+00 -1.08466135e-04  3.13313079e-02 -6.35397134e-05
 -3.97724188e-05  2.11684002e-04 -1.03174077e-04  1.21692507e-04]","[ 0.         -0.32910326 12.18780613 -0.14101289 -4.62452507  0.476915
 -1.42328978  0.42809528]"
1747093059.3003967,"[ 0.          0.10785765  0.51626922 -3.13234509 -2.23844229 -0.00377636
  0.96005326  1.57093907]","[ 0.00000000e+00 -1.08465062e-04  3.21415997e-02 -6.61872009e-05
 -3.97423437e-05  1.98718647e-04 -1.03174077e-04  1.21692507e-04]","[ 0.         -0.2987321  12.40983868 -0.11319381 -4.59103632  0.46300444
 -1.42722118  0.43197134]"
1747093059.302101,"[ 0.          0.10785719  0.51630228 -3.13234509 -2.23844282 -0.00377636
  0.96005326  1.57093907]","[ 0.00000000e+00 -1.13756038e-04  3.34920866e-02 -6.61372301e-05
 -4.50758585e-05  1.87238885e-04 -1.03174077e-04  1.21692507e-04]","[ 0.         -0.29754817 12.50179482 -0.07463508 -4.58804941  0.45898855
 -1.45189404  0.4129335 ]"
1747093059.3032768,"[ 0.          0.10785719  0.51637026 -3.13234509 -2.23844282 -0.00377636
  0.96005326  1.57093907]","[ 0.00000000e+00 -1.13756038e-04  3.48425735e-02 -6.61878551e-05
 -4.24239132e-05  1.77003221e-04 -1.03174077e-04  1.21692507e-04]","[ 0.         -0.29662251 12.62400818 -0.02311242 -4.56995535  0.45225522
 -1.47143519  0.40759903]"
1747093059.3048587,"[ 0.          0.10785719  0.5164428  -3.13234509 -2.23844282 -0.00377636
  0.96005226  1.57093907]","[ 0.00000000e+00 -1.13841985e-04  3.53827707e-02 -6.62365825e-05
 -4.24239132e-05  1.67170233e-04 -1.13756038e-04  1.21600701e-04]","[ 0.00000000e+00 -3.18030834e-01  1.27849188e+01  8.56127497e-03
 -4.59317684e+00  4.26879376e-01 -1.47678876e+00  3.97110909e-01]"
1747093059.3065724,"[ 0.          0.10785673  0.51647725 -3.13234509 -2.23844336 -0.00377636
  0.96005226  1.57093907]","[ 0.00000000e+00 -1.19227035e-04  3.48425735e-02 -6.09843734e-05
 -4.77269018e-05  1.67170233e-04 -1.13756038e-04  1.21692507e-04]","[ 0.00000000e+00 -3.29124749e-01  1.28487616e+01  6.30390225e-03
 -4.60882330e+00  4.37840134e-01 -1.49515188e+00  3.98703873e-01]"
1747093059.3077548,"[ 0.          0.10785673  0.51650937 -3.13234509 -2.23844336 -0.00377583
  0.96005226  1.57093907]","[ 0.00000000e+00 -1.19227035e-04  3.26486822e-02 -6.09843734e-05
 -4.77273772e-05  1.85456904e-04 -1.03174077e-04  1.13757160e-04]","[ 0.00000000e+00 -3.11926007e-01  1.28843050e+01  9.93599370e-03
 -4.62831783e+00  4.36971247e-01 -1.51447463e+00  3.91735137e-01]"
1747093059.3095114,"[ 0.          0.10785628  0.51657276 -3.13234509 -2.23844362 -0.00377583
  0.96005133  1.57094   ]","[ 0.00000000e+00 -1.24620245e-04  3.07599142e-02 -6.09382630e-05
 -5.03403034e-05  1.76151640e-04 -1.13756038e-04  1.21784452e-04]","[ 0.         -0.31115547 13.03547096  0.04156771 -4.70145321  0.43706638
 -1.52574289  0.39160398]"
1747093059.3112826,"[ 0.          0.10785582  0.51663291 -3.13234509 -2.23844415 -0.00377583
  0.96005133  1.57094   ]","[ 0.00000000e+00 -1.24526017e-04  3.07911127e-02 -6.09843734e-05
 -5.56813848e-05  1.20636037e-04 -1.13757160e-04  1.21692507e-04]","[ 0.         -0.29358292 13.18831158  0.10282239 -4.73365641  0.41033763
 -1.56258023  0.39538267]"
1747093059.3130467,"[ 0.          0.10785582  0.51666504 -3.13234509 -2.23844469 -0.00377583
  0.96005133  1.57094   ]","[ 0.00000000e+00 -1.24526017e-04  3.26817948e-02 -6.09382630e-05
 -6.09382630e-05  1.20227574e-04 -1.13841985e-04  1.21692507e-04]","[ 0.         -0.30076444 13.28108883  0.11656673 -4.7391572   0.3923929
 -1.57736921  0.38876837]"
1747093059.3142273,"[ 0.          0.10785582  0.51673761 -3.13234509 -2.23844602 -0.00377583
  0.9600504   1.57094   ]","[ 0.00000000e+00 -1.24526017e-04  3.66960379e-02 -5.56813848e-05
 -7.68925753e-05  1.15099022e-04 -1.21692507e-04  1.13756038e-04]","[ 0.         -0.29782733 13.39755058  0.13838062 -4.8491993   0.3872478
 -1.57491159  0.38465291]"
1747093059.3159602,"[ 0.          0.10785582  0.51677526 -3.13234536 -2.23844708 -0.00377583
  0.9600504   1.57094   ]","[ 0.00000000e+00 -1.24524773e-04  3.80837445e-02 -5.83328791e-05
 -8.74993247e-05  6.90594130e-05 -1.21692507e-04  1.13756038e-04]","[ 0.         -0.27636033 13.44176865  0.17479491 -4.90640688  0.38275224
 -1.57855165  0.38890362]"
1747093059.3171055,"[ 0.          0.10785535  0.51685562 -3.13234536 -2.23844921 -0.00377583
  0.9600504   1.57094   ]","[ 0.00000000e+00 -1.24526017e-04  3.93706464e-02 -5.82887721e-05
 -1.08711279e-04  6.62368019e-05 -1.21692507e-04  1.13756038e-04]","[ 0.         -0.27760699 13.48156643  0.21668595 -4.98365736  0.34890774
 -1.58492541  0.36059114]"
1747093059.3189268,"[ 0.          0.10785535  0.51693505 -3.13234509 -2.23845188 -0.00377583
  0.9600494   1.57094   ]","[ 0.00000000e+00 -1.24526017e-04  4.05146197e-02 -5.56813848e-05
 -1.35226222e-04  6.36358718e-05 -1.32274460e-04  1.13756038e-04]","[ 0.         -0.27012321 13.4890852   0.25904855 -5.05825949  0.32615906
 -1.63119888  0.36391687]"
1747093059.3205948,"[ 0.          0.10785489  0.51698005 -3.13234509 -2.23845348 -0.00377583
  0.9600494   1.57094   ]","[ 0.00000000e+00 -1.27175500e-04  4.23798686e-02 -5.56813848e-05
 -1.51135188e-04  6.36358718e-05 -1.32174673e-04  1.13757160e-04]","[ 0.         -0.2444579  13.48484707  0.27490041 -5.07908964  0.31342369
 -1.63733888  0.37392282]"
1747093059.3223917,"[ 0.          0.10785489  0.51707143 -3.13234536 -2.23845694 -0.00377583
  0.9600494   1.57094   ]","[ 0.00000000e+00 -1.24526017e-04  4.83474467e-02 -5.82893532e-05
 -1.92800298e-04  2.03512243e-05 -1.32474482e-04  1.05739735e-04]","[ 0.         -0.22444887 13.47168541  0.28364909 -5.14435434  0.31651706
 -1.64566755  0.37103727]"
1747093059.3240492,"[ 0.          0.10785489  0.51717566 -3.13234509 -2.2384612  -0.00377583
  0.9600494   1.57094   ]","[ 0.00000000e+00 -1.24526017e-04  5.50998833e-02 -5.03403034e-05
 -2.78782154e-04  1.96673894e-05 -1.32275769e-04  1.05819570e-04]","[ 0.         -0.20415682 13.37997913  0.31471318 -5.17126417  0.32664242
 -1.66986728  0.37044853]"
1747093059.3264823,"[ 0.          0.10785444  0.51729414 -3.13234509 -2.23846573 -0.00377583
  0.96004847  1.57094   ]","[ 0.00000000e+00 -1.24526017e-04  5.90914167e-02 -5.03783961e-05
 -5.59574228e-04  1.95031931e-05 -1.43072445e-04  1.05900567e-04]","[ 0.         -0.16549191 13.22355938  0.33249328 -5.12256098  0.31640452
 -1.67089045  0.36216518]"
1747093059.3281434,"[ 0.          0.10785444  0.51741811 -3.13234509 -2.23846999 -0.00377583
  0.96004847  1.57094   ]","[ 0.00000000e+00 -1.24527252e-04  6.37430062e-02 -4.77269018e-05
 -1.26276007e-03  1.87731645e-05 -1.43072445e-04  1.05819570e-04]","[ 0.         -0.14518887 13.01521301  0.34935978 -5.07564306  0.29297745
 -1.62681007  0.32702017]"
1747093059.3305132,"[ 0.          0.10785444  0.51756186 -3.13234509 -2.23847372 -0.00377583
  0.96004847  1.57094   ]","[ 0.00000000e+00 -1.24431935e-04  7.22213169e-02 -4.77269018e-05
 -2.03564999e-03  1.81897487e-05 -1.43072445e-04  9.52376087e-05]","[ 0.         -0.10424786 12.85814857  0.35832292 -4.98618412  0.28578293
 -1.6149838   0.32653454]"
1747093059.3321757,"[ 0.          0.10785444  0.5177088  -3.13234509 -2.23847585 -0.00377583
  0.96004847  1.57094   ]","[ 0.00000000e+00 -1.24526017e-04  7.50870946e-02 -4.77269018e-05
 -1.82158762e-03  1.81897487e-05 -1.43072445e-04  9.52385514e-05]","[ 0.         -0.07890099 12.61625862  0.37659439 -4.9166975   0.2830978
 -1.60502625  0.3453351 ]"
1747093059.3345604,"[ 0.          0.10785444  0.51786446 -3.13234509 -2.23847691 -0.00377583
  0.96004847  1.57094   ]","[ 0.00000000e+00 -1.19138138e-04  8.04890505e-02 -4.77269018e-05
 -1.39085760e-03  1.75531314e-05 -1.43072445e-04  9.52376087e-05]","[ 0.         -0.04843759 12.38125896  0.37653595 -4.80738449  0.28250253
 -1.59490335  0.36116427]"
1747093059.3362513,"[ 0.          0.10785444  0.51803297 -3.13234509 -2.23847718 -0.00377583
  0.96004847  1.57094   ]","[ 0.00000000e+00 -1.13928053e-04  8.29199257e-02 -4.77269018e-05
 -8.85861135e-04  1.70415043e-05 -1.43072445e-04  8.46556558e-05]","[ 0.00000000e+00  4.13803430e-03  1.20951805e+01  3.84970307e-01
 -4.71870518e+00  2.67717898e-01 -1.53643680e+00  3.47386390e-01]"
1747093059.338588,"[ 0.          0.10785444  0.51819875 -3.13234509 -2.23847771 -0.00377583
  0.96004847  1.57094   ]","[ 0.00000000e+00 -1.13928053e-04  8.48106036e-02 -4.23918346e-05
 -4.96796609e-04  1.64814870e-05 -1.32474482e-04  8.45926284e-05]","[ 0.          0.05184684 11.87039852  0.36190462 -4.65055752  0.26603583
 -1.49059105  0.33143297]"
1747093059.3403416,"[ 0.          0.10785444  0.51837692 -3.13234509 -2.23847824 -0.00377583
  0.96004847  1.57094   ]","[ 0.00000000e+00 -1.08627990e-04  8.69713844e-02 -4.24239132e-05
 -3.00884376e-04  0.00000000e+00 -1.32474482e-04  8.46556558e-05]","[ 0.          0.08828843 11.59428978  0.38223237 -4.63383245  0.26118839
 -1.48113155  0.33113793]"
1747093059.3426626,"[ 0.          0.10785444  0.51855232 -3.13234509 -2.23847904 -0.00377583
  0.96004847  1.57094   ]","[ 0.00000000e+00 -1.05979589e-04  8.52612771e-02 -4.23918346e-05
 -2.64958196e-04  0.00000000e+00 -1.21877737e-04  7.41296676e-05]","[ 0.          0.12164134 11.44749451  0.38312075 -4.59875774  0.25187749
 -1.46931255  0.338723  ]"
1747093059.3449209,"[ 0.          0.10785444  0.5187966  -3.13234509 -2.23848091 -0.00377583
  0.96004847  1.57094   ]","[ 0.00000000e+00 -1.00680607e-04  7.95980234e-02 -4.23918346e-05
 -3.60666458e-04  0.00000000e+00 -1.21876526e-04  7.40737029e-05]","[ 0.          0.17960393 11.25714397  0.39294037 -4.61652613  0.26075476
 -1.45277786  0.32912698]"
1747093059.3472457,"[ 0.          0.10785444  0.51895136 -3.13234509 -2.23848224 -0.00377583
  0.96004847  1.57094   ]","[ 0.00000000e+00 -1.00680607e-04  7.44782294e-02 -4.24243358e-05
 -4.08209865e-04  0.00000000e+00 -1.13928053e-04  7.40737029e-05]","[ 0.          0.21316776 11.24717522  0.38000077 -4.6866231   0.27300116
 -1.46890867  0.33502725]"
1747093059.3496137,"[ 0.          0.10785444  0.51909417 -3.13234509 -2.23848517 -0.00377583
  0.96004847  1.57094   ]","[ 0.00000000e+00 -9.53816248e-05  7.21160221e-02 -4.24239132e-05
 -5.46886567e-04  0.00000000e+00 -1.13926924e-04  6.61372301e-05]","[ 0.          0.24896209 11.26931667  0.38650033 -4.7821393   0.27910379
 -1.47356153  0.32821313]"
1747093059.3526404,"[ 0.          0.10785444  0.51923469 -3.13234509 -2.23848969 -0.00377583
  0.96004754  1.57094   ]","[ 0.00000000e+00 -9.53816248e-05  6.75243704e-02 -3.71209245e-05
 -7.48955540e-04  0.00000000e+00 -1.21876526e-04  6.61378843e-05]","[ 0.          0.27193743 11.37088585  0.37839219 -4.9044652   0.26504314
 -1.48448682  0.32776666]"
1747093059.3548837,"[ 0.          0.10785444  0.51943625 -3.13234509 -2.23849981 -0.00377583
  0.96004754  1.57094   ]","[ 0.00000000e+00 -9.00817490e-05  6.88748552e-02 -3.70932266e-05
 -1.32619766e-03  0.00000000e+00 -1.13928053e-04  6.60873364e-05]","[ 0.          0.29311466 11.56045914  0.38634425 -5.08678818  0.24211742
 -1.52625442  0.34844324]"
1747093059.3566163,"[ 0.          0.10785444  0.51957264 -3.13234509 -2.2385102  -0.00377583
  0.96004754  1.57094   ]","[ 0.00000000e+00 -8.74331602e-05  6.61738814e-02 -3.71209245e-05
 -3.09772812e-03  0.00000000e+00 -1.14014268e-04  5.82013384e-05]","[ 0.          0.30565703 11.75130177  0.39676735 -5.19215822  0.25206429
 -1.5791688   0.32600427]"
1747093059.3578112,"[ 0.          0.10785444  0.51963599 -3.13234509 -2.23852698 -0.00377583
  0.96004754  1.57094   ]","[ 0.00000000e+00 -8.74331602e-05  6.42180684e-02 -3.70928568e-05
 -7.45860603e-03  0.00000000e+00 -1.03330098e-04  5.82013384e-05]","[ 0.          0.34065288 11.84517765  0.37923366 -5.27204132  0.24900614
 -1.58542609  0.30998942]"
1747093059.359512,"[ 0.          0.10785444  0.51977055 -3.13234509 -2.23853657 -0.00377583
  0.96004754  1.57094   ]","[ 0.00000000e+00 -8.74322905e-05  6.75243704e-02 -3.71209245e-05
 -9.31364025e-03  0.00000000e+00 -1.03330098e-04  5.82007654e-05]","[ 0.          0.37753499 12.08319759  0.40077883 -5.27920771  0.25145289
 -1.60183811  0.31336764]"
1747093059.3611584,"[ 0.          0.10785444  0.51990188 -3.13234509 -2.238564   -0.00377583
  0.9600466   1.57094   ]","[ 0.00000000e+00 -8.21341783e-05  6.61738814e-02 -3.18179359e-05
 -1.42938025e-02  0.00000000e+00 -1.13928053e-04  5.82007654e-05]","[ 0.          0.39689529 12.3264122   0.4363125  -5.27116632  0.25081673
 -1.63137794  0.32234553]"
1747093059.3628728,"[ 0.          0.10785444  0.51996892 -3.13234509 -2.23858104 -0.00377583
  0.9600466   1.57094   ]","[ 0.00000000e+00 -8.21341783e-05  6.80645635e-02 -3.17938749e-05
 -1.72862385e-02  0.00000000e+00 -1.13928053e-04  5.82453112e-05]","[ 0.          0.39268467 12.36523914  0.4516528  -5.22960711  0.24573383
 -1.66655564  0.32091853]"
1747093059.3645403,"[ 0.          0.10785444  0.52011539 -3.13234509 -2.23862152 -0.00377636
  0.9600466   1.57094   ]","[ 0.00000000e+00 -8.21341783e-05  7.25826079e-02 -3.18179359e-05
 -2.15859048e-02 -9.42445047e-06 -1.13928053e-04  5.82007654e-05]","[ 0.          0.37784892 12.5532608   0.46449289 -5.10799122  0.2160874
 -1.66093647  0.30622244]"
1747093059.366224,"[ 0.          0.10785444  0.52027059 -3.13234509 -2.23867372 -0.00377636
  0.9600466   1.57094   ]","[ 0.00000000e+00 -7.68344325e-05  7.96787588e-02 -3.17941919e-05
 -2.63306883e-02 -9.27510584e-06 -1.13928053e-04  4.76188043e-05]","[ 0.          0.43020061 12.69654083  0.51570767 -4.95409632  0.19546467
 -1.62708056  0.29747647]"
1747093059.3679469,"[ 0.          0.10785444  0.52035095 -3.13234509 -2.23870168 -0.00377636
  0.9600466   1.57094   ]","[ 0.00000000e+00 -7.41857136e-05  8.15694367e-02 -2.91443860e-05
 -2.83602355e-02 -9.27510584e-06 -1.14015406e-04  4.76192757e-05]","[ 0.          0.42833608 12.68277454  0.51476252 -4.86315918  0.182374
 -1.61809933  0.3019475 ]"
1747093059.36972,"[ 0.          0.10785444  0.52053051 -3.13234456 -2.23876107 -0.00377636
  0.9600466   1.57094   ]","[ 0.00000000e+00 -7.42418490e-05  8.98513268e-02 -2.38634509e-05
 -3.07911127e-02 -9.10653704e-06 -1.13928053e-04  4.76192757e-05]","[ 0.          0.42958459 12.77069664  0.54740041 -4.67883444  0.16938207
 -1.60359967  0.30727682]"
1747093059.370912,"[ 0.          0.10785444  0.52071327 -3.13234456 -2.23882445 -0.00377636
  0.9600466   1.57094   ]","[ 0.00000000e+00 -7.41864532e-05  9.26434348e-02 -2.38456439e-05
 -2.89004307e-02 -8.95556491e-06 -1.14014268e-04  4.76188043e-05]","[ 0.          0.4416495  12.73200893  0.58667719 -4.50715494  0.18689968
 -1.57585096  0.29435134]"
1747093059.3726764,"[ 0.          0.10785444  0.52081567 -3.13234456 -2.23884816 -0.00377636
  0.9600466   1.57094   ]","[ 0.00000000e+00 -6.88874145e-05  9.62950864e-02 -2.38632132e-05
 -2.83857873e-02 -8.80951692e-06 -1.03330098e-04  3.70928568e-05]","[ 0.          0.40628958 12.74440002  0.60056126 -4.46522951  0.16554505
 -1.57185614  0.28744608]"
1747093059.3738475,"[ 0.          0.10785444  0.52101035 -3.13234456 -2.23891127 -0.00377636
  0.9600466   1.57094   ]","[ 0.00000000e+00 -6.89388604e-05  9.88556741e-02 -1.85464284e-05
 -2.80860672e-02 -8.66801515e-06 -1.03330098e-04  3.71209245e-05]","[ 0.          0.4424282  12.75378799  0.64478803 -4.4140296   0.16430511
 -1.56058669  0.29231882]"
1747093059.3755896,"[ 0.          0.10785444  0.52110726 -3.13234456 -2.2389387  -0.00377636
  0.9600466   1.57094   ]","[ 0.00000000e+00 -6.35877499e-05  9.82158663e-02 -1.85464284e-05
 -2.78200403e-02 -8.66801515e-06 -1.03329065e-04  3.70928568e-05]","[ 0.          0.46945736 12.75027752  0.68382585 -4.41076612  0.16242249
 -1.57152796  0.29655737]"
1747093059.3773582,"[ 0.          0.10785444  0.52130976 -3.13234456 -2.23899809 -0.00377743
  0.9600466   1.57094   ]","[ 0.00000000e+00 -6.35877499e-05  9.94614268e-02 -1.85464284e-05
 -3.13313079e-02 -2.55626648e-05 -1.03330098e-04  3.70928568e-05]","[ 0.          0.46164316 12.8159399   0.72652376 -4.41718912  0.13646525
 -1.60314119  0.29430187]"
1747093059.3790557,"[ 0.          0.10785444  0.52140756 -3.13234456 -2.23903245 -0.00377743
  0.9600466   1.57094   ]","[ 0.00000000e+00 -6.36352378e-05  9.91257769e-02 -1.32474486e-05
 -3.23491306e-02 -2.51657081e-05 -1.03330098e-04  3.71212943e-05]","[ 0.          0.46189496 12.86615372  0.72742999 -4.42000675  0.12555838
 -1.61069918  0.289231  ]"
1747093059.3801413,"[ 0.          0.10785444  0.52161282 -3.13234456 -2.23910462 -0.00377743
  0.9600456   1.57094   ]","[ 0.00000000e+00 -5.82887721e-05  1.01310460e-01 -1.32474486e-05
 -3.72734528e-02 -2.51649156e-05 -1.13926924e-04  2.64948971e-05]","[ 0.          0.47901535 12.95861149  0.73985296 -4.47244263  0.13156398
 -1.63728726  0.28411806]"
1747093059.3818166,"[ 0.          0.10785444  0.52171429 -3.13234403 -2.23914164 -0.00377743
  0.9600456   1.57094   ]","[ 0.00000000e+00 -5.83328791e-05  1.02907141e-01 -7.95448397e-06
 -3.75435473e-02 -2.51653119e-05 -1.13928053e-04  2.64948971e-05]","[ 0.          0.4766565  12.98944187  0.76611716 -4.53123426  0.13162602
 -1.63313341  0.27291748]"
1747093059.3835077,"[ 0.          0.10785444  0.52193287 -3.13234403 -2.23922446 -0.00377743
  0.9600456   1.57094   ]","[ 0.00000000e+00 -5.55552731e-05  1.03059882e-01 -5.29897933e-06
 -4.15950101e-02 -2.47805075e-05 -1.03408291e-04  2.65149452e-05]","[ 0.          0.45617634 13.0666008   0.78137326 -4.64681339  0.14402884
 -1.63016915  0.26989904]"
1747093059.3847127,"[ 0.          0.10785444  0.52204352 -3.13234403 -2.23926654 -0.00377743
  0.9600456   1.57094   ]","[ 0.00000000e+00 -5.56387285e-05  1.04319682e-01 -5.29897933e-06
 -4.26321615e-02 -2.44072927e-05 -1.03329065e-04  2.64948971e-05]","[ 0.          0.45333329 13.11244869  0.78166944 -4.70370865  0.15150809
 -1.6657244   0.28937596]"
1747093059.3876293,"[ 0.          0.10785444  0.52224832 -3.13234403 -2.23936534 -0.00377743
  0.9600456   1.57094   ]","[ 0.00000000e+00 -5.55972507e-05  1.03717433e-01 -5.29103081e-06
 -4.96521543e-02 -2.40173255e-05 -1.03329065e-04  1.85604623e-05]","[ 0.          0.4272798  13.14092064  0.74990076 -4.86446857  0.14441459
 -1.67351055  0.2975066 ]"
1747093059.3892283,"[ 0.          0.10785444  0.5225684  -3.13234403 -2.2394756  -0.00377743
  0.9600456   1.57094   ]","[ 0.00000000e+00 -5.02642966e-05  1.06688505e-01  0.00000000e+00
 -5.78008613e-02 -2.36936041e-05 -9.53816248e-05  1.85464284e-05]","[ 0.          0.42663014 13.21098137  0.74435562 -4.95090961  0.16707748
 -1.69683087  0.28906378]"
1747093059.390393,"[ 0.          0.10785444  0.52267629 -3.13234403 -2.23953419 -0.00377743
  0.96004467  1.57094   ]","[ 0.00000000e+00 -5.03022715e-05  1.09278646e-01  0.00000000e+00
 -5.94214448e-02 -2.33262775e-05 -1.03330098e-04  1.85604623e-05]","[ 0.          0.44122964 13.23505688  0.73406482 -4.97382689  0.15276316
 -1.71136057  0.28460023]"
1747093059.3921704,"[ 0.          0.10785444  0.52291231 -3.13234403 -2.23966415 -0.00377743
  0.96004467  1.57094   ]","[ 0.00000000e+00 -4.49733161e-05  1.16858102e-01  5.29103081e-06
 -6.45532979e-02 -2.29952883e-05 -1.03407258e-04  1.85464284e-05]","[ 0.          0.42920974 13.19379997  0.71991962 -4.9516325   0.12807873
 -1.72695482  0.29455   ]"
1747093059.3938875,"[ 0.          0.10785444  0.52302943 -3.13234403 -2.23972993 -0.00377743
  0.96004467  1.57094   ]","[ 0.00000000e+00 -4.49733161e-05  1.18842890e-01  5.29502843e-06
 -6.67140745e-02 -2.29949591e-05 -1.03174077e-04  1.05979587e-05]","[ 0.          0.43282008 13.18017578  0.69200665 -4.91958332  0.13547176
 -1.73055804  0.29018891]"
1747093059.395143,"[ 0.          0.10785444  0.52326958 -3.1323435  -2.23987241 -0.00377743
  0.96004467  1.57094   ]","[ 0.00000000e+00 -4.23278279e-05  1.22894348e-01  1.05819570e-05
 -7.42768028e-02 -2.30453688e-05 -9.52376087e-05  1.06059783e-05]","[ 0.          0.43629503 13.03178692  0.67437583 -4.83669043  0.14242421
 -1.67620993  0.28093526]"
1747093059.396971,"[ 0.          0.10785444  0.52352121 -3.1323435  -2.24002927 -0.00377743
  0.96004467  1.57094   ]","[ 0.00000000e+00 -3.70372172e-05  1.23849133e-01  1.05900569e-05
 -7.72478753e-02 -2.27222468e-05 -9.52376087e-05  1.06059783e-05]","[ 0.          0.42568535 12.90030384  0.65290749 -4.7320838   0.14991426
 -1.62868369  0.28308296]"
1747093059.3987179,"[ 0.          0.10785444  0.52364518 -3.1323435  -2.2401097  -0.00377743
  0.96004467  1.57094   ]","[ 0.00000000e+00 -3.70648338e-05  1.25865421e-01  1.05900569e-05
 -8.14867955e-02 -2.23838942e-05 -9.52385514e-05  1.06059783e-05]","[ 0.          0.42106801 12.86941814  0.65847951 -4.65420437  0.16964187
 -1.62553692  0.30077785]"
1747093059.40049,"[ 0.          0.10785444  0.52376918 -3.1323435  -2.24028466 -0.00377743
  0.96004467  1.57094   ]","[ 0.00000000e+00 -3.17458709e-05  1.25865421e-01  1.58729355e-05
 -8.72414871e-02 -2.24077499e-05 -8.47204549e-05  1.05979587e-05]","[ 0.          0.39456901 12.76998997  0.60048205 -4.43735361  0.15634777
 -1.57992315  0.30718157]"
1747093059.401661,"[ 0.          0.10785444  0.523906   -3.1323435  -2.24037175 -0.00377743
  0.96004467  1.57094   ]","[ 0.00000000e+00 -3.17458709e-05  1.28894991e-01  1.58849283e-05
 -8.83218733e-02 -2.21021443e-05 -8.46556558e-05  1.06059783e-05]","[ 0.          0.39362532 12.7276268   0.58166564 -4.35242462  0.16180536
 -1.57851303  0.30403918]"
1747093059.4033582,"[ 0.          0.10785444  0.52416317 -3.13234403 -2.24055151 -0.00377849
  0.96004467  1.57094   ]","[ 0.00000000e+00 -2.64548924e-05  1.30324901e-01  1.05818513e-05
 -9.18331430e-02 -3.63036206e-05 -8.46556558e-05  1.06059783e-05]","[ 0.          0.41954505 12.60987663  0.55504036 -4.12341547  0.16472118
 -1.55452991  0.29818794]"
1747093059.4051192,"[ 0.          0.10785444  0.52443314 -3.1323435  -2.24074326 -0.00377849
  0.96004467  1.57094   ]","[ 0.00000000e+00 -2.64548924e-05  1.31904213e-01  1.58729355e-05
 -9.40893482e-02 -3.58221418e-05 -7.40744343e-05  1.06059783e-05]","[ 0.          0.37614581 12.43980503  0.55765551 -3.97378111  0.15565442
 -1.54131043  0.30916175]"
1747093059.40628,"[ 0.          0.10785444  0.52456264 -3.1323435  -2.24083647 -0.00377849
  0.96004467  1.57094   ]","[ 0.00000000e+00 -2.64548924e-05  1.31267377e-01  1.58849283e-05
 -9.44383304e-02 -3.53532603e-05 -7.40744343e-05  1.06059783e-05]","[ 0.          0.36677784 12.33040428  0.5457812  -3.89069343  0.16188905
 -1.5162009   0.31250361]"
1747093059.4085453,"[ 0.          0.10785444  0.52482393 -3.1323435  -2.24103088 -0.00377849
  0.96004467  1.57094   ]","[ 0.00000000e+00 -2.38094022e-05  1.32213664e-01  1.58729355e-05
 -9.50743100e-02 -3.53176301e-05 -7.40737029e-05  1.06059783e-05]","[ 0.          0.37339473 12.16677475  0.53294283 -3.83710384  0.16688144
 -1.49277461  0.28694803]"
1747093059.4097652,"[ 0.          0.10785444  0.52496308 -3.1323435  -2.24112276 -0.00377849
  0.96004467  1.57094   ]","[ 0.00000000e+00 -2.38094022e-05  1.31024513e-01  1.58729355e-05
 -9.31836320e-02 -3.48617808e-05 -6.61372301e-05  0.00000000e+00]","[ 0.          0.37314278 12.13289547  0.542409   -3.82721949  0.17325504
 -1.48059797  0.28404337]"
1747093059.411532,"[ 0.          0.10785444  0.5252248  -3.1323435  -2.24131105 -0.00377849
  0.96004467  1.57094   ]","[ 0.00000000e+00 -1.85322320e-05  1.32347763e-01  1.58847699e-05
 -9.17812530e-02 -3.44175494e-05 -6.61372301e-05  0.00000000e+00]","[ 0.          0.41202635 12.05892372  0.50356859 -3.89104128  0.18315209
 -1.47452974  0.29303995]"
1747093059.413627,"[ 0.          0.10785444  0.52549801 -3.1323435  -2.24149188 -0.00377849
  0.96004467  1.57094   ]","[ 0.00000000e+00 -1.32274462e-05  1.33910356e-01  1.58849283e-05
 -9.18331430e-02 -3.44171024e-05 -6.60873364e-05  0.00000000e+00]","[ 0.          0.44613126 11.96859837  0.51621741 -4.04848766  0.18737996
 -1.50560308  0.30491397]"
1747093059.415314,"[ 0.          0.10785444  0.52575793 -3.1323435  -2.24167643 -0.00377849
  0.96004467  1.57094   ]","[ 0.00000000e+00 -1.32274462e-05  1.31267377e-01  1.58849283e-05
 -9.50743100e-02 -3.39515694e-05 -5.82007654e-05  0.00000000e+00]","[ 0.          0.43751478 11.94462872  0.48510808 -4.28417253  0.18306021
 -1.52192032  0.30408955]"
1747093059.417097,"[ 0.          0.10785444  0.52602791 -3.1323435  -2.24187724 -0.00377849
  0.96004467  1.57094   ]","[ 0.00000000e+00 -7.93654595e-06  1.30901134e-01  1.85184257e-05
 -9.79460465e-02 -3.35622056e-05 -5.82013384e-05  0.00000000e+00]","[ 0.          0.50565827 11.99782944  0.50795597 -4.44899893  0.17651868
 -1.56531036  0.29197425]"
1747093059.4183097,"[ 0.          0.10785444  0.52615834 -3.1323435  -2.24197577 -0.00377849
  0.96004467  1.57094   ]","[ 0.00000000e+00 -7.94246417e-06  1.32347763e-01  1.85324169e-05
 -9.99360687e-02 -3.31185391e-05 -5.82013384e-05  0.00000000e+00]","[ 0.          0.48961437 11.98740578  0.51506513 -4.54302359  0.16992694
 -1.56389713  0.28661469]"
1747093059.420624,"[ 0.          0.10785444  0.52641963 -3.1323435  -2.24218376 -0.00377849
  0.96004467  1.57094   ]","[ 0.00000000e+00 -5.29097849e-06  1.31807566e-01  1.58849283e-05
 -1.02062761e-01 -3.27173684e-05 -4.76188043e-05  0.00000000e+00]","[ 0.          0.47010213 12.13288403  0.55236065 -4.66851902  0.19652991
 -1.60911655  0.29421249]"
1747093059.4223952,"[ 0.          0.10785444  0.52668961 -3.1323435  -2.24238776 -0.00377849
  0.96004374  1.57094   ]","[ 0.00000000e+00 -5.29497611e-06  1.31402673e-01  1.85324169e-05
 -1.03882166e-01 -3.22960074e-05 -5.55552731e-05  0.00000000e+00]","[ 0.          0.49107373 12.17700481  0.57416004 -4.7533164   0.18532784
 -1.62048459  0.29649097]"
1747093059.4241524,"[ 0.          0.10785444  0.52681681 -3.1323435  -2.24250121 -0.00377849
  0.96004374  1.57094   ]","[ 0.00000000e+00 -5.29502843e-06  1.28975785e-01  1.85324169e-05
 -1.06928057e-01 -3.22960074e-05 -5.55552731e-05  0.00000000e+00]","[ 0.          0.49090329 12.25672817  0.5657959  -4.80448532  0.1903481
 -1.62636101  0.28556544]"
1747093059.4253502,"[ 0.          0.10785444  0.52707443 -3.1323435  -2.24272066 -0.00377849
  0.96004374  1.57094   ]","[ 0.00000000e+00 -5.29097849e-06  1.29916888e-01  1.58850858e-05
 -1.12630650e-01 -3.19431109e-05 -5.55972507e-05  0.00000000e+00]","[ 0.          0.49643871 12.32385731  0.56610024 -4.88670349  0.18472318
 -1.64104068  0.27624652]"
1747093059.4272537,"[ 0.          0.10785444  0.52734211 -3.1323435  -2.24296301 -0.00377849
  0.96004374  1.57094   ]","[ 0.00000000e+00  0.00000000e+00  1.31267377e-01  1.58849283e-05
 -1.19616554e-01 -3.15413346e-05 -4.76192757e-05  0.00000000e+00]","[ 0.          0.50278193 12.37063122  0.58892989 -4.85732222  0.18261822
 -1.64151144  0.27683583]"
1747093059.4290164,"[ 0.          0.10785444  0.52759974 -3.1323435  -2.24320083 -0.00377849
  0.96004374  1.57094   ]","[ 0.00000000e+00  0.00000000e+00  1.30324901e-01  1.58729355e-05
 -1.21543868e-01 -3.11776187e-05 -4.76547840e-05  0.00000000e+00]","[ 0.          0.48519671 12.41999531  0.57092458 -4.79751921  0.17238884
 -1.65030742  0.27993372]"
1747093059.4302158,"[ 0.          0.10785444  0.52772924 -3.1323435  -2.2433212  -0.00377849
  0.96004374  1.57094   ]","[ 0.00000000e+00  0.00000000e+00  1.31267377e-01  1.58849283e-05
 -1.21960361e-01 -3.07943971e-05 -4.76192757e-05  0.00000000e+00]","[ 0.          0.50076348 12.45122719  0.5728578  -4.72145414  0.17490351
 -1.6481694   0.28133416]"
1747093059.432008,"[ 0.          0.10785444  0.52799785 -3.13234323 -2.24356967 -0.00377956
  0.96004374  1.57094   ]","[ 0.00000000e+00  0.00000000e+00  1.31807566e-01  1.85184257e-05
 -1.21873475e-01 -4.26261656e-05 -4.76192757e-05  0.00000000e+00]","[ 0.          0.49475473 12.46976089  0.60245717 -4.53817463  0.135093
 -1.63826394  0.27551761]"
1747093059.4338086,"[ 0.          0.10785444  0.52812918 -3.13234323 -2.24368898 -0.00377956
  0.96004374  1.57094   ]","[ 0.00000000e+00  0.00000000e+00  1.33158055e-01  1.85184257e-05
 -1.21003670e-01 -4.26632344e-05 -4.76547840e-05  0.00000000e+00]","[ 0.          0.47378591 12.53887177  0.60539812 -4.4901433   0.12453536
 -1.62976217  0.27886492]"
1747093059.4349787,"[ 0.          0.10785444  0.52841021 -3.13234323 -2.24393879 -0.00377956
  0.96004374  1.57094   ]","[ 0.00000000e+00  0.00000000e+00  1.38689440e-01  1.85324169e-05
 -1.21873475e-01 -4.21510099e-05 -4.76188043e-05  0.00000000e+00]","[ 0.          0.50595498 12.62651634  0.62027019 -4.31775904  0.1249624
 -1.63254189  0.27769884]"
1747093059.4368014,"[ 0.          0.10785444  0.52869167 -3.13234323 -2.24417901 -0.00377956
  0.96004374  1.57094   ]","[ 0.00000000e+00  0.00000000e+00  1.43421761e-01  1.85184257e-05
 -1.21003670e-01 -4.16504724e-05 -4.76552554e-05  0.00000000e+00]","[ 0.          0.46384463 12.65822411  0.60940111 -4.23093319  0.13435881
 -1.61138034  0.2856614 ]"
1747093059.4385304,"[ 0.          0.10785444  0.52884827 -3.13234323 -2.24430018 -0.00377956
  0.96004374  1.57094   ]","[ 0.00000000e+00  0.00000000e+00  1.47451856e-01  1.85324169e-05
 -1.22894348e-01 -4.16863302e-05 -4.76192757e-05  0.00000000e+00]","[ 0.          0.44601354 12.66438961  0.62050307 -4.16601992  0.13693894
 -1.5950501   0.28249878]"
1747093059.4397697,"[ 0.          0.10785444  0.52914444 -3.13234323 -2.24454732 -0.00377956
  0.96004374  1.57094   ]","[ 0.00000000e+00  0.00000000e+00  1.51254584e-01  1.85184257e-05
 -1.19867324e-01 -4.12317853e-05 -4.76188043e-05  0.00000000e+00]","[ 0.          0.44581136 12.72023392  0.64028281 -4.09943724  0.12852605
 -1.58432484  0.24878673]"
1747093059.4416227,"[ 0.          0.10785444  0.52929551 -3.13234323 -2.24466477 -0.00377956
  0.96004374  1.57094   ]","[ 0.00000000e+00  0.00000000e+00  1.52990099e-01  1.85184257e-05
 -1.19112984e-01 -4.07531632e-05 -4.76547840e-05  0.00000000e+00]","[ 0.          0.43819797 12.78350925  0.62061822 -4.06740093  0.13341039
 -1.57593429  0.25056013]"
1747093059.4432983,"[ 0.          0.10785444  0.52961602 -3.1323427  -2.24489912 -0.00377956
  0.96004374  1.57094   ]","[ 0.00000000e+00  0.00000000e+00  1.57733356e-01  2.38273920e-05
 -1.18302692e-01 -4.03181970e-05 -4.76188043e-05  0.00000000e+00]","[ 0.          0.41328409 12.83551884  0.63579869 -4.08212852  0.13270858
 -1.59017003  0.28282088]"
1747093059.445045,"[ 0.          0.10785444  0.52977308 -3.1323427  -2.24502616 -0.00378062
  0.96004374  1.57094   ]","[ 0.00000000e+00  0.00000000e+00  1.59357518e-01  2.38273920e-05
 -1.19616554e-01 -5.18803253e-05 -4.76192757e-05  0.00000000e+00]","[ 0.          0.42556319 12.85020065  0.6566208  -4.06708384  0.13519216
 -1.60485291  0.28317758]"
1747093059.4462705,"[ 0.          0.10785444  0.53008853 -3.1323427  -2.24526717 -0.00378062
  0.96004374  1.57094   ]","[ 0.00000000e+00  0.00000000e+00  1.59627612e-01  2.38273920e-05
 -1.22894348e-01 -5.12908019e-05 -4.76547840e-05  0.00000000e+00]","[ 0.          0.41654652 12.89308357  0.66680652 -4.10793972  0.12423148
 -1.60087538  0.2818495 ]"
1747093059.4480715,"[ 0.          0.10785444  0.53041317 -3.1323427  -2.24552257 -0.00378062
  0.96004374  1.57094   ]","[ 0.00000000e+00  0.00000000e+00  1.59357518e-01  2.38273920e-05
 -1.25767341e-01 -5.07548049e-05 -4.76188043e-05  0.00000000e+00]","[ 0.          0.40016219 13.00181675  0.69142866 -4.16110611  0.11566118
 -1.59993792  0.28882983]"
1747093059.4498785,"[ 0.          0.10785444  0.53056977 -3.1323427  -2.24564614 -0.00378062
  0.96004274  1.57094   ]","[ 0.00000000e+00  0.00000000e+00  1.58817312e-01  2.38096379e-05
 -1.25325232e-01 -5.07150705e-05 -5.82453112e-05  0.00000000e+00]","[ 0.          0.41472921 13.0722065   0.68913943 -4.20041943  0.11620487
 -1.60510409  0.28800192]"
1747093059.4515843,"[ 0.          0.10785444  0.53090359 -3.1323427  -2.24589595 -0.00378062
  0.96004274  1.57094   ]","[ 0.00000000e+00  0.00000000e+00  1.64002570e-01  2.38273920e-05
 -1.27215910e-01 -5.07553454e-05 -5.82001802e-05  0.00000000e+00]","[ 0.          0.37265962 13.11617756  0.66992259 -4.30553341  0.13389552
 -1.64129221  0.29873145]"
1747093059.4533472,"[ 0.          0.10785444  0.53123056 -3.1323427  -2.24616173 -0.00378062
  0.96004274  1.57094   ]","[ 0.00000000e+00  0.00000000e+00  1.66211462e-01  2.38094022e-05
 -1.31807566e-01 -5.01909760e-05 -4.76547840e-05  0.00000000e+00]","[ 0.          0.37817529 13.05967999  0.66621494 -4.42832184  0.13422881
 -1.68175399  0.29925239]"
1747093059.4550664,"[ 0.          0.10785444  0.53156346 -3.1323427  -2.24642591 -0.00378062
  0.96004274  1.57094   ]","[ 0.00000000e+00  0.00000000e+00  1.69621207e-01  2.38273920e-05
 -1.34102436e-01 -4.96776015e-05 -4.76188043e-05  0.00000000e+00]","[ 0.          0.3518424  12.98923206  0.63805342 -4.53496361  0.1413288
 -1.68112934  0.27860916]"
1747093059.456241,"[ 0.          0.10785444  0.53174439 -3.1323427  -2.24655987 -0.00378062
  0.96004274  1.57094   ]","[ 0.00000000e+00  0.00000000e+00  1.70271784e-01  2.38276277e-05
 -1.35859032e-01 -4.97167589e-05 -4.76188043e-05  0.00000000e+00]","[ 0.          0.33966219 12.93283939  0.63757885 -4.5726676   0.15194897
 -1.68824852  0.2849575 ]"
1747093059.4580355,"[ 0.          0.10785444  0.53191473 -3.1323427  -2.24683924 -0.00378062
  0.96004274  1.57094   ]","[ 0.00000000e+00  0.00000000e+00  1.72862391e-01  2.38094022e-05
 -1.36669324e-01 -4.91756336e-05 -4.76547840e-05  0.00000000e+00]","[ 0.          0.32475528 12.90012932  0.62856972 -4.55263901  0.15223905
 -1.6814661   0.27056971]"
1747093059.4597962,"[ 0.          0.10785444  0.53225501 -3.13234216 -2.24697399 -0.00378062
  0.96004274  1.57094   ]","[ 0.00000000e+00  0.00000000e+00  1.72862391e-01  2.91223691e-05
 -1.36669324e-01 -4.91756336e-05 -4.76188043e-05  0.00000000e+00]","[ 0.          0.3186765  12.86584187  0.59016228 -4.55581141  0.14060256
 -1.67308795  0.2715871 ]"
1747093059.4616094,"[ 0.          0.10785444  0.53260629 -3.13234216 -2.24725549 -0.00378116
  0.96004274  1.57094   ]","[ 0.00000000e+00  0.00000000e+00  1.70431507e-01  2.91006692e-05
 -1.37792904e-01 -5.35152826e-05 -3.70648338e-05  0.00000000e+00]","[ 0.          0.35023209 12.81378937  0.55924112 -4.47442389  0.13657911
 -1.6417079   0.26499262]"
1747093059.4627895,"[ 0.          0.10785444  0.5327748  -3.13234216 -2.24739104 -0.00378116
  0.96004274  1.57093907]","[ 0.00000000e+00  0.00000000e+00  1.70971696e-01  2.91003827e-05
 -1.37479616e-01 -4.82000745e-05 -3.70368514e-05 -1.05899522e-05]","[ 0.          0.35906884 12.76108265  0.54915547 -4.45360279  0.11082751
 -1.64879072  0.2720809 ]"
1747093059.4645164,"[ 0.          0.10785444  0.53312653 -3.13234216 -2.24765922 -0.00378116
  0.96004274  1.57093907]","[ 0.00000000e+00  0.00000000e+00  1.72027157e-01  2.91223691e-05
 -1.35859032e-01 -4.77269018e-05 -3.70368514e-05 -1.05900569e-05]","[ 0.          0.33540624 12.6673336   0.5461297  -4.37176991  0.09873264
 -1.63607144  0.2645593 ]"
1747093059.4657958,"[ 0.          0.10785444  0.53346908 -3.13234216 -2.24793566 -0.00378116
  0.96004274  1.57093907]","[ 0.00000000e+00  0.00000000e+00  1.74660108e-01  2.91003827e-05
 -1.34508543e-01 -4.76908124e-05 -3.70648338e-05 -1.05819570e-05]","[ 0.          0.34613565 12.55176449  0.54341078 -4.30569267  0.09819037
 -1.63390279  0.2745865 ]"
1747093059.4675615,"[ 0.          0.10785444  0.53364222 -3.13234216 -2.24806829 -0.00378116
  0.96004274  1.57093907]","[ 0.00000000e+00  0.00000000e+00  1.75385486e-01  2.91223691e-05
 -1.34372256e-01 -4.76903370e-05 -3.70368514e-05 -1.05819570e-05]","[ 0.          0.35591254 12.50890923  0.54217798 -4.31240797  0.11648833
 -1.61887264  0.2745865 ]"
1747093059.4692988,"[ 0.          0.10785444  0.53400451 -3.13234216 -2.24834579 -0.00378116
  0.96004274  1.57093907]","[ 0.00000000e+00  0.00000000e+00  1.77454047e-01  2.38276277e-05
 -1.35451552e-01 -4.76908124e-05 -3.70651995e-05 -1.05899522e-05]","[ 0.          0.33011451 12.34844112  0.53222859 -4.35843801  0.1549139
 -1.62606812  0.27747878]"
1747093059.4710898,"[ 0.          0.10785444  0.53418085 -3.13234216 -2.24848081 -0.00378116
  0.96004274  1.57093907]","[ 0.00000000e+00  0.00000000e+00  1.78804536e-01  2.38094022e-05
 -1.36939419e-01 -4.76908124e-05 -3.70651995e-05 -1.05819570e-05]","[ 0.          0.354491   12.31711006  0.51601827 -4.34622478  0.16183598
 -1.63080287  0.28779128]"
1747093059.4723358,"[ 0.          0.10785444  0.53454637 -3.13234216 -2.24875112 -0.00378116
  0.96004274  1.57093907]","[ 0.00000000e+00  0.00000000e+00  1.77878122e-01  2.38273920e-05
 -1.37209521e-01 -4.76903370e-05 -3.70368514e-05 -1.05900569e-05]","[ 0.          0.3918933  12.26446438  0.51415181 -4.30054998  0.13448574
 -1.63116395  0.28227943]"
1747093059.4740133,"[ 0.          0.10785444  0.53471947 -3.13234216 -2.24889759 -0.00378116
  0.96004274  1.57093907]","[ 0.00000000e+00  0.00000000e+00  1.75563352e-01  2.38276277e-05
 -1.37792904e-01 -4.76903370e-05 -3.70648338e-05 -1.05819570e-05]","[ 0.          0.39929873 12.25997162  0.52109605 -4.28729057  0.12821852
 -1.61437476  0.27171034]"
1747093059.4752083,"[ 0.          0.10785444  0.53506155 -3.13234216 -2.24916524 -0.00378116
  0.96004274  1.57093907]","[ 0.00000000e+00  0.00000000e+00  1.72322185e-01  2.38273920e-05
 -1.35318835e-01 -4.76908124e-05 -3.70372172e-05 -1.05819570e-05]","[ 0.          0.41194376 12.25007534  0.53102398 -4.23939085  0.12730393
 -1.60554183  0.26225191]"
1747093059.4782438,"[ 0.          0.10785444  0.53524525 -3.13234216 -2.2492984  -0.00378222
  0.96004274  1.57093907]","[ 0.00000000e+00  0.00000000e+00  1.72867467e-01  2.38273920e-05
 -1.35048741e-01 -5.82887721e-05 -3.70368514e-05 -1.05899522e-05]","[ 0.          0.43837541 12.25213051  0.50356501 -4.19282675  0.12752974
 -1.57719815  0.26705205]"
1747093059.4799132,"[ 0.          0.10785489  0.53574529 -3.13234216 -2.24970959 -0.00378222
  0.96004274  1.57093907]","[ 0.00000000e+00  5.29103081e-06  1.67560586e-01  2.38273920e-05
 -1.35991200e-01 -4.76912879e-05 -3.70368514e-05 -1.05819570e-05]","[ 0.          0.53246373 12.27960205  0.51041651 -4.1558485   0.13541584
 -1.57149148  0.25461945]"
1747093059.4847817,"[ 0.          0.10785489  0.53658744 -3.13234216 -2.25037352 -0.00378222
  0.96004274  1.57093907]","[ 0.00000000e+00  5.29897933e-06  1.68540829e-01  1.85324169e-05
 -1.30997274e-01 -4.76908124e-05 -2.91003827e-05 -1.05819570e-05]","[ 0.          0.59667915 12.38016605  0.54635656 -4.26772594  0.15739405
 -1.58998907  0.26405159]"
1747093059.4890819,"[ 0.          0.10785489  0.53725879 -3.1323419  -2.25092959 -0.00378329
  0.96004274  1.57093907]","[ 0.00000000e+00  5.29897933e-06  1.65299662e-01  2.12119566e-05
 -1.37922649e-01 -5.82887721e-05 -2.91006692e-05 -1.05819570e-05]","[ 0.          0.64549476 12.59892845  0.57498795 -4.26601171  0.09748811
 -1.59762657  0.25541452]"
1747093059.493189,"[ 0.          0.10785489  0.53794343 -3.1323419  -2.25147287 -0.00378329
  0.96004181  1.57093907]","[ 0.00000000e+00  5.30304197e-06  1.67764102e-01  2.12117453e-05
 -1.36939419e-01 -5.82881910e-05 -2.91003827e-05 -1.05819570e-05]","[ 0.          0.6795845  12.88387012  0.64454758 -4.09904146  0.07597584
 -1.60866666  0.24374525]"
1747093059.496804,"[ 0.          0.10785489  0.53862303 -3.1323419  -2.25202441 -0.00378329
  0.96004181  1.57093907]","[ 0.00000000e+00  5.29897933e-06  1.72027157e-01  1.59089679e-05
 -1.32907285e-01 -5.82007654e-05 -2.91443860e-05 -1.05819570e-05]","[ 0.          0.69004941 12.99229336  0.66789484 -4.09184361  0.08270047
 -1.59798586  0.21967465]"
1747093059.499775,"[ 0.          0.10785489  0.53914055 -3.1323419  -2.25240897 -0.00378435
  0.96004181  1.57093907]","[ 0.00000000e+00  5.29897933e-06  1.75563352e-01  1.58969375e-05
 -1.27896489e-01 -6.87834010e-05 -2.91664395e-05 -1.05819570e-05]","[ 0.          0.67215413 13.01156521  0.69198501 -4.14204597  0.09746629
 -1.60599756  0.23319462]"
1747093059.5021164,"[ 0.          0.10785489  0.53950054 -3.13234136 -2.25266357 -0.00378435
  0.96004181  1.57093907]","[ 0.00000000e+00  5.29897933e-06  1.76913841e-01  2.12119566e-05
 -1.23974743e-01 -6.87308335e-05 -2.91443860e-05 -1.05819570e-05]","[ 0.          0.66004694 13.03501225  0.70435315 -4.17953348  0.09408156
 -1.60614419  0.2336629 ]"
1747093059.5045094,"[ 0.          0.10785489  0.54002585 -3.13234136 -2.25303588 -0.00378435
  0.96004181  1.57093907]","[ 0.00000000e+00  5.29897933e-06  1.78264330e-01  2.65149452e-05
 -1.24130388e-01 -5.82007654e-05 -2.91443860e-05 -1.05820616e-05]","[ 0.          0.67495227 13.21804619  0.72605371 -4.254035    0.05078886
 -1.63902962  0.2467178 ]"
1747093059.508054,"[ 0.          0.10785489  0.54039184 -3.13234136 -2.25328142 -0.00378435
  0.96004181  1.57093814]","[ 0.00000000e+00  5.29903215e-06  1.78804536e-01  2.11959173e-05
 -1.25595326e-01 -5.81574305e-05 -2.91664395e-05 -1.85184257e-05]","[ 0.          0.64731777 13.25473309  0.71730167 -4.27981329  0.03840682
 -1.65179896  0.22737649]"
1747093059.5097027,"[ 0.          0.10785489  0.54093875 -3.13234083 -2.25366226 -0.00378435
  0.96004181  1.57093814]","[ 0.00000000e+00  5.29897933e-06  1.80512138e-01  2.65149452e-05
 -1.25325232e-01 -5.82007654e-05 -2.91664395e-05 -1.85044548e-05]","[ 0.          0.56289208 13.24239063  0.69511312 -4.25294828  0.0542392
 -1.635342    0.25002569]"
1747093059.5114925,"[ 0.          0.10785489  0.54129921 -3.13234083 -2.25390966 -0.00378435
  0.96004181  1.57093814]","[ 0.00000000e+00  5.29903215e-06  1.83936381e-01  2.64951613e-05
 -1.25468077e-01 -5.82007654e-05 -2.91664395e-05 -1.85184257e-05]","[ 0.          0.53064811 13.18927383  0.7025342  -4.22984743  0.08001729
 -1.62434578  0.25042716]"
1747093059.5132265,"[ 0.          0.10785489  0.54167388 -3.13234083 -2.25416959 -0.00378435
  0.96004181  1.57093814]","[ 0.00000000e+00  5.29897933e-06  1.83311736e-01  2.65149452e-05
 -1.27641150e-01 -5.81574305e-05 -2.91667301e-05 -1.85044548e-05]","[ 0.          0.47228557 13.05504513  0.70890272 -4.22024536  0.09566285
 -1.62020528  0.24890245]"
1747093059.5152538,"[ 0.          0.10785489  0.5420385  -3.13234083 -2.25441806 -0.00378435
  0.96004181  1.57093814]","[ 0.00000000e+00  5.30298914e-06  1.85827058e-01  2.64948971e-05
 -1.25325232e-01 -5.82007654e-05 -2.91443860e-05 -1.85184257e-05]","[ 0.          0.46011406 12.94612789  0.66650438 -4.17964458  0.09556409
 -1.60178781  0.26204398]"
1747093059.5170112,"[ 0.          0.10785489  0.54241963 -3.13234083 -2.25466014 -0.00378435
  0.96004181  1.57093814]","[ 0.00000000e+00  5.29897933e-06  1.86320958e-01  2.65149452e-05
 -1.21543868e-01 -5.81568575e-05 -2.91664395e-05 -1.85044548e-05]","[ 0.          0.38674048 12.81389427  0.60495704 -4.17942619  0.08116059
 -1.55967808  0.25481954]"
1747093059.518804,"[ 0.          0.10785489  0.54260283 -3.13234083 -2.25478771 -0.00378435
  0.96004181  1.57093814]","[ 0.00000000e+00  5.29897933e-06  1.85827058e-01  2.65152094e-05
 -1.20118094e-01 -5.81568575e-05 -2.91664395e-05 -1.85184257e-05]","[ 0.          0.35602117 12.80937481  0.56956452 -4.14005423  0.07975408
 -1.54968226  0.26971719]"
1747093059.5205157,"[ 0.          0.10785489  0.54298442 -3.13234136 -2.25502047 -0.00378435
  0.96004181  1.57093814]","[ 0.00000000e+00  5.30298914e-06  1.85819435e-01  2.11959173e-05
 -1.17222306e-01 -5.82007654e-05 -2.91443860e-05 -1.85184257e-05]","[ 0.          0.35207927 12.73807526  0.54680532 -4.08473873  0.06983066
 -1.54327655  0.2722277 ]"
1747093059.5223544,"[ 0.          0.10785489  0.54334994 -3.13234136 -2.25525962 -0.00378435
  0.96004181  1.57093814]","[ 0.00000000e+00  5.29897933e-06  1.84123118e-01  2.11959173e-05
 -1.17108872e-01 -5.81568575e-05 -1.85604623e-05 -1.85186086e-05]","[ 0.          0.32448435 12.65878487  0.51480967 -4.03691673  0.08242968
 -1.52828169  0.28531697]"
1747093059.524056,"[ 0.          0.10785489  0.54371087 -3.13234136 -2.25548785 -0.00378435
  0.96004181  1.57093814]","[ 0.00000000e+00  5.29897933e-06  1.82045703e-01  2.11959173e-05
 -1.15214765e-01 -5.82007654e-05 -1.85464284e-05 -1.85184257e-05]","[ 0.          0.28377342 12.6025219   0.47410619 -4.01505709  0.10714967
 -1.49731255  0.27945352]"
1747093059.525815,"[ 0.          0.10785489  0.54390371 -3.13234136 -2.25560184 -0.00378435
  0.96004181  1.57093814]","[ 0.00000000e+00  5.29897933e-06  1.81556363e-01  2.12117453e-05
 -1.15601723e-01 -5.81574305e-05 -1.85464284e-05 -1.85044548e-05]","[ 0.          0.25576699 12.52257538  0.43561921 -4.03909492  0.12548059
 -1.49172354  0.28167811]"
1747093059.5276065,"[ 0.          0.10785489  0.54426327 -3.13234136 -2.25583593 -0.00378435
  0.96004181  1.57093814]","[ 0.00000000e+00  5.29897933e-06  1.82585892e-01  2.11959173e-05
 -1.13981131e-01 -5.82007654e-05 -1.85462435e-05 -1.85184257e-05]","[ 0.          0.22407268 12.44726276  0.38396388 -4.05146694  0.15095788
 -1.49663603  0.27185702]"
1747093059.5293245,"[ 0.          0.10785489  0.54462144 -3.13234136 -2.25606523 -0.00378435
  0.96004181  1.57093814]","[ 0.00000000e+00  5.29903215e-06  1.81505497e-01  2.12119566e-05
 -1.16952203e-01 -5.81568575e-05 -1.85464284e-05 -1.85186086e-05]","[ 0.          0.20421886 12.39404488  0.34319022 -4.00962257  0.1669479
 -1.49424231  0.27329859]"
1747093059.5316625,"[ 0.          0.10785489  0.54499108 -3.13234136 -2.25630118 -0.00378435
  0.96004181  1.57093814]","[ 0.00000000e+00  5.29897933e-06  1.80155025e-01  1.85464284e-05
 -1.15484593e-01 -5.82013384e-05 -1.85464284e-05 -1.85184257e-05]","[ 0.          0.18848422 12.33184433  0.30805627 -3.99910307  0.18104671
 -1.47275329  0.27613065]"
1747093059.5333908,"[ 0.          0.10785444  0.54534282 -3.13234136 -2.25652755 -0.00378435
  0.96004181  1.57093814]","[ 0.00000000e+00  0.00000000e+00  1.78264330e-01  1.85604623e-05
 -1.13981131e-01 -4.75833530e-05 -1.85464284e-05 -1.85046377e-05]","[ 0.          0.18001682 12.25645447  0.27293196 -3.97994041  0.18654606
 -1.4231993   0.28432378]"
1747093059.5351393,"[ 0.          0.10785444  0.54570468 -3.1323419  -2.25675818 -0.00378435
  0.96004181  1.57093814]","[ 0.00000000e+00  0.00000000e+00  1.76103558e-01  1.32474486e-05
 -1.11707058e-01 -4.76188043e-05 -1.85464284e-05 -1.85186086e-05]","[ 0.          0.16428712 12.17756557  0.25168246 -3.93468165  0.21028928
 -1.41209817  0.2971279 ]"
1747093059.5368218,"[ 0.          0.10785444  0.5460417  -3.1323419  -2.25697896 -0.00378435
  0.96004181  1.57093814]","[ 0.00000000e+00  0.00000000e+00  1.69081018e-01  1.32574726e-05
 -1.06075054e-01 -4.75833530e-05 -1.85464284e-05 -1.85044548e-05]","[ 0.          0.14166474 12.08810997  0.24037457 -3.97763538  0.21744092
 -1.40551996  0.29182038]"
1747093059.5385935,"[ 0.          0.10785444  0.54621987 -3.1323419  -2.25708096 -0.00378435
  0.96004181  1.57093814]","[ 0.00000000e+00  0.00000000e+00  1.67764102e-01  1.32576047e-05
 -1.03447330e-01 -4.76192757e-05 -1.85602774e-05 -1.85184257e-05]","[ 0.          0.14216442 12.12452316  0.20511296 -3.9777472   0.20771359
 -1.39896524  0.28804678]"
1747093059.5403218,"[ 0.          0.10785444  0.54655096 -3.1323419  -2.25727963 -0.00378435
  0.96004181  1.57093814]","[ 0.00000000e+00  0.00000000e+00  1.67830415e-01  1.32574726e-05
 -9.96659659e-02 -4.75828816e-05 -1.85464284e-05 -1.85184257e-05]","[ 0.          0.13555294 12.160532    0.19870025 -4.08281565  0.20938243
 -1.40936744  0.28476879]"
1747093059.5437922,"[ 0.          0.10785444  0.54688249 -3.1323419  -2.25748363 -0.00378435
  0.96004181  1.57093814]","[ 0.00000000e+00  0.00000000e+00  1.68000624e-01  7.94846874e-06
 -1.00206163e-01 -4.76188043e-05 -1.85604623e-05 -1.85186086e-05]","[ 0.          0.13176861 12.13405991  0.16859213 -4.18765259  0.21775673
 -1.40907168  0.29720584]"
1747093059.5443816,"[ 0.          0.10785444  0.54722504 -3.1323419  -2.25767777 -0.00378435
  0.96004181  1.57093814]","[ 0.00000000e+00  0.00000000e+00  1.68000624e-01  7.94854798e-06
 -9.77752879e-02 -4.75833530e-05 -1.85464284e-05 -1.85044548e-05]","[ 0.          0.09979909 12.18263912  0.16015904 -4.23068285  0.2305471
 -1.41811502  0.28826642]"
1747093059.5461242,"[ 0.          0.10785444  0.54755521 -3.1323419  -2.25787378 -0.00378435
  0.96004181  1.57093814]","[ 0.00000000e+00  0.00000000e+00  1.68000624e-01  7.95448397e-06
 -9.55427850e-02 -3.70368514e-05 -1.85464284e-05 -1.85186086e-05]","[ 0.          0.05857961 12.23995876  0.16110602 -4.26287413  0.23404938
 -1.42640924  0.29386485]"
1747093059.547882,"[ 0.          0.10785444  0.54789546 -3.13234216 -2.258057   -0.00378435
  0.96004181  1.57093814]","[ 0.00000000e+00  0.00000000e+00  1.65671823e-01  5.29897933e-06
 -9.14702707e-02 -3.70368514e-05 -1.85464284e-05 -1.85186086e-05]","[ 0.          0.05836104 12.28658867  0.14687213 -4.26382589  0.22492088
 -1.4497205   0.31065595]"
1747093059.5496476,"[ 0.          0.10785444  0.54805801 -3.13234216 -2.25814675 -0.00378435
  0.96004181  1.57093814]","[ 0.00000000e+00  0.00000000e+00  1.64759457e-01  5.30293632e-06
 -9.10228513e-02 -3.70092754e-05 -1.05979587e-05 -1.85044548e-05]","[ 0.          0.05652567 12.30408573  0.12049198 -4.26324224  0.2290249
 -1.45434988  0.30970478]"
1747093059.5514183,"[ 0.          0.10785444  0.54838635 -3.13234216 -2.25834676 -0.00378435
  0.96004181  1.57093814]","[ 0.00000000e+00  0.00000000e+00  1.59488745e-01  5.30298914e-06
 -9.15530201e-02 -3.70372172e-05 -1.06059783e-05 -1.85184257e-05]","[ 0.          0.04252125 12.37336445  0.14636993 -4.2442832   0.23644792
 -1.47910011  0.3037048 ]"
1747093059.553158,"[ 0.          0.10785444  0.54869401 -3.1323419  -2.25852785 -0.00378435
  0.96004181  1.57093814]","[ 0.00000000e+00  0.00000000e+00  1.55958159e-01  7.95448397e-06
 -9.26434348e-02 -3.70089097e-05 -1.05979587e-05 -1.85324169e-05]","[ 0.          0.01818733 12.44806576  0.16670603 -4.21250534  0.22910142
 -1.45205116  0.30178303]"
1747093059.5548718,"[ 0.          0.10785398  0.54884644 -3.13234216 -2.25862825 -0.00378435
  0.96004181  1.57093814]","[ 0.00000000e+00 -5.29897933e-06  1.54495751e-01  5.30298914e-06
 -9.45397053e-02 -3.70368514e-05 -1.05979587e-05 -1.85466133e-05]","[ 0.00000000e+00  1.02734221e-02  1.25040808e+01  1.80179253e-01
 -4.18297291e+00  2.32144877e-01 -1.45309126e+00  3.03512692e-01]"
1747093059.5566993,"[ 0.          0.10785398  0.54916189 -3.13234216 -2.25881654 -0.00378435
  0.96004181  1.57093814]","[ 0.00000000e+00 -5.29502843e-06  1.54225656e-01  5.29897933e-06
 -9.47081586e-02 -3.70092754e-05 -1.05979587e-05 -1.85324169e-05]","[ 0.00000000e+00 -5.90780471e-03  1.25721874e+01  1.70083046e-01
 -4.12995434e+00  2.45392889e-01 -1.44961882e+00  3.05972457e-01]"
1747093059.5578196,"[ 0.          0.10785398  0.54946496 -3.13234216 -2.25901095 -0.00378435
  0.96004181  1.57093814]","[ 0.00000000e+00 -5.29103081e-06  1.54225656e-01  5.30298914e-06
 -9.52920151e-02 -3.70089097e-05 -1.05980643e-05 -1.85464284e-05]","[ 0.         -0.0208959  12.65016747  0.16530322 -4.02134037  0.25069147
 -1.44233215  0.31452578]"
1747093059.5594833,"[ 0.          0.10785398  0.54962708 -3.13234216 -2.25910256 -0.00378435
  0.96004181  1.57093814]","[ 0.00000000e+00 -5.29097849e-06  1.52574330e-01  0.00000000e+00
 -9.29135292e-02 -3.70368514e-05 -1.06059783e-05 -1.85324169e-05]","[ 0.00000000e+00 -1.06928982e-02  1.26424417e+01  1.77149281e-01
 -3.96374917e+00  2.41451159e-01 -1.43287253e+00  3.15587729e-01]"
1747093059.5612206,"[ 0.          0.10785398  0.54992922 -3.13234216 -2.25928073 -0.00378435
  0.96004181  1.57093814]","[ 0.00000000e+00 -5.29097849e-06  1.53145262e-01  0.00000000e+00
 -8.96723623e-02 -3.17219217e-05 -1.05979587e-05 -1.85324169e-05]","[ 0.         -0.05702149 12.6277523   0.18373199 -3.89410806  0.22278099
 -1.40469372  0.30735442]"
1747093059.5629318,"[ 0.          0.10785398  0.5500913  -3.13234216 -2.25937554 -0.00378435
  0.96004274  1.57093814]","[ 0.00000000e+00 -5.29103081e-06  1.52717991e-01  0.00000000e+00
 -8.92735706e-02 -3.17458709e-05  0.00000000e+00 -1.85464284e-05]","[ 0.         -0.05925431 12.66977501  0.19460811 -3.83545589  0.24378994
 -1.40881979  0.3053515 ]"
1747093059.564059,"[ 0.          0.10785398  0.55038748 -3.13234216 -2.25954678 -0.00378435
  0.96004274  1.57093814]","[ 0.00000000e+00 -5.29103081e-06  1.48553606e-01  0.00000000e+00
 -8.61610926e-02 -3.17461838e-05  0.00000000e+00 -1.05899522e-05]","[ 0.         -0.05694823 12.70931244  0.19554991 -3.70986342  0.2424507
 -1.39808941  0.30504885]"
1747093059.5657442,"[ 0.          0.10785398  0.55053259 -3.13234216 -2.2596304  -0.00378435
  0.96004274  1.57093814]","[ 0.00000000e+00 -5.29097849e-06  1.47053980e-01  0.00000000e+00
 -8.48106036e-02 -3.17219217e-05  0.00000000e+00 -1.05899522e-05]","[ 0.         -0.07136331 12.7562294   0.17390499 -3.66153884  0.23865245
 -1.37672091  0.32024238]"
1747093059.568995,"[ 0.          0.10785398  0.55083243 -3.13234216 -2.25980244 -0.00378435
  0.96004274  1.57093814]","[ 0.00000000e+00 -5.29097849e-06  1.46060487e-01  0.00000000e+00
 -8.36453791e-02 -3.17458709e-05  0.00000000e+00 -1.05979587e-05]","[ 0.         -0.0781621  12.84138775  0.18928613 -3.60716891  0.24767537
 -1.36991918  0.33321279]"
1747093059.5692284,"[ 0.          0.10785398  0.55097707 -3.13234216 -2.25988287 -0.00378435
  0.96004274  1.57093814]","[ 0.00000000e+00 -5.29497611e-06  1.46662928e-01  0.00000000e+00
 -8.15694367e-02 -3.17461838e-05  0.00000000e+00 -1.05899522e-05]","[ 0.         -0.0839669  12.92097855  0.19330804 -3.5996201   0.2443748
 -1.36978614  0.3426711 ]"
1747093059.5745165,"[ 0.          0.10785352  0.55189087 -3.1323427  -2.26027462 -0.00378435
  0.96004274  1.57093814]","[ 0.00000000e+00 -7.93646773e-06  1.51321662e-01 -5.29502843e-06
 -7.50110197e-02 -3.17461838e-05  0.00000000e+00 -1.05979587e-05]","[ 0.         -0.13882224 13.09486771  0.15424256 -3.77067399  0.27203193
 -1.39443862  0.33331373]"
1747093059.5787926,"[ 0.          0.10785306  0.55251857 -3.1323427  -2.26056517 -0.00378435
  0.96004274  1.57093814]","[ 0.00000000e+00 -1.85184257e-05  1.57733356e-01 -5.29497611e-06
 -7.15758332e-02 -2.11639139e-05  0.00000000e+00 -1.05979587e-05]","[ 0.         -0.14331587 13.02191925  0.16686188 -4.03086233  0.28410172
 -1.42418206  0.32987559]"
1747093059.582761,"[ 0.          0.10785306  0.55313942 -3.1323427  -2.26084933 -0.00378435
  0.96004274  1.57093814]","[ 0.00000000e+00 -1.85186086e-05  1.58277123e-01 -5.29497611e-06
 -7.20429600e-02 -2.11639139e-05  0.00000000e+00 -1.05979587e-05]","[ 0.         -0.13429251 13.00067616  0.15977985 -4.13104534  0.27765033
 -1.42269969  0.33276892]"
1747093059.5854828,"[ 0.          0.10785306  0.55346406 -3.1323427  -2.26107117 -0.00378435
  0.96004274  1.57093814]","[ 0.00000000e+00 -1.85184257e-05  1.57736934e-01 -5.29097849e-06
 -7.29263222e-02 -2.11479478e-05  0.00000000e+00 -1.05979587e-05]","[ 0.         -0.1608727  12.93446064  0.14860477 -4.03137159  0.29354051
 -1.41765523  0.34849522]"
1747093059.5877345,"[ 0.          0.10785306  0.55377262 -3.1323427  -2.26121578 -0.00378435
  0.96004274  1.57093814]","[ 0.00000000e+00 -1.85184257e-05  1.55576145e-01 -5.29497611e-06
 -7.34665111e-02 -2.11641232e-05  0.00000000e+00 -1.05979587e-05]","[ 0.         -0.15044142 12.77648258  0.13971813 -3.87635827  0.31249079
 -1.40619183  0.36583069]"
1747093059.5899785,"[ 0.          0.1078526   0.55409041 -3.1323427  -2.26136545 -0.00378435
  0.96004274  1.57093814]","[ 0.00000000e+00 -2.38276277e-05  1.54495751e-01 -7.93654595e-06
 -7.15758332e-02 -1.05740785e-05  0.00000000e+00 -1.05979587e-05]","[ 0.         -0.16834179 12.57824421  0.13704704 -3.75297785  0.30955368
 -1.3599776   0.36458254]"
1747093059.5916722,"[ 0.          0.1078526   0.55440998 -3.1323427  -2.26150154 -0.00378435
  0.96004274  1.57093814]","[ 0.00000000e+00 -2.38094022e-05  1.55958159e-01 -7.94246417e-06
 -6.80645635e-02 -1.05819570e-05  0.00000000e+00 -1.05978530e-05]","[ 0.         -0.15506089 12.34175396  0.14480251 -3.64040899  0.31815645
 -1.33040929  0.37422839]"
1747093059.5934517,"[ 0.          0.1078526   0.55471671 -3.1323427  -2.26163603 -0.00378435
  0.96004274  1.57093814]","[ 0.00000000e+00 -2.38094022e-05  1.55035956e-01 -7.93654595e-06
 -6.50934910e-02 -1.05740785e-05  1.05819570e-05 -1.05979587e-05]","[ 0.         -0.16212624 12.13397121  0.1303668  -3.59424543  0.31731683
 -1.29646349  0.38459945]"
1747093059.5952027,"[ 0.          0.1078526   0.55502761 -3.1323427  -2.2617596  -0.00378435
  0.96004274  1.57093814]","[ 0.00000000e+00 -2.38096379e-05  1.51101335e-01 -7.94254290e-06
 -6.15198285e-02 -1.05979587e-05  1.05819570e-05 -1.05979587e-05]","[ 0.         -0.15910631 11.94263172  0.13150559 -3.51887178  0.33388788
 -1.28556871  0.39118144]"
1747093059.5988448,"[ 0.          0.1078526   0.55532195 -3.1323427  -2.26188317 -0.00378435
  0.96004274  1.57093814]","[ 0.00000000e+00 -2.38276277e-05  1.48942743e-01 -7.93654595e-06
 -6.02317365e-02 -1.05899522e-05  1.05820616e-05 -1.05979587e-05]","[ 0.         -0.13293302 11.82546616  0.13956395 -3.45569396  0.33194345
 -1.25315976  0.3983478 ]"
1747093059.600515,"[ 0.          0.1078526   0.55576873 -3.1323427  -2.2620648  -0.00378435
  0.96004274  1.57093814]","[ 0.00000000e+00 -2.38094022e-05  1.45852644e-01 -7.93646773e-06
 -5.91813566e-02  0.00000000e+00  1.05739739e-05 -1.05899522e-05]","[ 0.         -0.09139129 11.81211185  0.1717411  -3.3702631   0.30938765
 -1.24096286  0.39533833]"
1747093059.6022613,"[ 0.          0.1078526   0.55606261 -3.1323427  -2.26217745 -0.00378435
  0.96004374  1.57093814]","[ 0.00000000e+00 -2.38096379e-05  1.42687261e-01 -1.32274462e-05
 -5.59101792e-02  0.00000000e+00  1.85184257e-05 -1.05979587e-05]","[ 0.         -0.07609206 11.81124306  0.19223459 -3.35414743  0.31881785
 -1.22460568  0.39117831]"
1747093059.6039765,"[ 0.          0.1078526   0.55634088 -3.13234323 -2.2622885  -0.00378435
  0.96004374  1.57093814]","[ 0.00000000e+00 -2.38094022e-05  1.39640388e-01 -1.85184257e-05
 -5.36644520e-02  0.00000000e+00  1.85046377e-05 -1.05899522e-05]","[ 0.         -0.07184213 11.79954147  0.18602739 -3.4061327   0.33981952
 -1.21823525  0.3985551 ]"
1747093059.60582,"[ 0.          0.1078526   0.55647816 -3.1323427  -2.26234176 -0.00378435
  0.96004374  1.57093814]","[ 0.00000000e+00 -2.38273920e-05  1.39370294e-01 -1.32275773e-05
 -5.40194971e-02  0.00000000e+00  1.85184257e-05 -1.05979587e-05]","[ 0.         -0.06610022 11.79403687  0.18852368 -3.45316839  0.35102272
 -1.22862351  0.41276303]"
1747093059.6076088,"[ 0.          0.1078526   0.55676242 -3.1323427  -2.26244376 -0.00378435
  0.96004374  1.57093814]","[ 0.00000000e+00 -2.38094022e-05  1.37792904e-01 -1.32375708e-05
 -5.12665251e-02  0.00000000e+00  1.85184257e-05  0.00000000e+00]","[ 0.         -0.06657376 11.79345131  0.20889387 -3.56814003  0.33843035
 -1.25858164  0.40297511]"
1747093059.608816,"[ 0.          0.1078526   0.55689924 -3.1323427  -2.26249197 -0.00378435
  0.96004374  1.57093814]","[ 0.00000000e+00 -2.38096379e-05  1.38830105e-01 -1.32374398e-05
 -4.88876440e-02  0.00000000e+00  1.85044548e-05  0.00000000e+00]","[ 0.         -0.05757544 11.83571053  0.20896327 -3.62943959  0.34827477
 -1.26842201  0.40516382]"
1747093059.6105962,"[ 0.          0.1078526   0.55717891 -3.1323427  -2.26258704 -0.00378435
  0.96004374  1.57093814]","[ 0.00000000e+00 -2.38094022e-05  1.36039179e-01 -1.85184257e-05
 -4.61866702e-02  0.00000000e+00  1.85186086e-05  0.00000000e+00]","[ 0.          0.01479702 11.89944649  0.25848487 -3.72416568  0.31570488
 -1.28646064  0.40533626]"
1747093059.6117954,"[ 0.          0.1078526   0.55731253 -3.1323427  -2.26263098 -0.00378435
  0.96004374  1.57093814]","[ 0.00000000e+00 -2.38094022e-05  1.35726590e-01 -1.85184257e-05
 -4.45660825e-02  0.00000000e+00  1.85184257e-05  0.00000000e+00]","[ 0.          0.02866213 11.91084099  0.25562584 -3.78933883  0.30793765
 -1.29849052  0.39588484]"
1747093059.613552,"[ 0.          0.1078526   0.55757885 -3.1323427  -2.26272286 -0.00378435
  0.96004374  1.57093814]","[ 0.00000000e+00 -2.37914408e-05  1.35048741e-01 -1.85186086e-05
 -4.48453275e-02  0.00000000e+00  1.85184257e-05  0.00000000e+00]","[ 0.          0.08465856 12.00452805  0.29224166 -3.92117548  0.29315823
 -1.34874487  0.38948235]"
1747093059.614776,"[ 0.          0.1078526   0.55772349 -3.1323427  -2.2627684  -0.00378435
  0.96004374  1.57093814]","[ 0.00000000e+00 -2.38096379e-05  1.36167277e-01 -1.85186086e-05
 -4.61866702e-02  0.00000000e+00  1.85184257e-05  0.00000000e+00]","[ 0.          0.11708746 12.09340382  0.31640446 -3.9571259   0.28581247
 -1.36218739  0.38244614]"
1747093059.6165166,"[ 0.          0.1078526   0.55798937 -3.1323427  -2.26285735 -0.00378435
  0.96004374  1.57093814]","[ 0.00000000e+00 -2.38094022e-05  1.34508543e-01 -1.85324169e-05
 -4.51062798e-02  0.00000000e+00  1.85186086e-05  0.00000000e+00]","[ 0.          0.14320087 12.16348934  0.37527376 -4.01915598  0.25845051
 -1.38041186  0.36963773]"
1747093059.61769,"[ 0.          0.1078526   0.55812117 -3.1323427  -2.26290476 -0.00378435
  0.96004374  1.57093814]","[ 0.00000000e+00 -2.38094022e-05  1.33698252e-01 -1.85184257e-05
 -4.46367853e-02  0.00000000e+00  1.85186086e-05  0.00000000e+00]","[ 0.          0.18171389 12.18637085  0.39417174 -4.01854229  0.24680717
 -1.40197265  0.36363974]"
1747093059.61945,"[ 0.          0.1078526   0.55839208 -3.1323427  -2.26299158 -0.00378435
  0.96004374  1.57093814]","[ 0.00000000e+00 -2.38096379e-05  1.32531721e-01 -1.85184257e-05
 -4.42959881e-02  0.00000000e+00  1.85184257e-05  0.00000000e+00]","[ 0.          0.20728391 12.28149796  0.4261488  -4.04093695  0.23158608
 -1.39750874  0.36503318]"
1747093059.6206176,"[ 0.          0.1078526   0.55852247 -3.1323427  -2.26303525 -0.00378435
  0.96004374  1.57093814]","[ 0.00000000e+00 -2.38096379e-05  1.32347763e-01 -1.85325998e-05
 -4.42959881e-02  0.00000000e+00  1.85184257e-05  0.00000000e+00]","[ 0.          0.21295869 12.33540535  0.43470469 -4.04917049  0.25225237
 -1.38169467  0.38330686]"
1747093059.6222942,"[ 0.          0.1078526   0.55878333 -3.1323427  -2.26312926 -0.00378435
  0.96004374  1.57093814]","[ 0.00000000e+00 -2.38094022e-05  1.32887960e-01 -1.32274462e-05
 -4.64567646e-02  0.00000000e+00  1.85184257e-05  0.00000000e+00]","[ 0.          0.24536102 12.38867664  0.46993691 -4.02404833  0.28063446
 -1.34892273  0.3840034 ]"
1747093059.6239777,"[ 0.          0.1078526   0.55891236 -3.1323427  -2.2631756  -0.00378435
  0.96004374  1.57093814]","[ 0.00000000e+00 -2.38094022e-05  1.30594729e-01 -1.32374398e-05
 -4.69969619e-02  0.00000000e+00  1.85184257e-05  0.00000000e+00]","[ 0.          0.29217374 12.42418957  0.50812531 -4.01127958  0.29607069
 -1.35920298  0.39708537]"
1747093059.6256425,"[ 0.          0.1078526   0.55918007 -3.13234216 -2.26326934 -0.00378435
  0.96004374  1.57093814]","[ 0.00000000e+00 -2.38094022e-05  1.30594729e-01 -7.93654595e-06
 -4.53890909e-02  0.00000000e+00  1.85184257e-05  0.00000000e+00]","[ 0.          0.33255625 12.45746517  0.53353602 -3.89805794  0.30084962
 -1.35484684  0.38655376]"
1747093059.627351,"[ 0.          0.1078526   0.5593077  -3.13234216 -2.26331249 -0.00378435
  0.96004374  1.57093814]","[ 0.00000000e+00 -2.38096379e-05  1.29376690e-01 -7.93654595e-06
 -4.37557908e-02  0.00000000e+00  1.85184257e-05  0.00000000e+00]","[ 0.          0.34354046 12.51741982  0.555291   -3.84608054  0.29873392
 -1.34193015  0.38456994]"
1747093059.6289911,"[ 0.          0.1078526   0.55957722 -3.13234216 -2.26339931 -0.00378435
  0.96004374  1.57093814]","[ 0.00000000e+00 -2.38094022e-05  1.32656515e-01 -7.94246417e-06
 -4.42959881e-02  0.00000000e+00  1.85186086e-05  0.00000000e+00]","[ 0.          0.40601009 12.50009537  0.6136173  -3.71717858  0.28548911
 -1.33337331  0.38299581]"
1747093059.6301262,"[ 0.          0.1078526   0.55984267 -3.13234216 -2.26348932 -0.00378435
  0.96004374  1.57093814]","[ 0.00000000e+00 -2.38094022e-05  1.35991200e-01 -7.93646773e-06
 -4.42959881e-02  0.00000000e+00  1.85184257e-05  0.00000000e+00]","[ 0.          0.42659393 12.45997429  0.65793115 -3.63660073  0.26577294
 -1.3268255   0.3765015 ]"
1747093059.6323652,"[ 0.          0.10785306  0.56012463 -3.13234216 -2.26357667 -0.00378435
  0.96004374  1.57093814]","[ 0.00000000e+00 -1.85186086e-05  1.37792904e-01 -7.94254290e-06
 -4.37557908e-02  0.00000000e+00  1.85184257e-05  0.00000000e+00]","[ 0.          0.50099587 12.40713215  0.68441457 -3.53294158  0.24835329
 -1.32876074  0.3631739 ]"
1747093059.6340892,"[ 0.          0.10785306  0.56040013 -3.13234216 -2.26366189 -0.00378435
  0.96004374  1.57093814]","[ 0.00000000e+00 -1.32375708e-05  1.39370294e-01 -7.93646773e-06
 -4.06244918e-02  0.00000000e+00  1.85184257e-05  0.00000000e+00]","[ 0.          0.52375585 12.28061676  0.69232017 -3.46765375  0.23303825
 -1.2838074   0.39543429]"
1747093059.6364396,"[ 0.          0.10785306  0.56068755 -3.1323419  -2.26374046 -0.00378435
  0.96004374  1.57093814]","[ 0.00000000e+00 -1.32274462e-05  1.40180594e-01  0.00000000e+00
 -3.93942778e-02  0.00000000e+00  1.85325998e-05  0.00000000e+00]","[ 0.          0.55392301 12.14971924  0.72380358 -3.37020493  0.24439007
 -1.24937725  0.41679454]"
1747093059.6375906,"[ 0.          0.10785306  0.56096446 -3.1323419  -2.26382222 -0.00378435
  0.96004374  1.57093814]","[ 0.00000000e+00 -1.32374398e-05  1.40578204e-01  0.00000000e+00
 -4.00852100e-02  0.00000000e+00  1.85184257e-05  0.00000000e+00]","[ 0.          0.57438922 12.02308369  0.73752421 -3.32359171  0.27979454
 -1.2378844   0.4093675 ]"
1747093059.6393292,"[ 0.          0.10785306  0.56111326 -3.1323419  -2.2638627  -0.00378435
  0.96004374  1.57093814]","[ 0.00000000e+00 -1.32274462e-05  1.40179562e-01  0.00000000e+00
 -4.10548170e-02  0.00000000e+00  1.85186086e-05  0.00000000e+00]","[ 0.          0.5725975  11.95551205  0.72724885 -3.27528477  0.30237609
 -1.25032115  0.40361011]"
1747093059.6410425,"[ 0.          0.10785306  0.56125008 -3.1323419  -2.26390318 -0.00378435
  0.96004374  1.57093814]","[ 0.00000000e+00 -1.32274462e-05  1.38830105e-01  0.00000000e+00
 -4.10548170e-02  0.00000000e+00  1.85046377e-05  0.00000000e+00]","[ 0.          0.56569099 11.93175602  0.72428125 -3.23012161  0.31527063
 -1.25313973  0.41320753]"
1747093059.6422405,"[ 0.          0.10785306  0.5615178  -3.1323419  -2.26398653 -0.00378435
  0.96004467  1.57093814]","[ 0.00000000e+00 -1.32374398e-05  1.33832608e-01  0.00000000e+00
 -4.05146197e-02  0.00000000e+00  2.91003827e-05  0.00000000e+00]","[ 0.          0.54985154 11.89263535  0.70705706 -3.16135788  0.29710847
 -1.2131058   0.42708251]"
1747093059.6439495,"[ 0.          0.10785306  0.56164683 -3.1323419  -2.26402568 -0.00378435
  0.96004467  1.57093814]","[ 0.00000000e+00 -1.32274462e-05  1.30727179e-01  0.00000000e+00
 -3.97043280e-02  0.00000000e+00  2.91003827e-05  0.00000000e+00]","[ 0.          0.52231497 11.8597374   0.72842538 -3.14820862  0.28537428
 -1.18681645  0.43798795]"
1747093059.6451406,"[ 0.          0.10785306  0.56190855 -3.1323419  -2.26410611 -0.00378435
  0.96004467  1.57093814]","[ 0.00000000e+00 -1.32374398e-05  1.27215910e-01  0.00000000e+00
 -3.90830791e-02  0.00000000e+00  2.91003827e-05  0.00000000e+00]","[ 0.          0.54151911 11.89610386  0.74152786 -3.15764499  0.27270165
 -1.19692206  0.42921376]"
1747093059.6468616,"[ 0.          0.10785306  0.56203485 -3.1323419  -2.26414552 -0.00378435
  0.96004467  1.57093814]","[ 0.00000000e+00 -1.32275773e-05  1.28026201e-01  0.00000000e+00
 -3.99744266e-02  0.00000000e+00  2.91003827e-05  0.00000000e+00]","[ 0.          0.54962033 11.9118042   0.74980074 -3.18256021  0.27874431
 -1.21022272  0.43620357]"
1747093059.648071,"[ 0.          0.10785306  0.5622961  -3.13234136 -2.26422675 -0.00378435
  0.96004467  1.57093814]","[ 0.00000000e+00 -1.32274462e-05  1.27139610e-01  7.94246417e-06
 -4.18651087e-02  0.00000000e+00  2.91003827e-05  0.00000000e+00]","[ 0.          0.57614398 11.87045193  0.71865243 -3.30267334  0.29306331
 -1.23793519  0.43064573]"
1747093059.6498222,"[ 0.          0.10785306  0.56242147 -3.13234136 -2.26426909 -0.00378435
  0.96004467  1.57093814]","[ 0.00000000e+00 -1.32274462e-05  1.27215910e-01  7.94246417e-06
 -4.29454991e-02  0.00000000e+00  2.91003827e-05  0.00000000e+00]","[ 0.          0.57191169 11.83699894  0.72145385 -3.3902452   0.31122851
 -1.24466586  0.43531001]"
1747093059.651569,"[ 0.          0.10785306  0.56266808 -3.13234136 -2.26435778 -0.00378435
  0.96004467  1.57093814]","[ 0.00000000e+00 -1.32275773e-05  1.24244837e-01  7.93654595e-06
 -4.34856922e-02  0.00000000e+00  2.91003827e-05  0.00000000e+00]","[ 0.          0.58676559 11.77877998  0.72299057 -3.49779844  0.32400233
 -1.24013221  0.43219677]"
1747093059.6527696,"[ 0.          0.10785306  0.56280031 -3.13234136 -2.26439932 -0.00378435
  0.96004467  1.57093814]","[ 0.00000000e+00 -1.32275773e-05  1.24381158e-01  7.93654595e-06
 -4.21352073e-02  0.00000000e+00  2.90787152e-05  0.00000000e+00]","[ 0.          0.59627521 11.77342033  0.717933   -3.54101896  0.3475619
 -1.23685765  0.43131733]"
1747093059.654572,"[ 0.          0.10785352  0.56304272 -3.13234136 -2.26448401 -0.00378435
  0.96004467  1.57093814]","[ 0.00000000e+00 -7.95448397e-06  1.22354159e-01  5.29497611e-06
 -4.06244918e-02  0.00000000e+00  2.91003827e-05  0.00000000e+00]","[ 0.          0.60164964 11.74279499  0.70442533 -3.58528161  0.34597737
 -1.25861859  0.43954945]"
1747093059.6557512,"[ 0.          0.10785352  0.5631635  -3.13234136 -2.26452422 -0.00378435
  0.96004467  1.57093814]","[ 0.00000000e+00 -5.29097849e-06  1.22624254e-01  7.93646773e-06
 -4.07847184e-02  0.00000000e+00  2.91003827e-05  0.00000000e+00]","[ 0.          0.58032078 11.73531246  0.68295759 -3.59075928  0.34032306
 -1.26587069  0.44997123]"
1747093059.657461,"[ 0.          0.10785352  0.5634101  -3.13234136 -2.26460758 -0.00378435
  0.96004467  1.57093814]","[ 0.00000000e+00 -5.29892650e-06  1.19262129e-01  7.94246417e-06
 -4.21352073e-02  0.00000000e+00  2.91003827e-05  0.00000000e+00]","[ 0.          0.56678528 11.78169155  0.69029748 -3.57093167  0.34517619
 -1.25187957  0.44826367]"
1747093059.6607552,"[ 0.          0.10785352  0.56352722 -3.13234136 -2.26465099 -0.00378435
  0.96004467  1.57093814]","[ 0.00000000e+00 -5.30293632e-06  1.18842890e-01  7.94254290e-06
 -4.08368081e-02  0.00000000e+00  2.91003827e-05  0.00000000e+00]","[ 0.          0.56473398 11.82462597  0.68453813 -3.56737685  0.34685749
 -1.23739636  0.44301036]"
1747093059.6656666,"[ 0.          0.10785352  0.56419627 -3.13234083 -2.26485179 -0.00378435
  0.96004467  1.57093814]","[ 0.00000000e+00 -5.29897933e-06  1.05573523e-01  1.32275773e-05
 -2.70097486e-02  0.00000000e+00  1.85044548e-05  0.00000000e+00]","[ 0.          0.56516069 11.95678234  0.70424294 -3.47762251  0.37563053
 -1.22486281  0.49708158]"
1747093059.6700556,"[ 0.          0.10785352  0.56472158 -3.13234083 -2.26496098 -0.00378435
  0.96004467  1.57093814]","[ 0.00000000e+00 -5.29897933e-06  1.06148308e-01  1.32274462e-05
 -1.94470181e-02  0.00000000e+00  1.85464284e-05  0.00000000e+00]","[ 0.          0.57533067 12.07391071  0.69650644 -3.74932051  0.38314956
 -1.30281389  0.48453221]"
1747093059.674102,"[ 0.          0.10785352  0.56515454 -3.13234083 -2.26503049 -0.00378329
  0.96004467  1.57093814]","[ 0.00000000e+00  0.00000000e+00  1.08849286e-01  1.32574726e-05
 -1.53955564e-02  1.05819570e-05  1.85466133e-05  0.00000000e+00]","[ 0.          0.59055775 12.19084263  0.73437893 -3.74706483  0.41453651
 -1.29572439  0.48542571]"
1747093059.676484,"[ 0.          0.10785352  0.5654907  -3.13234083 -2.26506538 -0.00378329
  0.96004467  1.57093814]","[ 0.00000000e+00  0.00000000e+00  1.12739648e-01  1.85464284e-05
 -9.44383346e-03  1.05819570e-05  1.85324169e-05  0.00000000e+00]","[ 0.          0.60971379 12.23855591  0.75336808 -3.73571754  0.40292203
 -1.31512821  0.48838693]"
1747093059.6794565,"[ 0.          0.10785352  0.56581993 -3.1323403  -2.26508029 -0.00378329
  0.96004467  1.57093814]","[ 0.00000000e+00  5.29897933e-06  1.11280161e-01  2.38454062e-05
 -3.00922145e-03  1.05819570e-05  1.85464284e-05  0.00000000e+00]","[ 0.          0.56755751 12.07676315  0.7630955  -3.69363713  0.39181003
 -1.30613649  0.5001862 ]"
1747093059.682334,"[ 0.          0.10785352  0.56614277 -3.1323403  -2.26507896 -0.00378329
  0.96004467  1.57093814]","[0.00000000e+00 5.30298914e-06 1.04257622e-01 2.38634509e-05
 1.16976321e-03 1.05899522e-05 1.85464284e-05 0.00000000e+00]","[ 0.          0.57698542 12.00612545  0.772982   -3.72114277  0.39395791
 -1.27428782  0.52406013]"
1747093059.685907,"[ 0.          0.10785352  0.5664495  -3.1323403  -2.26507896 -0.00378329
  0.96004467  1.57093814]","[0.00000000e+00 5.30298914e-06 1.00206163e-01 2.38634509e-05
 0.00000000e+00 1.05819570e-05 1.85466133e-05 0.00000000e+00]","[ 0.          0.59217465 12.00780773  0.80484313 -3.61674213  0.41263694
 -1.27460384  0.53440291]"
1747093059.6888344,"[ 0.          0.10785352  0.56674245 -3.1323403  -2.26508003 -0.00378329
  0.96004467  1.57093814]","[ 0.00000000e+00  5.29892650e-06  9.31981130e-02  2.38636886e-05
 -3.72321299e-04  1.05819570e-05  1.85464284e-05  0.00000000e+00]","[ 0.          0.6135599  12.03441811  0.80350548 -3.47924805  0.41625249
 -1.24993408  0.54143357]"
1747093059.6916606,"[ 0.          0.10785352  0.56700784 -3.1323403  -2.26507896 -0.00378329
  0.96004467  1.57093814]","[0.00000000e+00 7.94846874e-06 8.75115816e-02 2.38454062e-05
 0.00000000e+00 1.05820616e-05 1.85464284e-05 0.00000000e+00]","[ 0.          0.54376984 11.95453644  0.78146309 -3.43187523  0.43594179
 -1.2340728   0.55583137]"
1747093059.6944013,"[ 0.          0.10785352  0.5672655  -3.13234003 -2.26508003 -0.00378329
  0.96004467  1.57093814]","[0.00000000e+00 7.95448397e-06 8.58909982e-02 2.64948971e-05
 0.00000000e+00 1.05819570e-05 1.85464284e-05 0.00000000e+00]","[ 0.          0.48769155 11.95487213  0.76640379 -3.38811231  0.44588244
 -1.22283149  0.55057168]"
1747093059.6972299,"[ 0.          0.10785352  0.56743214 -3.13234003 -2.26507949 -0.00378222
  0.96004467  1.57093814]","[0.00000000e+00 7.94846874e-06 8.37302174e-02 2.65149452e-05
 5.27881270e-05 2.11639139e-05 1.85464284e-05 0.00000000e+00]","[ 0.          0.46763921 11.92283726  0.75049186 -3.32636666  0.45283648
 -1.2052089   0.56935751]"
1747093059.700707,"[ 0.          0.10785352  0.56768747 -3.13234003 -2.26507949 -0.00378222
  0.96004467  1.57093814]","[0.00000000e+00 7.94846874e-06 8.41850271e-02 2.65149452e-05
 4.80932043e-05 2.11639139e-05 1.85464284e-05 0.00000000e+00]","[ 0.          0.4235304  11.93487358  0.72854429 -3.27371454  0.49048316
 -1.21322393  0.59529263]"
1747093059.7022896,"[ 0.          0.10785352  0.56793082 -3.13234003 -2.26507949 -0.00378222
  0.9600456   1.57093907]","[0.00000000e+00 7.95440473e-06 8.15694367e-02 2.65152094e-05
 0.00000000e+00 2.11641232e-05 1.85464284e-05 1.05818513e-05]","[ 0.          0.34590232 11.95277214  0.68980122 -3.183038    0.51448208
 -1.17677712  0.60540873]"
1747093059.7046194,"[ 0.          0.10785352  0.56809614 -3.13234003 -2.26507896 -0.00378222
  0.9600456   1.57093907]","[0.00000000e+00 7.94846874e-06 7.96787588e-02 3.18179359e-05
 3.52830036e-05 2.11641232e-05 1.85602774e-05 1.05819570e-05]","[ 0.          0.29694372 11.95743847  0.67300749 -3.16588902  0.49234173
 -1.16318762  0.61876148]"
1747093059.7057734,"[ 0.          0.10785352  0.56824354 -3.13234003 -2.26507949 -0.00378222
  0.9600456   1.57093907]","[ 0.00000000e+00  7.95448397e-06  7.31964166e-02  2.65149452e-05
 -3.31197745e-05  2.11639139e-05  1.85464284e-05  1.05820616e-05]","[ 0.          0.29489875 11.9679594   0.65273744 -3.15721083  0.4975132
 -1.18355536  0.63417625]"
1747093059.7075744,"[ 0.          0.10785352  0.56831978 -3.13234003 -2.26507949 -0.00378116
  0.9600456   1.57093907]","[ 0.00000000e+00  7.94846874e-06  7.17197770e-02  2.64948971e-05
 -3.10663292e-05  3.17458709e-05  1.85464284e-05  1.05820616e-05]","[ 0.          0.26686239 11.95470047  0.65378529 -3.16635633  0.50599951
 -1.20254683  0.64002383]"
1747093059.7093093,"[ 0.          0.10785352  0.56845566 -3.13234003 -2.26507949 -0.00378116
  0.9600456   1.57093907]","[ 0.00000000e+00  7.95448397e-06  6.80645635e-02  2.65149452e-05
 -2.95005375e-05  3.17458709e-05  1.85602774e-05  1.05739739e-05]","[ 0.          0.22363423 11.98967552  0.61030483 -3.22015047  0.53042126
 -1.23701525  0.63479733]"
1747093059.7105048,"[ 0.          0.10785352  0.56851998 -3.13234003 -2.26507949 -0.00378116
  0.9600456   1.57093907]","[0.00000000e+00 7.94846874e-06 6.53635897e-02 2.65149452e-05
 2.95005375e-05 3.17698567e-05 1.85464284e-05 1.05819570e-05]","[ 0.          0.21790817 12.00900364  0.59506661 -3.25493813  0.55724895
 -1.24246526  0.64986569]"
1747093059.7122498,"[ 0.          0.10785352  0.56864901 -3.13234003 -2.26507949 -0.00378062
  0.9600456   1.57093907]","[0.00000000e+00 7.94846874e-06 6.28689484e-02 2.65149452e-05
 2.78617056e-05 3.70368514e-05 1.85604623e-05 1.05820616e-05]","[ 0.          0.15790828 12.06308842  0.56755376 -3.3538363   0.56880713
 -1.22145641  0.65332121]"
1747093059.71398,"[ 0.          0.10785352  0.56871099 -3.13234003 -2.26507949 -0.00378062
  0.9600456   1.57093907]","[0.00000000e+00 7.95448397e-06 6.29327103e-02 2.65149452e-05
 2.64938426e-05 3.70648338e-05 1.85604623e-05 1.05740785e-05]","[ 0.          0.15215738 12.08182526  0.5714699  -3.40310836  0.58279985
 -1.22824311  0.65237921]"
1747093059.7151961,"[ 0.          0.10785306  0.5688359  -3.13234003 -2.26508003 -0.00378062
  0.9600456   1.57094   ]","[0.00000000e+00 5.29903215e-06 6.32028089e-02 2.64948971e-05
 0.00000000e+00 3.70368514e-05 1.85464284e-05 1.85464284e-05]","[ 0.          0.14936437 12.05731106  0.57126802 -3.50176883  0.59172171
 -1.23792922  0.67527246]"
1747093059.7168753,"[ 0.          0.10785306  0.56890108 -3.13234003 -2.26508003 -0.00378062
  0.9600456   1.57094   ]","[0.00000000e+00 5.29897933e-06 6.14382733e-02 2.64948971e-05
 0.00000000e+00 3.70372172e-05 1.85604623e-05 1.85464284e-05]","[ 0.          0.14468896 12.05870438  0.55455619 -3.54907942  0.58861184
 -1.25176132  0.68096721]"
1747093059.718065,"[ 0.          0.10785306  0.56901819 -3.13234003 -2.26508003 -0.00377956
  0.9600456   1.57094   ]","[0.00000000e+00 5.29897933e-06 5.85517687e-02 2.65149452e-05
 0.00000000e+00 4.76188043e-05 1.85464284e-05 1.85464284e-05]","[ 0.          0.1150719  12.04942322  0.55266833 -3.5947082   0.61919838
 -1.24793267  0.69231737]"
1747093059.7197351,"[ 0.          0.10785306  0.56907558 -3.13234003 -2.26508003 -0.00377956
  0.9600456   1.57094   ]","[0.00000000e+00 5.29897933e-06 5.83410544e-02 2.64948971e-05
 0.00000000e+00 4.76188043e-05 1.85464284e-05 1.85464284e-05]","[ 0.          0.07798724 12.04400826  0.55386066 -3.61765242  0.6174491
 -1.2469753   0.68194199]"
1747093059.7214634,"[ 0.          0.10785306  0.56919496 -3.13234003 -2.26508003 -0.00377956
  0.9600456   1.57094   ]","[0.00000000e+00 5.29892650e-06 5.83410544e-02 2.65146811e-05
 0.00000000e+00 4.76547840e-05 1.85604623e-05 1.85606472e-05]","[ 0.          0.07259387 12.0428009   0.53941882 -3.65191698  0.63127577
 -1.24537086  0.7022953 ]"
1747093059.7226608,"[ 0.          0.10785306  0.56924869 -3.13234003 -2.26508003 -0.00377956
  0.9600456   1.57094   ]","[0.00000000e+00 5.30298914e-06 5.45596902e-02 2.65149452e-05
 0.00000000e+00 4.76192757e-05 1.85462435e-05 1.85464284e-05]","[ 0.          0.07258187 12.01118851  0.52018595 -3.64603591  0.63947237
 -1.25150228  0.70620006]"
1747093059.725339,"[ 0.          0.10785306  0.56935202 -3.13234003 -2.26508003 -0.00377849
  0.9600456   1.57094   ]","[0.00000000e+00 5.29897933e-06 4.96521543e-02 2.64948971e-05
 0.00000000e+00 5.82007654e-05 1.85604623e-05 1.85464284e-05]","[ 0.          0.0615699  11.9581337   0.50581348 -3.61604142  0.64515245
 -1.26361752  0.72177279]"
1747093059.7290533,"[ 0.          0.10785306  0.56954443 -3.13234003 -2.26507949 -0.00377743
  0.9600456   1.57094094]","[0.00000000e+00 5.29097849e-06 4.81475432e-02 2.11959173e-05
 1.56027833e-05 6.87834010e-05 1.85604623e-05 2.64948971e-05]","[ 0.          0.01460803 11.92864132  0.51791453 -3.5288291   0.67724425
 -1.2252574   0.73372489]"
1747093059.7333045,"[ 0.          0.10785306  0.56972672 -3.1323395  -2.26507949 -0.00377636
  0.9600456   1.57094094]","[0.00000000e+00 0.00000000e+00 4.41352496e-02 2.64948971e-05
 0.00000000e+00 7.93646793e-05 1.85604623e-05 2.64951613e-05]","[ 0.00000000e+00  9.05585848e-03  1.17613668e+01  4.81980860e-01
 -3.38015056e+00  7.27354705e-01 -1.22401977e+00  7.65364885e-01]"
1747093059.7376392,"[ 0.          0.10785306  0.56996548 -3.13234003 -2.26507896 -0.00377583
  0.9600466   1.57094187]","[0.00000000e+00 0.00000000e+00 4.88538468e-02 1.85464284e-05
 1.26279007e-05 8.46556558e-05 2.91664395e-05 3.70648338e-05]","[ 0.         -0.03055931 11.42095184  0.47068912 -3.2352047   0.74260896
 -1.15909302  0.79719049]"
1747093059.7399716,"[ 0.          0.10785306  0.57009863 -3.13234003 -2.26507869 -0.00377583
  0.9600466   1.57094187]","[0.00000000e+00 0.00000000e+00 4.32155977e-02 1.85464284e-05
 1.85091707e-05 8.46556558e-05 2.91223691e-05 3.70928568e-05]","[ 0.         -0.05569747 11.24468613  0.42509818 -3.08596539  0.76872712
 -1.11862361  0.80434215]"
1747093059.7423599,"[ 0.          0.10785306  0.57018638 -3.13234003 -2.26507869 -0.00377476
  0.9600466   1.5709428 ]","[0.00000000e+00 0.00000000e+00 4.23400003e-02 1.85604623e-05
 1.80954047e-05 9.53095680e-05 1.85186086e-05 4.76908124e-05]","[ 0.         -0.12287842 11.15814686  0.37689042 -2.97250056  0.76473367
 -1.10897696  0.82859027]"
1747093059.7447064,"[ 0.          0.10785306  0.57026628 -3.13234003 -2.26507816 -0.00377476
  0.9600466   1.5709428 ]","[0.00000000e+00 0.00000000e+00 3.99744266e-02 1.85464284e-05
 3.00568934e-05 9.52376087e-05 1.85325998e-05 4.76908124e-05]","[ 0.         -0.15506369 11.12660503  0.39278749 -2.89997315  0.77919728
 -1.10756516  0.82446343]"
1747093059.7465065,"[ 0.          0.1078526   0.57033885 -3.13234003 -2.26507816 -0.0037737
  0.9600466   1.57094387]","[ 0.00000000e+00 -5.28703927e-06  3.36029739e-02  1.85604623e-05
  2.93525959e-05  1.05819570e-04  1.85184257e-05  5.82893532e-05]","[ 0.         -0.16695668 11.1185112   0.38223654 -2.88178802  0.79237461
 -1.09536529  0.851502  ]"
1747093059.7483351,"[ 0.          0.1078526   0.57039072 -3.13234003 -2.26507869 -0.0037721
  0.9600466   1.57094387]","[ 0.00000000e+00 -5.29103081e-06  2.42841426e-02  1.32274462e-05
  1.72652271e-05  1.21693710e-04  1.85186086e-05  5.82887721e-05]","[ 0.         -0.17345181 11.11200428  0.38103801 -2.90591526  0.8002196
 -1.09513819  0.85617727]"
1747093059.7505822,"[ 0.          0.1078526   0.5704288  -3.13234003 -2.26507896 -0.00377104
  0.9600466   1.5709448 ]","[ 0.00000000e+00 -5.29097849e-06  1.78264326e-02  1.32274462e-05
  0.00000000e+00  1.32274460e-04  1.85186086e-05  6.62372408e-05]","[ 0.         -0.1675338  11.2011137   0.37238103 -2.96503901  0.83366227
 -1.11552858  0.86131209]"
1747093059.7525616,"[ 0.          0.1078526   0.57045916 -3.13234003 -2.26507896 -0.00376997
  0.9600466   1.57094573]","[ 0.00000000e+00 -5.29097849e-06  1.35048743e-02  1.32274462e-05
  0.00000000e+00  1.42857835e-04  1.85324169e-05  7.41857136e-05]","[ 0.         -0.21973923 11.34896183  0.34081957 -3.07308793  0.84960395
 -1.13018787  0.86491084]"
1747093059.7541754,"[ 0.          0.1078526   0.57048439 -3.13234003 -2.26507896 -0.00376784
  0.9600466   1.57094573]","[ 0.00000000e+00 -5.29103081e-06  1.24244839e-02  1.32275773e-05
  0.00000000e+00  1.64145878e-04  1.85186086e-05  7.41857136e-05]","[ 0.         -0.26010415 11.53293514  0.32461283 -3.19529676  0.85983461
 -1.17079508  0.88598764]"
1747093059.7559433,"[ 0.          0.1078526   0.57050829 -3.13234003 -2.26507949 -0.00376731
  0.9600466   1.57094666]","[ 0.00000000e+00 -7.93654595e-06  1.16141912e-02  1.32274462e-05
 -1.01756122e-05  1.69311312e-04  1.85186086e-05  8.47836692e-05]","[ 0.         -0.27553871 11.64324856  0.28602421 -3.38198948  0.84009582
 -1.17965937  0.90192562]"
1747093059.7576754,"[ 0.          0.1078526   0.57052021 -3.13234003 -2.26507949 -0.00376624
  0.9600466   1.57094759]","[ 0.00000000e+00 -7.93646773e-06  1.21543863e-02  1.32274462e-05
 -1.01756122e-05  1.79893264e-04  1.85324169e-05  9.54538036e-05]","[ 0.         -0.2821044  11.70708656  0.31672546 -3.44821763  0.84583712
 -1.18825984  0.89099705]"
1747093059.758913,"[ 0.          0.10785214  0.57054545 -3.13234003 -2.26507949 -0.00376411
  0.9600466   1.57094759]","[ 0.00000000e+00 -1.32175979e-05  1.25384225e-02  1.32375708e-05
  0.00000000e+00  2.01059170e-04  1.85184257e-05  9.53825757e-05]","[ 0.         -0.28694072 11.83036995  0.32232225 -3.55016756  0.87024391
 -1.23445189  0.89008784]"
1747093059.7607057,"[ 0.          0.10785214  0.57055876 -3.13234003 -2.26507949 -0.00376305
  0.9600466   1.57094853]","[ 0.00000000e+00 -1.32275773e-05  1.34911902e-02  7.93646773e-06
  0.00000000e+00  2.11959177e-04  1.85184257e-05  1.03330098e-04]","[ 0.         -0.28479794 11.88747787  0.32484493 -3.57163143  0.87796658
 -1.25970745  0.8745501 ]"
1747093059.7618659,"[ 0.          0.10785214  0.57058772 -3.1323403  -2.26507949 -0.00376145
  0.9600466   1.57094946]","[ 0.00000000e+00 -1.32274462e-05  1.53955564e-02  5.29502843e-06
  0.00000000e+00  2.28028536e-04  1.85186086e-05  1.11278562e-04]","[ 0.         -0.30258551 12.00213623  0.28380513 -3.58550477  0.89378637
 -1.2577697   0.91187286]"
1747093059.7636175,"[ 0.          0.10785168  0.57060377 -3.1323403  -2.26507949 -0.00376038
  0.9600466   1.57094946]","[ 0.00000000e+00 -1.85044548e-05  1.50461080e-02  5.29497611e-06
  0.00000000e+00  2.38451697e-04  1.85184257e-05  1.11278562e-04]","[ 0.         -0.32528174 12.04862118  0.28721064 -3.56438804  0.90966278
 -1.2606796   0.91831887]"
1747093059.7677336,"[ 0.          0.10785168  0.57063546 -3.13234003 -2.26507896 -0.00375772
  0.9600466   1.57095052]","[ 0.00000000e+00 -1.85186086e-05  1.59357516e-02  7.93654595e-06
  8.96687205e-06  2.64948963e-04  1.85184257e-05  1.21968747e-04]","[ 0.         -0.35014179 12.09681034  0.31918526 -3.47502232  0.91893989
 -1.23733103  0.92718816]"
1747093059.7718208,"[ 0.          0.10785122  0.57069558 -3.13234003 -2.26507869 -0.00375293
  0.9600466   1.57095146]","[ 0.00000000e+00 -2.38094022e-05  1.37474102e-02  7.94246417e-06
  1.30183353e-05  3.12639768e-04  1.85184257e-05  1.32574732e-04]","[ 0.         -0.36582014 12.04548931  0.34076393 -3.28336668  0.90494412
 -1.24789226  0.91486871]"
1747093059.7737298,"[ 0.          0.10785077  0.57074338 -3.13234003 -2.26507869 -0.0037492
  0.9600466   1.57095332]","[ 0.00000000e+00 -2.64551545e-05  1.00629113e-02  7.94254290e-06
  1.25977341e-05  3.49732641e-04  1.85044548e-05  1.51135188e-04]","[ 0.         -0.38505989 11.91816235  0.37728447 -3.10865426  0.9365958
 -1.20377672  0.94196987]"
1747093059.7749166,"[ 0.          0.10785077  0.5707599  -3.13234003 -2.26507816 -0.00374707
  0.96004754  1.57095332]","[ 0.00000000e+00 -2.64349338e-05  7.77382236e-03  7.94246417e-06
  2.03394113e-05  3.67824971e-04  2.91006692e-05  1.51020918e-04]","[ 0.         -0.39714372 11.83962345  0.37711406 -3.04023075  0.93433237
 -1.16680264  0.95399922]"
1747093059.7766707,"[ 0.          0.10785077  0.57076635 -3.13234003 -2.26507816 -0.003746
  0.96004754  1.57095332]","[ 0.00000000e+00 -2.64548924e-05  6.48233955e-03  7.94246417e-06
  2.03394113e-05  3.94446374e-04  2.91003827e-05  1.51022414e-04]","[ 0.         -0.37490553 11.80795383  0.37672114 -3.00199199  0.93652564
 -1.17702484  0.96494073]"
1747093059.777847,"[ 0.          0.10785077  0.57077594 -3.13234003 -2.26507816 -0.0037444
  0.96004754  1.57095425]","[ 0.00000000e+00 -2.64551545e-05  4.32155961e-03  7.93654595e-06
  2.00602682e-05  4.64586632e-04  2.91003827e-05  1.58969375e-04]","[ 0.         -0.35955131 11.73212528  0.37644464 -2.96100211  0.94639623
 -1.15580094  0.96423191]"
1747093059.7795527,"[ 0.          0.10785077  0.57078007 -3.13234003 -2.26507816 -0.00374334
  0.96004754  1.57095425]","[ 0.00000000e+00 -2.64351959e-05  4.32155961e-03  7.93646773e-06
  1.97666524e-05  5.16150755e-04  2.91003827e-05  1.58969375e-04]","[ 0.         -0.36007109 11.69970036  0.38466671 -2.95348883  0.95082849
 -1.15209532  0.96423739]"
1747093059.780713,"[ 0.          0.1078503   0.5707856  -3.13234003 -2.26507816 -0.00374227
  0.96004754  1.57095425]","[ 0.00000000e+00 -3.17458709e-05  2.73078041e-03  2.64748806e-06
  1.97446701e-05  6.08265668e-04  2.91006692e-05  1.59089675e-04]","[ 0.         -0.35510188 11.66412354  0.3912473  -2.95323181  0.95854783
 -1.13848257  0.99780977]"
1747093059.7825406,"[ 0.          0.1078503   0.57078746 -3.13234003 -2.26507816 -0.00374121
  0.96004754  1.57095518]","[ 0.00000000e+00 -3.17458709e-05  2.16077981e-03  2.64548924e-06
  1.94601548e-05  6.50969157e-04  2.91003827e-05  1.69311312e-04]","[ 0.         -0.35190293 11.6519928   0.41203976 -2.98770809  0.9526633
 -1.14490175  0.98707783]"
1747093059.7836366,"[ 0.          0.1078503   0.57078926 -3.13234003 -2.26507816 -0.00373855
  0.96004754  1.57095518]","[ 0.00000000e+00 -3.17458709e-05  9.45341174e-04  2.64748806e-06
  2.68274509e-05  7.43543718e-04  2.91003827e-05  1.69312986e-04]","[ 0.         -0.32213089 11.63258457  0.43399888 -3.04893661  0.95265222
 -1.16373324  0.96395868]"
1747093059.7854633,"[ 0.          0.1078503   0.57078972 -3.13234003 -2.26507816 -0.00373748
  0.96004754  1.57095612]","[ 0.00000000e+00 -3.17461838e-05  6.50185813e-04  2.64748806e-06
  2.68568251e-05  8.30094178e-04  2.90784288e-05  1.80030974e-04]","[ 0.         -0.31772661 11.63839912  0.45483765 -3.07700753  0.95895773
 -1.17968082  0.95781517]"
1747093059.7871127,"[ 0.          0.10784984  0.57078972 -3.13234003 -2.26507816 -0.00373482
  0.96004754  1.57095612]","[ 0.00000000e+00 -3.70372172e-05  0.00000000e+00  2.64548924e-06
  2.64806703e-05  9.77101906e-04  2.91006692e-05  1.79893264e-04]","[ 0.         -0.30874822 11.59067917  0.46463102 -3.15019035  0.97854316
 -1.20313716  0.96340007]"
1747093059.7883432,"[ 0.          0.10784984  0.57078972 -3.13234003 -2.26507816 -0.00373269
  0.96004754  1.57095718]","[ 0.00000000e+00 -3.70368514e-05  0.00000000e+00  2.64748806e-06
  2.60871351e-05  1.03117500e-03  2.91006692e-05  1.90477103e-04]","[ 0.         -0.33593374 11.57427216  0.46290115 -3.20867705  0.97450477
 -1.20756614  0.97418559]"
1747093059.7900724,"[ 0.          0.10784984  0.57078972 -3.13234003 -2.26507816 -0.00373109
  0.96004754  1.57095718]","[ 0.00000000e+00 -3.70372172e-05  0.00000000e+00  2.64748806e-06
  2.60867694e-05  1.09254597e-03  2.91003827e-05  1.90621022e-04]","[ 0.         -0.32793483 11.54059792  0.44567496 -3.28938603  0.9876951
 -1.20039439  0.97773278]"
1747093059.7910957,"[ 0.          0.10784984  0.57078972 -3.13234003 -2.26507869 -0.00372736
  0.96004754  1.57095811]","[ 0.00000000e+00 -3.70092754e-05  0.00000000e+00  2.64551540e-06
  1.86535059e-05  1.16723867e-03  2.91003827e-05  1.98411694e-04]","[ 0.         -0.31648722 11.48442078  0.46704027 -3.34368801  0.98280293
 -1.21123171  0.97774565]"
1747093059.792928,"[ 0.          0.10784984  0.57078972 -3.13234003 -2.26507869 -0.00372523
  0.96004754  1.57095811]","[ 0.00000000e+00 -3.70372172e-05  0.00000000e+00  2.64748806e-06
  1.83800641e-05  1.20990282e-03  2.91006692e-05  1.98413661e-04]","[ 0.         -0.31252578 11.48442078  0.45101058 -3.36837006  0.97438687
 -1.20196068  0.95659941]"
1747093059.7946208,"[ 0.          0.10784984  0.57079019 -3.13234003 -2.26507869 -0.0037215
  0.96004754  1.57095905]","[ 0.00000000e+00 -3.70368514e-05  6.62313119e-05  0.00000000e+00
  1.81332719e-05  1.24906637e-03  2.91006692e-05  2.06348155e-04]","[ 0.         -0.30767909 11.47975254  0.43411532 -3.4345479   0.97463512
 -1.20066905  0.96369064]"
1747093059.7964413,"[ 0.          0.10784939  0.57079019 -3.13234003 -2.26507869 -0.00371884
  0.96004754  1.57095905]","[ 0.00000000e+00 -4.23278279e-05  6.62313119e-05  0.00000000e+00
  1.81145242e-05  1.29804773e-03  2.91006692e-05  2.06348155e-04]","[ 0.         -0.2997258  11.44325447  0.4337768  -3.45644331  0.98193944
 -1.21351087  0.9721778 ]"
1747093059.7981188,"[ 0.          0.10784939  0.57079019 -3.13234003 -2.26507869 -0.00370978
  0.96004754  1.57095998]","[ 0.00000000e+00 -4.23282464e-05  5.27881270e-05  0.00000000e+00
  1.78745244e-05  1.61138632e-03  2.91003827e-05  2.16930124e-04]","[ 0.         -0.32485998 11.37751579  0.39584231 -3.50321174  1.0234921
 -1.21463275  1.00197256]"
1747093059.799911,"[ 0.          0.10784939  0.57079019 -3.13234003 -2.26507869 -0.00370605
  0.96004754  1.57095998]","[ 0.00000000e+00 -4.23278279e-05  5.27933610e-05  0.00000000e+00
  1.78747641e-05  1.81837453e-03  2.91006692e-05  2.16930124e-04]","[ 0.         -0.31766242 11.336586    0.38232633 -3.51006389  1.02153301
 -1.20171034  1.00587749]"
1747093059.801614,"[ 0.          0.10784893  0.57078972 -3.1323403  -2.26507816 -0.00369753
  0.96004754  1.57096091]","[ 0.00000000e+00 -4.49733161e-05  0.00000000e+00 -2.64748806e-06
  2.46974483e-05  2.49562173e-03  2.90784288e-05  2.27512077e-04]","[ 0.         -0.33424109 11.28490162  0.34062925 -3.46071434  1.03453147
 -1.19695497  1.00617278]"
1747093059.8033183,"[ 0.          0.10784893  0.57078972 -3.1323403  -2.26507816 -0.00368795
  0.96004754  1.57096091]","[ 0.00000000e+00 -4.49737631e-05  0.00000000e+00 -2.64546283e-06
  2.43789934e-05  3.36652430e-03  1.85184257e-05  2.16932270e-04]","[ 0.         -0.38851431 11.21475029  0.32080722 -3.39437723  1.04699016
 -1.17759073  1.02084589]"
1747093059.8050783,"[ 0.          0.10784847  0.57078972 -3.1323403  -2.26507816 -0.00367783
  0.96004754  1.57096184]","[ 0.00000000e+00 -5.02647924e-05  0.00000000e+00 -2.64748806e-06
  1.71750362e-05  4.18884447e-03  1.85046377e-05  2.27512077e-04]","[ 0.         -0.37240547 11.13524151  0.32990146 -3.31371188  1.02519703
 -1.16880655  1.02631688]"
1747093059.8068526,"[ 0.          0.10784847  0.57078926 -3.1323403  -2.26507816 -0.0036709
  0.96004847  1.57096184]","[ 0.00000000e+00 -5.02642966e-05 -3.10663292e-05 -2.64748806e-06
  1.71918882e-05  4.83548703e-03  2.91003827e-05  2.27683970e-04]","[ 0.         -0.389429   11.08542824  0.29955629 -3.27477598  1.02245629
 -1.1686281   1.02430928]"
1747093059.808559,"[ 0.          0.10784801  0.57078926 -3.1323403  -2.26507763 -0.00365652
  0.96004847  1.57096184]","[ 0.00000000e+00 -5.55552731e-05 -2.95005375e-05 -2.64748806e-06
  2.34483337e-05  6.04354943e-03  2.91003827e-05  2.27512077e-04]","[ 0.         -0.40208739 11.01791286  0.28636047 -3.18923044  1.05607736
 -1.16104102  1.0074681 ]"
1747093059.810199,"[ 0.          0.10784801  0.57078926 -3.1323403  -2.2650771  -0.00363575
  0.96004847  1.57096277]","[ 0.00000000e+00 -5.55558217e-05 -2.78617056e-05 -2.64748806e-06
  2.97785407e-05  8.74253368e-03  2.90787152e-05  2.35626445e-04]","[ 0.         -0.39513701 10.99255276  0.29904282 -3.11219406  1.05583286
 -1.13131261  1.01867414]"
1747093059.812572,"[ 0.          0.10784755  0.57078886 -3.1323403  -2.2650771  -0.00361125
  0.96004847  1.57096384]","[ 0.00000000e+00 -5.82007654e-05 -3.97407629e-05 -2.64748806e-06
  2.94181651e-05  1.19337694e-02  2.91003827e-05  2.46030507e-04]","[ 0.         -0.40923861 10.95776463  0.2979981  -3.08274436  1.05826604
 -1.13934398  1.05223918]"
1747093059.814224,"[ 0.          0.10784709  0.57078839 -3.1323403  -2.2650771  -0.00358142
  0.96004847  1.57096384]","[ 0.00000000e+00 -6.34917418e-05 -8.83974020e-05 -2.64748806e-06
  2.90399926e-05  1.45641622e-02  2.90784288e-05  2.46216395e-04]","[ 0.         -0.44288468 10.89285374  0.29954687 -3.05701804  1.06053042
 -1.12770009  1.05660057]"
1747093059.8162816,"[ 0.          0.10784709  0.57078839 -3.1323403  -2.2650771  -0.00354733
  0.96004847  1.57096477]","[ 0.00000000e+00 -5.82007654e-05 -8.44490511e-05 -2.64751422e-06
  2.87229620e-05  1.72862385e-02  2.91003827e-05  2.46032929e-04]","[ 0.         -0.45997044 10.8690958   0.28282154 -3.02543569  1.04682815
 -1.12425566  1.04787636]"
1747093059.818512,"[ 0.          0.10784663  0.57078839 -3.1323403  -2.26507683 -0.00350951
  0.96004847  1.5709657 ]","[ 0.00000000e+00 -6.34917418e-05 -8.08383336e-05 -2.64748806e-06
  3.11499045e-05  1.85568669e-02  2.90784288e-05  2.53966967e-04]","[ 0.         -0.45914826 10.86796474  0.26356283 -3.00178504  1.03943241
 -1.13810408  1.05108976]"
1747093059.8196747,"[ 0.          0.10784663  0.57078839 -3.1323403  -2.26507683 -0.00348821
  0.96004847  1.5709657 ]","[ 0.00000000e+00 -6.35397134e-05 -7.72762744e-05 -2.64548924e-06
  3.11499045e-05  2.16077989e-02  2.91006692e-05  2.53966967e-04]","[ 0.         -0.46774933 10.87578392  0.25751147 -3.01141238  1.04709423
 -1.1178261   1.06598914]"
1747093059.8213947,"[ 0.          0.10784663  0.57078839 -3.1323403  -2.2650771  -0.0034456
  0.96004847  1.5709657 ]","[ 0.00000000e+00 -6.34917418e-05 -7.42418490e-05 -2.64751422e-06
  2.76906234e-05  2.21479940e-02  2.91003827e-05  2.53969471e-04]","[ 0.         -0.47043794 10.90287399  0.27910304 -3.06882501  1.06678903
 -1.12746966  1.07250702]"
1747093059.8231401,"[ 0.          0.10784617  0.57078839 -3.1323403  -2.2650771  -0.00339393
  0.96004847  1.57096664]","[ 0.00000000e+00 -6.87834010e-05 -7.12292862e-05 -2.64548924e-06
  2.73787475e-05  2.64427345e-02  2.91006692e-05  2.64551537e-04]","[ 0.         -0.46554351 10.93764877  0.29525816 -3.12598658  1.0716114
 -1.13313484  1.0589186 ]"
1747093059.824248,"[ 0.          0.10784572  0.57078839 -3.1323403  -2.2650771  -0.0033657
  0.96004847  1.57096664]","[ 0.00000000e+00 -7.40737029e-05 -7.14367280e-05 -2.64748806e-06
  2.12945810e-05  2.86303320e-02  2.91003827e-05  2.64548920e-04]","[ 0.         -0.47541565 10.93142796  0.29566014 -3.17034745  1.06068373
 -1.12656164  1.06612146]"
1747093059.8260088,"[ 0.          0.10784572  0.57078839 -3.1323403  -2.2650771  -0.00333694
  0.96004847  1.57096664]","[ 0.00000000e+00 -7.40737029e-05 -6.88358628e-05 -2.64748806e-06
  2.12948228e-05  2.91705272e-02  2.90787152e-05  2.64548920e-04]","[ 0.         -0.46968275 10.94563103  0.29363546 -3.23545218  1.05823696
 -1.12008488  1.05456269]"
1747093059.8272204,"[ 0.          0.10784526  0.57078793 -3.1323403  -2.2650771  -0.00327143
  0.96004847  1.57096757]","[ 0.00000000e+00 -7.68933393e-05 -7.56983059e-05 -2.64948966e-06
  2.10574115e-05  3.29518914e-02  2.91003827e-05  2.64548920e-04]","[ 0.         -0.45445895 10.98518085  0.3487772  -3.29698944  1.04804981
 -1.1615473   1.05582201]"
1747093059.8289769,"[ 0.          0.10784526  0.57078793 -3.1323403  -2.2650771  -0.00320218
  0.96004847  1.5709685 ]","[ 0.00000000e+00 -7.68359685e-05 -6.62383705e-05 -2.64748806e-06
  2.08254699e-05  3.67332556e-02  2.90784288e-05  2.75130873e-04]","[ 0.         -0.4730747  11.07289219  0.36430016 -3.35176969  1.04309618
 -1.18738782  1.04058731]"
1747093059.8307629,"[ 0.          0.10784479  0.57078793 -3.1323403  -2.2650771  -0.00316277
  0.96004847  1.5709685 ]","[ 0.00000000e+00 -8.21349992e-05 -6.39941242e-05 -2.64748806e-06
  1.78352592e-05  3.71137339e-02  2.90784288e-05  2.75338770e-04]","[ 0.         -0.46592206 11.12927532  0.38643602 -3.39918303  1.04961228
 -1.1985532   1.03837454]"
1747093059.8319485,"[ 0.00000000e+00  1.07844792e-01  5.70787926e-01 -3.13234030e+00
 -2.26507710e+00 -3.08873423e-03  9.60048467e-01  1.57096943e+00]","[ 0.00000000e+00 -8.21963279e-05 -6.18990182e-05 -7.94246417e-06
  1.76411137e-05  3.67332556e-02  2.91003827e-05  2.83067334e-04]","[ 0.         -0.4592658  11.16519928  0.39080325 -3.47162104  1.04141295
 -1.20526779  1.03973234]"
1747093059.833706,"[ 0.00000000e+00  1.07844792e-01  5.70787926e-01 -3.13234030e+00
 -2.26507710e+00 -3.05251524e-03  9.60048467e-01  1.57096943e+00]","[ 0.00000000e+00 -8.21341783e-05 -6.18990182e-05 -7.94246417e-06
  1.76411137e-05  3.67332556e-02  2.90784288e-05  2.83067334e-04]","[ 0.         -0.46008313 11.18602085  0.38633341 -3.48540998  1.042665
 -1.21123862  1.03762162]"
1747093059.8348825,"[ 0.00000000e+00  1.07844334e-01  5.70787926e-01 -3.13234030e+00
 -2.26507710e+00 -2.97634883e-03  9.60048467e-01  1.57097050e+00]","[ 0.00000000e+00 -8.74993247e-05 -5.99367534e-05 -2.64751422e-06
  1.74799733e-05  3.70788174e-02  2.91003827e-05  2.93652196e-04]","[ 0.         -0.46162647 11.259058    0.40644613 -3.48775387  1.00737059
 -1.24650896  1.05367017]"
1747093059.8366559,"[ 0.00000000e+00  1.07843876e-01  5.70787926e-01 -3.13234030e+00
 -2.26507710e+00 -2.94066248e-03  9.60048467e-01  1.57097050e+00]","[ 0.00000000e+00 -9.01499209e-05 -5.79578031e-05 -2.64748806e-06
  1.72934411e-05  3.61930625e-02  2.91003827e-05  2.85712842e-04]","[ 0.         -0.42724279 11.29430962  0.43511796 -3.49673796  1.02495253
 -1.24667108  1.05917883]"
1747093059.8384056,"[ 0.00000000e+00  1.07843876e-01  5.70787926e-01 -3.13234030e+00
 -2.26507710e+00 -2.86982239e-03  9.60048467e-01  1.57097143e+00]","[ 0.00000000e+00 -9.00826511e-05 -5.62322872e-05 -2.64748806e-06
  1.15196103e-05  3.56528652e-02  1.85044548e-05  2.93871179e-04]","[ 0.         -0.40325522 11.3473959   0.43248758 -3.52237058  1.02553117
 -1.25148392  1.08981359]"
1747093059.8401957,"[ 0.00000000e+00  1.07843418e-01  5.70787926e-01 -3.13234030e+00
 -2.26507710e+00 -2.79205809e-03  9.60048467e-01  1.57097236e+00]","[ 0.00000000e+00 -9.53816248e-05 -4.01671304e-05 -2.64548924e-06
  1.14072327e-05  3.51031763e-02  1.85184257e-05  3.01585764e-04]","[ 0.         -0.38109916 11.43594074  0.45859739 -3.53323603  1.03052449
 -1.25088191  1.11050761]"
1747093059.8413439,"[ 0.00000000e+00  1.07843418e-01  5.70787926e-01 -3.13234030e+00
 -2.26507710e+00 -2.75477383e-03  9.60048467e-01  1.57097236e+00]","[ 0.00000000e+00 -9.53825757e-05 -4.01671304e-05 -2.64748806e-06
  1.13886953e-05  3.78136459e-02  1.85464284e-05  3.01588754e-04]","[ 0.         -0.37927857 11.47070312  0.47233754 -3.50051236  1.02227902
 -1.26202869  1.08114457]"
1747093059.8436658,"[ 0.00000000e+00  1.07842961e-01  5.70787926e-01 -3.13234030e+00
 -2.26507710e+00 -2.67381373e-03  9.60048467e-01  1.57097329e+00]","[ 0.00000000e+00 -1.00756792e-04 -3.90069591e-05 -2.64748806e-06
  1.69184485e-05  4.05146197e-02  1.85464284e-05  3.01585764e-04]","[ 0.         -0.39862791 11.55629349  0.47389776 -3.46035862  0.99248469
 -1.26253307  1.07906663]"
1747093059.8453631,"[ 0.00000000e+00  1.07842961e-01  5.70787926e-01 -3.13234030e+00
 -2.26507710e+00 -2.58859258e-03  9.60048467e-01  1.57097423e+00]","[ 0.00000000e+00 -1.00680607e-04 -3.79108475e-05 -2.64748806e-06
  1.97381885e-05  4.31718095e-02  1.85462435e-05  3.12167733e-04]","[ 0.         -0.35823905 11.61303043  0.48831457 -3.39239073  0.96977627
 -1.24287117  1.08779478]"
1747093059.8470101,"[ 0.00000000e+00  1.07842495e-01  5.70787926e-01 -3.13234030e+00
 -2.26507683e+00 -2.49165352e-03  9.60048467e-01  1.57097516e+00]","[ 0.00000000e+00 -1.00756792e-04 -2.95005375e-05 -2.64751422e-06
  2.23248654e-05  4.91577426e-02  1.85464284e-05  3.12164612e-04]","[ 0.         -0.32250047 11.65982342  0.50778365 -3.36924219  0.96530044
 -1.25330925  1.0970186 ]"
1747093059.848709,"[ 0.00000000e+00  1.07842495e-01  5.70787926e-01 -3.13234030e+00
 -2.26507683e+00 -2.43998819e-03  9.60048467e-01  1.57097516e+00]","[ 0.00000000e+00 -1.00755793e-04 -2.94393936e-05 -2.64548924e-06
  2.20965669e-05  5.23989095e-02  1.85464284e-05  3.12167733e-04]","[ 0.         -0.30328292 11.69307518  0.52780598 -3.35763359  0.96512485
 -1.26321638  1.09200168]"
1747093059.8504148,"[ 0.00000000e+00  1.07842495e-01  5.70787926e-01 -3.13234003e+00
 -2.26507683e+00 -2.32387437e-03  9.60048467e-01  1.57097609e+00]","[ 0.00000000e+00 -1.00681614e-04 -1.47192894e-05  0.00000000e+00
  2.20791643e-05  5.71752099e-02  1.85324169e-05  3.12403588e-04]","[ 0.         -0.26676366 11.73713779  0.54248786 -3.32921767  0.96315116
 -1.2617873   1.09491873]"
1747093059.8515086,"[ 0.00000000e+00  1.07842495e-01  5.70788392e-01 -3.13234003e+00
 -2.26507683e+00 -2.26688272e-03  9.60048467e-01  1.57097716e+00]","[ 0.00000000e+00 -1.00756792e-04  0.00000000e+00  0.00000000e+00
  2.20791643e-05  5.77422967e-02  1.85462435e-05  3.22749702e-04]","[ 0.         -0.2619693  11.78461266  0.54629207 -3.32540178  0.95730352
 -1.25322151  1.08517575]"
1747093059.8531973,"[ 0.00000000e+00  1.07842495e-01  5.70788392e-01 -3.13234003e+00
 -2.26507683e+00 -2.14917100e-03  9.60048467e-01  1.57097809e+00]","[ 0.00000000e+00 -1.00756792e-04  0.00000000e+00  0.00000000e+00
  2.73195156e-05  5.94214448e-02  1.85464284e-05  3.22752888e-04]","[ 0.         -0.25514686 11.85881042  0.5535264  -3.30426288  0.97755027
 -1.26319039  1.09709823]"
1747093059.8549452,"[ 0.00000000e+00  1.07842495e-01  5.70788392e-01 -3.13234003e+00
 -2.26507683e+00 -2.14917100e-03  9.60048467e-01  1.57097809e+00]","[ 0.00000000e+00 -1.00680607e-04  0.00000000e+00  0.00000000e+00
  2.70459540e-05  5.94214448e-02  1.85324169e-05  3.22996740e-04]","[ 0.         -0.25041583 11.88195992  0.56780905 -3.29901242  0.97755027
 -1.26647341  1.09359932]"
1747093059.8565693,"[ 0.00000000e+00  1.07842037e-01  5.70788392e-01 -3.13234003e+00
 -2.26507683e+00 -2.02133927e-03  9.60048467e-01  1.57097902e+00]","[ 0.00000000e+00 -1.06058724e-04  0.00000000e+00  0.00000000e+00
  2.67778194e-05  6.37430062e-02  1.85464284e-05  3.22749702e-04]","[ 0.         -0.2237566  11.95944405  0.57783705 -3.30380321  0.99233991
 -1.27488887  1.11686802]"
1747093059.8576665,"[ 0.00000000e+00  1.07842037e-01  5.70788392e-01 -3.13234003e+00
 -2.26507683e+00 -1.95689077e-03  9.60048467e-01  1.57097902e+00]","[ 0.00000000e+00 -1.06059781e-04  0.00000000e+00  0.00000000e+00
  2.67573711e-05  6.52973643e-02  1.85466133e-05  3.22749702e-04]","[ 0.         -0.23725988 11.98552895  0.5747878  -3.31909156  0.99903578
 -1.28313649  1.10579717]"
1747093059.859351,"[ 0.00000000e+00  1.07842037e-01  5.70788392e-01 -3.13234003e+00
 -2.26507683e+00 -1.81521060e-03  9.60048467e-01  1.57097995e+00]","[ 0.00000000e+00 -1.00756792e-04  0.00000000e+00  0.00000000e+00
  2.64948971e-05  7.02253442e-02  1.85464284e-05  3.22996740e-04]","[ 0.         -0.22331923 12.0405302   0.58351296 -3.36026812  0.9853254
 -1.28607309  1.115219  ]"
1747093059.861012,"[ 0.00000000e+00  1.07842037e-01  5.70788392e-01 -3.13234003e+00
 -2.26507683e+00 -1.74277262e-03  9.60048467e-01  1.57097995e+00]","[ 0.00000000e+00 -1.00755793e-04  0.00000000e+00  0.00000000e+00
  2.65149452e-05  7.34665111e-02  1.85464284e-05  3.22749702e-04]","[ 0.         -0.22371088 12.07784462  0.59479105 -3.38354826  0.97861207
 -1.29891658  1.11111474]"
1747093059.8622098,"[ 0.00000000e+00  1.07841579e-01  5.70788392e-01 -3.13234003e+00
 -2.26507683e+00 -1.58671138e-03  9.60048467e-01  1.57098088e+00]","[ 0.00000000e+00 -1.05980645e-04  0.00000000e+00  2.65149457e-06
  2.64948971e-05  7.63054658e-02  1.85464284e-05  3.22749702e-04]","[ 0.         -0.20176275 12.15613079  0.6128937  -3.42251372  0.96023792
 -1.30710316  1.12421775]"
1747093059.8639917,"[ 0.00000000e+00  1.07841579e-01  5.70788858e-01 -3.13234003e+00
 -2.26507683e+00 -1.51054497e-03  9.60048467e-01  1.57098088e+00]","[ 0.00000000e+00 -1.00756792e-04  1.10568842e-05  2.65149457e-06
  2.64948971e-05  7.72478753e-02  1.85466133e-05  3.12403588e-04]","[ 0.         -0.19192211 12.18071365  0.62867773 -3.44005847  0.95578796
 -1.31043315  1.11797881]"
1747093059.8651588,"[ 0.00000000e+00  1.07841579e-01  5.70788858e-01 -3.13234003e+00
 -2.26507683e+00 -1.35927742e-03  9.60048467e-01  1.57098182e+00]","[ 0.00000000e+00 -1.00756792e-04  1.08183818e-05  2.64948966e-06
  2.65152094e-05  7.61674891e-02  1.85604623e-05  3.22752888e-04]","[ 0.         -0.19750795 12.19999599  0.64760375 -3.53666186  0.95316559
 -1.3075999   1.11744106]"
1747093059.8669329,"[ 0.00000000e+00  1.07841579e-01  5.70788858e-01 -3.13234003e+00
 -2.26507710e+00 -1.27831732e-03  9.60048467e-01  1.57098182e+00]","[ 0.00000000e+00 -1.00679607e-04  1.08183818e-05  0.00000000e+00
  1.85464284e-05  7.62336104e-02  1.85464284e-05  3.12167733e-04]","[ 0.         -0.18706648 12.2320652   0.6460399  -3.56191802  0.95801085
 -1.32266438  1.12007344]"
1747093059.868167,"[ 0.00000000e+00  1.07841121e-01  5.70788858e-01 -3.13234003e+00
 -2.26507710e+00 -1.12651714e-03  9.60048467e-01  1.57098288e+00]","[ 0.00000000e+00 -1.00755793e-04  1.05899522e-05  0.00000000e+00
  1.85604623e-05  7.67076863e-02  1.85464284e-05  3.22749702e-04]","[ 0.         -0.16325277 12.23890018  0.64074612 -3.61058354  0.97613865
 -1.35042822  1.13373458]"
1747093059.8698926,"[ 0.00000000e+00  1.07841121e-01  5.70788858e-01 -3.13234003e+00
 -2.26507710e+00 -1.04822021e-03  9.60048467e-01  1.57098381e+00]","[ 0.00000000e+00 -1.00756792e-04  1.06059783e-05  0.00000000e+00
  1.58969375e-05  7.94086560e-02  1.85604623e-05  3.22749702e-04]","[ 0.         -0.17413364 12.23105717  0.65121245 -3.62630749  0.96751732
 -1.35368049  1.15894282]"
1747093059.8715699,"[ 0.00000000e+00  1.07841121e-01  5.70788858e-01 -3.13233950e+00
 -2.26507710e+00 -8.82571585e-04  9.60048467e-01  1.57098381e+00]","[ 0.00000000e+00 -9.54538036e-05  1.04017539e-05  5.30298914e-06
  1.58970960e-05  8.10292395e-02  1.85464284e-05  3.12403588e-04]","[ 0.         -0.17428192 12.18336391  0.64996344 -3.66541386  0.97932643
 -1.37177098  1.1546433 ]"
1747093059.8732207,"[ 0.00000000e+00  1.07840664e-01  5.70788858e-01 -3.13233950e+00
 -2.26507710e+00 -7.20118759e-04  9.60048467e-01  1.57098475e+00]","[ 0.00000000e+00 -1.00756792e-04  1.01904080e-05  5.29892650e-06
  1.59089679e-05  8.31900202e-02  1.85604623e-05  3.22752888e-04]","[ 0.         -0.17923523 12.13936424  0.64246327 -3.68943882  0.98248225
 -1.35812998  1.14093316]"
1747093059.8743112,"[ 0.00000000e+00  1.07840664e-01  5.70788858e-01 -3.13233950e+00
 -2.26507710e+00 -6.32767075e-04  9.60048467e-01  1.57098475e+00]","[ 0.00000000e+00 -1.00756792e-04  1.01902129e-05  5.30298914e-06
  1.05979587e-05  8.22520548e-02  1.85606472e-05  3.12167733e-04]","[ 0.         -0.18077631 12.14533424  0.63317752 -3.70014381  0.98345673
 -1.35091984  1.14684737]"
1747093059.8760533,"[ 0.00000000e+00  1.07840206e-01  5.70788858e-01 -3.13233950e+00
 -2.26507710e+00 -4.71912145e-04  9.60048467e-01  1.57098568e+00]","[ 0.00000000e+00 -1.06059781e-04  1.00158371e-05  5.29897933e-06
  1.06059783e-05  8.09471475e-02  1.05979587e-05  3.22993554e-04]","[ 0.         -0.224133   12.12120438  0.58777314 -3.6743691   0.98096716
 -1.35159755  1.15851736]"
1747093059.8777187,"[ 0.00000000e+00  1.07840206e-01  5.70788858e-01 -3.13233950e+00
 -2.26507710e+00 -3.89886784e-04  9.60048467e-01  1.57098661e+00]","[ 0.00000000e+00 -1.05979589e-04  1.00158371e-05  5.29897933e-06
  1.05980643e-05  8.31900202e-02  1.06059783e-05  3.30686162e-04]","[ 0.         -0.23869763 12.1123333   0.58007038 -3.67874432  1.00507534
 -1.35664558  1.15866327]"
1747093059.8801842,"[ 0.00000000e+00  1.07840206e-01  5.70788858e-01 -3.13233950e+00
 -2.26507710e+00 -2.20509738e-04  9.60048467e-01  1.57098754e+00]","[ 0.00000000e+00 -1.06059781e-04  9.81973398e-06  5.30304197e-06
  1.05979587e-05  8.21096340e-02  1.05979587e-05  3.30935996e-04]","[ 0.         -0.27408978 12.0356226   0.57983017 -3.64256239  1.04815447
 -1.34719574  1.17743886]"
1747093059.8811352,"[ 0.00000000e+00  1.07839282e-01  5.70788392e-01 -3.13233950e+00
 -2.26507710e+00 -5.59263829e-05  9.60048467e-01  1.57098847e+00]","[ 0.00000000e+00 -1.08712360e-04  9.63133756e-06  5.29897933e-06
  1.06059783e-05  8.42704147e-02  1.05979587e-05  3.38622623e-04]","[ 0.         -0.28128043 11.95899868  0.55877012 -3.55736518  1.09199953
 -1.32684124  1.18587005]"
1747093059.8828273,"[ 0.00000000e+00  1.07839282e-01  5.70788392e-01 -3.13233950e+00
 -2.26507710e+00  2.66316109e-05  9.60048467e-01  1.57098847e+00]","[ 0.00000000e+00 -1.08629080e-04  9.64441747e-06  5.30298914e-06
  1.05979587e-05  8.37302174e-02  1.05980643e-05  3.38622623e-04]","[ 0.         -0.30643162 11.91680145  0.55003101 -3.54038262  1.08921492
 -1.3245101   1.17080855]"
1747093059.8844674,"[ 0.00000000e+00  1.07839282e-01  5.70788392e-01 -3.13233950e+00
 -2.26507683e+00  2.01867611e-04  9.60048467e-01  1.57098954e+00]","[ 0.00000000e+00 -1.08711279e-04  9.47525030e-06  5.30298914e-06
  1.32574726e-05  8.58909982e-02  1.05979587e-05  3.42042796e-04]","[ 0.         -0.31106055 11.82855606  0.51252693 -3.49620962  1.10899329
 -1.32330692  1.17202258]"
1747093059.8861537,"[ 0.00000000e+00  1.07838824e-01  5.70788392e-01 -3.13233950e+00
 -2.26507683e+00  2.89219294e-04  9.60048467e-01  1.57099047e+00]","[ 0.00000000e+00 -1.14014268e-04  9.29955892e-06  5.29897933e-06
  1.32574726e-05  8.85919761e-02  1.06059783e-05  3.49732641e-04]","[ 0.         -0.32977381 11.79677391  0.49744788 -3.47785306  1.12152803
 -1.32478297  1.18832362]"
1747093059.8872745,"[ 0.00000000e+00  1.07838367e-01  5.70788392e-01 -3.13233950e+00
 -2.26507683e+00  4.72977410e-04  9.60048467e-01  1.57099140e+00]","[ 0.00000000e+00 -1.13926924e-04  9.14217433e-06  5.30298914e-06
  1.32474486e-05  9.07527485e-02  1.05979587e-05  3.53467210e-04]","[ 0.         -0.3663384  11.69957161  0.4460274  -3.42020655  1.12329781
 -1.3061378   1.19106197]"
1747093059.8889642,"[ 0.00000000e+00  1.07838367e-01  5.70788392e-01 -3.13233950e+00
 -2.26507683e+00  6.50876570e-04  9.60048467e-01  1.57099140e+00]","[ 0.00000000e+00 -1.14014268e-04  8.97851139e-06  5.29897933e-06
  1.32574726e-05  9.06608029e-02  1.06059783e-05  3.46455639e-04]","[ 0.         -0.38264555 11.64756489  0.43129    -3.37751031  1.13556814
 -1.30085289  1.17779684]"
1747093059.8906713,"[ 0.00000000e+00  1.07837909e-01  5.70788392e-01 -3.13233950e+00
 -2.26507683e+00  7.36630358e-04  9.60048467e-01  1.57099234e+00]","[ 0.00000000e+00 -1.19227035e-04  8.97836002e-06  5.30298914e-06
  1.85606472e-05  8.69713844e-02  1.06059783e-05  3.53467210e-04]","[ 0.         -0.4148775  11.61398983  0.42904806 -3.36786723  1.1054647
 -1.30013537  1.19002044]"
1747093059.892333,"[ 0.00000000e+00  1.07837909e-01  5.70787926e-01 -3.13234003e+00
 -2.26507683e+00  9.06540035e-04  9.60048467e-01  1.57099327e+00]","[ 0.00000000e+00 -1.19316070e-04  0.00000000e+00  0.00000000e+00
  1.85604623e-05  8.10292395e-02  1.05979587e-05  3.57006594e-04]","[ 0.         -0.43286636 11.56673813  0.41795564 -3.34284329  1.1315527
 -1.2997539   1.19688296]"
1747093059.8939488,"[ 0.00000000e+00  1.07837451e-01  5.70787926e-01 -3.13234003e+00
 -2.26507683e+00  9.84836971e-04  9.60048467e-01  1.57099327e+00]","[ 0.00000000e+00 -1.24526017e-04  0.00000000e+00  0.00000000e+00
  1.85604623e-05  7.94086560e-02  1.05979587e-05  3.49962644e-04]","[ 0.         -0.42344198 11.55850983  0.41102844 -3.35646248  1.14633429
 -1.28891575  1.18839061]"
1747093059.8956146,"[ 0.00000000e+00  1.07836527e-01  5.70787926e-01 -3.13234003e+00
 -2.26507683e+00  1.14249611e-03  9.60048467e-01  1.57099420e+00]","[ 0.00000000e+00 -1.27175500e-04  0.00000000e+00  0.00000000e+00
  1.85604623e-05  7.61674891e-02  1.05978530e-05  3.53545070e-04]","[ 0.         -0.45040268 11.51782322  0.39322332 -3.41487718  1.204759
 -1.27277243  1.20017517]"
1747093059.8967707,"[ 0.00000000e+00  1.07836527e-01  5.70787926e-01 -3.13234003e+00
 -2.26507683e+00  1.21599935e-03  9.60048467e-01  1.57099420e+00]","[ 0.00000000e+00 -1.27271744e-04  0.00000000e+00  0.00000000e+00
  1.85604623e-05  7.44713717e-02  1.05979587e-05  3.53545070e-04]","[ 0.         -0.47102478 11.49304485  0.391909   -3.44055343  1.20750403
 -1.27919269  1.19602454]"
1747093059.8984375,"[ 0.00000000e+00  1.07835612e-01  5.70787926e-01 -3.13234003e+00
 -2.26507683e+00  1.36513637e-03  9.60048467e-01  1.57099513e+00]","[ 0.00000000e+00 -1.37773464e-04  0.00000000e+00  0.00000000e+00
  1.85464284e-05  7.23861249e-02  1.05979587e-05  3.53262955e-04]","[ 0.         -0.50801015 11.52121639  0.37872782 -3.47542858  1.22253788
 -1.30835414  1.20054877]"
1747093059.9001687,"[ 0.00000000e+00  1.07835154e-01  5.70787926e-01 -3.13234003e+00
 -2.26507710e+00  1.50575128e-03  9.60048467e-01  1.57099620e+00]","[ 0.00000000e+00 -1.37773464e-04  0.00000000e+00  0.00000000e+00
  1.59089679e-05  7.01541879e-02  1.05979587e-05  3.59988444e-04]","[ 0.         -0.57048512 11.55019569  0.349608   -3.52456307  1.22590077
 -1.32146227  1.19510388]"
1747093059.9013853,"[ 0.00000000e+00  1.07835154e-01  5.70787926e-01 -3.13234003e+00
 -2.26507710e+00  1.57925453e-03  9.60048467e-01  1.57099713e+00]","[ 0.00000000e+00 -1.37877721e-04  0.00000000e+00  2.64948966e-06
  1.06059783e-05  6.92120946e-02  1.06060839e-05  3.68360269e-04]","[ 0.         -0.58460426 11.57920361  0.3226299  -3.56957603  1.23386145
 -1.29639721  1.19851208]"
1747093059.9031487,"[ 0.00000000e+00  1.07834230e-01  5.70787926e-01 -3.13234003e+00
 -2.26507710e+00  1.71149218e-03  9.60048467e-01  1.57099806e+00]","[ 0.00000000e+00 -1.45501913e-04  0.00000000e+00  2.65152099e-06
  1.05979587e-05  6.64439800e-02  1.05979587e-05  3.76136589e-04]","[ 0.         -0.62435019 11.65210056  0.32024163 -3.64293265  1.24057543
 -1.29187679  1.20482957]"
1747093059.904945,"[ 0.00000000e+00  1.07833773e-01  5.70787926e-01 -3.13234003e+00
 -2.26507710e+00  1.77808369e-03  9.60048467e-01  1.57099806e+00]","[ 0.00000000e+00 -1.45501913e-04  0.00000000e+00  2.65146816e-06
  1.06059783e-05  6.75243704e-02  1.05979587e-05  3.68926744e-04]","[ 0.         -0.63920569 11.65113163  0.3079924  -3.68352723  1.22749436
 -1.30530739  1.20598817]"
1747093059.9071,"[ 0.00000000e+00  1.07832857e-01  5.70787926e-01 -3.13234003e+00
 -2.26507710e+00  1.92268215e-03  9.60048467e-01  1.57099899e+00]","[ 0.00000000e+00 -1.56083866e-04  0.00000000e+00  2.64948966e-06
  1.06059783e-05  7.23861249e-02  0.00000000e+00  3.72906076e-04]","[ 0.         -0.67819154 11.67748928  0.29298091 -3.72841477  1.23361468
 -1.35980916  1.20669079]"
1747093059.9087167,"[ 0.00000000e+00  1.07832400e-01  5.70787926e-01 -3.13234003e+00
 -2.26507763e+00  2.07679375e-03  9.60048467e-01  1.57099993e+00]","[ 0.00000000e+00 -1.56201794e-04  0.00000000e+00  2.65149457e-06
  0.00000000e+00  8.10292395e-02  0.00000000e+00  3.80455708e-04]","[ 0.         -0.73823291 11.73001957  0.29831773 -3.81946492  1.22210276
 -1.36646831  1.22678077]"
1747093059.9104097,"[ 0.00000000e+00  1.07831476e-01  5.70787926e-01 -3.13234003e+00
 -2.26507763e+00  2.25563919e-03  9.60048467e-01  1.57100086e+00]","[ 0.00000000e+00 -1.64020327e-04  0.00000000e+00  2.64948966e-06
 -5.29897933e-06  8.88620706e-02  0.00000000e+00  3.88752567e-04]","[ 0.         -0.74273759 11.80225563  0.3131862  -3.89761877  1.23194075
 -1.34478319  1.25265551]"
1747093059.9121568,"[ 0.00000000e+00  1.07830560e-01  5.70787926e-01 -3.13234003e+00
 -2.26507763e+00  2.44590046e-03  9.60048467e-01  1.57100179e+00]","[ 0.00000000e+00 -1.69440910e-04  0.00000000e+00  2.65149457e-06
 -5.29897933e-06  9.83154852e-02  0.00000000e+00  3.97765573e-04]","[ 0.         -0.75912029 11.85769844  0.30488065 -3.91108465  1.25391304
 -1.36707973  1.24933398]"
1747093059.9133306,"[ 0.00000000e+00  1.07830103e-01  5.70787926e-01 -3.13234003e+00
 -2.26507763e+00  2.55720317e-03  9.60048467e-01  1.57100285e+00]","[ 0.00000000e+00 -1.74734219e-04  0.00000000e+00  2.65149457e-06
 -5.30298914e-06  1.04821213e-01  0.00000000e+00  4.02253350e-04]","[ 0.         -0.77918929 11.90120602  0.28228658 -3.91300058  1.27858663
 -1.39397657  1.25224781]"
1747093059.9149957,"[ 0.00000000e+00  1.07829179e-01  5.70788392e-01 -3.13234003e+00
 -2.26507763e+00  2.78171129e-03  9.60048467e-01  1.57100379e+00]","[ 0.00000000e+00 -1.80930441e-04  6.38869888e-06  2.65152099e-06
 -5.29892650e-06  1.16682109e-01  0.00000000e+00  4.11544571e-04]","[ 0.         -0.80245829 11.97941399  0.26547945 -3.87343645  1.28506172
 -1.41681337  1.25822628]"
1747093059.9167764,"[ 0.00000000e+00  1.07828721e-01  5.70788392e-01 -3.13234003e+00
 -2.26507763e+00  2.90157591e-03  9.60048467e-01  1.57100379e+00]","[ 0.00000000e+00 -1.84622163e-04  6.31402504e-06  2.65146816e-06
 -5.29897933e-06  1.21543868e-01  0.00000000e+00  4.07254612e-04]","[ 0.         -0.81052083 11.99853992  0.27407011 -3.84938169  1.2999543
 -1.41559279  1.25067079]"
1747093059.9185085,"[ 0.          0.10782781  0.57078839 -3.13234003 -2.26507763  0.00315272
  0.96004847  1.57100472]","[ 0.00000000e+00 -1.92792935e-04  6.23552373e-06  2.64948966e-06
 -7.95448397e-06  1.22624254e-01  0.00000000e+00  4.08871819e-04]","[ 0.         -0.82424098 12.04975414  0.29403087 -3.83302188  1.34912515
 -1.3878926   1.25064456]"
1747093059.9196548,"[ 0.          0.10782735  0.57078839 -3.1323403  -2.26507763  0.00327354
  0.96004847  1.57100565]","[ 0.00000000e+00 -1.96990242e-04  6.23552373e-06  0.00000000e+00
 -7.94846874e-06  1.22624254e-01  0.00000000e+00  4.21654115e-04]","[ 0.         -0.81528401 12.07292747  0.28509369 -3.83482599  1.3275789
 -1.37435544  1.25032556]"
1747093059.9214368,"[ 0.          0.10782688  0.57078839 -3.1323403  -2.26507763  0.00351897
  0.96004847  1.57100658]","[ 0.00000000e+00 -2.00777477e-04  6.15887953e-06  0.00000000e+00
 -5.30298914e-06  1.24514940e-01  0.00000000e+00  4.19173688e-04]","[ 0.         -0.79276812 12.09554195  0.29515451 -3.82140684  1.36036253
 -1.37616038  1.25494921]"
1747093059.9231563,"[ 0.          0.10782642  0.57078839 -3.13234003 -2.26507763  0.00365311
  0.96004847  1.57100752]","[ 0.00000000e+00 -2.03066911e-04  6.16429689e-06  2.64948966e-06
 -5.30298914e-06  1.26387300e-01  0.00000000e+00  4.31863950e-04]","[ 0.         -0.77964884 12.07012939  0.29082307 -3.79640412  1.37545037
 -1.38026607  1.2693615 ]"
1747093059.924252,"[ 0.          0.10782551  0.57078839 -3.13234003 -2.26507763  0.0039052
  0.96004847  1.57100845]","[ 0.00000000e+00 -2.13629374e-04  6.09474784e-06  2.65149457e-06
 -5.29897933e-06  1.27486012e-01  0.00000000e+00  4.24318349e-04]","[ 0.         -0.7849263  12.08182621  0.32553977 -3.77388859  1.36827528
 -1.38344026  1.27252316]"
1747093059.9265237,"[ 0.          0.10782505  0.57078839 -3.13234003 -2.26507763  0.00417157
  0.96004847  1.57101044]","[ 0.00000000e+00 -2.21084291e-04  6.02157298e-06  2.64948966e-06
 -5.30293632e-06  1.30777996e-01  0.00000000e+00  4.37164720e-04]","[ 0.         -0.77865946 12.09945011  0.36460423 -3.78013682  1.34009719
 -1.39138734  1.28782248]"
1747093059.928202,"[ 0.          0.10782505  0.57078839 -3.13234003 -2.26507763  0.00443603
  0.96004847  1.57101138]","[ 0.00000000e+00 -2.23863462e-04  6.02675110e-06  2.65149457e-06
 -5.29897933e-06  1.35048741e-01  0.00000000e+00  4.48595344e-04]","[ 0.         -0.76168931 12.11491871  0.40352947 -3.76689696  1.30276036
 -1.38080978  1.29528761]"
1747093059.929271,"[ 0.          0.10782459  0.57078839 -3.13234003 -2.26507763  0.00457112
  0.96004847  1.57101231]","[ 0.00000000e+00 -2.30145492e-04  5.96025487e-06  2.65149457e-06
 -5.29897933e-06  1.36939419e-01  0.00000000e+00  4.54752409e-04]","[ 0.         -0.75383389 12.11801815  0.43384263 -3.7623601   1.28438973
 -1.38619912  1.29927325]"
1747093059.930985,"[ 0.          0.10782367  0.57078839 -3.13234003 -2.26507763  0.00485746
  0.96004847  1.57101417]","[ 0.00000000e+00 -2.57141028e-04  5.89019024e-06  2.65149457e-06
 -5.29097849e-06  1.39678039e-01  0.00000000e+00  4.66663033e-04]","[ 0.         -0.69509947 12.1547718   0.45634454 -3.73649263  1.30780697
 -1.39822984  1.30365205]"
1747093059.9332573,"[ 0.          0.10782321  0.57078839 -3.13234003 -2.26507763  0.00513334
  0.96004847  1.57101617]","[ 0.00000000e+00 -2.76523409e-04  5.82665743e-06  2.65149457e-06
 -5.29502843e-06  1.39768736e-01  0.00000000e+00  4.92977418e-04]","[ 0.         -0.64224029 12.16541958  0.4939411  -3.71360183  1.35685587
 -1.41459072  1.29478014]"
1747093059.935769,"[ 0.          0.10782275  0.57078839 -3.13234003 -2.26507763  0.00527889
  0.96004847  1.5710171 ]","[ 0.00000000e+00 -2.89747895e-04  5.82665743e-06  2.64948966e-06
 -5.29497611e-06  1.37170348e-01  0.00000000e+00  5.00430270e-04]","[ 0.         -0.64346826 12.16886806  0.5026378  -3.71508217  1.37349141
 -1.42237961  1.30405438]"
1747093059.937486,"[ 0.          0.10782184  0.57078886 -3.13234003 -2.26507816  0.00565846
  0.96004847  1.5710199 ]","[ 0.00000000e+00 -3.14584278e-04  1.14073547e-05  2.65149457e-06
 -1.05819570e-05  1.24514940e-01  0.00000000e+00  5.38210032e-04]","[ 0.         -0.60478431 12.17343235  0.53656787 -3.76484108  1.35116374
 -1.40321088  1.33035946]"
1747093059.9386258,"[ 0.          0.10782184  0.57078886 -3.13234003 -2.26507816  0.00578594
  0.96004847  1.57102176]","[ 0.00000000e+00 -3.17397957e-04  1.12880486e-05  2.64748806e-06
 -1.05899522e-05  1.20118094e-01  0.00000000e+00  5.76118856e-04]","[ 0.         -0.58666372 12.15534782  0.55069369 -3.79397392  1.34549201
 -1.38512588  1.34740436]"
1747093059.9403818,"[ 0.          0.10782137  0.57078886 -3.13234003 -2.26507816  0.00600949
  0.96004847  1.57102376]","[ 0.00000000e+00 -3.29580587e-04  1.11624327e-05  2.64748806e-06
 -1.05820616e-05  1.11820358e-01  0.00000000e+00  5.93341888e-04]","[ 0.         -0.55330706 12.11909008  0.57692683 -3.79388571  1.31196547
 -1.39164221  1.32515597]"
1747093059.9420822,"[ 0.          0.10782137  0.57078886 -3.13234003 -2.26507816  0.00611414
  0.96004847  1.57102562]","[ 0.00000000e+00 -3.25147490e-04  1.11624327e-05  2.64751422e-06
 -1.05820616e-05  1.06148308e-01  0.00000000e+00  6.21657220e-04]","[ 0.         -0.53193319 12.10635376  0.59855747 -3.80438638  1.28865767
 -1.39578676  1.32783079]"
1747093059.9432728,"[ 0.          0.10782091  0.57078886 -3.1323395  -2.26507816  0.00631676
  0.96004847  1.57102842]","[ 0.00000000e+00 -3.25619590e-04  1.10481686e-05  7.93646773e-06
 -1.05899522e-05  9.64247990e-02  0.00000000e+00  6.80105023e-04]","[ 0.         -0.48039508 12.10691547  0.62897277 -3.8256278   1.26885557
 -1.41077507  1.34299386]"
1747093059.9449499,"[ 0.          0.10782046  0.57078886 -3.1323395  -2.26507816  0.00640904
  0.96004847  1.57103042]","[ 0.00000000e+00 -3.35795193e-04  1.10568842e-05  7.94246417e-06
 -1.05819570e-05  9.34537265e-02  0.00000000e+00  7.27043693e-04]","[ 0.         -0.45023739 12.11721611  0.63499349 -3.83543086  1.29080725
 -1.40796518  1.3376435 ]"
1747093059.9466124,"[ 0.          0.10782046  0.57078886 -3.1323395  -2.26507816  0.00660025
  0.96004847  1.57103508]","[ 0.00000000e+00 -3.21500012e-04  1.09363326e-05  7.94246417e-06
 -1.05899522e-05  9.30351025e-02  0.00000000e+00  8.55063394e-04]","[ 0.         -0.43582803 12.11096954  0.66359824 -3.85113215  1.30996585
 -1.4122467   1.34278977]"
1747093059.9477365,"[ 0.          0.10782046  0.57078839 -3.1323395  -2.26507816  0.00669158
  0.96004847  1.57103894]","[ 0.00000000e+00 -3.11129061e-04  5.41336936e-06  7.93646773e-06
 -1.05899522e-05  9.26434348e-02  0.00000000e+00  9.93568576e-04]","[ 0.         -0.4254944  12.07955551  0.66815573 -3.85081196  1.3029983
 -1.41682482  1.37091768]"
1747093059.9493804,"[ 0.          0.10782     0.57078839 -3.1323395  -2.26507816  0.00687042
  0.96004847  1.57104839]","[ 0.00000000e+00 -3.14986646e-04  5.35556378e-06  7.94254290e-06
 -1.32274462e-05  8.96723623e-02  0.00000000e+00  1.41483476e-03]","[ 0.         -0.39605916 12.01872349  0.66520882 -3.82970881  1.28209388
 -1.42488992  1.38911593]"
1747093059.9510865,"[ 0.          0.10781954  0.57078886 -3.1323395  -2.26507816  0.00705403
  0.96004847  1.57107037]","[ 0.00000000e+00 -3.14986646e-04  5.35561762e-06  5.29497611e-06
 -1.32274462e-05  8.97634008e-02  0.00000000e+00  2.99644192e-03]","[ 0.         -0.40158677 11.97219563  0.66033071 -3.81032681  1.28415859
 -1.40474665  1.36952436]"
1747093059.952272,"[ 0.          0.10781954  0.57078886 -3.1323395  -2.26507816  0.0071463
  0.96004847  1.57109034]","[ 0.00000000e+00 -2.99618724e-04  5.30700455e-06  5.29497611e-06
 -1.32274462e-05  9.33590428e-02  0.00000000e+00  5.84332445e-03]","[ 0.         -0.40851599 11.94072247  0.67372507 -3.797966    1.27652037
 -1.39177132  1.36052346]"
1747093059.9540112,"[ 0.          0.10781908  0.57078839 -3.1323395  -2.26507816  0.00723953
  0.96004847  1.57112363]","[ 0.00000000e+00 -3.09171221e-04  0.00000000e+00  5.29497611e-06
 -1.32275773e-05  9.45341127e-02  0.00000000e+00  1.61726116e-02]","[ 0.         -0.41060925 11.93730927  0.71066338 -3.77366924  1.22655702
 -1.38416445  1.35352778]"
1747093059.9552298,"[ 0.          0.10781862  0.57078839 -3.13233897 -2.26507816  0.00744026
  0.96004847  1.57123402]","[ 0.00000000e+00 -3.03566685e-04  0.00000000e+00  1.05819570e-05
 -1.32274462e-05  9.85520072e-02  0.00000000e+00  6.18523200e-02]","[ 0.         -0.38742247 11.91418934  0.7213307  -3.73299575  1.18687165
 -1.36245239  1.36692977]"
1747093059.957053,"[ 0.          0.10781862  0.57078839 -3.13233897 -2.26507816  0.00753824
  0.96004847  1.57130819]","[ 0.00000000e+00 -2.98161690e-04  0.00000000e+00  1.05899522e-05
 -1.32274462e-05  9.93958714e-02  0.00000000e+00  6.97136303e-02]","[ 0.         -0.38405165 11.88258743  0.7353189  -3.69699597  1.20537496
 -1.37386405  1.37541151]"
1747093059.9582455,"[ 0.          0.10781862  0.57078839 -3.13233897 -2.26507816  0.00774182
  0.96004847  1.57147184]","[ 0.00000000e+00 -2.88142912e-04  0.00000000e+00  1.05899522e-05
 -1.32374398e-05  9.96489133e-02  0.00000000e+00  8.80517789e-02]","[ 0.         -0.3552821  11.83195877  0.74675262 -3.6464231   1.17773867
 -1.40690506  1.35517621]"
1747093059.9599617,"[ 0.          0.10781816  0.57078839 -3.13233897 -2.26507816  0.00784076
  0.96004847  1.57157543]","[ 0.00000000e+00 -2.89332524e-04  0.00000000e+00  1.05899522e-05
 -1.32274462e-05  1.00104638e-01  0.00000000e+00  9.75489276e-02]","[ 0.         -0.33565268 11.81269169  0.75059664 -3.66080499  1.1397965
 -1.39344025  1.3651979 ]"
1747093059.9612103,"[ 0.          0.10781816  0.57078839 -3.13233844 -2.26507816  0.00804243
  0.96004847  1.57179142]","[ 0.00000000e+00 -2.79519887e-04  0.00000000e+00  1.58849283e-05
 -1.32275773e-05  1.03177236e-01  0.00000000e+00  1.12900745e-01]","[ 0.         -0.31846532 11.78309917  0.7824561  -3.66745663  1.16461957
 -1.36135375  1.37074709]"
1747093059.9629805,"[ 0.          0.10781816  0.57078839 -3.13233844 -2.26507816  0.00815374
  0.96004847  1.57190753]","[ 0.00000000e+00 -2.68958497e-04  0.00000000e+00  1.58849283e-05
 -1.32374398e-05  1.04821213e-01  0.00000000e+00  1.17762503e-01]","[ 0.         -0.29903159 11.75366688  0.7877301  -3.66256881  1.23439622
 -1.35009575  1.35975814]"
1747093059.964659,"[ 0.          0.1078177   0.57078839 -3.13233844 -2.26507816  0.00836778
  0.96004847  1.57218437]","[ 0.00000000e+00 -2.60564744e-04 -5.30298914e-06  1.58729355e-05
 -1.32274462e-05  1.09119380e-01  0.00000000e+00  1.28566399e-01]","[ 0.         -0.30751878 11.72375202  0.78311986 -3.62396574  1.25015724
 -1.3768512   1.36010993]"
1747093059.9663262,"[ 0.          0.10781724  0.57078839 -3.13233844 -2.26507816  0.00859609
  0.96004847  1.57244682]","[ 0.00000000e+00 -2.65037421e-04 -5.29497611e-06  1.58849283e-05
 -1.32273141e-05  1.12093499e-01  0.00000000e+00  1.34562181e-01]","[ 0.         -0.30366692 11.73437309  0.7984817  -3.61014581  1.2447319
 -1.40127599  1.35288429]"
1747093059.9680338,"[ 0.          0.10781679  0.57078839 -3.13233817 -2.26507816  0.0088225
  0.96004847  1.57272272]","[ 0.00000000e+00 -2.60551968e-04 -5.30695172e-06  1.85184257e-05
 -1.05819570e-05  1.15871817e-01  0.00000000e+00  1.33968346e-01]","[ 0.         -0.31314296 11.75942326  0.82906681 -3.62730026  1.21196115
 -1.36171031  1.34497356]"
1747093059.9697177,"[ 0.          0.10781679  0.57078839 -3.13233817 -2.26507816  0.00893856
  0.96004847  1.57285215]","[ 0.00000000e+00 -2.56215814e-04 -5.30700455e-06  1.85186086e-05
 -1.05820616e-05  1.17762503e-01  0.00000000e+00  1.31134377e-01]","[ 0.         -0.31554681 11.78889561  0.82796919 -3.646312    1.16318524
 -1.3569082   1.31269336]"
1747093059.971404,"[ 0.          0.10781679  0.57078839 -3.13233817 -2.26507816  0.00918305
  0.96004847  1.57310902]","[ 0.00000000e+00 -2.38231723e-04 -5.29497611e-06  1.32374398e-05
 -1.05899522e-05  1.19653181e-01  0.00000000e+00  1.24381158e-01]","[ 0.         -0.25841373 11.81198215  0.8244108  -3.68043995  1.16512942
 -1.36352265  1.29647708]"
1747093059.9731264,"[ 0.          0.10781632  0.57078839 -3.13233764 -2.26507869  0.00942373
  0.96004847  1.57334497]","[ 0.00000000e+00 -2.34332006e-04 -5.30700455e-06  1.85186086e-05
 -1.58730919e-05  1.22624254e-01  0.00000000e+00  1.16682109e-01]","[ 0.         -0.22659619 11.80800915  0.83679616 -3.72676563  1.17380309
 -1.39270282  1.29898512]"
1747093059.9743032,"[ 0.          0.10781632  0.57078839 -3.1323371  -2.26507869  0.00955501
  0.96004847  1.57345429]","[ 0.00000000e+00 -2.29624742e-04 -5.30700455e-06  2.38273920e-05
 -1.58729355e-05  1.23628848e-01  0.00000000e+00  1.10627762e-01]","[ 0.         -0.20466788 11.79951954  0.81379801 -3.75968194  1.20338762
 -1.40186775  1.31443012]"
1747093059.9760249,"[ 0.          0.10781632  0.57078839 -3.1323371  -2.26507896  0.00979854
  0.96004847  1.573676  ]","[ 0.00000000e+00 -2.12225201e-04 -5.29497611e-06  2.38094022e-05
 -1.85184257e-05  1.22624254e-01  0.00000000e+00  1.06958600e-01]","[ 0.         -0.22212362 11.79361439  0.84026974 -3.82475471  1.22153282
 -1.41100121  1.32563615]"
1747093059.9777915,"[ 0.          0.10781586  0.57078839 -3.1323371  -2.26507896  0.0099127
  0.96004847  1.57378253]","[ 0.00000000e+00 -2.12225201e-04 -5.29497611e-06  2.38273920e-05
 -1.85184257e-05  1.15871817e-01  0.00000000e+00  1.08038994e-01]","[ 0.         -0.21415117 11.80765152  0.84811527 -3.85073519  1.21761048
 -1.40790582  1.31866372]"
1747093059.9795647,"[ 0.          0.10781586  0.57078839 -3.13233684 -2.26507896  0.01013721
  0.96004847  1.57400797]","[ 0.00000000e+00 -2.04203484e-04 -5.29497611e-06  2.64748795e-05
 -1.85325998e-05  1.06958600e-01  0.00000000e+00  1.11090428e-01]","[ 0.         -0.22552985 11.84354496  0.83760673 -3.8950057   1.23901832
 -1.43633902  1.35126328]"
1747093059.9807212,"[ 0.          0.10781586  0.57078839 -3.13233684 -2.26507896  0.01023805
  0.96004754  1.57412022]","[ 0.00000000e+00 -1.95517181e-04 -5.29497611e-06  2.64548924e-05
 -1.85184257e-05  1.02366944e-01 -1.05820616e-05  1.13981131e-01]","[ 0.         -0.21730065 11.8588295   0.82740414 -3.90224171  1.25854099
 -1.43274462  1.35639215]"
1747093059.982535,"[ 0.          0.10781541  0.57078839 -3.1323363  -2.26507896  0.01042736
  0.96004754  1.57434952]","[ 0.00000000e+00 -1.92421841e-04  0.00000000e+00  3.17698567e-05
 -1.85184257e-05  9.25495667e-02 -1.05739739e-05  1.17762503e-01]","[ 0.         -0.25377434 11.89584255  0.82258111 -3.90770841  1.27097774
 -1.43350971  1.3717494 ]"
1747093059.9837217,"[ 0.          0.10781495  0.57078839 -3.1323363  -2.26507896  0.01051963
  0.96004754  1.57434952]","[ 0.00000000e+00 -2.00970696e-04  0.00000000e+00  3.17698567e-05
 -1.85324169e-05  8.67658882e-02 -1.05819570e-05  1.17762503e-01]","[ 0.         -0.26055861 11.91386795  0.80771363 -3.90884686  1.27196658
 -1.4219594   1.3717494 ]"
1747093059.9853787,"[ 0.          0.10781495  0.57078839 -3.1323363  -2.26507896  0.01066994
  0.96004754  1.57460252]","[ 0.00000000e+00 -1.89419998e-04  0.00000000e+00  3.17458709e-05
 -2.11641232e-05  7.31964166e-02 -1.05820616e-05  1.25325232e-01]","[ 0.         -0.27598345 11.907094    0.78660887 -3.91398716  1.28811574
 -1.42100286  1.39290679]"
1747093059.9870832,"[ 0.          0.10781449  0.57078839 -3.1323363  -2.26507896  0.01074319
  0.96004754  1.57472715]","[ 0.00000000e+00 -1.89192742e-04  0.00000000e+00  3.17701716e-05
 -2.11639139e-05  6.89613247e-02 -1.05739739e-05  1.26405618e-01]","[ 0.         -0.29908937 11.91350651  0.76890105 -3.89166403  1.28614855
 -1.40899444  1.39474535]"
1747093059.988203,"[ 0.          0.10781403  0.57078839 -3.13233577 -2.26507896  0.01086971
  0.96004754  1.57498308]","[ 0.00000000e+00 -1.81004204e-04  0.00000000e+00  3.70648338e-05
 -2.11639139e-05  6.37430062e-02 -1.05819570e-05  1.23704640e-01]","[ 0.         -0.32805315 11.89026451  0.74866056 -3.87997007  1.28577745
 -1.40393162  1.39643788]"
1747093059.9898834,"[ 0.          0.10781357  0.57078839 -3.13233577 -2.26507896  0.01093155
  0.96004754  1.57510292]","[ 0.00000000e+00 -1.86513294e-04  0.00000000e+00  3.70648338e-05
 -2.11639139e-05  6.25991244e-02 -1.05819570e-05  1.21543868e-01]","[ 0.         -0.34710866 11.88898945  0.72084254 -3.87905192  1.27788818
 -1.39610147  1.38688779]"
1747093059.9915278,"[ 0.          0.10781311  0.57078839 -3.13233577 -2.26507949  0.01105807
  0.96004754  1.57534074]","[ 0.00000000e+00 -1.88785514e-04  0.00000000e+00  3.70648338e-05
 -2.64548924e-05  6.26921145e-02 -1.05740785e-05  1.14601190e-01]","[ 0.         -0.37556839 11.87124252  0.66845471 -3.87528133  1.25699711
 -1.37663734  1.38030815]"
1747093059.9932292,"[ 0.          0.10781265  0.57078793 -3.13233524 -2.26507949  0.01118365
  0.96004754  1.57555287]","[ 0.00000000e+00 -1.86019169e-04  0.00000000e+00  4.76908124e-05
 -2.64548924e-05  6.36784204e-02 -1.05819570e-05  1.06148308e-01]","[ 0.         -0.41089091 11.8656683   0.64454007 -3.87222576  1.25054288
 -1.38706362  1.39088702]"
1747093059.9953947,"[ 0.          0.10781174  0.57078793 -3.13233524 -2.26507896  0.01131397
  0.96004754  1.57575646]","[ 0.00000000e+00 -1.94815078e-04  0.00000000e+00  4.76547840e-05
 -2.11639139e-05  6.45532979e-02 -1.05819570e-05  9.77996975e-02]","[ 0.         -0.41018361 11.83096123  0.62128258 -3.83238053  1.25687408
 -1.41152585  1.38834524]"
1747093059.998052,"[ 0.          0.10781128  0.57078793 -3.13233524 -2.26507896  0.01144621
  0.96004754  1.57593716]","[ 0.00000000e+00 -1.99945678e-04  0.00000000e+00  4.76547840e-05
 -2.11641232e-05  6.86047607e-02 -1.05820616e-05  8.96723623e-02]","[ 0.         -0.43985882 11.80816936  0.5861603  -3.75506139  1.31073129
 -1.41431451  1.39328766]"
1747093059.9998384,"[ 0.          0.10781081  0.57078793 -3.13233497 -2.26507896  0.01160127
  0.96004754  1.57612278]","[ 0.00000000e+00 -1.97937904e-04  0.00000000e+00  5.03027714e-05
 -2.11639139e-05  7.80581670e-02 -1.05819570e-05  9.05274118e-02]","[ 0.         -0.5078733  11.80242252  0.58919871 -3.66521502  1.30237389
 -1.39072895  1.39349365]"
1747093060.0010374,"[ 0.          0.1078099   0.57078793 -3.13233497 -2.26507869  0.01176584
  0.96004754  1.57629775]","[ 0.00000000e+00 -2.02602987e-04  0.00000000e+00  5.03022715e-05
 -1.58729355e-05  8.58039710e-02 -1.05819570e-05  8.85919761e-02]","[ 0.         -0.49147704 11.78505421  0.60173291 -3.59890246  1.29008305
 -1.36736858  1.39714992]"
1747093060.002804,"[ 0.          0.10780944  0.57078793 -3.13233497 -2.26507869  0.01187049
  0.96004754  1.57638723]","[ 0.00000000e+00 -2.07145250e-04  0.00000000e+00  5.03403034e-05
 -1.58729355e-05  8.62837811e-02 -1.05739739e-05  9.07527485e-02]","[ 0.         -0.48241675 11.77780437  0.61440766 -3.57812119  1.28341258
 -1.36566186  1.37100577]"
1747093060.004511,"[ 0.          0.10780851  0.57078793 -3.13233497 -2.26507896  0.01203697
  0.96004754  1.57657459]","[ 0.00000000e+00 -2.12119562e-04  0.00000000e+00  5.03017717e-05
 -1.85186086e-05  9.15630403e-02 -1.05819570e-05  9.22827928e-02]","[ 0.         -0.51264006 11.73655224  0.63399136 -3.52890825  1.24287891
 -1.3563273   1.35767806]"
1747093060.006191,"[ 0.          0.1078076   0.57078793 -3.13233444 -2.26507896  0.01223198
  0.96004847  1.57676487]","[ 0.00000000e+00 -2.20488867e-04  0.00000000e+00  5.56392812e-05
 -1.85184257e-05  8.67658882e-02  0.00000000e+00  9.83154852e-02]","[ 0.         -0.49753994 11.7246027   0.6334691  -3.55434084  1.2253809
 -1.31874108  1.3542496 ]"
1747093060.0079837,"[ 0.          0.10780714  0.57078793 -3.13233444 -2.26507896  0.01240607
  0.96004847  1.57697419]","[ 0.00000000e+00 -2.17497996e-04  0.00000000e+00  5.55972507e-05
 -1.32274462e-05  8.88620706e-02  0.00000000e+00  1.02968877e-01]","[ 0.         -0.48541701 11.66979408  0.67550856 -3.62511277  1.24900305
 -1.30409145  1.34921861]"
1747093060.0095766,"[ 0.          0.10780714  0.57078793 -3.13233391 -2.26507896  0.01249359
  0.96004847  1.577075  ]","[ 0.00000000e+00 -2.10703880e-04  0.00000000e+00  6.08922258e-05
 -1.32274462e-05  8.87720308e-02  0.00000000e+00  1.02096849e-01]","[ 0.         -0.47304192 11.66860485  0.69230592 -3.64988422  1.25488353
 -1.30476749  1.33652067]"
1747093060.0113218,"[ 0.          0.10780668  0.57078746 -3.13233338 -2.26507896  0.012681
  0.96004847  1.57728325]","[ 0.00000000e+00 -2.15004046e-04 -5.29897933e-06  6.61878551e-05
 -1.32375708e-05  9.26434348e-02  0.00000000e+00  1.00307380e-01]","[ 0.         -0.46978703 11.64158344  0.71945834 -3.69329262  1.30523264
 -1.33292079  1.32147956]"
1747093060.0130181,"[ 0.          0.10780576  0.57078746 -3.13233258 -2.26507949  0.01286841
  0.96004847  1.5774774 ]","[ 0.00000000e+00 -2.14795418e-04 -5.29502843e-06  7.41296676e-05
 -1.85184257e-05  9.56145072e-02  0.00000000e+00  9.94967802e-02]","[ 0.         -0.44334173 11.59356308  0.72666579 -3.75435305  1.27705693
 -1.32769501  1.35786223]"
1747093060.0146232,"[ 0.          0.1078053   0.57078746 -3.13233204 -2.26507949  0.01297305
  0.96004847  1.57757634]","[ 0.00000000e+00 -2.18789152e-04 -5.29502843e-06  7.93646793e-05
 -1.85184257e-05  9.85520072e-02  0.00000000e+00  1.00374458e-01]","[ 0.         -0.44287306 11.58823681  0.72977215 -3.79948568  1.27705693
 -1.3247124   1.358078  ]"
1747093060.0168498,"[ 0.          0.10780484  0.57078746 -3.13233124 -2.26507949  0.01317663
  0.96004847  1.57778846]","[ 0.00000000e+00 -2.14795418e-04 -1.05899522e-05  8.73671094e-05
 -1.85186086e-05  1.04961462e-01  0.00000000e+00  1.05338016e-01]","[ 0.         -0.41166911 11.62084198  0.76387417 -3.82963395  1.21348906
 -1.34096801  1.33846235]"
1747093060.018547,"[ 0.          0.10780393  0.57078746 -3.13232991 -2.26507949  0.01339733
  0.96004847  1.57800058]","[ 0.00000000e+00 -2.24294811e-04 -1.05899522e-05  1.00681614e-04
 -1.85184257e-05  1.09335047e-01  0.00000000e+00  1.08038994e-01]","[ 0.         -0.41128421 11.65065193  0.77704251 -3.86467886  1.15315533
 -1.36738002  1.33519602]"
1747093060.0197403,"[ 0.          0.10780393  0.57078746 -3.13232885 -2.26507949  0.01350673
  0.96004754  1.57823467]","[ 0.00000000e+00 -2.20269462e-04 -1.05898466e-05  1.13841985e-04
 -1.85184257e-05  1.11010067e-01 -1.05979587e-05  1.17359642e-01]","[ 0.         -0.37097472 11.66826534  0.851955   -3.88328004  1.12944281
 -1.39228749  1.33293879]"
1747093060.0215151,"[ 0.          0.10780393  0.57078746 -3.13232858 -2.26508003  0.01361994
  0.96004754  1.57835638]","[ 0.00000000e+00 -2.13386042e-04 -1.05899522e-05  1.16489477e-04
 -2.38096379e-05  1.14675117e-01 -1.05979587e-05  1.23434545e-01]","[ 0.         -0.35361183 11.68023205  0.85962427 -3.89718652  1.13686252
 -1.38353944  1.32470024]"
1747093060.0232687,"[ 0.          0.10780347  0.57078746 -3.13232672 -2.26508003  0.01385872
  0.96004754  1.57862176]","[ 0.00000000e+00 -2.17711924e-04 -1.05979587e-05  1.32374402e-04
 -2.38094022e-05  1.18362713e-01 -1.05979587e-05  1.37749710e-01]","[ 0.         -0.30277404 11.65279675  0.86938816 -3.93775415  1.16168511
 -1.38635635  1.28701282]"
1747093060.0243614,"[ 0.          0.10780347  0.57078746 -3.13232565 -2.26508003  0.01397858
  0.96004754  1.57877303]","[ 0.00000000e+00 -2.14798116e-04 -1.05979587e-05  1.42965766e-04
 -2.38094022e-05  1.21543868e-01 -1.05979587e-05  1.42436491e-01]","[ 0.         -0.2879391  11.6199379   0.8947866  -3.94160676  1.16121638
 -1.38174105  1.27802062]"
1747093060.0260909,"[ 0.          0.107803    0.57078699 -3.13232379 -2.26508003  0.01422782
  0.96004754  1.57907942]","[ 0.00000000e+00 -2.17709144e-04 -1.32375708e-05  1.61496777e-04
 -2.38094022e-05  1.20733576e-01 -1.06059783e-05  1.59357518e-01]","[ 0.         -0.22823571 11.53735161  0.93190652 -3.94876647  1.17114031
 -1.35115564  1.26752186]"
1747093060.0278234,"[ 0.          0.107803    0.57078699 -3.13232299 -2.26508003  0.01434388
  0.96004754  1.57925825]","[ 0.00000000e+00 -2.17709144e-04 -1.32474486e-05  1.69439236e-04
 -2.38096379e-05  1.17762503e-01 -1.05979587e-05  1.68357870e-01]","[ 0.         -0.21995981 11.49127483  0.94292146 -3.97534299  1.16317856
 -1.33293414  1.27871311]"
1747093060.0295649,"[ 0.          0.107803    0.57078699 -3.13232059 -2.26508003  0.0145779
  0.96004754  1.5796054 ]","[ 0.00000000e+00 -2.08083062e-04 -1.32374398e-05  2.03390443e-04
 -2.38096379e-05  1.12952169e-01 -1.05979587e-05  1.78264330e-01]","[ 0.         -0.16906337 11.46221638  0.95177144 -3.93778467  1.1224618
 -1.32336223  1.25684559]"
1747093060.0307748,"[ 0.          0.107803    0.57078699 -3.13231926 -2.26508003  0.01468635
  0.96004754  1.57978436]","[ 0.00000000e+00 -2.08085679e-04 -1.32374398e-05  2.37160916e-04
 -2.38094022e-05  1.09818294e-01 -1.06060839e-05  1.81505497e-01]","[ 0.         -0.14267658 11.44009018  0.9696508  -3.90815639  1.11119187
 -1.33646584  1.24732769]"
1747093060.0325716,"[ 0.          0.107803    0.57078699 -3.1323166  -2.26508003  0.01489754
  0.96004754  1.580162  ]","[ 0.00000000e+00 -2.05531749e-04 -1.32475806e-05  3.49287328e-04
 -2.38634509e-05  1.06148308e-01 -1.05979587e-05  1.85099133e-01]","[ 0.         -0.10396791 11.43142223  0.99137276 -3.81859088  1.07722378
 -1.34435713  1.25920367]"
1747093060.0337234,"[ 0.          0.107803    0.57078653 -3.13231527 -2.26508003  0.01500694
  0.96004754  1.58034269]","[ 0.00000000e+00 -2.02847684e-04 -1.85324169e-05  4.27986762e-04
 -2.38454062e-05  1.03065841e-01 -1.05979587e-05  1.83126081e-01]","[ 0.         -0.08283262 11.45662785  0.99558222 -3.7804687   1.06906533
 -1.33505857  1.24947858]"
1747093060.035462,"[ 0.          0.107803    0.57078653 -3.13231287 -2.26508003  0.01519911
  0.96004754  1.58071181]","[ 0.00000000e+00 -1.96487664e-04 -1.85324169e-05  6.65249253e-04
 -2.38454062e-05  9.64247990e-02 -1.05978530e-05  1.80051761e-01]","[ 0.         -0.03753246 11.43631363  0.98519814 -3.72460008  1.08949602
 -1.30722153  1.24788558]"
1747093060.0371876,"[ 0.          0.10780255  0.57078653 -3.13231047 -2.26508003  0.01538556
  0.96004754  1.58105908]","[ 0.00000000e+00 -1.93954801e-04 -1.85324169e-05  1.00681611e-03
 -1.85464284e-05  9.05274118e-02 -1.05979587e-05  1.73672674e-01]","[ 0.         -0.01830129 11.4259367   0.97617757 -3.71606493  1.11038089
 -1.31083703  1.24041939]"
1747093060.0395353,"[ 0.          0.10780255  0.57078606 -3.13230834 -2.26508003  0.0155587
  0.96004754  1.58140716]","[ 0.00000000e+00 -1.91658669e-04 -2.64751417e-05  1.14662167e-03
 -1.85464284e-05  8.77816761e-02 -1.06059783e-05  1.69109481e-01]","[ 0.         -0.04853772 11.40297794  0.95057327 -3.69127178  1.11404812
 -1.30455554  1.24301934]"
1747093060.041292,"[ 0.          0.10780255  0.57078606 -3.13230648 -2.26508003  0.01573945
  0.96004847  1.5817278 ]","[ 0.00000000e+00 -1.89250251e-04 -2.64948971e-05  1.17654257e-03
 -1.85462435e-05  8.87720308e-02  0.00000000e+00  1.59357518e-01]","[ 0.         -0.01461229 11.42689896  0.92820394 -3.6710701   1.10997355
 -1.27945483  1.23248386]"
1747093060.0436664,"[ 0.          0.10780255  0.57078606 -3.13230408 -2.26508003  0.01591544
  0.96004847  1.58202941]","[ 0.00000000e+00 -1.87232302e-04 -2.64748795e-05  1.17012250e-03
 -1.85464284e-05  8.96723623e-02  0.00000000e+00  1.44191864e-01]","[ 0.00000000e+00  3.53459711e-03  1.14429264e+01  9.23082829e-01
 -3.66486526e+00  1.09838009e+00 -1.26118910e+00  1.19984639e+00]"
1747093060.0454257,"[ 0.          0.10780255  0.57078606 -3.13230222 -2.26508003  0.0161038
  0.96004847  1.58229865]","[ 0.00000000e+00 -1.83945808e-04 -2.64748795e-05  1.11961308e-03
 -1.85464284e-05  9.30351025e-02  0.00000000e+00  1.33832608e-01]","[ 0.00000000e+00  1.06847556e-02  1.14365616e+01  9.03456628e-01
 -3.66736221e+00  1.08851004e+00 -1.27088416e+00  1.17535305e+00]"
1747093060.0477872,"[ 0.          0.10780255  0.57078606 -3.13230035 -2.26508003  0.01629691
  0.96004847  1.58254593]","[ 0.00000000e+00 -1.81846764e-04 -2.64748795e-05  1.05695974e-03
 -1.85466133e-05  1.00476258e-01  0.00000000e+00  1.23434545e-01]","[ 0.          0.05402081 11.44581413  0.89600372 -3.69114733  1.05787885
 -1.29838097  1.16250145]"
1747093060.049588,"[ 0.          0.10780255  0.5707856  -3.13229902 -2.26508003  0.01651286
  0.96004847  1.58278561]","[ 0.00000000e+00 -1.79795054e-04 -2.64548924e-05  9.86707296e-04
 -1.85464284e-05  1.07579666e-01  0.00000000e+00  1.15601723e-01]","[ 0.          0.08582512 11.42021942  0.90715826 -3.73855114  1.03110623
 -1.28981698  1.16256356]"
1747093060.0513403,"[ 0.          0.10780255  0.5707856  -3.13229689 -2.26508029  0.01672405
  0.96004847  1.58301677]","[ 0.00000000e+00 -1.73700310e-04 -3.17698567e-05  9.62588328e-04
 -2.12119566e-05  1.06958600e-01  0.00000000e+00  1.12845809e-01]","[ 0.          0.10286169 11.42418194  0.93282169 -3.79927015  1.01094401
 -1.28653097  1.16626287]"
1747093060.0530822,"[ 0.          0.10780255  0.5707856  -3.13229449 -2.26508003  0.01694666
  0.96004847  1.58323848]","[ 0.00000000e+00 -1.71614822e-04 -3.17458709e-05  9.93593219e-04
 -1.85604623e-05  1.10087356e-01  0.00000000e+00  1.11820358e-01]","[ 0.          0.08748567 11.44695663  0.96019197 -3.80614924  0.99336326
 -1.3026247   1.15550208]"
1747093060.0547616,"[ 0.          0.10780255  0.5707856  -3.13229343 -2.26508003  0.01705606
  0.96004847  1.58334887]","[ 0.00000000e+00 -1.65735647e-04 -2.64748795e-05  9.98607386e-04
 -1.85466133e-05  1.10897590e-01  0.00000000e+00  1.11820358e-01]","[ 0.          0.09041023 11.45474148  0.97368711 -3.79203677  0.96840096
 -1.30115426  1.16608512]"
1747093060.056501,"[ 0.          0.10780255  0.5707856  -3.13229076 -2.26508029  0.01728152
  0.96004847  1.58358003]","[ 0.00000000e+00 -1.63907016e-04 -2.64748795e-05  1.02981383e-03
 -2.12119566e-05  1.14791431e-01  0.00000000e+00  1.13015369e-01]","[ 0.          0.09217754 11.4835577   0.98512977 -3.80994844  0.95938402
 -1.27977753  1.16079748]"
1747093060.0582008,"[ 0.          0.10780255  0.5707856  -3.1322881  -2.26508029  0.01751554
  0.96004847  1.58380547]","[ 0.00000000e+00 -1.57810776e-04 -2.64748795e-05  1.06486509e-03
 -2.11959173e-05  1.14791431e-01  0.00000000e+00  1.13865650e-01]","[ 0.          0.10122211 11.50585938  1.01383805 -3.83284926  0.96535885
 -1.27434087  1.19126642]"
1747093060.059322,"[ 0.          0.10780255  0.5707856  -3.1322857  -2.26508029  0.0176316
  0.96004847  1.58392345]","[ 0.00000000e+00 -1.57946746e-04 -2.64748795e-05  1.14263226e-03
 -2.12119566e-05  1.17762503e-01  0.00000000e+00  1.11090428e-01]","[ 0.          0.10912509 11.51965237  1.03404558 -3.83606386  0.9750343
 -1.27638149  1.18156958]"
1747093060.0610979,"[ 0.          0.107803    0.5707856  -3.13228198 -2.26508029  0.01788274
  0.96004847  1.5841337 ]","[ 0.00000000e+00 -1.53146636e-04 -2.64548924e-05  1.30937813e-03
 -2.11959173e-05  1.24514682e-01  0.00000000e+00  1.06148308e-01]","[ 0.          0.10787399 11.50771332  1.06093979 -3.8244462   0.96855599
 -1.28265953  1.1587863 ]"
1747093060.0632615,"[ 0.          0.107803    0.57078513 -3.13227745 -2.26508029  0.01813579
  0.96004847  1.58434582]","[ 0.00000000e+00 -1.47254749e-04 -3.17698567e-05  1.65906562e-03
 -2.12119566e-05  1.29376690e-01  0.00000000e+00  1.02968877e-01]","[ 0.          0.1370931  11.45983696  1.10441375 -3.82971978  0.91643739
 -1.28505504  1.14350176]"
1747093060.0643795,"[ 0.          0.107803    0.57078513 -3.13227532 -2.26508029  0.01826612
  0.96004847  1.58444476]","[ 0.00000000e+00 -1.47378626e-04 -3.17698567e-05  1.79479632e-03
 -2.12119566e-05  1.32077668e-01  0.00000000e+00  1.00476258e-01]","[ 0.          0.13105117 11.47198009  1.11140859 -3.83002186  0.90070432
 -1.28116024  1.11391258]"
1747093060.0666392,"[ 0.          0.107803    0.57078513 -3.13227026 -2.26508029  0.01854105
  0.96004847  1.58464263]","[ 0.00000000e+00 -1.45666443e-04 -3.17698567e-05  2.21902488e-03
 -2.11961286e-05  1.34911904e-01  0.00000000e+00  9.93958714e-02]","[ 0.          0.14301847 11.458601    1.11206234 -3.81816459  0.88513857
 -1.27149785  1.10083163]"
1747093060.0678134,"[ 0.          0.107803    0.57078513 -3.13226733 -2.26508029  0.01867518
  0.96004847  1.58473771]","[ 0.00000000e+00 -1.44112011e-04 -3.18179359e-05  2.34041067e-03
 -2.11961286e-05  1.36129127e-01  0.00000000e+00  9.64247990e-02]","[ 0.          0.142996   11.442173    1.11012542 -3.80116844  0.8626228
 -1.2601645   1.08345473]"
1747093060.069599,"[ 0.          0.107803    0.57078466 -3.132262   -2.26508029  0.01893489
  0.96004847  1.58493185]","[ 0.00000000e+00 -1.42475981e-04 -3.70651995e-05  2.52915363e-03
 -2.12117453e-05  1.30186982e-01  0.00000000e+00  9.34537265e-02]","[ 0.          0.17739208 11.44629097  1.11954749 -3.78411174  0.88339412
 -1.24722707  1.0845654 ]"
1747093060.0707738,"[ 0.          0.107803    0.57078466 -3.13225854 -2.26508029  0.01906617
  0.96004847  1.585026  ]","[ 0.00000000e+00 -1.36775477e-04 -3.70372172e-05  2.79958542e-03
 -2.11959173e-05  1.23628848e-01  0.00000000e+00  9.55176264e-02]","[ 0.          0.16887796 11.4383955   1.12102115 -3.7969985   0.91014796
 -1.2583822   1.09168041]"
1747093060.0725577,"[ 0.          0.107803    0.57078466 -3.13225188 -2.26508029  0.01929924
  0.96004847  1.585222  ]","[ 0.00000000e+00 -1.35456583e-04 -3.71209245e-05  3.02781546e-03
 -1.59089679e-05  1.16682109e-01  0.00000000e+00  9.56145072e-02]","[ 0.          0.17461407 11.42319012  1.10146534 -3.76995707  0.92882055
 -1.25388193  1.07071209]"
1747093060.074321,"[ 0.          0.107803    0.57078466 -3.13224389 -2.26508029  0.01952565
  0.96004847  1.58540843]","[ 0.00000000e+00 -1.35347588e-04 -3.70368514e-05  3.61755792e-03
 -1.58969375e-05  1.08038994e-01  0.00000000e+00  9.33590428e-02]","[ 0.          0.16314569 11.42433643  1.08381343 -3.72225857  0.93382114
 -1.2436775   1.04953265]"
1747093060.075517,"[ 0.          0.107803    0.57078466 -3.1322399  -2.26508029  0.01962649
  0.96004847  1.5855055 ]","[ 0.00000000e+00 -1.33949192e-04 -3.70372172e-05  3.84141612e-03
 -1.59089679e-05  1.02366944e-01  0.00000000e+00  9.12797215e-02]","[ 0.          0.15943457 11.42643452  1.08132982 -3.72620654  0.89144772
 -1.22948813  1.03938901]"
1747093060.0771654,"[ 0.          0.107803    0.57078426 -3.13222978 -2.26508029  0.01982246
  0.96004847  1.58568433]","[ 0.00000000e+00 -1.31157213e-04 -4.23918346e-05  4.56996050e-03
 -1.32574726e-05  9.40381738e-02  0.00000000e+00  9.07527485e-02]","[ 0.          0.17027862 11.41374397  1.04300296 -3.73194528  0.85925817
 -1.23307514  1.02350581]"
1747093060.078263,"[ 0.          0.107803    0.57078426 -3.13222419 -2.26508029  0.01991378
  0.96004847  1.58577181]","[ 0.00000000e+00 -1.29815986e-04 -4.23918346e-05  5.17885640e-03
 -1.32474486e-05  9.26434348e-02  0.00000000e+00  8.85919761e-02]","[ 0.          0.17502762 11.39918613  1.03183055 -3.745152    0.85390443
 -1.23269165  1.02099025]"
1747093060.0805235,"[ 0.          0.107803    0.5707838  -3.13221087 -2.26508083  0.02009453
  0.96004847  1.58594971]","[ 0.00000000e+00 -1.24293185e-04 -4.50754075e-05  6.23218342e-03
 -1.85604623e-05  9.06608029e-02  1.05819570e-05  8.60135785e-02]","[ 0.          0.17033064 11.38301849  0.98513091 -3.74089575  0.83559787
 -1.24211216  0.99614   ]"
1747093060.0816548,"[ 0.          0.107803    0.5707838  -3.13220368 -2.26508083  0.0201849
  0.96004847  1.58603347]","[ 0.00000000e+00 -1.22937816e-04 -4.50413255e-05  7.14855323e-03
 -1.85604623e-05  9.15630403e-02  1.05820616e-05  8.48106036e-02]","[ 0.          0.18497004 11.39369774  0.95348263 -3.77007866  0.79751879
 -1.23540747  1.00048757]"
1747093060.0833352,"[ 0.          0.107803    0.57078333 -3.1321869  -2.26508083  0.02037041
  0.96004847  1.58619606]","[ 0.00000000e+00 -1.21706795e-04 -5.03783961e-05  8.19234124e-03
 -1.85464284e-05  9.07527485e-02  1.05899522e-05  7.76650928e-02]","[ 0.          0.15907569 11.33704567  0.92003918 -3.83845186  0.81517106
 -1.24966872  0.97495973]"
1747093060.0850656,"[ 0.          0.107803    0.57078333 -3.13217865 -2.26508083  0.02045888
  0.96004847  1.58626929]","[ 0.00000000e+00 -1.16387438e-04 -5.03783961e-05  8.32237841e-03
 -1.85604623e-05  8.96723623e-02  1.05819570e-05  7.42768028e-02]","[ 0.          0.15845589 11.29787922  0.91866809 -3.86199188  0.84137267
 -1.24492824  0.97168386]"
1747093060.0862508,"[ 0.          0.107803    0.57078287 -3.1321632  -2.26508083  0.02064248
  0.96004847  1.58640724]","[ 0.00000000e+00 -1.10888410e-04 -5.56392812e-05  7.83282698e-03
 -1.85606472e-05  8.94401264e-02  1.05900569e-05  6.75243704e-02]","[ 0.          0.13702129 11.23964024  0.85715246 -3.86655641  0.8506701
 -1.22457051  0.96368527]"
1747093060.0879638,"[ 0.          0.107803    0.57078287 -3.13215521 -2.26508083  0.02073095
  0.96004847  1.58647103]","[ 0.00000000e+00 -1.08184913e-04 -5.56813848e-05  7.40850063e-03
 -1.85606472e-05  8.96723623e-02  1.05899522e-05  6.48233924e-02]","[ 0.          0.12215882 11.21914482  0.82965535 -3.88050723  0.83629721
 -1.2066747   0.95148569]"
1747093060.089692,"[ 0.          0.10780347  0.5707824  -3.13214376 -2.26508083  0.0209079
  0.96004847  1.58659939]","[ 0.00000000e+00 -9.73654393e-05 -5.83328791e-05  5.80709558e-03
 -1.85604623e-05  8.96723623e-02  1.05819570e-05  6.26626158e-02]","[ 0.          0.1118596  11.1815033   0.7885192  -3.8838098   0.8324427
 -1.2149992   0.94116753]"
1747093060.091452,"[ 0.          0.107803    0.5707824  -3.13213603 -2.26508136  0.02108293
  0.96004847  1.58672882]","[ 0.00000000e+00 -9.64001490e-05 -5.83328791e-05  3.91641349e-03
 -1.85464284e-05  8.42582058e-02  1.05899522e-05  6.26921145e-02]","[ 0.          0.11340246 11.17143726  0.73667794 -3.85989594  0.84205228
 -1.20737815  0.93746597]"
1747093060.0931954,"[ 0.          0.10780347  0.57078193 -3.13213364 -2.26508136  0.02116189
  0.96004847  1.58678967]","[ 0.00000000e+00 -9.10445848e-05 -6.36358718e-05  2.72944753e-03
 -1.85602774e-05  7.98678516e-02  1.05820616e-05  6.15822255e-02]","[ 0.          0.13379548 11.14712334  0.7453571  -3.85361934  0.84052902
 -1.18694162  0.92824847]"
1747093060.0942736,"[ 0.          0.10780347  0.57078147 -3.13213204 -2.26508136  0.02130935
  0.96004847  1.58691431]","[ 0.00000000e+00 -8.30112383e-05 -6.36358718e-05  8.10292444e-04
 -2.38454062e-05  7.31964166e-02  1.05899522e-05  6.25991244e-02]","[ 0.          0.16766794 11.1053257   0.73924649 -3.82079005  0.82928121
 -1.17544854  0.9000628 ]"
1747093060.0960004,"[ 0.          0.10780347  0.57078147 -3.13213231 -2.26508136  0.02145299
  0.96004847  1.58703988]","[ 0.00000000e+00 -8.21963279e-05 -6.36365057e-05 -1.35048738e-04
 -2.38634509e-05  6.75243704e-02  1.05899522e-05  6.15822255e-02]","[ 0.          0.17521004 11.04748631  0.7674467  -3.80845547  0.81017095
 -1.16091609  0.86704725]"
1747093060.097711,"[ 0.          0.10780347  0.570781   -3.13213284 -2.26508136  0.02151863
  0.96004847  1.5871018 ]","[ 0.00000000e+00 -7.68933393e-05 -6.89388604e-05 -2.63331691e-04
 -2.38634509e-05  6.63766561e-02  1.05819570e-05  6.26626158e-02]","[ 0.          0.19406746 11.01219273  0.76193637 -3.80816436  0.80237025
 -1.16126668  0.86677396]"
1747093060.09947,"[ 0.          0.10780393  0.57078054 -3.13213204 -2.26508136  0.02164325
  0.96004847  1.58723296]","[ 0.00000000e+00 -6.89381696e-05 -7.42418490e-05  0.00000000e+00
 -2.38634509e-05  6.27262321e-02  1.05900569e-05  6.75243704e-02]","[ 0.          0.20495549 10.94570446  0.75913012 -3.80400062  0.80076665
 -1.1664418   0.85077393]"
1747093060.100646,"[ 0.          0.10780393  0.57078007 -3.13213151 -2.26508136  0.02170985
  0.9600494   1.58730819]","[ 0.00000000e+00 -6.35397134e-05 -7.95448377e-05  1.06377519e-04
 -2.38634509e-05  6.26331380e-02  1.85184257e-05  7.07167057e-02]","[ 0.          0.21203308 10.91569519  0.77595514 -3.79897261  0.78413618
 -1.17115998  0.82632852]"
1747093060.1023955,"[ 0.          0.10780393  0.5707792  -3.13213097 -2.26508136  0.02183256
  0.9600494   1.5874576 ]","[ 0.00000000e+00 -5.55552731e-05 -8.74331602e-05  2.19406909e-04
 -2.65149452e-05  6.18523200e-02  1.85184257e-05  7.83282698e-02]","[ 0.          0.22674018 10.89007854  0.79404855 -3.79911184  0.77390361
 -1.15316188  0.80846936]"
1747093060.1041093,"[ 0.          0.10780393  0.5707792  -3.13213044 -2.26508136  0.02195433
  0.9600494   1.58762684]","[ 0.00000000e+00 -4.50072964e-05 -8.74993247e-05  3.43387542e-04
 -2.38632132e-05  5.96915434e-02  1.85184257e-05  8.37302174e-02]","[ 0.          0.25681433 10.82395649  0.82022965 -3.7733326   0.73985386
 -1.12991405  0.77549398]"
1747093060.1052482,"[ 0.          0.10780393  0.57077874 -3.13213044 -2.26508136  0.02201236
  0.9600494   1.58771246]","[ 0.00000000e+00 -4.23598089e-05 -9.00826511e-05  3.00922151e-04
 -2.38634509e-05  5.88215927e-02  1.85186086e-05  8.69713844e-02]","[ 0.          0.28697094 10.80906487  0.82646716 -3.76632762  0.71641302
 -1.12617779  0.76753962]"
1747093060.1070063,"[ 0.          0.10780439  0.57077874 -3.13213018 -2.26508136  0.02213508
  0.9600494   1.58789036]","[ 0.00000000e+00 -3.17698567e-05 -9.00826511e-05  2.31838413e-04
 -2.38094022e-05  5.99336622e-02  1.05820616e-05  9.18331430e-02]","[ 0.          0.3335526  10.77113247  0.84642804 -3.77628207  0.66788065
 -1.11679077  0.74824643]"
1747093060.1087904,"[ 0.          0.10780439  0.57077827 -3.13212964 -2.26508136  0.02219596
  0.9600494   1.5879893 ]","[ 0.00000000e+00 -2.64751417e-05 -9.54538036e-05  2.31838413e-04
 -2.38273920e-05  6.18523200e-02  1.05819570e-05  9.31981130e-02]","[ 0.          0.34841552 10.75497818  0.86669773 -3.76765466  0.65958399
 -1.11460328  0.70528162]"
1747093060.1105354,"[ 0.          0.10780439  0.57077781 -3.13212858 -2.26508136  0.02231963
  0.9600494   1.58818237]","[ 0.00000000e+00 -2.38273920e-05 -9.53816248e-05  2.90363491e-04
 -2.38273920e-05  6.25991244e-02  1.05820616e-05  9.93958714e-02]","[ 0.          0.37178278 10.74896336  0.87937522 -3.75821948  0.63108844
 -1.10905731  0.69107699]"
1747093060.1122603,"[ 0.          0.10780439  0.57077734 -3.13212725 -2.26508189  0.02244901
  0.9600494   1.58838597]","[ 0.00000000e+00 -1.85324169e-05 -1.00756792e-04  3.53262955e-04
 -2.38273920e-05  6.26626158e-02  1.05820616e-05  9.93958714e-02]","[ 0.          0.41902417 10.76521301  0.90086931 -3.77677059  0.61270976
 -1.09366393  0.67527068]"
1747093060.1134117,"[ 0.          0.10780439  0.57077687 -3.13212645 -2.26508189  0.0225118
  0.9600494   1.58848398]","[ 0.00000000e+00 -1.32375708e-05 -1.05979589e-04  3.87799362e-04
 -2.38273920e-05  6.37430062e-02  1.05820616e-05  9.92951623e-02]","[ 0.          0.42777091 10.79439831  0.90673184 -3.79144716  0.57622331
 -1.09694672  0.66779459]"
1747093060.1151638,"[ 0.          0.10780439  0.57077687 -3.13212458 -2.26508216  0.02263642
  0.9600494   1.58868278]","[ 0.00000000e+00 -7.94246417e-06 -1.05979589e-04  4.58679043e-04
 -2.64548924e-05  6.26626158e-02  1.05899522e-05  9.57034402e-02]","[ 0.          0.43535683 10.81453228  0.91803163 -3.80188704  0.56509876
 -1.1074568   0.65612614]"
1747093060.1163077,"[ 0.          0.10780484  0.57077687 -3.13212405 -2.26508216  0.02270206
  0.9600494   1.58877506]","[ 0.00000000e+00  0.00000000e+00 -1.06059781e-04  4.63676827e-04
 -2.64748795e-05  6.16310071e-02  1.05819570e-05  9.34537265e-02]","[ 0.          0.44587323 10.84707642  0.94535965 -3.81990528  0.57342392
 -1.12362373  0.65282214]"
1747093060.1186645,"[ 0.          0.10780484  0.57077687 -3.13212219 -2.26508269  0.02282478
  0.9600494   1.58895775]","[ 0.00000000e+00  7.94254290e-06 -1.05979589e-04  5.14123769e-04
 -3.17701716e-05  6.26626158e-02  1.05819570e-05  9.26434348e-02]","[ 0.          0.51453042 10.87473488  0.95496571 -3.84656215  0.55587047
 -1.13311839  0.64966059]"
1747093060.1197987,"[ 0.          0.10780484  0.57077641 -3.13212006 -2.26508322  0.02295415
  0.9600494   1.58914138]","[ 0.00000000e+00  7.94238493e-06 -1.11362770e-04  5.69645996e-04
 -3.70648338e-05  6.26921145e-02  1.85186086e-05  8.77816761e-02]","[ 0.          0.5497905  10.90766525  0.98383796 -3.90680981  0.53355998
 -1.14977002  0.65009648]"
1747093060.1214457,"[ 0.          0.1078053   0.57077641 -3.13211899 -2.26508322  0.02301409
  0.9600494   1.589227  ]","[ 0.00000000e+00  1.32375708e-05 -1.11362770e-04  5.93525435e-04
 -3.17698567e-05  6.07719338e-02  1.85184257e-05  8.68832670e-02]","[ 0.          0.58672196 10.93078518  0.99700397 -3.94626236  0.49450591
 -1.15658855  0.64839959]"
1747093060.1231685,"[ 0.          0.1078053   0.57077641 -3.13211766 -2.26508402  0.0231311
  0.9600494   1.5894001 ]","[ 0.00000000e+00  1.32374398e-05 -1.11278562e-04  5.98540774e-04
 -3.96827298e-05  5.88215927e-02  1.85324169e-05  8.42582058e-02]","[ 0.          0.58526134 10.97830105  0.99791169 -3.99553704  0.46131459
 -1.1398344   0.64781767]"
1747093060.1249716,"[ 0.          0.1078053   0.57077641 -3.13211686 -2.26508402  0.02319198
  0.9600494   1.58948093]","[ 0.00000000e+00  1.85184257e-05 -1.11278562e-04  6.33071947e-04
 -3.96827298e-05  5.74259756e-02  1.85186086e-05  8.21096340e-02]","[ 0.          0.60551977 10.98762703  1.0102638  -4.01252651  0.48045152
 -1.16470945  0.65262669]"
1747093060.1266527,"[ 0.          0.10780576  0.57077594 -3.132115   -2.26508402  0.02328996
  0.9600494   1.58964552]","[ 0.00000000e+00  2.64751417e-05 -1.11277457e-04  6.51679290e-04
 -3.97123214e-05  4.72670564e-02  1.85184257e-05  8.36453791e-02]","[ 0.          0.62197083 11.02634811  1.0150193  -4.02195406  0.48543274
 -1.18287945  0.63625181]"
1747093060.1302934,"[ 0.          0.10780576  0.57077554 -3.1321126  -2.26508455  0.02337273
  0.9600494   1.5898358 ]","[ 0.00000000e+00  2.64548924e-05 -1.14014268e-04  7.27409227e-04
 -4.49733161e-05  3.86183408e-02  1.85184257e-05  8.78351224e-02]","[ 0.          0.65212488 11.11772537  1.00146925 -4.05350924  0.47972804
 -1.17430496  0.62718308]"
1747093060.1318321,"[ 0.          0.10780623  0.57077554 -3.1321086  -2.26508535  0.02348308
  0.9600494   1.59018973]","[ 0.00000000e+00  3.17458709e-05 -1.13928053e-04  9.21509068e-04
 -5.29103091e-05  2.32283823e-02  1.85186086e-05  8.80517789e-02]","[ 0.          0.68533027 11.19532204  1.00004137 -4.02541685  0.470128
 -1.15574384  0.60684717]"
1747093060.1335175,"[ 0.          0.10780623  0.57077554 -3.13210754 -2.26508589  0.02350306
  0.9600494   1.59027722]","[ 0.00000000e+00  3.17458709e-05 -1.08630160e-04  9.36136168e-04
 -5.82007654e-05  1.88076348e-02  1.85184257e-05  8.85919761e-02]","[ 0.          0.69640654 11.20548916  1.00818944 -4.01443481  0.44734612
 -1.14461029  0.62328595]"
1747093060.135239,"[ 0.          0.10780623  0.57077554 -3.13210541 -2.26508589  0.0235335
  0.9600504   1.59046271]","[ 0.00000000e+00  3.17698567e-05 -1.08629080e-04  9.74270671e-04
 -5.82447383e-05  1.45704862e-02  2.91003827e-05  9.04422489e-02]","[ 0.          0.70159328 11.23406982  1.00573647 -3.99868393  0.42503914
 -1.15005827  0.62008399]"
1747093060.137473,"[ 0.          0.10780668  0.57077508 -3.13210354 -2.26508642  0.02355538
  0.9600504   1.59063488]","[ 0.00000000e+00  3.70368514e-05 -1.14014268e-04  9.58861723e-04
 -6.34923676e-05  9.02766461e-03  2.91006692e-05  8.58909982e-02]","[ 0.          0.7018469  11.23648643  0.99528366 -3.95372438  0.418421
 -1.15305829  0.64339936]"
1747093060.1386733,"[ 0.          0.10780668  0.57077508 -3.13210248 -2.26508642  0.02356299
  0.9600504   1.59071384]","[ 0.00000000e+00  4.23598089e-05 -1.13928053e-04  9.54593188e-04
 -6.35397134e-05  7.83282698e-03  2.91003827e-05  7.99488533e-02]","[ 0.          0.7055158  11.23800659  0.99938196 -3.9509697   0.40409777
 -1.14595902  0.63163149]"
1747093060.1403782,"[ 0.          0.10780668  0.57077508 -3.13210061 -2.26508642  0.02357345
  0.9600504   1.59085459]","[ 0.00000000e+00  4.23598089e-05 -1.08629080e-04  9.65390434e-04
 -6.35397134e-05  4.86175453e-03  2.91003827e-05  6.45532979e-02]","[ 0.          0.71359694 11.22354603  0.99535161 -3.91824079  0.40813005
 -1.12550068  0.61760873]"
1747093060.1414964,"[ 0.          0.10780668  0.57077461 -3.13209928 -2.26508642  0.02357726
  0.9600504   1.59091172]","[ 0.00000000e+00  4.23278279e-05 -1.13928053e-04  1.00927180e-03
 -6.34917418e-05  3.77753328e-03  2.91003827e-05  5.77422967e-02]","[ 0.          0.69980162 11.20305443  1.00004888 -3.90635657  0.40030858
 -1.11689043  0.62231416]"
1747093060.1431987,"[ 0.          0.10780714  0.57077461 -3.13209715 -2.26508695  0.02358297
  0.9600504   1.59100679]","[ 0.00000000e+00  4.50072964e-05 -1.13928053e-04  1.04535588e-03
 -6.88346925e-05  1.89068235e-03  1.85182388e-05  4.21291029e-02]","[ 0.          0.71055156 11.16681767  0.98844367 -3.84568286  0.42864084
 -1.1061697   0.61255544]"
1747093060.144872,"[ 0.          0.10780714  0.57077414 -3.13209555 -2.26508695  0.02358582
  0.9600504   1.59104208]","[ 0.00000000e+00  4.50072964e-05 -1.19227035e-04  1.05976692e-03
 -6.88346925e-05  2.97107219e-03  1.85044548e-05  3.56167419e-02]","[ 0.          0.70914531 11.14735699  0.98525292 -3.82366323  0.42595151
 -1.1096313   0.60909814]"
1747093060.1465747,"[ 0.          0.1078076   0.57077368 -3.13209476 -2.26508695  0.02358963
  0.9600504   1.59109241]","[ 0.00000000e+00  5.03027714e-05 -1.21968747e-04  1.04984482e-03
 -6.88346925e-05  1.82052028e-03  1.85184257e-05  2.32048487e-02]","[ 0.          0.70566595 11.11192513  0.98887986 -3.76348591  0.40314379
 -1.11311913  0.62219489]"
1747093060.1482852,"[ 0.          0.10780714  0.57077321 -3.13209156 -2.26508695  0.02359533
  0.9600504   1.59111345]","[ 0.00000000e+00  4.50072964e-05 -1.21876526e-04  1.12905612e-03
 -6.88346925e-05  2.54470088e-03  1.85184257e-05  1.98107082e-02]","[ 0.          0.69321704 11.11126041  1.01199841 -3.72332215  0.38920262
 -1.0923934   0.63351291]"
1747093060.1500528,"[ 0.          0.1078076   0.57077321 -3.13208836 -2.26508695  0.02360199
  0.9600504   1.59114474]","[ 0.00000000e+00  5.03022715e-05 -1.21968747e-04  1.20795395e-03
 -6.88346925e-05  3.04664042e-03  1.85184257e-05  1.53955564e-02]","[ 0.          0.67656386 11.07945156  1.03859818 -3.67652273  0.38691992
 -1.09877574  0.64358908]"
1747093060.1517916,"[ 0.          0.10780806  0.57077275 -3.1320865  -2.26508695  0.02360675
  0.96005133  1.59116192]","[ 0.00000000e+00  5.55977993e-05 -1.27174232e-04  1.26448722e-03
 -6.61872009e-05  3.40408059e-03  2.91003827e-05  1.72862385e-02]","[ 0.          0.67606419 11.04623795  1.03001773 -3.65725636  0.3605485
 -1.09641016  0.63856137]"
1747093060.1531522,"[ 0.          0.10780806  0.57077228 -3.13208224 -2.26508695  0.02361436
  0.96005133  1.591198  ]","[ 0.00000000e+00  5.55972507e-05 -1.32574732e-04  1.51390773e-03
 -6.87827183e-05  3.54833784e-03  2.91003827e-05  1.76764217e-02]","[ 0.          0.67653888 10.97313023  1.05196893 -3.64160728  0.35840103
 -1.08792615  0.62603068]"
1747093060.1554172,"[ 0.          0.10780806  0.57077181 -3.13207824 -2.26508695  0.02362292
  0.96005133  1.59123702]","[ 0.00000000e+00  5.55972507e-05 -1.37773464e-04  1.71578418e-03
 -6.88346925e-05  3.68777175e-03  2.91006692e-05  2.02573099e-02]","[ 0.          0.64091998 10.92935371  1.05387902 -3.67024469  0.36454192
 -1.06827474  0.64054281]"
1747093060.1571093,"[ 0.          0.10780851  0.57077095 -3.13207318 -2.26508722  0.02363053
  0.96005133  1.5912799 ]","[ 0.00000000e+00  5.82447383e-05 -1.45611844e-04  2.01865452e-03
 -6.87827183e-05  3.86177396e-03  2.91003827e-05  2.10676037e-02]","[ 0.          0.62632489 10.85985947  1.0403229  -3.71687794  0.3594937
 -1.07449377  0.6403054 ]"
1747093060.1589005,"[ 0.          0.10780851  0.57077048 -3.13207052 -2.26508722  0.02363339
  0.96005133  1.59130174]","[ 0.00000000e+00  5.82447383e-05 -1.50906827e-04  2.21902488e-03
 -6.87827183e-05  3.89428689e-03  2.91003827e-05  2.21479940e-02]","[ 0.          0.6187216  10.82869339  1.02848017 -3.740973    0.35364598
 -1.08335805  0.63801551]"
1747093060.160101,"[ 0.          0.10780851  0.57077002 -3.13206546 -2.26508722  0.02363814
  0.96005133  1.59134461]","[ 0.00000000e+00  5.82447383e-05 -1.53438374e-04  2.40405710e-03
 -6.88346925e-05  3.44445661e-03  2.90784288e-05  2.21479940e-02]","[ 0.          0.57379597 10.77826786  1.02035224 -3.78219795  0.36144015
 -1.08348417  0.62917674]"
1747093060.1618154,"[ 0.          0.10780851  0.57077002 -3.13206253 -2.26508775  0.02364004
  0.96005133  1.59136738]","[ 0.00000000e+00  5.82007654e-05 -1.53554302e-04  2.52915363e-03
 -7.40737029e-05  3.14972842e-03  2.91006692e-05  2.15660871e-02]","[ 0.          0.56792998 10.74294758  1.01977241 -3.77351332  0.35283861
 -1.09003282  0.62190229]"
1747093060.1636324,"[ 0.          0.10780851  0.57076908 -3.13205747 -2.26508828  0.02364195
  0.96005133  1.59140826]","[ 0.00000000e+00  5.55972507e-05 -1.58729359e-04  2.62183398e-03
 -7.94254229e-05  2.35121156e-03  2.91006692e-05  2.02573099e-02]","[ 0.          0.53275204 10.75031281  0.99911821 -3.80281305  0.34580693
 -1.08656263  0.6041429 ]"
1747093060.1648083,"[ 0.          0.10780851  0.57076862 -3.13205534 -2.26508828  0.0236429
  0.96005133  1.59142637]","[ 0.00000000e+00  5.55977993e-05 -1.64021952e-04  2.53295826e-03
 -7.94246427e-05  2.02030625e-03  2.90784288e-05  1.70522548e-02]","[ 0.          0.52813333 10.72111702  0.99614304 -3.81733251  0.35606122
 -1.08602715  0.59248972]"
1747093060.166522,"[ 0.          0.10780851  0.57076815 -3.13204922 -2.26508828  0.0236429
  0.96005133  1.59145393]","[ 0.00000000e+00  5.55972507e-05 -1.69439236e-04  2.67720562e-03
 -7.94246427e-05  1.19231191e-03  2.91003827e-05  1.34911902e-02]","[ 0.          0.49042454 10.68113422  0.9574945  -3.84600425  0.33784232
 -1.08944607  0.59725159]"
1747093060.1677494,"[ 0.          0.10780851  0.57076769 -3.13204602 -2.26508828  0.0236429
  0.96005133  1.59146539]","[ 0.00000000e+00  5.55972507e-05 -1.74602296e-04  2.75514756e-03
 -7.94246427e-05  8.27891414e-04  2.91003827e-05  1.16141912e-02]","[ 0.          0.47920278 10.66886425  0.93948054 -3.85644722  0.32842931
 -1.09041917  0.59195513]"
1747093060.1694827,"[ 0.          0.10780851  0.57076675 -3.1320391  -2.26508881  0.0236429
  0.96005133  1.59148722]","[ 0.00000000e+00  5.55972507e-05 -1.80930441e-04  3.02781546e-03
 -8.47204549e-05  3.67793762e-04  2.91006692e-05  1.05338018e-02]","[ 0.          0.47526452 10.59215069  0.89675164 -3.87826848  0.32211432
 -1.08765256  0.59108305]"
1747093060.171268,"[ 0.          0.10780898  0.57076635 -3.13203537 -2.26508908  0.0236429
  0.96005133  1.59149681]","[ 0.00000000e+00  5.82447383e-05 -1.90282925e-04  3.35156092e-03
 -8.73011481e-05  2.34050573e-04  2.91003827e-05  9.72350907e-03]","[ 0.          0.44253749 10.58388805  0.87191904 -3.88955021  0.33812195
 -1.07220006  0.59556711]"
1747093060.172449,"[ 0.          0.10780898  0.57076542 -3.13202764 -2.26508908  0.02364385
  0.96005133  1.59151479]","[ 0.00000000e+00  5.82447383e-05 -2.02870555e-04  3.67075743e-03
 -8.73671094e-05  1.32479098e-04  2.90784288e-05  9.02766461e-03]","[ 0.          0.40814623 10.56296825  0.80138952 -3.89926243  0.33483303
 -1.06895232  0.5922721 ]"
1747093060.1742828,"[ 0.          0.10780898  0.57076449 -3.13201752 -2.26508961  0.02364385
  0.96005226  1.59153103]","[ 0.00000000e+00  5.82447383e-05 -2.11139407e-04  4.43749789e-03
 -9.25921245e-05  1.17010592e-04  3.70372172e-05  8.23379761e-03]","[ 0.          0.3528749  10.54705715  0.76854509 -3.89262557  0.34669414
 -1.05971849  0.58820951]"
1747093060.1754136,"[ 0.          0.10780898  0.57076402 -3.1320106  -2.26508961  0.02364385
  0.96005226  1.59153956]","[ 0.00000000e+00  5.82447383e-05 -2.16184003e-04  5.61589153e-03
 -9.26629948e-05  1.17995616e-04  3.70372172e-05  8.10292405e-03]","[ 0.          0.33287564 10.53550148  0.74551427 -3.88663125  0.33845472
 -1.05673301  0.58677918]"
1747093060.1772203,"[ 0.          0.10780898  0.57076356 -3.13199382 -2.26508961  0.02364385
  0.96005226  1.59155487]","[ 0.00000000e+00  5.82453112e-05 -2.14387442e-04  8.18834286e-03
 -9.26620845e-05  1.06388141e-04  3.70089097e-05  7.54215543e-03]","[ 0.          0.25675014 10.53283215  0.68307793 -3.87104893  0.36377159
 -1.04211533  0.57045305]"
1747093060.1783786,"[ 0.          0.10780898  0.57076309 -3.1319837  -2.26508961  0.02364385
  0.96005226  1.59156246]","[ 0.00000000e+00  5.82893532e-05 -2.21084291e-04  9.61805309e-03
 -9.26620845e-05  9.61864086e-05  3.70368514e-05  7.82885669e-03]","[ 0.          0.21628922 10.51636314  0.6488598  -3.87360644  0.37880909
 -1.04169929  0.56936002]"
1747093060.1801832,"[ 0.          0.10780898  0.57076216 -3.13195787 -2.26509015  0.02364385
  0.96005226  1.59157671]","[ 0.00000000e+00  5.82447383e-05 -2.17290051e-04  1.35048743e-02
 -9.79570596e-05  9.61777205e-05  3.70648338e-05  7.19536088e-03]","[ 0.          0.17634763 10.50531769  0.57153744 -3.86020875  0.3781907
 -1.03842759  0.5562526 ]"
1747093060.1830614,"[ 0.          0.10780898  0.57076129 -3.13192245 -2.26509041  0.02364385
  0.96005226  1.59158909]","[ 0.00000000e+00  5.82893532e-05 -2.24651617e-04  1.86367264e-02
 -9.53095680e-05  8.66773354e-05  3.70928568e-05  6.58329208e-03]","[ 0.          0.11008009 10.47901058  0.49070084 -3.85375762  0.3716276
 -1.02915466  0.55468482]"
1747093060.1853564,"[ 0.          0.10780898  0.5707599  -3.13185214 -2.26509041  0.02364385
  0.96005226  1.5916052 ]","[ 0.00000000e+00  5.82447383e-05 -2.42982533e-04  2.56592596e-02
 -9.53095680e-05  0.00000000e+00  3.70928568e-05  5.69730988e-03]","[ 0.00000000e+00 -2.35681725e-03  1.04751101e+01  3.83977056e-01
 -3.79865026e+00  3.86518270e-01 -1.02685034e+00  5.31935155e-01]"
1747093060.1871967,"[ 0.          0.10780898  0.57075896 -3.13179408 -2.26509095  0.02364385
  0.96005226  1.59161479]","[ 0.00000000e+00  5.82447383e-05 -2.53184534e-04  3.05210141e-02
 -1.00603543e-04  0.00000000e+00  3.70928568e-05  5.10612089e-03]","[ 0.         -0.07800335 10.46581268  0.28886303 -3.82676077  0.39614668
 -1.02786481  0.54247111]"
1747093060.188978,"[ 0.          0.10780851  0.57075803 -3.13172591 -2.26509095  0.02364385
  0.96005226  1.59162424]","[ 0.00000000e+00  5.03022715e-05 -2.76831694e-04  3.38537418e-02
 -1.00604543e-04  0.00000000e+00  3.70928568e-05  5.00247763e-03]","[ 0.         -0.17273684 10.49869251  0.1846866  -3.8510313   0.39887649
 -1.05581164  0.54393941]"
1747093060.1906343,"[ 0.          0.10780851  0.57075803 -3.13169209 -2.26509148  0.02364385
  0.96005226  1.59162904]","[ 0.00000000e+00  5.03408072e-05 -2.81686957e-04  3.42676240e-02
 -1.05899518e-04  0.00000000e+00  3.70928568e-05  4.93260294e-03]","[ 0.         -0.21430516 10.50132465  0.14932114 -3.84768152  0.40817931
 -1.05744183  0.54223984]"
1747093060.1917558,"[ 0.          0.10780851  0.57075717 -3.13162178 -2.26509148  0.0236448
  0.96005226  1.59163942]","[ 0.00000000e+00  5.55972507e-05 -3.04310855e-04  3.61930625e-02
 -1.00604543e-04  5.25926649e-05  3.70648338e-05  4.82695191e-03]","[ 0.         -0.31052989 10.5315609   0.0821554  -3.84267735  0.42411757
 -1.06445217  0.52887303]"
1747093060.1935153,"[ 0.          0.10780851  0.57075717 -3.13158503 -2.26509201  0.0236448
  0.96005226  1.59164422]","[ 0.00000000e+00  5.03022715e-05 -3.20409618e-04  3.72734528e-02
 -1.05900567e-04  5.25926649e-05  3.70928568e-05  4.83181582e-03]","[ 0.         -0.35455883 10.53625202  0.02987327 -3.86511946  0.4323054
 -1.07051694  0.53929824]"
1747093060.1952736,"[ 0.          0.10780806  0.57075623 -3.13150194 -2.26509201  0.0236448
  0.96005226  1.59165567]","[ 0.00000000e+00  4.50077435e-05 -3.58328682e-04  4.23623375e-02
 -1.05980645e-04  5.01513309e-05  3.70928568e-05  5.13380424e-03]","[ 0.         -0.40429887 10.58250809 -0.06641717 -3.88399458  0.43074399
 -1.09117174  0.51728988]"
1747093060.1970918,"[ 0.          0.10780806  0.57075577 -3.13145773 -2.26509228  0.0236448
  0.96005226  1.59166326]","[ 0.00000000e+00  4.50072964e-05 -3.69248195e-04  4.48361812e-02
 -1.08547010e-04  4.79265942e-05  3.70648338e-05  5.61681688e-03]","[ 0.         -0.43691728 10.61725616 -0.09104513 -3.90544486  0.44419637
 -1.09761548  0.50281405]"
1747093060.198526,"[ 0.          0.10780806  0.57075484 -3.13136185 -2.26509281  0.0236448
  0.96005326  1.59167844]","[ 0.00000000e+00  4.50072964e-05 -3.85590063e-04  4.76460075e-02
 -1.13841985e-04  4.57411002e-05  4.76908124e-05  6.80816119e-03]","[ 0.         -0.5122453  10.66440201 -0.13995001 -3.9244318   0.44251761
 -1.09502602  0.50659448]"
1747093060.2033577,"[ 0.          0.1078076   0.5707539  -3.13116079 -2.26509414  0.0236448
  0.96005326  1.59171466]","[ 0.00000000e+00  3.71205547e-05 -3.82531687e-04  5.14075353e-02
 -1.27079427e-04  4.38813819e-05  3.70928568e-05  9.12883144e-03]","[ 0.         -0.67255217 10.73784447 -0.2317787  -3.92574549  0.45029131
 -1.08715761  0.50929326]"
1747093060.2061684,"[ 0.          0.1078076   0.57075304 -3.13094321 -2.26509547  0.0236448
  0.96005326  1.59174702]","[ 0.00000000e+00  3.71209245e-05 -3.77611080e-04  5.39152177e-02
 -1.40318258e-04  4.05845944e-05  3.70924870e-05  7.89995060e-03]","[ 0.         -0.78744465 10.84857559 -0.36118248 -3.98783946  0.44769186
 -1.1018194   0.51839495]"
1747093060.2078393,"[ 0.          0.1078076   0.57075257 -3.13089021 -2.26509601  0.0236448
  0.96005326  1.59175367]","[ 0.00000000e+00  3.71490329e-05 -3.89411433e-04  5.37493985e-02
 -1.45501913e-04  3.90078166e-05  3.71205547e-05  7.38266433e-03]","[ 0.         -0.79270887 10.86995029 -0.37783313 -3.98284364  0.45786071
 -1.09722435  0.50893688]"
1747093060.2095835,"[ 0.          0.1078076   0.57075257 -3.13078049 -2.26509601  0.0236448
  0.96005326  1.59176885]","[ 0.00000000e+00  3.18176189e-05 -3.61908118e-04  5.41659876e-02
 -1.45832208e-04  3.90063862e-05  3.70928568e-05  7.19536088e-03]","[ 0.         -0.81460941 10.94206142 -0.39060679 -3.96145129  0.46571139
 -1.10486352  0.50168365]"
1747093060.210795,"[ 0.          0.1078076   0.57075211 -3.1306721  -2.26509654  0.0236448
  0.96005326  1.5917831 ]","[ 0.00000000e+00  3.18179359e-05 -3.65802601e-04  5.53699820e-02
 -1.51135188e-04  3.78504980e-05  3.71209245e-05  7.28544439e-03]","[ 0.         -0.82016569 10.98445702 -0.39983511 -3.96590638  0.46367264
 -1.09586573  0.49529201]"
1747093060.2131267,"[ 0.          0.10780714  0.57075211 -3.13056104 -2.26509707  0.0236448
  0.96005326  1.59179735]","[ 0.00000000e+00  2.65149452e-05 -3.42210056e-04  5.36644520e-02
 -1.51136700e-04  3.63782538e-05  3.70924870e-05  7.08851351e-03]","[ 0.         -0.82749337 11.00094795 -0.41809502 -3.96168709  0.46898684
 -1.09168577  0.49903962]"
1747093060.2148979,"[ 0.          0.10780714  0.57075211 -3.13045824 -2.26509734  0.0236448
  0.96005326  1.59180973]","[ 0.00000000e+00  2.65146811e-05 -3.24502310e-04  5.21288109e-02
 -1.51135188e-04  3.64729168e-05  3.70928568e-05  6.62477914e-03]","[ 0.         -0.81880593 11.02634716 -0.39752296 -3.93408561  0.46997026
 -1.09842885  0.51801401]"
1747093060.217176,"[ 0.          0.10780714  0.57075164 -3.13035385 -2.26509787  0.0236448
  0.96005326  1.59182212]","[ 0.00000000e+00  2.38634509e-05 -3.17042988e-04  5.37493985e-02
 -1.56438185e-04  3.53720425e-05  3.70928568e-05  6.15951189e-03]","[ 0.         -0.81669515 11.07782269 -0.38112184 -3.92269254  0.46282539
 -1.1014955   0.51109916]"
1747093060.218816,"[ 0.          0.10780668  0.57075164 -3.13024466 -2.2650984   0.0236448
  0.96005326  1.59183264]","[ 0.00000000e+00  1.85604623e-05 -3.10418050e-04  5.32092012e-02
 -1.56436625e-04  3.41649929e-05  3.71209245e-05  5.69589300e-03]","[ 0.         -0.83279908 11.12299347 -0.35623804 -3.91998363  0.44923234
 -1.09972012  0.50549436]"
1747093060.2211099,"[ 0.          0.10780668  0.57075117 -3.13014266 -2.26509867  0.0236448
  0.96005326  1.59184302]","[ 0.00000000e+00  1.85466133e-05 -2.93959604e-04  5.13706214e-02
 -1.53786679e-04  3.31187444e-05  3.70928568e-05  5.16732782e-03]","[ 0.         -0.81758165 11.16006374 -0.33613208 -3.91603971  0.45177758
 -1.09511709  0.50341743]"
1747093060.222961,"[ 0.          0.10780714  0.57075117 -3.1300886  -2.26509867  0.0236448
  0.96005326  1.59184782]","[ 0.00000000e+00  1.85604623e-05 -2.82204212e-04  5.08581085e-02
 -1.53786679e-04  3.30406753e-05  3.70928568e-05  4.96858422e-03]","[ 0.         -0.7902149  11.16374302 -0.30943415 -3.9145081   0.46313009
 -1.09887326  0.49868464]"
1747093060.2247336,"[ 0.          0.10780668  0.57075071 -3.12998899 -2.2650992   0.0236448
  0.96005326  1.59185541]","[ 0.00000000e+00  1.32574726e-05 -2.82198230e-04  5.07783261e-02
 -1.51135188e-04  3.21337047e-05  3.70928568e-05  4.50372946e-03]","[ 0.         -0.75160611 11.16313553 -0.28763598 -3.91715741  0.47024831
 -1.09954321  0.52691698]"
1747093060.2265263,"[ 0.          0.10780714  0.57075024 -3.12988833 -2.2650992   0.0236448
  0.96005326  1.59186206]","[ 0.00000000e+00  1.32574726e-05 -2.76858904e-04  4.83983131e-02
 -1.51135188e-04  0.00000000e+00  3.70932266e-05  3.57649089e-03]","[ 0.         -0.71826166 11.17043591 -0.26519689 -3.89618087  0.45279631
 -1.10027432  0.52008539]"
1747093060.2277591,"[ 0.          0.10780714  0.57075024 -3.12984279 -2.2650992   0.0236448
  0.96005326  1.59186393]","[ 0.00000000e+00  1.32574726e-05 -2.70872189e-04  4.61398734e-02
 -1.45832208e-04  0.00000000e+00  3.70928568e-05  3.04739828e-03]","[ 0.         -0.69950962 11.16533279 -0.23457757 -3.8879621   0.44340718
 -1.10446894  0.49249113]"
1747093060.2294886,"[ 0.          0.10780668  0.57074978 -3.12976156 -2.26509973  0.0236448
  0.96005326  1.59186779]","[ 0.00000000e+00  7.95448397e-06 -2.60042596e-04  3.97043280e-02
 -1.45830745e-04  0.00000000e+00  3.70928568e-05  2.11940198e-03]","[ 0.         -0.64743578 11.15342522 -0.17386825 -3.88312578  0.42741731
 -1.09449267  0.49182934]"
1747093060.2312164,"[ 0.          0.10780714  0.57074931 -3.12968859 -2.26510027  0.0236448
  0.96005326  1.59187059]","[ 0.00000000e+00  7.95448397e-06 -2.54543487e-04  3.45724769e-02
 -1.48483698e-04  0.00000000e+00  3.70924870e-05  1.65578283e-03]","[ 0.         -0.5985105  11.13162708 -0.14513712 -3.87889862  0.40102914
 -1.0855453   0.49470863]"
1747093060.2330518,"[ 0.          0.10780714  0.57074931 -3.12965637 -2.26510053  0.02364385
  0.96005326  1.59187165]","[ 0.00000000e+00  7.96050683e-06 -2.38634513e-04  3.26817948e-02
 -1.51248126e-04 -2.64945009e-05  3.70924870e-05  1.45708890e-03]","[ 0.         -0.55449367 11.10518742 -0.1124694  -3.87264371  0.41626486
 -1.0803932   0.50527793]"
1747093060.2342916,"[ 0.          0.10780714  0.57074844 -3.12959618 -2.26510053  0.02364385
  0.96005326  1.59187352]","[ 0.00000000e+00  7.95448397e-06 -2.39595943e-04  2.99504423e-02
 -1.45832208e-04 -2.58603259e-05  2.91443860e-05  9.27238375e-04]","[ 0.00000000e+00 -4.68893111e-01  1.10631943e+01  4.56649857e-03
 -3.86173654e+00  4.01285917e-01 -1.07011795e+00  5.07453024e-01]"
1747093060.236592,"[ 0.          0.10780714  0.57074751 -3.12954158 -2.26510053  0.02364385
  0.96005326  1.59187445]","[ 0.00000000e+00  7.95448397e-06 -2.50395936e-04  2.56592596e-02
 -1.40527813e-04 -2.52109732e-05  2.91443860e-05  6.62313144e-04]","[ 0.         -0.37670469 11.03729057  0.10319492 -3.83911657  0.40766522
 -1.05904639  0.50906605]"
1747093060.2383878,"[ 0.          0.1078076   0.57074611 -3.12949524 -2.26510053  0.02364385
  0.96005326  1.59187538]","[ 0.00000000e+00  7.95448397e-06 -2.65586958e-04  2.15660871e-02
 -1.40529211e-04 -2.46355181e-05  2.91443860e-05  5.31887593e-04]","[ 0.         -0.24490541 11.02746582  0.22038446 -3.81180334  0.37456027
 -1.06802356  0.49616182]"
1747093060.2395537,"[ 0.          0.1078076   0.57074565 -3.12947554 -2.26510107  0.02364385
  0.96005326  1.59187631]","[ 0.00000000e+00  7.95440473e-06 -2.70044632e-04  1.99872133e-02
 -1.45832208e-04 -2.46355181e-05  2.91443860e-05  5.31993801e-04]","[ 0.         -0.19361927 11.00371552  0.28058633 -3.80970216  0.35138059
 -1.07050049  0.49040407]"
1747093060.241335,"[ 0.          0.1078076   0.57074432 -3.12944251 -2.26510107  0.0236429
  0.96005419  1.59187724]","[ 0.00000000e+00  7.95448397e-06 -2.83772688e-04  1.56656540e-02
 -1.45832208e-04 -4.21510099e-05  3.70372172e-05  5.28479871e-04]","[ 0.         -0.06917503 10.92968655  0.36631152 -3.81332159  0.32858983
 -1.05976748  0.49235162]"
1747093060.243159,"[ 0.          0.10780806  0.57074245 -3.12941269 -2.26510107  0.0236429
  0.96005419  1.59187831]","[ 0.00000000e+00  7.95448397e-06 -3.01691744e-04  1.42938025e-02
 -1.40529211e-04 -4.11625974e-05  3.70092754e-05  5.96155957e-04]","[ 0.          0.04557331 10.86516666  0.48401293 -3.78305268  0.3156215
 -1.05940008  0.48970041]"
1747093060.245352,"[ 0.          0.10780806  0.57074059 -3.12938632 -2.26510107  0.02364195
  0.96005419  1.59187924]","[ 0.00000000e+00  7.94838950e-06 -3.12683265e-04  1.34911902e-02
 -1.40529211e-04 -6.19837740e-05  3.70372172e-05  5.31039133e-04]","[ 0.          0.15597352 10.79228401  0.60617197 -3.751194    0.28605154
 -1.04530203  0.47270939]"
1747093060.2477293,"[ 0.          0.10780851  0.57073786 -3.12935836 -2.26510107  0.02364195
  0.96005419  1.59188017]","[ 0.00000000e+00  7.95448397e-06 -3.51562361e-04  1.42803556e-02
 -1.40529211e-04 -6.07170698e-05  3.70368514e-05  5.30980258e-04]","[ 0.          0.2694312  10.75933552  0.66675812 -3.72047377  0.25911132
 -1.02549493  0.48554954]"
1747093060.2494955,"[ 0.          0.10780851  0.57073513 -3.129328   -2.26510107  0.02364195
  0.96005419  1.59188017]","[ 0.00000000e+00  7.96050683e-06 -3.86990954e-04  1.64759457e-02
 -1.40529211e-04 -5.95011004e-05  3.70368514e-05  3.72321299e-04]","[ 0.          0.37600386 10.71677876  0.7217555  -3.68958378  0.24161878
 -1.00190139  0.49797523]"
1747093060.251319,"[ 0.          0.10780898  0.57073187 -3.12929098 -2.26510107  0.02364195
  0.96005513  1.59188017]","[ 0.00000000e+00  7.95448397e-06 -4.91358130e-04  1.99872133e-02
 -1.40529211e-04 -5.83328791e-05  3.70372172e-05  2.92567394e-04]","[ 0.          0.4741599  10.67218971  0.78261787 -3.64041305  0.23718368
 -0.99710238  0.49634168]"
1747093060.2530582,"[ 0.          0.10780898  0.57073007 -3.12926648 -2.26510107  0.023641
  0.96005513  1.59188017]","[ 0.00000000e+00  7.95448397e-06 -6.14155701e-04  2.30706982e-02
 -1.40529211e-04 -7.41296676e-05  3.70368514e-05  2.66340328e-04]","[ 0.          0.49781042 10.64182472  0.7958833  -3.62664032  0.24900423
 -0.9938193   0.49965042]"
1747093060.254722,"[ 0.          0.10780898  0.57072641 -3.12921375 -2.26510107  0.023641
  0.96005513  1.59188017]","[ 0.00000000e+00  7.95448397e-06 -1.06071847e-03  2.80901368e-02
 -1.40529211e-04 -7.28122774e-05  3.70368514e-05  1.68311017e-04]","[ 0.          0.57840556 10.60341072  0.85195231 -3.5915885   0.24309112
 -0.98773789  0.48826322]"
1747093060.2558625,"[ 0.          0.10780944  0.57072135 -3.12915356 -2.26510107  0.023641
  0.96005513  1.59188017]","[ 0.00000000e+00  1.32574726e-05 -1.61242896e-03  3.13313079e-02
 -1.40529211e-04 -7.13314873e-05  3.70089097e-05  9.61777205e-05]","[ 0.          0.63989866 10.59065056  0.84293866 -3.57487035  0.25837266
 -0.96719426  0.4916743 ]"
1747093060.2576237,"[ 0.          0.10780944  0.57071855 -3.12911921 -2.26510107  0.023641
  0.96005513  1.59188017]","[ 0.00000000e+00  7.95448397e-06 -1.91498655e-03  3.23491306e-02
 -1.37877721e-04 -7.13314873e-05  3.70089097e-05  8.83157386e-05]","[ 0.          0.65340209 10.56405258  0.84419984 -3.55786014  0.25967303
 -0.96719426  0.48628965]"
1747093060.2588122,"[ 0.          0.10780944  0.57071123 -3.12905343 -2.26510107  0.023641
  0.96005513  1.59188111]","[ 0.00000000e+00  7.95448397e-06 -2.68052781e-03  3.34581521e-02
 -1.37877721e-04 -7.00121221e-05  3.70368514e-05  1.42862500e-04]","[ 0.          0.72399956 10.5437479   0.82854456 -3.52567458  0.25500447
 -0.96406883  0.50080299]"
1747093060.2605484,"[ 0.          0.10780944  0.57070663 -3.12901987 -2.26510107  0.023641
  0.96005513  1.59188111]","[ 0.00000000e+00  7.95448397e-06 -3.24775746e-03  3.40322817e-02
 -1.37773464e-04 -6.86432290e-05  3.70368514e-05  8.16482294e-05]","[ 0.          0.75666285 10.53860474  0.80155599 -3.51262212  0.25424418
 -0.95812571  0.49965274]"
1747093060.2622669,"[ 0.          0.1078099   0.57069605 -3.12894743 -2.26510107  0.02364004
  0.96005606  1.59188111]","[ 0.00000000e+00  1.32574726e-05 -4.79301481e-03  3.64631611e-02
 -1.32574732e-04 -8.67981806e-05  4.76188043e-05  8.11691888e-05]","[ 0.          0.76608455 10.55953312  0.77439547 -3.49406099  0.26320046
 -0.97808516  0.49990138]"
1747093060.2633517,"[ 0.          0.10781035  0.57068872 -3.12890988 -2.26510107  0.02364004
  0.96005606  1.59188111]","[ 0.00000000e+00  1.85604623e-05 -5.87913669e-03  3.80837445e-02
 -1.27270476e-04 -8.51605901e-05  4.76188043e-05  8.11691888e-05]","[ 0.          0.75389051 10.54685497  0.76652533 -3.49290061  0.27312824
 -0.97037727  0.49357277]"
1747093060.265041,"[ 0.          0.10781035  0.57067354 -3.12882493 -2.26510107  0.02364004
  0.96005606  1.59188111]","[ 0.00000000e+00  1.85606472e-05 -7.69387655e-03  4.25905330e-02
 -1.27175500e-04 -8.36960303e-05  4.76192757e-05  7.59005625e-05]","[ 0.          0.72723228 10.57048893  0.7485745  -3.46252942  0.28653508
 -0.95386058  0.50610155]"
1747093060.266719,"[ 0.          0.10781035  0.57066436 -3.12878125 -2.26510107  0.02364004
  0.96005606  1.59188111]","[ 0.00000000e+00  1.85604623e-05 -8.90869933e-03  4.42959881e-02
 -1.27271744e-04 -8.36960303e-05  4.76188043e-05  7.05660073e-05]","[ 0.          0.73596996 10.58513546  0.76045787 -3.47291112  0.29485884
 -0.94401795  0.50637203]"
1747093060.2683768,"[ 0.          0.10781081  0.57064278 -3.12869017 -2.26510053  0.02364004
  0.96005606  1.59188111]","[ 0.00000000e+00  2.38634509e-05 -1.08038994e-02  4.67268633e-02
 -1.16577544e-04 -8.21723767e-05  4.75828816e-05  7.05613341e-05]","[ 0.          0.73174042 10.60987663  0.73314703 -3.48822093  0.31178376
 -0.95047671  0.51755124]"
1747093060.2700577,"[ 0.          0.10781081  0.5706318  -3.1286393  -2.26510053  0.02364004
  0.96005606  1.59188111]","[ 0.00000000e+00  2.38454062e-05 -1.10739970e-02  4.78967774e-02
 -1.16577544e-04 -8.22781619e-05  4.76188043e-05  6.62354325e-05]","[ 0.          0.73059285 10.61749458  0.72751886 -3.49212646  0.30969459
 -0.94975919  0.54224378]"
1747093060.2717743,"[ 0.          0.10781081  0.57060836 -3.12853917 -2.26510107  0.02364004
  0.96005706  1.59188111]","[ 0.00000000e+00  1.85604623e-05 -1.12739650e-02  5.20759971e-02
 -1.19317257e-04 -8.09102604e-05  5.82013384e-05  6.24129617e-05]","[ 0.          0.72719872 10.61648083  0.69354004 -3.51195216  0.2973178
 -0.96351367  0.52668881]"
1747093060.2734165,"[ 0.          0.10781128  0.57058819 -3.12842625 -2.26510107  0.02364004
  0.96005706  1.59188111]","[ 0.00000000e+00  2.38454062e-05 -9.72350907e-03  5.91513461e-02
 -1.13928053e-04 -7.94854838e-05  5.82007654e-05  6.24093044e-05]","[ 0.          0.6949321  10.6117506   0.68386018 -3.52654529  0.28862932
 -0.96146888  0.51232255]"
1747093060.2751245,"[ 0.          0.10781128  0.57057028 -3.12829895 -2.26510053  0.02364004
  0.96005706  1.59188111]","[ 0.00000000e+00  2.38634509e-05 -8.37302164e-03  6.29327103e-02
 -1.08710198e-04 -7.83039581e-05  4.76188043e-05  5.87537606e-05]","[ 0.          0.67689693 10.62224293  0.66881311 -3.53836346  0.30629331
 -0.94354463  0.53246284]"
1747093060.2767603,"[ 0.          0.10781128  0.57055783 -3.12817085 -2.26510053  0.02363909
  0.96005706  1.59188111]","[ 0.00000000e+00  2.38632132e-05 -5.67204678e-03  6.61738814e-02
 -1.08629080e-04 -8.97954234e-05  4.75828816e-05  0.00000000e+00]","[ 0.          0.62254477 10.58421707  0.62757653 -3.53083801  0.32144526
 -0.94833297  0.5403685 ]"
1747093060.278504,"[ 0.          0.10781128  0.57055284 -3.12809788 -2.26510107  0.02363909
  0.96005706  1.59188111]","[ 0.00000000e+00  2.38451685e-05 -5.12665220e-03  6.87105590e-02
 -1.13928053e-04 -8.83960041e-05  4.76192757e-05  0.00000000e+00]","[ 0.          0.58762544 10.53309917  0.59831303 -3.50502777  0.33033636
 -0.95588052  0.52805036]"
1747093060.2802532,"[ 0.          0.10781174  0.57054545 -3.12795833 -2.26510053  0.02363909
  0.96005706  1.59188111]","[ 0.00000000e+00  2.65149452e-05 -3.24116978e-03  7.07655415e-02
 -1.03408291e-04 -8.82899425e-05  4.75828816e-05  0.00000000e+00]","[ 0.          0.5643214  10.45695496  0.58795148 -3.47800374  0.33202985
 -0.95632178  0.54844469]"
1747093060.2829401,"[ 0.          0.10781174  0.57054132 -3.12781692 -2.26510027  0.02363909
  0.96005706  1.59188111]","[ 0.00000000e+00  2.64946330e-05 -1.89068235e-03  6.86459191e-02
 -9.80311158e-05 -8.70381804e-05  4.76188043e-05  0.00000000e+00]","[ 0.          0.51045668 10.35676956  0.58970886 -3.43633628  0.32590982
 -0.92386854  0.55141044]"
1747093060.284072,"[ 0.          0.10781174  0.57053905 -3.12774954 -2.26510027  0.02363909
  0.96005799  1.59188111]","[ 0.00000000e+00  2.65146811e-05 -2.00614768e-03  6.83346621e-02
 -9.80311158e-05 -8.56230104e-05  5.82007654e-05  0.00000000e+00]","[ 0.          0.49708125 10.34735298  0.57974058 -3.41340375  0.32968631
 -0.9253031   0.54946578]"
1747093060.2852087,"[ 0.          0.10781174  0.57053533 -3.12761266 -2.26510027  0.02363909
  0.96005799  1.59188111]","[ 0.00000000e+00  2.65149452e-05 -1.93046267e-03  6.62028724e-02
 -9.80311158e-05 -8.43509787e-05  5.82007654e-05  0.00000000e+00]","[ 0.          0.43941244 10.25959873  0.59411299 -3.34746647  0.32924491
 -0.9066968   0.55554283]"
1747093060.287512,"[ 0.          0.10781174  0.57052987 -3.12748962 -2.26510027  0.02363909
  0.96005799  1.59188111]","[ 0.00000000e+00  2.65149452e-05 -2.25186473e-03  6.07719338e-02
 -9.27330604e-05 -8.42543936e-05  5.82007654e-05  0.00000000e+00]","[ 0.          0.410557   10.17597198  0.6484431  -3.3037498   0.34279075
 -0.88608521  0.56088436]"
1747093060.2887378,"[ 0.          0.10781174  0.5705266  -3.12743076 -2.26510027  0.02363814
  0.96005799  1.59188111]","[ 0.00000000e+00  2.65149452e-05 -2.49987160e-03  5.96915434e-02
 -9.28013868e-05 -1.00416306e-04  5.81568575e-05  0.00000000e+00]","[ 0.          0.39738387 10.11830616  0.6884259  -3.30718231  0.34450141
 -0.87936097  0.55931455]"
1747093060.2904482,"[ 0.          0.10781174  0.57051788 -3.12731145 -2.26510027  0.02363814
  0.96005892  1.59188111]","[ 0.00000000e+00  3.17458709e-05 -3.20006009e-03  5.72606640e-02
 -8.74331602e-05 -9.89448869e-05  6.61378843e-05  0.00000000e+00]","[ 0.          0.38383347 10.02113247  0.70365149 -3.25460124  0.35172403
 -0.86055952  0.56293023]"
1747093060.29224,"[ 0.          0.10781174  0.57051196 -3.12725632 -2.26510027  0.02363814
  0.96005892  1.59188111]","[ 0.00000000e+00  3.17701716e-05 -4.13908549e-03  5.59101792e-02
 -8.73671094e-05 -9.74075388e-05  6.61378843e-05  0.00000000e+00]","[ 0.          0.39511335 10.00299072  0.71433824 -3.25167155  0.33839175
 -0.86194205  0.56990695]"
1747093060.293383,"[ 0.          0.10781219  0.57049678 -3.1271498  -2.26509973  0.02363814
  0.96005892  1.59188111]","[ 0.00000000e+00  3.70648338e-05 -6.93211625e-03  5.04044599e-02
 -7.67191870e-05 -9.60209769e-05  6.61372301e-05  0.00000000e+00]","[ 0.          0.4070349   9.92744732  0.76827955 -3.23027086  0.3362363
 -0.86202997  0.55600876]"
1747093060.295687,"[ 0.          0.10781265  0.57047747 -3.12705845 -2.26510027  0.02363719
  0.96005892  1.59188111]","[ 0.00000000e+00  4.50072964e-05 -1.02637042e-02  4.51062798e-02
 -8.20101635e-05 -1.09705641e-04  6.61372301e-05  0.00000000e+00]","[ 0.          0.44944313  9.90456772  0.81337076 -3.24847436  0.32185072
 -0.86499971  0.57657826]"
1747093060.2968416,"[ 0.          0.10781265  0.57045084 -3.12697243 -2.26510027  0.02363719
  0.96005892  1.59188111]","[ 0.00000000e+00  4.50068494e-05 -1.40450684e-02  4.11260274e-02
 -7.93646793e-05 -1.08304125e-04  6.61378843e-05  0.00000000e+00]","[ 0.          0.52142692  9.92218113  0.876508   -3.29963851  0.29241371
 -0.84436154  0.58805948]"
1747093060.298595,"[ 0.          0.10781265  0.57043479 -3.12693355 -2.26509973  0.02363719
  0.96005992  1.59188111]","[ 0.00000000e+00  4.49733161e-05 -1.62058481e-02  3.94342335e-02
 -6.87827183e-05 -1.06827033e-04  6.61372301e-05  0.00000000e+00]","[ 0.          0.53743482  9.9351387   0.9210062  -3.31621408  0.28423175
 -0.85787368  0.58997494]"
1747093060.3003616,"[ 0.          0.10781311  0.57039298 -3.12686218 -2.26509973  0.02363719
  0.96005992  1.59188111]","[ 0.00000000e+00  5.03022715e-05 -2.24180906e-02  3.51126721e-02
 -6.08462536e-05 -1.05280509e-04  6.61372301e-05  0.00000000e+00]","[ 0.          0.59524375 10.03566551  0.98656738 -3.36792731  0.30314457
 -0.86609775  0.60362637]"
1747093060.3020284,"[ 0.          0.10781357  0.57033925 -3.12680199 -2.26509973  0.02363624
  0.96005992  1.59188111]","[ 0.00000000e+00  5.82007654e-05 -2.89004307e-02  2.80901368e-02
 -5.55552731e-05 -1.14630847e-04  6.61378843e-05  0.00000000e+00]","[ 0.          0.68040597 10.18599987  1.07142413 -3.41679692  0.2811383
 -0.8757056   0.60215998]"
1747093060.3037624,"[ 0.          0.10781403  0.57030716 -3.12677722 -2.26509973  0.02363624
  0.96005992  1.59188111]","[ 0.00000000e+00  6.34917418e-05 -3.24116962e-02  2.51190644e-02
 -5.02642966e-05 -1.14513781e-04  6.61378843e-05  0.00000000e+00]","[ 0.          0.70398051 10.27221584  1.09120154 -3.44295597  0.27177298
 -0.87946779  0.59479922]"
1747093060.3054528,"[ 0.          0.10781495  0.57023459 -3.12673328 -2.26509973  0.02363529
  0.96005992  1.59188111]","[ 0.00000000e+00  7.41296676e-05 -3.59229638e-02  2.13377002e-02
 -4.23278279e-05 -1.27271735e-04  6.61372301e-05  0.00000000e+00]","[ 0.          0.82537401 10.51044369  1.15768111 -3.48388481  0.26385397
 -0.90221667  0.5826292 ]"
1747093060.307191,"[ 0.          0.10781541  0.5701997  -3.12671197 -2.26510027  0.02363529
  0.96005992  1.59188111]","[ 0.00000000e+00  7.67191870e-05 -3.53827707e-02  2.00614760e-02
 -4.76188043e-05 -1.25625741e-04  6.61372301e-05  0.00000000e+00]","[ 0.          0.89028782 10.64080238  1.1913619  -3.53396058  0.26385397
 -0.91850525  0.57601374]"
1747093060.3095741,"[ 0.          0.10781586  0.57013312 -3.12667442 -2.26510027  0.02363434
  0.96005992  1.59188111]","[ 0.00000000e+00  8.20101635e-05 -3.29518914e-02  1.91769216e-02
 -4.23598089e-05 -1.25502409e-04  6.60879907e-05  0.00000000e+00]","[ 0.          0.94520742 10.79761696  1.25616908 -3.57706165  0.24898614
 -0.94809651  0.5706647 ]"
1747093060.3112128,"[ 0.          0.10781679  0.57004677 -3.12661291 -2.26510027  0.02363434
  0.96005992  1.59188111]","[ 0.00000000e+00  8.99475262e-05 -2.64695534e-02  1.97433676e-02
 -3.70368514e-05 -1.22344188e-04  6.61372301e-05  0.00000000e+00]","[ 0.          1.13070631 10.99668694  1.37564325 -3.69032001  0.2168889
 -0.99990165  0.56822771]"
1747093060.3124247,"[ 0.          0.10781724  0.57002247 -3.12659213 -2.26510027  0.02363434
  0.96005992  1.59188111]","[ 0.00000000e+00  9.52376087e-05 -2.45788713e-02  2.10676037e-02
 -3.70368514e-05 -1.22225651e-04  6.60873364e-05  0.00000000e+00]","[ 0.          1.16829157 11.04148579  1.37226975 -3.70513773  0.2207054
 -0.99767226  0.58819199]"
1747093060.314118,"[ 0.          0.10781816  0.5699742  -3.12654899 -2.26510027  0.02363339
  0.96005992  1.59188111]","[ 0.00000000e+00  1.08547010e-04 -2.26881871e-02  2.13153193e-02
 -3.17455539e-05 -1.30890954e-04  6.61378843e-05  0.00000000e+00]","[ 0.          1.25648892 11.16919518  1.41417468 -3.69223785  0.22681105
 -0.98988849  0.58791089]"
1747093060.3157852,"[ 0.          0.10781862  0.56995263 -3.12652742 -2.26509973  0.02363339
  0.96005992  1.59188111]","[ 0.00000000e+00  1.13756038e-04 -2.18557287e-02  2.18778954e-02
 -2.64551545e-05 -1.30765720e-04  6.61372301e-05  0.00000000e+00]","[ 0.          1.3085686  11.16884995  1.46175885 -3.65790486  0.23661682
 -0.99239975  0.5906654 ]"
1747093060.3175988,"[ 0.          0.10781908  0.56991314 -3.12648427 -2.2650992   0.02363339
  0.96005992  1.59188111]","[ 0.00000000e+00  1.19047015e-04 -1.91769216e-02  2.16077989e-02
 -1.32274462e-05 -1.29162305e-04  6.61372301e-05  0.00000000e+00]","[ 0.          1.34655535 11.23009872  1.48393679 -3.5416975   0.23526202
 -0.994874    0.58735275]"
1747093060.318767,"[ 0.          0.10781954  0.56989523 -3.12646137 -2.2650992   0.02363243
  0.96005992  1.59188111]","[ 0.00000000e+00  1.24431935e-04 -1.68014870e-02  2.15660871e-02
 -1.32274462e-05 -1.42546217e-04  6.61372301e-05  0.00000000e+00]","[ 0.          1.37023127 11.24459457  1.49855268 -3.49071574  0.22976896
 -0.98544306  0.59796035]"
1747093060.3204477,"[ 0.          0.10782     0.56986954 -3.12642009 -2.26509867  0.02363243
  0.96005992  1.59188111]","[ 0.00000000e+00  1.32274460e-04 -1.21543863e-02  2.07975050e-02
 -2.64551540e-06 -1.40684687e-04  6.60879907e-05  0.00000000e+00]","[ 0.          1.44972694 11.17192936  1.53856897 -3.34254622  0.21979423
 -0.97592199  0.60002863]"
1747093060.32221,"[ 0.          0.10782046  0.56986035 -3.12639932 -2.26509867  0.02363243
  0.96005992  1.59188111]","[ 0.00000000e+00  1.37669385e-04 -9.17400947e-03  2.10676037e-02
  0.00000000e+00 -1.40684687e-04  6.60879907e-05  0.00000000e+00]","[ 0.          1.44772756 11.10626316  1.56174147 -3.27062798  0.19065163
 -0.94617808  0.59701556]"
1747093060.323892,"[ 0.          0.10782137  0.5698489  -3.12635218 -2.2650984   0.02363148
  0.96005992  1.59188111]","[ 0.00000000e+00  1.40212311e-04 -4.59165694e-03  2.40386761e-02
  2.64548924e-06 -1.38872830e-04  6.61378843e-05  0.00000000e+00]","[ 0.          1.49659753 10.96114922  1.57146978 -3.14199448  0.20536911
 -0.91511178  0.59259707]"
1747093060.3256106,"[ 0.          0.1078223   0.56984517 -3.12629705 -2.2650984   0.02363148
  0.96006085  1.59188111]","[ 0.00000000e+00  1.56201794e-04 -1.08038990e-03  2.91705272e-02
  7.93646773e-06 -1.37355378e-04  7.40737029e-05  0.00000000e+00]","[ 0.          1.52029097 10.71425724  1.57636571 -3.05025125  0.22073653
 -0.87906021  0.60982364]"
1747093060.3267984,"[ 0.          0.10782275  0.56984517 -3.12626536 -2.2650984   0.02363148
  0.96006085  1.59188111]","[ 0.00000000e+00  1.58849285e-04  0.00000000e+00  3.21415997e-02
  7.93654595e-06 -1.37355378e-04  7.40744343e-05  0.00000000e+00]","[ 0.          1.54179955 10.60806942  1.56527734 -3.01442289  0.23051409
 -0.87059182  0.60369432]"
1747093060.3285077,"[ 0.          0.10782367  0.5698461  -3.12618813 -2.26509787  0.02363148
  0.96006178  1.59188111]","[ 0.00000000e+00  1.64021952e-04  3.50993221e-04  3.97043280e-02
  1.32274462e-05 -1.23012661e-04  8.46564929e-05  0.00000000e+00]","[ 0.          1.53982699 10.38715649  1.54928911 -2.87979841  0.2429959
 -0.84154344  0.6049946 ]"
1747093060.3296666,"[ 0.          0.10782413  0.5698443  -3.12614605 -2.26509734  0.02363148
  0.96006178  1.59188111]","[ 0.00000000e+00  1.74734219e-04 -2.02521763e-04  4.26754004e-02
  2.38096379e-05 -1.21592712e-04  8.46556558e-05  0.00000000e+00]","[ 0.          1.5088104  10.14907265  1.52571452 -2.81591868  0.2291311
 -0.78917766  0.61339229]"
1747093060.3314195,"[ 0.          0.10782413  0.5698429  -3.12610051 -2.26509734  0.02363148
  0.96006178  1.59188111]","[ 0.00000000e+00  1.71116504e-04 -4.25510074e-04  4.61866702e-02
  2.91006692e-05 -1.21592712e-04  8.46556558e-05  0.00000000e+00]","[ 0.          1.46644533 10.08840275  1.4978919  -2.78500271  0.22858053
 -0.79596496  0.62324303]"
1747093060.3330946,"[ 0.          0.10782459  0.56984151 -3.12605124 -2.26509734  0.02363148
  0.96006178  1.59188111]","[ 0.00000000e+00  1.76329352e-04 -6.22130100e-04  4.99680343e-02
  2.91003827e-05 -1.20098154e-04  8.46564929e-05  0.00000000e+00]","[ 0.          1.4524461  10.0001812   1.47591829 -2.76451421  0.21801509
 -0.781663    0.62690347]"
1747093060.3343132,"[ 0.          0.10782505  0.56983691 -3.12593513 -2.26509734  0.02363148
  0.96006272  1.59188111]","[ 0.00000000e+00  1.82757658e-04 -1.03637954e-03  5.91513461e-02
  3.17461838e-05 -1.18847587e-04  9.52385514e-05  0.00000000e+00]","[ 0.          1.36107254  9.80158234  1.4221065  -2.76953077  0.24582286
 -0.78339189  0.64939278]"
1747093060.3372092,"[ 0.          0.10782505  0.56982959 -3.12579611 -2.26509734  0.02363148
  0.96006272  1.59188111]","[ 0.00000000e+00  1.85803892e-04 -1.54247404e-03  7.04659358e-02
  3.17458709e-05 -1.17521646e-04  9.52385514e-05  0.00000000e+00]","[ 0.          1.25342298  9.66669941  1.31714559 -2.82214999  0.28618386
 -0.76146609  0.6726799 ]"
1747093060.3383315,"[ 0.          0.10782505  0.56981993 -3.12564458 -2.26509734  0.02363148
  0.96006272  1.59188111]","[ 0.00000000e+00  1.82071192e-04 -2.83220862e-03  7.85983643e-02
  3.17458709e-05 -1.17419348e-04  9.52376087e-05  0.00000000e+00]","[ 0.          1.13587809  9.50221252  1.22735059 -2.88700461  0.33339578
 -0.76502806  0.67989969]"
1747093060.340061,"[ 0.          0.10782505  0.56980615 -3.12547973 -2.26509734  0.02363148
  0.96006371  1.59188111]","[ 0.00000000e+00  1.80175380e-04 -5.82835561e-03  8.49945032e-02
  3.70372172e-05 -1.16027617e-04  1.03175101e-04  0.00000000e+00]","[ 0.          0.97784936  9.4372654   1.11054909 -2.9997437   0.3372269
 -0.76739675  0.67416048]"
1747093060.3412502,"[ 0.          0.10782551  0.56979743 -3.12538652 -2.26509734  0.02363148
  0.96006371  1.59188111]","[ 0.00000000e+00  1.83889176e-04 -8.10292405e-03  8.77689595e-02
  3.70368514e-05 -1.07193420e-04  1.03330098e-04  0.00000000e+00]","[ 0.          0.89674836  9.38519192  1.07616496 -3.06192183  0.38211396
 -0.78370017  0.66198212]"
1747093060.3430114,"[ 0.          0.10782505  0.56977632 -3.12521022 -2.26509734  0.02363148
  0.96006371  1.59188111]","[ 0.00000000e+00  1.74543064e-04 -1.07830435e-02  8.94022679e-02
  3.70368514e-05 -1.07193420e-04  9.53816248e-05  0.00000000e+00]","[ 0.          0.72462696  9.36361217  0.90497619 -3.13971519  0.38313103
 -0.8084293   0.67242378]"
1747093060.3446958,"[ 0.          0.10782505  0.56976394 -3.12511275 -2.26509734  0.02363148
  0.96006371  1.59188111]","[ 0.00000000e+00  1.74402949e-04 -1.24118953e-02  9.17812530e-02
  3.70368514e-05 -1.05934384e-04  9.54538036e-05  0.00000000e+00]","[ 0.          0.67519236  9.41062546  0.82345802 -3.17757344  0.37238753
 -0.81650174  0.68575466]"
1747093060.3458304,"[ 0.          0.10782505  0.56973498 -3.12492633 -2.26509734  0.02363148
  0.96006371  1.59188111]","[ 0.00000000e+00  1.72742570e-04 -1.53799571e-02  9.50743100e-02
  3.70372172e-05 -1.04879832e-04  9.53816248e-05  0.00000000e+00]","[ 0.          0.55305642  9.44468784  0.68517965 -3.25858951  0.40245843
 -0.80904686  0.71790886]"
1747093060.3475575,"[ 0.          0.10782505  0.5697166  -3.12483072 -2.26509734  0.02363148
  0.96006371  1.59188111]","[ 0.00000000e+00  1.67170217e-04 -1.73030237e-02  9.69649962e-02
  3.70368514e-05 -1.04880978e-04  9.53825757e-05  0.00000000e+00]","[ 0.          0.45925984  9.5055294   0.64548266 -3.30972219  0.43470883
 -0.79598624  0.72062498]"
1747093060.3493667,"[ 0.          0.10782459  0.56967572 -3.12462725 -2.26509734  0.02363243
  0.96006371  1.59188111]","[ 0.00000000e+00  1.64384057e-04 -2.18778954e-02  1.00746360e-01
  3.70089097e-05 -9.21568820e-05  9.53816248e-05  0.00000000e+00]","[ 0.          0.31396937  9.57730579  0.56189042 -3.34569764  0.51086456
 -0.80525988  0.73816949]"
1747093060.3510835,"[ 0.          0.10782459  0.56965096 -3.12452925 -2.26509734  0.02363243
  0.96006371  1.59188111]","[ 0.00000000e+00  1.64384057e-04 -2.51190644e-02  9.93958714e-02
  3.70368514e-05 -9.21568820e-05  9.53816248e-05  0.00000000e+00]","[ 0.          0.22744299  9.61502934  0.48386714 -3.369205    0.53975099
 -0.80601937  0.76228946]"
1747093060.3527484,"[ 0.          0.10782505  0.56958711 -3.12433484 -2.26509734  0.02363243
  0.96006371  1.59188111]","[ 0.00000000e+00  1.62577727e-04 -3.33208307e-02  9.83154852e-02
  3.70372172e-05 -9.11836514e-05  8.47836692e-05  0.00000000e+00]","[ 0.          0.09908742  9.78177834  0.38382316 -3.41790628  0.55897284
 -0.81246859  0.76818186]"
1747093060.3539712,"[ 0.          0.10782459  0.56950908 -3.12414202 -2.26509734  0.02363243
  0.96006371  1.59188111]","[ 0.00000000e+00  1.57066622e-04 -4.10548170e-02  9.27374943e-02
  3.70368514e-05 -9.02317224e-05  8.47836692e-05  0.00000000e+00]","[ 0.00000000e+00 -5.43260714e-03  9.98711300e+00  2.93419152e-01
 -3.45458078e+00  5.74571311e-01 -8.28456998e-01  7.60317802e-01]"
1747093060.355746,"[ 0.          0.10782413  0.56946267 -3.12405201 -2.26509734  0.02363243
  0.96006371  1.59188111]","[ 0.00000000e+00  1.49908255e-04 -4.36337140e-02  9.12004509e-02
  3.70368514e-05 -8.92985270e-05  8.47836692e-05  0.00000000e+00]","[ 0.         -0.08244696 10.11567688  0.26853231 -3.46489048  0.57937151
 -0.82144958  0.75837219]"
1747093060.3574376,"[ 0.          0.10782413  0.56941766 -3.12396146 -2.26509734  0.02363243
  0.96006371  1.59188111]","[ 0.00000000e+00  1.50024947e-04 -4.56464729e-02  9.18331430e-02
  3.70368514e-05 -8.92994616e-05  8.47836692e-05  0.00000000e+00]","[ 0.         -0.12780267 10.2564249   0.24932225 -3.46833682  0.5569101
 -0.84740412  0.75747615]"
1747093060.359306,"[ 0.          0.10782459  0.56932219 -3.12377611 -2.26509734  0.02363243
  0.96006371  1.59188111]","[ 0.00000000e+00  1.52402173e-04 -4.93777572e-02  9.02125596e-02
  3.70372172e-05 -7.99119245e-05  8.47836692e-05  0.00000000e+00]","[ 0.         -0.18323824 10.56963825  0.1789481  -3.43564177  0.55501723
 -0.88320351  0.75537312]"
1747093060.3611445,"[ 0.          0.10782413  0.56921153 -3.12359554 -2.26509734  0.02363243
  0.96006371  1.59188111]","[ 0.00000000e+00  1.46942611e-04 -5.56705988e-02  9.24671169e-02
  3.70368514e-05 -7.91040605e-05  8.47836692e-05  0.00000000e+00]","[ 0.         -0.19705161 10.84529781  0.16395599 -3.47022152  0.55151689
 -0.90640312  0.73902529]"
1747093060.362954,"[ 0.          0.10782413  0.56909209 -3.12340406 -2.26509734  0.02363243
  0.96006371  1.59188111]","[ 0.00000000e+00  1.41705852e-04 -6.10420282e-02  9.37238210e-02
  3.70368514e-05 -7.83131744e-05  7.68351964e-05  0.00000000e+00]","[ 0.         -0.23692818 11.17362499  0.14494435 -3.51011777  0.56207275
 -0.9241299   0.74413228]"
1747093060.364705,"[ 0.          0.10782413  0.56896719 -3.12320859 -2.26509734  0.02363243
  0.96006371  1.59188111]","[ 0.00000000e+00  1.37565437e-04 -6.08794131e-02  9.62950864e-02
  3.70372172e-05 -7.74780514e-05  7.68933393e-05  0.00000000e+00]","[ 0.         -0.28210589 11.44703579  0.16988927 -3.57650352  0.58872527
 -0.96902955  0.73622149]"
1747093060.3658576,"[ 0.          0.10782413  0.5688345  -3.12301924 -2.26509734  0.02363243
  0.96006371  1.59188111]","[ 0.00000000e+00  1.37565437e-04 -6.28689484e-02  9.56145072e-02
  3.70368514e-05 -7.67191870e-05  7.68359685e-05  0.00000000e+00]","[ 0.         -0.31003588 11.73170757  0.15923436 -3.67061973  0.59377903
 -1.03331852  0.76218295]"
1747093060.3675737,"[ 0.          0.10782413  0.56876699 -3.12292523 -2.26509734  0.02363243
  0.96006371  1.59188111]","[ 0.00000000e+00  1.37566802e-04 -6.36951900e-02  9.52478066e-02
  3.70368514e-05 -7.67191870e-05  7.68351964e-05  0.00000000e+00]","[ 0.         -0.30142421 11.86116123  0.19714719 -3.70526171  0.58625275
 -1.05092752  0.75602388]"
1747093060.3693826,"[ 0.          0.10782413  0.56864714 -3.12273374 -2.26509734  0.02363243
  0.96006371  1.59188111]","[ 0.00000000e+00  1.32274460e-04 -5.96915434e-02  9.26434348e-02
  3.17698567e-05 -7.67199429e-05  7.68933393e-05  0.00000000e+00]","[ 0.         -0.27976495 12.12443542  0.21909519 -3.70806003  0.58259463
 -1.07689643  0.75900799]"
1747093060.3712142,"[ 0.          0.10782413  0.56859069 -3.1226432  -2.26509734  0.02363243
  0.96006371  1.59188111]","[ 0.00000000e+00  1.32374402e-04 -5.72606640e-02  9.18331430e-02
  3.17458709e-05 -7.67191870e-05  7.68351964e-05  0.00000000e+00]","[ 0.         -0.2921167  12.20767593  0.21240492 -3.7001915   0.57401669
 -1.08679485  0.75992477]"
1747093060.3723636,"[ 0.          0.10782413  0.5684791  -3.12246636 -2.26509734  0.02363243
  0.96006272  1.59188111]","[ 0.00000000e+00  1.32275769e-04 -5.40194971e-02  8.94022679e-02
  3.70368514e-05 -7.67191870e-05  5.56387285e-05  0.00000000e+00]","[ 0.         -0.29482833 12.32539368  0.27824387 -3.73471856  0.57873935
 -1.11236775  0.77240634]"
1747093060.374096,"[ 0.          0.10782413  0.56837304 -3.12228926 -2.26509734  0.02363243
  0.96006272  1.59188111]","[ 0.00000000e+00  1.27079427e-04 -5.34792999e-02  8.50807064e-02
  3.70368514e-05 -7.67199429e-05  5.56398379e-05  0.00000000e+00]","[ 0.         -0.24961908 12.4492979   0.31732497 -3.73414397  0.57427853
 -1.11860526  0.77324414]"
1747093060.3751605,"[ 0.          0.10782413  0.56831791 -3.1222075  -2.26509734  0.02363243
  0.96006272  1.59188111]","[ 0.00000000e+00  1.27079427e-04 -5.18602394e-02  8.29199257e-02
  3.17458709e-05 -7.67191870e-05  5.56392812e-05  0.00000000e+00]","[ 0.         -0.20592597 12.47568321  0.34362999 -3.71324229  0.55763704
 -1.11642134  0.77833211]"
1747093060.3769507,"[ 0.          0.10782413  0.56821917 -3.12204771 -2.26509734  0.02363243
  0.96006272  1.59188111]","[ 0.00000000e+00  1.26983484e-04 -4.96979357e-02  7.96787588e-02
  3.17701716e-05 -7.67763871e-05  5.56819415e-05  0.00000000e+00]","[ 0.         -0.17539431 12.46276665  0.41324991 -3.68532562  0.56759006
 -1.11215866  0.76715195]"
1747093060.378788,"[ 0.          0.10782413  0.56817097 -3.12196675 -2.26509734  0.02363243
  0.96006272  1.59188111]","[ 0.00000000e+00  1.26984735e-04 -4.88876440e-02  7.61618964e-02
  3.17458709e-05 -6.61378843e-05  5.56813848e-05  0.00000000e+00]","[ 0.         -0.16305454 12.41338158  0.44685775 -3.64472651  0.5460124
 -1.10389614  0.75844765]"
1747093060.3805616,"[ 0.          0.10782413  0.56811911 -3.12182854 -2.26509707  0.02363243
  0.96006272  1.59188111]","[ 0.00000000e+00  1.24337991e-04 -4.88538468e-02  6.80645635e-02
  3.43913591e-05 -6.61872009e-05  5.56813848e-05  0.00000000e+00]","[ 0.         -0.10073064 12.38484192  0.50908601 -3.57498598  0.55635089
 -1.10966027  0.75731307]"
1747093060.3816948,"[ 0.          0.10782459  0.56801897 -3.1217585  -2.26509707  0.02363243
  0.96006272  1.59188111]","[ 0.00000000e+00  1.26983484e-04 -5.07268771e-02  6.59521066e-02
  3.43913591e-05 -6.61372301e-05  5.56813848e-05  0.00000000e+00]","[ 0.         -0.07434392 12.23728561  0.54259288 -3.56427169  0.56367308
 -1.08888376  0.76101136]"
1747093060.3834562,"[ 0.          0.10782459  0.5679703  -3.12163519 -2.26509707  0.02363243
  0.96006272  1.59188111]","[ 0.00000000e+00  1.26984735e-04 -4.94278371e-02  6.10420282e-02
  3.17461838e-05 -6.61378843e-05  4.76908124e-05  0.00000000e+00]","[ 0.          0.035228   12.19519424  0.62887603 -3.48549581  0.54643983
 -1.07505822  0.75310743]"
1747093060.3851464,"[ 0.          0.10782459  0.56787663 -3.12152147 -2.26509654  0.02363243
  0.96006272  1.59188111]","[ 0.00000000e+00  1.26983484e-04 -4.42959881e-02  5.61233528e-02
  3.70089097e-05 -6.61372301e-05  4.77269018e-05  0.00000000e+00]","[ 0.          0.10062885 12.01789951  0.69005156 -3.42921829  0.53895032
 -1.04634905  0.76718181]"
1747093060.3875608,"[ 0.          0.10782459  0.56783535 -3.12146182 -2.26509654  0.02363243
  0.96006272  1.59188111]","[ 0.00000000e+00  1.26983484e-04 -4.18226896e-02  5.61721344e-02
  3.70368514e-05 -6.61372301e-05  4.77269018e-05  0.00000000e+00]","[ 0.          0.1378841  11.89377594  0.7469843  -3.38647652  0.51185966
 -1.0460124   0.77162474]"
1747093060.389357,"[ 0.          0.10782505  0.56775359 -3.12134863 -2.26509654  0.02363243
  0.96006272  1.59188111]","[ 0.00000000e+00  1.32274460e-04 -3.96214163e-02  5.78008613e-02
  3.70368514e-05 -6.61872009e-05  4.77269018e-05  0.00000000e+00]","[ 0.          0.23538847 11.65155125  0.75945824 -3.30060339  0.51263684
 -1.03225148  0.77122337]"
1747093060.3905714,"[ 0.          0.10782459  0.56767735 -3.12123039 -2.26509601  0.02363243
  0.96006272  1.59188111]","[ 0.00000000e+00  1.26984735e-04 -3.86239376e-02  5.75307627e-02
  4.23278279e-05 -5.55552731e-05  3.70928568e-05  0.00000000e+00]","[ 0.          0.2735936  11.34156799  0.83977777 -3.24622583  0.51384681
 -0.98797059  0.77299947]"
1747093060.3929794,"[ 0.          0.10782505  0.56760065 -3.12111721 -2.26509601  0.02363243
  0.96006272  1.59188111]","[ 0.00000000e+00  1.32473165e-04 -3.66121941e-02  5.77422967e-02
  4.23918346e-05 -5.55972507e-05  3.71205547e-05  0.00000000e+00]","[ 0.          0.32033801 11.10059929  0.8655414  -3.15204906  0.52643329
 -0.97461712  0.77030188]"
1747093060.3948019,"[ 0.          0.10782505  0.56753274 -3.12099337 -2.26509547  0.02363243
  0.96006371  1.59188111]","[ 0.00000000e+00  1.27175500e-04 -3.34920866e-02  6.14382733e-02
  4.23918346e-05 -5.55558217e-05  4.76908124e-05  0.00000000e+00]","[ 0.          0.35890675 10.80566311  0.87036842 -3.08308196  0.52362972
 -0.94868559  0.75635928]"
1747093060.3965,"[ 0.          0.10782505  0.56746703 -3.12086927 -2.26509521  0.02363243
  0.96006371  1.59188111]","[ 0.00000000e+00  1.24620245e-04 -3.15968251e-02  6.34729076e-02
  5.03403034e-05 -4.76547840e-05  4.77269018e-05  0.00000000e+00]","[ 0.          0.35931721 10.54315186  0.83432287 -2.99590421  0.52099037
 -0.91456586  0.7631585 ]"
1747093060.3977122,"[ 0.          0.10782505  0.56743674 -3.12080562 -2.26509521  0.02363243
  0.96006371  1.59188111]","[ 0.00000000e+00  1.24526017e-04 -3.07911127e-02  6.45532979e-02
  5.03789000e-05 -4.76552554e-05  4.77264263e-05  0.00000000e+00]","[ 0.          0.33547798 10.40683365  0.79092413 -2.99388146  0.52202225
 -0.87808782  0.76242489]"
1747093060.4012864,"[ 0.          0.10782505  0.56737242 -3.12066633 -2.26509521  0.02363243
  0.96006371  1.59188111]","[ 0.00000000e+00  1.24620245e-04 -3.34920866e-02  7.04954387e-02
  4.50413255e-05 -4.76188043e-05  3.70928568e-05  0.00000000e+00]","[ 0.          0.32780066 10.13050365  0.76043957 -2.9258225   0.52360785
 -0.84517586  0.76420122]"
1747093060.4055426,"[ 0.          0.10782505  0.56718374 -3.12027751 -2.26509467  0.02363339
  0.96006465  1.59188111]","[ 0.00000000e+00  1.08712360e-04 -3.91244538e-02  8.33755593e-02
  5.03403034e-05 -2.91223691e-05  4.77269018e-05  0.00000000e+00]","[ 0.          0.22432356  9.67131042  0.56228334 -2.93251681  0.62001514
 -0.80537552  0.80341977]"
1747093060.4098582,"[ 0.          0.10782505  0.56696882 -3.11984901 -2.26509467  0.02363339
  0.96006465  1.59188111]","[ 0.00000000e+00  8.74331602e-05 -4.76460075e-02  8.72414871e-02
  5.55972507e-05 -1.05899522e-05  4.77264263e-05  0.00000000e+00]","[ 0.00000000e+00  4.29197680e-03  9.44076157e+00  3.13016921e-01
 -3.07676077e+00  6.42601192e-01 -7.96163023e-01  7.96599269e-01]"
1747093060.4139855,"[ 0.          0.10782459  0.56674884 -3.119502   -2.26509467  0.02363434
  0.96006465  1.59188111]","[ 0.00000000e+00  6.88867318e-05 -5.91513461e-02  8.69713844e-02
  5.56392812e-05  0.00000000e+00  4.76547840e-05  0.00000000e+00]","[ 0.         -0.14166614  9.59075737  0.145721   -3.20753074  0.67261332
 -0.81497669  0.80575424]"
1747093060.4170117,"[ 0.          0.10782459  0.56654957 -3.1192442  -2.26509521  0.02363434
  0.96006465  1.59188111]","[ 0.00000000e+00  5.56813848e-05 -7.02253442e-02  8.33755593e-02
  4.50413255e-05  1.05899522e-05  4.76547840e-05  0.00000000e+00]","[ 0.         -0.28151017  9.81254578  0.03386291 -3.34958458  0.7180025
 -0.87101024  0.80149049]"
1747093060.4193459,"[ 0.          0.10782413  0.56633146 -3.11900132 -2.26509547  0.02363434
  0.96006465  1.59188111]","[ 0.00000000e+00  4.50754075e-05 -7.18459277e-02  7.72478753e-02
  3.70928568e-05  1.85184257e-05  4.76188043e-05  0.00000000e+00]","[ 0.00000000e+00 -3.61673713e-01  1.01673555e+01 -4.32812516e-03
 -3.53147364e+00  7.12654471e-01 -9.33724701e-01  7.89323032e-01]"
1747093060.4224534,"[ 0.          0.10782413  0.56618771 -3.11885778 -2.26509547  0.02363434
  0.96006465  1.59188111]","[ 0.00000000e+00  3.70928568e-05 -7.34665111e-02  7.15758332e-02
  3.17941919e-05  1.85325998e-05  4.76547840e-05  0.00000000e+00]","[ 0.         -0.41770846 10.38887787  0.02488208 -3.59559989  0.70053911
 -0.96585172  0.79047358]"
1747093060.4247477,"[ 0.          0.10782367  0.56596414 -3.11865431 -2.26509547  0.02363434
  0.96006465  1.59188111]","[ 0.00000000e+00  1.85604623e-05 -7.33920758e-02  6.37430062e-02
  2.91443860e-05  2.91223691e-05  3.70651995e-05  0.00000000e+00]","[ 0.         -0.43113479 10.76725483  0.06760164 -3.64420891  0.68466014
 -0.983109    0.78590626]"
1747093060.426491,"[ 0.          0.10782413  0.56581121 -3.11853474 -2.26509547  0.02363434
  0.96006465  1.59188111]","[ 0.00000000e+00  1.32474486e-05 -7.53571974e-02  5.66736701e-02
  2.91443860e-05  2.91006692e-05  3.70368514e-05  0.00000000e+00]","[ 0.         -0.40175948 11.04061508  0.10654547 -3.65197611  0.67549098
 -1.02012324  0.78960425]"
1747093060.428848,"[ 0.          0.10782413  0.56566653 -3.11842874 -2.26509547  0.02363434
  0.96006371  1.59188111]","[ 0.00000000e+00  5.30298914e-06 -7.21160221e-02  5.31552930e-02
  2.38454062e-05  2.91003827e-05  2.91003827e-05  0.00000000e+00]","[ 0.         -0.37167794 11.2866888   0.20157829 -3.64825535  0.68453872
 -1.0320673   0.78329378]"
1747093060.4306803,"[ 0.          0.10782413  0.56552878 -3.11832675 -2.26509521  0.02363434
  0.96006371  1.59188111]","[ 0.00000000e+00  0.00000000e+00 -6.56395306e-02  5.13185192e-02
  2.11959173e-05  2.91003827e-05  1.85324169e-05  0.00000000e+00]","[ 0.         -0.31773627 11.51931572  0.27184248 -3.58257699  0.66121918
 -1.05872297  0.78440726]"
1747093060.4325662,"[ 0.          0.10782413  0.56540574 -3.11822448 -2.26509521  0.02363434
  0.96006371  1.59188111]","[ 0.00000000e+00 -5.30298914e-06 -6.05018351e-02  4.94278371e-02
  2.11961286e-05  2.91003827e-05  1.85184257e-05  0.00000000e+00]","[ 0.         -0.25170103 11.66511154  0.38873422 -3.52593827  0.63697165
 -1.06887817  0.79726046]"
1747093060.4343457,"[ 0.          0.10782413  0.56535062 -3.11817574 -2.26509521  0.02363434
  0.96006371  1.59188111]","[ 0.00000000e+00 -5.30298914e-06 -5.59101792e-02  4.94278371e-02
  2.11799045e-05  2.91226556e-05  1.85044548e-05  0.00000000e+00]","[ 0.         -0.25398791 11.68965912  0.41042936 -3.49504042  0.63856763
 -1.07016242  0.79461896]"
1747093060.4354756,"[ 0.          0.10782413  0.56525195 -3.11807055 -2.26509467  0.02363434
  0.96006371  1.59188111]","[ 0.00000000e+00 -7.94846874e-06 -4.59165715e-02  5.23613048e-02
  2.64951613e-05  2.91003827e-05  1.05819570e-05  0.00000000e+00]","[ 0.         -0.17914899 11.7674036   0.45476186 -3.3956418   0.5981248
 -1.04643118  0.78584498]"
1747093060.4373121,"[ 0.          0.10782413  0.56517338 -3.11796189 -2.26509414  0.02363434
  0.96006371  1.59188111]","[ 0.00000000e+00 -7.95448397e-06 -3.83149818e-02  5.56400806e-02
  3.18179359e-05  2.91003827e-05  1.05739739e-05  0.00000000e+00]","[ 0.         -0.11722865 11.69554234  0.51559907 -3.29679108  0.60117239
 -1.05294192  0.78654331]"
1747093060.43989,"[ 0.          0.10782413  0.56510361 -3.11784791 -2.26509361  0.02363434
  0.96006371  1.59188111]","[ 0.00000000e+00 -7.94846874e-06 -3.26817948e-02  5.54198288e-02
  3.70928568e-05  2.91006692e-05  1.05819570e-05  0.00000000e+00]","[ 0.         -0.05827894 11.61557388  0.56737524 -3.15593505  0.60236311
 -1.02205753  0.7894187 ]"
1747093060.4449089,"[ 0.          0.10782413  0.56497684 -3.11757227 -2.26509228  0.02363434
  0.96006371  1.59188111]","[ 0.00000000e+00 -7.95448397e-06 -1.91769216e-02  5.37493985e-02
  5.03403034e-05  2.91003827e-05  0.00000000e+00  0.00000000e+00]","[ 0.00000000e+00 -2.82215746e-03  1.13344517e+01  5.89927554e-01
 -2.87320638e+00  6.06533885e-01 -9.52008784e-01  7.59355843e-01]"
1747093060.4503958,"[ 0.          0.10782459  0.56493183 -3.11733685 -2.26509228  0.02363434
  0.96006465  1.59188111]","[ 0.00000000e+00  0.00000000e+00 -3.24116978e-03  4.51062798e-02
  5.03783961e-05  2.91223691e-05  1.05820616e-05  0.00000000e+00]","[ 0.          0.07098733 10.73461628  0.52498019 -2.8285017   0.64277738
 -0.90045136  0.81177431]"
1747093060.4544528,"[ 0.          0.10782459  0.5649323  -3.11715922 -2.26509228  0.02363529
  0.96006465  1.59188111]","[0.00000000e+00 0.00000000e+00 5.20148650e-04 4.32155977e-02
 5.03398035e-05 2.91006692e-05 1.05819570e-05 0.00000000e+00]","[ 0.          0.16398144 10.17190552  0.48971468 -2.89742351  0.66732651
 -0.85205644  0.82802778]"
1747093060.4573991,"[ 0.          0.10782505  0.56492864 -3.11698371 -2.26509228  0.02363529
  0.96006465  1.59188111]","[ 0.00000000e+00  5.30298914e-06 -6.28721879e-04  4.51062798e-02
  5.03783961e-05  2.91003827e-05  1.05819570e-05  0.00000000e+00]","[ 0.          0.26211974  9.79477882  0.47214478 -2.97723579  0.68532282
 -0.84415591  0.86026621]"
1747093060.461111,"[ 0.          0.10782459  0.56492358 -3.11684123 -2.26509281  0.02363529
  0.96006465  1.59188111]","[ 0.00000000e+00  5.30298914e-06 -1.02671303e-03  4.76011874e-02
  4.50417726e-05  2.91443860e-05  1.05819570e-05  0.00000000e+00]","[ 0.          0.28274217  9.53735733  0.44962466 -3.09178877  0.69207942
 -0.82834613  0.8499251 ]"
1747093060.4639478,"[ 0.          0.10782505  0.56491213 -3.11670461 -2.26509281  0.02363624
  0.96006465  1.59188204]","[ 0.00000000e+00  7.95448397e-06 -1.77928783e-03  4.31321742e-02
  4.50754075e-05  3.70928568e-05  1.05819570e-05  1.05979587e-05]","[ 0.          0.29918677  9.29142857  0.47551069 -3.23857808  0.71105146
 -0.83188772  0.89636862]"
1747093060.4682117,"[ 0.          0.10782505  0.5648809  -3.11654296 -2.26509334  0.02363624
  0.96006465  1.59188204]","[ 0.00000000e+00  7.96042758e-06 -9.31836320e-03  3.94342335e-02
  3.97724188e-05  3.71212943e-05  1.05819570e-05  1.05979587e-05]","[ 0.          0.33124223  9.16102028  0.46432111 -3.4131887   0.70970517
 -0.83970243  0.87529355]"
1747093060.471841,"[ 0.          0.10782505  0.56482624 -3.11640155 -2.26509281  0.02363624
  0.96006465  1.59188204]","[ 0.00000000e+00  7.96050683e-06 -1.62058481e-02  3.21415997e-02
  4.50072964e-05  3.70932266e-05  1.05819570e-05  1.05979587e-05]","[ 0.          0.43468314  9.32409096  0.53636473 -3.40517569  0.68443608
 -0.86359745  0.8948257 ]"
1747093060.4748971,"[ 0.          0.10782505  0.56476426 -3.11631659 -2.26509281  0.02363624
  0.96006465  1.59188297]","[ 0.00000000e+00  7.95448397e-06 -2.30489955e-02  2.70097486e-02
  4.50754075e-05  3.71209245e-05  1.85046377e-05  1.85464284e-05]","[ 0.          0.43629396  9.55647373  0.59130067 -3.36809754  0.68257099
 -0.86556923  0.88516802]"
1747093060.476705,"[ 0.          0.10782551  0.56471099 -3.11626146 -2.26509281  0.02363624
  0.96006465  1.59188297]","[ 0.00000000e+00  1.32374398e-05 -2.80901368e-02  2.70829938e-02
  4.50072964e-05  3.70928568e-05  1.85186086e-05  1.85464284e-05]","[ 0.          0.48858908  9.72291851  0.63888776 -3.37345457  0.68911189
 -0.84999412  0.88155365]"
1747093060.4796705,"[ 0.          0.10782551  0.56461958 -3.11617145 -2.26509281  0.02363624
  0.96006465  1.59188297]","[ 0.00000000e+00  1.32374398e-05 -3.07911127e-02  3.16014045e-02
  4.50077435e-05  3.70928568e-05  1.85044548e-05  1.85464284e-05]","[ 0.          0.512707   10.06330299  0.72791499 -3.34354472  0.67732686
 -0.88169259  0.88283473]"
1747093060.4821467,"[ 0.          0.10782551  0.56456039 -3.11610301 -2.26509281  0.02363624
  0.96006465  1.59188297]","[ 0.00000000e+00  7.94246417e-06 -2.97408868e-02  3.40322817e-02
  4.23278279e-05  3.71209245e-05  1.85184257e-05  1.85602774e-05]","[ 0.          0.54976076 10.27757549  0.76441157 -3.30214381  0.65906692
 -0.89743793  0.88324869]"
1747093060.4839234,"[ 0.          0.10782551  0.564503   -3.1160351  -2.26509228  0.02363624
  0.96006465  1.59188297]","[ 0.00000000e+00  7.94246417e-06 -2.70097486e-02  3.48425735e-02
  4.76547840e-05  3.70924870e-05  1.85184257e-05  1.85464284e-05]","[ 0.          0.5500707  10.59431648  0.79322302 -3.29260278  0.64869219
 -0.90916353  0.88402939]"
1747093060.4857497,"[ 0.          0.10782551  0.56445107 -3.11595893 -2.26509228  0.02363624
  0.96006465  1.59188297]","[ 0.00000000e+00  7.94246417e-06 -2.50768450e-02  3.81224103e-02
  4.23598089e-05  3.71209245e-05  1.85184257e-05  1.85324169e-05]","[ 0.          0.5352599  10.81313801  0.80528957 -3.21878743  0.6375311
 -0.94890791  0.87214935]"
1747093060.4876022,"[ 0.          0.10782551  0.5644024  -3.11587664 -2.26509228  0.02363624
  0.96006465  1.59188297]","[ 0.00000000e+00  5.29097849e-06 -2.48489678e-02  4.26754004e-02
  4.23598089e-05  3.71209245e-05  1.85046377e-05  1.85186086e-05]","[ 0.          0.49066651 11.05189514  0.80875432 -3.18348598  0.6490714
 -0.95807195  0.8660599 ]"
1747093060.4893806,"[ 0.          0.10782551  0.56435326 -3.1157773  -2.26509228  0.02363624
  0.96006465  1.59188297]","[ 0.00000000e+00  5.29497611e-06 -2.38230038e-02  5.05082274e-02
  4.23598089e-05  3.71205547e-05  1.85184257e-05  1.85324169e-05]","[ 0.          0.47104684 11.26280117  0.77444124 -3.16249275  0.6736179
 -0.95259506  0.86426961]"
1747093060.4914162,"[ 0.          0.10782551  0.56433076 -3.1157251  -2.26509201  0.02363624
  0.96006465  1.59188297]","[ 0.00000000e+00  7.94246417e-06 -2.26881871e-02  5.29391068e-02
  4.49733161e-05  3.71212943e-05  1.85044548e-05  1.85184257e-05]","[ 0.          0.40931058 11.39829826  0.72191799 -3.10051918  0.68006837
 -0.95403355  0.87160039]"
1747093060.4925983,"[ 0.          0.10782551  0.56428762 -3.115601   -2.26509201  0.02363719
  0.96006465  1.59188297]","[ 0.00000000e+00  5.29097849e-06 -2.10462568e-02  5.72557663e-02
  3.97123214e-05  4.76908124e-05  1.85184257e-05  1.85324169e-05]","[ 0.          0.39238885 11.61295319  0.68652248 -3.06420469  0.70535266
 -0.9671554   0.85608989]"
1747093060.4942918,"[ 0.          0.10782551  0.56424953 -3.11547929 -2.26509095  0.02363719
  0.96006371  1.5918839 ]","[ 0.00000000e+00  5.29492328e-06 -1.75537915e-02  6.40131007e-02
  4.50072964e-05  4.77269018e-05  0.00000000e+00  2.64548924e-05]","[ 0.          0.30002752 11.80054665  0.60442317 -2.93279099  0.72358114
 -1.04067039  0.8591553 ]"
1747093060.4966598,"[ 0.          0.10782505  0.56423482 -3.11540872 -2.26509041  0.02363814
  0.96006371  1.5918839 ]","[ 0.00000000e+00  0.00000000e+00 -1.48553612e-02  6.64536423e-02
  5.03022715e-05  5.56813848e-05  0.00000000e+00  2.64551545e-05]","[ 0.          0.19174713 11.86086464  0.56934679 -2.8938036   0.75153399
 -1.08401942  0.85310555]"
1747093060.4984858,"[ 0.          0.10782459  0.56421418 -3.11528275 -2.26508961  0.02364004
  0.96006371  1.5918839 ]","[ 0.00000000e+00 -5.29497611e-06 -9.18331389e-03  6.95292313e-02
  5.55966940e-05  7.68344325e-05  0.00000000e+00  2.64748795e-05]","[ 0.          0.0711877  11.93662071  0.48291156 -2.72743154  0.83039707
 -1.12852025  0.8262192 ]"
1747093060.4996686,"[ 0.          0.10782459  0.56420499 -3.11512722 -2.26508775  0.0236429
  0.96006371  1.5918839 ]","[ 0.00000000e+00 -5.29497611e-06 -2.69823809e-03  7.15148634e-02
  7.41296676e-05  1.03330098e-04  0.00000000e+00  2.64551545e-05]","[ 0.         -0.04077587 11.98894501  0.38930345 -2.49092317  0.92182362
 -1.15581441  0.86699194]"
1747093060.5020146,"[ 0.          0.10782459  0.56420539 -3.11498315 -2.26508455  0.02364575
  0.96006371  1.5918839 ]","[ 0.00000000e+00 -5.29497611e-06  1.35048743e-03  7.34665111e-02
  1.05899518e-04  1.32574732e-04 -1.05819570e-05  2.64748795e-05]","[ 0.         -0.16593929 11.94586468  0.29640582 -2.10203624  0.99547273
 -1.14908922  0.85994911]"
1747093060.5038338,"[ 0.          0.10782459  0.56420865 -3.11483934 -2.26508029  0.02364861
  0.96006371  1.5918839 ]","[ 0.00000000e+00 -5.29497611e-06  1.49221285e-03  7.26562194e-02
  1.42964352e-04  1.51020918e-04 -1.05819570e-05  2.64548924e-05]","[ 0.         -0.24020188 11.88483429  0.18023506 -1.71645534  1.04327011
 -1.10994744  0.86570352]"
1747093060.5057058,"[ 0.          0.10782413  0.56420679 -3.11468993 -2.26507577  0.02364861
  0.96006371  1.5918839 ]","[ 0.00000000e+00 -7.94246417e-06 -1.80064979e-04  7.42015519e-02
  1.87971644e-04  1.51020918e-04 -1.05820616e-05  2.64748795e-05]","[ 0.         -0.31731826 11.73388481  0.14377755 -1.20811725  1.03270555
 -1.06904328  0.87620699]"
1747093060.5075066,"[ 0.          0.10782413  0.56420499 -3.11461749 -2.2650731   0.02364956
  0.96006371  1.5918839 ]","[ 0.00000000e+00 -7.94846874e-06 -5.29850496e-04  7.34665111e-02
  2.33269570e-04  1.61741166e-04 -1.05740785e-05  2.64748795e-05]","[ 0.         -0.41336268 11.69999981  0.09673421 -0.96305102  1.01542926
 -0.99949282  0.87051326]"
1747093060.5087862,"[ 0.          0.10782413  0.56420453 -3.11447528 -2.26506751  0.02364956
  0.96006465  1.5918839 ]","[ 0.00000000e+00 -7.94246417e-06 -4.44378629e-04  7.10356359e-02
  4.73165963e-04  1.61617256e-04  0.00000000e+00  2.64548924e-05]","[ 0.         -0.51748967 11.61634827  0.07021543 -0.59370494  1.02911222
 -0.91543978  0.87388027]"
1747093060.5105605,"[ 0.          0.10782367  0.56420499 -3.1143328  -2.26506245  0.02365051
  0.96006465  1.5918839 ]","[ 0.00000000e+00 -1.32474486e-05 -5.28479871e-04  6.88050721e-02
  1.35112357e-03  1.69695653e-04  0.00000000e+00  2.64748795e-05]","[ 0.00000000e+00 -5.77503443e-01  1.14082918e+01 -6.50631916e-03
 -2.77004808e-01  1.02204430e+00 -8.71400356e-01  8.56735885e-01]"
1747093060.5124574,"[ 0.          0.10782367  0.56420499 -3.11426702 -2.26506032  0.02365146
  0.96006465  1.59188497]","[ 0.00000000e+00 -7.94254290e-06 -4.52982733e-04  6.67140745e-02
  2.27413021e-03  1.69567338e-04  0.00000000e+00  3.70368514e-05]","[ 0.00000000e+00 -6.41049623e-01  1.13201160e+01 -1.10410377e-02
 -1.66283578e-01  1.04963958e+00 -8.47444594e-01  8.64157379e-01]"
1747093060.513699,"[ 0.          0.10782367  0.56420406 -3.11420018 -2.26505659  0.02365336
  0.96006465  1.59188497]","[ 0.00000000e+00 -7.94246417e-06 -1.50994244e-04  6.29428844e-02
  2.34041067e-03  1.88113759e-04  0.00000000e+00  3.70368514e-05]","[ 0.00000000e+00 -6.59171045e-01  1.11374674e+01  6.22597570e-03
  6.67447150e-02  1.06170011e+00 -8.10240507e-01  8.94035041e-01]"
1747093060.5155535,"[ 0.          0.10782321  0.56420359 -3.11409072 -2.26505366  0.02365527
  0.96006558  1.59188497]","[ 0.00000000e+00 -1.32374398e-05 -1.32479098e-04  5.32092012e-02
  1.96292514e-03  2.09309686e-04  1.05979587e-05  3.70368514e-05]","[ 0.00000000e+00 -7.33384371e-01  1.10221653e+01 -3.98410251e-03
  1.12441614e-01  1.04902756e+00 -7.26510823e-01  8.77981544e-01]"
1747093060.5173526,"[ 0.          0.10782321  0.56420359 -3.11404252 -2.26505286  0.02365622
  0.96006558  1.59188497]","[ 0.00000000e+00 -1.32374398e-05 -1.32479098e-04  4.88876440e-02
  1.69868521e-03  2.17258159e-04  1.05979587e-05  3.70368514e-05]","[ 0.         -0.7503016  10.99203873 -0.01937235  0.12272912  1.041067
 -0.71862543  0.87564522]"
1747093060.5185816,"[ 0.          0.10782321  0.56420359 -3.11395357 -2.265051    0.02365622
  0.96006558  1.59188497]","[ 0.00000000e+00 -7.94838950e-06 -1.46263232e-04  4.12830416e-02
  1.32119968e-03  2.17422558e-04  1.05899522e-05  3.70648338e-05]","[ 0.00000000e+00 -7.31453061e-01  1.09356432e+01 -8.36720131e-03
  2.43235137e-02  1.01899660e+00 -7.36602664e-01  8.67283821e-01]"
1747093060.5203795,"[ 0.          0.10782321  0.56420359 -3.11388379 -2.26504967  0.02365622
  0.96006558  1.59188497]","[ 0.00000000e+00 -7.94246417e-06 -1.32971898e-04  3.29518914e-02
  9.81462572e-04  2.17258159e-04  1.05979587e-05  3.70372172e-05]","[ 0.00000000e+00 -7.24252284e-01  1.09498825e+01  8.10808316e-03
 -1.46163121e-01  9.75862920e-01 -7.61977434e-01  8.55409145e-01]"
1747093060.5221696,"[ 0.          0.10782321  0.56420359 -3.11385237 -2.26504913  0.02365622
  0.96006558  1.59188497]","[ 0.00000000e+00 -7.94246417e-06 -1.20222153e-04  2.95906783e-02
  8.68216913e-04  2.17255981e-04  1.05979587e-05  3.70368514e-05]","[ 0.         -0.72249758 10.96900749  0.01725592 -0.27848443  0.98685676
 -0.77236807  0.85695565]"
1747093060.5239518,"[ 0.          0.10782321  0.56420406 -3.11380789 -2.26504887  0.02365717
  0.96006558  1.5918859 ]","[ 0.00000000e+00 -7.94846874e-06 -8.83157386e-05  2.10676037e-02
  5.66228424e-04  2.27856106e-04  1.05979587e-05  4.76188043e-05]","[ 0.         -0.6513589  10.94938374  0.10159578 -0.50713068  0.98814803
 -0.82691109  0.8632918 ]"
1747093060.5256617,"[ 0.          0.10782321  0.56420359 -3.11377753 -2.26504833  0.02365812
  0.96006558  1.5918859 ]","[ 0.00000000e+00 -5.29497611e-06 -4.44378637e-05  1.32347767e-02
  3.81596362e-04  2.35804579e-04  1.05979587e-05  4.76188043e-05]","[ 0.         -0.63379699 11.01578617  0.13885927 -0.88805914  0.97788709
 -0.84830624  0.86593252]"
1747093060.5274835,"[ 0.          0.10782321  0.56420359 -3.11376076 -2.26504887  0.02365907
  0.96006465  1.5918859 ]","[ 0.00000000e+00 -7.94846874e-06  0.00000000e+00  6.75243714e-03
  1.13245683e-04  2.46402543e-04  0.00000000e+00  4.76552554e-05]","[ 0.         -0.49618399 10.99411392  0.26522365 -1.2360214   0.95536542
 -0.92986625  0.8754766 ]"
1747093060.529223,"[ 0.          0.10782367  0.56420359 -3.1137557  -2.26504913  0.02365907
  0.96006465  1.5918859 ]","[ 0.00000000e+00 -5.29497611e-06  0.00000000e+00  4.76460065e-03
  0.00000000e+00  2.46402543e-04  1.05979587e-05  4.76188043e-05]","[ 0.         -0.48109892 10.99895954  0.29151064 -1.46790791  0.91493708
 -0.93986207  0.87853968]"
1747093060.5310583,"[ 0.          0.10782367  0.56420359 -3.1137525  -2.26504967  0.02365907
  0.96006465  1.5918859 ]","[ 0.00000000e+00 -5.29497611e-06  0.00000000e+00  8.10292444e-04
 -5.85052962e-05  2.46589000e-04  1.05899522e-05  4.76188043e-05]","[ 0.         -0.38009009 11.04088402  0.36156681 -1.88673878  0.9073
 -0.97510242  0.88829601]"
1747093060.5329359,"[ 0.          0.10782367  0.56420406 -3.1137541  -2.26504967  0.02365907
  0.96006465  1.5918859 ]","[ 0.00000000e+00 -5.29897933e-06  2.95005375e-05 -8.09881722e-04
 -7.91821884e-05  2.46030507e-04  1.05980643e-05  4.76192757e-05]","[ 0.         -0.24369396 11.02925301  0.44462717 -2.19950366  0.83637798
 -1.01804221  0.86033642]"
1747093060.5348222,"[ 0.          0.10782367  0.56420406 -3.11375516 -2.26504913  0.02365907
  0.96006371  1.5918859 ]","[ 0.00000000e+00 -5.29497611e-06  2.78617056e-05 -6.62313144e-04
 -2.40466021e-05  2.46218817e-04  0.00000000e+00  4.76188043e-05]","[ 0.         -0.11589068 11.00698471  0.50395185 -2.52168465  0.81660604
 -1.06963801  0.86340362]"
1747093060.536612,"[ 0.          0.10782413  0.56420359 -3.1137533  -2.26504967  0.02365907
  0.96006371  1.5918859 ]","[ 0.00000000e+00  0.00000000e+00  0.00000000e+00  1.95055744e-04
 -6.12314765e-05  2.46030507e-04  0.00000000e+00  4.76188043e-05]","[ 0.         -0.01397456 10.98118782  0.58720905 -2.72546172  0.77336597
 -1.08692777  0.84195447]"
1747093060.5385206,"[ 0.          0.10782413  0.56420359 -3.1137525  -2.26504967  0.02365907
  0.96006371  1.59188683]","[ 0.00000000e+00  0.00000000e+00  0.00000000e+00  3.14422772e-04
 -6.12314765e-05  2.46032929e-04  0.00000000e+00  5.82007654e-05]","[ 0.          0.02177081 10.97994804  0.61142361 -2.79969835  0.78086317
 -1.07709861  0.83721215]"
1747093060.539768,"[ 0.          0.10782413  0.56420359 -3.11375143 -2.26504913  0.02365907
  0.96006371  1.59188683]","[ 0.00000000e+00  0.00000000e+00  0.00000000e+00  3.77485595e-04
 -5.66228416e-05  2.46030507e-04  0.00000000e+00  5.82453112e-05]","[ 0.          0.12786244 10.91732979  0.65203571 -2.85516977  0.75931859
 -1.07083857  0.83996975]"
1747093060.541606,"[ 0.          0.10782413  0.56420359 -3.11375064 -2.26504887  0.02365907
  0.96006371  1.59188683]","[0.00000000e+00 0.00000000e+00 0.00000000e+00 5.63036142e-04
 0.00000000e+00 2.46032929e-04 0.00000000e+00 5.82007654e-05]","[ 0.          0.24792182 10.83712006  0.6667102  -2.80635953  0.73945445
 -1.06453514  0.82643771]"
1747093060.5434437,"[ 0.          0.10782413  0.56420359 -3.11375064 -2.26504887  0.02365907
  0.96006371  1.59188683]","[0.00000000e+00 0.00000000e+00 0.00000000e+00 5.63036142e-04
 0.00000000e+00 2.46218817e-04 0.00000000e+00 5.82007654e-05]","[ 0.          0.27326173 10.82107544  0.66061985 -2.79778385  0.71856844
 -1.05787444  0.84428269]"
1747093060.545206,"[ 0.          0.10782413  0.56420359 -3.1137501  -2.26504833  0.02365907
  0.96006371  1.59188683]","[0.00000000e+00 0.00000000e+00 0.00000000e+00 5.01536951e-04
 2.95005375e-05 2.46030507e-04 0.00000000e+00 5.82453112e-05]","[ 0.          0.33301505 10.820467    0.67082536 -2.68428659  0.72263539
 -1.0571636   0.83328074]"
1747093060.5464673,"[ 0.          0.10782413  0.56420359 -3.1137493  -2.265047    0.02365907
  0.96006371  1.59188683]","[0.00000000e+00 0.00000000e+00 0.00000000e+00 3.53986839e-04
 9.30849735e-05 2.46032929e-04 0.00000000e+00 5.82013384e-05]","[ 0.          0.35433787 10.76338291  0.68717903 -2.49078631  0.73073602
 -1.01381552  0.83059484]"
1747093060.5483236,"[ 0.          0.10782459  0.56420313 -3.11374824 -2.26504461  0.02365907
  0.96006371  1.59188776]","[ 0.00000000e+00  0.00000000e+00 -1.64814870e-05  3.54026078e-04
  1.93026400e-04  2.46032929e-04  0.00000000e+00  6.61872009e-05]","[ 0.          0.4246031  10.74598026  0.70139021 -2.28832817  0.73393118
 -0.98134226  0.83422405]"
1747093060.5500684,"[ 0.          0.10782459  0.56420313 -3.11374771 -2.26504327  0.02365907
  0.96006371  1.59188776]","[ 0.00000000e+00  0.00000000e+00 -1.64428182e-05  3.69553523e-04
  2.42515001e-04  2.46030507e-04 -1.05979587e-05  6.61372301e-05]","[ 0.          0.437475   10.72639084  0.71828973 -2.19975162  0.74956089
 -0.97361457  0.8510561 ]"
1747093060.5518658,"[ 0.          0.10782459  0.56420313 -3.11374691 -2.26504008  0.02365907
  0.96006371  1.59188776]","[ 0.00000000e+00  0.00000000e+00 -1.59935205e-05  3.60666458e-04
  3.49997299e-04  2.35448538e-04 -1.05980643e-05  6.61372301e-05]","[ 0.          0.42736664 10.6789484   0.71127456 -2.06111407  0.74463576
 -0.92479753  0.84659296]"
1747093060.553682,"[ 0.          0.10782459  0.56420266 -3.11374558 -2.26503635  0.02365907
  0.96006465  1.59188776]","[ 0.00000000e+00  0.00000000e+00 -3.19870411e-05  4.08209865e-04
  4.62183642e-04  2.35448538e-04  0.00000000e+00  6.61378843e-05]","[ 0.          0.45066381 10.66404152  0.74006015 -1.90731943  0.74363422
 -0.90335602  0.85864753]"
1747093060.5549488,"[ 0.          0.10782459  0.56420266 -3.11374424 -2.26503209  0.02365907
  0.96006465  1.59188776]","[ 0.00000000e+00  0.00000000e+00 -3.09985291e-05  4.55435851e-04
  5.75947142e-04  2.35273247e-04  0.00000000e+00  6.61872009e-05]","[ 0.          0.41848558 10.61516762  0.70301288 -1.816998    0.73646486
 -0.90922338  0.86404401]"
1747093060.556919,"[ 0.          0.10782459  0.56420266 -3.11374371 -2.26503049  0.02365907
  0.96006465  1.5918887 ]","[ 0.00000000e+00  0.00000000e+00 -3.01339262e-05  4.60969225e-04
  6.10147501e-04  2.35448538e-04  0.00000000e+00  7.41303991e-05]","[ 0.          0.40926164 10.64307404  0.71166235 -1.77848172  0.74911153
 -0.912588    0.86198097]"
1747093060.561853,"[ 0.          0.10782459  0.56420266 -3.11373945 -2.26502357  0.02365907
  0.96006465  1.59188963]","[ 0.00000000e+00  0.00000000e+00 -2.85410035e-05  5.87431179e-04
  1.74423580e-03  2.35450878e-04  0.00000000e+00  8.47196178e-05]","[ 0.          0.30504611 10.7884388   0.73197776 -1.75539899  0.729478
 -0.9213503   0.88521451]"
1747093060.5655289,"[ 0.          0.10782413  0.56420313 -3.11373439 -2.26501931  0.02365907
  0.96006465  1.59189163]","[ 0.00000000e+00 -7.94846874e-06 -1.35281978e-05  6.75535713e-04
  1.23909122e-03  2.27512077e-04  0.00000000e+00  9.52376087e-05]","[ 0.          0.10025642 11.06081867  0.7192257  -1.9880054   0.76465178
 -0.96500099  0.92230076]"
1747093060.5704265,"[ 0.          0.10782413  0.56420359 -3.11373093 -2.26502037  0.02366097
  0.96006371  1.59189349]","[ 0.00000000e+00 -7.94846874e-06  0.00000000e+00  8.08261459e-04
  3.53986839e-04  2.46030507e-04 -1.05979587e-05  1.13843115e-04]","[ 0.         -0.03709424 11.20689678  0.6712538  -2.32123089  0.80677706
 -1.04213285  0.94604665]"
1747093060.573554,"[ 0.          0.10782367  0.56420359 -3.11372906 -2.26502037  0.02366288
  0.96006371  1.59189535]","[ 0.00000000e+00 -1.32374398e-05  0.00000000e+00  8.63712881e-04
  0.00000000e+00  2.64548920e-04 -1.05979587e-05  1.32374402e-04]","[ 0.         -0.18138161 11.29932594  0.60120142 -2.57968807  0.85540062
 -1.05051982  0.9882617 ]"
1747093060.5767024,"[ 0.          0.10782367  0.56420359 -3.11372853 -2.26502064  0.02366288
  0.96006371  1.59189629]","[ 0.00000000e+00 -1.32374398e-05  0.00000000e+00  7.97228000e-04
 -7.21398064e-05  2.64349346e-04 -1.05979587e-05  1.32374402e-04]","[ 0.         -0.29373151 11.35928345  0.49526599 -2.75264001  0.89239872
 -1.08260989  0.97023261]"
1747093060.5798302,"[ 0.          0.10782321  0.56420359 -3.113728   -2.26502037  0.02366288
  0.96006371  1.59189722]","[ 0.00000000e+00 -2.38634509e-05  0.00000000e+00  6.71349881e-04
 -8.16419714e-05  2.64351963e-04 -1.05819570e-05  1.42964352e-04]","[ 0.         -0.4080815  11.36645699  0.41482878 -2.87371469  0.81044203
 -1.07623982  0.94440901]"
1747093060.582889,"[ 0.          0.10782321  0.56420359 -3.113728   -2.26502037  0.02366383
  0.96006272  1.59189828]","[ 0.00000000e+00 -2.38634509e-05  0.00000000e+00  4.33580115e-04
  0.00000000e+00  2.74923334e-04 -1.85325998e-05  1.53439886e-04]","[ 0.         -0.50215554 11.37439251  0.25301486 -2.95871401  0.84179008
 -1.09396541  0.94954979]"
1747093060.588303,"[ 0.          0.10782321  0.56420359 -3.113728   -2.26502037  0.02366668
  0.96006272  1.59189922]","[ 0.00000000e+00 -2.38634509e-05  0.00000000e+00  2.92547921e-04
  0.00000000e+00  3.01588754e-04 -1.85184257e-05  1.61496777e-04]","[ 0.         -0.53843737 11.2315464   0.16907471 -2.93656468  0.90824765
 -1.09835935  0.97027683]"
1747093060.5913568,"[ 0.          0.10782275  0.56420313 -3.11372853 -2.26501931  0.02366953
  0.96006272  1.59190108]","[ 0.00000000e+00 -2.65149452e-05 -8.38843729e-06  4.19593676e-05
  4.82566000e-05  3.30689413e-04 -1.85324169e-05  1.80303434e-04]","[ 0.         -0.61158079 10.98892689  0.06041747 -2.83935571  0.90907365
 -1.05331624  0.94319224]"
1747093060.594462,"[ 0.          0.10782275  0.56420266 -3.11372853 -2.26501931  0.02367049
  0.96006272  1.59190108]","[ 0.00000000e+00 -2.65350217e-05 -1.62715288e-05  2.64938426e-05
  4.61913295e-05  3.30686162e-04 -1.85184257e-05  1.80301630e-04]","[ 0.         -0.57906401 10.83509159  0.02372582 -2.78538156  0.92316324
 -1.03906155  0.91303587]"
1747093060.5974133,"[ 0.          0.10782275  0.56420266 -3.11372853 -2.26501931  0.02367144
  0.96006272  1.59190201]","[ 0.00000000e+00 -2.38634509e-05 -1.60117908e-05  0.00000000e+00
  4.41578693e-05  3.30436686e-04 -1.05820616e-05  1.80299842e-04]","[ 0.         -0.55287039 10.69088268 -0.01592759 -2.70097756  0.91836923
 -0.98730892  0.92336631]"
1747093060.599865,"[ 0.          0.10782275  0.5642022  -3.11372853 -2.26501931  0.02367334
  0.96006272  1.59190294]","[ 0.00000000e+00 -1.85604623e-05 -1.94601548e-05  0.00000000e+00
  5.10242744e-05  3.19862714e-04 -1.05899522e-05  1.90907607e-04]","[ 0.00000000e+00 -5.27579725e-01  1.05333958e+01 -1.38741767e-03
 -2.67685390e+00  9.60355103e-01 -1.01032197e+00  9.40952063e-01]"
1747093060.60295,"[ 0.          0.10782275  0.56420173 -3.11372853 -2.26501877  0.02367524
  0.96006272  1.59190294]","[ 0.00000000e+00 -1.85604623e-05 -3.44924387e-05  0.00000000e+00
  6.88333190e-05  2.93649303e-04 -1.05819570e-05  1.90763250e-04]","[ 0.         -0.50540936 10.45804977  0.0208182  -2.6722331   0.9720816
 -1.01525712  0.93762451]"
1747093060.605971,"[ 0.          0.10782275  0.56420173 -3.11372853 -2.26501851  0.02367619
  0.96006272  1.59190388]","[ 0.00000000e+00 -1.32474486e-05 -3.35049689e-05  0.00000000e+00
  7.31361430e-05  2.75130873e-04 -1.05820616e-05  1.98862094e-04]","[ 0.         -0.48377091 10.45201111  0.04791001 -2.63501692  0.95166928
 -1.00397909  0.92763472]"
1747093060.6091127,"[ 0.          0.10782275  0.56420173 -3.11372853 -2.26501797  0.02367715
  0.96006272  1.59190494]","[ 0.00000000e+00 -1.32574726e-05 -3.30489896e-05  0.00000000e+00
  7.68736956e-05  2.75130873e-04 -1.05820616e-05  2.09468071e-04]","[ 0.         -0.46394587 10.54231644  0.10510428 -2.67720866  0.95539212
 -1.03181601  0.92096382]"
1747093060.611526,"[ 0.          0.1078223   0.5642022  -3.11372853 -2.26501797  0.02367905
  0.96006272  1.59190587]","[ 0.00000000e+00 -1.32574726e-05 -1.80958151e-05  0.00000000e+00
  8.27942876e-05  2.83070162e-04 -1.85324169e-05  2.06816581e-04]","[ 0.         -0.48236889 10.65454006  0.11948609 -2.7368629   0.96382225
 -1.02122331  0.92149562]"
1747093060.6144624,"[ 0.          0.1078223   0.5642022  -3.11372853 -2.26501744  0.02368
  0.96006272  1.59190681]","[ 0.00000000e+00 -1.32474486e-05 -1.79110709e-05  0.00000000e+00
  9.36139565e-05  2.64548920e-04 -1.85186086e-05  2.17258159e-04]","[ 0.         -0.4886176  10.79541016  0.19946276 -2.79978871  0.95964998
 -1.03265667  0.92644686]"
1747093060.6180956,"[ 0.          0.1078223   0.56420313 -3.11372853 -2.26501744  0.02368095
  0.96006272  1.59190774]","[ 0.00000000e+00 -7.95448397e-06 -6.97235595e-06  0.00000000e+00
  8.58153109e-05  2.46032929e-04 -2.91003827e-05  2.28028536e-04]","[ 0.         -0.50179768 11.00281525  0.22889577 -2.85894203  0.94897956
 -1.08042693  0.93525803]"
1747093060.6234732,"[ 0.          0.1078223   0.56420359 -3.113728   -2.26501744  0.0236819
  0.96006272  1.59190774]","[ 0.00000000e+00 -7.95448397e-06  0.00000000e+00  1.15099022e-05
  8.09560904e-05  2.53966967e-04 -2.91003827e-05  2.28026260e-04]","[ 0.         -0.55149245 11.25884438  0.26133454 -2.92290688  0.97257161
 -1.09206784  0.91689891]"
1747093060.6238925,"[ 0.          0.10782184  0.56420453 -3.11372853 -2.26501718  0.02368381
  0.96006272  1.5919096 ]","[ 0.00000000e+00 -1.32574726e-05  1.32474161e-05  0.00000000e+00
  8.35851167e-05  2.64551537e-04 -2.91223691e-05  2.35983023e-04]","[ 0.         -0.59887254 11.6280365   0.25475642 -2.96098399  0.95726925
 -1.15036881  0.94384694]"
1747093060.6269464,"[ 0.          0.10782184  0.56420499 -3.11372853 -2.26501718  0.02368476
  0.96006178  1.59191053]","[ 0.00000000e+00 -1.32474486e-05  1.63588864e-05  0.00000000e+00
  8.16419714e-05  2.64548920e-04 -3.70368514e-05  2.43937494e-04]","[ 0.         -0.58892721 11.79158497  0.25513449 -2.983567    0.95280492
 -1.15976882  0.93583852]"
1747093060.6293323,"[ 0.          0.10782137  0.56420539 -3.113728   -2.26501718  0.02368571
  0.96006178  1.5919116 ]","[ 0.00000000e+00 -2.38634509e-05  2.23604468e-05  1.00017322e-05
  7.94835008e-05  2.64548920e-04 -2.91223691e-05  2.54543487e-04]","[ 0.         -0.6155616  11.95682907  0.25723633 -3.03584743  0.96708149
 -1.1676749   0.93422359]"
1747093060.6311471,"[ 0.          0.10782137  0.56420586 -3.113728   -2.26501718  0.02368666
  0.96006178  1.59191253]","[ 0.00000000e+00 -2.38456439e-05  2.52561001e-05  0.00000000e+00
  5.29903226e-05  2.75133604e-04 -2.91003827e-05  2.65149464e-04]","[ 0.         -0.65425408 12.11425209  0.25723472 -3.04772544  0.95299888
 -1.17145348  0.94686908]"
1747093060.6335468,"[ 0.          0.10782091  0.56420679 -3.11372853 -2.26501718  0.02368761
  0.96006085  1.5919144 ]","[ 0.00000000e+00 -2.65149452e-05  3.69857793e-05 -9.46245688e-06
  5.17206519e-05  2.83495384e-04 -3.70368514e-05  2.83707084e-04]","[ 0.         -0.70915633 12.37355232  0.20501214 -3.11817956  0.97845691
 -1.20550752  0.95848221]"
1747093060.6353006,"[ 0.          0.10782091  0.56420726 -3.11372853 -2.26501718  0.02368856
  0.96006085  1.59191533]","[ 0.00000000e+00 -3.17935580e-05  4.21872577e-05 -9.29955892e-06
  5.05128017e-05  2.94093347e-04 -2.91223691e-05  2.91443873e-04]","[ 0.         -0.72558624 12.50687122  0.19368181 -3.15758252  1.00526452
 -1.25140822  0.95701414]"
1747093060.6371682,"[ 0.          0.10782091  0.56420772 -3.11372853 -2.26501718  0.02368951
  0.96006085  1.59191533]","[ 0.00000000e+00 -3.17938749e-05  5.12273844e-05 -9.28707332e-06
  5.04219464e-05  3.02044827e-04 -2.91223691e-05  2.91664416e-04]","[ 0.         -0.74332273 12.54020023  0.20673493 -3.1911366   0.99381447
 -1.24814498  0.9516803 ]"
1747093060.6389556,"[ 0.          0.10782046  0.56420819 -3.11372853 -2.26501718  0.02369046
  0.96005992  1.59191719]","[ 0.00000000e+00 -3.70928568e-05  5.59574252e-05 -9.14217433e-06
  5.05116029e-05  3.12636679e-04 -3.70368514e-05  3.02267386e-04]","[ 0.         -0.74187613 12.63383293  0.18514635 -3.20671105  0.98698682
 -1.26394832  0.95505261]"
1747093060.6408136,"[ 0.          0.10782046  0.56420865 -3.11372853 -2.26501744  0.02369141
  0.96005992  1.59191919]","[ 0.00000000e+00 -3.71209245e-05  6.11799046e-05 -9.14217433e-06
  4.31121552e-05  3.20588257e-04 -3.70648338e-05  3.23482331e-04]","[ 0.         -0.75595158 12.70328045  0.15344183 -3.2642591   0.99583292
 -1.27678096  0.96283722]"
1747093060.6419966,"[ 0.          0.10782046  0.56420912 -3.11372853 -2.26501744  0.02369237
  0.96005992  1.59192105]","[ 0.00000000e+00 -3.71209245e-05  6.34092820e-05 -8.97851139e-06
  4.21510099e-05  3.31186220e-04 -3.70368514e-05  3.39391305e-04]","[ 0.         -0.80869359 12.7431612   0.13024379 -3.31863308  1.00089192
 -1.28697658  0.96610314]"
1747093060.6437933,"[ 0.          0.10782     0.56420959 -3.11372853 -2.26501744  0.02369332
  0.96005992  1.59192105]","[ 0.00000000e+00 -4.23918346e-05  6.91745121e-05 -8.83157346e-06
  4.21510099e-05  3.41780771e-04 -3.70648338e-05  3.39391305e-04]","[ 0.         -0.8208974  12.75994682  0.13426392 -3.34306264  1.00626493
 -1.31357384  0.97194153]"
1747093060.6454642,"[ 0.          0.10782     0.56420998 -3.11372906 -2.26501744  0.02369427
  0.96005892  1.59192292]","[ 0.00000000e+00 -4.24239132e-05  7.41470113e-05 -1.73790198e-05
  2.94512758e-05  3.49732641e-04 -4.76547840e-05  3.64174665e-04]","[ 0.         -0.84219623 12.76274109  0.12296215 -3.41047144  1.02715337
 -1.30556488  0.97150415]"
1747093060.647819,"[ 0.          0.10782     0.56420998 -3.11372906 -2.26501744  0.02369522
  0.96005892  1.59192385]","[ 0.00000000e+00 -4.24239132e-05  7.33132780e-05 -1.73790198e-05
  2.93525959e-05  3.64178339e-04 -4.76192757e-05  3.79518726e-04]","[ 0.         -0.84428984 12.78345776  0.12878966 -3.42952561  1.02722275
 -1.30325496  0.96338016]"
1747093060.6521873,"[ 0.          0.10781908  0.56421185 -3.11372906 -2.26501744  0.02369998
  0.96005892  1.59192771]","[ 0.00000000e+00 -5.56392812e-05  9.29588293e-05 -8.41866686e-06
  2.30581714e-05  5.18560214e-04 -4.76547840e-05  4.16725641e-04]","[ 0.00000000e+00 -8.90590191e-01  1.27101316e+01  1.08473860e-02
 -3.50739336e+00  1.08813214e+00 -1.26662219e+00  9.70571816e-01]"
1747093060.6565418,"[ 0.          0.10781908  0.56421185 -3.11372986 -2.26501797  0.02370283
  0.96005892  1.59193051]","[ 0.00000000e+00 -5.56392812e-05  9.10445848e-05 -2.07236995e-05
  0.00000000e+00  5.09979614e-04 -5.82447383e-05  4.21654115e-04]","[ 0.00000000e+00 -9.09531176e-01  1.26177549e+01 -6.71768142e-03
 -3.63771057e+00  1.11172855e+00 -1.27842057e+00  9.68791127e-01]"
1747093060.6607583,"[ 0.          0.10781862  0.56421185 -3.11372986 -2.26501797  0.02370378
  0.96005799  1.5919325 ]","[ 0.00000000e+00 -5.82887721e-05  9.01508150e-05 -2.00835652e-05
  0.00000000e+00  5.02622892e-04 -6.61878551e-05  4.37578303e-04]","[ 0.         -0.96772313 12.47637558 -0.0905681  -3.72341728  1.07437193
 -1.31033933  0.97455102]"
1747093060.663786,"[ 0.          0.10781862  0.56421232 -3.11372986 -2.26501851  0.02370664
  0.96005799  1.59193344]","[ 0.00000000e+00 -5.55558217e-05  9.01499209e-05 -1.94815074e-05
 -9.27494431e-06  5.29591071e-04 -6.61872009e-05  4.34995993e-04]","[ 0.         -1.02433968 12.4045248  -0.15357324 -3.77748919  1.09092903
 -1.33500695  0.96301663]"
1747093060.6669157,"[ 0.          0.10781816  0.56421232 -3.1137304  -2.26501851  0.02370949
  0.96005799  1.5919353 ]","[ 0.00000000e+00 -5.82007654e-05  9.01508150e-05 -2.65092886e-05
 -9.11838464e-06  5.30206115e-04 -6.61378843e-05  4.54305764e-04]","[ 0.         -1.06366134 12.30189419 -0.21199872 -3.75539517  1.13050032
 -1.33058822  0.9679867 ]"
1747093060.669982,"[ 0.          0.1078177   0.56421232 -3.11373093 -2.26501851  0.0237133
  0.96005799  1.59193623]","[ 0.00000000e+00 -6.34923676e-05  8.74984469e-05 -3.31184010e-05
 -8.95556491e-06  5.90896344e-04 -5.82007654e-05  4.66192688e-04]","[ 0.         -1.10421276 12.18636322 -0.27369717 -3.7074492   1.16234577
 -1.3096422   0.96474797]"
1747093060.6730537,"[ 0.          0.1078177   0.56421232 -3.11373093 -2.26501851  0.0237171
  0.96005799  1.59193717]","[ 0.00000000e+00 -5.82007654e-05  8.74993247e-05 -3.26732594e-05
 -8.80951692e-06  6.45462798e-04 -5.82453112e-05  4.71512411e-04]","[ 0.         -1.11884558 12.12408638 -0.33051378 -3.64555907  1.20097864
 -1.28291285  0.96721667]"
1747093060.675948,"[ 0.          0.10781724  0.56421232 -3.11373173 -2.26501851  0.02372186
  0.96005799  1.59193823]","[ 0.00000000e+00 -6.34917418e-05  8.74984469e-05 -4.29865677e-05
 -1.73360303e-05  7.51877540e-04 -5.82007654e-05  4.80748625e-04]","[ 0.         -1.15712893 12.07107544 -0.35697103 -3.61048245  1.20883584
 -1.28487396  0.99065208]"
1747093060.6790457,"[ 0.          0.10781679  0.56421232 -3.11373173 -2.26501851  0.02372661
  0.96005799  1.59194009]","[ 0.00000000e+00 -6.34917418e-05  8.74993247e-05 -4.18341337e-05
 -1.70622493e-05  8.98668170e-04 -5.82007654e-05  4.98818395e-04]","[ 0.         -1.16783285 12.01998329 -0.41972375 -3.58880925  1.23470151
 -1.27661538  0.98815525]"
1747093060.6820722,"[ 0.          0.10781679  0.56421232 -3.11373226 -2.26501851  0.02373422
  0.96005799  1.59194103]","[ 0.00000000e+00 -6.34923676e-05  8.74984469e-05 -4.81366692e-05
 -1.65203377e-05  1.11661260e-03 -5.82887721e-05  4.99349791e-04]","[ 0.         -1.1792047  11.99958038 -0.44255504 -3.59728932  1.2433852
 -1.28225803  0.98215777]"
1747093060.6845553,"[ 0.          0.10781632  0.56421278 -3.11373226 -2.26501851  0.02374279
  0.96005799  1.59194196]","[ 0.00000000e+00 -6.87827183e-05  9.01508150e-05 -4.68966673e-05
 -1.62715288e-05  1.43170162e-03 -4.77269018e-05  5.13748059e-04]","[ 0.         -1.19551337 11.98661613 -0.4379316  -3.59353662  1.2578125
 -1.26875269  0.98135954]"
1747093060.6892004,"[ 0.          0.10781632  0.56421371 -3.11373253 -2.26501851  0.0237561
  0.96005706  1.59194382]","[ 0.00000000e+00 -6.87827183e-05  1.00755793e-04 -4.96315195e-05
 -1.60301026e-05  2.43870680e-03 -5.56392812e-05  5.37584521e-04]","[ 0.         -1.20754242 11.99923801 -0.44562954 -3.61041713  1.28072691
 -1.27462876  1.02068651]"
1747093060.6920104,"[ 0.          0.10781586  0.56421418 -3.11373253 -2.26501851  0.0237913
  0.96005706  1.59194582]","[ 0.00000000e+00 -6.87827183e-05  1.11362770e-04 -4.89845806e-05
 -1.55506241e-05  7.46556094e-03 -5.56392812e-05  5.37503345e-04]","[ 0.         -1.2659291  12.02511883 -0.39619675 -3.65276337  1.26687622
 -1.26233542  1.02681637]"
1747093060.695038,"[ 0.          0.10781541  0.56421458 -3.11373253 -2.26501877  0.02384458
  0.96005706  1.59194675]","[ 0.00000000e+00 -7.40178194e-05  1.19225849e-04 -4.77851341e-05
 -2.29952883e-05  1.97071216e-02 -5.56392812e-05  5.21294083e-04]","[ 0.         -1.28579056 12.03222084 -0.3486582  -3.7040844   1.27527297
 -1.2900598   1.04001784]"
1747093060.6980639,"[ 0.          0.10781541  0.56421458 -3.11373253 -2.26501877  0.02393019
  0.96005706  1.59194862]","[ 0.00000000e+00 -7.40737029e-05  1.19317257e-04 -4.72700162e-05
 -2.26488164e-05  2.88711484e-02 -5.56387285e-05  5.29274626e-04]","[ 0.         -1.28133452 12.1491642  -0.31714579 -3.80410886  1.28694201
 -1.30953074  1.04763174]"
1747093060.7009883,"[ 0.          0.10781495  0.56421551 -3.11373253 -2.26501931  0.02402247
  0.96005706  1.59195061]","[ 0.00000000e+00 -7.67199429e-05  1.32574732e-04 -4.66833576e-05
 -2.98138682e-05  3.07911127e-02 -5.56813848e-05  5.45814475e-04]","[ 0.         -1.28500724 12.2057972  -0.26675704 -3.84627891  1.27710891
 -1.3184365   1.07060146]"
1747093060.703349,"[ 0.          0.10781449  0.56421644 -3.11373253 -2.26501931  0.0241176
  0.96005606  1.59195248]","[ 0.00000000e+00 -8.20101635e-05  1.45832208e-04 -4.56312473e-05
 -2.93768803e-05  3.13460573e-02 -6.62372408e-05  5.25535375e-04]","[ 0.         -1.28795719 12.32003307 -0.16384783 -3.91236591  1.27905631
 -1.31731725  1.08118832]"
1747093060.7056246,"[ 0.          0.10781449  0.56421738 -3.11373253 -2.26501931  0.02418134
  0.96005606  1.59195341]","[ 0.00000000e+00 -8.20101635e-05  1.56438185e-04 -4.51230255e-05
 -2.89832375e-05  3.18715031e-02 -6.62365825e-05  5.29274626e-04]","[ 0.         -1.2860893  12.37691212 -0.12700266 -3.94545579  1.27893019
 -1.31982958  1.08238792]"
1747093060.7085617,"[ 0.          0.10781403  0.56421871 -3.11373253 -2.26501984  0.02428123
  0.96005606  1.59195527]","[ 0.00000000e+00 -8.73020096e-05  1.69695653e-04 -4.45881501e-05
 -3.52820690e-05  3.37964609e-02 -6.62873661e-05  5.29599069e-04]","[ 0.         -1.28678    12.49218845 -0.05908687 -3.91445994  1.27737772
 -1.32504821  1.11567378]"
1747093060.710891,"[ 0.          0.10781357  0.56421964 -3.11373253 -2.26501984  0.02435257
  0.96005606  1.5919582 ]","[ 0.00000000e+00 -8.73671094e-05  1.76868763e-04 -4.40658071e-05
 -3.47925522e-05  3.67332556e-02 -6.62372408e-05  5.53866441e-04]","[ 0.         -1.29636216 12.58010578 -0.04468466 -3.91445041  1.29354548
 -1.33458114  1.10769701]"
1747093060.7137587,"[ 0.          0.10781311  0.56422104 -3.11373253 -2.26502037  0.0244791
  0.96005606  1.59196193]","[ 0.00000000e+00 -8.99475262e-05  1.88922671e-04 -4.94449122e-05
 -4.12200901e-05  4.42511055e-02 -6.62372408e-05  5.62354292e-04]","[ 0.00000000e+00 -1.29440856e+00  1.26897545e+01 -9.68289375e-03
 -3.91512513e+00  1.31978548e+00 -1.34026241e+00  1.13617659e+00]"
1747093060.7166603,"[ 0.          0.10781311  0.56422197 -3.11373253 -2.26502037  0.02452476
  0.96005513  1.59196486]","[ 0.00000000e+00 -9.00154869e-05  1.92279694e-04 -4.88774747e-05
 -4.07019285e-05  4.61866702e-02 -7.41849740e-05  5.90154937e-04]","[ 0.         -1.28809679 12.77471352  0.02153552 -3.88687897  1.31409252
 -1.35419738  1.15143132]"
1747093060.7183437,"[ 0.          0.10781265  0.5642233  -3.11373253 -2.26501984  0.02467316
  0.96005513  1.59196952]","[ 0.00000000e+00 -9.52376087e-05  1.98882786e-04 -4.26729343e-05
 -3.30876797e-05  5.02381288e-02 -7.41857136e-05  6.42579484e-04]","[ 0.         -1.25123489 12.86124992  0.07723123 -3.85426927  1.32270074
 -1.36650443  1.18158841]"
1747093060.720676,"[ 0.          0.10781219  0.5642247  -3.11373253 -2.26502037  0.02478066
  0.96005513  1.59197245]","[ 0.00000000e+00 -1.00529585e-04  2.03421799e-04 -4.22286055e-05
 -3.63621130e-05  5.36644520e-02 -7.42418490e-05  7.12292862e-04]","[ 0.         -1.25332201 12.9443903   0.05849756 -3.83190179  1.33107698
 -1.36507738  1.21529973]"
1747093060.7225773,"[ 0.          0.10781219  0.56422563 -3.11373306 -2.26501984  0.02489196
  0.96005513  1.59197725]","[ 0.00000000e+00 -9.53095680e-05  2.08360366e-04 -4.73648987e-05
 -2.94181651e-05  5.78008613e-02 -7.41857136e-05  8.41605003e-04]","[ 0.         -1.23948264 13.0046587   0.07000741 -3.80618453  1.35169065
 -1.35953438  1.22398365]"
1747093060.7243142,"[ 0.          0.10781174  0.56422703 -3.11373253 -2.26501984  0.02501658
  0.96005513  1.59198191]","[ 0.00000000e+00 -1.00604543e-04  2.15934625e-04 -4.68444330e-05
 -2.93907496e-05  6.45532979e-02 -7.41857136e-05  1.04600645e-03]","[ 0.         -1.22189724 13.06600285  0.05162694 -3.78738022  1.38681614
 -1.37462366  1.23047626]"
1747093060.7261016,"[ 0.          0.10781174  0.5642275  -3.11373253 -2.26502037  0.02508983
  0.96005419  1.5919839 ]","[ 0.00000000e+00 -1.00528593e-04  2.18172678e-04 -4.68444330e-05
 -3.54928958e-05  6.89613247e-02 -8.47836692e-05  1.14877989e-03]","[ 0.         -1.20911264 13.06687737  0.0464102  -3.77026725  1.40234077
 -1.36813939  1.22896242]"
1747093060.7278547,"[ 0.          0.10781128  0.56422883 -3.11373306 -2.26502037  0.02524395
  0.96005419  1.5919895 ]","[ 0.00000000e+00 -1.05899518e-04  2.27252441e-04 -5.18666471e-05
 -3.50424308e-05  8.09471475e-02 -7.41857136e-05  1.47092629e-03]","[ 0.         -1.18752992 13.1005249   0.03777464 -3.73152137  1.41591454
 -1.34828627  1.23556995]"
1747093060.7296546,"[ 0.          0.10781081  0.56423022 -3.11373306 -2.26502037  0.02542565
  0.96005419  1.59199815]","[ 0.00000000e+00 -1.05819570e-04  2.40307214e-04 -5.13086332e-05
 -3.50738958e-05  9.15630403e-02 -7.41857136e-05  2.09311770e-03]","[ 0.         -1.17850721 13.10702515  0.02924735 -3.69894195  1.41151655
 -1.34216845  1.24114501]"
1747093060.731225,"[ 0.          0.10781081  0.56423069 -3.11373306 -2.26502037  0.02551697
  0.96005419  1.59200388]","[ 0.00000000e+00 -1.05819570e-04  2.60996923e-04 -4.59077225e-05
 -3.46335290e-05  9.26434348e-02 -7.41857136e-05  2.55022251e-03]","[ 0.         -1.17630708 13.08328533  0.03266396 -3.69877267  1.41257596
 -1.33257842  1.25617826]"
1747093060.7329662,"[ 0.          0.10781035  0.56423162 -3.11373306 -2.26502037  0.02571294
  0.96005419  1.59201906]","[ 0.00000000e+00 -1.08548083e-04  3.12053625e-04 -4.54186243e-05
 -3.42953795e-05  9.57935549e-02 -6.62372408e-05  4.03946428e-03]","[ 0.         -1.15687346 13.03533554  0.02665436 -3.68984795  1.42401612
 -1.34248245  1.27596712]"
1747093060.7346988,"[ 0.          0.10781035  0.56423202 -3.11373306 -2.26502037  0.02590986
  0.96005419  1.59204476]","[ 0.00000000e+00 -1.05819570e-04  3.77477987e-04 -4.50072964e-05
 -3.42340629e-05  1.01183926e-01 -6.62372408e-05  8.47050270e-03]","[ 0.         -1.11597192 12.96826839  0.01621193 -3.66608882  1.44628692
 -1.35147262  1.26121736]"
1747093060.7365506,"[ 0.          0.1078099   0.56423295 -3.11373359 -2.26502037  0.02612961
  0.96005419  1.5920895 ]","[ 0.00000000e+00 -1.08548083e-04  4.29621297e-04 -5.03022715e-05
 -3.38444858e-05  1.09335047e-01 -6.62372408e-05  2.26766877e-02]","[ 0.         -1.1062094  12.82797337  0.04975503 -3.67516232  1.46970952
 -1.35088503  1.26676416]"
1747093060.7385113,"[ 0.          0.1078099   0.56423342 -3.11373359 -2.26502064  0.02624187
  0.96005419  1.59212279]","[ 0.00000000e+00 -1.08547010e-04  4.68517850e-04 -5.03027714e-05
 -3.65049954e-05  1.13981131e-01 -6.62372408e-05  3.13460573e-02]","[ 0.         -1.08806777 12.76883507  0.0492898  -3.65683103  1.47942209
 -1.3469851   1.27524316]"
1747093060.743222,"[ 0.          0.10780944  0.56423435 -3.11373359 -2.26502064  0.02684975
  0.96005326  1.59231201]","[ 0.00000000e+00 -1.08465062e-04  4.70926561e-04 -5.03022715e-05
 -2.97002401e-05  1.30186982e-01 -6.62372408e-05  4.10873408e-02]","[ 0.         -0.9786576  12.52956009  0.15590037 -3.6579318   1.46659791
 -1.37081993  1.25831568]"
1747093060.7476504,"[ 0.          0.10780898  0.56423482 -3.11373306 -2.26502064  0.02741197
  0.96005226  1.59247952]","[ 0.00000000e+00 -1.08466135e-04  4.28115044e-04 -3.97123214e-05
 -2.94509507e-05  1.46662928e-01 -6.62365825e-05  4.26754004e-02]","[ 0.         -0.89834297 12.24447536  0.24918112 -3.66138148  1.43543053
 -1.42063236  1.21583438]"
1747093060.7524955,"[ 0.          0.10780898  0.56423482 -3.11373306 -2.26502224  0.02829859
  0.96005226  1.5927449 ]","[ 0.00000000e+00 -1.00605543e-04  3.60777347e-04 -3.97123214e-05
 -4.51158612e-05  1.41433411e-01 -6.62372408e-05  4.42959881e-02]","[ 0.         -0.72088051 11.8994627   0.46008998 -3.9037919   1.49103749
 -1.3590672   1.25458205]"
1747093060.7573428,"[ 0.          0.10780898  0.56423482 -3.11373253 -2.26502224  0.02884749
  0.96005226  1.59290096]","[ 0.00000000e+00 -1.00604543e-04  3.12822372e-04 -2.64748795e-05
 -4.41583285e-05  1.34411896e-01 -6.60873364e-05  3.40322817e-02]","[ 0.         -0.66255242 11.74461937  0.503923   -3.91838574  1.58964765
 -1.35494888  1.30656683]"
1747093060.761082,"[ 0.          0.10780898  0.56423482 -3.11373253 -2.26502224  0.02936786
  0.96005226  1.59300176]","[ 0.00000000e+00 -9.53095680e-05  2.49762411e-04 -2.64748795e-05
 -4.32735272e-05  1.30186982e-01 -5.82013384e-05  2.02367869e-02]","[ 0.         -0.6211195  11.67583847  0.53692245 -3.88716531  1.53833985
 -1.32030082  1.29602015]"
1747093060.7635527,"[ 0.          0.10780898  0.56423482 -3.11373253 -2.2650217   0.02975694
  0.96005226  1.59304358]","[ 0.00000000e+00 -9.52376087e-05  2.01596646e-04 -2.64751417e-05
 -3.21091683e-05  1.28296304e-01 -5.82007654e-05  1.05338018e-02]","[ 0.         -0.61482996 11.63640213  0.49308431 -3.73459768  1.51842654
 -1.33659065  1.31319797]"
1747093060.7665296,"[ 0.          0.10780898  0.56423482 -3.11373253 -2.2650217   0.03014032
  0.96005226  1.59306541]","[ 0.00000000e+00 -8.99466322e-05  1.53544582e-04 -2.11639139e-05
 -3.17938749e-05  1.25325232e-01 -5.82007654e-05  5.67204678e-03]","[ 0.         -0.60951018 11.61745071  0.48880276 -3.55144715  1.63367498
 -1.31798494  1.34219766]"
1747093060.7694678,"[ 0.          0.10780851  0.56423482 -3.11373253 -2.26502117  0.03051608
  0.96005226  1.59307687]","[ 0.00000000e+00 -9.54538036e-05  1.11668788e-04 -1.58850858e-05
 -2.65146811e-05  1.24631928e-01 -5.81568575e-05  3.78136470e-03]","[ 0.         -0.55960184 11.60762882  0.44048303 -3.31621027  1.680318
 -1.34103703  1.38373101]"
1747093060.7718894,"[ 0.          0.10780851  0.56423528 -3.11373253 -2.26502117  0.03076438
  0.96005226  1.59308552]","[ 0.00000000e+00 -9.01508150e-05  1.08853182e-04 -1.58849283e-05
 -2.64948971e-05  1.25198249e-01 -5.82013384e-05  4.04111523e-03]","[ 0.         -0.60115719 11.60425758  0.40067747 -3.21636176  1.66883266
 -1.33230698  1.40683866]"
1747093060.7743073,"[ 0.          0.10780851  0.56423528 -3.11373253 -2.26502064  0.03101932
  0.96005226  1.59309591]","[ 0.00000000e+00 -9.01508150e-05  8.16398827e-05 -1.58849283e-05
 -2.12119566e-05  1.24631928e-01 -5.81568575e-05  4.44378649e-03]","[ 0.         -0.59475404 11.65538597  0.37652683 -3.16966844  1.65379512
 -1.28306103  1.37618232]"
1747093060.7760947,"[ 0.          0.10780851  0.56423622 -3.11373253 -2.26502064  0.03138938
  0.96005226  1.59311588]","[ 0.00000000e+00 -8.75001943e-05  9.27330604e-05 -7.94246417e-06
 -2.11961286e-05  1.26405618e-01 -5.82007654e-05  5.68804656e-03]","[ 0.         -0.5728755  11.73885918  0.38825461 -3.11705375  1.67537594
 -1.29148352  1.35094512]"
1747093060.778402,"[ 0.          0.10780851  0.56423708 -3.11373253 -2.26502117  0.03164719
  0.96005226  1.59313213]","[ 0.00000000e+00 -8.21963279e-05  1.07146640e-04 -7.93646773e-06
 -2.64948971e-05  1.26277545e-01 -5.82013384e-05  7.12551428e-03]","[ 0.         -0.5463962  11.80853939  0.40482733 -3.13616323  1.67210186
 -1.30660462  1.36279869]"
1747093060.780707,"[ 0.          0.10780806  0.56423801 -3.11373253 -2.26502117  0.03189643
  0.96005226  1.5931501 ]","[ 0.00000000e+00 -8.74993247e-05  1.26453030e-04 -7.94246417e-06
 -2.64948971e-05  1.27486012e-01 -5.82007654e-05  8.47760793e-03]","[ 0.         -0.5197289  11.91126156  0.4794237  -3.18293452  1.67136371
 -1.31980574  1.37907219]"
1747093060.781732,"[ 0.          0.10780806  0.56423895 -3.11373253 -2.2650217   0.03215804
  0.96005133  1.59317008]","[ 0.00000000e+00 -8.74993247e-05  1.38121817e-04 -2.65152099e-06
 -3.17938749e-05  1.27139610e-01 -6.61372301e-05  9.65549547e-03]","[ 0.         -0.52179933 12.00152111  0.54021668 -3.32704091  1.65107453
 -1.36388731  1.3757776 ]"
1747093060.7835019,"[ 0.          0.10780806  0.56423988 -3.11373253 -2.2650217   0.03228171
  0.96005133  1.5931806 ]","[ 0.00000000e+00 -8.75655786e-05  1.57780234e-04 -2.65149457e-06
 -3.17938749e-05  1.25198249e-01 -6.61372301e-05  1.00066041e-02]","[ 0.         -0.5070132  12.04374886  0.5777117  -3.38504863  1.65174425
 -1.37167609  1.39825344]"
1747093060.7858713,"[ 0.          0.10780806  0.56424121 -3.11373253 -2.26502224  0.03252049
  0.96005133  1.5932015 ]","[ 0.00000000e+00 -8.21963279e-05  1.78503297e-04 -2.65149457e-06
 -3.70928568e-05  1.19653181e-01 -6.60873364e-05  1.06202433e-02]","[ 0.         -0.48701483 12.14247894  0.61940616 -3.49422979  1.66825426
 -1.4170028   1.39994156]"
1747093060.7876592,"[ 0.          0.10780806  0.56424401 -3.11373226 -2.26502224  0.03276307
  0.96005133  1.59322813]","[ 0.00000000e+00 -8.22585670e-05  2.23306269e-04  0.00000000e+00
 -3.70928568e-05  1.18572795e-01 -6.61378843e-05  1.22010353e-02]","[ 0.         -0.4580563  12.29107761  0.66182607 -3.62226295  1.75618517
 -1.40010822  1.40995133]"
1747093060.7894995,"[ 0.          0.10780806  0.5642454  -3.11373226 -2.26502224  0.03287723
  0.96005133  1.59324331]","[ 0.00000000e+00 -7.69507995e-05  2.44569799e-04  2.65149457e-06
 -3.70928568e-05  1.15871817e-01 -5.82007654e-05  1.44502153e-02]","[ 0.         -0.45816824 12.36841774  0.65182239 -3.67728496  1.79984331
 -1.39433992  1.41942859]"
1747093060.7912917,"[ 0.          0.1078076   0.56424813 -3.11373226 -2.2650225   0.03310744
  0.96005133  1.59327767]","[ 0.00000000e+00 -8.22585670e-05  2.89687526e-04  2.65149457e-06
 -3.97724188e-05  1.12093499e-01 -5.82007654e-05  1.67747940e-02]","[ 0.         -0.47461435 12.39993286  0.69421971 -3.83330321  1.79699123
 -1.37312102  1.43264878]"
1747093060.792462,"[ 0.          0.1078076   0.5642518  -3.11373173 -2.26502303  0.03332339
  0.9600504   1.59331668]","[ 0.00000000e+00 -8.22585670e-05  3.38780813e-04  7.95448397e-06
 -4.50413255e-05  1.09119380e-01 -6.61378843e-05  2.02367869e-02]","[ 0.         -0.48845831 12.44089222  0.72143972 -3.92924571  1.77950776
 -1.41844356  1.42275882]"
1747093060.7949276,"[ 0.          0.1078076   0.56425453 -3.11373173 -2.26502357  0.03355075
  0.9600504   1.59336422]","[ 0.00000000e+00 -7.69515634e-05  4.28260620e-04  7.94838950e-06
 -4.77269018e-05  1.12845809e-01 -6.60873364e-05  2.40737716e-02]","[ 0.         -0.4920533  12.47765541  0.74205917 -3.98211479  1.73822677
 -1.47044373  1.40696633]"
1747093060.7967443,"[ 0.          0.10780714  0.56425779 -3.11373173 -2.26502357  0.03377811
  0.9600504   1.59341748]","[ 0.00000000e+00 -8.22577542e-05  7.12053009e-04  7.95440473e-06
 -4.76908124e-05  1.16563889e-01 -6.61372301e-05  2.80616764e-02]","[ 0.         -0.45999023 12.5372963   0.75884652 -3.96680427  1.7013191
 -1.45835543  1.42052734]"
1747093060.7985232,"[ 0.          0.10780714  0.56426145 -3.11373173 -2.26502357  0.03401594
  0.9600494   1.5934802 ]","[ 0.00000000e+00 -8.22585670e-05  1.34180004e-03  7.94846874e-06
 -4.24239132e-05  1.22624254e-01 -7.67199429e-05  3.13165690e-02]","[ 0.         -0.49624383 12.57496262  0.77396762 -3.92355442  1.73862875
 -1.43359888  1.43466938]"
1747093060.7996545,"[ 0.          0.10780714  0.56426371 -3.11373173 -2.26502357  0.03415102
  0.9600494   1.59351256]","[ 0.00000000e+00 -7.69515634e-05  1.60309151e-03  7.95448397e-06
 -4.23918346e-05  1.27139610e-01 -7.67191870e-05  3.29518914e-02]","[ 0.         -0.49549803 12.56980515  0.7750144  -3.87917304  1.76991785
 -1.45063603  1.43475997]"
1747093060.8021634,"[ 0.          0.10780714  0.56426744 -3.11373173 -2.26502357  0.03441739
  0.9600494   1.593583  ]","[ 0.00000000e+00 -7.68925753e-05  1.75540430e-03  7.95448397e-06
 -4.23922572e-05  1.36939419e-01 -7.66620682e-05  3.56528652e-02]","[ 0.         -0.52459157 12.53013515  0.81923968 -3.79978848  1.82504416
 -1.47827339  1.46020067]"
1747093060.8035164,"[ 0.          0.10780668  0.5642711  -3.11373119 -2.26502303  0.03470754
  0.9600494   1.5936581 ]","[ 0.00000000e+00 -7.69515634e-05  1.82893199e-03  1.32574726e-05
 -3.71209245e-05  1.43439554e-01 -6.61372301e-05  3.75798828e-02]","[ 0.         -0.54428798 12.43879604  0.81301516 -3.71249056  1.84128177
 -1.45208132  1.48401749]"
1747093060.8078263,"[ 0.          0.10780623  0.56427796 -3.11373093 -2.26502303  0.03531257
  0.9600494   1.59381323]","[ 0.00000000e+00 -7.69507995e-05  1.81386341e-03  1.59089679e-05
 -3.18176189e-05  1.54974903e-01 -6.61372301e-05  3.94342335e-02]","[ 0.         -0.5091778  12.35803699  0.80391204 -3.49761271  1.84139943
 -1.39907515  1.47510302]"
1747093060.8121786,"[ 0.          0.10780623  0.56428535 -3.1137304  -2.26502303  0.03598609
  0.9600494   1.59397688]","[ 0.00000000e+00 -7.42980657e-05  1.78496044e-03  2.12119566e-05
 -3.17938749e-05  1.74785609e-01 -6.61378843e-05  4.15528656e-02]","[ 0.         -0.45630875 12.3265419   0.84663421 -3.39314699  1.84325993
 -1.38891566  1.49515927]"
1747093060.8157482,"[ 0.          0.10780623  0.56429221 -3.1137304  -2.26502303  0.03672621
  0.9600494   1.59415851]","[ 0.00000000e+00 -6.89381696e-05  1.77013036e-03  2.12119566e-05
 -2.65149452e-05  1.85908601e-01 -5.82013384e-05  4.80286372e-02]","[ 0.         -0.44129002 12.32222843  0.87291718 -3.35074162  1.97353458
 -1.36069834  1.50585365]"
1747093060.8187673,"[ 0.          0.10780576  0.56429634 -3.1137304  -2.26502303  0.03727036
  0.9600494   1.59432123]","[ 0.00000000e+00 -6.89381696e-05  1.62261958e-03  2.12119566e-05
 -3.17938749e-05  1.82315797e-01 -5.81574305e-05  5.64229043e-02]","[ 0.         -0.42867395 12.30639553  0.89171946 -3.36771226  2.00825596
 -1.36333811  1.54858136]"
1747093060.8212535,"[ 0.          0.10780576  0.56429907 -3.1137304  -2.26502357  0.03763946
  0.9600494   1.59443827]","[ 0.00000000e+00 -6.36834207e-05  1.52130490e-03  2.12117453e-05
 -3.18176189e-05  1.79163014e-01 -5.82007654e-05  6.10420282e-02]","[ 0.         -0.42978778 12.33844948  0.91169733 -3.43324256  2.01031971
 -1.36279559  1.55063105]"
1747093060.8236191,"[ 0.          0.10780576  0.56430413 -3.11372986 -2.26502357  0.03819027
  0.9600494   1.59463415]","[ 0.00000000e+00 -5.83328791e-05  1.46263239e-03  3.17938749e-05
 -3.71209245e-05  1.83389833e-01 -5.82007654e-05  6.71427269e-02]","[ 0.         -0.46036482 12.39592457  0.94583046 -3.54036474  1.95328796
 -1.3496995   1.55609834]"
1747093060.8253202,"[ 0.          0.10780576  0.56430779 -3.11372986 -2.26502357  0.03854986
  0.96004847  1.59477503]","[ 0.00000000e+00 -5.83770511e-05  1.53085573e-03  2.65149452e-05
 -3.17938749e-05  1.83396192e-01 -6.60873364e-05  7.34665111e-02]","[ 0.         -0.44886035 12.40025043  0.94241875 -3.62836981  1.91708064
 -1.38845611  1.55621505]"
1747093060.8277478,"[ 0.          0.1078053   0.56431238 -3.11372986 -2.26502383  0.03893324
  0.96004847  1.59493762]","[ 0.00000000e+00 -5.83328791e-05  1.74218095e-03  3.17938749e-05
 -3.44690848e-05  1.87899414e-01 -5.82007654e-05  8.21096340e-02]","[ 0.         -0.43231115 12.42850113  0.94830364 -3.69152212  1.92945886
 -1.40257072  1.57674098]"
1747093060.8294287,"[ 0.          0.1078053   0.56431744 -3.11372933 -2.26502437  0.03930234
  0.96004847  1.59510513]","[ 0.00000000e+00 -5.57235493e-05  2.03542437e-03  3.71209245e-05
 -3.97724188e-05  1.86097153e-01 -5.81568575e-05  8.58909982e-02]","[ 0.         -0.45232859 12.38632202  0.95752758 -3.68828082  1.97256541
 -1.39758217  1.58445251]"
1747093060.8317268,"[ 0.          0.1078053   0.5643225  -3.11372933 -2.26502437  0.03968477
  0.96004847  1.59528489]","[ 0.00000000e+00 -5.03783961e-05  2.36589744e-03  3.70928568e-05
 -3.97123214e-05  1.87177547e-01 -5.82013384e-05  8.77816761e-02]","[ 0.         -0.50179601 12.32699776  0.94876331 -3.69264579  1.99630082
 -1.38989115  1.57912421]"
1747093060.8336027,"[ 0.          0.10780484  0.56432756 -3.11372933 -2.26502437  0.04005483
  0.96004847  1.59545613]","[ 0.00000000e+00 -5.56813848e-05  2.49140514e-03  3.71205547e-05
 -3.96827298e-05  1.88067193e-01 -5.81568575e-05  8.69713844e-02]","[ 0.         -0.5208565  12.29292965  0.93821728 -3.71027827  1.97379649
 -1.37971008  1.60877705]"
1747093060.8353457,"[ 0.          0.10780484  0.56433216 -3.11372933 -2.26502437  0.04045247
  0.96004847  1.59563883]","[ 0.00000000e+00 -5.56813848e-05  2.41347595e-03  4.23918346e-05
 -3.97123214e-05  1.94345562e-01 -5.82013384e-05  8.87720308e-02]","[ 0.         -0.53424144 12.25415802  0.91893542 -3.70969558  1.92299426
 -1.36806965  1.62860692]"
1747093060.8371806,"[ 0.          0.10780439  0.56433449 -3.11372933 -2.26502437  0.04064749
  0.96004847  1.59572911]","[ 0.00000000e+00 -5.56813848e-05  2.41347595e-03  4.23918346e-05
 -3.97123214e-05  1.97711348e-01 -5.82013384e-05  9.15630403e-02]","[ 0.         -0.54420203 12.24358463  0.90020603 -3.69528079  1.87773836
 -1.36488104  1.61518419]"
1747093060.8383884,"[ 0.          0.10780439  0.56433902 -3.11372933 -2.26502437  0.04105751
  0.96004847  1.59591753]","[ 0.00000000e+00 -5.56808321e-05  2.34041067e-03  4.24239132e-05
 -3.70368514e-05  2.01617839e-01 -5.82007654e-05  9.22827928e-02]","[ 0.         -0.57858843 12.20073318  0.9001587  -3.61120391  1.84994161
 -1.3665297   1.61791503]"
1747093060.8401248,"[ 0.          0.10780439  0.56434181 -3.11372933 -2.26502437  0.04144944
  0.96004847  1.59610009]","[ 0.00000000e+00 -5.03778963e-05  2.44221677e-03  4.23922572e-05
 -3.70648338e-05  1.97511029e-01 -4.76188043e-05  9.23733403e-02]","[ 0.         -0.58834696 12.17406559  0.87497139 -3.52405477  1.84299445
 -1.34504223  1.6222986 ]"
1747093060.8418434,"[ 0.          0.10780393  0.56434594 -3.11372906 -2.26502437  0.0416378
  0.96004847  1.59619143]","[ 0.00000000e+00 -5.56813848e-05  2.26491370e-03  4.50754075e-05
 -3.70368514e-05  1.90958920e-01 -4.75833530e-05  9.25495667e-02]","[ 0.         -0.59186184 12.13158703  0.86754322 -3.47346401  1.88963675
 -1.33186674  1.6362536 ]"
1747093060.8436084,"[ 0.          0.10780393  0.5643496  -3.11372906 -2.26502437  0.04202118
  0.96004847  1.59638558]","[ 0.00000000e+00 -5.03783961e-05  2.17509937e-03  4.50413255e-05
 -3.70648338e-05  1.85317895e-01 -4.76188043e-05  9.57935549e-02]","[ 0.         -0.59562874 12.06537151  0.85290182 -3.41093779  1.94733918
 -1.31546414  1.62049627]"
1747093060.844836,"[ 0.          0.10780347  0.564351   -3.11372906 -2.26502437  0.04220002
  0.96004847  1.59648158]","[ 0.00000000e+00 -5.56813848e-05  2.03842225e-03  3.97724188e-05
 -3.70648338e-05  1.81505497e-01 -4.76188043e-05  9.72350907e-02]","[ 0.         -0.60396194 12.02488995  0.85106099 -3.38632441  1.96964562
 -1.30875432  1.63436639]"
1747093060.8464966,"[ 0.          0.107803    0.56435373 -3.11372906 -2.26502437  0.04257294
  0.96004847  1.59668039]","[ 0.00000000e+00 -5.83322980e-05  1.69868521e-03  3.97724188e-05
 -3.70372172e-05  1.82638239e-01 -3.70368514e-05  1.02096849e-01]","[ 0.         -0.62042302 11.98521519  0.84368372 -3.33751774  1.9550215
 -1.30762255  1.64407754]"
1747093060.848246,"[ 0.          0.107803    0.56435653 -3.11372853 -2.26502437  0.04293919
  0.96004847  1.59689264]","[ 0.00000000e+00 -5.83328791e-05  1.50994238e-03  4.50413255e-05
 -3.17698567e-05  1.88257942e-01 -3.70372172e-05  1.03072698e-01]","[ 0.         -0.65175414 11.96404171  0.8345809  -3.30381942  1.96948016
 -1.28956568  1.66387928]"
1747093060.8506138,"[ 0.          0.107803    0.56435739 -3.11372853 -2.26502437  0.04312565
  0.96004847  1.59699824]","[ 0.00000000e+00 -5.83770511e-05  1.35894817e-03  4.50754075e-05
 -2.64748795e-05  1.89068225e-01 -3.70092754e-05  1.06958600e-01]","[ 0.         -0.66968876 11.94037151  0.81988823 -3.2665751   1.98181057
 -1.29742777  1.65589488]"
1747093060.8523436,"[ 0.          0.10780255  0.56435972 -3.11372853 -2.26502437  0.04352804
  0.96004847  1.59722554]","[ 0.00000000e+00 -6.36358718e-05  1.24570257e-03  4.50413255e-05
 -2.11799045e-05  1.96701561e-01 -3.70924870e-05  1.11820358e-01]","[ 0.         -0.66283673 11.94354057  0.78291321 -3.22116709  1.97786844
 -1.29065251  1.65290761]"
1747093060.8535314,"[ 0.          0.10780209  0.56436198 -3.11372853 -2.26502437  0.04392094
  0.96004847  1.59745284]","[ 0.00000000e+00 -6.89388604e-05  1.17003967e-03  3.97724188e-05
 -2.11799045e-05  2.01558384e-01 -3.70089097e-05  1.14675117e-01]","[ 0.         -0.65804327 11.92296982  0.78013623 -3.21753478  1.95887148
 -1.27711487  1.6568526 ]"
1747093060.855953,"[ 0.          0.10780209  0.56436478 -3.11372853 -2.26502437  0.04434902
  0.96004847  1.59770411]","[ 0.00000000e+00 -6.89388604e-05  1.18114822e-03  3.97423437e-05
 -2.11639139e-05  2.11216222e-01 -3.70928568e-05  1.13834324e-01]","[ 0.         -0.63347322 11.91167355  0.79491347 -3.22170877  1.97556341
 -1.26921749  1.6676482 ]"
1747093060.8577733,"[ 0.          0.10780163  0.56436704 -3.113728   -2.26502437  0.04478377
  0.96004847  1.59790957]","[ 0.00000000e+00 -7.68933393e-05  1.18008699e-03  4.50754075e-05
 -2.11799045e-05  2.23683943e-01 -3.70928568e-05  1.12900745e-01]","[ 0.         -0.62065792 11.89271164  0.80296838 -3.24234629  2.01015186
 -1.27568197  1.68583417]"
1747093060.8594627,"[ 0.          0.10780117  0.56436938 -3.11372747 -2.26502437  0.04525562
  0.96004847  1.59815591]","[ 0.00000000e+00 -7.68933393e-05  1.18773292e-03  5.03403034e-05
 -2.11639139e-05  2.31960832e-01 -3.70928568e-05  1.11010067e-01]","[ 0.         -0.63943231 11.86673069  0.80242193 -3.30723143  2.01706719
 -1.28587568  1.70078802]"
1747093060.8606806,"[ 0.          0.10780117  0.56437024 -3.11372747 -2.26502437  0.04549059
  0.96004847  1.5982643 ]","[ 0.00000000e+00 -7.67779151e-05  1.15413261e-03  5.03403034e-05
 -2.11799045e-05  2.37984602e-01 -3.70928568e-05  1.09929672e-01]","[ 0.         -0.62404954 11.86821651  0.80078006 -3.31972384  1.99602687
 -1.30673611  1.7121923 ]"
1747093060.8624976,"[ 0.          0.10780071  0.56437257 -3.11372747 -2.26502437  0.04598337
  0.96004847  1.59848322]","[ 0.00000000e+00 -8.21341783e-05  1.14810461e-03  5.03783961e-05
 -2.64748795e-05  2.39985419e-01 -3.70924870e-05  1.06726871e-01]","[ 0.         -0.62429178 11.86140156  0.84656167 -3.31379867  2.01801515
 -1.32794082  1.72103786]"
1747093060.8641627,"[ 0.          0.10780071  0.56437397 -3.1137272  -2.2650249   0.0462231
  0.96004847  1.59858681]","[ 0.00000000e+00 -8.20721262e-05  1.19226250e-03  5.29897943e-05
 -3.17698567e-05  2.43087735e-01 -3.70928568e-05  1.05067922e-01]","[ 0.         -0.59056371 11.89510822  0.88072962 -3.31230688  2.01657033
 -1.32416606  1.72398746]"
1747093060.8653731,"[ 0.          0.10780071  0.56437716 -3.11372667 -2.2650249   0.04670255
  0.96004847  1.598798  ]","[ 0.00000000e+00 -8.20729389e-05  1.26535353e-03  5.82447383e-05
 -3.17701716e-05  2.42031958e-01 -3.71209245e-05  1.08038994e-01]","[ 0.         -0.57335174 11.9351244   0.91866463 -3.33442497  2.03413415
 -1.30789518  1.72330606]"
1747093060.867765,"[ 0.          0.10780025  0.56438036 -3.11372613 -2.2650249   0.04720294
  0.96004754  1.5990245 ]","[ 0.00000000e+00 -8.73671094e-05  1.30627154e-03  6.34917418e-05
 -3.17698567e-05  2.43087735e-01 -4.76908124e-05  1.11010067e-01]","[ 0.         -0.54894495 11.94948006  0.94612688 -3.38791728  2.0544672
 -1.31711829  1.71814573]"
1747093060.869365,"[ 0.          0.10779979  0.56438449 -3.11372534 -2.2650249   0.04768811
  0.96004754  1.59925087]","[ 0.00000000e+00 -8.73671094e-05  1.45720971e-03  7.14282106e-05
 -3.70648338e-05  2.47949485e-01 -4.77269018e-05  1.15601723e-01]","[ 0.         -0.50896186 11.95434761  0.9766199  -3.40938663  2.05938911
 -1.35032976  1.74878621]"
1747093060.8718736,"[ 0.          0.10779979  0.56438862 -3.113724   -2.26502543  0.04823035
  0.96004754  1.59950014]","[ 0.00000000e+00 -8.73679709e-05  1.67052826e-03  8.46556558e-05
 -4.23278279e-05  2.45256514e-01 -4.76908124e-05  1.22876547e-01]","[ 0.         -0.48674828 11.96206188  1.00649822 -3.44922185  2.05871797
 -1.32275939  1.79270434]"
1747093060.8737042,"[ 0.          0.10779979  0.56439274 -3.11372214 -2.2650257   0.04873549
  0.96004754  1.59974942]","[ 0.00000000e+00 -8.73671094e-05  1.94714344e-03  1.03174077e-04
 -4.50072964e-05  2.46254633e-01 -4.77269018e-05  1.27486012e-01]","[ 0.         -0.44151136 11.96512318  1.04180455 -3.48037004  2.04063845
 -1.32070589  1.75795698]"
1747093060.8760834,"[ 0.          0.10779979  0.56439734 -3.11372028 -2.2650257   0.04923017
  0.96004754  1.60000521]","[ 0.00000000e+00 -8.73011481e-05  2.11966557e-03  1.21693710e-04
 -5.02642966e-05  2.51730841e-01 -4.76908124e-05  1.24264145e-01]","[ 0.         -0.40506133 11.97353745  1.07078671 -3.4699173   2.03210163
 -1.34534264  1.72929168]"
1747093060.8779283,"[ 0.          0.10779979  0.56440286 -3.11371841 -2.2650257   0.04976005
  0.96004754  1.60012798]","[ 0.00000000e+00 -8.73671094e-05  2.34041067e-03  1.40212311e-04
 -5.03022715e-05  2.60548434e-01 -4.77269018e-05  1.24514940e-01]","[ 0.         -0.39997107 12.04651737  1.12009013 -3.43566632  1.96723807
 -1.36099017  1.72944808]"
1747093060.8797421,"[ 0.          0.10779933  0.56440979 -3.11371575 -2.2650257   0.05028041
  0.96004754  1.60038485]","[ 0.00000000e+00 -9.00145929e-05  2.74749383e-03  1.66665819e-04
 -4.50072964e-05  2.63345037e-01 -4.76908124e-05  1.26387300e-01]","[ 0.         -0.37226692 12.05300617  1.10971534 -3.41390347  1.96591008
 -1.33973157  1.72125769]"
1747093060.881575,"[ 0.          0.10779933  0.56441392 -3.11371415 -2.26502623  0.05053917
  0.96004754  1.60050855]","[ 0.00000000e+00 -8.99466322e-05  3.15945936e-03  1.82538757e-04
 -5.03022715e-05  2.62268753e-01 -4.76912879e-05  1.25198249e-01]","[ 0.         -0.35453349 12.04601192  1.12010825 -3.41259646  1.96184886
 -1.33477533  1.74151778]"
1747093060.883458,"[ 0.          0.10779933  0.56442397 -3.11371069 -2.2650257   0.05107
  0.96004754  1.6007501 ]","[ 0.00000000e+00 -8.73671094e-05  4.43860216e-03  2.48952458e-04
 -4.50072964e-05  2.58040752e-01 -3.71209245e-05  1.21420713e-01]","[ 0.         -0.34135142 12.02472496  1.14925647 -3.39914632  1.96991193
 -1.34332383  1.74204874]"
1747093060.885218,"[ 0.          0.10779933  0.56443822 -3.11370829 -2.2650257   0.051578
  0.96004754  1.60100123]","[ 0.00000000e+00 -8.73011481e-05  6.49551492e-03  3.13308646e-04
 -3.97127115e-05  2.59563681e-01 -3.70928568e-05  1.24244837e-01]","[ 0.         -0.33057982 11.99841785  1.175071   -3.4165175   1.98047507
 -1.3501575   1.72860205]"
1747093060.8863637,"[ 0.          0.10779933  0.5644552  -3.1137043  -2.26502623  0.0520879
  0.96004754  1.60124478]","[ 0.00000000e+00 -8.73671094e-05  8.63873854e-03  5.85088949e-04
 -3.97123214e-05  2.59300677e-01 -3.71209245e-05  1.23309485e-01]","[ 0.         -0.29832244 11.96622086  1.17664921 -3.41447282  1.97229993
 -1.33306229  1.72651362]"
1747093060.8887482,"[ 0.          0.10779888  0.56447956 -3.11369817 -2.26502623  0.05261778
  0.96004754  1.60149219]","[ 0.00000000e+00 -8.99466322e-05  1.35048743e-02  1.44880866e-03
 -3.97123214e-05  2.58483286e-01 -3.70928568e-05  1.19531949e-01]","[ 0.         -0.2687301  11.91407585  1.15983534 -3.34701872  1.97125947
 -1.31446028  1.75395215]"
1747093060.890563,"[ 0.          0.10779888  0.56451398 -3.11369125 -2.2650257   0.05312577
  0.96004754  1.60171762]","[ 0.00000000e+00 -9.00154869e-05  1.80781949e-02  2.64925258e-03
 -3.17698567e-05  2.58483286e-01 -3.71209245e-05  1.12900745e-01]","[ 0.         -0.22756194 11.84798431  1.15727389 -3.26745439  1.95864666
 -1.3233186   1.75726771]"
1747093060.8917217,"[ 0.          0.10779888  0.56453509 -3.11368725 -2.2650257   0.0534007
  0.96004754  1.60183361]","[ 0.00000000e+00 -8.73011481e-05  2.13593634e-02  3.15945936e-03
 -3.17701716e-05  2.58549599e-01 -2.91443860e-05  1.09335047e-01]","[ 0.         -0.23508054 11.77963638  1.16140485 -3.25092459  1.98257148
 -1.32579815  1.7433461 ]"
1747093060.8945425,"[ 0.          0.10779888  0.56458656 -3.11367713 -2.26502623  0.05366041
  0.96004754  1.60203148]","[ 0.00000000e+00 -8.73011481e-05  2.63306883e-02  4.43749789e-03
 -3.17698567e-05  2.63345037e-01 -2.91667301e-05  9.64247990e-02]","[ 0.         -0.23766163 11.6285181   1.14632988 -3.2290597   2.00289416
 -1.2877084   1.74684775]"
1747093060.8982444,"[ 0.          0.10779842  0.5647078  -3.11364677 -2.26502543  0.05474585
  0.96004754  1.60235692]","[ 0.00000000e+00 -8.73020096e-05  3.15968251e-02  8.64311923e-03
 -1.85324169e-05  2.73068554e-01 -2.91664395e-05  7.13057304e-02]","[ 0.         -0.22507729 11.25626373  1.12523079 -3.07857084  2.03901196
 -1.2414161   1.68472159]"
1747093060.9027128,"[ 0.          0.10779842  0.56482671 -3.11359537 -2.2650257   0.05583319
  0.96004754  1.60259753]","[ 0.00000000e+00 -8.73011481e-05  2.83602355e-02  1.43151660e-02
 -2.11799045e-05  2.71177859e-01 -1.85602774e-05  5.29391068e-02]","[ 0.         -0.24789909 11.0011158   1.08587837 -2.9155097   2.00913548
 -1.24359536  1.68645036]"
1747093060.9069808,"[ 0.          0.1077975   0.56497365 -3.11351122 -2.2650257   0.05723827
  0.96004754  1.60280872]","[ 0.00000000e+00 -9.00145929e-05  3.03429839e-02  1.72862385e-02
 -2.64748795e-05  2.89251119e-01 -1.85604623e-05  3.37621852e-02]","[ 0.         -0.32160813 10.80088043  1.04076123 -2.90847611  1.98519933
 -1.20088959  1.6718924 ]"
1747093060.9100618,"[ 0.          0.10779704  0.56506226 -3.11346275 -2.2650257   0.0581325
  0.96004754  1.6028982 ]","[ 0.00000000e+00 -8.99475262e-05  2.91409724e-02  1.53955564e-02
 -2.64751417e-05  2.97411378e-01 -1.85604623e-05  2.80901368e-02]","[ 0.         -0.39455017 10.68565464  1.03290927 -3.00378537  1.98178399
 -1.20387661  1.65893078]"
1747093060.913065,"[ 0.          0.10779658  0.56514262 -3.11342227 -2.2650257   0.05906192
  0.96004754  1.60298476]","[ 0.00000000e+00 -9.53095680e-05  2.49072619e-02  1.24244839e-02
 -2.64948971e-05  3.08946727e-01 -1.85466133e-05  3.05649708e-02]","[ 0.         -0.40677407 10.74877739  1.00185013 -3.07997036  1.92701793
 -1.17714536  1.65085804]"
1747093060.9161806,"[ 0.          0.10779658  0.5652152  -3.11338871 -2.2650257   0.05997042
  0.96004754  1.60308942]","[ 0.00000000e+00 -9.53105108e-05  2.18778954e-02  1.00307380e-02
 -2.64746154e-05  3.05750334e-01 -1.85464284e-05  3.76152695e-02]","[ 0.         -0.42995358 10.87193394  1.03593421 -3.10764313  2.00760102
 -1.20256782  1.67538106]"
1747093060.9192727,"[ 0.          0.10779612  0.56527718 -3.11336075 -2.26502623  0.06090079
  0.96004754  1.60322923]","[ 0.00000000e+00 -1.00528593e-04  2.10676037e-02  8.91321630e-03
 -3.17698567e-05  3.06830745e-01 -1.85604623e-05  5.20759971e-02]","[ 0.         -0.42509007 11.02898693  1.08643961 -3.1758132   2.00966859
 -1.20452368  1.67718554]"
1747093060.922336,"[ 0.          0.10779566  0.56534469 -3.11333092 -2.26502623  0.06183593
  0.96004754  1.60342045]","[ 0.00000000e+00 -1.00529585e-04  2.32283823e-02  1.02637042e-02
 -2.64748795e-05  3.08194450e-01 -1.85604623e-05  6.75243704e-02]","[ 0.         -0.46314612 11.26707172  1.10181439 -3.18613625  2.01432085
 -1.23723626  1.67210829]"
1747093060.9259593,"[ 0.          0.1077952   0.56545255 -3.11327952 -2.26502623  0.06307928
  0.96004754  1.6037391 ]","[ 0.00000000e+00 -1.05819570e-04  2.78200403e-02  1.48403102e-02
 -2.64748795e-05  3.09801801e-01 -1.06059783e-05  8.69713844e-02]","[ 0.         -0.44625425 11.45322704  1.13028252 -3.19907689  2.02220869
 -1.23822677  1.66528833]"
1747093060.9295833,"[ 0.          0.10779428  0.56553384 -3.11322626 -2.26502623  0.06401727
  0.96004754  1.60402832]","[ 0.00000000e+00 -1.08547010e-04  2.56592596e-02  1.94470181e-02
 -2.38276277e-05  3.07191371e-01 -1.05819570e-05  9.93043086e-02]","[ 0.         -0.44401717 11.57517147  1.1313982  -3.137748    2.09585428
 -1.26140082  1.62753451]"
1747093060.9352207,"[ 0.          0.10779291  0.56560455 -3.11313704 -2.2650257   0.06521116
  0.96004754  1.60446028]","[ 0.00000000e+00 -1.24431935e-04  2.25691605e-02  2.37685775e-02
 -1.32574726e-05  3.03049356e-01 -1.05820616e-05  1.08331975e-01]","[ 0.         -0.50537294 11.75492668  1.09865153 -3.02235484  2.24187303
 -1.2651391   1.64314377]"
1747093060.9365916,"[ 0.          0.10779153  0.56569869 -3.11303664 -2.2650257   0.06647259
  0.96004754  1.60489491]","[ 0.00000000e+00 -1.32374402e-04  2.45753093e-02  2.59030865e-02
 -1.32574726e-05  3.07480890e-01 -1.05819570e-05  1.10739964e-01]","[ 0.         -0.58573425 12.02003956  1.06569326 -2.98196626  2.30031562
 -1.28714216  1.65070903]"
1747093060.9401627,"[ 0.          0.10778969  0.56577492 -3.11295009 -2.2650257   0.0673887
  0.96004754  1.60523273]","[ 0.00000000e+00 -1.45613274e-04  2.59293582e-02  3.02509176e-02
 -1.32574726e-05  3.11692479e-01 -1.05899522e-05  1.11010067e-01]","[ 0.         -0.58306372 12.15714455  1.01755381 -3.02535629  2.27852654
 -1.2783885   1.62372172]"
1747093060.9426255,"[ 0.          0.10778877  0.56584656 -3.11284356 -2.2650257   0.06833906
  0.9600466   1.60559226]","[ 0.00000000e+00 -1.50792882e-04  2.18557287e-02  3.91244538e-02
 -1.32675109e-05  3.10612101e-01 -1.85324169e-05  1.22624254e-01]","[ 0.         -0.62870049 12.20020866  0.95040721 -3.06846929  2.28221273
 -1.28968203  1.61221576]"
1747093060.9447696,"[ 0.          0.10778786  0.56588698 -3.11275328 -2.2650257   0.06894123
  0.9600466   1.60585485]","[ 0.00000000e+00 -1.58849285e-04  1.91769216e-02  4.51062798e-02
 -1.32574726e-05  3.03859656e-01 -1.85325998e-05  1.29898062e-01]","[ 0.         -0.65487915 12.25741673  0.89999151 -3.10406733  2.31930733
 -1.3052876   1.57765067]"
1747093060.9464478,"[ 0.          0.10778602  0.5659182  -3.11265634 -2.26502623  0.06955673
  0.9600466   1.60612689]","[ 0.00000000e+00 -1.74734219e-04  1.53955564e-02  4.83983131e-02
 -1.85606472e-05  3.00078300e-01 -1.85325998e-05  1.40990877e-01]","[ 0.         -0.70826226 12.338521    0.82643497 -3.16286469  2.36161709
 -1.31542039  1.58719409]"
1747093060.9489453,"[ 0.          0.10778372  0.56594483 -3.11255488 -2.26502623  0.07013988
  0.9600466   1.60642942]","[ 0.00000000e+00 -1.94249530e-04  1.25384225e-02  5.26156451e-02
 -1.85604623e-05  2.95216533e-01 -1.85184257e-05  1.49457999e-01]","[ 0.         -0.7708236  12.43119335  0.77681357 -3.20005465  2.34810114
 -1.32104278  1.59448218]"
1747093060.9507704,"[ 0.          0.10778097  0.56596687 -3.11244382 -2.26502623  0.07074395
  0.9600466   1.6067281 ]","[ 0.00000000e+00 -2.32960667e-04  1.07929524e-02  5.72606640e-02
 -1.85604623e-05  2.93325855e-01 -1.85324169e-05  1.51254584e-01]","[ 0.         -0.84406972 12.48978996  0.69432253 -3.22783875  2.3440249
 -1.34954786  1.57090306]"
1747093060.952524,"[ 0.          0.1077773   0.56598751 -3.11232398 -2.26502623  0.07134518
  0.9600466   1.60704022]","[ 0.00000000e+00 -3.46353755e-04  1.00307380e-02  5.80709558e-02
 -1.85745164e-05  2.93900632e-01 -1.85184257e-05  1.51464158e-01]","[ 0.         -0.92049241 12.56401157  0.61966974 -3.2418406   2.33458948
 -1.32861602  1.59821165]"
1747093060.954868,"[ 0.          0.10777362  0.56600635 -3.11220893 -2.26502676  0.07192738
  0.9600466   1.60733596]","[ 0.00000000e+00 -5.85085828e-04  9.73338045e-03  5.83410544e-02
 -2.38634509e-05  2.96296945e-01 -1.85324169e-05  1.48553606e-01]","[ 0.         -0.99947125 12.56737709  0.56531775 -3.29523849  2.38106155
 -1.29999888  1.58185029]"
1747093060.9565923,"[ 0.          0.10776857  0.56602706 -3.11208749 -2.26502676  0.07254478
  0.9600466   1.6076385 ]","[ 0.00000000e+00 -1.08602526e-03  1.05322757e-02  5.99616379e-02
 -2.38634509e-05  3.03680592e-01 -1.85184257e-05  1.46950316e-01]","[ 0.         -1.02785099 12.50917053  0.53436434 -3.31678176  2.40960336
 -1.31327915  1.58488667]"
1747093060.9588232,"[ 0.          0.10776581  0.56603758 -3.11202864 -2.26502676  0.07283873
  0.9600466   1.60778497]","[ 0.00000000e+00 -1.45717954e-03  1.08038994e-02  5.96915434e-02
 -2.38634509e-05  2.98187623e-01 -1.85184257e-05  1.48553606e-01]","[ 0.         -1.06206727 12.4882164   0.51236826 -3.34378242  2.37665129
 -1.31469321  1.60031474]"
1747093060.960658,"[ 0.          0.10775341  0.5660748  -3.1118542  -2.26502676  0.0737244
  0.9600466   1.60823212]","[ 0.00000000e+00 -3.33498509e-03  1.34911902e-02  5.61802737e-02
 -2.38815200e-05  2.86628338e-01 -1.85184257e-05  1.47953396e-01]","[ 0.         -1.12677681 12.40438557  0.46420729 -3.32528067  2.43196011
 -1.3069787   1.58457565]"
1747093060.9624364,"[ 0.          0.1077479   0.56609084 -3.11179801 -2.26502676  0.07400598
  0.9600466   1.60837673]","[ 0.00000000e+00 -4.14872332e-03  1.50461080e-02  5.69328248e-02
 -2.38634509e-05  2.85493033e-01 -1.85184257e-05  1.46662928e-01]","[ 0.         -1.15323973 12.34790707  0.45683998 -3.28919101  2.40035677
 -1.29855752  1.60405576]"
1747093060.9636467,"[ 0.          0.10773183  0.56612393 -3.11168056 -2.26502676  0.0745625
  0.9600466   1.60866688]","[ 0.00000000e+00 -7.10995559e-03  1.72862385e-02  5.74259756e-02
 -1.85743315e-05  2.82792055e-01 -1.85325998e-05  1.47323808e-01]","[ 0.         -1.21364844 12.22442341  0.4443737  -3.14774799  2.45929909
 -1.28605402  1.59708393]"
1747093060.9655294,"[ 0.          0.10770796  0.56616108 -3.11156951 -2.26502676  0.0751447
  0.9600466   1.60895796]","[ 0.00000000e+00 -1.35048743e-02  1.85568669e-02  5.53699820e-02
 -1.85743315e-05  2.82792055e-01 -1.85184257e-05  1.39910499e-01]","[ 0.         -1.27238309 12.01758766  0.44598126 -3.05896401  2.4455173
 -1.26017523  1.56322503]"
1747093060.9672904,"[ 0.          0.10769188  0.56617993 -3.11151651 -2.26502676  0.07542438
  0.9600466   1.60909112]","[ 0.00000000e+00 -1.62058481e-02  1.91574909e-02  5.37493985e-02
 -1.85604623e-05  2.83602355e-01 -1.85184257e-05  1.35048741e-01]","[ 0.         -1.2831465  11.91322231  0.47044799 -3.02923036  2.52878499
 -1.23367679  1.57556236]"
1747093060.9691043,"[ 0.          0.10764872  0.56621761 -3.11141052 -2.26502623  0.07600563
  0.9600466   1.60934998]","[ 0.00000000e+00 -2.26881871e-02  1.80383432e-02  5.15886178e-02
 -1.32675109e-05  2.85607116e-01 -1.05819570e-05  1.30186982e-01]","[ 0.         -1.23875189 11.73307419  0.50883108 -2.98525596  2.50888109
 -1.20441997  1.57820821]"
1747093060.9709795,"[ 0.          0.10759729  0.5662511  -3.11130719 -2.26502623  0.07657071
  0.9600466   1.60960684]","[ 0.00000000e+00 -2.75499417e-02  1.62058481e-02  5.13185192e-02
 -7.95440473e-06  2.88464088e-01 -1.05820616e-05  1.24514940e-01]","[ 0.         -1.20270693 11.55743599  0.54547727 -2.91342425  2.43190408
 -1.19539559  1.55633295]"
1747093060.972724,"[ 0.          0.10753393  0.56628053 -3.11120652 -2.26502623  0.07716622
  0.9600466   1.60985225]","[ 0.00000000e+00 -3.21415997e-02  1.37922658e-02  4.80773522e-02
 -5.30700455e-06  2.91142197e-01 -1.05819570e-05  1.19115015e-01]","[ 0.         -1.15012729 11.41994286  0.58728129 -2.83384371  2.342026
 -1.20446551  1.58528352]"
1747093060.9745765,"[ 0.          0.10746367  0.56630529 -3.11111198 -2.26502623  0.07773415
  0.9600466   1.61008714]","[ 0.00000000e+00 -3.46060473e-02  1.21420713e-02  4.69969619e-02
 -5.30298914e-06  2.87383711e-01 -1.05819570e-05  1.19383087e-01]","[ 0.         -1.06553829 11.3030529   0.69263422 -2.76424527  2.29407763
 -1.19183779  1.59206867]"
1747093060.976394,"[ 0.          0.10742923  0.56631675 -3.1110667  -2.26502623  0.07801765
  0.9600466   1.61020605]","[ 0.00000000e+00 -3.48425735e-02  1.16141912e-02  4.59165715e-02
 -5.30700455e-06  2.87092527e-01 -1.05900569e-05  1.20341417e-01]","[ 0.         -1.02012837 11.29572582  0.73352802 -2.76054096  2.31547475
 -1.17822659  1.57440698]"
1747093060.9782662,"[ 0.          0.10736448  0.56634018 -3.11096923 -2.26502623  0.07859984
  0.9600466   1.61045439]","[ 0.00000000e+00 -3.21090342e-02  1.12845802e-02  4.80773522e-02
 -5.30293632e-06  2.84682733e-01 -1.05819570e-05  1.22624254e-01]","[ 0.         -0.94358462 11.17787933  0.80749506 -2.802881    2.36564159
 -1.14756763  1.59322691]"
1747093060.9794192,"[ 0.          0.10730617  0.56636175 -3.11087522 -2.26502623  0.07916397
  0.9600466   1.61070366]","[ 0.00000000e+00 -2.73080476e-02  1.10627764e-02  4.72191652e-02
 -5.30705738e-06  2.87383711e-01 -1.05819570e-05  1.28296304e-01]","[ 0.         -0.85580552 11.06410122  0.87348139 -2.85877705  2.35146546
 -1.17204297  1.62452543]"
1747093060.981199,"[ 0.          0.10725887  0.56638612 -3.11078015 -2.26502623  0.07975949
  0.9600466   1.61097384]","[ 0.00000000e+00 -2.26881871e-02  1.20255622e-02  4.61413964e-02
  0.00000000e+00  2.91894473e-01 -1.05819570e-05  1.32213664e-01]","[ 0.         -0.78968012 10.96903896  0.98872608 -2.96127057  2.30266833
 -1.19596934  1.62535024]"
1747093060.9829865,"[ 0.          0.10723637  0.56639804 -3.11073381 -2.26502623  0.08004868
  0.9600466   1.61110314]","[ 0.00000000e+00 -2.10645514e-02  1.21543863e-02  4.69969619e-02
 -5.30298914e-06  2.93325855e-01 -1.05819570e-05  1.31267377e-01]","[ 0.         -0.76435822 10.96926308  1.00315678 -2.98314881  2.34431386
 -1.19283962  1.63635957]"
1747093060.9847875,"[ 0.          0.10719872  0.56642514 -3.11062994 -2.26502676  0.08065371
  0.9600466   1.61136759]","[ 0.00000000e+00 -1.80781949e-02  1.35414969e-02  5.19090710e-02
 -1.06139034e-05  2.97411378e-01 -1.05899522e-05  1.28894991e-01]","[ 0.         -0.69720399 10.96542072  1.01131392 -2.9782424   2.27707338
 -1.18372679  1.66589713]"
1747093060.9867733,"[ 0.          0.10716565  0.56645317 -3.11052102 -2.26502623  0.08125493
  0.9600466   1.61161779]","[ 0.00000000e+00 -1.59357516e-02  1.40308382e-02  5.63931768e-02
  0.00000000e+00  3.06830745e-01 -1.05819570e-05  1.25325232e-01]","[ 0.         -0.66333663 10.9449749   1.04384279 -2.93876266  2.31345963
 -1.184129    1.63873279]"
1747093060.9915743,"[ 0.          0.10709953  0.56652614 -3.11019185 -2.26502676  0.08281983
  0.9600466   1.61219343]","[ 0.00000000e+00 -1.07830435e-02  1.35048743e-02  7.39317237e-02
 -1.06058726e-05  3.12502779e-01 -1.05819570e-05  1.09119380e-01]","[ 0.         -0.6667968  10.90483952  0.97404265 -2.96182561  2.41571641
 -1.14305925  1.65687835]"
1747093060.9963932,"[ 0.          0.10706831  0.56656702 -3.10987041 -2.2650257   0.08410125
  0.9600466   1.61261195]","[ 0.00000000e+00 -5.94214437e-03  7.83282698e-03  8.23797284e-02
  0.00000000e+00  3.22226280e-01 -1.05820616e-05  1.02096849e-01]","[ 0.         -0.80015182 10.92361736  0.84922826 -2.96756029  2.46012998
 -1.16377687  1.65969515]"
1747093061.0004232,"[ 0.          0.10705178  0.5665808  -3.10954471 -2.2650257   0.08541309
  0.9600466   1.61302008]","[ 0.00000000e+00 -3.00922145e-03  1.08038990e-03  8.01376714e-02
 -2.65149457e-06  3.30869403e-01 -1.05819570e-05  1.03072698e-01]","[ 0.         -0.95301265 11.15376091  0.71537888 -2.91778207  2.46267533
 -1.10517347  1.65542042]"
1747093061.003392,"[ 0.          0.10704305  0.56657987 -3.10923072 -2.26502623  0.08677251
  0.9600466   1.61341103]","[ 0.00000000e+00 -1.89068235e-03 -2.64991160e-04  7.64375836e-02
 -7.95448397e-06  3.39512526e-01 -1.05819570e-05  9.45341127e-02]","[ 0.         -1.08036184 11.42521381  0.56290609 -2.9121666   2.33435607
 -1.15540135  1.66982889]"
1747093061.0070064,"[ 0.          0.10703754  0.56658173 -3.10900249 -2.26502623  0.08779897
  0.9600466   1.61369546]","[ 0.00000000e+00 -1.84332177e-03  2.65943796e-04  7.31964166e-02
 -5.30298914e-06  3.38702226e-01 -1.05819570e-05  9.33590428e-02]","[ 0.         -1.15245557 11.58596802  0.5166778  -2.94226098  2.27809787
 -1.15847433  1.66678214]"
1747093061.0101347,"[ 0.          0.10703111  0.5665822  -3.10880328 -2.26502623  0.08885587
  0.9600466   1.61398468]","[ 0.00000000e+00 -2.02117282e-03  3.39737042e-04  6.21320725e-02
 -5.30695172e-06  3.53017416e-01 -1.05819570e-05  9.93958714e-02]","[ 0.         -1.19037366 11.72080135  0.49994129 -2.94689488  2.32851815
 -1.20270133  1.67254066]"
1747093061.0139122,"[ 0.          0.10702422  0.56658493 -3.10863976 -2.26502623  0.08996414
  0.9600466   1.61432143]","[ 0.00000000e+00 -2.15166797e-03  5.01487212e-04  5.13185192e-02
 -5.30298914e-06  3.72641917e-01 -1.05739739e-05  1.18722481e-01]","[ 0.         -1.17450166 11.86406136  0.55434734 -2.90231705  2.30438566
 -1.21407998  1.68361783]"
1747093061.0175493,"[ 0.          0.10701275  0.56659092 -3.10843763 -2.2650257   0.09190386
  0.9600466   1.61506352]","[ 0.00000000e+00 -2.34041067e-03  7.40894016e-04  3.65001790e-02
  0.00000000e+00  3.93532019e-01 -1.05819570e-05  1.65757959e-01]","[ 0.         -1.06119108 11.98451519  0.78000611 -2.8542552   2.33741879
 -1.22281682  1.59846389]"
1747093061.0212893,"[ 0.          0.10700724  0.56659318 -3.10833164 -2.2650257   0.09311201
  0.9600466   1.61560668]","[ 0.00000000e+00 -2.09878004e-03  7.76658202e-04  3.45724769e-02
  5.30293632e-06  4.01229520e-01 -1.05820616e-05  1.92849598e-01]","[ 0.         -0.95054352 11.97141266  0.9216246  -2.87637639  2.34809589
 -1.22906291  1.56628656]"
1747093061.024257,"[ 0.          0.10700356  0.56659411 -3.10822831 -2.2650257   0.09431542
  0.9600466   1.61623358]","[ 0.00000000e+00 -1.56454511e-03  7.24404329e-04  3.34920866e-02
  5.30700455e-06  4.07703797e-01 -1.05819570e-05  2.14187294e-01]","[ 0.         -0.83350557 11.93102169  1.07094121 -2.83003521  2.36442304
 -1.22919905  1.59777355]"
1747093061.0305994,"[ 0.          0.10700264  0.56659458 -3.10808423 -2.2650257   0.09595166
  0.9600466   1.61716209]","[ 0.00000000e+00 -6.41634634e-04  6.35883871e-04  3.91641349e-02
  5.30695172e-06  4.01364841e-01 -1.05820616e-05  2.37415685e-01]","[ 0.         -0.68705505 11.88785744  1.25400603 -2.86539125  2.19417143
 -1.27350903  1.52430236]"
1747093061.0335815,"[ 0.          0.10700172  0.56659598 -3.10778116 -2.2650257   0.09836513
  0.9600466   1.61858329]","[ 0.00000000e+00 -1.64048366e-04  5.30384428e-04  5.78008613e-02
  0.00000000e+00  3.97718774e-01 -1.05978530e-05  2.15911641e-01]","[ 0.         -0.50157255 11.75116825  1.28797865 -2.85019803  2.28536606
 -1.2239784   1.47122836]"
1747093061.0361292,"[ 0.          0.10700172  0.56659598 -3.10764933 -2.2650257   0.09916136
  0.9600466   1.61899528]","[ 0.00000000e+00 -8.84967097e-05  4.16710849e-04  6.63766561e-02
  0.00000000e+00  4.05146197e-01 -1.05979587e-05  2.07434866e-01]","[ 0.         -0.49193045 11.66159153  1.24966943 -2.85762596  2.36657524
 -1.2125572   1.4756192 ]"
1747093061.0385177,"[ 0.          0.1070008   0.56659551 -3.10741737 -2.2650257   0.1003838
  0.9600466   1.61959929]","[ 0.00000000e+00 -1.31983404e-04  2.14679408e-04  7.44713717e-02
  0.00000000e+00  3.99474164e-01 -1.05979587e-05  1.95010370e-01]","[ 0.         -0.51562184 11.54044437  1.14583921 -2.86887932  2.41736794
 -1.19575965  1.52533031]"
1747093061.041015,"[ 0.          0.10700034  0.56659551 -3.10726131 -2.2650257   0.10116862
  0.9600466   1.61997892]","[ 0.00000000e+00 -1.69473891e-04  1.51538401e-04  8.04890505e-02
  0.00000000e+00  3.98393786e-01 -1.05979587e-05  1.82638239e-01]","[ 0.         -0.52253687 11.52479458  1.01834357 -2.82756615  2.39500093
 -1.21126115  1.5254879 ]"
1747093061.0434659,"[ 0.          0.10699943  0.56659551 -3.1070938  -2.2650257   0.10198769
  0.9600466   1.62031474]","[ 0.00000000e+00 -2.20789351e-04  8.83974020e-05  8.17566153e-02
  0.00000000e+00  3.99878897e-01  0.00000000e+00  1.68000624e-01]","[ 0.         -0.54486638 11.48230267  0.94296229 -2.76301908  2.41090059
 -1.18782175  1.53115261]"
1747093061.0459619,"[ 0.          0.10699805  0.56659551 -3.10683414 -2.26502543  0.10316351
  0.9600466   1.620778  ]","[ 0.00000000e+00 -2.83692260e-04  5.03314161e-05  8.75181896e-02
  2.64748806e-06  3.96503108e-01  0.00000000e+00  1.45947236e-01]","[ 0.         -0.60910904 11.28997707  0.83733904 -2.71090078  2.30512643
 -1.13105285  1.56597984]"
1747093061.0483074,"[ 0.          0.10699713  0.56659505 -3.10666103 -2.26502543  0.10397973
  0.96004754  1.62104911]","[ 0.00000000e+00 -3.14618316e-04  2.52564009e-05  8.75115816e-02
  7.94246417e-06  3.98196878e-01  1.05979587e-05  1.35048741e-01]","[ 0.         -0.6478141  11.16261768  0.70491737 -2.67924619  2.31349874
 -1.12306559  1.55113077]"
1747093061.0524268,"[ 0.          0.10699438  0.56659458 -3.10639339 -2.26502543  0.10522024
  0.96004754  1.62132209]","[ 0.00000000e+00 -4.00807890e-04 -2.41272069e-05  8.73300539e-02
  7.94246417e-06  3.82998218e-01  1.05979587e-05  1.31653443e-01]","[ 0.         -0.75749195 10.95900917  0.58213776 -2.63844657  2.38566923
 -1.08316684  1.54828918]"
1747093061.0548754,"[ 0.          0.10698933  0.56659458 -3.10606555 -2.2650249   0.10675755
  0.96004754  1.62186151]","[ 0.00000000e+00 -5.48869568e-04 -4.41596980e-05  7.91682891e-02
  1.85324169e-05  3.81107540e-01  1.05979587e-05  1.38019813e-01]","[ 0.         -0.91038954 10.83129311  0.52058315 -2.51720619  2.39329004
 -1.00465918  1.55463123]"
1747093061.0572352,"[ 0.          0.10698611  0.56659458 -3.10599072 -2.2650249   0.10751384
  0.96004754  1.62213169]","[ 0.00000000e+00 -6.32529757e-04 -5.28698675e-05  7.59744432e-02
  1.85464284e-05  3.83689475e-01  1.06059783e-05  1.37209521e-01]","[ 0.         -0.91971236 10.7425766   0.50901061 -2.41699076  2.38209844
 -1.03126001  1.54548466]"
1747093061.0596192,"[ 0.          0.10698014  0.56659365 -3.10576621 -2.26502437  0.10869059
  0.96004754  1.62253795]","[ 0.00000000e+00 -9.43324753e-04 -9.18472148e-05  7.40067084e-02
  2.38271543e-05  3.88940363e-01  1.05980643e-05  1.30055081e-01]","[ 0.         -0.94718385 10.62552834  0.53856927 -2.3980732   2.38554215
 -1.05618691  1.54829204]"
1747093061.0621414,"[ 0.          0.10697554  0.56659365 -3.10562187 -2.2650249   0.10945259
  0.96004754  1.62279761]","[ 0.00000000e+00 -1.51252310e-03 -8.82523211e-05  7.23861249e-02
  1.85184257e-05  3.85969307e-01  1.05979587e-05  1.31267377e-01]","[ 0.         -0.997114   10.53028107  0.57894605 -2.47366548  2.41885591
 -1.01450419  1.60075653]"
1747093061.0645335,"[ 0.          0.10696728  0.56659365 -3.10540882 -2.2650249   0.1106189
  0.96004754  1.62319429]","[ 0.00000000e+00 -2.35150388e-03 -6.64153592e-05  7.04240160e-02
  1.85325998e-05  3.84498942e-01  1.06058726e-05  1.32347763e-01]","[ 0.         -1.02009547 10.41353607  0.65711665 -2.48746419  2.44609952
 -1.02236605  1.57688653]"
1747093061.066261,"[ 0.          0.10696407  0.56659365 -3.10526607 -2.2650249   0.11099752
  0.96004754  1.62347685]","[ 0.00000000e+00 -2.55669576e-03 -6.62383705e-05  6.97136303e-02
  1.85186086e-05  3.84078596e-01  1.05979587e-05  1.40848032e-01]","[ 0.         -1.03673768 10.39812279  0.68670899 -2.4737289   2.3988688
 -1.05203342  1.57075584]"
1747093061.0685031,"[ 0.          0.1069558   0.56659365 -3.10513105 -2.26502437  0.11178329
  0.96004754  1.62376221]","[ 0.00000000e+00 -3.40408059e-03 -6.39941242e-05  6.81336683e-02
  2.38273920e-05  3.84078596e-01  1.06059783e-05  1.46662928e-01]","[ 0.         -1.04469144 10.4457159   0.75194168 -2.48436069  2.40736341
 -1.03915441  1.57587826]"
1747093061.070341,"[ 0.          0.10694524  0.56659365 -3.10499017 -2.26502437  0.11257668
  0.96004754  1.62407713]","[ 0.00000000e+00 -4.61519263e-03 -6.17432093e-05  7.26562194e-02
  1.85184257e-05  3.88691124e-01  1.05979587e-05  1.55306051e-01]","[ 0.         -1.01399338 10.49463654  0.82284516 -2.5166254   2.34084725
 -1.04231942  1.54124379]"
1747093061.072071,"[ 0.          0.10693928  0.56659365 -3.10491214 -2.26502437  0.11296291
  0.96004754  1.62423412]","[ 0.00000000e+00 -5.44218841e-03 -6.18990182e-05  7.34751581e-02
  1.85325998e-05  3.91641341e-01  1.05979587e-05  1.59357518e-01]","[ 0.         -1.00819504 10.5305891   0.8636983  -2.5502286   2.28425312
 -1.0476445   1.51129532]"
1747093061.073974,"[ 0.          0.10692412  0.56659365 -3.10476593 -2.26502437  0.11372776
  0.96004754  1.62456129]","[ 0.00000000e+00 -7.41211827e-03 -5.99367534e-05  7.45469056e-02
  1.85324169e-05  3.84888896e-01  1.06059783e-05  1.60340840e-01]","[ 0.         -0.96979421 10.59302139  0.92531914 -2.57526946  2.20419884
 -1.06994355  1.51023757]"
1747093061.075758,"[ 0.          0.10690391  0.56659365 -3.10461493 -2.2650249   0.11450879
  0.96004754  1.62487807]","[ 0.00000000e+00 -1.07929524e-02 -5.79578031e-05  7.71696116e-02
  1.32374398e-05  3.82187918e-01  1.05979587e-05  1.60978101e-01]","[ 0.         -0.96527058 10.64634705  0.95789778 -2.63256264  2.17175341
 -1.04982722  1.51666069]"
1747093061.0769598,"[ 0.          0.10689151  0.56659365 -3.1045337  -2.2650249   0.1148817
  0.96004754  1.62503893]","[ 0.00000000e+00 -1.26945815e-02 -5.62339817e-05  7.64843803e-02
  1.32374398e-05  3.77753322e-01  1.06059783e-05  1.63138873e-01]","[ 0.         -0.95272017 10.71163368  0.96529853 -2.68470716  2.19480801
 -1.04572439  1.53718305]"
1747093061.078607,"[ 0.          0.10685891  0.56659365 -3.10438536 -2.2650249   0.11562562
  0.96004754  1.62537661]","[ 0.00000000e+00 -1.72862385e-02 -5.46097404e-05  7.50870946e-02
  1.32375708e-05  3.75435506e-01  1.05979587e-05  1.65602014e-01]","[ 0.         -0.89973444 10.84429836  1.02609169 -2.73083329  2.24033213
 -1.06526697  1.57184827]"
1747093061.0803614,"[ 0.          0.10684009  0.56659365 -3.10431186 -2.2650249   0.11602517
  0.96004754  1.62554306]","[ 0.00000000e+00 -1.91769216e-02 -5.46081393e-05  7.45469056e-02
  1.32375708e-05  3.76152695e-01  1.05979587e-05  1.68810924e-01]","[ 0.         -0.8784821  10.89544392  1.04967773 -2.78592515  2.2567699
 -1.07221627  1.55461144]"
1747093061.082206,"[ 0.          0.10679462  0.56659411 -3.10416086 -2.2650249   0.11676909
  0.96004754  1.62589314]","[ 0.00000000e+00 -2.42841426e-02 -3.12046522e-05  7.26562194e-02
  1.32274462e-05  3.78136451e-01  1.06059783e-05  1.71024094e-01]","[ 0.         -0.81092894 11.02534485  1.07364881 -2.83266258  2.28568125
 -1.13112998  1.57212293]"
1747093061.083871,"[ 0.          0.10673861  0.56659411 -3.10401998 -2.2650249   0.11755201
  0.96004754  1.62624041]","[ 0.00000000e+00 -2.83602355e-02 -3.02631933e-05  7.07655415e-02
  1.32374398e-05  3.83815875e-01  1.05979587e-05  1.76643747e-01]","[ 0.         -0.67673266 11.15262222  1.14559841 -2.84116483  2.25853848
 -1.13793373  1.57987142]"
1747093061.085754,"[ 0.          0.10667754  0.56659458 -3.1038735  -2.2650249   0.11829784
  0.96004847  1.62661232]","[ 0.00000000e+00 -2.98414461e-02 -1.47196968e-05  7.17197770e-02
  1.85184257e-05  3.77326184e-01  1.85604623e-05  1.81807133e-01]","[ 0.         -0.5684455  11.33025742  1.17262387 -2.87965298  2.16845822
 -1.08246887  1.60550463]"
1747093061.0886555,"[ 0.          0.10664814  0.56659458 -3.10380266 -2.2650249   0.11869834
  0.96004847  1.62679115]","[ 0.00000000e+00 -2.97107224e-02  0.00000000e+00  7.18459277e-02
  1.85184257e-05  3.77155775e-01  1.85464284e-05  1.81505497e-01]","[ 0.         -0.5169391  11.41222191  1.2285918  -2.88065267  2.21241355
 -1.08562922  1.57613432]"
1747093061.0895538,"[ 0.          0.10659488  0.56659458 -3.10366045 -2.2650249   0.11944701
  0.96004847  1.62714882]","[ 0.00000000e+00 -2.61994548e-02  0.00000000e+00  6.88964518e-02
  1.32374398e-05  3.82187918e-01  1.85604623e-05  1.81505497e-01]","[ 0.         -0.40104908 11.51992321  1.26505804 -2.88548207  2.19862938
 -1.13403332  1.5615797 ]"
1747093061.0945647,"[ 0.          0.10649386  0.56659458 -3.10331397 -2.2650249   0.1214048
  0.96004847  1.62802127]","[ 0.00000000e+00 -1.67460433e-02  0.00000000e+00  6.79582534e-02
  1.32274462e-05  3.95692808e-01  1.85604623e-05  1.66920246e-01]","[ 0.         -0.17057404 11.69369793  1.32038021 -2.8890698   2.13392758
 -1.1632899   1.5943836 ]"
1747093061.0995514,"[ 0.          0.10643049  0.56659505 -3.10296963 -2.2650249   0.12340635
  0.96004847  1.6288089 ]","[ 0.00000000e+00 -9.72350907e-03  1.10050258e-05  6.86047607e-02
  1.32275773e-05  3.90446480e-01  1.85464284e-05  1.44625560e-01]","[ 0.         -0.0330154  11.87224102  1.3351295  -2.83489799  2.0836308
 -1.15412569  1.68008387]"
1747093061.1030622,"[ 0.          0.10640799  0.56659505 -3.10267908 -2.26502437  0.12498552
  0.96004847  1.62929692]","[ 0.00000000e+00 -3.24116978e-03  1.07850852e-05  7.58973946e-02
  1.32274462e-05  3.94960338e-01  1.85184257e-05  1.09119380e-01]","[ 0.         -0.03947365 11.89690304  1.26867163 -2.72706032  2.19057274
 -1.1489929   1.738747  ]"
1747093061.1060739,"[ 0.          0.10640385  0.56659458 -3.10243566 -2.2650249   0.12616704
  0.96004847  1.62958614]","[ 0.00000000e+00 -5.40194952e-04  0.00000000e+00  8.67012899e-02
  1.32375708e-05  4.00284464e-01  1.85325998e-05  8.77689595e-02]","[ 0.         -0.1277843  11.75521278  1.22891176 -2.75058961  2.20556307
 -1.1144886   1.71244061]"
1747093061.1091182,"[ 0.          0.1064034   0.56659458 -3.10214778 -2.26502437  0.12737805
  0.96004847  1.62980305]","[ 0.00000000e+00 -1.75496610e-04  0.00000000e+00  9.72350907e-02
  1.85324169e-05  3.96503108e-01  1.85324169e-05  6.75243704e-02]","[ 0.         -0.25388193 11.71187305  1.0606668  -2.76604199  2.31819797
 -1.11465693  1.6789645 ]"
1747093061.113264,"[ 0.          0.10639926  0.56659458 -3.10173818 -2.26502383  0.12897434
  0.96004847  1.63004847]","[ 0.00000000e+00 -6.41634634e-04  0.00000000e+00  1.03342518e-01
  2.38273920e-05  3.99474164e-01  1.85324169e-05  5.88812517e-02]","[ 0.         -0.48135078 11.66216373  0.82020611 -2.59666061  2.46380234
 -1.07397687  1.71968234]"
1747093061.1175284,"[ 0.          0.10639008  0.56659365 -3.10130968 -2.26502383  0.13059632
  0.96004847  1.63030626]","[ 0.00000000e+00 -1.25031031e-03 -1.73360303e-05  1.09119380e-01
  1.85325998e-05  4.08117286e-01  1.85184257e-05  6.75243704e-02]","[ 0.         -0.7130217  11.34507084  0.59148926 -2.57677603  2.53814054
 -1.08529961  1.73645759]"
1747093061.121167,"[ 0.          0.10637677  0.56659365 -3.10087718 -2.26502383  0.13220879
  0.96004847  1.63061359]","[ 0.00000000e+00 -2.94438778e-03 -1.67969795e-05  1.04257622e-01
  1.85324169e-05  3.95291902e-01  1.85184257e-05  8.40003119e-02]","[ 0.         -0.9943251  11.09087181  0.46412596 -2.61381125  2.37795544
 -1.03158176  1.73139119]"
1747093061.1241016,"[ 0.          0.10636482  0.56659365 -3.10058477 -2.26502357  0.13339316
  0.96004847  1.63090654]","[ 0.00000000e+00 -3.77518481e-03 -8.26016883e-06  9.29135292e-02
  2.11801137e-05  3.89750663e-01  1.85186086e-05  1.02096849e-01]","[ 0.         -1.11995709 11.02087688  0.39135858 -2.4291513   2.49188089
 -1.01331019  1.74842989]"
1747093061.1272602,"[ 0.          0.1063538   0.56659278 -3.10031792 -2.26502357  0.13453758
  0.96004847  1.63123663]","[ 0.00000000e+00 -3.77518481e-03 -1.20086627e-05  8.47246751e-02
  2.11799045e-05  3.85969307e-01  1.85184257e-05  1.12900745e-01]","[ 0.         -1.18994212 10.8596735   0.30397475 -2.36231065  2.43596935
 -0.99639529  1.75286198]"
1747093061.1301591,"[ 0.          0.1063437   0.56659232 -3.10007504 -2.26502357  0.13570769
  0.9600494   1.63160482]","[ 0.00000000e+00 -3.31238957e-03 -1.94382802e-05  8.10292395e-02
  2.11801137e-05  3.82998218e-01  2.64751417e-05  1.27390380e-01]","[ 0.         -1.2617377  10.63097477  0.31440642 -2.45742321  2.48326898
 -0.973593    1.76557696]"
1747093061.1332517,"[ 0.          0.10633635  0.56659232 -3.09983668 -2.26502303  0.13683403
  0.9600494   1.63201095]","[ 0.00000000e+00 -2.64925258e-03 -1.91627416e-05  7.83282698e-02
  2.64548924e-05  3.65711972e-01  2.64548924e-05  1.41801177e-01]","[ 0.         -1.24040592 10.59501266  0.37022042 -2.42944956  2.40754962
 -0.97642481  1.68377197]"
1747093061.135021,"[ 0.          0.10633222  0.56659232 -3.09960579 -2.26502303  0.13792232
  0.9600494   1.63247807]","[ 0.00000000e+00 -1.58994696e-03 -1.91624652e-05  7.42768028e-02
  2.64748795e-05  3.57879149e-01  2.64548924e-05  1.58277123e-01]","[ 0.         -1.2600975  10.60447311  0.40784183 -2.31024337  2.52030277
 -0.97428948  1.65388906]"
1747093061.1375191,"[ 0.          0.10632993  0.56659185 -3.09946091 -2.26502303  0.13862154
  0.9600494   1.63280337]","[ 0.00000000e+00 -1.25870798e-03 -2.60594189e-05  7.31964166e-02
  3.17458709e-05  3.53017416e-01  2.64548924e-05  1.65839851e-01]","[ 0.         -1.28195572 10.54859257  0.43956348 -2.31708694  2.57379055
 -0.97626805  1.60718262]"
1747093061.1392014,"[ 0.          0.10632809  0.56659185 -3.09931311 -2.26502303  0.13934167
  0.9600494   1.63314785]","[ 0.00000000e+00 -1.08011605e-03 -2.57047710e-05  7.13057304e-02
  2.65149452e-05  3.51075838e-01  2.64548924e-05  1.69081018e-01]","[ 0.         -1.2684927  10.49902344  0.45962089 -2.36506987  2.4834435
 -0.97546774  1.57598805]"
1747093061.1426468,"[ 0.          0.10632579  0.56659185 -3.09917489 -2.26502303  0.14003137
  0.9600494   1.63348461]","[ 0.00000000e+00 -1.05970099e-03 -2.53603331e-05  7.04240160e-02
  2.64951613e-05  3.48425760e-01  2.64551545e-05  1.62999507e-01]","[ 0.         -1.26092005 10.49126625  0.49634191 -2.41704464  2.30063224
 -0.97205448  1.56571996]"
1747093061.1455576,"[ 0.          0.10632212  0.56659185 -3.09895971 -2.26502224  0.14107115
  0.9600494   1.63394973]","[ 0.00000000e+00 -1.14091590e-03 -2.49988297e-05  7.10356359e-02
  3.44433659e-05  3.39168545e-01  2.64551545e-05  1.54495751e-01]","[ 0.         -1.23932362 10.64439964  0.55918419 -2.36097026  2.28586817
 -0.98141605  1.56000054]"
1747093061.1474733,"[ 0.          0.10632028  0.56659185 -3.09881536 -2.26502224  0.14173706
  0.9600494   1.63425133]","[ 0.00000000e+00 -1.09470823e-03 -2.46726071e-05  6.99644043e-02
  3.18179359e-05  3.37621848e-01  2.64748795e-05  1.44772250e-01]","[ 0.         -1.16218162 10.7790556   0.57911271 -2.29718852  2.34824514
 -0.99782091  1.55730116]"
1747093061.1492937,"[ 0.          0.10631845  0.56659185 -3.09867661 -2.26502224  0.14243533
  0.9600494   1.63453389]","[ 0.00000000e+00 -1.02671303e-03 -2.43547862e-05  7.10356359e-02
  3.17938749e-05  3.42483615e-01  1.85186086e-05  1.41801177e-01]","[ 0.         -1.12479651 10.83030319  0.56943285 -2.28371048  2.37081599
 -0.96744764  1.54205263]"
1747093061.1512291,"[ 0.          0.10631615  0.56659185 -3.09854265 -2.2650225   0.1431098
  0.9600494   1.63481646]","[ 0.00000000e+00 -1.06196052e-03 -2.43306297e-05  6.67140745e-02
  2.91664395e-05  3.42483615e-01  1.85324169e-05  1.37209521e-01]","[ 0.         -1.13349438 10.85643959  0.5682919  -2.34423995  2.29788041
 -0.97511399  1.49715602]"
1747093061.1530974,"[ 0.          0.10631431  0.56659185 -3.09841216 -2.2650225   0.14381757
  0.9600494   1.63508277]","[ 0.00000000e+00 -1.03391053e-03 -2.40450519e-05  6.29327103e-02
  2.91443860e-05  3.47345348e-01  1.85184257e-05  1.35048741e-01]","[ 0.         -1.0506773  10.91217995  0.63277149 -2.4144609   2.21965981
 -1.003564    1.45181668]"
1747093061.154981,"[ 0.          0.10631294  0.56659185 -3.09829232 -2.2650225   0.14453676
  0.9600494   1.63536147]","[ 0.00000000e+00 -9.61777221e-04 -2.37201357e-05  6.10420282e-02
  2.38632132e-05  3.52831227e-01  1.85186086e-05  1.36039179e-01]","[ 0.         -0.98459351 11.05216122  0.6664235  -2.40107536  2.22636127
 -0.98869169  1.44208801]"
1747093061.1568897,"[ 0.          0.10631156  0.56659232 -3.09817434 -2.26502224  0.14522835
  0.9600494   1.6356202 ]","[ 0.00000000e+00 -8.65599460e-04 -1.69593533e-05  5.70484268e-02
  2.64948971e-05  3.51126704e-01  1.85184257e-05  1.30186982e-01]","[ 0.         -0.96280301 11.21678734  0.72060388 -2.32663107  2.31037092
 -0.99050868  1.44310343]"
1747093061.1581078,"[ 0.          0.1063111   0.56659232 -3.09806142 -2.26502224  0.14594469
  0.9600494   1.6358752 ]","[ 0.00000000e+00 -7.45377307e-04 -1.67328143e-05  5.49182932e-02
  2.12119566e-05  3.48991848e-01  1.85324169e-05  1.22876547e-01]","[ 0.         -0.85761499 11.37183857  0.75560033 -2.27359772  2.3833642
 -1.02569056  1.44845867]"
1747093061.1599932,"[ 0.          0.10631064  0.56659232 -3.09800629 -2.26502224  0.14629476
  0.9600494   1.63599504]","[ 0.00000000e+00 -6.97288459e-04 -1.67330236e-05  5.59101792e-02
  2.12121679e-05  3.54908093e-01  1.85184257e-05  1.21420713e-01]","[ 0.         -0.78441805 11.41374969  0.76148558 -2.31275892  2.36889434
 -1.02609956  1.4697777 ]"
1747093061.16185,"[ 0.          0.10631018  0.56659232 -3.09789338 -2.26502224  0.14699492
  0.9600494   1.63622247]","[ 0.00000000e+00 -5.28977459e-04 -2.31177182e-05  5.80709558e-02
  2.65149452e-05  3.54908093e-01  1.85186086e-05  1.12900745e-01]","[ 0.         -0.74380791 11.4028635   0.77249032 -2.40772653  2.42359853
 -1.00926197  1.46943879]"
1747093061.1637352,"[ 0.          0.10630972  0.56659232 -3.09777407 -2.26502224  0.14771982
  0.9600494   1.63644884]","[ 0.00000000e+00 -4.08755306e-04 -2.28384675e-05  5.80709558e-02
  2.65149452e-05  3.54586617e-01  1.85184257e-05  1.09929672e-01]","[ 0.         -0.63466835 11.4277277   0.84773469 -2.45918465  2.34789538
 -1.02001405  1.4476099 ]"
1747093061.1647813,"[ 0.          0.10630972  0.56659232 -3.09771601 -2.26502224  0.14806896
  0.9600494   1.63655723]","[ 0.00000000e+00 -3.36622034e-04 -2.25658832e-05  5.88812517e-02
  2.64948971e-05  3.53739032e-01  1.85184257e-05  1.09929672e-01]","[ 0.         -0.62810653 11.46379566  0.88079911 -2.48461127  2.32756948
 -1.01644444  1.41504765]"
1747093061.1672611,"[ 0.          0.10630926  0.56659278 -3.09759537 -2.2650217   0.14877387
  0.9600494   1.63678839]","[ 0.00000000e+00 -3.09105097e-04 -1.61182932e-05  6.23925172e-02
  3.18176189e-05  3.57879149e-01  1.85186086e-05  1.14096854e-01]","[ 0.         -0.55561471 11.5644455   0.88208747 -2.46935153  2.22292972
 -1.02660429  1.41799939]"
1747093061.1690335,"[ 0.          0.10630926  0.56659278 -3.09746301 -2.2650217   0.14950542
  0.9600494   1.63702155]","[ 0.00000000e+00 -1.98710406e-04 -1.59281870e-05  6.53635897e-02
  2.64948971e-05  3.56592743e-01  1.85184257e-05  1.18842890e-01]","[ 0.         -0.53460705 11.66606998  0.91704649 -2.42850637  2.15999389
 -1.05389595  1.39045537]"
1747093061.170808,"[ 0.          0.10630926  0.56659278 -3.09732852 -2.2650217   0.15019892
  0.9600494   1.63727269]","[ 0.00000000e+00 -1.54552549e-04 -2.20395192e-05  6.88748552e-02
  2.65149452e-05  3.50316438e-01  1.85184257e-05  1.24514940e-01]","[ 0.         -0.45749122 11.72107792  0.942644   -2.42840767  2.13784647
 -1.09940374  1.39583337]"
1747093061.172685,"[ 0.          0.10630926  0.56659232 -3.09717645 -2.26502224  0.15091431
  0.9600494   1.63752862]","[ 0.00000000e+00 -1.02052466e-04 -2.48977909e-05  7.69777808e-02
  2.11961286e-05  3.49236026e-01  1.85184257e-05  1.31134377e-01]","[ 0.         -0.41135013 11.68669605  0.92364562 -2.53226471  2.06583381
 -1.07082021  1.44185293]"
1747093061.174548,"[ 0.          0.10630881  0.56659232 -3.09709842 -2.26502224  0.15126059
  0.9600494   1.63766843]","[ 0.00000000e+00 -1.42862500e-04 -2.46141717e-05  7.91385615e-02
  2.11959173e-05  3.51126704e-01  1.85186086e-05  1.31653443e-01]","[ 0.         -0.42847699 11.65217209  0.92969781 -2.61116314  2.01863909
 -1.04161334  1.43093348]"
1747093061.1764078,"[ 0.          0.10630881  0.56659232 -3.09692851 -2.26502224  0.15195028
  0.9600494   1.63792237]","[ 0.00000000e+00 -9.48824691e-05 -2.46358026e-05  8.45089674e-02
  2.65149452e-05  3.50316438e-01  1.85184257e-05  1.28296304e-01]","[ 0.         -0.43278992 11.6042738   0.91662097 -2.65958452  2.02579546
 -1.05304432  1.42694128]"
1747093061.1784947,"[ 0.          0.10630835  0.56659232 -3.09675354 -2.2650217   0.15266852
  0.9600494   1.63817257]","[ 0.00000000e+00 -9.48824691e-05 -2.42947598e-05  8.94022679e-02
  3.18179359e-05  3.52207115e-01  1.85184257e-05  1.19867324e-01]","[ 0.         -0.45503497 11.61043835  0.87152219 -2.61790681  2.10862398
 -1.08214772  1.43102241]"
1747093061.1795592,"[ 0.          0.10630835  0.56659232 -3.09657032 -2.2650217   0.15340102
  0.9600494   1.63839801]","[ 0.00000000e+00 -8.86538271e-05 -2.40862919e-05  8.95243405e-02
  3.18179359e-05  3.59100442e-01  1.85186086e-05  1.11707058e-01]","[ 0.         -0.4759157  11.60635567  0.8226791  -2.6079495   2.18401217
 -1.07680786  1.46737754]"
1747093061.1812394,"[ 0.          0.10630742  0.56659232 -3.09639508 -2.2650217   0.15410308
  0.9600494   1.63861399]","[ 0.00000000e+00 -1.40420939e-04 -2.38207601e-05  8.87720308e-02
  3.18179359e-05  3.55988471e-01  1.85184257e-05  1.02815071e-01]","[ 0.         -0.52592659 11.58570862  0.78813303 -2.60043478  2.21812844
 -1.05089748  1.46500289]"
1747093061.183028,"[ 0.          0.10630697  0.56659232 -3.09630214 -2.2650217   0.15444936
  0.9600504   1.63871106]","[ 0.00000000e+00 -1.47502681e-04 -2.38005373e-05  8.75181896e-02
  3.18179359e-05  3.51126704e-01  2.91003827e-05  9.83154852e-02]","[ 0.         -0.54881871 11.53838539  0.78665197 -2.59119105  2.31724834
 -1.02707231  1.47044075]"
1747093061.1848848,"[ 0.          0.10630651  0.56659185 -3.09613596 -2.2650217   0.1551676
  0.9600504   1.63890041]","[ 0.00000000e+00 -1.39864559e-04 -2.94509507e-05  8.34601230e-02
  3.17938749e-05  3.50316438e-01  2.91006692e-05  9.55176264e-02]","[ 0.         -0.58634728 11.40099621  0.75791574 -2.58819842  2.2963686
 -1.0387069   1.46797955]"
1747093061.1865985,"[ 0.          0.10630651  0.56659185 -3.09597537 -2.2650217   0.15585255
  0.9600504   1.63909056]","[ 0.00000000e+00 -1.32469215e-04 -2.91094040e-05  8.10292395e-02
  3.18179359e-05  3.46264971e-01  1.85186086e-05  9.15630403e-02]","[ 0.         -0.60958564 11.29425907  0.73280531 -2.58332491  2.24603462
 -1.05005717  1.42579794]"
1747093061.188396,"[ 0.          0.10630605  0.56659185 -3.0958209  -2.2650217   0.15655556
  0.9600504   1.63927326]","[ 0.00000000e+00 -1.51531217e-04 -2.87990256e-05  7.42768028e-02
  3.17938749e-05  3.42483615e-01  1.85184257e-05  9.34537265e-02]","[ 0.         -0.61042988 11.22548866  0.73337871 -2.58122253  2.19974089
 -1.04049551  1.40389073]"
1747093061.1901188,"[ 0.          0.10630559  0.56659138 -3.09575166 -2.26502117  0.15688947
  0.9600504   1.6393646 ]","[ 0.00000000e+00 -1.76794804e-04 -3.45584569e-05  7.02253442e-02
  3.71209245e-05  3.38359077e-01  1.85184257e-05  9.25495667e-02]","[ 0.         -0.61840475 11.15081406  0.74909806 -2.58990073  2.20362997
 -1.02183497  1.42224884]"
1747093061.191912,"[ 0.          0.10630559  0.56659092 -3.09561531 -2.26502117  0.15755158
  0.9600504   1.63955955]","[ 0.00000000e+00 -1.68898102e-04 -4.55918257e-05  6.51998011e-02
  3.70924870e-05  3.34920870e-01  1.85324169e-05  9.64247990e-02]","[ 0.         -0.6066981  11.01617146  0.73389274 -2.59589553  2.11862755
 -1.0012455   1.39287388]"
1747093061.1937597,"[ 0.          0.10630513  0.56659045 -3.09549786 -2.26502117  0.15822225
  0.9600504   1.63975848]","[ 0.00000000e+00 -1.84166383e-04 -4.79356033e-05  5.75307627e-02
  3.71209245e-05  3.24116958e-01  1.85184257e-05  1.02366944e-01]","[ 0.         -0.6070959  10.88606834  0.78614885 -2.61327982  2.13161659
 -1.00065672  1.38320184]"
1747093061.195537,"[ 0.          0.10630513  0.56659045 -3.0954446  -2.26502117  0.15853998
  0.9600504   1.63986781]","[ 0.00000000e+00 -1.76631477e-04 -4.74403405e-05  5.40194971e-02
  3.71209245e-05  3.21899810e-01  1.85184257e-05  1.02815071e-01]","[ 0.         -0.6026054  10.82502937  0.81907964 -2.60184455  2.20333123
 -0.97675806  1.41511571]"
1747093061.1973188,"[ 0.          0.10630467  0.56658952 -3.09533967 -2.26502117  0.1591802
  0.9600504   1.64008286]","[ 0.00000000e+00 -1.80301630e-04 -5.79572017e-05  5.05082274e-02
  3.70928568e-05  3.10660371e-01  1.85184257e-05  1.00395089e-01]","[ 0.         -0.59014785 10.68338203  0.87749642 -2.57988811  2.27228427
 -0.95208967  1.45078576]"
1747093061.1990545,"[ 0.          0.10630467  0.56658905 -3.09524619 -2.26502064  0.15979379
  0.96005133  1.64026741]","[ 0.00000000e+00 -1.73489194e-04 -5.95011004e-05  4.64567646e-02
  4.24234905e-05  3.10612101e-01  2.91006692e-05  9.69581968e-02]","[ 0.         -0.56434101 10.5976305   0.93817127 -2.54212403  2.3270092
 -0.95516956  1.45086682]"
1747093061.2007637,"[ 0.          0.10630421  0.56658905 -3.09515991 -2.26502064  0.16043212
  0.96005133  1.64047474]","[ 0.00000000e+00 -1.67172818e-04 -5.95017018e-05  4.04735738e-02
  3.70928568e-05  3.10952886e-01  2.91003827e-05  9.78208530e-02]","[ 0.         -0.54120785 10.56857681  1.00377238 -2.47593141  2.29682302
 -0.96136051  1.4732095 ]"
1747093061.202479,"[ 0.          0.10630421  0.56658905 -3.09508454 -2.26502037  0.16105142
  0.96005133  1.6406822 ]","[ 0.00000000e+00 -1.66704977e-04 -5.89112031e-05  3.72734528e-02
  3.97724188e-05  3.15154222e-01  2.91443860e-05  1.03177236e-01]","[ 0.         -0.51388198 10.53422832  1.05754101 -2.40392351  2.24102354
 -0.93330151  1.44397545]"
1747093061.2036388,"[ 0.          0.10630421  0.56658859 -3.09504459 -2.26502037  0.1613958
  0.96005133  1.6407878 ]","[ 0.00000000e+00 -1.60864618e-04 -5.88662143e-05  3.76152695e-02
  3.97423437e-05  3.24243624e-01  2.91664395e-05  1.06958600e-01]","[ 0.         -0.49114409 10.48689938  1.0805217  -2.37778187  2.25961542
 -0.92187029  1.4488312 ]"
1747093061.2055016,"[ 0.          0.10630421  0.56658819 -3.0949655  -2.26502037  0.16205791
  0.96005133  1.64102655]","[ 0.00000000e+00 -1.55820817e-04 -6.35877499e-05  4.04735738e-02
  4.50408745e-05  3.39512526e-01  2.91440955e-05  1.20870396e-01]","[ 0.         -0.43168741 10.40626526  1.15956581 -2.39831948  2.19324827
 -0.9540258   1.40771353]"
1747093061.2085278,"[ 0.          0.10630421  0.56658772 -3.09487548 -2.26502037  0.16274379
  0.96005133  1.64129193]","[ 0.00000000e+00 -1.46272286e-04 -6.88874145e-05  4.48361812e-02
  3.97724188e-05  3.48072724e-01  2.91664395e-05  1.39910499e-01]","[ 0.         -0.33747414 10.37986851  1.21964872 -2.41673875  2.18165708
 -0.96417052  1.36789572]"
1747093061.2112463,"[ 0.          0.10630467  0.56658679 -3.09472768 -2.26501984  0.16382449
  0.96005226  1.64178182]","[ 0.00000000e+00 -1.19577477e-04 -7.68933393e-05  5.32092012e-02
  4.50754075e-05  3.62740916e-01  3.70928568e-05  1.72862391e-01]","[ 0.         -0.2022873  10.28231335  1.29380691 -2.40281057  2.13170695
 -0.91935682  1.39828503]"
1747093061.213658,"[ 0.          0.10630467  0.56658679 -3.0945354  -2.26501984  0.1649689
  0.96005226  1.64215852]","[ 0.00000000e+00 -7.70615424e-05 -7.68925753e-05  6.88748552e-02
  3.97423437e-05  3.85180345e-01  3.70928568e-05  1.97711348e-01]","[ 0.         -0.05998233 10.32199478  1.29776692 -2.29167867  2.30157638
 -0.91791081  1.39623129]"
1747093061.2154393,"[ 0.          0.10630467  0.56658679 -3.0943828  -2.26501931  0.16573755
  0.96005226  1.64258956]","[ 0.00000000e+00 -7.45171784e-05 -7.42418490e-05  7.57320789e-02
  4.50072964e-05  3.91641341e-01  3.71209245e-05  2.14997594e-01]","[ 0.          0.01320111 10.40684891  1.32457089 -2.24546146  2.28842354
 -0.90753216  1.37824523]"
1747093061.2172222,"[ 0.          0.10630467  0.56658679 -3.09430477 -2.26501931  0.1661609
  0.96005226  1.6428074 ]","[ 0.00000000e+00 -5.79578031e-05 -6.88867318e-05  7.91385615e-02
  4.50754075e-05  3.98721854e-01  3.71209245e-05  2.20939739e-01]","[ 0.00000000e+00 -1.03386091e-02  1.04011688e+01  1.33273900e+00
 -2.26066470e+00  2.13026643e+00 -9.18093801e-01  1.35590696e+00]"
1747093061.2189753,"[ 0.          0.10630467  0.56658679 -3.09413912 -2.26501931  0.16695808
  0.96005226  1.64327439]","[ 0.00000000e+00 -5.63631980e-05 -6.89388604e-05  8.56209037e-02
  5.02647924e-05  4.05146197e-01  3.71209245e-05  2.28502467e-01]","[ 0.00000000e+00 -7.31480727e-03  1.05047894e+01  1.32414174e+00
 -2.28381133e+00  1.98757744e+00 -9.08223450e-01  1.38502693e+00]"
1747093061.2208054,"[ 0.          0.10630513  0.56658679 -3.09396042 -2.26501931  0.16783899
  0.96005226  1.64373299]","[ 0.00000000e+00 -2.41002790e-05 -6.88874145e-05  8.77689595e-02
  4.49733161e-05  3.99144830e-01  3.70928568e-05  2.33364218e-01]","[ 0.          0.06453601 10.56641102  1.29464185 -2.34156322  1.89960706
 -0.90469795  1.38080728]"
1747093061.2224293,"[ 0.          0.10630513  0.56658679 -3.09378225 -2.26501877  0.16856104
  0.96005226  1.64420676]","[ 0.00000000e+00 -2.33521854e-05 -6.89388604e-05  9.18331430e-02
  5.02642966e-05  3.98676780e-01  3.71209245e-05  2.31743634e-01]","[ 0.          0.14610147 10.71097374  1.24740958 -2.3140409   1.99771738
 -0.92228884  1.37878203]"
1747093061.2236478,"[ 0.          0.10630513  0.56658679 -3.09369038 -2.26501877  0.16901481
  0.96005226  1.64443313]","[ 0.00000000e+00 -1.56023261e-05 -6.88867318e-05  9.31836320e-02
  4.76188043e-05  3.98772088e-01  3.71209245e-05  2.29582862e-01]","[ 0.          0.15344366 10.79086304  1.21264482 -2.29207301  2.07550049
 -0.92616695  1.39691019]"
1747093061.2254074,"[ 0.          0.10630467  0.56658679 -3.0934949  -2.26501851  0.16978156
  0.96005226  1.644886  ]","[ 0.00000000e+00 -2.27465068e-05 -6.35877499e-05  9.62950864e-02
  5.02642966e-05  4.06650317e-01  3.70928568e-05  2.18670093e-01]","[ 0.          0.13991101 10.85148525  1.13264978 -2.29986382  2.20177531
 -0.90366995  1.39343679]"
1747093061.22717,"[ 0.          0.10630513  0.56658632 -3.09339663 -2.26501877  0.17018492
  0.96005226  1.64509719]","[ 0.00000000e+00 -1.51643386e-05 -6.36365057e-05  9.96659659e-02
  4.76188043e-05  4.09197664e-01  3.71209245e-05  2.14187294e-01]","[ 0.          0.12454427 10.84180737  1.11076784 -2.33625126  2.13687968
 -0.92118788  1.38227284]"
1747093061.22834,"[ 0.          0.10630513  0.56658586 -3.09320035 -2.26501877  0.17110387
  0.96005226  1.64550053]","[ 0.00000000e+00  0.00000000e+00 -6.35877499e-05  9.88556741e-02
  4.76188043e-05  4.18890439e-01  3.71209245e-05  2.00682421e-01]","[ 0.          0.11350676 10.84411716  1.07381392 -2.42310548  2.20993686
 -0.93495274  1.41081858]"
1747093061.2305067,"[ 0.          0.10630467  0.56658586 -3.09299689 -2.26501851  0.17194007
  0.96005226  1.64590106]","[ 0.00000000e+00 -1.43578247e-05 -5.83328791e-05  9.89603613e-02
  5.02642966e-05  4.23083752e-01  2.91664395e-05  1.93929992e-01]","[ 0.          0.0560481  10.85850239  1.01198566 -2.43385291  2.22200871
 -0.93947208  1.4266547 ]"
1747093061.2317605,"[ 0.          0.10630467  0.56658586 -3.09290101 -2.26501851  0.17235865
  0.96005226  1.64609028]","[ 0.00000000e+00 -1.43288559e-05 -5.82887721e-05  9.72350907e-02
  5.02642966e-05  4.24593232e-01  2.91664395e-05  1.91574909e-01]","[ 0.          0.01903997 10.88798904  1.01040483 -2.4272604   2.19927716
 -0.93588883  1.37114012]"
1747093061.2335901,"[ 0.          0.10630513  0.56658586 -3.09269036 -2.26501851  0.17323004
  0.96005326  1.64647085]","[ 0.00000000e+00  1.39032168e-05 -6.36352378e-05  9.60843887e-02
  4.49733161e-05  4.25403532e-01  3.70928568e-05  1.83562506e-01]","[ 0.          0.02849124 11.02009296  0.99814969 -2.38700438  2.16686893
 -0.92589408  1.37750924]"
1747093061.2354312,"[ 0.          0.10630513  0.56658586 -3.09249888 -2.26501797  0.17407385
  0.96005326  1.64682372]","[ 0.00000000e+00  1.36069952e-05 -6.35877499e-05  9.64247990e-02
  5.02642966e-05  4.27940559e-01  3.71209245e-05  1.76643747e-01]","[ 0.         -0.03977426 11.09764481  0.9866932  -2.30041051  2.20869875
 -0.93149847  1.38625908]"
1747093061.2372344,"[ 0.          0.10630513  0.56658586 -3.09240141 -2.26501797  0.17452953
  0.96005326  1.64699123]","[ 0.00000000e+00  1.31976860e-05 -5.82887721e-05  9.88556741e-02
  5.02268744e-05  4.29064846e-01  3.70932266e-05  1.69891318e-01]","[ 0.         -0.04365559 11.11292553  0.98321122 -2.27221322  2.16092849
 -0.92197055  1.36423767]"
1747093061.2390242,"[ 0.          0.10630513  0.56658539 -3.09219261 -2.26501797  0.17495477
  0.96005326  1.64732799]","[ 0.00000000e+00  1.29066638e-05 -6.36358718e-05  1.02907141e-01
  5.02642966e-05  4.31345677e-01  3.71209245e-05  1.63138873e-01]","[ 0.         -0.06601651 11.06702423  0.99677193 -2.30424547  2.22392321
 -0.94631088  1.37193406]"
1747093061.2408972,"[ 0.          0.10630513  0.56658493 -3.09198276 -2.26501797  0.17584994
  0.96005326  1.64764184]","[ 0.00000000e+00  1.93239409e-05 -6.88867318e-05  1.07498797e-01
  5.02263745e-05  4.38844806e-01  3.70928568e-05  1.57196729e-01]","[ 0.         -0.0882796  10.96097851  0.99572831 -2.37642312  2.08246398
 -0.94466913  1.36120236]"
1747093061.2426958,"[ 0.          0.10630513  0.56658446 -3.09175639 -2.26501797  0.17671277
  0.96005326  1.64796062]","[ 0.00000000e+00  1.88742805e-05 -6.89388604e-05  1.11090428e-01
  5.02642966e-05  4.35127033e-01  3.70928568e-05  1.55306051e-01]","[ 0.         -0.18011324 10.88202763  1.04074621 -2.44247723  2.07629228
 -0.91780329  1.332968  ]"
1747093061.244528,"[ 0.          0.10630513  0.56658446 -3.09164613 -2.26501797  0.17714277
  0.96005326  1.64811468]","[ 0.00000000e+00  1.84123418e-05 -7.42418490e-05  1.11820358e-01
  5.02647924e-05  4.36207411e-01  3.71209245e-05  1.56116334e-01]","[ 0.         -0.22826298 10.85114098  1.07238531 -2.43075633  2.1234827
 -0.92679191  1.34721339]"
1747093061.2457952,"[ 0.          0.10630513  0.56658446 -3.09142482 -2.26501744  0.178037
  0.96005326  1.64841629]","[ 0.00000000e+00  1.80337284e-05 -7.42418490e-05  1.11976886e-01
  4.76192757e-05  4.38098122e-01  3.70928568e-05  1.52334978e-01]","[ 0.         -0.28833574 10.88484573  1.07363272 -2.39684701  2.13376999
 -0.91531909  1.3510102 ]"
1747093061.2475972,"[ 0.          0.10630467  0.56658446 -3.09119419 -2.26501744  0.17893408
  0.96005419  1.64872455]","[ 0.00000000e+00  1.20224863e-05 -7.42418490e-05  1.12630650e-01
  4.76188043e-05  4.38092496e-01  4.77269018e-05  1.50714395e-01]","[ 0.         -0.39930582 10.8579073   1.02318931 -2.36897159  2.15347099
 -0.92657197  1.31407011]"
1747093061.2493956,"[ 0.          0.10630513  0.56658399 -3.09097235 -2.26501718  0.17980452
  0.96005419  1.64902802]","[ 0.00000000e+00  1.76115567e-05 -7.95448377e-05  1.12900745e-01
  5.02647924e-05  4.43770156e-01  4.76908124e-05  1.48092846e-01]","[ 0.         -0.44736972 10.82241726  1.02907586 -2.36393785  2.14906883
 -0.94234025  1.310408  ]"
1747093061.2511685,"[ 0.          0.10630513  0.56658359 -3.09085491 -2.26501718  0.18024592
  0.96005419  1.64917063]","[ 0.00000000e+00  1.72369156e-05 -8.21955152e-05  1.10484858e-01
  5.02642966e-05  4.47551512e-01  4.76908124e-05  1.44625560e-01]","[ 0.         -0.46388006 10.79773808  1.02070987 -2.35349917  2.08089685
 -0.94607836  1.33762062]"
1747093061.253049,"[ 0.          0.10630467  0.56658266 -3.09074598 -2.26501718  0.18115632
  0.96005419  1.6494484 ]","[ 0.00000000e+00  1.14912774e-05 -9.01508150e-05  1.10469869e-01
  5.29497591e-05  4.43770156e-01  4.76908124e-05  1.39910499e-01]","[ 0.         -0.52276033 10.74047947  1.05616105 -2.35453248  2.00018024
 -0.91368413  1.29415894]"
1747093061.254894,"[ 0.          0.10630467  0.5665822  -3.09053799 -2.26501664  0.18203533
  0.96005419  1.64973482]","[ 0.00000000e+00  1.12519216e-05 -9.54538036e-05  1.03987527e-01
  5.82007654e-05  4.47194781e-01  4.76908124e-05  1.40681102e-01]","[ 0.         -0.5763678  10.69325829  1.06756282 -2.32899046  1.9813993
 -0.91387522  1.24809825]"
1747093061.2560935,"[ 0.          0.10630467  0.56658173 -3.09033    -2.26501611  0.18296476
  0.96005419  1.65001059]","[ 0.00000000e+00  1.10221053e-05 -1.06059781e-04  1.00746360e-01
  6.08468550e-05  4.55384334e-01  4.76908124e-05  1.40990877e-01]","[ 0.         -0.58277214 10.64233017  1.05596411 -2.2695322   2.04091024
 -0.90533817  1.23529756]"
1747093061.2579172,"[ 0.          0.10630467  0.56658173 -3.09023306 -2.26501558  0.18341663
  0.96005419  1.6501524 ]","[ 0.00000000e+00  1.10221053e-05 -1.05979589e-04  9.83154852e-02
  6.61872009e-05  4.58355424e-01  4.76908124e-05  1.43546264e-01]","[ 0.         -0.58277214 10.59103775  1.04796743 -2.26099396  2.11665154
 -0.89534211  1.23119247]"
1747093061.259697,"[ 0.          0.10630467  0.56658126 -3.09003306 -2.26501531  0.18436319
  0.96005419  1.6504568 ]","[ 0.00000000e+00  1.05739739e-05 -1.11362770e-04  9.85520072e-02
  6.87827183e-05  4.63921663e-01  4.77269018e-05  1.50444300e-01]","[ 0.         -0.58854562 10.53723431  1.07525766 -2.24344921  2.09631395
 -0.89394975  1.18569613]"
1747093061.2613623,"[ 0.          0.10630467  0.5665808  -3.08993638 -2.26501531  0.18482172
  0.96005419  1.65061087]","[ 0.00000000e+00  0.00000000e+00 -1.14014268e-04  9.80453824e-02
  6.87827183e-05  4.64636622e-01  4.77269018e-05  1.56116334e-01]","[ 0.         -0.5826965  10.49048805  1.07573187 -2.23287487  1.99138749
 -0.88640696  1.17794943]"
1747093061.2626119,"[ 0.          0.10630467  0.56657987 -3.08973585 -2.26501478  0.18572736
  0.96005513  1.65094669]","[ 0.00000000e+00  0.00000000e+00 -1.24620245e-04  9.85520072e-02
  7.40744343e-05  4.58355424e-01  5.82887721e-05  1.67513332e-01]","[ 0.         -0.58124983 10.43776894  1.1006794  -2.18251181  1.89426577
 -0.88549775  1.15280724]"
1747093061.2643933,"[ 0.          0.10630513  0.56657987 -3.08953744 -2.26501425  0.18666153
  0.96005513  1.65129117]","[ 0.00000000e+00  9.98747786e-06 -1.24620245e-04  1.01453754e-01
  7.93646793e-05  4.56464746e-01  5.82887721e-05  1.77724141e-01]","[ 0.         -0.55560225 10.45716     1.10557532 -2.15902472  1.92004752
 -0.84825343  1.12250423]"
1747093061.2661567,"[ 0.          0.10630513  0.56657987 -3.08943651 -2.26501371  0.1871115
  0.96005513  1.65147   ]","[ 0.00000000e+00  9.80617558e-06 -1.24433170e-04  1.02366944e-01
  8.47196178e-05  4.56464746e-01  5.82887721e-05  1.81505497e-01]","[ 0.         -0.5335384  10.49670792  1.11744606 -2.14369035  1.9955653
 -0.8617214   1.15100443]"
1747093061.2679565,"[ 0.          0.10630467  0.56657947 -3.08921653 -2.26501238  0.18804759
  0.96005513  1.65185137]","[ 0.00000000e+00  0.00000000e+00 -1.32374402e-04  1.08582745e-01
  9.25930429e-05  4.57652449e-01  5.83334602e-05  1.89079411e-01]","[ 0.         -0.49625015 10.52111912  1.07045829 -2.06254721  2.03608847
 -0.88620967  1.1692493 ]"
1747093061.2702444,"[ 0.          0.10630513  0.566579   -3.08899229 -2.26501052  0.18895323
  0.96005513  1.6522338 ]","[ 0.00000000e+00  9.44969800e-06 -1.37669385e-04  1.15601723e-01
  1.11194501e-04  4.60246101e-01  5.82013384e-05  1.95622265e-01]","[ 0.         -0.48938617 10.56418991  1.04752803 -2.04772472  2.15709019
 -0.88847506  1.1756134 ]"
1747093061.2718444,"[ 0.          0.10630513  0.56657853 -3.08874915 -2.26500919  0.18985602
  0.96005513  1.65264672]","[ 0.00000000e+00  9.27494431e-06 -1.42965766e-04  1.20005093e-01
  1.24337991e-04  4.56464746e-01  5.83328791e-05  2.05544171e-01]","[ 0.         -0.47720227 10.60954762  0.99925512 -2.05725765  2.26251149
 -0.85605574  1.18269634]"
1747093061.2735436,"[ 0.          0.10630467  0.56657853 -3.08850786 -2.26500839  0.1907845
  0.96005513  1.65306337]","[ 0.00000000e+00  0.00000000e+00 -1.37565437e-04  1.23434545e-01
  1.37669385e-04  4.52872574e-01  5.82007654e-05  2.11216222e-01]","[ 0.         -0.49278516 10.61302185  0.94360083 -2.03683758  2.33966851
 -0.85994244  1.18728805]"
1747093061.274783,"[ 0.          0.10630467  0.56657853 -3.08838616 -2.26500839  0.19123351
  0.96005513  1.65329546]","[ 0.00000000e+00  0.00000000e+00 -1.37669385e-04  1.23434545e-01
  1.37670734e-04  4.54922942e-01  5.82013384e-05  2.18670093e-01]","[ 0.         -0.50473171 10.61263752  0.88181698 -2.04307508  2.27179551
 -0.87749892  1.19326854]"
1747093061.2765102,"[ 0.          0.10630513  0.56657853 -3.08813103 -2.26500732  0.19216864
  0.96005513  1.65372557]","[ 0.00000000e+00  8.66801515e-06 -1.37565437e-04  1.25595326e-01
  1.48147406e-04  4.55384334e-01  5.82007654e-05  2.16077989e-01]","[ 0.         -0.48870188 10.66782856  0.82181096 -2.04303026  2.35840869
 -0.88507831  1.22870731]"
1747093061.278264,"[ 0.          0.10630513  0.56657853 -3.08800692 -2.26500706  0.19262146
  0.96005513  1.65393569]","[ 0.00000000e+00  8.53112463e-06 -1.37668003e-04  1.25737897e-01
  1.45611844e-04  4.59165724e-01  5.82013384e-05  2.13106916e-01]","[ 0.         -0.48758242 10.70612144  0.81416124 -2.03730965  2.41232085
 -0.90129817  1.2048763 ]"
1747093061.2794511,"[ 0.          0.10630467  0.56657807 -3.08774993 -2.26500599  0.19356516
  0.96005513  1.65435527]","[ 0.00000000e+00  0.00000000e+00 -1.42964352e-04  1.25634999e-01
  1.56083866e-04  4.61731513e-01  5.82447383e-05  2.02620919e-01]","[ 0.         -0.46909469 10.74580097  0.77320701 -2.02351713  2.36761165
 -0.93136901  1.18389714]"
1747093061.2818844,"[ 0.          0.10630467  0.5665776  -3.08750838 -2.26500519  0.19446985
  0.96005606  1.65473477]","[ 0.00000000e+00  0.00000000e+00 -1.45501913e-04  1.21543868e-01
  1.64145878e-04  4.56464746e-01  6.61378843e-05  1.90148620e-01]","[ 0.         -0.45635498 10.75963974  0.74455041 -2.08494925  2.25090504
 -0.90693581  1.19192767]"
1747093061.2837293,"[ 0.          0.10630513  0.5665776  -3.08726363 -2.26500413  0.19535933
  0.96005606  1.65510961]","[ 0.00000000e+00  7.89775069e-06 -1.45611844e-04  1.18302692e-01
  1.74602296e-04  4.50522601e-01  5.55552731e-05  1.81054824e-01]","[ 0.         -0.45639512 10.77242088  0.76569009 -2.13398123  2.22377229
 -0.87808418  1.252684  ]"
1747093061.285586,"[ 0.          0.10630513  0.56657714 -3.0870354  -2.26500333  0.19627163
  0.96005606  1.65545023]","[ 0.00000000e+00  7.89775069e-06 -1.45501913e-04  1.15871817e-01
  1.88213123e-04  4.46113305e-01  5.55552731e-05  1.70701602e-01]","[ 0.         -0.43024048 10.78427029  0.76096743 -2.1154294   2.16304159
 -0.89757442  1.33510363]"
1747093061.2873986,"[ 0.          0.10630513  0.56657714 -3.08692248 -2.26500226  0.19671018
  0.96005606  1.65561574]","[ 0.00000000e+00  7.77542585e-06 -1.45501913e-04  1.14521328e-01
  2.04305173e-04  4.44850534e-01  5.55552731e-05  1.68000624e-01]","[ 0.         -0.41046551 10.81299782  0.72850734 -2.11252666  2.3611064
 -0.90449762  1.29887342]"
1747093061.2885442,"[ 0.          0.10630513  0.56657714 -3.086686   -2.2650004   0.19762438
  0.96005606  1.65593918]","[ 0.00000000e+00  7.78394836e-06 -1.45611844e-04  1.15754413e-01
  2.54390287e-04  4.46117100e-01  5.55552731e-05  1.53826998e-01]","[ 0.         -0.40644816 10.8602066   0.7300877  -2.0538106   2.46193337
 -0.88347405  1.40494156]"
1747093061.2909667,"[ 0.          0.10630513  0.56657667 -3.0864535  -2.26499827  0.19851194
  0.96005606  1.65622654]","[ 0.00000000e+00  0.00000000e+00 -1.45503344e-04  1.17762503e-01
  3.40444606e-04  4.49712301e-01  5.55552731e-05  1.42881572e-01]","[ 0.         -0.45511815 10.89453316  0.74443883 -1.99337542  2.52888942
 -0.86210877  1.42633414]"
1747093061.2926803,"[ 0.          0.10630513  0.56657667 -3.08621328 -2.26499587  0.19941664
  0.96005606  1.65650231]","[ 0.00000000e+00  0.00000000e+00 -1.42856421e-04  1.17492401e-01
  4.93577864e-04  4.37089416e-01  5.55552731e-05  1.32077668e-01]","[ 0.         -0.44301775 10.90475559  0.77229631 -1.99590647  2.47937465
 -0.87403792  1.41219425]"
1747093061.2945364,"[ 0.          0.10630513  0.5665762  -3.08597972 -2.26499401  0.20027091
  0.96005606  1.65675158]","[ 0.00000000e+00  0.00000000e+00 -1.42856421e-04  1.13598110e-01
  6.76532447e-04  4.30265266e-01  5.55558217e-05  1.25325232e-01]","[ 0.         -0.43440238 10.90159416  0.79749084 -1.98469281  2.38810682
 -0.89231843  1.43691278]"
1747093061.2961924,"[ 0.          0.10630513  0.5665762  -3.08575522 -2.26499134  0.20115182
  0.96005706  1.65699699]","[ 0.00000000e+00  0.00000000e+00 -1.37670734e-04  1.13326002e-01
  7.10600559e-04  4.30067892e-01  6.60873364e-05  1.19653181e-01]","[ 0.         -0.46701735 10.90753937  0.79864228 -1.92445695  2.41182709
 -0.88046283  1.41375387]"
1747093061.2979157,"[ 0.          0.10630513  0.5665762  -3.08564257 -2.26499001  0.2015742
  0.96005706  1.65711497]","[ 0.00000000e+00  0.00000000e+00 -1.32274460e-04  1.14251234e-01
  7.61723239e-04  4.28374588e-01  6.61372301e-05  1.19653181e-01]","[ 0.         -0.4423078  10.92126942  0.82637155 -1.879444    2.3436451
 -0.86717272  1.41375387]"
1747093061.2990518,"[ 0.          0.10630513  0.56657527 -3.08540608 -2.26498575  0.20242276
  0.96005706  1.65736145]","[ 0.00000000e+00  0.00000000e+00 -1.37565437e-04  1.15855031e-01
  1.00681611e-03  4.31783601e-01  5.82007654e-05  1.20870396e-01]","[ 0.         -0.46675891 10.85412693  0.78805804 -1.79385853  2.35235667
 -0.84313965  1.4130249 ]"
1747093061.300869,"[ 0.          0.10630513  0.56657527 -3.08529369 -2.26498362  0.20288034
  0.96005706  1.65748222]","[ 0.00000000e+00  0.00000000e+00 -1.37565437e-04  1.13981131e-01
  1.20144950e-03  4.30414936e-01  5.81568575e-05  1.22624254e-01]","[ 0.         -0.47118402 10.80758953  0.81042451 -1.74431121  2.39122486
 -0.8397122   1.41938615]"
1747093061.3020587,"[ 0.          0.10630513  0.56657441 -3.08506919 -2.26497883  0.20372512
  0.96005706  1.65773242]","[ 0.00000000e+00  0.00000000e+00 -1.45501913e-04  1.13440942e-01
  1.67052826e-03  4.27294210e-01  5.82007654e-05  1.29106596e-01]","[ 0.         -0.50945544 10.65659142  0.83808202 -1.71854079  2.31784105
 -0.82302511  1.44313037]"
1747093061.3038309,"[ 0.          0.10630513  0.56657347 -3.08495015 -2.26497616  0.20414084
  0.96005706  1.65787703]","[ 0.00000000e+00  0.00000000e+00 -1.53439886e-04  1.11988054e-01
  1.87416438e-03  4.21622176e-01  5.82007654e-05  1.36167277e-01]","[ 0.         -0.51564932 10.62890053  0.85422146 -1.70483232  2.27117372
 -0.83707798  1.42422926]"
1747093061.3056598,"[ 0.          0.10630513  0.56657301 -3.0847307  -2.2649711   0.20500556
  0.96005799  1.65815187]","[ 0.00000000e+00  0.00000000e+00 -1.50792882e-04  1.11820358e-01
  2.35150388e-03  4.21194972e-01  6.61372301e-05  1.39768736e-01]","[ 0.         -0.49231672 10.5719347   0.89422417 -1.6294651   2.24047709
 -0.83310866  1.43264639]"
1747093061.3074899,"[ 0.          0.10630513  0.56657301 -3.08461166 -2.26496737  0.20542415
  0.96005799  1.65829076]","[ 0.00000000e+00  0.00000000e+00 -1.50792882e-04  1.12093499e-01
  2.60465061e-03  4.24593232e-01  6.61378843e-05  1.40990877e-01]","[ 0.         -0.48277831 10.55829811  0.90848136 -1.57195508  2.25860333
 -0.8333838   1.44841731]"
1747093061.3092628,"[ 0.          0.10630513  0.56657301 -3.08438502 -2.26495965  0.20629174
  0.96005799  1.65859049]","[ 0.00000000e+00  0.00000000e+00 -1.45501913e-04  1.16800570e-01
  3.15945936e-03  4.24550988e-01  6.60873364e-05  1.46662928e-01]","[ 0.         -0.49750611 10.58153343  0.9716202  -1.48215413  2.30924678
 -0.7973308   1.47220528]"
1747093061.3104165,"[ 0.          0.10630513  0.56657254 -3.08414667 -2.26495006  0.20714315
  0.96005892  1.65888637]","[ 0.00000000e+00  0.00000000e+00 -1.42856421e-04  1.21813962e-01
  4.38797141e-03  4.33236355e-01  6.61372301e-05  1.50714395e-01]","[ 0.         -0.4740003  10.57713223  1.01654279 -1.45331717  2.31257796
 -0.7964443   1.44667935]"
1747093061.3122523,"[ 0.          0.10630513  0.56657208 -3.08401192 -2.26494447  0.20757313
  0.96005892  1.65904616]","[ 0.00000000e+00  0.00000000e+00 -1.45501913e-04  1.26888840e-01
  5.00330207e-03  4.36207411e-01  6.61372301e-05  1.50461078e-01]","[ 0.         -0.46514735 10.54716778  1.03925836 -1.47043741  2.34996867
 -0.81560391  1.39655578]"
1747093061.3141086,"[ 0.          0.10630513  0.56657114 -3.08375492 -2.26493382  0.20846166
  0.96005892  1.65934683]","[ 0.00000000e+00  0.00000000e+00 -1.56083866e-04  1.31267377e-01
  5.35264638e-03  4.33236355e-01  6.60879907e-05  1.54495751e-01]","[ 0.         -0.42676559 10.4850893   1.01815176 -1.60746801  2.31446385
 -0.8295486   1.37998283]"
1747093061.3159127,"[ 0.          0.10630513  0.56657028 -3.08347928 -2.26492104  0.20931403
  0.96005892  1.65966921]","[ 0.00000000e+00  0.00000000e+00 -1.64021952e-04  1.35588930e-01
  6.05463328e-03  4.34046655e-01  6.61372301e-05  1.57482586e-01]","[ 0.         -0.43344069 10.42574024  1.04004133 -1.70671284  2.23476005
 -0.76847619  1.38980412]"
1747093061.3177457,"[ 0.          0.10630513  0.56656981 -3.08320444 -2.26490825  0.21019969
  0.96005892  1.65998799]","[ 0.00000000e+00  0.00000000e+00 -1.69311312e-04  1.40450688e-01
  6.48233955e-03  4.31823282e-01  6.60873364e-05  1.63138873e-01]","[ 0.         -0.42672059 10.44055748  1.03255701 -1.75404131  2.27866435
 -0.75684214  1.40558052]"
1747093061.3195927,"[ 0.          0.10630559  0.56656981 -3.08306436 -2.26490053  0.21062683
  0.96005892  1.66016296]","[ 0.00000000e+00  5.45545264e-06 -1.69311312e-04  1.42071272e-01
  7.42768060e-03  4.32797399e-01  6.61372301e-05  1.64754880e-01]","[ 0.         -0.40866819 10.46510506  0.99151886 -1.75699317  2.32182217
 -0.78082865  1.3484621 ]"
1747093061.3207443,"[ 0.          0.10630559  0.56656981 -3.08277275 -2.26488056  0.21152297
  0.96005892  1.66048547]","[ 0.00000000e+00  5.40085379e-06 -1.69440910e-04  1.42071272e-01
  9.74802679e-03  4.38844806e-01  6.60879907e-05  1.63138873e-01]","[ 0.         -0.41880777 10.48243809  0.96488255 -1.78101575  2.34496927
 -0.81388479  1.43164766]"
1747093061.3224986,"[ 0.          0.10630559  0.56656935 -3.08249951 -2.26485579  0.21240006
  0.96005892  1.66081743]","[ 0.00000000e+00  5.34739074e-06 -1.76329352e-04  1.37479616e-01
  1.32347767e-02  4.45660834e-01  6.61372301e-05  1.61244118e-01]","[ 0.         -0.46788633 10.48975277  0.937428   -1.85797727  2.29244947
 -0.81879246  1.4479512 ]"
1747093061.3248374,"[ 0.          0.10630513  0.56656841 -3.08222573 -2.26482516  0.21327336
  0.96005992  1.66113048]","[ 0.00000000e+00  0.00000000e+00 -1.84767480e-04  1.32347763e-01
  1.56656540e-02  4.42959856e-01  7.66613124e-05  1.58277123e-01]","[ 0.         -0.45759571 10.46503353  0.89236128 -1.99889123  2.23947597
 -0.82015353  1.46108603]"
1747093061.3267028,"[ 0.          0.10630513  0.56656795 -3.081969   -2.26479054  0.21418566
  0.96005992  1.66144434]","[ 0.00000000e+00  5.29502843e-06 -1.92636825e-04  1.29646785e-01
  1.78083710e-02  4.45660834e-01  7.67199429e-05  1.52216451e-01]","[ 0.         -0.45775667 10.480546    0.86753988 -2.13383436  2.14280987
 -0.82057834  1.47348356]"
1747093061.328502,"[ 0.          0.10630559  0.56656795 -3.08183451 -2.26477243  0.21462517
  0.96005992  1.66159281]","[ 0.00000000e+00  5.29097849e-06 -1.96990242e-04  1.26518944e-01
  1.83666278e-02  4.45660834e-01  7.67199429e-05  1.50714395e-01]","[ 0.         -0.43215343 10.47938824  0.88935399 -2.17201757  2.17872334
 -0.83644086  1.45881248]"
1747093061.3303301,"[ 0.          0.10630559  0.56656795 -3.08158711 -2.26473089  0.21554223
  0.96005992  1.66188775]","[ 0.00000000e+00  5.29497611e-06 -1.94695525e-04  1.24785034e-01
  2.05274085e-02  4.48875535e-01  7.66613124e-05  1.48553606e-01]","[ 0.         -0.44469976 10.54830074  0.8516261  -2.22632408  2.15202355
 -0.82283396  1.4371531 ]"
1747093061.3314698,"[ 0.          0.10630559  0.56656748 -3.08133997 -2.26468561  0.21643645
  0.96005992  1.66219309]","[ 0.00000000e+00  7.93654595e-06 -1.94524428e-04  1.25865421e-01
  2.28199304e-02  4.54303957e-01  7.67199429e-05  1.48553606e-01]","[ 0.         -0.37496504 10.60681629  0.83183187 -2.27176309  2.26904321
 -0.81481397  1.43545902]"
1747093061.3332772,"[ 0.          0.10630559  0.56656702 -3.08107977 -2.26464087  0.21736303
  0.96005992  1.66248896]","[ 0.00000000e+00  7.94246417e-06 -2.00777477e-04  1.27356841e-01
  2.29582858e-02  4.51602979e-01  6.60873364e-05  1.49634000e-01]","[ 0.         -0.36409873 10.59972858  0.82724237 -2.29834342  2.39263725
 -0.81878054  1.40745199]"
1747093061.3355963,"[ 0.          0.10630559  0.56656655 -3.08095194 -2.26461983  0.2178073
  0.96005992  1.66264596]","[ 0.00000000e+00  5.30298914e-06 -2.05962855e-04  1.29646785e-01
  2.13377002e-02  4.50522601e-01  6.61372301e-05  1.47953396e-01]","[ 0.         -0.39067414 10.55169964  0.80292386 -2.32819629  2.29427481
 -0.83908939  1.41627622]"
1747093061.3372808,"[ 0.          0.10630559  0.56656522 -3.08055939 -2.26456391  0.21917812
  0.96005992  1.6630654 ]","[ 0.00000000e+00  5.30298914e-06 -2.03880797e-04  1.29376690e-01
  1.61894291e-02  4.51602979e-01  6.61372301e-05  1.39768736e-01]","[ 0.         -0.38300908 10.4586668   0.80285782 -2.30852818  2.37790227
 -0.85764861  1.39142394]"
1747093061.3385322,"[ 0.          0.10630559  0.56656475 -3.08043209 -2.26454952  0.21962142
  0.96005992  1.66321281]","[ 0.00000000e+00  5.29097849e-06 -2.07801174e-04  1.28975785e-01
  1.45852636e-02  4.49712301e-01  6.61378843e-05  1.38925729e-01]","[ 0.         -0.38538131 10.48326206  0.77633125 -2.26144791  2.36660075
 -0.85254771  1.41296709]"
1747093061.3410277,"[ 0.          0.10630559  0.56656475 -3.08016738 -2.26452609  0.22054135
  0.96006085  1.66348206]","[ 0.00000000e+00  5.29897933e-06 -2.03880797e-04  1.29916888e-01
  1.05322757e-02  4.48631923e-01  7.40737029e-05  1.35048741e-01]","[ 0.         -0.3972699  10.53642178  0.77882826 -2.10757303  2.27402711
 -0.79670477  1.38658774]"
1747093061.3428094,"[ 0.          0.10630559  0.56656429 -3.07991517 -2.26451064  0.22142036
  0.96006085  1.66374851]","[ 0.00000000e+00  5.30298914e-06 -2.06316653e-04  1.28026201e-01
  7.02253421e-03  4.45660834e-01  7.40737029e-05  1.36129127e-01]","[ 0.         -0.34712946 10.52953148  0.81515807 -1.85010147  2.24673653
 -0.81221974  1.36116254]"
1747093061.3445652,"[ 0.          0.10630559  0.56656382 -3.07965339 -2.26449919  0.22234026
  0.96006085  1.66403573]","[ 0.00000000e+00  5.30298914e-06 -2.00050861e-04  1.27215910e-01
  5.13185212e-03  4.51383234e-01  7.40744343e-05  1.41657500e-01]","[ 0.         -0.31912634 10.50443649  0.81846708 -1.64048851  2.24501348
 -0.78296739  1.37447655]"
1747093061.3463583,"[ 0.          0.10630559  0.56656289 -3.07952848 -2.26449493  0.22279308
  0.96006178  1.66418034]","[ 0.00000000e+00  5.30298914e-06 -2.10443383e-04  1.26547365e-01
  4.31718100e-03  4.59165724e-01  8.45917913e-05  1.46662928e-01]","[ 0.         -0.32020706 10.45844841  0.82826805 -1.55430973  2.30720186
 -0.78602302  1.37070322]"
1747093061.3475354,"[ 0.          0.10630559  0.56656109 -3.07927974 -2.26448854  0.22375295
  0.96006178  1.66448194]","[ 0.00000000e+00  7.94846874e-06 -2.28520759e-04  1.25468077e-01
  3.24116978e-03  4.71193924e-01  8.46556558e-05  1.47473228e-01]","[ 0.         -0.37273794 10.29854298  0.80365258 -1.44619739  2.3299675
 -0.74719721  1.34919524]"
1747093061.349313,"[ 0.          0.10630605  0.56655969 -3.07901875 -2.26448268  0.22470616
  0.96006178  1.66477209]","[ 0.00000000e+00  1.32574726e-05 -2.54337199e-04  1.29106596e-01
  2.86081758e-03  4.87255848e-01  7.40737029e-05  1.47473228e-01]","[ 0.         -0.32278207 10.24279499  0.86360532 -1.2830019   2.36199331
 -0.74666226  1.34183335]"
1747093061.3511777,"[ 0.          0.10630605  0.56655923 -3.07889012 -2.26447922  0.22519227
  0.96006178  1.66492336]","[ 0.00000000e+00  7.95456321e-06 -2.69144076e-04  1.30457085e-01
  3.24934235e-03  4.92927882e-01  7.40744343e-05  1.42302484e-01]","[ 0.         -0.31947079 10.20239067  0.89590865 -1.21695173  2.40380859
 -0.75976598  1.34855354]"
1747093061.3523128,"[ 0.          0.10630605  0.56655829 -3.07861102 -2.26447016  0.22620542
  0.96006272  1.6651926 ]","[ 0.00000000e+00  1.32474486e-05 -2.99793006e-04  1.38149792e-01
  3.90764742e-03  4.94818560e-01  8.46556558e-05  1.35048741e-01]","[ 0.         -0.29885438 10.22633934  0.98257595 -1.126477    2.41281939
 -0.73882401  1.33606899]"
1747093061.3540518,"[ 0.          0.10630605  0.56655783 -3.07847387 -2.26446377  0.22669914
  0.96006272  1.66532097]","[ 0.00000000e+00  1.32574726e-05 -3.15399611e-04  1.39241422e-01
  4.70242312e-03  5.00760705e-01  8.47196178e-05  1.30186982e-01]","[ 0.         -0.26685867 10.22991848  1.00395763 -1.0926199   2.43259144
 -0.73864359  1.36402166]"
1747093061.3557763,"[ 0.          0.10630605  0.56655736 -3.07819584 -2.26444859  0.22769801
  0.96006272  1.66557397]","[ 0.00000000e+00  1.32474486e-05 -3.24051211e-04  1.40720783e-01
  7.69777819e-03  5.09921013e-01  8.46556558e-05  1.21543868e-01]","[ 0.         -0.23096772 10.21876907  1.01300001 -1.06060898  2.31358266
 -0.74556661  1.35008347]"
1747093061.3575647,"[ 0.          0.10630651  0.56655696 -3.07804723 -2.264439    0.22824026
  0.96006272  1.66568915]","[ 0.00000000e+00  1.85466133e-05 -3.10047867e-04  1.39928809e-01
  9.04826561e-03  5.10084298e-01  8.46556558e-05  1.16682109e-01]","[ 0.         -0.22944167 10.1884203   1.04902494 -1.07818305  2.44599533
 -0.7547583   1.33076465]"
1747093061.3587334,"[ 0.          0.10630651  0.56655603 -3.07777133 -2.26441237  0.2292515
  0.96006272  1.66591645]","[ 0.00000000e+00  1.85604623e-05 -3.24057226e-04  1.39640388e-01
  1.37749708e-02  5.14265594e-01  8.46556558e-05  1.10087356e-01]","[ 0.         -0.21932842 10.18224144  1.12226892 -1.16298294  2.41352177
 -0.79351127  1.36970031]"
1747093061.3607645,"[ 0.          0.10630651  0.5665551  -3.07748424 -2.26437695  0.23030365
  0.96006272  1.6661315 ]","[ 0.00000000e+00  1.85464284e-05 -3.41869196e-04  1.40179562e-01
  1.80553292e-02  5.11838023e-01  8.46556558e-05  1.10199767e-01]","[ 0.         -0.23485088 10.20586777  1.14328468 -1.30874181  2.28519058
 -0.80141586  1.37440789]"
1747093061.3623877,"[ 0.          0.10630651  0.56655463 -3.0772142  -2.26433514  0.23130062
  0.96006272  1.66637119]","[ 0.00000000e+00  1.85464284e-05 -3.38878471e-04  1.35859032e-01
  2.18778954e-02  5.04542094e-01  8.46556558e-05  1.08807899e-01]","[ 0.         -0.25533369 10.29776382  1.19773769 -1.55873907  2.24494696
 -0.76091874  1.37640512]"
1747093061.3641312,"[ 0.          0.10630651  0.56655463 -3.07708344 -2.26431224  0.23183809
  0.96006272  1.66647771]","[ 0.00000000e+00  1.85464284e-05 -3.28785312e-04  1.32617857e-01
  2.32048487e-02  5.06050741e-01  7.40744343e-05  1.08038994e-01]","[ 0.         -0.24179032 10.34654045  1.22823095 -1.63670516  2.20368099
 -0.78688246  1.33939445]"
1747093061.3658888,"[ 0.          0.10630651  0.56655417 -3.07681792 -2.2642611   0.23283412
  0.96006272  1.66670608]","[ 0.00000000e+00  1.32474486e-05 -3.22454387e-04  1.28773734e-01
  2.50768450e-02  5.05622472e-01  7.40737029e-05  1.12098459e-01]","[ 0.         -0.23011257 10.47723484  1.27192998 -1.89411259  2.07627726
 -0.85943586  1.26627004]"
1747093061.3676915,"[ 0.          0.10630742  0.56655417 -3.07656305 -2.26421343  0.23383585
  0.96006272  1.66693724]","[ 0.00000000e+00  2.64948971e-05 -3.06396976e-04  1.29106596e-01
  2.37685775e-02  5.07513149e-01  7.40737029e-05  1.19653181e-01]","[ 0.         -0.09969613 10.62324619  1.37637591 -2.13042068  2.08562255
 -0.89964491  1.23703754]"
1747093061.3694758,"[ 0.          0.10630742  0.5665537  -3.07643229 -2.26418947  0.23437713
  0.96006272  1.66705708]","[ 0.00000000e+00  2.64948971e-05 -3.12052617e-04  1.32617857e-01
  2.25479301e-02  5.09082151e-01  7.40737029e-05  1.21543868e-01]","[ 0.         -0.07657561 10.63647175  1.40598261 -2.27466893  2.20606804
 -0.89294028  1.26483274]"
1747093061.371239,"[ 0.          0.10630742  0.5665537  -3.07615532 -2.26414952  0.23537792
  0.96006272  1.66730822]","[ 0.00000000e+00  2.38456439e-05 -3.06157383e-04  1.36939419e-01
  2.02573099e-02  5.06432772e-01  7.41857136e-05  1.23434545e-01]","[ 0.         -0.01439656 10.68618488  1.45606112 -2.40166616  2.20036006
 -0.86841339  1.2793721 ]"
1747093061.3724215,"[ 0.          0.10630789  0.56655323 -3.07587889 -2.26411436  0.23641578
  0.96006272  1.66755656]","[ 0.00000000e+00  2.64948971e-05 -3.10053686e-04  1.40180594e-01
  1.75563360e-02  5.08323450e-01  7.40737029e-05  1.27486012e-01]","[ 0.          0.01153816 10.70820427  1.5078429  -2.38217402  2.27981758
 -0.90474296  1.3077147 ]"
1747093061.3748896,"[ 0.          0.10630789  0.56655277 -3.07558328 -2.26407974  0.23742036
  0.96006272  1.66782674]","[ 0.00000000e+00  3.17938749e-05 -3.14231487e-04  1.45582533e-01
  1.64759457e-02  5.09967019e-01  7.41857136e-05  1.32656515e-01]","[ 0.          0.03026669 10.68027973  1.4848541  -2.29027438  2.44645166
 -0.88055956  1.32062578]"
1747093061.3767095,"[ 0.          0.10630789  0.5665519  -3.0752898  -2.26404486  0.23847727
  0.96006272  1.66809399]","[ 0.00000000e+00  2.64948971e-05 -3.24057226e-04  1.50444300e-01
  1.73030237e-02  5.19127361e-01  7.41857136e-05  1.36939419e-01]","[ 0.          0.05997203 10.69432545  1.47679996 -2.17261362  2.36165071
 -0.8162899   1.32915759]"
1747093061.3785458,"[ 0.          0.10630789  0.56655144 -3.07512814 -2.26402754  0.23899096
  0.96006272  1.66823487]","[ 0.00000000e+00  2.64948971e-05 -3.20055429e-04  1.52073256e-01
  1.75563360e-02  5.21018039e-01  7.41864532e-05  1.42736796e-01]","[ 0.          0.04543063 10.65975475  1.48526621 -2.11037707  2.30378032
 -0.80020428  1.29372811]"
1747093061.3803952,"[ 0.          0.10630789  0.56654957 -3.07482321 -2.2639884   0.24004977
  0.96006272  1.66854686]","[ 0.00000000e+00  3.17938749e-05 -3.51569090e-04  1.54495751e-01
  2.05274085e-02  5.16833781e-01  7.41857136e-05  1.56116334e-01]","[ 0.00000000e+00  7.85526540e-03  1.05733290e+01  1.44010031e+00
 -1.99045861e+00  2.19018674e+00 -8.15109432e-01  1.23933876e+00]"
1747093061.3821878,"[ 0.          0.10630835  0.56654864 -3.07450683 -2.26394206  0.24114378
  0.96006371  1.66887216]","[ 0.00000000e+00  3.70924870e-05 -3.80459837e-04  1.54473363e-01
  2.32283823e-02  5.15299400e-01  7.68351964e-05  1.68810924e-01]","[ 0.          0.01989486 10.53166294  1.43457282 -1.87589133  2.05506992
 -0.7944653   1.23029423]"
1747093061.3839512,"[ 0.          0.10630835  0.56654777 -3.07420003 -2.26389252  0.24219401
  0.96006371  1.66906058]","[ 0.00000000e+00  3.17938749e-05 -3.76976336e-04  1.55958159e-01
  2.59293582e-02  5.13327562e-01  7.68351964e-05  1.77377048e-01]","[ 0.          0.02177474 10.51908588  1.37699938 -1.74380207  2.1014297
 -0.73686516  1.21103632]"
1747093061.385754,"[ 0.          0.10630835  0.56654684 -3.07388098 -2.263835    0.24321858
  0.96006371  1.66942876]","[ 0.00000000e+00  3.17938749e-05 -3.97414830e-04  1.55977983e-01
  2.85876049e-02  5.22908717e-01  7.68351964e-05  1.88449074e-01]","[ 0.          0.03784535 10.50221062  1.31203175 -1.53673172  2.332021
 -0.71027833  1.21294212]"
1747093061.3869517,"[ 0.          0.10630835  0.56654638 -3.07372679 -2.26380517  0.24373227
  0.96006371  1.66961798]","[ 0.00000000e+00  3.17938749e-05 -4.13371463e-04  1.56386445e-01
  3.02202662e-02  5.21018039e-01  7.68351964e-05  1.91574909e-01]","[ 0.00000000e+00  8.07100348e-03  1.04349251e+01  1.27551162e+00
 -1.49170983e+00  2.29380202e+00 -7.16007411e-01  1.25942934e+00]"
1747093061.3888774,"[ 0.          0.10630835  0.56654405 -3.07341493 -2.26374472  0.24480725
  0.96006465  1.67001945]","[ 0.00000000e+00  3.17941919e-05 -4.13765215e-04  1.59087406e-01
  3.10612093e-02  5.25346974e-01  8.47845145e-05  1.96431733e-01]","[ 0.00000000e+00  1.91185763e-03  1.03293247e+01  1.26204586e+00
 -1.43999624e+00  2.29143643e+00 -7.03473151e-01  1.26560402e+00]"
1747093061.3905296,"[ 0.          0.10630835  0.56654132 -3.0730871  -2.26367627  0.2458594
  0.96006465  1.67040667]","[ 0.00000000e+00  3.18179359e-05 -4.43793949e-04  1.60707990e-01
  3.43023804e-02  5.35065582e-01  8.47836692e-05  1.96901065e-01]","[ 0.         -0.11560814 10.23880291  1.22940183 -1.48624372  2.2901721
 -0.67884845  1.25185883]"
1747093061.3923733,"[ 0.          0.10630835  0.56653945 -3.0729281  -2.26364005  0.24643208
  0.96006465  1.67060361]","[ 0.00000000e+00  3.17938749e-05 -4.82112293e-04  1.61248196e-01
  3.67332556e-02  5.38645003e-01  8.47836692e-05  1.99872137e-01]","[ 0.         -0.12034252 10.21464729  1.1729219  -1.5358988   2.3134532
 -0.67278284  1.25469065]"
1747093061.3935332,"[ 0.          0.10630835  0.56653765 -3.07260027 -2.2635559   0.24750039
  0.96006465  1.67101454]","[ 0.00000000e+00  3.17938749e-05 -5.22693250e-04  1.59488745e-01
  4.23798686e-02  5.43166019e-01  8.48478263e-05  2.01492721e-01]","[ 0.         -0.13710891 10.24184418  1.13905537 -1.59044921  2.22288585
 -0.68099529  1.21938074]"
1747093061.3953564,"[ 0.          0.10630881  0.56653672 -3.07228948 -2.26346455  0.24860772
  0.96006465  1.67141122]","[ 0.00000000e+00  3.70928568e-05 -5.56052821e-04  1.57196729e-01
  4.69969619e-02  5.39647117e-01  7.41857136e-05  2.00682421e-01]","[ 0.         -0.1150599  10.35573959  1.12088525 -1.58562529  2.23282051
 -0.74139947  1.18894756]"
1747093061.3972373,"[ 0.          0.10630881  0.56653626 -3.07213422 -2.26341688  0.24914045
  0.96006465  1.67162334]","[ 0.00000000e+00  3.70928568e-05 -5.72281914e-04  1.57466823e-01
  4.83474467e-02  5.40194963e-01  7.42418490e-05  1.99611697e-01]","[ 0.         -0.17534159 10.35674286  1.11790872 -1.65767324  2.12189555
 -0.74351937  1.20459795]"
1747093061.3989978,"[ 0.          0.10630881  0.56653532 -3.07181544 -2.26331195  0.25021162
  0.96006465  1.67200391]","[ 0.00000000e+00  3.70928568e-05 -6.52897868e-04  1.54765862e-01
  5.18587164e-02  5.45056697e-01  7.42418490e-05  1.90148620e-01]","[ 0.         -0.14911599 10.36255741  1.0882498  -1.85264158  2.21381021
 -0.72361654  1.17420447]"
1747093061.4008985,"[ 0.          0.10630881  0.56653353 -3.07151477 -2.26320383  0.25079096
  0.96006558  1.67238247]","[ 0.00000000e+00  3.70932266e-05 -7.61723239e-04  1.52605073e-01
  5.61233528e-02  5.44908325e-01  8.48478263e-05  1.83562506e-01]","[ 0.         -0.139311   10.28526115  1.080181   -2.07331467  2.3111577
 -0.74992555  1.14357436]"
1747093061.402638,"[ 0.          0.10630881  0.56653033 -3.07120397 -2.26307573  0.25187166
  0.96006558  1.67273161]","[ 0.00000000e+00  3.70928568e-05 -8.71304450e-04  1.51948886e-01
  5.86111530e-02  5.49361297e-01  8.48478263e-05  1.75563352e-01]","[ 0.         -0.20965371 10.21146774  1.08756614 -2.35454893  2.36795545
 -0.77736658  1.14419425]"
1747093061.40379,"[ 0.          0.10630881  0.56652847 -3.07105244 -2.26301821  0.25241199
  0.96006558  1.67290286]","[ 0.00000000e+00  3.71209245e-05 -9.57397699e-04  1.53529755e-01
  5.83410544e-02  5.48027786e-01  8.47836692e-05  1.73496706e-01]","[ 0.         -0.19751388 10.17929268  1.06048775 -2.45251274  2.33580685
 -0.80133528  1.17714596]"
1747093061.4062412,"[ 0.          0.10630881  0.56652434 -3.07074112 -2.26290422  0.25352693
  0.96006558  1.673252  ]","[ 0.00000000e+00  3.70928568e-05 -1.12898135e-03  1.59627612e-01
  5.83410544e-02  5.42355719e-01  7.42418490e-05  1.69268705e-01]","[ 0.         -0.21470232 10.18331623  1.03697646 -2.6146872   2.38771105
 -0.80612433  1.17029643]"
1747093061.4079623,"[ 0.          0.10630881  0.56652114 -3.07040662 -2.26278225  0.25464376
  0.96006558  1.67358689]","[ 0.00000000e+00  3.71209245e-05 -1.17023056e-03  1.65029551e-01
  5.99616379e-02  5.44908325e-01  7.41857136e-05  1.70701602e-01]","[ 0.         -0.18708359 10.26926231  1.00423002 -2.63918185  2.46282792
 -0.79078865  1.16021025]"
1747093061.409812,"[ 0.          0.10630881  0.56651788 -3.0700439  -2.26266188  0.25571683
  0.96006558  1.67393123]","[ 0.00000000e+00  3.70928568e-05 -1.40821600e-03  1.65624918e-01
  6.09801805e-02  5.43694989e-01  6.62873661e-05  1.66667196e-01]","[ 0.         -0.24698831 10.26996994  0.99309039 -2.64128423  2.49240613
 -0.81420976  1.18645322]"
1747093061.4116683,"[ 0.          0.10630881  0.56651375 -3.06971101 -2.26253644  0.25683366
  0.96006558  1.67425081]","[ 0.00000000e+00  3.71209245e-05 -1.83501214e-03  1.69899374e-01
  6.21224186e-02  5.44669107e-01  6.62372408e-05  1.60978101e-01]","[ 0.         -0.27884036 10.2388401   0.96888435 -2.63640761  2.46679258
 -0.83643574  1.18158793]"
1747093061.4134521,"[ 0.          0.10630881  0.56651102 -3.06956826 -2.26247359  0.25736449
  0.96006558  1.67440594]","[ 0.00000000e+00  3.70928568e-05 -1.93088698e-03  1.71157602e-01
  6.37430062e-02  5.38304285e-01  6.62873661e-05  1.57196729e-01]","[ 0.         -0.32107043 10.17898655  0.92258859 -2.62109518  2.39802718
 -0.81029618  1.15070355]"
1747093061.4146354,"[ 0.          0.10630881  0.56650456 -3.06919675 -2.26234363  0.25841759
  0.96006558  1.67471514]","[ 0.00000000e+00  3.70928568e-05 -2.28526451e-03  1.68000624e-01
  6.67818062e-02  5.31013249e-01  6.62372408e-05  1.47473228e-01]","[ 0.         -0.36719349 10.07988453  0.89357263 -2.64618206  2.29742527
 -0.75908715  1.15861309]"
1747093061.416456,"[ 0.          0.10630881  0.56649451 -3.06887211 -2.26220594  0.25949827
  0.96006558  1.67499104]","[ 0.00000000e+00  3.71209245e-05 -3.55439185e-03  1.64322698e-01
  6.64439800e-02  5.25879773e-01  6.62873661e-05  1.38830105e-01]","[ 0.         -0.41070348 10.02095985  0.8675583  -2.62637591  2.31692934
 -0.75393385  1.16040826]"
1747093061.418205,"[ 0.          0.10630881  0.56648852 -3.06870034 -2.2621399   0.26001579
  0.96006558  1.67513458]","[ 0.00000000e+00  3.70928568e-05 -4.90111730e-03  1.61745657e-01
  6.69841731e-02  5.24799395e-01  6.62873661e-05  1.35164197e-01]","[ 0.         -0.43155107 10.01955891  0.84213948 -2.57760835  2.42608142
 -0.77046001  1.13940895]"
1747093061.4199812,"[ 0.          0.10630881  0.56647334 -3.06838076 -2.26199981  0.26108504
  0.96006558  1.67539051]","[ 0.00000000e+00  3.18176189e-05 -7.69777819e-03  1.62598684e-01
  6.77074835e-02  5.22099949e-01  6.62372408e-05  1.28296304e-01]","[ 0.         -0.47712037 10.03401566  0.76984954 -2.52908921  2.41816711
 -0.77334946  1.13494909]"
1747093061.4216914,"[ 0.          0.10630881  0.56645177 -3.06806198 -2.26186479  0.26209438
  0.96006658  1.67564831]","[ 0.00000000e+00  3.17461838e-05 -1.07830435e-02  1.61248196e-01
  6.77257761e-02  5.07808427e-01  7.68925753e-05  1.25266276e-01]","[ 0.         -0.49924764 10.0707016   0.75906897 -2.43652225  2.43776846
 -0.73927271  1.12601018]"
1747093061.42352,"[ 0.          0.10630881  0.56643938 -3.0678918  -2.26179901  0.26259191
  0.96006658  1.67577201]","[ 0.00000000e+00  3.18179359e-05 -1.24244839e-02  1.60090303e-01
  6.67140745e-02  5.04542094e-01  7.68933393e-05  1.25325232e-01]","[ 0.         -0.50505245 10.10469341  0.74592632 -2.36555052  2.41909766
 -0.73495847  1.10992146]"
1747093061.4247155,"[ 0.          0.10630881  0.56641182 -3.06757622 -2.26172791  0.26361077
  0.96006658  1.67601742]","[ 0.00000000e+00  3.71209245e-05 -1.45852636e-02  1.59897707e-01
  6.69551780e-02  4.97789649e-01  6.62873661e-05  1.23434545e-01]","[ 0.         -0.54599828 10.13779545  0.70259023 -2.32037663  2.36259508
 -0.71528029  1.09733033]"
1747093061.4265416,"[ 0.          0.10630881  0.56638106 -3.06724758 -2.26159022  0.26458775
  0.96006658  1.67626097]","[ 0.00000000e+00  3.70368514e-05 -1.53955564e-02  1.60241038e-01
  7.06938358e-02  4.94008293e-01  6.62372408e-05  1.17643185e-01]","[ 0.         -0.60161436 10.15722179  0.68345279 -2.22712111  2.40265036
 -0.71807396  1.1028595 ]"
1747093061.4277449,"[ 0.          0.10630881  0.56636548 -3.06708992 -2.26151991  0.26507388
  0.96006658  1.67637615]","[ 0.00000000e+00  3.17701716e-05 -1.56497811e-02  1.59897707e-01
  7.13057304e-02  4.92428472e-01  6.62365825e-05  1.16682109e-01]","[ 0.         -0.63507086 10.20952988  0.65101725 -2.16567659  2.46389818
 -0.70714319  1.11544538]"
1747093061.4301438,"[ 0.          0.10630881  0.56633426 -3.06677966 -2.26136918  0.26608227
  0.96006658  1.67660252]","[ 0.00000000e+00  3.17458709e-05 -1.53955564e-02  1.55846240e-01
  7.50870946e-02  4.89146526e-01  6.62873661e-05  1.14791431e-01]","[ 0.         -0.63637847 10.28540802  0.65593046 -2.14834738  2.31593347
 -0.70489496  1.09199572]"
1747093061.4319491,"[ 0.          0.10630881  0.5663021  -3.06646408 -2.26121631  0.26703546
  0.96006658  1.67683648]","[ 0.00000000e+00  3.17698567e-05 -1.67460433e-02  1.52717991e-01
  7.85983643e-02  4.79423025e-01  6.62372408e-05  1.13981131e-01]","[ 0.         -0.64950204 10.32936001  0.65921575 -2.14251137  2.27088118
 -0.7349484   1.08423221]"
1747093061.4337382,"[ 0.          0.10630881  0.56626535 -3.06631308 -2.26105652  0.26801627
  0.96006658  1.67706484]","[ 0.00000000e+00  3.17458709e-05 -1.86367264e-02  1.53145262e-01
  7.82489076e-02  4.78612725e-01  6.62873661e-05  1.16563889e-01]","[ 0.         -0.64766103 10.38427258  0.69266623 -2.17865586  2.35114431
 -0.7629658   1.06179702]"
1747093061.4349346,"[ 0.          0.10630881  0.56622353 -3.06601054 -2.26090179  0.26895996
  0.96006658  1.67731878]","[ 0.00000000e+00  3.17698567e-05 -2.18778954e-02  1.53529755e-01
  7.85187274e-02  4.77532347e-01  6.62372408e-05  1.26405618e-01]","[ 0.         -0.64107233 10.48449898  0.70683545 -2.20974422  2.33635592
 -0.77074623  1.01807606]"
1747093061.4367752,"[ 0.          0.10630881  0.56620063 -3.06584649 -2.26081737  0.26947081
  0.96006658  1.67745007]","[ 0.00000000e+00  3.17698567e-05 -2.32283823e-02  1.54473363e-01
  7.94936025e-02  4.80973917e-01  6.62372408e-05  1.33158055e-01]","[ 0.         -0.62870187 10.54933548  0.71333098 -2.23589206  2.29727888
 -0.77808231  1.02131128]"
1747093061.4379432,"[ 0.          0.10630881  0.5661515  -3.06553757 -2.26066451  0.27042878
  0.96006658  1.67773929]","[ 0.00000000e+00  3.17701716e-05 -2.43087727e-02  1.58817312e-01
  7.72478753e-02  4.87255848e-01  6.62372408e-05  1.44944174e-01]","[ 0.         -0.58871281 10.66858196  0.75995356 -2.30848956  2.33053565
 -0.80647087  1.0291028 ]"
1747093061.4397323,"[ 0.          0.10630881  0.56612713 -3.06537937 -2.26058807  0.27094154
  0.96006658  1.67788776]","[ 0.00000000e+00  3.17701716e-05 -2.48489678e-02  1.60437895e-01
  7.75179781e-02  4.82275171e-01  5.82893532e-05  1.50561696e-01]","[ 0.         -0.57877618 10.74694252  0.80878139 -2.3044219   2.27727079
 -0.83165413  1.05161524]"
1747093061.4415708,"[ 0.          0.10630881  0.56607433 -3.06504621 -2.26042642  0.27188999
  0.96006658  1.67821493]","[ 0.00000000e+00  3.17698567e-05 -2.34226994e-02  1.63243403e-01
  7.96787588e-02  4.80503403e-01  5.82007654e-05  1.61996427e-01]","[ 0.         -0.56382614 10.87141895  0.82370889 -2.38080168  2.22712064
 -0.86961269  1.01280355]"
1747093061.4427783,"[ 0.          0.10630881  0.56605409 -3.06488483 -2.26034892  0.27236468
  0.96006658  1.67837858]","[ 0.00000000e+00  3.17698567e-05 -2.42395492e-02  1.63679062e-01
  7.85983643e-02  4.81313703e-01  5.83328791e-05  1.65839851e-01]","[ 0.         -0.56333035 10.93837452  0.83425277 -2.41734958  2.2986865
 -0.89734352  1.0260216 ]"
1747093061.4452133,"[ 0.          0.10630881  0.56600589 -3.06455193 -2.260191    0.27334644
  0.96006658  1.67871441]","[ 0.00000000e+00  3.17698567e-05 -2.38230038e-02  1.61745657e-01
  8.10292395e-02  4.78937265e-01  5.82887721e-05  1.71781996e-01]","[ 0.         -0.54051411 11.0152626   0.8936013  -2.44133115  2.28044033
 -0.9151969   1.05697429]"
1747093061.4470074,"[ 0.          0.10630881  0.56595309 -3.06423528 -2.26002375  0.27429392
  0.96006658  1.67907686]","[ 0.00000000e+00  3.17461838e-05 -2.51190644e-02  1.60167801e-01
  8.15694367e-02  4.81905324e-01  4.76188043e-05  1.78128642e-01]","[ 0.         -0.5090512  11.04650116  0.91348457 -2.5107193   2.29679441
 -0.86607265  1.06891775]"
1747093061.4481783,"[ 0.          0.10630926  0.56589796 -3.06391703 -2.25986689  0.27528329
  0.96006658  1.67943452]","[ 0.00000000e+00  3.70648338e-05 -2.73080476e-02  1.54077518e-01
  7.91385615e-02  4.83474492e-01  4.76192757e-05  1.82315797e-01]","[ 0.         -0.47662288 11.10562038  0.93605721 -2.64306092  2.29171515
 -0.86237329  1.05609643]"
1747093061.4504745,"[ 0.          0.10630926  0.56586907 -3.06376816 -2.25978406  0.27575513
  0.96006658  1.67961815]","[ 0.00000000e+00  3.17698567e-05 -2.92001424e-02  1.50984489e-01
  7.79889914e-02  4.78612725e-01  4.76547840e-05  1.86367264e-01]","[ 0.         -0.42796445 11.13942051  0.96560973 -2.66051435  2.12489057
 -0.84183109  1.03906739]"
1747093061.4520504,"[ 0.          0.10630926  0.56580888 -3.06347761 -2.2596312   0.27669693
  0.96006658  1.67999672]","[ 0.00000000e+00  3.17458709e-05 -3.13313079e-02  1.45582533e-01
  7.69777808e-02  4.78017142e-01  4.76188043e-05  1.84019837e-01]","[ 0.         -0.38811305 11.26503372  0.99499542 -2.68456888  2.06886578
 -0.85801071  1.04019439]"
1747093061.4537659,"[ 0.          0.10630926  0.5657469  -3.06317907 -2.25947966  0.27767201
  0.96006658  1.68035545]","[ 0.00000000e+00  3.17698567e-05 -3.02509176e-02  1.45852644e-01
  7.33920758e-02  4.75641669e-01  3.70372172e-05  1.79344725e-01]","[ 0.         -0.33280197 11.35575676  1.00375271 -2.67098856  2.05630279
 -0.85553384  1.00364876]"
1747093061.4556427,"[ 0.          0.10630972  0.56569363 -3.06288506 -2.25933506  0.27860715
  0.96006658  1.68070352]","[ 0.00000000e+00  3.70368514e-05 -2.61994548e-02  1.50174189e-01
  7.31964166e-02  4.74561258e-01  3.70372172e-05  1.65507189e-01]","[ 0.         -0.25285664 11.4242487   1.02670944 -2.58574438  2.07792997
 -0.84818715  0.97507471]"
1747093061.45745,"[ 0.          0.10631018  0.56565095 -3.06257347 -2.25918805  0.27958035
  0.96006658  1.68100992]","[ 0.00000000e+00  3.70648338e-05 -2.05274085e-02  1.52467221e-01
  7.14017790e-02  4.73270957e-01  3.70648338e-05  1.51371164e-01]","[ 0.         -0.15887552 11.36982918  1.07210135 -2.50595498  2.10484433
 -0.86737585  0.98256153]"
1747093061.4592566,"[ 0.          0.10631018  0.56563165 -3.06242273 -2.25911827  0.28004457
  0.96006658  1.68115359]","[ 0.00000000e+00  3.70368514e-05 -1.80553292e-02  1.52875167e-01
  7.08373802e-02  4.71257873e-01  3.70372172e-05  1.45852644e-01]","[ 0.         -0.12729426 11.26972103  1.08473527 -2.4549439   2.24844599
 -0.87043089  0.96144515]"
1747093061.4610722,"[ 0.          0.10631018  0.56560182 -3.06210768 -2.25897633  0.28100065
  0.96006658  1.68143043]","[ 0.00000000e+00  3.70648338e-05 -1.45704862e-02  1.53971840e-01
  7.23861249e-02  4.66998546e-01  3.70368514e-05  1.31904213e-01]","[ 0.         -0.15169312 11.10595798  1.05357862 -2.38727641  2.25911117
 -0.85864246  0.97537887]"
1747093061.46286,"[ 0.          0.10631064  0.56557519 -3.06179929 -2.25882852  0.28191674
  0.96006658  1.68167864]","[ 0.00000000e+00  4.23598089e-05 -1.25384225e-02  1.57196729e-01
  7.13057304e-02  4.65107868e-01  3.70648338e-05  1.24244837e-01]","[ 0.         -0.10315362 10.89434814  1.05214095 -2.24451685  2.29125404
 -0.83237988  0.99753296]"
1747093061.4646392,"[ 0.          0.10631064  0.56555042 -3.06148876 -2.25868152  0.28286233
  0.96006658  1.68192604]","[ 0.00000000e+00  4.23602275e-05 -1.24244839e-02  1.57466823e-01
  7.19705469e-02  4.60589250e-01  3.70368514e-05  1.20005093e-01]","[ 0.         -0.0833308  10.75543308  1.03292584 -2.07051229  2.28072119
 -0.80652505  0.97861797]"
1747093061.4664142,"[ 0.          0.10631064  0.56553797 -3.06132391 -2.25860988  0.28331613
  0.96006751  1.68204016]","[ 0.00000000e+00  4.23602275e-05 -1.26945815e-02  1.55225673e-01
  7.25826079e-02  4.60246101e-01  4.76192757e-05  1.15601723e-01]","[ 0.         -0.07676289 10.69417953  1.01202714 -1.94188094  2.18868399
 -0.7836042   0.99433815]"
1747093061.467633,"[ 0.          0.10631064  0.56552379 -3.06101951 -2.25847139  0.28421129
  0.96006751  1.68227612]","[ 0.00000000e+00  3.70368514e-05 -1.32907280e-02  1.54495751e-01
  6.94150525e-02  4.51602979e-01  4.76192757e-05  1.14851951e-01]","[ 0.         -0.04529497 10.6529026   0.99843782 -1.74043906  2.14189267
 -0.77148479  1.02619076]"
1747093061.4694319,"[ 0.          0.1063111   0.56549623 -3.0606986  -2.25833211  0.28512169
  0.96006751  1.68249969]","[ 0.00000000e+00  3.70648338e-05 -1.45852636e-02  1.57733356e-01
  6.79582534e-02  4.43770156e-01  4.76188043e-05  1.12900745e-01]","[ 0.         -0.01975828 10.49419308  1.00751388 -1.55821645  2.14853072
 -0.70865989  1.00866413]"
1747093061.4712558,"[ 0.          0.1063111   0.56548105 -3.06054148 -2.2582642   0.28555931
  0.96006751  1.68261101]","[ 0.00000000e+00  3.70648338e-05 -1.53955564e-02  1.59357518e-01
  6.88050721e-02  4.43320514e-01  4.75828816e-05  1.12786354e-01]","[ 0.         -0.01517584 10.42276001  0.99881917 -1.48635447  2.23507118
 -0.69161075  1.02620971]"
1747093061.473038,"[ 0.          0.1063111   0.56544842 -3.06022323 -2.25812784  0.28646495
  0.96006844  1.68283738]","[ 0.00000000e+00  3.70648338e-05 -1.59357516e-02  1.61354639e-01
  6.88748552e-02  4.41879478e-01  5.82013384e-05  1.09119380e-01]","[ 0.         -0.0619662  10.19646549  0.96049637 -1.458166    2.26911664
 -0.64177006  1.00171459]"
1747093061.4748142,"[ 0.          0.1063111   0.56541447 -3.05989087 -2.25798217  0.28733824
  0.96006844  1.68304284]","[ 0.00000000e+00  3.17698567e-05 -1.65351490e-02  1.62058479e-01
  7.23861249e-02  4.43770156e-01  5.82007654e-05  1.03177236e-01]","[ 0.         -0.08121156 10.01180172  0.90212303 -1.49533772  2.30985403
 -0.64382619  1.01006639]"
1747093061.475994,"[ 0.          0.1063111   0.56538098 -3.05957209 -2.25782531  0.28824864
  0.96006844  1.68325017]","[ 0.00000000e+00  3.17701716e-05 -1.67460433e-02  1.61518290e-01
  7.82397613e-02  4.43770156e-01  5.82007654e-05  1.00307380e-01]","[ 0.         -0.1225113   9.83930683  0.8629995  -1.57604921  2.41049266
 -0.6679824   1.03299212]"
1747093061.4778152,"[ 0.          0.1063111   0.56536486 -3.05940138 -2.25774808  0.28868243
  0.96006844  1.68334631]","[ 0.00000000e+00  3.17701716e-05 -1.62058481e-02  1.60742578e-01
  7.83282698e-02  4.39542987e-01  5.82007654e-05  9.75051851e-02]","[ 0.         -0.14984536  9.77145481  0.86211419 -1.6361928   2.41250777
 -0.68658     1.02148271]"
1747093061.4789495,"[ 0.          0.10631156  0.56533317 -3.05908766 -2.25758909  0.28957476
  0.96006844  1.68353939]","[ 0.00000000e+00  3.70648338e-05 -1.53955564e-02  1.58437812e-01
  8.10292395e-02  4.35334060e-01  5.82013384e-05  9.32858641e-02]","[ 0.         -0.164726    9.74450207  0.90316057 -1.81913269  2.37887955
 -0.67359728  1.04336798]"
1747093061.4807894,"[ 0.          0.10631156  0.56531939 -3.05893559 -2.25750786  0.29000856
  0.96006937  1.68363073]","[ 0.00000000e+00  3.70648338e-05 -1.40308382e-02  1.54069395e-01
  8.23797284e-02  4.39988800e-01  6.61372301e-05  9.26434348e-02]","[ 0.         -0.18348359  9.72197533  0.8991828  -1.88357794  2.30763054
 -0.67447931  1.04033303]"
1747093061.482023,"[ 0.          0.10631156  0.56529323 -3.05862533 -2.25733715  0.29089709
  0.96006937  1.68382008]","[ 0.00000000e+00  3.17701716e-05 -1.29646791e-02  1.51213388e-01
  8.29199257e-02  4.51602979e-01  5.55552731e-05  9.74063985e-02]","[ 0.         -0.27436775  9.69922066  0.87919509 -2.03031135  2.3209362
 -0.7025066   1.03242576]"
1747093061.483795,"[ 0.          0.10631156  0.56527991 -3.05847646 -2.25725593  0.29134703
  0.96006844  1.68392848]","[ 0.00000000e+00  3.17938749e-05 -1.25384225e-02  1.50984489e-01
  8.22962633e-02  4.56002254e-01  4.76188043e-05  1.02158959e-01]","[ 0.         -0.25699377  9.71905518  0.91240108 -2.06964731  2.40876031
 -0.71611345  1.00533688]"
1747093061.485583,"[ 0.          0.10631156  0.56525374 -3.05817899 -2.25708282  0.29230596
  0.96006844  1.68414725]","[ 0.00000000e+00  3.17698567e-05 -1.35048743e-02  1.50831507e-01
  8.50105072e-02  4.71860280e-01  4.76188043e-05  1.13981131e-01]","[ 0.         -0.26842058  9.70247173  0.93021095 -2.1691184   2.3030026
 -0.74089491  1.0246253 ]"
1747093061.4873831,"[ 0.          0.10631156  0.56523996 -3.05801866 -2.25699786  0.29277495
  0.96006937  1.68426337]","[ 0.00000000e+00  3.17698567e-05 -1.40450684e-02  1.50962618e-01
  8.61610926e-02  4.75641669e-01  5.55558217e-05  1.17762503e-01]","[ 0.         -0.26369095  9.71198082  0.89311343 -2.27191138  2.11666059
 -0.72242653  1.01445043]"
1747093061.489241,"[ 0.          0.10631156  0.56520647 -3.0577148  -2.25682503  0.29374434
  0.96006937  1.68452209]","[ 0.00000000e+00  3.17698567e-05 -1.72862385e-02  1.55846240e-01
  8.85919761e-02  4.73506546e-01  4.76188043e-05  1.29106596e-01]","[ 0.         -0.2576952   9.72823238  0.93806034 -2.42572546  2.11359191
 -0.70421296  1.00117159]"
1747093061.4906216,"[ 0.          0.10631156  0.56516699 -3.05740054 -2.25663994  0.29468993
  0.96006937  1.6847932 ]","[ 0.00000000e+00  3.17701716e-05 -2.10676037e-02  1.61248196e-01
  9.04826541e-02  4.80503403e-01  4.75828816e-05  1.38689440e-01]","[ 0.         -0.28333068  9.75733566  0.99678719 -2.57123852  1.99514461
 -0.74225235  0.97929001]"
1747093061.4924216,"[ 0.          0.10631202  0.56511692 -3.05706552 -2.25646417  0.29565076
  0.96006937  1.68507963]","[ 0.00000000e+00  3.70928568e-05 -2.55783827e-02  1.64052870e-01
  8.88620706e-02  4.89146526e-01  4.76188043e-05  1.39928809e-01]","[ 0.         -0.27541479  9.83783817  1.04711199 -2.64165592  1.9787153
 -0.75920731  0.96903074]"
1747093061.4942343,"[ 0.          0.10631202  0.56508889 -3.05690147 -2.25637042  0.29617684
  0.96006937  1.68521465]","[ 0.00000000e+00  3.70648338e-05 -2.83602355e-02  1.66380040e-01
  8.82704993e-02  4.95267702e-01  4.76188043e-05  1.36939419e-01]","[ 0.         -0.2849133   9.9077282   1.04253209 -2.67588639  2.1144104
 -0.75762987  0.97752345]"
1747093061.4959261,"[ 0.          0.10631202  0.56502784 -3.05655765 -2.25620025  0.29716713
  0.96006937  1.68548003]","[ 0.00000000e+00  3.70651995e-05 -3.16014045e-02  1.69017935e-01
  8.45405092e-02  5.05110179e-01  4.76188043e-05  1.33968346e-01]","[ 0.         -0.26258278 10.10379791  1.04876256 -2.72612238  2.11972213
 -0.7374388   0.97139812]"
1747093061.497728,"[ 0.          0.10631202  0.56496126 -3.05622289 -2.25603114  0.29820597
  0.96006937  1.68574648]","[ 0.00000000e+00  3.17701716e-05 -3.21415997e-02  1.69891318e-01
  8.21096340e-02  5.06432772e-01  4.76192757e-05  1.28296304e-01]","[ 0.         -0.24884991 10.28502083  1.03890109 -2.75564194  2.15294313
 -0.790663    0.96980631]"
1747093061.4995148,"[ 0.          0.10631202  0.56493004 -3.05604366 -2.25595178  0.29870634
  0.96006844  1.68587112]","[ 0.00000000e+00  3.17698567e-05 -3.16014045e-02  1.68608407e-01
  8.04890505e-02  5.07513149e-01  3.70089097e-05  1.26405618e-01]","[ 0.         -0.25344396 10.33254242  1.0661732  -2.72855377  2.16505837
 -0.80101973  0.96839589]"
1747093061.500707,"[ 0.          0.10631248  0.56486759 -3.05571263 -2.25580077  0.29975469
  0.96006844  1.68613171]","[ 0.00000000e+00  3.70648338e-05 -3.03144402e-02  1.67190340e-01
  7.58973946e-02  5.11567646e-01  2.91003827e-05  1.27139610e-01]","[ 0.         -0.23274989 10.4852829   1.03611672 -2.66819501  2.10159159
 -0.82493186  1.00132477]"
1747093061.5024278,"[ 0.          0.10631248  0.56480926 -3.05538426 -2.2556519   0.30076972
  0.96006937  1.68639043]","[ 0.00000000e+00  3.70651995e-05 -2.97107224e-02  1.66650135e-01
  7.25826079e-02  5.16156272e-01  3.70089097e-05  1.32077668e-01]","[ 0.         -0.21083143 10.61593437  1.00544512 -2.54481483  2.10243559
 -0.81406993  0.99991858]"
1747093061.5042388,"[ 0.          0.10631248  0.56477897 -3.05520663 -2.2555808   0.30128534
  0.96006937  1.6865208 ]","[ 0.00000000e+00  3.70651995e-05 -3.07911127e-02  1.67105219e-01
  7.21892424e-02  5.22908717e-01  3.70092754e-05  1.32213664e-01]","[ 0.         -0.20688668 10.6844368   0.8956641  -2.4381752   2.12756395
 -0.81224364  1.00472176]"
1747093061.5059924,"[ 0.          0.10631248  0.56471326 -3.0548732  -2.25543512  0.3023546
  0.96006844  1.6867995 ]","[ 0.00000000e+00  3.70648338e-05 -3.25999005e-02  1.69081018e-01
  7.02253442e-02  5.21347639e-01  2.91003827e-05  1.37749710e-01]","[ 0.         -0.15592185 10.80845356  0.85290921 -2.18202853  2.00574756
 -0.82545638  0.99328882]"
1747093061.5078135,"[ 0.          0.10631248  0.56464947 -3.05452966 -2.25529451  0.30338392
  0.96006937  1.68707926]","[ 0.00000000e+00  3.70651995e-05 -3.21415997e-02  1.66510252e-01
  7.18459277e-02  5.21828339e-01  3.70368514e-05  1.42736796e-01]","[ 0.         -0.1652196  10.88925743  0.83136475 -1.89409113  2.02655077
 -0.82614845  0.96708161]"
1747093061.509624,"[ 0.          0.10631294  0.56458702 -3.05420156 -2.25514484  0.30445318
  0.96006937  1.68736848]","[ 0.00000000e+00  4.23598089e-05 -2.98414461e-02  1.66109946e-01
  7.37366139e-02  5.21299602e-01  3.70372172e-05  1.39910499e-01]","[ 0.         -0.13108696 11.01607418  0.82382774 -1.76021898  2.05197692
 -0.73795414  0.96674001]"
1747093061.5107894,"[ 0.          0.1063134   0.56455806 -3.05402339 -2.25507187  0.30496783
  0.96006937  1.68750643]","[ 0.00000000e+00  4.50072964e-05 -2.94406258e-02  1.67606276e-01
  7.40067084e-02  5.21828339e-01  3.70092754e-05  1.39910499e-01]","[ 0.         -0.12731023 11.00468826  0.83648205 -1.7072612   2.0328238
 -0.72136068  0.98258311]"
1747093061.5130134,"[ 0.          0.1063134   0.56450526 -3.05369555 -2.25492353  0.30604568
  0.96006937  1.68779272]","[ 0.00000000e+00  4.50072964e-05 -2.59030865e-02  1.65299662e-01
  7.64375836e-02  5.28619900e-01  3.70368514e-05  1.39910499e-01]","[ 0.         -0.11115799 11.031106    0.80272156 -1.63881195  2.11573648
 -0.75335509  1.02567804]"
1747093061.5148468,"[ 0.          0.1063134   0.5644552  -3.05336026 -2.25476054  0.30707975
  0.96006937  1.68807049]","[ 0.00000000e+00  4.50072964e-05 -2.43087727e-02  1.62999507e-01
  8.02189477e-02  5.24267662e-01  3.70089097e-05  1.40848032e-01]","[ 0.         -0.06211645 11.10172367  0.78844696 -1.59992516  2.22459388
 -0.77497971  1.01030076]"
1747093061.5175133,"[ 0.          0.10631386  0.56440606 -3.05303775 -2.25459063  0.30815757
  0.96006937  1.68836157]","[ 0.00000000e+00  5.03022715e-05 -2.56592596e-02  1.63949173e-01
  8.40074359e-02  5.28619900e-01  3.70372172e-05  1.43439554e-01]","[ 0.         -0.02789507 11.08601284  0.809856   -1.64903545  2.15013361
 -0.74228692  1.01536214]"
1747093061.5192406,"[ 0.          0.10631386  0.56435053 -3.05270912 -2.254417    0.30920495
  0.96006937  1.688648  ]","[ 0.00000000e+00  5.03022715e-05 -2.80901368e-02  1.67730529e-01
  8.96723623e-02  5.31551840e-01  3.70368514e-05  1.45852644e-01]","[ 0.         -0.01642041 11.06024933  0.81382692 -1.75042462  2.13847756
 -0.74238396  0.99830514]"
1747093061.521046,"[ 0.          0.10631431  0.56429407 -3.05235678 -2.25423031  0.31029991
  0.96006937  1.68895146]","[ 0.00000000e+00  5.55977993e-05 -2.89004307e-02  1.73402580e-01
  9.15304914e-02  5.36644503e-01  3.70368514e-05  1.49567937e-01]","[ 0.          0.01125512 11.0816679   0.85128438 -1.92014015  2.09306955
 -0.8187263   0.99673146]"
1747093061.5228856,"[ 0.          0.10631431  0.56423249 -3.05200924 -2.25404655  0.3113473
  0.96006937  1.689252  ]","[ 0.00000000e+00  5.56808321e-05 -3.02509176e-02  1.77093455e-01
  9.37238210e-02  5.30741540e-01  2.64351959e-05  1.54495751e-01]","[ 0.         -0.0378557  11.1342535   0.86079562 -2.15497732  2.00430012
 -0.8472814   0.96900785]"
1747093061.5247455,"[ 0.          0.10631431  0.56417377 -3.05164093 -2.25386066  0.31242894
  0.96006937  1.68956692]","[ 0.00000000e+00  5.55972507e-05 -2.91705272e-02  1.80695214e-01
  8.97751104e-02  5.27616853e-01  2.64551545e-05  1.53971840e-01]","[ 0.         -0.02034525 11.27030945  0.88875765 -2.28442025  2.06671405
 -0.84871149  0.98414755]"
1747093061.5265443,"[ 0.          0.10631477  0.56414341 -3.05146196 -2.25377278  0.31295026
  0.96006937  1.68971526]","[ 0.00000000e+00  5.82447383e-05 -2.85607112e-02  1.81505497e-01
  8.91321651e-02  5.28850862e-01  2.64548924e-05  1.50444300e-01]","[ 0.         -0.0383789  11.26747894  0.90624166 -2.39145517  1.98623884
 -0.86561489  0.99752319]"
1747093061.5283983,"[ 0.          0.10631477  0.56408834 -3.05109418 -2.2536002   0.31399192
  0.96006844  1.69002352]","[ 0.00000000e+00  5.83322980e-05 -2.75499417e-02  1.79048681e-01
  8.68832670e-02  5.28850862e-01  1.85184257e-05  1.50461078e-01]","[ 0.         -0.06220869 11.29893494  0.96361893 -2.50741982  1.99918878
 -0.88986516  0.99818897]"
1747093061.530277,"[ 0.          0.10631477  0.56402862 -3.05074797 -2.2534271   0.31507642
  0.96006844  1.69031274]","[ 0.00000000e+00  5.83322980e-05 -2.98414461e-02  1.74306190e-01
  8.42704147e-02  5.29876346e-01  1.85186086e-05  1.44772250e-01]","[ 0.         -0.08653995 11.20905495  0.96697819 -2.6136229   2.11405134
 -0.91092825  1.03217709]"
1747093061.5320778,"[ 0.          0.10631477  0.56396251 -3.0503919  -2.25326491  0.31611143
  0.96006844  1.69059903]","[ 0.00000000e+00  5.83328791e-05 -3.48072720e-02  1.73531776e-01
  8.10292395e-02  5.22908717e-01  1.85184257e-05  1.38925729e-01]","[ 0.         -0.08073506 11.10910702  0.99683797 -2.72397614  2.13333368
 -0.90426135  1.04098535]"
1747093061.5338914,"[ 0.          0.10631523  0.56388448 -3.05005262 -2.25310672  0.3171436
  0.96006844  1.69085789]","[ 0.00000000e+00  6.36358718e-05 -3.88691107e-02  1.71781996e-01
  7.54813090e-02  5.24521095e-01  1.85184257e-05  1.30055081e-01]","[ 0.         -0.08495689 11.04296207  1.03457749 -2.6910789   2.17828369
 -0.90420985  1.06467664]"
1747093061.5357814,"[ 0.          0.10631523  0.56380225 -3.04969495 -2.25296238  0.31821476
  0.96006844  1.69111368]","[ 0.00000000e+00  6.36358718e-05 -4.24053018e-02  1.75563352e-01
  7.26562194e-02  5.23989095e-01  1.85186086e-05  1.22510420e-01]","[ 0.         -0.10414763 11.01801777  1.02860224 -2.55242395  2.34817767
 -0.8639853   1.08938897]"
1747093061.5376644,"[ 0.          0.10631523  0.56375865 -3.04952052 -2.2528934   0.31872942
  0.96006844  1.69122887]","[ 0.00000000e+00  6.36358718e-05 -4.42511055e-02  1.76734594e-01
  6.99552497e-02  5.21828339e-01  1.85184257e-05  1.16682109e-01]","[ 0.         -0.10530324 11.04502869  1.01703286 -2.50315237  2.26931548
 -0.83742654  1.09408534]"
1747093061.5389113,"[ 0.          0.10631523  0.56366037 -3.04917004 -2.25275625  0.3198025
  0.96006844  1.69144858]","[ 0.00000000e+00  6.35877499e-05 -4.96979357e-02  1.77994236e-01
  6.61738814e-02  5.21299602e-01  1.85184257e-05  1.09119380e-01]","[ 0.         -0.14995672 11.02007198  1.05979502 -2.29827237  2.20751381
 -0.80871224  1.10858846]"
1747093061.540716,"[ 0.          0.10631523  0.56355518 -3.04880359 -2.25262389  0.3208166
  0.96006844  1.69165404]","[ 0.00000000e+00  6.36352378e-05 -5.45596902e-02  1.79163014e-01
  6.85352481e-02  5.12374916e-01  1.85184257e-05  9.63271025e-02]","[ 0.         -0.23430112 10.97718811  1.00214398 -2.09813881  2.13936901
 -0.80091166  1.11405075]"
1747093061.5419245,"[ 0.          0.10631523  0.56349553 -3.04862836 -2.25255545  0.32135599
  0.96006844  1.69174152]","[ 0.00000000e+00  6.36358718e-05 -5.61721344e-02  1.77724141e-01
  6.94855264e-02  5.07806130e-01  1.85186086e-05  8.85919761e-02]","[ 0.         -0.2291062  10.98894405  0.97633135 -1.98204339  2.17987108
 -0.79397893  1.11195207]"
1747093061.544476,"[ 0.          0.10631523  0.5633862  -3.04826377 -2.25240871  0.32234915
  0.96006937  1.69191569]","[ 0.00000000e+00  6.36358718e-05 -5.50998833e-02  1.77544062e-01
  7.21160221e-02  5.01841116e-01  2.64548924e-05  7.59022799e-02]","[ 0.         -0.22367243 10.98285961  0.92728448 -1.78932846  2.20059705
 -0.76274586  1.11776936]"
1747093061.5456035,"[ 0.          0.10631523  0.56327422 -3.0479157  -2.25225025  0.32333469
  0.96006937  1.69204033]","[ 0.00000000e+00  6.36358718e-05 -5.49182932e-02  1.75833463e-01
  7.87412928e-02  4.98870027e-01  2.64548924e-05  6.55671883e-02]","[ 0.         -0.28258726 11.01759624  0.8451665  -1.69222629  2.25643015
 -0.72104359  1.13973963]"
1747093061.547332,"[ 0.          0.10631523  0.5631635  -3.04755244 -2.25208673  0.32435165
  0.96006937  1.69217256]","[ 0.00000000e+00  6.36365057e-05 -5.64503723e-02  1.78547141e-01
  8.34601230e-02  4.94008293e-01  2.64948971e-05  5.79616247e-02]","[ 0.         -0.32902035 10.98064709  0.80467552 -1.7154808   2.27205968
 -0.720855    1.14118528]"
1747093061.5497236,"[ 0.          0.10631523  0.56310937 -3.04737428 -2.25200417  0.32483302
  0.96006937  1.6922173 ]","[ 0.00000000e+00  5.83328791e-05 -5.48297889e-02  1.80512138e-01
  8.37302174e-02  4.88336226e-01  2.64946330e-05  5.35821603e-02]","[ 0.         -0.33015597 10.97774887  0.79215401 -1.7344172   2.23395443
 -0.71926945  1.17630601]"
1747093061.5515924,"[ 0.          0.10631523  0.56300324 -3.04701235 -2.25182601  0.32581665
  0.96006937  1.69232089]","[ 0.00000000e+00  5.83328791e-05 -5.06552298e-02  1.83750009e-01
  8.85212692e-02  4.78466218e-01  2.64948971e-05  4.68042364e-02]","[ 0.         -0.36726481 11.03434658  0.72829205 -1.75272644  2.31840992
 -0.70825261  1.18563485]"
1747093061.5534089,"[ 0.          0.10631523  0.56290497 -3.04663951 -2.25164997  0.32676131
  0.96006937  1.69240851]","[ 0.00000000e+00  5.83328791e-05 -4.96979357e-02  1.80884498e-01
  8.94022679e-02  4.77532347e-01  2.64948971e-05  4.05146197e-02]","[ 0.         -0.43685126 11.08973503  0.70754433 -1.79805136  2.29427433
 -0.7146644   1.18927765]"
1747093061.5552082,"[ 0.          0.10631523  0.5628081  -3.04628265 -2.25146595  0.3277031
  0.96006937  1.69248641]","[ 0.00000000e+00  5.56813848e-05 -4.88876440e-02  1.80242310e-01
  9.07781817e-02  4.77532347e-01  2.64948971e-05  3.83149818e-02]","[ 0.         -0.53075778 11.09624195  0.60440868 -1.86284256  2.29845309
 -0.71417022  1.21694684]"
1747093061.557039,"[ 0.          0.10631477  0.56271489 -3.04591992 -2.25128725  0.32868388
  0.96006937  1.69256351]","[ 0.00000000e+00  5.03783961e-05 -4.37557908e-02  1.75537919e-01
  9.04826541e-02  4.77532347e-01  2.64946330e-05  3.78136459e-02]","[ 0.         -0.52962691 11.13937664  0.55351764 -1.89478076  2.24961829
 -0.73942941  1.20785058]"
1747093061.5587888,"[ 0.          0.10631477  0.56263686 -3.04558516 -2.25110269  0.32972368
  0.96006937  1.69264154]","[ 0.00000000e+00  4.51095382e-05 -3.80837445e-02  1.67190340e-01
  9.01211549e-02  4.70190878e-01  2.64948971e-05  4.05146197e-02]","[ 0.         -0.6353212  11.09053612  0.54663569 -2.02388811  2.20087695
 -0.74553758  1.20927429]"
1747093061.5598834,"[ 0.          0.10631477  0.56259777 -3.04542085 -2.25101268  0.3301879
  0.96006937  1.69268628]","[ 0.00000000e+00  4.51095382e-05 -3.68629640e-02  1.66650135e-01
  9.12929458e-02  4.70779902e-01  2.65149452e-05  4.21291029e-02]","[ 0.         -0.67998046 11.04040051  0.54759777 -2.0864265   2.23039818
 -0.74247152  1.21300566]"
1747093061.5618207,"[ 0.          0.10631477  0.56252707 -3.04508369 -2.25083771  0.33115443
  0.96006937  1.69277856]","[ 0.00000000e+00  4.50754075e-05 -3.61563899e-02  1.64489362e-01
  8.80517789e-02  4.72504399e-01  2.64948971e-05  4.82984612e-02]","[ 0.         -0.71664363 10.88323402  0.51475823 -2.12457442  2.30077147
 -0.74803507  1.22478127]"
1747093061.563641,"[ 0.          0.10631477  0.56249038 -3.0449207  -2.25074503  0.33161962
  0.96006937  1.69282889]","[ 0.00000000e+00  4.24239132e-05 -3.72734528e-02  1.65299662e-01
  8.72674280e-02  4.71860280e-01  2.64948971e-05  5.10484247e-02]","[ 0.         -0.7025128  10.80867577  0.50033236 -2.11601639  2.23874068
 -0.74364585  1.22828233]"
1747093061.565446,"[ 0.          0.10631477  0.56241322 -3.04459287 -2.25057832  0.33256237
  0.96006937  1.69294687]","[ 0.00000000e+00  4.24239132e-05 -3.81168052e-02  1.66380040e-01
  8.33755593e-02  4.79423025e-01  2.64948971e-05  5.88812517e-02]","[ 0.         -0.74599981 10.61712551  0.49383241 -2.10500526  2.26901269
 -0.73689997  1.2143532 ]"
1747093061.5672123,"[ 0.          0.10631477  0.56233925 -3.04425039 -2.25041746  0.33355457
  0.96006937  1.69300772]","[ 0.00000000e+00  4.24239132e-05 -3.72734528e-02  1.67190340e-01
  7.74874516e-02  4.84484662e-01  1.85466133e-05  6.15198285e-02]","[ 0.         -0.7753194  10.48895645  0.49346471 -2.07900953  2.34261894
 -0.70832133  1.21764863]"
1747093061.568403,"[ 0.          0.10631477  0.56226488 -3.04390604 -2.25026752  0.33450685
  0.96006937  1.69314195]","[ 0.00000000e+00  3.71490329e-05 -3.63956999e-02  1.68516412e-01
  7.53571974e-02  4.82394081e-01  1.85464284e-05  6.62652736e-02]","[ 0.         -0.79186875 10.36436081  0.5248403  -1.99790537  2.30439448
 -0.67172426  1.21720731]"
1747093061.570736,"[ 0.          0.10631477  0.56219231 -3.04357341 -2.25011306  0.3355019
  0.96006937  1.69328176]","[ 0.00000000e+00  3.71212943e-05 -3.72734528e-02  1.69081018e-01
  7.52305391e-02  4.86490822e-01  1.85604623e-05  7.23861249e-02]","[ 0.         -0.79540122 10.25010395  0.50876611 -1.84820259  2.2847054
 -0.65414125  1.16956997]"
1747093061.5719354,"[ 0.          0.10631477  0.56215236 -3.04340963 -2.25003743  0.33598041
  0.96006937  1.69336073]","[ 0.00000000e+00  3.71205547e-05 -3.76152695e-02  1.66109946e-01
  7.66299637e-02  4.84873384e-01  1.05979587e-05  7.42274678e-02]","[ 0.         -0.80290437 10.14982414  0.51959878 -1.7913729   2.25153685
 -0.65081114  1.16912866]"
1747093061.5737917,"[ 0.          0.10631477  0.5620748  -3.0430738  -2.24987977  0.33694124
  0.96007037  1.69351679]","[ 0.00000000e+00  3.71209245e-05 -3.91641349e-02  1.62846159e-01
  8.07591450e-02  4.89146526e-01  1.85464284e-05  7.98678516e-02]","[ 0.         -0.80675244 10.01651382  0.54106379 -1.73612857  2.17207003
 -0.60792494  1.16539788]"
1747093061.575594,"[ 0.          0.10631477  0.56203485 -3.04291375 -2.24979907  0.33694124
  0.96007037  1.69359948]","[ 0.00000000e+00  3.71209245e-05 -4.05146197e-02  1.62328590e-01
  8.18395312e-02  4.89146526e-01  1.85604623e-05  8.37302174e-02]","[ 0.         -0.80486989  9.97398853  0.54737055 -1.72143388  2.17207003
 -0.59860206  1.18081748]"
1747093061.5773797,"[ 0.          0.10631477  0.56195262 -3.04259417 -2.24962783  0.33794865
  0.96007037  1.69377645]","[ 0.00000000e+00  3.71490329e-05 -3.94342335e-02  1.60978101e-01
  8.41850271e-02  4.92117615e-01  1.85464284e-05  8.58909982e-02]","[ 0.         -0.80899924  9.86246204  0.55341083 -1.70036328  2.04066873
 -0.59887052  1.18021417]"
1747093061.5785356,"[ 0.          0.10631477  0.56187732 -3.04226473 -2.24943901  0.33891235
  0.96007037  1.69394196]","[ 0.00000000e+00  3.71209245e-05 -3.78136459e-02  1.60707990e-01
  8.56251231e-02  4.86762164e-01  1.85604623e-05  8.29199257e-02]","[ 0.         -0.77949578  9.80377865  0.60323632 -1.70622444  1.95313048
 -0.62596577  1.18027878]"
1747093061.5803282,"[ 0.          0.10631477  0.56179836 -3.04194622 -2.24927363  0.33990741
  0.9600713   1.69410934]","[ 0.00000000e+00  3.18420273e-05 -3.93336118e-02  1.61518290e-01
  8.40136027e-02  4.86175470e-01  1.85464284e-05  8.14230794e-02]","[ 0.         -0.76945943  9.82082558  0.6763041  -1.75526178  1.9250164
 -0.61465836  1.17904103]"
1747093061.5827026,"[ 0.          0.10631477  0.56171387 -3.04161412 -2.24911704  0.34090153
  0.9600713   1.69427206]","[ 0.00000000e+00  3.18179359e-05 -4.37114575e-02  1.61244118e-01
  8.62485691e-02  4.84484662e-01  1.85604623e-05  8.28359113e-02]","[ 0.         -0.73414075  9.89890003  0.69022441 -1.76548159  1.9281919
 -0.61833376  1.15780723]"
1747093061.5845013,"[ 0.          0.10631477  0.56166886 -3.04145567 -2.24901211  0.34138097
  0.9600713   1.69436341]","[ 0.00000000e+00  3.18176189e-05 -4.56464729e-02  1.60707990e-01
  8.64320776e-02  4.86175470e-01  2.91443860e-05  8.60135785e-02]","[ 0.         -0.67044055  9.98825264  0.71485668 -1.75232649  1.98625565
 -0.63602412  1.16311383]"
1747093061.5863273,"[ 0.          0.10631477  0.56156833 -3.04113209 -2.24883714  0.3423456
  0.9600713   1.69453838]","[ 0.00000000e+00  3.18420273e-05 -4.96979357e-02  1.57083910e-01
  8.93116788e-02  4.87841444e-01  2.91443860e-05  8.85919761e-02]","[ 0.         -0.64154756 10.14712143  0.74030495 -1.82536161  2.11324787
 -0.67557067  1.14665926]"
1747093061.5874884,"[ 0.          0.10631477  0.56146174 -3.0408253  -2.24865285  0.34333782
  0.9600713   1.69471721]","[ 0.00000000e+00  3.18179359e-05 -5.53138808e-02  1.54225656e-01
  8.91321651e-02  4.82394081e-01  1.85464284e-05  9.15630403e-02]","[ 0.         -0.63757032 10.29416656  0.76155186 -1.98089659  2.15793324
 -0.68526745  1.10460126]"
1747093061.5892525,"[ 0.          0.10631477  0.5613355  -3.04052436 -2.24847974  0.3442891
  0.9600713   1.69491615]","[ 0.00000000e+00  3.18420273e-05 -6.37430062e-02  1.50984489e-01
  8.75115816e-02  4.81313703e-01  1.85464284e-05  9.93958714e-02]","[ 0.         -0.63000244 10.46807671  0.79079247 -2.17537808  2.12628245
 -0.71206349  1.07003152]"
1747093061.591044,"[ 0.          0.10631477  0.56126986 -3.04036617 -2.24839426  0.34479997
  0.9600713   1.69501974]","[ 0.00000000e+00  3.18176189e-05 -6.64439800e-02  1.48956459e-01
  8.67012899e-02  4.80973917e-01  1.85604623e-05  1.05067922e-01]","[ 0.         -0.64462125 10.5512743   0.76249588 -2.26301789  2.06623411
 -0.71573699  1.06738913]"
1747093061.5929363,"[ 0.          0.10631477  0.56113297 -3.04007588 -2.24822275  0.34574555
  0.96007037  1.69524331]","[ 0.00000000e+00  2.65149452e-05 -6.67044122e-02  1.46122739e-01
  8.31900202e-02  4.78937265e-01  1.05980643e-05  1.11090428e-01]","[ 0.         -0.55375916 10.86986542  0.76924086 -2.38532877  2.13312912
 -0.77201158  1.02684927]"
1747093061.5947704,"[ 0.          0.10631523  0.56100261 -3.03977548 -2.2480611   0.34671781
  0.96007037  1.69547075]","[ 0.00000000e+00  3.18179359e-05 -6.61738814e-02  1.46950316e-01
  8.12993422e-02  4.71946234e-01  1.06059783e-05  1.16682109e-01]","[ 0.         -0.51819462 11.12819481  0.77990323 -2.50166893  2.00805283
 -0.80077094  1.00409615]"
1747093061.596575,"[ 0.          0.10631523  0.56087724 -3.039478   -2.24789891  0.34763773
  0.96007037  1.69571323]","[ 0.00000000e+00  3.18176189e-05 -6.23925172e-02  1.52450459e-01
  7.83282698e-02  4.63557309e-01  1.05979587e-05  1.18362713e-01]","[ 0.         -0.4491494  11.34056187  0.78287041 -2.53745985  2.00850463
 -0.83452308  0.98632324]"
1747093061.5983846,"[ 0.          0.10631523  0.56081386 -3.03932647 -2.24782221  0.34809243
  0.96007037  1.69583121]","[ 0.00000000e+00  3.18417103e-05 -5.96828923e-02  1.53841495e-01
  7.77092596e-02  4.61056401e-01  1.05979587e-05  1.19653181e-01]","[ 0.         -0.40537524 11.4375124   0.78204846 -2.59293246  2.10436654
 -0.83434778  0.96906793]"
1747093061.5996423,"[ 0.          0.10631523  0.5607064  -3.03900689 -2.24766988  0.34903136
  0.96007037  1.69606237]","[ 0.00000000e+00  3.18179359e-05 -5.29391068e-02  1.55576145e-01
  7.72478753e-02  4.57275012e-01  1.85464284e-05  1.15601723e-01]","[ 0.         -0.36882731 11.51786518  0.74526513 -2.64359903  2.06019282
 -0.85457492  0.98224276]"
1747093061.6013906,"[ 0.          0.10631523  0.56060127 -3.0386969  -2.24751515  0.34992752
  0.96007037  1.6962898 ]","[ 0.00000000e+00  2.65149452e-05 -5.06552298e-02  1.58007029e-01
  7.42768028e-02  4.55384334e-01  1.05979587e-05  1.08331975e-01]","[ 0.         -0.32972616 11.56378078  0.68958211 -2.64149785  2.07196879
 -0.87033486  0.96675038]"
1747093061.6031935,"[ 0.          0.10631523  0.56050846 -3.0383696  -2.24744058  0.35085979
  0.96007037  1.69649806]","[ 0.00000000e+00  2.65146811e-05 -4.56464729e-02  1.60707990e-01
  7.56272918e-02  4.54922942e-01  1.05979587e-05  1.05067922e-01]","[ 0.         -0.30082414 11.55062294  0.63536221 -2.61175013  2.16377735
 -0.88679391  0.96813816]"
1747093061.6050336,"[ 0.          0.10631523  0.56046625 -3.03821194 -2.24736042  0.35130214
  0.96007037  1.69660565]","[ 0.00000000e+00  2.65149452e-05 -4.26754004e-02  1.59735703e-01
  7.54813090e-02  4.48631923e-01  1.85464284e-05  1.01310460e-01]","[ 0.         -0.31072477 11.53663063  0.6250878  -2.58008742  2.20100689
 -0.89488959  0.9453814 ]"
1747093061.606234,"[ 0.          0.10631523  0.56039001 -3.03786892 -2.24721048  0.35220875
  0.96007037  1.6967978 ]","[ 0.00000000e+00  2.65149452e-05 -3.53827707e-02  1.54437011e-01
  7.58973946e-02  4.40850965e-01  1.85604623e-05  9.56145072e-02]","[ 0.         -0.31309065 11.50132847  0.62512326 -2.46905732  2.23453212
 -0.88358158  0.96827787]"
1747093061.6085222,"[ 0.          0.10631523  0.56035739 -3.03771925 -2.24713671  0.35264254
  0.96007037  1.69688915]","[ 0.00000000e+00  2.65149452e-05 -3.29518914e-02  1.51794789e-01
  7.48170001e-02  4.39988800e-01  1.05979587e-05  9.26434348e-02]","[ 0.         -0.36281338 11.4471159   0.63323933 -2.41028666  2.2282052
 -0.85593975  0.98115414]"
1747093061.6095037,"[ 0.          0.10631523  0.56029447 -3.03741405 -2.24698411  0.35350631
  0.96007037  1.69706891]","[ 0.00000000e+00  2.38815200e-05 -3.03429839e-02  1.47702626e-01
  7.49797692e-02  4.36574927e-01  1.05979587e-05  8.67658882e-02]","[ 0.         -0.35755873 11.28868103  0.61961555 -2.28556752  2.08914089
 -0.78999907  0.93781161]"
1747093061.6112804,"[ 0.          0.10631523  0.56023708 -3.0371243  -2.24683631  0.35438725
  0.96007037  1.69724015]","[ 0.00000000e+00  1.85604623e-05 -2.88711484e-02  1.46933022e-01
  7.50110197e-02  4.27909600e-01  1.05820616e-05  8.69713844e-02]","[ 0.         -0.35954922 11.10762978  0.6042977  -2.14623404  2.10342431
 -0.78048682  0.93787724]"
1747093061.6129901,"[ 0.          0.10631523  0.56020912 -3.03697996 -2.24675748  0.35480769
  0.96007037  1.6973315 ]","[ 0.00000000e+00  1.85604623e-05 -2.83890267e-02  1.46392833e-01
  7.42274678e-02  4.26483910e-01  1.05820616e-05  8.59326683e-02]","[ 0.         -0.34709349 10.99289322  0.58139175 -2.10989904  2.17314672
 -0.76716542  0.94549096]"
1747093061.61477,"[ 0.          0.10631523  0.56015492 -3.03668248 -2.24661047  0.35566769
  0.96007037  1.69750181]","[ 0.00000000e+00  1.85604623e-05 -2.56592596e-02  1.44772250e-01
  7.48170001e-02  4.17529497e-01  1.05819570e-05  8.48106036e-02]","[ 0.         -0.35244095 10.81752872  0.54990125 -2.01864862  2.0739224
 -0.73719251  0.95212102]"
1747093061.6165416,"[ 0.          0.10631523  0.56013055 -3.03653974 -2.2465351   0.3560701
  0.96007037  1.69758636]","[ 0.00000000e+00  1.32375708e-05 -2.48489678e-02  1.44772250e-01
  7.64375836e-02  4.08117286e-01  1.05819570e-05  8.58909982e-02]","[ 0.         -0.36148962 10.7025671   0.55591094 -1.98698497  1.97515345
 -0.69373661  0.96560794]"
1747093061.6182718,"[ 0.          0.10631523  0.56008555 -3.03624626 -2.24638117  0.35685776
  0.96007037  1.69776519]","[ 0.00000000e+00  1.32274462e-05 -2.10645514e-02  1.43439554e-01
  7.45484286e-02  3.98798253e-01  1.05819570e-05  8.76927431e-02]","[ 0.         -0.39489892 10.46029854  0.55068588 -1.98527849  2.06188917
 -0.65029961  0.957973  ]"
1747093061.6199105,"[ 0.          0.10631523  0.56004793 -3.03596343 -2.24623337  0.35768254
  0.96007037  1.69794696]","[ 0.00000000e+00  7.94246417e-06 -1.86178429e-02  1.42881572e-01
  7.56272918e-02  4.06226608e-01  1.05820616e-05  9.55176264e-02]","[ 0.         -0.43029556 10.21216869  0.55016714 -1.99265873  2.01011848
 -0.66259748  0.93506414]"
1747093061.621055,"[ 0.          0.10631523  0.56000891 -3.03567181 -2.2460837   0.35849497
  0.9600713   1.69815242]","[ 0.00000000e+00  7.93638849e-06 -1.89068230e-02  1.41433411e-01
  7.27228567e-02  4.14869731e-01  1.85184257e-05  1.02096849e-01]","[ 0.         -0.46279091  9.91638184  0.55318093 -2.02855897  1.98290682
 -0.67455167  0.92872274]"
1747093061.622784,"[ 0.          0.10631523  0.55998867 -3.03553439 -2.24601499  0.35894398
  0.9600713   1.69825322]","[ 0.00000000e+00  7.94254290e-06 -2.05274085e-02  1.39229088e-01
  6.96851469e-02  4.22795632e-01  1.85324169e-05  1.02096849e-01]","[ 0.         -0.47370276  9.8449297   0.55722219 -2.03712249  2.10731459
 -0.64995366  0.94018841]"
1747093061.6245887,"[ 0.          0.10631523  0.55994187 -3.03539804 -2.24587517  0.35979922
  0.9600713   1.69846254]","[ 0.00000000e+00  7.94246417e-06 -2.38230038e-02  1.38289908e-01
  6.79582534e-02  4.38098122e-01  1.85184257e-05  1.01966754e-01]","[ 0.         -0.48379579  9.71881485  0.56510514 -1.96438241  2.09798622
 -0.62189716  0.92391771]"
1747093061.626365,"[ 0.          0.10631523  0.5599161  -3.03526355 -2.24580726  0.36023302
  0.9600713   1.69855962]","[ 0.00000000e+00  5.29097849e-06 -2.61994548e-02  1.36399221e-01
  6.88748552e-02  4.39988800e-01  1.85186086e-05  9.83154852e-02]","[ 0.         -0.51307905  9.66272259  0.56092429 -1.89359105  2.06376505
 -0.62151605  0.90657467]"
1747093061.6274996,"[ 0.          0.1063157   0.55985738 -3.03498445 -2.24567144  0.36114911
  0.9600713   1.6987527 ]","[ 0.00000000e+00  7.94254290e-06 -3.13313079e-02  1.36399221e-01
  6.88748552e-02  4.49712301e-01  2.91003827e-05  9.83154852e-02]","[ 0.         -0.474828    9.65067005  0.60192037 -1.77368248  2.09516978
 -0.62912911  0.90459001]"
1747093061.6291966,"[ 0.          0.10631523  0.55978894 -3.03471494 -2.2455271   0.3620443
  0.9600713   1.69894577]","[ 0.00000000e+00  5.29097849e-06 -3.40724268e-02  1.37209521e-01
  7.14017790e-02  4.57275012e-01  2.91003827e-05  9.39497070e-02]","[ 0.         -0.44764471  9.64377308  0.63869727 -1.74563146  2.03048372
 -0.64391094  0.92184734]"
1747093061.6309538,"[ 0.          0.10631523  0.55975538 -3.03456793 -2.24545546  0.36253136
  0.9600713   1.69903432]","[ 0.00000000e+00  5.29497611e-06 -3.40322817e-02  1.38424189e-01
  7.27299889e-02  4.58224030e-01  2.91003827e-05  8.96723623e-02]","[ 0.         -0.43264624  9.61649418  0.67421627 -1.75154328  2.06454134
 -0.65118027  0.94449717]"
1747093061.6326303,"[ 0.          0.1063157   0.55968794 -3.03429016 -2.24531138  0.36344652
  0.9600713   1.69920743]","[ 0.00000000e+00  7.94246417e-06 -3.45724769e-02  1.42341366e-01
  7.26562194e-02  4.65918135e-01  2.91006692e-05  8.77816761e-02]","[ 0.         -0.41896093  9.60258007  0.7500056  -1.83499444  2.06239653
 -0.6838333   0.94729823]"
1747093061.6337886,"[ 0.          0.1063157   0.55965485 -3.03413623 -2.24523575  0.36391264
  0.9600713   1.69930064]","[ 0.00000000e+00  5.29492328e-06 -3.34920866e-02  1.44944174e-01
  7.12182455e-02  4.72670580e-01  2.91006692e-05  8.77689595e-02]","[ 0.         -0.42008054  9.64748478  0.77938181 -1.84220588  1.94940138
 -0.70291233  0.96547353]"
1747093061.6363654,"[ 0.          0.1063157   0.55958507 -3.03384142 -2.24509407  0.36489252
  0.9600713   1.69947668]","[ 0.00000000e+00  5.29492328e-06 -3.45724769e-02  1.49904095e-01
  7.23127798e-02  4.78937265e-01  2.91003827e-05  9.07527485e-02]","[ 0.         -0.36652157  9.73767757  0.81160688 -1.92220306  1.91381407
 -0.7040329   0.95334542]"
1747093061.6369789,"[ 0.          0.1063157   0.55951204 -3.03353436 -2.24494866  0.36583904
  0.9600713   1.69967268]","[ 0.00000000e+00  5.29497611e-06 -3.83538432e-02  1.49818474e-01
  7.04659358e-02  4.81313703e-01  2.91006692e-05  9.84592959e-02]","[ 0.         -0.31900167  9.94648647  0.84496039 -1.96474791  1.96304882
 -0.69118255  0.96316123]"
1747093061.6387987,"[ 0.          0.10631615  0.55946337 -3.03338629 -2.24487968  0.36631661
  0.9600713   1.69976962]","[ 0.00000000e+00  7.93646773e-06 -4.01779462e-02  1.50174189e-01
  6.99552497e-02  4.84284759e-01  2.91006692e-05  9.83154852e-02]","[ 0.         -0.29750174 10.02741432  0.86336124 -1.98444951  1.93125772
 -0.69281834  0.96573526]"
1747093061.6405146,"[ 0.          0.10631615  0.55938993 -3.03309441 -2.24473561  0.36731453
  0.9600713   1.69998281]","[ 0.00000000e+00  7.94246417e-06 -3.99744266e-02  1.48013417e-01
  7.09674756e-02  4.88336226e-01  2.90784288e-05  1.05824293e-01]","[ 0.         -0.24483518 10.33940411  0.88253337 -2.00152802  1.93189585
 -0.72919077  0.968683  ]"
1747093061.6423323,"[ 0.          0.10631615  0.55934119 -3.03293994 -2.24466397  0.36779873
  0.9600713   1.7000912 ]","[ 0.00000000e+00  7.94246417e-06 -4.01448481e-02  1.45445713e-01
  7.26562194e-02  4.90539692e-01  2.91003827e-05  1.09929672e-01]","[ 0.         -0.23604219 10.47899055  0.8708328  -2.03146315  1.94430494
 -0.73062581  0.95049524]"
1747093061.6435597,"[ 0.          0.10631615  0.55926176 -3.03266084 -2.24451882  0.36881569
  0.9600713   1.70031384]","[ 0.00000000e+00  7.93646773e-06 -4.05146197e-02  1.40180594e-01
  7.33920758e-02  4.99781527e-01  2.91003827e-05  1.13865650e-01]","[ 0.         -0.21342725 10.72531509  0.90293312 -2.11632371  1.97964358
 -0.71459275  0.95224011]"
1747093061.645446,"[ 0.          0.10631615  0.55917501 -3.03238201 -2.2443617   0.36979743
  0.9600713   1.70054687]","[ 0.00000000e+00  7.93646773e-06 -4.31321742e-02  1.34913427e-01
  7.79889914e-02  4.97789649e-01  1.85186086e-05  1.11820358e-01]","[ 0.         -0.19179282 11.00593948  0.94654185 -2.20183158  1.9854641
 -0.74689698  0.97484618]"
1747093061.6472309,"[ 0.          0.10631661  0.55913094 -3.03225205 -2.24428287  0.37028925
  0.96007037  1.70065433]","[ 0.00000000e+00  1.32274462e-05 -4.48361812e-02  1.31807566e-01
  7.99488533e-02  4.98870027e-01  1.05819570e-05  1.09119380e-01]","[ 0.         -0.16847874 11.10451221  0.96506459 -2.27174783  1.84679615
 -0.77695924  0.96053874]"
1747093061.6491232,"[ 0.          0.10631661  0.55903773 -3.03199399 -2.24412521  0.37132522
  0.96007037  1.70086658]","[ 0.00000000e+00  1.32373077e-05 -4.69969619e-02  1.30997274e-01
  7.91385615e-02  5.07513149e-01  1.05819570e-05  1.01215152e-01]","[ 0.         -0.12426852 11.38706303  0.96339643 -2.40086412  1.89633572
 -0.81488037  0.92818528]"
1747093061.6509662,"[ 0.          0.10631707  0.55894492 -3.03172128 -2.24396143  0.37237167
  0.96007037  1.70105393]","[ 0.00000000e+00  1.85184257e-05 -4.46788591e-02  1.34786511e-01
  8.04890505e-02  5.11567646e-01  1.05819570e-05  9.26434348e-02]","[ 0.         -0.04667544 11.63699436  0.97579783 -2.55113792  1.89027417
 -0.87782288  0.9474895 ]"
1747093061.652894,"[ 0.          0.10631753  0.55886003 -3.0314491  -2.24380377  0.37338481
  0.96006937  1.70122224]","[ 0.00000000e+00  2.38273920e-05 -4.24053018e-02  1.38289908e-01
  7.91385615e-02  5.13185217e-01  0.00000000e+00  8.37302174e-02]","[ 0.          0.02080153 11.89278793  0.99335951 -2.65906668  1.76750374
 -0.91641307  0.97596955]"
1747093061.65477,"[ 0.          0.10631753  0.55877461 -3.03116202 -2.24364264  0.37438559
  0.96006937  1.70137924]","[ 0.00000000e+00  2.38094022e-05 -4.15950101e-02  1.40179562e-01
  7.88684671e-02  5.06946928e-01  0.00000000e+00  7.42768028e-02]","[ 0.          0.05959537 12.08877754  1.00319743 -2.77372551  1.71181035
 -0.96372616  0.93771213]"
1747093061.6565268,"[ 0.          0.10631798  0.55873419 -3.03102247 -2.24356461  0.37492401
  0.96006937  1.70144675]","[ 0.00000000e+00  2.64551545e-05 -4.10548170e-02  1.41531083e-01
  7.90583754e-02  5.06576815e-01  0.00000000e+00  6.86047607e-02]","[ 0.          0.04321014 12.20458126  0.97347623 -2.77045655  1.80935907
 -0.96387607  0.94384819]"
1747093061.6583693,"[ 0.          0.10631798  0.55869518 -3.0307415  -2.24340163  0.37592576
  0.96006937  1.70157711]","[ 0.00000000e+00  3.17698567e-05 -3.93942778e-02  1.42881572e-01
  7.94936025e-02  5.09403827e-01  0.00000000e+00  6.15822255e-02]","[ 0.          0.05679869 12.28093433  0.9140296  -2.72825575  1.9009068
 -0.9740122   0.95103782]"
1747093061.6595852,"[ 0.          0.10631798  0.55862354 -3.03044429 -2.2432445   0.37697408
  0.96006937  1.70169895]","[ 0.00000000e+00  3.17461838e-05 -3.29518914e-02  1.45312439e-01
  8.07591450e-02  5.12840137e-01  0.00000000e+00  6.18523200e-02]","[ 0.          0.02921981 12.38245487  0.90949273 -2.71229959  1.97253621
 -0.94860107  0.95690173]"
1747093061.6613884,"[ 0.          0.10631798  0.55856888 -3.03015907 -2.24308338  0.37798914
  0.96006937  1.70182731]","[ 0.00000000e+00  3.17701716e-05 -2.59293582e-02  1.44502155e-01
  8.14867955e-02  5.15345972e-01  0.00000000e+00  6.26626158e-02]","[ 0.         -0.02855758 12.34388447  0.86607349 -2.72037768  2.03408217
 -0.9596824   0.9391005 ]"
1747093061.663261,"[ 0.          0.10631845  0.55854404 -3.03000807 -2.24299789  0.37849428
  0.96006937  1.70188923]","[ 0.00000000e+00  3.70368514e-05 -2.33214660e-02  1.42185721e-01
  8.04966738e-02  5.12374916e-01  0.00000000e+00  6.26626158e-02]","[ 0.         -0.03722777 12.29876423  0.83199084 -2.73274326  2.02881646
 -0.97260469  0.95352542]"
1747093061.6644452,"[ 0.          0.10631845  0.55850549 -3.0297295  -2.24283917  0.37953594
  0.96006937  1.70202332]","[ 0.00000000e+00  3.70368514e-05 -1.86178429e-02  1.41801177e-01
  8.10292395e-02  5.09561520e-01  0.00000000e+00  6.62028724e-02]","[ 0.         -0.0730544  12.18080235  0.81305295 -2.69360733  2.00689721
 -0.9598369   0.9591375 ]"
1747093061.666882,"[ 0.          0.10631845  0.55847197 -3.02943815 -2.24268524  0.38053862
  0.96006937  1.70216034]","[ 0.00000000e+00  3.70372172e-05 -1.55476447e-02  1.43188784e-01
  7.69777808e-02  5.06998960e-01  0.00000000e+00  6.96851469e-02]","[ 0.         -0.10992063 12.04044914  0.75633872 -2.53726959  2.08381987
 -0.90137482  0.94528192]"
1747093061.6686914,"[ 0.          0.10631845  0.55844351 -3.02915266 -2.24253477  0.38158125
  0.96006937  1.70231161]","[ 0.00000000e+00  3.70368514e-05 -1.45852636e-02  1.45852644e-01
  7.29263222e-02  5.10484239e-01  0.00000000e+00  7.51597656e-02]","[ 0.         -0.15821698 11.8966341   0.69855958 -2.3068378   2.21749902
 -0.87893289  0.94169921]"
1747093061.6705751,"[ 0.          0.10631845  0.55842973 -3.02900805 -2.2424634   0.38208735
  0.96006937  1.70238764]","[ 0.00000000e+00  3.70368514e-05 -1.40308382e-02  1.46514323e-01
  7.23861249e-02  5.13185217e-01  0.00000000e+00  7.72478753e-02]","[ 0.         -0.18336037 11.80679893  0.65313286 -2.22150946  2.15025973
 -0.85635376  0.94096392]"
1747093061.6729023,"[ 0.          0.10631798  0.55840173 -3.02870711 -2.24231666  0.38312522
  0.96006937  1.70255223]","[ 0.00000000e+00  3.17458709e-05 -1.35048743e-02  1.47203117e-01
  7.12182455e-02  5.05298431e-01  0.00000000e+00  8.48106036e-02]","[ 0.         -0.25904217 11.57797909  0.63111961 -2.03617311  2.12356949
 -0.84981704  0.94873714]"
1747093061.6746075,"[ 0.          0.10631798  0.55836132 -3.02827835 -2.24210254  0.38459215
  0.96006937  1.70281189]","[ 0.00000000e+00  3.17458709e-05 -1.35048743e-02  1.44502155e-01
  7.37366139e-02  4.92927882e-01 -1.05819570e-05  8.47246751e-02]","[ 0.         -0.42935729 11.11599636  0.57260728 -1.93306649  2.15112162
 -0.80576354  0.96254057]"
1747093061.6765006,"[ 0.          0.10631798  0.55834754 -3.02812601 -2.2420285   0.38507635
  0.96006937  1.70289471]","[ 0.00000000e+00  3.17458709e-05 -1.30399602e-02  1.43304615e-01
  7.50870946e-02  4.91037204e-01 -1.05820616e-05  8.40003119e-02]","[ 0.         -0.44692397 11.03228378  0.52379024 -1.92998648  1.96233284
 -0.81403738  0.95541883]"
1747093061.6782863,"[ 0.          0.10631798  0.5583232  -3.02784798 -2.24187431  0.38606951
  0.96006937  1.70305743]","[ 0.00000000e+00  3.17458709e-05 -1.21543863e-02  1.40180594e-01
  7.53571974e-02  4.83474492e-01 -1.05819570e-05  7.87412928e-02]","[ 0.         -0.54326141 10.77709293  0.51949561 -1.94762254  1.97825551
 -0.80568272  0.96439224]"
1747093061.6799872,"[ 0.          0.10631798  0.5583007  -3.02757341 -2.2417257   0.38705794
  0.96006937  1.70321056]","[ 0.00000000e+00  3.17458709e-05 -1.08038994e-02  1.33158055e-01
  7.58973946e-02  4.79769835e-01 -1.05819570e-05  7.71696116e-02]","[ 0.         -0.61719817 10.5910759   0.48232925 -1.96514094  2.08836818
 -0.78753448  0.98761314]"
1747093061.681838,"[ 0.          0.10631798  0.55828232 -3.02732014 -2.24157071  0.38798735
  0.96006937  1.70337035]","[ 0.00000000e+00  3.17458709e-05 -8.90418548e-03  1.27356841e-01
  7.42768028e-02  4.65918135e-01 -1.85186086e-05  7.83282698e-02]","[ 0.         -0.67636716 10.41262913  0.45052665 -2.00117922  2.13085532
 -0.78091544  1.01601517]"
1747093061.6835356,"[ 0.          0.10631798  0.55826764 -3.0270706  -2.24142796  0.3889339
  0.96006937  1.70352255]","[ 0.00000000e+00  3.17458709e-05 -7.02151680e-03  1.25865421e-01
  7.18459277e-02  4.60410885e-01 -1.85184257e-05  7.72478753e-02]","[ 0.         -0.73400664 10.28287411  0.45540705 -2.00511241  2.16782093
 -0.8123697   1.03098691]"
1747093061.6847115,"[ 0.          0.10631798  0.55826211 -3.02693851 -2.24134993  0.38938767
  0.96006937  1.70360431]","[ 0.00000000e+00  3.17461838e-05 -5.67204678e-03  1.24381158e-01
  7.34751581e-02  4.60246101e-01 -1.85184257e-05  7.69859201e-02]","[ 0.         -0.77708447 10.19672585  0.50181061 -2.02511811  2.23123503
 -0.80582613  1.04644096]"
1747093061.6865733,"[ 0.          0.10631753  0.55825339 -3.02669376 -2.24120452  0.39028666
  0.96006937  1.7037613 ]","[ 0.00000000e+00  2.64349338e-05 -3.78136470e-03  1.24244837e-01
  7.34665111e-02  4.55384334e-01 -1.85184257e-05  8.10292395e-02]","[ 0.         -0.83199012 10.05156231  0.48353642 -2.06642413  2.27815437
 -0.7640664   1.03886449]"
1747093061.688395,"[ 0.          0.10631753  0.55824973 -3.02656141 -2.24113102  0.39076899
  0.96006937  1.70384599]","[ 0.00000000e+00  2.64548924e-05 -3.51075840e-03  1.24514682e-01
  7.45469056e-02  4.54141670e-01 -1.85184257e-05  8.58909982e-02]","[ 0.         -0.8681035   9.99064732  0.45233744 -2.10633349  2.15220332
 -0.73786259  1.02200258]"
1747093061.6895084,"[ 0.          0.10631753  0.55824424 -3.02631027 -2.24097442  0.39166701
  0.96006937  1.70403348]","[ 0.00000000e+00  2.64548924e-05 -2.69823809e-03  1.28026201e-01
  7.72478753e-02  4.52413279e-01 -1.85186086e-05  9.42889438e-02]","[ 0.         -0.87467927  9.86843491  0.46011689 -2.19955635  2.14322162
 -0.72021252  0.99866527]"
1747093061.6912374,"[ 0.          0.10631753  0.55823964 -3.02605274 -2.24082182  0.39258503
  0.96006937  1.70423415]","[ 0.00000000e+00  2.64551545e-05 -2.25691615e-03  1.30727179e-01
  7.69777808e-02  4.45114020e-01 -1.85184257e-05  1.04257622e-01]","[ 0.         -0.90561044  9.78164291  0.40817103 -2.34498572  2.09929276
 -0.71798718  0.99676257]"
1747093061.6929765,"[ 0.          0.10631753  0.55823688 -3.02591159 -2.24074246  0.39302549
  0.96006937  1.70435026]","[ 0.00000000e+00  2.64551545e-05 -2.70097486e-03  1.32907285e-01
  7.46587001e-02  4.46288574e-01 -1.85324169e-05  1.09232190e-01]","[ 0.         -0.92665523  9.74738503  0.40634012 -2.41937184  2.10063219
 -0.70907813  0.9929316 ]"
1747093061.6947014,"[ 0.          0.10631753  0.55823182 -3.02564954 -2.24059679  0.39390353
  0.96006937  1.70458329]","[ 0.00000000e+00  2.64548924e-05 -2.56592606e-03  1.33562788e-01
  7.31964166e-02  4.46741212e-01 -1.05820616e-05  1.21420713e-01]","[ 0.         -0.99253136  9.64855957  0.36681747 -2.55923557  2.12287283
 -0.70742404  0.97782588]"
1747093061.6964705,"[ 0.          0.10631707  0.55822633 -3.0253787  -2.24045271  0.39481486
  0.96006937  1.70485253]","[ 0.00000000e+00  1.85184257e-05 -2.72019747e-03  1.32077668e-01
  6.92120946e-02  4.45660834e-01 -1.05739739e-05  1.35414967e-01]","[ 0.         -1.03190684  9.70660686  0.29918763 -2.61595225  2.06604934
 -0.71253073  0.97551554]"
1747093061.69886,"[ 0.          0.10631707  0.55821987 -3.02511824 -2.24032328  0.39570529
  0.96006937  1.7051303 ]","[ 0.00000000e+00  1.85184257e-05 -2.92538181e-03  1.31267377e-01
  6.44878924e-02  4.53034195e-01 -1.05819570e-05  1.41657500e-01]","[ 0.         -1.04488993  9.73078537  0.23674127 -2.63722515  2.14149618
 -0.73220444  0.96181202]"
1747093061.7005966,"[ 0.          0.10631707  0.55821208 -3.02485272 -2.24019918  0.39663853
  0.96006937  1.70542804]","[ 0.00000000e+00  1.85184257e-05 -3.40476043e-03  1.28975785e-01
  6.18523200e-02  4.56464746e-01 -1.05820616e-05  1.45947236e-01]","[ 0.         -1.09261036  9.76207542  0.18863279 -2.56283236  2.14841056
 -0.76270789  0.93390793]"
1747093061.7024512,"[ 0.          0.10631661  0.55820795 -3.02472915 -2.24013579  0.39708564
  0.96006937  1.70557172]","[ 0.00000000e+00  1.32274462e-05 -3.67002428e-03  1.25325232e-01
  5.96828923e-02  4.53493656e-01 -1.05819570e-05  1.45852644e-01]","[ 0.         -1.10994041  9.77728748  0.18956803 -2.52222943  2.21951389
 -0.77155608  0.9477185 ]"
1747093061.7036126,"[ 0.          0.10631661  0.55819783 -3.02448787 -2.24002421  0.39802364
  0.96006937  1.70585708]","[ 0.00000000e+00  1.32375708e-05 -4.52298588e-03  1.21543868e-01
  5.53699820e-02  4.58224030e-01 -1.05819570e-05  1.43546264e-01]","[ 0.         -1.11813581  9.80053329  0.17782708 -2.42115259  2.25258565
 -0.73577017  0.94446129]"
1747093061.7060554,"[ 0.          0.10631661  0.55818269 -3.02424845 -2.23991262  0.39893021
  0.96006937  1.70613671]","[ 0.00000000e+00  1.32274462e-05 -6.84662410e-03  1.16141912e-01
  5.41150339e-02  4.58700469e-01 -1.05819570e-05  1.33832608e-01]","[ 0.         -1.14631152  9.82606316  0.16600928 -2.36757278  2.20905113
 -0.7178483   0.95343089]"
1747093061.707872,"[ 0.          0.10631661  0.55816341 -3.02402395 -2.23980609  0.39987773
  0.96006937  1.70639357]","[ 0.00000000e+00  1.32274462e-05 -1.02637042e-02  1.13711036e-01
  5.40194971e-02  4.63921663e-01 -1.05820616e-05  1.29106596e-01]","[ 0.         -1.08630455  9.88668251  0.18476322 -2.27898908  2.1728003
 -0.73784405  0.94710016]"
1747093061.7096677,"[ 0.          0.10631661  0.55813678 -3.02379065 -2.2397041   0.40079572
  0.96006937  1.70664377]","[ 0.00000000e+00  1.32275773e-05 -1.40450684e-02  1.14521328e-01
  5.13185192e-02  4.64636622e-01 -1.05819570e-05  1.19653181e-01]","[ 0.         -1.0130018  10.01366806  0.17680776 -2.21028447  2.10154748
 -0.73851067  0.93680394]"
1747093061.7114894,"[ 0.          0.10631661  0.55812163 -3.02367827 -2.23965057  0.40125332
  0.96006937  1.70675789]","[ 0.00000000e+00  1.32275773e-05 -1.53955564e-02  1.13981131e-01
  5.04044599e-02  4.64027457e-01 -1.05819570e-05  1.15601723e-01]","[ 0.         -0.95556509 10.14826202  0.16818097 -2.21515703  1.93227935
 -0.72405821  0.94565177]"
1747093061.7133322,"[ 0.          0.10631661  0.55808212 -3.02344817 -2.2395499   0.40219798
  0.96006937  1.70698626]","[ 0.00000000e+00  1.32274462e-05 -2.05274085e-02  1.11591967e-01
  5.13185192e-02  4.61326479e-01 -1.05979587e-05  1.10338126e-01]","[ 0.         -0.90951204 10.35199833  0.2073237  -2.1761024   1.88468587
 -0.74442357  0.96450531]"
1747093061.715058,"[ 0.          0.10631661  0.55803485 -3.02323405 -2.23944151  0.40310931
  0.96006937  1.70721369]","[ 0.00000000e+00  1.32574726e-05 -2.50936146e-02  1.07228694e-01
  5.34792999e-02  4.61326479e-01 -1.05978530e-05  1.05309537e-01]","[ 0.         -0.88476706 10.64263916  0.2562083  -2.21068215  1.87096322
 -0.79183102  0.96005321]"
1747093061.716946,"[ 0.          0.10631661  0.55798065 -3.02302606 -2.23934004  0.40405587
  0.96006937  1.7074105 ]","[ 0.00000000e+00  1.32574726e-05 -2.68322260e-02  1.04797819e-01
  5.13185192e-02  4.63217157e-01 -1.05979587e-05  9.38906847e-02]","[ 0.         -0.84526253 10.93246555  0.2729257  -2.28484607  1.92005873
 -0.82338941  0.95985311]"
1747093061.718783,"[ 0.          0.10631661  0.55792646 -3.02281274 -2.23923671  0.40497579
  0.96006844  1.70757988]","[ 0.00000000e+00  1.32576047e-05 -2.70097486e-02  1.03612346e-01
  5.01536899e-02  4.67334837e-01 -1.85464284e-05  8.45559472e-02]","[ 0.         -0.74740285 11.28421593  0.33270183 -2.36288881  1.98182607
 -0.8740865   0.95766544]"
1747093061.719871,"[ 0.          0.10631707  0.55790122 -3.02270888 -2.23918664  0.40543335
  0.96006844  1.70765791]","[ 0.00000000e+00  1.85604623e-05 -2.56332625e-02  1.05338016e-01
  5.07783261e-02  4.64027457e-01 -1.85464284e-05  7.91385615e-02]","[ 0.         -0.73436058 11.41285706  0.37823689 -2.38671565  2.12417197
 -0.87397635  0.95228255]"
1747093061.7215314,"[ 0.          0.10631707  0.55785528 -3.02250355 -2.23908518  0.40638084
  0.96006844  1.70781197]","[ 0.00000000e+00  1.85464284e-05 -2.13160808e-02  1.03447330e-01
  5.26690081e-02  4.62136779e-01 -1.85464284e-05  7.35410963e-02]","[ 0.         -0.68446708 11.73843765  0.43828785 -2.45696998  2.14795494
 -0.92549014  0.93461794]"
1747093061.723287,"[ 0.          0.10631707  0.55783737 -3.02239516 -2.23902872  0.40683747
  0.96006844  1.70788148]","[ 0.00000000e+00  1.85604623e-05 -1.80965312e-02  1.02062761e-01
  5.31629122e-02  4.62747842e-01 -2.91443860e-05  7.04240160e-02]","[ 0.         -0.60787135 11.90556812  0.47004893 -2.54729986  2.05446076
 -0.93758345  0.94620377]"
1747093061.7251658,"[ 0.          0.10631707  0.55780984 -3.02219728 -2.23893045  0.40774694
  0.96006844  1.70800319]","[ 0.00000000e+00  1.85604623e-05 -1.24244839e-02  9.91257769e-02
  4.99680343e-02  4.60859061e-01 -2.91443860e-05  6.50640506e-02]","[ 0.         -0.5539245  12.09401512  0.51692635 -2.66803622  2.13313198
 -0.94814134  0.9465028 ]"
1747093061.7262726,"[ 0.          0.10631707  0.5577933  -3.02199808 -2.23882658  0.40868684
  0.96006751  1.708143  ]","[ 0.00000000e+00  1.85604623e-05 -6.48233955e-03  9.67966262e-02
  5.16583011e-02  4.58355424e-01 -3.70924870e-05  6.27262321e-02]","[ 0.         -0.49687025 12.27008247  0.59403449 -2.70952654  2.05704427
 -0.9827798   0.91069168]"
1747093061.7286608,"[ 0.          0.10631707  0.55778964 -3.02190194 -2.23877572  0.40913585
  0.96006751  1.70820199]","[ 0.00000000e+00  1.32574726e-05 -3.78136470e-03  9.75051851e-02
  5.15886178e-02  4.55384334e-01 -3.70928568e-05  5.99008845e-02]","[ 0.         -0.46728387 12.31647301  0.64444351 -2.70683622  2.05161619
 -0.99880731  0.8923198 ]"
1747093061.7304583,"[ 0.          0.10631707  0.55778824 -3.02170913 -2.23866999  0.4100548
  0.96006751  1.7083229 ]","[ 0.00000000e+00  1.32574726e-05  5.40194952e-04  9.77752879e-02
  5.37493985e-02  4.46449029e-01 -3.70928568e-05  5.81782812e-02]","[ 0.         -0.37937734 12.4601593   0.69744092 -2.63944626  2.08313012
 -1.00597751  0.9063161 ]"
1747093061.7317383,"[ 0.          0.10631707  0.55779147 -3.0215006  -2.2385608   0.41092715
  0.96006751  1.70844181]","[ 0.00000000e+00  1.85604623e-05  1.22888123e-03  1.03447330e-01
  5.34792999e-02  4.41879478e-01 -3.70932266e-05  6.07719338e-02]","[ 0.         -0.33971074 12.52536964  0.76704085 -2.58955503  2.11597419
 -0.99962896  0.90552235]"
1747093061.7334037,"[ 0.          0.10631707  0.55779053 -3.02128941 -2.23845614  0.41189558
  0.96006751  1.70856831]","[ 0.00000000e+00  1.32576047e-05  5.85024386e-04  1.09119380e-01
  5.34792999e-02  4.39618987e-01 -3.70928568e-05  6.47577163e-02]","[ 0.         -0.33172238 12.54858017  0.78404891 -2.55083179  2.13700318
 -1.0174638   0.89519632]"
1747093061.735278,"[ 0.          0.10631707  0.55778964 -3.02117063 -2.23840288  0.41232651
  0.96006658  1.70863968]","[ 0.00000000e+00  1.32574726e-05 -1.32462624e-04  1.11842729e-01
  5.40194971e-02  4.37017711e-01 -4.76908124e-05  6.72059479e-02]","[ 0.         -0.32650945 12.54214764  0.78505605 -2.5319407   2.1419673
 -1.026191    0.90096736]"
1747093061.7369375,"[ 0.          0.10631707  0.55778917 -3.02094267 -2.23829369  0.4131941
  0.96006658  1.70877856]","[ 0.00000000e+00  1.32574726e-05 -1.33313595e-04  1.16141912e-01
  5.23989095e-02  4.40799067e-01 -4.77269018e-05  7.23861249e-02]","[ 0.         -0.35762346 12.50872135  0.75352985 -2.51568389  2.14806271
 -1.0249629   0.90721089]"
1747093061.7395031,"[ 0.          0.10631707  0.55779053 -3.02070804 -2.23819728  0.41409405
  0.96006658  1.70885087]","[ 0.00000000e+00  7.95448397e-06 -1.50994244e-04  1.19923276e-01
  4.72670564e-02  4.37017711e-01 -4.76908124e-05  7.34665111e-02]","[ 0.         -0.37583533 12.46936989  0.73209119 -2.47218347  2.24176693
 -1.00021791  0.87549728]"
1747093061.7426121,"[ 0.          0.10631707  0.55778964 -3.02021136 -2.23802178  0.41582827
  0.96006658  1.70914475]","[ 0.00000000e+00  7.95456321e-06 -8.85065194e-05  1.24658601e-01
  4.23623375e-02  4.31345677e-01 -4.76908124e-05  7.42768028e-02]","[ 0.         -0.46295029 12.3338623   0.65015996 -2.22913575  2.22605395
 -0.98751903  0.8900224 ]"
1747093061.7462509,"[ 0.          0.10631707  0.55779007 -3.01983612 -2.23789501  0.4171249
  0.96006658  1.70937405]","[ 0.00000000e+00  7.95448397e-06  7.97831389e-05  1.21003670e-01
  4.10548170e-02  4.23798711e-01 -4.76908124e-05  7.50110197e-02]","[ 0.         -0.54229599 12.11082745  0.61910325 -2.10002065  2.08614087
 -0.96208262  0.89799267]"
1747093061.7492232,"[ 0.          0.10631707  0.55778917 -3.01948352 -2.23773522  0.41880492
  0.96006658  1.70965181]","[ 0.00000000e+00  5.30298914e-06  0.00000000e+00  1.12630650e-01
  3.99744266e-02  4.08869130e-01 -3.70928568e-05  6.37430062e-02]","[ 0.         -0.62496775 11.83239079  0.52708828 -2.10954928  2.05830288
 -0.93059719  0.92771649]"
1747093061.752914,"[ 0.          0.10631661  0.55778917 -3.01904996 -2.23761165  0.41959641
  0.96006658  1.7098164 ]","[ 0.00000000e+00 -7.95448397e-06  0.00000000e+00  1.03447330e-01
  4.04735738e-02  3.99474164e-01 -2.64948971e-05  5.01872291e-02]","[ 0.         -0.6689024  11.48803806  0.49894959 -2.09337735  2.06699944
 -0.90135264  0.95951325]"
1747093061.7559805,"[ 0.          0.10631661  0.5577887  -3.0187405  -2.2374982   0.42079789
  0.96006751  1.70995342]","[ 0.00000000e+00 -1.32574726e-05 -7.37513407e-05  1.00714086e-01
  3.64631611e-02  3.94212589e-01 -1.85464284e-05  4.34856922e-02]","[ 0.         -0.71497494 11.35100937  0.4774639  -2.12418604  2.2384963
 -0.83332455  0.95630705]"
1747093061.7590122,"[ 0.          0.10631661  0.5577887  -3.01844116 -2.23740126  0.42199748
  0.96006751  1.71007712]","[ 0.00000000e+00 -1.32574726e-05 -9.30803247e-05  1.01826747e-01
  2.94406258e-02  3.96342519e-01 -1.85462435e-05  4.03737219e-02]","[ 0.         -0.72471118 11.20883656  0.500027   -2.1791153   2.15344167
 -0.87884229  0.96219021]"
1747093061.7619426,"[ 0.          0.10631661  0.55778824 -3.01812717 -2.23731817  0.42320566
  0.96006751  1.71018937]","[ 0.00000000e+00 -1.32573405e-05 -1.20641498e-04  1.04961462e-01
  2.67396499e-02  3.97718774e-01 -1.85464284e-05  3.78136459e-02]","[ 0.         -0.7142539  11.06798267  0.49190465 -2.1601913   2.28226495
 -0.84593284  0.96643233]"
1747093061.7661698,"[ 0.          0.10631661  0.55778734 -3.01781106 -2.2372444   0.42437482
  0.96006751  1.71029963]","[ 0.00000000e+00 -1.85604623e-05 -1.08572432e-04  1.04257622e-01
  2.40386761e-02  3.92721719e-01 -1.85462435e-05  3.67705481e-02]","[ 0.         -0.75229508 10.81742382  0.44463867 -2.14440012  2.31648779
 -0.84330404  0.96915084]"
1747093061.768532,"[ 0.          0.10631661  0.55778364 -3.01739614 -2.23716397  0.42597491
  0.96006751  1.71045476]","[ 0.00000000e+00 -1.85604623e-05 -2.24515419e-04  1.03612346e-01
  1.78264326e-02  4.03255519e-01 -1.85464284e-05  4.15950101e-02]","[ 0.         -0.76315546 10.44610786  0.40263179 -2.17414212  2.31007838
 -0.81297529  0.99331278]"
1747093061.7708762,"[ 0.          0.10631661  0.55778135 -3.01719453 -2.23713175  0.42682443
  0.96006751  1.71054797]","[ 0.00000000e+00 -1.85604623e-05 -2.93330939e-04  1.01826747e-01
  1.51254588e-02  4.19731465e-01 -1.85462435e-05  4.66868950e-02]","[ 0.         -0.74066287 10.37110043  0.4118771  -2.16975546  2.21468425
 -0.79235816  0.96336663]"
1747093061.773346,"[ 0.          0.10631661  0.55777952 -3.01698601 -2.23710512  0.42766918
  0.96006751  1.7106517 ]","[ 0.00000000e+00 -1.32574726e-05 -3.36023245e-04  1.01826747e-01
  1.32213673e-02  4.30265266e-01 -1.85464284e-05  5.50998833e-02]","[ 0.         -0.70997864 10.36171627  0.42111498 -2.05606079  2.14547133
 -0.81696796  0.97515702]"
1747093061.7751756,"[ 0.          0.10631661  0.55777862 -3.01679    -2.23707955  0.42855961
  0.96006751  1.71077154]","[ 0.00000000e+00 -1.32574726e-05 -3.39467117e-04  9.84856945e-02
  1.20368858e-02  4.37654240e-01 -1.85464284e-05  6.37430062e-02]","[ 0.         -0.69315869 10.37403393  0.43439233 -1.92496026  2.14886069
 -0.83147442  0.9967187 ]"
1747093061.7768936,"[ 0.          0.10631661  0.55777769 -3.01658733 -2.23705319  0.42943955
  0.96006751  1.71091522]","[ 0.00000000e+00 -1.32574726e-05 -3.69537593e-04  9.83154852e-02
  1.35048743e-02  4.49712301e-01 -1.85186086e-05  7.23861249e-02]","[ 0.         -0.69133914 10.36493874  0.43883601 -1.8202852   2.12464476
 -0.80987936  0.98535872]"
1747093061.778749,"[ 0.          0.10631661  0.55777632 -3.01639692 -2.23702176  0.43037279
  0.96006751  1.71106742]","[ 0.00000000e+00 -1.32574726e-05 -4.04759394e-04  9.64247990e-02
  1.57835509e-02  4.58655528e-01 -1.85186086e-05  7.52305391e-02]","[ 0.         -0.63108557 10.36174107  0.46830809 -1.78628623  2.13680053
 -0.78671801  0.9526096 ]"
1747093061.780403,"[ 0.          0.10631661  0.55777539 -3.01619399 -2.23698341  0.43129651
  0.96006751  1.71121669]","[ 0.00000000e+00 -1.32574726e-05 -4.16130754e-04  1.00374458e-01
  2.02573099e-02  4.71860280e-01 -1.85044548e-05  7.61674891e-02]","[ 0.         -0.59211648 10.28129292  0.54326975 -1.88899457  2.13988113
 -0.81146455  0.93345195]"
1747093061.782322,"[ 0.          0.10631707  0.55777446 -3.01609332 -2.23696104  0.43176932
  0.96006751  1.71129285]","[ 0.00000000e+00 -7.94846874e-06 -4.34219053e-04  1.02096849e-01
  2.26881871e-02  4.79423025e-01 -1.85184257e-05  7.72478753e-02]","[ 0.         -0.56908035 10.26653481  0.59628397 -1.93514407  2.08281207
 -0.80958849  0.9568488 ]"
1747093061.7839801,"[ 0.          0.10631707  0.55777309 -3.01587334 -2.23690671  0.43275392
  0.96006751  1.71144985]","[ 0.00000000e+00 -7.95448397e-06 -4.45787289e-04  1.09335047e-01
  2.75499417e-02  4.82394081e-01 -1.85046377e-05  7.71696116e-02]","[ 0.         -0.4976556  10.34311581  0.65061128 -2.06730676  2.01639223
 -0.8175143   0.92200935]"
1747093061.7858615,"[ 0.          0.10631707  0.55777263 -3.0156515  -2.23684626  0.43375467
  0.96006751  1.71159725]","[ 0.00000000e+00 -5.30293632e-06 -4.32716539e-04  1.13170839e-01
  3.15693862e-02  4.91004647e-01 -1.85184257e-05  7.42768028e-02]","[ 0.         -0.36087033 10.50787354  0.68579125 -2.1831975   2.03675318
 -0.85267389  0.92250544]"
1747093061.7875853,"[ 0.          0.10631707  0.55777263 -3.01541634 -2.23677222  0.43473928
  0.96006658  1.71174   ]","[ 0.00000000e+00 -5.30298914e-06 -4.20988747e-04  1.14994447e-01
  3.39330727e-02  5.01841116e-01 -2.64349338e-05  6.86047607e-02]","[ 0.         -0.34505776 10.66607094  0.7061612  -2.36628723  2.06224442
 -0.89476329  0.91509187]"
1747093061.7887006,"[ 0.          0.10631707  0.55777309 -3.01528824 -2.2367392   0.43523682
  0.96006658  1.71180272]","[ 0.00000000e+00 -5.30298914e-06 -4.07418849e-04  1.12663191e-01
  3.34920866e-02  5.04030867e-01 -2.64349338e-05  6.37430062e-02]","[ 0.         -0.32364914 10.7719202   0.75862962 -2.4462657   2.0864656
 -0.9181633   0.8952598 ]"
1747093061.7919328,"[ 0.          0.10631707  0.55777309 -3.01505548 -2.23666756  0.43627945
  0.96006658  1.7119207 ]","[ 0.00000000e+00 -5.29897933e-06 -3.98170151e-04  1.13347340e-01
  3.53827707e-02  5.10484239e-01 -2.64548924e-05  5.46675233e-02]","[ 0.         -0.30417305 10.91556263  0.79325902 -2.69391727  2.02956986
 -0.94042397  0.86880577]"
1747093061.796136,"[ 0.          0.10631707  0.55777402 -3.01449569 -2.23647208  0.43881754
  0.96006558  1.71213761]","[ 0.00000000e+00 -5.30298914e-06 -3.55579469e-04  1.08582745e-01
  3.99744266e-02  5.09967019e-01 -3.70368514e-05  3.94342335e-02]","[ 0.         -0.33790189 11.44916725  0.87176526 -3.13928914  1.95221591
 -1.04867733  0.89473391]"
1747093061.800513,"[ 0.          0.10631707  0.55777446 -3.01409115 -2.23632508  0.44089138
  0.96006371  1.71228688]","[ 0.00000000e+00  0.00000000e+00 -3.32579504e-04  9.88556741e-02
  3.34581521e-02  5.18046950e-01 -5.55133645e-05  3.66121941e-02]","[ 0.         -0.27612877 11.7609911   0.91675872 -3.35897779  2.114573
 -1.12608695  0.89565963]"
1747093061.8047855,"[ 0.          0.10631707  0.55777492 -3.01369088 -2.23623267  0.44296428
  0.96006371  1.71243149]","[ 0.00000000e+00  5.29097849e-06 -3.13121783e-04  9.80504674e-02
  2.95906783e-02  5.17236650e-01 -5.55133645e-05  3.67332556e-02]","[ 0.         -0.21858327 11.95975208  0.97551382 -3.39456797  2.15029359
 -1.07750785  0.87250292]"
1747093061.8078299,"[ 0.          0.10631707  0.55777539 -3.01339048 -2.23611921  0.44504288
  0.96006371  1.71258848]","[ 0.00000000e+00  5.29497611e-06 -2.70491082e-04  1.02802870e-01
  2.70097486e-02  5.19937628e-01 -5.55133645e-05  4.01229520e-02]","[ 0.         -0.21929969 12.02820206  0.95228136 -3.11535788  2.19775653
 -1.10126543  0.85030884]"
1747093061.8108778,"[ 0.          0.10631707  0.55777492 -3.01306584 -2.23604491  0.44658875
  0.96006371  1.71272071]","[ 0.00000000e+00  5.29097849e-06 -2.70916044e-04  1.07498797e-01
  2.28199304e-02  5.05622472e-01 -5.55139131e-05  4.46367853e-02]","[ 0.         -0.28639519 11.9973917   0.87567472 -2.8703742   2.12533307
 -1.05022299  0.82623488]"
1747093061.8145316,"[ 0.          0.10631707  0.55777492 -3.01262056 -2.2359746   0.44858745
  0.96006371  1.71292338]","[ 0.00000000e+00  5.29497611e-06 -2.03182709e-04  1.12090453e-01
  1.53955564e-02  4.92927882e-01 -5.55139131e-05  5.69905654e-02]","[ 0.         -0.40362471 11.80814266  0.76057476 -2.42163253  2.03228974
 -1.00148427  0.79510945]"
1747093061.8181121,"[ 0.          0.10631661  0.55777492 -3.01227142 -2.23593599  0.45003534
  0.96006371  1.71312311]","[ 0.00000000e+00  0.00000000e+00 -1.35458022e-04  1.15601723e-01
  1.26817193e-02  4.85365170e-01 -5.55558217e-05  6.94150525e-02]","[ 0.         -0.52178776 11.70373726  0.69410646 -2.07995009  2.21580958
 -0.9514538   0.81005704]"
1747093061.8211293,"[ 0.          0.10631661  0.55777446 -3.01192121 -2.23589844  0.45146706
  0.96006371  1.7133572 ]","[ 0.00000000e+00 -5.29097849e-06 -9.57931112e-05  1.13865650e-01
  1.26945815e-02  4.65918135e-01 -4.75828816e-05  8.07474437e-02]","[ 0.         -0.61533993 11.5557127   0.59260803 -1.89971137  2.20230317
 -0.93454528  0.78754538]"
1747093061.8247905,"[ 0.          0.10631661  0.55777446 -3.0114762  -2.23583825  0.45332591
  0.96006371  1.7137186 ]","[ 0.00000000e+00 -5.29103081e-06 -5.63500805e-05  1.09335047e-01
  1.64759457e-02  4.60246101e-01 -4.75828816e-05  9.72350907e-02]","[ 0.         -0.69770414 11.34073544  0.51346654 -1.85847771  2.15921783
 -0.94281006  0.81609368]"
1747093061.827899,"[ 0.          0.10631661  0.55777402 -3.01115528 -2.23578446  0.45471861
  0.96006371  1.71402686]","[ 0.00000000e+00 -5.29097849e-06 -2.82198218e-05  1.06850226e-01
  1.83060970e-02  4.56464746e-01 -3.70092754e-05  1.06958600e-01]","[ 0.         -0.77320522 11.21436977  0.47699243 -2.0195148   2.16849279
 -0.96300566  0.80540597]"
1747093061.8317995,"[ 0.          0.10631661  0.55777446 -3.01072731 -2.23571388  0.4565261
  0.96006371  1.71448159]","[ 0.00000000e+00 -5.29103081e-06  0.00000000e+00  1.06148308e-01
  1.67460433e-02  4.48631923e-01 -3.70092754e-05  1.12739648e-01]","[ 0.         -0.82159883 11.20896721  0.54277301 -2.22774458  2.16430688
 -1.01464057  0.84276712]"
1747093061.8353384,"[ 0.          0.10631661  0.55777446 -3.01040108 -2.23566834  0.4578912
  0.96006371  1.71482314]","[ 0.00000000e+00 -5.29097849e-06  0.00000000e+00  1.07768891e-01
  1.35048743e-02  4.52413279e-01 -3.70089097e-05  1.14791431e-01]","[ 0.         -0.77584988 11.21992302  0.51271123 -2.36635256  2.09617829
 -0.99764329  0.86297917]"
1747093061.8376005,"[ 0.          0.10631615  0.55777446 -3.01007511 -2.23563665  0.45927821
  0.96006371  1.71517508]","[ 0.00000000e+00 -7.93646773e-06  0.00000000e+00  1.06325824e-01
  8.91321630e-03  4.56470305e-01 -2.90784288e-05  1.15601723e-01]","[ 0.         -0.80369949 11.18841267  0.59065521 -2.53300667  2.20508766
 -0.99529821  0.87107509]"
1747093061.8400948,"[ 0.          0.10631615  0.55777446 -3.00986711 -2.23562333  0.46017719
  0.96006371  1.71542342]","[ 0.00000000e+00 -7.93654595e-06  0.00000000e+00  1.05231290e-01
  6.21224196e-03  4.55384334e-01 -2.90784288e-05  1.22760949e-01]","[ 0.         -0.82389593 11.13151073  0.62017286 -2.60366964  2.18153286
 -0.97711712  0.87293619]"
1747093061.8425474,"[ 0.          0.10631615  0.55777446 -3.00966604 -2.23561561  0.46111805
  0.96006371  1.71567069]","[ 0.00000000e+00 -7.93646773e-06  0.00000000e+00  1.01016455e-01
  3.24116978e-03  4.58655528e-01 -2.91006692e-05  1.26405618e-01]","[ 0.         -0.80148709 11.09630585  0.6422345  -2.63198996  2.17136836
 -0.9696663   0.87612593]"
1747093061.844982,"[ 0.          0.10631615  0.55777446 -3.00936378 -2.23561108  0.46250982
  0.96006371  1.71606071]","[ 0.00000000e+00 -7.93646773e-06  0.00000000e+00  9.88556741e-02
  8.09471454e-04  4.59407805e-01 -2.90784288e-05  1.31267377e-01]","[ 0.         -0.77670717 11.09035492  0.63185734 -2.53731918  2.15165496
 -1.00697923  0.87093925]"
1747093061.8474572,"[ 0.          0.10631615  0.55777446 -3.00916644 -2.23561002  0.46342019
  0.96006371  1.71631664]","[ 0.00000000e+00 -7.94246417e-06  0.00000000e+00  9.58846017e-02
  5.40194952e-04  4.62136779e-01 -2.90784288e-05  1.29106596e-01]","[ 0.         -0.77088636 11.1221199   0.64065236 -2.41073966  2.05780149
 -0.99527669  0.88787055]"
1747093061.849747,"[ 0.          0.10631615  0.55777446 -3.0088908  -2.23560629  0.46480244
  0.96006371  1.71667058]","[ 0.00000000e+00 -7.93654595e-06  0.00000000e+00  9.10228513e-02
  1.08011605e-03  4.52413279e-01 -2.91006692e-05  1.09119380e-01]","[ 0.         -0.75300509 11.08534527  0.69354391 -2.20644045  1.83232152
 -0.98141736  0.89180619]"
1747093061.8520572,"[ 0.          0.10631661  0.55777446 -3.00870624 -2.23560309  0.46569383
  0.96006371  1.71686658]","[ 0.00000000e+00 -5.29497611e-06  0.00000000e+00  8.93116788e-02
  1.24426020e-03  4.51145414e-01 -2.90784288e-05  9.56145072e-02]","[ 0.         -0.7301966  11.05111217  0.71244657 -2.15103149  1.82349455
 -0.98069006  0.88823229]"
1747093061.8561447,"[ 0.          0.10631615  0.55777446 -3.00843779 -2.23559404  0.46705514
  0.96006371  1.7171072 ]","[ 0.00000000e+00 -5.29497611e-06  0.00000000e+00  8.85212692e-02
  1.82913472e-03  4.48631923e-01 -3.70092754e-05  7.13057304e-02]","[ 0.         -0.67432284 10.9895525   0.73823345 -2.05053401  1.85351586
 -0.96951431  0.88742125]"
1747093061.8584769,"[ 0.          0.10631661  0.55777446 -3.00806335 -2.2355746   0.46885217
  0.96006371  1.71731932]","[ 0.00000000e+00  0.00000000e+00  0.00000000e+00  9.72066281e-02
  4.92802927e-03  4.42959856e-01 -3.70089097e-05  4.31718095e-02]","[ 0.         -0.52211547 10.99921799  0.76767188 -1.95790672  2.06332183
 -0.95445544  0.9544124 ]"
1747093061.8608773,"[ 0.          0.10631615  0.55777446 -3.00786042 -2.23556235  0.46975875
  0.96006272  1.71739735]","[ 0.00000000e+00 -5.29497611e-06  0.00000000e+00  1.03987527e-01
  6.05662909e-03  4.43358631e-01 -4.75833530e-05  3.67332556e-02]","[ 0.         -0.53938711 11.00305271  0.73513228 -1.98718286  2.09459901
 -0.9863193   0.95601875]"
1747093061.863909,"[ 0.          0.10631661  0.55777446 -3.00753525 -2.23554078  0.471063
  0.96006272  1.71749243]","[ 0.00000000e+00  0.00000000e+00  0.00000000e+00  1.08582745e-01
  7.41211827e-03  4.39988800e-01 -4.75833530e-05  2.85876049e-02]","[ 0.         -0.60600132 11.00869942  0.64741653 -2.10443377  2.05468082
 -1.02251494  0.96354175]"
1747093061.8663433,"[ 0.          0.10631615  0.55777446 -3.0073214  -2.2355248   0.47196294
  0.96006272  1.71754955]","[ 0.00000000e+00 -5.29097849e-06  0.00000000e+00  1.08849286e-01
  8.10292405e-03  4.38844806e-01 -4.76192757e-05  2.88711484e-02]","[ 0.         -0.6575368  11.06970406  0.61266983 -2.15068173  2.05149412
 -1.00635672  0.96307582]"
1747093061.8687768,"[ 0.          0.10631615  0.55777492 -3.00698291 -2.23549524  0.47327382
  0.96006272  1.71765235]","[ 0.00000000e+00 -5.29502843e-06  1.55473102e-05  1.13170839e-01
  1.02533044e-02  4.29064846e-01 -4.75833530e-05  3.58598885e-02]","[ 0.         -0.71994412 11.10142994  0.47009313 -2.23756862  2.10405111
 -1.00674295  0.97819662]"
1747093061.8711302,"[ 0.          0.10631615  0.55777446 -3.00675894 -2.2354718   0.4741205
  0.96006272  1.71773225]","[ 0.00000000e+00 -5.29097849e-06  1.53838576e-05  1.13556107e-01
  1.21543863e-02  4.29829340e-01 -4.75828816e-05  4.16372420e-02]","[ 0.         -0.73539829 11.09421539  0.407929   -2.34053516  2.23185301
 -1.00114918  0.99409974]"
1747093061.8729177,"[ 0.          0.1063157   0.55777492 -3.00653204 -2.2354449   0.47500424
  0.96006272  1.71782732]","[ 0.00000000e+00 -7.94246417e-06  2.73790584e-05  1.09389475e-01
  1.35048743e-02  4.31823282e-01 -4.75828816e-05  4.80773522e-02]","[ 0.         -0.81153756 11.05617714  0.32586536 -2.44599319  2.22078943
 -1.00751305  1.00020456]"
1747093061.8752034,"[ 0.          0.1063157   0.55777446 -3.00622071 -2.23540309  0.47629804
  0.96006272  1.71798338]","[ 0.00000000e+00 -7.94246417e-06  2.08078031e-05  9.95550785e-02
  1.37749708e-02  4.40799067e-01 -4.75828816e-05  5.21598409e-02]","[ 0.         -0.86052728 10.98134995  0.33338976 -2.57449269  2.35200143
 -0.98535651  0.97549367]"
1747093061.8770056,"[ 0.          0.1063157   0.55777446 -3.00612484 -2.23538977  0.47676609
  0.96006272  1.71803571]","[ 0.00000000e+00 -7.94246417e-06  2.08078031e-05  9.72350907e-02
  1.35048743e-02  4.40850965e-01 -4.76908124e-05  5.28854690e-02]","[ 0.         -0.87372071 10.98179054  0.31899244 -2.59707451  2.35609055
 -0.98776674  0.97505224]"
1747093061.8793414,"[ 0.          0.1063157   0.55777492 -3.00594055 -2.23536474  0.47762795
  0.96006178  1.71814317]","[ 0.00000000e+00 -7.93646773e-06  2.64616686e-05  9.18331430e-02
  1.26945815e-02  4.37017711e-01 -5.82447383e-05  5.50998833e-02]","[ 0.         -0.85710692 10.99982357  0.32234669 -2.61160374  2.35676932
 -1.0286907   0.98453152]"
1747093061.8811922,"[ 0.          0.1063157   0.55777492 -3.00575413 -2.23534317  0.47852504
  0.96006178  1.71826208]","[ 0.00000000e+00 -7.94246417e-06  2.03594472e-05  9.07781817e-02
  1.02741239e-02  4.38844806e-01 -5.82893532e-05  5.78008613e-02]","[ 0.         -0.85037953 10.98639584  0.35267255 -2.56901717  2.33337188
 -1.05198264  0.99717706]"
1747093061.8823783,"[ 0.          0.1063157   0.55777446 -3.00557703 -2.23532719  0.47939643
  0.96006178  1.71837819]","[ 0.00000000e+00 -1.32374398e-05  1.45305608e-05  8.95815069e-02
  7.56272939e-03  4.40799067e-01 -5.82447383e-05  5.88812517e-02]","[ 0.         -0.83468586 10.94260025  0.38703486 -2.49532247  2.20825076
 -1.02389026  1.02384603]"
1747093061.8845832,"[ 0.          0.1063157   0.55777446 -3.00539274 -2.23531654  0.48029638
  0.96006178  1.71849511]","[ 0.00000000e+00 -1.32374398e-05  1.43758826e-05  9.04422489e-02
  4.86175453e-03  4.40850965e-01 -5.82887721e-05  5.67204709e-02]","[ 0.         -0.8179704  10.85212135  0.41548172 -2.36044383  2.20124674
 -1.03356063  1.02862978]"
1747093061.8869636,"[ 0.          0.1063157   0.55777446 -3.00521644 -2.23531068  0.48116017
  0.96006178  1.71859791]","[ 0.00000000e+00 -1.32275773e-05  1.42243121e-05  8.88620706e-02
  2.43087727e-03  4.37017711e-01 -5.82887721e-05  5.02381288e-02]","[ 0.         -0.82954979 10.77660084  0.44720405 -2.2240684   2.10291409
 -1.04789817  1.01833689]"
1747093061.8887749,"[ 0.          0.1063157   0.55777446 -3.00503374 -2.23530802  0.48203346
  0.96006178  1.71868925]","[ 0.00000000e+00 -1.32375708e-05  5.68516989e-06  8.94930317e-02
  8.09471454e-04  4.22795632e-01 -4.76908124e-05  4.26754004e-02]","[ 0.         -0.78137863 10.74620152  0.52971762 -2.05488801  2.04856467
 -0.99903393  1.03767443]"
1747093061.889958,"[ 0.          0.1063157   0.55777446 -3.00494506 -2.23530668  0.48285824
  0.96006178  1.71875863]","[ 0.00000000e+00 -1.32374398e-05  5.68516989e-06  8.98513268e-02
  7.52305362e-04  4.16760409e-01 -4.76908124e-05  3.29185062e-02]","[ 0.         -0.76742822 10.69295597  0.54237276 -1.8855263   2.10698414
 -0.94949198  1.02841985]"
1747093061.891825,"[ 0.          0.1063157   0.55777446 -3.00476956 -2.23530615  0.48327109
  0.96006178  1.71879192]","[ 0.00000000e+00 -1.32374398e-05  5.63042120e-06  8.94022679e-02
  6.50185813e-04  4.18651087e-01 -4.76547840e-05  2.74439520e-02]","[ 0.         -0.75064307 10.67305756  0.58935755 -1.79795074  2.15508604
 -0.9571147   1.03048563]"
1747093061.8929682,"[ 0.          0.1063157   0.55777446 -3.00467315 -2.23530482  0.48367922
  0.96006178  1.71881482]","[ 0.00000000e+00 -1.32374398e-05  5.57234081e-06  9.07781817e-02
  9.45341174e-04  4.13789320e-01 -3.70932266e-05  2.32048487e-02]","[ 0.         -0.73977    10.6653738   0.6078124  -1.70492578  2.07693172
 -0.9626081   1.03277552]"
1747093061.894629,"[ 0.          0.1063157   0.55777446 -3.00449312 -2.23530189  0.4845316
  0.96006178  1.71885091]","[ 0.00000000e+00 -1.32274462e-05  5.56791396e-06  9.12929458e-02
  1.19216367e-03  4.16760409e-01 -3.70928568e-05  1.62058481e-02]","[ 0.         -0.76325536 10.60267258  0.61134601 -1.60501051  2.08743429
 -0.92279583  1.0181427 ]"
1747093061.8970938,"[ 0.          0.1063157   0.55777402 -3.0043059  -2.23529736  0.48535921
  0.96006178  1.71887381]","[ 0.00000000e+00 -1.32374398e-05  0.00000000e+00  9.15304914e-02
  1.55532522e-03  4.21640585e-01 -2.91443860e-05  9.72350907e-03]","[ 0.         -0.73142785 10.57829762  0.59434181 -1.54736412  2.19558263
 -0.89316314  1.01279473]"
1747093061.8988974,"[ 0.          0.10631523  0.55777402 -3.0041264  -2.2352923   0.48621825
  0.96006178  1.71888806]","[ 0.00000000e+00 -1.85186086e-05  0.00000000e+00  8.99424568e-02
  1.80553297e-03  4.19731465e-01 -1.85464284e-05  6.75243714e-03]","[ 0.         -0.74275064 10.53896523  0.58793807 -1.56199181  2.21532655
 -0.90790904  1.03041804]"
1747093061.900677,"[ 0.          0.10631523  0.55777446 -3.00394771 -2.23528538  0.48703351
  0.96006178  1.71889951]","[ 0.00000000e+00 -1.85606472e-05  0.00000000e+00  8.65151183e-02
  2.41744287e-03  4.11927804e-01 -1.85464284e-05  5.94214437e-03]","[ 0.         -0.7434715  10.5482235   0.60012722 -1.56308734  2.21960545
 -0.93256021  1.02583468]"
1747093061.9024777,"[ 0.          0.10631523  0.55777446 -3.00386275 -2.23528165  0.48753295
  0.96006178  1.71890523]","[ 0.00000000e+00 -1.85602774e-05 -5.29103081e-06  8.60737992e-02
  2.90013249e-03  4.11320170e-01 -1.85464284e-05  5.80709558e-03]","[ 0.         -0.72206295 10.59162521  0.59554154 -1.53611505  2.23560739
 -0.93894523  1.00293899]"
1747093061.9037168,"[ 0.          0.10631523  0.55777446 -3.00369231 -2.23527339  0.48833965
  0.96006178  1.71891855]","[ 0.00000000e+00 -1.85604623e-05 -5.29097849e-06  8.22520548e-02
  3.71993774e-03  4.08513265e-01 -1.85604623e-05  6.49868470e-03]","[ 0.         -0.71987045 10.65547562  0.613383   -1.55686831  2.28450489
 -0.95324838  1.02605462]"
1747093061.9054933,"[ 0.          0.10631523  0.55777446 -3.00352799 -2.23526487  0.48914256
  0.96006178  1.71893466]","[ 0.00000000e+00 -1.85745164e-05 -5.29497611e-06  8.42704147e-02
  4.17257266e-03  4.07036909e-01 -1.85466133e-05  7.28544439e-03]","[ 0.         -0.70022452 10.70596504  0.61437035 -1.61797297  2.31098819
 -0.96533906  1.03463531]"
1747093061.9067311,"[ 0.          0.10631523  0.55777446 -3.00344437 -2.23526061  0.48957922
  0.96006085  1.71894611]","[ 0.00000000e+00 -1.85464284e-05 -5.29097849e-06  8.47246751e-02
  4.37126684e-03  4.11260283e-01 -2.91664395e-05  8.74253368e-03]","[ 0.         -0.68257058 10.68833447  0.6360873  -1.64169264  2.22018528
 -1.01832008  1.04020774]"
1747093061.9085104,"[ 0.          0.10631523  0.55777402 -3.00327126 -2.23525049  0.49039259
  0.96006085  1.71895943]","[ 0.00000000e+00 -1.85604623e-05 -1.32375708e-05  8.43559687e-02
  4.73997057e-03  4.11898642e-01 -2.91443860e-05  1.09721540e-02]","[ 0.         -0.67144144 10.68470669  0.65097964 -1.72875619  2.2106843
 -1.04784822  1.03439844]"
1747093061.910425,"[ 0.          0.1063157   0.55777446 -3.00318551 -2.23524543  0.49079402
  0.96006085  1.71897368]","[ 0.00000000e+00 -1.32474486e-05 -1.05900569e-05  8.68832670e-02
  5.00330207e-03  4.06624485e-01 -2.91443860e-05  1.28154755e-02]","[ 0.         -0.66945106 10.69220257  0.68123585 -1.7988652   2.21334529
 -1.01971984  1.04093599]"
1747093061.9115531,"[ 0.          0.10631523  0.55777446 -3.00300361 -2.23523451  0.49162453
  0.96006085  1.71900697]","[ 0.00000000e+00 -1.85604623e-05 -5.29097849e-06  8.95243405e-02
  5.40012347e-03  4.06226608e-01 -2.91667301e-05  1.62467120e-02]","[ 0.         -0.64360356 10.69688511  0.68569952 -1.8744173   2.23062491
 -0.95366395  1.03360081]"
1747093061.9134336,"[ 0.          0.10631523  0.55777446 -3.00291413 -2.23522812  0.49202504
  0.96006085  1.71902601]","[ 0.00000000e+00 -1.85602774e-05 -5.29497611e-06  9.07527485e-02
  5.70364009e-03  4.06226608e-01 -2.91443860e-05  1.82052028e-02]","[ 0.         -0.62590903 10.69864559  0.68019283 -1.92092979  2.23613667
 -0.93866414  1.02221441]"
1747093061.9145699,"[ 0.          0.1063157   0.55777446 -3.00272531 -2.23521481  0.49285265
  0.96006085  1.71906689]","[ 0.00000000e+00 -1.32474486e-05 -5.29497611e-06  9.75051851e-02
  6.75243714e-03  4.02984909e-01 -2.91664395e-05  2.21479940e-02]","[ 0.         -0.57633388 10.70083332  0.69243515 -1.96637893  2.2452147
 -1.00537717  1.01700807]"
1747093061.9163752,"[ 0.          0.1063157   0.55777446 -3.00261932 -2.23520016  0.4936508
  0.96006085  1.71911256]","[ 0.00000000e+00 -1.32574726e-05 -5.29103081e-06  9.98058484e-02
  7.42768060e-03  4.05146197e-01 -2.91443860e-05  2.21255527e-02]","[ 0.         -0.5738399  10.72431469  0.67305863 -2.02141404  2.2486949
 -1.00658691  1.01403224]"
1747093061.9175348,"[ 0.          0.10631523  0.55777446 -3.00241586 -2.23519084  0.4936508
  0.96006085  1.7191364 ]","[ 0.00000000e+00 -1.32474486e-05 -5.29497611e-06  1.04257622e-01
  8.05836916e-03  4.05146197e-01 -2.91440955e-05  2.43087727e-02]","[ 0.         -0.57522279 10.7485323   0.65230495 -2.06394649  2.2486949
 -0.99872577  1.01142383]"
1747093061.9192579,"[ 0.          0.10631523  0.55777446 -3.00231013 -2.23518178  0.49408459
  0.96006085  1.7191601 ]","[ 0.00000000e+00 -1.32475806e-05 -5.29497611e-06  1.07228694e-01
  8.96818457e-03  4.08501814e-01 -2.91667301e-05  2.40386761e-02]","[ 0.         -0.57323146 10.74385643  0.63063049 -2.08974314  2.26012325
 -0.9650898   1.01054239]"
1747093061.9210026,"[ 0.          0.10631523  0.55777446 -3.00209308 -2.23516154  0.49489702
  0.96005992  1.7192115 ]","[ 0.00000000e+00 -1.32574726e-05 -5.29097849e-06  1.06325824e-01
  1.05338018e-02  4.10007964e-01 -3.70928568e-05  2.51190644e-02]","[ 0.         -0.60264575 10.75249958  0.56134516 -2.11444998  2.25977111
 -0.95459712  1.01684499]"
1747093061.9228861,"[ 0.          0.10631523  0.55777446 -3.00188509 -2.23513518  0.49573226
  0.96005992  1.7192581 ]","[ 0.00000000e+00 -1.32474486e-05  0.00000000e+00  1.04797819e-01
  1.35048743e-02  4.07115405e-01 -3.71209245e-05  2.32283823e-02]","[ 0.         -0.64149368 10.77049541  0.52085638 -2.08798885  2.23219275
 -0.98350722  1.00081253]"
1747093061.9246886,"[ 0.          0.10631523  0.55777446 -3.00178389 -2.23512053  0.49613466
  0.96005992  1.71928101]","[ 0.00000000e+00 -1.32574726e-05  0.00000000e+00  1.02637038e-01
  1.48403102e-02  4.08117286e-01 -3.71205547e-05  2.32048487e-02]","[ 0.         -0.64481586 10.77753925  0.51426196 -2.09197021  2.31277585
 -0.9885065   0.99112266]"
1747093061.9265091,"[ 0.          0.10631523  0.55777446 -3.00157643 -2.23508564  0.49695089
  0.96005992  1.71932282]","[ 0.00000000e+00 -1.32474486e-05  0.00000000e+00  1.00746360e-01
  1.80965312e-02  4.13789320e-01 -3.70928568e-05  1.94470181e-02]","[ 0.         -0.65184873 10.78192806  0.4980928  -2.11317801  2.32517242
 -0.97663242  1.00764096]"
1747093061.927697,"[ 0.          0.10631477  0.55777446 -3.00138601 -2.23504809  0.49780516
  0.96005992  1.7193589 ]","[ 0.00000000e+00 -1.85604623e-05  0.00000000e+00  9.48042155e-02
  1.94470181e-02  4.17840787e-01 -3.71209245e-05  1.70522548e-02]","[ 0.         -0.64945996 10.7975235   0.44359437 -2.13380814  2.31720161
 -0.97291654  1.00712001]"
1747093061.9295056,"[ 0.          0.10631523  0.55777446 -3.00119906 -2.23500761  0.4986366
  0.96005992  1.7193894 ]","[ 0.00000000e+00 -1.32574726e-05  5.29497611e-06  9.02766419e-02
  1.98107082e-02  4.23512854e-01 -3.70924870e-05  1.45704862e-02]","[ 0.         -0.68304896 10.78246593  0.41924724 -2.15846324  2.27468348
 -0.98325217  0.98808229]"
1747093061.9307802,"[ 0.          0.10631523  0.55777446 -3.0011149  -2.23498844  0.49908561
  0.96005992  1.71940365]","[ 0.00000000e+00 -1.32474486e-05  0.00000000e+00  8.53508009e-02
  1.94470181e-02  4.22795632e-01 -3.71205547e-05  1.45852636e-02]","[ 0.         -0.69721609 10.79916382  0.43085885 -2.15550447  2.18132925
 -0.98276919  0.98480672]"
1747093061.93244,"[ 0.          0.10631523  0.55777492 -3.00095564 -2.23495062  0.49991039
  0.96005992  1.71943121]","[ 0.00000000e+00 -1.32574726e-05  5.30298914e-06  7.96787588e-02
  1.85568669e-02  4.17417444e-01 -3.70928568e-05  1.35238649e-02]","[ 0.         -0.65897548 10.83463764  0.48625162 -2.116117    2.11707687
 -0.97209501  0.97195309]"
1747093061.933657,"[ 0.          0.10631477  0.55777492 -3.00087309 -2.23493411  0.50032135
  0.96005992  1.71944452]","[ 0.00000000e+00 -1.85604623e-05  5.30298914e-06  7.76650928e-02
  1.67460433e-02  4.17183519e-01 -3.70928568e-05  1.35048743e-02]","[ 0.         -0.62006259 10.85304451  0.51104903 -2.07589674  2.20603418
 -0.97741544  0.98615348]"
1747093061.9353964,"[ 0.          0.10631523  0.55777492 -3.00072794 -2.23490188  0.50118039
  0.96005992  1.71947116]","[ 0.00000000e+00 -1.32474486e-05  5.30293632e-06  7.21160221e-02
  1.59357516e-02  4.19284853e-01 -3.71209245e-05  1.34980291e-02]","[ 0.         -0.58040762 10.86420727  0.57202584 -1.95146334  2.23293614
 -0.98006052  0.99651766]"
1747093061.937268,"[ 0.          0.10631523  0.55777492 -3.00058333 -2.23487126  0.50200706
  0.96005992  1.71949979]","[ 0.00000000e+00 -7.95456321e-06  5.30298914e-06  7.03996481e-02
  1.47953392e-02  4.18651087e-01 -3.70928568e-05  1.40440136e-02]","[ 0.         -0.55583221 10.84678459  0.63463908 -1.80698442  2.22758627
 -1.01251304  1.00211871]"
1747093061.9391117,"[ 0.          0.10631523  0.55777492 -3.00051249 -2.23485741  0.50241995
  0.96005992  1.71951497]","[ 0.00000000e+00 -7.94838950e-06  5.30298914e-06  7.18459277e-02
  1.40308382e-02  4.18651087e-01 -3.71209245e-05  1.44428906e-02]","[ 0.         -0.53762245 10.88574409  0.6677053  -1.76374483  2.19219112
 -1.00747633  1.01156783]"
1747093061.9410305,"[ 0.          0.10631523  0.55777492 -3.00036229 -2.23482998  0.50327706
  0.96005992  1.71954546]","[ 0.00000000e+00 -7.95448397e-06  5.30695172e-06  7.39766979e-02
  1.40450684e-02  4.17417444e-01 -3.71209245e-05  1.48242365e-02]","[ 0.         -0.47455275 10.89120197  0.75375509 -1.68079114  2.25715423
 -1.01143444  1.01249266]"
1747093061.94278,"[ 0.          0.1063157   0.55777492 -3.00020756 -2.23479829  0.50412181
  0.96005992  1.71957582]","[ 0.00000000e+00 -5.29897933e-06  5.30298914e-06  7.96787588e-02
  1.62058481e-02  4.10257203e-01 -3.71209245e-05  1.53877531e-02]","[ 0.         -0.45348424 10.854702    0.80443108 -1.59753013  2.26094723
 -1.02198792  1.01591158]"
1747093061.943928,"[ 0.          0.1063157   0.55777492 -3.000125   -2.23478044  0.50452422
  0.96005892  1.719593  ]","[ 0.00000000e+00 -5.29897933e-06  5.30298914e-06  8.37302174e-02
  1.80781949e-02  4.08117286e-01 -4.77264263e-05  1.58567909e-02]","[ 0.         -0.41965431 10.83102608  0.84194636 -1.51981652  2.31424522
 -1.02198792  1.01808608]"
1747093061.9457893,"[ 0.          0.10631523  0.55777492 -2.99994444 -2.23473623  0.50534331
  0.96005892  1.71963108]","[ 0.00000000e+00 -7.95448397e-06  5.30293632e-06  8.94022679e-02
  2.28199304e-02  4.20541765e-01 -4.76188043e-05  1.93119688e-02]","[ 0.         -0.39477733 10.81858635  0.85500336 -1.46057081  2.36802268
 -1.01364803  1.0278883 ]"
1747093061.9474955,"[ 0.          0.10631523  0.55777492 -2.99976095 -2.2346835   0.50622897
  0.96005892  1.71968434]","[ 0.00000000e+00 -7.94846874e-06  5.30298914e-06  9.45341127e-02
  2.77918524e-02  4.35744354e-01 -4.77269018e-05  2.78352994e-02]","[ 0.         -0.41266614 10.82646942  0.85208225 -1.48373282  2.37640023
 -0.97926533  1.03084445]"
1747093061.9493637,"[ 0.          0.10631523  0.55777492 -2.99965922 -2.23465261  0.50710891
  0.96005892  1.71974613]","[ 0.00000000e+00 -7.95448397e-06  5.30298914e-06  9.57935549e-02
  3.13631161e-02  4.49442190e-01 -4.76188043e-05  3.29185062e-02]","[ 0.         -0.40400481 10.82841492  0.84120363 -1.52080476  2.37015843
 -0.972247    1.01998627]"
1747093061.9512784,"[ 0.          0.10631523  0.55777492 -2.9994696  -2.23458097  0.50756175
  0.96005892  1.71978035]","[ 0.00000000e+00 -7.94846874e-06  5.30298914e-06  9.75051851e-02
  3.67332556e-02  4.59165724e-01 -4.76547840e-05  3.45724769e-02]","[ 0.         -0.42863974 10.8572588   0.86116171 -1.58360803  2.38701129
 -1.01453519  1.0335474 ]"
1747093061.953141,"[ 0.          0.10631523  0.55777492 -2.99927306 -2.23450081  0.50851686
  0.96005892  1.71985838]","[ 0.00000000e+00 -1.32574726e-05  5.30695172e-06  1.00104638e-01
  4.21352073e-02  4.67808813e-01 -4.76188043e-05  3.94342335e-02]","[ 0.         -0.48665532 10.90965366  0.87064898 -1.69176972  2.27591395
 -1.04386115  1.0142597 ]"
1747093061.9550319,"[ 0.          0.1063157   0.55777539 -2.99906187 -2.23440387  0.50944534
  0.96005892  1.71994214]","[ 0.00000000e+00 -5.29897933e-06  1.06059783e-05  1.04257622e-01
  4.91506186e-02  4.72670580e-01 -4.76547840e-05  4.34416335e-02]","[ 0.         -0.4580428  10.99864769  0.85337579 -1.7628293   2.26524234
 -1.03427386  0.97463411]"
1747093061.9562314,"[ 0.          0.10631523  0.55777539 -2.99885201 -2.23429255  0.51042042
  0.96005892  1.72004014]","[ 0.00000000e+00 -1.32574726e-05  1.06140091e-05  1.06148308e-01
  5.88215927e-02  4.79423025e-01 -4.76552554e-05  4.91577426e-02]","[ 0.         -0.48493338 11.00359726  0.77974492 -1.96212757  2.31598306
 -1.04093564  0.98529881]"
1747093061.9580724,"[ 0.          0.10631523  0.55777539 -2.99873963 -2.23422597  0.51089417
  0.96005799  1.72009047]","[ 0.00000000e+00 -1.32576047e-05  1.06140091e-05  1.05724741e-01
  6.26921145e-02  4.80503403e-01 -5.82007654e-05  5.10484247e-02]","[ 0.         -0.48141095 11.01309681  0.77959234 -2.1171236   2.13665795
 -1.05114841  1.00219071]"
1747093061.9599147,"[ 0.          0.10631523  0.55777539 -2.99853297 -2.23409654  0.5118531
  0.96005799  1.72019807]","[ 0.00000000e+00 -1.32474486e-05  1.06059783e-05  1.03717433e-01
  6.67140745e-02  4.88336226e-01 -5.82447383e-05  5.29121464e-02]","[ 0.         -0.51326507 10.94900513  0.75868326 -2.41787672  2.20883632
 -1.10659444  1.02346277]"
1747093061.9618306,"[ 0.          0.10631523  0.55777539 -2.99832258 -2.23395886  0.51286244
  0.96005706  1.72030646]","[ 0.00000000e+00 -7.95448397e-06  1.06140091e-05  1.03065841e-01
  7.13057304e-02  4.92117615e-01 -5.55558217e-05  5.59101792e-02]","[ 0.         -0.55065829 11.01629257  0.72795159 -2.72407222  2.28211498
 -1.07941151  1.00562286]"
1747093061.9637349,"[ 0.          0.10631523  0.55777539 -2.99822058 -2.23388269  0.51334664
  0.96005706  1.72036358]","[ 0.00000000e+00 -7.94838950e-06  1.06140091e-05  1.03447330e-01
  7.16523075e-02  4.91037204e-01 -5.55972507e-05  5.77422967e-02]","[ 0.         -0.55504078 11.02107334  0.7115581  -2.83358097  2.39202356
 -1.09735656  1.02328062]"
1747093061.9655812,"[ 0.          0.10631523  0.55777539 -2.99801498 -2.23374261  0.51434456
  0.96005706  1.72048622]","[ 0.00000000e+00 -1.32574726e-05  1.06058726e-05  1.04797819e-01
  7.07655415e-02  4.86175470e-01 -5.55972507e-05  6.09367377e-02]","[ 0.         -0.61068672 11.08121395  0.665016   -3.02818632  2.40757394
 -1.12020707  1.02154422]"
1747093061.9675007,"[ 0.          0.10631523  0.55777585 -2.99779181 -2.23360199  0.51531205
  0.96005706  1.72061658]","[ 0.00000000e+00 -7.94846874e-06  1.06140091e-05  1.09929672e-01
  6.87105590e-02  4.91037204e-01 -5.55972507e-05  6.75243704e-02]","[ 0.         -0.59606814 11.11858559  0.64456671 -3.06603861  2.49279237
 -1.15071714  0.99810016]"
1747093061.9694345,"[ 0.          0.10631477  0.55777585 -2.99757103 -2.23346697  0.51632232
  0.96005706  1.72076026]","[ 0.00000000e+00 -1.32473165e-05  1.06140091e-05  1.13170839e-01
  6.79956001e-02  4.94515392e-01 -5.55972507e-05  7.04954387e-02]","[ 0.         -0.60081649 11.10138512  0.61191392 -3.11224556  2.49171567
 -1.13980627  1.01653683]"
1747093061.9712124,"[ 0.          0.10631477  0.55777585 -2.99733534 -2.23332929  0.51730406
  0.96005706  1.72090101]","[ 0.00000000e+00 -1.32474486e-05  1.32675109e-05  1.14994447e-01
  6.69841731e-02  4.96979349e-01 -5.55972507e-05  7.02253442e-02]","[ 0.         -0.6722275  11.03490448  0.55055684 -3.13108277  2.36927104
 -1.12999809  1.04820609]"
1747093061.972449,"[ 0.          0.10631477  0.55777539 -2.99710711 -2.23319693  0.51831723
  0.96005606  1.72104282]","[ 0.00000000e+00 -7.94846874e-06  5.30293632e-06  1.15601723e-01
  6.75243704e-02  4.93512312e-01 -6.61872009e-05  6.86047607e-02]","[ 0.         -0.70602089 10.89616299  0.4860675  -3.01870561  2.28893876
 -1.0824188   1.05274916]"
1747093061.9742749,"[ 0.          0.10631477  0.55777492 -2.99687249 -2.23305924  0.51929611
  0.96005606  1.72117398]","[ 0.00000000e+00 -7.94846874e-06  0.00000000e+00  1.14251234e-01
  6.66416615e-02  4.96979349e-01 -6.61872009e-05  6.63766561e-02]","[ 0.         -0.75096178 10.73238182  0.39461988 -2.83757234  2.28163934
 -1.08161306  1.05269682]"
1747093061.9759674,"[ 0.          0.10631477  0.55777492 -2.99675957 -2.23299533  0.51978889
  0.96005606  1.72124442]","[ 0.00000000e+00 -7.93654595e-06  5.30700455e-06  1.14521328e-01
  6.48233924e-02  4.99680327e-01 -6.61878551e-05  6.62028724e-02]","[ 0.         -0.76891893 10.6973753   0.34203687 -2.67766666  2.2453804
 -1.06506455  1.07944512]"
1747093061.977724,"[ 0.          0.10631477  0.55777492 -2.99653826 -2.23287096  0.52081724
  0.96005606  1.72137478]","[ 0.00000000e+00 -7.93654595e-06  5.30700455e-06  1.11280161e-01
  6.23925172e-02  5.05622472e-01 -6.61872009e-05  6.56336883e-02]","[ 0.         -0.81692052 10.56231689  0.28834048 -2.40040207  2.29611754
 -1.00527108  1.07647085]"
1747093061.9796283,"[ 0.          0.10631431  0.55777492 -2.99642028 -2.23280438  0.52132047
  0.96005606  1.72144043]","[ 0.00000000e+00 -1.32274462e-05  0.00000000e+00  1.11090428e-01
  6.26921145e-02  5.09967019e-01 -6.61872009e-05  6.64439800e-02]","[ 0.         -0.85233241 10.48711109  0.28104091 -2.3057766   2.30850554
 -1.00685835  1.07620513]"
1747093061.9815173,"[ 0.          0.10631431  0.55777446 -2.99619418 -2.23268267  0.52237359
  0.96005606  1.72157639]","[ 0.00000000e+00 -1.32274462e-05 -5.30298914e-06  1.03987527e-01
  6.04405325e-02  5.15345972e-01 -5.82447383e-05  6.53635897e-02]","[ 0.         -0.82626849 10.38687134  0.28375748 -1.99661374  2.3773191
 -0.93212092  1.07128632]"
1747093061.982724,"[ 0.          0.10631431  0.55777446 -2.99598991 -2.23255191  0.52339052
  0.96005706  1.72170395]","[ 0.00000000e+00 -1.32275773e-05  0.00000000e+00  9.83154852e-02
  5.90593839e-02  5.17236650e-01 -4.76543085e-05  6.37430062e-02]","[ 0.         -0.84439671 10.24318695  0.24164803 -1.73820066  2.31896162
 -0.93510151  1.07249367]"
1747093061.9854145,"[ 0.          0.10631431  0.55777402 -2.99580163 -2.2324326   0.52445505
  0.96005706  1.72183431]","[ 0.00000000e+00 -1.32274462e-05 -5.30293632e-06  9.44383304e-02
  6.07719338e-02  5.19937628e-01 -4.76547840e-05  6.36951900e-02]","[ 0.         -0.79313934 10.14500809  0.30100507 -1.49099743  2.30596495
 -0.85050768  1.05206382]"
1747093061.9897563,"[ 0.          0.10631431  0.55777356 -2.99542666 -2.23218306  0.52656883
  0.96005799  1.72208252]","[ 0.00000000e+00 -1.32274462e-05 -7.96050683e-06  9.21032375e-02
  6.29966054e-02  5.28619900e-01 -3.70651995e-05  6.37430062e-02]","[ 0.         -0.78116548  9.91849422  0.35536927 -1.16245794  2.10155201
 -0.80842739  1.03009582]"
1747093061.9940393,"[ 0.          0.10631431  0.55777309 -2.99504955 -2.23183925  0.52920872
  0.96005799  1.72242221]","[ 0.00000000e+00 -1.32274462e-05 -1.32675109e-05  9.39939238e-02
  7.15758332e-02  5.27770484e-01 -3.70648338e-05  6.86047607e-02]","[ 0.         -0.71743733  9.77665234  0.48156059 -1.19911027  1.97809994
 -0.80294508  1.00123477]"
1747093061.997934,"[ 0.          0.10631431  0.55777309 -2.99463037 -2.23152872  0.5313539
  0.96005706  1.7227057 ]","[ 0.00000000e+00 -1.32274462e-05 -1.06058726e-05  1.06225806e-01
  7.91385615e-02  5.33442518e-01 -4.76547840e-05  7.34665111e-02]","[ 0.         -0.63220549  9.79642296  0.60596013 -1.46747696  2.11865044
 -0.8797605   0.99488145]"
1747093062.0010376,"[ 0.          0.10631431  0.55777309 -2.99430333 -2.23136441  0.53297114
  0.96005706  1.7229358 ]","[ 0.00000000e+00 -7.93646773e-06 -1.32675109e-05  1.11820358e-01
  8.09471475e-02  5.32130678e-01 -4.76552554e-05  7.69859201e-02]","[ 0.         -0.57783175  9.82551289  0.70752335 -1.64656138  2.05279398
 -0.91206127  1.01019108]"
1747093062.00406,"[ 0.          0.10631477  0.55777309 -2.99395473 -2.2311146   0.5345484
  0.96005606  1.72316416]","[ 0.00000000e+00 -5.29097849e-06 -1.32675109e-05  1.15484593e-01
  8.22520548e-02  5.31551840e-01 -5.82007654e-05  7.50870946e-02]","[ 0.         -0.54016763  9.85502052  0.78116739 -1.97166169  2.14005232
 -1.00288832  1.02076149]"
1747093062.0076244,"[ 0.          0.10631431  0.55777309 -2.99359493 -2.23085841  0.53614756
  0.96005606  1.72337442]","[ 0.00000000e+00 -7.93048043e-06 -1.32675109e-05  1.19115015e-01
  8.52612771e-02  5.22908717e-01 -5.82447383e-05  6.64439800e-02]","[ 0.         -0.5874387  10.0086813   0.78661454 -2.32627702  2.02157068
 -0.98285252  1.00429809]"
1747093062.0107267,"[ 0.          0.10631431  0.55777356 -2.99312009 -2.23052924  0.53824516
  0.96005606  1.72362169]","[ 0.00000000e+00 -1.32374398e-05 -7.96042758e-06  1.16607332e-01
  8.29199257e-02  5.21018039e-01 -4.76547840e-05  5.88215927e-02]","[ 0.         -0.56497651 10.20900631  0.75484383 -2.58099914  2.12234426
 -1.04186177  1.02736712]"
1747093062.0152192,"[ 0.          0.10631431  0.55777356 -2.99266416 -2.23021419  0.54033328
  0.96005606  1.72383009]","[ 0.00000000e+00 -1.32274462e-05 -7.95448397e-06  1.11842729e-01
  7.72478753e-02  5.13185217e-01 -4.76552554e-05  4.72670564e-02]","[ 0.         -0.51310569 10.36693573  0.69675547 -2.62625742  2.2377193
 -1.05554128  1.04113722]"
1747093062.0187879,"[ 0.          0.10631431  0.55777356 -2.99221728 -2.22990499  0.54238907
  0.96005606  1.72400039]","[ 0.00000000e+00 -7.94246417e-06 -7.95448397e-06  1.14521328e-01
  7.77092596e-02  5.08323450e-01 -4.76552554e-05  3.86239376e-02]","[ 0.         -0.53883493 10.41716194  0.5984652  -2.36276531  2.31412315
 -1.02579045  1.03553331]"
1747093062.0221918,"[ 0.          0.10631431  0.55777356 -2.9918724  -2.22966638  0.54391973
  0.96005606  1.72410972]","[ 0.00000000e+00 -7.93646773e-06 -7.96058607e-06  1.12630650e-01
  7.77880725e-02  5.02142119e-01 -3.70648338e-05  3.48568151e-02]","[ 0.         -0.55123293 10.47219372  0.57417953 -2.1821208   2.05886102
 -0.98333919  1.05003917]"
1747093062.0245557,"[ 0.          0.10631431  0.55777356 -2.9915427  -2.22943122  0.54540564
  0.96005606  1.72421638]","[ 0.00000000e+00 -7.93646773e-06 -7.96050683e-06  1.07929522e-01
  7.77382215e-02  4.83732353e-01 -3.70372172e-05  3.58936899e-02]","[ 0.         -0.572146   10.54724789  0.45089313 -1.98302901  2.0509069
 -0.95647883  1.04352927]"
1747093062.0268419,"[ 0.          0.10631431  0.55777402 -2.99133018 -2.22927835  0.54635316
  0.96005606  1.72428961]","[ 0.00000000e+00 -7.94254290e-06 -5.30298914e-06  1.07498797e-01
  7.66299637e-02  4.79423025e-01 -3.70648338e-05  3.78136459e-02]","[ 0.         -0.55913222 10.6473484   0.4378244  -1.79857814  2.05206037
 -0.98501933  1.05303514]"
1747093062.029213,"[ 0.          0.10631431  0.55777402 -2.99110781 -2.2291175   0.5473311
  0.96005606  1.72437417]","[ 0.00000000e+00 -5.29103081e-06 -5.30700455e-06  1.08038994e-01
  7.92428326e-02  4.77013996e-01 -3.70368514e-05  4.21291029e-02]","[ 0.         -0.55353701 10.69992542  0.4162645  -1.67963815  2.09499049
 -0.97887921  1.06371951]"
1747093062.0310574,"[ 0.          0.10631431  0.55777402 -2.99089928 -2.22895584  0.5482729
  0.96005606  1.72446844]","[ 0.00000000e+00 -7.93048043e-06 -5.29497611e-06  1.04527725e-01
  8.26498312e-02  4.77532347e-01 -3.70651995e-05  5.01872291e-02]","[ 0.         -0.56872988 10.71360397  0.38498747 -1.57956409  2.10791993
 -0.99392754  1.06662202]"
1747093062.0328999,"[ 0.          0.10631431  0.55777402 -2.99069102 -2.22878247  0.54924132
  0.96005606  1.72457497]","[ 0.00000000e+00 -7.93654595e-06 -7.96050683e-06  9.99360687e-02
  8.59326683e-02  4.71193924e-01 -3.70372172e-05  5.50998833e-02]","[ 0.         -0.58338088 10.71416855  0.38105881 -1.56559217  2.14501977
 -1.01862812  1.0729388 ]"
1747093062.0347471,"[ 0.          0.10631431  0.55777402 -2.99049528 -2.22860617  0.55016407
  0.96005606  1.72469388]","[ 0.00000000e+00 -5.29097849e-06 -7.96042758e-06  9.91257769e-02
  8.96723623e-02  4.65107868e-01 -3.70648338e-05  5.88812517e-02]","[ 0.         -0.60458523 10.69381046  0.39975357 -1.54504633  2.14929557
 -0.99783117  1.06093466]"
1747093062.0365286,"[ 0.          0.10631431  0.55777402 -2.99029181 -2.22842108  0.55111539
  0.96005606  1.72482225]","[ 0.00000000e+00 -7.93646773e-06 -7.94846874e-06  9.91257769e-02
  9.02766419e-02  4.63169353e-01 -3.70368514e-05  6.36352689e-02]","[ 0.         -0.58758175 10.71175003  0.46840033 -1.56969965  2.19320154
 -0.9980455   1.08888209]"
1747093062.0385797,"[ 0.          0.10631431  0.55777402 -2.99019328 -2.22833     0.55157012
  0.96005606  1.72488696]","[ 0.00000000e+00 -7.93646773e-06 -7.94846874e-06  9.99360687e-02
  9.22797468e-02  4.61326479e-01 -3.70368514e-05  6.56336883e-02]","[ 0.         -0.5800128  10.72178364  0.49784407 -1.60092008  2.1426909
 -0.99449134  1.09170938]"
1747093062.039724,"[ 0.          0.10631431  0.55777402 -2.98998102 -2.22814225  0.55248335
  0.96005606  1.72502584]","[ 0.00000000e+00 -7.93654595e-06 -7.94246417e-06  1.04570452e-01
  9.12797215e-02  4.65107868e-01 -3.70368514e-05  7.23861249e-02]","[ 0.         -0.54364061 10.72588825  0.56417924 -1.67113614  2.11019611
 -1.05224216  1.08560002]"
1747093062.0409236,"[ 0.          0.10631431  0.55777402 -2.98987636 -2.22805223  0.5529771
  0.96005606  1.72510481]","[ 0.00000000e+00 -7.93654595e-06 -7.94254290e-06  1.06148308e-01
  9.12929458e-02  4.64924710e-01 -3.70368514e-05  7.41576347e-02]","[ 0.         -0.54821873 10.74465275  0.56568784 -1.70330191  2.0666151
 -1.06786311  1.09872425]"
1747093062.0427675,"[ 0.          0.10631431  0.55777402 -2.98964893 -2.22786954  0.55388368
  0.96005606  1.72525235]","[ 0.00000000e+00 -7.93646773e-06 -7.94246417e-06  1.11988054e-01
  9.26434348e-02  4.57275012e-01 -3.70648338e-05  7.45469056e-02]","[ 0.         -0.54237807 10.75956726  0.61012673 -1.77122343  2.01211309
 -1.06340575  1.08811736]"
1747093062.044487,"[ 0.          0.10631386  0.55777402 -2.98942389 -2.22767939  0.55478649
  0.96005606  1.72540162]","[ 0.00000000e+00 -1.85184257e-05 -7.94246417e-06  1.15061525e-01
  9.32782325e-02  4.57275012e-01 -2.91006692e-05  7.17197770e-02]","[ 0.         -0.58937293 10.73610973  0.59907532 -1.85686266  2.0540638
 -1.03136647  1.06481612]"
1747093062.0462835,"[ 0.          0.10631386  0.55777402 -2.98930831 -2.22758671  0.55527258
  0.96005606  1.7254682 ]","[ 0.00000000e+00 -1.32275773e-05 -7.94846874e-06  1.17222306e-01
  9.39939238e-02  4.57652449e-01 -2.91006692e-05  6.75243704e-02]","[ 0.         -0.60032356 10.70768356  0.60228789 -1.89748502  2.0634973
 -1.01565099  1.05356598]"
1747093062.0475066,"[ 0.          0.10631431  0.55777356 -2.98906543 -2.22739283  0.55617063
  0.96005513  1.72558804]","[ 0.00000000e+00 -7.93646773e-06 -1.32375708e-05  1.18572795e-01
  9.37874039e-02  4.54922942e-01 -3.70928568e-05  5.78008613e-02]","[ 0.         -0.66314614 10.62049103  0.59985852 -1.95263338  2.11524343
 -1.04729307  1.05527067]"
1747093062.049293,"[ 0.          0.10631386  0.55777356 -2.98882574 -2.22720695  0.55711529
  0.96005513  1.72569749]","[ 0.00000000e+00 -1.32274462e-05 -1.32374398e-05  1.21543868e-01
  9.45341127e-02  4.63217157e-01 -3.70372172e-05  5.21288109e-02]","[ 0.         -0.71236944 10.52141285  0.55411285 -2.01747274  2.1809299
 -1.04975176  1.05240238]"
1747093062.051035,"[ 0.          0.10631386  0.55777356 -2.98869658 -2.22711587  0.55757189
  0.96005513  1.72574503]","[ 0.00000000e+00 -1.32274462e-05 -1.32374398e-05  1.21622705e-01
  9.22797468e-02  4.62947079e-01 -3.71209245e-05  4.80773522e-02]","[ 0.         -0.72949183 10.52141285  0.54879391 -2.04973555  2.12494087
 -1.04840362  1.06488276]"
1747093062.0529459,"[ 0.          0.10631386  0.55777356 -2.98845983 -2.22693424  0.55848039
  0.96005513  1.72583824]","[ 0.00000000e+00 -1.32275773e-05 -1.32374398e-05  1.18572795e-01
  8.80517789e-02  4.60246101e-01 -3.70928568e-05  4.38844797e-02]","[ 0.         -0.79540831 10.42669773  0.51584619 -2.06188273  2.05855846
 -1.02853608  1.03483558]"
1747093062.0547414,"[ 0.          0.10631386  0.55777356 -2.98823372 -2.22676193  0.55942695
  0.96005513  1.72592013]","[ 0.00000000e+00 -1.85184257e-05 -1.85324169e-05  1.13711036e-01
  8.72414871e-02  4.64498570e-01 -3.71209245e-05  4.15950101e-02]","[ 0.         -0.81806874 10.36617947  0.51316309 -1.96664834  1.98648965
 -1.04865921  1.01243305]"
1747093062.056551,"[ 0.          0.10631386  0.55777356 -2.98811628 -2.22666979  0.55988641
  0.96005513  1.72596195]","[ 0.00000000e+00 -1.85184257e-05 -1.85324169e-05  1.10588888e-01
  8.67658882e-02  4.65446090e-01 -3.71209245e-05  4.23623375e-02]","[ 0.         -0.80840808 10.33236122  0.49178049 -1.93130589  2.03330588
 -1.03325534  1.00618172]"
1747093062.0583286,"[ 0.          0.10631386  0.55777309 -2.98790695 -2.22649375  0.56084248
  0.96005513  1.7260457 ]","[ 0.00000000e+00 -1.32274462e-05 -2.38273920e-05  1.05608111e-01
  9.04826541e-02  4.66998546e-01 -3.70928568e-05  4.11260274e-02]","[ 0.         -0.80118144 10.24660778  0.4834936  -1.79863632  2.00636387
 -1.00185776  1.02661014]"
1747093062.0594893,"[ 0.          0.10631386  0.55777263 -2.9876955  -2.22630413  0.56176713
  0.96005513  1.72612466]","[ 0.00000000e+00 -1.32275773e-05 -2.64548924e-05  1.01811991e-01
  9.29475761e-02  4.68414150e-01 -2.91667301e-05  3.99154834e-02]","[ 0.         -0.79913169 10.09136581  0.48128852 -1.71435213  1.96978021
 -0.97887421  1.04315507]"
1747093062.061786,"[ 0.          0.10631386  0.55777173 -2.98749869 -2.22611771  0.56271655
  0.96005513  1.72621122]","[ 0.00000000e+00 -1.32274462e-05 -3.70651995e-05  9.90253425e-02
  9.58846017e-02  4.62136779e-01 -1.85464284e-05  3.86239376e-02]","[ 0.         -0.75895238  9.95028687  0.49316916 -1.6558193   1.94092214
 -0.9840706   1.00850832]"
1747093062.0629866,"[ 0.          0.1063134   0.55777126 -2.98740175 -2.22602317  0.56317035
  0.96005513  1.7262493 ]","[ 0.00000000e+00 -1.85044548e-05 -4.23598089e-05  9.83154852e-02
  9.58846017e-02  4.60246101e-01 -1.85604623e-05  3.86239376e-02]","[ 0.         -0.78243667  9.85779381  0.48476487 -1.67390907  1.89185703
 -0.97554511  0.99131548]"
1747093062.0646696,"[ 0.          0.1063134   0.55777033 -2.98720148 -2.2258261   0.56411784
  0.96005513  1.72632826]","[ 0.00000000e+00 -1.85184257e-05 -5.03022715e-05  9.83154852e-02
  9.63271025e-02  4.62166274e-01 -1.85464284e-05  3.96214163e-02]","[ 0.         -0.77477956  9.7578764   0.5017311  -1.6606189   1.95722008
 -0.93046528  0.97505498]"
1747093062.0663087,"[ 0.          0.1063134   0.55776986 -2.98710241 -2.22572889  0.56457351
  0.96005513  1.72640336]","[ 0.00000000e+00 -1.85184257e-05 -5.55977993e-05  1.00476258e-01
  9.85855797e-02  4.62136779e-01 -1.85464284e-05  3.78136459e-02]","[ 0.         -0.77137858  9.72506809  0.50917268 -1.67567599  1.99101508
 -0.92185706  0.97189146]"
1747093062.068082,"[ 0.          0.10631386  0.55776896 -2.98689256 -2.22553049  0.56548584
  0.96005513  1.72644145]","[ 0.00000000e+00 -1.32274462e-05 -6.88353671e-05  1.02907141e-01
  1.01016455e-01  4.62605962e-01 -1.85464284e-05  3.86239376e-02]","[ 0.         -0.72999066  9.66677284  0.51423687 -1.65457773  2.01467299
 -0.92116404  0.96349376]"
1747093062.0698838,"[ 0.          0.1063134   0.5577685  -2.9866835  -2.22531584  0.56643139
  0.96005513  1.72652414]","[ 0.00000000e+00 -1.32275773e-05 -7.41296676e-05  1.06688505e-01
  1.05878214e-01  4.61326479e-01 -1.85466133e-05  4.15950101e-02]","[ 0.         -0.74056613  9.64982414  0.47993514 -1.71778715  2.14099455
 -0.94658053  0.96641755]"
1747093062.0717463,"[ 0.          0.1063134   0.5577676  -2.98646538 -2.22509959  0.56732948
  0.96005513  1.72661269]","[ 0.00000000e+00 -1.32275773e-05 -8.20101635e-05  1.06726871e-01
  1.05573523e-01  4.53493656e-01 -1.85606472e-05  4.53763743e-02]","[ 0.         -0.70854849  9.71174812  0.49705902 -1.77547252  2.19457507
 -0.94328034  0.95209652]"
1747093062.0735402,"[ 0.          0.1063134   0.55776713 -2.98635939 -2.22499546  0.56780891
  0.96005513  1.72666116]","[ 0.00000000e+00 -1.32274462e-05 -8.73679709e-05  1.07607937e-01
  1.05608111e-01  4.50958593e-01 -1.05979587e-05  4.56398608e-02]","[ 0.         -0.72036982  9.70380402  0.46152642 -1.81476378  2.15297365
 -0.91934121  0.94345087]"
1747093062.0762277,"[ 0.          0.1063134   0.5577662  -2.98613941 -2.22478826  0.56870407
  0.96005513  1.72675437]","[ 0.00000000e+00 -1.32274462e-05 -9.00145929e-05  1.07579666e-01
  1.04527725e-01  4.54303957e-01 -1.05979587e-05  4.72191652e-02]","[ 0.         -0.72725737  9.73079014  0.44293073 -1.83841157  2.26590943
 -0.93049473  0.91198778]"
1747093062.0780752,"[ 0.          0.1063134   0.55776437 -2.98582117 -2.22447614  0.57014437
  0.96005513  1.72689325]","[ 0.00000000e+00 -1.32474486e-05 -1.05899518e-04  1.06148308e-01
  1.01556652e-01  4.52413279e-01 -1.05980643e-05  4.53763743e-02]","[ 0.         -0.76068074  9.7384119   0.41081181 -1.92673194  2.30929875
 -0.96633935  0.91945529]"
1747093062.082417,"[ 0.          0.1063134   0.55776161 -2.98540012 -2.22407986  0.57193854
  0.96005513  1.72701416]","[ 0.00000000e+00 -7.94846874e-06 -1.27079427e-04  1.02907141e-01
  9.72350907e-02  4.37654240e-01 -1.85464284e-05  3.86239376e-02]","[ 0.         -0.76727468  9.75613403  0.42534658 -1.954175    2.20188212
 -0.95837873  0.9184674 ]"
1747093062.0861893,"[ 0.          0.1063134   0.55775884 -2.98499425 -2.22369264  0.57366327
  0.96005513  1.72714252]","[ 0.00000000e+00 -7.94854798e-06 -1.50908306e-04  1.00104638e-01
  9.56145072e-02  4.23512854e-01 -1.85464284e-05  2.70097486e-02]","[ 0.         -0.71827114  9.81762314  0.44729742 -1.86417472  2.09609985
 -0.97600257  0.93147421]"
1747093062.0903223,"[ 0.          0.1063134   0.55775701 -2.98457827 -2.22330621  0.57494086
  0.96005513  1.72722149]","[ 0.00000000e+00 -7.94846874e-06 -1.64144252e-04  1.06688505e-01
  9.66948934e-02  4.20037163e-01 -2.91443860e-05  1.61894291e-02]","[ 0.         -0.69308573  9.90843201  0.47348464 -1.8030839   2.24773026
 -0.98486888  0.89916253]"
1747093062.0927281,"[ 0.          0.1063134   0.55775611 -2.98424111 -2.22300395  0.57615946
  0.96005513  1.72726144]","[ 0.00000000e+00 -7.94846874e-06 -1.76463892e-04  1.12238583e-01
  1.00476258e-01  4.04735704e-01 -2.91443860e-05  1.16141912e-02]","[ 0.         -0.69437051 10.01378345  0.4862614  -1.79500985  2.1999929
 -0.99366075  0.91154271]"
1747093062.095127,"[ 0.          0.1063134   0.55775611 -2.98402114 -2.22280288  0.57696806
  0.96005513  1.7272862 ]","[ 0.00000000e+00 -7.95448397e-06 -1.72829077e-04  1.11280161e-01
  1.02366944e-01  3.93532019e-01 -2.91443860e-05  1.20875535e-02]","[ 0.         -0.71850538 10.13064766  0.50405574 -1.7708137   2.26037097
 -0.98283178  0.90376693]"
1747093062.0969882,"[ 0.          0.1063134   0.55775611 -2.98379716 -2.22259435  0.57773485
  0.96005513  1.72730804]","[ 0.00000000e+00 -7.94846874e-06 -1.71247175e-04  1.09335047e-01
  1.01016455e-01  3.88940363e-01 -1.85464284e-05  1.10739970e-02]","[ 0.         -0.73225904 10.21065235  0.51213437 -1.72642708  2.23328686
 -1.00171208  0.90453577]"
1747093062.099331,"[ 0.          0.10631294  0.55775565 -2.98358358 -2.22239701  0.57852634
  0.96005513  1.72732895]","[ 0.00000000e+00 -1.32574726e-05 -1.74735942e-04  1.07929522e-01
  9.99360687e-02  3.85969307e-01 -1.85464284e-05  1.01428987e-02]","[ 0.         -0.73547244 10.28596687  0.52437699 -1.72131407  2.27457595
 -1.01959288  0.90670496]"
1747093062.1022122,"[ 0.          0.10631294  0.55775565 -2.9833636  -2.22219381  0.57931304
  0.96005513  1.72734706]","[ 0.00000000e+00 -1.32474486e-05 -1.78365637e-04  1.07228694e-01
  9.90535387e-02  3.83815875e-01 -1.85464284e-05  9.17865960e-03]","[ 0.         -0.7262134  10.39065647  0.54504943 -1.71152389  2.2467401
 -1.03214037  0.89677334]"
1747093062.1039987,"[ 0.          0.10631294  0.55775565 -2.98306293 -2.22190086  0.58044322
  0.96005513  1.72736889]","[ 0.00000000e+00 -1.85466133e-05 -1.78229992e-04  9.86856646e-02
  9.83154852e-02  3.78136451e-01 -1.05979587e-05  7.02200678e-03]","[ 0.         -0.72262233 10.48772335  0.58279848 -1.65731442  2.17083502
 -1.02726912  0.89480776]"
1747093062.1056805,"[ 0.          0.10631294  0.55775565 -2.98287225 -2.22170299  0.58120521
  0.96005513  1.72737755]","[ 0.00000000e+00 -1.32474486e-05 -1.82007864e-04  9.12929458e-02
  9.58846017e-02  3.69493361e-01 -1.05979587e-05  4.32155961e-03]","[ 0.         -0.6944626  10.54465771  0.67089838 -1.57554245  2.17890215
 -1.0132513   0.90127093]"
1747093062.1075034,"[ 0.          0.10631294  0.55775565 -2.98278463 -2.22160845  0.5815686
  0.96005513  1.72738128]","[ 0.00000000e+00 -1.32574726e-05 -1.86673418e-04  8.88620706e-02
  9.58846017e-02  3.68412950e-01 -1.05979587e-05  3.64104055e-03]","[ 0.         -0.6792227  10.5516758   0.70180738 -1.54203057  2.17653322
 -1.04490435  0.91854763]"
1747093062.1086578,"[ 0.          0.10631294  0.55775565 -2.9826054  -2.2214143   0.58232394
  0.96005419  1.72738607]","[ 0.00000000e+00 -1.85464284e-05 -1.94871124e-04  8.75181896e-02
  9.48042155e-02  3.69131171e-01 -1.85466133e-05  2.42964529e-03]","[ 0.         -0.61455292 10.58774948  0.75568932 -1.4280287   2.12786484
 -1.05585217  0.9278025 ]"
1747093062.1111362,"[ 0.          0.1063134   0.55775565 -2.98243602 -2.22122309  0.58304599
  0.96005419  1.72739086]","[ 0.00000000e+00 -7.94854798e-06 -2.03819566e-04  8.60737992e-02
  9.83154852e-02  3.64631594e-01 -1.85464284e-05  2.25081221e-03]","[ 0.         -0.5567534  10.56586361  0.8220228  -1.37811899  2.071069
 -1.08010519  0.97302818]"
1747093062.113079,"[ 0.          0.1063134   0.55775565 -2.98225333 -2.22101563  0.58380033
  0.96005326  1.72739553]","[ 0.00000000e+00 -7.94846874e-06 -2.25960815e-04  9.02766419e-02
  1.02564301e-01  3.70232122e-01 -2.64951613e-05  2.19443069e-03]","[ 0.         -0.50419426 10.57775784  0.92276973 -1.35704505  2.03449082
 -1.1321789   0.97366595]"
1747093062.1149647,"[ 0.          0.1063134   0.55775565 -2.98207064 -2.22080444  0.58453383
  0.96005326  1.72740125]","[ 0.00000000e+00 -7.94846874e-06 -2.50754773e-04  9.39939238e-02
  1.08469170e-01  3.72464417e-01 -2.64946330e-05  2.44668302e-03]","[ 0.         -0.41165611 10.58984184  0.99110442 -1.32229269  2.07642484
 -1.14705598  0.94576705]"
1747093062.1167252,"[ 0.          0.1063134   0.55775565 -2.98186717 -2.22057754  0.58529769
  0.96005326  1.72740991]","[ 0.00000000e+00 -7.94846874e-06 -2.73500597e-04  1.00903936e-01
  1.12093499e-01  3.75400386e-01 -2.64948971e-05  2.98213627e-03]","[ 0.         -0.36702597 10.63191795  1.05232573 -1.29401278  2.12323499
 -1.14395666  0.96157455]"
1747093062.1186368,"[ 0.          0.1063134   0.55775565 -2.98176597 -2.22046515  0.5856716
  0.96005326  1.7274155 ]","[ 0.00000000e+00 -7.94846874e-06 -2.82025346e-04  1.02533050e-01
  1.13981131e-01  3.79216862e-01 -2.64548924e-05  3.31197735e-03]","[ 0.         -0.3619903  10.64501381  1.06033051 -1.29610598  2.08159828
 -1.12261319  0.95878196]"
1747093062.1197927,"[ 0.          0.1063134   0.55775565 -2.98155638 -2.22023639  0.58644785
  0.96005326  1.72743174]","[ 0.00000000e+00 -7.95448397e-06 -2.82966945e-04  1.07498797e-01
  1.16952203e-01  3.97583486e-01 -2.64548924e-05  4.50490759e-03]","[ 0.         -0.33777761 10.68640804  1.08137429 -1.35664856  2.17435193
 -1.09693825  0.95949018]"
1747093062.1222835,"[ 0.          0.1063134   0.55775565 -2.98133028 -2.21999484  0.58728687
  0.96005326  1.72745079]","[ 0.00000000e+00 -7.94854798e-06 -2.65281517e-04  1.11280161e-01
  1.17643185e-01  4.11898642e-01 -2.64551545e-05  8.19106896e-03]","[ 0.         -0.3372615  10.68089199  1.03098047 -1.54313183  2.21032166
 -1.11095643  0.94120818]"
1747093062.1240337,"[ 0.          0.1063134   0.55775565 -2.98110311 -2.21976288  0.58812883
  0.96005326  1.72747449]","[ 0.00000000e+00 -7.95448397e-06 -2.52017434e-04  1.16412014e-01
  1.18032598e-01  4.32155977e-01 -2.64948971e-05  1.09721540e-02]","[ 0.         -0.34474975 10.68599987  1.02167821 -1.70107257  2.12840748
 -1.10738564  0.92930239]"
1747093062.1258771,"[ 0.          0.1063134   0.55775565 -2.9808597  -2.21952426  0.58904017
  0.96005326  1.72750019]","[ 0.00000000e+00 -7.94846874e-06 -2.34332006e-04  1.19616554e-01
  1.15871817e-01  4.49627845e-01 -2.64548924e-05  1.29646791e-02]","[ 0.         -0.37671411 10.72344494  0.96520126 -1.76568484  1.94605839
 -1.11256385  0.91856664]"
1747093062.1270032,"[ 0.          0.1063134   0.55775565 -2.98074039 -2.21941081  0.58948918
  0.96005326  1.7275135 ]","[ 0.00000000e+00 -7.94846874e-06 -2.29914481e-04  1.21003670e-01
  1.15061525e-01  4.55384334e-01 -2.64551545e-05  1.29973694e-02]","[ 0.         -0.37051395 10.78234959  0.94844782 -1.76289725  1.98847473
 -1.12901175  0.91135198]"
1747093062.1288335,"[ 0.          0.1063134   0.55775565 -2.98050523 -2.2191903   0.59043094
  0.96005326  1.72753734]","[ 0.00000000e+00 -7.94846874e-06 -2.12228744e-04  1.18452653e-01
  1.10469869e-01  4.62166274e-01 -2.64551545e-05  1.21543863e-02]","[ 0.         -0.40228122 10.80152607  0.92524505 -1.6973052   1.97246432
 -1.11190867  0.9048028 ]"
1747093062.1311924,"[ 0.          0.1063134   0.55775518 -2.98026315 -2.21896686  0.59136038
  0.96005326  1.72755452]","[ 0.00000000e+00 -7.95448397e-06 -2.17507440e-04  1.17492401e-01
  1.08849286e-01  4.73270957e-01 -2.64548924e-05  8.64311923e-03]","[ 0.         -0.39674884 10.71017456  0.92369086 -1.61682272  1.9157486
 -1.10948086  0.8948254 ]"
1747093062.1327925,"[ 0.          0.1063134   0.55775472 -2.98002799 -2.21875034  0.59234502
  0.96005326  1.72756397]","[ 0.00000000e+00 -7.94846874e-06 -2.08807141e-04  1.19383087e-01
  1.10897590e-01  4.82980043e-01 -2.64548924e-05  4.67905284e-03]","[ 0.         -0.34676379 10.55566978  0.88662136 -1.53623307  1.89412856
 -1.058936    0.8669253 ]"
1747093062.1344516,"[ 0.          0.1063134   0.55775335 -2.97978298 -2.21851812  0.5933182
  0.96005326  1.72756583]","[ 0.00000000e+00 -7.94854798e-06 -2.27577388e-04  1.19002962e-01
  1.14521328e-01  4.96979349e-01 -2.64548924e-05  9.45341174e-04]","[ 0.         -0.38769579 10.31999111  0.84925503 -1.49064744  1.96900058
 -1.01172364  0.84558392]"
1747093062.1368678,"[ 0.          0.1063134   0.55775105 -2.97954489 -2.21828935  0.59434179
  0.96005326  1.72756583]","[ 0.00000000e+00 -7.94846874e-06 -2.53086226e-04  1.20733576e-01
  1.16412014e-01  4.99781527e-01 -2.64548924e-05  0.00000000e+00]","[ 0.         -0.37065527 10.15106964  0.846394   -1.41907001  2.02308345
 -0.98935556  0.84235543]"
1747093062.1386137,"[ 0.          0.10631386  0.55774829 -2.97929376 -2.218047    0.59533402
  0.96005326  1.72756583]","[ 0.00000000e+00 -5.29897933e-06 -2.77697579e-04  1.23628848e-01
  1.18722481e-01  5.04030867e-01 -2.64548924e-05  0.00000000e+00]","[ 0.         -0.32342002 10.0409317   0.83763564 -1.32070446  2.04257846
 -1.00012827  0.85447079]"
1747093062.1404505,"[ 0.          0.10631386  0.55774646 -2.97917125 -2.21792849  0.59583342
  0.96005326  1.72756583]","[ 0.00000000e+00 -5.30298914e-06 -2.86490139e-04  1.24244837e-01
  1.20193379e-01  5.06432772e-01 -2.64551545e-05  0.00000000e+00]","[ 0.         -0.31344742  9.97064686  0.84855753 -1.27137578  1.98097181
 -1.0056349   0.83688533]"
1747093062.1421037,"[ 0.          0.10631386  0.55774323 -2.97892198 -2.21767736  0.59687892
  0.96005326  1.72756783]","[ 0.00000000e+00 -5.29892650e-06 -3.05073750e-04  1.26945815e-01
  1.23628848e-01  5.12374916e-01 -2.64551545e-05  2.64958196e-04]","[ 0.         -0.32957149  9.88554955  0.80643982 -1.21793318  1.98139691
 -0.98150587  0.8593545 ]"
1747093062.143936,"[ 0.          0.10631386  0.55773957 -2.97866339 -2.21742675  0.59788732
  0.96005326  1.7275697 ]","[ 0.00000000e+00 -5.30298914e-06 -3.26454753e-04  1.26135523e-01
  1.26945815e-01  5.11294505e-01 -2.64548924e-05  3.69553523e-04]","[ 0.         -0.34281588  9.79648876  0.80957067 -1.25153911  1.95717514
 -0.98618567  0.84453714]"
1747093062.1457107,"[ 0.          0.10631386  0.55773451 -2.97841678 -2.2171639   0.59892422
  0.96005326  1.72757156]","[ 0.00000000e+00  0.00000000e+00 -4.47098421e-04  1.24244837e-01
  1.29274799e-01  5.04243220e-01 -2.64548924e-05  4.85736558e-04]","[ 0.         -0.36376533  9.71111298  0.81618214 -1.34999824  1.88348341
 -0.99806422  0.82706678]"
1747093062.1474519,"[ 0.          0.10631386  0.55773131 -2.97829507 -2.2170382   0.5994227
  0.96005326  1.72757342]","[ 0.00000000e+00 -5.29097849e-06 -6.19118309e-04  1.23434545e-01
  1.27486012e-01  5.05622472e-01 -2.64548924e-05  5.68184313e-04]","[ 0.         -0.35667557  9.69281387  0.85277873 -1.42674041  1.96625662
 -1.01338518  0.82207555]"
1747093062.1485794,"[ 0.          0.10631386  0.55772442 -2.97804154 -2.21678413  0.60046153
  0.96005326  1.72757449]","[ 0.00000000e+00 -5.29892650e-06 -1.80986984e-03  1.22894348e-01
  1.29646785e-01  5.08056900e-01 -1.85186086e-05  5.64528058e-04]","[ 0.         -0.35554621  9.67455578  0.85424215 -1.48134255  2.0069375
 -1.03074086  0.82692301]"
1747093062.1509793,"[ 0.          0.10631386  0.5577157  -2.97779999 -2.21651888  0.60146608
  0.96005326  1.72757635]","[ 0.00000000e+00  0.00000000e+00 -3.46662925e-03  1.22624254e-01
  1.29916888e-01  5.10484239e-01 -1.85184257e-05  6.59279897e-04]","[ 0.         -0.32868445  9.73640251  0.87767649 -1.51843894  2.0472405
 -1.02133942  0.83544201]"
1747093062.1526845,"[ 0.          0.10631386  0.55770468 -2.97755498 -2.21625949  0.60252209
  0.96005326  1.72757729]","[ 0.00000000e+00  0.00000000e+00 -4.90233653e-03  1.19653181e-01
  1.31404196e-01  5.16081504e-01 -1.85184257e-05  6.31602917e-04]","[ 0.         -0.30917469  9.72281647  0.88736719 -1.57548463  2.20316935
 -1.04715061  0.83688498]"
1747093062.1544168,"[ 0.          0.10631386  0.55769779 -2.97743674 -2.21612793  0.60302722
  0.96005326  1.72757729]","[ 0.00000000e+00  0.00000000e+00 -6.03217690e-03  1.19801769e-01
  1.33428149e-01  5.12374916e-01 -1.85184257e-05  6.34261527e-04]","[ 0.         -0.30258185  9.70156193  0.88230956 -1.64733505  2.25700092
 -1.06045139  0.83565807]"
1747093062.1555574,"[ 0.          0.10631386  0.55767895 -2.97719386 -2.21585336  0.60403656
  0.96005326  1.72757822]","[ 0.00000000e+00  0.00000000e+00 -9.22813198e-03  1.19115015e-01
  1.34238449e-01  5.11855767e-01 -1.85184257e-05  6.09388734e-04]","[ 0.         -0.25454414  9.71165943  0.89976656 -1.76048613  2.24712873
 -1.06937981  0.83258331]"
1747093062.157911,"[ 0.          0.10631431  0.55765372 -2.97695417 -2.21557745  0.60508871
  0.96005326  1.72757915]","[ 0.00000000e+00  5.29097849e-06 -1.35048743e-02  1.22624254e-01
  1.34786511e-01  5.11855767e-01 -1.85184257e-05  6.31380034e-04]","[ 0.         -0.22815324  9.75064182  0.94668144 -1.90097713  2.22330451
 -1.06312108  0.81590271]"
1747093062.1595707,"[ 0.          0.10631431  0.55762202 -2.97670303 -2.21531061  0.60609518
  0.96005326  1.72757915]","[ 0.00000000e+00  5.29497611e-06 -1.60491814e-02  1.29245605e-01
  1.36129127e-01  5.11294505e-01 -1.85184257e-05  6.01137876e-04]","[ 0.         -0.21418674  9.86951351  0.95668095 -1.97185218  2.17982316
 -1.05475247  0.80649024]"
1747093062.1613312,"[ 0.          0.10631431  0.55760548 -2.97656082 -2.21515641  0.60663547
  0.96005226  1.72757915]","[ 0.00000000e+00  5.29103081e-06 -1.67460433e-02  1.33910356e-01
  1.35498266e-01  5.08809210e-01 -2.90784288e-05  5.75519970e-04]","[ 0.         -0.22562546  9.95453739  0.97744405 -2.0196619   2.01352978
 -1.09679925  0.83732158]"
1747093062.1630945,"[ 0.          0.10631431  0.55757335 -2.97629078 -2.21487917  0.60762963
  0.96005226  1.72758008]","[ 0.00000000e+00  7.94246417e-06 -1.50319537e-02  1.38289908e-01
  1.35048741e-01  5.00253339e-01 -2.91003827e-05  5.96155892e-04]","[ 0.         -0.243379   10.07824993  0.94421202 -2.03187275  1.95634449
 -1.11312973  0.82609224]"
1747093062.164902,"[ 0.          0.10631386  0.55754945 -2.97598318 -2.21462005  0.60860661
  0.96005226  1.72758008]","[ 0.00000000e+00  5.29497611e-06 -1.08038994e-02  1.40616653e-01
  1.30457085e-01  4.94818560e-01 -2.91003827e-05  5.51973360e-04]","[ 0.         -0.27310818 10.18912983  0.89538515 -2.09644508  2.05228496
 -1.11206007  0.79979128]"
1747093062.1672032,"[ 0.          0.10631386  0.55753614 -2.97569876 -2.21435293  0.60962168
  0.96005226  1.72758008]","[ 0.00000000e+00  5.29103081e-06 -5.26613786e-03  1.44986518e-01
  1.29916888e-01  4.94818560e-01 -2.91003827e-05  4.63657614e-04]","[ 0.         -0.28751791 10.20432472  0.88943374 -2.14933562  1.96672535
 -1.08010149  0.78410006]"
1747093062.169533,"[ 0.          0.10631386  0.55753341 -2.97539622 -2.214097    0.6106386
  0.96005226  1.72758008]","[ 0.00000000e+00  0.00000000e+00  0.00000000e+00  1.47953396e-01
  1.29106596e-01  4.98026171e-01 -2.91003827e-05  3.97420812e-04]","[ 0.         -0.35897189 10.20175648  0.80802333 -2.08016515  1.96174169
 -1.05506396  0.79433328]"
1747093062.1712532,"[ 0.          0.10631386  0.5575366  -2.97510967 -2.21383495  0.61162224
  0.96005226  1.72758008]","[ 0.00000000e+00  5.29097849e-06  1.05332676e-03  1.43961950e-01
  1.27390380e-01  4.96979349e-01 -2.91003827e-05  2.76870413e-04]","[ 0.         -0.40222251 10.17760086  0.74264801 -1.90901303  2.12172604
 -1.04758072  0.80514127]"
1747093062.173049,"[ 0.          0.10631386  0.5575366  -2.97485267 -2.21358355  0.61260209
  0.96005226  1.72758115]","[ 0.00000000e+00  5.29497611e-06  7.94973481e-04  1.40653172e-01
  1.26804326e-01  4.96979349e-01 -2.90784288e-05  2.75986680e-04]","[ 0.         -0.45006001 10.17160988  0.71248561 -1.76494324  2.12164402
 -1.03621936  0.80636901]"
1747093062.1748323,"[ 0.          0.10631386  0.55753384 -2.97454667 -2.21331963  0.61361335
  0.96005226  1.72758115]","[ 0.00000000e+00  5.29097849e-06 -2.61967439e-04  1.38289908e-01
  1.29396523e-01  4.94008293e-01 -2.91003827e-05  2.32627430e-04]","[ 0.         -0.48595726 10.13707829  0.6944136  -1.59907866  2.13420796
 -1.0162189   0.79599243]"
1747093062.1765788,"[ 0.          0.10631386  0.55753431 -2.97426198 -2.2130589   0.61462076
  0.96005226  1.72758115]","[ 0.00000000e+00  5.29497611e-06 -3.99940769e-04  1.38925729e-01
  1.33158055e-01  4.91004647e-01 -2.90784288e-05  1.48483698e-04]","[ 0.         -0.53698403 10.06885242  0.70416242 -1.54431379  2.1031692
 -0.99769264  0.76600111]"
1747093062.1783051,"[ 0.          0.10631386  0.55753431 -2.97412323 -2.21292654  0.61510685
  0.96005226  1.72758115]","[ 0.00000000e+00  5.29497611e-06 -3.43436729e-04  1.40720783e-01
  1.34238449e-01  4.92927882e-01 -2.91003827e-05  1.48483698e-04]","[ 0.         -0.51651049 10.02528572  0.70179075 -1.55078614  2.10145259
 -1.00165141  0.78457123]"
1747093062.1800172,"[ 0.          0.10631386  0.55753384 -2.97384786 -2.2127838   0.61608197
  0.96005226  1.72758115]","[ 0.00000000e+00  5.29097849e-06 -3.97486741e-04  1.39498908e-01
  1.34411896e-01  4.94008293e-01 -2.91003827e-05  1.42458572e-04]","[ 0.         -0.53404528  9.9446249   0.72883618 -1.59092212  2.00530958
 -0.98759151  0.76720953]"
1747093062.1817775,"[ 0.          0.10631386  0.55753384 -2.97356077 -2.21251615  0.61708465
  0.96005226  1.72758115]","[ 0.00000000e+00  5.29097849e-06 -2.94989043e-04  1.39768736e-01
  1.35859032e-01  4.89146526e-01 -2.91003827e-05  1.08166643e-04]","[ 0.         -0.53390318  9.93658638  0.71267176 -1.61652899  1.95386863
 -0.9746114   0.77454823]"
1747093062.1835063,"[ 0.          0.10631386  0.55753384 -2.9732822  -2.21223359  0.61804738
  0.96005226  1.72758115]","[ 0.00000000e+00  5.29097849e-06  0.00000000e+00  1.41531083e-01
  1.38289908e-01  4.88650912e-01 -2.91003827e-05  1.07863957e-04]","[ 0.         -0.5081622   9.96943569  0.71788371 -1.6514107   2.01985884
 -0.98358238  0.76585484]"
1747093062.1853337,"[ 0.          0.10631386  0.55753384 -2.97314239 -2.2120959   0.6185639
  0.96005226  1.72758115]","[ 0.00000000e+00  5.29497611e-06  0.00000000e+00  1.41801177e-01
  1.39640388e-01  4.86490822e-01 -2.91226556e-05  1.04085175e-04]","[ 0.         -0.50489932  9.96010876  0.7351464  -1.64957011  2.05167675
 -0.99586773  0.76645243]"
1747093062.1870837,"[ 0.          0.10631386  0.55753341 -2.97285184 -2.21180695  0.61952764
  0.96005226  1.72758115]","[ 0.00000000e+00  5.29097849e-06 -4.41578693e-05  1.40990877e-01
  1.41566719e-01  4.89146526e-01 -2.91003827e-05  7.57009960e-05]","[ 0.         -0.51423013  9.98935318  0.76136988 -1.79522729  2.05480552
 -0.99408114  0.76331669]"
1747093062.1889086,"[ 0.          0.10631386  0.55753341 -2.97257727 -2.21152652  0.62049696
  0.96005226  1.72758115]","[ 0.00000000e+00  5.29497611e-06 -4.08209857e-05  1.38830105e-01
  1.42071272e-01  4.91037204e-01 -2.91003827e-05  7.31361430e-05]","[ 0.         -0.49903488  9.97282791  0.76894212 -1.91528952  2.13134623
 -1.00025618  0.77965969]"
1747093062.1900017,"[ 0.          0.10631386  0.55753341 -2.97243159 -2.21124263  0.62149584
  0.96005226  1.72758115]","[ 0.00000000e+00  5.29097849e-06 -5.69294814e-05  1.37170348e-01
  1.37922649e-01  4.87255848e-01 -2.91006692e-05  7.05636666e-05]","[ 0.         -0.49592993 10.00418091  0.77152604 -2.02554631  2.15986276
 -1.01094091  0.78010422]"
1747093062.1917386,"[ 0.          0.10631386  0.55753341 -2.9722963  -2.21110734  0.62197914
  0.96005226  1.72758115]","[ 0.00000000e+00  5.29097849e-06 -5.29245075e-05  1.37209521e-01
  1.37070496e-01  4.90226904e-01 -2.91003827e-05  3.52818333e-05]","[ 0.         -0.47617468 10.01621914  0.79028833 -2.08837771  2.00559545
 -1.0166477   0.76366913]"
1747093062.193745,"[ 0.          0.10631386  0.55753341 -2.97202439 -2.21083596  0.62298941
  0.96005226  1.72758115]","[ 0.00000000e+00  5.29497611e-06 -5.29210006e-05  1.37479616e-01
  1.38289908e-01  4.94818560e-01 -2.91003827e-05  3.41660860e-05]","[ 0.         -0.4803279  10.04907036  0.80541539 -2.12405705  2.05405474
 -1.03799689  0.78017104]"
1747093062.1954565,"[ 0.          0.10631431  0.55753294 -2.9717389  -2.2105526   0.62397019
  0.96005226  1.72758115]","[ 0.00000000e+00  7.93646773e-06 -4.96765734e-05  1.40038564e-01
  1.38674959e-01  4.98870027e-01 -2.91006692e-05  3.31187444e-05]","[ 0.         -0.45389175 10.04402924  0.78700066 -2.18832326  2.0499351
 -1.02874672  0.77744448]"
1747093062.1978316,"[ 0.          0.10631431  0.55753247 -2.97145767 -2.21028176  0.62499477
  0.96005226  1.72758115]","[ 0.00000000e+00  7.94246417e-06 -7.37513407e-05  1.43961950e-01
  1.36399221e-01  4.99680327e-01 -2.91006692e-05  3.21337047e-05]","[ 0.         -0.39562798 10.00396729  0.77875245 -2.22101521  1.93956125
 -1.01658678  0.76223481]"
1747093062.1995897,"[ 0.          0.10631431  0.55753154 -2.97115381 -2.21000532  0.62597462
  0.96005226  1.72758115]","[ 0.00000000e+00  1.32275773e-05 -1.25377671e-04  1.50291868e-01
  1.35164197e-01  4.95898971e-01 -2.91003827e-05  3.21337047e-05]","[ 0.         -0.34446874  9.95281601  0.80290216 -2.26973486  1.8754406
 -1.04549479  0.76334095]"
1747093062.2013311,"[ 0.          0.10631431  0.55753111 -2.97085633 -2.20973661  0.62699347
  0.96005226  1.72758115]","[ 0.00000000e+00  1.32374398e-05 -1.26282006e-04  1.50714395e-01
  1.36939419e-01  4.97789649e-01 -2.91003827e-05  3.12046522e-05]","[ 0.         -0.33985037  9.96479893  0.8062107  -2.26954794  1.91441929
 -1.05666888  0.75828433]"
1747093062.2024612,"[ 0.          0.10631431  0.55753111 -2.97070693 -2.20960239  0.62748336
  0.96005226  1.72758115]","[ 0.00000000e+00  1.32274462e-05 -1.26282006e-04  1.51524678e-01
  1.36129127e-01  4.96979349e-01 -2.91006692e-05  3.11353383e-05]","[ 0.         -0.33734027  9.98726463  0.79036832 -2.26848793  1.95416903
 -1.05304432  0.77203673]"
1747093062.204695,"[ 0.          0.10631431  0.55753064 -2.97039987 -2.20932568  0.62850415
  0.96005226  1.72758115]","[ 0.00000000e+00  1.32374398e-05 -1.38118826e-04  1.49212572e-01
  1.34911904e-01  4.98026171e-01 -2.91006692e-05  3.02631933e-05]","[ 0.         -0.31342426  9.9947052   0.79053301 -2.22498441  1.99281299
 -1.03684723  0.76333588]"
1747093062.2065616,"[ 0.          0.10631431  0.55753018 -2.97025366 -2.20919386  0.6289969
  0.96005226  1.72758115]","[ 0.00000000e+00  1.32374398e-05 -1.61138638e-04  1.48434063e-01
  1.33698252e-01  4.99680327e-01 -2.91003827e-05  3.02631933e-05]","[ 0.         -0.29017767  9.98745823  0.77583581 -2.19427013  2.0579083
 -1.03489137  0.75797194]"
1747093062.2077167,"[ 0.          0.10631431  0.55752928 -2.9699687  -2.20892514  0.62997295
  0.96005226  1.72758115]","[ 0.00000000e+00  1.32274462e-05 -1.79757554e-04  1.43421761e-01
  1.30148832e-01  4.93197993e-01 -2.91003827e-05  0.00000000e+00]","[ 0.         -0.3060233   9.97989941  0.7509442  -2.12957478  2.07471228
 -1.03617299  0.75866747]"
1747093062.209422,"[ 0.          0.10631431  0.55752835 -2.96968427 -2.20867268  0.63097463
  0.96005226  1.72758115]","[ 0.00000000e+00  1.32374398e-05 -2.05922088e-04  1.37479616e-01
  1.27215910e-01  4.89146526e-01 -1.85184257e-05  0.00000000e+00]","[ 0.         -0.26981384  9.97093296  0.73162431 -2.07020903  2.08011937
 -1.01567256  0.73817235]"
1747093062.2112627,"[ 0.          0.10631431  0.55752788 -2.96955112 -2.20854777  0.631457
  0.96005226  1.72758115]","[ 0.00000000e+00  1.32275773e-05 -2.08177745e-04  1.35048741e-01
  1.26547365e-01  4.89146526e-01 -1.85184257e-05  0.00000000e+00]","[ 0.         -0.26340306  9.96730804  0.78000456 -2.02306795  2.17581105
 -1.02022994  0.73045659]"
1747093062.2123878,"[ 0.          0.10631477  0.55752698 -2.96928267 -2.20828971  0.63245016
  0.96005226  1.72758115]","[ 0.00000000e+00  1.32374398e-05 -2.29331914e-04  1.30276930e-01
  1.26135523e-01  4.85487742e-01 -1.85184257e-05  0.00000000e+00]","[ 0.         -0.22330083  9.9984417   0.78265738 -1.93092132  2.15223455
 -1.01861775  0.71682626]"
1747093062.214177,"[ 0.          0.10631477  0.55752605 -2.96915404 -2.20816561  0.63292673
  0.96005226  1.72758115]","[ 0.00000000e+00  1.32374398e-05 -2.46502412e-04  1.30457085e-01
  1.25865421e-01  4.82984637e-01 -1.05819570e-05  0.00000000e+00]","[ 0.         -0.17457938  9.98225498  0.81767052 -1.89523113  2.19607568
 -1.00280762  0.72210276]"
1747093062.2167,"[ 0.          0.10631523  0.55752375 -2.96874578 -2.20777865  0.63437842
  0.96005226  1.72758115]","[ 0.00000000e+00  1.85324169e-05 -2.94486027e-04  1.37479616e-01
  1.28773734e-01  4.72949313e-01 -1.05819570e-05  0.00000000e+00]","[ 0.         -0.08973613  9.95950127  0.88729542 -1.82140958  2.08223534
 -1.0151608   0.740394  ]"
1747093062.2192328,"[ 0.          0.10631523  0.55752239 -2.9684712  -2.20752272  0.63529075
  0.96005226  1.72758115]","[ 0.00000000e+00  1.85324169e-05 -3.15140967e-04  1.40180594e-01
  1.30997274e-01  4.59779782e-01 -1.05979587e-05  0.00000000e+00]","[ 0.         -0.05397485  9.96804428  0.89111722 -1.81631458  2.00634122
 -1.00805473  0.7408058 ]"
1747093062.2214048,"[ 0.          0.10631523  0.55752052 -2.96818332 -2.20725002  0.63621733
  0.96005226  1.72758115]","[ 0.00000000e+00  1.85184257e-05 -3.46892239e-04  1.40990877e-01
  1.33158055e-01  4.51383234e-01 -1.06059783e-05  0.00000000e+00]","[ 0.         -0.01556604  9.98752022  0.88722318 -1.8332175   2.01196313
 -1.01475632  0.73416895]"
1747093062.2225063,"[ 0.          0.10631523  0.55751916 -2.96790182 -2.20698237  0.63709158
  0.96005226  1.72758115]","[ 0.00000000e+00  1.85324169e-05 -3.64299404e-04  1.42881572e-01
  1.35451552e-01  4.41879478e-01 -1.05978530e-05  0.00000000e+00]","[ 0.         -0.01830475 10.0174675   0.89016581 -1.92617774  1.90089154
 -1.03696334  0.72276765]"
1747093062.224917,"[ 0.          0.10631523  0.55751823 -2.96760328 -2.20671685  0.6379934
  0.96005226  1.72758115]","[ 0.00000000e+00  1.85184257e-05 -3.70528931e-04  1.46060487e-01
  1.34778638e-01  4.38844806e-01 -1.05819570e-05  0.00000000e+00]","[ 0.         -0.02450385 10.06931782  0.89179331 -2.0322516   1.98309171
 -1.05732083  0.7183854 ]"
1747093062.226693,"[ 0.          0.10631523  0.55751823 -2.96731672 -2.20644521  0.63884481
  0.96005226  1.72758115]","[ 0.00000000e+00  1.85324169e-05 -3.62744712e-04  1.45312439e-01
  1.32077668e-01  4.29890992e-01 -1.05979587e-05  0.00000000e+00]","[ 0.         -0.06970954 10.17743683  0.86425871 -2.15783691  2.06859803
 -1.06955338  0.71378148]"
1747093062.228511,"[ 0.          0.10631523  0.55751823 -2.96716519 -2.20631365  0.63925866
  0.96005226  1.72758115]","[ 0.00000000e+00  1.85184257e-05 -3.54671355e-04  1.42687261e-01
  1.33428149e-01  4.19306192e-01 -1.05979587e-05  0.00000000e+00]","[ 0.         -0.06463257 10.21644497  0.8761723  -2.21436429  2.0979805
 -1.06177831  0.70569068]"
1747093062.229653,"[ 0.          0.10631523  0.55751823 -2.96688503 -2.20604893  0.64010628
  0.96005226  1.72758115]","[ 0.00000000e+00  1.85324169e-05 -3.54063951e-04  1.42611461e-01
  1.27891911e-01  4.11260283e-01 -1.05978530e-05  0.00000000e+00]","[ 0.         -0.08220365 10.28747082  0.85807383 -2.28997207  2.11130023
 -1.06069291  0.71312642]"
1747093062.2313647,"[ 0.          0.10631523  0.55751779 -2.96660193 -2.20580179  0.64091582
  0.96005226  1.72758115]","[ 0.00000000e+00  1.85184257e-05 -3.46941881e-04  1.44232044e-01
  1.24244837e-01  4.09592544e-01 -1.05979587e-05  0.00000000e+00]","[ 0.         -0.09602776 10.35581779  0.82845479 -2.27031255  2.16906285
 -1.06066918  0.71583176]"
1747093062.2331004,"[ 0.          0.10631523  0.55751779 -2.9664472  -2.20568195  0.64134771
  0.96005226  1.72758008]","[ 0.00000000e+00  1.85324169e-05 -3.46360614e-04  1.45696483e-01
  1.21543868e-01  4.06746458e-01 -1.05979587e-05 -1.73363127e-05]","[ 0.         -0.11333384 10.3564167   0.80913311 -2.28731036  2.08833671
 -1.0618242   0.71328491]"
1747093062.2348177,"[ 0.          0.10631523  0.55751733 -2.96615505 -2.20543267  0.64214773
  0.96005226  1.72758008]","[ 0.00000000e+00  1.85184257e-05 -3.44738336e-04  1.49093811e-01
  1.21420713e-01  4.05146197e-01 -1.05979587e-05 -1.70417765e-05]","[ 0.         -0.13135433 10.33857632  0.8090505  -2.28534317  2.03397918
 -1.06938219  0.71487194]"
1747093062.2366235,"[ 0.          0.10631523  0.55751733 -2.96600858 -2.2053123   0.64255013
  0.96005226  1.72758008]","[ 0.00000000e+00  1.85184257e-05 -3.44738336e-04  1.48553606e-01
  1.22208002e-01  4.08117286e-01 -1.05979587e-05 -1.70415043e-05]","[ 0.         -0.15826671 10.33857632  0.81223339 -2.28650784  2.03738236
 -1.06780326  0.71617317]"
1747093062.2384355,"[ 0.          0.10631523  0.5575164  -2.96570418 -2.20507022  0.64342724
  0.96005226  1.72758008]","[ 0.00000000e+00  1.85324169e-05 -3.59476748e-04  1.48553606e-01
  1.22084056e-01  3.96503108e-01 -1.05979587e-05 -1.67969795e-05]","[ 0.         -0.19300853 10.34065151  0.80390698 -2.26774359  1.9564389
 -1.06889296  0.7105822 ]"
1747093062.2396462,"[ 0.          0.10631523  0.55751593 -2.96540191 -2.20482041  0.64419783
  0.96005226  1.72758008]","[ 0.00000000e+00  1.32274462e-05 -3.63158328e-04  1.47451856e-01
  1.22624254e-01  3.88940363e-01 -1.05979587e-05 -1.67771387e-05]","[ 0.         -0.19650039 10.32573605  0.74763507 -2.22189784  1.94828653
 -1.07427239  0.69808048]"
1747093062.241453,"[ 0.          0.10631523  0.55751503 -2.96511509 -2.20458313  0.64499118
  0.96005226  1.72758008]","[ 0.00000000e+00  1.32374398e-05 -3.87569066e-04  1.45042344e-01
  1.20315401e-01  3.87172257e-01 -1.05979587e-05 -1.65203377e-05]","[ 0.         -0.23330447 10.3323164   0.74538672 -2.15620375  2.00827479
 -1.03146565  0.69985753]"
1747093062.2432308,"[ 0.          0.10631523  0.55751503 -2.96497447 -2.20445583  0.64537268
  0.96005226  1.72758008]","[ 0.00000000e+00  1.32275773e-05 -3.87445758e-04  1.42611461e-01
  1.19754564e-01  3.86387690e-01 -1.05979587e-05 -1.65203377e-05]","[ 0.         -0.24207813 10.33645248  0.7317813  -2.12586236  1.94889271
 -1.02136278  0.71295947]"
1747093062.2451115,"[ 0.          0.10631523  0.5575141  -2.96469244 -2.20422227  0.64616224
  0.96005226  1.72758008]","[ 0.00000000e+00  1.32274462e-05 -3.96071546e-04  1.36540244e-01
  1.17762503e-01  3.85180345e-01 -1.06059783e-05 -1.62715288e-05]","[ 0.         -0.26450038 10.35771561  0.71078706 -2.08653665  1.91777015
 -1.03907311  0.70287961]"
1747093062.2469668,"[ 0.          0.1063157   0.55751367 -2.96442906 -2.20398072  0.64692803
  0.96005226  1.72758008]","[ 0.00000000e+00  1.85464284e-05 -3.96062639e-04  1.33158055e-01
  1.17861173e-01  3.88546281e-01 -1.05979587e-05 -1.60115500e-05]","[ 0.         -0.24616711 10.35500145  0.73718816 -2.06826401  1.95174932
 -1.04437232  0.68532813]"
1747093062.2487602,"[ 0.          0.1063157   0.55751367 -2.96415848 -2.20375142  0.64772146
  0.96005226  1.72758008]","[ 0.00000000e+00  1.85186086e-05 -3.84728242e-04  1.31780127e-01
  1.16024241e-01  3.85180345e-01 -1.06058726e-05 -1.57779555e-05]","[ 0.         -0.22504185 10.40711784  0.76546681 -2.06493878  1.98154426
 -1.03503335  0.68541759]"
1747093062.2505753,"[ 0.          0.1063157   0.5575132  -2.96402905 -2.2036377   0.64809909
  0.96005226  1.72758008]","[ 0.00000000e+00  1.85325998e-05 -3.96071546e-04  1.31267377e-01
  1.15331620e-01  3.82998218e-01 -1.06059783e-05 -1.57779555e-05]","[ 0.         -0.21689385 10.41187763  0.79807264 -2.05528736  1.94336176
 -1.03575933  0.68541759]"
1747093062.2517984,"[ 0.          0.1063157   0.5575132  -2.96375767 -2.20340974  0.64885164
  0.96005226  1.72758008]","[ 0.00000000e+00  1.85464284e-05 -3.72058819e-04  1.32656515e-01
  1.11341198e-01  3.82187918e-01 -1.05979587e-05 -1.55508517e-05]","[ 0.         -0.18132806 10.41344643  0.82277805 -1.98049748  1.9495523
 -1.04564953  0.69819826]"
1747093062.2542262,"[ 0.          0.1063157   0.55751273 -2.96348816 -2.20319269  0.64963547
  0.96005226  1.72758008]","[ 0.00000000e+00  1.85184257e-05 -3.60056941e-04  1.37749710e-01
  1.10357942e-01  3.81917840e-01 -1.05980643e-05 -1.53299724e-05]","[ 0.         -0.13731435 10.41090775  0.83661276 -1.94854069  1.96740961
 -1.04850495  0.70758468]"
1747093062.255331,"[ 0.          0.10631615  0.5575118  -2.96320933 -2.20296313  0.65001031
  0.96005226  1.72758008]","[ 0.00000000e+00  2.38454062e-05 -3.67720876e-04  1.41927328e-01
  1.13347340e-01  3.80297240e-01 -1.05979587e-05 -1.53132240e-05]","[ 0.         -0.13448314 10.40894794  0.83358711 -1.96778584  2.01634336
 -1.01585281  0.69088447]"
1747093062.257983,"[ 0.          0.10631615  0.5575109  -2.96291185 -2.20273569  0.65078749
  0.96005226  1.72757915]","[ 0.00000000e+00  1.85604623e-05 -3.70718233e-04  1.45582533e-01
  1.15601723e-01  3.79216862e-01 -1.05979587e-05 -3.02309888e-05]","[ 0.         -0.12924246 10.35952759  0.83910769 -2.05941319  2.00412202
 -1.00668323  0.66497672]"
1747093062.2627008,"[ 0.          0.10631615  0.55750861 -2.96231291 -2.20226777  0.65235429
  0.96005226  1.72757915]","[ 0.00000000e+00  1.85604623e-05 -3.68324834e-04  1.50444300e-01
  1.16141912e-01  3.95422697e-01  0.00000000e+00 -2.93772846e-05]","[ 0.         -0.07452761 10.29197502  0.87639815 -2.28407335  1.81159127
 -1.04605019  0.68057591]"
1747093062.2670395,"[ 0.          0.10631661  0.55750767 -2.96156083 -2.2016691   0.65440726
  0.96005226  1.72757915]","[ 0.00000000e+00  2.65149452e-05 -2.99263917e-04  1.48553606e-01
  1.18111943e-01  4.23083752e-01  0.00000000e+00 -2.85704752e-05]","[ 0.         -0.07077126 10.37283802  0.8613829  -2.44029188  1.67267787
 -1.06823957  0.67294097]"
1747093062.2711067,"[ 0.          0.10631661  0.55750584 -2.96095896 -2.20121902  0.65618139
  0.96005226  1.72757915]","[ 0.00000000e+00  2.65149452e-05 -2.75339193e-04  1.52064884e-01
  1.11010067e-01  4.54303957e-01  0.00000000e+00 -2.81972644e-05]","[ 0.         -0.02228714 10.26126099  0.88481325 -2.53420544  1.69530773
 -1.08103037  0.67373842]"
1747093062.2740858,"[ 0.          0.10631707  0.55750355 -2.96049317 -2.20089039  0.65757702
  0.96005226  1.72757915]","[ 0.00000000e+00  3.17938749e-05 -3.03585345e-04  1.53529755e-01
  1.06418402e-01  4.63557309e-01  0.00000000e+00 -2.74804122e-05]","[ 0.          0.06132585 10.17138481  0.89809364 -2.51890492  1.79938519
 -1.04749441  0.65113276]"
1747093062.276987,"[ 0.          0.10631707  0.55750078 -2.96003271 -2.20056974  0.65901253
  0.96005226  1.72757915]","[ 0.00000000e+00  3.17938749e-05 -3.42742493e-04  1.51714911e-01
  1.05338016e-01  4.76722047e-01  0.00000000e+00 -2.71087254e-05]","[ 0.          0.13266286 10.04028225  0.91165102 -2.37782431  1.77090645
 -1.03401315  0.63180876]"
1747093062.2794366,"[ 0.          0.10631753  0.55749712 -2.95972858 -2.20036228  0.65995908
  0.96005226  1.72757915]","[ 0.00000000e+00  3.71209245e-05 -4.59439923e-04  1.54225656e-01
  1.04961462e-01  4.81313703e-01  0.00000000e+00 -2.67980950e-05]","[ 0.          0.16542496  9.96421337  0.91308415 -2.28948641  1.66920042
 -1.03048861  0.632074  ]"
1747093062.281736,"[ 0.          0.10631753  0.55748976 -2.95926545 -2.2000427   0.66140598
  0.96005226  1.72757822]","[ 0.00000000e+00  3.71209245e-05 -8.44543517e-04  1.51794789e-01
  1.05067922e-01  4.74831369e-01  0.00000000e+00 -3.63616619e-05]","[ 0.          0.14162965  9.85371399  0.91349965 -2.24750972  1.62686849
 -1.00396633  0.62532794]"
1747093062.2841084,"[ 0.          0.10631753  0.55748334 -2.95896825 -2.19982459  0.66236491
  0.96005226  1.72757822]","[ 0.00000000e+00  3.71209245e-05 -1.49029727e-03  1.51254584e-01
  1.06827364e-01  4.67683179e-01  0.00000000e+00 -3.63621130e-05]","[ 0.          0.19043486  9.83164215  0.88819641 -2.16491079  1.60455644
 -1.00859356  0.64037794]"
1747093062.2870572,"[ 0.          0.10631753  0.55747508 -2.95865453 -2.19961234  0.66328484
  0.96005226  1.72757822]","[ 0.00000000e+00  3.70928568e-05 -3.13313048e-03  1.54765862e-01
  1.08579183e-01  4.65715901e-01  0.00000000e+00 -3.59220266e-05]","[ 0.          0.22800584  9.86503792  0.88389695 -2.06725001  1.61396897
 -1.00494742  0.65025949]"
1747093062.2893987,"[ 0.          0.10631798  0.55745854 -2.95816823 -2.19927545  0.66469558
  0.96005226  1.72757822]","[ 0.00000000e+00  4.24239132e-05 -5.58012767e-03  1.62999507e-01
  1.11280161e-01  4.65107868e-01  0.00000000e+00 -3.54602443e-05]","[ 0.          0.2219016   9.90434837  0.89476544 -2.14068341  1.69485044
 -1.0218668   0.63567764]"
1747093062.291236,"[ 0.          0.10631798  0.55744339 -2.95784359 -2.19905574  0.66560412
  0.96005226  1.72757822]","[ 0.00000000e+00  4.24239132e-05 -7.41211827e-03  1.65299662e-01
  1.11167410e-01  4.57275012e-01  0.00000000e+00 -3.50738958e-05]","[ 0.          0.2024188   9.9285593   0.88931364 -2.29797339  1.77603209
 -1.02917707  0.63563228]"
1747093062.2929902,"[ 0.          0.10631798  0.55742458 -2.95749658 -2.19883443  0.66652404
  0.96005226  1.72757729]","[ 0.00000000e+00  4.24243358e-05 -9.58846079e-03  1.70271784e-01
  1.07768891e-01  4.48631923e-01  0.00000000e+00 -4.45994593e-05]","[ 0.          0.21336612 10.04143524  0.86703587 -2.39237642  1.75094724
 -1.04533851  0.63274801]"
1747093062.2948296,"[ 0.          0.10631798  0.55739932 -2.95715916 -2.19862084  0.66740115
  0.96005226  1.72757729]","[ 0.00000000e+00  4.24239132e-05 -1.29515433e-02  1.71241807e-01
  1.08038994e-01  4.45660834e-01  0.00000000e+00 -4.40790384e-05]","[ 0.          0.16134977 10.19404697  0.8020705  -2.46208358  1.73210049
 -1.01903045  0.62366635]"
1747093062.295966,"[ 0.          0.10631798  0.55738417 -2.95699245 -2.19850526  0.6678682
  0.96005226  1.72757729]","[ 0.00000000e+00  3.71209245e-05 -1.53955564e-02  1.69081018e-01
  1.08833515e-01  4.39847885e-01  0.00000000e+00 -4.35324678e-05]","[ 0.          0.16809808 10.29810715  0.74429595 -2.454041    1.67287612
 -1.02240515  0.6196143 ]"
1747093062.2975862,"[ 0.          0.10631798  0.55734466 -2.95665263 -2.19829221  0.66872727
  0.96005226  1.72757729]","[ 0.00000000e+00  3.70928568e-05 -2.10645514e-02  1.64219268e-01
  1.07498797e-01  4.34686147e-01  0.00000000e+00 -4.30743022e-05]","[ 0.          0.08355212 10.45650959  0.7054981  -2.58058     1.59885752
 -1.01914346  0.63312119]"
1747093062.2999513,"[ 0.          0.10631798  0.55729415 -2.95633385 -2.19808475  0.66957962
  0.96005226  1.72757729]","[ 0.00000000e+00  3.71205547e-05 -2.70097486e-02  1.60545171e-01
  1.04257622e-01  4.30265266e-01  0.00000000e+00 -4.25522192e-05]","[ 0.          0.02889852 10.61565971  0.67062026 -2.63133144  1.52384889
 -1.04688978  0.62490696]"
1747093062.3017673,"[ 0.          0.10631798  0.55723307 -2.95601027 -2.19787569  0.67043862
  0.96005226  1.72757729]","[ 0.00000000e+00  3.70928568e-05 -3.21415997e-02  1.57196729e-01
  1.00206163e-01  4.15950109e-01  0.00000000e+00 -4.20787011e-05]","[ 0.          0.02682026 10.78345013  0.62663305 -2.7483387   1.51285577
 -1.0572921   0.59527236]"
1747093062.303626,"[ 0.          0.10631798  0.55719682 -2.95585528 -2.19777795  0.67084102
  0.96005226  1.72757729]","[ 0.00000000e+00  3.71209245e-05 -3.41045096e-02  1.57196729e-01
  9.91257769e-02  4.08117286e-01  0.00000000e+00 -4.20787011e-05]","[ 0.00000000e+00 -6.12838194e-03  1.08783941e+01  6.26649380e-01
 -2.81678939e+00  1.50817525e+00 -1.06121647e+00  5.93176603e-01]"
1747093062.3055232,"[ 0.          0.10631798  0.55712654 -2.95554502 -2.19757688  0.6716696
  0.96005226  1.72757729]","[ 0.00000000e+00  3.71209245e-05 -3.59229638e-02  1.57466823e-01
  9.80453824e-02  4.02037489e-01  0.00000000e+00 -4.15803336e-05]","[ 0.         -0.03749722 11.19053936  0.59178638 -2.87215424  1.49738324
 -1.09746706  0.58732045]"
1747093062.3086295,"[ 0.          0.10631798  0.55701772 -2.95506112 -2.19729112  0.67285211
  0.96005226  1.72757729]","[ 0.00000000e+00  3.71209245e-05 -3.59229638e-02  1.59087406e-01
  9.69649962e-02  3.99474164e-01  0.00000000e+00 -4.06855723e-05]","[ 0.         -0.08569204 11.54632664  0.53555804 -2.94015646  1.42684591
 -1.09507704  0.60086626]"
1747093062.3122432,"[ 0.          0.10631798  0.55686159 -2.95442276 -2.19690869  0.67448836
  0.96005226  1.72757635]","[ 0.00000000e+00  3.71212943e-05 -3.99744266e-02  1.57577111e-01
  9.12797215e-02  3.96715695e-01  0.00000000e+00 -5.17531774e-05]","[ 0.         -0.15158667 11.84140015  0.49803272 -3.02161098  1.57155943
 -1.07687712  0.60203487]"
1747093062.3153303,"[ 0.          0.10631798  0.55674957 -2.95394925 -2.19664877  0.6756461
  0.96005133  1.72757635]","[ 0.00000000e+00  3.17938749e-05 -3.46060473e-02  1.54765862e-01
  8.61610926e-02  3.86779574e-01 -1.05819570e-05 -5.12080698e-05]","[ 0.         -0.19001558 12.00582123  0.46182156 -3.0799377   1.51022375
 -1.0891782   0.59222633]"
1747093062.3183591,"[ 0.          0.10631798  0.55666462 -2.95348453 -2.19639151  0.67681143
  0.96005133  1.72757635]","[ 0.00000000e+00  2.64946330e-05 -2.50768450e-02  1.52073256e-01
  8.34601230e-02  3.81917840e-01 -1.05820616e-05 -5.01117508e-05]","[ 0.         -0.25366068 12.12263584  0.44555935 -2.94995618  1.47011948
 -1.10549343  0.58491671]"
1747093062.3220227,"[ 0.          0.10631798  0.55658426 -2.95285469 -2.19606181  0.67833829
  0.96005133  1.72757542]","[ 0.00000000e+00  2.65149452e-05 -1.80965312e-02  1.59488745e-01
  8.26498312e-02  3.81107540e-01 -1.05739739e-05 -6.00099805e-05]","[ 0.         -0.32850525 11.91431522  0.38706139 -2.7276547   1.37810588
 -1.06202328  0.58011681]"
1747093062.3262107,"[ 0.          0.10631798  0.55652041 -2.952219   -2.19574543  0.67983086
  0.96005133  1.72757542]","[ 0.00000000e+00  2.64948971e-05 -1.42938025e-02  1.56228753e-01
  7.75179781e-02  3.64631594e-01 -1.05739739e-05 -5.94093917e-05]","[ 0.         -0.4205066  11.48514938  0.32410258 -2.60394049  1.29280519
 -1.00704491  0.5571577 ]"
1747093062.3299403,"[ 0.          0.10631798  0.55648003 -2.9517644  -2.19552785  0.68092295
  0.96005226  1.72757542]","[ 0.00000000e+00  2.65149452e-05 -1.35048743e-02  1.51794789e-01
  6.86459191e-02  3.57068849e-01  0.00000000e+00 -5.87764521e-05]","[ 0.         -0.45524189 11.20675755  0.25951487 -2.46605301  1.24323201
 -0.99820179  0.55027902]"
1747093062.3336325,"[ 0.          0.10631798  0.55642307 -2.95118969 -2.19526473  0.68232997
  0.96005226  1.72757449]","[ 0.00000000e+00  2.65149452e-05 -1.45704862e-02  1.37209521e-01
  6.50934910e-02  3.48425760e-01  0.00000000e+00 -6.61378843e-05]","[ 0.         -0.51682806 10.72348213  0.2484241  -2.3526094   1.20521307
 -0.95234525  0.54166192]"
1747093062.3366165,"[ 0.          0.10631798  0.55635785 -2.95063761 -2.19499894  0.68371128
  0.96005226  1.72757449]","[ 0.00000000e+00  2.64748795e-05 -1.78264326e-02  1.34285454e-01
  6.80645635e-02  3.37279765e-01  0.00000000e+00 -5.56398379e-05]","[ 0.         -0.52599955 10.28336811  0.22518462 -2.35409164  1.14710426
 -0.91385961  0.51932728]"
1747093062.3389552,"[ 0.          0.10631798  0.55631654 -2.95037076 -2.19486152  0.68436482
  0.96005226  1.72757449]","[ 0.00000000e+00  2.64748795e-05 -2.10447338e-02  1.36129127e-01
  6.67140745e-02  3.30059103e-01  0.00000000e+00 -5.56392812e-05]","[ 0.         -0.50793451 10.13066006  0.18701212 -2.40012646  1.10711467
 -0.89569336  0.54075104]"
1747093062.341402,"[ 0.          0.10631798  0.55626741 -2.95009539 -2.19472437  0.68504406
  0.96005226  1.72757342]","[ 0.00000000e+00  2.64748795e-05 -2.61994548e-02  1.34411896e-01
  6.69551780e-02  3.33271274e-01  0.00000000e+00 -6.62372408e-05]","[ 0.         -0.47661406 10.01912308  0.19260138 -2.51073122  1.1227963
 -0.88002014  0.5250724 ]"
1747093062.343147,"[ 0.          0.10631798  0.55616824 -2.94969618 -2.19453049  0.68602577
  0.96005226  1.72757342]","[ 0.00000000e+00  2.64748795e-05 -3.61930625e-02  1.35588930e-01
  6.37430062e-02  3.31949814e-01  0.00000000e+00 -6.62873661e-05]","[ 0.         -0.46563405 10.11812782  0.15537503 -2.75377727  1.13792229
 -0.90878099  0.51685154]"
1747093062.3455033,"[ 0.          0.10631798  0.55608465 -2.94941948 -2.19440612  0.68670787
  0.96005226  1.72757342]","[ 0.00000000e+00  2.64748795e-05 -4.18783330e-02  1.34913427e-01
  5.99616379e-02  3.32760081e-01  0.00000000e+00 -6.62372408e-05]","[ 0.         -0.42610571 10.21288776  0.12968555 -2.86791611  1.1171217
 -0.91988987  0.50714183]"
1747093062.3484585,"[ 0.          0.10631798  0.55599879 -2.9491545  -2.19429001  0.68737
  0.96005226  1.72757342]","[ 0.00000000e+00  2.38273920e-05 -4.32155977e-02  1.33158055e-01
  5.85517687e-02  3.35390984e-01  0.00000000e+00 -6.62880244e-05]","[ 0.         -0.43702331 10.44319248  0.11705998 -2.93804717  1.04549694
 -0.90854871  0.50620079]"
1747093062.3502724,"[ 0.          0.10631798  0.55591291 -2.94888818 -2.19417097  0.68804258
  0.96005226  1.72757249]","[ 0.00000000e+00  2.38273920e-05 -4.32155977e-02  1.29508042e-01
  5.72606640e-02  3.26694465e-01  0.00000000e+00 -7.41857136e-05]","[ 0.         -0.41604254 10.64453697  0.12621307 -3.04972291  1.08872592
 -0.91373622  0.51462537]"
1747093062.3519974,"[ 0.          0.10631798  0.55582106 -2.94861894 -2.19405991  0.68867615
  0.96005226  1.72757249]","[ 0.00000000e+00  2.38276277e-05 -4.56928161e-02  1.26405618e-01
  5.59101792e-02  3.20335602e-01  0.00000000e+00 -7.42418490e-05]","[ 0.         -0.38496634 10.76586151  0.10716638 -3.16746187  1.12064719
 -0.91820759  0.51450539]"
1747093062.353873,"[ 0.          0.10631798  0.55572372 -2.94836407 -2.19393501  0.68933155
  0.96005226  1.72757249]","[ 0.00000000e+00  2.38273920e-05 -4.78967774e-02  1.23434545e-01
  5.67780535e-02  3.18444924e-01  0.00000000e+00 -7.41857136e-05]","[ 0.         -0.33040521 10.94584942  0.08306316 -3.31423974  1.17528224
 -0.92293882  0.50235313]"
1747093062.3557067,"[ 0.          0.10631798  0.55567735 -2.94824343 -2.19387935  0.6896474
  0.96005226  1.72757249]","[ 0.00000000e+00  2.38273920e-05 -4.69493454e-02  1.22354159e-01
  5.63931768e-02  3.20011029e-01  0.00000000e+00 -7.42418490e-05]","[ 0.         -0.32529986 10.98501015  0.07602166 -3.40872574  1.12262976
 -0.93718261  0.49603832]"
1747093062.357543,"[ 0.          0.10631798  0.55558873 -2.94799602 -2.19377043  0.69029808
  0.96005226  1.72757156]","[ 0.00000000e+00  1.85464284e-05 -4.42511055e-02  1.20619626e-01
  5.24106066e-02  3.16219021e-01  0.00000000e+00 -8.48478263e-05]","[ 0.         -0.27993968 11.21368694  0.11409394 -3.52283025  1.06629348
 -0.93009597  0.49402872]"
1747093062.3586884,"[ 0.          0.10631798  0.55550331 -2.947759   -2.19367695  0.69092406
  0.96005226  1.72757156]","[ 0.00000000e+00  1.85324169e-05 -4.10548170e-02  1.20463473e-01
  4.59165715e-02  3.16554246e-01  0.00000000e+00 -7.42418490e-05]","[ 0.         -0.24285792 11.4465723   0.12746115 -3.60799193  1.07987285
 -0.93021518  0.4817276 ]"
1747093062.361227,"[ 0.          0.10631798  0.55542571 -2.94752331 -2.1935864   0.69157194
  0.96005226  1.72757063]","[ 0.00000000e+00  1.85324169e-05 -3.86239376e-02  1.19653181e-01
  4.30915984e-02  3.15466711e-01  0.00000000e+00 -8.48469811e-05]","[ 0.         -0.1803512  11.69698334  0.08456225 -3.56680346  1.07841933
 -0.96669275  0.46299428]"
1747093062.3630283,"[ 0.          0.10631845  0.55534995 -2.9472799  -2.19350571  0.69218739
  0.96005226  1.72757063]","[ 0.00000000e+00  2.38273920e-05 -3.58598885e-02  1.18302692e-01
  3.99744266e-02  3.08721423e-01  0.00000000e+00 -8.48478263e-05]","[ 0.         -0.15017661 11.85204506  0.10392971 -3.470752    1.13166618
 -0.95303017  0.4678255 ]"
1747093062.3649223,"[ 0.          0.10631845  0.55528796 -2.94705273 -2.19343567  0.69280957
  0.96005226  1.7275697 ]","[ 0.00000000e+00  1.85324169e-05 -2.94406258e-02  1.14521328e-01
  3.37621852e-02  3.01925236e-01  0.00000000e+00 -9.54538036e-05]","[ 0.         -0.13639167 11.94702148  0.13838366 -3.36033559  1.14653981
 -0.9502244   0.46189281]"
1747093062.3667777,"[ 0.          0.10631845  0.55524159 -2.94693342 -2.19340424  0.69338795
  0.96005226  1.7275697 ]","[ 0.00000000e+00  1.85324169e-05 -2.08137815e-02  1.12344269e-01
  2.95906783e-02  2.92542187e-01  0.00000000e+00 -9.54528527e-05]","[ 0.         -0.07782295 11.91659451  0.16614306 -3.29320955  1.14118659
 -0.94000101  0.48299089]"
1747093062.3685591,"[ 0.          0.10631845  0.55522505 -2.94682503 -2.19337788  0.69367523
  0.96005226  1.7275697 ]","[ 0.00000000e+00  1.85184257e-05 -1.67460433e-02  1.09929672e-01
  2.67125564e-02  2.91139900e-01  0.00000000e+00 -9.54538036e-05]","[ 0.         -0.0686968  11.82248592  0.18599807 -3.242661    1.18420994
 -0.9378202   0.48907059]"
1747093062.3697784,"[ 0.          0.10631845  0.55520208 -2.94661198 -2.19333207  0.69426313
  0.96005326  1.72756876]","[ 0.00000000e+00  1.85325998e-05 -9.71365745e-03  1.07389874e-01
  2.10645514e-02  2.85493033e-01  1.05740785e-05 -1.03408291e-04]","[ 0.         -0.12826474 11.71084785  0.19924228 -3.1465888   1.13172758
 -0.89870816  0.4470453 ]"
1747093062.371606,"[ 0.          0.10631891  0.55519106 -2.94639706 -2.19329612  0.694813
  0.96005326  1.72756876]","[ 0.00000000e+00  2.38273920e-05 -3.78136470e-03  1.03342518e-01
  1.78264326e-02  2.76039626e-01  1.05819570e-05 -1.03408291e-04]","[ 0.         -0.06834371 11.54243088  0.22874689 -2.9889946   1.1326772
 -0.88462383  0.44510347]"
1747093062.3741033,"[ 0.          0.10631891  0.55518923 -2.94618774 -2.19326496  0.69537047
  0.96005326  1.72756783]","[ 0.00000000e+00  1.85324169e-05 -5.40194952e-04  1.00558150e-01
  1.47953392e-02  2.69823808e-01  1.05819570e-05 -1.11361664e-04]","[ 0.00000000e+00 -9.58225876e-03  1.13803263e+01  2.68813789e-01
 -2.81183791e+00  1.06672287e+00 -8.55430961e-01  4.33005482e-01]"
1747093062.3752866,"[ 0.          0.10631937  0.55519106 -2.94599519 -2.19323779  0.69590037
  0.96005326  1.72756783]","[ 0.00000000e+00  2.38273920e-05  9.09815866e-04  9.69649962e-02
  1.34911902e-02  2.67396504e-01  1.05819570e-05 -1.11362770e-04]","[ 0.          0.03330288 11.21061802  0.30269453 -2.60016012  1.02558351
 -0.84216136  0.43080479]"
1747093062.3777602,"[ 0.          0.10631982  0.55518969 -2.94579971 -2.19321116  0.69643593
  0.96005326  1.72756677]","[ 0.00000000e+00  2.64748795e-05 -6.50185813e-04  9.50412452e-02
  1.32347767e-02  2.58483286e-01  1.05739739e-05 -1.21968747e-04]","[ 0.          0.07311678 11.04392624  0.29896346 -2.46858048  0.93805802
 -0.85072345  0.42379037]"
1747093062.3789515,"[ 0.          0.10631982  0.55518876 -2.9457081  -2.19319944  0.69668134
  0.96005326  1.72756677]","[ 0.00000000e+00  2.38273920e-05 -7.89995073e-04  9.29135292e-02
  1.18842887e-02  2.48777562e-01  1.05739739e-05 -1.21877737e-04]","[ 0.          0.10965223 10.9843359   0.32513303 -2.41390061  0.94352454
 -0.84486455  0.42105785]"
1747093062.3814316,"[ 0.          0.10632028  0.55518739 -2.94552408 -2.19317548  0.69714846
  0.96005326  1.72756677]","[ 0.00000000e+00  2.64948971e-05 -7.44791360e-04  9.37238210e-02
  1.12845802e-02  2.31473540e-01  1.05820616e-05 -1.14014268e-04]","[ 0.          0.12848225 10.83789825  0.34348589 -2.38745356  0.95410496
 -0.84866881  0.39305809]"
1747093062.3833063,"[ 0.          0.10632028  0.55518603 -2.9453262  -2.19315603  0.69759747
  0.96005326  1.72756583]","[ 0.00000000e+00  2.64751417e-05 -7.46106426e-04  9.72350907e-02
  9.45341148e-03  2.14187294e-01  1.05820616e-05 -1.21968747e-04]","[ 0.          0.17969468 10.74174786  0.37249899 -2.38285756  0.97185248
 -0.85432267  0.41009426]"
1747093062.3851469,"[ 0.          0.10632074  0.5551851  -2.94512407 -2.19314112  0.6980046
  0.96005326  1.72756583]","[ 0.00000000e+00  3.17698567e-05 -6.22130100e-04  1.04797819e-01
  6.77074845e-03  2.02573099e-01  1.05819570e-05 -1.21968747e-04]","[ 0.          0.19082338 10.68301296  0.38250533 -2.47117734  0.96854991
 -0.85402626  0.42221218]"
1747093062.3877528,"[ 0.          0.10632074  0.55518463 -2.94490649 -2.19313287  0.69839942
  0.96005326  1.7275649 ]","[ 0.00000000e+00  3.17698567e-05 -4.38813819e-04  1.06827364e-01
  3.24116978e-03  1.90148620e-01  1.05820616e-05 -1.32676437e-04]","[ 0.          0.19413261 10.69781494  0.34348536 -2.60096359  0.9509564
 -0.85197121  0.43211031]"
1747093062.3889067,"[ 0.          0.10632074  0.55518463 -2.94469077 -2.19313127  0.69876567
  0.96005326  1.7275649 ]","[ 0.00000000e+00  2.64751417e-05 -2.16693343e-04  1.09389475e-01
  0.00000000e+00  1.83396192e-01  1.05978530e-05 -1.32574732e-04]","[ 0.          0.20299299 10.779809    0.30080444 -2.67156172  0.90652198
 -0.86445165  0.40575439]"
1747093062.390755,"[ 0.          0.10632121  0.55518463 -2.94446707 -2.19313446  0.69912619
  0.96005326  1.7275649 ]","[ 0.00000000e+00  3.17698567e-05 -8.56321861e-05  1.09733256e-01
 -1.05297970e-03  1.74306190e-01  1.05979587e-05 -1.32474482e-04]","[ 0.          0.16591397 10.8399744   0.22962919 -2.74836111  0.87637174
 -0.88287902  0.39367023]"
1747093062.392598,"[ 0.          0.10632121  0.55518463 -2.94424842 -2.19313446  0.69946108
  0.96005326  1.72756397]","[ 0.00000000e+00  3.17458709e-05  0.00000000e+00  1.10469869e-01
 -7.94973481e-04  1.68639882e-01  1.05979587e-05 -1.32574732e-04]","[ 0.          0.13311528 10.92437267  0.14896782 -2.86257505  0.83889294
 -0.87425578  0.38967526]"
1747093062.3943849,"[ 0.          0.10632121  0.55518463 -2.9441379  -2.19313366  0.69962474
  0.96005326  1.72756397]","[ 0.00000000e+00  3.17455539e-05  0.00000000e+00  1.12090453e-01
 -1.32462624e-04  1.65839851e-01  1.05978530e-05 -1.32574732e-04]","[ 0.          0.13355112 10.98948002  0.10111206 -2.91112828  0.80042201
 -0.85259724  0.39226592]"
1747093062.395627,"[ 0.          0.10632121  0.5551851  -2.94390807 -2.19313287  0.69996242
  0.96005419  1.72756397]","[ 0.00000000e+00  3.17701716e-05  5.23986453e-05  1.11707058e-01
  3.19132556e-04  1.63949173e-01  1.85464284e-05 -1.32573407e-04]","[ 0.          0.13017522 11.04453182  0.02245597 -3.02025914  0.8147012
 -0.85092276  0.39584616]"
1747093062.3974915,"[ 0.          0.10632121  0.5551851  -2.94369555 -2.1931342   0.70028873
  0.96005419  1.72756304]","[ 0.00000000e+00  3.17458709e-05  4.77611381e-05  1.06148308e-01
  1.33313595e-04  1.65671823e-01  1.85464284e-05 -1.43180701e-04]","[ 0.          0.08384937 11.16267967 -0.01367391 -3.06062293  0.85012579
 -0.86743629  0.38290018]"
1747093062.3998682,"[ 0.          0.10632166  0.55518556 -2.94348942 -2.1931342   0.70063021
  0.96005419  1.72756304]","[ 0.00000000e+00  3.70648338e-05  8.07018515e-05  9.77752879e-02
 -8.88905598e-05  1.68000624e-01  1.85464284e-05 -1.43180701e-04]","[ 0.          0.08835553 11.31430149 -0.06585159 -3.08015752  0.86303437
 -0.86344379  0.37682101]"
1747093062.401677,"[ 0.          0.10632166  0.55518603 -2.94330486 -2.19313313  0.70095938
  0.96005419  1.72756211]","[ 0.00000000e+00  3.70368514e-05  9.33656262e-05  9.25495667e-02
  6.62395490e-05  1.65839851e-01  1.85462435e-05 -1.51135188e-04]","[ 0.          0.05010343 11.45419884 -0.13294452 -3.09691024  0.85621935
 -0.86153698  0.38160348]"
1747093062.4034956,"[ 0.          0.10632166  0.55518603 -2.94320979 -2.19313313  0.70112776
  0.96005419  1.72756211]","[ 0.00000000e+00  3.70651995e-05  8.73282120e-05  8.95243405e-02
  5.90043463e-05  1.58485665e-01  1.85464284e-05 -1.51020918e-04]","[ 0.          0.0652065  11.49522305 -0.13482347 -3.11580563  0.87491167
 -0.84599948  0.37994757]"
1747093062.4046721,"[ 0.          0.10632212  0.55518693 -2.94304228 -2.1931342   0.70142363
  0.96005419  1.72756211]","[ 0.00000000e+00  4.23278279e-05  1.49029724e-04  8.37302174e-02
 -1.32985178e-04  1.47473228e-01  1.85464284e-05 -1.51135188e-04]","[ 0.          0.1129339  11.67781925 -0.12198892 -3.11116934  0.83490646
 -0.84552324  0.39897302]"
1747093062.4063654,"[ 0.          0.10632212  0.55518693 -2.94287237 -2.1931342   0.70171951
  0.96005419  1.72756117]","[ 0.00000000e+00  4.23602275e-05  1.40420939e-04  8.20012849e-02
 -1.20222153e-04  1.31072308e-01  1.85604623e-05 -1.58729359e-04]","[ 0.          0.15919986 11.78738022 -0.07704592 -3.13341308  0.80275184
 -0.85381305  0.39841834]"
1747093062.408806,"[ 0.          0.10632258  0.55518693 -2.94279194 -2.19313366  0.70182124
  0.96005419  1.72756117]","[ 0.00000000e+00  4.50072964e-05  1.38578003e-04  8.14867955e-02
 -6.62368019e-05  1.21835625e-01  1.85462435e-05 -1.59089675e-04]","[ 0.          0.17145199 11.8266983  -0.05475391 -3.13184047  0.80226082
 -0.85142118  0.39977565]"
1747093062.4099755,"[ 0.          0.10632304  0.55518739 -2.94263268 -2.1931342   0.70204102
  0.96005419  1.72756117]","[ 0.00000000e+00  5.03022715e-05  1.47494522e-04  7.99488533e-02
  0.00000000e+00  1.07929522e-01  1.85604623e-05 -1.51135188e-04]","[ 0.          0.20853333 11.91128635 -0.01416461 -3.18646383  0.80831301
 -0.85320383  0.40239426]"
1747093062.4116642,"[ 0.          0.10632304  0.55518786 -2.9424681  -2.193135    0.70226459
  0.96005419  1.72756011]","[ 0.00000000e+00  5.03022715e-05  1.67170233e-04  7.96787588e-02
 -5.69294814e-05  1.00476258e-01  1.85464284e-05 -1.61498370e-04]","[ 0.00000000e+00  2.62995243e-01  1.19915428e+01  3.67276516e-04
 -3.24216580e+00  8.23670924e-01 -8.60809267e-01  3.86062503e-01]"
1747093062.4133835,"[ 0.          0.1063235   0.55518786 -2.94231577 -2.193135    0.70245867
  0.96005419  1.72756011]","[ 0.00000000e+00  5.55977993e-05  1.58970968e-04  7.67855588e-02
 -5.29245075e-05  9.32858641e-02  1.85602774e-05 -1.61496777e-04]","[ 0.00000000e+00  2.87990600e-01  1.20614452e+01 -4.41910932e-03
 -3.32414818e+00  8.02412093e-01 -8.78134131e-01  3.76832932e-01]"
1747093062.415731,"[ 0.          0.1063235   0.55518833 -2.94215811 -2.193135    0.70263085
  0.96005419  1.72755918]","[ 0.00000000e+00  5.55972507e-05  1.68311017e-04  7.74394315e-02
 -4.96765734e-05  8.69713844e-02  2.91443860e-05 -1.69439236e-04]","[ 0.          0.30758402 12.13678837  0.04155274 -3.4317801   0.78589869
 -0.88089377  0.3737441 ]"
1747093062.417628,"[ 0.          0.10632396  0.55518876 -2.94208327 -2.193135    0.7027136
  0.96005419  1.72755918]","[ 0.00000000e+00  5.82447383e-05  1.93017655e-04  7.58973946e-02
 -8.27942876e-05  8.40003119e-02  2.91443860e-05 -1.69439236e-04]","[ 0.          0.32946441 12.20871544  0.07938247 -3.4489007   0.78492731
 -0.88593352  0.37162477]"
1747093062.419383,"[ 0.          0.10632442  0.55518969 -2.94193014 -2.19313553  0.70288671
  0.96005419  1.72755918]","[ 0.00000000e+00  6.35403432e-05  2.09749878e-04  7.47289993e-02
 -1.03246167e-04  8.49305374e-02  2.91443860e-05 -1.61376444e-04]","[ 0.          0.31517646 12.33104801  0.09725627 -3.47533894  0.77928388
 -0.88752741  0.36628515]"
1747093062.4205894,"[ 0.          0.10632442  0.55519062 -2.94178127 -2.19313606  0.70305795
  0.96005419  1.72755824]","[ 0.00000000e+00  6.35403432e-05  2.24515419e-04  7.58204875e-02
 -1.53239385e-04  8.77816761e-02  2.91443860e-05 -1.69439236e-04]","[ 0.          0.32870233 12.46397591  0.11609761 -3.48586869  0.75096315
 -0.90665317  0.36858881]"
1747093062.4223359,"[ 0.          0.10632488  0.55519062 -2.94162734 -2.19313606  0.70323205
  0.96005419  1.72755824]","[ 0.00000000e+00  6.87827183e-05  2.16333286e-04  7.49797692e-02
 -1.45723383e-04  8.42582058e-02  2.91443860e-05 -1.69440910e-04]","[ 0.          0.33710378 12.48970604  0.13846809 -3.50243974  0.75109994
 -0.91392767  0.3623994 ]"
1747093062.4247782,"[ 0.          0.10632488  0.55519062 -2.94155437 -2.19313606  0.70331195
  0.96005419  1.72755824]","[ 0.00000000e+00  6.88346925e-05  2.05922088e-04  7.40067084e-02
 -1.38910200e-04  8.09471475e-02  2.91443860e-05 -1.69440910e-04]","[ 0.          0.33539939 12.47446632  0.12847528 -3.51512218  0.73659503
 -0.9110769   0.36286399]"
1747093062.4258983,"[ 0.          0.10632488  0.55519062 -2.94140789 -2.19313633  0.70346608
  0.96005419  1.72755731]","[ 0.00000000e+00  6.88346925e-05  1.98715120e-04  7.40067084e-02
 -1.00658078e-04  7.72478753e-02  2.91667301e-05 -1.80029186e-04]","[ 0.          0.30789164 12.41287041  0.13075656 -3.55134368  0.7484625
 -0.88921958  0.36526787]"
1747093062.4276245,"[ 0.          0.10632533  0.55519106 -2.94126275 -2.19313686  0.70354597
  0.96005419  1.72755731]","[ 0.00000000e+00  7.41296676e-05  2.00607908e-04  6.88050721e-02
 -1.20641498e-04  7.52305391e-02  1.85464284e-05 -1.80030974e-04]","[ 0.          0.31245741 12.33593655  0.1279711  -3.53395438  0.77552587
 -0.88465077  0.35620868]"
1747093062.4294026,"[ 0.          0.10632579  0.55519106 -2.94112773 -2.19313686  0.70368965
  0.96005419  1.72755731]","[ 0.00000000e+00  7.67771511e-05  1.91988947e-04  6.54505668e-02
 -1.15103987e-04  7.23861249e-02  1.85604623e-05 -1.80030974e-04]","[ 0.          0.29779249 12.25396347  0.14462014 -3.52729154  0.75698912
 -0.87223309  0.34356287]"
1747093062.4312732,"[ 0.          0.10632579  0.55519106 -2.94106488 -2.19313686  0.70376096
  0.96005419  1.72755638]","[ 0.00000000e+00  7.67771511e-05  1.85697051e-04  6.37430062e-02
 -1.38124791e-04  7.23127798e-02  1.85604623e-05 -1.90619136e-04]","[ 0.          0.30486459 12.24175072  0.1451757  -3.50463867  0.72709203
 -0.86297739  0.34104896]"
1747093062.4331062,"[ 0.          0.10632579  0.55519152 -2.9409445  -2.19313686  0.70390843
  0.96005513  1.72755638]","[ 0.00000000e+00  8.20721262e-05  1.85697051e-04  6.01707085e-02
 -1.32473604e-04  7.23861249e-02  2.91664395e-05 -1.79893264e-04]","[ 0.          0.30225766 12.18796539  0.13134217 -3.42348647  0.7009216
 -0.85796422  0.33863631]"
1747093062.4349136,"[ 0.          0.10632626  0.55519199 -2.94082759 -2.19313686  0.70405397
  0.96005513  1.72755638]","[ 0.00000000e+00  8.20721262e-05  1.88366600e-04  5.68708896e-02
 -1.06059781e-04  7.50870946e-02  2.91664395e-05 -1.80029186e-04]","[ 0.          0.33138716 12.15802002  0.13449389 -3.36485982  0.66643775
 -0.82373101  0.31739533]"
1747093062.436597,"[ 0.          0.10632626  0.55519245 -2.94071228 -2.19313633  0.70422615
  0.96005513  1.72755545]","[ 0.00000000e+00  8.21963279e-05  1.92796413e-04  5.91513461e-02
 -5.30298904e-05  8.69713844e-02  2.91664395e-05 -1.90475217e-04]","[ 0.          0.35613254 12.10485172  0.19217539 -3.28903461  0.65212762
 -0.82483554  0.32306993]"
1747093062.437708,"[ 0.          0.10632671  0.55519245 -2.94065289 -2.19313633  0.70431749
  0.96005513  1.72755545]","[ 0.00000000e+00  8.74993247e-05  1.76735377e-04  6.02317365e-02
 -5.30320035e-05  9.25495667e-02  2.91661490e-05 -1.90619136e-04]","[ 0.          0.3612068  12.07626724  0.18403368 -3.2517004   0.64015025
 -0.81462228  0.33346111]"
1747093062.4393578,"[ 0.          0.10632671  0.55519245 -2.94052958 -2.19313633  0.70452395
  0.96005513  1.72755545]","[ 0.00000000e+00  8.75655786e-05  1.68311017e-04  5.99008845e-02
 -5.10262331e-05  1.03065841e-01  2.91661490e-05 -1.90475217e-04]","[ 0.          0.34484553 12.00170994  0.21036267 -3.17548752  0.60085255
 -0.8152917   0.33331183]"
1747093062.4416645,"[ 0.          0.10632717  0.55519245 -2.94041001 -2.19313633  0.70474273
  0.96005513  1.72755452]","[ 0.00000000e+00  9.01508150e-05  1.63824426e-04  6.10420282e-02
 -4.90308779e-05  1.13981131e-01  2.91664395e-05 -1.87971644e-04]","[ 0.          0.31849012 11.88764191  0.19210836 -3.11718249  0.56273723
 -0.80563873  0.31295562]"
1747093062.4439995,"[ 0.          0.10632717  0.55519245 -2.94027925 -2.19313606  0.70497769
  0.96005606  1.72755452]","[ 0.00000000e+00  9.01508150e-05  1.59230083e-04  6.42831993e-02
 -3.78504980e-05  1.21420713e-01  3.71209245e-05 -1.87831594e-04]","[ 0.          0.31099898 11.8083849   0.15816759 -3.01357317  0.53282547
 -0.78165472  0.32381094]"
1747093062.4458644,"[ 0.          0.10632717  0.55519245 -2.94014875 -2.19313633  0.70523548
  0.96005606  1.72755345]","[ 0.00000000e+00  9.01517171e-05  1.44061215e-04  6.62410638e-02
 -4.57100904e-05  1.27486012e-01  3.71209245e-05 -1.98561611e-04]","[ 0.          0.26499367 11.68452454  0.151409   -2.96327519  0.52319002
 -0.772789    0.32270777]"
1747093062.4477038,"[ 0.          0.10632717  0.55519245 -2.94000787 -2.19313633  0.70549714
  0.96005606  1.72755345]","[ 0.00000000e+00  9.02190763e-05  1.25113964e-04  7.04659358e-02
 -2.65281501e-05  1.26387300e-01  3.71209245e-05 -1.98561611e-04]","[ 0.          0.28651574 11.61867332  0.12138006 -2.94017482  0.50898778
 -0.772856    0.30587098]"
1747093062.4495556,"[ 0.          0.10632763  0.55519292 -2.9399349  -2.19313633  0.70561891
  0.96005606  1.72755345]","[ 0.00000000e+00  9.54538036e-05  1.39833252e-04  7.40067084e-02
 -2.64622538e-05  1.23434545e-01  3.71490329e-05 -1.98411694e-04]","[ 0.          0.27114558 11.59630489  0.08550405 -2.92353439  0.50597614
 -0.77061552  0.30587098]"
1747093062.4513617,"[ 0.          0.10632763  0.55519292 -2.93978417 -2.19313633  0.70585673
  0.96005606  1.72755252]","[ 0.00000000e+00  9.54538036e-05  1.36124129e-04  7.69777808e-02
 -2.56253874e-05  1.19653181e-01  3.71209245e-05 -1.98561611e-04]","[ 0.          0.21689217 11.54981995  0.02848668 -2.93084669  0.50517869
 -0.76622939  0.29740077]"
1747093062.4532118,"[ 0.          0.10632763  0.55519292 -2.93962118 -2.19313633  0.70609455
  0.96005706  1.72755252]","[ 0.00000000e+00  9.54528527e-05  1.18648085e-04  8.04074995e-02
 -8.56239348e-06  1.14791431e-01  4.77269018e-05 -1.98411694e-04]","[ 0.00000000e+00  1.76471397e-01  1.15397844e+01 -6.73950324e-03
 -2.97071624e+00  5.27035534e-01 -7.61549056e-01  2.94633776e-01]"
1747093062.4550264,"[ 0.          0.10632763  0.55519292 -2.93945766 -2.19313633  0.70631047
  0.96005706  1.72755252]","[ 0.00000000e+00  9.54538036e-05  1.15659457e-04  8.23797284e-02
 -8.27968609e-06  1.06958600e-01  4.77269018e-05 -1.98563561e-04]","[ 0.          0.10276216 11.48310375 -0.11919948 -3.0198276   0.53078955
 -0.75609547  0.30002466]"
1747093062.4568858,"[ 0.          0.10632763  0.55519292 -2.93929281 -2.19313686  0.70651786
  0.96005706  1.72755252]","[ 0.00000000e+00  9.53816248e-05  9.50643992e-05  8.02189477e-02
 -2.34034891e-05  9.92951623e-02  4.77269018e-05 -1.98411694e-04]","[ 0.          0.03207396 11.46391773 -0.18522958 -3.1263752   0.52558422
 -0.74187177  0.31016201]"
1747093062.4587703,"[ 0.          0.10632763  0.55519292 -2.93921425 -2.19313739  0.706613
  0.96005706  1.72755159]","[ 0.00000000e+00  9.54528527e-05  8.16419714e-05  7.96787588e-02
 -3.89191719e-05  9.64247990e-02  4.77269018e-05 -1.98411694e-04]","[ 0.00000000e+00  8.93387757e-03  1.14187870e+01 -2.07538828e-01
 -3.17372036e+00  5.20440221e-01 -7.29999423e-01  2.92951047e-01]"
1747093062.4606001,"[ 0.          0.10632763  0.55519335 -2.93906378 -2.19313766  0.70680895
  0.96005706  1.72755159]","[ 0.00000000e+00  9.54538036e-05  6.80332410e-05  7.53571974e-02
 -4.41578693e-05  9.57935549e-02  4.77269018e-05 -1.98411694e-04]","[ 0.         -0.06862756 11.35837746 -0.28267032 -3.26362228  0.53984827
 -0.71739125  0.30096373]"
1747093062.4618242,"[ 0.          0.10632763  0.55519382 -2.93891811 -2.19313766  0.7069983
  0.96005706  1.72755159]","[ 0.00000000e+00  9.01508150e-05  7.94835008e-05  6.99552497e-02
 -3.67992410e-05  9.56145072e-02  4.77269018e-05 -1.90477103e-04]","[ 0.         -0.10874309 11.34169197 -0.34254003 -3.33284593  0.52872199
 -0.72203332  0.30687061]"
1747093062.4636672,"[ 0.          0.10632763  0.55519382 -2.93878681 -2.19313819  0.70718379
  0.96005799  1.72755065]","[ 0.00000000e+00  9.02190763e-05  7.74399830e-05  6.53635897e-02
 -3.67982251e-05  9.45341127e-02  5.83322980e-05 -1.98561611e-04]","[ 0.         -0.13621406 11.31576157 -0.38576365 -3.41388917  0.54880583
 -0.73773056  0.30752861]"
1747093062.4661665,"[ 0.          0.10632763  0.55519382 -2.93866297 -2.19313872  0.70738259
  0.96005799  1.72755065]","[ 0.00000000e+00  9.01508150e-05  7.57692005e-05  5.80709558e-02
 -5.00486666e-05  9.83154852e-02  5.82453112e-05 -1.90475217e-04]","[ 0.         -0.1299832  11.27034569 -0.38700521 -3.45292211  0.53444856
 -0.73021728  0.29587111]"
1747093062.4680176,"[ 0.          0.10632763  0.55519382 -2.93855991 -2.19313872  0.70758239
  0.96005799  1.72755065]","[ 0.00000000e+00  9.02190763e-05  7.57674044e-05  5.05082274e-02
 -4.88550961e-05  1.02366944e-01  5.82447383e-05 -1.90477103e-04]","[ 0.         -0.18687496 11.26237965 -0.39754477 -3.4608748   0.51617473
 -0.72638834  0.29925019]"
1747093062.4697526,"[ 0.          0.10632763  0.55519382 -2.9384683  -2.19313872  0.70779451
  0.96005799  1.72755065]","[ 0.00000000e+00  9.01508150e-05  6.15887942e-05  4.32155977e-02
 -4.75309846e-05  1.03177236e-01  4.76547840e-05 -1.90475217e-04]","[ 0.         -0.1854071  11.22040749 -0.39457402 -3.45005131  0.50133497
 -0.71344662  0.29481092]"
1747093062.471533,"[ 0.          0.10632763  0.55519382 -2.93839186 -2.19313872  0.70800477
  0.96005799  1.72755065]","[ 0.00000000e+00  8.74993247e-05  6.03193837e-05  3.64631611e-02
 -4.63665302e-05  1.03065841e-01  4.76552554e-05 -1.79893264e-04]","[ 0.         -0.115855   11.14171791 -0.36861736 -3.41097951  0.50459236
 -0.70190305  0.28129864]"
1747093062.4733295,"[ 0.          0.10632763  0.55519382 -2.93835884 -2.19313872  0.70810657
  0.96005799  1.72754972]","[ 0.00000000e+00  8.74993247e-05  6.02143665e-05  3.10952894e-02
 -4.51733255e-05  1.03177236e-01  4.76188043e-05 -1.90475217e-04]","[ 0.         -0.11558543 11.0908947  -0.36162439 -3.39508629  0.47442806
 -0.70597255  0.29626229]"
1747093062.4750557,"[ 0.          0.10632763  0.55519382 -2.9383117  -2.19313872  0.70831396
  0.96005892  1.72754972]","[ 0.00000000e+00  8.74993247e-05  5.89012471e-05  2.18778954e-02
 -4.41181592e-05  1.06040758e-01  5.55972507e-05 -1.79895052e-04]","[ 0.         -0.07762293 11.05356598 -0.31024793 -3.33876967  0.44761211
 -0.69138163  0.29985917]"
1747093062.47679,"[ 0.          0.10632809  0.55519382 -2.93828001 -2.19313872  0.70852988
  0.96005892  1.72754972]","[ 0.00000000e+00  8.75655786e-05  5.75507543e-05  1.35048743e-02
 -4.31880644e-05  1.04257622e-01  5.55558217e-05 -1.79893264e-04]","[ 0.         -0.01804083 11.01423073 -0.2444621  -3.29723215  0.42848486
 -0.68097132  0.29660541]"
1747093062.4785366,"[ 0.          0.10632855  0.55519382 -2.93826297 -2.19313872  0.70873634
  0.96005892  1.72754972]","[ 0.00000000e+00  8.74993247e-05  5.64396436e-05  7.02253421e-03
 -5.54299173e-05  1.05338016e-01  5.55972507e-05 -1.69311312e-04]","[ 0.          0.05550267 11.02906036 -0.14980192 -3.2164166   0.3788029
 -0.67533445  0.28643996]"
1747093062.4809089,"[ 0.          0.10632855  0.55519382 -2.93825658 -2.19313872  0.70895892
  0.96005892  1.72754879]","[ 0.00000000e+00  8.21963279e-05  5.07139976e-05  1.75537920e-03
 -5.41941578e-05  1.09929672e-01  5.55552731e-05 -1.79895052e-04]","[ 0.          0.14166772 11.00713539 -0.05904429 -3.14857292  0.35377049
 -0.69893372  0.28549397]"
1747093062.4820614,"[ 0.          0.10632901  0.55519429 -2.93825737 -2.19313872  0.70918249
  0.96005892  1.72754879]","[ 0.00000000e+00  8.74984469e-05  5.40919080e-05 -1.34911905e-03
 -5.30111204e-05  1.13865650e-01  5.55972507e-05 -1.69311312e-04]","[ 0.          0.23499185 11.05520439  0.03087719 -3.10460162  0.33519092
 -0.69141197  0.29676947]"
1747093062.4851637,"[ 0.          0.10632947  0.55519429 -2.93826004 -2.19313872  0.70942124
  0.96005892  1.72754879]","[ 0.00000000e+00  8.74993247e-05  3.78635668e-05 -1.31622459e-03
 -5.18808861e-05  1.16682109e-01  5.55972507e-05 -1.69311312e-04]","[ 0.          0.31543577 11.0724268   0.10834256 -3.05268216  0.32971638
 -0.69998884  0.30663681]"
1747093062.486945,"[ 0.          0.10632993  0.55519429 -2.93825924 -2.19313872  0.7096562
  0.96005892  1.72754879]","[ 0.00000000e+00  9.01508150e-05  3.71209245e-05  0.00000000e+00
 -5.07150705e-05  1.19653181e-01  5.55972507e-05 -1.69312986e-04]","[ 0.          0.40033716 11.12080765  0.18492182 -3.00941491  0.32955045
 -0.70780641  0.29872724]"
1747093062.4887316,"[ 0.          0.10633039  0.55519518 -2.93825604 -2.19313872  0.70989688
  0.96005892  1.72754772]","[ 0.00000000e+00  9.54528527e-05  5.19316900e-05  6.38392613e-04
 -4.97559773e-05  1.16563889e-01  5.55972507e-05 -1.69312986e-04]","[ 0.          0.44992194 11.17938328  0.22456616 -2.97284436  0.30906841
 -0.7178027   0.28433815]"
1747093062.4903545,"[ 0.          0.10633039  0.55519565 -2.93825418 -2.19313819  0.7101138
  0.96005892  1.72754772]","[ 0.00000000e+00  9.01508150e-05  6.11424498e-05  7.25033123e-04
 -4.41578693e-05  1.06958600e-01  5.55558217e-05 -1.69311312e-04]","[ 0.          0.50726771 11.28019524  0.23001626 -2.96079469  0.28581643
 -0.72938466  0.28078341]"
1747093062.4921725,"[ 0.          0.10633084  0.55519565 -2.93825418 -2.19313819  0.71022132
  0.96005892  1.72754772]","[ 0.00000000e+00  9.54538036e-05  6.00092653e-05  8.39511989e-04
 -4.32735272e-05  1.01310460e-01  5.55972507e-05 -1.69311312e-04]","[ 0.          0.51674634 11.29281139  0.24124189 -2.9377234   0.24946594
 -0.73369956  0.28434932]"
1747093062.4939103,"[ 0.          0.10633084  0.55519612 -2.93825524 -2.19313819  0.71040681
  0.96005892  1.72754772]","[ 0.00000000e+00  9.54547545e-05  6.87394078e-05  5.96155957e-04
 -4.24239132e-05  9.14702707e-02  5.55552731e-05 -1.61374851e-04]","[ 0.          0.5184744  11.41174126  0.2171689  -2.90557718  0.24665135
 -0.73462647  0.26230711]"
1747093062.4958034,"[ 0.          0.10633131  0.55519705 -2.93825524 -2.19313872  0.71057991
  0.96005892  1.72754679]","[ 0.00000000e+00  1.00755793e-04  8.19760612e-05  2.67452780e-04
 -4.77269018e-05  8.14997534e-02  4.76188043e-05 -1.69311312e-04]","[ 0.          0.50628471 11.50818825  0.19149104 -2.88574243  0.27165562
 -0.73340476  0.27073514]"
1747093062.4975593,"[ 0.          0.10633131  0.55519748 -2.93825524 -2.19313872  0.71065415
  0.96005992  1.72754679]","[ 0.00000000e+00  1.00833083e-04  8.98917403e-05  9.93469699e-05
 -4.68078926e-05  7.53571974e-02  5.82453112e-05 -1.69312986e-04]","[ 0.          0.50600618 11.58211422  0.15675083 -2.87480593  0.27749446
 -0.73513603  0.27702725]"
1747093062.4992924,"[ 0.          0.10633177  0.55519795 -2.93825471 -2.19313872  0.71078638
  0.96005992  1.72754679]","[ 0.00000000e+00  1.00756792e-04  9.76453687e-05  0.00000000e+00
 -4.67376116e-05  6.45532979e-02  5.82007654e-05 -1.61376444e-04]","[ 0.          0.49427474 11.67067146  0.11251173 -2.9023385   0.28541261
 -0.72998273  0.2859664 ]"
1747093062.5010498,"[ 0.          0.10633177  0.55519841 -2.93825524 -2.19313872  0.71090622
  0.96005992  1.72754679]","[ 0.00000000e+00  1.00833083e-04  9.88903201e-05 -4.80888602e-05
 -4.59227256e-05  5.58535288e-02  5.82447383e-05 -1.61374851e-04]","[ 0.          0.47242206 11.73898697  0.05620388 -2.91726279  0.28805539
 -0.72904545  0.29994583]"
1747093062.5028908,"[ 0.          0.10633177  0.55519935 -2.93825524 -2.19313872  0.71100902
  0.96005992  1.72754679]","[ 0.00000000e+00  1.00755793e-04  1.14810453e-04 -8.83157386e-05
 -4.58559596e-05  5.21288109e-02  5.82013384e-05 -1.53438374e-04]","[ 0.          0.43049675 11.84432793 -0.01914053 -2.92905569  0.28403187
 -0.73488939  0.31650656]"
1747093062.5051153,"[ 0.          0.10633222  0.55520024 -2.93825524 -2.19313872  0.71111554
  0.96005992  1.72754586]","[ 0.00000000e+00  1.00833083e-04  1.24003203e-04 -4.41578693e-05
 -4.50077963e-05  5.29391068e-02  5.82447383e-05 -1.61374851e-04]","[ 0.          0.37144721 11.9219532  -0.06327798 -2.89261246  0.28075013
 -0.73541272  0.30772316]"
1747093062.5067465,"[ 0.          0.10633222  0.55520071 -2.93825524 -2.19313819  0.71121827
  0.96005992  1.72754586]","[ 0.00000000e+00  1.00755793e-04  1.28335131e-04  0.00000000e+00
 -3.43216145e-05  5.20759971e-02  5.82447383e-05 -1.53438374e-04]","[ 0.          0.33132991 11.9820652  -0.12395206 -2.84803033  0.26253375
 -0.73278749  0.28949612]"
1747093062.5084515,"[ 0.          0.10633222  0.55520118 -2.93825551 -2.19313872  0.71132387
  0.96005992  1.72754586]","[ 0.00000000e+00  9.54538036e-05  1.34552508e-04 -1.76403335e-05
 -4.25810549e-05  5.21288109e-02  5.82453112e-05 -1.53438374e-04]","[ 0.          0.27679095 11.99834347 -0.17826065 -2.81302238  0.26179242
 -0.72951698  0.29448831]"
1747093062.5096576,"[ 0.          0.10633222  0.55520164 -2.93825551 -2.19313872  0.71137527
  0.96005992  1.72754586]","[ 0.00000000e+00  9.01508150e-05  1.38627726e-04 -1.76415018e-05
 -4.26386248e-05  5.21288109e-02  5.82447383e-05 -1.53438374e-04]","[ 0.          0.25625396 11.98860455 -0.21185574 -2.79797125  0.24669543
 -0.72171706  0.29312071]"
1747093062.511467,"[ 0.          0.10633268  0.55520164 -2.93825551 -2.19313819  0.71147986
  0.96005992  1.72754586]","[ 0.00000000e+00  9.54538036e-05  1.36566182e-04 -1.65598872e-05
 -3.25484562e-05  5.01536899e-02  5.82447383e-05 -1.43072445e-04]","[ 0.          0.23500754 11.99847317 -0.27056989 -2.73365331  0.24248259
 -0.70315313  0.28202546]"
1747093062.5133064,"[ 0.          0.10633268  0.55520208 -2.93825551 -2.19313819  0.7115284
  0.96006085  1.72754586]","[ 0.00000000e+00  9.54538036e-05  1.44599488e-04 -1.55340708e-05
 -3.19970621e-05  4.91079332e-02  6.61872009e-05 -1.43072445e-04]","[ 0.          0.1896833  11.96059513 -0.28222486 -2.70987749  0.25082716
 -0.70650542  0.28948572]"
1747093062.5150857,"[ 0.          0.10633268  0.55520208 -2.93825604 -2.19313819  0.71162161
  0.96006085  1.72754493]","[ 0.00000000e+00  9.01508150e-05  1.42482759e-04 -4.42508053e-05
 -2.28256588e-05  4.72670564e-02  6.61372301e-05 -1.51020918e-04]","[ 0.          0.11761657 11.89808846 -0.32090721 -2.68608856  0.25628617
 -0.67922795  0.29029086]"
1747093062.516215,"[ 0.          0.10633268  0.55520254 -2.93825604 -2.19313819  0.71171768
  0.96006085  1.72754493]","[ 0.00000000e+00  8.74993247e-05  1.46116258e-04 -6.96542599e-05
 -9.14217433e-06  4.72670564e-02  6.61872009e-05 -1.43072445e-04]","[ 0.          0.05908313 11.85181713 -0.39685839 -2.66274476  0.26652575
 -0.65594274  0.31510019]"
1747093062.5178905,"[ 0.          0.10633268  0.55520254 -2.93825658 -2.19313819  0.71176336
  0.96006085  1.72754493]","[ 0.00000000e+00  8.75655786e-05  1.38423926e-04 -9.27330604e-05
 -9.14217433e-06  4.64567646e-02  6.61872009e-05 -1.43072445e-04]","[ 0.          0.03669879 11.80815411 -0.41172007 -2.67119265  0.26039523
 -0.65001351  0.32169354]"
1747093062.5195923,"[ 0.          0.10633268  0.55520254 -2.93825658 -2.19313819  0.71185657
  0.96006178  1.72754493]","[ 0.00000000e+00  8.21963279e-05  1.38272205e-04 -8.83974020e-05
 -8.95556491e-06  4.72670564e-02  7.41296676e-05 -1.43072445e-04]","[ 0.00000000e+00 -7.42065907e-03  1.17055836e+01 -4.33354616e-01
 -2.67166734e+00  2.72074670e-01 -6.33851349e-01  3.40193868e-01]"
1747093062.52142,"[ 0.          0.10633268  0.55520301 -2.93825658 -2.19313819  0.71190703
  0.96006178  1.72754493]","[ 0.00000000e+00  8.21955152e-05  1.43905528e-04 -8.41555085e-05
 -8.80937164e-06  4.76011874e-02  7.41296676e-05 -1.32474482e-04]","[ 0.         -0.05226415 11.65595531 -0.42945975 -2.69453621  0.2678518
 -0.63743007  0.3379505 ]"
1747093062.522543,"[ 0.          0.10633268  0.55520301 -2.93825658 -2.19313819  0.71199738
  0.96006178  1.72754493]","[ 0.00000000e+00  7.68933393e-05  1.41764662e-04 -6.03180183e-05
 -8.68950989e-06  4.42959881e-02  7.40744343e-05 -1.32474482e-04]","[ 0.         -0.11732926 11.58536148 -0.49427414 -2.72048569  0.26228395
 -0.62702996  0.32453597]"
1747093062.5242267,"[ 0.          0.10633268  0.55520301 -2.93825684 -2.19313819  0.71208114
  0.96006272  1.727544  ]","[ 0.00000000e+00  7.68925753e-05  1.39980243e-04 -6.90623957e-05
  0.00000000e+00  3.94342335e-02  8.47196178e-05 -1.43072445e-04]","[ 0.         -0.16291305 11.55690289 -0.51339918 -2.746557    0.25452206
 -0.6311543   0.32892871]"
1747093062.5259416,"[ 0.          0.10633268  0.55520301 -2.93825684 -2.19313819  0.71211629
  0.96006272  1.727544  ]","[ 0.00000000e+00  7.68941114e-05  1.39980243e-04 -6.90623957e-05
  0.00000000e+00  3.56167419e-02  8.47196178e-05 -1.43072445e-04]","[ 0.         -0.17696024 11.51993847 -0.53685105 -2.75908184  0.24398379
 -0.64057481  0.32062963]"
1747093062.527185,"[ 0.          0.10633268  0.55520347 -2.93825684 -2.19313819  0.71217528
  0.96006272  1.727544  ]","[ 0.00000000e+00  7.42418490e-05  1.45216466e-04 -6.60315139e-05
  0.00000000e+00  2.80901368e-02  8.46564929e-05 -1.32474482e-04]","[ 0.         -0.23738679 11.44198799 -0.57313704 -2.80544662  0.25421667
 -0.62697524  0.31234175]"
1747093062.5290084,"[ 0.          0.10633268  0.55520347 -2.93825737 -2.19313872  0.71220005
  0.96006272  1.727544  ]","[ 0.00000000e+00  7.42418490e-05  1.43288567e-04 -8.77663804e-05
 -8.13576441e-06  2.33214660e-02  8.47204549e-05 -1.32474482e-04]","[ 0.         -0.28542024 11.37173462 -0.56049037 -2.83387232  0.26506996
 -0.61882079  0.31660616]"
1747093062.5307832,"[ 0.          0.10633222  0.55520301 -2.93825791 -2.19313872  0.71223427
  0.96006371  1.727544  ]","[ 0.00000000e+00  6.36358718e-05  1.34478062e-04 -1.05421623e-04
 -8.00589538e-06  1.53955564e-02  9.53095680e-05 -1.32474482e-04]","[ 0.         -0.36462456 11.23841667 -0.61406088 -2.87551069  0.28826946
 -0.58890176  0.31904674]"
1747093062.5318706,"[ 0.          0.10633222  0.55520301 -2.93825791 -2.19313872  0.71224852
  0.96006371  1.727544  ]","[ 0.00000000e+00  6.35397134e-05  1.34342384e-04 -1.01461488e-04
  0.00000000e+00  1.35414969e-02  9.52376087e-05 -1.21785654e-04]","[ 0.         -0.38497633 11.2213316  -0.65518326 -2.92295241  0.27952021
 -0.58200794  0.33470404]"
1747093062.5335586,"[ 0.          0.10633222  0.55520347 -2.93825844 -2.19313926  0.71226377
  0.96006371  1.72754306]","[ 0.00000000e+00  5.82447383e-05  1.39585987e-04 -1.17019159e-04
 -7.78394836e-06  6.75243714e-03  8.47196178e-05 -1.32474482e-04]","[ 0.         -0.42997023 11.12318611 -0.65437573 -3.00015736  0.26987338
 -0.57295579  0.33057556]"
1747093062.5353234,"[ 0.          0.10633222  0.55520301 -2.93825844 -2.19313926  0.71226849
  0.96006465  1.72754306]","[ 0.00000000e+00  5.82447383e-05  1.30788371e-04 -1.03529721e-04
 -7.77531206e-06  1.00307384e-03  9.52376087e-05 -1.32374402e-04]","[ 0.         -0.48510173 11.0445509  -0.66722703 -3.047858    0.25865078
 -0.5702244   0.32258299]"
1747093062.5371156,"[ 0.          0.10633222  0.55520301 -2.93825844 -2.19313926  0.71226949
  0.96006465  1.72754306]","[ 0.00000000e+00  5.82447383e-05  1.23903171e-04 -1.03529721e-04
 -7.66498620e-06  1.08038990e-03  9.52376087e-05 -1.21877737e-04]","[ 0.         -0.49568698 11.00531292 -0.6612851  -3.04115391  0.24458645
 -0.57006228  0.32359183]"
1747093062.5389538,"[ 0.          0.10633222  0.55520347 -2.93825844 -2.19313926  0.71226756
  0.96006465  1.72754306]","[ 0.00000000e+00  5.55552731e-05  1.29141085e-04 -1.00043620e-04
 -7.56590601e-06 -3.60008242e-04  9.53105108e-05 -1.21876526e-04]","[ 0.         -0.54294139 10.93396473 -0.66606939 -3.04878783  0.23374714
 -0.55996245  0.31454456]"
1747093062.5407295,"[ 0.          0.10633222  0.55520301 -2.93825871 -2.19313926  0.71226756
  0.96006465  1.72754306]","[ 0.00000000e+00  5.55977993e-05  1.14110065e-04 -1.02004255e-04
 -7.55774719e-06 -4.63619188e-04  9.52385514e-05 -1.21876526e-04]","[ 0.         -0.57927346 10.89235783 -0.63949776 -3.03347659  0.20856827
 -0.55182219  0.32012203]"
1747093062.5422728,"[ 0.          0.10633222  0.55520301 -2.93825871 -2.19313926  0.71226756
  0.96006465  1.72754213]","[ 0.00000000e+00  5.03022715e-05  1.14110065e-04 -1.02001004e-04
 -7.45346704e-06 -3.72321299e-04  9.53095680e-05 -1.21876526e-04]","[ 0.         -0.58112484 10.88512421 -0.64959884 -3.0050714   0.1860978
 -0.54884511  0.3196843 ]"
1747093062.5440073,"[ 0.          0.10633222  0.55520301 -2.93825871 -2.19313926  0.71226849
  0.96006558  1.72754213]","[ 0.00000000e+00  5.03022715e-05  1.12709564e-04 -1.02001004e-04
 -7.45346704e-06  0.00000000e+00  1.03174077e-04 -1.21875307e-04]","[ 0.         -0.60431749 10.82266712 -0.65911543 -2.99215031  0.1685499
 -0.5382961   0.33777577]"
1747093062.5458035,"[ 0.          0.10633222  0.55520301 -2.93825924 -2.19313926  0.71226849
  0.96006558  1.72754213]","[ 0.00000000e+00  5.03017717e-05  1.11343012e-04 -1.11699736e-04
 -7.35202586e-06  0.00000000e+00  9.53095680e-05 -1.11278562e-04]","[ 0.         -0.60929555 10.75552654 -0.65166634 -2.99677014  0.15846218
 -0.54363191  0.34066984]"
1747093062.5475433,"[ 0.          0.10633222  0.55520301 -2.93825977 -2.19313926  0.71226849
  0.96006658  1.72754213]","[ 0.00000000e+00  5.02642966e-05  1.09907727e-04 -1.24268942e-04
 -7.25320981e-06  0.00000000e+00  1.05819570e-04 -1.11194501e-04]","[ 0.         -0.61808991 10.72623634 -0.64979792 -2.97206593  0.13543747
 -0.52865869  0.33125678]"
1747093062.5494037,"[ 0.          0.10633222  0.55520301 -2.93825977 -2.19313926  0.71226756
  0.96006658  1.72754213]","[ 0.00000000e+00  4.50072964e-05  1.08606575e-04 -1.20532299e-04
 -7.14980944e-06 -9.61777205e-05  1.05819570e-04 -1.11278562e-04]","[ 0.         -0.61336786 10.71605301 -0.63020003 -2.95474601  0.10682666
 -0.53655624  0.32711846]"
1747093062.551257,"[ 0.          0.10633222  0.55520301 -2.93826004 -2.19313926  0.71226756
  0.96006658  1.72754213]","[ 0.00000000e+00  4.50072964e-05  1.08508966e-04 -1.24590621e-04
 -7.05650727e-06  0.00000000e+00  1.05899518e-04 -1.03331130e-04]","[ 0.         -0.61164457 10.73862648 -0.66027367 -2.93105173  0.06078573
 -0.53465986  0.32130226]"
1747093062.5531108,"[ 0.          0.10633222  0.55520301 -2.93826004 -2.19313926  0.71226756
  0.96006658  1.72754107]","[ 0.00000000e+00  4.49733161e-05  1.07337160e-04 -1.09706470e-04
 -7.04931611e-06  0.00000000e+00  1.05819570e-04 -1.13928053e-04]","[ 0.         -0.5956099  10.75054455 -0.65530121 -2.91955662  0.05225921
 -0.54950744  0.33238161]"
1747093062.5549781,"[ 0.          0.10633222  0.55520301 -2.93826004 -2.19313926  0.71226663
  0.96006658  1.72754107]","[ 0.00000000e+00  4.50072964e-05  1.06002670e-04 -1.07031638e-04
 -6.96542639e-06 -6.62395490e-05  9.53095680e-05 -1.13928053e-04]","[ 0.         -0.57093883 10.79264259 -0.63667995 -2.89775801  0.0413865
 -0.56891215  0.3466191 ]"
1747093062.5568957,"[ 0.          0.10633222  0.55520347 -2.93826057 -2.19313952  0.71226663
  0.96006658  1.72754107]","[ 0.00000000e+00  4.49733161e-05  1.09705462e-04 -1.07028761e-04
 -1.04377661e-05 -6.24093044e-05  9.52376087e-05 -1.13928053e-04]","[ 0.         -0.54821688 10.87355709 -0.61857694 -2.92631888  0.02855248
 -0.56437701  0.34311074]"
1747093062.5588286,"[ 0.          0.10633222  0.55520347 -2.93826057 -2.19314006  0.71226663
  0.96006658  1.72754107]","[ 0.00000000e+00  4.50072964e-05  1.09610145e-04 -1.04067668e-04
 -1.71748147e-05 -5.90010750e-05  9.53105108e-05 -1.05979589e-04]","[ 0.         -0.53393406 10.91749191 -0.59619099 -3.01493049  0.04405794
 -0.56707561  0.34705585]"
1747093062.5605605,"[ 0.          0.10633222  0.55520347 -2.93826057 -2.19314006  0.71226663
  0.96006658  1.72754107]","[ 0.00000000e+00  4.49737631e-05  1.08388316e-04 -1.01461480e-04
 -1.69427370e-05 -5.87537606e-05  9.53105108e-05 -1.05979589e-04]","[ 0.         -0.52145004 10.99224281 -0.55929184 -3.06591082  0.03144665
 -0.57351035  0.35076389]"
1747093062.5617733,"[ 0.          0.10633222  0.55520394 -2.93826057 -2.19314112  0.71226563
  0.96006658  1.72754107]","[ 0.00000000e+00  4.49733161e-05  1.13244846e-04 -9.91693961e-05
 -3.01482343e-05 -1.53239385e-04  9.53095680e-05 -1.05979589e-04]","[ 0.         -0.49395606 11.10375977 -0.55991453 -3.19658947  0.01974824
 -0.59829026  0.35166129]"
1747093062.563571,"[ 0.          0.10633222  0.55520437 -2.9382611  -2.19314139  0.71226563
  0.96006658  1.72754107]","[ 0.00000000e+00  4.49733161e-05  1.17803803e-04 -1.09502328e-04
 -3.26872506e-05 -1.46269084e-04  9.53095680e-05 -9.53095680e-05]","[ 0.         -0.45835003 11.20053005 -0.55040622 -3.29004741  0.02461444
 -0.61036718  0.3445611 ]"
1747093062.5647633,"[ 0.          0.10633222  0.55520484 -2.93826164 -2.19314192  0.71226563
  0.96006658  1.72754013]","[ 0.00000000e+00  4.49737631e-05  1.20750234e-04 -1.22387922e-04
 -3.91881456e-05 -1.38910200e-04  8.46556558e-05 -1.05979589e-04]","[ 0.         -0.44536582 11.28901386 -0.54909593 -3.34190679  0.02424841
 -0.62107867  0.34542727]"
1747093062.5665872,"[ 0.          0.10633222  0.5552053  -2.9382619  -2.19314245  0.71226563
  0.96006658  1.72754013]","[ 0.00000000e+00  4.50077435e-05  1.25169067e-04 -1.19322872e-04
 -4.46395067e-05 -1.32705647e-04  8.48469811e-05 -1.05979589e-04]","[ 0.         -0.36963806 11.39713669 -0.54157275 -3.45739412  0.04607166
 -0.64438808  0.36894506]"
1747093062.5686803,"[ 0.          0.10633222  0.55520577 -2.9382619  -2.19314272  0.71226563
  0.96006658  1.72754013]","[ 0.00000000e+00  4.49733161e-05  1.29594207e-04 -1.19534297e-04
 -4.78280423e-05 -1.32250330e-04  8.48469811e-05 -1.06059781e-04]","[ 0.         -0.36022958 11.43393612 -0.54134691 -3.53800535  0.0507787
 -0.64994919  0.36574802]"
1747093062.5697992,"[ 0.          0.10633222  0.55520624 -2.9382619  -2.19314325  0.7122647
  0.96006658  1.72754013]","[ 0.00000000e+00  4.49733161e-05  1.33708534e-04 -1.16813399e-04
 -5.29078059e-05 -1.68898102e-04  8.48478263e-05 -1.05979589e-04]","[ 0.         -0.35601631 11.54837322 -0.53991628 -3.66492248  0.07241469
 -0.6716941   0.34805819]"
1747093062.5715659,"[ 0.          0.10633222  0.55520667 -2.93826243 -2.19314458  0.7122647
  0.96006658  1.72754013]","[ 0.00000000e+00  4.49737631e-05  1.33736183e-04 -1.23280903e-04
 -6.76881914e-05 -1.27026152e-04  8.48478263e-05 -1.06059781e-04]","[ 0.         -0.29946023 11.61638832 -0.56216109 -3.76036406  0.06786139
 -0.66978312  0.34252012]"
1747093062.5734005,"[ 0.          0.10633222  0.55520714 -2.93826243 -2.19314512  0.7122647
  0.96006658  1.72754013]","[ 0.00000000e+00  4.49737631e-05  1.39308520e-04 -1.23280903e-04
 -7.29466626e-05 -1.26614389e-04  8.47828240e-05 -9.53816248e-05]","[ 0.         -0.30772641 11.65695    -0.55760962 -3.80143762  0.05119007
 -0.66989326  0.34200239]"
1747093062.5750868,"[ 0.          0.10633222  0.55520807 -2.93826243 -2.19314565  0.71226377
  0.96006658  1.72754013]","[ 0.00000000e+00  4.50072964e-05  1.47297223e-04 -1.20853971e-04
 -7.72861247e-05 -1.54552549e-04  8.48478263e-05 -9.53806739e-05]","[ 0.         -0.25982204 11.73188496 -0.55588681 -3.85777974  0.02743527
 -0.67645854  0.3464694 ]"
1747093062.5768726,"[ 0.          0.10633222  0.55520897 -2.93826297 -2.19314618  0.71226377
  0.96006658  1.7275392 ]","[ 0.00000000e+00  4.23278279e-05  1.52402173e-04 -1.26953876e-04
 -8.23251948e-05 -1.48483698e-04  7.68351964e-05 -1.06059781e-04]","[ 0.         -0.22761072 11.78170109 -0.53150076 -3.86766791  0.01239459
 -0.69757158  0.35063583]"
1747093062.578661,"[ 0.          0.10633222  0.5552099  -2.9382635  -2.19314618  0.71226377
  0.96006658  1.7275392 ]","[ 0.00000000e+00  4.23602275e-05  1.58729359e-04 -1.26956501e-04
 -8.23251948e-05 -1.42046078e-04  7.68925753e-05 -1.05979589e-04]","[ 0.00000000e+00 -1.93661392e-01  1.18334427e+01 -5.34434140e-01
 -3.83742571e+00 -3.26997717e-04 -6.85972095e-01  3.52414995e-01]"
1747093062.580451,"[ 0.          0.10633222  0.55521036 -2.9382635  -2.19314618  0.71226377
  0.96006658  1.7275392 ]","[ 0.00000000e+00  3.70368514e-05  1.64144252e-04 -1.24413917e-04
 -8.14386745e-05 -1.41635974e-04  7.68933393e-05 -9.54538036e-05]","[ 0.00000000e+00 -1.50233895e-01  1.18291254e+01 -5.49113274e-01
 -3.83146930e+00  3.70353780e-04 -6.72298610e-01  3.47802520e-01]"
1747093062.5822313,"[ 0.          0.10633222  0.5552108  -2.9382635  -2.19314618  0.71226377
  0.96006658  1.7275392 ]","[ 0.00000000e+00  3.70368514e-05  1.64020327e-04 -1.13593012e-04
 -8.05049427e-05 -1.11285414e-04  7.68933393e-05 -9.52376087e-05]","[ 0.         -0.14475226 11.8312149  -0.56229514 -3.75796247 -0.0158943
 -0.6813128   0.34258485]"
1747093062.5839489,"[ 0.          0.10633222  0.55521126 -2.93826377 -2.19314618  0.71226283
  0.96006751  1.7275392 ]","[ 0.00000000e+00  3.17701716e-05  1.69439236e-04 -1.14249725e-04
 -8.53458686e-05 -1.36527350e-04  8.48469811e-05 -9.53105108e-05]","[ 0.         -0.12042989 11.82906246 -0.54564101 -3.66922188 -0.0429263
 -0.66591287  0.34573978]"
1747093062.5851247,"[ 0.          0.10633222  0.55521126 -2.93826377 -2.19314618  0.71226283
  0.96006751  1.7275392 ]","[ 0.00000000e+00  2.64548924e-05  1.69440910e-04 -1.04015507e-04
 -8.44563169e-05 -1.31765105e-04  8.48478263e-05 -9.52376087e-05]","[ 0.         -0.10337628 11.79216862 -0.51427883 -3.59417582 -0.06775648
 -0.66758513  0.34870726]"
1747093062.5869281,"[ 0.          0.10633222  0.55521126 -2.9382643  -2.19314618  0.71226283
  0.96006751  1.7275392 ]","[ 0.00000000e+00  2.64748795e-05  1.69311312e-04 -1.14249725e-04
 -8.44563169e-05 -1.27328245e-04  8.48478263e-05 -9.52376087e-05]","[ 0.         -0.1088464  11.77959633 -0.49735636 -3.56480408 -0.08057726
 -0.63666528  0.32349846]"
1747093062.5887628,"[ 0.          0.10633222  0.55521173 -2.9382643  -2.19314618  0.71226183
  0.96006751  1.7275392 ]","[ 0.00000000e+00  2.38094022e-05  1.65769115e-04 -1.12092343e-04
 -8.35851086e-05 -1.57978183e-04  8.47836692e-05 -8.46556558e-05]","[ 0.         -0.04463    11.76416111 -0.49654791 -3.4631567  -0.07377116
 -0.62584603  0.32584238]"
1747093062.5905323,"[ 0.          0.10633222  0.5552122  -2.93826483 -2.19314618  0.71226183
  0.96006751  1.7275392 ]","[ 0.00000000e+00  1.85186086e-05  1.71116504e-04 -1.20018531e-04
 -8.26666398e-05 -1.58374861e-04  8.48478263e-05 -8.46556558e-05]","[ 0.         -0.05008885 11.74942303 -0.52254051 -3.41802835 -0.06661792
 -0.60829747  0.34094614]"
1747093062.5917156,"[ 0.          0.10633222  0.55521266 -2.93826483 -2.19314645  0.71226183
  0.96006751  1.72753827]","[ 0.00000000e+00  1.85325998e-05  1.69311312e-04 -1.17836808e-04
 -8.54885357e-05 -1.53001498e-04  8.48478263e-05 -9.53095680e-05]","[ 0.         -0.04224996 11.70449257 -0.49687955 -3.35245538 -0.05856728
 -0.57391554  0.34041917]"
1747093062.5934083,"[ 0.          0.10633222  0.55521309 -2.9382651  -2.19314645  0.71226183
  0.96006844  1.72753827]","[ 0.00000000e+00  1.32274462e-05  1.69311312e-04 -1.18440627e-04
 -7.91040605e-05 -1.19001169e-04  9.54538036e-05 -9.52376087e-05]","[ 0.         -0.04969067 11.67654037 -0.50892645 -3.31183887 -0.05729359
 -0.57976323  0.34396845]"
1747093062.594503,"[ 0.          0.10633222  0.55521309 -2.9382651  -2.19314645  0.71226183
  0.96006844  1.72753827]","[ 0.00000000e+00  1.32374398e-05  1.69311312e-04 -1.18440627e-04
 -7.91040605e-05 -1.19004964e-04  9.54538036e-05 -9.52385514e-05]","[ 0.         -0.0484271  11.67768097 -0.5125531  -3.31025553 -0.04396456
 -0.58467036  0.33452258]"
1747093062.5967476,"[ 0.          0.10633222  0.55521356 -2.93826563 -2.19314698  0.7122609
  0.96006844  1.72753827]","[ 0.00000000e+00  7.93654595e-06  1.64021952e-04 -1.23419352e-04
 -8.37777911e-05 -1.47989931e-04  8.48478263e-05 -8.46556558e-05]","[ 0.         -0.07340122 11.67349339 -0.53630382 -3.3618288  -0.03436754
 -0.61061668  0.3368791 ]"
1747093062.5985084,"[ 0.          0.10633222  0.55521403 -2.93826616 -2.19314778  0.7122609
  0.96006844  1.72753827]","[ 0.00000000e+00  5.29097849e-06  1.64145878e-04 -1.27988248e-04
 -9.00145929e-05 -1.43937355e-04  8.48478263e-05 -8.46556558e-05]","[ 0.         -0.09704234 11.65658855 -0.54049778 -3.4167521  -0.05224703
 -0.61353183  0.33423755]"
1747093062.5997887,"[ 0.          0.10633222  0.55521449 -2.9382667  -2.19314831  0.71225997
  0.96006844  1.72753827]","[ 0.00000000e+00  5.29097849e-06  1.64021952e-04 -1.34848148e-04
 -9.53105108e-05 -1.62737543e-04  8.48478263e-05 -8.46556558e-05]","[ 0.         -0.12129728 11.65346909 -0.54545707 -3.46461535 -0.04846881
 -0.60257638  0.3460269 ]"
1747093062.60157,"[ 0.          0.10633222  0.55521539 -2.93826696 -2.19314938  0.71225997
  0.96006844  1.72753827]","[ 0.00000000e+00  5.29097849e-06  1.69311312e-04 -1.37062111e-04
 -1.05900567e-04 -1.58203114e-04  8.47836692e-05 -8.46564929e-05]","[ 0.         -0.16081794 11.71981716 -0.56810117 -3.61157179 -0.05543058
 -0.61124492  0.33727309]"
1747093062.6035073,"[ 0.          0.10633222  0.55521586 -2.93826749 -2.19315018  0.71225997
  0.96006844  1.72753827]","[ 0.00000000e+00  5.29103081e-06  1.69439236e-04 -1.43554916e-04
 -1.13841985e-04 -1.53906053e-04  8.48478263e-05 -8.46564929e-05]","[ 0.         -0.17533296 11.74950314 -0.59235698 -3.64386582 -0.04579734
 -0.61578453  0.34064525]"
1747093062.6052392,"[ 0.          0.10633222  0.55521679 -2.93826803 -2.19315097  0.71225897
  0.96006844  1.72753827]","[ 0.00000000e+00  5.29097849e-06  1.69311312e-04 -1.49659039e-04
 -1.21784452e-04 -1.78018795e-04  8.47836692e-05 -7.40737029e-05]","[ 0.         -0.23959163 11.74191666 -0.64442837 -3.7605319  -0.0148493
 -0.63202202  0.35383675]"
1747093062.6064317,"[ 0.          0.10633222  0.55521726 -2.93826883 -2.19315204  0.71225897
  0.96006844  1.72753827]","[ 0.00000000e+00  0.00000000e+00  1.64020327e-04 -1.57500117e-04
 -1.37669385e-04 -1.73790214e-04  8.47836692e-05 -7.40737029e-05]","[ 0.         -0.27668333 11.74378395 -0.67081648 -3.84523225  0.0186093
 -0.62849683  0.36050084]"
1747093062.6082091,"[ 0.          0.10633222  0.55521769 -2.93826936 -2.19315257  0.71225897
  0.96006844  1.72753827]","[ 0.00000000e+00  0.00000000e+00  1.69311312e-04 -1.63093942e-04
 -1.42964352e-04 -1.73450638e-04  8.48478263e-05 -7.40744343e-05]","[ 0.         -0.31733778 11.72314167 -0.70325965 -3.875875    0.03608571
 -0.62330282  0.35999709]"
1747093062.609406,"[ 0.          0.10633222  0.55521815 -2.93826989 -2.19315337  0.71225897
  0.96006844  1.72753827]","[ 0.00000000e+00  0.00000000e+00  1.69311312e-04 -1.66227415e-04
 -1.45611844e-04 -1.52632583e-04  8.47836692e-05 -7.40744343e-05]","[ 0.         -0.37342474 11.70908356 -0.70879424 -3.93632269  0.03396278
 -0.64209652  0.35552177]"
1747093062.6118555,"[ 0.          0.10633222  0.55521815 -2.93827069 -2.19315444  0.71225897
  0.96006844  1.72753734]","[ 0.00000000e+00  0.00000000e+00  1.64020327e-04 -1.75528746e-04
 -1.61496777e-04 -1.48523473e-04  8.48478263e-05 -8.46556558e-05]","[ 0.         -0.39127859 11.702672   -0.76900488 -3.98211479  0.04435679
 -0.6566897   0.34814054]"
1747093062.6136298,"[ 0.          0.10633222  0.55521909 -2.93827122 -2.1931547   0.71225804
  0.96006844  1.72753734]","[ 0.00000000e+00 -5.29497611e-06  1.74602296e-04 -1.80522059e-04
 -1.64144252e-04 -1.69102472e-04  7.41857136e-05 -8.46556558e-05]","[ 0.         -0.43224713 11.71543503 -0.81629932 -3.9806807   0.03716471
 -0.6609382   0.34667042]"
1747093062.615467,"[ 0.          0.10633177  0.55521955 -2.93827202 -2.19315524  0.71225804
  0.96006937  1.72753734]","[ 0.00000000e+00 -7.93646773e-06  1.76463892e-04 -1.86733869e-04
 -1.69311312e-04 -1.45170953e-04  8.48486716e-05 -7.40744343e-05]","[ 0.         -0.47948232 11.71486473 -0.83763403 -3.94243598  0.03773554
 -0.62986988  0.34336218]"
1747093062.617232,"[ 0.          0.10633177  0.55522045 -2.93827309 -2.19315524  0.71225711
  0.96006937  1.72753734]","[ 0.00000000e+00 -7.94246417e-06  1.80791122e-04 -1.96039556e-04
 -1.69439236e-04 -1.64660988e-04  8.47836692e-05 -7.40737029e-05]","[ 0.         -0.51325834 11.66448402 -0.83575231 -3.86591649  0.02931505
 -0.62046236  0.36027512]"
1747093062.6190295,"[ 0.          0.10633177  0.55522092 -2.93827389 -2.19315524  0.71225711
  0.96006937  1.72753734]","[ 0.00000000e+00 -7.93646773e-06  1.86525111e-04 -2.01513584e-04
 -1.69439236e-04 -1.61036738e-04  7.42418490e-05 -7.40737029e-05]","[ 0.00000000e+00 -5.71310818e-01  1.16402369e+01 -8.72763932e-01
 -3.78567123e+00  8.91305134e-03 -6.10626996e-01  3.64039093e-01]"
1747093062.620854,"[ 0.          0.10633177  0.55522092 -2.93827495 -2.19315524  0.71225618
  0.96006937  1.72753734]","[ 0.00000000e+00 -7.94246417e-06  1.91803401e-04 -2.09947047e-04
 -1.69693962e-04 -1.71848532e-04  7.41857136e-05 -7.40737029e-05]","[ 0.00000000e+00 -5.72492778e-01  1.16055164e+01 -8.87344480e-01
 -3.64988351e+00  8.37828685e-03 -5.87967277e-01  3.53857815e-01]"
1747093062.622645,"[ 0.          0.10633177  0.55522092 -2.93827522 -2.19315524  0.71225618
  0.96006937  1.72753734]","[ 0.00000000e+00 -7.94246417e-06  1.96827256e-04 -2.10703880e-04
 -1.69695653e-04 -1.71848532e-04  7.41864532e-05 -7.40744343e-05]","[ 0.         -0.58883345 11.55216408 -0.92235166 -3.59162712  0.01308029
 -0.5754528   0.34835222]"
1747093062.6238089,"[ 0.          0.10633177  0.55522138 -2.93827628 -2.19315524  0.71225518
  0.96007037  1.72753734]","[ 0.00000000e+00 -7.94246417e-06  2.12110996e-04 -2.18789152e-04
 -1.69439236e-04 -1.87542424e-04  8.48478263e-05 -7.40737029e-05]","[ 0.00000000e+00 -6.03777707e-01  1.15169611e+01 -9.63301301e-01
 -3.52656698e+00  4.63779829e-03 -5.63728631e-01  3.71060103e-01]"
1747093062.6256623,"[ 0.          0.10633131  0.55522185 -2.93827708 -2.19315524  0.71225424
  0.96007037  1.72753734]","[ 0.00000000e+00 -1.32275773e-05  2.47027128e-04 -2.20896404e-04
 -1.69440910e-04 -2.07182717e-04  7.68351964e-05 -6.61372301e-05]","[ 0.00000000e+00 -6.07769847e-01  1.14815149e+01 -9.67304349e-01
 -3.41173005e+00  8.59282445e-03 -5.77227950e-01  3.77945185e-01]"
1747093062.6268616,"[ 0.          0.10633131  0.55522185 -2.93827761 -2.19315524  0.71225424
  0.96007037  1.72753734]","[ 0.00000000e+00 -1.32274462e-05  2.60742277e-04 -2.27917175e-04
 -1.69697343e-04 -2.02860282e-04  7.68933393e-05 -6.61372301e-05]","[ 0.00000000e+00 -6.12040341e-01  1.14749784e+01 -9.66593385e-01
 -3.37752199e+00 -9.97063890e-03 -5.70367754e-01  3.51097733e-01]"
1747093062.6292906,"[ 0.          0.10633131  0.55522228 -2.93827895 -2.19315524  0.71225331
  0.96007037  1.72753734]","[ 0.00000000e+00 -1.32375708e-05  2.76818430e-04 -2.53911246e-04
 -1.69695653e-04 -2.15269614e-04  7.68344325e-05 -6.61378843e-05]","[ 0.         -0.59948635 11.46247387 -0.96032381 -3.2824111  -0.03572981
 -0.57783723  0.33913195]"
1747093062.6310914,"[ 0.          0.10633131  0.55522275 -2.93828001 -2.1931547   0.71225231
  0.96007037  1.72753734]","[ 0.00000000e+00 -7.93646773e-06  2.73000344e-04 -2.86234681e-04
 -1.59089675e-04 -2.32595213e-04  6.62372408e-05 -6.61372301e-05]","[ 0.         -0.62019104 11.47053528 -0.97277862 -3.2429316  -0.06249185
 -0.56060988  0.35427758]"
1747093062.632368,"[ 0.          0.10633131  0.55522321 -2.93828028 -2.19315524  0.71225138
  0.96007037  1.72753641]","[ 0.00000000e+00 -7.95448397e-06  2.69374811e-04 -3.00780118e-04
 -1.64391030e-04 -2.43568903e-04  6.62372408e-05 -7.40737029e-05]","[ 0.         -0.60324746 11.5045414  -0.97212893 -3.22827363 -0.04957309
 -0.55694133  0.34445241]"
1747093062.634784,"[ 0.          0.10633131  0.55522415 -2.93828134 -2.19315524  0.71225138
  0.96007037  1.72753641]","[ 0.00000000e+00 -7.94846874e-06  2.82214192e-04 -3.17420876e-04
 -1.59089675e-04 -2.39235675e-04  6.62372408e-05 -6.61372301e-05]","[ 0.         -0.5817011  11.54635429 -0.96177769 -3.22846198 -0.04878043
 -0.57756871  0.34193298]"
1747093062.6365805,"[ 0.          0.10633131  0.55522458 -2.93828134 -2.19315524  0.71225045
  0.96007037  1.72753641]","[ 0.00000000e+00 -7.95448397e-06  2.77724497e-04 -3.28967169e-04
 -1.59089675e-04 -2.38881129e-04  5.83328791e-05 -6.61372301e-05]","[ 0.         -0.56741285 11.56681156 -0.93511134 -3.25354218 -0.05312453
 -0.58559477  0.34222084]"
1747093062.6377847,"[ 0.          0.10633131  0.55522505 -2.93828214 -2.19315577  0.71225045
  0.9600713   1.72753641]","[ 0.00000000e+00 -7.95448397e-06  2.73662233e-04 -3.48451937e-04
 -1.64392656e-04 -2.34379388e-04  6.62372408e-05 -6.61372301e-05]","[ 0.         -0.56848383 11.60002518 -0.88942564 -3.3147819  -0.06953794
 -0.59470707  0.34983006]"
1747093062.6395323,"[ 0.          0.10633131  0.55522641 -2.93828267 -2.19315657  0.71224952
  0.9600713   1.72753641]","[ 0.00000000e+00 -7.95448397e-06  2.81686957e-04 -3.61857208e-04
 -1.72218552e-04 -2.49686940e-04  6.62873661e-05 -6.61378843e-05]","[ 0.         -0.57508391 11.63445091 -0.86411726 -3.36783242 -0.05612248
 -0.59631419  0.35564163]"
1747093062.6413765,"[ 0.          0.10633131  0.55522734 -2.93828347 -2.1931571   0.71224852
  0.9600713   1.72753641]","[ 0.00000000e+00 -7.95440473e-06  2.78068868e-04 -3.86215997e-04
 -1.77650140e-04 -2.64761856e-04  6.62372408e-05 -6.61372301e-05]","[ 0.         -0.50432771 11.70605087 -0.83311927 -3.43740869 -0.04909571
 -0.60470212  0.3309553 ]"
1747093062.6425762,"[ 0.          0.10633131  0.55522827 -2.93828401 -2.19315763  0.71224759
  0.9600713   1.72753641]","[ 0.00000000e+00 -7.94846874e-06  2.86490139e-04 -4.06427608e-04
 -1.86761242e-04 -2.65132820e-04  5.82887721e-05 -5.82007654e-05]","[ 0.         -0.47053528 11.74873829 -0.81500781 -3.45689201 -0.03666877
 -0.62024945  0.33388972]"
1747093062.6444418,"[ 0.          0.10633131  0.55523011 -2.93828454 -2.19315843  0.71224759
  0.9600713   1.72753641]","[ 0.00000000e+00 -7.95448397e-06  3.20834775e-04 -4.13765215e-04
 -2.16363552e-04 -2.60041393e-04  5.82007654e-05 -5.82013384e-05]","[ 0.         -0.47003242 11.78027153 -0.76458597 -3.55312586 -0.05225967
 -0.64237612  0.34542951]"
1747093062.6462069,"[ 0.          0.10633131  0.555231   -2.93828454 -2.1931595   0.71224759
  0.9600713   1.72753641]","[ 0.00000000e+00 -7.95448397e-06  3.38780813e-04 -4.00844788e-04
 -2.12159174e-04 -2.60041393e-04  5.82007654e-05 -5.82013384e-05]","[ 0.         -0.45847669 11.81826591 -0.75190961 -3.60498524 -0.06198808
 -0.64795238  0.35382229]"
1747093062.6474352,"[ 0.          0.10633131  0.5552333  -2.93828507 -2.1931603   0.71224665
  0.9600713   1.72753641]","[ 0.00000000e+00 -7.95448397e-06  3.88815570e-04 -3.91474212e-04
 -2.18789152e-04 -2.65032805e-04  4.76192757e-05 -5.82007654e-05]","[ 0.         -0.43248805 11.87980747 -0.71190852 -3.68843317 -0.05764266
 -0.66782945  0.35742077]"
1747093062.6499112,"[ 0.          0.10633131  0.5552356  -2.93828587 -2.19316109  0.71224566
  0.9600713   1.72753641]","[ 0.00000000e+00 -7.94846874e-06  4.25710917e-04 -3.91464915e-04
 -2.10703880e-04 -2.78473056e-04  4.76192757e-05 -5.82007654e-05]","[ 0.         -0.40612757 11.95048141 -0.65749127 -3.73607516 -0.0612172
 -0.67128241  0.34778926]"
1747093062.6516724,"[ 0.          0.10633131  0.55523836 -2.9382864  -2.19316163  0.71224472
  0.9600713   1.72753641]","[ 0.00000000e+00 -7.95448397e-06  5.07636475e-04 -3.82522844e-04
 -2.04102316e-04 -2.87312364e-04  4.76547840e-05 -5.82007654e-05]","[ 0.         -0.40231356 11.9851017  -0.61614895 -3.73325944 -0.07278047
 -0.69132125  0.33761731]"
1747093062.6534863,"[ 0.          0.10633131  0.55523973 -2.93828667 -2.19316216  0.71224379
  0.9600713   1.72753641]","[ 0.00000000e+00 -7.95448397e-06  5.53898821e-04 -3.80012119e-04
 -2.10905730e-04 -3.05264255e-04  4.76188043e-05 -5.82007654e-05]","[ 0.         -0.38705945 11.98505497 -0.5948652  -3.73518682 -0.06860527
 -0.69600409  0.33407325]"
1747093062.6547108,"[ 0.          0.10633131  0.55524296 -2.9382872  -2.19316269  0.71224186
  0.9600713   1.72753547]","[ 0.00000000e+00 -7.94846874e-06  7.67028170e-04 -3.85371958e-04
 -2.12159174e-04 -3.25856615e-04  4.76188043e-05 -5.55552731e-05]","[ 0.         -0.36966977 12.00729847 -0.54608476 -3.68859291 -0.07949709
 -0.69872451  0.33778659]"
1747093062.6571097,"[ 0.          0.10633131  0.55524618 -2.93828773 -2.19316349  0.71224093
  0.9600713   1.72753547]","[ 0.00000000e+00 -7.95448397e-06  1.14569827e-03 -3.73980183e-04
 -2.15474163e-04 -3.33119353e-04  4.76188043e-05 -5.55552731e-05]","[ 0.         -0.32888508 12.03729534 -0.50885576 -3.68256831 -0.10547742
 -0.71164989  0.34089455]"
1747093062.660013,"[ 0.          0.10633131  0.55524938 -2.93828827 -2.19316349  0.712239
  0.9600713   1.72753547]","[ 0.00000000e+00 -7.95456321e-06  1.40832406e-03 -3.67315941e-04
 -2.15474163e-04 -3.56020978e-04  4.76188043e-05 -5.55552731e-05]","[ 0.         -0.30857524 12.01721478 -0.49997073 -3.66250825 -0.12627472
 -0.70180601  0.34358075]"
1747093062.664306,"[ 0.          0.10633131  0.5552604  -2.93828907 -2.19316402  0.71223427
  0.9600713   1.72753547]","[ 0.00000000e+00 -7.95448397e-06  1.94692771e-03 -3.40108038e-04
 -2.22104140e-04 -3.99453065e-04  4.76188043e-05 -5.55552731e-05]","[ 0.         -0.307917   12.00492477 -0.47011924 -3.53240538 -0.16507697
 -0.68392932  0.33346364]"
1747093062.6681423,"[ 0.          0.10633131  0.55527235 -2.93829013 -2.19316402  0.71223048
  0.9600713   1.72753547]","[ 0.00000000e+00 -7.95448397e-06  2.75514756e-03 -3.25664290e-04
 -2.39852392e-04 -4.27939363e-04  4.76188043e-05 -4.76188043e-05]","[ 0.         -0.28973773 11.95450783 -0.47428268 -3.37392282 -0.19474356
 -0.6924569   0.33345023]"
1747093062.6724255,"[ 0.          0.10633131  0.55528656 -2.93829093 -2.19316402  0.71222954
  0.9600713   1.72753547]","[ 0.00000000e+00 -7.95448397e-06  3.51045801e-03 -3.03591652e-04
 -2.17337758e-04 -4.16748008e-04  4.76192757e-05 -4.76192757e-05]","[ 0.         -0.25320283 11.85684776 -0.44499415 -3.33966899 -0.18861803
 -0.67644548  0.33828059]"
1747093062.676145,"[ 0.          0.10633131  0.55530218 -2.93829173 -2.19316429  0.71222761
  0.9600713   1.72753547]","[ 0.00000000e+00 -7.94846874e-06  3.90764742e-03 -2.86687113e-04
 -1.87870833e-04 -4.29797204e-04  4.76188043e-05 -4.76192757e-05]","[ 0.         -0.255595   11.7759037  -0.48153594 -3.34294534 -0.17162104
 -0.65298414  0.35006016]"
1747093062.6792057,"[ 0.          0.10633131  0.55531183 -2.93829333 -2.19316482  0.71222668
  0.9600713   1.72753547]","[ 0.00000000e+00 -7.94838950e-06  3.31238957e-03 -2.86355714e-04
 -1.76817154e-04 -4.19522285e-04  4.76192757e-05 -3.70368514e-05]","[ 0.         -0.23203346 11.78299141 -0.50421858 -3.39207721 -0.1459309
 -0.65890104  0.34038344]"
1747093062.682896,"[ 0.          0.10633131  0.55531779 -2.93829359 -2.19316589  0.71222568
  0.9600713   1.72753547]","[ 0.00000000e+00 -7.95448397e-06  2.18563342e-03 -2.65244733e-04
 -1.79293988e-04 -4.27229165e-04  4.76188043e-05 -3.70928568e-05]","[ 0.         -0.21263072 11.76506233 -0.51489246 -3.53082991 -0.14073351
 -0.65162671  0.35640168]"
1747093062.6859095,"[ 0.          0.10633131  0.55532055 -2.93829466 -2.19316802  0.71222475
  0.9600713   1.72753547]","[ 0.00000000e+00 -7.95456321e-06  6.62313144e-04 -2.70427608e-04
 -1.97298917e-04 -4.18782309e-04  3.70368514e-05 -3.70928568e-05]","[ 0.         -0.12755956 11.78425884 -0.50340319 -3.67509794 -0.14070854
 -0.66940451  0.34456348]"
1747093062.689601,"[ 0.          0.10633131  0.55532102 -2.93829546 -2.19316935  0.71222382
  0.9600713   1.72753547]","[ 0.00000000e+00 -7.95448397e-06  2.64925248e-04 -2.65040916e-04
 -2.06309501e-04 -4.26307300e-04  3.70092754e-05 -3.70928568e-05]","[ 0.         -0.06869954 11.81281567 -0.47658685 -3.72941041 -0.13713838
 -0.68410397  0.35609981]"
1747093062.6932254,"[ 0.          0.10633177  0.55532238 -2.93829599 -2.19317095  0.71222282
  0.9600713   1.72753547]","[ 0.00000000e+00 -5.30298914e-06  3.07220306e-04 -2.50754854e-04
 -2.03037262e-04 -4.42591658e-04  3.70372172e-05 -2.64948971e-05]","[ 0.          0.03872173 11.81574535 -0.41359508 -3.81064463 -0.13086909
 -0.67923772  0.36204261]"
1747093062.6968555,"[ 0.          0.10633177  0.55532425 -2.93829599 -2.19317175  0.71222189
  0.9600713   1.72753547]","[ 0.00000000e+00 -5.29897933e-06  3.97437294e-04 -2.36881254e-04
 -2.04622448e-04 -4.49716947e-04  2.91003827e-05 -2.64948971e-05]","[ 0.          0.14600742 11.80846691 -0.35568807 -3.78667688 -0.16369487
 -0.68011403  0.36692598]"
1747093062.7013898,"[ 0.          0.10633177  0.55532608 -2.93829652 -2.19317228  0.71221902
  0.9600713   1.72753547]","[ 0.00000000e+00 -5.30298914e-06  4.60000546e-04 -2.18539643e-04
 -2.02230999e-04 -4.78711853e-04  2.91003827e-05 -2.64948971e-05]","[ 0.          0.23303337 11.80878162 -0.28572741 -3.74600506 -0.16276979
 -0.67502135  0.34596214]"
1747093062.7032585,"[ 0.          0.10633222  0.55532838 -2.93829599 -2.19317308  0.71221716
  0.9600713   1.72753547]","[ 0.00000000e+00  0.00000000e+00  5.31341827e-04 -1.99937014e-04
 -2.16782841e-04 -4.84741287e-04  2.91003827e-05 -2.65149452e-05]","[ 0.          0.32113603 11.86580372 -0.17483455 -3.71969104 -0.14807203
 -0.69234115  0.34090462]"
1747093062.7060325,"[ 0.          0.10633222  0.55532974 -2.93829599 -2.19317361  0.7122143
  0.9600713   1.72753547]","[ 0.00000000e+00  0.00000000e+00  5.13324593e-04 -1.87411363e-04
 -2.54178180e-04 -5.29897016e-04  2.91006692e-05 -2.65149452e-05]","[ 0.          0.4387067  11.91163921 -0.14379883 -3.69895101 -0.1910961
 -0.67919296  0.34883311]"
1747093062.7090957,"[ 0.          0.10633222  0.55533157 -2.93829652 -2.19317414  0.71221336
  0.9600713   1.72753547]","[ 0.00000000e+00  0.00000000e+00  5.60510235e-04 -1.79800580e-04
 -2.49318236e-04 -5.13542860e-04  2.90784288e-05 -2.65152094e-05]","[ 0.          0.51092964 11.93884754 -0.09005379 -3.71074653 -0.21511218
 -0.69558001  0.33999628]"
1747093062.7115133,"[ 0.          0.10633222  0.55533297 -2.93829599 -2.19317494  0.71221143
  0.9600713   1.72753547]","[ 0.00000000e+00  0.00000000e+00  5.90010726e-04 -1.61610478e-04
 -2.53585341e-04 -5.54510906e-04  2.91006692e-05 -1.85604623e-05]","[ 0.          0.55124658 11.98944473 -0.06605538 -3.76511574 -0.21421202
 -0.70387673  0.33669189]"
1747093062.713939,"[ 0.          0.10633268  0.5553348  -2.93829599 -2.19317627  0.7122105
  0.9600713   1.72753547]","[ 0.00000000e+00  7.93646773e-06  5.96141133e-04 -1.54747556e-04
 -2.45383328e-04 -5.38148232e-04  2.91006692e-05 -1.85604623e-05]","[ 0.          0.58736295 12.05008316 -0.05136019 -3.80343056 -0.16502559
 -0.72768623  0.34486935]"
1747093062.71698,"[ 0.          0.10633268  0.5553371  -2.93829652 -2.19317734  0.7122105
  0.9600713   1.72753547]","[ 0.00000000e+00  7.93654595e-06  6.27335813e-04 -1.43024575e-04
 -2.42109106e-04 -5.17480385e-04  1.85046377e-05 -1.85604623e-05]","[ 0.          0.57519591 12.12434196 -0.0392339  -3.78218913 -0.09749244
 -0.75561446  0.35237652]"
1747093062.72012,"[ 0.          0.10633268  0.55533893 -2.93829652 -2.19317814  0.7122105
  0.9600713   1.72753547]","[ 0.00000000e+00  7.93646773e-06  6.21534725e-04 -1.40763554e-04
 -2.42632863e-04 -4.89079294e-04  1.85184257e-05 -1.85604623e-05]","[ 0.          0.62441236 12.19733143 -0.08152305 -3.81471539 -0.07280569
 -0.7231198   0.35936776]"
1747093062.7226117,"[ 0.          0.10633268  0.55534029 -2.93829652 -2.1931792   0.7122095
  0.9600713   1.72753547]","[ 0.00000000e+00  7.93654595e-06  6.29249635e-04 -1.30176595e-04
 -2.49405654e-04 -4.90039001e-04  1.85184257e-05 -1.85604623e-05]","[ 0.          0.61517018 12.19268608 -0.06901266 -3.87068009 -0.09042823
 -0.72518498  0.35559177]"
1747093062.7266712,"[ 0.          0.10633314  0.55534216 -2.93829652 -2.19318107  0.71220764
  0.9600713   1.72753547]","[ 0.00000000e+00  1.32275773e-05  6.32725268e-04 -1.25977345e-04
 -2.61467430e-04 -4.73972129e-04  1.05740785e-05 -1.85464284e-05]","[ 0.          0.62376791 12.22268009 -0.07836149 -3.90018249 -0.12128177
 -0.76286644  0.34264448]"
1747093062.7296846,"[ 0.          0.10633314  0.55534535 -2.93829652 -2.1931824   0.71220671
  0.9600713   1.72753547]","[ 0.00000000e+00  1.85184257e-05  6.32701016e-04 -1.13900705e-04
 -2.99046528e-04 -4.32489461e-04  1.05820616e-05 -1.85604623e-05]","[ 0.          0.63608479 12.24757957 -0.14729641 -3.85264564 -0.10114754
 -0.73694956  0.35247052]"
1747093062.732047,"[ 0.          0.10633314  0.55534629 -2.93829652 -2.19318267  0.71220671
  0.9600713   1.72753547]","[ 0.00000000e+00  1.85184257e-05  6.32725268e-04 -9.76291709e-05
 -3.31825125e-04 -4.05215369e-04  1.05820616e-05 -1.05979587e-05]","[ 0.          0.60438704 12.21128654 -0.18781482 -3.88007951 -0.06820583
 -0.75329918  0.35127366]"
1747093062.7350476,"[ 0.          0.10633314  0.55534718 -2.93829679 -2.19318453  0.71220571
  0.9600713   1.72753547]","[ 0.00000000e+00  1.85184257e-05  5.88370567e-04 -1.00073691e-04
 -3.34337639e-04 -3.74044941e-04  1.05819570e-05 -1.06059783e-05]","[ 0.          0.56444401 12.16159153 -0.18700992 -3.88772225 -0.07470696
 -0.73067176  0.36080545]"
1747093062.7374842,"[ 0.          0.10633314  0.55534765 -2.93829679 -2.1931856   0.71220478
  0.9600713   1.72753547]","[ 0.00000000e+00  1.85184257e-05  5.80166523e-04 -9.60707405e-05
 -3.37857419e-04 -3.74044941e-04  1.05820616e-05 -1.06059783e-05]","[ 0.          0.5425387  12.16100407 -0.22125697 -3.89589643 -0.06528429
 -0.7232151   0.35144871]"
1747093062.7399676,"[ 0.          0.10633314  0.55534902 -2.93829732 -2.19318613  0.71220478
  0.9600713   1.72753441]","[ 0.00000000e+00  1.85184257e-05  5.58275026e-04 -9.33037448e-05
 -3.31870996e-04 -3.57203211e-04  0.00000000e+00 -2.12119566e-05]","[ 0.          0.48398626 12.19480228 -0.29426226 -3.88370323 -0.04039731
 -0.74281746  0.35085014]"
1747093062.7423782,"[ 0.          0.10633314  0.55535041 -2.93829785 -2.19318693  0.71220478
  0.9600713   1.72753441]","[ 0.00000000e+00  1.85186086e-05  5.64509333e-04 -9.96448201e-05
 -3.35308333e-04 -3.52189823e-04  0.00000000e+00 -2.12119566e-05]","[ 0.          0.4319475  12.19144535 -0.32967263 -3.88636637 -0.04362547
 -0.71991181  0.34567615]"
1747093062.7453537,"[ 0.          0.10633314  0.55535131 -2.93829919 -2.19318879  0.71220384
  0.9600713   1.72753441]","[ 0.00000000e+00  1.85184257e-05  5.21720312e-04 -1.07960453e-04
 -3.47427439e-04 -3.41510944e-04  0.00000000e+00 -2.12119566e-05]","[ 0.          0.39909106 12.1690712  -0.3443504  -3.92585397 -0.04943772
 -0.72380173  0.34299096]"
1747093062.7477024,"[ 0.          0.10633314  0.55535224 -2.93830052 -2.19319066  0.71220285
  0.9600713   1.72753441]","[ 0.00000000e+00  1.85184257e-05  4.85109162e-04 -1.21424517e-04
 -3.84319373e-04 -3.43195445e-04  0.00000000e+00 -2.11959173e-05]","[ 0.          0.31422374 12.12996483 -0.40039444 -3.95486927 -0.02480366
 -0.73780382  0.35651764]"
1747093062.7500198,"[ 0.          0.10633314  0.55535318 -2.93830158 -2.19319199  0.71220285
  0.9600713   1.72753441]","[ 0.00000000e+00  1.85186086e-05  4.77506734e-04 -1.32211701e-04
 -4.23474082e-04 -3.32466144e-04  0.00000000e+00 -2.12119566e-05]","[ 0.          0.246208   12.13437176 -0.43846223 -3.93263245 -0.02669649
 -0.7100901   0.35062337]"
1747093062.7523146,"[ 0.          0.10633314  0.55535408 -2.93830238 -2.19319279  0.71220285
  0.9600713   1.72753441]","[ 0.00000000e+00  1.85324169e-05  4.57527369e-04 -1.38932225e-04
 -4.39666440e-04 -3.28123228e-04  0.00000000e+00 -2.12119566e-05]","[ 0.          0.20081307 12.13413715 -0.45287839 -3.90170431 -0.02991205
 -0.6971792   0.35692188]"
1747093062.7539682,"[ 0.          0.10633314  0.55535501 -2.93830345 -2.19319332  0.71220191
  0.9600713   1.72753441]","[ 0.00000000e+00  1.85184257e-05  4.38813819e-04 -1.48754094e-04
 -4.32902329e-04 -3.27797517e-04  0.00000000e+00 -2.12121679e-05]","[ 0.          0.1614823  12.12402153 -0.44067305 -3.85788131 -0.02412359
 -0.72020572  0.35628614]"
1747093062.7556777,"[ 0.          0.10633314  0.55535591 -2.93830425 -2.19319385  0.71220098
  0.9600713   1.72753441]","[ 0.00000000e+00  1.85325998e-05  4.42004345e-04 -1.54737494e-04
 -4.22325952e-04 -3.23570756e-04  0.00000000e+00 -1.05820616e-05]","[ 0.          0.0964993  12.09939671 -0.44604564 -3.86054873 -0.03457499
 -0.73121071  0.36257541]"
1747093062.7580395,"[ 0.          0.10633314  0.55535684 -2.93830505 -2.19319438  0.71220098
  0.9600713   1.72753441]","[ 0.00000000e+00  1.85184257e-05  4.28531910e-04 -1.60573643e-04
 -4.25136998e-04 -3.19455698e-04  0.00000000e+00 -1.05899522e-05]","[ 0.          0.05069453 12.11851978 -0.44603956 -3.83089089 -0.0438708
 -0.72082484  0.35401323]"
1747093062.7598522,"[ 0.          0.10633314  0.5553582  -2.93830664 -2.19319438  0.71220005
  0.9600713   1.72753441]","[ 0.00000000e+00  1.85324169e-05  4.39821802e-04 -1.75222135e-04
 -4.12254053e-04 -3.25619557e-04  0.00000000e+00 -1.05820616e-05]","[ 0.00000000e+00 -1.14265997e-02  1.21358862e+01 -4.47599113e-01
 -3.75572395e+00 -4.36437130e-02 -7.11373866e-01  3.42360348e-01]"
1747093062.7622652,"[ 0.          0.10633314  0.5553596  -2.93830797 -2.19319465  0.71219905
  0.9600713   1.72753441]","[ 0.00000000e+00  1.85186086e-05  4.38807252e-04 -1.86350650e-04
 -4.01920228e-04 -3.38854739e-04  0.00000000e+00 -1.05899522e-05]","[ 0.         -0.03095765 12.1247673  -0.45794365 -3.71781421 -0.02828147
 -0.71755677  0.36128902]"
1747093062.7639444,"[ 0.          0.10633314  0.55536097 -2.93830984 -2.19319518  0.71219812
  0.9600713   1.72753441]","[ 0.00000000e+00  1.85324169e-05  4.51996108e-04 -2.02702709e-04
 -3.92787555e-04 -3.43782985e-04  0.00000000e+00 -1.05819570e-05]","[ 0.         -0.07207575 12.11902905 -0.4735944  -3.71274567 -0.03104855
 -0.70541203  0.34877598]"
1747093062.766426,"[ 0.          0.10633314  0.55536143 -2.9383117  -2.19319572  0.71219719
  0.9600713   1.72753441]","[ 0.00000000e+00  1.85184257e-05  4.54389312e-04 -2.14098191e-04
 -3.84060729e-04 -3.49098027e-04  0.00000000e+00 -1.05899522e-05]","[ 0.         -0.12915397 12.14217567 -0.46479839 -3.67183781 -0.0441085
 -0.69039339  0.35839295]"
1747093062.7675638,"[ 0.          0.10633314  0.5553628  -2.9383133  -2.19319598  0.71219619
  0.9600713   1.72753441]","[ 0.00000000e+00  1.85325998e-05  4.69982199e-04 -2.24222511e-04
 -3.72058819e-04 -3.53605765e-04  0.00000000e+00 -1.05820616e-05]","[ 0.         -0.16471356 12.14081478 -0.45632899 -3.66706252 -0.03953522
 -0.69414884  0.38212687]"
1747093062.7692428,"[ 0.          0.10633314  0.55536463 -2.9383157  -2.19319705  0.71219526
  0.9600713   1.72753441]","[ 0.00000000e+00  1.85184257e-05  5.05691346e-04 -2.68091295e-04
 -3.75713221e-04 -3.53605765e-04  0.00000000e+00 -1.05899522e-05]","[ 0.         -0.19473879 12.16029358 -0.46599591 -3.65863919 -0.04187484
 -0.6962629   0.35975489]"
1747093062.7716002,"[ 0.          0.10633314  0.55536556 -2.93831676 -2.19319705  0.71219432
  0.9600713   1.72753441]","[ 0.00000000e+00  1.85184257e-05  5.35894168e-04 -3.17294805e-04
 -3.67118934e-04 -3.58929324e-04  0.00000000e+00 -1.05899522e-05]","[ 0.         -0.20336513 12.17799568 -0.4600879  -3.65167713 -0.03800016
 -0.6962629   0.35534123]"
1747093062.7740262,"[ 0.          0.10633314  0.55536832 -2.93832076 -2.19319785  0.71219239
  0.9600713   1.72753441]","[ 0.00000000e+00  1.85184257e-05  5.70890387e-04 -6.90874636e-04
 -3.49925778e-04 -3.75036832e-04  0.00000000e+00 -1.05899522e-05]","[ 0.         -0.23589428 12.22757816 -0.49126482 -3.63547993 -0.01372123
 -0.69188583  0.34815937]"
1747093062.7757468,"[ 0.          0.10633314  0.55537062 -2.93832342 -2.19319944  0.71219146
  0.9600713   1.72753441]","[ 0.00000000e+00  1.85324169e-05  6.49060992e-04 -9.31087215e-04
 -3.75341899e-04 -3.79930521e-04  0.00000000e+00 -1.05899522e-05]","[ 0.         -0.26752746 12.23331356 -0.49464917 -3.63342929 -0.0235147
 -0.70599246  0.34306639]"
1747093062.7773983,"[ 0.          0.10633314  0.55537245 -2.93832662 -2.19320024  0.71219053
  0.9600713   1.72753441]","[ 0.00000000e+00  1.85184257e-05  7.31783352e-04 -1.15912006e-03
 -3.86224384e-04 -3.80163060e-04  0.00000000e+00 -1.05819570e-05]","[ 0.         -0.27105346 12.2360096  -0.51899236 -3.67679977 -0.03934643
 -0.71555007  0.34731871]"
1747093062.7797883,"[ 0.          0.10633268  0.55537428 -2.93833008 -2.19320211  0.71218953
  0.9600713   1.72753441]","[ 0.00000000e+00  1.32374398e-05  8.05488416e-04 -1.30232530e-03
 -3.94638342e-04 -3.79283911e-04  0.00000000e+00 -1.05900569e-05]","[ 0.         -0.28657094 12.25331211 -0.54737478 -3.6906693  -0.03648037
 -0.69847953  0.36496052]"
1747093062.7814746,"[ 0.          0.10633268  0.55537658 -2.93833327 -2.19320291  0.7121886
  0.9600713   1.72753441]","[ 0.00000000e+00  1.32274462e-05  8.87587899e-04 -1.45733051e-03
 -4.01032009e-04 -3.87779076e-04  0.00000000e+00 -1.05819570e-05]","[ 0.         -0.27772719 12.25544834 -0.53492588 -3.71439433 -0.01531825
 -0.70906067  0.3837848 ]"
1747093062.7838316,"[ 0.          0.10633268  0.55537888 -2.93833727 -2.19320424  0.71218767
  0.9600713   1.72753441]","[ 0.00000000e+00  1.32374398e-05  9.69437060e-04 -1.62210710e-03
 -4.12654470e-04 -3.89386628e-04  0.00000000e+00 -1.05899522e-05]","[ 0.         -0.26210412 12.27872372 -0.54710561 -3.71884251 -0.02503417
 -0.72361439  0.37563235]"
1747093062.7861924,"[ 0.          0.10633268  0.55538071 -2.9383418  -2.19320584  0.71218573
  0.9600713   1.72753441]","[ 0.00000000e+00  1.32275773e-05  9.98548870e-04 -1.83519549e-03
 -4.16720732e-04 -3.92088313e-04  0.00000000e+00 -1.05820616e-05]","[ 0.         -0.2805512  12.2895155  -0.57849413 -3.6982379  -0.01964862
 -0.71041214  0.35777301]"
1747093062.7879162,"[ 0.          0.10633268  0.555383   -2.93834686 -2.1932077   0.7121848
  0.9600713   1.72753441]","[ 0.00000000e+00  1.32374398e-05  1.03158806e-03 -2.10645509e-03
 -4.27484103e-04 -3.96746536e-04  0.00000000e+00 -1.05899522e-05]","[ 0.         -0.27357256 12.28888512 -0.58837312 -3.71201539 -0.01838538
 -0.70765704  0.35408792]"
1747093062.7901862,"[ 0.          0.10633268  0.5553853  -2.93835245 -2.19320983  0.71218387
  0.9600713   1.72753441]","[ 0.00000000e+00  1.32274462e-05  1.05983278e-03 -2.45365640e-03
 -4.44634445e-04 -3.79930521e-04  0.00000000e+00 -1.05819570e-05]","[ 0.         -0.28227311 12.30759144 -0.58412158 -3.72733927 -0.02286871
 -0.71995509  0.35068542]"
1747093062.7924645,"[ 0.          0.10633268  0.5553876  -2.93835804 -2.19321169  0.71218194
  0.9600713   1.72753441]","[ 0.00000000e+00  7.94254290e-06  1.06486509e-03 -2.71070970e-03
 -4.95358301e-04 -3.96742050e-04  0.00000000e+00 -1.05900569e-05]","[ 0.00000000e+00 -2.69922256e-01  1.23153906e+01 -5.92906296e-01
 -3.74161530e+00 -7.82234222e-03 -7.30063736e-01  3.47975343e-01]"
1747093062.7942598,"[ 0.          0.10633268  0.55538943 -2.93836337 -2.19321356  0.71218101
  0.9600713   1.72753441]","[ 0.00000000e+00  7.94254290e-06  1.05983278e-03 -2.72019747e-03
 -5.70373229e-04 -3.79930521e-04  0.00000000e+00 -1.05819570e-05]","[ 0.00000000e+00 -2.33834386e-01  1.22947340e+01 -6.10463500e-01
 -3.75534987e+00  1.85655872e-03 -7.18411088e-01  3.55689168e-01]"
1747093062.7958868,"[ 0.          0.10633268  0.55539173 -2.93836896 -2.19321489  0.71217908
  0.9600713   1.72753441]","[ 0.00000000e+00  7.94246417e-06  1.09923430e-03 -2.75514756e-03
 -6.71846363e-04 -3.96742050e-04  0.00000000e+00 -1.05899522e-05]","[ 0.00000000e+00 -2.29198948e-01  1.22791252e+01 -6.20734870e-01
 -3.75609517e+00 -1.33065693e-03 -7.03821540e-01  3.60178351e-01]"
1747093062.797673,"[ 0.          0.10633268  0.55539402 -2.93837455 -2.19321675  0.71217721
  0.9600713   1.72753441]","[ 0.00000000e+00  7.94246417e-06  1.09930752e-03 -2.72064558e-03
 -7.94183245e-04 -3.93481271e-04  0.00000000e+00 -1.05819570e-05]","[ 0.00000000e+00 -2.12736666e-01  1.22426109e+01 -6.15715683e-01
 -3.73937654e+00 -7.44640920e-03 -7.01400578e-01  3.62995505e-01]"
1747093062.79946,"[ 0.          0.10633268  0.55539542 -2.93837722 -2.19321755  0.71217621
  0.9600713   1.72753441]","[ 0.00000000e+00  7.94246417e-06  1.09930752e-03 -2.75514756e-03
 -8.20794050e-04 -4.06133822e-04  0.00000000e+00 -1.05820616e-05]","[ 0.00000000e+00 -2.05512106e-01  1.22224970e+01 -6.20102167e-01
 -3.73531318e+00 -4.84245084e-03 -6.99779987e-01  3.62583995e-01]"
1747093062.8012135,"[ 0.          0.10633314  0.55539772 -2.93838174 -2.19321942  0.71217435
  0.9600713   1.72753441]","[ 0.00000000e+00  1.32374398e-05  1.13469349e-03 -2.57739612e-03
 -8.34597560e-04 -4.27806953e-04  0.00000000e+00 -1.05899522e-05]","[ 0.00000000e+00 -1.65461138e-01  1.22110195e+01 -6.16639197e-01
 -3.71625996e+00 -8.73485673e-03 -7.00106740e-01  3.51631999e-01]"
1747093062.8030052,"[ 0.          0.10633268  0.55539955 -2.93838601 -2.19322128  0.71217242
  0.9600713   1.72753441]","[ 0.00000000e+00  5.29497611e-06  1.09370070e-03 -2.39964468e-03
 -8.95086167e-04 -4.59261707e-04  0.00000000e+00 -1.05819570e-05]","[ 0.00000000e+00 -1.25873134e-01  1.21902800e+01 -6.02070212e-01
 -3.71782780e+00 -6.52539963e-03 -6.87843084e-01  3.50855142e-01]"
1747093062.8048024,"[ 0.          0.10633314  0.55540185 -2.93838973 -2.19322368  0.71217055
  0.9600713   1.72753441]","[ 0.00000000e+00  7.95440473e-06  1.09923430e-03 -2.06242490e-03
 -9.40112054e-04 -4.92206167e-04  0.00000000e+00 -1.05900569e-05]","[ 0.00000000e+00 -1.24698050e-01  1.21563101e+01 -5.66503882e-01
 -3.70822215e+00 -2.25437875e-03 -6.83630884e-01  3.44686866e-01]"
1747093062.807267,"[ 0.          0.10633314  0.55540458 -2.93839186 -2.19322608  0.71216862
  0.9600713   1.72753441]","[ 0.00000000e+00  7.94254290e-06  1.12905612e-03 -1.66749254e-03
 -9.73517756e-04 -5.36450499e-04  0.00000000e+00 -1.05819570e-05]","[ 0.00000000e+00 -1.20829925e-01  1.21277695e+01 -5.40485084e-01
 -3.71591425e+00 -1.12777445e-02 -6.98685884e-01  3.49809945e-01]"
1747093062.8089883,"[ 0.          0.10633314  0.55540734 -2.93839479 -2.19322874  0.71216669
  0.9600713   1.72753441]","[ 0.00000000e+00  7.95448397e-06  1.17654257e-03 -1.46644950e-03
 -9.94180531e-04 -5.90154937e-04  0.00000000e+00 -1.05819570e-05]","[ 0.00000000e+00 -7.32090920e-02  1.20833511e+01 -5.16782641e-01
 -3.74961638e+00 -1.18808225e-02 -7.03473568e-01  3.49696994e-01]"
1747093062.8100953,"[ 0.          0.10633314  0.55541057 -2.93839613 -2.19323193  0.71216483
  0.9600713   1.72753441]","[ 0.00000000e+00  7.96050683e-06  1.24570257e-03 -1.06650876e-03
 -1.07656050e-03 -6.69365839e-04  0.00000000e+00 -1.05820616e-05]","[ 0.         -0.07061879 12.03847599 -0.48626485 -3.77354002 -0.01876123
 -0.70001817  0.3508845 ]"
1747093062.8118012,"[ 0.          0.10633314  0.55541193 -2.93839666 -2.1932338   0.7121639
  0.9600713   1.72753441]","[ 0.00000000e+00  7.96042758e-06  1.26457682e-03 -9.33350902e-04
 -1.18126097e-03 -6.92947754e-04  0.00000000e+00 -1.05819570e-05]","[ 0.         -0.05195717 12.02115154 -0.47875372 -3.76714492 -0.012148
 -0.69883162  0.35028979]"
1747093062.813453,"[ 0.          0.10633314  0.5554147  -2.93839692 -2.19323779  0.71216197
  0.9600713   1.72753441]","[ 0.00000000e+00  5.30298914e-06  1.30627154e-03 -5.70457948e-04
 -1.40832406e-03 -7.34516083e-04  0.00000000e+00 -1.05819570e-05]","[ 0.         -0.02724383 12.01422024 -0.47443378 -3.78273654 -0.02405355
 -0.69570547  0.34131014]"
1747093062.8158066,"[ 0.          0.10633314  0.55541836 -2.93839746 -2.19324205  0.71216003
  0.9600713   1.72753441]","[ 0.00000000e+00  5.30700455e-06  1.45720971e-03 -3.11065050e-04
 -1.67037638e-03 -7.60919674e-04  0.00000000e+00 -1.05819570e-05]","[ 0.          0.02779826 11.99165249 -0.44290996 -3.76372433 -0.02570303
 -0.69769311  0.33850875]"
1747093062.8181674,"[ 0.          0.10633314  0.55542249 -2.93839826 -2.19324765  0.71215817
  0.9600713   1.72753441]","[ 0.00000000e+00  5.30293632e-06  1.63659415e-03 -2.63288291e-04
 -2.09442223e-03 -7.77513716e-04  0.00000000e+00 -1.05819570e-05]","[ 0.          0.02993063 11.93767166 -0.40188864 -3.77838159 -0.03816919
 -0.7142359   0.34326583]"
1747093062.8198788,"[ 0.          0.10633314  0.55542618 -2.93839879 -2.19325351  0.71215624
  0.9600713   1.72753441]","[ 0.00000000e+00  5.30298914e-06  1.75540430e-03 -3.11065050e-04
 -2.55669576e-03 -7.95912740e-04  0.00000000e+00 -1.05819570e-05]","[ 0.          0.03150238 11.88426208 -0.3513664  -3.81576204 -0.03460875
 -0.71580827  0.35735345]"
1747093062.821081,"[ 0.          0.10633314  0.55542801 -2.93839879 -2.1932567   0.71215531
  0.9600713   1.72753441]","[ 0.00000000e+00  5.30298914e-06  1.76993426e-03 -2.67117463e-04
 -2.80840844e-03 -8.12972120e-04  0.00000000e+00 -1.05739739e-05]","[ 0.          0.06004739 11.87316036 -0.34236914 -3.82783198 -0.04787825
 -0.72081304  0.351659  ]"
1747093062.8229284,"[ 0.          0.10633314  0.55543214 -2.93839985 -2.19326443  0.71215338
  0.9600713   1.72753441]","[ 0.00000000e+00  5.30298914e-06  1.93088698e-03 -3.39737042e-04
 -3.35089175e-03 -8.53411467e-04  0.00000000e+00 -1.05819570e-05]","[ 0.          0.08300418 11.86944866 -0.31337747 -3.8240397  -0.04764521
 -0.72165716  0.33957484]"
1747093062.8247201,"[ 0.          0.10633314  0.5554358  -2.93840012 -2.19327428  0.71215058
  0.9600713   1.72753441]","[ 0.00000000e+00  0.00000000e+00  1.94714344e-03 -2.67486362e-04
 -4.37126684e-03 -9.19412219e-04  0.00000000e+00 -1.05819570e-05]","[ 0.          0.11251917 11.82708645 -0.30373195 -3.79183459 -0.03108146
 -0.71291023  0.34025961]"
1747093062.8265646,"[ 0.          0.10633314  0.5554381  -2.93840065 -2.19327934  0.71214865
  0.9600713   1.72753441]","[ 0.00000000e+00  0.00000000e+00  1.95406675e-03 -2.98040918e-04
 -4.91552490e-03 -9.45704498e-04  0.00000000e+00 -1.05819570e-05]","[ 0.          0.12189322 11.78314114 -0.3013154  -3.78278708 -0.03714183
 -0.70639223  0.34479561]"
1747093062.8278248,"[ 0.          0.10633314  0.55544179 -2.93840119 -2.19329079  0.71214579
  0.9600713   1.72753441]","[ 0.00000000e+00  0.00000000e+00  1.95382371e-03 -3.24523896e-04
 -5.58201425e-03 -1.00087484e-03  0.00000000e+00 -1.05819570e-05]","[ 0.          0.12744066 11.79859734 -0.2868219  -3.76608038 -0.05175647
 -0.70521355  0.35566968]"
1747093062.8295274,"[ 0.          0.10633314  0.55544546 -2.93840198 -2.19330411  0.71214292
  0.9600713   1.72753547]","[ 0.          0.          0.00197271 -0.00033665 -0.00649868 -0.00105799
  0.          0.        ]","[ 0.          0.15590537 11.78177071 -0.27217501 -3.72584128 -0.04412867
 -0.70753658  0.36468852]"
1747093062.8319511,"[ 0.          0.10633314  0.55544912 -2.93840305 -2.19332009  0.71214006
  0.9600713   1.72753547]","[ 0.          0.          0.00188783 -0.00035326 -0.00810292 -0.00109288
  0.          0.        ]","[ 0.          0.15611272 11.72950268 -0.27676296 -3.7025373  -0.02575155
 -0.72416759  0.36027682]"
1747093062.833714,"[ 0.          0.1063336   0.55545281 -2.93840332 -2.19333793  0.71213627
  0.9600713   1.72753547]","[ 0.00000000e+00  5.30298914e-06  1.87216948e-03 -3.44969054e-04
 -8.70823768e-03 -1.16430048e-03  0.00000000e+00  0.00000000e+00]","[ 0.          0.18102323 11.73664665 -0.26523349 -3.71908307 -0.04491532
 -0.7126106   0.35666743]"
1747093062.8354254,"[ 0.          0.1063336   0.55545601 -2.93840385 -2.19335764  0.71213247
  0.9600713   1.72753547]","[ 0.00000000e+00  5.30700455e-06  1.77013036e-03 -3.22600387e-04
 -1.02533044e-02 -1.24906637e-03  0.00000000e+00  0.00000000e+00]","[ 0.          0.18625668 11.74234772 -0.252011   -3.69399047 -0.05626477
 -0.70520824  0.34826615]"
1747093062.837344,"[ 0.          0.1063336   0.55545741 -2.93840385 -2.19336829  0.71213061
  0.9600713   1.72753547]","[ 0.00000000e+00  5.30298914e-06  1.74062817e-03 -3.01423022e-04
 -1.08038994e-02 -1.29441514e-03  0.00000000e+00  0.00000000e+00]","[ 0.          0.19203231 11.76336098 -0.26181212 -3.66854239 -0.04968004
 -0.70160317  0.33969638]"
1747093062.8390124,"[ 0.          0.1063336   0.55546107 -2.93840491 -2.19339306  0.71212774
  0.9600713   1.72753547]","[ 0.00000000e+00  5.30298914e-06  1.72609587e-03 -3.35166333e-04
 -1.24244839e-02 -1.34704092e-03  0.00000000e+00  0.00000000e+00]","[ 0.          0.2075282  11.76270771 -0.28279206 -3.6124754  -0.03254537
 -0.68582171  0.32865113]"
1747093062.8407154,"[ 0.          0.1063336   0.5554643  -2.93840571 -2.19342075  0.71212388
  0.9600713   1.72753547]","[ 0.00000000e+00  5.30298914e-06  1.64885159e-03 -3.47736018e-04
 -1.45704862e-02 -1.45720971e-03  0.00000000e+00  1.05739739e-05]","[ 0.          0.24753398 11.79036236 -0.29672217 -3.56688666 -0.03418129
 -0.66273618  0.33760974]"
1747093062.8425186,"[ 0.          0.1063336   0.55546796 -2.93840678 -2.19345457  0.71212109
  0.9600713   1.72753547]","[ 0.00000000e+00  5.30293632e-06  1.68922006e-03 -3.67211001e-04
 -1.73030237e-02 -1.51924134e-03  0.00000000e+00  1.05820616e-05]","[ 0.          0.24065338 11.78747463 -0.30139935 -3.52573323 -0.04674968
 -0.66458553  0.35102701]"
1747093062.8448925,"[ 0.          0.1063336   0.55547162 -2.93840704 -2.19349079  0.71211722
  0.9600713   1.72753547]","[ 0.00000000e+00  5.30298914e-06  1.75522901e-03 -3.35674941e-04
 -1.86367264e-02 -1.62311151e-03  0.00000000e+00  1.05819570e-05]","[ 0.          0.28120542 11.7976408  -0.31121609 -3.49299479 -0.0491785
 -0.69347912  0.34767842]"
1747093062.8460085,"[ 0.          0.1063336   0.55547348 -2.93840758 -2.1935097   0.71211536
  0.9600713   1.72753547]","[ 0.00000000e+00  5.30298914e-06  1.75515892e-03 -3.63647852e-04
 -1.91769216e-02 -1.66692246e-03  0.00000000e+00  1.05819570e-05]","[ 0.          0.27481791 11.81222248 -0.291904   -3.48502278 -0.04901601
 -0.70117688  0.35593334]"
1747093062.8477082,"[ 0.          0.1063336   0.55547761 -2.93840811 -2.19354779  0.7121125
  0.9600713   1.72753547]","[ 0.00000000e+00  5.30695172e-06  1.82893199e-03 -3.44437105e-04
 -1.80781949e-02 -1.65594758e-03  0.00000000e+00  1.05820616e-05]","[ 0.          0.28532988 11.83567238 -0.29692203 -3.47222352 -0.04627855
 -0.70045662  0.34177324]"
1747093062.8499455,"[ 0.          0.1063336   0.55548221 -2.93840838 -2.19358081  0.71210963
  0.9600713   1.72753547]","[ 0.00000000e+00  5.30293632e-06  1.96014274e-03 -3.15705004e-04
 -1.62058481e-02 -1.66684340e-03  0.00000000e+00  1.05819570e-05]","[ 0.          0.31409293 11.87236977 -0.30292389 -3.51123095 -0.04583517
 -0.69087595  0.32588869]"
1747093062.8510642,"[ 0.          0.10633406  0.5554845  -2.93840891 -2.19359599  0.71210777
  0.9600713   1.72753547]","[ 0.00000000e+00  7.95448397e-06  2.05342607e-03 -3.28317633e-04
 -1.42938025e-02 -1.69569032e-03  0.00000000e+00  1.05819570e-05]","[ 0.          0.32090864 11.89185524 -0.3003386  -3.53667378 -0.05338813
 -0.70022637  0.32594845]"
1747093062.85334,"[ 0.          0.10633406  0.5554891  -2.93840944 -2.19362235  0.71210584
  0.9600713   1.72753547]","[ 0.00000000e+00  7.96050683e-06  2.18590520e-03 -3.13653700e-04
 -1.26817193e-02 -1.61620485e-03  0.00000000e+00  1.05819570e-05]","[ 0.          0.32812452 11.90856838 -0.31722385 -3.6222167  -0.02539481
 -0.69817644  0.32627776]"
1747093062.8545685,"[ 0.          0.10633406  0.55549552 -2.93841024 -2.19364286  0.71210491
  0.9600713   1.72753547]","[ 0.00000000e+00  7.95440473e-06  2.52915363e-03 -3.20144537e-04
 -9.72350907e-03 -1.47048143e-03  0.00000000e+00  1.05819570e-05]","[ 0.          0.35204601 11.99800396 -0.31850424 -3.72761393 -0.02021205
 -0.69440717  0.3343077 ]"
1747093062.8563383,"[ 0.          0.10633406  0.55549872 -2.93841024 -2.19365112  0.71210491
  0.9600713   1.72753547]","[ 0.00000000e+00  7.95440473e-06  2.75514756e-03 -2.98065625e-04
 -8.37302164e-03 -1.37774842e-03  0.00000000e+00  1.05819570e-05]","[ 0.          0.36694092 12.02868271 -0.31519088 -3.77323723 -0.01540299
 -0.70023906  0.33703685]"
1747093062.8580267,"[ 0.          0.10633406  0.55551157 -2.93841131 -2.1936655   0.71210391
  0.96007037  1.72753547]","[ 0.00000000e+00  7.95448397e-06  4.40191920e-03 -3.28785312e-04
 -7.02151680e-03 -1.27176774e-03 -1.05819570e-05  1.05979587e-05]","[ 0.00000000e+00  3.49717706e-01  1.21040144e+01 -3.18140119e-01
 -3.87695503e+00 -6.95110671e-03 -7.25495458e-01  3.51815939e-01]"
1747093062.8591921,"[ 0.          0.10633452  0.55552948 -2.9384121  -2.19367722  0.71210298
  0.96007037  1.72753547]","[ 0.00000000e+00  1.32574726e-05  9.04367894e-03 -3.36773137e-04
 -5.39647619e-03 -1.13929199e-03 -1.05819570e-05  1.05819570e-05]","[ 0.00000000e+00  3.51466596e-01  1.21740351e+01 -3.14040601e-01
 -3.98289180e+00  8.60844273e-03 -7.26278245e-01  3.49660575e-01]"
1747093062.860901,"[ 0.          0.10633452  0.55554096 -2.9384121  -2.19368228  0.71210298
  0.96007037  1.72753547]","[ 0.00000000e+00  1.32675109e-05  1.16141912e-02 -3.24511933e-04
 -5.13185212e-03 -1.03723252e-03 -1.05819570e-05  1.06059783e-05]","[ 0.          0.35963711 12.18639469 -0.32965916 -4.04333115  0.01718804
 -0.735515    0.35566166]"
1747093062.862683,"[ 0.          0.10633452  0.55557129 -2.93841264 -2.19369399  0.71210298
  0.96007037  1.72753547]","[ 0.00000000e+00  1.32574726e-05  1.59196051e-02 -3.31180076e-04
 -5.72163515e-03 -9.00880233e-04 -1.05819570e-05  1.05979587e-05]","[ 0.          0.35880288 12.23540878 -0.31130499 -4.1128397   0.01564425
 -0.75612015  0.36014017]"
1747093062.8644958,"[ 0.          0.10633452  0.5555892  -2.93841317 -2.19369932  0.71210204
  0.96007037  1.72753547]","[ 0.00000000e+00  1.32574726e-05  1.81149029e-02 -3.31180076e-04
 -5.61774274e-03 -8.47802964e-04 -1.05820616e-05  1.05979587e-05]","[ 0.          0.38032752 12.22116089 -0.30102628 -4.12703419  0.01673339
 -0.765966    0.35669857]"
1747093062.8662748,"[ 0.          0.10633452  0.55563234 -2.93841344 -2.19371077  0.71210111
  0.96007037  1.72753547]","[ 0.00000000e+00  1.32574726e-05  2.32283823e-02 -3.29112648e-04
 -5.67013004e-03 -7.15369346e-04 -1.05819570e-05  1.05979587e-05]","[ 0.          0.36992523 12.16137981 -0.28489509 -4.10592842  0.02380035
 -0.77749264  0.34501436]"
1747093062.8674474,"[ 0.          0.10633498  0.55568654 -2.93841397 -2.19372515  0.71210011
  0.96007037  1.72753547]","[ 0.00000000e+00  1.85602774e-05  2.75499417e-02 -3.24577829e-04
 -7.02200678e-03 -6.09388734e-04 -1.05819570e-05  1.05979587e-05]","[ 0.          0.36211443 12.0459795  -0.28497145 -3.99145842  0.01220378
 -0.75208592  0.3469477 ]"
1747093062.8691666,"[ 0.          0.10633498  0.55571547 -2.9384145  -2.19373234  0.71210011
  0.96007037  1.72753547]","[ 0.00000000e+00  1.85602774e-05  2.94406258e-02 -3.24577829e-04
 -7.42768060e-03 -5.18590415e-04 -1.05819570e-05  1.06058726e-05]","[ 0.00000000e+00  3.47195953e-01  1.19506378e+01 -2.90450126e-01
 -3.91530347e+00 -1.06113004e-02 -7.36801028e-01  3.44782561e-01]"
1747093062.8709528,"[ 0.          0.10633498  0.55577928 -2.93841503 -2.19375045  0.71209825
  0.96007037  1.72753547]","[ 0.00000000e+00  1.85604623e-05  3.10660363e-02 -3.14628068e-04
 -8.84252706e-03 -4.76889155e-04 -1.05820616e-05  1.05979587e-05]","[ 0.00000000e+00  3.67901444e-01  1.17868681e+01 -2.70771563e-01
 -3.83038735e+00 -9.26270615e-03 -7.23445356e-01  3.50556403e-01]"
1747093062.8733206,"[ 0.          0.10633498  0.55583761 -2.93841503 -2.19376963  0.71209725
  0.96007037  1.72753547]","[ 0.00000000e+00  1.85604623e-05  2.89004307e-02 -2.97236768e-04
 -1.02741239e-02 -4.25531303e-04 -1.05819570e-05  1.06059783e-05]","[ 0.          0.36296898 11.60781765 -0.2552312  -3.66789055 -0.0461829
 -0.69168848  0.34000745]"
1747093062.8745205,"[ 0.          0.10633498  0.5558927  -2.93841503 -2.1937912   0.71209445
  0.96007037  1.72753547]","[ 0.00000000e+00  1.85604623e-05  2.63306883e-02 -2.64488729e-04
 -1.10739970e-02 -5.18758456e-04 -1.05819570e-05  1.05980643e-05]","[ 0.          0.34625956 11.42563057 -0.22270694 -3.4405067  -0.06712008
 -0.67032433  0.33058646]"
1747093062.8768601,"[ 0.          0.10633544  0.55594277 -2.9384153  -2.1938141   0.71209159
  0.96007037  1.72753547]","[ 0.00000000e+00  2.38634509e-05  2.50936146e-02 -2.49036218e-04
 -1.10739970e-02 -5.98015228e-04 -1.05820616e-05  1.05979587e-05]","[ 0.          0.33562666 11.32117939 -0.21329723 -3.2692697  -0.10187043
 -0.64706665  0.31704545]"
1747093062.8787086,"[ 0.          0.10633544  0.5559703  -2.9384153  -2.19382529  0.71208966
  0.96007037  1.72753547]","[ 0.00000000e+00  2.38634509e-05  2.58291505e-02 -2.49036218e-04
 -1.13440936e-02 -6.48928809e-04 -1.05820616e-05  1.05979587e-05]","[ 0.          0.35065618 11.27629375 -0.20992957 -3.18792105 -0.09771887
 -0.63213563  0.31608632]"
1747093062.880349,"[ 0.          0.10633544  0.55602173 -2.93841583 -2.19384633  0.71208587
  0.96007037  1.72753547]","[ 0.00000000e+00  2.65149452e-05  2.64695534e-02 -2.49678455e-04
 -1.00307380e-02 -7.37527094e-04 -1.05819570e-05  1.05979587e-05]","[ 0.          0.30974177 11.14784336 -0.19523449 -3.09060979 -0.10870631
 -0.6355924   0.31939301]"
1747093062.8820517,"[ 0.          0.10633544  0.55607593 -2.93841637 -2.19386364  0.712083
  0.96007037  1.72753547]","[ 0.00000000e+00  2.65350217e-05  2.63306883e-02 -2.50211592e-04
 -8.37302164e-03 -7.86213528e-04 -1.05819570e-05  1.05980643e-05]","[ 0.          0.30981576 11.06669426 -0.21484169 -3.06962562 -0.11291836
 -0.61938518  0.32407665]"
1747093062.8838847,"[ 0.          0.10633544  0.55612553 -2.93841663 -2.19387802  0.71208207
  0.96007037  1.72753547]","[ 0.00000000e+00  2.65149452e-05  2.45788713e-02 -2.43590554e-04
 -6.48233955e-03 -7.60473647e-04 -1.05820616e-05  1.05979587e-05]","[ 0.          0.26797679 11.00775719 -0.23466885 -3.12943482 -0.09186268
 -0.62036467  0.31908181]"
1747093062.885625,"[ 0.          0.10633589  0.55617007 -2.93841716 -2.1938876   0.71208207
  0.96007037  1.72753547]","[ 0.00000000e+00  3.18417103e-05  2.18778954e-02 -2.37296171e-04
 -4.59165694e-03 -7.34570829e-04 -1.05819570e-05  1.05979587e-05]","[ 0.          0.22719496 11.05560493 -0.27049413 -3.25697088 -0.06211549
 -0.62223101  0.32553232]"
1747093062.887457,"[ 0.          0.10633589  0.55619117 -2.9384177  -2.19389133  0.71208207
  0.96007037  1.72753547]","[ 0.00000000e+00  3.18420273e-05  1.98107082e-02 -2.43789918e-04
 -3.51075840e-03 -7.34570829e-04 -1.05739739e-05  1.05979587e-05]","[ 0.          0.22385678 11.12814236 -0.25683033 -3.33196139 -0.05371437
 -0.61220771  0.34231454]"
1747093062.8893192,"[ 0.          0.10633589  0.55622516 -2.93841823 -2.19389693  0.71208114
  0.96007037  1.72753547]","[ 0.00000000e+00  3.18179359e-05  1.67460433e-02 -2.51235212e-04
 -2.43087727e-03 -7.10396595e-04 -1.05820616e-05  1.06059783e-05]","[ 0.00000000e+00  1.72364131e-01  1.12236109e+01 -2.79130936e-01
 -3.54111171e+00 -2.56816763e-03 -6.67458415e-01  3.63428056e-01]"
1747093062.8910644,"[ 0.          0.10633589  0.55625546 -2.93841903 -2.19390039  0.71208114
  0.96007037  1.72753547]","[ 0.00000000e+00  3.18420273e-05  1.42938025e-02 -2.50756041e-04
 -1.50319527e-03 -6.90874636e-04 -1.05739739e-05  1.05979587e-05]","[ 0.00000000e+00  1.69626936e-01  1.14692602e+01 -2.96727061e-01
 -3.79591060e+00 -1.14587210e-02 -6.90443575e-01  3.35780144e-01]"
1747093062.892874,"[ 0.          0.10633544  0.55628209 -2.93842009 -2.19390465  0.71208114
  0.96007037  1.72753547]","[ 0.00000000e+00  2.65146811e-05  1.35048743e-02 -2.64239936e-04
 -2.16077981e-03 -6.58740958e-04 -1.05819570e-05  1.05979587e-05]","[ 0.          0.12688875 11.67221642 -0.34521464 -4.07171679  0.01421408
 -0.71445525  0.326547  ]"
1747093062.8947887,"[ 0.          0.10633544  0.55629544 -2.93842036 -2.19390784  0.71208114
  0.96007037  1.72753641]","[ 0.00000000e+00  2.65146811e-05  1.35048743e-02 -2.63910226e-04
 -2.52090980e-03 -6.57214452e-04 -1.05819570e-05  2.11959173e-05]","[ 0.          0.09074052 11.77485561 -0.39744014 -4.16565943  0.01576243
 -0.73488069  0.32447028]"
1747093062.8958755,"[ 0.          0.10633544  0.5563262  -2.93842169 -2.19391557  0.71208114
  0.96007037  1.72753641]","[ 0.00000000e+00  2.65149452e-05  1.53955564e-02 -2.88045546e-04
 -3.03236468e-03 -6.39714115e-04 -1.05820616e-05  2.11959173e-05]","[ 0.          0.03773737 12.03159809 -0.41279504 -4.3044467   0.04240431
 -0.75552642  0.31495997]"
1747093062.8976653,"[ 0.          0.10633544  0.55636155 -2.93842329 -2.19392622  0.71208114
  0.96007037  1.72753641]","[ 0.00000000e+00  2.65149452e-05  1.86367264e-02 -3.06293271e-04
 -4.56996050e-03 -6.07156776e-04 -1.05819570e-05  2.11959173e-05]","[ 0.         -0.02324644 12.19182491 -0.46166289 -4.41726494  0.07388641
 -0.78554434  0.35327706]"
1747093062.8993847,"[ 0.          0.10633544  0.55638176 -2.93842409 -2.19393208  0.71208114
  0.96007037  1.72753641]","[ 0.00000000e+00  2.64946330e-05  2.05274085e-02 -3.15492848e-04
 -5.58012767e-03 -6.07156776e-04 -1.05819570e-05  2.11959173e-05]","[ 0.         -0.05887951 12.25459957 -0.49083418 -4.43478155  0.1023395
 -0.78024971  0.36462674]"
1747093062.9006217,"[ 0.          0.10633544  0.55643132 -2.93842595 -2.1939454   0.71208114
  0.96007037  1.72753641]","[ 0.00000000e+00  2.38634509e-05  2.56592596e-02 -3.41155812e-04
 -6.50185813e-03 -5.68678910e-04 -1.05819570e-05  2.11961286e-05]","[ 0.         -0.10776479 12.3094244  -0.54236925 -4.45663166  0.12973224
 -0.78671962  0.36830917]"
1747093062.9029956,"[ 0.          0.10633544  0.55648828 -2.93842835 -2.19395845  0.71208114
  0.96007037  1.72753641]","[ 0.00000000e+00  2.64948971e-05  2.97107224e-02 -3.74163145e-04
 -6.36871100e-03 -5.37171685e-04 -1.05819570e-05  2.11959173e-05]","[ 0.         -0.14857562 12.28929806 -0.57535005 -4.40389156  0.11123503
 -0.78155744  0.35660994]"
1747093062.9046278,"[ 0.          0.10633544  0.55655303 -2.93843048 -2.19396883  0.71208114
  0.96007037  1.72753641]","[ 0.00000000e+00  2.38634509e-05  3.26817948e-02 -4.14065471e-04
 -5.26690092e-03 -5.21454028e-04 -1.05819570e-05  2.11959173e-05]","[ 0.         -0.19858335 12.27791214 -0.59860063 -4.26829529  0.05075292
 -0.77991217  0.34287339]"
1747093062.905875,"[ 0.          0.10633544  0.55658655 -2.93843048 -2.19397203  0.71208014
  0.96007037  1.72753641]","[ 0.00000000e+00  2.38276277e-05  3.40322817e-02 -4.14065471e-04
 -4.18651082e-03 -5.29909077e-04 -1.05819570e-05  2.11959173e-05]","[ 0.         -0.19808753 12.26121426 -0.59860063 -4.16115761  0.04191795
 -0.75365847  0.34425879]"
1747093062.9076345,"[ 0.          0.10633544  0.55665543 -2.93843341 -2.19397576  0.71208014
  0.96007037  1.72753641]","[ 0.00000000e+00  2.38273920e-05  3.54186901e-02 -4.93779227e-04
 -1.82052028e-03 -4.87181109e-04 -1.05820616e-05  2.11959173e-05]","[ 0.         -0.2513445  12.19885826 -0.62064016 -3.91369152  0.01254732
 -0.74453163  0.35517162]"
1747093062.909349,"[ 0.          0.10633544  0.55673303 -2.93843501 -2.19397389  0.71208014
  0.96007037  1.72753641]","[ 0.00000000e+00  2.38273920e-05  3.86239376e-02 -6.09814996e-04
  8.77689600e-04 -4.71773461e-04 -1.05819570e-05  2.11959173e-05]","[ 0.00000000e+00 -2.57059276e-01  1.21322985e+01 -6.57593250e-01
 -3.60456848e+00  4.78405226e-03 -6.86606109e-01  3.65711540e-01]"
1747093062.9105184,"[ 0.          0.10633544  0.55677344 -2.93843607 -2.19397309  0.71207921
  0.96007037  1.72753641]","[ 0.00000000e+00  2.38094022e-05  4.10548170e-02 -6.94607093e-04
  9.00020622e-04 -4.73648987e-04 -1.05978530e-05  2.11959173e-05]","[ 0.         -0.30056387 12.02337742 -0.6355952  -3.49164295  0.01683962
 -0.68750226  0.36387303]"
1747093062.9122245,"[ 0.          0.10633498  0.55686112 -2.93843794 -2.19397309  0.71207921
  0.96007037  1.72753641]","[ 0.00000000e+00  1.85325998e-05  4.31321742e-02 -8.80643069e-04
  5.10550900e-04 -4.32068303e-04 -1.05979587e-05  2.11957060e-05]","[ 0.         -0.31713057 11.84359646 -0.67049903 -3.31518459 -0.02487015
 -0.66003501  0.35357568]"
1747093062.9139907,"[ 0.          0.10633498  0.5569034  -2.93843927 -2.19397389  0.71207921
  0.96007037  1.72753641]","[ 0.00000000e+00  1.85324169e-05  4.29019855e-02 -9.93038350e-04
  0.00000000e+00 -3.85553653e-04 -1.06059783e-05  2.11959173e-05]","[ 0.         -0.32652783 11.77389526 -0.67029124 -3.23413277 -0.02476378
 -0.65180868  0.34791389]"
1747093062.9157941,"[ 0.          0.10633544  0.55698283 -2.9384406  -2.19397442  0.71207828
  0.96007037  1.72753641]","[ 0.00000000e+00  2.38094022e-05  3.91641349e-02 -1.02664919e-03
 -8.77627637e-05 -3.76134053e-04 -1.05980643e-05  2.11959173e-05]","[ 0.         -0.35307238 11.6103754  -0.67058945 -3.12189794 -0.03570344
 -0.61220503  0.35118431]"
1747093062.917663,"[ 0.          0.10633498  0.55702185 -2.93844167 -2.19397363  0.71207828
  0.96007037  1.72753641]","[ 0.00000000e+00  1.85324169e-05  3.66121941e-02 -1.04320805e-03
 -8.56321861e-05 -3.29321975e-04 -1.05979587e-05  2.11959173e-05]","[ 0.         -0.35695282 11.54405689 -0.67097878 -3.06011057 -0.03696381
 -0.60040265  0.3359971 ]"
1747093062.9194562,"[ 0.          0.10633544  0.55709119 -2.938443   -2.19397309  0.71207635
  0.96007037  1.72753641]","[ 0.00000000e+00  2.38094022e-05  3.48425735e-02 -9.81672517e-04
 -7.54971222e-05 -2.83750256e-04 -1.05979587e-05  2.11959173e-05]","[ 0.         -0.34932184 11.51774502 -0.665115   -3.00539255 -0.05677653
 -0.59552616  0.34045199]"
1747093062.9206195,"[ 0.          0.10633544  0.55716236 -2.93844433 -2.19397389  0.71207441
  0.96007037  1.72753641]","[ 0.00000000e+00  2.38273920e-05  3.46060473e-02 -9.10793811e-04
 -9.93593235e-05 -2.63451081e-04 -1.05979587e-05  2.11959173e-05]","[ 0.         -0.34881398 11.49411583 -0.64606601 -3.03598189 -0.07263254
 -0.61603487  0.34073576]"
1747093062.9230633,"[ 0.          0.10633498  0.55722851 -2.93844566 -2.19397442  0.71207348
  0.96007037  1.72753641]","[ 0.00000000e+00  1.85324169e-05  3.34920866e-02 -8.65148816e-04
 -1.31970319e-04 -2.31892899e-04 -1.05980643e-05  2.11959173e-05]","[ 0.         -0.3658486  11.48483276 -0.63894033 -3.16373253 -0.08051133
 -0.62485164  0.33293974]"
1747093062.9249656,"[ 0.          0.10633544  0.55729186 -2.93844699 -2.19397442  0.71207348
  0.96007037  1.72753641]","[ 0.00000000e+00  2.38271543e-05  3.03429839e-02 -7.94874588e-04
  0.00000000e+00 -2.31892899e-04 -1.05979587e-05  2.11961286e-05]","[ 0.         -0.34102547 11.44713402 -0.60851711 -3.34159732 -0.05326196
 -0.65072501  0.33874923]"
1747093062.926815,"[ 0.          0.10633498  0.55734559 -2.93844806 -2.19397522  0.71207348
  0.96007037  1.72753641]","[ 0.00000000e+00  1.85186086e-05  2.59030865e-02 -7.48733241e-04
 -6.66567976e-05 -2.00964844e-04 -1.06059783e-05  2.11641232e-05]","[ 0.         -0.33639351 11.49053288 -0.61307162 -3.5823288  -0.02261795
 -0.67873484  0.33752507]"
1747093062.9285917,"[ 0.          0.10633498  0.55736992 -2.93844832 -2.19397522  0.71207348
  0.96007037  1.72753641]","[ 0.00000000e+00  1.85186086e-05  2.45788713e-02 -7.12075180e-04
 -6.66567976e-05 -2.00964844e-04 -1.05979587e-05  2.11639139e-05]","[ 0.00000000e+00 -3.18606198e-01  1.15328360e+01 -5.84523380e-01
 -3.58232880e+00 -1.06784515e-02 -6.84158146e-01  3.18249106e-01]"
1747093062.9302957,"[ 0.          0.10633544  0.55741859 -2.93844886 -2.19397629  0.71207348
  0.96007037  1.72753641]","[ 0.00000000e+00  2.38273920e-05  2.38230038e-02 -5.96118897e-04
 -1.32825988e-04 -1.96393778e-04 -1.05979587e-05  1.05820616e-05]","[ 0.         -0.30792129 11.65768623 -0.53588247 -3.78858972  0.04796781
 -0.72451562  0.34880817]"
1747093062.9314756,"[ 0.          0.10633498  0.55746956 -2.93844992 -2.19397709  0.71207255
  0.96007037  1.72753641]","[ 0.00000000e+00  1.85186086e-05  2.69823804e-02 -5.79596050e-04
 -1.65588575e-04 -2.16034152e-04 -1.05979587e-05  1.05820616e-05]","[ 0.         -0.27901196 11.84926796 -0.49238357 -3.98961782  0.03782979
 -0.73771518  0.38058671]"
1747093062.9332469,"[ 0.          0.10633498  0.55753294 -2.93845072 -2.19397895  0.71207255
  0.96007037  1.72753641]","[ 0.00000000e+00  1.32374398e-05  3.26817948e-02 -5.30479095e-04
 -2.50754562e-04 -2.10985231e-04 -1.05980643e-05  1.05819570e-05]","[ 0.         -0.23051244 11.92057323 -0.47403193 -4.16851854  0.0567079
 -0.79136032  0.37888199]"
1747093062.9359121,"[ 0.          0.10633498  0.55756736 -2.93845125 -2.19398028  0.71207255
  0.96007037  1.72753641]","[ 0.00000000e+00  1.32274462e-05  3.48425735e-02 -5.43660767e-04
 -3.07702029e-04 -2.06499957e-04 -1.05980643e-05  1.05820616e-05]","[ 0.         -0.22082463 11.94340611 -0.48739645 -4.24395037  0.05284593
 -0.79861856  0.3638387 ]"
1747093062.9377005,"[ 0.          0.10633498  0.55768264 -2.93845205 -2.19398454  0.71207255
  0.96007037  1.72753734]","[ 0.00000000e+00  1.32375708e-05  3.53827707e-02 -4.57258322e-04
 -4.58416921e-04 -1.83559467e-04 -1.05979587e-05  1.85186086e-05]","[ 0.         -0.14923145 11.97256756 -0.44954461 -4.30273151  0.0546025
 -0.77504146  0.35138685]"
1747093062.9388943,"[ 0.          0.10633498  0.5577166  -2.93845258 -2.19398534  0.71207255
  0.96007037  1.72753734]","[ 0.00000000e+00  1.32374398e-05  3.45724769e-02 -4.57258322e-04
 -4.73461115e-04 -1.79742178e-04 -1.06059783e-05  1.85184257e-05]","[ 0.         -0.12867825 11.95280552 -0.43215519 -4.28593588  0.05873337
 -0.76792085  0.36372215]"
1747093062.9406796,"[ 0.          0.10633544  0.55778364 -2.93845338 -2.19398641  0.71207255
  0.96007037  1.72753734]","[ 0.00000000e+00  1.85324169e-05  3.23186999e-02 -4.50395318e-04
 -4.77269026e-04 -1.75807968e-04 -1.05979587e-05  1.85184257e-05]","[ 0.         -0.10244163 11.96181297 -0.42487055 -4.16644382  0.05639534
 -0.78486466  0.36051601]"
1747093062.941849,"[ 0.          0.10633544  0.55781487 -2.93845392 -2.19398588  0.71207255
  0.96007037  1.72753734]","[ 0.00000000e+00  1.85324169e-05  3.16014045e-02 -4.37170149e-04
 -4.38825587e-04 -1.75800719e-04 -1.05979587e-05  1.85184257e-05]","[ 0.         -0.06577113 11.95160294 -0.40516436 -4.07755613  0.05033362
 -0.78165978  0.36632621]"
1747093062.9435918,"[ 0.          0.10633544  0.55787732 -2.93845445 -2.19398508  0.71207162
  0.96007037  1.72753734]","[ 0.00000000e+00  1.85186086e-05  3.16014045e-02 -4.15234180e-04
 -4.37534578e-04 -1.94135471e-04 -1.05979587e-05  1.85184257e-05]","[ 0.         -0.05403902 11.95115089 -0.38385481 -3.85958171  0.04956739
 -0.7767573   0.34636375]"
1747093062.9453533,"[ 0.          0.10633544  0.55794207 -2.93845498 -2.19398508  0.71207062
  0.96007037  1.72753734]","[ 0.00000000e+00  1.85324169e-05  3.16014045e-02 -3.78846011e-04
 -4.41277893e-04 -2.15374619e-04 -1.05979587e-05  1.85186086e-05]","[ 0.00000000e+00  1.84193403e-02  1.19235935e+01 -3.70933414e-01
 -3.63081598e+00 -9.96259134e-03 -7.06936657e-01  3.48025173e-01]"
1747093062.9470522,"[ 0.          0.10633544  0.5579724  -2.93845498 -2.19398508  0.71207062
  0.96007037  1.72753734]","[ 0.00000000e+00  1.85325998e-05  3.07599142e-02 -3.61908118e-04
 -4.25818100e-04 -2.11160879e-04 -1.06058726e-05  1.85184257e-05]","[ 0.          0.04089383 11.9240799  -0.34322456 -3.47942495 -0.0127224
 -0.69175023  0.34676823]"
1747093062.9488292,"[ 0.          0.10633544  0.55802839 -2.93845525 -2.19398401  0.71206876
  0.96007037  1.72753734]","[ 0.00000000e+00  1.85186086e-05  2.75499417e-02 -3.24599806e-04
 -3.69042347e-04 -2.38179822e-04 -1.05979587e-05  1.85044548e-05]","[ 0.          0.03598515 11.99387074 -0.34820634 -3.24133563 -0.06831884
 -0.68284523  0.34269238]"
1747093062.9500024,"[ 0.          0.10633544  0.55807892 -2.93845578 -2.19398321  0.71206776
  0.96007037  1.72753734]","[ 0.00000000e+00  1.85325998e-05  2.32283823e-02 -3.23339290e-04
 -3.12255508e-04 -2.54021469e-04 -1.06059783e-05  1.85186086e-05]","[ 0.          0.10090169 11.97896099 -0.29495859 -2.93196297 -0.08145977
 -0.69586825  0.33122855]"
1747093062.9517694,"[ 0.          0.10633544  0.55810003 -2.93845631 -2.19398268  0.71206682
  0.96007037  1.72753734]","[ 0.00000000e+00  1.32274462e-05  2.13377002e-02 -3.23353334e-04
 -2.93341375e-04 -2.69278161e-04 -1.05979587e-05  1.85184257e-05]","[ 0.          0.1048824  12.02285004 -0.32846123 -2.79178047 -0.05998824
 -0.69708014  0.3374908 ]"
1747093062.9535105,"[ 0.          0.10633544  0.5581184  -2.93845631 -2.19398215  0.71206682
  0.96007037  1.72753734]","[ 0.00000000e+00  1.32274462e-05  1.86178429e-02 -3.09117874e-04
 -2.74406371e-04 -2.64027861e-04 -1.05980643e-05  1.85044548e-05]","[ 0.          0.1054262  12.10343647 -0.32294732 -2.68905401 -0.07722124
 -0.67522556  0.34166297]"
1747093062.9547322,"[ 0.          0.10633544  0.55815286 -2.93845658 -2.19398215  0.71206589
  0.96007037  1.72753734]","[ 0.00000000e+00  1.32274462e-05  1.62058481e-02 -3.07573357e-04
 -2.65118516e-04 -2.73735769e-04 -1.05979587e-05  1.85184257e-05]","[ 0.          0.17278841 12.16344166 -0.26688647 -2.48959589 -0.10928246
 -0.68450278  0.34553632]"
1747093062.956524,"[ 0.          0.10633544  0.55818545 -2.93845658 -2.19398215  0.71206396
  0.96007037  1.72753734]","[ 0.00000000e+00  1.32275773e-05  1.67460433e-02 -2.65954411e-04
 -2.37073953e-04 -3.01988489e-04 -1.05979587e-05  1.85186086e-05]","[ 0.          0.19704986 12.28162098 -0.26333141 -2.43390822 -0.13916728
 -0.6854496   0.33297819]"
1747093062.9582152,"[ 0.          0.10633544  0.55818545 -2.93845711 -2.19398215  0.71206303
  0.96007037  1.72753734]","[ 0.00000000e+00  1.32274462e-05  1.67460433e-02 -2.75755442e-04
 -2.19408421e-04 -3.14936777e-04  0.00000000e+00  1.85186086e-05]","[ 0.          0.25259131 12.28162098 -0.27164662 -2.42252779 -0.14420585
 -0.69198173  0.32637957]"
1747093062.9593806,"[ 0.          0.10633544  0.55822217 -2.93845764 -2.19398215  0.7120611
  0.96007037  1.72753734]","[ 0.00000000e+00  1.32274462e-05  1.91769216e-02 -2.65336409e-04
 -1.82846620e-04 -3.35833684e-04  0.00000000e+00  1.85184257e-05]","[ 0.          0.29424825 12.37011242 -0.25880831 -2.44667411 -0.13827094
 -0.69381225  0.32182088]"
1747093062.9611328,"[ 0.          0.10633589  0.55824284 -2.93845818 -2.19398215  0.71206017
  0.96007037  1.72753734]","[ 0.00000000e+00  1.32274462e-05  2.10462568e-02 -2.75343451e-04
 -1.73698343e-04 -3.47975904e-04  0.00000000e+00  1.85184257e-05]","[ 0.          0.29602766 12.42876816 -0.23498407 -2.47010398 -0.12249817
 -0.69723886  0.32733345]"
1747093062.9629471,"[ 0.          0.10633589  0.55829244 -2.93845844 -2.19398215  0.71205923
  0.96007037  1.72753734]","[ 0.00000000e+00  1.32375708e-05  2.55783827e-02 -2.56182671e-04
 -1.09704211e-04 -3.54949634e-04  0.00000000e+00  1.85184257e-05]","[ 0.          0.31216931 12.54887867 -0.22377418 -2.53869176 -0.10349812
 -0.68697453  0.32747158]"
1747093062.9641001,"[ 0.          0.10633589  0.558348   -2.93845844 -2.19398268  0.71205923
  0.96007037  1.72753734]","[ 0.00000000e+00  1.32274462e-05  2.94107963e-02 -2.27102980e-04
 -2.74260526e-05 -3.49781697e-04  0.00000000e+00  1.85186086e-05]","[ 0.          0.36156058 12.63327026 -0.17856276 -2.62993121 -0.04947715
 -0.70255643  0.32310763]"
1747093062.965805,"[ 0.          0.10633589  0.55837829 -2.93845898 -2.19398268  0.71205923
  0.96006937  1.72753734]","[ 0.00000000e+00  1.32274462e-05  3.07911127e-02 -2.46028231e-04
  1.82840358e-05 -3.43931358e-04 -1.05979587e-05  1.85324169e-05]","[ 0.          0.37585333 12.66580296 -0.17238401 -2.71029615 -0.03092042
 -0.74252808  0.34842908]"
1747093062.967516,"[ 0.          0.10633589  0.55844304 -2.93845898 -2.19398268  0.71205923
  0.96006937  1.72753734]","[ 0.00000000e+00  1.32274462e-05  3.16014045e-02 -2.19408421e-04
  6.19010744e-05 -3.43925929e-04 -1.06059783e-05  1.85184257e-05]","[ 0.00000000e+00  3.74677718e-01  1.27273741e+01 -2.18949348e-01
 -2.86784172e+00 -1.08140651e-02 -7.90659666e-01  3.46353292e-01]"
1747093062.969342,"[ 0.          0.10633589  0.55847473 -2.93845898 -2.19398268  0.71205923
  0.96006937  1.72753734]","[ 0.00000000e+00  7.93654595e-06  3.21415997e-02 -2.01657406e-04
  5.97925706e-05 -3.38666933e-04 -1.05979587e-05  1.85184257e-05]","[ 0.00000000e+00  4.05687153e-01  1.27263136e+01 -2.09927365e-01
 -2.92388797e+00  1.05944211e-02 -8.33969831e-01  3.43657345e-01]"
1747093062.9714453,"[ 0.          0.10633589  0.55853992 -2.93845951 -2.19398268  0.71205923
  0.96006937  1.72753734]","[ 0.00000000e+00  7.93654595e-06  3.34920866e-02 -2.03389240e-04
  8.27968639e-05 -3.33566356e-04 -1.06059783e-05  1.85184257e-05]","[ 0.          0.40487069 12.72661304 -0.17955804 -3.01021528  0.03512589
 -0.8311373   0.36159638]"
1747093062.9728196,"[ 0.          0.10633589  0.55861388 -2.93846004 -2.19398268  0.71205923
  0.96006937  1.72753827]","[ 0.00000000e+00  7.93646773e-06  3.72734528e-02 -1.85697051e-04
  9.64011162e-05 -3.17294805e-04 -1.05979587e-05  2.64548924e-05]","[ 0.          0.45200828 12.73182678 -0.16776581 -3.06345034  0.06528229
 -0.82588083  0.34243733]"
1747093062.9740546,"[ 0.          0.10633589  0.55865337 -2.93846004 -2.19398215  0.71205923
  0.96006937  1.72753827]","[ 0.00000000e+00  7.93646773e-06  3.99339258e-02 -1.85697051e-04
  1.28534819e-04 -3.12229923e-04 -1.05979587e-05  2.64548924e-05]","[ 0.          0.44251874 12.67201328 -0.17473951 -3.05937886  0.06999794
 -0.8386029   0.3516548 ]"
1747093062.9764764,"[ 0.          0.10633635  0.55873972 -2.93846031 -2.19398188  0.71205923
  0.96006937  1.72753827]","[ 0.00000000e+00  1.32275773e-05  4.23798686e-02 -1.82584514e-04
  1.28896875e-04 -3.07670137e-04 -1.05979587e-05  2.64548924e-05]","[ 0.          0.41015002 12.50851059 -0.19166078 -2.9457438   0.10574828
 -0.85953087  0.35787395]"
1747093062.978346,"[ 0.          0.10633635  0.55882141 -2.93846031 -2.19398135  0.71205923
  0.96006937  1.72753827]","[ 0.00000000e+00  7.93646773e-06  4.10548170e-02 -1.76730045e-04
  1.13490202e-04 -3.02905543e-04 -1.05979587e-05  2.64748795e-05]","[ 0.          0.43152997 12.30730724 -0.19180548 -2.75159335  0.10231422
 -0.80934936  0.3525008 ]"
1747093062.9794931,"[ 0.          0.10633635  0.55890037 -2.93846031 -2.19398028  0.71205923
  0.96006937  1.72753827]","[ 0.00000000e+00  7.93654595e-06  3.80809482e-02 -1.60668522e-04
  1.32756093e-04 -2.99589791e-04 -1.06059783e-05  2.64548924e-05]","[ 0.          0.43746352 12.07376671 -0.16365656 -2.58527613  0.09741688
 -0.75432527  0.34767005]"
1747093062.9813447,"[ 0.          0.10633682  0.55897295 -2.93846031 -2.19397895  0.71205923
  0.96006937  1.72753827]","[ 0.00000000e+00  1.32275773e-05  3.67332556e-02 -1.47897165e-04
  1.60523888e-04 -2.87751695e-04 -1.05979587e-05  2.64548924e-05]","[ 0.          0.45523655 11.87766743 -0.11609559 -2.37037492  0.05482446
 -0.70749551  0.3322947 ]"
1747093062.9825099,"[ 0.          0.10633682  0.55900876 -2.93846084 -2.19397815  0.71205923
  0.96006937  1.72753827]","[ 0.00000000e+00  1.32274462e-05  3.61930625e-02 -1.63829221e-04
  1.76890934e-04 -2.83721486e-04 -1.05979587e-05  2.64546283e-05]","[ 0.          0.47071537 11.80924892 -0.09146869 -2.22778082  0.0564703
 -0.71898085  0.33653006]"
1747093062.9848516,"[ 0.          0.10633682  0.5590818  -2.93846084 -2.19397682  0.7120583
  0.96006937  1.72753827]","[ 0.00000000e+00  1.32274462e-05  3.58865659e-02 -1.44061215e-04
  2.00792870e-04 -2.91300734e-04 -1.05819570e-05  2.64548924e-05]","[ 0.          0.45976987 11.60070133 -0.09475598 -1.96821821  0.01968127
 -0.70155394  0.33888873]"
1747093062.9867907,"[ 0.          0.10633682  0.55911483 -2.93846084 -2.19397576  0.7120583
  0.96006937  1.72753827]","[ 0.00000000e+00  1.32274462e-05  3.34920866e-02 -1.43750167e-04
  2.20993509e-04 -2.87026153e-04 -1.05820616e-05  2.64748795e-05]","[ 0.          0.46808895 11.53096104 -0.08343276 -1.78265882 -0.0205445
 -0.67345303  0.31056362]"
1747093062.9885938,"[ 0.          0.10633728  0.55917548 -2.93846084 -2.19397389  0.7120583
  0.96006937  1.72753827]","[ 0.00000000e+00  1.32274462e-05  2.75499417e-02 -1.28896875e-04
  2.53341407e-04 -2.83168243e-04 -1.05819570e-05  2.64548924e-05]","[ 0.00000000e+00  4.62065071e-01  1.13495569e+01 -6.99812323e-02
 -1.52410746e+00  3.68090323e-03 -6.39379740e-01  3.26655567e-01]"
1747093062.9904923,"[ 0.          0.10633728  0.55922228 -2.93846084 -2.19397256  0.7120583
  0.96006937  1.72753827]","[ 0.00000000e+00  1.32274462e-05  2.24180906e-02 -1.17757575e-04
  2.70933517e-04 -2.71999074e-04 -1.05819570e-05  2.64548924e-05]","[ 0.          0.50769246 11.25803471 -0.06886152 -1.26719022 -0.0148251
 -0.63087708  0.33088127]"
1747093062.991749,"[ 0.          0.10633728  0.5592613  -2.93846084 -2.19397123  0.7120583
  0.96006937  1.72753827]","[ 0.00000000e+00  1.32274462e-05  1.75372799e-02 -1.17754315e-04
  2.87484956e-04 -2.68666043e-04 -1.05818513e-05  2.64548924e-05]","[ 0.00000000e+00  5.00402987e-01  1.11459818e+01 -5.02069667e-02
 -1.09642112e+00 -2.52276164e-04 -6.32268250e-01  3.40565950e-01]"
1747093062.9934087,"[ 0.          0.10633728  0.55927741 -2.93846084 -2.1939707   0.7120583
  0.96006937  1.72753827]","[ 0.00000000e+00  1.32274462e-05  1.62058481e-02 -1.14630847e-04
  2.92096302e-04 -2.54337199e-04 -1.05820616e-05  2.64548924e-05]","[ 0.00000000e+00  4.95116770e-01  1.11416788e+01 -5.07232994e-02
 -1.05976021e+00 -5.76733518e-03 -6.12685263e-01  3.43418866e-01]"
1747093062.9945405,"[ 0.          0.10633773  0.55930724 -2.93846084 -2.19397016  0.7120573
  0.96006937  1.72753827]","[ 0.00000000e+00  2.38094022e-05  1.48553612e-02 -1.00301987e-04
  2.91249109e-04 -2.43341793e-04 -1.05899522e-05  1.85186086e-05]","[ 0.00000000e+00  5.17720640e-01  1.11739960e+01 -4.34256680e-02
 -1.01731753e+00 -8.41166708e-04 -6.01193607e-01  3.34172368e-01]"
1747093062.9973729,"[ 0.          0.10633773  0.559338   -2.93846084 -2.19397016  0.7120573
  0.96006937  1.72753827]","[ 0.00000000e+00  2.38273920e-05  1.53799571e-02 -9.77076321e-05
  2.85331411e-04 -2.26260859e-04 -1.05819570e-05  1.85184257e-05]","[ 0.00000000e+00  5.12651443e-01  1.12386322e+01 -4.63951156e-02
 -1.04017568e+00  4.62975074e-03 -6.22230768e-01  3.34444612e-01]"
1747093062.99904,"[ 0.          0.10633773  0.55937155 -2.93846084 -2.1939699   0.7120573
  0.96006937  1.72753827]","[ 0.00000000e+00  2.38094022e-05  1.68014870e-02 -6.96542599e-05
  2.85049360e-04 -2.23115390e-04 -1.05900569e-05  1.85184257e-05]","[ 0.00000000e+00  5.08273482e-01  1.13146315e+01 -4.74222340e-02
 -1.13927042e+00 -9.88396537e-03 -6.48642182e-01  3.46939445e-01]"
1747093063.000889,"[ 0.          0.10633819  0.5594087  -2.93846084 -2.19396936  0.7120573
  0.96006937  1.72753827]","[ 0.00000000e+00  2.64748795e-05  1.89068230e-02 -6.80349762e-05
  2.85043996e-04 -2.12656859e-04 -1.05819570e-05  1.85184257e-05]","[ 0.00000000e+00  5.49280584e-01  1.14510431e+01 -2.74121612e-02
 -1.25254762e+00 -7.33365631e-03 -6.51238441e-01  3.23400050e-01]"
1747093063.0020876,"[ 0.          0.10633819  0.55942941 -2.93846084 -2.19396936  0.7120573
  0.96006937  1.72753827]","[ 0.00000000e+00  2.64548924e-05  2.10676037e-02 -6.11128257e-05
  2.79470863e-04 -2.09741036e-04 -1.05819570e-05  1.85184257e-05]","[ 0.          0.55098671 11.5055027  -0.01614307 -1.34516609  0.01502415
 -0.66756988  0.32485494]"
1747093063.0038464,"[ 0.          0.10633819  0.55947482 -2.93846084 -2.19396936  0.7120573
  0.96006937  1.72753827]","[ 0.00000000e+00  2.64748795e-05  2.23953767e-02 -6.12299161e-05
  2.60222958e-04 -2.07302774e-04 -1.05900569e-05  1.85184257e-05]","[ 0.          0.54471272 11.61059093 -0.03625837 -1.52878702  0.03067497
 -0.67178476  0.32441419]"
1747093063.0056016,"[ 0.          0.10633865  0.55951936 -2.93846084 -2.19396936  0.7120573
  0.96006937  1.72753827]","[ 0.00000000e+00  3.17701716e-05  2.26881871e-02 -4.63653761e-05
  2.45493356e-04 -2.04530999e-04 -1.05820616e-05  1.85184257e-05]","[ 0.          0.54955339 11.68585682 -0.05265442 -1.70194733  0.09806377
 -0.68951476  0.32095748]"
1747093063.0067534,"[ 0.          0.10633865  0.55954146 -2.93846084 -2.19396936  0.7120573
  0.96006937  1.72753827]","[ 0.00000000e+00  3.17938749e-05  2.24180906e-02 -4.63665302e-05
  2.35673616e-04 -2.04530999e-04 -1.05819570e-05  1.85186086e-05]","[ 0.          0.53647625 11.71400642 -0.08650672 -1.77753687  0.09659521
 -0.69316471  0.32079077]"
1747093063.0084946,"[ 0.          0.10633865  0.55958734 -2.93846084 -2.19396936  0.7120573
  0.96006937  1.72753827]","[ 0.00000000e+00  3.18179359e-05  2.24180906e-02 -4.52555699e-05
  2.31147916e-04 -2.02211689e-04 -1.05819570e-05  1.85186086e-05]","[ 0.          0.546709   11.83373833 -0.06550828 -1.88486385  0.1178047
 -0.70652795  0.34200349]"
1747093063.0103197,"[ 0.          0.10633912  0.55960984 -2.93846084 -2.19396936  0.7120573
  0.96006937  1.72753827]","[ 0.00000000e+00  3.71209245e-05  2.26881871e-02 -4.52555699e-05
  2.31152110e-04 -1.99762455e-04 -1.05820616e-05  1.85324169e-05]","[ 0.          0.51636779 11.87892246 -0.06813698 -1.96227288  0.12237458
 -0.72326189  0.35198128]"
1747093063.0114977,"[ 0.          0.10633912  0.55966131 -2.93846084 -2.19396936  0.7120573
  0.96006937  1.72753827]","[ 0.00000000e+00  3.71209245e-05  2.60799204e-02 -3.15697518e-05
  2.27405999e-04 -1.99575949e-04 -1.05899522e-05  1.85184257e-05]","[ 0.          0.47045591 11.97228241 -0.06832813 -2.0427618   0.11499969
 -0.7416023   0.34599474]"
1747093063.013318,"[ 0.          0.10633912  0.55968927 -2.93846084 -2.19396883  0.7120573
  0.96006937  1.72753827]","[ 0.00000000e+00  3.71209245e-05  2.83602355e-02 -3.15697518e-05
  2.32493004e-04 -1.97187394e-04 -1.05819570e-05  1.85184257e-05]","[ 0.          0.47958082 11.982584   -0.07423542 -2.07952476  0.11428466
 -0.74214995  0.33651221]"
1747093063.0152342,"[ 0.          0.10633957  0.55975172 -2.93846084 -2.19396857  0.7120573
  0.96006937  1.72753827]","[ 0.00000000e+00  4.50413255e-05  3.24116962e-02 -1.84766391e-05
  2.33125440e-04 -1.84254825e-04 -1.05819570e-05  1.85186086e-05]","[ 0.          0.49884835 11.96056747 -0.11940888 -2.13046503  0.13940738
 -0.75529003  0.33445737]"
1747093063.0169246,"[ 0.          0.10633957  0.55982429 -2.93846137 -2.19396857  0.7120573
  0.96006937  1.72753827]","[ 0.00000000e+00  4.24239132e-05  3.59594366e-02 -3.01078659e-05
  2.29245732e-04 -1.82075727e-04 -1.05819570e-05  1.85184257e-05]","[ 0.          0.47718525 11.87048721 -0.15440004 -2.13397765  0.14242592
 -0.73312706  0.3308126 ]"
1747093063.0181634,"[ 0.          0.10633957  0.55986058 -2.93846137 -2.19396803  0.7120573
  0.96006937  1.72753827]","[ 0.00000000e+00  4.50754075e-05  3.66960379e-02 -2.94512758e-05
  2.34040593e-04 -1.81912091e-04 -1.05820616e-05  1.85324169e-05]","[ 0.          0.45959726 11.80854988 -0.17284155 -2.10821652  0.13898498
 -0.70120621  0.33345649]"
1747093063.019953,"[ 0.          0.10633957  0.55993315 -2.93846137 -2.1939667   0.7120573
  0.96006937  1.72753827]","[ 0.00000000e+00  4.24234905e-05  3.51126721e-02 -2.88227147e-05
  2.48006405e-04 -1.79787739e-04 -1.05899522e-05  1.85186086e-05]","[ 0.          0.45047373 11.71406555 -0.20105259 -2.01242137  0.14894766
 -0.68996084  0.33551297]"
1747093063.0211525,"[ 0.          0.10633957  0.55999879 -2.93846137 -2.19396377  0.7120573
  0.96006937  1.72753827]","[ 0.00000000e+00  4.50413255e-05  3.29518914e-02 -2.30576716e-05
  2.85649157e-04 -1.77712427e-04 -1.05819570e-05  1.85324169e-05]","[ 0.          0.42881829 11.62991714 -0.22123796 -1.89096856  0.13029568
 -0.70625275  0.32659253]"
1747093063.0229964,"[ 0.          0.10634003  0.56003322 -2.93846137 -2.19396297  0.7120573
  0.96006937  1.72753827]","[ 0.00000000e+00  5.03403034e-05  3.23186999e-02 -2.25395547e-05
  3.12822340e-04 -1.77712427e-04 -1.05820616e-05  1.85324169e-05]","[ 0.          0.42709064 11.61279678 -0.21231054 -1.82091081  0.12732603
 -0.69117993  0.33344021]"
1747093063.024878,"[ 0.          0.10634003  0.56009707 -2.93846137 -2.19396058  0.7120573
  0.96006937  1.72753827]","[ 0.00000000e+00  4.50758585e-05  3.26817948e-02 -2.20789347e-05
  4.35869225e-04 -1.75682466e-04 -1.05820616e-05  1.85184257e-05]","[ 0.          0.38334021 11.5890522  -0.22846404 -1.66545737  0.11779394
 -0.67487663  0.33559692]"
1747093063.0260055,"[ 0.          0.10634003  0.56012962 -2.93846137 -2.19395978  0.7120573
  0.96006937  1.72753827]","[ 0.00000000e+00  4.50413255e-05  3.29518914e-02 -2.20793918e-05
  3.97417528e-04 -1.73549385e-04 -1.05819570e-05  1.85324169e-05]","[ 0.          0.36206084 11.57515526 -0.22180645 -1.60605717  0.0995459
 -0.63328499  0.3245647 ]"
1747093063.0283837,"[ 0.          0.10634003  0.56019853 -2.93846137 -2.19395791  0.7120573
  0.96006937  1.7275392 ]","[ 0.00000000e+00  5.03778963e-05  3.34581521e-02 -2.16367636e-05
  4.13765215e-04 -1.71616773e-04 -1.05819570e-05  2.64946330e-05]","[ 0.          0.33061153 11.52392197 -0.20708014 -1.50445962  0.08016362
 -0.62411785  0.33458662]"
1747093063.030161,"[ 0.          0.10634003  0.56025958 -2.93846137 -2.19395605  0.7120573
  0.96006937  1.7275392 ]","[ 0.00000000e+00  4.50754075e-05  3.02509176e-02 -2.12119566e-05
  4.11452764e-04 -1.69865367e-04 -1.05819570e-05  2.65149452e-05]","[ 0.          0.31089497 11.49388027 -0.23891744 -1.43136537  0.06347442
 -0.6209119   0.32731134]"
1747093063.0319347,"[ 0.          0.10634003  0.56031518 -2.93846137 -2.19395418  0.7120573
  0.96006937  1.7275392 ]","[ 0.00000000e+00  5.03783961e-05  2.60799204e-02 -2.12119566e-05
  4.23912015e-04 -1.60790139e-04 -1.05899522e-05  2.65149452e-05]","[ 0.          0.29493546 11.50097275 -0.26413506 -1.35515332  0.09406776
 -0.61317319  0.32948735]"
1747093063.0337374,"[ 0.          0.10634003  0.56036019 -2.93846164 -2.19395232  0.7120583
  0.96006937  1.7275392 ]","[ 0.00000000e+00  5.03789000e-05  2.24180906e-02 -1.56023261e-05
  4.44623326e-04 -1.47132726e-04 -1.05819570e-05  2.65149452e-05]","[ 0.          0.24818034 11.58784866 -0.24952675 -1.31788599  0.12006129
 -0.62441808  0.34878063]"
1747093063.035357,"[ 0.          0.10634003  0.56040146 -2.93846164 -2.19395099  0.7120583
  0.96006937  1.7275392 ]","[ 0.00000000e+00  4.50754075e-05  1.99872133e-02 -1.55795076e-05
  5.22549234e-04 -1.45666443e-04 -1.05899522e-05  2.64946330e-05]","[ 0.          0.20009612 11.68450737 -0.24492025 -1.33297706  0.14977156
 -0.61268109  0.33730435]"
1747093063.0371273,"[ 0.          0.10634003  0.56042031 -2.93846164 -2.19395046  0.7120583
  0.96006937  1.7275392 ]","[ 0.00000000e+00  4.50754075e-05  1.91769216e-02 -1.52856125e-05
  5.70373229e-04 -1.34013122e-04 -1.05900569e-05  2.64948971e-05]","[ 0.          0.20027605 11.76109791 -0.27023399 -1.34516752  0.15520516
 -0.61866313  0.34160334]"
1747093063.0383074,"[ 0.          0.10634003  0.56045979 -2.93846164 -2.19395046  0.7120583
  0.96006937  1.7275392 ]","[ 0.00000000e+00  5.03403034e-05  2.05274085e-02 -1.50025988e-05
  6.96238474e-04 -1.25170432e-04 -1.05819570e-05  1.85602774e-05]","[ 0.          0.15158205 11.88237667 -0.27004242 -1.45884955  0.17039411
 -0.62610674  0.35613039]"
1747093063.0400631,"[ 0.          0.10634003  0.56048183 -2.93846164 -2.19395046  0.7120583
  0.96006937  1.7275392 ]","[ 0.00000000e+00  5.03783961e-05  2.08137815e-02 -1.50025988e-05
  7.21206520e-04 -1.13619816e-04 -1.05819570e-05  1.85466133e-05]","[ 0.          0.17109914 11.93450356 -0.23022494 -1.52152979  0.16082047
 -0.61859769  0.3614966 ]"
1747093063.0419247,"[ 0.          0.10634049  0.56052457 -2.93846164 -2.19395019  0.7120583
  0.96006937  1.7275392 ]","[ 0.00000000e+00  5.03783961e-05  2.18557287e-02 -1.47089921e-05
  7.50641667e-04 -1.12316202e-04 -1.05819570e-05  1.85604623e-05]","[ 0.          0.14707045 12.048316   -0.23762417 -1.64815402  0.1780472
 -0.63749844  0.33276516]"
1747093063.0437121,"[ 0.          0.10634049  0.56054661 -2.93846164 -2.19394966  0.7120583
  0.96006937  1.7275392 ]","[ 0.00000000e+00  5.03403034e-05  2.24180906e-02 -1.47089921e-05
  7.36633738e-04 -1.03675371e-04 -1.05819570e-05  1.85604623e-05]","[ 0.          0.14140728 12.10336781 -0.2433635  -1.69822848  0.18545203
 -0.65304703  0.33283073]"
1747093063.044925,"[ 0.          0.10634049  0.56059388 -2.93846164 -2.19394859  0.71205923
  0.96006937  1.7275392 ]","[ 0.00000000e+00  5.03778963e-05  2.32283823e-02 -1.44666262e-05
  6.58226466e-04 -8.07027211e-05 -1.05899522e-05  1.85604623e-05]","[ 0.          0.13518223 12.23430347 -0.19462402 -1.74469697  0.2242495
 -0.66808605  0.33480859]"
1747093063.0467045,"[ 0.          0.10634049  0.56064028 -2.93846164 -2.19394779  0.71205923
  0.96006937  1.7275392 ]","[ 0.00000000e+00  5.03778963e-05  2.25691605e-02 -1.41936853e-05
  5.98514896e-04 -7.12372266e-05 -1.05819570e-05  1.85604623e-05]","[ 0.          0.1059149  12.28737164 -0.19269171 -1.82269275  0.24944818
 -0.6881156   0.35170335]"
1747093063.047919,"[ 0.          0.10634049  0.56066139 -2.93846164 -2.19394726  0.71205923
  0.96006937  1.7275392 ]","[ 0.00000000e+00  5.03783961e-05  2.13160808e-02 -1.39493384e-05
  5.75495133e-04 -7.12372266e-05 -1.05820616e-05  1.85464284e-05]","[ 0.          0.10062677 12.29211521 -0.17818868 -1.85740042  0.25168312
 -0.69181663  0.34598869]"
1747093063.0503922,"[ 0.          0.10634049  0.56070134 -2.93846164 -2.19394593  0.71205923
  0.96006937  1.7275392 ]","[ 0.00000000e+00  5.03783961e-05  1.99872133e-02 -1.37132620e-05
  5.42748134e-04 -6.19844282e-05 -1.05820616e-05  1.85604623e-05]","[ 0.          0.09406007 12.32478237 -0.18109308 -1.88729334  0.26226655
 -0.69416451  0.34909061]"
1747093063.0516164,"[ 0.          0.10634049  0.56074035 -2.93846164 -2.19394406  0.71205923
  0.96006937  1.7275392 ]","[ 0.00000000e+00  5.03783961e-05  1.89068230e-02 -1.37132620e-05
  5.74052305e-04 -3.94763770e-05 -1.05819570e-05  1.85606472e-05]","[ 0.          0.10145351 12.38990593 -0.13168918 -1.88630795  0.25123852
 -0.67489153  0.34869486]"
1747093063.053392,"[ 0.          0.10634049  0.56075966 -2.93846164 -2.19394273  0.71205923
  0.96006937  1.7275392 ]","[ 0.00000000e+00  5.03783961e-05  1.94470181e-02 -1.34850427e-05
  6.04540753e-04 -3.10171548e-05 -1.05899522e-05  1.85606472e-05]","[ 0.          0.10663174 12.4219799  -0.12898088 -1.86967313  0.26199406
 -0.68613839  0.35135454]"
1747093063.0546038,"[ 0.          0.10634049  0.56079961 -2.93846164 -2.19394007  0.71205923
  0.96006937  1.7275392 ]","[ 0.00000000e+00  5.04165417e-05  2.05274085e-02 -1.34675405e-05
  6.58857536e-04 -1.12698962e-05 -1.05820616e-05  1.85604623e-05]","[ 0.          0.11364071 12.42299175 -0.10365336 -1.80193365  0.24722406
 -0.68746436  0.34429598]"
1747093063.0563657,"[ 0.          0.10634049  0.56082304 -2.93846164 -2.19393874  0.71205923
  0.96006937  1.7275392 ]","[ 0.00000000e+00  5.04165417e-05  2.20676248e-02 -1.34677671e-05
  6.61389490e-04 -1.12789653e-05 -1.05820616e-05  1.85464284e-05]","[ 0.          0.10971393 12.39445782 -0.11905907 -1.7625401   0.26363048
 -0.69344717  0.34891218]"
1747093063.0575523,"[ 0.          0.10634049  0.56087171 -2.93846164 -2.19393528  0.71205923
  0.96006937  1.7275392 ]","[ 0.00000000e+00  5.03783961e-05  2.56592596e-02 -1.32642965e-05
  7.06525909e-04  0.00000000e+00 -1.05819570e-05  1.85604623e-05]","[ 0.          0.13799086 12.30052185 -0.10187005 -1.69958699  0.27566391
 -0.67121941  0.33315086]"
1747093063.0593104,"[ 0.          0.10634049  0.56092864 -2.93846164 -2.19393181  0.71206017
  0.96006937  1.7275392 ]","[ 0.00000000e+00  5.04165417e-05  2.83315004e-02 -1.30342648e-05
  8.05693160e-04  1.09278060e-05 -1.05819570e-05  1.85464284e-05]","[ 0.          0.16085489 12.17652988 -0.09953474 -1.62885296  0.27787596
 -0.6725412   0.34434003]"
1747093063.0609486,"[ 0.          0.10634049  0.5609562  -2.93846164 -2.19392995  0.71206017
  0.96006937  1.7275392 ]","[ 0.00000000e+00  4.50754075e-05  2.80901368e-02 -1.30342648e-05
  9.72325250e-04  1.09278060e-05 -1.05900569e-05  1.85464284e-05]","[ 0.          0.16628104 12.11108971 -0.08818545 -1.55280912  0.27049038
 -0.66447997  0.34215432]"
1747093063.0630405,"[ 0.          0.10634049  0.56100993 -2.93846137 -2.19392382  0.71206017
  0.96006937  1.7275392 ]","[ 0.00000000e+00  4.50754075e-05  2.70097486e-02 -8.55194479e-06
  1.68426071e-03  1.08100381e-05 -1.05819570e-05  1.85604623e-05]","[ 0.          0.19161066 11.98041534 -0.07520775 -1.39653325  0.2420416
 -0.64696842  0.32643831]"
1747093063.0676203,"[ 0.          0.10634095  0.56110174 -2.93846137 -2.19390784  0.71206017
  0.96006937  1.72754013]","[ 0.00000000e+00  5.03783961e-05  1.99669629e-02 -8.28947951e-06
  3.77307353e-03  1.05979587e-05  0.00000000e+00  2.65149452e-05]","[ 0.00000000e+00  2.54844695e-01  1.17728081e+01  7.46046240e-03
 -1.12687027e+00  2.29012281e-01 -5.81920624e-01  3.35873038e-01]"
1747093063.0712147,"[ 0.          0.10634095  0.56116373 -2.93846137 -2.19388361  0.71206017
  0.96006937  1.72754013]","[ 0.00000000e+00  5.03778963e-05  1.24244839e-02 -8.03330478e-06
  5.98170948e-03  1.05979587e-05  0.00000000e+00  2.65149452e-05]","[ 0.          0.36462152 11.72133255  0.0141599  -1.04606843  0.19686785
 -0.60419887  0.34032008]"
1747093063.0755773,"[ 0.          0.1063414   0.56119775 -2.93846137 -2.19385884  0.71206017
  0.96006937  1.72754013]","[ 0.00000000e+00  5.03783961e-05  5.94214437e-03 -7.91559118e-06
  5.93913271e-03  1.05979587e-05  0.00000000e+00  1.85464284e-05]","[ 0.          0.43841255 11.73289585  0.04248375 -1.11237466  0.24964656
 -0.60957277  0.32958344]"
1747093063.0787275,"[ 0.          0.1063414   0.5612092  -2.93846137 -2.19384446  0.7120611
  0.96006937  1.72754013]","[ 0.00000000e+00  5.03783961e-05  2.70097486e-03 -7.68178944e-06
  4.45660815e-03  1.85604623e-05  0.00000000e+00  1.85464284e-05]","[ 0.          0.51570511 11.86401844  0.06176255 -1.1758523   0.28521073
 -0.65153766  0.33347657]"
1747093063.0811062,"[ 0.          0.10634233  0.5612138  -2.93846137 -2.19383754  0.7120611
  0.96006937  1.72754013]","[ 0.00000000e+00  5.83770511e-05  1.25266281e-03 -7.58227698e-06
  1.88972410e-03  1.85464284e-05  0.00000000e+00  1.85464284e-05]","[ 0.          0.5764119  12.04830265  0.09295008 -1.24260664  0.29857928
 -0.65813178  0.34282267]"
1747093063.0835524,"[ 0.          0.10634233  0.56121653 -2.93846084 -2.19383674  0.7120611
  0.96006937  1.72754013]","[0.00000000e+00 5.56813848e-05 1.35048743e-03 0.00000000e+00
 4.05146222e-04 1.85184257e-05 0.00000000e+00 1.85606472e-05]","[ 0.          0.621494   12.16014385  0.14642836 -1.25770104  0.26302835
 -0.69381601  0.32155222]"
1747093063.0859482,"[ 0.          0.10634279  0.56122205 -2.93846084 -2.19383674  0.7120611
  0.96006937  1.72754013]","[0.00000000e+00 5.83770511e-05 1.64885159e-03 0.00000000e+00
 0.00000000e+00 2.64751417e-05 0.00000000e+00 1.85464284e-05]","[ 0.          0.73923188 12.32701206  0.18085393 -1.18391013  0.26623195
 -0.70501691  0.34604961]"
1747093063.087749,"[ 0.          0.10634324  0.56122711 -2.93846084 -2.19383487  0.7120611
  0.96006937  1.72754013]","[0.00000000e+00 5.83322980e-05 1.90798184e-03 0.00000000e+00
 3.66754408e-04 2.64548924e-05 0.00000000e+00 1.85604623e-05]","[ 0.          0.78830904 12.36365604  0.17293808 -1.12324488  0.29637289
 -0.70145041  0.34273288]"
1747093063.089527,"[ 0.          0.1063437   0.56123264 -2.93846084 -2.19383168  0.7120611
  0.96006937  1.72754013]","[0.00000000e+00 6.36840546e-05 2.18590520e-03 0.00000000e+00
 7.02095998e-04 2.64748795e-05 0.00000000e+00 1.85466133e-05]","[ 0.          0.83777702 12.36533356  0.20452771 -1.05793095  0.30215111
 -0.67469633  0.34728414]"
1747093063.0918024,"[ 0.          0.10634416  0.56123816 -2.93846031 -2.19382715  0.7120611
  0.96006937  1.72754013]","[0.00000000e+00 6.89388604e-05 2.63263773e-03 6.53736996e-06
 1.03591355e-03 2.64551545e-05 0.00000000e+00 1.85604623e-05]","[ 0.          0.88589531 12.33722305  0.24031866 -0.9767884   0.29327413
 -0.66513711  0.34255615]"
1747093063.0934732,"[ 0.          0.10634462  0.56124316 -2.93846031 -2.19382049  0.7120611
  0.96006937  1.72754013]","[0.00000000e+00 7.42980657e-05 2.63288298e-03 6.45920137e-06
 1.44698346e-03 2.64748795e-05 0.00000000e+00 1.85604623e-05]","[ 0.          0.95309275 12.3693409   0.28383991 -0.91534847  0.27965891
 -0.67749798  0.32603291]"
1747093063.0959077,"[ 0.          0.10634508  0.56124735 -2.93846031 -2.19381197  0.7120611
  0.96006937  1.72754013]","[0.00000000e+00 7.42418490e-05 2.44408254e-03 6.37699604e-06
 2.41821893e-03 3.70368514e-05 0.00000000e+00 1.85602774e-05]","[ 0.          0.99629402 12.35754967  0.33386251 -0.86292297  0.28560859
 -0.68359059  0.31858686]"
1747093063.0977585,"[ 0.          0.10634554  0.56124915 -2.93846004 -2.19380052  0.7120611
  0.96006937  1.72754013]","[0.00000000e+00 7.68933393e-05 2.28183179e-03 9.56560886e-06
 4.96734835e-03 3.70368514e-05 0.00000000e+00 1.85464284e-05]","[ 0.          1.02181327 12.35547733  0.36399186 -0.81713909  0.27081272
 -0.68544161  0.31695479]"
1747093063.0997236,"[ 0.          0.106346    0.56125195 -2.93846004 -2.19379306  0.7120621
  0.96006937  1.72754013]","[0.00000000e+00 8.22585670e-05 1.86639024e-03 9.45400243e-06
 6.39230650e-03 4.76188043e-05 0.00000000e+00 1.85604623e-05]","[ 0.          1.0493871  12.32528877  0.41881782 -0.78232604  0.28542146
 -0.68999565  0.31799862]"
1747093063.101396,"[ 0.          0.10634646  0.56125467 -2.93845951 -2.19377522  0.7120621
  0.96006937  1.72754013]","[0.00000000e+00 8.21955152e-05 1.49196695e-03 1.53973763e-05
 8.71248989e-03 4.76188043e-05 0.00000000e+00 1.85604623e-05]","[ 0.          1.10420215 12.284338    0.44517344 -0.74637121  0.27899638
 -0.68066913  0.32679513]"
1747093063.1032412,"[ 0.          0.10634738  0.56125561 -2.93845951 -2.19375391  0.7120621
  0.96006937  1.72754013]","[0.00000000e+00 9.00826511e-05 1.06633074e-03 1.52236315e-05
 1.13440936e-02 4.76547840e-05 0.00000000e+00 1.85464284e-05]","[ 0.          1.15034103 12.22593307  0.47973171 -0.76026726  0.28813857
 -0.69880062  0.32460576]"
1747093063.1049905,"[ 0.          0.10634784  0.56125607 -2.93845898 -2.19372728  0.7120621
  0.96006937  1.72754013]","[0.00000000e+00 9.00145929e-05 7.02102110e-04 2.70738165e-05
 1.40450684e-02 4.76192757e-05 0.00000000e+00 1.85604623e-05]","[ 0.          1.17055535 12.1452713   0.49269214 -0.76751453  0.29895929
 -0.70362157  0.33080363]"
1747093063.1067605,"[ 0.          0.10634829  0.56125654 -2.93845898 -2.19369399  0.7120621
  0.96006937  1.72754013]","[0.00000000e+00 9.53816248e-05 3.11065050e-04 2.67756047e-05
 1.80965312e-02 4.76547840e-05 0.00000000e+00 1.85604623e-05]","[ 0.          1.1848259  12.07468987  0.49794251 -0.78887939  0.32048267
 -0.70109063  0.34149984]"
1747093063.1084936,"[ 0.          0.10634875  0.56125654 -2.93845898 -2.19369399  0.7120621
  0.96006937  1.72754013]","[0.00000000e+00 1.00604543e-04 2.19406909e-04 2.67756047e-05
 1.80965312e-02 4.76188043e-05 0.00000000e+00 1.85602774e-05]","[ 0.          1.19408119 12.04122734  0.49794251 -0.78887939  0.32966629
 -0.69992828  0.34310272]"
1747093063.1097324,"[ 0.          0.10634921  0.56125654 -2.93845844 -2.19364899  0.71206303
  0.96006937  1.72754107]","[0.00000000e+00 1.00604543e-04 8.88757274e-05 3.23691980e-05
 2.34984809e-02 5.82013384e-05 0.00000000e+00 2.65149452e-05]","[ 0.          1.18638754 12.00741386  0.52050132 -0.84065092  0.33597097
 -0.70180053  0.31721956]"
1747093063.111548,"[ 0.          0.10635013  0.56125694 -2.93845844 -2.19359226  0.71206303
  0.96006937  1.72754107]","[0.00000000e+00 1.08547010e-04 1.14478915e-04 3.20199933e-05
 3.05210141e-02 5.82447383e-05 0.00000000e+00 2.64748795e-05]","[ 0.          1.18997192 12.01033783  0.53093547 -0.9293803   0.33974025
 -0.71194088  0.31271577]"
1747093063.1133192,"[ 0.          0.10635013  0.56125694 -2.93845844 -2.19355737  0.71206303
  0.96006937  1.72754107]","[0.00000000e+00 1.08547010e-04 1.13245683e-04 3.16525713e-05
 3.28506684e-02 5.82007654e-05 0.00000000e+00 2.64748795e-05]","[ 0.          1.20447505 11.96455479  0.5473541  -0.99018902  0.34337983
 -0.72373819  0.33083245]"
1747093063.1150625,"[ 0.          0.10635059  0.56125694 -2.93845818 -2.1934844   0.71206396
  0.96006937  1.72754107]","[0.00000000e+00 1.08629080e-04 7.63192740e-05 3.41664517e-05
 3.83149818e-02 6.61372301e-05 0.00000000e+00 2.64748795e-05]","[ 0.          1.2023046  11.90354061  0.54143542 -1.05953526  0.37390563
 -0.74673009  0.32709566]"
1747093063.116938,"[ 0.          0.10635059  0.56125694 -2.93845818 -2.19340424  0.71206396
  0.96006937  1.72754107]","[0.00000000e+00 1.08547010e-04 6.50106450e-05 3.41660860e-05
 3.94342335e-02 6.61378843e-05 0.00000000e+00 2.64751417e-05]","[ 0.          1.20045352 11.84026718  0.54209244 -1.16355324  0.39567536
 -0.74301285  0.3255108 ]"
1747093063.11872,"[ 0.          0.10635151  0.56125694 -2.93845764 -2.19332248  0.71206496
  0.96006937  1.72754107]","[0.00000000e+00 1.19136960e-04 5.80335823e-05 3.94446358e-05
 4.18651087e-02 7.67771511e-05 0.00000000e+00 2.64748795e-05]","[ 0.          1.19822943 11.78027439  0.53497863 -1.20279205  0.43837968
 -0.73395509  0.32923046]"
1747093063.120363,"[ 0.          0.10635151  0.56125694 -2.93845764 -2.19327934  0.71206589
  0.96006937  1.72754107]","[0.00000000e+00 1.19227035e-04 0.00000000e+00 3.90374285e-05
 4.37114575e-02 8.46556558e-05 0.00000000e+00 2.64748795e-05]","[ 0.          1.18501675 11.73103237  0.51357651 -1.20355141  0.44816026
 -0.72609115  0.32979465]"
1747093063.1222103,"[ 0.          0.10635196  0.56125694 -2.93845764 -2.19318187  0.71206589
  0.96006937  1.72754107]","[0.00000000e+00 1.24433170e-04 0.00000000e+00 3.86081311e-05
 4.88381092e-02 8.46556558e-05 0.00000000e+00 2.64751417e-05]","[ 0.          1.16901422 11.66419315  0.48371974 -1.18991148  0.43926683
 -0.71620357  0.33407661]"
1747093063.1239853,"[ 0.          0.10635289  0.56125694 -2.93845711 -2.19307454  0.71206589
  0.96006937  1.72754107]","[0.00000000e+00 1.27079427e-04 0.00000000e+00 4.37112242e-05
 5.26613765e-02 8.46556558e-05 0.00000000e+00 2.64748795e-05]","[ 0.          1.1911912  11.62259865  0.46169052 -1.17500114  0.43046561
 -0.70445174  0.34358072]"
1747093063.125767,"[ 0.          0.10635335  0.56125694 -2.93845711 -2.19296509  0.71206589
  0.96006937  1.72754107]","[0.00000000e+00 1.32374402e-04 0.00000000e+00 4.32401524e-05
 5.64503723e-02 8.46556558e-05 0.00000000e+00 2.64748795e-05]","[ 0.          1.14946651 11.58517361  0.44623542 -1.13777184  0.42682499
 -0.68508106  0.33217439]"
1747093063.1268866,"[ 0.          0.10635335  0.56125694 -2.93845711 -2.19290809  0.71206682
  0.96006937  1.72754107]","[0.00000000e+00 1.32474482e-04 0.00000000e+00 4.32405912e-05
 5.78008613e-02 9.53095680e-05 0.00000000e+00 1.85184257e-05]","[ 0.          1.11194956 11.56813526  0.43507472 -1.11631465  0.4337956
 -0.67565572  0.33056766]"
1747093063.1298254,"[ 0.          0.1063538   0.56125654 -2.93845711 -2.19277787  0.71206682
  0.96006937  1.72754107]","[ 0.00000000e+00  1.37669385e-04 -2.91342431e-05  4.28122244e-05
  6.51998011e-02  9.52366659e-05  0.00000000e+00  1.85325998e-05]","[ 0.          1.08042371 11.48831367  0.41689044 -1.04686284  0.44267908
 -0.65167069  0.30827579]"
1747093063.1313875,"[ 0.          0.10635426  0.56125654 -2.93845711 -2.19255922  0.71206776
  0.96006937  1.72754107]","[ 0.00000000e+00  1.40316860e-04 -2.77513792e-05  4.23918346e-05
  7.47289993e-02  1.03253051e-04  0.00000000e+00  1.85184257e-05]","[ 0.          1.05952001 11.36373138  0.34896168 -1.00148559  0.47521839
 -0.6419183   0.30733311]"
1747093063.1331887,"[ 0.          0.10635426  0.56125654 -2.93845658 -2.19248199  0.71206776
  0.96006937  1.72754107]","[ 0.00000000e+00  1.40316860e-04 -2.76419224e-05  4.76908124e-05
  7.83282698e-02  1.03174077e-04  0.00000000e+00  1.85184257e-05]","[ 0.          1.0392077  11.33270645  0.344643   -1.00581133  0.4741292
 -0.64189053  0.30733311]"
1747093063.1348202,"[ 0.          0.10635472  0.56125654 -2.93845658 -2.19231581  0.71206876
  0.96006937  1.72754107]","[ 0.00000000e+00  1.45610397e-04 -2.76419224e-05  5.03022715e-05
  8.60737992e-02  1.03252035e-04  0.00000000e+00  1.85322320e-05]","[ 0.          0.99376512 11.31791401  0.31078151 -1.02503836  0.48902363
 -0.63112819  0.3235175 ]"
1747093063.13599,"[ 0.          0.10635472  0.56125654 -2.93845658 -2.19222846  0.71206876
  0.96006937  1.72754107]","[ 0.00000000e+00  1.45611844e-04 -2.62963324e-05  5.03403034e-05
  8.85919761e-02  1.03175101e-04  0.00000000e+00  1.85186086e-05]","[ 0.          0.97161216 11.31745625  0.29624131 -1.06014073  0.491157
 -0.6297701   0.32693586]"
1747093063.1377985,"[ 0.          0.10635519  0.56125654 -2.93845658 -2.19203697  0.71206969
  0.96006937  1.72754107]","[ 0.00000000e+00  1.50906827e-04 -2.49862649e-05  5.03022715e-05
  9.61547045e-02  1.13756038e-04  0.00000000e+00  1.85324169e-05]","[ 0.          0.9401409  11.31817341  0.25059983 -1.11361933  0.52428436
 -0.60883659  0.3292017 ]"
1747093063.1389399,"[ 0.          0.10635519  0.56125654 -2.93845658 -2.19193977  0.71206969
  0.96006937  1.72754107]","[ 0.00000000e+00  1.50906827e-04 -2.52552021e-05  5.03022715e-05
  9.85855797e-02  1.13841985e-04  0.00000000e+00  1.85324169e-05]","[ 0.          0.91885257 11.3280859   0.24942099 -1.13275659  0.54018903
 -0.61204702  0.33676091]"
1747093063.1406467,"[ 0.          0.10635564  0.56125607 -2.93845658 -2.19173364  0.71207062
  0.96006937  1.72754107]","[ 0.00000000e+00  1.56201794e-04 -3.46434971e-05  5.03403034e-05
  1.05608111e-01  1.21693710e-04  0.00000000e+00  1.85324169e-05]","[ 0.          0.86488307 11.39533424  0.22372948 -1.21831119  0.56367201
 -0.62165946  0.34222147]"
1747093063.14244,"[ 0.          0.10635564  0.56125607 -2.93845658 -2.19161566  0.71207162
  0.96006937  1.72754107]","[ 0.00000000e+00  1.50906827e-04 -3.46434971e-05  5.03022715e-05
  1.11090428e-01  1.32275769e-04  0.00000000e+00  1.85324169e-05]","[ 0.          0.86249185 11.42364407  0.21046749 -1.26602793  0.58904481
 -0.64259356  0.33461073]"
1747093063.1435955,"[ 0.          0.1063561   0.56125607 -2.93845658 -2.1913869   0.71207255
  0.96006937  1.72754107]","[ 0.00000000e+00  1.56319884e-04 -3.31170315e-05  5.03403034e-05
  1.17222306e-01  1.42857835e-04  0.00000000e+00  1.85184257e-05]","[ 0.          0.80125129 11.46063232  0.18702482 -1.43277943  0.59122235
 -0.6344009   0.33156246]"
1747093063.145443,"[ 0.          0.1063561   0.56125607 -2.93845658 -2.19126785  0.71207348
  0.96006937  1.72754107]","[ 0.00000000e+00  1.56201794e-04 -3.31184010e-05  5.03022715e-05
  1.20733576e-01  1.42856421e-04  0.00000000e+00  1.85184257e-05]","[ 0.          0.80280143 11.48269463  0.21315306 -1.5114466   0.59553748
 -0.63631892  0.32972723]"
1747093063.1472707,"[ 0.          0.1063561   0.56125607 -2.93845631 -2.19101725  0.71207441
  0.96006937  1.72754107]","[ 0.00000000e+00  1.56201794e-04 -3.18179359e-05  5.29903226e-05
  1.22894348e-01  1.50792882e-04  0.00000000e+00  1.85325998e-05]","[ 0.          0.77546793 11.51925755  0.1903504  -1.69810629  0.63936335
 -0.65999502  0.33763167]"
1747093063.1484673,"[ 0.          0.10635656  0.56125607 -2.93845631 -2.19077064  0.71207635
  0.96006937  1.72754213]","[ 0.00000000e+00  1.58849285e-04 -3.06157383e-05  5.29497591e-05
  1.25865421e-01  1.69311312e-04  0.00000000e+00  2.91223691e-05]","[ 0.          0.75745875 11.54972172  0.16889471 -1.80890203  0.66955477
 -0.6663636   0.343945  ]"
1747093063.150271,"[ 0.          0.10635656  0.56125607 -2.93845631 -2.19063509  0.71207635
  0.96006937  1.72754213]","[ 0.00000000e+00  1.58849285e-04 -2.94999930e-05  5.29497591e-05
  1.27641150e-01  1.69311312e-04  0.00000000e+00  2.91223691e-05]","[ 0.          0.75938606 11.56562519  0.14452885 -1.8091346   0.69226956
 -0.67008072  0.33263302]"
1747093063.1524386,"[ 0.          0.10635702  0.56125607 -2.93845631 -2.19037809  0.71207828
  0.96006937  1.72754213]","[ 0.00000000e+00  1.64145878e-04 -2.83868647e-05  5.29897943e-05
  1.31267377e-01  1.90475217e-04  0.00000000e+00  2.91003827e-05]","[ 0.          0.72030705 11.58565712  0.16161533 -1.8346324   0.69856143
 -0.68600345  0.34881753]"
1747093063.1538222,"[ 0.          0.10635702  0.56125607 -2.93845578 -2.19010618  0.71207828
  0.96006937  1.72754213]","[ 0.00000000e+00  1.64145878e-04 -2.74260526e-05  5.82441572e-05
  1.33158055e-01  1.90475217e-04  0.00000000e+00  2.91223691e-05]","[ 0.          0.66633987 11.58510017  0.18085578 -1.8148129   0.70418251
 -0.69006169  0.34759882]"
1747093063.1555629,"[ 0.          0.10635702  0.56125607 -2.93845578 -2.18997409  0.71207828
  0.96006937  1.72754213]","[ 0.00000000e+00  1.64144252e-04 -2.73556233e-05  5.82447383e-05
  1.33968346e-01  1.90621022e-04  0.00000000e+00  2.91223691e-05]","[ 0.          0.65764266 11.56093407  0.20027745 -1.78386545  0.7009359
 -0.67750657  0.33590958]"
1747093063.1573071,"[ 0.          0.10635748  0.56125561 -2.93845525 -2.18969259  0.71207828
  0.96006937  1.72754213]","[ 0.00000000e+00  1.69439236e-04 -4.42135862e-05  6.35397134e-05
  1.39678039e-01  1.90475217e-04  0.00000000e+00  2.91223691e-05]","[ 0.          0.64689869 11.49732971  0.20722377 -1.6636039   0.68759483
 -0.66796464  0.33425361]"
1747093063.158494,"[ 0.          0.10635748  0.56125561 -2.93845525 -2.18940444  0.71207828
  0.96006937  1.72754213]","[ 0.00000000e+00  1.69439236e-04 -4.28119684e-05  6.35397134e-05
  1.49482400e-01  1.90475217e-04  0.00000000e+00  2.91223691e-05]","[ 0.          0.65661716 11.45207214  0.24592745 -1.53150797  0.64514929
 -0.6523332   0.32809621]"
1747093063.160231,"[ 0.          0.10635748  0.56125514 -2.93845525 -2.18925344  0.71207921
  0.96006937  1.72754213]","[ 0.00000000e+00  1.69439236e-04 -4.27076095e-05  6.35397134e-05
  1.53145262e-01  1.90621022e-04  0.00000000e+00  2.91223691e-05]","[ 0.          0.67981988 11.43876076  0.2608881  -1.4789896   0.6523059
 -0.64145035  0.32921654]"
1747093063.1613762,"[ 0.          0.10635794  0.56125514 -2.93845525 -2.18892933  0.71207921
  0.96006937  1.72754213]","[ 0.00000000e+00  1.74734219e-04 -4.14964800e-05  6.35397134e-05
  1.60491808e-01  1.90477103e-04  0.00000000e+00  2.91223691e-05]","[ 0.          0.64194489 11.35858154  0.27500302 -1.42177975  0.63505089
 -0.65716863  0.31711671]"
1747093063.1630504,"[ 0.          0.10635794  0.56125467 -2.93845525 -2.18876821  0.71207921
  0.96006937  1.72754213]","[ 0.00000000e+00  1.76463892e-04 -5.80950695e-05  6.35397134e-05
  1.63408968e-01  1.90619136e-04  0.00000000e+00  2.91223691e-05]","[ 0.          0.6335178  11.32722473  0.27637607 -1.39064872  0.62718004
 -0.65378016  0.32944423]"
1747093063.1647387,"[ 0.          0.1063584   0.56125467 -2.93845498 -2.18843611  0.71208014
  0.96006937  1.72754213]","[ 0.00000000e+00  1.80029934e-04 -5.62339817e-05  6.35877499e-05
  1.69081018e-01  1.98411694e-04  0.00000000e+00  2.11799045e-05]","[ 0.          0.65460914 11.29858494  0.31197158 -1.31531143  0.64327013
 -0.65485883  0.34374145]"
1747093063.165903,"[ 0.          0.1063584   0.56125467 -2.93845498 -2.18825289  0.71208014
  0.96006937  1.72754213]","[ 0.00000000e+00  1.82009749e-04 -5.46097404e-05  6.35397134e-05
  1.72528697e-01  1.98411694e-04  0.00000000e+00  2.11799045e-05]","[ 0.          0.6338802  11.30264091  0.3109729  -1.29107761  0.66421098
 -0.65707093  0.34081608]"
1747093063.1675925,"[ 0.          0.10635886  0.56125467 -2.93845498 -2.18790481  0.71208114
  0.96006937  1.72754213]","[ 0.00000000e+00  1.85803892e-04 -5.30751840e-05  6.35397134e-05
  1.77454047e-01  2.09153625e-04  0.00000000e+00  2.11799045e-05]","[ 0.          0.62717623 11.30266094  0.34908822 -1.22123647  0.67519289
 -0.64923036  0.32693565]"
1747093063.1692963,"[ 0.          0.10635886  0.56125467 -2.93845445 -2.18772798  0.71208114
  0.96006937  1.72754213]","[ 0.00000000e+00  1.87913469e-04 -5.30751840e-05  6.87827183e-05
  1.79344725e-01  2.08991567e-04  0.00000000e+00  2.11799045e-05]","[ 0.          0.62906319 11.30818748  0.36188745 -1.18962288  0.67846346
 -0.66112769  0.32363695]"
1747093063.1704655,"[ 0.          0.10635931  0.56125467 -2.93845392 -2.1873602   0.71208114
  0.96006937  1.72754213]","[ 0.00000000e+00  1.91962599e-04 -5.16259401e-05  7.41296676e-05
  1.80695214e-01  2.09151561e-04  0.00000000e+00  2.11801137e-05]","[ 0.          0.65166128 11.33533001  0.37203571 -1.16354167  0.66736388
 -0.65813428  0.32943249]"
1747093063.1727812,"[ 0.          0.10635931  0.56125467 -2.93845392 -2.18699188  0.71208207
  0.96006937  1.72754213]","[ 0.00000000e+00  1.88327800e-04 -5.01509936e-05  7.40744343e-05
  1.89068225e-01  2.16930124e-04  0.00000000e+00  2.11796931e-05]","[ 0.          0.64372104 11.37920475  0.39665383 -1.13683963  0.67052627
 -0.64897889  0.3356885 ]"
1747093063.174548,"[ 0.          0.10635931  0.56125467 -2.93845338 -2.18678815  0.71208207
  0.96006937  1.72754213]","[ 0.00000000e+00  1.86143517e-04 -4.88550961e-05  7.93646793e-05
  1.91837880e-01  2.16932270e-04  0.00000000e+00  2.11959173e-05]","[ 0.          0.64531249 11.4007988   0.39926901 -1.13381147  0.678289
 -0.67389953  0.33446884]"
1747093063.1763844,"[ 0.          0.10635977  0.56125421 -2.93845338 -2.18640066  0.71208207
  0.96006937  1.72754213]","[ 0.00000000e+00  1.88171869e-04 -6.12314765e-05  7.94246427e-05
  1.97441254e-01  2.16930124e-04  0.00000000e+00  2.11799045e-05]","[ 0.          0.64143032 11.3992815   0.42691395 -1.21447849  0.66844326
 -0.68424582  0.32310641]"
1747093063.1780972,"[ 0.          0.10636024  0.56125421 -2.93845312 -2.18600332  0.712083
  0.96006844  1.72754213]","[ 0.00000000e+00  1.90242776e-04 -5.97270116e-05  8.20109762e-05
  2.02573099e-01  2.27512077e-04 -1.05819570e-05  2.11957060e-05]","[ 0.          0.647385   11.42057419  0.44556597 -1.29997551  0.6829204
 -0.69854188  0.31521943]"
1747093063.1798408,"[ 0.          0.10636024  0.56125421 -2.93845258 -2.18557907  0.71208394
  0.96006844  1.72754213]","[ 0.00000000e+00  1.84297688e-04 -5.82947010e-05  8.73671094e-05
  2.08245149e-01  2.27856106e-04 -1.05819570e-05  2.11799045e-05]","[ 0.          0.6456942  11.49130058  0.41311631 -1.35396457  0.69705701
 -0.70841557  0.32671762]"
1747093063.1815376,"[ 0.          0.1063607   0.56125421 -2.93845258 -2.18537161  0.71208394
  0.96006844  1.72754213]","[ 0.00000000e+00  1.88171869e-04 -4.52566712e-05  8.73671094e-05
  2.10405938e-01  2.27512077e-04 -1.05819570e-05  2.11799045e-05]","[ 0.          0.67322212 11.53184223  0.41061577 -1.37228537  0.70086622
 -0.70573002  0.33499426]"
1747093063.1839147,"[ 0.          0.10636115  0.56125421 -2.93845205 -2.18472367  0.71208493
  0.96006844  1.72754213]","[ 0.00000000e+00  1.89917488e-04 -4.41987010e-05  8.73671094e-05
  2.16348083e-01  2.38454070e-04 -1.05820616e-05  2.11799045e-05]","[ 0.          0.66541612 11.62597466  0.39481041 -1.43209195  0.72653252
 -0.72728902  0.34542438]"
1747093063.1857252,"[ 0.          0.10636115  0.56125421 -2.93845205 -2.18428957  0.71208493
  0.96006844  1.72754213]","[ 0.00000000e+00  1.80326532e-04 -4.31880644e-05  8.73671094e-05
  2.21750022e-01  2.38454070e-04 -1.05819570e-05  2.11799045e-05]","[ 0.          0.68563139 11.70159054  0.41592166 -1.43759012  0.72375995
 -0.72194451  0.34310079]"
1747093063.1875722,"[ 0.          0.10636115  0.56125421 -2.93845152 -2.18405228  0.71208493
  0.96006844  1.72754213]","[ 0.00000000e+00  1.78259022e-04 -4.31890640e-05  9.27321420e-05
  2.23434705e-01  2.38454070e-04 -1.05819570e-05  2.11799045e-05]","[ 0.          0.71370375 11.72891998  0.41728571 -1.41883349  0.72183371
 -0.73758644  0.32144001]"
1747093063.1887188,"[ 0.          0.10636161  0.56125421 -2.93845152 -2.18360407  0.71208587
  0.96006844  1.72754213]","[ 0.00000000e+00  1.76812115e-04 -4.22235706e-05  9.26620845e-05
  2.28772562e-01  2.46402543e-04 -1.05819570e-05  2.11799045e-05]","[ 0.          0.69626135 11.74800491  0.40278226 -1.40781891  0.70870745
 -0.74946958  0.32925278]"
1747093063.1905868,"[ 0.          0.10636207  0.56125421 -2.93845152 -2.18312977  0.71208587
  0.96006844  1.72754213]","[ 0.00000000e+00  1.80173478e-04 -4.22235706e-05  9.27321420e-05
  2.32211602e-01  2.46402543e-04 -1.05819570e-05  2.11796931e-05]","[ 0.          0.70192122 11.78063679  0.38377076 -1.41775548  0.698654
 -0.74311185  0.32054073]"
1747093063.1917496,"[ 0.          0.10636207  0.56125421 -2.93845152 -2.1829002   0.71208587
  0.96006844  1.72754213]","[ 0.00000000e+00  1.74543064e-04 -4.13012129e-05  9.28023133e-05
  2.32824029e-01  2.46402543e-04 -1.05819570e-05  2.11799045e-05]","[ 0.          0.70230472 11.77793598  0.38694251 -1.3784709   0.70745057
 -0.73040646  0.33580726]"
1747093063.1934779,"[ 0.          0.10636207  0.56125421 -2.93845125 -2.18243362  0.71208587
  0.96006844  1.72754213]","[ 0.00000000e+00  1.68777038e-04 -4.12308750e-05  9.01508150e-05
  2.37955874e-01  2.46402543e-04 -1.05819570e-05  2.11799045e-05]","[ 0.          0.7220313  11.80199623  0.3815476  -1.32788992  0.72055048
 -0.73816442  0.32938266]"
1747093063.195307,"[ 0.          0.10636253  0.56125421 -2.93845072 -2.18219766  0.7120868
  0.96006844  1.72754213]","[ 0.00000000e+00  1.68912634e-04 -4.12317853e-05  9.53816248e-05
  2.39306363e-01  2.54351000e-04 -1.05820616e-05  2.11799045e-05]","[ 0.          0.74269837 11.8308239   0.37279442 -1.35680401  0.71665502
 -0.74940324  0.33558083]"
1747093063.1964724,"[ 0.          0.10636253  0.56125421 -2.93845072 -2.18170311  0.7120868
  0.96006844  1.72754213]","[ 0.00000000e+00  1.67170217e-04 -4.03517994e-05  9.54547545e-05
  2.42547529e-01  2.54351000e-04 -1.05819570e-05  2.11801137e-05]","[ 0.          0.71727777 11.81082249  0.33533761 -1.40441215  0.71579951
 -0.7660026   0.33039698]"
1747093063.198263,"[ 0.          0.10636299  0.56125421 -2.93845072 -2.18146103  0.7120868
  0.96006844  1.72754213]","[ 0.00000000e+00  1.70978859e-04 -3.94450584e-05  9.28023133e-05
  2.45518602e-01  2.54351000e-04 -1.05819570e-05  2.11799045e-05]","[ 0.          0.7114318  11.79940033  0.33151641 -1.39322972  0.70618439
 -0.75519216  0.32578707]"
1747093063.2000213,"[ 0.          0.10636345  0.56125374 -2.93845019 -2.1809513   0.7120868
  0.96006844  1.72754213]","[ 0.00000000e+00  1.69382734e-04 -4.97559773e-05  9.81053020e-05
  2.50016148e-01  2.46404997e-04 -1.05820616e-05  2.11799045e-05]","[ 0.          0.71850461 11.79508018  0.35003018 -1.39982688  0.71860778
 -0.75323886  0.32318598]"
1747093063.2012265,"[ 0.          0.10636345  0.56125374 -2.93845019 -2.18070336  0.7120868
  0.96006844  1.72754213]","[ 0.00000000e+00  1.67686611e-04 -4.97559773e-05  9.28023133e-05
  2.51205965e-01  2.46402543e-04 -1.05820616e-05  2.11799045e-05]","[ 0.          0.73853832 11.79915237  0.35028026 -1.42433178  0.72424126
 -0.75799513  0.33337083]"
1747093063.2023742,"[ 0.          0.10636391  0.56125374 -2.93844992 -2.18017898  0.7120868
  0.96006844  1.72754213]","[ 0.00000000e+00  1.67686611e-04 -4.86827196e-05  9.53816248e-05
  2.58040752e-01  2.46402543e-04 -1.05740785e-05  2.11801137e-05]","[ 0.          0.7531715  11.80529022  0.35139853 -1.38026404  0.69844437
 -0.7574234   0.34679005]"
1747093063.2040615,"[ 0.          0.10636391  0.56125374 -2.93844992 -2.17992279  0.7120878
  0.96006844  1.72754213]","[ 0.00000000e+00  1.66024151e-04 -4.77269018e-05  9.53816248e-05
  2.59833775e-01  2.54543487e-04 -1.05740785e-05  2.11799045e-05]","[ 0.          0.74990606 11.7951622   0.34085461 -1.34642243  0.70547688
 -0.74907464  0.34781748]"
1747093063.2057517,"[ 0.          0.10636437  0.56125328 -2.93844939 -2.1794072   0.7120878
  0.96006844  1.72754306]","[ 0.00000000e+00  1.60666912e-04 -5.20077536e-05  9.54538036e-05
  2.61994548e-01  2.54351000e-04 -1.05819570e-05  2.91223691e-05]","[ 0.          0.76012081 11.76392937  0.3447496  -1.30470443  0.6964007
 -0.74395478  0.33913267]"
1747093063.206925,"[ 0.          0.10636437  0.56125328 -2.93844939 -2.17914541  0.7120878
  0.96006844  1.72754306]","[ 0.00000000e+00  1.58969375e-04 -5.10252497e-05  9.53816248e-05
  2.65505826e-01  2.54351000e-04 -1.05740785e-05  2.91003827e-05]","[ 0.          0.79002535 11.73987007  0.36850277 -1.31823444  0.70034182
 -0.7422573   0.32158628]"
1747093063.2086804,"[ 0.          0.10636482  0.56125328 -2.93844886 -2.17859387  0.7120878
  0.96006844  1.72754306]","[ 0.00000000e+00  1.59089675e-04 -4.58568374e-05  1.00756792e-04
  2.70097482e-01  2.54351000e-04 -1.05820616e-05  2.91226556e-05]","[ 0.          0.80304027 11.68900967  0.37421641 -1.34891343  0.69526744
 -0.72776431  0.30605322]"
1747093063.2098527,"[ 0.          0.10636528  0.56125328 -2.93844832 -2.17832569  0.71208873
  0.96006844  1.72754306]","[ 0.00000000e+00  1.64392656e-04 -4.58568374e-05  1.00756792e-04
  2.71988159e-01  2.54351000e-04 -1.05819570e-05  2.11799045e-05]","[ 0.          0.82049829 11.67717743  0.38894677 -1.3436569   0.70398951
 -0.72994643  0.31999165]"
1747093063.2116723,"[ 0.          0.10636575  0.56125281 -2.93844806 -2.1777595   0.71208873
  0.96006844  1.72754306]","[ 0.00000000e+00  1.58969375e-04 -4.90986679e-05  1.03330098e-04
  2.77600688e-01  2.54353535e-04 -1.05819570e-05  2.12117453e-05]","[ 0.          0.83115351 11.6440382   0.40571702 -1.33091342  0.70146441
 -0.74647057  0.32479101]"
1747093063.2128174,"[ 0.          0.10636575  0.56125281 -2.93844752 -2.17748546  0.71208873
  0.96006844  1.72754306]","[ 0.00000000e+00  1.56438185e-04 -4.90299758e-05  1.08711279e-04
  2.77930304e-01  2.54351000e-04 -1.05819570e-05  2.12119566e-05]","[ 0.          0.87960482 11.62698174  0.40230528 -1.30049121  0.69815516
 -0.74753195  0.3378531 ]"
1747093063.2145405,"[ 0.          0.10636666  0.56125234 -2.93844699 -2.17693392  0.71208873
  0.96006844  1.72754306]","[ 0.00000000e+00  1.64394298e-04 -4.82220874e-05  1.11278562e-04
  2.79537472e-01  2.46402543e-04 -1.05819570e-05  2.12119566e-05]","[ 0.          0.90567297 11.58012772  0.45085958 -1.27444899  0.70343804
 -0.74588817  0.32592019]"
1747093063.2162483,"[ 0.          0.10636666  0.56125234 -2.93844673 -2.17665642  0.71208873
  0.96006844  1.72754306]","[ 0.00000000e+00  1.58969375e-04 -4.82220874e-05  1.13928053e-04
  2.81441566e-01  2.46589000e-04 -1.05820616e-05  2.12119566e-05]","[ 0.          0.91699547 11.55403233  0.46251786 -1.28932488  0.69805437
 -0.73955637  0.32805154]"
1747093063.2188265,"[ 0.          0.10636758  0.56125195 -2.93844619 -2.17607372  0.71208966
  0.96006844  1.72754306]","[ 0.00000000e+00  1.64392656e-04 -5.57963782e-05  1.19317257e-04
  2.85493033e-01  2.46402543e-04 -1.05819570e-05  2.12117453e-05]","[ 0.          0.96490711 11.45132446  0.51695234 -1.3079958   0.71432275
 -0.73236668  0.3326261 ]"
1747093063.2236683,"[ 0.          0.10636987  0.56125101 -2.93844433 -2.17460499  0.71209059
  0.96006844  1.72754306]","[ 0.00000000e+00  1.71509102e-04 -6.29302007e-05  1.32473165e-04
  2.96026833e-01  2.46402543e-04 -1.05819570e-05  2.12119566e-05]","[ 0.          1.04833162 11.30492878  0.60025269 -1.43365288  0.68490529
 -0.73974001  0.35067901]"
1747093063.2298622,"[ 0.          0.10637263  0.56125101 -2.93844193 -2.17277673  0.71209059
  0.96006751  1.72754306]","[ 0.00000000e+00  1.91071145e-04 -5.98636156e-05  1.51019407e-04
  3.06560634e-01  2.35806936e-04 -1.85184257e-05  2.12119566e-05]","[ 0.          1.21709085 11.24136162  0.74947894 -1.5312531   0.71510684
 -0.77718598  0.33055678]"
1747093063.2345135,"[ 0.          0.10637447  0.56125055 -2.93844113 -2.17123023  0.71209059
  0.96006751  1.72754306]","[ 0.00000000e+00  2.09073620e-04 -6.62374887e-05  1.53671937e-04
  3.12186163e-01  2.27856106e-04 -1.85184257e-05  2.12119566e-05]","[ 0.          1.31908619 11.14652252  0.83982038 -1.67403662  0.67707378
 -0.78620684  0.33133745]"
1747093063.2381308,"[ 0.          0.10637631  0.56125008 -2.93844007 -2.16995964  0.71209159
  0.96006751  1.72754306]","[ 0.00000000e+00  2.43486525e-04 -6.83614548e-05  1.64268357e-04
  3.17852437e-01  2.17258159e-04 -1.85184257e-05  2.12119566e-05]","[ 0.          1.35168695 11.147439    0.87250644 -1.64520693  0.69455904
 -0.77795339  0.35032666]"
1747093063.241701,"[ 0.          0.10637768  0.56125008 -2.9384398  -2.16867945  0.71209159
  0.96006751  1.72754306]","[ 0.00000000e+00  2.73087892e-04 -6.72825242e-05  1.66917848e-04
  3.20065524e-01  1.98711722e-04 -1.85184257e-05  2.12119566e-05]","[ 0.          1.37402201 11.16338634  0.86044133 -1.55358887  0.66691631
 -0.7902118   0.33515504]"
1747093063.245257,"[ 0.          0.10637906  0.56125008 -2.9384398  -2.167705    0.71209159
  0.96006751  1.72754306]","[ 0.00000000e+00  3.00780118e-04 -6.14543155e-05  1.67044162e-04
  3.22169621e-01  1.80165302e-04 -1.85186086e-05  2.12280182e-05]","[ 0.          1.4052881  11.16319466  0.8604666  -1.44361258  0.66104847
 -0.77402025  0.32923573]"
1747093063.2494278,"[ 0.          0.10638136  0.56124915 -2.93843874 -2.16640884  0.71209252
  0.96006751  1.72754306]","[ 0.00000000e+00  3.58328682e-04 -7.09588739e-05  1.76733605e-04
  3.22226280e-01  1.61742775e-04 -1.85184257e-05  1.06140091e-05]","[ 0.          1.40534544 11.15635777  0.85109168 -1.49265718  0.67613518
 -0.76142007  0.33662751]"
1747093063.253085,"[ 0.          0.10638273  0.56124915 -2.9384382  -2.16510416  0.71209252
  0.96006751  1.72754306]","[ 0.00000000e+00  3.94655799e-04 -6.99901215e-05  1.78598923e-04
  3.25748244e-01  1.43180701e-04 -1.85184257e-05  1.06140091e-05]","[ 0.          1.40528321 11.11715508  0.7980572  -1.45526958  0.70738077
 -0.75144255  0.31938124]"
1747093063.2572572,"[ 0.          0.10638457  0.56124868 -2.93843794 -2.16382132  0.71209252
  0.96006751  1.72754306]","[ 0.00000000e+00  4.33170986e-04 -7.42428324e-05  1.77578684e-04
  3.23036580e-01  1.42965766e-04 -1.85184257e-05  1.06140091e-05]","[ 0.          1.36646235 11.15233994  0.74122685 -1.51413679  0.68279773
 -0.7426666   0.34143004]"
1747093063.260941,"[ 0.          0.10638641  0.56124868 -2.93843794 -2.16251637  0.71209346
  0.96006751  1.72754306]","[ 0.00000000e+00  4.37159258e-04 -7.32097360e-05  1.74057570e-04
  3.25467447e-01  1.42856421e-04 -1.85462435e-05  1.06059783e-05]","[ 0.          1.32600892 11.19562817  0.69865221 -1.45421517  0.70866066
 -0.74253333  0.33166254]"
1747093063.2647128,"[ 0.          0.10638962  0.56124822 -2.9384374  -2.16118186  0.71209346
  0.96006751  1.72754306]","[ 0.00000000e+00  4.72864960e-04 -7.38359218e-05  1.72742570e-04
  3.24243624e-01  1.32374402e-04 -1.85462435e-05  1.06059783e-05]","[ 0.          1.29429483 11.20524025  0.70334953 -1.45975244  0.73585039
 -0.74595487  0.3213577 ]"
1747093063.268386,"[ 0.          0.10639145  0.56124775 -2.93843687 -2.16022365  0.71209346
  0.96006751  1.72754306]","[ 0.00000000e+00  5.00423183e-04 -7.94845004e-05  1.76355506e-04
  3.24116958e-01  1.21692507e-04 -1.85604623e-05  1.06059783e-05]","[ 0.          1.29576194 11.22601509  0.68478006 -1.45787847  0.71551591
 -0.71455497  0.32858688]"
1747093063.2721107,"[ 0.          0.10639468  0.56124775 -2.93843661 -2.15892589  0.71209346
  0.96006751  1.72754306]","[ 0.00000000e+00  5.37008424e-04 -7.76535609e-05  1.70128628e-04
  3.20875791e-01  1.21692507e-04 -1.85604623e-05  1.06059783e-05]","[ 0.          1.25037968 11.27999783  0.68923682 -1.49742126  0.72426605
 -0.72753209  0.3333936 ]"
1747093063.2757158,"[ 0.          0.10639789  0.56124775 -2.93843607 -2.15795517  0.71209445
  0.96006751  1.72754306]","[ 0.00000000e+00  6.30799223e-04 -7.66643845e-05  1.73657706e-04
  3.20875791e-01  1.21692507e-04 -1.85464284e-05  1.06059783e-05]","[ 0.          1.18922353 11.32174873  0.70516515 -1.41630328  0.75987285
 -0.73929584  0.35220739]"
1747093063.279474,"[ 0.          0.10640569  0.56124775 -2.93843554 -2.15662252  0.71209445
  0.96006751  1.72754306]","[ 0.00000000e+00  1.00681611e-03 -7.48929207e-05  1.74602296e-04
  3.17852437e-01  1.13756038e-04 -1.06059783e-05  1.06058726e-05]","[ 0.          1.17819524 11.30360985  0.70340782 -1.31751645  0.73130536
 -0.711254    0.31356871]"
1747093063.2824483,"[ 0.          0.10642498  0.56124735 -2.93843474 -2.15535646  0.71209445
  0.96006751  1.72754306]","[ 0.00000000e+00  3.51047986e-03 -8.01358566e-05  1.77164305e-04
  3.15154222e-01  1.05819570e-04 -1.06140091e-05  1.05979587e-05]","[ 0.          1.09983778 11.35971737  0.73155653 -1.25280941  0.71933466
 -0.73817992  0.34543723]"
1747093063.2870274,"[ 0.          0.10650809  0.56124735 -2.93843474 -2.15409465  0.71209539
  0.96006751  1.72754306]","[ 0.00000000e+00  3.26486822e-02 -7.31378173e-05  1.69997631e-04
  3.12186163e-01  1.03174077e-04 -1.06059783e-05  1.06059783e-05]","[ 0.          1.06757092 11.40307045  0.70276237 -1.14246929  0.76281172
 -0.72379494  0.3426218 ]"
1747093063.2914126,"[ 0.          0.10670233  0.56124735 -2.93843421 -2.15284563  0.71209539
  0.96006751  1.72754306]","[ 0.00000000e+00  5.58535288e-02 -7.15230564e-05  1.71827076e-04
  3.10341990e-01  9.52385514e-05 -1.06059783e-05  1.06060839e-05]","[ 0.          0.78178674 11.44308281  0.6020838  -1.16192889  0.76038235
 -0.69664854  0.32340002]"
1747093063.294527,"[ 0.          0.10688095  0.56124735 -2.93843421 -2.15221153  0.71209632
  0.96006751  1.72754306]","[ 0.00000000e+00  5.99616379e-02 -7.06822849e-05  1.69311312e-04
  3.09699036e-01  1.03174077e-04 -1.06059783e-05  1.06059783e-05]","[ 0.          0.56363153 11.5644083   0.5007742  -1.18199253  0.80549598
 -0.69268972  0.31884122]"
1747093063.297656,"[ 0.          0.10706922  0.56124735 -2.93843474 -2.15130153  0.71209725
  0.96006751  1.72754306]","[ 0.00000000e+00  6.38858016e-02 -6.41472632e-05  1.58729359e-04
  3.06519855e-01  1.03174077e-04 -1.06059783e-05  1.06059783e-05]","[ 0.          0.30412886 11.61336613  0.35920969 -1.22968841  0.82992738
 -0.68017322  0.33516061]"
1747093063.30139,"[ 0.          0.10726346  0.56124735 -2.93843474 -2.150085    0.71209825
  0.96006751  1.72754306]","[ 0.00000000e+00  6.50934910e-02 -6.34092820e-05  1.53438374e-04
  3.00348378e-01  1.13756038e-04 -1.06059783e-05  1.06059783e-05]","[ 0.          0.05926291 11.67101765  0.14610009 -1.52280915  0.87000728
 -0.67257029  0.33601618]"
1747093063.3056314,"[ 0.          0.10752565  0.56124735 -2.93843501 -2.14888711  0.71209918
  0.96006751  1.72754306]","[ 0.00000000e+00  6.32028089e-02 -5.64402410e-05  1.48148869e-04
  2.96266551e-01  1.13670222e-04 -1.06059783e-05  0.00000000e+00]","[ 0.00000000e+00 -2.54310578e-01  1.17073803e+01 -7.83113390e-03
 -1.80127931e+00  9.27190363e-01 -6.99061453e-01  3.54660362e-01]"
1747093063.3092756,"[ 0.          0.10773918  0.56124735 -2.93843501 -2.14771292  0.71210011
  0.96006751  1.727544  ]","[ 0.00000000e+00  4.64567646e-02 -5.30638139e-05  1.37565437e-04
  2.90624878e-01  1.21600701e-04 -1.06058726e-05  1.05899522e-05]","[ 0.         -0.39713946 11.74401093 -0.11084253 -1.856233    0.94128883
 -0.6862458   0.34741637]"
1747093063.3139706,"[ 0.          0.10793204  0.56124735 -2.93843501 -2.14628067  0.71210011
  0.96006751  1.727544  ]","[ 0.00000000e+00  3.05937517e-02 -4.68817821e-05  1.24337991e-04
  2.83062166e-01  1.13757160e-04 -1.06059783e-05  1.05819570e-05]","[ 0.         -0.40051791 11.67781258 -0.07049458 -1.88031876  0.89374965
 -0.66571951  0.33695707]"
1747093063.3169498,"[ 0.          0.10799862  0.56124689 -2.93843501 -2.14543538  0.71210111
  0.96006751  1.727544  ]","[ 0.00000000e+00  1.86178429e-02 -4.59077225e-05  1.16402677e-04
  2.77120004e-01  1.21600701e-04 -1.06059783e-05  1.05900569e-05]","[ 0.00000000e+00 -2.83968627e-01  1.16600122e+01  4.48952615e-03
 -1.78078175e+00  9.00409698e-01 -6.61763906e-01  3.43601078e-01]"
1747093063.319934,"[ 0.          0.10803627  0.56124689 -2.93843474 -2.14459542  0.71210111
  0.96006751  1.727544  ]","[ 0.00000000e+00  9.72350907e-03 -4.54528200e-05  1.08466135e-04
  2.77099148e-01  1.13756038e-04 -1.06058726e-05  1.05819570e-05]","[ 0.         -0.06870063 11.62518597  0.12651947 -1.65100539  0.89881593
 -0.67228293  0.34750149]"
1747093063.3223293,"[ 0.          0.10805235  0.56124642 -2.93843421 -2.14404761  0.71210111
  0.96006751  1.727544  ]","[ 0.00000000e+00  7.56272939e-03 -4.54528200e-05  1.08465062e-04
  2.77660210e-01  1.13757160e-04 -1.06060839e-05  1.05819570e-05]","[ 0.          0.05602662 11.57375622  0.25579989 -1.66514838  0.86214763
 -0.67105424  0.32382917]"
1747093063.3245745,"[ 0.          0.10807255  0.56124595 -2.93843368 -2.14321431  0.71210111
  0.96006751  1.727544  ]","[ 0.00000000e+00  7.02253421e-03 -5.02647924e-05  1.00528593e-04
  2.73338648e-01  1.05819570e-04  0.00000000e+00  1.05899522e-05]","[ 0.          0.35959107 11.53796577  0.48854119 -1.67886543  0.86422557
 -0.71214718  0.33888879]"
1747093063.326964,"[ 0.          0.10808862  0.56124595 -2.93843288 -2.14267795  0.71210111
  0.96006751  1.727544  ]","[ 0.00000000e+00  8.10292405e-03 -5.03027714e-05  1.00528593e-04
  2.71447970e-01  1.05820618e-04  0.00000000e+00  1.05819570e-05]","[ 0.          0.59635347 11.58757591  0.6086641  -1.67217731  0.87170053
 -0.73408294  0.32113317]"
1747093063.3288069,"[ 0.          0.10811204  0.56124595 -2.93843101 -2.14212055  0.71210111
  0.96006751  1.727544  ]","[ 0.00000000e+00  1.26817193e-02 -5.03022715e-05  1.08466135e-04
  2.72258254e-01  1.05819570e-04  0.00000000e+00  1.05819570e-05]","[ 0.          0.74840999 11.60929012  0.73834646 -1.65908635  0.86418504
 -0.72942042  0.31742471]"
1747093063.33054,"[ 0.          0.10814465  0.56124595 -2.93842968 -2.14158259  0.71210204
  0.96006751  1.727544  ]","[ 0.00000000e+00  1.73030237e-02 -4.50072964e-05  1.19048193e-04
  2.71988159e-01  1.13756038e-04  0.00000000e+00  1.05820616e-05]","[ 0.          0.92503154 11.6078167   0.87486404 -1.69750416  0.87322992
 -0.74603045  0.31811962]"
1747093063.331631,"[ 0.          0.10816485  0.56124549 -2.93842915 -2.1412947   0.71210204
  0.96006751  1.727544  ]","[ 0.00000000e+00  2.05274085e-02 -5.03017717e-05  1.24433170e-04
  2.71080704e-01  1.13671344e-04  0.00000000e+00  1.05819570e-05]","[ 0.          1.04587841 11.61069012  0.93557703 -1.72433579  0.85113788
 -0.76913774  0.31656146]"
1747093063.3340018,"[ 0.          0.10821168  0.56124502 -2.93842782 -2.1407626   0.71210204
  0.96006658  1.727544  ]","[ 0.00000000e+00  2.51190644e-02 -5.55972507e-05  1.37565437e-04
  2.69557276e-01  1.13757160e-04 -1.06059783e-05  1.05899522e-05]","[ 0.          1.14133525 11.60494232  1.04411781 -1.85999262  0.82440251
 -0.77449197  0.31110314]"
1747093063.3351576,"[ 0.          0.10826817  0.56124502 -2.93842675 -2.14021745  0.71210204
  0.96006658  1.727544  ]","[ 0.00000000e+00  2.80860672e-02 -5.55972507e-05  1.42964352e-04
  2.65815035e-01  1.13670222e-04 -1.05979587e-05  1.05820616e-05]","[ 0.          1.25078583 11.63389015  1.11208951 -1.92360926  0.84979606
 -0.78623867  0.31730717]"
1747093063.338046,"[ 0.          0.10832694  0.56124502 -2.93842595 -2.13969041  0.71210298
  0.96006658  1.727544  ]","[ 0.00000000e+00  3.02509176e-02 -5.55558217e-05  1.45501913e-04
  2.67666598e-01  1.13756038e-04 -1.06059783e-05  1.05899522e-05]","[ 0.          1.32102311 11.66311741  1.13973963 -1.91998041  0.87738836
 -0.79657519  0.31293696]"
1747093063.3391562,"[ 0.          0.10839215  0.56124502 -2.93842489 -2.13916417  0.71210298
  0.96006658  1.727544  ]","[ 0.00000000e+00  3.23491306e-02 -5.03017717e-05  1.50906827e-04
  2.66856298e-01  1.13671344e-04 -1.05820616e-05  1.05819570e-05]","[ 0.          1.37011802 11.66677761  1.18512034 -1.92546546  0.86325568
 -0.81963819  0.32136494]"
1747093063.3409853,"[ 0.          0.10842567  0.56124455 -2.93842462 -2.13888028  0.71210298
  0.96006658  1.727544  ]","[ 0.00000000e+00  3.40322817e-02 -5.55972507e-05  1.53438374e-04
  2.67067703e-01  1.13671344e-04 -1.05899522e-05  1.05819570e-05]","[ 0.          1.38198662 11.64291477  1.19838274 -1.94833994  0.85380316
 -0.82303023  0.32658401]"
1747093063.3428473,"[ 0.          0.1084973   0.56124409 -2.93842356 -2.13835564  0.71210298
  0.96006658  1.727544  ]","[ 0.00000000e+00  3.72356859e-02 -5.82007654e-05  1.61374851e-04
  2.65235714e-01  1.13756038e-04 -1.05819570e-05  1.05820616e-05]","[ 0.          1.40439665 11.65076447  1.22152948 -2.00080967  0.84028769
 -0.80111152  0.32426548]"
1747093063.344004,"[ 0.          0.10853633  0.56124409 -2.93842276 -2.13809518  0.71210298
  0.96006658  1.727544  ]","[ 0.00000000e+00  3.97043280e-02 -5.82453112e-05  1.69312986e-04
  2.64155337e-01  1.13671344e-04 -1.05819570e-05  1.05819570e-05]","[ 0.          1.4376055  11.64299297  1.21694946 -1.99341094  0.83942181
 -0.79563379  0.30593377]"
1747093063.3463292,"[ 0.          0.1086222   0.56124362 -2.93842222 -2.13755695  0.71210298
  0.96006658  1.727544  ]","[ 0.00000000e+00  4.24053018e-02 -6.35397134e-05  1.71116504e-04
  2.62804848e-01  1.13757160e-04 -1.05899522e-05  1.05819570e-05]","[ 0.          1.40807009 11.64991474  1.20606828 -1.96060669  0.84806353
 -0.78930193  0.31269515]"
1747093063.347522,"[ 0.          0.10870716  0.56124362 -2.93842143 -2.1370403   0.71210391
  0.96006658  1.727544  ]","[ 0.00000000e+00  4.31718095e-02 -5.82447383e-05  1.75529526e-04
  2.61459269e-01  1.21692507e-04 -1.05820616e-05  1.05819570e-05]","[ 0.          1.39239287 11.67983055  1.15322208 -1.93274271  0.8673799
 -0.78567547  0.34206691]"
1747093063.3491776,"[ 0.          0.10879807  0.56124362 -2.93842089 -2.13650447  0.71210491
  0.96006658  1.727544  ]","[ 0.00000000e+00  4.47907535e-02 -5.55972507e-05  1.79137586e-04
  2.62053037e-01  1.21600701e-04 -1.05899522e-05  1.05820616e-05]","[ 0.          1.32704842 11.69373131  1.08140051 -1.90246427  0.89933378
 -0.77113008  0.34613129]"
1747093063.3515205,"[ 0.          0.10884491  0.56124362 -2.93842089 -2.13624748  0.71210491
  0.96006658  1.727544  ]","[ 0.00000000e+00  4.75371550e-02 -5.55552731e-05  1.77300388e-04
  2.60644059e-01  1.21693710e-04 -1.05899522e-05  1.05819570e-05]","[ 0.          1.31482863 11.6951189   1.03436565 -1.93633366  0.90118933
 -0.75835466  0.33260342]"
1747093063.3534043,"[ 0.          0.10895006  0.56124316 -2.93842036 -2.13573482  0.71210584
  0.96006658  1.727544  ]","[ 0.00000000e+00  5.32092012e-02 -5.82447383e-05  1.80029934e-04
  2.60367939e-01  1.32174673e-04 -1.05900569e-05  1.05819570e-05]","[ 0.          1.25989151 11.69915676  0.97667831 -1.9540273   0.91957134
 -0.74255335  0.33451194]"
1747093063.3550992,"[ 0.          0.10906256  0.56124316 -2.93842036 -2.13520325  0.71210584
  0.96006658  1.727544  ]","[ 0.00000000e+00  5.77422967e-02 -5.82447383e-05  1.83887242e-04
  2.59030865e-01  1.32174673e-04 -1.05899522e-05  1.05899522e-05]","[ 0.          1.14666712 11.71060181  0.90764844 -1.98029077  0.91859764
 -0.74707401  0.32686374]"
1747093063.3569613,"[ 0.          0.10918471  0.56124276 -2.93842009 -2.13469246  0.71210677
  0.96006658  1.727544  ]","[ 0.00000000e+00  6.01844321e-02 -5.82441572e-05  1.87193665e-04
  2.59023475e-01  1.42964352e-04 -1.05899522e-05  1.05819570e-05]","[ 0.          1.06362605 11.73385715  0.82800162 -2.02342272  0.94403398
 -0.75970381  0.33356041]"
1747093063.3588116,"[ 0.          0.10930869  0.56124276 -2.93842009 -2.13416036  0.71210777
  0.96006658  1.727544  ]","[ 0.00000000e+00  6.42831993e-02 -5.82447383e-05  1.87345613e-04
  2.59833775e-01  1.51020918e-04 -1.05899522e-05  1.05899522e-05]","[ 0.          0.96872276 11.77226734  0.71924871 -2.04002547  0.95223677
 -0.75278223  0.33898407]"
1747093063.3605516,"[ 0.          0.10937344  0.56124276 -2.93842009 -2.1339047   0.71210777
  0.96006658  1.727544  ]","[ 0.00000000e+00  6.56336883e-02 -5.82447383e-05  1.85367536e-04
  2.59293570e-01  1.42964352e-04 -1.05900569e-05  1.05820616e-05]","[ 0.          0.9136945  11.7718029   0.67231619 -2.00957084  0.97961032
 -0.75010115  0.33874315]"
1747093063.3623905,"[ 0.          0.10950798  0.56124276 -2.93842009 -2.13337339  0.7121087
  0.96006658  1.727544  ]","[ 0.00000000e+00  6.61738814e-02 -5.82447383e-05  1.79517815e-04
  2.59294585e-01  1.51020918e-04 -1.05899522e-05  1.05820616e-05]","[ 0.          0.82395911 11.79028606  0.58709294 -2.03563738  0.99407059
 -0.72766501  0.33359247]"
1747093063.3635528,"[ 0.          0.10964069  0.56124276 -2.93842009 -2.13286367  0.71210963
  0.96006658  1.727544  ]","[ 0.00000000e+00  6.83346621e-02 -5.82441572e-05  1.77643703e-04
  2.57402892e-01  1.61618866e-04 -1.05899522e-05  1.05819570e-05]","[ 0.          0.72427505 11.79167461  0.51093674 -2.12206578  1.02231705
 -0.7261861   0.34436399]"
1747093063.3652399,"[ 0.          0.10978579  0.56124276 -2.93841956 -2.13236166  0.71211057
  0.96006658  1.727544  ]","[ 0.00000000e+00  7.18459277e-02 -5.29497591e-05  1.79393207e-04
  2.53094729e-01  1.69440910e-04 -1.05899522e-05  1.05819570e-05]","[ 0.          0.61155152 11.83998585  0.46522194 -2.14521933  1.03304195
 -0.72549939  0.35164019]"
1747093063.3669963,"[ 0.          0.10985697  0.56124276 -2.93841956 -2.13209215  0.71211057
  0.96006658  1.727544  ]","[ 0.00000000e+00  7.21160221e-02 -5.29497591e-05  1.76772535e-04
  2.53777680e-01  1.69567338e-04 -1.05899522e-05  1.05819570e-05]","[ 0.          0.58278137 11.84374142  0.43910831 -2.18289232  1.01767647
 -0.72230542  0.34419245]"
1747093063.368853,"[ 0.          0.11000069  0.56124229 -2.93841956 -2.13159174  0.71211157
  0.96006658  1.727544  ]","[ 0.00000000e+00  7.34665111e-02 -5.29897943e-05  1.74981322e-04
  2.53351425e-01  1.80029186e-04 -1.05819570e-05  1.05819570e-05]","[ 0.          0.49580809 11.88574791  0.39198926 -2.13653255  1.02545512
 -0.71898693  0.35290292]"
1747093063.3707094,"[ 0.          0.11015085  0.56124229 -2.93841903 -2.13107083  0.7121125
  0.96006658  1.727544  ]","[ 0.00000000e+00  7.26562194e-02 -5.29497591e-05  1.78503297e-04
  2.55242119e-01  1.90763250e-04 -1.05899522e-05  1.05899522e-05]","[ 0.          0.42558849 11.92957211  0.33256796 -2.09297514  1.03305554
 -0.7214759   0.35703954]"
1747093063.3718367,"[ 0.          0.11022111  0.56124229 -2.93841903 -2.13081942  0.7121125
  0.96006658  1.727544  ]","[ 0.00000000e+00  7.13057304e-02 -5.29497591e-05  1.74981322e-04
  2.54713682e-01  1.90619136e-04 -1.05900569e-05  1.05819570e-05]","[ 0.          0.38752246 11.91184998  0.32914886 -2.07610416  1.03697956
 -0.72428644  0.34950224]"
1747093063.3748238,"[ 0.          0.11036115  0.56124183 -2.9384185  -2.13031795  0.7121125
  0.96006658  1.727544  ]","[ 0.00000000e+00  6.75243704e-02 -5.82447383e-05  1.78643006e-04
  2.53621536e-01  1.80165302e-04 -1.05819570e-05  1.05818513e-05]","[ 0.          0.36900333 11.90676403  0.3756659  -2.07489729  1.02156723
 -0.73070973  0.34409446]"
1747093063.3792365,"[ 0.          0.11069636  0.56124183 -2.93841716 -2.12901779  0.71211443
  0.96006658  1.727544  ]","[ 0.00000000e+00  6.67140745e-02 -5.82447383e-05  1.83042634e-04
  2.58299062e-01  1.98711722e-04 -1.05820616e-05  1.05899522e-05]","[ 0.          0.37515107 11.95484257  0.44568083 -1.9645294   1.05140758
 -0.76327562  0.33301824]"
1747093063.3841484,"[ 0.          0.11098106  0.56124183 -2.93841583 -2.12795493  0.71211443
  0.96006658  1.727544  ]","[ 0.00000000e+00  7.18459277e-02 -5.55972507e-05  2.16363552e-04
  2.66817649e-01  1.98713706e-04 -1.05819570e-05  1.05899522e-05]","[ 0.          0.41850585 11.98431683  0.53172338 -2.05389452  1.0040592
 -0.72253954  0.33390197]"
1747093063.388462,"[ 0.          0.11134198  0.56124229 -2.93841397 -2.12660257  0.71211629
  0.96006658  1.727544  ]","[ 0.00000000e+00  7.21160221e-02 -5.03022715e-05  2.69675213e-04
  2.73338648e-01  2.06816581e-04 -1.05899522e-05  1.05900569e-05]","[ 0.          0.48461965 12.17061901  0.67429489 -2.16006732  1.03909719
 -0.76056319  0.34254414]"
1747093063.3915422,"[ 0.          0.11155964  0.56124229 -2.9384121  -2.12575942  0.71211629
  0.96006658  1.727544  ]","[ 0.00000000e+00  7.31964166e-02 -5.03022715e-05  2.69680024e-04
  2.79093273e-01  2.06658131e-04 -1.05820616e-05  1.05899522e-05]","[ 0.          0.53908724 12.28724766  0.71645486 -2.1936748   1.02040863
 -0.77648836  0.34246871]"
1747093063.395355,"[ 0.          0.11187372  0.56124229 -2.93841024 -2.12463343  0.71211722
  0.96006658  1.727544  ]","[ 0.00000000e+00  8.04890505e-02 -5.03022715e-05  2.78831536e-04
  2.79105291e-01  2.06660195e-04 -1.05819570e-05  1.05819570e-05]","[ 0.          0.54979563 12.39030266  0.78870672 -2.19542551  1.03925884
 -0.79601467  0.32303354]"
1747093063.39816,"[ 0.          0.11212123  0.56124229 -2.93840944 -2.12380066  0.71211822
  0.96006658  1.727544  ]","[ 0.00000000e+00  8.17505150e-02 -5.03022715e-05  2.69355338e-04
  2.82775343e-01  2.09309686e-04 -1.05820616e-05  1.05819570e-05]","[ 0.          0.54407585 12.43006802  0.77247906 -2.07185411  1.04347086
 -0.76469719  0.33195925]"
1747093063.4034085,"[ 0.          0.11244312  0.56124229 -2.93840891 -2.12266003  0.71211916
  0.96006658  1.727544  ]","[ 0.00000000e+00  8.15694367e-02 -5.03403034e-05  2.52017434e-04
  2.84412655e-01  2.06660195e-04 -1.05819570e-05  1.05819570e-05]","[ 0.          0.50621527 12.46230125  0.73143351 -1.9961015   1.05116117
 -0.77942395  0.31894544]"
1747093063.4057336,"[ 0.          0.1127719   0.56124229 -2.93840838 -2.12151567  0.71212009
  0.96006658  1.727544  ]","[ 0.00000000e+00  7.92428326e-02 -5.03017717e-05  2.29910645e-04
  2.86303333e-01  2.06660195e-04 -1.05819570e-05  1.05978530e-05]","[ 0.          0.51988244 12.50723934  0.69373196 -1.79725409  1.07316065
 -0.75177884  0.33171868]"
1747093063.4094784,"[ 0.          0.11299553  0.56124229 -2.93840811 -2.12064082  0.71212009
  0.96006658  1.727544  ]","[ 0.00000000e+00  7.40067084e-02 -5.03022715e-05  2.17237743e-04
  2.90108823e-01  1.98711722e-04 -1.05819570e-05  0.00000000e+00]","[ 0.          0.48974988 12.50492477  0.63779652 -1.61449897  1.0489099
 -0.732122    0.31780201]"
1747093063.4124637,"[ 0.          0.11321226  0.56124229 -2.93840758 -2.11947409  0.71212109
  0.96006658  1.727544  ]","[ 0.00000000e+00  6.98843680e-02 -5.03783961e-05  2.13798618e-04
  2.90624878e-01  2.09309686e-04 -1.05739739e-05  0.00000000e+00]","[ 0.          0.47894388 12.47768879  0.6034826  -1.56743848  1.0638299
 -0.73176277  0.32357565]"
1747093063.4162076,"[ 0.          0.11348686  0.56124229 -2.93840678 -2.11859525  0.71212202
  0.96006658  1.727544  ]","[ 0.00000000e+00  6.88748552e-02 -5.03783961e-05  2.19671210e-04
  2.89866176e-01  2.06816581e-04 -1.05820616e-05  0.00000000e+00]","[ 0.          0.48556504 12.43157673  0.60357004 -1.69609821  1.08251226
 -0.73571795  0.33181998]"
1747093063.419329,"[ 0.          0.11368202  0.56124229 -2.93840625 -2.11773425  0.71212295
  0.96006658  1.727544  ]","[ 0.00000000e+00  6.21905789e-02 -4.51095382e-05  2.16099479e-04
  2.91165066e-01  2.16930124e-04 -1.05819570e-05  0.00000000e+00]","[ 0.          0.52313894 12.4427042   0.59565514 -1.78902698  1.08792436
 -0.74017686  0.30690566]"
1747093063.4224484,"[ 0.          0.11386569  0.56124229 -2.93840518 -2.11684475  0.71212388
  0.96006658  1.727544  ]","[ 0.00000000e+00  5.96828923e-02 -4.51095382e-05  2.25594354e-04
  2.92515555e-01  2.27512077e-04 -1.05820616e-05  0.00000000e+00]","[ 0.          0.50243342 12.44315529  0.63462299 -1.9553678   1.10456526
 -0.72970665  0.31560376]"
1747093063.4261568,"[ 0.          0.11409069  0.56124229 -2.93840332 -2.11567349  0.71212488
  0.96006658  1.727544  ]","[ 0.00000000e+00  5.78008613e-02 -3.71486631e-05  2.39015993e-04
  2.89544500e-01  2.35448538e-04 -1.05819570e-05  0.00000000e+00]","[ 0.          0.57044202 12.4528904   0.7225101  -2.06253099  1.09252274
 -0.76683533  0.32947582]"
1747093063.429182,"[ 0.          0.11427851  0.56124229 -2.93840119 -2.11478932  0.71212581
  0.96006658  1.727544  ]","[ 0.00000000e+00  6.37430062e-02 -3.71209245e-05  2.72703518e-04
  2.90870055e-01  2.46030507e-04 -1.05819570e-05  0.00000000e+00]","[ 0.          0.58818138 12.4557848   0.74066478 -2.01641798  1.1335063
 -0.77970231  0.32195556]"
1747093063.43208,"[ 0.          0.11447641  0.56124229 -2.93839932 -2.11391234  0.71212581
  0.96006658  1.727544  ]","[ 0.00000000e+00  6.56336883e-02 -3.18420273e-05  3.35051738e-04
  2.88383728e-01  2.35626445e-04 -1.05819570e-05  0.00000000e+00]","[ 0.          0.61267155 12.42478371  0.76343513 -1.94440114  1.12693727
 -0.74724007  0.31724146]"
1747093063.4344656,"[ 0.          0.11461004  0.56124229 -2.93839826 -2.11334243  0.71212675
  0.96006658  1.727544  ]","[ 0.00000000e+00  6.75243704e-02 -2.65149452e-05  3.43257863e-04
  2.88981308e-01  2.46030507e-04  0.00000000e+00  0.00000000e+00]","[ 0.          0.6126036  12.38891602  0.75385356 -1.91042912  1.11248803
 -0.72658157  0.3266077 ]"
1747093063.4368267,"[ 0.          0.11481025  0.56124229 -2.93839666 -2.11245986  0.71212675
  0.96006658  1.727544  ]","[ 0.00000000e+00  6.48233924e-02 -2.65149452e-05  3.51604526e-04
  2.91705289e-01  2.46216395e-04  0.00000000e+00  0.00000000e+00]","[ 0.          0.60494471 12.36422539  0.74741632 -1.87498105  1.09442329
 -0.73787862  0.31120357]"
1747093063.4394193,"[ 0.          0.11494708  0.56124229 -2.93839559 -2.11186544  0.71212774
  0.96006658  1.727544  ]","[ 0.00000000e+00  6.79582534e-02 -2.65350217e-05  3.57558570e-04
  2.90139117e-01  2.46030507e-04  0.00000000e+00  0.00000000e+00]","[ 0.          0.59856755 12.3261137   0.7872836  -1.87272835  1.10651827
 -0.72582042  0.30408919]"
1747093063.4408958,"[ 0.          0.11508392  0.56124229 -2.93839426 -2.11129499  0.71212774
  0.96006658  1.727544  ]","[ 0.00000000e+00  6.88748552e-02 -2.12119566e-05  3.53262955e-04
  2.87901995e-01  2.46030507e-04  0.00000000e+00  0.00000000e+00]","[ 0.          0.57535219 12.35272694  0.79671878 -1.85308754  1.10164678
 -0.7402249   0.324195  ]"
1747093063.4426703,"[ 0.          0.11522949  0.56124229 -2.93839293 -2.11069977  0.71212868
  0.96006658  1.727544  ]","[ 0.00000000e+00  7.22213169e-02 -1.85743315e-05  3.59356203e-04
  2.91894473e-01  2.53969471e-04  0.00000000e+00  0.00000000e+00]","[ 0.          0.57216191 12.42189026  0.76383382 -1.8004595   1.11947381
 -0.74143857  0.32426435]"
1747093063.4450579,"[ 0.          0.1153755   0.56124229 -2.93839107 -2.11012267  0.71212961
  0.96006658  1.727544  ]","[ 0.00000000e+00  7.45469056e-02 -1.85604623e-05  3.94638342e-04
  2.93055778e-01  2.64548920e-04  0.00000000e+00  0.00000000e+00]","[ 0.          0.55084354 12.43323994  0.7482751  -1.7788502   1.14536917
 -0.72203624  0.32386205]"
1747093063.447497,"[ 0.          0.11551693  0.56124229 -2.93839    -2.10954609  0.71212961
  0.96006658  1.727544  ]","[ 0.00000000e+00  7.13057304e-02 -1.32675109e-05  4.33330444e-04
  2.91975367e-01  2.64548920e-04  0.00000000e+00  0.00000000e+00]","[ 0.          0.54890037 12.46654892  0.70093244 -1.7900914   1.13550913
 -0.72687405  0.32281873]"
1747093063.4492764,"[ 0.          0.11565836  0.56124229 -2.93838867 -2.10894848  0.71213061
  0.96006658  1.727544  ]","[ 0.00000000e+00  6.88748552e-02 -1.32574726e-05  5.09488854e-04
  2.90624878e-01  2.64351963e-04  0.00000000e+00  0.00000000e+00]","[ 0.          0.55089206 12.50330353  0.67028952 -1.84327364  1.11861503
 -0.72389716  0.32257065]"
1747093063.4516685,"[ 0.          0.11578969  0.56124229 -2.93838787 -2.10837031  0.71213061
  0.96006658  1.727544  ]","[ 0.00000000e+00  6.50934910e-02 -1.32675109e-05  5.68611290e-04
  2.94406233e-01  2.53966967e-04  0.00000000e+00  0.00000000e+00]","[ 0.          0.55839998 12.54549789  0.66103971 -1.88466978  1.11915433
 -0.71840626  0.32941675]"
1747093063.4534268,"[ 0.          0.1159201   0.56124229 -2.93838601 -2.10776577  0.71213154
  0.96006658  1.727544  ]","[ 0.00000000e+00  6.29327103e-02 -7.95448397e-06  6.30567887e-04
  2.95457083e-01  2.64548920e-04  0.00000000e+00  0.00000000e+00]","[ 0.          0.5577777  12.60284805  0.64552248 -1.94423902  1.14958775
 -0.72492665  0.33459523]"
1747093063.455117,"[ 0.          0.11604455  0.56124229 -2.93838414 -2.10717934  0.7121334
  0.96006658  1.727544  ]","[ 0.00000000e+00  6.31387724e-02 -7.95448397e-06  6.53356964e-04
  2.97647434e-01  2.75128142e-04  0.00000000e+00  0.00000000e+00]","[ 0.          0.60150951 12.65454292  0.6497454  -2.00890636  1.15096641
 -0.73398232  0.33568347]"
1747093063.457447,"[ 0.          0.11617312  0.56124276 -2.93838228 -2.10657187  0.7121344
  0.96006658  1.727544  ]","[0.00000000e+00 6.21905789e-02 0.00000000e+00 6.69645809e-04
 2.95756722e-01 2.83067334e-04 0.00000000e+00 0.00000000e+00]","[ 0.          0.64511621 12.70472717  0.64376116 -2.09923458  1.16314852
 -0.76560932  0.32744464]"
1747093063.459129,"[ 0.          0.11629389  0.56124276 -2.93837961 -2.10591887  0.7121344
  0.96006658  1.727544  ]","[0.00000000e+00 6.04405325e-02 0.00000000e+00 7.59331075e-04
 2.96808638e-01 2.75130873e-04 0.00000000e+00 0.00000000e+00]","[ 0.          0.74133772 12.81852341  0.66546619 -2.1388638   1.1665014
 -0.76864737  0.31186247]"
1747093063.4608388,"[ 0.          0.1164197   0.56124316 -2.93837642 -2.10537798  0.71213627
  0.96006658  1.727544  ]","[0.00000000e+00 6.19398090e-02 5.30298914e-06 8.77648313e-04
 2.96567022e-01 2.83070162e-04 0.00000000e+00 0.00000000e+00]","[ 0.          0.79093951 12.87379456  0.71291691 -2.1773541   1.17408466
 -0.77195907  0.3182734 ]"
1747093063.4631686,"[ 0.          0.11654001  0.56124316 -2.93837216 -2.10472204  0.71213627
  0.96006558  1.727544  ]","[ 0.00000000e+00  6.04405325e-02  5.30298914e-06  1.03852606e-03
  2.98124872e-01  2.75130873e-04 -1.05979587e-05  0.00000000e+00]","[ 0.          0.86516243 12.95867729  0.77632129 -2.24285221  1.15037239
 -0.77109319  0.32166946]"
1747093063.4657736,"[ 0.          0.11665664  0.56124316 -2.9383671  -2.10413402  0.71213726
  0.96006558  1.727544  ]","[ 0.00000000e+00  5.91513461e-02  5.30298914e-06  1.48006101e-03
  2.98997889e-01  2.74923334e-04 -1.06059783e-05  0.00000000e+00]","[ 0.          0.95505136 12.99297428  0.8125478  -2.36203265  1.15001488
 -0.80053461  0.31675985]"
1747093063.4674459,"[ 0.          0.11684354  0.56124316 -2.93836071 -2.10322694  0.71213913
  0.96006558  1.727544  ]","[ 0.00000000e+00  6.29327103e-02  7.95448397e-06  2.24216526e-03
  2.98997889e-01  2.83070162e-04 -1.05979587e-05  0.00000000e+00]","[ 0.          1.05093133 13.05414104  0.85178506 -2.49137044  1.19989479
 -0.78433698  0.33558664]"
1747093063.4699197,"[ 0.          0.11697395  0.56124362 -2.93835112 -2.10263599  0.71214006
  0.96006558  1.727544  ]","[ 0.00000000e+00  6.32028089e-02  1.32574726e-05  3.46720063e-03
  3.00078300e-01  2.83067334e-04 -1.05979587e-05  0.00000000e+00]","[ 0.          1.11431408 13.09255028  0.88483363 -2.57225037  1.20957434
 -0.78391182  0.33446923]"
1747093063.4717436,"[ 0.          0.11710206  0.56124362 -2.93833833 -2.10202346  0.71214106
  0.96006558  1.727544  ]","[ 0.00000000e+00  6.48233924e-02  1.32574726e-05  6.03013792e-03
  2.98997889e-01  2.83067334e-04 -1.05979587e-05  0.00000000e+00]","[ 0.          1.17865777 13.08537769  0.90554702 -2.61432719  1.19624758
 -0.82409304  0.33479559]"
1747093063.4742484,"[ 0.          0.11723844  0.56124362 -2.93831809 -2.10143517  0.71214292
  0.96006558  1.727544  ]","[ 0.00000000e+00  6.66416615e-02  1.85604623e-05  9.88282436e-03
  2.97345831e-01  3.01588754e-04 -1.05979587e-05  0.00000000e+00]","[ 0.          1.23840797 13.09473419  0.92956972 -2.60475636  1.19536269
 -0.81971806  0.34129292]"
1747093063.475971,"[ 0.          0.11737114  0.56124362 -2.93828827 -2.1008309   0.71214292
  0.96006558  1.727544  ]","[ 0.00000000e+00  6.69841731e-02  1.85606472e-05  1.62058481e-02
  2.94946456e-01  2.93649303e-04 -1.05979587e-05  0.00000000e+00]","[ 0.          1.28598189 13.10826015  0.98776966 -2.57211924  1.20231032
 -0.78466678  0.34649312]"
1747093063.4784613,"[ 0.          0.11751257  0.56124362 -2.93824646 -2.1002474   0.71214392
  0.96006558  1.727544  ]","[ 0.00000000e+00  7.04659358e-02  1.85604623e-05  2.18778954e-02
  2.95726895e-01  3.01585764e-04 -1.05979587e-05  0.00000000e+00]","[ 0.          1.30008173 13.07196045  1.03166902 -2.5329473   1.18153703
 -0.78035444  0.34312752]"
1747093063.4802978,"[ 0.          0.11765676  0.56124362 -2.93819586 -2.09993288  0.71214485
  0.96006558  1.727544  ]","[ 0.00000000e+00  7.33920758e-02  1.85604623e-05  2.70097486e-02
  2.96436694e-01  3.01588754e-04 -1.05979587e-05  0.00000000e+00]","[ 0.          1.30734193 13.05892944  1.02007174 -2.52447891  1.17751133
 -0.78343827  0.32161281]"
1747093063.4821877,"[ 0.          0.11782482  0.56124362 -2.93813114 -2.09934459  0.71214579
  0.96006558  1.727544  ]","[ 0.00000000e+00  7.72185056e-02  1.85602774e-05  3.33522061e-02
  2.98457700e-01  3.12167733e-04 -1.05979587e-05  0.00000000e+00]","[ 0.          1.30018044 13.00748062  0.98907596 -2.44033003  1.17707932
 -0.76979715  0.3127071 ]"
1747093063.4840205,"[ 0.          0.11798049  0.56124362 -2.93805711 -2.09873526  0.71214672
  0.96006558  1.727544  ]","[ 0.00000000e+00  7.98012226e-02  1.85604623e-05  3.85848058e-02
  2.97160641e-01  3.20104193e-04 -1.05979587e-05  0.00000000e+00]","[ 0.          1.28255928 12.94069195  0.98070782 -2.35303354  1.19148111
 -0.73295504  0.31450808]"
1747093063.486399,"[ 0.          0.11813845  0.56124362 -2.93797082 -2.09815122  0.71214772
  0.96006558  1.727544  ]","[ 0.00000000e+00  7.59113679e-02  1.85604623e-05  4.28814084e-02
  2.96026833e-01  3.22752888e-04 -1.05980643e-05  0.00000000e+00]","[ 0.          1.26072586 12.8871727   0.95405716 -2.27862167  1.21608806
 -0.72673887  0.33260736]"
1747093063.4882905,"[ 0.          0.11828585  0.56124362 -2.93788267 -2.09756799  0.71214865
  0.96006558  1.727544  ]","[ 0.00000000e+00  7.52808479e-02  1.32574726e-05  4.51062798e-02
  2.96296945e-01  3.30686162e-04 -1.05979587e-05  0.00000000e+00]","[ 0.          1.18755913 12.84542942  0.89267612 -2.27276278  1.18826401
 -0.72280693  0.34183347]"
1747093063.490102,"[ 0.          0.11843647  0.56124362 -2.9377788  -2.09695866  0.71215058
  0.96006558  1.727544  ]","[ 0.00000000e+00  7.29736182e-02  1.32574726e-05  5.24106066e-02
  2.97647434e-01  3.41268099e-04 -1.05979587e-05  0.00000000e+00]","[ 0.          1.1453234  12.82434559  0.84687293 -2.31550026  1.18347251
 -0.71098155  0.33264431]"
1747093063.4920535,"[ 0.          0.11858065  0.56124362 -2.93766269 -2.09637463  0.71215244
  0.96006558  1.727544  ]","[ 0.00000000e+00  7.34665111e-02  1.32574726e-05  6.10420282e-02
  2.96056994e-01  3.63348994e-04 -1.05980643e-05  0.00000000e+00]","[ 0.          1.10105956 12.78096199  0.8263253  -2.327034    1.20883405
 -0.7116468   0.3445684 ]"
1747093063.494108,"[ 0.          0.11873724  0.56124362 -2.93752554 -2.09577249  0.71215531
  0.96006558  1.727544  ]","[ 0.00000000e+00  7.74874516e-02  1.32574726e-05  6.87105590e-02
  2.93055778e-01  3.95440118e-04 -1.05979587e-05  0.00000000e+00]","[ 0.          1.0383997  12.78685951  0.75536519 -2.32809091  1.22096097
 -0.70450884  0.33618507]"
1747093063.4958255,"[ 0.          0.11888785  0.56124362 -2.93737214 -2.09517115  0.71215817
  0.96006558  1.727544  ]","[ 0.00000000e+00  7.58973946e-02  1.32574726e-05  8.05707680e-02
  2.94652942e-01  4.45048028e-04 -1.05979587e-05  0.00000000e+00]","[ 0.          0.96582317 12.76296329  0.67543352 -2.32540703  1.22384
 -0.69412512  0.33577296]"
1747093063.498342,"[ 0.          0.11904214  0.56124362 -2.93718971 -2.09458925  0.71216197
  0.96006558  1.727544  ]","[ 0.00000000e+00  7.57320789e-02  1.32474486e-05  9.17812530e-02
  2.95216533e-01  5.11733458e-04 -1.05979587e-05  0.00000000e+00]","[ 0.          0.869739   12.7382412   0.59685808 -2.33169389  1.24482954
 -0.68265855  0.33294168]"
1747093063.5000165,"[ 0.          0.11911515  0.56124362 -2.93699797 -2.09398711  0.71216769
  0.96006558  1.727544  ]","[ 0.00000000e+00  7.40067084e-02  1.32574726e-05  9.91257769e-02
  2.93649862e-01  6.51713230e-04 -1.05979587e-05  0.00000000e+00]","[ 0.          0.80782413 12.69544888  0.52526534 -2.33841825  1.23800397
 -0.69877321  0.33472055]"
1747093063.5024948,"[ 0.          0.11925658  0.56124362 -2.93678571 -2.09341319  0.71217721
  0.96006558  1.727544  ]","[ 0.00000000e+00  7.07655415e-02  1.32475806e-05  1.04221544e-01
  2.89274389e-01  9.69473275e-04 -1.05979587e-05  0.00000000e+00]","[ 0.          0.68140942 12.71498299  0.41626528 -2.33871603  1.2581315
 -0.69335544  0.3261807 ]"
1747093063.5049026,"[ 0.          0.11947653  0.56124362 -2.93645601 -2.09253808  0.7122105
  0.96006558  1.727544  ]","[ 0.00000000e+00  7.40067084e-02  1.32274462e-05  1.10588888e-01
  2.88383728e-01  3.40790629e-03 -1.05979587e-05  0.00000000e+00]","[ 0.          0.49969977 12.73304939  0.3217932  -2.37409711  1.29586375
 -0.65963763  0.35398969]"
1747093063.5072982,"[ 0.          0.11963036  0.56124362 -2.93622964 -2.09197136  0.71227136
  0.96006558  1.727544  ]","[ 0.00000000e+00  7.52305391e-02  1.32274462e-05  1.16412014e-01
  2.86552904e-01  2.17238711e-02 -1.05979587e-05  0.00000000e+00]","[ 0.          0.38270655 12.71700001  0.27688885 -2.34700465  1.3096416
 -0.65153819  0.36211643]"
1747093063.5091891,"[ 0.          0.1197819   0.56124362 -2.93599582 -2.09138733  0.71237029
  0.96006558  1.727544  ]","[ 0.00000000e+00  7.72478753e-02  1.32274462e-05  1.18842890e-01
  2.84412655e-01  5.11567654e-02 -1.05819570e-05  0.00000000e+00]","[ 0.          0.26415125 12.70108891  0.15484798 -2.31374264  1.26397038
 -0.64011598  0.34362411]"
1747093063.510955,"[ 0.          0.11994123  0.56124409 -2.93575241 -2.09083073  0.71248161
  0.96006558  1.727544  ]","[ 0.00000000e+00  7.69859201e-02  1.85184257e-05  1.18032598e-01
  2.82251866e-01  5.78008613e-02 -1.05820616e-05  0.00000000e+00]","[ 0.          0.19645432 12.66988373  0.11345901 -2.29620004  1.22409284
 -0.6334762   0.32680935]"
1747093063.5134335,"[ 0.          0.12008955  0.56124362 -2.93552284 -2.09025256  0.71261384
  0.96006558  1.727544  ]","[ 0.00000000e+00  7.44713717e-02  1.32274462e-05  1.16141912e-01
  2.82251866e-01  6.61405960e-02 -1.05819570e-05  0.00000000e+00]","[ 0.          0.09434529 12.64498901  0.06225426 -2.16001105  1.19845939
 -0.58290267  0.32723913]"
1747093063.515289,"[ 0.          0.12024338  0.56124362 -2.93528236 -2.08969462  0.71275558
  0.96006658  1.727544  ]","[0.00000000e+00 7.47289993e-02 1.32274462e-05 1.17643185e-01
 2.82792055e-01 7.34665111e-02 0.00000000e+00 0.00000000e+00]","[ 0.          0.02919947 12.61197567  0.05791666 -2.05358362  1.21281445
 -0.58698797  0.34336564]"
1747093063.5170593,"[ 0.          0.12038664  0.56124362 -2.93504454 -2.08911512  0.71291444
  0.96006658  1.727544  ]","[0.00000000e+00 7.13057304e-02 1.32274462e-05 1.21813962e-01
 2.82792055e-01 8.21096340e-02 0.00000000e+00 0.00000000e+00]","[ 0.         -0.01509149 12.58359432  0.04782362 -2.01499271  1.19741797
 -0.60171145  0.35096547]"
1747093063.5187454,"[ 0.          0.120529    0.56124362 -2.934791   -2.08856145  0.71308568
  0.96006658  1.727544  ]","[0.00000000e+00 6.87105590e-02 1.32274462e-05 1.24244837e-01
 2.80901377e-01 8.47246751e-02 0.00000000e+00 0.00000000e+00]","[ 0.         -0.03901683 12.51874638  0.0419605  -2.05238628  1.2084595
 -0.57336384  0.3336634 ]"
1747093063.5211344,"[ 0.          0.12065941  0.56124362 -2.93453987 -2.0879902   0.71326165
  0.96006658  1.727544  ]","[0.00000000e+00 6.48233924e-02 1.32374398e-05 1.26675712e-01
 2.78102228e-01 8.96723623e-02 0.00000000e+00 0.00000000e+00]","[ 0.         -0.06896731 12.52229118  0.06065721 -2.07739162  1.21272004
 -0.54354227  0.30471224]"
1747093063.522978,"[ 0.          0.12077604  0.56124362 -2.93427808 -2.08744159  0.71346052
  0.96006658  1.727544  ]","[0.00000000e+00 5.72606640e-02 1.32274462e-05 1.27486012e-01
 2.78470493e-01 9.93958714e-02 0.00000000e+00 0.00000000e+00]","[ 0.         -0.04706602 12.54366493  0.08768713 -2.08966994  1.22595918
 -0.52315611  0.30849597]"
1747093063.5247862,"[ 0.          0.12088533  0.56124362 -2.93402774 -2.08687034  0.71366312
  0.96006751  1.727544  ]","[0.00000000e+00 5.21288109e-02 1.32374398e-05 1.26675712e-01
 2.79117358e-01 1.04257622e-01 1.05820616e-05 0.00000000e+00]","[ 0.         -0.02712772 12.58745289  0.08302118 -2.14096665  1.22714102
 -0.49833971  0.3177447 ]"
1747093063.526115,"[ 0.          0.12093446  0.56124362 -2.93390204 -2.08659524  0.71377538
  0.96006751  1.727544  ]","[0.00000000e+00 4.96475811e-02 1.32274462e-05 1.27486012e-01
 2.78728004e-01 1.05724741e-01 1.05820616e-05 0.00000000e+00]","[ 0.00000000e+00 -1.06805190e-02  1.25917168e+01  1.06284685e-01
 -2.14157581e+00  1.19920897e+00 -4.98339713e-01  3.08702856e-01]"
1747093063.5278778,"[ 0.          0.12102905  0.56124362 -2.93364451 -2.0860429   0.71399036
  0.96006751  1.727544  ]","[0.00000000e+00 4.41352496e-02 1.32274462e-05 1.25468077e-01
 2.80361188e-01 1.11010067e-01 1.05819570e-05 0.00000000e+00]","[ 0.          0.03136244 12.60386562  0.1126618  -2.19459152  1.20873427
 -0.46493819  0.29443803]"
1747093063.5295985,"[ 0.          0.12110758  0.56124362 -2.93340243 -2.08547165  0.71422538
  0.96006844  1.727544  ]","[0.00000000e+00 3.80837445e-02 1.32274462e-05 1.21003670e-01
 2.78091143e-01 1.15604261e-01 1.85184257e-05 0.00000000e+00]","[ 0.          0.07603378 12.59714985  0.13637206 -2.21797585  1.21996784
 -0.4376519   0.31700248]"
1747093063.5313473,"[ 0.          0.12117921  0.56124362 -2.93316328 -2.08492464  0.71445841
  0.96006844  1.727544  ]","[0.00000000e+00 3.40724268e-02 1.32274462e-05 1.15331620e-01
 2.77660210e-01 1.17882054e-01 1.85184257e-05 0.00000000e+00]","[ 0.          0.1416759  12.64758301  0.14417976 -2.27872682  1.22357965
 -0.4357444   0.31324685]"
1747093063.5337477,"[ 0.          0.1212118   0.56124409 -2.93305116 -2.08465006  0.71457352
  0.96006844  1.727544  ]","[0.00000000e+00 3.29518914e-02 1.85046377e-05 1.13711036e-01
 2.78470493e-01 1.16563889e-01 1.85044548e-05 0.00000000e+00]","[ 0.          0.1862513  12.68825722  0.14158724 -2.31009984  1.2819078
 -0.43196782  0.3386246 ]"
1747093063.5355177,"[ 0.          0.12127701  0.56124409 -2.93282106 -2.08408201  0.71481041
  0.96006844  1.727544  ]","[0.00000000e+00 3.20983628e-02 1.85186086e-05 1.12739648e-01
 2.78200399e-01 1.15604261e-01 1.85184257e-05 0.00000000e+00]","[ 0.          0.25097597 12.72111702  0.09830712 -2.23449993  1.33676553
 -0.42996654  0.34453306]"
1747093063.5367126,"[ 0.          0.12133533  0.56124409 -2.93260109 -2.0835342   0.71503778
  0.96006844  1.727544  ]","[0.00000000e+00 2.89004307e-02 1.85324169e-05 1.11280161e-01
 2.77378880e-01 1.15871817e-01 1.85046377e-05 0.00000000e+00]","[ 0.          0.33609575 12.75676346  0.0735518  -2.21073079  1.34246588
 -0.44090497  0.33057645]"
1747093063.538456,"[ 0.          0.12138768  0.56124409 -2.93237232 -2.08296934  0.71526608
  0.96006844  1.727544  ]","[0.00000000e+00 2.56592596e-02 1.85186086e-05 1.11486989e-01
 2.75093006e-01 1.10087356e-01 1.85184257e-05 0.00000000e+00]","[ 0.00000000e+00  3.39752674e-01  1.28151665e+01  3.60121805e-04
 -2.21656084e+00  1.34620392e+00 -4.38630462e-01  3.37082803e-01]"
1747093063.5396426,"[ 0.          0.12141063  0.56124409 -2.93226233 -2.08269903  0.71537261
  0.96006844  1.727544  ]","[0.00000000e+00 2.15660871e-02 1.85186086e-05 1.11550256e-01
 2.74148932e-01 1.08038994e-01 1.85184257e-05 0.00000000e+00]","[ 0.00000000e+00  3.56778830e-01  1.27845936e+01  1.14715032e-04
 -2.25129533e+00  1.31126416e+00 -4.52484697e-01  3.31971735e-01]"
1747093063.5419059,"[ 0.          0.121446    0.56124409 -2.93203623 -2.08215708  0.71558379
  0.96006844  1.727544  ]","[0.00000000e+00 1.62058481e-02 1.85186086e-05 1.15484593e-01
 2.74689137e-01 1.06958600e-01 1.85184257e-05 0.00000000e+00]","[ 0.          0.38079038 12.79746437 -0.07668824 -2.29303098  1.36157596
 -0.43558809  0.35508093]"
1747093063.543673,"[ 0.          0.12146023  0.56124409 -2.93192118 -2.08186599  0.71569891
  0.96006844  1.727544  ]","[0.00000000e+00 1.32907280e-02 1.85184257e-05 1.16682109e-01
 2.74089926e-01 1.08331975e-01 1.85186086e-05 0.00000000e+00]","[ 0.          0.39389613 12.86453533 -0.1421127  -2.30466557  1.39304066
 -0.42116639  0.36330116]"
1747093063.544906,"[ 0.          0.12147952  0.56124455 -2.9316767  -2.08132138  0.71592055
  0.96006844  1.727544  ]","[0.00000000e+00 8.37302164e-03 2.11639139e-05 1.20193379e-01
 2.76579815e-01 1.13981131e-01 1.85046377e-05 0.00000000e+00]","[ 0.          0.39199683 12.91173649 -0.25947198 -2.33059311  1.42018402
 -0.40449762  0.36892545]"
1747093063.5467286,"[ 0.          0.1214887   0.56124455 -2.93144128 -2.08077916  0.71616123
  0.96006937  1.727544  ]","[0.00000000e+00 3.78136470e-03 2.11641232e-05 1.19112984e-01
 2.74148932e-01 1.19115015e-01 2.64548924e-05 0.00000000e+00]","[ 0.          0.34489581 12.99537373 -0.38526288 -2.3786962   1.40585113
 -0.38595816  0.38153118]"
1747093063.5490456,"[ 0.          0.12148961  0.56124502 -2.93119733 -2.08021936  0.71640858
  0.96006937  1.727544  ]","[ 0.00000000e+00 -5.40194952e-04  2.64748795e-05  1.18302692e-01
  2.72252228e-01  1.28296304e-01  2.64349338e-05  0.00000000e+00]","[ 0.          0.31800219 13.04751396 -0.44643897 -2.42935848  1.38414276
 -0.37446225  0.36796272]"
1747093063.5502496,"[ 0.          0.12148733  0.56124502 -2.93096591 -2.07968433  0.71668641
  0.96006937  1.727544  ]","[ 0.00000000e+00 -9.00020622e-04  2.64551545e-05  1.17492401e-01
  2.71988159e-01  1.37170348e-01  2.64548924e-05  0.00000000e+00]","[ 0.          0.29032862 13.12854862 -0.50982183 -2.39631724  1.37514448
 -0.36080527  0.37062782]"
1747093063.5519814,"[ 0.          0.12148686  0.56124502 -2.93084234 -2.07939378  0.7168243
  0.96006937  1.727544  ]","[ 0.00000000e+00 -7.94775760e-04  2.64551545e-05  1.16356562e-01
  2.73588386e-01  1.39910499e-01  2.64548924e-05  0.00000000e+00]","[ 0.          0.26791233 13.12761402 -0.52293986 -2.38438392  1.35447514
 -0.36193383  0.37292823]"
1747093063.5538054,"[ 0.          0.1214887   0.56124502 -2.9306197  -2.07885476  0.71710399
  0.96007037  1.727544  ]","[0.00000000e+00 0.00000000e+00 2.64551545e-05 1.12360547e-01
 2.73338648e-01 1.43691855e-01 3.70368514e-05 0.00000000e+00]","[ 0.          0.24307735 13.13680553 -0.57036364 -2.308038    1.34194958
 -0.33669978  0.38259038]"
1747093063.5568001,"[ 0.          0.12148916  0.56124502 -2.93039972 -2.07829629  0.71740746
  0.96007037  1.727544  ]","[0.00000000e+00 8.77483052e-05 2.64548924e-05 1.05878214e-01
 2.72334553e-01 1.49457999e-01 3.70364776e-05 0.00000000e+00]","[ 0.          0.16268997 13.12128258 -0.65134472 -2.26826024  1.34130394
 -0.3284528   0.38141862]"
1747093063.5615065,"[ 0.          0.12148916  0.56124549 -2.92991715 -2.07691997  0.71820468
  0.96007037  1.727544  ]","[0.00000000e+00 2.65519566e-04 2.37914408e-05 9.07527485e-02
 2.80077128e-01 1.66920246e-01 3.70089097e-05 0.00000000e+00]","[ 0.          0.11694313 13.04411221 -0.66757911 -2.26410675  1.37595809
 -0.31975466  0.40493378]"
1747093063.565866,"[ 0.          0.1214887   0.56124549 -2.92956908 -2.07577348  0.71891721
  0.96007037  1.727544  ]","[0.00000000e+00 0.00000000e+00 2.37916765e-05 8.55341512e-02
 2.88383728e-01 1.80425119e-01 4.75828816e-05 0.00000000e+00]","[ 0.          0.02888249 13.06128407 -0.63902378 -2.40860891  1.37939191
 -0.3737568   0.3986887 ]"
1747093063.5694916,"[ 0.          0.1214887   0.56124595 -2.92922873 -2.07460941  0.7196354
  0.96007037  1.727544  ]","[ 0.00000000e+00 -3.79529876e-05  2.64349338e-05  8.29199257e-02
  2.91118827e-01  1.78534425e-01  4.75833530e-05  0.00000000e+00]","[ 0.          0.01479016 13.15952873 -0.47966084 -2.57087183  1.44022155
 -0.44541284  0.41468665]"
1747093063.5731702,"[ 0.          0.1214887   0.56124595 -2.92898878 -2.07374282  0.72016723
  0.96007037  1.727544  ]","[ 0.00000000e+00 -3.31197745e-05  2.38096379e-05  7.61674891e-02
  2.93866044e-01  1.75563352e-01  4.76188043e-05  0.00000000e+00]","[ 0.         -0.03755552 13.22527027 -0.38864431 -2.79514265  1.42088437
 -0.46402192  0.39669374]"
1747093063.5768452,"[ 0.          0.1214887   0.56124642 -2.92869583 -2.07255771  0.72087403
  0.96007037  1.727544  ]","[0.00000000e+00 2.93768803e-05 2.64548924e-05 7.29736182e-02
 2.94946456e-01 1.76464766e-01 4.76192757e-05 0.00000000e+00]","[ 0.         -0.06365664 13.19191551 -0.25214598 -3.23075509  1.43224287
 -0.53656381  0.41630077]"
1747093063.5803545,"[ 0.          0.1214887   0.56124689 -2.92840315 -2.07138033  0.72156945
  0.96006937  1.727544  ]","[ 0.00000000e+00 -2.64951613e-05  3.17458709e-05  7.50870946e-02
  2.91705289e-01  1.70701602e-01  3.70368514e-05  0.00000000e+00]","[ 0.         -0.04728435 13.25357437 -0.09538012 -3.42109656  1.48207176
 -0.6378901   0.39931259]"
1747093063.5838752,"[ 0.          0.1214887   0.56124689 -2.9281845  -2.07049909  0.72207079
  0.96006937  1.727544  ]","[ 0.00000000e+00 -2.52552021e-05  3.17461838e-05  7.26562194e-02
  2.89888347e-01  1.68000624e-01  3.70368514e-05  0.00000000e+00]","[ 0.         -0.06734782 13.26348114  0.0311765  -3.40229058  1.46578968
 -0.6677174   0.39207265]"
1747093063.5874324,"[ 0.          0.1214887   0.56124689 -2.92789475 -2.06934674  0.72275948
  0.96006937  1.727544  ]","[0.00000000e+00 0.00000000e+00 3.17458709e-05 6.84597891e-02
 2.84103928e-01 1.58385680e-01 3.70368514e-05 0.00000000e+00]","[ 0.         -0.02192499 13.2179966   0.09923222 -3.28515768  1.42859077
 -0.66869754  0.38596523]"
1747093063.5903447,"[ 0.          0.1214887   0.56124689 -2.92769608 -2.06850625  0.72321708
  0.96006937  1.727544  ]","[0.00000000e+00 0.00000000e+00 3.17461838e-05 6.80645635e-02
 2.83332244e-01 1.53259927e-01 3.70089097e-05 0.00000000e+00]","[ 0.00000000e+00  6.35300763e-03  1.32370844e+01  1.76367387e-01
 -3.12376380e+00  1.37984741e+00 -6.78356946e-01  3.97948027e-01]"
1747093063.5931833,"[ 0.          0.12148916  0.56124735 -2.92748622 -2.06764258  0.72364805
  0.96006937  1.727544  ]","[0.00000000e+00 1.77301770e-05 3.70368514e-05 6.99552497e-02
 2.83854656e-01 1.36129127e-01 3.70089097e-05 0.00000000e+00]","[ 0.          0.09675325 13.36911201  0.16265437 -2.98708153  1.41972554
 -0.70309448  0.40076745]"
1747093063.596961,"[ 0.          0.12148916  0.56124822 -2.92726172 -2.06678931  0.7240352
  0.96006937  1.727544  ]","[0.00000000e+00 1.65985916e-05 4.49737631e-05 7.69859201e-02
 2.80091077e-01 1.23434545e-01 3.70368514e-05 0.00000000e+00]","[ 0.          0.23562616 13.45872974  0.21290915 -2.94702339  1.43037462
 -0.73264563  0.41446942]"
1747093063.5986602,"[ 0.          0.12148916  0.56124868 -2.92701884 -2.06594189  0.72437962
  0.96006844  1.727544  ]","[0.00000000e+00 1.60668524e-05 5.02642966e-05 8.50807064e-02
 2.79537472e-01 1.10338126e-01 2.91003827e-05 0.00000000e+00]","[ 0.          0.34432602 13.69032097  0.19272624 -2.92564797  1.48271382
 -0.75915861  0.46184704]"
1747093063.601019,"[ 0.          0.12148916  0.56124961 -2.92683375 -2.06538928  0.72458887
  0.96006844  1.72754493]","[0.00000000e+00 0.00000000e+00 5.82007654e-05 9.15630403e-02
 2.80091077e-01 1.06040758e-01 2.90787152e-05 1.06059783e-05]","[ 0.          0.42090479 13.82926846  0.22402532 -3.00254965  1.50387526
 -0.77042514  0.46246418]"
1747093063.6034214,"[ 0.          0.12148961  0.56125008 -2.92663933 -2.06482096  0.72481151
  0.96006844  1.72754493]","[0.00000000e+00 1.47192894e-05 6.34911079e-05 9.60443165e-02
 2.76597609e-01 1.09335047e-01 2.91003827e-05 1.05979587e-05]","[ 0.          0.49777505 13.96580124  0.25641936 -3.07176185  1.51292729
 -0.77372038  0.45347473]"
1747093063.6057982,"[ 0.          0.12148961  0.56125055 -2.92644333 -2.06428008  0.72502836
  0.96006844  1.72754493]","[0.00000000e+00 1.43582118e-05 6.89388604e-05 1.00746360e-01
 2.73338648e-01 1.09929672e-01 2.90787152e-05 1.06059783e-05]","[ 0.          0.57643056 14.1396265   0.27937272 -3.15752053  1.52806163
 -0.77925432  0.48978662]"
1747093063.6074636,"[ 0.          0.12148961  0.56125195 -2.92613014 -2.0634529   0.72526432
  0.96006751  1.72754493]","[0.00000000e+00 2.04099707e-05 8.21341783e-05 1.05474204e-01
 2.73337616e-01 1.17470255e-01 1.85186086e-05 1.05979587e-05]","[ 0.          0.67814201 14.3204689   0.32984224 -3.2014308   1.52453351
 -0.80586791  0.52241468]"
1747093063.6099267,"[ 0.          0.12149008  0.56125234 -2.92592001 -2.06291654  0.72550687
  0.96006751  1.72754493]","[0.00000000e+00 3.31189516e-05 8.74993247e-05 1.06310586e-01
 2.71718065e-01 1.24388781e-01 1.85464284e-05 1.05979587e-05]","[ 0.          0.75269854 14.39433193  0.40774471 -3.2575233   1.51436305
 -0.83810872  0.5129934 ]"
1747093063.611684,"[ 0.          0.12149054  0.56125328 -2.92570084 -2.06236526  0.72576659
  0.96006751  1.72754493]","[0.00000000e+00 4.52566712e-05 9.00826511e-05 1.06325824e-01
 2.68322252e-01 1.27139610e-01 1.85464284e-05 1.05979587e-05]","[ 0.          0.85134947 14.49945641  0.52266634 -3.2613349   1.49069071
 -0.85918206  0.51841128]"
1747093063.6140707,"[ 0.          0.12149145  0.56125374 -2.9254987  -2.06184169  0.72602345
  0.96006751  1.72754493]","[0.00000000e+00 6.32534731e-05 1.00756792e-04 1.01556652e-01
 2.64155337e-01 1.31134377e-01 1.85466133e-05 1.05979587e-05]","[ 0.          0.95467871 14.56348324  0.61042917 -3.18768263  1.48711145
 -0.85992539  0.5390777 ]"
1747093063.6158068,"[ 0.          0.12149283  0.56125421 -2.9252963  -2.06130453  0.72629743
  0.96006751  1.72754493]","[0.00000000e+00 9.65110138e-05 1.05979589e-04 9.77076936e-02
 2.62805347e-01 1.35414967e-01 1.05979587e-05 1.05979587e-05]","[ 0.          1.04456019 14.56094837  0.70749545 -3.05853343  1.478194
 -0.86358219  0.56769854]"
1747093063.6181736,"[ 0.          0.12149513  0.56125467 -2.92510908 -2.06078734  0.72656947
  0.96006751  1.72754586]","[0.00000000e+00 1.38576996e-04 1.11362770e-04 9.48042155e-02
 2.62264642e-01 1.38830105e-01 1.05979587e-05 1.85464284e-05]","[ 0.          1.21056116 14.55412674  0.8603794  -2.94530654  1.45490956
 -0.86260355  0.56948251]"
1747093063.6216228,"[ 0.          0.12149789  0.56125467 -2.92491574 -2.06025098  0.72686534
  0.96006751  1.72754586]","[0.00000000e+00 1.87967028e-04 1.11278562e-04 9.37874039e-02
 2.61724453e-01 1.46812081e-01 1.05978530e-05 1.85464284e-05]","[ 0.          1.32736385 14.4843998   1.02989352 -2.8611896   1.45049691
 -0.86709142  0.58620375]"
1747093063.622747,"[ 0.          0.12150569  0.56125561 -2.92463797 -2.05945576  0.72731149
  0.96006751  1.72754586]","[0.00000000e+00 3.32856125e-04 1.19317257e-04 9.45341127e-02
 2.61305455e-01 1.52180631e-01 1.05979587e-05 1.85464284e-05]","[ 0.          1.56373978 14.41662502  1.25594187 -2.69678688  1.47455001
 -0.86968791  0.56935728]"
1747093063.6258316,"[ 0.          0.1215135   0.56125654 -2.92444223 -2.05893644  0.72762641
  0.96006751  1.72754586]","[0.00000000e+00 5.73784299e-04 1.27175500e-04 9.60443165e-02
 2.63885242e-01 1.54495751e-01 0.00000000e+00 1.85604623e-05]","[ 0.          1.70386398 14.40645504  1.40826964 -2.52983499  1.4856714
 -0.84483117  0.60812354]"
1747093063.6275544,"[ 0.          0.12153049  0.56125694 -2.9241349  -2.05812684  0.72807542
  0.96006751  1.72754679]","[0.00000000e+00 3.77627816e-03 1.32475806e-04 1.07228694e-01
 2.67569942e-01 1.44056226e-01 0.00000000e+00 2.64951613e-05]","[ 0.          1.84169424 14.27825451  1.59858942 -2.41765642  1.4776032
 -0.83699769  0.60759175]"
1747093063.6305258,"[ 0.          0.12154656  0.56125694 -2.92390347 -2.05759608  0.7283456
  0.96006751  1.72754679]","[ 0.00000000e+00  8.10292405e-03  1.32574732e-04  1.15775744e-01
  2.69284169e-01  1.35048741e-01 -1.05979587e-05  2.64948971e-05]","[ 0.          1.92246938 14.19121742  1.63432705 -2.39959335  1.50845718
 -0.83540708  0.64583719]"
1747093063.6329567,"[ 0.          0.12158099  0.56125694 -2.92354954 -2.05678195  0.72873369
  0.96006751  1.72754679]","[ 0.00000000e+00  1.26945815e-02  1.27271744e-04  1.22792449e-01
  2.69017087e-01  1.24388781e-01 -1.05979587e-05  2.64948971e-05]","[ 0.          1.94276917 14.053339    1.63295305 -2.51448822  1.51363337
 -0.8328535   0.69535559]"
1747093063.6354322,"[ 0.          0.12161222  0.5612574  -2.9232731  -2.05625331  0.7289725
  0.96006751  1.72754772]","[ 0.00000000e+00  1.62058481e-02  1.32573407e-04  1.27215910e-01
  2.67666598e-01  1.21543868e-01 -1.05979587e-05  3.70928568e-05]","[ 0.          1.91039264 14.05127144  1.57197189 -2.60056734  1.54383886
 -0.79644978  0.68840355]"
1747093063.6378784,"[ 0.          0.12165355  0.56125787 -2.92301744 -2.05570097  0.72922171
  0.96006751  1.72754772]","[ 0.00000000e+00  2.13377002e-02  1.37773464e-04  1.29916888e-01
  2.70637670e-01  1.21873475e-01 -1.05979587e-05  3.70928568e-05]","[ 0.          1.86540675 14.00368595  1.48673844 -2.65111208  1.54115832
 -0.75099099  0.69908708]"
1747093063.6403358,"[ 0.          0.12173023  0.56125787 -2.9226169  -2.05487885  0.72959462
  0.96006751  1.72754772]","[ 0.00000000e+00  2.64695534e-02  1.37773464e-04  1.33158055e-01
  2.71582244e-01  1.23512551e-01 -1.05979587e-05  3.70928568e-05]","[ 0.          1.71348107 13.92858887  1.35191226 -2.71425772  1.54183304
 -0.73992622  0.73221272]"
1747093063.642068,"[ 0.          0.12178533  0.56125787 -2.92234499 -2.05434089  0.72984675
  0.96006751  1.72754879]","[ 0.00000000e+00  2.83602355e-02  1.37876339e-04  1.33292960e-01
  2.72522057e-01  1.29376690e-01 -1.05979587e-05  4.77269018e-05]","[ 0.          1.56595278 13.85427856  1.18658888 -2.75035501  1.54093063
 -0.70477092  0.75355339]"
1747093063.6444592,"[ 0.          0.12184549  0.56125787 -2.9220824  -2.05378483  0.73011121
  0.96006751  1.72754879]","[ 0.00000000e+00  2.96806203e-02  1.37877721e-04  1.33698252e-01
  2.70579164e-01  1.35048741e-01 -1.05979587e-05  4.76908124e-05]","[ 0.          1.45720375 13.75646019  1.07227612 -2.80818892  1.56963336
 -0.69598818  0.76079118]"
1747093063.646226,"[ 0.          0.1219084   0.56125787 -2.92180144 -2.0532498   0.73038997
  0.96006751  1.72754879]","[ 0.00000000e+00  3.29185062e-02  1.32574732e-04  1.38830105e-01
  2.71447970e-01  1.35991200e-01 -1.85462435e-05  4.77269018e-05]","[ 0.          1.3496145  13.66029072  0.93453854 -2.84583855  1.5691781
 -0.67075944  0.78908706]"
1747093063.649689,"[ 0.          0.12202458  0.56125787 -2.92152047 -2.05242635  0.73080756
  0.96006751  1.72754972]","[ 0.00000000e+00  4.10548170e-02  1.27175500e-04  1.43961950e-01
  2.71988159e-01  1.38925729e-01 -1.85464284e-05  5.83328791e-05]","[ 0.          1.13287699 13.50655651  0.77020127 -2.79060578  1.64245546
 -0.61232233  0.83339465]"
1747093063.6519191,"[ 0.          0.12216508  0.56125787 -2.92108451 -2.05160316  0.73122041
  0.96006844  1.72754972]","[ 0.00000000e+00  4.83983131e-02  1.27175500e-04  1.42611461e-01
  2.70579164e-01  1.39768736e-01 -1.05980643e-05  5.82007654e-05]","[ 0.          0.9280296  13.35963917  0.58203214 -2.66176414  1.64259267
 -0.57380152  0.84851271]"
1747093063.6535935,"[ 0.          0.12226244  0.56125787 -2.92080648 -2.0510708   0.73151536
  0.96006844  1.72754972]","[ 0.00000000e+00  4.94278371e-02  1.27270476e-04  1.40308376e-01
  2.69827370e-01  1.44056226e-01 -1.85464284e-05  5.82453112e-05]","[ 0.          0.7530399  13.26302052  0.443894   -2.52627182  1.6330719
 -0.54204786  0.86150277]"
1747093063.6560218,"[ 0.          0.12236621  0.5612574  -2.92052179 -2.05051633  0.73180737
  0.96006844  1.72755065]","[ 0.00000000e+00  5.08581085e-02  1.21968747e-04  1.38419612e-01
  2.71080704e-01  1.49634000e-01 -1.85466133e-05  6.61372301e-05]","[ 0.          0.60146725 13.15447998  0.35161111 -2.40635586  1.62952828
 -0.53519064  0.87844187]"
1747093063.6578157,"[ 0.          0.12246953  0.5612574  -2.92024748 -2.04993496  0.73211563
  0.96006844  1.72755065]","[ 0.00000000e+00  5.21288109e-02  1.21968747e-04  1.32405745e-01
  2.74689137e-01  1.51524678e-01 -1.85464284e-05  6.61872009e-05]","[ 0.          0.47056925 13.04990196  0.31991607 -2.32802153  1.62266695
 -0.48275253  0.91695017]"
1747093063.659633,"[ 0.          0.12252371  0.5612574  -2.92012125 -2.04964281  0.73226497
  0.96006844  1.72755065]","[ 0.00000000e+00  5.09059955e-02  1.21968747e-04  1.28026201e-01
  2.75093006e-01  1.51371164e-01 -1.85464284e-05  6.61872009e-05]","[ 0.          0.42935154 12.95585251  0.29929364 -2.31669855  1.6374619
 -0.47347856  0.93353659]"
1747093063.6615012,"[ 0.          0.12261785  0.5612574  -2.91988076 -2.04909953  0.73256557
  0.96006844  1.72755159]","[ 0.00000000e+00  4.64567646e-02  1.19317257e-04  1.20341417e-01
  2.74959232e-01  1.45947236e-01 -1.85604623e-05  7.40737029e-05]","[ 0.          0.37811586 12.84623623  0.28573737 -2.37474084  1.66530049
 -0.47506884  0.96427238]"
1747093063.6626549,"[ 0.          0.12270463  0.5612574  -2.91963815 -2.04853707  0.73283668
  0.96006844  1.72755159]","[ 0.00000000e+00  4.32155977e-02  1.19317257e-04  1.17499766e-01
  2.74333156e-01  1.36129127e-01 -1.85464284e-05  7.41296676e-05]","[ 0.          0.38607606 12.77054024  0.27464971 -2.38379025  1.72310829
 -0.4952637   0.97561753]"
1747093063.6650996,"[ 0.          0.12280015  0.5612574  -2.91940539 -2.04799618  0.73309355
  0.96006844  1.72755252]","[ 0.00000000e+00  4.42511055e-02  1.19317257e-04  1.18302692e-01
  2.74689137e-01  1.28296304e-01 -1.85604623e-05  8.46556558e-05]","[ 0.          0.35427502 12.73947048  0.30358118 -2.35033989  1.8004539
 -0.50182271  0.98743224]"
1747093063.6669157,"[ 0.          0.12288969  0.5612574  -2.91915958 -2.04742946  0.73334661
  0.96006844  1.72755252]","[ 0.00000000e+00  4.38741517e-02  1.14014268e-04  1.21150893e-01
  2.76346839e-01  1.21543868e-01 -1.85464284e-05  8.47204549e-05]","[ 0.          0.39041701 12.76536655  0.37260097 -2.34976053  1.83228159
 -0.50664717  1.01722753]"
1747093063.6693854,"[ 0.          0.12297372  0.5612574  -2.91891723 -2.04688484  0.73358823
  0.96006844  1.72755345]","[ 0.00000000e+00  4.24053018e-02  1.14014268e-04  1.22894348e-01
  2.75769515e-01  1.22624254e-01 -1.85604623e-05  9.52376087e-05]","[ 0.          0.40487516 12.75272274  0.45046067 -2.39899826  1.85598493
 -0.52738571  1.05220783]"
1747093063.6712492,"[ 0.          0.12306143  0.5612574  -2.91865971 -2.04634262  0.73384695
  0.96006844  1.72755452]","[ 0.00000000e+00  4.31321742e-02  1.14014268e-04  1.25885769e-01
  2.75229326e-01  1.27486012e-01 -1.85466133e-05  1.05899518e-04]","[ 0.          0.38710657 12.76942158  0.51927233 -2.44224477  1.8465718
 -0.54687548  1.07120132]"
1747093063.6730757,"[ 0.          0.12314867  0.5612574  -2.91840697 -2.04578096  0.73411713
  0.96006844  1.72755452]","[ 0.00000000e+00  4.48361812e-02  1.13928053e-04  1.28975785e-01
  2.75229326e-01  1.33408824e-01 -1.85604623e-05  1.05899518e-04]","[ 0.          0.37929603 12.81761837  0.57850629 -2.42763996  1.8421247
 -0.55030859  1.09645653]"
1747093063.6748981,"[ 0.          0.12323913  0.5612574  -2.91813906 -2.04523288  0.73439304
  0.96006844  1.72755452]","[ 0.00000000e+00  4.41352496e-02  1.08711279e-04  1.31529590e-01
  2.77648708e-01  1.43691855e-01 -1.85464284e-05  1.05899518e-04]","[ 0.          0.41368783 12.84476376  0.61063898 -2.40425396  1.85616648
 -0.55572283  1.10951531]"
1747093063.6766143,"[ 0.          0.12332087  0.5612574  -2.9178762  -2.04493647  0.73469457
  0.96006844  1.72755545]","[ 0.00000000e+00  3.99339258e-02  1.08629080e-04  1.33158055e-01
  2.79105291e-01  1.47563675e-01 -1.85462435e-05  1.13843115e-04]","[ 0.          0.42694855 12.85029507  0.65944618 -2.37410665  1.87373888
 -0.5489468   1.09960222]"
1747093063.6784132,"[ 0.          0.12335806  0.5612574  -2.91774677 -2.04466004  0.73484204
  0.96006844  1.72755545]","[ 0.00000000e+00  3.78136459e-02  1.08711279e-04  1.31267377e-01
  2.80361188e-01  1.49634000e-01 -1.05820616e-05  1.13756038e-04]","[ 0.          0.46227556 12.85888386  0.67245871 -2.36213112  1.82251287
 -0.56255352  1.10679841]"
1747093063.6801245,"[ 0.          0.12342832  0.56125787 -2.91747966 -2.0441077   0.73515124
  0.96006844  1.72755638]","[ 0.00000000e+00  3.28506684e-02  1.08711279e-04  1.29916888e-01
  2.80361188e-01  1.60167801e-01 -1.05819570e-05  1.21784452e-04]","[ 0.          0.50951272 12.89122581  0.72127843 -2.33725357  1.82899833
 -0.568039    1.13459504]"
1747093063.6819158,"[ 0.          0.12349031  0.56125787 -2.91722186 -2.04353618  0.73548986
  0.96006844  1.72755731]","[ 0.00000000e+00  3.07599142e-02  1.08547010e-04  1.30997274e-01
  2.79023582e-01  1.66920246e-01 -1.05819570e-05  1.32374402e-04]","[ 0.          0.55632734 12.95693493  0.78930765 -2.29107332  1.81427717
 -0.56606334  1.143062  ]"
1747093063.6837173,"[ 0.          0.12352016  0.56125787 -2.91695342 -2.04298331  0.73583614
  0.96006844  1.72755824]","[ 0.00000000e+00  3.02509176e-02  1.08466135e-04  1.30727179e-01
  2.80361188e-01  1.78534425e-01 -1.05820616e-05  1.42964352e-04]","[ 0.          0.59677219 13.0460043   0.81532359 -2.22888136  1.82499504
 -0.57872242  1.16373217]"
1747093063.6865976,"[ 0.          0.12357893  0.56125787 -2.91669243 -2.04240514  0.73621191
  0.96006844  1.72755918]","[ 0.00000000e+00  2.83602355e-02  1.08548083e-04  1.32347763e-01
  2.82521944e-01  1.85286870e-01 -1.05819570e-05  1.50905315e-04]","[ 0.          0.67920852 13.08986568  0.88051164 -2.15563917  1.82232547
 -0.57118809  1.19027483]"
1747093063.6889384,"[ 0.          0.12365378  0.56125834 -2.91628203 -2.04153721  0.73677989
  0.96006844  1.72756011]","[ 0.00000000e+00  2.28199304e-02  1.13756038e-04  1.36399221e-01
  2.86843522e-01  1.93929992e-01 -1.05819570e-05  1.58849285e-04]","[ 0.          0.77503413 13.15347672  1.0226928  -2.1591115   1.8695755
 -0.58525652  1.21150243]"
1747093063.691383,"[ 0.          0.12369419  0.56125834 -2.91599734 -2.0409673   0.73717085
  0.96006844  1.72756117]","[ 0.00000000e+00  1.99872133e-02  1.13843115e-04  1.38674959e-01
  2.88734200e-01  1.90148620e-01 -1.05820616e-05  1.69439236e-04]","[ 0.          0.87530464 13.24685574  1.05360138 -2.25183415  1.89391148
 -0.58788657  1.22698677]"
1747093063.693178,"[ 0.          0.1237323   0.56125927 -2.91572277 -2.04037315  0.73756466
  0.96006844  1.72756211]","[ 0.00000000e+00  1.91769216e-02  1.19047015e-04  1.39640388e-01
  2.90624878e-01  1.92590173e-01 -1.05899522e-05  1.80029186e-04]","[ 0.          0.98279852 13.36898613  1.10752428 -2.33105445  1.94260347
 -0.58668917  1.23210204]"
1747093063.6949227,"[ 0.          0.12377134  0.56125973 -2.91543941 -2.03979737  0.73793571
  0.96006844  1.72756304]","[ 0.00000000e+00  1.91574909e-02  1.19136960e-04  1.38293969e-01
  2.92219179e-01  1.87987848e-01 -1.05819570e-05  1.90619136e-04]","[ 0.          1.0125072  13.46765614  1.15833449 -2.39163566  1.97856975
 -0.59649849  1.28091192]"
1747093063.697359,"[ 0.          0.12381036  0.56126107 -2.9151667  -2.03919709  0.73832
  0.96006844  1.72756397]","[ 0.00000000e+00  2.05274085e-02  1.26984735e-04  1.37209521e-01
  2.93148323e-01  1.86320958e-01 -1.05819570e-05  1.98561611e-04]","[ 0.          1.03934467 13.5732336   1.21955216 -2.50327802  2.00358152
 -0.59983051  1.28815782]"
1747093063.6991556,"[ 0.          0.12385766  0.561262   -2.91488361 -2.03861892  0.73868625
  0.96006844  1.7275649 ]","[ 0.00000000e+00  2.37685775e-02  1.32374402e-04  1.37671888e-01
  2.93055778e-01  1.87177547e-01 -1.05819570e-05  2.06504069e-04]","[ 0.          1.04652083 13.71269226  1.24619806 -2.65975523  2.02421761
 -0.63437873  1.30574858]"
1747093063.700847,"[ 0.          0.12391093  0.56126293 -2.91461463 -2.0380245   0.73905537
  0.96006844  1.72756677]","[0.00000000e+00 2.77918524e-02 1.37669385e-04 1.36939419e-01
 2.90139117e-01 1.87177547e-01 0.00000000e+00 2.27683970e-04]","[ 0.          1.06644034 13.77728176  1.25797999 -2.7485671   2.0447855
 -0.64671683  1.32185698]"
1747093063.7026145,"[ 0.          0.12397567  0.56126526 -2.9143358  -2.03745086  0.739434
  0.96006844  1.72756876]","[0.00000000e+00 3.26486822e-02 1.56083866e-04 1.36668808e-01
 2.91165066e-01 1.85286870e-01 0.00000000e+00 2.38276277e-04]","[ 0.          1.04292893 13.85531235  1.21612012 -2.78766155  2.06901884
 -0.66465414  1.3314383 ]"
1747093063.705065,"[ 0.          0.12404271  0.56126752 -2.91406122 -2.03685564  0.73981836
  0.96006844  1.72757063]","[0.00000000e+00 3.34920866e-02 1.74732463e-04 1.40038564e-01
 2.91165066e-01 1.87324038e-01 0.00000000e+00 2.54158853e-04]","[ 0.          0.99504918 13.93504715  1.14898193 -2.79974818  2.12650537
 -0.65239424  1.34503138]"
1747093063.7067516,"[ 0.          0.12411297  0.56126986 -2.91376189 -2.03628173  0.74019693
  0.96006844  1.72757249]","[0.00000000e+00 3.45724769e-02 1.80928604e-04 1.48705689e-01
 2.90330432e-01 1.92849598e-01 1.05819570e-05 2.75338770e-04]","[ 0.          0.94338375 13.97135448  1.09782743 -2.81709671  2.14250803
 -0.64796609  1.37385643]"
1747093063.7090046,"[ 0.          0.12418185  0.56127212 -2.91346255 -2.03569024  0.74060792
  0.96006844  1.72757449]","[0.00000000e+00 3.53827707e-02 1.94709520e-04 1.53145262e-01
 2.87923900e-01 2.03373229e-01 1.05819570e-05 2.93871179e-04]","[ 0.          0.80778259 13.99309635  1.00157511 -2.82177401  2.11258888
 -0.66746449  1.36368442]"
1747093063.7107399,"[ 0.          0.12425807  0.56127438 -2.9131467  -2.03512406  0.7410265
  0.96006844  1.72757635]","[0.00000000e+00 3.78136459e-02 2.12957375e-04 1.54578592e-01
 2.87113633e-01 2.14187294e-01 1.05819570e-05 3.12406676e-04]","[ 0.          0.65778285 14.04419708  0.87257797 -2.78751588  2.06736946
 -0.65933681  1.36972511]"
1747093063.7130854,"[ 0.          0.12433338  0.56127625 -2.91283484 -2.03453789  0.74147265
  0.96006844  1.72757822]","[0.00000000e+00 3.86239376e-02 2.43888665e-04 1.59357518e-01
 2.86843522e-01 2.17667030e-01 1.05819570e-05 3.30935996e-04]","[ 0.          0.5322448  14.07473373  0.76161563 -2.71395802  2.04363608
 -0.66347468  1.3700515 ]"
1747093063.7148345,"[ 0.          0.1244096   0.56127858 -2.91250754 -2.03397197  0.74190075
  0.96006844  1.72758008]","[0.00000000e+00 3.68282846e-02 3.27149054e-04 1.58987205e-01
 2.86573411e-01 2.16938339e-01 1.05819570e-05 3.49468438e-04]","[ 0.          0.40642706 14.11244869  0.6443879  -2.64296675  2.08396578
 -0.64781374  1.37475145]"
1747093063.7166593,"[ 0.          0.12447711  0.56128037 -2.91220074 -2.03338927  0.74233831
  0.96006844  1.72758115]","[0.00000000e+00 3.34920866e-02 5.41062722e-04 1.53685467e-01
 2.83602355e-01 2.14156268e-01 1.05820616e-05 3.67774484e-04]","[ 0.          0.25371087 14.1224575   0.51275367 -2.55352688  2.12322807
 -0.64996135  1.37901998]"
1747093063.7184677,"[ 0.          0.12450971  0.56128177 -2.91203962 -2.03310964  0.7425495
  0.96006844  1.72758208]","[0.00000000e+00 3.29518914e-02 7.45171719e-04 1.51572199e-01
 2.83602355e-01 2.14187294e-01 1.05899522e-05 3.82868645e-04]","[ 0.          0.21018888 14.09175205  0.49688211 -2.50571275  2.18020725
 -0.64535874  1.4193753 ]"
1747093063.7202272,"[ 0.          0.12457583  0.56128357 -2.91174667 -2.03255277  0.7429776
  0.96006844  1.72758394]","[0.00000000e+00 3.26817948e-02 1.07656050e-03 1.47473228e-01
 2.82775343e-01 2.16297350e-01 1.05819570e-05 4.21148238e-04]","[ 0.          0.10756889 14.07882309  0.4156765  -2.45725274  2.2044127
 -0.62392342  1.43109822]"
1747093063.7220857,"[ 0.          0.12464287  0.5612859  -2.9114468  -2.03196848  0.74342761
  0.96006844  1.72758581]","[0.00000000e+00 3.45724769e-02 1.06384599e-03 1.46448776e-01
 2.85493033e-01 2.20715884e-01 1.05820616e-05 4.77466032e-04]","[ 0.00000000e+00  7.54393684e-03  1.40353460e+01  3.70034665e-01
 -2.42039323e+00  2.21881318e+00 -5.87941527e-01  1.43695521e+00]"
1747093063.723775,"[ 0.          0.12471497  0.5612877  -2.91115971 -2.03140655  0.74386044
  0.96006844  1.72758781]","[0.00000000e+00 3.59229638e-02 1.02831600e-03 1.44919223e-01
 2.84952844e-01 2.19049061e-01 1.05819570e-05 5.49247977e-04]","[ 0.         -0.0697009  14.01566219  0.36416569 -2.39697528  2.19937944
 -0.58957738  1.45226109]"
1747093063.7260885,"[ 0.          0.12478293  0.56128956 -2.91087555 -2.03082518  0.74431324
  0.96006844  1.7275906 ]","[0.00000000e+00 3.45724769e-02 1.01058641e-03 1.43691855e-01
 2.83368363e-01 2.22180855e-01 1.05899522e-05 6.50106425e-04]","[ 0.         -0.1375225  14.05156136  0.30899367 -2.34472966  2.20263481
 -0.62082297  1.46364951]"
1747093063.7290976,"[ 0.          0.12488028  0.56129369 -2.91044252 -2.02999507  0.74500773
  0.96006844  1.7275934 ]","[0.00000000e+00 3.02509176e-02 1.09288459e-03 1.42736796e-01
 2.81171488e-01 2.31960832e-01 1.05819570e-05 7.67595457e-04]","[ 0.         -0.17616826 14.13272858  0.28509316 -2.26446843  2.27522945
 -0.61822134  1.47189236]"
1747093063.7314065,"[ 0.          0.12493722  0.56129735 -2.91016289 -2.02941877  0.74547671
  0.96006844  1.7275954 ]","[0.00000000e+00 2.68322260e-02 1.18190231e-03 1.42071272e-01
 2.81171488e-01 2.39306363e-01 1.05899522e-05 8.18915403e-04]","[ 0.         -0.19849561 14.13479519  0.28654614 -2.24478722  2.26901484
 -0.63339108  1.47721505]"
1747093063.73384,"[ 0.          0.12501069  0.56130061 -2.90974504 -2.02856549  0.74621774
  0.96006844  1.72759819]","[0.00000000e+00 2.37444946e-02 1.21449560e-03 1.35859032e-01
 2.81111434e-01 2.42841426e-01 1.05900569e-05 8.96321455e-04]","[ 0.         -0.17717768 14.06748772  0.29648203 -2.26960897  2.29901338
 -0.65383029  1.48032832]"
1747093063.7362418,"[ 0.          0.12505614  0.56130241 -2.9094718  -2.02801448  0.74669631
  0.96006844  1.72760112]","[0.00000000e+00 2.15660871e-02 1.17012250e-03 1.33023140e-01
 2.79550888e-01 2.43087735e-01 1.05819570e-05 9.74388355e-04]","[ 0.         -0.12468228 14.05266285  0.34327191 -2.30184865  2.29446888
 -0.61678815  1.53442192]"
1747093063.7380848,"[ 0.          0.12509563  0.56130428 -2.90920895 -2.02744243  0.74719665
  0.96006844  1.72760392]","[0.00000000e+00 1.94470181e-02 1.17654257e-03 1.32887960e-01
 2.79606847e-01 2.44978413e-01 1.05899522e-05 9.98685409e-04]","[ 0.         -0.10071222 14.06640148  0.36718249 -2.24837136  2.30288053
 -0.61451137  1.55476689]"
1747093063.7409604,"[ 0.          0.12512916  0.56130607 -2.90893597 -2.02689089  0.74769612
  0.96006844  1.72760671]","[0.00000000e+00 1.55476447e-02 1.17020534e-03 1.33408824e-01
 2.79550888e-01 2.56592608e-01 1.05820616e-05 1.02978367e-03]","[ 0.         -0.02970836 14.11753654  0.37680897 -2.25530744  2.33076119
 -0.6424554   1.55770016]"
1747093063.7426217,"[ 0.          0.12516222  0.5613102  -2.90852984 -2.02604561  0.74849807
  0.96006844  1.72761058]","[0.00000000e+00 9.18331389e-03 1.17654257e-03 1.39910499e-01
 2.76579815e-01 2.67396504e-01 1.05899522e-05 1.06041223e-03]","[ 0.          0.10900976 14.17524147  0.47617558 -2.31933236  2.24727058
 -0.65558445  1.55279505]"
1747093063.7451644,"[ 0.          0.12517416  0.561313   -2.90823476 -2.02549593  0.74906313
  0.96006844  1.72761337]","[0.00000000e+00 4.59165694e-03 1.11961308e-03 1.45582533e-01
 2.79010699e-01 2.77930304e-01 1.05819570e-05 1.09598637e-03]","[ 0.          0.19759127 14.22794724  0.53587431 -2.3600924   2.2155211
 -0.63913459  1.56687796]"
1747093063.7468975,"[ 0.          0.12517966  0.56131619 -2.90794581 -2.02492335  0.74963198
  0.96006844  1.72761723]","[0.00000000e+00 1.75537920e-03 1.17023056e-03 1.46662928e-01
 2.79606847e-01 2.91139900e-01 1.05899522e-05 1.19958229e-03]","[ 0.          0.28542095 14.25374985  0.58383441 -2.41400695  2.18836474
 -0.61792094  1.56356704]"
1747093063.7494097,"[ 0.          0.12518012  0.56131986 -2.90764514 -2.02436435  0.75024657
  0.96006844  1.72762203]","[0.00000000e+00 0.00000000e+00 1.30223311e-03 1.46662928e-01
 2.84682733e-01 3.03049356e-01 1.05819570e-05 1.32476738e-03]","[ 0.          0.40232155 14.29853535  0.65136135 -2.47889471  2.16421199
 -0.65504557  1.58344972]"
1747093063.751252,"[ 0.          0.12517966  0.56132398 -2.9073458  -2.02377846  0.75084305
  0.96006844  1.72762669]","[ 0.00000000e+00 -1.80064979e-04  1.54552549e-03  1.45696483e-01
  2.86552904e-01  3.03859656e-01  1.05899522e-05  1.44241304e-03]","[ 0.          0.49239385 14.29404354  0.67134124 -2.57478499  2.16506505
 -0.6712749   1.61809862]"
1747093063.7530513,"[ 0.          0.12518059  0.56132771 -2.90706457 -2.02320641  0.75146709
  0.96006844  1.72763241]","[0.00000000e+00 1.32462624e-04 1.74200813e-03 1.42611461e-01
 2.90894989e-01 3.06060759e-01 0.00000000e+00 1.67691686e-03]","[ 0.          0.568977   14.30177116  0.73290861 -2.71448159  2.22143507
 -0.64762998  1.62164819]"
1747093063.754881,"[ 0.          0.12518196  0.56133137 -2.90679133 -2.02261066  0.75208162
  0.96006844  1.72763907]","[0.00000000e+00 3.11065050e-04 1.82913472e-03 1.37879972e-01
 2.91165066e-01 3.12502779e-01 0.00000000e+00 2.04158059e-03]","[ 0.          0.68195665 14.34831715  0.80059844 -2.86870289  2.25028491
 -0.6959244   1.61350489]"
1747093063.7574165,"[ 0.          0.12518426  0.56133643 -2.90651542 -2.02203409  0.75278276
  0.96006751  1.72764773]","[ 0.00000000e+00  5.29916392e-04  2.05342607e-03  1.33698252e-01
  2.93028647e-01  3.21415980e-01 -1.05819570e-05  2.57548873e-03]","[ 0.          0.80461359 14.44337463  0.87500858 -2.98823237  2.23571324
 -0.73433203  1.62149107]"
1747093063.75918,"[ 0.          0.12518701  0.56134283 -2.90625017 -2.02143168  0.75342485
  0.96006751  1.72766011]","[ 0.00000000e+00  6.91453887e-04  2.35150388e-03  1.35318835e-01
  2.94402172e-01  3.27898347e-01 -1.05900569e-05  3.70317673e-03]","[ 0.          0.86549962 14.54343605  0.94626939 -3.11254811  2.24292183
 -0.76257926  1.62334061]"
1747093063.7610025,"[ 0.          0.12519115  0.56135474 -2.90596202 -2.02084925  0.75410409
  0.96006751  1.72767902]","[ 0.00000000e+00  9.05236347e-04  3.86156173e-03  1.42611461e-01
  2.95756722e-01  3.33502237e-01 -1.05819570e-05  6.10466742e-03]","[ 0.          0.99012274 14.67366505  1.00139475 -3.16306853  2.26787996
 -0.74537265  1.6279763 ]"
1747093063.7628374,"[ 0.          0.12519666  0.56137132 -2.90567573 -2.02024684  0.75476908
  0.96006751  1.72771231]","[ 0.00000000e+00  1.17654257e-03  8.36877775e-03  1.46662928e-01
  2.93325855e-01  3.38702226e-01 -1.05819570e-05  1.43907218e-02]","[ 0.          1.05123556 14.69081974  1.01802242 -3.22192907  2.35182691
 -0.74502349  1.63801062]"
1747093063.7646592,"[ 0.          0.12520308  0.56139336 -2.90537213 -2.01966973  0.75545777
  0.96006751  1.72776278]","[ 0.00000000e+00  1.85463045e-03  1.15353491e-02  1.49093811e-01
  2.92785667e-01  3.35731170e-01 -1.05819570e-05  2.80901368e-02]","[ 0.          1.08794141 14.63143635  1.04936552 -3.26308417  2.36218143
 -0.77177984  1.64962375]"
1747093063.7664783,"[ 0.          0.12520722  0.56140528 -2.90522326 -2.01935708  0.75578787
  0.96006751  1.727797  ]","[ 0.00000000e+00  2.53690567e-03  1.21543863e-02  1.50984489e-01
  2.94402172e-01  3.34920870e-01 -1.05820616e-05  3.20983628e-02]","[ 0.          1.14052081 14.60018349  1.04269898 -3.26704335  2.43708849
 -0.78114963  1.66960418]"
1747093063.7676947,"[ 0.          0.12521548  0.56143377 -2.90491886 -2.01877518  0.75647284
  0.96006751  1.72786837]","[ 0.00000000e+00  3.77640196e-03  1.48403102e-02  1.55958159e-01
  2.96296945e-01  3.35713626e-01 -1.05899522e-05  3.78136459e-02]","[ 0.          1.15121889 14.5318327   1.04122066 -3.28464365  2.47794294
 -0.7745375   1.68946218]"
1747093063.7699637,"[ 0.          0.12522513  0.56146773 -2.90459662 -2.01816664  0.75714349
  0.96006751  1.72795399]","[ 0.00000000e+00  4.43749789e-03  1.72862385e-02  1.57736934e-01
  2.96938700e-01  3.40592904e-01 -1.05819570e-05  4.31321742e-02]","[ 0.          1.14791918 14.47596836  1.06684899 -3.28027272  2.47048068
 -0.76181704  1.68127739]"
1747093063.7717981,"[ 0.          0.12523615  0.56150588 -2.90427544 -2.01758368  0.75784084
  0.96006751  1.72804241]","[ 0.00000000e+00  5.40012347e-03  1.99872133e-02  1.56228753e-01
  2.95486645e-01  3.41295878e-01 -1.05819570e-05  4.61866702e-02]","[ 0.          1.13218892 14.42022324  1.05227232 -3.29090285  2.50193477
 -0.77487934  1.65034699]"
1747093063.7742598,"[ 0.          0.12524946  0.56155315 -2.90396385 -2.01700178  0.75851628
  0.96006751  1.72814041]","[ 0.00000000e+00  6.50185813e-03  2.42841426e-02  1.58277123e-01
  2.94676344e-01  3.44374293e-01 -1.05819570e-05  4.81475432e-02]","[ 0.          1.09580636 14.33990669  1.008407   -3.26625896  2.47393107
 -0.76837963  1.63982737]"
1747093063.7754674,"[ 0.          0.12526416  0.56160914 -2.90364427 -2.01639511  0.75885777
  0.96006751  1.72823935]","[ 0.00000000e+00  7.42768060e-03  2.97107224e-02  1.62868779e-01
  2.95996706e-01  3.46264971e-01 -1.05819570e-05  5.10484247e-02]","[ 0.          1.06626308 14.24727821  0.9822917  -3.19198012  2.49266458
 -0.7622596   1.66968369]"
1747093063.777772,"[ 0.          0.12528206  0.56168031 -2.90330259 -2.01580921  0.7595665
  0.96006751  1.72833922]","[ 0.00000000e+00  8.70823768e-03  3.61930625e-02  1.68540829e-01
  2.97107211e-01  3.44374293e-01 -1.05820616e-05  5.10484247e-02]","[ 0.          1.01850557 14.03596687  0.93463439 -3.13138556  2.44807935
 -0.73948634  1.66860247]"
1747093063.7795084,"[ 0.          0.12530181  0.56176161 -2.90297049 -2.01520095  0.76023336
  0.96006751  1.72844295]","[ 0.00000000e+00  1.08038994e-02  4.06244918e-02  1.68370054e-01
  2.97107211e-01  3.36811548e-01 -1.05979587e-05  5.09967011e-02]","[ 0.          0.96416718 13.80148888  0.90594757 -3.11877704  2.4377718
 -0.75274217  1.62425256]"
1747093063.7819479,"[ 0.          0.12532615  0.56184796 -2.90262348 -2.01461718  0.76091259
  0.96006751  1.72854574]","[ 0.00000000e+00  1.29646791e-02  4.48361812e-02  1.69351113e-01
  2.95457083e-01  3.30059103e-01 -1.05979587e-05  5.01536899e-02]","[ 0.          0.85212684 13.53040791  0.87377602 -3.16226149  2.43289423
 -0.73470283  1.6117214 ]"
1747093063.7837808,"[ 0.          0.12535553  0.56195129 -2.90228952 -2.01400466  0.76155948
  0.96006751  1.72864561]","[ 0.00000000e+00  1.59357516e-02  5.26613765e-02  1.68540829e-01
  2.99808189e-01  3.28978725e-01 -1.06059783e-05  5.02381288e-02]","[ 0.          0.77311504 13.31626415  0.83322072 -3.16805959  2.46929502
 -0.71247935  1.64692712]"
1747093063.785572,"[ 0.          0.12539227  0.56206701 -2.90195023 -2.01341237  0.76222633
  0.96006751  1.72875214]","[ 0.00000000e+00  1.91769216e-02  6.05018351e-02  1.64489362e-01
  3.00888600e-01  3.25197369e-01 -1.06059783e-05  5.26613765e-02]","[ 0.          0.65312737 13.05458069  0.79375541 -3.1153264   2.46865869
 -0.67420709  1.65199339]"
1747093063.7874255,"[ 0.          0.12541156  0.56212899 -2.90179098 -2.01309226  0.76254884
  0.96006751  1.72880727]","[ 0.00000000e+00  1.94470181e-02  6.28689484e-02  1.61354639e-01
  3.01423696e-01  3.27088047e-01 -1.06059783e-05  5.58535288e-02]","[ 0.          0.59211081 13.01871777  0.75362903 -3.10652566  2.36448073
 -0.66731328  1.6534307 ]"
1747093063.7891855,"[ 0.          0.12545426  0.56226308 -2.90146261 -2.01249944  0.76321949
  0.96006751  1.72892911]","[ 0.00000000e+00  2.13377002e-02  6.62028724e-02  1.60167801e-01
  2.99504423e-01  3.30201915e-01 -1.05979587e-05  6.48233924e-02]","[ 0.          0.48582703 12.79197407  0.73786587 -3.10602021  2.39519048
 -0.6665706   1.66546881]"
1747093063.791023,"[ 0.          0.12549789  0.56239804 -2.90114756 -2.01190742  0.76387403
  0.96006751  1.72907558]","[ 0.00000000e+00  2.19001078e-02  6.88748552e-02  1.59357518e-01
  3.00888600e-01  3.32760081e-01 -1.06059783e-05  7.34665111e-02]","[ 0.          0.36654189 12.55812359  0.71473521 -3.00943971  2.46283555
 -0.6195544   1.68104661]"
1747093063.792884,"[ 0.          0.12554197  0.56254225 -2.90081679 -2.01128956  0.76454375
  0.96006751  1.72922778]","[ 0.00000000e+00  2.10645514e-02  6.98843680e-02  1.62094565e-01
  3.02509167e-01  3.25246704e-01 -1.05979587e-05  7.91385615e-02]","[ 0.          0.27157229 12.35991669  0.66539717 -2.9254086   2.49132967
 -0.58961314  1.69430935]"
1747093063.7947025,"[ 0.          0.12557871  0.56267767 -2.90049002 -2.01069115  0.76517252
  0.96006751  1.72940195]","[ 0.00000000e+00  1.78083710e-02  6.88748552e-02  1.67730529e-01
  3.04438528e-01  3.18444924e-01 -1.06059783e-05  8.69713844e-02]","[ 0.          0.16067891 12.18948936  0.64083534 -2.8821857   2.42384434
 -0.59585494  1.67801571]"
1747093063.7971334,"[ 0.          0.12560947  0.56282141 -2.90014328 -2.01006744  0.7658194
  0.96006751  1.72958544]","[ 0.00000000e+00  1.37922658e-02  7.04659358e-02  1.70021014e-01
  3.04669956e-01  3.16554246e-01 -1.05980643e-05  9.45341127e-02]","[ 0.          0.0375082  12.01191425  0.60409361 -2.94081783  2.46016598
 -0.5980252   1.67868841]"
1747093063.798818,"[ 0.          0.12563243  0.56295783 -2.89980399 -2.00946556  0.76644917
  0.96006844  1.72979197]","[0.         0.0108039  0.06853525 0.17160794 0.30548026 0.31844492
 0.         0.10231353]","[ 0.         -0.05215652 11.8984108   0.53679061 -3.02981544  2.48960018
 -0.5710904   1.67569435]"
1747093063.8011029,"[ 0.          0.1256485   0.56309465 -2.89944979 -2.00884025  0.76710751
  0.96006844  1.73000023]","[0.         0.00756273 0.06695518 0.17353178 0.30548026 0.32330669
 0.         0.10614831]","[ 0.         -0.1420127  11.87472916  0.49485177 -3.09444165  2.55314183
 -0.55150592  1.68197227]"
1747093063.803368,"[ 0.          0.12565769  0.56322688 -2.89910864 -2.00823572  0.76775346
  0.96006844  1.73022101]","[0.         0.00324117 0.06698417 0.17232219 0.30656063 0.3300591
 0.         0.10803899]","[ 0.         -0.24461326 11.97500038  0.43910742 -3.10664988  2.57746744
 -0.56481904  1.71917331]"
1747093063.8057234,"[ 0.          0.1256609   0.56335731 -2.8987611  -2.00760721  0.76843935
  0.96006844  1.73043885]","[0.         0.00081029 0.06263314 0.16885894 0.30683075 0.33384049
 0.         0.11101007]","[ 0.         -0.30053988 12.18889046  0.39325917 -3.10130453  2.53023863
 -0.58663535  1.74737024]"
1747093063.8075435,"[ 0.          0.12565952  0.56347941 -2.8984314  -2.00700374  0.76909855
  0.96006844  1.73067374]","[ 0.         -0.00065019  0.06185232  0.16665013  0.30497928  0.33384049
  0.          0.11560172]","[ 0.         -0.35795388 12.39706039  0.36758935 -3.11279917  2.52241373
 -0.57826424  1.74532366]"
1747093063.8093045,"[ 0.          0.12565998  0.56366264 -2.8979222  -2.00607935  0.77010603
  0.96006844  1.73104006]","[0.00000000e+00 1.75496610e-04 5.83410544e-02 1.68602998e-01
 3.05750334e-01 3.32760081e-01 0.00000000e+00 1.24381158e-01]","[ 0.         -0.35414183 12.7795763   0.26766539 -3.08672762  2.53686213
 -0.58805394  1.74394035]"
1747093063.8116953,"[ 0.          0.12566044  0.56371823 -2.89773152 -2.00577922  0.77043799
  0.96006844  1.73117042]","[0.00000000e+00 1.98693940e-04 5.63931768e-02 1.67559172e-01
 3.04399845e-01 3.36541470e-01 0.00000000e+00 1.32213664e-01]","[ 0.         -0.36790851 12.87906551  0.28446704 -3.06973553  2.54276085
 -0.58839053  1.75842273]"
1747093063.8136206,"[ 0.          0.12565998  0.56382982 -2.8973941  -2.00515151  0.7711372
  0.96006844  1.73144912]","[0.00000000e+00 1.57211386e-04 5.41659876e-02 1.64253340e-01
 3.07059511e-01 3.42483615e-01 0.00000000e+00 1.44625560e-01]","[ 0.         -0.38779449 13.19535065  0.22865036 -3.06597662  2.5659852
 -0.60243523  1.76771808]"
1747093063.8153672,"[ 0.          0.12565998  0.56393728 -2.89707212 -2.00454671  0.7718231
  0.96006751  1.7317687 ]","[ 0.00000000e+00  0.00000000e+00  5.45596902e-02  1.63949173e-01
  3.06560634e-01  3.51126704e-01 -1.06059783e-05  1.60491808e-01]","[ 0.         -0.36761084 13.52543259  0.22264613 -3.12877321  2.60315347
 -0.61855441  1.78243566]"
1747093063.8171237,"[ 0.          0.12566044  0.56404886 -2.89673896 -2.00392326  0.77256133
  0.96006751  1.73210839]","[ 0.00000000e+00  7.63192740e-05  5.44167575e-02  1.61494887e-01
  3.04399845e-01  3.63821294e-01 -1.05979587e-05  1.75563352e-01]","[ 0.         -0.35121763 13.94010353  0.17439508 -3.15963984  2.65051579
 -0.64243269  1.77484202]"
1747093063.8189633,"[ 0.          0.12565998  0.56416132 -2.89642391 -2.00332618  0.77329197
  0.96006751  1.73247937]","[ 0.00000000e+00 -6.62395490e-05  5.85517687e-02  1.58656407e-01
  3.02779278e-01  3.70198267e-01 -1.06059783e-05  1.83389833e-01]","[ 0.         -0.32315165 14.32495499  0.2025152  -3.2315464   2.70825815
 -0.65813857  1.73505378]"
1747093063.8207471,"[ 0.          0.12565998  0.56429221 -2.89610246 -2.0027054   0.77405869
  0.96006751  1.73284941]","[ 0.00000000e+00 -5.90043463e-05  6.62028724e-02  1.56981062e-01
  3.03281950e-01  3.73975794e-01 -1.05979587e-05  1.89068225e-01]","[ 0.         -0.29037231 14.74765778  0.19965355 -3.23952365  2.73535442
 -0.67955983  1.77222347]"
1747093063.8231876,"[ 0.          0.12565998  0.56443316 -2.89578981 -2.00211124  0.77480737
  0.96006751  1.73324036]","[ 0.00000000e+00  0.00000000e+00  7.34665111e-02  1.59627612e-01
  3.00888600e-01  3.81917840e-01 -1.05978530e-05  1.91594317e-01]","[ 0.         -0.24973337 14.98979759  0.23168701 -3.22466135  2.73359156
 -0.72786456  1.79591846]"
1747093063.8250601,"[ 0.          0.12565998  0.56459714 -2.89545452 -2.00149818  0.77559127
  0.96006751  1.73362666]","[ 0.00000000e+00  0.00000000e+00  8.29199257e-02  1.65256419e-01
  2.98997889e-01  3.82187918e-01 -1.05979587e-05  1.96701561e-01]","[ 0.         -0.19917129 15.125844    0.22327758 -3.20273972  2.78387117
 -0.75241083  1.78953671]"
1747093063.8269227,"[ 0.          0.12565998  0.56477617 -2.895291   -2.00091042  0.77635041
  0.96006751  1.73406608]","[ 0.00000000e+00  0.00000000e+00  9.34537265e-02  1.65839851e-01
  2.98997889e-01  3.85969307e-01 -1.05979587e-05  2.00682421e-01]","[ 0.         -0.14756815 15.12670708  0.2222026  -3.15694404  2.74729705
 -0.75077236  1.77706158]"
1747093063.8287268,"[ 0.          0.12565998  0.56497871 -2.89495997 -2.00029603  0.77715235
  0.96006751  1.73446569]","[ 0.00000000e+00  0.00000000e+00  1.01561229e-01  1.68540829e-01
  2.99808189e-01  3.94612396e-01 -1.05979587e-05  2.02573099e-01]","[ 0.         -0.14809938 15.10696316  0.25409666 -3.14799619  2.66914701
 -0.72219199  1.80648339]"
1747093063.8311453,"[ 0.          0.12565998  0.56519223 -2.8946087  -1.99970641  0.7779286
  0.96006751  1.73486995]","[ 0.00000000e+00  0.00000000e+00  1.10041275e-01  1.72322185e-01
  2.98457700e-01  3.93403122e-01 -1.05979587e-05  1.95820670e-01]","[ 0.         -0.08112414 15.04451656  0.27218246 -3.10258436  2.60910749
 -0.71646994  1.81837428]"
1747093063.832976,"[ 0.          0.12565998  0.56542092 -2.89425689 -1.99909841  0.77872961
  0.96006751  1.73524959]","[ 0.00000000e+00  0.00000000e+00  1.17762503e-01  1.71274864e-01
  2.96296945e-01  3.90831041e-01 -1.05979587e-05  1.91844737e-01]","[ 0.         -0.0292744  14.88424778  0.28457943 -2.96445608  2.57899404
 -0.74752742  1.8167423 ]"
1747093063.8348048,"[ 0.          0.12565998  0.56567206 -2.89392586 -1.99851757  0.77950492
  0.96006751  1.73563681]","[ 0.00000000e+00  0.00000000e+00  1.23434545e-01  1.66650135e-01
  2.95216533e-01  3.94612396e-01 -1.05979587e-05  1.89068225e-01]","[ 0.         -0.04113525 14.68881989  0.35342377 -2.80702496  2.56810641
 -0.71603054  1.83484101]"
1747093063.8366027,"[ 0.          0.12565998  0.56592879 -2.89359164 -1.99791091  0.78031545
  0.96006751  1.73600872]","[ 0.00000000e+00  0.00000000e+00  1.24882689e-01  1.62497967e-01
  2.96157561e-01  3.95963385e-01 -1.05979587e-05  1.87987848e-01]","[ 0.         -0.03289673 14.41219521  0.39578447 -2.71288586  2.48327494
 -0.69531757  1.87282288]"
1747093063.8390157,"[ 0.          0.12565998  0.566174   -2.89327472 -1.99732554  0.78110022
  0.96006751  1.73639688]","[ 0.00000000e+00  0.00000000e+00  1.23974743e-01  1.60005515e-01
  2.97107211e-01  3.99474164e-01 -1.05979587e-05  1.91229014e-01]","[ 0.00000000e+00 -4.87071555e-03  1.41512280e+01  4.53291476e-01
 -2.61875653e+00  2.48566532e+00 -6.60150886e-01  1.89447808e+00]"
1747093063.841888,"[ 0.          0.12565998  0.56641641 -2.89294875 -1.99671648  0.78193073
  0.96006751  1.73677265]","[ 0.00000000e+00  0.00000000e+00  1.22624254e-01  1.59488745e-01
  2.97160641e-01  4.06226608e-01 -1.05979587e-05  1.89068225e-01]","[ 0.          0.04568323 13.84608555  0.54530698 -2.55331469  2.58251762
 -0.6615566   1.94824672]"
1747093063.8430688,"[ 0.          0.12565998  0.56666575 -2.8926305  -1.99608611  0.78272794
  0.96006751  1.73697145]","[ 0.00000000e+00  0.00000000e+00  1.20881065e-01  1.62058479e-01
  2.97107211e-01  4.02846957e-01 -1.05979587e-05  1.87073268e-01]","[ 0.          0.04891899 13.59326935  0.61417693 -2.55908489  2.6079011
 -0.67839187  1.95138168]"
1747093063.8454158,"[ 0.          0.12565998  0.56689718 -2.89230639 -1.99547491  0.78355273
  0.96006751  1.73733577]","[ 0.00000000e+00  0.00000000e+00  1.16952203e-01  1.64052870e-01
  2.98915997e-01  4.02846957e-01 -1.05979587e-05  1.83126081e-01]","[ 0.          0.05395435 13.34733391  0.66483825 -2.57077694  2.6143744
 -0.67693383  1.9532994 ]"
1747093063.8470938,"[ 0.          0.12565998  0.56712954 -2.89196658 -1.99488662  0.78434708
  0.96006751  1.73770009]","[ 0.00000000e+00  0.00000000e+00  1.12360547e-01  1.66109946e-01
  2.98425143e-01  4.02445253e-01 -1.05980643e-05  1.74534856e-01]","[ 0.          0.0634352  13.1552763   0.69002676 -2.61660504  2.62646389
 -0.68284953  1.94253516]"
1747093063.849367,"[ 0.          0.12565998  0.56735178 -2.89163688 -1.99427729  0.78516807
  0.96006751  1.73803885]","[ 0.00000000e+00  0.00000000e+00  1.13170839e-01  1.68000624e-01
  2.96589260e-01  3.99069430e-01 -1.05979587e-05  1.70701602e-01]","[ 0.          0.08613197 13.02903557  0.68839622 -2.74780226  2.60233569
 -0.6646958   1.96833062]"
1747093063.851059,"[ 0.          0.12565998  0.56757955 -2.89129413 -1.99369326  0.78595383
  0.96006751  1.7383832 ]","[ 0.00000000e+00  0.00000000e+00  1.11591967e-01  1.67190340e-01
  2.95216533e-01  3.97583486e-01 -1.05979587e-05  1.68000624e-01]","[ 0.          0.07367425 12.92317677  0.73351038 -2.90992904  2.61536527
 -0.65764034  1.95195603]"
1747093063.8533514,"[ 0.          0.12565998  0.5677972  -2.8909631  -1.99309085  0.78675578
  0.96006751  1.73871609]","[ 0.00000000e+00  0.00000000e+00  1.09929672e-01  1.68270735e-01
  2.93649862e-01  3.89694170e-01 -1.05979587e-05  1.69621207e-01]","[ 0.          0.07915052 12.84970951  0.75722402 -3.01792932  2.59549022
 -0.67505783  1.97938836]"
1747093063.8550584,"[ 0.          0.12565952  0.56801717 -2.89062061 -1.99251081  0.78751112
  0.96006751  1.73906044]","[ 0.00000000e+00 -1.26506948e-05  1.07228694e-01  1.67764102e-01
  2.93866044e-01  3.80721415e-01 -1.05820616e-05  1.66920246e-01]","[ 0.          0.05517519 12.81637287  0.72382104 -3.06501532  2.68109417
 -0.67011082  2.01097178]"
1747093063.8567927,"[ 0.          0.12565952  0.56822057 -2.89028266 -1.9919108   0.78829309
  0.96006751  1.7393896 ]","[ 0.00000000e+00 -1.23397323e-05  1.00476258e-01  1.72687238e-01
  2.93148323e-01  3.82998218e-01  0.00000000e+00  1.68000624e-01]","[ 0.          0.0219119  12.87291241  0.70310384 -3.1282227   2.69724989
 -0.65576684  2.02814722]"
1747093063.8591025,"[ 0.          0.12565952  0.56842078 -2.88992127 -1.99162105  0.78904649
  0.96006751  1.73973502]","[ 0.00000000e+00 -1.20638767e-05  9.67966262e-02  1.76791769e-01
  2.93866044e-01  3.81917840e-01  0.00000000e+00  1.69081018e-01]","[ 0.         -0.01594293 12.93082333  0.65261173 -3.20646024  2.70361447
 -0.67501634  2.00545454]"
1747093063.8607783,"[ 0.          0.12565906  0.56860447 -2.88957266 -1.99102264  0.7898304
  0.96006751  1.74008123]","[ 0.00000000e+00 -1.76115567e-05  9.23733403e-02  1.75563352e-01
  2.90891427e-01  3.82998218e-01  0.00000000e+00  1.78534425e-01]","[ 0.         -0.08762673 13.09366226  0.6052022  -3.27284646  2.68426013
 -0.67218715  1.9785254 ]"
1747093063.8631163,"[ 0.          0.12565906  0.56878629 -2.88921446 -1.99045086  0.79059426
  0.96006751  1.74046752]","[ 0.00000000e+00 -2.86811673e-05  9.26434348e-02  1.74284086e-01
  2.90354800e-01  3.87467002e-01  0.00000000e+00  1.92849598e-01]","[ 0.         -0.16743188 13.24751854  0.54080284 -3.29905939  2.77757597
 -0.63626641  1.97660661]"
1747093063.864801,"[ 0.          0.12565906  0.56897458 -2.88887331 -1.98985911  0.79137723
  0.96006751  1.74087272]","[ 0.00000000e+00 -2.81292103e-05  9.12929458e-02  1.72052091e-01
  2.87882188e-01  3.79914211e-01  0.00000000e+00  2.09113456e-01]","[ 0.         -0.17603214 13.4563942   0.48445824 -3.26189137  2.8444171
 -0.65625077  1.9992497 ]"
1747093063.8680954,"[ 0.          0.1256586   0.569161   -2.88854548 -1.98929025  0.79212684
  0.96006751  1.7413208 ]","[ 0.00000000e+00 -2.75119950e-05  9.17812530e-02  1.63949173e-01
  2.88194011e-01  3.81107540e-01  0.00000000e+00  2.22830417e-01]","[ 0.         -0.20619832 13.6132803   0.44072229 -3.26231003  2.84916973
 -0.6574018   2.01066351]"
1747093063.8689554,"[ 0.          0.1256586   0.56935108 -2.88821711 -1.98870516  0.79291074
  0.96006751  1.74177833]","[ 0.00000000e+00 -2.69632585e-05  8.87720308e-02  1.59196047e-01
  2.84872982e-01  3.85969307e-01  0.00000000e+00  2.35525007e-01]","[ 0.         -0.2397484  13.73864651  0.39053982 -3.21783495  2.88235688
 -0.66195488  2.02058506]"
1747093063.8706324,"[ 0.          0.1256586   0.56953384 -2.88790392 -1.98814776  0.79367081
  0.96006751  1.74228166]","[ 0.00000000e+00 -2.70048176e-05  8.95243405e-02  1.59897707e-01
  2.82521944e-01  3.84078596e-01  0.00000000e+00  2.49029880e-01]","[ 0.         -0.17486137 13.83259487  0.36617458 -3.16472197  2.77376652
 -0.65721583  2.01437998]"
1747093063.8729057,"[ 0.          0.1256586   0.56971341 -2.88757715 -1.98757038  0.79445757
  0.96006751  1.7427886 ]","[ 0.00000000e+00 -2.64349338e-05  9.07527485e-02  1.60707990e-01
  2.81612973e-01  3.84768754e-01  0.00000000e+00  2.57672986e-01]","[ 0.         -0.19467254 13.96575069  0.34691048 -3.12066102  2.73284626
 -0.64784724  1.99147546]"
1747093063.8746874,"[ 0.          0.1256586   0.56988698 -2.88725944 -1.98701032  0.79521571
  0.96006751  1.74332336]","[ 0.00000000e+00 -2.59274211e-05  9.70634333e-02  1.60978101e-01
  2.83602355e-01  3.83689475e-01  0.00000000e+00  2.61454359e-01]","[ 0.         -0.2045992  14.07726574  0.32673651 -3.16210461  2.64019871
 -0.67539316  1.98202419]"
1747093063.8764582,"[ 0.          0.12565814  0.57010782 -2.88692814 -1.98643268  0.79598822
  0.96006751  1.7438275 ]","[ 0.00000000e+00 -3.55630062e-05  1.01016455e-01  1.61788384e-01
  2.80860664e-01  3.74355095e-01  0.00000000e+00  2.53634386e-01]","[ 0.         -0.19947134 14.19164562  0.33830467 -3.15718532  2.58266902
 -0.6975826   1.93207312]"
1747093063.8781784,"[ 0.          0.12565814  0.57020982 -2.88676702 -1.98615571  0.79635161
  0.96006751  1.74409288]","[ 0.00000000e+00 -3.55630062e-05  1.03342518e-01  1.63408968e-01
  2.80616751e-01  3.68412950e-01  0.00000000e+00  2.49765378e-01]","[ 0.         -0.19947134 14.23680019  0.33816087 -3.17338347  2.64210367
 -0.6987139   1.92125022]"
1747093063.8798935,"[ 0.          0.12565814  0.57042334 -2.88643146 -1.98560843  0.79707553
  0.96006751  1.74457145]","[ 0.00000000e+00 -3.49555172e-05  1.03717433e-01  1.64253340e-01
  2.76039626e-01  3.67602650e-01  0.00000000e+00  2.41197040e-01]","[ 0.         -0.18985824 14.2506094   0.34251112 -3.20181465  2.71199274
 -0.67115736  1.95504582]"
1747093063.8823502,"[ 0.          0.12565769  0.57062854 -2.88611188 -1.98504171  0.7978328
  0.96006751  1.74503843]","[ 0.00000000e+00 -4.48796934e-05  1.04151994e-01  1.61518290e-01
  2.77660210e-01  3.69493361e-01  0.00000000e+00  2.35525007e-01]","[ 0.         -0.1888165  14.21998978  0.32621363 -3.22901773  2.77689505
 -0.65450186  2.00025558]"
1747093063.8840735,"[ 0.          0.12565769  0.57084252 -2.88578431 -1.98449763  0.79856716
  0.96006751  1.74551421]","[ 0.00000000e+00 -4.40661322e-05  1.04319682e-01  1.60491808e-01
  2.75769515e-01  3.74355095e-01  0.00000000e+00  2.30429531e-01]","[ 0.         -0.23755857 14.1507864   0.33173397 -3.26323557  2.82427931
 -0.66226482  2.05520749]"
1747093063.8858576,"[ 0.          0.12565769  0.57094632 -2.88562639 -1.98422652  0.79896957
  0.96006751  1.74573672]","[ 0.00000000e+00 -4.32214392e-05  1.05338016e-01  1.60167801e-01
  2.74959232e-01  3.78911131e-01  0.00000000e+00  2.25801489e-01]","[ 0.         -0.24605462 14.12816906  0.38025665 -3.26588082  2.74169064
 -0.66231066  2.0706625 ]"
1747093063.887657,"[ 0.          0.12565769  0.57115524 -2.88531427 -1.98366912  0.79972304
  0.96006751  1.74618679]","[ 0.00000000e+00 -4.25236395e-05  1.05608111e-01  1.57736934e-01
  2.71447970e-01  3.84498942e-01  0.00000000e+00  2.17158366e-01]","[ 0.         -0.23971339 14.06277657  0.39612594 -3.29958105  2.79166102
 -0.65904444  2.06448674]"
1747093063.8894873,"[ 0.          0.12565769  0.5713683  -2.88498963 -1.98313835  0.80050787
  0.96006751  1.74660251]","[ 0.00000000e+00 -4.17372479e-05  1.04257622e-01  1.58656407e-01
  2.68206787e-01  3.83424989e-01  0.00000000e+00  2.09595638e-01]","[ 0.         -0.22668786 13.99300766  0.42621514 -3.29964542  2.811656
 -0.63496447  2.07101703]"
1747093063.8906438,"[ 0.          0.12565769  0.57157083 -2.88467537 -1.98258601  0.80125935
  0.96006751  1.74702955]","[ 0.00000000e+00 -4.10327309e-05  1.01556652e-01  1.59357518e-01
  2.70363465e-01  3.80027162e-01  0.00000000e+00  2.09325544e-01]","[ 0.         -0.24766615 13.87595272  0.45368284 -3.21553111  2.75158429
 -0.65636253  2.08666563]"
1747093063.8929305,"[ 0.          0.12565769  0.57167875 -2.8843494  -1.98205524  0.80204325
  0.96006751  1.74744433]","[ 0.00000000e+00 -4.03007192e-05  1.01561229e-01  1.58817312e-01
  2.69017087e-01  3.82421910e-01  0.00000000e+00  2.11216222e-01]","[ 0.         -0.24371852 13.83972454  0.47775683 -3.18647432  2.78061271
 -0.68380553  2.10391045]"
1747093063.894664,"[ 0.          0.12565723  0.57187529 -2.88404101 -1.9815045   0.80279952
  0.96006751  1.74787816]","[ 0.00000000e+00 -4.41030221e-05  9.88556741e-02  1.55148691e-01
  2.68206787e-01  3.82610162e-01  0.00000000e+00  2.11216222e-01]","[ 0.         -0.25700399 13.69740772  0.5136016  -3.21033335  2.84709597
 -0.63311136  2.12097359]"
1747093063.897082,"[ 0.          0.12565723  0.57207317 -2.88372596 -1.98095989  0.80359481
  0.96006751  1.74828816]","[ 0.00000000e+00 -4.33407808e-05  9.62950864e-02  1.53145262e-01
  2.65062259e-01  3.90446480e-01  0.00000000e+00  2.07224692e-01]","[ 0.         -0.23768173 13.54314041  0.54938293 -3.25283933  2.80943418
 -0.63153017  2.16040039]"
1747093063.8988702,"[ 0.          0.12565723  0.57226285 -2.88342555 -1.98043924  0.80437678
  0.96006751  1.7487124 ]","[ 0.00000000e+00 -4.33400778e-05  9.56145072e-02  1.51794789e-01
  2.64155337e-01  3.97583486e-01 -1.05820616e-05  2.07434866e-01]","[ 0.         -0.22094476 13.48248577  0.5505482  -3.21184587  2.71944642
 -0.65601426  2.21044445]"
1747093063.900645,"[ 0.          0.12565723  0.57235653 -2.88326629 -1.98017985  0.80476587
  0.96006751  1.74891893]","[ 0.00000000e+00 -4.26556231e-05  9.50743100e-02  1.49959538e-01
  2.63074942e-01  3.94212589e-01 -1.05819570e-05  2.09595638e-01]","[ 0.         -0.22134374 13.45317268  0.54091048 -3.21001482  2.68371058
 -0.66687518  2.22992182]"
1747093063.9024587,"[ 0.          0.12565723  0.57255347 -2.88297281 -1.97963922  0.80558399
  0.96006751  1.74936887]","[ 0.00000000e+00 -4.26563018e-05  9.64247990e-02  1.48403104e-01
  2.64155337e-01  4.02232599e-01 -1.05819570e-05  2.23183935e-01]","[ 0.         -0.20404941 13.43836117  0.54950023 -3.1388669   2.66346455
 -0.67510146  2.2044754 ]"
1747093063.9036,"[ 0.          0.12565676  0.57274082 -2.88266975 -1.97911272  0.80639166
  0.96006751  1.74983306]","[ 0.00000000e+00 -5.03909366e-05  9.39939238e-02  1.48553606e-01
  2.67397602e-01  4.13789320e-01 -1.05820616e-05  2.39306363e-01]","[ 0.         -0.21245165 13.35917091  0.5530172  -3.08026433  2.67955208
 -0.6660803   2.14824319]"
1747093063.906076,"[ 0.          0.12565676  0.5729337  -2.88236748 -1.97856198  0.80724787
  0.96006751  1.75034398]","[ 0.00000000e+00 -4.95610150e-05  9.39939238e-02  1.54765862e-01
  2.69826854e-01  4.21194972e-01 -1.05820616e-05  2.52774601e-01]","[ 0.         -0.20433313 13.26918793  0.59366429 -3.10544991  2.66127419
 -0.65250158  2.15641403]"
1747093063.9078617,"[ 0.          0.12565676  0.57311693 -2.88204097 -1.97802668  0.80809735
  0.96006751  1.7508605 ]","[ 0.00000000e+00 -4.88145855e-05  9.25495667e-02  1.60437895e-01
  2.71988159e-01  4.34316733e-01 -1.05819570e-05  2.66046281e-01]","[ 0.         -0.17747784 13.18977737  0.59047556 -3.19899702  2.6886642
 -0.62583232  2.18573761]"
1747093063.9097135,"[ 0.          0.12565676  0.57320921 -2.88187959 -1.97775717  0.8085692
  0.96006751  1.75113068]","[ 0.00000000e+00 -4.80346510e-05  9.34537265e-02  1.63679062e-01
  2.73338648e-01  4.44361710e-01 -1.05819570e-05  2.74156888e-01]","[ 0.         -0.17187522 13.1466589   0.58249938 -3.21749568  2.7693007
 -0.62764311  2.21389604]"
1747093063.9115415,"[ 0.          0.1256563   0.57340348 -2.88155495 -1.97719178  0.80945676
  0.96006751  1.75171471]","[ 0.00000000e+00 -5.52842553e-05  9.39939238e-02  1.66109946e-01
  2.77660210e-01  4.51602979e-01 -1.05819570e-05  2.88464088e-01]","[ 0.         -0.19584168 13.0725174   0.51646459 -3.26041698  2.79074574
 -0.64025378  2.25990963]"
1747093063.9133186,"[ 0.          0.1256563   0.57358804 -2.88121007 -1.97664317  0.81039666
  0.96006751  1.7523046 ]","[ 0.00000000e+00 -5.44876395e-05  9.31836320e-02  1.69719178e-01
  2.78470493e-01  4.61413964e-01 -1.05740785e-05  3.03049356e-01]","[ 0.         -0.22560276 13.05435276  0.44837523 -3.30004215  2.78945017
 -0.64771903  2.22873092]"
1747093063.9145207,"[ 0.          0.12565585  0.57377586 -2.88086199 -1.97606926  0.8113299
  0.96006751  1.7529391 ]","[ 0.00000000e+00 -6.13207714e-05  9.12929458e-02  1.68858944e-01
  2.80631266e-01  4.76451936e-01 -1.05819570e-05  3.11376695e-01]","[ 0.         -0.27236134 12.99179077  0.35818693 -3.41610885  2.71717334
 -0.63491666  2.2427516 ]"
1747093063.9168687,"[ 0.          0.12565585  0.57386354 -2.88069661 -1.97579309  0.81180554
  0.96006751  1.75324736]","[ 0.00000000e+00 -6.04628350e-05  8.88620706e-02  1.67730529e-01
  2.80091077e-01  4.82394081e-01  0.00000000e+00  3.12772890e-01]","[ 0.         -0.30345067 12.96181965  0.31623179 -3.49240017  2.67777324
 -0.63365358  2.25663543]"
1747093063.9180303,"[ 0.          0.12565539  0.57404537 -2.88037277 -1.97524394  0.81281015
  0.96006751  1.75389038]","[ 0.00000000e+00 -6.41716493e-05  8.88620706e-02  1.63949173e-01
  2.78212466e-01  4.93048057e-01  0.00000000e+00  3.14463665e-01]","[ 0.         -0.33872992 12.9297924   0.31137338 -3.53899789  2.59710598
 -0.66824299  2.2722857 ]"
1747093063.919952,"[ 0.          0.12565539  0.57421621 -2.88004174 -1.97467083  0.81378999
  0.96006658  1.75450398]","[ 0.00000000e+00 -6.33544713e-05  8.60737992e-02  1.61788384e-01
  2.80361188e-01  4.96475811e-01 -1.05819570e-05  3.09531723e-01]","[ 0.         -0.36905488 12.91869545  0.25261819 -3.54249382  2.50461698
 -0.68742287  2.35584974]"
1747093063.9211545,"[ 0.          0.12565539  0.57430024 -2.87988142 -1.9743944   0.81427988
  0.96006658  1.75480172]","[ 0.00000000e+00 -6.24922193e-05  8.53508009e-02  1.62598684e-01
  2.80077128e-01  4.96979349e-01 -1.05819570e-05  3.01663014e-01]","[ 0.         -0.37988275 12.96462059  0.24182351 -3.51128507  2.5877471
 -0.69362897  2.41436362]"
1747093063.9228778,"[ 0.          0.12565493  0.57447154 -2.87956237 -1.97381596  0.81530733
  0.96006751  1.7553992 ]","[ 0.00000000e+00 -6.97710495e-05  8.29199257e-02  1.61518290e-01
  2.82851243e-01  5.01841116e-01  0.00000000e+00  2.87383711e-01]","[ 0.         -0.38144854 12.95324135  0.23187129 -3.53395915  2.65983415
 -0.65045214  2.43250299]"
1747093063.9246306,"[ 0.          0.12565493  0.57462488 -2.87923187 -1.97325749  0.81634802
  0.96006751  1.75594714]","[ 0.00000000e+00 -6.89054896e-05  7.67076863e-02  1.61518290e-01
  2.82792055e-01  5.08330540e-01  0.00000000e+00  2.73878837e-01]","[ 0.         -0.38504893 12.93545437  0.23769124 -3.58509588  2.65277219
 -0.6372084   2.48217869]"
1747093063.9264932,"[ 0.          0.12565493  0.5747039  -2.87907341 -1.97298026  0.81685316
  0.96006751  1.75621546]","[ 0.00000000e+00 -6.79231889e-05  7.44081716e-02  1.60707990e-01
  2.81171488e-01  5.12374916e-01  0.00000000e+00  2.72258254e-01]","[ 0.         -0.3898353  12.89842987  0.23418316 -3.58058619  2.6388309
 -0.65040946  2.45109272]"
1747093063.9276857,"[ 0.          0.12565447  0.57484299 -2.87874078 -1.97240528  0.81794525
  0.96006751  1.75675954]","[ 0.00000000e+00 -7.40933222e-05  6.88748552e-02  1.62094565e-01
  2.80901377e-01  5.14144554e-01  0.00000000e+00  2.63887689e-01]","[ 0.         -0.37601328 12.92733765  0.21002485 -3.56748962  2.77991986
 -0.6586619   2.4865346 ]"
1747093063.9295557,"[ 0.          0.12565447  0.57490777 -2.87858099 -1.97212884  0.8184904
  0.96006751  1.7570164 ]","[ 0.00000000e+00 -7.40923469e-05  6.56336883e-02  1.62058479e-01
  2.80077128e-01  5.13323035e-01  0.00000000e+00  2.60373964e-01]","[ 0.         -0.37994009 12.99159718  0.20751163 -3.55680227  2.88930392
 -0.66275138  2.51823401]"
1747093063.9307017,"[ 0.          0.12565401  0.57503587 -2.87826514 -1.9715544   0.81949974
  0.96006751  1.75754917]","[ 0.00000000e+00 -7.65436125e-05  6.18523200e-02  1.59897707e-01
  2.81111434e-01  5.12374916e-01  0.00000000e+00  2.60799204e-01]","[ 0.         -0.40523776 13.1269455   0.16322751 -3.55760455  2.88358426
 -0.63564259  2.49573421]"
1747093063.932469,"[ 0.          0.12565355  0.57516217 -2.87794423 -1.971001    0.82055469
  0.96006751  1.75807514]","[ 0.00000000e+00 -7.55701624e-05  6.19398090e-02  1.55576145e-01
  2.80091077e-01  5.13591748e-01  0.00000000e+00  2.69017087e-01]","[ 0.         -0.4153024  13.23787594  0.16029361 -3.57207704  2.92911291
 -0.64758795  2.46560359]"
1747093063.934781,"[ 0.          0.12565355  0.57528061 -2.87763424 -1.97042948  0.82156789
  0.96006751  1.75862415]","[ 0.00000000e+00 -7.46211512e-05  5.96915434e-02  1.56926634e-01
  2.78188348e-01  5.14265594e-01  0.00000000e+00  2.81711677e-01]","[ 0.         -0.42923662 13.33176517  0.14663012 -3.53791904  2.87403536
 -0.66631782  2.39984989]"
1747093063.93658,"[ 0.          0.12565355  0.57533987 -2.87746673 -1.97015571  0.82207682
  0.96006751  1.75892562]","[ 0.00000000e+00 -7.46211512e-05  5.99616379e-02  1.57733356e-01
  2.77660210e-01  5.16156272e-01  0.00000000e+00  2.83869903e-01]","[ 0.         -0.41784829 13.34828186  0.13880078 -3.50012994  2.87310171
 -0.64583397  2.38182378]"
1747093063.9384274,"[ 0.          0.12565263  0.5754661  -2.87715221 -1.96960683  0.82311944
  0.96006751  1.75949461]","[ 0.00000000e+00 -8.59457463e-05  6.21320725e-02  1.60005515e-01
  2.79010699e-01  5.06189459e-01  0.00000000e+00  2.90624878e-01]","[ 0.         -0.47240305 13.39712238  0.11452638 -3.40312505  2.82859874
 -0.61677772  2.33038855]"
1747093063.939626,"[ 0.          0.12565218  0.57558967 -2.87681745 -1.96903106  0.82410881
  0.96006751  1.76010154]","[ 0.00000000e+00 -9.14390118e-05  6.20594764e-02  1.64253340e-01
  2.80901377e-01  4.98870027e-01  0.00000000e+00  2.98187623e-01]","[ 0.         -0.48773226 13.45473385  0.12697087 -3.26928163  2.85337806
 -0.61764991  2.32764316]"
1747093063.9414804,"[ 0.          0.12565218  0.57565392 -2.8766526  -1.96875382  0.82410881
  0.96006751  1.76039835]","[ 0.00000000e+00 -9.03466509e-05  6.04351978e-02  1.67190340e-01
  2.80886596e-01  4.98870027e-01  0.00000000e+00  3.00888600e-01]","[ 0.         -0.50392914 13.45071316  0.09410401 -3.23984694  2.85337806
 -0.62962157  2.33429694]"
1747093063.9433396,"[ 0.          0.12565171  0.57577376 -2.87632423 -1.96817938  0.82512953
  0.96006751  1.76102899]","[ 0.00000000e+00 -9.23834880e-05  6.05018351e-02  1.66109946e-01
  2.80361188e-01  4.96979349e-01  0.00000000e+00  3.09949806e-01]","[ 0.         -0.56020081 13.46997547  0.06515031 -3.13251424  2.82907271
 -0.6255601   2.31846023]"
1747093063.9451766,"[ 0.          0.12565079  0.5758996  -2.87598841 -1.96763103  0.82610651
  0.96006751  1.76164258]","[ 0.00000000e+00 -1.03994035e-04  6.14382733e-02  1.63138873e-01
  2.77120004e-01  4.94317220e-01  0.00000000e+00  3.10612101e-01]","[ 0.         -0.62125766 13.49024487  0.05697623 -3.04173613  2.82783079
 -0.60063183  2.24421668]"
1747093063.947038,"[ 0.          0.12565034  0.57601897 -2.87567256 -1.96706085  0.82711299
  0.96006751  1.76227242]","[ 0.00000000e+00 -1.02886143e-04  5.99616379e-02  1.58277123e-01
  2.79093273e-01  4.87571632e-01  0.00000000e+00  3.07731893e-01]","[ 0.00000000e+00 -6.51036501e-01  1.35697823e+01 -7.04441313e-03
 -2.96266389e+00  2.81193519e+00 -6.02615178e-01  2.21584892e+00]"
1747093063.9488318,"[ 0.          0.12565034  0.5760773  -2.87550638 -1.96678468  0.82759056
  0.96006751  1.76257868]","[ 0.00000000e+00 -1.01710899e-04  5.91513461e-02  1.56479523e-01
  2.80091077e-01  4.84284759e-01  0.00000000e+00  3.10297382e-01]","[ 0.00000000e+00 -6.67289972e-01  1.35982208e+01 -9.21199471e-03
 -2.93317842e+00  2.74782276e+00 -6.01179719e-01  2.25256014e+00]"
1747093063.9500108,"[ 0.          0.12564988  0.57619807 -2.87521023 -1.96623234  0.82856754
  0.96006751  1.763198  ]","[ 0.00000000e+00 -1.03610710e-04  5.91513461e-02  1.48942743e-01
  2.80361188e-01  4.73750958e-01  0.00000000e+00  3.15473868e-01]","[ 0.         -0.70084006 13.64760303 -0.03120488 -2.84799075  2.83761907
 -0.59881508  2.26896596]"
1747093063.9517488,"[ 0.          0.12564896  0.57631565 -2.87492554 -1.96565843  0.82950937
  0.96006751  1.76384102]","[ 0.00000000e+00 -1.14508271e-04  5.90914167e-02  1.42881572e-01
  2.80108354e-01  4.76239016e-01  0.00000000e+00  3.12502779e-01]","[ 0.         -0.73522854 13.65763092 -0.0251725  -2.83591843  2.7988646
 -0.59713489  2.314785  ]"
1747093063.953547,"[ 0.          0.12564896  0.57637211 -2.87477401 -1.96538332  0.83001643
  0.96006751  1.76414449]","[ 0.00000000e+00 -1.13244846e-04  5.72606640e-02  1.42553021e-01
  2.78728004e-01  4.77463138e-01  0.00000000e+00  3.07599134e-01]","[ 0.00000000e+00 -7.54857898e-01  1.36715040e+01  1.06271990e-02
 -2.88503933e+00  2.91785026e+00 -6.02034926e-01  2.34394574e+00]"
1747093063.9546046,"[ 0.          0.1256485   0.57648876 -2.87449065 -1.96483232  0.83096105
  0.96006751  1.76476567]","[ 0.00000000e+00 -1.17803803e-04  5.67204709e-02  1.44502155e-01
  2.79550888e-01  4.81313703e-01  0.00000000e+00  3.02677546e-01]","[ 0.         -0.75059998 13.65882492  0.03694761 -2.88770652  2.832932
 -0.57929873  2.31325388]"
1747093063.956435,"[ 0.          0.1256485   0.57660307 -2.87419024 -1.9642592   0.8319371
  0.96006751  1.76536128]","[ 0.00000000e+00 -1.16534421e-04  5.83410544e-02  1.47201086e-01
  2.79820999e-01  4.75707782e-01  0.00000000e+00  3.01968978e-01]","[ 0.         -0.74632514 13.63945389  0.07876579 -2.9560051   2.7212925
 -0.58562225  2.32589245]"
1747093063.9591444,"[ 0.          0.1256485   0.57666599 -2.87404483 -1.96398223  0.83240229
  0.96006751  1.76565809]","[ 0.00000000e+00 -1.16533145e-04  5.91256841e-02  1.47323808e-01
  2.80901377e-01  4.71860280e-01  0.00000000e+00  3.00888600e-01]","[ 0.         -0.76373523 13.6392231   0.079409   -2.92911458  2.67472458
 -0.60753226  2.31359649]"
1747093063.963523,"[ 0.          0.12564712  0.57694562 -2.87330421 -1.96255691  0.83478815
  0.96006751  1.76715346]","[ 0.00000000e+00 -1.21248877e-04  5.45596902e-02  1.50444300e-01
  2.79356078e-01  4.82394081e-01  0.00000000e+00  3.04669956e-01]","[ 0.         -0.83882862 13.64055538  0.03305056 -3.13881302  2.78365088
 -0.61431259  2.31004596]"
1747093063.967948,"[ 0.          0.1256462   0.57714263 -2.87271405 -1.96146501  0.83676022
  0.96006751  1.76845494]","[ 0.00000000e+00 -1.29815986e-04  4.32155977e-02  1.43961950e-01
  2.76579815e-01  4.91037204e-01  0.00000000e+00  3.34920870e-01]","[ 0.00000000e+00 -8.65472078e-01  1.35996609e+01  1.13456021e-03
 -3.39777493e+00  2.81510448e+00 -6.19657815e-01  2.25873232e+00]"
1747093063.9722612,"[ 0.          0.12564529  0.57732585 -2.87198727 -1.96006259  0.8392355
  0.96006751  1.77021676]","[ 0.00000000e+00 -1.35231148e-04  3.45724769e-02  1.46662928e-01
  2.75335287e-01  4.96979349e-01  0.00000000e+00  3.53739032e-01]","[ 0.         -0.90733373 13.81978893 -0.07613369 -3.45098877  2.85860658
 -0.60822463  2.26111197]"
1747093063.9759483,"[ 0.          0.12564483  0.57742412 -2.87153747 -1.95925645  0.84076235
  0.96006751  1.77129454]","[ 0.00000000e+00 -1.39244655e-04  3.12995622e-02  1.47743322e-01
  2.72258254e-01  5.04542094e-01  0.00000000e+00  3.56592743e-01]","[ 0.         -0.89527631 13.85148525 -0.13955083 -3.57361388  2.61327386
 -0.6491093   2.17767739]"
1747093063.9789505,"[ 0.          0.12564437  0.5775421  -2.87095716 -1.95816909  0.84277817
  0.96006751  1.77273864]","[ 0.00000000e+00 -1.37879086e-04  2.85876049e-02  1.42611461e-01
  2.69557276e-01  5.02651416e-01  0.00000000e+00  3.58348132e-01]","[ 0.         -0.90334833 13.88050842 -0.217177   -3.61730671  2.54305911
 -0.61969191  2.28918958]"
1747093063.983228,"[ 0.          0.12564437  0.57767666 -2.87041175 -1.95708305  0.84481302
  0.96006751  1.77414852]","[ 0.00000000e+00 -1.32574732e-04  3.72356859e-02  1.29916888e-01
  2.62805347e-01  5.09967019e-01  0.00000000e+00  3.45809703e-01]","[ 0.         -0.82879055 13.85164928 -0.20189053 -3.50772715  2.67222166
 -0.60869384  2.31717014]"
1747093063.9875069,"[ 0.          0.12564437  0.57785116 -2.86989323 -1.95602418  0.84684595
  0.96006751  1.77547837]","[ 0.00000000e+00 -1.32574732e-04  4.46367853e-02  1.22627100e-01
  2.65062259e-01  5.03461682e-01  0.00000000e+00  3.20482076e-01]","[ 0.         -0.71877658 13.54551601 -0.11899718 -3.23661709  2.71824121
 -0.56645536  2.25989938]"
1747093063.9906223,"[ 0.          0.12564437  0.57798066 -2.86952998 -1.95523801  0.84836614
  0.96006751  1.77640874]","[ 0.00000000e+00 -1.32573407e-04  4.37557908e-02  1.19383087e-01
  2.65505826e-01  4.97557654e-01  0.00000000e+00  3.13265442e-01]","[ 0.         -0.65457255 13.26288223 -0.06026268 -3.13153672  2.75279427
 -0.53248185  2.20925379]"
1747093063.9944036,"[ 0.          0.12564437  0.57816482 -2.86904049 -1.95417727  0.85029447
  0.96006751  1.77771582]","[ 0.00000000e+00 -1.27271744e-04  4.51062798e-02  1.23434545e-01
  2.63074942e-01  4.80503403e-01  0.00000000e+00  3.14290459e-01]","[ 0.         -0.5614717  13.00325966  0.05621938 -3.01069188  2.67565179
 -0.53062093  2.11083055]"
1747093063.9991117,"[ 0.          0.12564437  0.57828692 -2.86865246 -1.9533714   0.8517385
  0.96006751  1.77868708]","[ 0.00000000e+00 -1.27270476e-04  3.78136459e-02  1.27896489e-01
  2.66316109e-01  4.73270957e-01  0.00000000e+00  3.25197369e-01]","[ 0.         -0.5130989  12.81208038  0.04712442 -3.01458812  2.72016382
 -0.52547282  2.13064194]"
1747093064.0001442,"[ 0.          0.12564437  0.57839438 -2.86826684 -1.95256553  0.85316456
  0.96006751  1.77969548]","[ 0.00000000e+00 -1.27175500e-04  3.51075830e-02  1.30457085e-01
  2.65563799e-01  4.68889224e-01  0.00000000e+00  3.31343645e-01]","[ 0.         -0.52230448 12.65706635  0.09341048 -3.12472415  2.81928825
 -0.52792746  2.18624973]"
1747093064.002607,"[ 0.          0.12564437  0.57849585 -2.86799599 -1.95178895  0.85456485
  0.96006751  1.78068778]","[ 0.00000000e+00 -1.27271744e-04  3.29518914e-02  1.32077668e-01
  2.60914170e-01  4.55384334e-01  0.00000000e+00  3.25999014e-01]","[ 0.         -0.56511021 12.62386131  0.1174247  -3.23014522  2.92424488
 -0.52980161  2.18315339]"
1747093064.0049772,"[ 0.          0.1256439   0.57855923 -2.86773554 -1.95124939  0.85545814
  0.96006751  1.78132707]","[ 0.00000000e+00 -1.27271744e-04  2.98414461e-02  1.31674025e-01
  2.64155337e-01  4.51602979e-01  0.00000000e+00  3.23788590e-01]","[ 0.         -0.57581526 12.65590572  0.09128583 -3.24589252  2.91422915
 -0.51786345  2.27684188]"
1747093064.0073435,"[ 0.          0.1256439   0.57861203 -2.86747135 -1.95073114  0.85638372
  0.96006751  1.78197395]","[ 0.00000000e+00 -1.27271744e-04  2.56592596e-02  1.28296304e-01
  2.62534753e-01  4.49442190e-01  0.00000000e+00  3.14463665e-01]","[ 0.         -0.59578782 12.67674732  0.04847619 -3.29276586  2.93484473
 -0.53826761  2.33622742]"
1747093064.0091789,"[ 0.          0.12564345  0.5786575  -2.86721489 -1.95019239  0.85726277
  0.96006751  1.78227449]","[ 0.00000000e+00 -1.32576049e-04  2.10676037e-02  1.23879618e-01
  2.62804848e-01  4.45660834e-01  0.00000000e+00  3.04669956e-01]","[ 0.         -0.61356539 12.79926682  0.01848159 -3.35081553  2.88944483
 -0.56901568  2.31171679]"
1747093064.0110452,"[ 0.          0.12564345  0.57869472 -2.86697467 -1.94967893  0.85817124
  0.96006751  1.78286624]","[ 0.00000000e+00 -1.27271744e-04  1.80965312e-02  1.21667263e-01
  2.59023475e-01  4.42959856e-01  0.00000000e+00  2.97885487e-01]","[ 0.00000000e+00 -6.31702304e-01  1.29525166e+01  2.02800543e-03
 -3.46212411e+00  2.77693629e+00 -5.78273654e-01  2.33335400e+00]"
1747093064.012939,"[ 0.          0.12564299  0.57871309 -2.86685563 -1.94940595  0.85860027
  0.96006751  1.78318009]","[ 0.00000000e+00 -1.32574732e-04  1.73030237e-02  1.20611245e-01
  2.57037672e-01  4.35127033e-01  0.00000000e+00  2.95405252e-01]","[ 0.         -0.65631109 13.02743149 -0.02546948 -3.49837518  2.6957705
 -0.5820989   2.3598299 ]"
1747093064.014119,"[ 0.          0.12564299  0.57874658 -2.86660636 -1.94890155  0.85947359
  0.96006751  1.78375853]","[ 0.00000000e+00 -1.32574732e-04  1.67460433e-02  1.22354159e-01
  2.54701914e-01  4.24550988e-01  0.00000000e+00  2.93325855e-01]","[ 0.         -0.65313512 13.24189377 -0.06408139 -3.56494522  2.62834859
 -0.57601577  2.37514663]"
1747093064.015931,"[ 0.          0.12564253  0.57878287 -2.86636747 -1.94840168  0.86030696
  0.96006751  1.78435402]","[ 0.00000000e+00 -1.32573407e-04  1.80553292e-02  1.21273765e-01
  2.52811236e-01  4.23083752e-01  0.00000000e+00  2.91165066e-01]","[ 0.         -0.65602171 13.41213512 -0.07156451 -3.56168413  2.70599365
 -0.60351062  2.39257622]"
1747093064.0178034,"[ 0.          0.12564207  0.57882142 -2.86612566 -1.94788582  0.86117169
  0.96006751  1.78492486]","[ 0.00000000e+00 -1.32574732e-04  1.99872133e-02  1.16952203e-01
  2.51460747e-01  4.22795632e-01  0.00000000e+00  2.88171840e-01]","[ 0.         -0.66800535 13.57769489 -0.09193429 -3.5469048   2.69218016
 -0.60954571  2.4385314 ]"
1747093064.019447,"[ 0.          0.12564162  0.57884212 -2.86601301 -1.94763921  0.86159213
  0.96006751  1.78521408]","[ 0.00000000e+00 -1.37877721e-04  2.10676037e-02  1.14251234e-01
  2.50110258e-01  4.26483910e-01  1.05820616e-05  2.93325855e-01]","[ 0.         -0.668208   13.65676117 -0.09007227 -3.54048252  2.81109476
 -0.59510785  2.43951273]"
1747093064.0211854,"[ 0.          0.12564162  0.57888527 -2.8657885  -1.94714946  0.86243882
  0.96006751  1.78581902]","[ 0.00000000e+00 -1.37773464e-04  2.10447338e-02  1.13170839e-01
  2.48237906e-01  4.31345677e-01  1.05820616e-05  2.98187623e-01]","[ 0.         -0.70643115 13.74308491 -0.09382236 -3.55138612  2.8802166
 -0.58167762  2.40383768]"
1747093064.0229948,"[ 0.          0.12564115  0.57892475 -2.86555627 -1.94664186  0.8633178
  0.96006751  1.78642888]","[ 0.00000000e+00 -1.37876339e-04  1.91769216e-02  1.13981131e-01
  2.47409280e-01  4.29454999e-01  0.00000000e+00  2.98414457e-01]","[ 0.         -0.71008301 13.87309456 -0.09657478 -3.56896687  2.83199096
 -0.58055526  2.39503956]"
1747093064.0284564,"[ 0.          0.12564069  0.57894266 -2.86544495 -1.94636196  0.86374017
  0.96006751  1.78672276]","[ 0.00000000e+00 -1.40529211e-04  1.80965312e-02  1.12786354e-01
  2.45956259e-01  4.28374588e-01  0.00000000e+00  2.98187623e-01]","[ 0.         -0.69721109 13.94874954 -0.11245085 -3.54368687  2.82423162
 -0.58889014  2.43789792]"
1747093064.029629,"[ 0.          0.12563978  0.57901889 -2.86490966 -1.94511321  0.86588255
  0.96006751  1.78824117]","[ 0.00000000e+00 -1.45832208e-04  1.24244839e-02  1.02470874e-01
  2.44499244e-01  4.29454999e-01  0.00000000e+00  3.08991501e-01]","[ 0.         -0.69901836 14.2675848  -0.11961195 -3.40055728  2.87408662
 -0.61462224  2.49354982]"
1747093064.0341125,"[ 0.          0.12563886  0.57905931 -2.864495   -1.94414408  0.86763391
  0.96006751  1.78947874]","[ 0.00000000e+00 -1.45832208e-04  9.01917162e-03  1.03987527e-01
  2.38230029e-01  4.36207411e-01  0.00000000e+00  3.07911123e-01]","[ 0.         -0.67245638 14.40773106 -0.10060562 -3.50980926  2.70205903
 -0.66081452  2.45441055]"
1747093064.0385156,"[ 0.          0.12563839  0.57910751 -2.86393574 -1.94319813  0.86980665
  0.96006751  1.79098942]","[ 0.00000000e+00 -1.40635614e-04  1.07830435e-02  1.13598110e-01
  2.34719284e-01  4.33236355e-01  0.00000000e+00  2.91165066e-01]","[ 0.         -0.63667321 14.59245014 -0.13922571 -3.4479351   2.77943754
 -0.64255798  2.51159883]"
1747093064.0415318,"[ 0.          0.12563794  0.57914606 -2.86359086 -1.94248759  0.87113471
  0.96006751  1.79181806]","[ 0.00000000e+00 -1.40527813e-04  1.32907280e-02  1.18302692e-01
  2.34970054e-01  4.40799067e-01  0.00000000e+00  2.66316109e-01]","[ 0.         -0.66065204 14.56747341 -0.1615105  -3.47875524  2.79255033
 -0.63846064  2.42132378]"
1747093064.0452287,"[ 0.          0.12563748  0.57920578 -2.86310883 -1.94157386  0.87291077
  0.96006751  1.79283978]","[ 0.00000000e+00 -1.32574732e-04  1.59519303e-02  1.21543868e-01
  2.28232373e-01  4.40352455e-01  0.00000000e+00  2.47949485e-01]","[ 0.         -0.70357609 14.41780758 -0.19826059 -3.52356052  2.75032473
 -0.6339485   2.37944078]"
1747093064.0481658,"[ 0.          0.12563656  0.57925631 -2.8627501  -1.94088917  0.87427018
  0.96006751  1.79355697]","[ 0.00000000e+00 -1.37877721e-04  1.62058481e-02  1.15061525e-01
  2.24451000e-01  4.51954882e-01  0.00000000e+00  2.31960832e-01]","[ 0.         -0.76455933 14.33404922 -0.23547322 -3.3927238   2.84263563
 -0.59454411  2.39687657]"
1747093064.0536194,"[ 0.          0.12563564  0.57930405 -2.86232266 -1.93999115  0.87610623
  0.96006751  1.79449693]","[ 0.00000000e+00 -1.32374402e-04  8.37302164e-03  1.01016455e-01
  2.23100511e-01  4.57891001e-01  0.00000000e+00  2.39306363e-01]","[ 0.         -0.81006873 14.13852692 -0.29635343 -3.26819754  2.78756428
 -0.57370639  2.34188724]"
1747093064.056091,"[ 0.          0.12563518  0.57931137 -2.86193863 -1.93910432  0.87792224
  0.96006751  1.7955072 ]","[ 0.00000000e+00 -1.32374402e-04 -6.75243714e-04  9.12929458e-02
  2.18827120e-01  4.50522601e-01  0.00000000e+00  2.57672986e-01]","[ 0.         -0.80264038 14.10119915 -0.19479471 -3.23747969  2.78042459
 -0.57544386  2.3323195 ]"
1747093064.0598478,"[ 0.          0.12563518  0.57930958 -2.86167285 -1.93844785  0.87929024
  0.96006751  1.79631387]","[ 0.00000000e+00 -1.26983484e-04 -6.38265111e-04  8.55120470e-02
  2.14457388e-01  4.51602979e-01  0.00000000e+00  2.71331474e-01]","[ 0.         -0.76353097 14.07337856 -0.13531435 -3.11290097  2.76212978
 -0.56023854  2.33125424]"
1747093064.0634506,"[ 0.          0.12563472  0.57931044 -2.86132531 -1.93758125  0.88109579
  0.96006751  1.79746596]","[ 0.00000000e+00 -1.24431935e-04  8.56321861e-05  8.72674280e-02
  2.15267688e-01  4.44850534e-01  0.00000000e+00  2.93624163e-01]","[ 0.         -0.75850409 13.87103462 -0.05514897 -3.26293135  2.83019352
 -0.55591232  2.30770469]"
1747093064.0666165,"[ 0.          0.12563427  0.57931091 -2.86105899 -1.9369357   0.88242291
  0.96006751  1.79834014]","[ 0.00000000e+00 -1.19138138e-04  2.29667703e-04  9.12004509e-02
  2.11397816e-01  4.37089416e-01  0.00000000e+00  2.97107211e-01]","[ 0.         -0.73353392 13.85771561 -0.03903476 -3.28292894  2.96753788
 -0.55746597  2.23855495]"
1747093064.070386,"[ 0.          0.12563381  0.57931091 -2.86069281 -1.93609894  0.88412481
  0.96006751  1.79955973]","[ 0.00000000e+00 -1.19136960e-04  5.23986453e-05  9.12929458e-02
  2.04463793e-01  4.28374588e-01  0.00000000e+00  3.05750334e-01]","[ 0.00000000e+00 -7.45933115e-01  1.39165316e+01  7.66538503e-03
 -3.16895604e+00  2.99851847e+00 -5.68248630e-01  2.33679128e+00]"
1747093064.074112,"[ 0.          0.12563334  0.57931091 -2.86041744 -1.93547949  0.88541191
  0.96006751  1.80047306]","[ 0.00000000e+00 -1.19135773e-04  0.00000000e+00  9.12004509e-02
  2.04125522e-01  4.18651087e-01  0.00000000e+00  2.96296945e-01]","[ 0.         -0.77076435 13.82903481 -0.03682837 -3.21735978  2.88934994
 -0.56305379  2.3454895 ]"
1747093064.0770104,"[ 0.          0.12563243  0.57931091 -2.86005338 -1.93468373  0.88702912
  0.96006751  1.80161836]","[ 0.00000000e+00 -1.24337991e-04  0.00000000e+00  8.94022679e-02
  2.00142232e-01  3.94612396e-01  0.00000000e+00  2.79820999e-01]","[ 0.         -0.81833869 13.73405552 -0.05596342 -3.15890121  2.94905019
 -0.5399074   2.36936212]"
1747093064.0806994,"[ 0.          0.12563197  0.57931091 -2.85978733 -1.93407893  0.88821156
  0.96006751  1.80241651]","[ 0.00000000e+00 -1.24336756e-04  0.00000000e+00  8.70166581e-02
  1.97981443e-01  3.87859985e-01  0.00000000e+00  2.63887689e-01]","[ 0.         -0.83110768 13.68378448 -0.13779339 -3.15904546  2.82631731
 -0.52174872  2.34247923]"
1747093064.0843842,"[ 0.          0.12563105  0.57931091 -2.85945231 -1.93329383  0.88974128
  0.96006751  1.80348577]","[ 0.00000000e+00 -1.32274460e-04  0.00000000e+00  8.11725508e-02
  1.94740276e-01  3.74355095e-01  0.00000000e+00  2.63306887e-01]","[ 0.         -0.9403547  13.55807972 -0.23616031 -3.19700956  2.8396225
 -0.48981518  2.31659245]"
1747093064.0875032,"[ 0.          0.12563013  0.57931091 -2.85921209 -1.93270154  0.89084103
  0.96006751  1.80427912]","[ 0.00000000e+00 -1.40316860e-04  0.00000000e+00  8.18395312e-02
  1.94812797e-01  3.57068849e-01  0.00000000e+00  2.69823808e-01]","[ 0.         -0.95089865 13.52158451 -0.2747727  -3.16373968  2.93379712
 -0.48954773  2.27552271]"
1747093064.0915787,"[ 0.          0.1256283   0.57931091 -2.85886987 -1.93191671  0.89225084
  0.96006844  1.80540457]","[ 0.00000000e+00 -1.58849285e-04  0.00000000e+00  8.79625630e-02
  1.94200087e-01  3.48882192e-01  1.05820616e-05  2.86573411e-01]","[ 0.         -1.00633311 13.51334    -0.3641375  -3.17720461  3.01874137
 -0.47353265  2.29863167]"
1747093064.095175,"[ 0.          0.12562692  0.57931044 -2.85850848 -1.93115212  0.8937054
  0.96006844  1.80657557]","[ 0.00000000e+00 -1.74734219e-04 -1.64814870e-05  8.94022679e-02
  1.88828657e-01  3.50335113e-01  1.05819570e-05  2.90354800e-01]","[ 0.         -1.11103511 13.49790859 -0.46614367 -3.32183051  2.94031405
 -0.47394636  2.3054924 ]"
1747093064.0968654,"[ 0.          0.12562646  0.57931044 -2.85833085 -1.93078513  0.89439129
  0.96006844  1.80716066]","[ 0.00000000e+00 -1.82900049e-04  0.00000000e+00  8.51810660e-02
  1.85016775e-01  3.47345348e-01  1.05819570e-05  2.85763144e-01]","[ 0.         -1.16846263 13.53450108 -0.5250988  -3.37166071  2.86253691
 -0.45117477  2.27120304]"
1747093064.0993757,"[ 0.          0.12562554  0.57931044 -2.85816866 -1.93042294  0.89509523
  0.96006844  1.80772286]","[ 0.00000000e+00 -2.02870555e-04  0.00000000e+00  8.14867955e-02
  1.83750009e-01  3.43215884e-01  1.05819570e-05  2.85203780e-01]","[ 0.         -1.19728768 13.58060074 -0.56711048 -3.33400798  2.87197208
 -0.43440235  2.22972822]"
1747093064.101083,"[ 0.          0.12562462  0.57931091 -2.85800674 -1.93004131  0.89578779
  0.96006844  1.80832699]","[ 0.00000000e+00 -2.10949682e-04  1.43582118e-05  7.77880725e-02
  1.87717753e-01  3.54097793e-01  1.05819570e-05  2.97107211e-01]","[ 0.         -1.22669363 13.62212849 -0.57040995 -3.27258468  2.92028618
 -0.44420749  2.2949214 ]"
1747093064.1027899,"[ 0.          0.12562325  0.57931091 -2.85785654 -1.92966767  0.89654599
  0.96006844  1.80892913]","[ 0.00000000e+00 -2.25539267e-04  2.09373486e-05  7.52808479e-02
  1.90418714e-01  3.75435506e-01  1.05820616e-05  3.07911123e-01]","[ 0.         -1.27647924 13.60616398 -0.5828464  -3.33175135  2.86881423
 -0.44913888  2.30574274]"
1747093064.1050858,"[ 0.          0.12562232  0.57931091 -2.85770501 -1.92927352  0.89730892
  0.96006844  1.80957415]","[ 0.00000000e+00 -2.29633845e-04  0.00000000e+00  7.27228567e-02
  1.93659898e-01  3.91641341e-01  1.05819570e-05  3.17634624e-01]","[ 0.         -1.26617289 13.59663963 -0.54941529 -3.39414763  2.83280253
 -0.44939548  2.26499844]"
1747093064.106928,"[ 0.          0.12562095  0.57931091 -2.85757185 -1.92886819  0.89815274
  0.96006844  1.81022862]","[ 0.00000000e+00 -2.42359265e-04  0.00000000e+00  6.50934910e-02
  1.99611697e-01  4.18651087e-01  1.05819570e-05  3.35731170e-01]","[ 0.         -1.29580581 13.6708498  -0.51238525 -3.46625161  2.76443863
 -0.46763426  2.29932117]"
1747093064.1087208,"[ 0.          0.12562095  0.57931091 -2.85751033 -1.92867058  0.89857798
  0.96006844  1.81059494]","[ 0.00000000e+00 -2.42613504e-04  0.00000000e+00  6.23925172e-02
  2.00412326e-01  4.31345677e-01  1.05739739e-05  3.45057393e-01]","[ 0.         -1.31013    13.70981693 -0.48323473 -3.54563117  2.7923522
 -0.4619956   2.28142428]"
1747093064.1098192,"[ 0.          0.12562003  0.57931137 -2.85739235 -1.9282743   0.89948266
  0.96006844  1.81128936]","[ 0.00000000e+00 -2.56780728e-04  1.23177591e-05  5.61233528e-02
  2.00682421e-01  4.45697419e-01  1.05820616e-05  3.53287493e-01]","[ 0.         -1.24287701 13.85886765 -0.43064111 -3.53093863  2.85327911
 -0.46130031  2.30127931]"
1747093064.111512,"[ 0.          0.12561911  0.57931184 -2.85729355 -1.92785832  0.89992694
  0.96006844  1.81200189]","[ 0.00000000e+00 -2.76715669e-04  1.20638767e-05  4.75371550e-02
  2.03716976e-01  4.50979965e-01  1.05739739e-05  3.64631594e-01]","[ 0.         -1.18779802 14.02995586 -0.34859225 -3.47441244  2.7900641
 -0.50946981  2.33159399]"
1747093064.1132815,"[ 0.          0.12561911  0.57931184 -2.85724774 -1.92765539  0.90038261
  0.96006844  1.81239471]","[ 0.00000000e+00 -2.68751673e-04  1.20638767e-05  4.31321742e-02
  2.05814282e-01  4.61668529e-01  1.05739739e-05  3.69535506e-01]","[ 0.         -1.17274141 14.08341122 -0.30678409 -3.48342109  2.81536007
 -0.53135574  2.32707977]"
1747093064.114943,"[ 0.          0.1256182   0.57931184 -2.85717104 -1.92724845  0.90134627
  0.96006844  1.81314345]","[ 0.00000000e+00 -2.82214192e-04  2.35610210e-05  3.75435473e-02
  2.05814282e-01  4.72949313e-01  1.05979587e-05  3.81107540e-01]","[ 0.         -1.12488663 14.16199493 -0.18683104 -3.57142854  2.83921456
 -0.53875613  2.27166605]"
1747093064.116682,"[ 0.          0.12561727  0.57931184 -2.85709834 -1.92682288  0.90229855
  0.96006844  1.81393401]","[ 0.00000000e+00 -2.96235970e-04  2.30576716e-05  3.64631611e-02
  2.08515244e-01  4.85682852e-01  1.05979587e-05  3.88325472e-01]","[ 0.         -1.05194545 14.19406319 -0.06972098 -3.73976469  2.77765656
 -0.574588    2.25107265]"
1747093064.1185222,"[ 0.          0.12561727  0.57931231 -2.85705972 -1.92661675  0.90278465
  0.96006844  1.8143211 ]","[ 0.00000000e+00 -3.06662869e-04  2.88220889e-05  3.63614283e-02
  2.09055449e-01  4.93428323e-01  1.05979587e-05  3.93120427e-01]","[ 0.         -1.00147235 14.20886898 -0.0216773  -3.79241562  2.66426158
 -0.58690834  2.25764012]"
1747093064.1197352,"[ 0.          0.12561681  0.57931277 -2.85698808 -1.92618825  0.90380637
  0.96006751  1.81511166]","[ 0.00000000e+00 -3.23087994e-04  3.95085897e-05  3.64262139e-02
  2.09194683e-01  4.99680327e-01  0.00000000e+00  4.04065819e-01]","[ 0.         -0.91375655 14.32596016  0.07228857 -3.88648462  2.48789144
 -0.63867182  2.30488586]"
1747093064.1221406,"[ 0.          0.12561636  0.57931324 -2.85691511 -1.92577812  0.9047976
  0.96006751  1.81594976]","[ 0.00000000e+00 -3.35058012e-04  4.96776015e-05  3.55756210e-02
  2.07704960e-01  5.04542094e-01  0.00000000e+00  4.11088342e-01]","[ 0.         -0.74174237 14.46997929  0.13710392 -3.90198398  2.45991302
 -0.65260416  2.25847673]"
1747093064.1238863,"[ 0.          0.12561636  0.57931417 -2.85684348 -1.92535202  0.90584215
  0.96006751  1.81678879]","[ 0.00000000e+00 -3.32862627e-04  6.36358718e-05  3.67332556e-02
  2.08034160e-01  5.10484239e-01  0.00000000e+00  4.09871278e-01]","[ 0.         -0.66164899 14.59508991  0.18420175 -3.88457131  2.44805765
 -0.68226796  2.32664919]"
1747093064.1256595,"[ 0.          0.1256159   0.57931504 -2.85676145 -1.92494162  0.90686194
  0.96006751  1.817588  ]","[ 0.00000000e+00 -3.32362829e-04  8.15232637e-05  4.13767973e-02
  2.07704960e-01  5.19127361e-01  0.00000000e+00  4.03525630e-01]","[ 0.         -0.63007241 14.65567112  0.2010415  -3.88329387  2.45932102
 -0.69307971  2.43716955]"
1747093064.1274743,"[ 0.          0.1256159   0.5793155  -2.85671777 -1.92471898  0.90742034
  0.96006751  1.81797989]","[ 0.00000000e+00 -3.26093055e-04  8.50147209e-05  4.42959881e-02
  2.09642426e-01  5.25861464e-01  0.00000000e+00  3.97583486e-01]","[ 0.         -0.57974559 14.66156197  0.24364582 -3.92561531  2.56607747
 -0.68998313  2.43856716]"
1747093064.129305,"[ 0.          0.12561544  0.57931597 -2.85662137 -1.92430113  0.90846204
  0.96006751  1.81877324]","[ 0.00000000e+00 -3.30528850e-04  9.16219660e-05  5.02381288e-02
  2.11756427e-01  5.27235722e-01  0.00000000e+00  3.82998218e-01]","[ 0.         -0.49056077 14.71621799  0.23628421 -4.01856995  2.64357114
 -0.68703067  2.45754361]"
1747093064.1310906,"[ 0.          0.12561544  0.57931737 -2.85651165 -1.92388408  0.90954654
  0.96006751  1.81951906]","[ 0.00000000e+00 -3.15908674e-04  1.13549483e-04  5.39152177e-02
  2.11160295e-01  5.30375289e-01  0.00000000e+00  3.76674042e-01]","[ 0.         -0.43445861 14.74166393  0.20050621 -4.04174042  2.65952754
 -0.67466235  2.47774482]"
1747093064.1329277,"[ 0.          0.12561498  0.57931916 -2.856395   -1.92345345  0.91059583
  0.96006751  1.82027726]","[ 0.00000000e+00 -3.20512835e-04  1.41703707e-04  6.05018351e-02
  2.10405938e-01  5.32632218e-01  0.00000000e+00  3.68412950e-01]","[ 0.         -0.38385051 14.81947994  0.15965964 -4.03012657  2.69006634
 -0.65166366  2.51703262]"
1747093064.134783,"[ 0.          0.12561498  0.57932196 -2.85625944 -1.92304146  0.91164984
  0.96006751  1.82100497]","[ 0.00000000e+00 -3.10053686e-04  1.85463049e-04  6.79582534e-02
  2.08245149e-01  5.35333196e-01  0.00000000e+00  3.69493361e-01]","[ 0.         -0.34023604 14.89052105  0.08760116 -4.05026531  2.68193316
 -0.65531498  2.49358463]"
1747093064.1366045,"[ 0.          0.12561452  0.57932336 -2.856191   -1.92282201  0.91221397
  0.96006751  1.82140178]","[ 0.00000000e+00 -3.10053686e-04  2.04203484e-04  6.94150525e-02
  2.06633204e-01  5.31127599e-01  0.00000000e+00  3.73644996e-01]","[ 0.         -0.33887208 14.92949104  0.02833804 -4.06971645  2.62948585
 -0.64997381  2.40386581]"
1747093064.1378026,"[ 0.          0.12561452  0.57932655 -2.85605039 -1.92241375  0.91325759
  0.96006751  1.82213801]","[ 0.00000000e+00 -3.04838903e-04  2.48350679e-04  7.23861249e-02
  2.06624566e-01  5.26690073e-01  0.00000000e+00  3.72194306e-01]","[ 0.         -0.36776337 14.98815918 -0.05199016 -4.15161037  2.57359719
 -0.64461517  2.33075905]"
1747093064.1401281,"[ 0.          0.1256136   0.57933022 -2.85589752 -1.92200149  0.91434017
  0.96006751  1.8229058 ]","[ 0.00000000e+00 -3.12683265e-04  3.03072023e-04  7.52305391e-02
  2.08515244e-01  5.27616853e-01  0.00000000e+00  3.76152695e-01]","[ 0.         -0.36345825 15.03651524 -0.1138502  -4.22459459  2.61714029
 -0.61903721  2.29241705]"
1747093064.1417894,"[ 0.          0.12561314  0.57933434 -2.85574785 -1.92157486  0.91538473
  0.96006751  1.82365255]","[ 0.00000000e+00 -3.08621359e-04  5.18797597e-04  7.58973946e-02
  2.08245149e-01  5.30203781e-01  0.00000000e+00  3.81107540e-01]","[ 0.         -0.40462941 15.07615662 -0.19382526 -4.18312073  2.74564266
 -0.60796124  2.24910855]"
1747093064.1436305,"[ 0.          0.12561269  0.5793394  -2.85558859 -1.92116659  0.91647962
  0.96006751  1.82444112]","[ 0.00000000e+00 -2.98976958e-04  1.18228670e-03  7.82397613e-02
  2.06624566e-01  5.35137554e-01  0.00000000e+00  3.86183425e-01]","[ 0.         -0.41925305 15.12337589 -0.25623012 -4.13306046  2.82640219
 -0.60659504  2.22528553]"
1747093064.1453264,"[ 0.          0.12561222  0.57934167 -2.85551003 -1.92094795  0.91700479
  0.96006751  1.82481888]","[ 0.00000000e+00 -2.98976958e-04  1.72686088e-03  7.96787588e-02
  2.05880911e-01  5.32632218e-01  0.00000000e+00  3.82998218e-01]","[ 0.         -0.43831491 15.12302303 -0.28680867 -4.10268831  2.89591885
 -0.5955227   2.24999571]"
1747093064.147253,"[ 0.          0.12561131  0.57934719 -2.85535157 -1.92054581  0.91809403
  0.96006751  1.82557988]","[ 0.00000000e+00 -3.07293192e-04  2.35150388e-03  7.96787588e-02
  2.02573099e-01  5.33133758e-01  0.00000000e+00  3.87859985e-01]","[ 0.         -0.48236474 15.05570126 -0.30902395 -4.08671522  2.94473386
 -0.577999    2.21642065]"
1747093064.1491234,"[ 0.          0.12561039  0.57935179 -2.85518619 -1.92013009  0.91914617
  0.96006751  1.82638562]","[ 0.00000000e+00 -3.08626918e-04  2.49140514e-03  8.10292395e-02
  2.03432434e-01  5.33712596e-01  0.00000000e+00  3.94612396e-01]","[ 0.         -0.49899915 15.02399445 -0.35427627 -4.07594681  2.7655158
 -0.55453378  2.25550246]"
1747093064.1509209,"[ 0.          0.12560901  0.57935638 -2.8550296  -1.91972423  0.92019453
  0.96006751  1.82715528]","[ 0.00000000e+00 -3.24051211e-04  2.41590791e-03  7.77880725e-02
  2.06894660e-01  5.32632218e-01  0.00000000e+00  3.88940363e-01]","[ 0.         -0.5534277  15.00065327 -0.40568152 -4.04059744  2.71162772
 -0.54692805  2.25088549]"
1747093064.1521277,"[ 0.          0.12560809  0.57935871 -2.85495529 -1.91952049  0.92075765
  0.96006751  1.82753771]","[ 0.00000000e+00 -3.30057173e-04  2.41590791e-03  7.53571974e-02
  2.06624566e-01  5.30124519e-01  0.00000000e+00  3.87859985e-01]","[ 0.         -0.5912416  14.9902916  -0.3810522  -4.01706171  2.77456784
 -0.55514979  2.29657555]"
1747093064.1539626,"[ 0.          0.12560671  0.5793637  -2.85480669 -1.91909386  0.92179269
  0.96006751  1.82833013]","[ 0.00000000e+00 -3.36766668e-04  2.34007934e-03  7.21892424e-02
  2.08890133e-01  5.21828339e-01  0.00000000e+00  3.87859985e-01]","[ 0.         -0.6127736  14.99104691 -0.36144215 -3.9432919   2.65767694
 -0.55407244  2.31297493]"
1747093064.1558104,"[ 0.          0.12560488  0.57937063 -2.85467007 -1.91868053  0.92281248
  0.96006751  1.82908833]","[ 0.00000000e+00 -3.43251166e-04  2.72064558e-03  6.80645635e-02
  2.09595638e-01  5.16680316e-01  0.00000000e+00  3.84078596e-01]","[ 0.         -0.67806274 15.01447773 -0.36971155 -3.92976999  2.66837192
 -0.55490112  2.28402281]"
1747093064.1576376,"[ 0.          0.12560396  0.57937429 -2.85460029 -1.9184744   0.92336043
  0.96006751  1.8294669 ]","[ 0.00000000e+00 -3.39391305e-04  2.97733686e-03  6.57013367e-02
  2.09055449e-01  5.15596010e-01  0.00000000e+00  3.84078596e-01]","[ 0.         -0.72123766 15.0487833  -0.36081681 -3.95762515  2.61192155
 -0.56563687  2.32347202]"
1747093064.1594772,"[ 0.          0.12560213  0.57938534 -2.85447033 -1.91805149  0.92437736
  0.96006751  1.83026691]","[ 0.00000000e+00 -3.62976113e-04  4.56996050e-03  6.61068321e-02
  2.05274077e-01  5.16156272e-01  0.00000000e+00  3.94612396e-01]","[ 0.         -0.78849369 15.04419422 -0.30032954 -3.96873641  2.54275084
 -0.57026774  2.29703808]"
1747093064.1612608,"[ 0.          0.12559936  0.57940139 -2.85433504 -1.91762938  0.92543716
  0.96006751  1.83109742]","[ 0.00000000e+00 -4.18208130e-04  7.80222976e-03  6.57013367e-02
  2.05379371e-01  5.19127361e-01  0.00000000e+00  4.09254123e-01]","[ 0.         -0.79809511 15.02414894 -0.26671314 -3.95123458  2.59715843
 -0.58393884  2.18596053]"
1747093064.163023,"[ 0.          0.12559661  0.57942343 -2.85420961 -1.91722485  0.92645502
  0.96006751  1.83191554]","[ 0.         -0.00051647  0.01215439  0.06347291  0.20500398  0.51534597
  0.          0.41595011]","[ 0.         -0.83637536 14.9807806  -0.22095177 -3.87129712  2.70515013
 -0.60489875  2.15884733]"
1747093064.1649034,"[ 0.          0.12559248  0.57945372 -2.85408018 -1.91682085  0.9275091
  0.96006751  1.83284778]","[ 0.         -0.00081391  0.01553302  0.06338474  0.20473389  0.51615627
  0.          0.42470179]","[ 0.         -0.87054563 14.92858124 -0.16653383 -3.74664235  2.66587067
 -0.60954261  2.17901301]"
1747093064.166075,"[ 0.          0.12559018  0.57947163 -2.85401759 -1.91660167  0.92801617
  0.96006751  1.8332683 ]","[ 0.         -0.00104814  0.01809653  0.06347291  0.20638243  0.51426559
  0.          0.42648391]","[ 0.         -0.87922585 14.85624123 -0.12013454 -3.6962235   2.73036623
 -0.60084981  2.11641717]"
1747093064.1678743,"[ 0.          0.12558376  0.57951484 -2.85389376 -1.91619447  0.92906825
  0.96006751  1.83411119]","[ 0.         -0.00168413  0.02268819  0.06239252  0.20689466  0.51407534
  0.          0.42729421]","[ 0.         -0.92515212 14.68879128 -0.11036072 -3.70647287  2.70640731
 -0.59555495  2.06024599]"
1747093064.1690726,"[ 0.          0.12557962  0.57954234 -2.85382798 -1.91599154  0.92957625
  0.96006751  1.83456685]","[ 0.         -0.0022171   0.02582915  0.06193981  0.20581428  0.51534597
  0.          0.42906485]","[ 0.         -0.93104386 14.64200687 -0.09172621 -3.73048091  2.55998278
 -0.59363818  2.1302228 ]"
1747093064.17091,"[ 0.          0.12556906  0.57960159 -2.85370041 -1.91556597  0.93059131
  0.96006751  1.83541254]","[ 0.         -0.00420191  0.03133131  0.06563369  0.20863936  0.51237492
  0.          0.42901987]","[ 0.         -0.94270813 14.4504528  -0.0739354  -3.71392393  2.47759557
 -0.58694065  2.17538023]"
1747093064.1726954,"[ 0.          0.12555024  0.57967137 -2.85356859 -1.91515397  0.93163487
  0.96006751  1.8362802 ]","[ 0.         -0.00923264  0.03460605  0.06698417  0.20905545  0.50780843
  0.          0.42162218]","[ 0.         -0.95245641 14.28488445 -0.08080572 -3.61935711  2.513134
 -0.57137728  2.19745064]"
1747093064.1745179,"[ 0.          0.12553738  0.57970585 -2.85349748 -1.9149316   0.93213721
  0.96006751  1.83669592]","[ 0.         -0.01295154  0.03511267  0.06695518  0.20939166  0.50992101
  0.          0.42162218]","[ 0.         -0.94899231 14.20328617 -0.09022717 -3.56721306  2.50415134
 -0.55624598  2.24458838]"
1747093064.17639,"[ 0.          0.1254988   0.57977929 -2.85336299 -1.91451561  0.93317411
  0.96006751  1.83751497]","[ 0.         -0.02031225  0.03636143  0.06833466  0.21202652  0.50605074
  0.          0.4125606 ]","[ 0.         -0.91626358 14.04042912 -0.10671337 -3.51833534  2.51721525
 -0.55331939  2.17129827]"
1747093064.1776068,"[ 0.          0.12545059  0.57985326 -2.85322104 -1.91409563  0.93417872
  0.96006751  1.83834255]","[ 0.         -0.02565926  0.03835384  0.06864592  0.21310692  0.51129451
  0.          0.40028446]","[ 0.         -0.90800416 13.92040539 -0.11693865 -3.55664444  2.50852466
 -0.55391049  2.18717766]"
1747093064.1790168,"[ 0.          0.12542442  0.57989274 -2.85315473 -1.9138706   0.93467906
  0.96006751  1.8387355 ]","[ 0.         -0.02644273  0.03997443  0.06725427  0.21189936  0.50751315
  0.          0.39866386]","[ 0.         -0.87494749 13.80136585 -0.11452226 -3.61131501  2.60646033
 -0.55451649  2.2096839 ]"
1747093064.181258,"[ 0.          0.12536839  0.57998043 -2.85301305 -1.91345115  0.9357141
  0.96006751  1.83912645]","[ 0.         -0.02754994  0.0432156   0.06383689  0.21256671  0.5032214
  0.          0.39650311]","[ 0.         -0.8639977  13.69380951 -0.12264322 -3.67284083  2.56071877
 -0.52965456  2.12602568]"
1747093064.1830013,"[ 0.          0.12531099  0.58007091 -2.8528972  -1.91301599  0.93671964
  0.96006751  1.83994551]","[ 0.         -0.02808607  0.04618667  0.06347291  0.21215011  0.51129451
  0.          0.3998789 ]","[ 0.         -0.79364157 13.57444668 -0.0960898  -3.7066586   2.57151651
 -0.49395037  2.05553985]"
1747093064.184867,"[ 0.          0.12528253  0.58011725 -2.85283808 -1.91280853  0.93726472
  0.96006751  1.84034218]","[ 0.         -0.02890043  0.04694935  0.05990088  0.21040594  0.51332304
  0.          0.40244525]","[ 0.         -0.77503622 13.5228529  -0.09659117 -3.66757321  2.49833059
 -0.49117476  2.00802469]"
1747093064.1866398,"[ 0.          0.12522238  0.58021458 -2.85271131 -1.91239734  0.93828265
  0.96006751  1.84117935]","[ 0.         -0.03133131  0.04807735  0.05708342  0.20878535  0.51723665
  0.          0.41189864]","[ 0.         -0.72423321 13.39883614 -0.13730901 -3.67078757  2.49607706
 -0.48650724  2.00760388]"
1747093064.1877985,"[ 0.          0.12515258  0.58031698 -2.85260159 -1.91196724  0.93934239
  0.96006751  1.84201372]","[ 0.         -0.03480727  0.050906    0.05591018  0.20986573  0.51507842
  0.          0.42729421]","[ 0.         -0.61420351 13.27092743 -0.12283837 -3.67845011  2.389112
 -0.48924595  2.04750657]"
1747093064.1894677,"[ 0.          0.12507865  0.58042218 -2.85248894 -1.91153793  0.94035266
  0.96006751  1.8428879 ]","[ 0.         -0.03781365  0.0534793   0.05455969  0.20964243  0.51237492
  0.          0.42686128]","[ 0.         -0.53998929 13.1375227  -0.1186807  -3.67225003  2.35478234
 -0.4786289   2.06674957]"
1747093064.1910648,"[ 0.          0.12503869  0.58047404 -2.85243754 -1.91133021  0.94085686
  0.96006751  1.84330655]","[ 0.00000000e+00 -3.76152695e-02  5.26156451e-02  5.21288109e-02
  2.10676033e-01  5.11294505e-01 -1.05819570e-05  4.24593232e-01]","[ 0.         -0.4655588  13.06506062 -0.07367706 -3.66235709  2.44296861
 -0.46819928  2.02757978]"
1747093064.1929832,"[ 0.          0.12496615  0.58058057 -2.85233661 -1.91091183  0.94190901
  0.96006751  1.8441798 ]","[ 0.00000000e+00 -3.61930625e-02  5.19090710e-02  4.88998487e-02
  2.12566711e-01  5.13185217e-01 -1.06059783e-05  4.27309457e-01]","[ 0.00000000e+00 -3.71066928e-01  1.29605761e+01 -1.11718504e-02
 -3.65922570e+00  2.47367096e+00 -4.51124042e-01  2.13795400e+00]"
1747093064.194756,"[ 0.          0.12493124  0.58063203 -2.8522884  -1.91070383  0.94241608
  0.96006751  1.84459552]","[ 0.00000000e+00 -3.53827707e-02  5.21288109e-02  4.88876440e-02
  2.10946127e-01  5.14265594e-01 -1.05899522e-05  4.21622176e-01]","[ 0.00000000e+00 -3.36916506e-01  1.29669580e+01  1.24983368e-02
 -3.65823865e+00  2.50188375e+00 -4.52995956e-01  2.19441581e+00]"
1747093064.1959026,"[ 0.          0.12486145  0.58073856 -2.8521928  -1.91027506  0.94346916
  0.96006751  1.84541364]","[ 0.00000000e+00 -3.41045096e-02  5.45044088e-02  4.86175453e-02
  2.08515244e-01  5.13323035e-01 -1.05899522e-05  4.12979053e-01]","[ 0.         -0.21544214 12.96769619  0.04133584 -3.63341165  2.53457999
 -0.46722504  2.23221827]"
1747093064.1981394,"[ 0.          0.12479533  0.58084875 -2.85209746 -1.90985109  0.9444737
  0.96006751  1.84624601]","[ 0.00000000e+00 -3.29185062e-02  5.34792999e-02  4.53890909e-02
  2.06689364e-01  5.07513149e-01 -1.05900569e-05  4.04065819e-01]","[ 0.         -0.14081714 12.99057007  0.07813583 -3.61345744  2.60694218
 -0.48429519  2.25004792]"
1747093064.1993625,"[ 0.          0.12472966  0.58095434 -2.85201197 -1.90944442  0.94550967
  0.96006751  1.84703937]","[ 0.00000000e+00 -3.15671017e-02  5.09059955e-02  4.24053018e-02
  2.05274077e-01  5.07053821e-01 -1.05899522e-05  4.00284464e-01]","[ 0.         -0.09116142 13.04584026  0.12550756 -3.58434129  2.66176105
 -0.47302324  2.30436802]"
1747093064.20111,"[ 0.          0.12470073  0.58100581 -2.85197016 -1.90924176  0.94600535
  0.96006751  1.84746374]","[ 0.00000000e+00 -2.94406258e-02  5.21288109e-02  4.24053018e-02
  2.05544171e-01  5.02651416e-01 -1.05899522e-05  3.99724933e-01]","[ 0.         -0.07591115 13.05362034  0.1129716  -3.54857993  2.68373585
 -0.47419721  2.32502151]"
1747093064.2029128,"[ 0.          0.12464792  0.58111373 -2.85192834 -1.90881725  0.94699565
  0.96006751  1.84824378]","[ 0.00000000e+00 -2.51190644e-02  5.53138808e-02  4.24053018e-02
  2.07975055e-01  5.01841116e-01 -1.05819570e-05  3.96101370e-01]","[ 0.         -0.03265101 13.10929775  0.13335288 -3.48732781  2.71715903
 -0.47731212  2.34163928]"
1747093064.2041125,"[ 0.          0.12462313  0.58117246 -2.85188201 -1.90858076  0.94753028
  0.96006751  1.8486366 ]","[ 0.00000000e+00 -2.33214660e-02  5.51690631e-02  4.36337140e-02
  2.07810804e-01  5.03543075e-01 -1.05899522e-05  3.98393786e-01]","[ 0.00000000e+00  1.09340465e-02  1.31628609e+01  1.40969917e-01
 -3.49814844e+00  2.74932623e+00 -5.03699362e-01  2.32546687e+00]"
1747093064.206132,"[ 0.          0.1245841   0.58127812 -2.85179465 -1.90820419  0.94850726
  0.96006751  1.84944713]","[ 0.00000000e+00 -1.86178429e-02  5.26690081e-02  4.42959881e-02
  2.06145396e-01  4.92428472e-01 -1.05899522e-05  3.96503108e-01]","[ 0.00000000e+00 -4.93554492e-03  1.32385721e+01  1.81595042e-01
 -3.54233027e+00  2.65336180e+00 -5.33863485e-01  2.28719068e+00]"
1747093064.2105262,"[ 0.          0.12453037  0.58148291 -2.85161942 -1.9073352   0.95043938
  0.96006751  1.85103877]","[ 0.00000000e+00 -1.10739970e-02  5.01872291e-02  4.31718095e-02
  2.02871689e-01  4.75641669e-01 -1.05899522e-05  3.99474164e-01]","[ 0.          0.02085539 13.57825661  0.1960617  -3.4786582   2.66959333
 -0.54537451  2.38862753]"
1747093064.2148669,"[ 0.          0.12449042  0.58166747 -2.85142607 -1.90651654  0.9523239
  0.96006751  1.85263507]","[ 0.00000000e+00 -9.72350907e-03  4.26321615e-02  5.21288109e-02
  2.05687233e-01  4.67808813e-01 -1.05899522e-05  3.96101370e-01]","[ 0.         -0.03061416 14.00812626  0.20002763 -3.37870979  2.71751451
 -0.56019485  2.41001105]"
1747093064.2186234,"[ 0.          0.12444864  0.58183372 -2.85119145 -1.90570748  0.95413518
  0.96006751  1.8541857 ]","[ 0.00000000e+00 -1.10739970e-02  4.18651087e-02  6.31387724e-02
  2.03923588e-01  4.40352455e-01 -1.05899522e-05  3.73274717e-01]","[ 0.         -0.18741798 14.55921268  0.13252157 -3.49641752  2.68871188
 -0.55053061  2.39741135]"
1747093064.2223847,"[ 0.          0.12438802  0.58201142 -2.85089371 -1.9049008   0.9558932
  0.96006751  1.85562686]","[ 0.         -0.01782643  0.04506058  0.07886847  0.19636086  0.43593733
  0.          0.35074557]","[ 0.         -0.34346136 15.12761402 -0.06698871 -3.53736138  2.84358835
 -0.59118503  2.34858036]"
1747093064.2254717,"[ 0.          0.12432328  0.58216342 -2.85064257 -1.90450027  0.9571841
  0.96006751  1.85665897]","[ 0.         -0.02268819  0.05316291  0.08427041  0.19555058  0.43404665
  0.          0.33602974]","[ 0.         -0.4357053  15.43778801 -0.21325865 -3.56222844  2.74122405
 -0.56431776  2.35357857]"
1747093064.22858,"[ 0.          0.12425073  0.58234385 -2.85038744 -1.90390984  0.95849218
  0.96006751  1.85766165]","[ 0.         -0.02457531  0.06149618  0.08450897  0.19359325  0.43134568
  0.          0.3421366 ]","[ 0.         -0.56159818 15.66391563 -0.32473105 -3.57559371  2.70003819
 -0.55449677  2.26719904]"
1747093064.2314374,"[ 0.          0.12417588  0.58253446 -2.85013284 -1.90334046  0.95980306
  0.96006751  1.85870907]","[ 0.         -0.02565926  0.06617388  0.08616109  0.19238438  0.43317077
  0.          0.34626497]","[ 0.         -0.69553494 15.79972935 -0.44113743 -3.4341023   2.68192601
 -0.52281946  2.21840239]"
1747093064.2338376,"[ 0.          0.12409414  0.58275577 -2.84986706 -1.90275962  0.96113584
  0.96006751  1.8597802 ]","[ 0.         -0.02782004  0.07454691  0.08751158  0.19022579  0.44335863
  0.          0.35787915]","[ 0.         -0.76053053 15.79832554 -0.51732886 -3.1684196   2.81802607
 -0.49954373  2.18317199]"
1747093064.2362275,"[ 0.          0.12403353  0.58291922 -2.84970221 -1.90238332  0.96201488
  0.96006751  1.86049566]","[ 0.         -0.03163349  0.08124898  0.08246337  0.19095892  0.44485053
  0.          0.36355122]","[ 0.         -0.81343019 15.68839836 -0.58669251 -3.06467795  2.77493334
 -0.48256606  2.20061231]"
1747093064.2382798,"[ 0.          0.12395638  0.5830928  -2.84954375 -1.9019913   0.96289006
  0.96006844  1.86124241]","[ 0.00000000e+00 -3.58865659e-02  8.94022679e-02  7.53571974e-02
  1.92309409e-01  4.43770156e-01  1.05899522e-05  3.65711972e-01]","[ 0.         -0.85182333 15.47452736 -0.61186004 -2.98773789  2.73652387
 -0.45290288  2.15014768]"
1747093064.241061,"[ 0.          0.12384572  0.58338348 -2.84934348 -1.90140248  0.96424474
  0.96006844  1.86237159]","[ 0.00000000e+00 -3.61930625e-02  9.98058484e-02  6.15822255e-02
  1.95097855e-01  4.45209295e-01  1.05819570e-05  3.76152695e-01]","[ 0.         -0.79933214 15.1925087  -0.58079988 -2.92034769  2.74480867
 -0.43339452  2.2016592 ]"
1747093064.2442887,"[ 0.          0.12372955  0.58368655 -2.8491773  -1.90080433  0.96560316
  0.96006844  1.86347706]","[ 0.00000000e+00 -3.98346773e-02  1.04257622e-01  5.40194971e-02
  1.97856307e-01  4.48631923e-01  1.05819570e-05  3.70573739e-01]","[ 0.         -0.74593395 14.80207443 -0.49142408 -2.83925962  2.63619804
 -0.42532909  2.25999951]"
1747093064.2468379,"[ 0.          0.12359959  0.58400107 -2.84903376 -1.9002203   0.96696356
  0.96006844  1.86458814]","[ 0.00000000e+00 -4.64567646e-02  1.01993402e-01  4.40258894e-02
  1.97711348e-01  4.45364790e-01  1.05899522e-05  3.63182868e-01]","[ 0.         -0.62410986 14.50592327 -0.35779849 -2.82851553  2.5625844
 -0.44634876  2.25971651]"
1747093064.2486417,"[ 0.          0.12355046  0.58420174 -2.84894774 -1.8998139   0.96783968
  0.96006844  1.86529401]","[ 0.00000000e+00 -4.96979357e-02  1.01016455e-01  4.15884063e-02
  1.97856307e-01  4.44850534e-01  1.05819570e-05  3.55988471e-01]","[ 0.         -0.5925712  14.3481226  -0.24767821 -2.81421137  2.52244568
 -0.43415245  2.24848366]"
1747093064.2504334,"[ 0.          0.12344622  0.58430646 -2.84890592 -1.89961869  0.96831059
  0.96006844  1.86567071]","[ 0.00000000e+00 -5.14075353e-02  9.85520072e-02  4.24053018e-02
  1.97981443e-01  4.43358631e-01  1.05900569e-05  3.54586617e-01]","[ 0.         -0.51616353 14.24865055 -0.18985617 -2.80988216  2.42002511
 -0.4406206   2.30772209]"
1747093064.2516494,"[ 0.          0.12334199  0.58451446 -2.84881884 -1.89921442  0.96918391
  0.96006844  1.86637472]","[ 0.00000000e+00 -5.40194971e-02  9.80548782e-02  4.26306385e-02
  1.97605554e-01  4.42959856e-01  1.05899522e-05  3.58595839e-01]","[ 0.         -0.40408176 14.10473251 -0.05982947 -2.85158563  2.44409108
 -0.4423275   2.26470447]"
1747093064.2534153,"[ 0.          0.12322719  0.58470827 -2.84873388 -1.89881974  0.97009431
  0.96006844  1.86711667]","[ 0.00000000e+00 -5.72606640e-02  9.37238210e-02  4.32155977e-02
  2.01222626e-01  4.46869409e-01  1.05899522e-05  3.64631594e-01]","[ 0.         -0.26184645 14.00649452  0.04326517 -2.83402348  2.45702624
 -0.45881003  2.18953729]"
1747093064.2552073,"[ 0.          0.12317209  0.58479822 -2.84869101 -1.8986208   0.97053187
  0.96006844  1.86747727]","[ 0.00000000e+00 -5.59101792e-02  9.12004509e-02  4.34416335e-02
  2.01762815e-01  4.43320514e-01  1.05899522e-05  3.65711972e-01]","[ 0.         -0.18314536 13.95653343  0.08265033 -2.90816498  2.57141304
 -0.46687886  2.16875267]"
1747093064.2570512,"[ 0.          0.12311699  0.58497226 -2.84860073 -1.89820535  0.97140046
  0.96006844  1.86824306]","[ 0.00000000e+00 -5.58535288e-02  8.64311954e-02  4.43860154e-02
  2.02637680e-01  4.38908389e-01  1.05820616e-05  3.77155775e-01]","[ 0.         -0.09813156 13.88511562  0.15066104 -3.02317739  2.62215877
 -0.46579483  2.19405508]"
1747093064.25896,"[ 0.          0.12301045  0.58514037 -2.84850459 -1.89779922  0.97231559
  0.96006844  1.8690203 ]","[ 0.00000000e+00 -5.07783261e-02  8.10292395e-02  4.99680343e-02
  2.06894660e-01  4.50522601e-01  1.05899522e-05  3.99878897e-01]","[ 0.          0.01489623 13.86491394  0.20981307 -3.23402858  2.60639286
 -0.48416594  2.13504481]"
1747093064.2608542,"[ 0.          0.12296224  0.58521886 -2.84844999 -1.89757764  0.97276366
  0.96006844  1.86942177]","[ 0.00000000e+00 -4.88876440e-02  7.96787588e-02  5.14075353e-02
  2.08639363e-01  4.54303957e-01  1.05819570e-05  4.07306986e-01]","[ 0.          0.09148601 13.90359402  0.27042305 -3.24645972  2.57145596
 -0.49898759  2.13370752]"
1747093064.2620108,"[ 0.          0.12286718  0.58537865 -2.84834586 -1.89716432  0.97371494
  0.96006844  1.87027984]","[ 0.00000000e+00 -4.58906265e-02  7.71640273e-02  5.29391068e-02
  2.09055449e-01  4.66680099e-01  1.05900569e-05  4.23798711e-01]","[ 0.          0.18714008 14.041008    0.26262954 -3.37900567  2.54812169
 -0.5390349   2.1231904 ]"
1747093064.2637918,"[ 0.          0.1227827   0.58553159 -2.848242   -1.8967502   0.97465484
  0.96006844  1.8711455 ]","[ 0.00000000e+00 -4.18651087e-02  7.83282698e-02  5.32092012e-02
  2.10192752e-01  4.78612725e-01  1.05819570e-05  4.42959856e-01]","[ 0.          0.27905035 14.20950127  0.24665366 -3.48062849  2.50979614
 -0.54812479  2.10203815]"
1747093064.2656386,"[ 0.          0.12270831  0.58569916 -2.84812908 -1.89631344  0.97564421
  0.96006844  1.87207774]","[ 0.00000000e+00 -3.67332556e-02  8.24252102e-02  5.59101792e-02
  2.14727500e-01  4.85487742e-01  1.05899522e-05  4.57275012e-01]","[ 0.          0.30761707 14.33875561  0.21350563 -3.57095122  2.42906046
 -0.54575396  2.1331594 ]"
1747093064.266854,"[ 0.          0.12267157  0.58578139 -2.84807262 -1.89610225  0.97612271
  0.96006844  1.87253248]","[ 0.00000000e+00 -3.46060473e-02  8.34601230e-02  5.72026487e-02
  2.14187294e-01  4.85365170e-01  1.05899522e-05  4.61326479e-01]","[ 0.          0.32866621 14.39262772  0.19486615 -3.60780168  2.52269888
 -0.53941023  2.18074512]"
1747093064.2686968,"[ 0.          0.12260683  0.58594804 -2.84795544 -1.89566177  0.97709876
  0.96006844  1.87350387]","[ 0.00000000e+00 -3.26486822e-02  8.48106036e-02  5.71752099e-02
  2.15410101e-01  4.97789649e-01  1.05820616e-05  4.77463138e-01]","[ 0.          0.36915368 14.50505161  0.17314193 -3.65674901  2.56010699
 -0.56638986  2.15147614]"
1747093064.2701983,"[ 0.          0.12257193  0.58604038 -2.84789951 -1.89544685  0.97770855
  0.96006844  1.87397658]","[ 0.00000000e+00 -3.28816318e-02  8.70166581e-02  5.67204709e-02
  2.17747824e-01  5.02773189e-01  1.05819570e-05  4.78937265e-01]","[ 0.          0.35629728 14.53207684  0.16113667 -3.68276143  2.55725527
 -0.55854183  2.18356133]"
1747093064.2724686,"[ 0.          0.12250718  0.58612487 -2.84778313 -1.89501755  0.97871596
  0.96006844  1.87492892]","[ 0.00000000e+00 -3.29518914e-02  8.56209037e-02  5.96310647e-02
  2.17968666e-01  5.13208453e-01  1.05819570e-05  4.84554870e-01]","[ 0.          0.35868889 14.57865715  0.09244233 -3.72044826  2.60452271
 -0.55423647  2.22493148]"
1747093064.2736382,"[ 0.          0.12244243  0.58629891 -2.84765663 -1.89457386  0.97977856
  0.96006844  1.87593254]","[ 0.00000000e+00 -3.26817948e-02  8.53416380e-02  6.23293004e-02
  2.16077989e-01  5.19020003e-01  1.05819570e-05  4.91037204e-01]","[ 0.          0.34598163 14.6688118   0.04807779 -3.73633194  2.71618557
 -0.55130196  2.1355257 ]"
1747093064.2759538,"[ 0.          0.12237907  0.58647108 -2.84753253 -1.89414749  0.98080508
  0.96006844  1.87690752]","[ 0.00000000e+00 -3.02202662e-02  8.80517789e-02  6.34729076e-02
  2.16077989e-01  5.22091992e-01  1.05819570e-05  4.95396532e-01]","[ 0.          0.34955782 14.77562428  0.05934885 -3.75844884  2.71278882
 -0.55498493  2.11045003]"
1747093064.2771068,"[ 0.          0.12235105  0.58655697 -2.84746595 -1.89393284  0.98132353
  0.96006844  1.87743749]","[ 0.00000000e+00 -2.83602355e-02  8.69713844e-02  6.26921145e-02
  2.17477996e-01  5.25346974e-01  1.05819570e-05  4.99029250e-01]","[ 0.          0.34055898 14.82422924  0.05936697 -3.77009773  2.60212874
 -0.54979777  2.17896152]"
1747093064.2789106,"[ 0.          0.122301    0.58674386 -2.84733785 -1.8934857   0.98240517
  0.96006844  1.87842965]","[ 0.00000000e+00 -2.38230038e-02  9.30892147e-02  6.50934910e-02
  2.18508855e-01  5.27770484e-01  1.05819570e-05  5.05622472e-01]","[ 0.          0.31842294 14.89091778  0.03914047 -3.77986097  2.54451537
 -0.53707731  2.0923264 ]"
1747093064.2806091,"[ 0.          0.12227942  0.58683707 -2.84727394 -1.89326812  0.98292742
  0.96006844  1.87892912]","[ 0.00000000e+00 -2.18778954e-02  9.45341127e-02  6.48233924e-02
  2.20669644e-01  5.29661162e-01  1.05819570e-05  5.06702849e-01]","[ 0.          0.30185664 14.90934753  0.02091061 -3.78934956  2.62972093
 -0.53620452  2.14001966]"
1747093064.2818422,"[ 0.          0.12224177  0.58703221 -2.84714717 -1.89281245  0.98401379
  0.96006844  1.87995937]","[ 0.00000000e+00 -1.86178429e-02  9.56145072e-02  6.07719338e-02
  2.23183935e-01  5.29625809e-01  1.05819570e-05  5.02651416e-01]","[ 0.00000000e+00  2.66578704e-01  1.48775816e+01 -3.43127176e-04
 -3.87499380e+00  2.51938081e+00 -5.52100599e-01  2.22576976e+00]"
1747093064.2836108,"[ 0.          0.12220825  0.58722596 -2.84702733 -1.89237409  0.98504596
  0.96006844  1.88093542]","[ 0.00000000e+00 -1.59196051e-02  9.88556741e-02  5.76767455e-02
  2.22020133e-01  5.21018039e-01  1.05819570e-05  4.91037204e-01]","[ 0.          0.2327663  14.85730267 -0.02076972 -3.94961071  2.48860359
 -0.55111992  2.28459167]"
1747093064.2854247,"[ 0.          0.12219401  0.58732336 -2.84697007 -1.89215438  0.98556062
  0.96006844  1.88145101]","[ 0.00000000e+00 -1.43151660e-02  9.88556741e-02  5.80709558e-02
  2.22830417e-01  5.21828339e-01  1.05819570e-05  4.85487742e-01]","[ 0.00000000e+00  2.01952472e-01  1.48043003e+01 -9.20257345e-03
 -3.95861721e+00  2.48529673e+00 -5.57924092e-01  2.40344596e+00]"
1747093064.2871993,"[ 0.          0.12216738  0.58753042 -2.84685928 -1.89170138  0.98663274
  0.96006844  1.8823919 ]","[ 0.00000000e+00 -1.25384225e-02  1.02366944e-01  5.53699820e-02
  2.21209833e-01  5.23989095e-01  1.05819570e-05  4.75641669e-01]","[ 0.          0.16794634 14.83189774  0.03185214 -4.01930666  2.41938829
 -0.53129995  2.47551394]"
1747093064.2890158,"[ 0.          0.1221458   0.58773429 -2.8467477  -1.89126835  0.9876735
  0.96006844  1.88335357]","[ 0.00000000e+00 -1.08038994e-02  1.02907141e-01  5.41659876e-02
  2.19859344e-01  5.28850862e-01  1.05819570e-05  4.68435488e-01]","[ 0.          0.04967629 14.7865448   0.04250194 -4.1199851   2.4788878
 -0.52123904  2.41530681]"
1747093064.2908237,"[ 0.          0.12212835  0.58795107 -2.84663718 -1.89081508  0.98824042
  0.96006844  1.88427928]","[ 0.00000000e+00 -7.83282698e-03  1.06688505e-01  5.67204709e-02
  2.21209833e-01  5.33886034e-01  1.06059783e-05  4.71382209e-01]","[ 0.         -0.01608838 14.79395962  0.05660442 -4.13697672  2.63434505
 -0.53239334  2.37528753]"
1747093064.2926028,"[ 0.          0.12212008  0.58805759 -2.84657965 -1.8905975   0.98876653
  0.96006844  1.88474161]","[ 0.00000000e+00 -7.77382236e-03  1.08038994e-01  5.82819447e-02
  2.20669644e-01  5.33712596e-01  1.05979587e-05  4.68889224e-01]","[ 0.00000000e+00 -3.25907245e-02  1.48068962e+01  1.07120425e-02
 -4.15055084e+00  2.60267472e+00 -5.44615924e-01  2.35204458e+00]"
1747093064.2937107,"[ 0.          0.12210815  0.5882835  -2.84645928 -1.8901626   0.98982054
  0.96006844  1.88569861]","[ 0.00000000e+00 -5.66630018e-03  1.11591967e-01  5.89305867e-02
  2.20129439e-01  5.33981309e-01  1.05820616e-05  4.67808813e-01]","[ 0.         -0.1164156  14.70823956 -0.01911186 -4.09468174  2.59869099
 -0.53070712  2.21921873]"
1747093064.2957904,"[ 0.          0.12210034  0.58850347 -2.84634236 -1.88971333  0.99092123
  0.96006844  1.88662326]","[ 0.00000000e+00 -3.00639054e-03  1.10739964e-01  5.96915434e-02
  2.19589250e-01  5.36949402e-01  1.05979587e-05  4.70302897e-01]","[ 0.         -0.22366273 14.56813431 -0.05490046 -4.01650238  2.64898443
 -0.52197003  2.17620254]"
1747093064.3009298,"[ 0.          0.12209254  0.58894975 -2.84608564 -1.88883821  0.9930969
  0.96006844  1.88851917]","[ 0.00000000e+00 -1.25384225e-03  1.10739964e-01  6.61738814e-02
  2.17208168e-01  5.44246430e-01  1.05980643e-05  4.73750958e-01]","[ 0.         -0.4237017  14.27656746 -0.18239893 -3.76981854  2.51960635
 -0.47334868  2.1261363 ]"
1747093064.3052454,"[ 0.          0.12208749  0.5894999  -2.84572558 -1.88771596  0.99580141
  0.96006844  1.89089657]","[ 0.00000000e+00 -1.05332676e-03  1.07389874e-01  7.71696116e-02
  2.26881884e-01  5.39384663e-01  1.05979587e-05  4.72670580e-01]","[ 0.         -0.67786872 14.03233624 -0.38094619 -3.53783321  2.46037531
 -0.38918439  2.20956469]"
1747093064.310128,"[ 0.          0.12208105  0.58992054 -2.84540147 -1.8867985   0.99798846
  0.96006844  1.89283908]","[ 0.00000000e+00 -1.35894817e-03  1.03987527e-01  8.17566153e-02
  2.27923330e-01  5.45056697e-01  1.05979587e-05  4.77463138e-01]","[ 0.         -0.86856538 14.15195274 -0.64799637 -3.49482059  2.5036447
 -0.36568755  2.17000532]"
1747093064.3138711,"[ 0.          0.12207187  0.59033473 -2.84508189 -1.88587918  1.00019649
  0.96006844  1.89481395]","[ 0.00000000e+00 -1.74200813e-03  1.02096849e-01  7.80581670e-02
  2.29042656e-01  5.53699820e-01  1.05978530e-05  4.96555540e-01]","[ 0.         -1.0075407  14.27661228 -0.82686007 -3.49841571  2.55296469
 -0.36403355  2.07159495]"
1747093064.3174505,"[ 0.          0.12206085  0.5907374  -2.84479773 -1.88494947  1.00243487
  0.96006937  1.89683835]","[ 0.00000000e+00 -2.52915363e-03  9.91257769e-02  6.58370123e-02
  2.31710062e-01  5.55860609e-01  1.85464284e-05  5.04295385e-01]","[ 0.         -1.10122561 14.48505592 -0.93822718 -3.61906385  2.41087008
 -0.37836498  2.00394034]"
1747093064.3212705,"[ 0.          0.12204983  0.59114886 -2.84456524 -1.8840163   1.00467046
  0.96006937  1.89886755]","[ 0.00000000e+00 -2.80840844e-03  1.04797819e-01  5.11567654e-02
  2.32713125e-01  5.57186164e-01  1.85464284e-05  5.02539996e-01]","[ 0.         -1.08058238 14.71339989 -1.00325632 -3.72890449  2.49773312
 -0.36818102  2.1170404 ]"
1747093064.324877,"[ 0.          0.12204065  0.591597   -2.84440225 -1.88309058  1.00691651
  0.96006937  1.9008291 ]","[ 0.00000000e+00 -2.41347595e-03  1.13981131e-01  3.53583529e-02
  2.30123051e-01  5.56670909e-01  1.85604623e-05  4.91037204e-01]","[ 0.         -1.00657189 14.72972298 -0.92925161 -3.87906432  2.64071465
 -0.38900208  2.09106493]"
1747093064.3285544,"[ 0.          0.1220356   0.59195426 -2.84431863 -1.88241414  1.00859077
  0.96006937  1.9022941 ]","[ 0.00000000e+00 -1.97466217e-03  1.19365785e-01  2.48489678e-02
  2.27422073e-01  5.51809142e-01  1.85604623e-05  4.81905324e-01]","[ 0.         -0.87218732 14.70384026 -0.75626653 -3.91281605  2.78223252
 -0.38882324  2.01262188]"
1747093064.3322477,"[ 0.          0.12203421  0.59244648 -2.84426537 -1.88150547  1.01078262
  0.96006937  1.9042976 ]","[ 0.00000000e+00 -7.55569750e-04  1.24882689e-01  7.02253421e-03
  2.24763239e-01  5.41910638e-01  1.85604623e-05  4.82317648e-01]","[ 0.         -0.68444782 14.68150616 -0.49421251 -3.68335056  2.67078519
 -0.43985292  1.89725316]"
1747093064.3386421,"[ 0.          0.12203468  0.5928134  -2.84426723 -1.88083275  1.01234563
  0.96006937  1.90575874]","[ 0.00000000e+00 -8.88757274e-05  1.23434545e-01 -2.29582847e-03
  2.21750022e-01  5.21828339e-01  1.85464284e-05  4.78402968e-01]","[ 0.         -0.54878742 14.49735165 -0.30643126 -3.4899888   2.59003568
 -0.50126237  1.86825716]"
1747093064.3397272,"[ 0.          0.12203468  0.59340389 -2.84427096 -1.87971822  1.01491411
  0.96006937  1.90807995]","[0.00000000e+00 0.00000000e+00 1.13347340e-01 0.00000000e+00
 2.24223583e-01 4.97557654e-01 1.06059783e-05 4.51602979e-01]","[ 0.         -0.24239981 14.39821625  0.07299545 -3.27350187  2.35389566
 -0.44655004  2.08338308]"
1747093064.343272,"[ 0.          0.12203514  0.59374238 -2.84426483 -1.87903645  1.01633631
  0.96006937  1.90942232]","[0.00000000e+00 4.41578693e-05 1.13595821e-01 8.68216913e-04
 2.24437768e-01 4.68889224e-01 1.05979587e-05 4.38098122e-01]","[ 0.         -0.08280499 14.40704823  0.16710716 -3.28381538  2.47718883
 -0.48758367  2.15921855]"
1747093064.346131,"[ 0.          0.12203514  0.59408579 -2.84426643 -1.87837838  1.01773001
  0.96006937  1.91072847]","[0.00000000e+00 5.66188308e-05 1.12360547e-01 7.89821474e-04
 2.22020133e-01 4.53843662e-01 1.05979587e-05 4.26306377e-01]","[ 0.          0.03553845 14.54241657  0.22037552 -3.33328772  2.39014482
 -0.48287818  2.18700242]"
1747093064.348483,"[ 0.          0.12203514  0.5943099  -2.84426643 -1.87792565  1.01864707
  0.96006844  1.91156843]","[0.00000000e+00 5.29245075e-05 1.14521328e-01 7.71314000e-04
 2.20129439e-01 4.46869409e-01 0.00000000e+00 4.25242344e-01]","[ 0.          0.12162618 14.71053696  0.20852266 -3.34310746  2.42233682
 -0.50366062  2.11998057]"
1747093064.3508117,"[ 0.          0.12203514  0.59454366 -2.84426537 -1.87748889  1.01952511
  0.96006844  1.91198415]","[0.00000000e+00 3.52830036e-05 1.13865650e-01 5.54275343e-04
 2.21750022e-01 4.46741212e-01 0.00000000e+00 4.21622176e-01]","[ 0.          0.15140685 14.85878181  0.20408608 -3.42442203  2.40610719
 -0.55624837  2.14609361]"
1747093064.3526042,"[ 0.          0.12203514  0.59489766 -2.8442659  -1.87681937  1.02084744
  0.96006844  1.91325221]","[ 0.00000000e+00  3.31177162e-05  1.16952203e-01 -1.06388141e-04
  2.19319155e-01  4.30908619e-01  0.00000000e+00  4.17570709e-01]","[ 0.          0.21719655 15.15098476  0.18940973 -3.6514945   2.35593033
 -0.588314    2.13452101]"
1747093064.354286,"[ 0.          0.12203514  0.59501337 -2.8442659  -1.87658901  1.02127361
  0.96006844  1.91369643]","[ 0.00000000e+00  3.12046522e-05  1.17222306e-01 -9.61777205e-05
  2.16914720e-01  4.32155977e-01  0.00000000e+00  4.18281807e-01]","[ 0.          0.21764976 15.22397423  0.20243137 -3.69507742  2.36842251
 -0.588314    2.21456528]"
1747093064.3560143,"[ 0.          0.12203514  0.59524527 -2.8442659  -1.87616556  1.02215738
  0.96006844  1.91452414]","[ 0.00000000e+00  2.95005375e-05  1.17222306e-01 -8.83157386e-05
  2.13970280e-01  4.32575591e-01  0.00000000e+00  4.19731465e-01]","[ 0.          0.26180941 15.41424465  0.1906305  -3.70571852  2.3622911
 -0.58952731  2.13793159]"
1747093064.3577282,"[ 0.          0.1220356   0.59548408 -2.84426537 -1.8757344   1.02300879
  0.96006844  1.91534705]","[0.00000000e+00 4.42508053e-05 1.17492401e-01 0.00000000e+00
 2.09140903e-01 4.31718087e-01 0.00000000e+00 4.17030487e-01]","[ 0.          0.30867314 15.55151463  0.18205927 -3.68312502  2.38098049
 -0.59359473  2.17155838]"
1747093064.3588736,"[ 0.          0.1220356   0.5955998  -2.84426537 -1.87552853  1.02347205
  0.96006844  1.9157922 ]","[0.00000000e+00 4.19593676e-05 1.17222306e-01 0.00000000e+00
 2.08785355e-01 4.36337107e-01 0.00000000e+00 4.19284853e-01]","[ 0.          0.32479811 15.62894154  0.1434963  -3.67679429  2.4878273
 -0.58302391  2.20799065]"
1747093064.3617623,"[ 0.          0.1220356   0.59584494 -2.84426537 -1.87511574  1.02434157
  0.96006844  1.91660273]","[0.00000000e+00 2.78617056e-05 1.21007224e-01 0.00000000e+00
 2.09595638e-01 4.42959856e-01 0.00000000e+00 4.08531641e-01]","[ 0.          0.33921733 15.72665024  0.10607833 -3.72426391  2.48846889
 -0.58556437  2.22647405]"
1747093064.363529,"[ 0.          0.12203514  0.59608789 -2.84426537 -1.87468751  1.02524245
  0.96006844  1.91741234]","[0.         0.         0.12424484 0.         0.20894415 0.43884481
 0.         0.39164134]","[ 0.          0.33790129 15.73557949  0.10417201 -3.78483415  2.49939656
 -0.5815919   2.17692518]"
1747093064.3653946,"[ 0.          0.1220356   0.59635194 -2.84426537 -1.87427791  1.02611097
  0.96006844  1.9181724 ]","[0.00000000e+00 2.41272069e-05 1.29647292e-01 0.00000000e+00
 2.07164771e-01 4.41879478e-01 0.00000000e+00 3.84078596e-01]","[ 0.          0.32741728 15.74636555  0.07132114 -3.81685638  2.46953702
 -0.5739572   2.15805674]"
1747093064.3672626,"[ 0.          0.1220356   0.59661639 -2.84426537 -1.87385767  1.02698336
  0.96006844  1.91894299]","[0.00000000e+00 2.41272069e-05 1.35451552e-01 0.00000000e+00
 2.04877832e-01 4.41879478e-01 0.00000000e+00 3.73274717e-01]","[ 0.          0.33427235 15.72640419  0.04775523 -3.7641573   2.48035812
 -0.56758195  2.11755323]"
1747093064.3690953,"[ 0.          0.1220356   0.59690109 -2.84426537 -1.87346006  1.02789376
  0.96006844  1.91967256]","[0.00000000e+00 2.30966664e-05 1.40430332e-01 0.00000000e+00
 2.00345431e-01 4.45660834e-01 0.00000000e+00 3.69493361e-01]","[ 0.          0.35432801 15.68950367  0.0583398  -3.63473296  2.47499585
 -0.55115116  2.14504719]"
1747093064.3709772,"[ 0.          0.1220356   0.59718351 -2.84426483 -1.87305579  1.02881462
  0.96006844  1.92044035]","[0.00000000e+00 2.20789347e-05 1.43961950e-01 2.03504462e-05
 1.97354784e-01 4.50630925e-01 0.00000000e+00 3.77326184e-01]","[ 0.          0.31626156 15.58979797  0.06976421 -3.49428678  2.34108114
 -0.53603882  2.06282473]"
1747093064.3728087,"[ 0.          0.1220356   0.59732586 -2.84426483 -1.87286111  1.0292579
  0.96006844  1.92081705]","[0.00000000e+00 2.12119566e-05 1.44232044e-01 1.96123512e-05
 1.97441254e-01 4.49442190e-01 0.00000000e+00 3.81917840e-01]","[ 0.          0.32064807 15.50400639  0.06635343 -3.43043351  2.39026761
 -0.54565954  2.0421927 ]"
1747093064.3746262,"[ 0.          0.12203605  0.59761654 -2.84426483 -1.87247123  1.03013881
  0.96006844  1.92160855]","[0.00000000e+00 3.07051632e-05 1.41934951e-01 5.67757450e-05
 1.98521648e-01 4.46741212e-01 0.00000000e+00 3.86822251e-01]","[ 0.          0.33620816 15.3549757   0.065088   -3.40994644  2.36675692
 -0.53881276  1.99214983]"
1747093064.3764546,"[ 0.          0.12203605  0.59789205 -2.84426483 -1.87207042  1.031054
  0.96006844  1.92238472]","[0.00000000e+00 3.06145659e-05 1.38830105e-01 5.48539827e-05
 1.96090765e-01 4.47821623e-01 0.00000000e+00 3.97583486e-01]","[ 0.          0.32584009 15.18552494  0.06854731 -3.41492677  2.24369097
 -0.52200574  1.94153798]"
1747093064.3776684,"[ 0.          0.12203605  0.59817721 -2.84426457 -1.87168373  1.03193677
  0.96006844  1.92317914]","[0.00000000e+00 2.94999930e-05 1.38925729e-01 4.55927034e-05
 1.96630970e-01 4.47367887e-01 0.00000000e+00 4.04335931e-01]","[ 0.          0.29984415 15.08396053  0.07831088 -3.33307552  2.21948385
 -0.49957204  1.95407259]"
1747093064.3793175,"[ 0.          0.12203605  0.5983113  -2.84426457 -1.87147494  1.03241341
  0.96006844  1.92360911]","[0.00000000e+00 2.94185267e-05 1.36129127e-01 2.74260526e-05
 1.96602475e-01 4.48875535e-01 0.00000000e+00 4.04359533e-01]","[ 0.          0.31134143 15.05497074  0.08346024 -3.31821322  2.22123313
 -0.49786225  1.94436121]"
1747093064.3811178,"[ 0.          0.12203605  0.59857621 -2.84426457 -1.87108958  1.03330763
  0.96006844  1.92441392]","[0.00000000e+00 2.84647407e-05 1.33158055e-01 2.65281501e-05
 1.95280481e-01 4.53493656e-01 0.00000000e+00 4.08513265e-01]","[ 0.          0.32953036 14.96399212  0.11088141 -3.28106093  2.32672691
 -0.49448085  1.95817041]"
1747093064.3829422,"[ 0.          0.12203651  0.59885039 -2.84426457 -1.87069064  1.03423135
  0.96006844  1.9252624 ]","[0.00000000e+00 4.57100904e-05 1.34238449e-01 2.56245645e-05
 1.94847085e-01 4.50207016e-01 0.00000000e+00 4.16526417e-01]","[ 0.          0.29097822 14.84762859  0.11378366 -3.33965707  2.33477569
 -0.47751319  2.01438236]"
1747093064.3847756,"[ 0.          0.12203651  0.59898215 -2.84426457 -1.87049915  1.03467464
  0.96006844  1.92567053]","[0.00000000e+00 4.57100904e-05 1.33698252e-01 4.25004156e-05
 1.94200087e-01 4.49442190e-01 0.00000000e+00 4.13789320e-01]","[ 0.          0.30526534 14.77990246  0.11233638 -3.34166479  2.47703218
 -0.47034419  2.05390406]"
1747093064.3859892,"[ 0.          0.12203605  0.59925718 -2.84426403 -1.8701138   1.03556127
  0.96006844  1.92648013]","[0.00000000e+00 2.64613760e-05 1.34285454e-01 5.58498682e-05
 1.94740276e-01 4.48631923e-01 0.00000000e+00 4.07703797e-01]","[ 0.          0.30308589 14.61976528  0.0948499  -3.43712211  2.47031617
 -0.47289577  2.0271256 ]"
1747093064.3877695,"[ 0.          0.12203651  0.59952031 -2.8442635  -1.86971539  1.03648026
  0.96006844  1.92730585]","[0.00000000e+00 4.28119684e-05 1.33698252e-01 6.99012817e-05
 1.94596332e-01 4.46741212e-01 0.00000000e+00 4.02445253e-01]","[ 0.          0.30325988 14.52968311  0.13064936 -3.51533008  2.45258188
 -0.49344125  2.05304074]"
1747093064.3888216,"[ 0.          0.12203697  0.59965073 -2.84426323 -1.86952337  1.03692068
  0.96006844  1.92769973]","[0.00000000e+00 4.28119684e-05 1.32347763e-01 7.76680926e-05
 1.94542969e-01 4.46741212e-01 0.00000000e+00 3.99474164e-01]","[ 0.          0.28341207 14.50445652  0.13382462 -3.53772783  2.44268608
 -0.49855044  2.06882381]"
1747093064.390518,"[ 0.          0.12203697  0.59991385 -2.84426323 -1.86913934  1.03782729
  0.96006844  1.92847311]","[0.00000000e+00 4.13984320e-05 1.28566399e-01 7.53348195e-05
 1.94740276e-01 4.39847885e-01 0.00000000e+00 3.90560963e-01]","[ 0.          0.32602173 14.54542351  0.12921084 -3.52536511  2.32227373
 -0.51001257  2.09396601]"
1747093064.3922498,"[ 0.          0.12203697  0.60003829 -2.8442627  -1.86893508  1.03825825
  0.96006844  1.92888883]","[0.00000000e+00 4.13984320e-05 1.26007717e-01 8.79487413e-05
 1.92339403e-01 4.36574927e-01 0.00000000e+00 3.91449560e-01]","[ 0.          0.3362982  14.5837965   0.13797465 -3.49652338  2.39969611
 -0.50971276  2.02227712]"
1747093064.3941092,"[ 0.          0.12203697  0.60029542 -2.8442627  -1.86855824  1.03910394
  0.96006844  1.9296718 ]","[0.00000000e+00 4.02594283e-05 1.25767341e-01 7.14980974e-05
 1.90495613e-01 4.28374588e-01 0.00000000e+00 3.98663863e-01]","[ 0.          0.34708312 14.60843849  0.14322883 -3.52100039  2.49151826
 -0.49123436  1.98539948]"
1747093064.3959377,"[ 0.          0.12203697  0.60054109 -2.84426217 -1.86818247  1.03997912
  0.96006844  1.93049658]","[0.00000000e+00 5.46081393e-05 1.23704640e-01 8.34193031e-05
 1.90148620e-01 4.26306377e-01 0.00000000e+00 4.04335931e-01]","[ 0.          0.33924302 14.67451     0.15032715 -3.55890059  2.47485042
 -0.50350457  1.96685636]"
1747093064.3977795,"[ 0.          0.12203697  0.6006628  -2.84426164 -1.8679822   1.04039863
  0.96006844  1.93090085]","[0.00000000e+00 5.30751840e-05 1.23434545e-01 9.73250546e-05
 1.88577888e-01 4.24972500e-01 0.00000000e+00 4.10007964e-01]","[ 0.          0.3532612  14.71533966  0.14903083 -3.62055373  2.47441888
 -0.49259675  1.96608353]"
1747093064.3989377,"[ 0.          0.12203743  0.60091121 -2.84426084 -1.86761255  1.0412358
  0.96006844  1.93174946]","[0.00000000e+00 6.62386347e-05 1.20071597e-01 1.12391981e-04
 1.87717753e-01 4.25403532e-01 0.00000000e+00 4.15382989e-01]","[ 0.          0.34667623 14.76437664  0.13517977 -3.67265368  2.54556465
 -0.47691625  1.97810149]"
1747093064.400661,"[ 0.          0.12203743  0.60115089 -2.84426031 -1.86722693  1.04210719
  0.96006844  1.93256466]","[0.00000000e+00 5.15189399e-05 1.21543868e-01 1.22387922e-04
 1.89152082e-01 4.24593232e-01 0.00000000e+00 4.11088342e-01]","[ 0.          0.37471005 14.88918591  0.13687497 -3.65248537  2.56909728
 -0.46047068  1.9407239 ]"
1747093064.4030163,"[ 0.          0.12203743  0.6012712  -2.84426031 -1.86704051  1.04252197
  0.96006844  1.93296892]","[0.00000000e+00 5.01509936e-05 1.22084056e-01 1.19537117e-04
 1.89068225e-01 4.20811876e-01 0.00000000e+00 4.10007964e-01]","[ 0.          0.38860846 14.91954327  0.1762054  -3.59365654  2.59593916
 -0.46016964  1.90193284]"
1747093064.4048727,"[ 0.          0.12203789  0.60165649 -2.84425951 -1.86646686  1.04377772
  0.96006844  1.93421142]","[0.00000000e+00 6.28136915e-05 1.27896489e-01 1.35020723e-04
 1.89580950e-01 4.12979053e-01 0.00000000e+00 4.08531641e-01]","[ 0.          0.45272189 15.05459118  0.18556926 -3.58769345  2.60876012
 -0.48565164  1.97803903]"
1747093064.4067013,"[ 0.          0.12203789  0.60179425 -2.84425897 -1.86627911  1.04418578
  0.96006844  1.9346109 ]","[0.00000000e+00 6.12299161e-05 1.29647292e-01 1.44022773e-04
 1.90225785e-01 4.13789320e-01 0.00000000e+00 4.05146197e-01]","[ 0.          0.48363692 15.01880455  0.17804451 -3.5592525   2.50061202
 -0.47728637  2.02932668]"
1747093064.4085824,"[ 0.          0.12203789  0.60204911 -2.84425817 -1.86585727  1.04502774
  0.96006844  1.93542809]","[0.00000000e+00 6.11112693e-05 1.28566399e-01 1.54878308e-04
 1.91291299e-01 4.09254123e-01 0.00000000e+00 3.96503108e-01]","[ 0.          0.44930282 14.99289894  0.16779247 -3.5507648   2.49968791
 -0.4631606   2.09285378]"
1747093064.4097483,"[ 0.          0.12203835  0.60231403 -2.84425711 -1.86548149  1.04582869
  0.96006844  1.93620919]","[0.00000000e+00 6.46508159e-05 1.29525328e-01 1.70577906e-04
 1.89608431e-01 4.07036909e-01 0.00000000e+00 3.95692808e-01]","[ 0.          0.46725437 15.04755974  0.19446465 -3.56497908  2.40821052
 -0.4508532   2.0798502 ]"
1747093064.411542,"[ 0.          0.12203835  0.60257116 -2.84425578 -1.865094    1.04662497
  0.96006844  1.93700534]","[0.00000000e+00 6.31410032e-05 1.31267377e-01 1.90331526e-04
 1.89831720e-01 4.03255519e-01 0.00000000e+00 3.86779574e-01]","[ 0.          0.51442295 15.13887215  0.21963    -3.50898981  2.33134556
 -0.46954802  2.09608531]"
1747093064.4133341,"[ 0.          0.12203835  0.60270065 -2.84425471 -1.86490518  1.04704355
  0.96006844  1.93738205]","[0.00000000e+00 6.31410032e-05 1.31267377e-01 2.07112887e-04
 1.91499109e-01 3.94208029e-01 0.00000000e+00 3.81917840e-01]","[ 0.          0.51920372 15.18937302  0.2301795  -3.48059964  2.36124086
 -0.49207512  2.15132022]"
1747093064.4151256,"[ 0.          0.12203881  0.60296976 -2.84425338 -1.86452861  1.04779983
  0.96006844  1.93816688]","[0.00000000e+00 7.22588717e-05 1.31402673e-01 2.24398467e-04
 1.90765441e-01 3.80297240e-01 0.00000000e+00 3.82998218e-01]","[ 0.          0.54652691 15.21691704  0.28002533 -3.42904973  2.33435416
 -0.51669478  2.10461903]"
1747093064.4169643,"[ 0.          0.12203881  0.60322736 -2.84425125 -1.8641374   1.04857034
  0.96006844  1.93892229]","[ 0.00000000e+00  7.06830651e-05  1.30594729e-01  2.54530857e-04
  1.91499109e-01  3.75149616e-01 -1.05819570e-05  3.81917840e-01]","[ 0.          0.57296741 15.22373962  0.30392233 -3.44238091  2.37663484
 -0.50371152  2.08825827]"
1747093064.4188106,"[ 0.          0.12203881  0.60335779 -2.84425019 -1.86394778  1.04893759
  0.96006844  1.93932656]","[ 0.00000000e+00  5.89025516e-05  1.32347763e-01  2.68958497e-04
  1.92309409e-01  3.72464417e-01 -1.05899522e-05  3.80666520e-01]","[ 0.          0.58213621 15.2037077   0.33236364 -3.45895648  2.33122516
 -0.50797462  2.125175  ]"
1747093064.4199052,"[ 0.          0.12203927  0.6036255  -2.84424752 -1.86356961  1.04966916
  0.96006844  1.94008196]","[ 0.00000000e+00  6.90594130e-05  1.31267377e-01  3.05465877e-04
  1.91035253e-01  3.70198267e-01 -1.05820616e-05  3.82998218e-01]","[ 0.          0.5489763  15.1675396   0.40821877 -3.51172805  2.3055892
 -0.53088796  2.11133504]"
1747093064.4217334,"[ 0.          0.12203973  0.60388676 -2.84424379 -1.86318185  1.05043396
  0.96006844  1.94087811]","[ 0.00000000e+00  7.90155052e-05  1.33158055e-01  4.17680277e-04
  1.88257942e-01  3.73274717e-01 -1.05899522e-05  3.90697250e-01]","[ 0.          0.53545332 15.17151642  0.42787647 -3.5801909   2.33817148
 -0.54859948  2.1605196 ]"
1747093064.423589,"[ 0.          0.12203973  0.60402957 -2.84424193 -1.86299783  1.05080787
  0.96006844  1.9412644 ]","[ 0.00000000e+00  7.72762744e-05  1.34411896e-01  5.47524919e-04
  1.86637359e-01  3.79216862e-01 -1.05819570e-05  3.91641341e-01]","[ 0.          0.54479855 15.20478153  0.43613446 -3.57700348  2.45338082
 -0.55810285  2.14980817]"
1747093064.424764,"[ 0.          0.12203973  0.60429728 -2.8442374  -1.86262898  1.05156986
  0.96006844  1.94206628]","[ 0.00000000e+00  7.57286696e-05  1.36129127e-01  9.89851594e-04
  1.86907453e-01  3.88940363e-01 -1.05819570e-05  4.10007964e-01]","[ 0.          0.55160892 15.16736031  0.48534817 -3.57341456  2.43296552
 -0.58366227  2.13147879]"
1747093064.4264686,"[ 0.          0.12203973  0.60457831 -2.84423234 -1.86242924  1.05238699
  0.96006844  1.94294539]","[ 0.00000000e+00  7.39077754e-05  1.37749710e-01  1.69407097e-03
  1.88076348e-01  4.02846957e-01 -1.05819570e-05  4.33578671e-01]","[ 0.          0.5346452  15.06107426  0.50249547 -3.58210707  2.41353106
 -0.61040747  2.21115828]"
1747093064.4289734,"[ 0.          0.12204019  0.6047156  -2.84422995 -1.86224336  1.05278939
  0.96006844  1.94338002]","[ 0.00000000e+00  8.44643549e-05  1.39370294e-01  2.02117282e-03
  1.88337021e-01  4.08117286e-01 -1.05819570e-05  4.40799067e-01]","[ 0.          0.52390486 14.99491882  0.5209018  -3.59273672  2.3879199
 -0.61045641  2.28563833]"
1747093064.4301925,"[ 0.          0.12204019  0.60499663 -2.84422409 -1.86185081  1.05365132
  0.96006844  1.94426952]","[ 0.00000000e+00  8.29677490e-05  1.42756254e-01  2.52915363e-03
  1.92339403e-01  4.23083752e-01 -1.05899522e-05  4.54303957e-01]","[ 0.          0.51847386 14.86435318  0.52137423 -3.54893327  2.36279035
 -0.55338138  2.33117294]"
1747093064.4319248,"[ 0.          0.12204065  0.60529098 -2.84421663 -1.86146278  1.05450653
  0.96006844  1.94522373]","[ 0.00000000e+00  8.63673024e-05  1.43961950e-01  3.02781546e-03
  1.97981443e-01  4.37654240e-01 -1.05820616e-05  4.69969602e-01]","[ 0.          0.5022192  14.70558071  0.51271451 -3.49015832  2.34704876
 -0.5468263   2.40810633]"
1747093064.4338105,"[ 0.          0.12204065  0.60543286 -2.84420811 -1.86105132  1.05543025
  0.96006751  1.94617408]","[ 0.00000000e+00  8.47727542e-05  1.43961950e-01  3.72321312e-03
  2.01556870e-01  4.55144750e-01 -1.85184257e-05  4.85365170e-01]","[ 0.          0.49557927 14.66309738  0.51481199 -3.45401502  2.27006745
 -0.56410772  2.35974526]"
1747093064.4349966,"[ 0.          0.12204065  0.6057515  -2.84420305 -1.86085159  1.05588398
  0.96006751  1.94670018]","[ 0.00000000e+00  7.97861216e-05  1.44772250e-01  4.43749789e-03
  2.02367852e-01  4.60246101e-01 -1.85324169e-05  4.95518472e-01]","[ 0.          0.50186998 14.56644344  0.52382517 -3.44704914  2.22409034
 -0.56174028  2.36636329]"
1747093064.437479,"[ 0.          0.12204065  0.60603806 -2.84419053 -1.86043134  1.05682674
  0.96006751  1.94770566]","[ 0.00000000e+00  7.83397914e-05  1.44772250e-01  5.79138813e-03
  2.05880911e-01  4.62166274e-01 -1.85184257e-05  5.12374916e-01]","[ 0.          0.47064498 14.48821354  0.52838975 -3.41301084  2.20383978
 -0.54530239  2.27051234]"
1747093064.4393103,"[ 0.          0.12204065  0.60633147 -2.84417322 -1.86002361  1.05774573
  0.96006751  1.94877492]","[ 0.00000000e+00  7.69449559e-05  1.42881572e-01  8.77816802e-03
  2.06894660e-01  4.66998546e-01 -1.85324169e-05  5.24858384e-01]","[ 0.          0.42673558 14.38577843  0.52535093 -3.38031483  2.21889234
 -0.53858674  2.14339161]"
1747093064.4404998,"[ 0.          0.12204065  0.60660884 -2.84414978 -1.85959431  1.05867231
  0.96006751  1.94982514]","[ 0.00000000e+00  8.17525355e-05  1.39640388e-01  1.24244839e-02
  2.10645506e-01  4.70779902e-01 -1.85184257e-05  5.35333196e-01]","[ 0.          0.39528474 14.27256775  0.50758767 -3.38666129  2.21775389
 -0.53906524  2.08981013]"
1747093064.4429321,"[ 0.          0.1220411   0.60675718 -2.84413594 -1.85938312  1.05917838
  0.96006751  1.95035404]","[ 0.00000000e+00  8.97721305e-05  1.39678039e-01  1.40450684e-02
  2.14187294e-01  4.76460059e-01 -1.85324169e-05  5.35870089e-01]","[ 0.          0.39811248 14.2134409   0.48054641 -3.39512157  2.26968598
 -0.52983201  2.07354665]"
1747093064.4448254,"[ 0.          0.1220411   0.60703408 -2.84410158 -1.85895701  1.06013732
  0.96006751  1.95145672]","[ 0.00000000e+00  7.88370291e-05  1.41134022e-01  1.80965312e-02
  2.16128872e-01  4.90226904e-01 -1.85324169e-05  5.41275341e-01]","[ 0.          0.37968245 14.17074585  0.44071865 -3.47332406  2.38407397
 -0.52974451  2.06381035]"
1747093064.4465911,"[ 0.          0.1220411   0.6073201  -2.84405551 -1.85851253  1.06121796
  0.96006751  1.95253064]","[ 0.00000000e+00  7.88370291e-05  1.39176499e-01  2.37685775e-02
  2.16914720e-01  4.93316670e-01 -1.85325998e-05  5.43976319e-01]","[ 0.          0.34919724 14.14464855  0.38266277 -3.61170506  2.40888977
 -0.52211678  2.15478468]"
1747093064.4477594,"[ 0.          0.1220411   0.60759521 -2.84399958 -1.85808456  1.0621255
  0.96006751  1.95363519]","[ 0.00000000e+00  7.29470771e-05  1.39370294e-01  2.97107224e-02
  2.16888272e-01  5.01375928e-01 -1.05820616e-05  5.38574363e-01]","[ 0.          0.32033262 14.22994518  0.27875423 -3.74407649  2.41107941
 -0.49703828  2.24340415]"
1747093064.4495778,"[ 0.          0.1220411   0.6078785  -2.84393167 -1.85764141  1.0632443
  0.96006751  1.95469393]","[ 0.00000000e+00  7.29470771e-05  1.38424189e-01  3.42676240e-02
  2.15159331e-01  5.10914506e-01 -1.05819570e-05  5.35333196e-01]","[ 0.          0.26172075 14.29519844  0.18576059 -3.82796383  2.3652916
 -0.4856163   2.18272161]"
1747093064.452031,"[ 0.          0.1220411   0.60801353 -2.84389678 -1.85742836  1.06367333
  0.96006751  1.95526091]","[ 0.00000000e+00  7.16445193e-05  1.36800676e-01  3.53827707e-02
  2.16077989e-01  5.14430744e-01 -1.05899522e-05  5.33886034e-01]","[ 0.          0.22862878 14.38575554  0.15761501 -3.8700819   2.32559919
 -0.49240714  2.20307875]"
1747093064.4531581,"[ 0.          0.1220411   0.60828444 -2.84382328 -1.85699613  1.06469885
  0.96006751  1.95632165]","[ 0.00000000e+00  7.04749732e-05  1.36939419e-01  3.61930625e-02
  2.19859344e-01  5.21018039e-01 -1.05820616e-05  5.41275341e-01]","[ 0.          0.1583396  14.4201622   0.05301472 -3.91159749  2.24041605
 -0.48496103  2.15480447]"
1747093064.4543195,"[ 0.          0.1220411   0.60842905 -2.84374924 -1.85654472  1.06584228
  0.96006751  1.95740236]","[ 0.00000000e+00  6.93441212e-05  1.36167277e-01  3.80837445e-02
  2.20174713e-01  5.20465500e-01 -1.05899522e-05  5.48281985e-01]","[ 0.          0.08111123 14.41607189 -0.05111359 -3.97221971  2.24632168
 -0.48354661  2.07209945]"
1747093064.4560778,"[ 0.          0.1220411   0.60856267 -2.8437085  -1.85632661  1.06635886
  0.96006751  1.95798932]","[ 0.00000000e+00  6.92584674e-05  1.35588930e-01  4.13249156e-02
  2.21209833e-01  5.23458194e-01 -1.05819570e-05  5.52693677e-01]","[ 0.          0.04644862 14.48894119 -0.08774824 -4.00869274  2.356673
 -0.48205093  2.03638792]"
1747093064.4579575,"[ 0.          0.1220411   0.60882033 -2.84361422 -1.85589092  1.06743664
  0.96006751  1.95908428]","[ 0.00000000e+00  6.82500861e-05  1.29106596e-01  4.75371550e-02
  2.20669644e-01  5.26118359e-01 -1.05820616e-05  5.55860609e-01]","[ 0.         -0.01869794 14.59208393 -0.15441148 -4.08903885  2.39724612
 -0.45674673  2.04971886]"
1747093064.4597602,"[ 0.          0.12204065  0.60895715 -2.84356415 -1.85567414  1.06795896
  0.96006751  1.95963129]","[ 0.00000000e+00  5.96462178e-05  1.28894991e-01  5.07783261e-02
  2.19859344e-01  5.30198888e-01 -1.05900569e-05  5.54780231e-01]","[ 0.         -0.05238643 14.62988281 -0.18370819 -4.08945131  2.39971328
 -0.4433904   2.06645012]"
1747093064.4609673,"[ 0.          0.12204065  0.60921288 -2.8434507  -1.85522832  1.06900631
  0.96006751  1.96076993]","[ 0.00000000e+00  5.11245128e-05  1.30727179e-01  5.71752099e-02
  2.16618177e-01  5.31551840e-01 -1.05819570e-05  5.56106884e-01]","[ 0.         -0.13026483 14.80818939 -0.29276776 -4.08138847  2.42243266
 -0.44886208  2.08406663]"
1747093064.4634163,"[ 0.          0.12204065  0.60948565 -2.84332687 -1.85478464  1.07008988
  0.96006751  1.96186489]","[ 0.00000000e+00  5.03909366e-05  1.33910356e-01  6.50934910e-02
  2.16162411e-01  5.27770484e-01 -1.06059783e-05  5.53699820e-01]","[ 0.         -0.2329717  14.92109966 -0.40257239 -4.08598709  2.52711439
 -0.44754004  2.1378839 ]"
1747093064.4652994,"[ 0.          0.12204065  0.60975337 -2.84317746 -1.85435907  1.07113151
  0.96006751  1.962995  ]","[ 0.00000000e+00  5.03306237e-05  1.36399221e-01  7.51597656e-02
  2.15319404e-01  5.29124502e-01 -1.05819570e-05  5.50998842e-01]","[ 0.         -0.34187117 14.97421741 -0.520208   -4.10365582  2.57316327
 -0.44271621  2.1615665 ]"
1747093064.4671183,"[ 0.          0.12204019  0.61003533 -2.84302087 -1.85391831  1.07221316
  0.96006844  1.96406905]","[0.00000000e+00 4.13008431e-05 1.38925729e-01 8.07591450e-02
 2.15159331e-01 5.29387789e-01 0.00000000e+00 5.41806209e-01]","[ 0.         -0.41807494 15.01522446 -0.63618356 -4.04905748  2.63998532
 -0.41535491  2.13812995]"
1747093064.4690044,"[ 0.          0.12204019  0.61031356 -2.84284776 -1.85349034  1.07325865
  0.96006844  1.9651764 ]","[0.00000000e+00 3.66109391e-05 1.41531083e-01 8.56821314e-02
 2.16348083e-01 5.31551840e-01 0.00000000e+00 5.41910638e-01]","[ 0.         -0.55884641 15.10881424 -0.77286792 -3.98751974  2.6801331
 -0.41387388  2.07324958]"
1747093064.4708545,"[ 0.          0.12204019  0.61045504 -2.84276254 -1.85327756  1.07377903
  0.96006844  1.96571009]","[0.00000000e+00 3.66109391e-05 1.43276452e-01 8.64311954e-02
 2.15807877e-01 5.27770484e-01 0.00000000e+00 5.41275341e-01]","[ 0.         -0.62173009 15.17452621 -0.80441225 -3.94795561  2.61259127
 -0.40379712  1.98695707]"
1747093064.4726782,"[ 0.          0.12203973  0.61074799 -2.8425921  -1.85283361  1.07433456
  0.96006844  1.96682875]","[0.00000000e+00 2.80202127e-05 1.43188784e-01 8.67012899e-02
 2.17211729e-01 5.22610909e-01 0.00000000e+00 5.48179852e-01]","[ 0.         -0.73301727 15.20930004 -0.88209933 -3.88257861  2.60591936
 -0.38113031  1.91227436]"
1747093064.4745228,"[ 0.          0.12203927  0.61102809 -2.84241127 -1.85240511  1.07535442
  0.96006844  1.96792478]","[0.00000000e+00 2.00376275e-05 1.40990877e-01 8.88620706e-02
 2.17158366e-01 5.15345972e-01 0.00000000e+00 5.57751287e-01]","[ 0.         -0.86491925 15.26221371 -0.97964048 -3.81157589  2.5883894
 -0.37263358  1.96792662]"
1747093064.4763446,"[ 0.          0.12203881  0.61131278 -2.8422371  -1.85196169  1.07640271
  0.96006844  1.96906062]","[0.00000000e+00 1.18334671e-05 1.38293969e-01 8.80517789e-02
 2.16888272e-01 5.10484239e-01 0.00000000e+00 5.53696757e-01]","[ 0.         -0.98097426 15.36287785 -1.02640474 -3.77058291  2.59248257
 -0.35865167  1.96756208]"
1747093064.4780467,"[ 0.          0.12203881  0.61158462 -2.84205254 -1.85153079  1.07740539
  0.96006844  1.97015265]","[0.00000000e+00 7.88897775e-06 1.38289908e-01 9.07527485e-02
 2.18827120e-01 5.08887707e-01 0.00000000e+00 5.53699820e-01]","[ 0.         -1.09586048 15.422966   -1.10146427 -3.78762817  2.56953716
 -0.3741945   2.09350514]"
1747093064.4800396,"[ 0.          0.12203835  0.61172051 -2.84196493 -1.85131454  1.07794574
  0.96006844  1.97069393]","[0.         0.         0.13774971 0.08886207 0.21931916 0.50928878
 0.         0.54828198]","[ 0.         -1.14983094 15.46343422 -1.13953733 -3.79654813  2.4694345
 -0.38017023  2.14772105]"
1747093064.4812326,"[ 0.          0.12203835  0.61200707 -2.84178809 -1.85086606  1.07893418
  0.96006844  1.971807  ]","[0.         0.         0.14043033 0.0854316  0.21931916 0.49887003
 0.         0.54235572]","[ 0.         -1.22489977 15.55989742 -1.20642161 -3.77775598  2.57030988
 -0.38210943  2.16515422]"
1747093064.4830425,"[ 0.          0.12203789  0.61228763 -2.84162591 -1.85043357  1.07993972
  0.96006844  1.97286867]","[ 0.00000000e+00 -7.34432116e-06  1.43961950e-01  8.07591450e-02
  2.19589250e-01  4.88246178e-01  0.00000000e+00  5.37493985e-01]","[ 0.         -1.28836226 15.61389732 -1.24176514 -3.8298769   2.55386782
 -0.35216457  2.26872635]"
1747093064.4848766,"[ 0.          0.12203789  0.61242905 -2.84155027 -1.85020107  1.08042295
  0.96006844  1.97339664]","[ 0.00000000e+00 -7.35202586e-06  1.43421761e-01  7.67076863e-02
  2.18714917e-01  4.89956826e-01  0.00000000e+00  5.35333196e-01]","[ 0.         -1.3316288  15.60684013 -1.23116124 -3.84964252  2.66410685
 -0.3450011   2.30351233]"
1747093064.4866965,"[ 0.          0.12203743  0.61272938 -2.84140007 -1.8497763   1.08138755
  0.96006844  1.97449067]","[ 0.00000000e+00 -1.07247144e-05  1.47473228e-01  7.27228567e-02
  2.14187294e-01  4.88066148e-01  0.00000000e+00  5.34522896e-01]","[ 0.         -1.40014911 15.58147621 -1.2368809  -3.87660074  2.71403813
 -0.34513277  2.29486012]"
1747093064.4885514,"[ 0.          0.12203743  0.61302326 -2.84125919 -1.84933635  1.08238929
  0.96006844  1.97557804]","[ 0.00000000e+00 -1.05846207e-05  1.49752211e-01  7.07655415e-02
  2.15410101e-01  4.92117615e-01  0.00000000e+00  5.29622979e-01]","[ 0.         -1.39885485 15.58433723 -1.2464453  -3.82994437  2.64991212
 -0.34060577  2.2476337 ]"
1747093064.4903855,"[ 0.          0.12203697  0.6133254  -2.84111991 -1.8489121   1.0833501
  0.96006844  1.97662346]","[ 0.00000000e+00 -2.46977754e-05  1.46950316e-01  6.74567136e-02
  2.15049576e-01  4.87255848e-01  0.00000000e+00  5.31551840e-01]","[ 0.         -1.4172436  15.60155678 -1.23752749 -3.72249293  2.54944658
 -0.3423292   2.33081579]"
1747093064.492059,"[ 0.          0.12203651  0.61361835 -2.84098622 -1.84847002  1.08433946
  0.96006844  1.97770897]","[ 0.00000000e+00 -3.09150655e-05  1.48553606e-01  6.86047607e-02
  2.16618177e-01  4.83965313e-01  0.00000000e+00  5.30122189e-01]","[ 0.         -1.43493378 15.59588146 -1.21642828 -3.6330688   2.50356102
 -0.33817512  2.23208642]"
1747093064.4939494,"[ 0.          0.12203651  0.61392648 -2.84084533 -1.84803965  1.08529647
  0.96006844  1.9787468 ]","[ 0.00000000e+00 -3.05268355e-05  1.50291868e-01  6.83953863e-02
  2.17968666e-01  4.85365170e-01  0.00000000e+00  5.25879773e-01]","[ 0.         -1.46161294 15.57962227 -1.19888461 -3.55439377  2.44867539
 -0.36032781  2.28980207]"
1747093064.495807,"[ 0.          0.12203651  0.61407388 -2.84077796 -1.84782394  1.08581019
  0.96006844  1.97926052]","[ 0.00000000e+00 -3.05268355e-05  1.49785917e-01  6.83346621e-02
  2.18778950e-01  4.83732353e-01  0.00000000e+00  5.21018039e-01]","[ 0.         -1.46620309 15.57129288 -1.18524241 -3.53239799  2.37913847
 -0.38610578  2.33504128]"
1747093064.4975495,"[ 0.          0.12203605  0.61437282 -2.84064054 -1.84737759  1.08677386
  0.96006844  1.98030315]","[ 0.00000000e+00 -3.34660472e-05  1.51794789e-01  6.99552497e-02
  2.17968666e-01  4.88650912e-01  0.00000000e+00  5.05298431e-01]","[ 0.         -1.47749305 15.51969337 -1.16839349 -3.46127272  2.43652821
 -0.36609867  2.32427049]"
1747093064.4993694,"[ 0.          0.12203605  0.61469107 -2.84049726 -1.84694909  1.0877794
  0.96006937  1.981282  ]","[ 0.00000000e+00 -3.30560563e-05  1.56656540e-01  6.97136303e-02
  2.17428461e-01  4.88998487e-01  1.06059783e-05  4.93197993e-01]","[ 0.         -1.45759892 15.49603844 -1.1609087  -3.360291    2.51104116
 -0.31548455  2.25928617]"
1747093064.5012336,"[ 0.          0.1220356   0.61500512 -2.8403665  -1.84650194  1.0887412
  0.96006937  1.98227802]","[ 0.00000000e+00 -4.57189411e-05  1.60167801e-01  6.55671883e-02
  2.18238761e-01  4.87255848e-01  1.05979587e-05  4.83732353e-01]","[ 0.         -1.47431517 15.42437172 -1.15324688 -3.26999402  2.58626771
 -0.31353578  2.29986596]"
1747093064.5030367,"[ 0.          0.1220356   0.61533482 -2.84023654 -1.84605187  1.08974381
  0.96006937  1.98323316]","[ 0.00000000e+00 -4.51733255e-05  1.60978101e-01  6.26921145e-02
  2.20218122e-01  4.88998487e-01  1.06058726e-05  4.85365170e-01]","[ 0.         -1.43480515 15.33600616 -1.13416636 -3.18735051  2.52177858
 -0.32933286  2.16290045]"
1747093064.5042355,"[ 0.          0.1220356   0.61564848 -2.84011936 -1.84561378  1.09071227
  0.96006937  1.98430908]","[ 0.00000000e+00 -4.45989229e-05  1.58817312e-01  5.78595424e-02
  2.22020133e-01  4.91618971e-01  1.05979587e-05  4.89146526e-01]","[ 0.         -1.40539551 15.24647522 -1.10126066 -3.15628219  2.47724533
 -0.3240878   2.11197853]"
1747093064.5060263,"[ 0.          0.1220356   0.61581559 -2.84006476 -1.84539567  1.09119936
  0.96006937  1.98479324]","[ 0.00000000e+00 -4.40790384e-05  1.57482586e-01  5.53138808e-02
  2.21209833e-01  4.94008293e-01  1.05979587e-05  4.91037204e-01]","[ 0.         -1.3938669  15.23155308 -1.08738995 -3.13809443  2.37852383
 -0.32512033  2.11746979]"
1747093064.5071926,"[ 0.          0.12203514  0.61612645 -2.83995903 -1.84494106  1.0922125
  0.96006937  1.98581403]","[ 0.00000000e+00 -5.28608543e-05  1.57466823e-01  5.05082274e-02
  2.21930085e-01  4.94008293e-01  1.06059783e-05  5.00784606e-01]","[ 0.         -1.35073411 15.26099968 -1.05336738 -3.1020751   2.24044037
 -0.33412379  2.04806495]"
1747093064.5089893,"[ 0.          0.12203514  0.61628031 -2.83991003 -1.84472215  1.0926948
  0.96006937  1.98630778]","[ 0.00000000e+00 -5.22592293e-05  1.56116334e-01  4.96979357e-02
  2.22020133e-01  4.89146526e-01  1.05979587e-05  5.00760705e-01]","[ 0.         -1.33271229 15.30203915 -1.02615345 -3.05512142  2.31700277
 -0.33844626  2.05995059]"
1747093064.5108254,"[ 0.          0.12203514  0.61659576 -2.83981363 -1.84428486  1.09369748
  0.96006937  1.98729994]","[ 0.00000000e+00 -5.17154098e-05  1.52875167e-01  4.59165715e-02
  2.21750022e-01  4.90001567e-01  1.06059783e-05  5.03461682e-01]","[ 0.         -1.27792108 15.30796242 -0.95771408 -2.99489999  2.30127716
 -0.34307465  2.06514478]"
1747093064.512686,"[ 0.          0.12203514  0.61674636 -2.83977048 -1.84406302  1.09417791
  0.96006937  1.98784216]","[ 0.00000000e+00 -5.16705510e-05  1.52875167e-01  4.37557908e-02
  2.24991189e-01  4.87255848e-01  1.06059783e-05  5.10564599e-01]","[ 0.         -1.24155569 15.29137897 -0.91802371 -2.98952961  2.18019938
 -0.3372142   2.05497313]"
1747093064.5145047,"[ 0.          0.12203514  0.61705862 -2.83969325 -1.84359643  1.09514058
  0.96006937  1.9888487 ]","[ 0.00000000e+00 -5.10961444e-05  1.52875167e-01  3.72734528e-02
  2.28232373e-01  4.88066148e-01  1.05979587e-05  5.10776487e-01]","[ 0.         -1.16764927 15.2816534  -0.8377223  -3.03808451  2.2141757
 -0.34247583  2.11084986]"
1747093064.5169036,"[ 0.          0.12203514  0.61736581 -2.83962481 -1.84312639  1.09614805
  0.96006937  1.98988747]","[ 0.00000000e+00 -5.05338027e-05  1.56386445e-01  3.21415997e-02
  2.29954672e-01  4.91618971e-01  1.06058726e-05  5.06432772e-01]","[ 0.         -1.08197248 15.28188515 -0.78236657 -3.13360715  2.2898562
 -0.37336558  2.16675997]"
1747093064.5180352,"[ 0.          0.12203514  0.61768586 -2.83956702 -1.84267498  1.09711171
  0.96006937  1.99088163]","[ 0.00000000e+00 -5.00666158e-05  1.55727213e-01  2.83602355e-02
  2.28772562e-01  4.87255848e-01  1.05979587e-05  5.03461682e-01]","[ 0.         -0.98905343 15.31544304 -0.68248838 -3.14660573  2.36242175
 -0.41085011  2.11500049]"
1747093064.5198221,"[ 0.          0.12203514  0.61799585 -2.83951242 -1.8422273   1.09810867
  0.96006937  1.99137444]","[ 0.00000000e+00 -5.53078652e-05  1.57307283e-01  2.58291505e-02
  2.25801489e-01  4.87243131e-01  1.06059783e-05  4.99174060e-01]","[ 0.         -0.88171774 15.35057354 -0.62073863 -3.1956172   2.373353
 -0.41151869  2.17034745]"
1747093064.5216434,"[ 0.          0.1220356   0.61830991 -2.83946768 -1.84177004  1.09906947
  0.96006937  1.99240748]","[ 0.00000000e+00 -4.94854472e-05  1.60167801e-01  2.16077989e-02
  2.22830417e-01  4.88336226e-01  1.05979587e-05  5.05919647e-01]","[ 0.         -0.7421369  15.414361   -0.52342951 -3.23167777  2.49357533
 -0.40244523  2.10630393]"
1747093064.5234687,"[ 0.          0.1220356   0.61848075 -2.83944851 -1.84154846  1.09954704
  0.96006937  1.99291082]","[ 0.00000000e+00 -4.95265877e-05  1.60993348e-01  1.94470181e-02
  2.24721095e-01  4.84284759e-01  1.06059783e-05  5.10484239e-01]","[ 0.         -0.70651162 15.47511578 -0.47182855 -3.2368741   2.50109744
 -0.40971178  2.04982281]"
1747093064.5245664,"[ 0.          0.1220356   0.61879986 -2.83941868 -1.8410888   1.10053354
  0.96006937  1.99396677]","[ 0.00000000e+00 -5.47175534e-05  1.62058479e-01  1.29515433e-02
  2.24437768e-01  4.79423025e-01  1.05979587e-05  5.19127361e-01]","[ 0.         -0.62415838 15.51586914 -0.36423594 -3.24506664  2.39332938
 -0.43545449  1.99218822]"
1747093064.5264268,"[ 0.          0.1220356   0.61896012 -2.83940909 -1.84086856  1.10100353
  0.96006937  1.99447942]","[ 0.00000000e+00 -5.41402940e-05  1.62598684e-01  9.72350907e-03
  2.23370606e-01  4.76722047e-01  1.05979587e-05  5.19937628e-01]","[ 0.         -0.57029158 15.47980785 -0.33219472 -3.27377939  2.32325673
 -0.4673124   2.00692368]"
1747093064.5282447,"[ 0.          0.1220356   0.61929534 -2.83939897 -1.84042727  1.1019586
  0.96006937  1.99554309]","[ 0.00000000e+00 -5.35320086e-05  1.63949173e-01  3.51075840e-03
  2.23910811e-01  4.65918135e-01  1.06059783e-05  5.17836860e-01]","[ 0.         -0.4763115  15.4954834  -0.24095868 -3.2761755   2.28136969
 -0.47187483  2.00490403]"
1747093064.530102,"[ 0.          0.12203605  0.61963516 -2.8394003  -1.83996948  1.1028738
  0.96006937  1.99656281]","[ 0.00000000e+00 -4.74025891e-05  1.66008712e-01 -1.88876664e-03
  2.22560322e-01  4.63557309e-01  1.05979587e-05  5.16966572e-01]","[ 0.         -0.34602693 15.51940441 -0.13288383 -3.22588301  2.35626316
 -0.46419597  1.95171332]"
1747093064.531743,"[ 0.          0.12203605  0.61980134 -2.8394027  -1.83975083  1.10381935
  0.96006937  1.99761596]","[ 0.00000000e+00 -4.74025891e-05  1.68540829e-01 -2.15968463e-03
  2.21750022e-01  4.62136779e-01  1.06059783e-05  5.12088560e-01]","[ 0.         -0.30000496 15.56129932 -0.08281769 -3.19570708  2.45940566
 -0.46628347  2.02374983]"
1747093064.5336382,"[ 0.          0.12203605  0.62013244 -2.8394059  -1.83929729  1.10427602
  0.96006937  1.9981153 ]","[ 0.00000000e+00 -4.69177374e-05  1.68000624e-01 -1.84332177e-03
  2.21177776e-01  4.63217157e-01  1.85604623e-05  5.06432772e-01]","[ 0.00000000e+00 -1.72509983e-01  1.55117722e+01  1.27197150e-02
 -3.20642591e+00  2.44113326e+00 -4.75751340e-01  2.08600044e+00]"
1747093064.535522,"[ 0.          0.12203651  0.62048005 -2.83940297 -1.8388592   1.10518356
  0.96006937  1.99911239]","[ 0.00000000e+00 -4.37112242e-05  1.70271784e-01  6.30227449e-04
  2.22020133e-01  4.58355424e-01  1.85464284e-05  5.04542094e-01]","[ 0.         -0.03692588 15.48081398  0.08025905 -3.23644972  2.50286198
 -0.48708907  2.05676198]"
1747093064.5373375,"[ 0.          0.12203651  0.620818   -2.83939924 -1.8384046   1.10610727
  0.96006937  2.00013212]","[ 0.00000000e+00 -4.32401524e-05  1.71068302e-01  1.11696396e-03
  2.21679315e-01  4.48631923e-01  1.85464284e-05  4.96270781e-01]","[ 0.          0.0701986  15.48440742  0.13710707 -3.25554204  2.50945234
 -0.48230985  2.06596065]"
1747093064.5390844,"[ 0.          0.12203697  0.62116748 -2.83939924 -1.83796598  1.10702433
  0.96006844  2.00110537]","[ 0.00000000e+00 -3.78647208e-05  1.70522554e-01  1.11094662e-03
  2.21795180e-01  4.47872456e-01  1.05819570e-05  4.94008293e-01]","[ 0.          0.18879054 15.50611973  0.18823081 -3.24891949  2.39518476
 -0.48635072  2.06509948]"
1747093064.5402124,"[ 0.          0.12203743  0.6215059  -2.8394003  -1.83751324  1.10790145
  0.96006844  2.00210991]","[ 0.00000000e+00 -3.21337068e-05  1.71241807e-01  6.41725530e-04
  2.20129439e-01  4.42959856e-01  1.05820616e-05  4.89146526e-01]","[ 0.          0.31569326 15.51110935  0.21185318 -3.258111    2.40509439
 -0.51649576  2.01418662]"
1747093064.542523,"[ 0.          0.12203743  0.62167488 -2.83940084 -1.83729513  1.10833521
  0.96006844  2.00259314]","[ 0.00000000e+00 -3.74603175e-05  1.71241807e-01  3.01945706e-04
  2.21209833e-01  4.39542987e-01  1.05820616e-05  4.89956826e-01]","[ 0.          0.39184779 15.51076031  0.23372288 -3.29530168  2.48412418
 -0.54474151  2.00818515]"
1747093064.5441818,"[ 0.          0.12203789  0.62202615 -2.83939924 -1.8368613   1.10923229
  0.96006844  2.00359582]","[ 0.00000000e+00 -3.17938749e-05  1.71068302e-01  0.00000000e+00
  2.19319155e-01  4.37017711e-01  1.05739739e-05  4.90001567e-01]","[ 0.          0.45101476 15.52149582  0.27971268 -3.36213183  2.36212802
 -0.55894077  2.0511775 ]"
1747093064.54591,"[ 0.          0.12203789  0.62236597 -2.83939897 -1.83641495  1.11007612
  0.96006844  2.00456521]","[ 0.00000000e+00 -3.17941919e-05  1.73402580e-01  2.95021731e-05
  2.17208168e-01  4.23512854e-01  1.05819570e-05  4.91037204e-01]","[ 0.          0.56277829 15.53366184  0.33836776 -3.4610374   2.24655294
 -0.54470134  2.05906272]"
1747093064.5477345,"[ 0.          0.12203835  0.62253721 -2.83939897 -1.8362003   1.11051754
  0.96006844  2.00504565]","[ 0.00000000e+00 -2.64948971e-05  1.73672674e-01  2.65970352e-05
  2.17698572e-01  4.15382989e-01  1.05819570e-05  4.87255848e-01]","[ 0.          0.61324322 15.54047871  0.36054134 -3.51063395  2.22295761
 -0.54766697  2.09943676]"
1747093064.5496244,"[ 0.          0.12203881  0.62290179 -2.83939924 -1.83575449  1.11132707
  0.96006844  2.00603688]","[ 0.00000000e+00 -2.38634509e-05  1.78623358e-01 -2.42105546e-05
  2.17428461e-01  4.08927586e-01  1.05819570e-05  4.81313703e-01]","[ 0.          0.70977348 15.57325745  0.39223686 -3.59530044  2.18657112
 -0.55175328  2.21576643]"
1747093064.551375,"[ 0.          0.12203927  0.62325859 -2.83939897 -1.83532705  1.1121623
  0.96006844  2.00696539]","[ 0.00000000e+00 -1.85604623e-05  1.81235403e-01  2.20789347e-05
  2.16077989e-01  4.05743378e-01  1.05819570e-05  4.68889224e-01]","[ 0.          0.77203566 15.53659153  0.41102791 -3.70405149  2.22252679
 -0.55395401  2.29994822]"
1747093064.553364,"[ 0.          0.12203927  0.6236347  -2.83939844 -1.83488337  1.11296811
  0.96006844  2.00790429]","[ 0.00000000e+00 -1.85606472e-05  1.83813276e-01  5.69294814e-05
  2.16460136e-01  4.09592544e-01  1.05819570e-05  4.55384334e-01]","[ 0.          0.85704237 15.52107239  0.47031951 -3.79627776  2.24438167
 -0.53033656  2.37920547]"
1747093064.5551393,"[ 0.          0.12204019  0.62400108 -2.83939791 -1.83445966  1.113809
  0.96006844  2.00879192]","[ 0.00000000e+00 -7.95448397e-06  1.86367264e-01  1.23490515e-04
  2.14187294e-01  4.12012592e-01  1.05819570e-05  4.47821623e-01]","[ 0.          0.93829978 15.46711636  0.46403545 -3.90359282  2.30636358
 -0.54009807  2.32980061]"
1747093064.556995,"[ 0.          0.12204065  0.62437992 -2.83939711 -1.83402743  1.11461574
  0.96006844  2.00970698]","[ 0.00000000e+00 -5.30298914e-06  1.84476569e-01  1.99649729e-04
  2.10143966e-01  4.08117286e-01  1.05899522e-05  4.46741212e-01]","[ 0.          1.02962708 15.4270916   0.53607452 -3.93222499  2.36615181
 -0.54538351  2.30953717]"
1747093064.5588217,"[ 0.          0.1220411   0.62455948 -2.83939657 -1.83381944  1.11501621
  0.96006844  2.0101484 ]","[0.00000000e+00 0.00000000e+00 1.82045703e-01 2.19409494e-04
 2.10946127e-01 4.06226608e-01 1.05819570e-05 4.47821623e-01]","[ 0.          1.07068682 15.37194252  0.56690526 -3.89133525  2.34132504
 -0.55008125  2.2863276 ]"
1747093064.5606298,"[ 0.          0.1220411   0.62493279 -2.83939524 -1.83338827  1.11584386
  0.96006844  2.0110588 ]","[0.00000000e+00 5.30298914e-06 1.83311736e-01 2.65742661e-04
 2.11147046e-01 4.04735704e-01 1.05819570e-05 4.44361710e-01]","[ 0.          1.11481333 15.3731308   0.58910644 -3.78391814  2.36403012
 -0.55674303  2.13599348]"
1747093064.562523,"[ 0.          0.12204156  0.62529697 -2.83939338 -1.83297601  1.11663821
  0.96006844  2.01193312]","[0.00000000e+00 7.95448397e-06 1.84289666e-01 3.29505035e-04
 2.09055449e-01 4.02445253e-01 1.05820616e-05 4.42959856e-01]","[ 0.          1.22177887 15.34820747  0.64684373 -3.67405534  2.40902567
 -0.54848796  2.1042459 ]"
1747093064.5636528,"[ 0.          0.12204249  0.62566203 -2.83939072 -1.83254671  1.11746199
  0.96006844  2.01282261]","[0.00000000e+00 1.85604623e-05 1.85827058e-01 4.15721982e-04
 2.09642426e-01 4.04065819e-01 1.05819570e-05 4.56002254e-01]","[ 0.          1.25683081 15.21319103  0.70200998 -3.67657566  2.33922744
 -0.54811084  2.10778856]"
1747093064.5661821,"[ 0.          0.1220434   0.62604359 -2.83938699 -1.83213392  1.11828305
  0.96006844  2.01378335]","[0.00000000e+00 3.18179359e-05 1.87177547e-01 5.31908821e-04
 2.09055449e-01 4.19306192e-01 1.05819570e-05 4.74831369e-01]","[ 0.          1.34046364 15.08005524  0.73291236 -3.66496992  2.23801231
 -0.56229359  2.0568018 ]"
1747093064.567879,"[ 0.          0.12204386  0.62641091 -2.83938246 -1.83170915  1.11914871
  0.96006844  2.01476419]","[0.00000000e+00 3.71209245e-05 1.86637359e-01 6.58833154e-04
 2.07134744e-01 4.23512854e-01 0.00000000e+00 5.04542094e-01]","[ 0.          1.40731263 14.96621609  0.78430414 -3.64623713  2.10757804
 -0.55217594  2.0900836 ]"
1747093064.5697277,"[ 0.          0.12204432  0.62678841 -2.83937767 -1.83129902  1.11999346
  0.96006844  2.01582865]","[0.00000000e+00 4.24239132e-05 1.83480198e-01 9.23826590e-04
 2.08245149e-01 4.30265266e-01 0.00000000e+00 5.24799395e-01]","[ 0.          1.45680511 14.94081211  0.82841486 -3.54089141  2.10442257
 -0.56505144  2.10751557]"
1747093064.570852,"[ 0.          0.12204432  0.62696791 -2.83937554 -1.83109236  1.12045579
  0.96006844  2.01635569]","[0.00000000e+00 4.50754075e-05 1.82045703e-01 1.26852305e-03
 2.09595638e-01 4.34924533e-01 0.00000000e+00 5.34522896e-01]","[ 0.          1.50181985 14.91711903  0.87131298 -3.4721055   2.14361095
 -0.56333983  2.13966393]"
1747093064.5726514,"[ 0.          0.12204524  0.62734215 -2.83936914 -1.83065853  1.12132531
  0.96006844  2.01744013]","[0.00000000e+00 5.83328791e-05 1.83311736e-01 2.38941128e-03
 2.12651649e-01 4.43320514e-01 0.00000000e+00 5.54780231e-01]","[ 0.          1.56706786 14.85254955  0.89544773 -3.38866782  2.11542773
 -0.55246711  2.17994237]"
1747093064.5744534,"[ 0.          0.12204616  0.62752265 -2.83936595 -1.83044574  1.12176766
  0.96006844  2.01803761]","[0.00000000e+00 6.89388604e-05 1.83126081e-01 2.67079193e-03
 2.15807877e-01 4.48631923e-01 0.00000000e+00 5.62724407e-01]","[ 0.          1.62540483 14.79543209  0.92343295 -3.38378143  2.14652085
 -0.54089493  2.1761384 ]"
1747093064.5762749,"[ 0.          0.12204707  0.6278877  -2.83935849 -1.83001431  1.12271042
  0.96006844  2.01918197]","[0.00000000e+00 8.21963279e-05 1.85286870e-01 3.40408059e-03
 2.20129439e-01 4.64027457e-01 0.00000000e+00 5.86866761e-01]","[ 0.          1.66873169 14.69475842  0.97265923 -3.47833991  2.1430738
 -0.55105668  2.10833478]"
1747093064.5781307,"[ 0.          0.122048    0.6282684  -2.83934944 -1.82956371  1.12363507
  0.96006844  2.02041688]","[0.00000000e+00 9.01499209e-05 1.86907453e-01 4.10736292e-03
 2.20218122e-01 4.69969602e-01 0.00000000e+00 6.06358104e-01]","[ 0.          1.75764358 14.6648922   1.00702    -3.529634    2.11150765
 -0.55824274  2.0166688 ]"
1747093064.5799222,"[ 0.          0.12204937  0.62863804 -2.83933692 -1.82912934  1.12460632
  0.96006751  2.02163541]","[ 0.00000000e+00  1.08629080e-04  1.87177547e-01  5.76013188e-03
  2.20399533e-01  4.76451936e-01 -1.05820616e-05  6.19333491e-01]","[ 0.          1.82411599 14.65960121  1.04357243 -3.51664972  2.05009031
 -0.55315953  1.97859204]"
1747093064.5819318,"[ 0.          0.12205029  0.62901681 -2.83932041 -1.8286798   1.1255624
  0.96006751  2.02286552]","[ 0.00000000e+00  1.24620245e-04  1.83936381e-01  8.06230408e-03
  2.19171633e-01  4.88336226e-01 -1.05820616e-05  6.25099368e-01]","[ 0.          1.88820076 14.6974678   1.10070658 -3.462816    2.11292005
 -0.55473012  1.94936621]"
1747093064.5842564,"[ 0.          0.12205121  0.6293782  -2.8392983  -1.82824251  1.12657267
  0.96006751  2.02415636]","[ 0.00000000e+00  1.32474482e-04  1.83126081e-01  1.09989957e-02
  2.22604647e-01  4.95267702e-01 -1.05819570e-05  6.32028114e-01]","[ 0.          1.96159124 14.73920727  1.14879525 -3.43917179  2.11468816
 -0.57463998  2.04265428]"
1747093064.5860572,"[ 0.          0.12205212  0.62974878 -2.83927034 -1.82778392  1.12755724
  0.96006751  2.02544546]","[ 0.00000000e+00  1.45832208e-04  1.79972482e-01  1.48553612e-02
  2.24437768e-01  4.98599949e-01 -1.05819570e-05  6.29930342e-01]","[ 0.          2.02659583 14.78218555  1.17763841 -3.51317525  2.00230694
 -0.57756966  2.10989237]"
1747093064.5872145,"[ 0.          0.12205305  0.63010098 -2.83923226 -1.8273413   1.1285743
  0.96006751  2.02667358]","[ 0.00000000e+00  1.56319884e-04  1.78804536e-01  1.98107082e-02
  2.24991189e-01  4.95518472e-01 -1.05819570e-05  6.20413869e-01]","[ 0.          2.05959535 14.84362125  1.18547416 -3.64268064  1.94696927
 -0.56333297  2.07124996]"
1747093064.5890386,"[ 0.          0.1220535   0.63027775 -2.83920935 -1.82711999  1.12906698
  0.96006751  2.02728145]","[ 0.00000000e+00  1.59089675e-04  1.79344725e-01  2.32048487e-02
  2.24451000e-01  4.99680327e-01 -1.05739739e-05  6.15737957e-01]","[ 0.          2.07604957 14.87816525  1.2040385  -3.71656561  2.03588462
 -0.56896704  2.07213926]"
1747093064.5908935,"[ 0.          0.12205442  0.630647   -2.83915369 -1.82665926  1.13005448
  0.96006751  2.02854006]","[ 0.00000000e+00  1.77650140e-04  1.80425119e-01  2.97107224e-02
  2.24763239e-01  5.01332652e-01 -1.05819570e-05  6.14119022e-01]","[ 0.          2.10490155 14.9284935   1.16716421 -3.7558372   2.09469533
 -0.56834149  1.93734896]"
1747093064.5927956,"[ 0.          0.12205488  0.63082556 -2.83912014 -1.82644035  1.13055103
  0.96006751  2.02914606]","[ 0.00000000e+00  1.86761242e-04  1.80965308e-01  3.40322817e-02
  2.22020133e-01  5.03972843e-01 -1.05820616e-05  6.14741869e-01]","[ 0.          2.14467263 15.00497913  1.13691235 -3.78928661  2.10730958
 -0.57174116  1.85845602]"
1747093064.5946684,"[ 0.          0.1220558   0.63119248 -2.83904291 -1.82600173  1.13158607
  0.96006751  2.03041119]","[ 0.00000000e+00  2.43399140e-04  1.78379179e-01  3.91244538e-02
  2.22560322e-01  5.06702849e-01 -1.05819570e-05  6.18896533e-01]","[ 0.          2.1238184  15.12401485  1.09190989 -3.88060331  2.19236231
 -0.57811332  1.82389832]"
1747093064.5965471,"[ 0.          0.12205672  0.63154195 -2.83895582 -1.82550718  1.13258023
  0.96006751  2.03162506]","[ 0.00000000e+00  3.42059863e-04  1.76913841e-01  4.31321742e-02
  2.25128375e-01  5.02651416e-01 -1.05819570e-05  6.13661491e-01]","[ 0.          2.09754181 15.24128819  1.05368829 -3.98936391  2.30380583
 -0.5780881   1.92717183]"
1747093064.5977445,"[ 0.          0.12205763  0.63190701 -2.83886128 -1.82509892  1.13360474
  0.96006751  2.03287222]","[ 0.00000000e+00  3.97744832e-04  1.77994236e-01  4.91577426e-02
  2.24804002e-01  5.00760705e-01 -1.05820616e-05  6.08113527e-01]","[ 0.          2.06250048 15.39733887  1.02541721 -4.14450264  2.33321357
 -0.56909865  2.00053906]"
1747093064.5995526,"[ 0.          0.1220581   0.63226008 -2.83880802 -1.82460676  1.13463033
  0.96006751  2.03405666]","[ 0.00000000e+00  4.04092823e-04  1.78623358e-01  5.40194971e-02
  2.23977540e-01  5.00032297e-01 -1.85184257e-05  5.97995779e-01]","[ 0.          2.01265836 15.58974266  0.96138638 -4.15919161  2.39555883
 -0.55312937  2.11633778]"
1747093064.6012826,"[ 0.          0.1220581   0.63245109 -2.83874463 -1.82438732  1.13512488
  0.96006751  2.03464269]","[ 0.00000000e+00  4.04092823e-04  1.79800991e-01  5.96267495e-02
  2.22560322e-01  5.01571005e-01 -1.85044548e-05  5.93612415e-01]","[ 0.          1.95776522 15.66102791  0.92122555 -4.16413021  2.44403148
 -0.55619413  2.21942091]"
1747093064.603008,"[ 0.          0.12205856  0.63281202 -2.838616   -1.82393591  1.13611717
  0.96006751  2.03585083]","[ 0.00000000e+00  4.16720732e-04  1.84746681e-01  6.69841731e-02
  2.19673173e-01  5.05110179e-01 -1.85184257e-05  5.89352689e-01]","[ 0.          1.82866144 15.76658154  0.83871949 -4.08693695  2.39405084
 -0.54725826  2.20461559]"
1747093064.6048262,"[ 0.          0.12205856  0.63319731 -2.83847006 -1.82350475  1.13713889
  0.96006751  2.03700385]","[ 0.00000000e+00  3.88621912e-04  1.89079411e-01  7.29736182e-02
  2.18778950e-01  4.96475811e-01 -1.85044548e-05  5.85571333e-01]","[ 0.          1.70021856 15.81041336  0.76360559 -4.02341032  2.36905551
 -0.52801186  2.23616815]"
1747093064.6066167,"[ 0.          0.12205856  0.63338373 -2.83839416 -1.82328983  1.13762492
  0.96006751  2.0376221 ]","[ 0.00000000e+00  3.81439797e-04  1.89068225e-01  7.69777808e-02
  2.17968666e-01  4.92927882e-01 -1.85186086e-05  5.82284393e-01]","[ 0.          1.66563237 15.8364439   0.68823564 -3.96993995  2.39549613
 -0.53005219  2.2000525 ]"
1747093064.6084917,"[ 0.          0.12205901  0.63375704 -2.83822984 -1.82284402  1.13862667
  0.96006751  2.03876366]","[ 0.00000000e+00  3.82154156e-04  1.89608431e-01  8.50807064e-02
  2.17968666e-01  4.88998487e-01 -1.85184257e-05  5.78595449e-01]","[ 0.          1.49305928 15.75423813  0.57961529 -3.9226265   2.41990638
 -0.50024557  2.17911673]"
1747093064.6101289,"[ 0.          0.12205901  0.63414826 -2.83804289 -1.82241472  1.13958461
  0.96006751  2.0399509 ]","[ 0.00000000e+00  3.59895175e-04  1.90584030e-01  9.37238210e-02
  2.17747824e-01  4.85095059e-01 -1.85186086e-05  5.79525891e-01]","[ 0.          1.28378737 15.70398045  0.46074399 -3.88881421  2.34050965
 -0.46382678  2.19052577]"
1747093064.6119297,"[ 0.          0.12205901  0.6345239  -2.83784262 -1.82218329  1.14057504
  0.96006751  2.04108967]","[ 0.00000000e+00  3.50440205e-04  1.90612043e-01  1.03447330e-01
  2.17917783e-01  4.84484662e-01 -1.85186086e-05  5.75847799e-01]","[ 0.          1.14511454 15.69229698  0.35272184 -3.88092732  2.34470224
 -0.41285798  2.24511933]"
1747093064.613704,"[ 0.          0.12205901  0.63471172 -2.83772757 -1.82196917  1.14104868
  0.96006751  2.04165759]","[ 0.00000000e+00  3.39334772e-04  1.90225785e-01  1.08230068e-01
  2.17158366e-01  4.80233325e-01 -1.85184257e-05  5.75847799e-01]","[ 0.          1.03268111 15.66080475  0.30185121 -3.82775187  2.27627325
 -0.40685683  2.21057248]"
1747093064.6155531,"[ 0.          0.12205901  0.63510154 -2.83750067 -1.82152735  1.14197905
  0.96006751  2.04281819]","[ 0.00000000e+00  3.25855412e-04  1.91085570e-01  1.17222306e-01
  2.15911641e-01  4.67334837e-01 -1.85184257e-05  5.61532642e-01]","[ 0.          0.78726995 15.68288517  0.15808506 -3.81725955  2.28227019
 -0.41369635  2.26609635]"
1747093064.6173162,"[ 0.          0.12205856  0.63548177 -2.83725353 -1.82110125  1.14292847
  0.96006751  2.04390929]","[ 0.00000000e+00  2.88453375e-04  1.93389787e-01  1.21873475e-01
  2.16026989e-01  4.61668529e-01 -1.85186086e-05  5.50998842e-01]","[ 0.          0.57595587 15.74269962  0.06156174 -3.74731922  2.33576655
 -0.40877384  2.2941637 ]"
1747093064.619103,"[ 0.          0.1220581   0.63587898 -2.83700692 -1.82067807  1.14383794
  0.96006751  2.04502236]","[ 0.00000000e+00  2.52071025e-04  1.94413256e-01  1.25198249e-01
  2.14187294e-01  4.60246101e-01 -1.85184257e-05  5.41158328e-01]","[ 0.          0.32763192 15.70348167 -0.0959826  -3.73559642  2.30625796
 -0.39117372  2.22257423]"
1747093064.6209514,"[ 0.          0.1220581   0.63626607 -2.83675578 -1.82023811  1.1447807
  0.96006751  2.04608975]","[ 0.00000000e+00  2.33223000e-04  1.97441254e-01  1.28566399e-01
  2.14997594e-01  4.59407805e-01 -1.85044548e-05  5.41806209e-01]","[ 0.          0.06640687 15.5596714  -0.20016272 -3.77420187  2.2901876
 -0.3923437   2.17307734]"
1747093064.6220074,"[ 0.          0.12205763  0.63646121 -2.8366189  -1.82002586  1.14523544
  0.96006751  2.04667006]","[ 0.00000000e+00  2.08673203e-04  1.97981443e-01  1.28894991e-01
  2.15267688e-01  4.60859061e-01 -1.85044548e-05  5.46424463e-01]","[ 0.         -0.06727887 15.4903965  -0.27758509 -3.8153069   2.32570934
 -0.39145419  2.13787055]"
1747093064.6237907,"[ 0.          0.12205763  0.63686714 -2.83636457 -1.81958697  1.14613532
  0.96006751  2.04774784]","[ 0.00000000e+00  1.78294132e-04  1.98050685e-01  1.29106596e-01
  2.13654728e-01  4.55384334e-01 -1.85184257e-05  5.47217486e-01]","[ 0.         -0.25311378 15.40024757 -0.40856716 -3.84985423  2.27226114
 -0.36364144  1.98385489]"
1747093064.6255744,"[ 0.          0.12205718  0.6373043  -2.83610704 -1.81916619  1.14712668
  0.96006844  2.04888461]","[ 0.00000000e+00  1.47295337e-04  1.98694205e-01  1.24882689e-01
  2.13377011e-01  4.50066135e-01 -1.05819570e-05  5.55681211e-01]","[ 0.         -0.52330363 15.29519558 -0.53156435 -3.87331867  2.27247
 -0.34006417  2.0011847 ]"
1747093064.6274774,"[ 0.          0.12205672  0.63749945 -2.8359848  -1.81894036  1.14757183
  0.96006844  2.04943255]","[ 0.00000000e+00  1.29109551e-04  1.97780857e-01  1.23849133e-01
  2.12651649e-01  4.51602979e-01 -1.05819570e-05  5.55860609e-01]","[ 0.         -0.62589914 15.28673744 -0.58648694 -3.83207464  2.2789464
 -0.316176    2.00419474]"
1747093064.6286938,"[ 0.          0.12205626  0.6378856  -2.83574831 -1.81852517  1.14849554
  0.96006844  2.05053617]","[ 0.00000000e+00  9.83714474e-05  1.94939647e-01  1.19653181e-01
  2.09325544e-01  4.49442190e-01 -1.05820616e-05  5.61532642e-01]","[ 0.         -0.83210003 15.21345425 -0.68782109 -3.75564981  2.25917673
 -0.28486243  2.02910304]"
1747093064.6305084,"[ 0.          0.12205626  0.63804819 -2.83562287 -1.81832037  1.14894176
  0.96006844  2.05113551]","[ 0.00000000e+00  8.59222746e-05  1.94787564e-01  1.18111943e-01
  2.07494504e-01  4.52683356e-01 -1.05740785e-05  5.64229026e-01]","[ 0.         -0.93954557 15.16652489 -0.76975012 -3.74660182  2.27410769
 -0.29499739  2.06901312]"
1747093064.6316402,"[ 0.          0.1220558   0.63847663 -2.83539198 -1.81789853  1.14987879
  0.96006844  2.05224752]","[ 0.00000000e+00  5.53326657e-05  1.95550576e-01  1.16833709e-01
  2.06354471e-01  4.59165724e-01 -1.05819570e-05  5.62913891e-01]","[ 0.         -1.11716664 15.08986187 -0.87689018 -3.73891497  2.32440639
 -0.2681613   2.11373901]"
1747093064.6347208,"[ 0.          0.1220558   0.63887337 -2.8351499  -1.8174916   1.15077774
  0.96006844  2.0533976 ]","[ 0.00000000e+00  4.30375098e-05  1.93593252e-01  1.18000831e-01
  2.05544171e-01  4.56464746e-01 -1.05739739e-05  5.60718248e-01]","[ 0.         -1.20446467 14.96593666 -0.94753712 -3.71018958  2.24107742
 -0.25087097  2.18014526]"
1747093064.6362731,"[ 0.          0.12205534  0.63925174 -2.83492326 -1.81707135  1.15170625
  0.96006844  2.05449456]","[ 0.00000000e+00  1.22746111e-05  1.90958920e-01  1.14521328e-01
  2.05379371e-01  4.54141670e-01 -1.05820616e-05  5.56940987e-01]","[ 0.         -1.37003911 14.8739481  -1.01523042 -3.62693357  2.21811533
 -0.22691363  2.15190172]"
1747093064.6380448,"[ 0.          0.12205488  0.63964023 -2.83469956 -1.81666096  1.15215526
  0.96006937  2.05564558]","[ 0.00000000e+00 -1.20224863e-05  1.89330181e-01  1.07328904e-01
  2.08245149e-01  4.55384334e-01  0.00000000e+00  5.63476750e-01]","[ 0.         -1.52093339 14.77445221 -1.11956215 -3.5282445   2.29956126
 -0.23928173  2.058321  ]"
1747093064.6398966,"[ 0.          0.12205442  0.64000801 -2.83449236 -1.81623538  1.15308657
  0.96006937  2.05676903]","[ 0.00000000e+00 -1.72369156e-05  1.84559494e-01  1.03987527e-01
  2.07385514e-01  4.54893980e-01  1.05979587e-05  5.71486806e-01]","[ 0.         -1.65957344 14.73689079 -1.22870207 -3.46362901  2.27884889
 -0.20262074  1.9914552 ]"
1747093064.6417997,"[ 0.          0.12205396  0.64018618 -2.83439276 -1.81603059  1.15353837
  0.96006937  2.05733509]","[ 0.00000000e+00 -4.02194703e-05  1.80695214e-01  1.01016455e-01
  2.07704960e-01  4.58085312e-01  1.05739739e-05  5.74227266e-01]","[ 0.         -1.71552336 14.67577839 -1.29122329 -3.4535327   2.2217555
 -0.1927014   1.97058439]"
1747093064.6435578,"[ 0.          0.12205396  0.64055309 -2.8341885  -1.81561034  1.15444598
  0.96006937  2.05850901]","[ 0.00000000e+00 -5.05524874e-05  1.79344725e-01  9.91257769e-02
  2.05379371e-01  4.61668529e-01  1.05979587e-05  5.70986065e-01]","[ 0.         -1.81913829 14.69103241 -1.39174449 -3.45165515  2.07261181
 -0.17559643  1.96189868]"
1747093064.6453757,"[ 0.          0.1220535   0.64090709 -2.83400074 -1.81520714  1.15538301
  0.96006937  2.05963632]","[ 0.00000000e+00 -5.39254279e-05  1.79163014e-01  9.31836320e-02
  2.03923588e-01  4.54922942e-01  1.05979587e-05  5.72566119e-01]","[ 0.         -1.88572192 14.76586533 -1.46113324 -3.41972113  1.98499441
 -0.19021361  1.9828403 ]"
1747093064.6471388,"[ 0.          0.12205305  0.64109678 -2.83381752 -1.81480473  1.15627823
  0.96007037  2.06080359]","[ 0.00000000e+00 -7.39063125e-05  1.78547141e-01  8.79625630e-02
  2.04733888e-01  4.53493656e-01  1.85464284e-05  5.67204709e-01]","[ 0.         -1.96349859 14.83285618 -1.54288459 -3.39388537  1.94484997
 -0.18318199  2.04824638]"
1747093064.6489878,"[ 0.          0.12205258  0.64144805 -2.83365586 -1.81438395  1.15720661
  0.96007037  2.06191759]","[ 0.00000000e+00 -8.81549558e-05  1.78264330e-01  7.96787588e-02
  2.05605740e-01  4.52413279e-01  1.85464284e-05  5.64503732e-01]","[ 0.         -1.98758769 14.91216946 -1.64204848 -3.39951539  1.96236789
 -0.14730495  2.12717271]"
1747093064.65018,"[ 0.          0.12205258  0.64163627 -2.83358156 -1.81418049  1.15765282
  0.96007037  2.06251214]","[ 0.00000000e+00 -8.64927070e-05  1.77293308e-01  7.53571974e-02
  2.06354471e-01  4.52224694e-01  1.85466133e-05  5.59715235e-01]","[ 0.         -1.99015093 14.89363098 -1.63409722 -3.40517998  2.00638533
 -0.14233753  2.12406325]"
1747093064.6518724,"[ 0.          0.12205258  0.64198481 -2.83343456 -1.81376077  1.15858506
  0.96007037  2.06360803]","[ 0.00000000e+00 -9.47460194e-05  1.76103558e-01  7.07655415e-02
  2.04193699e-01  4.56470305e-01  1.85464284e-05  5.54218104e-01]","[ 0.         -1.99590921 14.96522522 -1.67050958 -3.45731354  2.08699679
 -0.10834686  2.11900163]"
1747093064.6536262,"[ 0.          0.12205212  0.64215745 -2.83336664 -1.81355944  1.15903407
  0.96007037  2.06415691]","[ 0.00000000e+00 -1.09705917e-04  1.74845830e-01  6.88748552e-02
  2.04193699e-01  4.55384334e-01  1.85324169e-05  5.56670909e-01]","[ 0.         -1.99169493 15.03978539 -1.70343184 -3.51520562  2.07177353
 -0.11617098  2.09201455]"
1747093064.6554043,"[ 0.          0.12205167  0.64250739 -2.83323881 -1.81315943  1.15995979
  0.96007037  2.06529274]","[ 0.00000000e+00 -1.17507513e-04  1.70021014e-01  6.34729076e-02
  2.02573099e-01  4.49878615e-01  1.85466133e-05  5.54780231e-01]","[ 0.         -1.96374929 15.13036346 -1.69948614 -3.59577727  2.12210608
 -0.11860288  2.1182642 ]"
1747093064.6566103,"[ 0.          0.12205167  0.64283662 -2.83310885 -1.81274931  1.16084542
  0.96007037  2.06638863]","[ 0.00000000e+00 -1.15257171e-04  1.66650135e-01  6.36784204e-02
  1.99331932e-01  4.49898489e-01  1.85324169e-05  5.55297417e-01]","[ 0.         -1.93018115 15.3313303  -1.71369708 -3.58890748  2.14068675
 -0.12226158  2.07828403]"
1747093064.6589992,"[ 0.          0.12205167  0.64300054 -2.833046   -1.8125517   1.16128591
  0.96007037  2.06698132]","[ 0.00000000e+00 -1.13243684e-04  1.66380040e-01  6.37430062e-02
  2.00412326e-01  4.46288574e-01  1.85464284e-05  5.58210582e-01]","[ 0.         -1.89826    15.39692402 -1.69865358 -3.61849999  2.25021362
 -0.12583357  2.09325504]"
1747093064.6608484,"[ 0.          0.12205075  0.64350614 -2.83285505 -1.81193864  1.16263866
  0.96007037  2.06862143]","[ 0.00000000e+00 -1.34486693e-04  1.67190340e-01  6.23925172e-02
  2.00748917e-01  4.44040267e-01  1.85324169e-05  5.50998842e-01]","[ 0.         -1.84925151 15.68984604 -1.70913267 -3.80200195  2.19465876
 -0.13878311  2.24381447]"
1747093064.6619892,"[ 0.          0.12205075  0.64367185 -2.832793   -1.81174103  1.16307529
  0.96007037  2.0691988 ]","[ 0.00000000e+00 -1.32216577e-04  1.68000624e-01  6.29327103e-02
  2.00412326e-01  4.42959856e-01  1.85464284e-05  5.43666027e-01]","[ 0.         -1.84517705 15.72409821 -1.69037807 -3.82301569  2.21283293
 -0.14178523  2.25835371]"
1747093064.663641,"[ 0.          0.12205075  0.64401906 -2.83266064 -1.8113357   1.16396571
  0.9600713   2.07025475]","[ 0.00000000e+00 -1.29855688e-04  1.70522554e-01  6.52973643e-02
  1.97104014e-01  4.33236355e-01  2.91443860e-05  5.32091496e-01]","[ 0.         -1.79353297 15.82985401 -1.68768597 -3.94938326  2.23027325
 -0.17039959  2.3611145 ]"
1747093064.665377,"[ 0.          0.12205075  0.64418804 -2.83259886 -1.81114289  1.16438623
  0.9600713   2.07077513]","[ 0.00000000e+00 -1.29855688e-04  1.71068302e-01  6.26626158e-02
  1.95550576e-01  4.26483910e-01  2.91664395e-05  5.27235722e-01]","[ 0.         -1.786605   15.88336658 -1.68846583 -3.96245813  2.13195395
 -0.1635512   2.4884963 ]"
1747093064.6671734,"[ 0.          0.12205029  0.64452646 -2.83247928 -1.81074927  1.16522139
  0.9600713   2.07184345]","[ 0.00000000e+00 -1.34356420e-04  1.71241807e-01  5.96915434e-02
  1.91085570e-01  4.22432443e-01  2.91443860e-05  5.21018039e-01]","[ 0.         -1.75717854 16.00568199 -1.62588251 -3.91560054  2.21110153
 -0.15461299  2.41915536]"
1747093064.668961,"[ 0.          0.12204983  0.64487361 -2.83235997 -1.81038282  1.16608239
  0.9600713   2.0728709 ]","[ 0.00000000e+00 -1.43022251e-04  1.70161413e-01  5.78008613e-02
  1.84746681e-01  4.19731465e-01  2.91667301e-05  5.22908717e-01]","[ 0.         -1.69539511 16.07339096 -1.60524893 -3.80019236  2.30214739
 -0.15424559  2.36322856]"
1747093064.670713,"[ 0.          0.12204983  0.64504118 -2.83230404 -1.81020066  1.16649612
  0.9600713   2.07342071]","[ 0.00000000e+00 -1.40763554e-04  1.69891318e-01  5.66630008e-02
  1.84746681e-01  4.19306192e-01  2.91443860e-05  5.17099198e-01]","[ 0.         -1.67180717 16.09762001 -1.58770871 -3.7700367   2.2885859
 -0.15746731  2.33427691]"
1747093064.672901,"[ 0.          0.12204983  0.64538926 -2.83219432 -1.80982249  1.16735991
  0.9600713   2.07444057]","[ 0.00000000e+00 -1.42603434e-04  1.68858944e-01  5.21598409e-02
  1.84746681e-01  4.22795632e-01  2.91443860e-05  5.16712607e-01]","[ 0.         -1.58625531 16.1588459  -1.50932121 -3.6777513   2.32362127
 -0.18874311  2.21007299]"
1747093064.677066,"[ 0.          0.12204937  0.64608721 -2.83200417 -1.8090832   1.16902372
  0.9600713   2.07658947]","[ 0.00000000e+00 -1.46443756e-04  1.76039459e-01  4.69969619e-02
  1.83562506e-01  4.06363795e-01  2.91443860e-05  5.11570309e-01]","[ 0.         -1.49304879 16.20842171 -1.40269721 -3.54419374  2.2662282
 -0.18914905  2.16665363]"
1747093064.6812263,"[ 0.          0.12204937  0.64698862 -2.83179139 -1.80816707  1.17104626
  0.9600713   2.07915809]","[ 0.00000000e+00 -1.41999492e-04  1.80155025e-01  3.61106584e-02
  1.81321606e-01  3.97583486e-01  3.71205547e-05  5.07513149e-01]","[ 0.         -1.29454195 15.99848557 -1.26680672 -3.22532582  2.26209402
 -0.17249659  2.30418062]"
1747093064.6854558,"[ 0.          0.12204937  0.64770634 -2.83167074 -1.80743097  1.17262538
  0.9600713   2.08118343]","[ 0.00000000e+00 -1.38272205e-04  1.77274250e-01  2.75499417e-02
  1.84206475e-01  3.84888896e-01  3.71209245e-05  5.02651416e-01]","[ 0.         -1.18930984 15.82554722 -1.07000005 -3.15523887  2.08795381
 -0.18282723  2.20489168]"
1747093064.689041,"[ 0.          0.12204983  0.648222   -2.83159857 -1.80686851  1.17374897
  0.9600713   2.08274071]","[ 0.00000000e+00 -1.19200101e-04  1.73402580e-01  2.20676248e-02
  1.85568665e-01  3.65620426e-01  3.70928568e-05  5.19127361e-01]","[ 0.         -1.03063583 15.76143837 -0.94894439 -3.10865831  2.01761532
 -0.21044271  2.09953785]"
1747093064.6921172,"[ 0.          0.12204983  0.64893879 -2.83154211 -1.80611377  1.175194
  0.9600713   2.08432369]","[ 0.00000000e+00 -1.17525296e-04  1.74871729e-01  9.45341148e-03
  1.86897283e-01  3.55988471e-01  3.70928568e-05  5.23458194e-01]","[ 0.         -0.82595909 15.71215725 -0.78063232 -3.16546655  1.96041942
 -0.25239378  2.10617876]"
1747093064.6952536,"[ 0.          0.12205029  0.64944758 -2.83153439 -1.80556303  1.17627937
  0.9600713   2.08590095]","[ 0.00000000e+00 -1.04569498e-04  1.70971696e-01 -5.40194952e-04
  1.86367264e-01  3.57008895e-01  3.71212943e-05  5.19127361e-01]","[ 0.         -0.64648288 15.55835819 -0.65995467 -3.31163454  2.10293293
 -0.23761478  2.10547352]"
1747093064.7024748,"[ 0.          0.12205075  0.65031318 -2.83154131 -1.80463039  1.17804971
  0.9600713   2.08847516]","[ 0.00000000e+00 -8.71286944e-05  1.68265642e-01 -1.38318397e-03
  1.81886629e-01  3.48425760e-01  3.70932266e-05  5.07513149e-01]","[ 0.         -0.36410952 15.41786098 -0.45172405 -3.43517113  2.10059142
 -0.24127604  2.15010142]"
1747093064.7037554,"[ 0.          0.12205121  0.65096978 -2.83153679 -1.80389483  1.17943482
  0.9600713   2.09045482]","[ 0.00000000e+00 -6.80620645e-05  1.64759457e-01  4.96075293e-04
  1.82057903e-01  3.41403204e-01  3.70928568e-05  4.85682852e-01]","[ 0.         -0.1349998  15.38416958 -0.37221435 -3.45291328  2.07622695
 -0.23434332  2.07803273]"
1747093064.7074356,"[ 0.          0.12205121  0.65146939 -2.83153812 -1.80335474  1.1804632
  0.9600713   2.09192462]","[ 0.00000000e+00 -6.71711921e-05  1.63138873e-01  5.62966182e-04
  1.83126081e-01  3.39540489e-01  3.70932266e-05  4.84554870e-01]","[ 0.          0.047089   15.33162403 -0.32350138 -3.4576025   2.06491899
 -0.23062553  1.97144854]"
1747093064.7104485,"[ 0.          0.12205167  0.65196121 -2.83153625 -1.80279867  1.18146881
  0.9600713   2.09340387]","[ 0.00000000e+00 -5.57788476e-05  1.61894295e-01  2.95021748e-04
  1.82400902e-01  3.37621848e-01  3.71209245e-05  4.91037204e-01]","[ 0.          0.16143267 15.39056683 -0.26886731 -3.45772409  1.94733608
 -0.24724688  1.90191793]"
1747093064.7133777,"[ 0.          0.12205167  0.65244284 -2.83153679 -1.80225272  1.18246483
  0.9600713   2.094828  ]","[ 0.00000000e+00 -4.81845676e-05  1.56386445e-01 -5.27933610e-05
  1.79884914e-01  3.24867869e-01  3.70372172e-05  4.76451936e-01]","[ 0.          0.28772971 15.43097019 -0.25840127 -3.40007663  1.94128847
 -0.25612745  1.99144685]"
1747093064.7157297,"[ 0.          0.12205258  0.65291356 -2.83153679 -1.80170571  1.18343888
  0.9600713   2.09625785]","[ 0.00000000e+00 -3.05564129e-05  1.53826998e-01  0.00000000e+00
  1.79550221e-01  3.19255224e-01  3.70368514e-05  4.65715901e-01]","[ 0.          0.43592328 15.50444889 -0.18248819 -3.37627625  1.97538817
 -0.25599077  2.14541793]"
1747093064.7186913,"[ 0.          0.12205258  0.65321429 -2.83153625 -1.8013563   1.18405913
  0.9600713   2.09716159]","[ 0.00000000e+00 -2.37891468e-05  1.51794789e-01  3.77485611e-05
  1.76464766e-01  3.13583157e-01  3.70648338e-05  4.56464746e-01]","[ 0.          0.52738345 15.56468678 -0.13164863 -3.39666796  1.92848396
 -0.25417069  2.2324028 ]"
1747093064.7211058,"[ 0.          0.12205258  0.6535105  -2.83153679 -1.80099251  1.18470135
  0.9600713   2.09808145]","[ 0.00000000e+00 -1.67808915e-05  1.49634000e-01  1.77295857e-05
  1.77183952e-01  3.13165707e-01  3.70372172e-05  4.46741212e-01]","[ 0.          0.59749341 15.66174793 -0.12067097 -3.41080666  1.95999229
 -0.25531483  2.23412395]"
1747093064.7235541,"[ 0.          0.12205305  0.65396324 -2.83153625 -1.80047533  1.18566209
  0.9600713   2.09942475]","[ 0.00000000e+00 -9.94496180e-06  1.50444300e-01  1.15919207e-04
  1.73402580e-01  3.17974410e-01  3.70368514e-05  4.39988800e-01]","[ 0.          0.72885495 15.82581615 -0.09860659 -3.43280029  2.0008347
 -0.29449329  2.29641581]"
1747093064.7253425,"[ 0.          0.1220535   0.65427776 -2.83153625 -1.80012592  1.18627661
  0.9600713   2.10028841]","[0.00000000e+00 0.00000000e+00 1.54473363e-01 7.80162021e-05
 1.69621207e-01 3.10612101e-01 2.91226556e-05 4.35937333e-01]","[ 0.          0.78137743 15.83612347 -0.05550438 -3.43828893  1.95310307
 -0.29519364  2.25739574]"
1747093064.7270713,"[ 0.          0.12205396  0.65458496 -2.83153625 -1.79979462  1.18690352
  0.9600713   2.10117791]","[0.00000000e+00 6.46516022e-06 1.56227987e-01 0.00000000e+00
 1.67460435e-01 3.05435981e-01 2.91003827e-05 4.33236355e-01]","[ 0.          0.8502931  15.80289268 -0.02050053 -3.4221859   1.94091856
 -0.2856459   2.23523211]"
1747093064.7291517,"[ 0.          0.12205396  0.65490873 -2.83153572 -1.79944948  1.18751432
  0.9600713   2.10204557]","[0.00000000e+00 9.57432033e-06 1.58987205e-01 2.79729117e-05
 1.68540829e-01 3.13583157e-01 2.91003827e-05 4.46288574e-01]","[ 0.          0.859864   15.72305393 -0.01866242 -3.43859863  1.91815341
 -0.29605815  2.31398225]"
1747093064.7309022,"[ 0.          0.12205442  0.65522605 -2.83153519 -1.79911499  1.18815268
  0.9600713   2.1030035 ]","[0.00000000e+00 1.57850628e-05 1.61518290e-01 5.29876852e-05
 1.71781996e-01 3.27898347e-01 2.91223691e-05 4.74704703e-01]","[ 0.          0.92411733 15.63414669  0.03719356 -3.44412184  1.92910099
 -0.2787987   2.3145647 ]"
1747093064.7327528,"[ 0.          0.12205488  0.65555847 -2.83153519 -1.79875866  1.1888443
  0.9600713   2.10398328]","[0.00000000e+00 2.18240781e-05 1.62345102e-01 5.05104042e-05
 1.75036379e-01 3.40247824e-01 2.91006692e-05 5.04542094e-01]","[ 0.          0.98867923 15.55897331  0.10628677 -3.46480012  1.91043127
 -0.27521276  2.30453944]"
1747093064.7346318,"[ 0.          0.12205488  0.6557178  -2.83153492 -1.79858395  1.18918665
  0.9600713   2.10453509]","[0.00000000e+00 2.15750386e-05 1.61682274e-01 6.01110763e-05
 1.77183952e-01 3.47697984e-01 2.91003827e-05 5.19592249e-01]","[ 0.          1.02625036 15.5345974   0.12767352 -3.47644782  1.85692358
 -0.28506479  2.26163292]"
1747093064.7357597,"[ 0.          0.12205534  0.65603005 -2.83153439 -1.79823348  1.18992115
  0.9600713   2.10558624]","[0.00000000e+00 3.04737397e-05 1.57736934e-01 1.03930495e-04
 1.77904570e-01 3.61106568e-01 2.91003827e-05 5.36413574e-01]","[ 0.          1.06206918 15.52293777  0.16750383 -3.50668931  1.76844537
 -0.28750259  2.28423405]"
1747093064.7376485,"[ 0.          0.1220558   0.65635336 -2.83153386 -1.79786756  1.19064127
  0.9600713   2.10666322]","[0.00000000e+00 3.61294359e-05 1.58736435e-01 1.16665758e-04
 1.78804536e-01 3.64631594e-01 2.91226556e-05 5.48838086e-01]","[ 0.          1.1436398  15.53136349  0.19545123 -3.47695041  1.75538898
 -0.28007039  2.29671121]"
1747093064.7393749,"[ 0.          0.1220558   0.65651035 -2.83153386 -1.79769073  1.19100372
  0.9600713   2.10725484]","[0.00000000e+00 3.57311402e-05 1.59357518e-01 1.27271744e-04
 1.79344725e-01 3.67230207e-01 1.85325998e-05 5.57207502e-01]","[ 0.          1.1635282  15.46478653  0.23000368 -3.46893835  1.71226144
 -0.28144917  2.25204873]"
1747093064.741198,"[ 0.          0.12205626  0.65682541 -2.83153306 -1.79732428  1.19176472
  0.9600713   2.10837071]","[0.00000000e+00 4.12313301e-05 1.60167801e-01 1.47092642e-04
 1.78880253e-01 3.75435506e-01 1.85184257e-05 5.70175799e-01]","[ 0.          1.17415249 15.32701778  0.2762031  -3.48042154  1.76935804
 -0.29945496  2.1917479 ]"
1747093064.74305,"[ 0.          0.12205672  0.65715091 -2.83153199 -1.79697274  1.19251147
  0.9600713   2.10956939]","[0.00000000e+00 4.66132595e-05 1.59627612e-01 1.73698343e-04
 1.78804536e-01 3.81107540e-01 1.85324169e-05 5.90308964e-01]","[ 0.          1.20062363 15.12471294  0.31810099 -3.48032331  1.81543815
 -0.281358    2.11978269]"
1747093064.7449427,"[ 0.          0.12205718  0.65746457 -2.83153066 -1.79660043  1.1933011
  0.9600713   2.11074904]","[0.00000000e+00 5.47175534e-05 1.58817312e-01 2.05504035e-04
 1.83060983e-01 3.87467002e-01 1.85184257e-05 6.02047246e-01]","[ 0.          1.21507895 14.96256256  0.35065046 -3.5663054   1.80444968
 -0.25691044  1.97368813]"
1747093064.7467866,"[ 0.          0.12205718  0.65763261 -2.83153013 -1.79641827  1.19368539
  0.9600713   2.11134932]","[0.00000000e+00 5.41402940e-05 1.58086041e-01 2.15271841e-04
 1.84746681e-01 3.89750663e-01 1.85324169e-05 6.08799690e-01]","[ 0.          1.22423589 14.90747929  0.37492326 -3.59684443  1.79564381
 -0.27539104  1.9542011 ]"
1747093064.7486262,"[ 0.          0.12205763  0.65794167 -2.83152826 -1.79603797  1.1944902
  0.9600713   2.11260407]","[0.00000000e+00 5.92145676e-05 1.55576145e-01 2.57445917e-04
 1.86070205e-01 3.94208029e-01 1.05819570e-05 6.12878122e-01]","[ 0.          1.24430811 14.82419872  0.3970488  -3.61053562  1.82268453
 -0.29987621  1.9455049 ]"
1747093064.7504547,"[ 0.          0.1220581   0.65824154 -2.83152667 -1.79566939  1.19526172
  0.9600713   2.11382553]","[0.00000000e+00 6.69213013e-05 1.50444300e-01 2.87034085e-04
 1.86907453e-01 3.90560963e-01 1.05819570e-05 6.21224202e-01]","[ 0.          1.30597854 14.82639122  0.43538311 -3.58696294  1.92098606
 -0.29140058  1.98735058]"
1747093064.7516556,"[ 0.          0.1220581   0.65854548 -2.83152507 -1.79529921  1.19602378
  0.96007224  2.11509466]","[0.00000000e+00 6.62374928e-05 1.47053980e-01 3.14068453e-04
 1.88528036e-01 3.85550025e-01 1.85186086e-05 6.17391980e-01]","[ 0.          1.29174304 14.81886387  0.46360162 -3.56796169  1.927953
 -0.27683681  2.03333569]"
1747093064.7534578,"[ 0.          0.1220581   0.65869108 -2.8315248  -1.79509947  1.19643471
  0.96007224  2.11570252]","[0.00000000e+00 6.55675129e-05 1.47743322e-01 3.12354434e-04
 1.87899414e-01 3.86571747e-01 1.85184257e-05 6.16362469e-01]","[ 0.          1.26663232 14.79419231  0.47308239 -3.5786891   1.88863885
 -0.26844633  2.0675168 ]"
1747093064.755311,"[ 0.          0.12205856  0.65899136 -2.83152294 -1.79473302  1.19719863
  0.96007224  2.1169088 ]","[0.00000000e+00 7.10314753e-05 1.47203117e-01 3.51060873e-04
 1.85827058e-01 3.85969307e-01 1.85324169e-05 6.08799690e-01]","[ 0.          1.25895774 14.77234173  0.46639952 -3.62887239  1.9820745
 -0.25748333  2.14349699]"
1747093064.756438,"[ 0.          0.12205856  0.65928204 -2.83152107 -1.79434793  1.19798813
  0.96007224  2.11816262]","[0.00000000e+00 7.56702666e-05 1.47473228e-01 3.78155644e-04
 1.88577888e-01 3.86183425e-01 1.85186086e-05 6.13661491e-01]","[ 0.          1.23585558 14.73547459  0.49010408 -3.7244072   1.99692535
 -0.26208457  2.04106092]"
1747093064.758153,"[ 0.          0.12205901  0.65942758 -2.83152001 -1.79415991  1.19836869
  0.96007224  2.11877142]","[0.00000000e+00 7.75963771e-05 1.47323808e-01 3.94168290e-04
 1.90688826e-01 3.85578222e-01 1.85325998e-05 6.17442847e-01]","[ 0.          1.23031354 14.73131657  0.48393011 -3.75645614  1.95956516
 -0.27089968  1.93636858]"
1747093064.759915,"[ 0.          0.12205901  0.65973158 -2.83151868 -1.79378334  1.19916498
  0.96007224  2.12004334]","[0.00000000e+00 7.68933393e-05 1.49093811e-01 4.09466967e-04
 1.91229014e-01 3.87938814e-01 1.85184257e-05 6.21674077e-01]","[ 0.          1.20862973 14.76185417  0.45358226 -3.76971173  1.90602851
 -0.25898385  1.95301116]"
1747093064.7610364,"[ 0.          0.12205947  0.65987852 -2.83151788 -1.79357934  1.19954448
  0.96007224  2.12065787]","[0.00000000e+00 8.74340298e-05 1.49093811e-01 4.35662563e-04
 1.91907937e-01 3.84888896e-01 1.85184257e-05 6.23384958e-01]","[ 0.          1.22786367 14.76504517  0.43998203 -3.74653172  1.90689123
 -0.26297322  1.94129682]"
1747093064.7640328,"[ 0.          0.12205947  0.66018112 -2.83151655 -1.79319797  1.20028657
  0.96007224  2.12192593]","[0.00000000e+00 8.74331602e-05 1.47451856e-01 5.59869087e-04
 1.93389787e-01 3.74355095e-01 1.85184257e-05 6.18896533e-01]","[ 0.          1.17739677 14.78799152  0.43366101 -3.72298026  1.91486919
 -0.27425417  1.87416875]"
1747093064.7683764,"[ 0.          0.12206039  0.66088327 -2.83151282 -1.7921897   1.20215491
  0.96007224  2.12502145]","[0.00000000e+00 1.00757800e-04 1.37479616e-01 7.84134233e-04
 1.92590173e-01 3.61858877e-01 1.05819570e-05 6.15808997e-01]","[ 0.          1.08950245 15.01156616  0.35688463 -3.69530082  1.78848994
 -0.19963668  2.01429391]"
1747093064.7720754,"[ 0.          0.12206039  0.66141816 -2.83151095 -1.79141419  1.20360181
  0.96007224  2.12742829]","[0.00000000e+00 1.06059781e-04 1.30727179e-01 7.06885527e-04
 1.93593252e-01 3.59100442e-01 1.05819570e-05 6.10690402e-01]","[ 0.          0.99737251 15.21792984  0.28858274 -3.67937422  1.81362236
 -0.21792075  2.05728507]"
1747093064.7769506,"[ 0.          0.12206039  0.66194806 -2.83151016 -1.79063229  1.20499078
  0.96007224  2.12989877]","[0.00000000e+00 1.08711279e-04 1.33023140e-01 6.30999220e-04
 1.94914330e-01 3.38537409e-01 1.05819570e-05 6.18523224e-01]","[ 0.          0.90870351 15.4111948   0.17389031 -3.75120115  1.87695098
 -0.18774319  2.07463121]"
1747093064.7799191,"[ 0.          0.12206039  0.66248582 -2.83151016 -1.79006077  1.20633208
  0.96007224  2.13240267]","[0.00000000e+00 1.08711279e-04 1.33698252e-01 4.70381250e-04
 1.93929992e-01 3.33271274e-01 1.05819570e-05 6.03282420e-01]","[ 0.          0.80595213 15.54539204  0.07224254 -3.8729291   1.94355118
 -0.20490283  2.29503274]"
1747093064.7836215,"[ 0.          0.12206039  0.66288483 -2.83151016 -1.78947488  1.20731958
  0.96007323  2.13416062]","[0.00000000e+00 1.08629080e-04 1.31279061e-01 3.65928802e-04
 1.92849598e-01 3.33502237e-01 1.85186086e-05 5.89352689e-01]","[ 0.00000000e+00  7.36801684e-01  1.57158194e+01  1.45599684e-02
 -3.93612337e+00  2.00692630e+00 -1.75114363e-01  2.38390875e+00]"
1747093064.786689,"[ 0.          0.12206039  0.66341014 -2.83151016 -1.78870309  1.20867047
  0.96007323  2.13652937]","[0.00000000e+00 1.05979589e-04 1.33698252e-01 2.75345109e-04
 1.92849598e-01 3.32760081e-01 1.85184257e-05 5.86651711e-01]","[ 0.          0.63632298 15.84476757 -0.0754562  -3.93013644  1.84343183
 -0.19623502  2.24043536]"
1747093064.7903776,"[ 0.          0.12206039  0.66381427 -2.83150962 -1.78812412  1.20967301
  0.96007323  2.13830171]","[0.00000000e+00 1.06059781e-04 1.32887960e-01 2.19415947e-04
 1.89608431e-01 3.31380164e-01 1.85184257e-05 5.83680622e-01]","[ 0.          0.50655329 15.75075912 -0.1203109  -3.81093311  1.88247454
 -0.16173542  2.03233099]"
1747093064.7959378,"[ 0.          0.12206039  0.66422247 -2.83151016 -1.78756486  1.21072709
  0.96007323  2.14005407]","[0.00000000e+00 1.06059781e-04 1.36399221e-01 1.09707973e-04
 1.88528036e-01 3.32268195e-01 1.85184257e-05 5.78008621e-01]","[ 0.          0.39617744 15.71304321 -0.20815603 -3.69712377  1.89998293
 -0.12565474  2.0777669 ]"
1747093064.8000522,"[ 0.          0.12205993  0.66504306 -2.83151016 -1.78644952  1.21273818
  0.9600751   2.14346824]","[0.00000000e+00 9.01499209e-05 1.35048741e-01 1.09361081e-05
 1.83126081e-01 3.40592904e-01 3.70368514e-05 5.62342976e-01]","[ 0.          0.19946603 15.26424313 -0.35032949 -3.53764677  1.75008464
 -0.093435    2.16194081]"
1747093064.804249,"[ 0.          0.12205993  0.66570658 -2.83151016 -1.78552594  1.21441624
  0.9600751   2.14635923]","[0.00000000e+00 8.73011481e-05 1.29916888e-01 0.00000000e+00
 1.87447642e-01 3.35731170e-01 3.70368514e-05 5.73719534e-01]","[ 0.         -0.01767733 14.91562939 -0.47941118 -3.31247139  1.81769085
 -0.06007243  1.98270941]"
1747093064.8073688,"[ 0.          0.12205947  0.66608768 -2.83151016 -1.78495549  1.21510413
  0.96007603  2.14806499]","[0.00000000e+00 8.20101635e-05 1.23434545e-01 0.00000000e+00
 1.87257725e-01 3.36001248e-01 4.76192757e-05 5.75847799e-01]","[ 0.         -0.14454032 14.71134186 -0.5191645  -3.30374622  1.80741954
 -0.0267166   1.93720031]"
1747093064.8110225,"[ 0.          0.12205947  0.66645    -2.83151042 -1.7843941   1.21611906
  0.96007603  2.14980963]","[ 0.00000000e+00  7.67771511e-05  1.16858102e-01 -7.80116304e-06
  1.83562506e-01  3.35390984e-01  4.76192757e-05  5.74454899e-01]","[ 0.00000000e+00 -2.54694611e-01  1.45603714e+01 -5.75266421e-01
 -3.42663693e+00  1.76651251e+00  1.24954674e-02  2.01543832e+00]"
1747093064.814722,"[ 0.          0.12205947  0.66690554 -2.83151042 -1.78366492  1.21748233
  0.96007603  2.15209848]","[ 0.00000000e+00  7.67771511e-05  1.11988054e-01 -7.35984841e-06
  1.80383441e-01  3.39782637e-01  4.76908124e-05  5.64503732e-01]","[ 0.00000000e+00 -4.26435053e-01  1.45346746e+01 -6.21896982e-01
 -3.47908068e+00  1.60227764e+00  7.75288604e-03  2.07094288e+00]"
1747093064.8177242,"[ 0.          0.12205901  0.66733118 -2.83151042 -1.78295706  1.21882364
  0.96007703  2.15433593]","[ 0.00000000e+00  6.35397134e-05  1.02815071e-01 -6.97929922e-06
  1.79344725e-01  3.30869403e-01  5.82887721e-05  5.55297417e-01]","[ 0.         -0.51993483 14.44110012 -0.70832318 -3.58802128  1.57674658
  0.02826399  1.87348437]"
1747093064.8213701,"[ 0.          0.12205901  0.6676457  -2.83151095 -1.78242282  1.21980541
  0.96007703  2.1560341 ]","[ 0.00000000e+00  6.34917418e-05  1.01565191e-01 -2.03704231e-05
  1.73942769e-01  3.30869403e-01  5.82881910e-05  5.62342976e-01]","[ 0.00000000e+00 -5.86540937e-01  1.44923792e+01 -7.75181472e-01
 -3.68227053e+00  1.60130680e+00  1.14256991e-02  1.81695628e+00]"
1747093064.82558,"[ 0.          0.12205901  0.66802593 -2.83151149 -1.78173573  1.22116389
  0.96007889  2.15827062]","[ 0.00000000e+00  5.82007654e-05  9.72350907e-02 -3.23851580e-05
  1.68540829e-01  3.33271274e-01  7.41857136e-05  5.51690598e-01]","[ 0.         -0.68031615 14.55755424 -0.8411448  -3.63659215  1.67329788
  0.08691949  1.93012786]"
1747093064.828627,"[ 0.          0.12205856  0.66841442 -2.83151149 -1.78106515  1.22248908
  0.96007889  2.16043577]","[ 0.00000000e+00  4.49733161e-05  9.25495667e-02 -3.15697518e-05
  1.68000624e-01  3.24243624e-01  7.41857136e-05  5.31551840e-01]","[ 0.         -0.74370438 14.60709953 -0.94474524 -3.47848129  1.72424018
  0.10187291  2.00937867]"
1747093064.832833,"[ 0.          0.12205856  0.66877488 -2.83151175 -1.78038977  1.22376566
  0.96007989  2.16253914]","[ 0.00000000e+00  4.23278279e-05  8.88620706e-02 -4.82555069e-05
  1.66920246e-01  3.14463665e-01  8.47836692e-05  5.19127361e-01]","[ 0.         -0.75008202 14.61553288 -1.02732086 -3.40485787  1.67764008
  0.1076178   2.11528063]"
1747093064.8356357,"[ 0.          0.12205856  0.66894798 -2.83151175 -1.78004835  1.22437926
  0.96007989  2.16355313]","[ 0.00000000e+00  3.70648338e-05  8.33755593e-02 -4.71209977e-05
  1.66008712e-01  3.10927453e-01  8.47836692e-05  5.13185217e-01]","[ 0.         -0.79672468 14.6184473  -1.04629135 -3.38862681  1.68978691
  0.12218559  2.02650714]"
1747093064.8386216,"[ 0.          0.12205856  0.66910731 -2.83151229 -1.77956312  1.22531349
  0.96008082  2.16509044]","[ 0.00000000e+00  3.17701716e-05  7.99488533e-02 -5.65318928e-05
  1.62058479e-01  3.06439061e-01  9.53816248e-05  5.05622472e-01]","[ 0.         -0.78684527 14.66139412 -1.1171689  -3.36768126  1.66680944
  0.14787816  2.06435752]"
1747093064.841128,"[ 0.          0.1220581   0.66933694 -2.83151229 -1.77908375  1.22622389
  0.96008082  2.16661537]","[ 0.00000000e+00  1.85184257e-05  7.33920758e-02 -4.42275367e-05
  1.56116334e-01  2.95377888e-01  9.54538036e-05  4.99311379e-01]","[ 0.         -0.78614151 14.74196815 -1.1554929  -3.34410167  1.63765812
  0.15534568  2.11059165]"
1747093064.8434818,"[ 0.          0.1220581   0.66948661 -2.83151229 -1.77876151  1.22678809
  0.96008082  2.16759528]","[ 0.00000000e+00  1.85325998e-05  7.34751581e-02 -4.32735272e-05
  1.57984125e-01  2.83602355e-01  9.53816248e-05  4.94008293e-01]","[ 0.         -0.77228969 14.91688919 -1.15798342 -3.31171465  1.63620222
  0.13760903  2.1170404 ]"
1747093064.8452528,"[ 0.          0.1220581   0.66963082 -2.83151282 -1.77845045  1.22734735
  0.96008176  2.16858172]","[ 0.00000000e+00  1.32274462e-05  7.26562194e-02 -5.31102656e-05
  1.57196729e-01  2.70328394e-01  1.03408291e-04  4.77463138e-01]","[ 0.         -0.79741931 15.01744938 -1.15216982 -3.3814292   1.67372239
  0.10922685  2.10402656]"
1747093064.847756,"[ 0.          0.1220581   0.66978282 -2.83151282 -1.77812981  1.22787625
  0.96008176  2.1695045 ]","[ 0.00000000e+00  7.94246417e-06  7.50870946e-02 -5.30288339e-05
  1.55330186e-01  2.66855749e-01  1.03408291e-04  4.64636622e-01]","[ 0.         -0.80589449 15.05694294 -1.12618852 -3.4626801   1.66248357
  0.11694571  2.0911727 ]"
1747093064.8488688,"[ 0.          0.1220581   0.66993295 -2.83151282 -1.77782461  1.2284214
  0.96008176  2.1704406 ]","[ 0.00000000e+00  5.29097849e-06  7.58204875e-02 -5.20087695e-05
  1.54495751e-01  2.66065339e-01  1.03408291e-04  4.54569740e-01]","[ 0.         -0.75735354 15.04961967 -1.10525751 -3.55123138  1.7146343
  0.11688551  2.06092834]"
1747093064.8513472,"[ 0.          0.1220581   0.67008588 -2.83151282 -1.77752154  1.22894085
  0.96008269  2.17139761]","[ 0.00000000e+00  0.00000000e+00  7.40067084e-02 -5.10262331e-05
  1.52334978e-01  2.63615131e-01  1.14014268e-04  4.51426877e-01]","[ 0.         -0.73006779 15.00774097 -1.06144297 -3.62058663  1.73222995
  0.14248523  2.03879356]"
1747093064.8540237,"[ 0.          0.1220581   0.67023509 -2.83151335 -1.77721475  1.22948307
  0.96008269  2.17233091]","[ 0.00000000e+00  0.00000000e+00  7.58973946e-02 -5.90010791e-05
  1.48553606e-01  2.66316109e-01  1.03408291e-04  4.57903219e-01]","[ 0.         -0.70374465 15.04343414 -1.03872871 -3.65734601  1.78445113
  0.14038579  1.91611433]"
1747093064.8548605,"[ 0.          0.1220581   0.67038849 -2.83151335 -1.77692659  1.2300149
  0.96008269  2.17323559]","[ 0.00000000e+00  0.00000000e+00  7.39317237e-02 -5.78665048e-05
  1.45312439e-01  2.71453180e-01  1.03330098e-04  4.59165724e-01]","[ 0.         -0.67214608 15.09554768 -1.00562179 -3.6341362   1.8181138
  0.13265476  1.90392017]"
1747093064.8566556,"[ 0.          0.1220581   0.67046052 -2.83151335 -1.77677319  1.23028215
  0.96008269  2.17369405]","[ 0.00000000e+00 -5.29497611e-06  7.29263222e-02 -5.78665048e-05
  1.44442634e-01  2.70903104e-01  1.03408291e-04  4.64636622e-01]","[ 0.         -0.67262334 15.08376503 -0.98560852 -3.56909275  1.83711481
  0.12193046  1.91913235]"
1747093064.8584368,"[ 0.          0.1220581   0.67061119 -2.83151335 -1.77648824  1.2308301
  0.96008269  2.17465585]","[ 0.00000000e+00 -5.29497611e-06  7.39766979e-02 -5.68514998e-05
  1.44232044e-01  2.65235714e-01  1.03330098e-04  4.70779902e-01]","[ 0.         -0.639489   15.08678532 -0.94863838 -3.48340034  1.80987358
  0.0952089   1.81139338]"
1747093064.8603265,"[ 0.          0.1220581   0.67075354 -2.83151335 -1.7761905   1.23133996
  0.96008269  2.17558623]","[ 0.00000000e+00 -7.94246417e-06  7.12334838e-02 -5.57973535e-05
  1.45947236e-01  2.56592608e-01  1.03408291e-04  4.72670580e-01]","[ 0.         -0.6533249  15.08824062 -0.90310431 -3.36902809  1.77439833
  0.07512547  1.82111251]"
1747093064.862122,"[ 0.          0.1220581   0.67089635 -2.83151335 -1.77590074  1.23185462
  0.96008369  2.17656414]","[ 0.00000000e+00 -1.32374398e-05  7.02151659e-02 -5.49246904e-05
  1.47473228e-01  2.50768458e-01  1.14014268e-04  4.79423025e-01]","[ 0.         -0.6762656  14.95670509 -0.87267154 -3.27940178  1.73465121
  0.07188238  1.8948065 ]"
1747093064.863976,"[ 0.          0.1220581   0.67103364 -2.83151335 -1.7756062   1.23234743
  0.96008369  2.1775041 ]","[ 0.00000000e+00 -1.32374398e-05  6.94150525e-02 -5.39401709e-05
  1.49634000e-01  2.49029880e-01  1.14013130e-04  4.76451936e-01]","[ 0.         -0.64636713 14.87358856 -0.84218001 -3.22011924  1.73918355
  0.08498433  1.927935  ]"
1747093064.8651536,"[ 0.          0.1220581   0.67109928 -2.83151335 -1.77544534  1.23259391
  0.96008369  2.17800544]","[ 0.00000000e+00 -1.32274462e-05  6.64439800e-02 -5.39392606e-05
  1.51464158e-01  2.50110258e-01  1.14014268e-04  4.71946234e-01]","[ 0.         -0.61430174 14.83392525 -0.80342114 -3.21971059  1.65282464
  0.09043426  1.92774367]"
1747093064.866998,"[ 0.          0.1220581   0.67123018 -2.83151335 -1.77514494  1.23310191
  0.96008462  2.17893289]","[ 0.00000000e+00 -2.38273920e-05  6.36352689e-02 -5.31233262e-05
  1.52334978e-01  2.45809486e-01  1.21968747e-04  4.68889224e-01]","[ 0.         -0.57446206 14.75567245 -0.78447527 -3.25299215  1.63254917
  0.10513704  1.94278479]"
1747093064.8688593,"[ 0.          0.1220581   0.6712917  -2.83151335 -1.7749942   1.23334159
  0.96008462  2.17939149]","[ 0.00000000e+00 -2.38276277e-05  6.23925172e-02 -5.30563002e-05
  1.52875167e-01  2.43087735e-01  1.21968747e-04  4.65107868e-01]","[ 0.         -0.53882241 14.77675629 -0.78806603 -3.29344773  1.69103324
  0.10745411  1.89236724]"
1747093064.8707445,"[ 0.          0.1220581   0.67141107 -2.83151362 -1.77468581  1.23383148
  0.96008462  2.17988231]","[ 0.00000000e+00 -2.38273920e-05  5.66736701e-02 -5.65528613e-05
  1.50714395e-01  2.37145590e-01  1.21876526e-04  4.61731513e-01]","[ 0.         -0.50598168 14.80319118 -0.78965044 -3.30686522  1.67356503
  0.08885852  1.94413745]"
1747093064.8719256,"[ 0.          0.1220581   0.67150981 -2.83151362 -1.77438807  1.23429953
  0.96008462  2.18080123]","[ 0.00000000e+00 -2.38273920e-05  4.80773522e-02 -5.21370593e-05
  1.51254584e-01  2.36095839e-01  1.21968747e-04  4.66728435e-01]","[ 0.         -0.46850723 14.89650249 -0.76967406 -3.32793355  1.6081146
  0.09941849  1.89643586]"
1747093064.8743672,"[ 0.          0.1220581   0.67159523 -2.83151362 -1.77408127  1.23478183
  0.96008462  2.18176689]","[ 0.00000000e+00 -2.38273920e-05  4.24053018e-02 -5.13743589e-05
  1.49093811e-01  2.34444612e-01  1.21876526e-04  4.71946234e-01]","[ 0.         -0.42284945 15.06293678 -0.73730725 -3.37996793  1.53672659
  0.09017363  1.81644487]"
1747093064.8762805,"[ 0.          0.1220581   0.67167559 -2.83151362 -1.77379099  1.23523377
  0.96008462  2.18274481]","[ 0.00000000e+00 -2.38276277e-05  3.86239376e-02 -5.05120012e-05
  1.46000716e-01  2.26881884e-01  1.21968747e-04  4.78917191e-01]","[ 0.         -0.36358285 15.2118845  -0.72841865 -3.50814366  1.49989569
  0.06104063  1.8103708 ]"
1747093064.878174,"[ 0.          0.1220581   0.67174856 -2.83151362 -1.77349218  1.23567039
  0.96008462  2.18368943]","[ 0.00000000e+00 -2.38273920e-05  3.61930625e-02 -4.97361019e-05
  1.45852644e-01  2.10405938e-01  1.21876526e-04  4.77532347e-01]","[ 0.         -0.34930849 15.35002422 -0.73430425 -3.63741565  1.50420654
  0.07673302  1.80409849]"
1747093064.8792753,"[ 0.          0.1220581   0.6718216  -2.83151415 -1.77319231  1.23606614
  0.96008555  2.18462367]","[ 0.00000000e+00 -2.38273920e-05  3.53469179e-02 -5.70820069e-05
  1.46950316e-01  1.97711348e-01  1.32574732e-04  4.73750958e-01]","[ 0.         -0.29917255 15.46610069 -0.72226959 -3.74567056  1.57092655
  0.09004119  1.7156589 ]"
1747093064.8816078,"[ 0.          0.1220581   0.67185602 -2.83151415 -1.77304797  1.2362744
  0.96008555  2.18512687]","[ 0.00000000e+00 -2.38096379e-05  3.48425735e-02 -5.70828847e-05
  1.46392833e-01  1.96100935e-01  1.21968747e-04  4.73061499e-01]","[ 0.         -0.2710155  15.45413589 -0.71966118 -3.77955484  1.60809433
  0.07677107  1.75913358]"
1747093064.8845084,"[ 0.          0.1220581   0.67196947 -2.83151415 -1.77262026  1.23685097
  0.96008555  2.18651384]","[ 0.00000000e+00 -2.38273920e-05  3.97043280e-02 -5.54099647e-05
  1.43691855e-01  1.95010370e-01  1.21968747e-04  4.64027457e-01]","[ 0.         -0.18308796 15.53157806 -0.75507623 -3.99446058  1.65111434
  0.06698144  1.82102215]"
1747093064.8856995,"[ 0.          0.12205856  0.67205902 -2.83151468 -1.77232572  1.23725617
  0.96008555  2.18745754]","[ 0.00000000e+00 -1.85184257e-05  4.69969619e-02 -5.54091398e-05
  1.43691855e-01  1.98859387e-01  1.21876526e-04  4.60246101e-01]","[ 0.         -0.13513725 15.53312683 -0.75500822 -4.09019804  1.64897156
  0.08595752  1.85459542]"
1747093064.8874302,"[ 0.          0.12205856  0.67216228 -2.83151468 -1.77204236  1.23764433
  0.96008655  2.18838325]","[ 0.00000000e+00 -1.85324169e-05  5.13185192e-02 -5.45482206e-05
  1.43691855e-01  1.96630970e-01  1.32374402e-04  4.48453291e-01]","[ 0.         -0.05548944 15.50244236 -0.74851859 -4.09224272  1.61998582
  0.11433655  1.94703639]"
1747093064.889296,"[ 0.          0.12205856  0.67221328 -2.83151468 -1.77189002  1.23784127
  0.96008655  2.18882081]","[ 0.00000000e+00 -1.85324169e-05  5.18587164e-02 -5.46097404e-05
  1.43304615e-01  1.99872137e-01  1.32274460e-04  4.43770156e-01]","[ 0.         -0.02909101 15.45459366 -0.72768801 -4.0737586   1.53837967
  0.11058641  1.9103322 ]"
1747093064.8910818,"[ 0.          0.12205856  0.67231708 -2.83151468 -1.77160986  1.23825606
  0.96008655  2.18969406]","[ 0.00000000e+00 -1.85184257e-05  5.31552930e-02 -4.61413099e-05
  1.40990877e-01  2.03653493e-01  1.32275769e-04  4.42959856e-01]","[ 0.          0.06308326 15.4161644  -0.75054955 -3.98742294  1.53121352
  0.10831092  1.88119602]"
1747093064.892902,"[ 0.          0.12205856  0.67243093 -2.83151468 -1.7713249   1.23866978
  0.96008655  2.19059021]","[ 0.00000000e+00 -1.85186086e-05  5.67204709e-02 -4.60907376e-05
  1.38424189e-01  2.10135844e-01  1.32374402e-04  4.35127033e-01]","[ 0.          0.08748683 15.29027462 -0.70143288 -3.75847578  1.49780512
  0.13282664  1.8719722 ]"
1747093064.894743,"[ 0.          0.12205856  0.67248699 -2.83151468 -1.77118908  1.23889535
  0.96008748  2.19102018]","[ 0.00000000e+00 -1.85186086e-05  5.67204709e-02 -4.54444936e-05
  1.37749710e-01  2.12400879e-01  1.42856421e-04  4.35495648e-01]","[ 0.          0.06956472 15.22963715 -0.71303695 -3.67377567  1.54672849
  0.13330379  1.83209658]"
1747093064.896514,"[ 0.          0.12205901  0.67259578 -2.83151468 -1.77091371  1.23931773
  0.96008748  2.19191354]","[ 0.00000000e+00 -1.32374398e-05  5.45596902e-02 -4.47677883e-05
  1.40308376e-01  2.16077989e-01  1.32374402e-04  4.37340186e-01]","[ 0.          0.15120904 15.01299477 -0.69724572 -3.49503183  1.50174415
  0.14868049  1.86045027]"
1747093064.8976955,"[ 0.          0.12205901  0.67270138 -2.83151468 -1.77062396  1.23974769
  0.96008841  2.19277827]","[ 0.00000000e+00 -1.32274462e-05  5.12665251e-02 -4.42042885e-05
  1.42071272e-01  2.07887054e-01  1.42857835e-04  4.38098122e-01]","[ 0.          0.15622662 14.77735806 -0.64345115 -3.35350204  1.46273124
  0.16007359  1.86520827]"
1747093064.8994834,"[ 0.          0.12205901  0.6728075  -2.83151468 -1.7703358   1.24015103
  0.96008841  2.19366776]","[ 0.00000000e+00 -7.93654595e-06  5.19090710e-02 -4.35643472e-05
  1.40931872e-01  2.03653493e-01  1.32274460e-04  4.31823282e-01]","[ 0.          0.19627194 14.59089184 -0.61603647 -3.21295071  1.42080259
  0.18543462  1.89310753]"
1747093064.901281,"[ 0.          0.12205901  0.67285844 -2.83151468 -1.77019625  1.24034504
  0.96008841  2.19409107]","[ 0.00000000e+00 -7.94254290e-06  5.15886178e-02 -4.35643472e-05
  1.41387672e-01  1.96630970e-01  1.32374402e-04  4.29454999e-01]","[ 0.          0.24603964 14.49154854 -0.60222286 -3.17444849  1.39983654
  0.1777897   1.93848467]"
1747093064.9024413,"[ 0.          0.12205901  0.67295351 -2.83151468 -1.76991289  1.24073613
  0.96008935  2.19492158]","[ 0.00000000e+00 -7.94846874e-06  4.69969619e-02 -4.29865677e-05
  1.44232044e-01  1.88876661e-01  1.42856421e-04  4.17030487e-01]","[ 0.          0.28417578 14.22342682 -0.56404704 -3.09073544  1.40297186
  0.19750017  2.06614637]"
1747093064.9047925,"[ 0.          0.12205947  0.67300032 -2.83151468 -1.76976908  1.24091869
  0.96008935  2.19535727]","[ 0.00000000e+00 -5.29897933e-06  4.41352496e-02 -4.23811553e-05
  1.45852644e-01  1.85286870e-01  1.42965766e-04  4.10257203e-01]","[ 0.          0.30312327 14.163311   -0.57796741 -3.05827856  1.39866352
  0.208473    2.01307631]"
1747093064.9060369,"[ 0.          0.12205947  0.67308021 -2.83151468 -1.76947134  1.24127262
  0.96009035  2.1961421 ]","[ 0.00000000e+00 -5.30298914e-06  3.91641349e-02 -4.18757943e-05
  1.45312439e-01  1.77724141e-01  1.42964352e-04  3.95422697e-01]","[ 0.          0.33148903 14.01441765 -0.54718465 -3.12960529  1.40171504
  0.21450976  2.04730988]"
1747093064.907752,"[ 0.          0.12205947  0.67315278 -2.83151468 -1.76917573  1.24163215
  0.96009035  2.19693546]","[ 0.00000000e+00  0.00000000e+00  3.61930625e-02 -3.83861455e-05
  1.43941094e-01  1.73672674e-01  1.42856421e-04  3.83815875e-01]","[ 0.          0.38151237 13.94721317 -0.50964421 -3.23083806  1.40765083
  0.21658623  2.10075665]"
1747093064.9095573,"[ 0.          0.12205947  0.6731886  -2.83151468 -1.76903458  1.24179779
  0.96009035  2.19731123]","[ 0.00000000e+00  0.00000000e+00  3.36029739e-02 -3.78588123e-05
  1.43151666e-01  1.68000624e-01  1.42964352e-04  3.81107540e-01]","[ 0.          0.39926109 13.94439983 -0.50322324 -3.28370714  1.3858875
  0.20655496  2.06180906]"
1747093064.9106975,"[ 0.          0.12205947  0.67324786 -2.83151468 -1.76875442  1.24213349
  0.96009035  2.19806278]","[ 0.00000000e+00  0.00000000e+00  2.83602355e-02 -3.73824699e-05
  1.42611461e-01  1.62846159e-01  1.42854991e-04  3.81917840e-01]","[ 0.          0.47233188 14.05130291 -0.45242736 -3.3385725   1.40324044
  0.19578537  2.01723647]"
1747093064.912476,"[ 0.          0.12205947  0.67327262 -2.83151468 -1.76861433  1.24229714
  0.96009035  2.19848702]","[ 0.00000000e+00  0.00000000e+00  2.51190644e-02 -3.73829453e-05
  1.42071272e-01  1.65839851e-01  1.42856421e-04  3.99474164e-01]","[ 0.          0.46622762 14.06907177 -0.42951885 -3.38953519  1.43958294
  0.18835787  1.976372  ]"
1747093064.9142542,"[ 0.          0.12205993  0.67331623 -2.83151468 -1.76831872  1.24264348
  0.96009128  2.19931473]","[ 0.00000000e+00  5.29897933e-06  1.94470181e-02 -3.69184282e-05
  1.44919223e-01  1.71024094e-01  1.50908306e-04  4.26861280e-01]","[ 0.          0.49582607 14.233778   -0.37922913 -3.4716506   1.41944396
  0.18074083  1.84331369]"
1747093064.9159324,"[ 0.          0.12205993  0.67334699 -2.83151468 -1.76801832  1.24299821
  0.96009128  2.20024697]","[ 0.00000000e+00  5.30298914e-06  1.33032553e-02 -3.64303947e-05
  1.47953396e-01  1.83126081e-01  1.42856421e-04  4.64924710e-01]","[ 0.          0.51960647 14.41530132 -0.32095999 -3.62674809  1.39240003
  0.15960789  1.78368509]"
1747093064.9170544,"[ 0.          0.12205993  0.67335804 -2.83151415 -1.76787291  1.2431857
  0.96009128  2.2007254 ]","[ 0.00000000e+00  5.30298914e-06  1.13326004e-02 -2.31829786e-05
  1.47473228e-01  1.89955957e-01  1.42856421e-04  4.85095059e-01]","[ 0.          0.5262419  14.50328159 -0.3058646  -3.73701191  1.34936213
  0.13844281  1.76571631]"
1747093064.9188666,"[ 0.          0.12206039  0.67337409 -2.83151415 -1.76757464  1.24359756
  0.96009128  2.20173195]","[ 0.00000000e+00  1.32474486e-05  7.56272939e-03 -2.29021573e-05
  1.52334978e-01  2.05128601e-01  1.42856421e-04  5.17522074e-01]","[ 0.          0.58921289 14.69038391 -0.24514604 -3.88902998  1.29494965
  0.12670207  1.65604246]"
1747093064.9211206,"[ 0.          0.12206039  0.67338654 -2.83151415 -1.76725879  1.24401714
  0.96009128  2.20284208]","[ 0.00000000e+00  1.32574726e-05  5.67204678e-03 -2.26280613e-05
  1.54829112e-01  2.14187294e-01  1.42856421e-04  5.50420037e-01]","[ 0.          0.64874697 14.86781025 -0.22272328 -4.06568813  1.32140577
  0.11393841  1.68637693]"
1747093064.922981,"[ 0.          0.12206085  0.6733948  -2.83151415 -1.76695465  1.24446229
  0.96009128  2.2039694 ]","[ 0.00000000e+00  1.85464284e-05  4.31718100e-03 -2.23601786e-05
  1.53415373e-01  2.17872177e-01  1.32275769e-04  5.75847799e-01]","[ 0.          0.68886054 15.06298447 -0.1936653  -4.14726591  1.35547984
  0.10850456  1.78262258]"
1747093064.924099,"[ 0.          0.12206085  0.67339892 -2.83151415 -1.76680285  1.24467734
  0.96009128  2.20454691]","[ 0.00000000e+00  1.85604623e-05  4.01229535e-03 -2.23604468e-05
  1.53955562e-01  2.18017635e-01  1.32274460e-04  5.85571333e-01]","[ 0.          0.72858316 15.19937897 -0.16303779 -4.16051817  1.35764003
  0.10998896  1.73279202]"
1747093064.9259596,"[ 0.          0.12206085  0.67340718 -2.83151415 -1.76648647  1.24511117
  0.96009128  2.20577116]","[ 0.00000000e+00  1.85606472e-05  4.18651082e-03 -2.20791947e-05
  1.54878863e-01  2.20939739e-01  1.21784452e-04  6.01278125e-01]","[ 0.          0.80216068 15.3451376  -0.17629823 -4.15099192  1.39347649
  0.08217476  1.77784669]"
1747093064.9277773,"[ 0.          0.12206131  0.67341817 -2.83151415 -1.76618553  1.24557256
  0.96009128  2.20697172]","[ 0.00000000e+00  2.65149452e-05  5.13185212e-03 -2.18435125e-05
  1.51254584e-01  2.25801489e-01  1.21693710e-04  6.11500668e-01]","[ 0.          0.84395725 15.52867699 -0.16616209 -4.14841604  1.40537429
  0.07659715  1.80714762]"
1747093064.9295483,"[ 0.          0.12206177  0.67342556 -2.83151415 -1.76602414  1.24579706
  0.96009128  2.20758344]","[ 0.00000000e+00  3.18179359e-05  6.05463328e-03 -1.56025090e-05
  1.51965681e-01  2.27461471e-01  1.21693710e-04  6.20413869e-01]","[ 0.          0.86166722 15.55093384 -0.13584892 -4.10928535  1.40394819
  0.07225353  1.71223199]"
1747093064.9307568,"[ 0.          0.12206223  0.67344207 -2.83151415 -1.76572587  1.2462498
  0.96009128  2.20887428]","[ 0.00000000e+00  3.70928568e-05  8.37302164e-03 -1.56026918e-05
  1.52334978e-01  2.29582862e-01  1.21693710e-04  6.32028114e-01]","[ 0.          0.88936466 15.69855118 -0.08965867 -4.02569818  1.3548696
  0.06384552  1.60331666]"
1747093064.9324012,"[ 0.          0.12206268  0.67346457 -2.83151415 -1.76540842  1.24671785
  0.96009128  2.21013289]","[ 0.00000000e+00  4.24239132e-05  1.15353491e-02 -1.54244881e-05
  1.56332316e-01  2.28502467e-01  1.13756038e-04  6.37054032e-01]","[ 0.          0.94901896 15.79200077 -0.02896563 -3.86820316  1.2977047
  0.04521334  1.61751199]"
1747093064.9342766,"[ 0.          0.12206268  0.67347742 -2.83151415 -1.76525183  1.24694529
  0.96009128  2.21076166]","[ 0.00000000e+00  4.24239132e-05  1.29646791e-02 -1.52368699e-05
  1.58817312e-01  2.30663240e-01  1.13841985e-04  6.37700115e-01]","[ 0.          0.96852255 15.85682392 -0.05945498 -3.75922489  1.28958189
  0.04931678  1.63034105]"
1747093064.936019,"[ 0.          0.12206361  0.67350592 -2.83151415 -1.76493491  1.24740375
  0.96009128  2.21206594]","[ 0.00000000e+00  5.03403034e-05  1.48553612e-02 -1.50668778e-05
  1.61518290e-01  2.33364218e-01  1.13757160e-04  6.36889848e-01]","[ 0.          1.03633022 15.92738533 -0.03593826 -3.6553731   1.26179636
  0.06452803  1.65091586]"
1747093064.9378536,"[ 0.          0.12206407  0.67352196 -2.83151362 -1.76476181  1.24765582
  0.96009128  2.21269192]","[ 0.00000000e+00  5.56813848e-05  1.50461080e-02 -9.04012665e-06
  1.62999507e-01  2.37226966e-01  1.03174077e-04  6.34729092e-01]","[ 0.00000000e+00  1.08509076e+00  1.59175348e+01 -1.74718059e-03
 -3.64942503e+00  1.27790952e+00  6.80736303e-02  1.63196480e+00]"
1747093064.9397562,"[ 0.          0.12206498  0.67355319 -2.83151362 -1.7644385   1.24812773
  0.96009221  2.21398089]","[ 0.00000000e+00  6.89381696e-05  1.56656540e-02 -9.04002506e-06
  1.64592527e-01  2.40386757e-01  1.13756038e-04  6.27924250e-01]","[ 0.          1.11548901 15.82885075  0.01942207 -3.67574668  1.30152941
  0.07951128  1.78646469]"
1747093064.9408429,"[ 0.          0.12206591  0.67358488 -2.83151362 -1.76409868  1.24862334
  0.96009221  2.21520048]","[ 0.00000000e+00  7.68933393e-05  1.56656540e-02 -2.98009416e-06
  1.66510252e-01  2.39549326e-01  1.13757160e-04  6.14741869e-01]","[ 0.          1.16613638 15.77090073  0.0219823  -3.62662792  1.30026877
  0.10216916  1.69744301]"
1747093064.9427044,"[ 0.          0.12206728  0.67361471 -2.83151362 -1.76377058  1.24909046
  0.96009221  2.21644764]","[ 0.00000000e+00  9.01508150e-05  1.40450684e-02 -2.97759501e-06
  1.66380040e-01  2.36335290e-01  1.13757160e-04  6.07791950e-01]","[ 0.          1.22449553 15.68774796  0.05158381 -3.60979962  1.31056762
  0.10296852  1.6345346 ]"
1747093064.9438128,"[ 0.          0.12206774  0.67362716 -2.83151362 -1.76360812  1.24933774
  0.96009221  2.21704419]","[ 0.00000000e+00  9.53806739e-05  1.26945815e-02 -2.94512763e-06
  1.64592527e-01  2.32713125e-01  1.13756038e-04  6.05018335e-01]","[ 0.          1.26150358 15.67324829  0.05189092 -3.57436013  1.22302699
  0.10060295  1.59667993]"
1747093064.946266,"[ 0.          0.12206866  0.6736464  -2.83151362 -1.76324221  1.2497934
  0.96009221  2.21824275]","[ 0.00000000e+00  1.06059781e-04  8.37302164e-03 -2.91336046e-06
  1.66859226e-01  2.30663240e-01  1.03174077e-04  6.08799690e-01]","[ 0.          1.28476226 15.68314648  0.03372799 -3.49201488  1.21089077
  0.08778976  1.49522078]"
1747093064.9505227,"[ 0.          0.12207095  0.67366617 -2.83151335 -1.76257429  1.25073337
  0.96009321  2.22069339]","[0.00000000e+00 1.27270476e-04 3.00922145e-03 0.00000000e+00
 1.74534856e-01 2.36335290e-01 1.13756038e-04 6.04405341e-01]","[ 0.          1.35512686 15.72738934  0.08370654 -3.71327686  1.15850794
  0.09683551  1.5710597 ]"
1747093064.9560525,"[ 0.          0.1220737   0.6736703  -2.83151335 -1.76148718  1.25217081
  0.96009321  2.22431782]","[0.00000000e+00 1.56319884e-04 0.00000000e+00 0.00000000e+00
 1.77724141e-01 2.43087735e-01 1.05819570e-04 5.92323778e-01]","[ 0.          1.41335285 15.84632969  0.05075487 -3.86337471  1.21495807
  0.09159257  1.76666415]"
1747093064.9596145,"[ 0.          0.12207463  0.6736717  -2.83151335 -1.76078198  1.25317056
  0.96009414  2.22668177]","[0.00000000e+00 1.64268357e-04 2.65943796e-04 0.00000000e+00
 1.75023163e-01 2.39759649e-01 1.13757160e-04 5.86798185e-01]","[ 0.00000000e+00  1.43787587e+00  1.58459358e+01  9.96187050e-03
 -3.83213782e+00  1.20103478e+00  1.17544830e-01  1.74486613e+00]"
1747093064.9632766,"[ 0.          0.12207554  0.67367303 -2.83151335 -1.76042405  1.25385645
  0.96009414  2.22840843]","[0.00000000e+00 1.75000389e-04 3.77485595e-04 0.00000000e+00
 1.74534856e-01 2.27692167e-01 1.03096242e-04 5.83462110e-01]","[ 0.          1.39549375 15.76896191 -0.0345718  -3.799335    1.25007629
  0.13465801  1.70244825]"
1747093064.9669158,"[ 0.          0.122076    0.67367489 -2.83151335 -1.75989355  1.25454328
  0.96009414  2.23016452]","[0.00000000e+00 1.85058747e-04 4.52104462e-04 0.00000000e+00
 1.74370655e-01 2.25491597e-01 1.03174077e-04 5.76928177e-01]","[ 0.          1.38789904 15.78785515 -0.07117216 -3.67422223  1.20390594
  0.12135128  1.83548594]"
1747093064.9705706,"[ 0.          0.12207647  0.67367856 -2.83151335 -1.75918408  1.2554718
  0.96009507  2.23241063]","[0.00000000e+00 2.22104140e-04 5.88476612e-04 2.65149457e-06
 1.76540999e-01 2.20939739e-01 1.03174077e-04 5.47472517e-01]","[ 0.          1.35254979 15.73972225 -0.12331347 -3.46441412  1.17251337
  0.17138784  1.73982298]"
1747093064.9736161,"[ 0.          0.12207738  0.67368042 -2.83151335 -1.75866104  1.25613958
  0.96009607  2.23403636]","[0.00000000e+00 2.61305842e-04 6.02805928e-04 2.65149457e-06
 1.78264330e-01 2.20939739e-01 1.13757160e-04 5.30471429e-01]","[ 0.          1.30662799 15.65924549 -0.1559846  -3.40756035  1.11745226
  0.18709338  1.69182301]"
1747093064.9778755,"[ 0.          0.12207784  0.67368175 -2.83151335 -1.75794092  1.25701962
  0.96009607  2.2361778 ]","[0.00000000e+00 3.01691744e-04 5.92923168e-04 2.65347586e-06
 1.78804536e-01 2.18238761e-01 1.13756038e-04 5.30203781e-01]","[ 0.          1.20494926 15.53742123 -0.16834374 -3.28106713  1.21688175
  0.20161027  1.58158267]"
1747093064.9814742,"[ 0.          0.1220783   0.67368222 -2.83151335 -1.75720908  1.25787197
  0.960097    2.23831925]","[0.00000000e+00 3.11425643e-04 5.01509124e-04 7.94846874e-06
 1.83126081e-01 2.05544171e-01 1.13756038e-04 5.31821918e-01]","[ 0.          1.11432803 15.37948132 -0.27043802 -3.24429727  1.30749762
  0.23067693  1.48699379]"
1747093064.9845045,"[ 0.          0.12207876  0.67368222 -2.83151362 -1.75665408  1.25826385
  0.960097    2.23993819]","[0.00000000e+00 3.11425643e-04 4.11299028e-04 5.29892650e-06
 1.82585892e-01 1.95820670e-01 1.13757160e-04 5.33886034e-01]","[ 0.          1.00096655 15.21410465 -0.33433697 -3.35168767  1.3014369
  0.26294786  1.57419086]"
1747093064.9878445,"[ 0.          0.12207876  0.67368222 -2.83151362 -1.75591745  1.25903537
  0.96009887  2.24206925]","[0.00000000e+00 2.87523285e-04 2.06503761e-04 1.05979587e-05
 1.83126081e-01 1.86320958e-01 1.21692507e-04 5.27770484e-01]","[ 0.          0.82861787 15.09746742 -0.41594741 -3.32126141  1.34067428
  0.28313196  1.62379718]"
1747093064.990713,"[ 0.          0.12207876  0.67368222 -2.83151415 -1.75538641  1.25958997
  0.96009887  2.24366555]","[0.00000000e+00 2.73196115e-04 1.02819084e-04 5.29497611e-06
 1.78623358e-01 1.89068225e-01 1.21967536e-04 5.29372209e-01]","[ 0.          0.71066964 15.01656151 -0.48630404 -3.37305593  1.32563794
  0.28879741  1.52349067]"
1747093064.9929168,"[ 0.          0.12207876  0.67368222 -2.83151415 -1.75501943  1.25996481
  0.96009987  2.24472149]","[0.00000000e+00 2.68666953e-04 5.90010750e-05 5.29897933e-06
 1.79344725e-01 1.81505497e-01 1.32474482e-04 5.37493985e-01]","[ 0.          0.63211942 14.97261524 -0.5428676  -3.38799334  1.33827496
  0.31140041  1.48894334]"
1747093064.9953368,"[ 0.          0.12207876  0.67368222 -2.83151415 -1.75466257  1.26031875
  0.96009987  2.24579261]","[0.00000000e+00 2.64189172e-04 2.93768803e-05 5.29497611e-06
 1.80242310e-01 1.78534425e-01 1.21968747e-04 5.44246430e-01]","[ 0.          0.59882259 14.90139198 -0.60597277 -3.38991475  1.35529065
  0.32360786  1.43293595]"
1747093064.9976745,"[ 0.          0.12207876  0.67368222 -2.83151415 -1.75429345  1.2606868
  0.96009987  2.24690289]","[0.00000000e+00 2.46278032e-04 0.00000000e+00 5.29897933e-06
 1.80553284e-01 1.78264330e-01 1.21876526e-04 5.40465041e-01]","[ 0.          0.51178688 14.85046005 -0.66999173 -3.32437038  1.37465775
  0.32693768  1.39783013]"
1747093064.9994814,"[ 0.          0.1220783   0.67368222 -2.83151468 -1.75393233  1.26104646
  0.9601008   2.2480073 ]","[0.00000000e+00 2.23603404e-04 0.00000000e+00 0.00000000e+00
 1.83666286e-01 1.83126081e-01 1.21967536e-04 5.39402972e-01]","[ 0.          0.45144162 14.77265644 -0.73643827 -3.23873305  1.35584831
  0.33857721  1.42222273]"
1747093065.0012622,"[ 0.          0.1220783   0.67368175 -2.83151468 -1.75355682  1.26142596
  0.96010173  2.24906617]","[ 0.00000000e+00  2.10455769e-04 -2.28695667e-05  0.00000000e+00
  1.83060983e-01  1.86097153e-01  1.32474482e-04  5.33981309e-01]","[ 0.          0.38607419 14.71080685 -0.75721943 -3.21919966  1.33298922
  0.35251436  1.48260152]"
1747093065.0029905,"[ 0.          0.1220783   0.67368175 -2.83151468 -1.75319783  1.26179228
  0.96010173  2.25015327]","[ 0.00000000e+00  1.83351700e-04 -2.19415951e-05  0.00000000e+00
  1.81321606e-01  1.85286870e-01  1.32574732e-04  5.31127599e-01]","[ 0.          0.27066183 14.70093822 -0.81143034 -3.19051862  1.30085146
  0.35174391  1.56024647]"
1747093065.0047734,"[ 0.          0.1220783   0.67368222 -2.83151495 -1.75284309  1.26215566
  0.96010273  2.25118658]","[ 0.00000000e+00  1.70155740e-04  0.00000000e+00 -2.64948966e-06
  1.79884914e-01  1.75537919e-01  1.32474482e-04  5.21018039e-01]","[ 0.          0.17919374 14.7358427  -0.88762683 -3.14523387  1.27049041
  0.37406453  1.5496248 ]"
1747093065.0065506,"[ 0.          0.1220783   0.67368222 -2.83151548 -1.75247451  1.26248669
  0.96010273  2.25220631]","[ 0.00000000e+00  1.52244600e-04  0.00000000e+00 -7.94846874e-06
  1.80425119e-01  1.64592527e-01  1.21876526e-04  5.15633294e-01]","[ 0.          0.12930955 14.785429   -0.94242752 -3.02961016  1.28995788
  0.3892889   1.53554821]"
1747093065.0082285,"[ 0.          0.1220783   0.67368222 -2.83151548 -1.75229715  1.26265607
  0.96010273  2.25275332]","[ 0.00000000e+00  1.38811258e-04  0.00000000e+00 -7.94846874e-06
  1.79884914e-01  1.59488745e-01  1.21968747e-04  5.15078424e-01]","[ 0.          0.06744672 14.80745125 -0.97823161 -3.01535892  1.29110956
  0.38625062  1.53767669]"
1747093065.0094426,"[ 0.          0.1220783   0.67368222 -2.83151601 -1.75192537  1.26295568
  0.96010366  2.25376266]","[ 0.00000000e+00  1.25377907e-04  0.00000000e+00 -1.32474486e-05
  1.82387702e-01  1.49634000e-01  1.32474482e-04  5.11294505e-01]","[ 0.00000000e+00 -1.10456981e-02  1.48235722e+01 -9.95906889e-01
 -2.99835372e+00  1.28538620e+00  3.91617060e-01  1.46879387e+00]"
1747093065.01104,"[ 0.          0.1220783   0.67368222 -2.83151601 -1.75174321  1.26309749
  0.96010366  2.25426599]","[ 0.00000000e+00  1.16273769e-04  0.00000000e+00 -1.32474486e-05
  1.84746681e-01  1.43691855e-01  1.32576049e-04  5.10484239e-01]","[ 0.         -0.0279704  14.84296417 -1.02261567 -3.00832105  1.28450561
  0.4170287   1.48369777]"
1747093065.0127614,"[ 0.          0.1220783   0.67368222 -2.83151655 -1.75137729  1.26338578
  0.96010459  2.25531342]","[ 0.00000000e+00  9.40334320e-05  0.00000000e+00 -1.85464284e-05
  1.86367264e-01  1.38019813e-01  1.43072445e-04  5.11855767e-01]","[ 0.         -0.10371647 14.92582512 -1.07187927 -3.09264016  1.25393391
  0.42036268  1.55173457]"
1747093065.0145159,"[ 0.          0.1220783   0.67368268 -2.83151655 -1.75117968  1.26351987
  0.96010459  2.25581942]","[ 0.00000000e+00  8.50778702e-05  1.54992645e-05 -1.85464284e-05
  1.86070205e-01  1.36129127e-01  1.32474482e-04  5.13185217e-01]","[ 0.         -0.14175111 14.98031712 -1.09837985 -3.13142753  1.24004698
  0.41990641  1.55040383]"
1747093065.0156739,"[ 0.          0.12207784  0.67368268 -2.83151735 -1.75081377  1.26379005
  0.96010459  2.25686098]","[ 0.00000000e+00  7.16445193e-05  1.50669631e-05 -2.64948971e-05
  1.85827058e-01  1.31653443e-01  1.32574732e-04  5.09403827e-01]","[ 0.         -0.19432877 15.12215519 -1.13263965 -3.17486954  1.2228961
  0.41001001  1.59070849]"
1747093065.0174062,"[ 0.          0.12207784  0.67368315 -2.83151788 -1.75063001  1.26391934
  0.96010553  2.25735872]","[ 0.00000000e+00  7.04749732e-05  2.93154398e-05 -3.17938749e-05
  1.86367264e-01  1.31267377e-01  1.43073876e-04  5.04812171e-01]","[ 0.         -0.24720526 15.18671322 -1.12680864 -3.19975758  1.26403272
  0.40322685  1.70876467]"
1747093065.0193121,"[ 0.          0.12207784  0.67368362 -2.83151841 -1.75025077  1.26418007
  0.96010652  2.25833264]","[ 0.00000000e+00  5.27907480e-05  3.56047115e-05 -4.23918346e-05
  1.84565586e-01  1.32347763e-01  1.51135188e-04  4.90539692e-01]","[ 0.         -0.2769351  15.2515316  -1.16502428 -3.232373    1.28757775
  0.41633773  1.81772053]"
1747093065.021123,"[ 0.          0.12207784  0.67368408 -2.83151868 -1.74988965  1.26444545
  0.96010652  2.25932307]","[ 0.00000000e+00  5.19446937e-05  4.86612594e-05 -4.50072964e-05
  1.82940541e-01  1.29106596e-01  1.51020918e-04  4.81583814e-01]","[ 0.         -0.35162291 15.34355545 -1.21364975 -3.32031775  1.28573835
  0.40867987  1.76159441]"
1747093065.0229492,"[ 0.          0.12207784  0.67368455 -2.83151921 -1.74969471  1.26457288
  0.96010652  2.25986529]","[ 0.00000000e+00  5.20080909e-05  6.09946301e-05 -5.03403034e-05
  1.83562506e-01  1.29106596e-01  1.51020918e-04  4.76467116e-01]","[ 0.         -0.40040284 15.41286182 -1.24678373 -3.36590123  1.23605561
  0.41830832  1.77545369]"
1747093065.0247765,"[ 0.          0.12207738  0.67368588 -2.83151974 -1.74932666  1.26483933
  0.96010746  2.26076437]","[ 0.00000000e+00  3.83433836e-05  9.01805772e-05 -5.56392812e-05
  1.86367264e-01  1.28894991e-01  1.61741166e-04  4.73557313e-01]","[ 0.         -0.47078207 15.57074928 -1.30506408 -3.42052364  1.20053685
  0.41081056  1.78127396]"
1747093065.026664,"[ 0.          0.12207738  0.67368728 -2.83152001 -1.74895808  1.26509806
  0.96010746  2.26177558]","[ 0.00000000e+00  3.77479678e-05  1.16813399e-04 -5.82447383e-05
  1.86907453e-01  1.31267377e-01  1.61618866e-04  4.75765073e-01]","[ 0.         -0.52592391 15.67438412 -1.33688712 -3.48558402  1.19882941
  0.40722138  1.63461685]"
1747093065.0285,"[ 0.          0.12207738  0.67368914 -2.83152107 -1.74857618  1.26536065
  0.96010839  2.26275056]","[ 0.00000000e+00  2.93599938e-05  1.52633493e-04 -6.88874145e-05
  1.85638790e-01  1.33968346e-01  1.69695653e-04  4.75987880e-01]","[ 0.         -0.56225961 15.76977825 -1.36159754 -3.53253007  1.20588636
  0.42426857  1.53418648]"
1747093065.0302763,"[ 0.          0.12207738  0.67369187 -2.83152187 -1.74819694  1.26564121
  0.96010939  2.26369145]","[ 0.00000000e+00  2.06504216e-05  2.02530313e-04 -7.67771511e-05
  1.85067125e-01  1.37749710e-01  1.80165302e-04  4.78612725e-01]","[ 0.         -0.63676238 15.85545444 -1.38436961 -3.53201962  1.27016985
  0.4229728   1.51899314]"
1747093065.0320168,"[ 0.          0.12207692  0.67369507 -2.83152241 -1.74783529  1.26593243
  0.96010939  2.26466937]","[ 0.00000000e+00  8.25044500e-06  2.58842044e-04 -8.21341783e-05
  1.82045703e-01  1.42436491e-01  1.80301630e-04  4.76722047e-01]","[ 0.         -0.70626909 15.94056606 -1.44221628 -3.52498341  1.26922977
  0.42918006  1.43541074]"
1747093065.0337284,"[ 0.          0.12207647  0.67369693 -2.83152294 -1.74765792  1.26607411
  0.96011032  2.26513755]","[ 0.00000000e+00  0.00000000e+00  2.90784292e-04 -8.74331602e-05
  1.79702654e-01  1.43691855e-01  1.90763250e-04  4.74831369e-01]","[ 0.         -0.74912483 15.95061588 -1.45928025 -3.52806044  1.28606141
  0.43079361  1.40050268]"
1747093065.034931,"[ 0.          0.12207647  0.67370153 -2.83152347 -1.74729147  1.26636519
  0.96011125  2.26611999]","[ 0.00000000e+00  0.00000000e+00  3.65790930e-04 -9.27321420e-05
  1.79381310e-01  1.48553606e-01  1.98860111e-04  4.80973917e-01]","[ 0.         -0.81676686 16.01127625 -1.50804651 -3.46801496  1.27588296
  0.41802657  1.45929086]"
1747093065.0374355,"[ 0.          0.12207647  0.67370705 -2.83152374 -1.74693461  1.26665055
  0.96011125  2.26705902]","[ 0.00000000e+00  0.00000000e+00  6.63578340e-04 -9.53816248e-05
  1.81505497e-01  1.36129127e-01  1.98711722e-04  4.73750958e-01]","[ 0.         -0.88418472 16.04505157 -1.55216599 -3.38364935  1.25425172
  0.43636328  1.52727568]"
1747093065.0409324,"[ 0.          0.12207554  0.67372037 -2.83152667 -1.7462081   1.26714337
  0.96011318  2.26848115]","[ 0.00000000e+00 -1.11681675e-05  3.15508830e-03 -1.29824991e-04
  1.81505497e-01  1.11820358e-01  2.09468071e-04  4.65918135e-01]","[ 0.         -1.01547098 16.06335831 -1.60304666 -3.20801854  1.26311016
  0.45534986  1.52568173]"
1747093065.0453997,"[ 0.          0.12207554  0.67373322 -2.831528   -1.74547466  1.26752393
  0.96011505  2.27034297]","[ 0.00000000e+00 -1.80958151e-05  3.19132549e-03 -1.43072445e-04
  1.82045703e-01  8.58909982e-02  2.27856106e-04  4.66525369e-01]","[ 0.         -1.08614123 16.04783249 -1.66150928 -3.14620185  1.29673517
  0.46395126  1.50582063]"
1747093065.0498636,"[ 0.          0.12207508  0.67374467 -2.8315288  -1.74474016  1.26783685
  0.96011605  2.27224846]","[ 0.00000000e+00 -3.13132982e-05  2.88164199e-03 -1.53670393e-04
  1.83666286e-01  7.52305391e-02  2.27853847e-04  4.76239016e-01]","[ 0.         -1.1845746  16.16954803 -1.7359519  -3.18957353  1.27996576
  0.45191979  1.40841103]"
1747093065.0534756,"[ 0.          0.12207508  0.67376398 -2.83152986 -1.74399075  1.26811276
  0.96011698  2.27415475]","[ 0.00000000e+00 -3.38854739e-05  4.76984115e-03 -1.64268357e-04
  1.86718086e-01  6.72059479e-02  2.35804579e-04  4.71590202e-01]","[ 0.         -1.24835777 16.38705635 -1.76695263 -3.27366734  1.29184484
  0.43589351  1.40628552]"
1747093065.0572824,"[ 0.          0.12207463  0.6737966  -2.83153013 -1.74323707  1.26840291
  0.96011791  2.27604879]","[ 0.00000000e+00 -3.96677592e-05  9.22813198e-03 -1.66917848e-04
  1.86070205e-01  7.62336104e-02  2.46402543e-04  4.67808813e-01]","[ 0.         -1.26044369 16.43169594 -1.80398405 -3.40278172  1.32962692
  0.45403144  1.5107801 ]"
1747093065.0603888,"[ 0.          0.12207463  0.67383928 -2.83153119 -1.74267568  1.26865218
  0.96011884  2.27744828]","[ 0.00000000e+00 -3.87195242e-05  1.65507181e-02 -1.81069971e-04
  1.85067125e-01  8.52612771e-02  2.46589000e-04  4.56464746e-01]","[ 0.         -1.26626098 16.42294121 -1.87334538 -3.37408423  1.36627519
  0.45164871  1.55565906]"
1747093065.0635655,"[ 0.          0.12207417  0.67390266 -2.83153199 -1.74213559  1.26889945
  0.96011984  2.27876095]","[ 0.00000000e+00 -5.11095910e-05  2.37685775e-02 -2.17855664e-04
  1.82045703e-01  8.29199257e-02  2.54158853e-04  4.39718689e-01]","[ 0.         -1.29932463 16.37239838 -1.8814466  -3.36786103  1.38621128
  0.47761682  1.46307933]"
1747093065.0666625,"[ 0.          0.12207417  0.67398622 -2.83153253 -1.74157952  1.26916297
  0.9601217   2.2800928 ]","[ 0.00000000e+00 -5.04667320e-05  2.83602355e-02 -2.65316351e-04
  1.85099133e-01  8.85919761e-02  2.75130873e-04  4.36574927e-01]","[ 0.         -1.30123425 16.21174431 -1.87762702 -3.16370487  1.31683457
  0.48731878  1.32637501]"
1747093065.0703013,"[ 0.          0.1220737   0.6741038  -2.83153332 -1.74083064  1.26954061
  0.96012457  2.28187285]","[ 0.00000000e+00 -5.17603457e-05  2.94107963e-02 -2.87393085e-04
  1.87987848e-01  9.64247990e-02  2.93652196e-04  4.47821623e-01]","[ 0.         -1.33124804 16.00670052 -1.89227128 -2.97367597  1.27085507
  0.49139231  1.35016954]"
1747093065.0732355,"[ 0.          0.12207325  0.67419561 -2.83153439 -1.74024954  1.26984887
  0.9601265   2.28320736]","[ 0.00000000e+00 -5.65736713e-05  3.26817948e-02 -2.93732754e-04
  1.92590173e-01  1.04257622e-01  3.01585764e-04  4.35937333e-01]","[ 0.         -1.34631217 15.89357758 -1.91546106 -2.85707045  1.24809253
  0.50898242  1.3704921 ]"
1747093065.0784254,"[ 0.          0.12207325  0.67435034 -2.83153519 -1.73947136  1.27028643
  0.96012936  2.2849275 ]","[ 0.00000000e+00 -6.11297468e-05  4.10548170e-02 -2.88286343e-04
  1.94094792e-01  1.10739964e-01  3.30686162e-04  4.18921198e-01]","[ 0.         -1.3587991  15.65712452 -1.93418527 -2.81643295  1.24561918
  0.50431967  1.51517951]"
1747093065.0812316,"[ 0.          0.12207279  0.67451838 -2.83153679 -1.738682    1.27075075
  0.96013216  2.28656455]","[ 0.00000000e+00 -6.26887623e-05  4.24053018e-02 -3.01691744e-04
  1.96100935e-01  1.17643185e-01  3.49471884e-04  3.99474164e-01]","[ 0.         -1.38363302 15.43761826 -1.95118558 -2.84306479  1.23147118
  0.51913774  1.58179128]"
1747093065.0836775,"[ 0.          0.12207279  0.67466033 -2.83153759 -1.738078    1.27108844
  0.96013502  2.28776244]","[ 0.00000000e+00 -6.13445276e-05  4.88876440e-02 -2.97976062e-04
  1.99423911e-01  1.07328904e-01  3.86901293e-04  3.90329734e-01]","[ 0.         -1.34694219 15.33634186 -1.92922294 -2.89101553  1.23898613
  0.52050585  1.64681315]"
1747093065.0868196,"[ 0.          0.12207279  0.67476546 -2.83153759 -1.73768332  1.27129111
  0.96013602  2.28853182]","[ 0.00000000e+00 -6.13438855e-05  5.19090710e-02 -2.79357439e-04
  1.99872137e-01  1.02366944e-01  4.03923255e-04  3.89750663e-01]","[ 0.         -1.32841873 15.28876877 -1.94714677 -2.96894693  1.26177537
  0.51043153  1.62476516]"
1747093065.089213,"[ 0.          0.12207279  0.67491746 -2.83153838 -1.73708091  1.27158791
  0.96013981  2.28969642]","[ 0.00000000e+00 -6.01035545e-05  5.18587164e-02 -2.74265216e-04
  1.98421780e-01  9.56145072e-02  4.53929371e-04  3.82187918e-01]","[ 0.         -1.30894804 15.23097992 -1.93032253 -3.00063324  1.29303586
  0.54104716  1.5683651 ]"
1747093065.091677,"[ 0.          0.12207233  0.67508371 -2.83153945 -1.73647957  1.27184757
  0.96014554  2.2908541 ]","[ 0.00000000e+00 -6.49102929e-05  5.59101792e-02 -2.82610351e-04
  1.97605554e-01  8.07474437e-02  5.73076181e-04  3.82998218e-01]","[ 0.         -1.27834582 15.14891052 -1.89506614 -3.05355358  1.30480242
  0.5247404   1.64404631]"
1747093065.0948105,"[ 0.          0.12207233  0.67519849 -2.83153998 -1.73608435  1.27199604
  0.96014933  2.29160378]","[ 0.00000000e+00 -6.48602285e-05  5.56182260e-02 -2.78064316e-04
  2.00412326e-01  7.33920758e-02  6.72345641e-04  3.80297240e-01]","[ 0.         -1.26529002 15.10631371 -1.90479887 -3.13273215  1.30188966
  0.52703935  1.62271214]"
1747093065.0977592,"[ 0.          0.12207233  0.67542026 -2.83154131 -1.73527369  1.27226995
  0.96016451  2.29311805]","[ 0.00000000e+00 -5.82887721e-05  5.86111530e-02 -2.86753822e-04
  2.00412326e-01  6.75243704e-02  1.27105410e-03  3.72896515e-01]","[ 0.         -1.17860019 15.12979698 -1.87530994 -3.33503389  1.30098212
  0.53700304  1.66292715]"
1747093065.1001809,"[ 0.          0.12207233  0.67554197 -2.83154211 -1.73487901  1.27240697
  0.96018262  2.29385735]","[ 0.00000000e+00 -5.83328791e-05  5.96915434e-02 -2.65281517e-04
  1.99872137e-01  6.71427269e-02  2.64686197e-03  3.56592743e-01]","[ 0.         -1.11808276 15.18609333 -1.84264779 -3.37993217  1.28909588
  0.51996011  1.66778457]"
1747093065.1033335,"[ 0.          0.12207233  0.6757206  -2.83154265 -1.7342798   1.27260191
  0.96026631  2.29488852]","[ 0.00000000e+00 -5.83334602e-05  5.86798210e-02 -2.56658785e-04
  1.96431733e-01  6.75243704e-02  2.75529669e-02  3.51126704e-01]","[ 0.         -1.04515898 15.32794857 -1.81530035 -3.38315701  1.33459795
  0.46663758  1.5585196 ]"
1747093065.1062737,"[ 0.          0.12207233  0.67589963 -2.83154318 -1.7336726   1.27282842
  0.96043756  2.29601397]","[ 0.00000000e+00 -5.82887721e-05  5.79275154e-02 -2.47651030e-04
  2.02573099e-01  7.83282698e-02  5.81782812e-02  3.81107540e-01]","[ 0.         -0.97967422 15.50290489 -1.7253828  -3.39705086  1.28902519
  0.41386959  1.54028213]"
1747093065.108736,"[ 0.          0.12207233  0.67606222 -2.83154318 -1.73305474  1.27310046
  0.96061452  2.2972582 ]","[ 0.00000000e+00 -5.82887721e-05  5.45596902e-02 -2.39454462e-04
  2.04627062e-01  9.32858641e-02  5.88812517e-02  4.29184888e-01]","[ 0.         -0.91605556 15.8481741  -1.64620292 -3.40580082  1.25573421
  0.44763413  1.52370203]"
1747093065.1117134,"[ 0.          0.12207233  0.6761756  -2.83154344 -1.73265207  1.27329447
  0.96072578  2.29816208]","[ 0.00000000e+00 -5.83328791e-05  5.56705988e-02 -2.39932008e-04
  2.04733888e-01  9.93958714e-02  5.21288109e-02  4.67604682e-01]","[ 0.         -0.80017054 16.00379562 -1.58747458 -3.33789849  1.23108459
  0.4570066   1.36424816]"
1747093065.1142097,"[ 0.          0.12207233  0.67634738 -2.83154398 -1.73203049  1.27361032
  0.96084948  2.29968035]","[ 0.00000000e+00 -5.82887721e-05  5.71214223e-02 -2.36250168e-04
  2.04125522e-01  1.07227937e-01  3.56167419e-02  5.19127361e-01]","[ 0.         -0.70380485 16.24586296 -1.5034554  -3.30315471  1.21020389
  0.37470809  1.39192331]"
1747093065.1166306,"[ 0.          0.12207233  0.67646495 -2.83154451 -1.73162249  1.27383016
  0.96090654  2.30074002]","[ 0.00000000e+00 -5.56813848e-05  6.15822255e-02 -2.37258037e-04
  2.08303988e-01  1.13981131e-01  2.51190644e-02  5.42615677e-01]","[ 0.         -0.64298397 16.37156487 -1.4651196  -3.29877901  1.21551287
  0.38897547  1.28326976]"
1747093065.119727,"[ 0.          0.12207233  0.67666469 -2.83154504 -1.73097854  1.2741821
  0.96094748  2.30245723]","[ 0.00000000e+00 -5.56813848e-05  6.67044122e-02 -2.33509944e-04
  2.13917199e-01  1.17762503e-01  7.83282698e-03  5.76117910e-01]","[ 0.         -0.52501214 16.53988838 -1.37465584 -3.35532308  1.20522606
  0.37690893  1.39132106]"
1747093065.1222022,"[ 0.          0.12207233  0.67686902 -2.83154504 -1.73032074  1.27456453
  0.96094555  2.30422663]","[ 0.00000000e+00 -5.56398379e-05  7.13057304e-02 -2.21636559e-04
  2.18168553e-01  1.31267377e-01 -2.34066893e-03  5.84761066e-01]","[ 0.         -0.44740254 16.71288109 -1.29031348 -3.44007897  1.20775998
  0.31464207  1.37442541]"
1747093065.1245775,"[ 0.          0.12207279  0.67709999 -2.83154504 -1.72967466  1.27498025
  0.96093696  2.3059931 ]","[ 0.00000000e+00 -4.50413255e-05  7.87885556e-02 -2.18192882e-04
  2.18238761e-01  1.39928809e-01 -2.65996920e-03  5.81789977e-01]","[ 0.         -0.30303732 16.95621681 -1.24619377 -3.41611505  1.19639611
  0.2976422   1.42003918]"
1747093065.1270018,"[ 0.          0.12207279  0.6772667  -2.83154504 -1.72922831  1.27526654
  0.96093796  2.30715185]","[ 0.00000000e+00 -4.50413255e-05  8.69713844e-02 -2.07635897e-04
  2.18557292e-01  1.46662928e-01 -1.48958272e-03  5.89622800e-01]","[ 0.         -0.24874581 17.03425407 -1.18895388 -3.39701319  1.19321227
  0.2603032   1.30359912]"
1747093065.130001,"[ 0.          0.12207279  0.67755552 -2.83154504 -1.72856306  1.27570423
  0.96094362  2.30893936]","[ 0.00000000e+00 -4.50413255e-05  9.87555143e-02 -1.92044733e-04
  2.19859344e-01  1.42071272e-01  7.89864841e-04  5.87461978e-01]","[ 0.         -0.1134246  17.02892113 -1.06515312 -3.3989203   1.17161822
  0.24462064  1.25627792]"
1747093065.132367,"[ 0.          0.12207279  0.67777084 -2.83154504 -1.72812683  1.2759772
  0.96094555  2.310121  ]","[ 0.00000000e+00 -4.24239132e-05  1.06958600e-01 -1.88410357e-04
  2.22020133e-01  1.37879972e-01  8.27891414e-04  5.74259756e-01]","[ 0.         -0.07416788 16.89092255 -0.98518288 -3.37860656  1.17904902
  0.25571522  1.20472658]"
1747093065.1347146,"[ 0.          0.12207325  0.67798622 -2.83154504 -1.7276709   1.27626829
  0.96094649  2.3112414 ]","[ 0.00000000e+00 -3.17935580e-05  1.10469869e-01 -1.77988415e-04
  2.22973978e-01  1.30852756e-01  1.05309530e-03  5.65313998e-01]","[ 0.          0.05317396 16.72739792 -0.95178133 -3.36797643  1.20095992
  0.27217093  1.25490463]"
1747093065.1363668,"[ 0.          0.12207325  0.67832278 -2.83154504 -1.72700617  1.27665165
  0.96094555  2.31291972]","[ 0.00000000e+00 -3.18179359e-05  1.09818294e-01 -1.75340501e-04
  2.25801489e-01  1.25325232e-01  7.44642597e-04  5.49108164e-01]","[ 0.          0.13394867 16.43604088 -0.90062916 -3.36267638  1.19332528
  0.26729116  1.34490395]"
1747093065.1381958,"[ 0.          0.12207325  0.67843163 -2.83154504 -1.72676595  1.27677629
  0.96094555  2.31345608]","[ 0.00000000e+00 -3.17938749e-05  1.10469869e-01 -1.67881553e-04
  2.26193157e-01  1.26405618e-01  6.59917014e-04  5.43976319e-01]","[ 0.          0.16210957 16.38726234 -0.881064   -3.42619634  1.18976426
  0.26706019  1.34570169]"
1747093065.1411788,"[ 0.          0.1220737   0.67865387 -2.83154504 -1.72632067  1.27702369
  0.96094649  2.31454638]","[ 0.00000000e+00 -2.38634509e-05  1.08579183e-01 -1.65592005e-04
  2.26571476e-01  1.24388781e-01  2.92538168e-04  5.29876346e-01]","[ 0.          0.28546929 16.33893585 -0.84344333 -3.44714975  1.16198862
  0.29048654  1.36080146]"
1747093065.1434665,"[ 0.          0.1220737   0.67897485 -2.83154504 -1.72562825  1.27740319
  0.96094649  2.31610087]","[ 0.00000000e+00 -1.85464284e-05  1.08038994e-01 -1.59735944e-04
  2.28635892e-01  1.24514940e-01  0.00000000e+00  5.22908717e-01]","[ 0.          0.32891631 16.2947464  -0.76133311 -3.43796515  1.11389005
  0.26134881  1.30497694]"
1747093065.145274,"[ 0.          0.1220737   0.67919203 -2.83154504 -1.72514249  1.27765619
  0.96094649  2.31717092]","[ 0.00000000e+00 -1.85604623e-05  1.06148308e-01 -1.45216466e-04
  2.29042656e-01  1.22510420e-01  0.00000000e+00  5.22908717e-01]","[ 0.          0.41509369 16.28681374 -0.73200434 -3.45700073  1.1196239
  0.26912665  1.33785617]"
1747093065.1470332,"[ 0.          0.1220737   0.67939456 -2.83154504 -1.72467271  1.27789029
  0.96094649  2.31820423]","[ 0.00000000e+00 -1.32474486e-05  1.01556652e-01 -1.43290485e-04
  2.30123051e-01  1.16682109e-01  0.00000000e+00  5.25879773e-01]","[ 0.          0.4748145  16.28947258 -0.72807145 -3.48087025  1.1247232
  0.28169936  1.39446998]"
1747093065.1489,"[ 0.          0.12207417  0.67950249 -2.83154504 -1.72448203  1.27800347
  0.96094649  2.31876057]","[ 0.00000000e+00 -7.95448397e-06  1.01561229e-01 -1.35985111e-04
  2.28362069e-01  1.14791431e-01  0.00000000e+00  5.23855305e-01]","[ 0.          0.51018637 16.27856445 -0.71028996 -3.53594947  1.14473653
  0.27978158  1.34957576]"
1747093065.1507614,"[ 0.          0.12207417  0.67970316 -2.83154504 -1.72398242  1.27823756
  0.96094649  2.31979281]","[ 0.00000000e+00 -7.94846874e-06  1.01453754e-01 -1.34206991e-04
  2.26881884e-01  1.13981131e-01  0.00000000e+00  5.22908717e-01]","[ 0.          0.56802285 16.27773094 -0.69805437 -3.52757549  1.15433383
  0.26395559  1.4706651 ]"
1747093065.1525502,"[ 0.          0.12207417  0.67990836 -2.83154504 -1.72353234  1.27835075
  0.96094649  2.32085354]","[ 0.00000000e+00 -7.95448397e-06  1.05608111e-01 -1.32606689e-04
  2.28502467e-01  1.14791431e-01  0.00000000e+00  5.15078424e-01]","[ 0.          0.56960195 16.28898621 -0.70040071 -3.55060363  1.15763128
  0.27007416  1.63506711]"
1747093065.1537929,"[ 0.          0.12207463  0.68012973 -2.83154504 -1.72306363  1.27858857
  0.96094649  2.32185809]","[ 0.00000000e+00 -5.29103081e-06  1.09119380e-01 -1.28988584e-04
  2.28810595e-01  1.15604261e-01  0.00000000e+00  5.08028405e-01]","[ 0.          0.60094661 16.31795692 -0.7125088  -3.5760386   1.1522454
  0.29097596  1.62356913]"
1747093065.1555872,"[ 0.          0.12207463  0.68034878 -2.83154504 -1.72260929  1.27882346
  0.96094649  2.32289592]","[ 0.00000000e+00  0.00000000e+00  1.11933884e-01 -1.20461421e-04
  2.31203445e-01  1.20463473e-01  0.00000000e+00  5.05298431e-01]","[ 0.          0.6342591  16.33058548 -0.69832408 -3.56049943  1.11608386
  0.29075465  1.67274427]"
1747093065.1574206,"[ 0.          0.12207463  0.68046675 -2.83154531 -1.72236375  1.27894436
  0.96094649  2.32339526]","[ 0.00000000e+00  0.00000000e+00  1.10985923e-01 -1.16904840e-04
  2.31208522e-01  1.22624254e-01  0.00000000e+00  5.06432772e-01]","[ 0.          0.65371978 16.32219505 -0.71685594 -3.5495894   1.11087
  0.295975    1.67090881]"
1747093065.1591434,"[ 0.          0.12207463  0.68068899 -2.83154531 -1.72190835  1.27920402
  0.96094649  2.32440274]","[ 0.00000000e+00  0.00000000e+00  1.13711036e-01 -1.06693021e-04
  2.30663240e-01  1.27356841e-01  0.00000000e+00  5.12104805e-01]","[ 0.          0.69964343 16.36582375 -0.75099754 -3.48650002  1.07107747
  0.28173041  1.53125882]"
1747093065.1609805,"[ 0.          0.12207463  0.68080977 -2.83154531 -1.72190835  1.27933145
  0.96094649  2.32545389]","[ 0.00000000e+00  0.00000000e+00  1.13848880e-01 -1.06693021e-04
  2.30663240e-01  1.29106596e-01  0.00000000e+00  5.14075345e-01]","[ 0.          0.71722943 16.42432594 -0.75154346 -3.48650002  1.01223767
  0.27283746  1.39917958]"
1747093065.162849,"[ 0.          0.12207508  0.68104027 -2.83154531 -1.72143803  1.27960363
  0.96094649  2.32596308]","[ 0.00000000e+00  7.93646773e-06  1.18182833e-01 -9.84595557e-05
  2.29703902e-01  1.35414967e-01  0.00000000e+00  5.16426383e-01]","[ 0.          0.75375623 16.46874809 -0.72126848 -3.4003551   0.9693374
  0.2638002   1.36039805]"
1747093065.1640015,"[ 0.          0.12207508  0.68127675 -2.83154531 -1.7209853   1.27987474
  0.96094649  2.32699133]","[ 0.00000000e+00  7.93646773e-06  1.20193379e-01 -9.73303943e-05
  2.29582862e-01  1.38019813e-01  0.00000000e+00  5.22908717e-01]","[ 0.          0.76771152 16.52278519 -0.73363495 -3.31012249  0.95842528
  0.26216277  1.2518822 ]"
1747093065.1665964,"[ 0.          0.12207554  0.68152842 -2.83154531 -1.72051285  1.28013919
  0.96094649  2.32806166]","[ 0.00000000e+00  1.32274462e-05  1.23434545e-01 -9.60437659e-05
  2.31426435e-01  1.33968346e-01  0.00000000e+00  5.23989095e-01]","[ 0.          0.79926187 16.52642632 -0.72015494 -3.24340701  0.93509918
  0.26490036  1.26523209]"
1747093065.1682603,"[ 0.          0.12207554  0.68178415 -2.83154531 -1.72005266  1.28040458
  0.96094649  2.32914503]","[ 0.00000000e+00  1.85324169e-05  1.25767341e-01 -8.94200549e-05
  2.33127779e-01  1.27486012e-01  0.00000000e+00  5.31127599e-01]","[ 0.          0.8129307  16.54530907 -0.68592125 -3.24298739  0.93772036
  0.23577131  1.33779597]"
1747093065.170122,"[ 0.          0.12207554  0.68203536 -2.83154531 -1.71959353  1.28065664
  0.96094649  2.330181  ]","[ 0.00000000e+00  1.85324169e-05  1.27215910e-01 -8.49066112e-05
  2.32283823e-01  1.20756695e-01  0.00000000e+00  5.25879773e-01]","[ 0.          0.8326121  16.58050156 -0.65279573 -3.23464727  0.92006081
  0.22726394  1.38037682]"
1747093065.1719985,"[ 0.          0.122076    0.68229295 -2.83154531 -1.71911736  1.28087649
  0.96094649  2.33121217]","[ 0.00000000e+00  2.38094022e-05  1.31807566e-01 -7.18449390e-05
  2.32283823e-01  1.09008818e-01  0.00000000e+00  5.23188382e-01]","[ 0.          0.85786664 16.56553078 -0.6047858  -3.21885061  0.9212479
  0.25028116  1.41112649]"
1747093065.173791,"[ 0.          0.122076    0.6824335  -2.83154531 -1.71888992  1.28098208
  0.96094649  2.33176585]","[ 0.00000000e+00  2.64751417e-05  1.32405745e-01 -7.20454807e-05
  2.30429531e-01  1.06958600e-01  0.00000000e+00  5.21347639e-01]","[ 0.          0.86883092 16.51189804 -0.600784   -3.21273708  0.96299458
  0.24955007  1.3977164 ]"
1747093065.1756372,"[ 0.          0.122076    0.68270028 -2.83154531 -1.71841748  1.28119221
  0.96094649  2.33279436]","[ 0.00000000e+00  2.64551545e-05  1.35048741e-01 -6.46516002e-05
  2.31203445e-01  1.01286549e-01  0.00000000e+00  5.23989095e-01]","[ 0.          0.92499948 16.44683647 -0.57029146 -3.24590921  0.96671844
  0.24157314  1.36170626]"
1747093065.1774528,"[ 0.          0.12207647  0.68297898 -2.83154531 -1.71795622  1.28138449
  0.96094649  2.33388066]","[ 0.00000000e+00  3.17219217e-05  1.36167277e-01 -6.14190226e-05
  2.33904407e-01  9.66948934e-02  0.00000000e+00  5.33886034e-01]","[ 0.          0.95329022 16.35990143 -0.56241471 -3.2844224   0.93554777
  0.2486849   1.28966773]"
1747093065.1792321,"[ 0.          0.12207692  0.68324942 -2.83154531 -1.71747685  1.28157663
  0.96094649  2.33493847]","[ 0.00000000e+00  3.70368514e-05  1.37070496e-01 -5.48533203e-05
  2.34444612e-01  9.33590428e-02  0.00000000e+00  5.37758870e-01]","[ 0.          0.97256005 16.32928658 -0.50693297 -3.39770842  0.92159438
  0.24496537  1.2348479 ]"
1747093065.1811492,"[ 0.          0.12207692  0.68353551 -2.83154531 -1.71701719  1.28175919
  0.96094649  2.33604102]","[ 0.00000000e+00  4.23282464e-05  1.39498908e-01 -4.51727769e-05
  2.32824029e-01  9.34537265e-02  0.00000000e+00  5.38304285e-01]","[ 0.          1.03628254 16.31537628 -0.45143375 -3.40437222  0.90724164
  0.22475109  1.2155484 ]"
1747093065.1829765,"[ 0.          0.12207692  0.6836728  -2.83154531 -1.71677058  1.28185347
  0.96094649  2.33657205]","[ 0.00000000e+00  4.23278279e-05  1.39370294e-01 -3.86839021e-05
  2.32211602e-01  9.56145072e-02  0.00000000e+00  5.38574363e-01]","[ 0.          1.02559114 16.36774445 -0.44470248 -3.40969729  0.91988879
  0.21595185  1.18954802]"
1747093065.1841447,"[ 0.          0.12207692  0.68394697 -2.83154531 -1.71631997  1.282056
  0.96094649  2.33767354]","[ 0.00000000e+00  4.23278279e-05  1.38830105e-01 -3.82624354e-05
  2.27422073e-01  9.93958714e-02  0.00000000e+00  5.39152202e-01]","[ 0.          1.05342078 16.43371964 -0.40126011 -3.39517164  0.91216952
  0.2015425   1.24210465]"
1747093065.1858604,"[ 0.          0.12207738  0.68423306 -2.83154531 -1.71587309  1.2822568
  0.96094649  2.33872948]","[ 0.00000000e+00  4.49737631e-05  1.39370294e-01 -3.18857442e-05
  2.26881884e-01  9.77996975e-02  0.00000000e+00  5.32632218e-01]","[ 0.          1.09734905 16.44266319 -0.3758426  -3.40958595  0.91850132
  0.20337644  1.30551326]"
1747093065.1875634,"[ 0.          0.12207738  0.68439332 -2.83154531 -1.71563128  1.28235095
  0.96094649  2.33981312]","[ 0.00000000e+00  4.49737631e-05  1.40880756e-01 -3.14850265e-05
  2.27483558e-01  9.56145072e-02  0.00000000e+00  5.26864543e-01]","[ 0.          1.10464299 16.39754105 -0.3394877  -3.43865132  0.90429723
  0.20848139  1.38196909]"
1747093065.1887085,"[ 0.          0.12207784  0.68468121 -2.83154531 -1.71518546  1.2825383
  0.96094649  2.34040567]","[ 0.00000000e+00  5.03022715e-05  1.40952128e-01 -3.11499045e-05
  2.25801489e-01  9.45341127e-02  0.00000000e+00  5.20697128e-01]","[ 0.          1.11303782 16.37344551 -0.32599786 -3.44429088  0.87510741
  0.19306403  1.35092223]"
1747093065.1904464,"[ 0.          0.12207784  0.68495944 -2.83154531 -1.71472474  1.28273244
  0.96094649  2.34141395]","[ 0.00000000e+00  5.55552731e-05  1.40450688e-01 -3.07677151e-05
  2.25691617e-01  9.44383304e-02  0.00000000e+00  5.08996064e-01]","[ 0.          1.14577043 16.3649044  -0.34539208 -3.45109224  0.88478231
  0.18407337  1.30970967]"
1747093065.1927814,"[ 0.          0.1220783   0.68511011 -2.83154531 -1.71450423  1.28282379
  0.96094649  2.3419535 ]","[ 0.00000000e+00  5.82007654e-05  1.41934951e-01 -2.46138872e-05
  2.23414115e-01  9.26434348e-02  0.00000000e+00  5.08056900e-01]","[ 0.          1.14567602 16.40372849 -0.33581585 -3.45198131  0.89365864
  0.18777439  1.2575177 ]"
1747093065.194437,"[ 0.          0.1220783   0.68539706 -2.83154531 -1.71406534  1.28301594
  0.96094649  2.34295618]","[ 0.00000000e+00  5.82013384e-05  1.46122739e-01 -2.46138872e-05
  2.22560322e-01  9.32858641e-02  0.00000000e+00  5.06998960e-01]","[ 0.          1.13725603 16.37612724 -0.32712132 -3.42092609  0.91242957
  0.21184663  1.12925613]"
1747093065.1962872,"[ 0.          0.1220783   0.68570612 -2.83154531 -1.71361047  1.2831985
  0.96094649  2.34400547]","[ 0.00000000e+00  5.82007654e-05  1.51572199e-01 -2.43155535e-05
  2.22560322e-01  9.23733403e-02  0.00000000e+00  5.14326115e-01]","[ 0.          1.13496065 16.33139229 -0.33382484 -3.42255211  0.89329261
  0.19887283  1.05046141]"
1747093065.1980994,"[ 0.          0.12207876  0.68601099 -2.83154531 -1.71317052  1.28339171
  0.96094649  2.34502892]","[ 0.00000000e+00  6.34923676e-05  1.56116334e-01 -2.40656140e-05
  2.23100511e-01  9.39497070e-02  0.00000000e+00  5.19937628e-01]","[ 0.          1.1620369  16.22658539 -0.3383899  -3.40986204  0.87554747
  0.21143366  1.10406446]"
1747093065.1999671,"[ 0.          0.12207922  0.68632145 -2.83154531 -1.71271405  1.28358093
  0.96094649  2.346083  ]","[ 0.00000000e+00  6.87827183e-05  1.58277123e-01 -2.10574115e-05
  2.22874476e-01  9.64247990e-02  0.00000000e+00  5.13072265e-01]","[ 0.          1.21483028 16.18681908 -0.33475977 -3.40990281  0.84929693
  0.21117474  1.09990823]"
1747093065.2017713,"[ 0.          0.12207922  0.68649089 -2.83154531 -1.71249354  1.28367614
  0.96094649  2.34659007]","[ 0.00000000e+00  6.87827183e-05  1.59338709e-01 -2.08078031e-05
  2.23640717e-01  9.66948934e-02  0.00000000e+00  5.14265594e-01]","[ 0.          1.22496283 16.1473217  -0.32897931 -3.36794066  0.8601532
  0.21410181  1.17056358]"
1747093065.2036886,"[ 0.          0.12207968  0.68680907 -2.83154531 -1.71203814  1.28387774
  0.96094649  2.34759275]","[ 0.00000000e+00  7.40737029e-05  1.62058479e-01 -2.05812987e-05
  2.21679315e-01  9.92951623e-02  0.00000000e+00  5.05622472e-01]","[ 0.          1.21222305 16.17203331 -0.31648326 -3.31418896  0.87602079
  0.19305404  1.28541458]"
1747093065.2055109,"[ 0.          0.12208014  0.68713877 -2.83154504 -1.71160191  1.28407375
  0.96094649  2.34861354]","[ 0.00000000e+00  7.67191870e-05  1.60491808e-01 -1.74509547e-05
  2.21255523e-01  9.93958714e-02  0.00000000e+00  4.95898971e-01]","[ 0.          1.22025466 16.11760712 -0.28967676 -3.27056837  0.90762347
  0.19358841  1.33057606]"
1747093065.2066967,"[ 0.          0.12208105  0.68744876 -2.83154504 -1.71116729  1.28427734
  0.96094649  2.34909876]","[ 0.00000000e+00  8.73011481e-05  1.56497815e-01 -5.81698490e-06
  2.20399533e-01  9.75051851e-02  0.00000000e+00  4.91618971e-01]","[ 0.          1.24549043 16.05494308 -0.29659417 -3.29513741  0.88800585
  0.20209526  1.35839438]"
1747093065.2085087,"[ 0.          0.12208151  0.68775915 -2.83154504 -1.71071828  1.28445711
  0.96094649  2.35009958]","[ 0.00000000e+00  8.99466322e-05  1.58277123e-01 -5.75029108e-06
  2.19859344e-01  8.78708004e-02  0.00000000e+00  4.88246178e-01]","[ 0.          1.2692759  16.01052284 -0.27298841 -3.32998252  0.87187028
  0.21112955  1.42492497]"
1747093065.2103567,"[ 0.          0.12208151  0.6879286  -2.83154504 -1.71050203  1.28454566
  0.96094649  2.35057602]","[ 0.00000000e+00  8.99466322e-05  1.59488745e-01 -5.75507553e-06
  2.19319155e-01  8.31768126e-02  0.00000000e+00  4.83204381e-01]","[ 0.          1.26922631 16.00246239 -0.25593346 -3.38254404  0.85423905
  0.21193458  1.43200135]"
1747093065.2120872,"[ 0.          0.12208243  0.68808519 -2.83154504 -1.71004876  1.28469213
  0.96094555  2.35156538]","[ 0.00000000e+00  1.00529585e-04  1.58817312e-01  0.00000000e+00
  2.20468642e-01  7.13057304e-02 -1.34120370e-05  4.81273023e-01]","[ 0.          1.27173734 15.97257805 -0.26880586 -3.47513413  0.8708691
  0.20406441  1.37708676]"
1747093065.2133036,"[ 0.          0.12208289  0.68824225 -2.83154504 -1.70983038  1.28475964
  0.96094555  2.35204102]","[ 0.00000000e+00  1.05820618e-04  1.59196047e-01  0.00000000e+00
  2.21479928e-01  6.86047607e-02 -1.32474161e-05  4.82394081e-01]","[ 0.          1.26240861 15.97172832 -0.26948291 -3.48620629  0.9041701
  0.19286479  1.37252688]"
1747093065.2156596,"[ 0.          0.12208381  0.68856822 -2.83154504 -1.70939309  1.28489
  0.96094555  2.35298485]","[ 0.00000000e+00  1.13756038e-04  1.59627612e-01  0.00000000e+00
  2.22020133e-01  6.15198285e-02 -1.30869472e-05  4.77532347e-01]","[ 0.          1.27912545 15.93001938 -0.27387193 -3.61375332  0.94574171
  0.22043845  1.43766582]"
1747093065.217485,"[ 0.          0.12208473  0.68888281 -2.83154504 -1.70893822  1.28500226
  0.96094555  2.35396942]","[ 0.00000000e+00  1.24337991e-04  1.59897707e-01  0.00000000e+00
  2.22245537e-01  5.50998833e-02 -1.29303204e-05  4.80503403e-01]","[ 0.          1.314188   15.9150095  -0.24364516 -3.76295447  0.94972497
  0.24008597  1.37994695]"
1747093065.2191124,"[ 0.          0.1220861   0.68920791 -2.83154504 -1.70850679  1.28510785
  0.96094555  2.35491511]","[0.00000000e+00 1.37566802e-04 1.58987205e-01 0.00000000e+00
 2.17698572e-01 4.91577426e-02 0.00000000e+00 4.78127797e-01]","[ 0.          1.32084274 15.96027374 -0.26177669 -3.88535595  0.98741627
  0.2363438   1.4060185 ]"
1747093065.2202542,"[ 0.          0.12208794  0.68951511 -2.83154504 -1.70806257  1.28519347
  0.96094555  2.35589196]","[0.00000000e+00 1.56083866e-04 1.54339223e-01 0.00000000e+00
 2.17158366e-01 4.15950101e-02 0.00000000e+00 4.74561258e-01]","[ 0.          1.34814036 16.05379295 -0.24875398 -3.98228192  0.97795391
  0.23586987  1.42137194]"
1747093065.2221067,"[ 0.          0.1220884   0.68967856 -2.83154504 -1.70784792  1.28523156
  0.96094555  2.35635535]","[0.00000000e+00 1.58849285e-04 1.53971840e-01 0.00000000e+00
 2.17477996e-01 3.86239376e-02 0.00000000e+00 4.69969602e-01]","[ 0.          1.33908308 16.07253647 -0.2248518  -4.05844116  0.98551744
  0.22804014  1.4286778 ]"
1747093065.2239795,"[ 0.          0.12209024  0.68998023 -2.83154504 -1.7074085   1.28530279
  0.96094555  2.35729145]","[0.00000000e+00 1.77249528e-04 1.53145262e-01 0.00000000e+00
 2.13954800e-01 3.37621852e-02 0.00000000e+00 4.54141670e-01]","[ 0.          1.35860646 16.23843193 -0.22887807 -4.05156708  0.98019022
  0.20946032  1.38586724]"
1747093065.2257614,"[ 0.          0.12209207  0.69028563 -2.83154504 -1.70698719  1.28536658
  0.96094555  2.35816763]","[0.00000000e+00 2.04832279e-04 1.54878863e-01 0.00000000e+00
 2.14457388e-01 3.18715031e-02 0.00000000e+00 4.41879478e-01]","[ 0.          1.36075509 16.36428833 -0.23705947 -4.03768444  0.98455441
  0.20099717  1.3823967 ]"
1747093065.2269948,"[ 0.          0.12209345  0.69045321 -2.83154504 -1.7067784   1.2854008
  0.96094555  2.35859853]","[0.00000000e+00 2.30097508e-04 1.57733356e-01 0.00000000e+00
 2.11756427e-01 3.20983628e-02 0.00000000e+00 4.37017711e-01]","[ 0.          1.35604489 16.39245224 -0.22662582 -4.05647326  0.99222517
  0.19434544  1.35258842]"
1747093065.2287028,"[ 0.          0.12209529  0.69076819 -2.83154504 -1.70634856  1.28546072
  0.96094555  2.35947843]","[0.00000000e+00 3.09878493e-04 1.60707990e-01 0.00000000e+00
 2.08137824e-01 3.07911127e-02 0.00000000e+00 4.28374588e-01]","[ 0.          1.33384907 16.45205688 -0.23179713 -4.10161448  0.9812566
  0.21069561  1.33057141]"
1747093065.2298713,"[ 0.          0.12209666  0.69094043 -2.83154504 -1.70614563  1.28549401
  0.96094555  2.35990081]","[0.00000000e+00 3.69534765e-04 1.62247197e-01 0.00000000e+00
 2.05605740e-01 3.13460573e-02 0.00000000e+00 4.28374588e-01]","[ 0.          1.3561728  16.47332764 -0.22990918 -4.08268309  0.97917795
  0.22727208  1.34236038]"
1747093065.2319517,"[ 0.          0.12209942  0.69126647 -2.83154504 -1.70574349  1.28556445
  0.96094555  2.36075702]","[0.         0.00053749 0.16638004 0.         0.20290751 0.03673326
 0.         0.43556878]","[ 0.          1.36329997 16.44086456 -0.24813475 -3.98509645  0.96297151
  0.24833637  1.19985723]"
1747093065.2331204,"[ 0.          0.1221008   0.69143039 -2.83154504 -1.70552884  1.28560347
  0.96094555  2.36122014]","[0.         0.00067065 0.16621146 0.         0.20211938 0.03939428
 0.         0.43567611]","[ 0.          1.33873248 16.44253159 -0.23703516 -3.94932127  0.97249752
  0.24441133  1.21090174]"
1747093065.2349162,"[ 0.          0.12210356  0.69176788 -2.83154451 -1.7051283   1.28568722
  0.96094555  2.36208594]","[0.00000000e+00 9.37732764e-04 1.64002570e-01 5.29502843e-06
 2.03447148e-01 4.10873408e-02 0.00000000e+00 4.40799067e-01]","[ 0.          1.34249866 16.43579483 -0.23934825 -3.78433728  0.94429231
  0.26006272  1.22728801]"
1747093065.2367935,"[ 0.          0.12210493  0.69192907 -2.83154451 -1.70492857  1.28572997
  0.96094555  2.36299727]","[0.00000000e+00 1.06201936e-03 1.63408968e-01 5.29502843e-06
 2.02778761e-01 4.32155977e-02 0.00000000e+00 4.46741212e-01]","[ 0.          1.31629157 16.40429306 -0.26801515 -3.70277166  0.93275666
  0.26655182  1.14838791]"
1747093065.2379558,"[ 0.          0.12210815  0.69224958 -2.83154451 -1.70450672  1.28581279
  0.96094555  2.36343589]","[0.00000000e+00 1.25246372e-03 1.62598684e-01 5.29497611e-06
 2.06354471e-01 4.15950101e-02 0.00000000e+00 4.44850534e-01]","[ 0.          1.30149317 16.39702988 -0.28880793 -3.62735558  0.8757239
  0.2659393   1.17227674]"
1747093065.2398086,"[ 0.          0.12211228  0.69257881 -2.83154451 -1.70409819  1.28589455
  0.96094555  2.36434909]","[ 0.00000000e+00  1.47928859e-03  1.60545171e-01  5.29497611e-06
  2.06894660e-01  3.94342335e-02 -1.05820616e-05  4.46117100e-01]","[ 0.          1.30123079 16.42446327 -0.29294762 -3.59809327  0.84153163
  0.2537095   1.16344535]"
1747093065.241655,"[ 0.          0.12211457  0.6927354  -2.83154451 -1.70387821  1.2859317
  0.96094555  2.3647933 ]","[ 0.00000000e+00  1.61097683e-03  1.58817312e-01  5.29903215e-06
  2.07134744e-01  3.77753338e-02 -1.05820616e-05  4.50522601e-01]","[ 0.          1.29372537 16.47844315 -0.30735639 -3.61892748  0.84400767
  0.24655716  1.17987239]"
1747093065.2434928,"[ 0.          0.12212008  0.69306371 -2.83154451 -1.70347128  1.28600401
  0.96094555  2.36567321]","[ 0.00000000e+00  1.90056101e-03  1.61244118e-01  5.29497611e-06
  2.05814282e-01  3.56528652e-02 -1.05819570e-05  4.45660834e-01]","[ 0.          1.2709502  16.55479813 -0.31066456 -3.61200547  0.85296673
  0.22656991  1.25643444]"
1747093065.2452664,"[ 0.          0.12212697  0.69338375 -2.83154451 -1.70306808  1.28607245
  0.96094555  2.36656857]","[ 0.00000000e+00  2.58302127e-03  1.63138873e-01  5.29897933e-06
  2.03653493e-01  3.29185062e-02 -1.05819570e-05  4.33170775e-01]","[ 0.          1.25747347 16.67566872 -0.33107054 -3.65664792  0.87047356
  0.2111342   1.30269992]"
1747093065.2470202,"[ 0.          0.12213662  0.69371898 -2.83154451 -1.70264943  1.2861353
  0.96094555  2.36741625]","[ 0.00000000e+00  3.93596822e-03  1.64098826e-01  5.29497611e-06
  2.04193699e-01  3.18715031e-02 -1.05819570e-05  4.27564288e-01]","[ 0.          1.23568165 16.70669746 -0.35937229 -3.73367548  0.90797681
  0.21474072  1.24670768]"
1747093065.2497091,"[ 0.          0.12215085  0.69403949 -2.83154451 -1.70222865  1.28619988
  0.96094555  2.36827432]","[ 0.00000000e+00  6.48014817e-03  1.62058479e-01  5.29897933e-06
  2.05128601e-01  3.18715031e-02 -1.05819570e-05  4.15950109e-01]","[ 0.          1.19497156 16.73949242 -0.37216383 -3.84433222  0.90697002
  0.23119269  1.24600172]"
1747093065.2522833,"[ 0.          0.12218759  0.69453357 -2.83154451 -1.70162838  1.2863084
  0.96094462  2.36951083]","[ 0.00000000e+00  1.48553612e-02  1.64052870e-01  5.29497611e-06
  2.01492721e-01  3.75798828e-02 -1.85184257e-05  4.19306192e-01]","[ 0.          1.15083015 16.81067848 -0.37299433 -4.0884738   0.91972327
  0.20571016  1.17920625]"
1747093065.2540798,"[ 0.          0.12222432  0.69487059 -2.83154451 -1.70121931  1.2863855
  0.96094462  2.37037556]","[ 0.00000000e+00  1.99872133e-02  1.65005649e-01  5.29897933e-06
  1.99129981e-01  3.94342335e-02 -1.85324169e-05  4.23512854e-01]","[ 0.          1.07237911 16.86057472 -0.38099813 -4.2174077   0.91077596
  0.18513234  1.11784661]"
1747093065.2552567,"[ 0.          0.12224683  0.6951957  -2.83154504 -1.70083262  1.28645967
  0.96094462  2.37121845]","[ 0.00000000e+00  2.10645514e-02  1.65839851e-01  0.00000000e+00
  1.94470181e-01  3.78136459e-02 -1.85324169e-05  4.28374588e-01]","[ 0.          1.03356588 16.9007473  -0.40248409 -4.24206591  0.94343269
  0.1837775   1.14723575]"
1747093065.2572339,"[ 0.          0.1222909   0.69536015 -2.83154504 -1.70064194  1.28650055
  0.96094462  2.37167598]","[ 0.00000000e+00  2.26652007e-02  1.66920246e-01  0.00000000e+00
  1.93389787e-01  3.86183408e-02 -1.85184257e-05  4.30414936e-01]","[ 0.          0.94585067 16.87130737 -0.45321319 -4.27121305  0.95777684
  0.18886718  1.13471794]"
1747093065.258861,"[ 0.          0.12233958  0.69571002 -2.83154504 -1.70024513  1.28657765
  0.96094462  2.37254657]","[ 0.00000000e+00  2.43245415e-02  1.72366394e-01  2.64748806e-06
  1.95010370e-01  3.94342335e-02 -1.85322320e-05  4.44850534e-01]","[ 0.          0.86872751 16.81141281 -0.52001315 -4.26281977  0.98861599
  0.22745757  1.08002067]"
1747093065.2600393,"[ 0.          0.12236391  0.6958822  -2.83154504 -1.70005125  1.28661667
  0.96094462  2.37303179]","[ 0.00000000e+00  2.45788713e-02  1.74482974e-01  2.64751422e-06
  1.96630970e-01  3.93942778e-02 -1.85324169e-05  4.56900139e-01]","[ 0.          0.81842971 16.74909592 -0.50660783 -4.29144526  0.9869228
  0.24807215  1.09270751]"
1747093065.2624443,"[ 0.          0.12241489  0.69622754 -2.83154504 -1.69964539  1.28669656
  0.96094462  2.37396869]","[ 0.00000000e+00  2.56592596e-02  1.75023163e-01  2.64751422e-06
  1.97920723e-01  3.94342335e-02 -1.85184257e-05  4.80503403e-01]","[ 0.          0.71772891 16.56928062 -0.57066596 -4.31805515  0.99700457
  0.27083579  1.08166325]"
1747093065.2636197,"[ 0.          0.12246585  0.69658707 -2.83154504 -1.69925337  1.28677073
  0.96094462  2.3749799 ]","[ 0.00000000e+00  2.43087727e-02  1.75563352e-01  2.64748806e-06
  1.99331932e-01  3.58261538e-02 -1.85324169e-05  4.97557654e-01]","[ 0.          0.64434081 16.40876579 -0.61032933 -4.37257004  0.99504352
  0.25724342  1.13680422]"
1747093065.2653425,"[ 0.          0.1224879   0.69676157 -2.83154504 -1.69905576  1.28680588
  0.96094555  2.37548137]","[ 0.00000000e+00  2.24180906e-02  1.76734594e-01  2.64748806e-06
  2.00412326e-01  3.56890634e-02 -1.05820616e-05  5.08593561e-01]","[ 0.          0.62194049 16.31356812 -0.63804239 -4.37721825  1.00210249
  0.26630634  1.21299648]"
1747093065.2669582,"[ 0.          0.12252739  0.6971225  -2.83154504 -1.6986483   1.28687246
  0.96094555  2.37650962]","[ 0.00000000e+00  1.77878105e-02  1.76540999e-01  2.64748806e-06
  1.98590325e-01  3.37621852e-02 -1.05899522e-05  5.25879773e-01]","[ 0.          0.55560428 16.22011948 -0.66316473 -4.34423018  1.02463734
  0.30817789  1.1816479 ]"
1747093065.2686899,"[ 0.          0.12254254  0.69729467 -2.83154531 -1.69845389  1.28690389
  0.96094555  2.37707367]","[ 0.00000000e+00  1.54111868e-02  1.74482974e-01  0.00000000e+00
  1.97171159e-01  3.18715031e-02 -1.05899522e-05  5.31127599e-01]","[ 0.          0.56394315 16.23200607 -0.66222388 -4.317276    1.02017248
  0.32451096  1.22443366]"
1747093065.2698524,"[ 0.          0.12256596  0.69763862 -2.83154531 -1.69806773  1.2869734
  0.96094555  2.37814586]","[ 0.00000000e+00  1.08038994e-02  1.73402580e-01  0.00000000e+00
  1.95010370e-01  3.37621852e-02 -1.05819570e-05  5.47472517e-01]","[ 0.          0.51502562 16.10224152 -0.6797986  -4.30945969  1.01415873
  0.33903691  1.21955633]"
1747093065.2715569,"[ 0.          0.12257514  0.69782277 -2.83154531 -1.69786054  1.28700948
  0.96094555  2.37869208]","[ 0.00000000e+00  8.52612739e-03  1.73368525e-01  0.00000000e+00
  1.95097855e-01  3.66960379e-02 -1.05899522e-05  5.53969931e-01]","[ 0.          0.5076077  15.99880219 -0.6838643  -4.30772495  0.99312705
  0.36206403  1.16972995]"
1747093065.2732503,"[ 0.          0.1225857   0.69816439 -2.83154504 -1.69747651  1.28708365
  0.96094649  2.37984016]","[0.00000000e+00 4.59165694e-03 1.73496706e-01 2.65149457e-06
 1.94273141e-01 3.75435473e-02 0.00000000e+00 5.64229026e-01]","[ 0.          0.51429254 15.85287762 -0.68110883 -4.29754686  0.96688086
  0.37653273  1.09643185]"
1747093065.274398,"[ 0.          0.1225903   0.69851706 -2.83154504 -1.69707757  1.28716461
  0.96094649  2.38096562]","[0.00000000e+00 1.35185841e-03 1.71525634e-01 2.65350228e-06
 1.94596332e-01 4.05146197e-02 0.00000000e+00 5.73146821e-01]","[ 0.          0.54262054 15.71314144 -0.66145122 -4.29060793  0.9522742
  0.37502173  1.1970737 ]"
1747093065.2761533,"[ 0.          0.12259076  0.69868557 -2.83154504 -1.69688475  1.28720456
  0.96094649  2.38153447]","[0.00000000e+00 5.01065112e-04 1.70971696e-01 2.64748806e-06
 1.95550576e-01 4.05146197e-02 0.00000000e+00 5.76343680e-01]","[ 0.          0.52533638 15.66946507 -0.64590144 -4.27945805  0.95716149
  0.36132044  1.20346498]"
1747093065.277988,"[ 0.          0.12258984  0.69902306 -2.83154504 -1.6964986   1.28729111
  0.96094649  2.38271212]","[ 0.00000000e+00 -4.05146222e-04  1.72322185e-01  2.64748806e-06
  1.95550576e-01  4.21688090e-02  0.00000000e+00  5.75037532e-01]","[ 0.          0.56314194 15.5423336  -0.61056101 -4.24021912  0.97503018
  0.35780957  1.25344026]"
1747093065.2791367,"[ 0.          0.12258984  0.69920489 -2.83154504 -1.69629034  1.28733106
  0.96094649  2.38327431]","[ 0.00000000e+00 -2.70097476e-04  1.71274864e-01  2.65149457e-06
  1.96100935e-01  4.04735738e-02  0.00000000e+00  5.70175799e-01]","[ 0.          0.59072185 15.45069218 -0.60148668 -4.26240396  0.97425276
  0.36822236  1.35348392]"
1747093065.280862,"[ 0.          0.12259121  0.69953965 -2.83154504 -1.69590684  1.28741095
  0.96094649  2.38442746]","[0.00000000e+00 4.38886152e-04 1.69081018e-01 2.65149457e-06
 1.94470181e-01 3.94342335e-02 0.00000000e+00 5.60154257e-01]","[ 0.          0.65534848 15.33274174 -0.59510493 -4.29191351  0.96570665
  0.38716927  1.50189424]"
1747093065.2825534,"[ 0.          0.12259167  0.6997059  -2.83154504 -1.69571456  1.28745183
  0.96094649  2.38497527]","[0.00000000e+00 4.63619188e-04 1.68540829e-01 2.65149457e-06
 1.95010370e-01 3.86183408e-02 0.00000000e+00 5.55590498e-01]","[ 0.          0.66853386 15.36342716 -0.5908457  -4.29191351  0.95579892
  0.40035641  1.42871809]"
1747093065.2848551,"[ 0.          0.12259305  0.70004891 -2.83154531 -1.69531882  1.287528
  0.96094649  2.38605785]","[0.00000000e+00 5.26576582e-04 1.67190340e-01 0.00000000e+00
 1.92849598e-01 3.67332556e-02 0.00000000e+00 5.48027786e-01]","[ 0.          0.71759456 15.32873631 -0.59056908 -4.33784533  0.95137167
  0.40143263  1.45763898]"
1747093065.2871253,"[ 0.          0.12259535  0.70054486 -2.83154531 -1.69474038  1.28763266
  0.96094748  2.38771806]","[0.00000000e+00 6.95428798e-04 1.61248196e-01 0.00000000e+00
 1.90148620e-01 3.29518914e-02 1.05899522e-05 5.46137108e-01]","[ 0.          0.77648216 15.25478363 -0.57818609 -4.43504953  0.94512457
  0.40225536  1.24526   ]"
1747093065.2884493,"[ 0.          0.12259627  0.70070052 -2.83154531 -1.69455342  1.28766489
  0.96094748  2.38829544]","[0.00000000e+00 7.07973678e-04 1.57736934e-01 0.00000000e+00
 1.89608431e-01 3.26817948e-02 1.05899522e-05 5.43666027e-01]","[ 0.          0.78029209 15.30780029 -0.5777114  -4.44662189  0.93883073
  0.41362539  1.17990911]"
1747093065.2901177,"[ 0.          0.12259856  0.7010215  -2.83154531 -1.69416726  1.28772774
  0.96094748  2.38936949]","[0.00000000e+00 7.93466220e-04 1.56479523e-01 0.00000000e+00
 1.88076348e-01 3.18392102e-02 1.05819570e-05 5.44774269e-01]","[ 0.          0.82029355 15.34905243 -0.57560968 -4.51856613  0.95434338
  0.42334098  1.11896884]"
1747093065.291275,"[ 0.          0.12259994  0.70117576 -2.83154531 -1.69398404  1.28776009
  0.96094748  2.38990691]","[0.00000000e+00 8.38999513e-04 1.56386445e-01 0.00000000e+00
 1.85827058e-01 3.05937517e-02 1.05900569e-05 5.45056697e-01]","[ 0.          0.8364076  15.31652451 -0.57368702 -4.55926561  0.9722656
  0.41583326  1.10455132]"
1747093065.2930222,"[ 0.          0.12260223  0.70148109 -2.83154531 -1.69362078  1.28782001
  0.96094748  2.39101239]","[0.00000000e+00 9.18472180e-04 1.53955562e-01 0.00000000e+00
 1.84019837e-01 2.99808189e-02 1.05819570e-05 5.39917462e-01]","[ 0.          0.89417446 15.39220333 -0.56945479 -4.60557508  0.96522957
  0.39204758  1.04541838]"
1747093065.2941608,"[ 0.          0.12260361  0.70163263 -2.83154531 -1.69343916  1.28784944
  0.96094748  2.39154795]","[0.00000000e+00 9.48757055e-04 1.53685467e-01 0.00000000e+00
 1.84206475e-01 2.97107224e-02 1.05819570e-05 5.43166019e-01]","[ 0.          0.9242726  15.48529243 -0.56277007 -4.60353279  0.95715308
  0.39128867  1.07152617]"
1747093065.2958498,"[ 0.          0.12260728  0.70194442 -2.83154531 -1.69306685  1.2879075
  0.96094748  2.39265716]","[0.00000000e+00 1.06479858e-03 1.52180631e-01 0.00000000e+00
 1.80965308e-01 2.80901368e-02 1.05899522e-05 5.39402972e-01]","[ 0.          0.95353335 15.56263256 -0.58435088 -4.58271646  0.93947691
  0.38450989  1.15649951]"
1747093065.297566,"[ 0.          0.12260912  0.70209275 -2.83154531 -1.69289161  1.2879332
  0.96094748  2.39318606]","[0.00000000e+00 1.10944352e-03 1.50444300e-01 0.00000000e+00
 1.77724141e-01 2.59293582e-02 1.05819570e-05 5.36413574e-01]","[ 0.          0.95774394 15.55383682 -0.54948205 -4.61035776  0.93832225
  0.38252178  1.23004341]"
1747093065.2986913,"[ 0.          0.12261325  0.70239995 -2.83154504 -1.69253528  1.28798553
  0.96094748  2.39424014]","[0.00000000e+00 1.44914493e-03 1.50444300e-01 2.64951608e-06
 1.72528697e-01 2.50768450e-02 1.05899522e-05 5.33712596e-01]","[ 0.          0.98367959 15.62596607 -0.54696351 -4.56703901  0.94410545
  0.37868512  1.16374612]"
1747093065.3004127,"[ 0.          0.12261555  0.70254689 -2.83154504 -1.69236484  1.2880103
  0.96094748  2.39480527]","[0.00000000e+00 1.58968325e-03 1.49093811e-01 2.64948966e-06
 1.72862391e-01 2.51190644e-02 1.05899522e-05 5.32130678e-01]","[ 0.          1.01480627 15.69467545 -0.55390561 -4.53788424  0.93366003
  0.38549823  1.19197583]"
1747093065.3020968,"[ 0.          0.12262106  0.70283484 -2.83154504 -1.69202555  1.28805597
  0.96094748  2.39585828]","[0.00000000e+00 2.09442223e-03 1.44502155e-01 2.65149457e-06
 1.72322185e-01 2.21255527e-02 1.05820616e-05 5.35603307e-01]","[ 0.          1.0617516  15.77956963 -0.55534238 -4.54852247  0.91154504
  0.36903092  1.16082811]"
1747093065.3031929,"[ 0.          0.12262428  0.70298498 -2.83154504 -1.69185724  1.28807781
  0.96094748  2.39639278]","[0.00000000e+00 2.35150388e-03 1.41300353e-01 2.65149457e-06
 1.70701602e-01 2.05630137e-02 1.05819570e-05 5.42085641e-01]","[ 0.          1.07882261 15.79901028 -0.52940112 -4.54184151  0.89842129
  0.36750135  1.10123682]"
1747093065.3048615,"[ 0.          0.12263209  0.70326048 -2.83154504 -1.69151156  1.28811296
  0.96094748  2.3975145 ]","[0.00000000e+00 3.15508830e-03 1.39370294e-01 0.00000000e+00
 1.68540829e-01 1.62058481e-02 1.05819570e-05 5.48027786e-01]","[ 0.          1.07835555 15.89246082 -0.52140182 -4.50122023  0.91207504
  0.35802236  1.02665234]"
1747093065.3065255,"[ 0.          0.12263667  0.70339963 -2.83154504 -1.69134485  1.28813014
  0.96094748  2.39805858]","[0.00000000e+00 3.77715617e-03 1.40990877e-01 0.00000000e+00
 1.69081018e-01 1.72862385e-02 1.05819570e-05 5.51809142e-01]","[ 0.          1.09789276 15.99336815 -0.51621211 -4.47156715  0.91734576
  0.36460203  1.0431931 ]"
1747093065.307736,"[ 0.          0.12264816  0.70369118 -2.83154504 -1.69099704  1.2881625
  0.96094748  2.39919069]","[0.00000000e+00 5.26489835e-03 1.42881572e-01 0.00000000e+00
 1.69621207e-01 1.58645338e-02 1.05899522e-05 5.51690598e-01]","[ 0.          1.09498823 16.07754898 -0.50579733 -4.4677186   0.91544873
  0.34496316  1.03389251]"
1747093065.309443,"[ 0.          0.12265504  0.70383266 -2.83154504 -1.69083032  1.28817675
  0.96094748  2.39973478]","[0.00000000e+00 6.21014212e-03 1.43421761e-01 0.00000000e+00
 1.69081018e-01 1.48478315e-02 1.05820616e-05 5.51809142e-01]","[ 0.          1.08948612 16.12402725 -0.5018999  -4.49986982  0.91367209
  0.35250592  0.98409331]"
1747093065.3106205,"[ 0.          0.12267203  0.70412787 -2.83154504 -1.69050329  1.2882091
  0.96094748  2.40082508]","[0.00000000e+00 8.32237841e-03 1.44772250e-01 0.00000000e+00
 1.65467475e-01 1.64759457e-02 1.05899522e-05 5.52889520e-01]","[ 0.          1.11557817 16.26488686 -0.46953869 -4.52122211  0.92037684
  0.3447473   1.05706739]"
1747093065.3123562,"[ 0.          0.12268305  0.70427162 -2.83154504 -1.69032912  1.28822521
  0.96094748  2.40140831]","[0.00000000e+00 9.98854145e-03 1.45852644e-01 0.00000000e+00
 1.63848290e-01 1.58645338e-02 1.05899522e-05 5.49182932e-01]","[ 0.          1.1235261  16.33888245 -0.48495287 -4.52437401  0.91687828
  0.3433007   1.118415  ]"
1747093065.3141057,"[ 0.          0.12271198  0.70456277 -2.83154504 -1.69001327  1.28825757
  0.96094748  2.40248422]","[0.00000000e+00 1.55476447e-02 1.48553606e-01 0.00000000e+00
 1.59897707e-01 1.64759457e-02 1.85186086e-05 5.45326808e-01]","[ 0.          1.10362935 16.42427444 -0.45700225 -4.5349412   0.91835493
  0.34512699  1.13527298]"
1747093065.315895,"[ 0.          0.12275101  0.70486624 -2.83154504 -1.68968996  1.28829086
  0.96094649  2.40358198]","[0.00000000e+00 2.13377002e-02 1.48553606e-01 0.00000000e+00
 1.56656540e-01 1.62467120e-02 1.05899522e-05 5.33133758e-01]","[ 0.          1.08958864 16.47613525 -0.44403476 -4.45825434  0.93269086
  0.32759982  1.11800432]"
1747093065.3171508,"[ 0.          0.12277489  0.70501184 -2.83154504 -1.68953656  1.28830711
  0.96094649  2.40410316]","[0.00000000e+00 2.43087727e-02 1.47743322e-01 0.00000000e+00
 1.55576145e-01 1.62546453e-02 1.05899522e-05 5.28580751e-01]","[ 0.          1.05963099 16.45461464 -0.46445671 -4.44732475  0.93611026
  0.31914255  1.12336051]"
1747093065.3189073,"[ 0.          0.12283459  0.70530752 -2.83154504 -1.68922177  1.28833853
  0.96094649  2.40513913]","[0.00000000e+00 3.02509176e-02 1.43961950e-01 0.00000000e+00
 1.53470300e-01 1.59357516e-02 1.05819570e-05 5.25609695e-01]","[ 0.          1.02123249 16.49787521 -0.48544165 -4.40795612  0.93380344
  0.3339729   1.01077628]"
1747093065.3206484,"[ 0.          0.12286673  0.70544714 -2.83154504 -1.68907104  1.28835371
  0.96094649  2.40565685]","[0.00000000e+00 3.26817948e-02 1.41531083e-01 0.00000000e+00
 1.52875167e-01 1.53955564e-02 1.05899522e-05 5.24537507e-01]","[ 0.          0.98616999 16.54109192 -0.48788285 -4.41000605  0.92506891
  0.33771467  0.94950241]"
1747093065.3228993,"[ 0.          0.1229402   0.70573463 -2.83154504 -1.6887685   1.28838407
  0.96094649  2.40673729]","[0.00000000e+00 3.68629640e-02 1.40047702e-01 0.00000000e+00
 1.52334978e-01 1.37937461e-02 1.05820616e-05 5.28580751e-01]","[ 0.          0.89576179 16.58189392 -0.53392571 -4.37912083  0.91293371
  0.34073147  0.91957814]"
1747093065.3240438,"[ 0.          0.12301689  0.70600966 -2.83154504 -1.68845691  1.28840791
  0.96094649  2.40778871]","[0.00000000e+00 3.97043280e-02 1.39370294e-01 0.00000000e+00
 1.51254584e-01 1.26415867e-02 1.05899522e-05 5.33712596e-01]","[ 0.          0.78593075 16.59228897 -0.57442969 -4.30331039  0.92932343
  0.32596323  0.94980651]"
1747093065.3257344,"[ 0.          0.12310505  0.7062861  -2.83154504 -1.68816503  1.28843454
  0.96094649  2.40887128]","[0.00000000e+00 4.41352496e-02 1.39640388e-01 0.00000000e+00
 1.46933022e-01 1.35048743e-02 1.05819570e-05 5.26960184e-01]","[ 0.          0.66629797 16.64340591 -0.63347435 -4.25116539  0.9311378
  0.32528344  0.96564299]"
1747093065.328105,"[ 0.          0.12319688  0.70657585 -2.83154531 -1.68786676  1.28846303
  0.96094649  2.40990432]","[ 0.00000000e+00  4.64567646e-02  1.41387672e-01 -2.64946325e-06
  1.45312439e-01  1.44428906e-02  1.05818513e-05  5.22098417e-01]","[ 0.          0.58680552 16.59588814 -0.66980213 -4.18619823  0.93111163
  0.35684198  1.08147693]"
1747093065.3292997,"[ 0.          0.12324372  0.70671587 -2.83154531 -1.68772454  1.28847928
  0.96094649  2.41045427]","[ 0.00000000e+00  4.75371550e-02  1.42071272e-01 -2.64948966e-06
  1.44085920e-01  1.38062921e-02  1.05819570e-05  5.17836860e-01]","[ 0.          0.50827634 16.56054115 -0.74034381 -4.15023899  0.94175965
  0.37584567  1.15844905]"
1747093065.331636,"[ 0.          0.12333648  0.70700928 -2.83154531 -1.68743533  1.28850298
  0.96094649  2.41145775]","[ 0.00000000e+00  4.41768491e-02  1.42881572e-01 -2.65146816e-06
  1.40320227e-01  1.20132461e-02  1.05819570e-05  5.07513149e-01]","[ 0.          0.39748836 16.50650978 -0.80272448 -4.12453032  0.94716763
  0.37842304  1.19045627]"
1747093065.3327966,"[ 0.          0.12341776  0.70728985 -2.83154584 -1.68714238  1.28852109
  0.96094748  2.41248413]","[ 0.00000000e+00  3.99744266e-02  1.40848032e-01 -7.95448397e-06
  1.37610144e-01  8.84252706e-03  1.85184257e-05  5.00252607e-01]","[ 0.          0.27425155 16.39791107 -0.87442791 -4.01291752  0.94699305
  0.38561729  1.27709699]"
1747093065.3344674,"[ 0.          0.12345541  0.70743772 -2.83154584 -1.68685742  1.28853068
  0.96094748  2.41346124]","[ 0.00000000e+00  3.80837445e-02  1.39176499e-01 -1.32574726e-05
  1.39928809e-01  4.86175453e-03  1.85464284e-05  4.94008293e-01]","[ 0.          0.21407789 16.39937592 -0.8904711  -3.91126442  0.94188607
  0.42237189  1.27852821]"
1747093065.335668,"[ 0.          0.12353623  0.70770909 -2.83154584 -1.68671734  1.28853254
  0.96094748  2.41394833]","[ 0.00000000e+00  3.59229638e-02  1.36939419e-01 -1.32473165e-05
  1.42071272e-01  2.85942124e-03  1.85604623e-05  4.94008293e-01]","[ 0.          0.16666099 16.36058044 -0.95224065 -3.89353061  0.94188607
  0.43580058  1.28072786]"
1747093065.3373473,"[ 0.          0.12360373  0.70797821 -2.83154637 -1.68643504  1.28853254
  0.96094748  2.41495101]","[ 0.00000000e+00  3.20681671e-02  1.36939419e-01 -1.85604623e-05
  1.43151666e-01  0.00000000e+00  1.85464284e-05  4.88650912e-01]","[ 0.          0.07865245 16.36504364 -1.02462173 -3.91110802  0.91958177
  0.44234198  1.21670997]"
1747093065.3390653,"[ 0.          0.12363219  0.70812055 -2.83154637 -1.68628164  1.28853254
  0.96094748  2.41543225]","[ 0.00000000e+00  2.89004307e-02  1.33910356e-01 -1.85604623e-05
  1.44442634e-01  0.00000000e+00  1.85464284e-05  4.88066148e-01]","[ 0.          0.04125307 16.37010384 -1.07110775 -3.91507077  0.93841004
  0.44150546  1.28933275]"
1747093065.3403327,"[ 0.          0.12365791  0.70825185 -2.83154637 -1.68613996  1.28853254
  0.96094748  2.41591188]","[ 0.00000000e+00  2.62260531e-02  1.33158055e-01 -1.85464284e-05
  1.43691855e-01  0.00000000e+00  1.85604623e-05  4.86445548e-01]","[ 0.00000000e+00 -7.09935604e-03  1.63826427e+01 -1.07914758e+00
 -3.94733334e+00  9.38410044e-01  4.42317784e-01  1.24742424e+00]"
1747093065.3420687,"[ 0.          0.12370337  0.70851363 -2.83154717 -1.6858566   1.28853254
  0.96094842  2.41691057]","[ 0.00000000e+00  2.10645514e-02  1.32887960e-01 -2.65149452e-05
  1.43691855e-01  0.00000000e+00  2.91440955e-05  4.87243131e-01]","[ 0.         -0.04142814 16.39038467 -1.13360775 -3.98641276  0.93748891
  0.46375549  1.2579484 ]"
1747093065.343258,"[ 0.          0.1237222   0.70865505 -2.83154717 -1.68570587  1.28853254
  0.96094842  2.4173902 ]","[ 0.00000000e+00  1.91769216e-02  1.33158055e-01 -2.65149452e-05
  1.41801427e-01  0.00000000e+00  2.91443860e-05  4.86445548e-01]","[ 0.         -0.07394294 16.3923912  -1.14900517 -4.00475836  0.96024603
  0.48145896  1.26793861]"
1747093065.3450248,"[ 0.          0.12375618  0.70892136 -2.83154771 -1.68556579  1.28853441
  0.96094842  2.41838037]","[ 0.00000000e+00  1.67290760e-02  1.35588930e-01 -3.17938749e-05
  1.42071272e-01  2.31838413e-04  2.91443860e-05  4.83732353e-01]","[ 0.         -0.07664759 16.41667938 -1.18634045 -4.03342867  0.98665178
  0.4929294   1.25279796]"
1747093065.3476753,"[ 0.          0.12377134  0.70905685 -2.83154771 -1.6854273   1.28853534
  0.96094842  2.41885414]","[ 0.00000000e+00  1.53955564e-02  1.37479616e-01 -3.18179359e-05
  1.40450688e-01  2.95021748e-04  2.91443860e-05  4.80503403e-01]","[ 0.         -0.09193522 16.44879723 -1.21941149 -4.05263424  0.99428207
  0.48317245  1.2828486 ]"
1747093065.3485732,"[ 0.          0.12381404  0.70947697 -2.83154824 -1.68501451  1.2885392
  0.96094842  2.42026509]","[ 0.00000000e+00  1.35048743e-02  1.38830105e-01 -3.70928568e-05
  1.32347763e-01  5.52019133e-04  2.91443860e-05  4.57472452e-01]","[ 0.         -0.12007391 16.40498734 -1.22039771 -4.08353615  1.01565838
  0.47500378  1.31673157]"
1747093065.350792,"[ 0.          0.12382965  0.7097562  -2.8315485  -1.68475086  1.28854107
  0.96094935  2.42115165]","[ 0.00000000e+00  1.47814210e-02  1.36167277e-01 -3.97724188e-05
  1.27891911e-01  6.07247802e-04  3.70928568e-05  4.47367887e-01]","[ 0.         -0.12554342 16.37421227 -1.21119058 -4.08210564  1.00165784
  0.5085637   1.21046996]"
1747093065.352541,"[ 0.          0.12385904  0.71001885 -2.83154904 -1.68450105  1.288542
  0.96095028  2.4220486 ]","[ 0.00000000e+00  1.53799571e-02  1.32213664e-01 -4.50413255e-05
  1.26945815e-01  5.96155957e-04  5.56398379e-05  4.35334060e-01]","[ 0.         -0.13926877 16.30269241 -1.25568604 -3.99858046  0.98035616
  0.50304759  1.19808161]"
1747093065.353733,"[ 0.          0.12387419  0.71015934 -2.83154957 -1.68437482  1.28854306
  0.96095028  2.42247684]","[ 0.00000000e+00  1.53955564e-02  1.32405745e-01 -5.03403034e-05
  1.28026201e-01  6.62395522e-04  5.56392812e-05  4.34316733e-01]","[ 0.         -0.14455496 16.26890564 -1.27977788 -3.95778561  0.98647767
  0.49122527  1.21958566]"
1747093065.3555133,"[ 0.          0.12390909  0.71041646 -2.83155037 -1.68411223  1.28854306
  0.96095028  2.42333757]","[ 0.00000000e+00  1.73030237e-02  1.29376690e-01 -5.29103091e-05
  1.28026201e-01  6.24093076e-04  5.56392812e-05  4.37017711e-01]","[ 0.         -0.13805507 16.23627853 -1.29985726 -3.86291981  0.96238929
  0.51631278  1.08009362]"
1747093065.356663,"[ 0.          0.12392654  0.71054276 -2.83155037 -1.68398493  1.28854306
  0.96095128  2.42380469]","[ 0.00000000e+00  1.78264326e-02  1.28026201e-01 -5.29897943e-05
  1.28975785e-01  6.21326600e-04  6.62372408e-05  4.39434097e-01]","[ 0.         -0.14571095 16.22899818 -1.30538809 -3.84450555  0.95126134
  0.52275741  1.0634408 ]"
1747093065.358491,"[ 0.          0.12396327  0.7107967  -2.83155143 -1.6837346   1.28854306
  0.96095128  2.42473707]","[ 0.00000000e+00  1.78045614e-02  1.22894348e-01 -6.36358718e-05
  1.26945815e-01  5.90010726e-04  6.62379032e-05  4.39725813e-01]","[ 0.         -0.20280854 16.2086544  -1.36043406 -3.79167151  0.9263826
  0.54697776  1.05924737]"
1747093065.3601139,"[ 0.          0.12398073  0.71091607 -2.8315517  -1.68359878  1.28854306
  0.96095221  2.42517569]","[ 0.00000000e+00  1.78264326e-02  1.21003670e-01 -6.61372301e-05
  1.27891911e-01  5.89978087e-04  7.41857136e-05  4.44850534e-01]","[ 0.         -0.22310996 16.17968559 -1.38091695 -3.75690866  0.91655701
  0.54431814  1.0033319 ]"
1747093065.361354,"[ 0.          0.12401194  0.71115163 -2.83155277 -1.68334471  1.28854306
  0.96095221  2.42609075]","[ 0.00000000e+00  1.53955564e-02  1.18788478e-01 -7.67771511e-05
  1.29646785e-01  5.28783833e-04  7.41857136e-05  4.46741212e-01]","[ 0.         -0.27712789 16.18421173 -1.39218104 -3.73167491  0.92200166
  0.55769658  1.0036521 ]"
1747093065.3631322,"[ 0.          0.12402618  0.7112977  -2.8315533  -1.68320623  1.28854306
  0.96095314  2.42652937]","[ 0.00000000e+00  1.32907280e-02  1.20215175e-01 -8.20101635e-05
  1.30276930e-01  4.72008600e-04  8.47836692e-05  4.44850534e-01]","[ 0.         -0.29108301 16.20603371 -1.40556598 -3.76320457  0.90869379
  0.55849105  0.97434461]"
1747093065.3642988,"[ 0.          0.12404685  0.71153506 -2.83155463 -1.6829511   1.28854306
  0.96095314  2.42744257]","[ 0.00000000e+00  9.18331389e-03  1.20193379e-01 -9.52376087e-05
  1.29106596e-01  3.67211001e-04  7.41857136e-05  4.46741212e-01]","[ 0.         -0.32674474 16.17908669 -1.42139316 -3.83536434  0.91187996
  0.56719077  0.9910574 ]"
1747093065.3660862,"[ 0.          0.1240542   0.71166276 -2.8315549  -1.68282433  1.28854306
  0.96095414  2.42788492]","[ 0.00000000e+00  7.55506656e-03  1.20368864e-01 -9.78831010e-05
  1.28566399e-01  2.64391917e-04  8.47836692e-05  4.48177354e-01]","[ 0.         -0.34485054 16.16957092 -1.42643821 -3.8569901   0.90607989
  0.55433446  1.03430688]"
1747093065.3672645,"[ 0.          0.12406383  0.71189598 -2.83155596 -1.68256387  1.28854399
  0.96095507  2.42875817]","[ 0.00000000e+00  4.01229535e-03  1.16952203e-01 -1.05820618e-04
  1.26888840e-01  2.06503761e-04  9.53816248e-05  4.41879478e-01]","[ 0.         -0.36766371 16.20161629 -1.38900006 -3.90788484  0.91829616
  0.5536294   1.07218909]"
1747093065.3689022,"[ 0.          0.12406659  0.71201083 -2.83155649 -1.68243977  1.28854399
  0.96095507  2.4292197 ]","[ 0.00000000e+00  2.70097486e-03  1.16412014e-01 -1.11111643e-04
  1.25865421e-01  1.95031947e-04  9.53816248e-05  4.34581751e-01]","[ 0.         -0.34414342 16.22940826 -1.38022363 -3.91915917  0.92052704
  0.54917902  1.109653  ]"
1747093065.370672,"[ 0.          0.12406705  0.71224725 -2.83155676 -1.68219156  1.28854399
  0.96095507  2.43006525]","[ 0.00000000e+00 -5.01536919e-04  1.14521328e-01 -1.13756038e-04
  1.25325232e-01  1.11446822e-04  9.53816248e-05  4.27294210e-01]","[ 0.         -0.34681803 16.23598099 -1.36983979 -3.95509076  0.92645186
  0.53754586  1.03603637]"
1747093065.371873,"[ 0.          0.12406659  0.71236164 -2.83155676 -1.68206693  1.28854399
  0.96095507  2.43048097]","[ 0.00000000e+00 -3.90111488e-04  1.16141912e-01 -1.13756038e-04
  1.26405618e-01  1.11891647e-04  9.53816248e-05  4.21194972e-01]","[ 0.         -0.34334728 16.22375107 -1.36144304 -3.96515584  0.9142741
  0.51961035  1.07698584]"
1747093065.3737302,"[ 0.          0.12406613  0.71259992 -2.83155783 -1.68180807  1.28854399
  0.96095507  2.43132866]","[ 0.00000000e+00 -2.70097460e-04  1.15244976e-01 -1.26983484e-04
  1.26405618e-01  5.29876852e-05  8.47836692e-05  4.12979053e-01]","[ 0.         -0.28322715 16.2323246  -1.32772934 -3.99861956  0.91765523
  0.51973587  1.07887042]"
1747093065.3765144,"[ 0.          0.12406705  0.71271337 -2.83155836 -1.68155933  1.28854399
  0.96095507  2.43214305]","[ 0.00000000e+00  1.32495580e-04  1.15061525e-01 -1.32175981e-04
  1.25865421e-01  5.05104042e-05  8.47836692e-05  4.12979053e-01]","[ 0.         -0.23858851 16.27788734 -1.2832948  -4.03476238  0.93463075
  0.51370716  0.96974379]"
1747093065.3771641,"[ 0.          0.12406705  0.71282722 -2.83155862 -1.68143576  1.28854399
  0.96095601  2.43255211]","[ 0.00000000e+00  1.06377519e-04  1.15601723e-01 -1.34919952e-04
  1.25325232e-01  5.05128017e-05  9.54538036e-05  4.14449385e-01]","[ 0.         -0.25113267 16.25063896 -1.22818613 -4.07893085  0.93341637
  0.4963491   0.91002518]"
1747093065.3788393,"[ 0.          0.12406705  0.71306052 -2.83155969 -1.68118009  1.28854399
  0.96095601  2.4329934 ]","[ 0.00000000e+00  1.33313595e-04  1.13848880e-01 -1.45392146e-04
  1.24244837e-01  4.82544138e-05  9.53806739e-05  4.15523338e-01]","[ 0.         -0.21900064 16.22650528 -1.18309081 -4.12571335  0.92480254
  0.45134708  0.88201845]"
1747093065.380602,"[ 0.          0.12406705  0.71317303 -2.83155969 -1.68105705  1.28854399
  0.96095601  2.43340432]","[ 0.00000000e+00  1.31644146e-04  1.13865650e-01 -1.45501913e-04
  1.24785034e-01  4.61913295e-05  9.53816248e-05  4.16760409e-01]","[ 0.         -0.21705222 16.25731659 -1.18004978 -4.11766481  0.92493683
  0.43643838  0.93153816]"
1747093065.3817298,"[ 0.          0.12406705  0.71339481 -2.83156049 -1.68080299  1.28854399
  0.96095601  2.4342331 ]","[ 0.00000000e+00  0.00000000e+00  1.11820358e-01 -1.53439886e-04
  1.23289495e-01  4.60415958e-05  9.53816248e-05  4.20811876e-01]","[ 0.         -0.16701435 16.27532196 -1.1485517  -4.14872789  0.91109395
  0.44241139  0.89907008]"
1747093065.3834248,"[ 0.          0.12406705  0.71351419 -2.83156102 -1.68068155  1.28854399
  0.96095601  2.43467731]","[ 0.00000000e+00  0.00000000e+00  1.12344269e-01 -1.58609611e-04
  1.23039657e-01  4.41596980e-05  9.53816248e-05  4.18281807e-01]","[ 0.         -0.14382181 16.23328972 -1.12001097 -4.17152929  0.92524964
  0.43974781  0.89551681]"
1747093065.38467,"[ 0.          0.12406659  0.71373596 -2.83156155 -1.68043707  1.28854399
  0.96095601  2.43548958]","[ 0.00000000e+00 -5.89978078e-05  1.12246706e-01 -1.61374851e-04
  1.17861173e-01  4.24256036e-05  8.48486716e-05  4.10007964e-01]","[ 0.         -0.12107462 16.2046833  -1.06660664 -4.18402863  0.91649717
  0.44843152  0.87492388]"
1747093065.386409,"[ 0.          0.12406705  0.71384661 -2.83156155 -1.68032149  1.28854399
  0.96095601  2.435933  ]","[ 0.00000000e+00  0.00000000e+00  1.12360547e-01 -1.61253104e-04
  1.17222306e-01  4.24256036e-05  8.47836692e-05  4.17529497e-01]","[ 0.         -0.12187435 16.2196579  -1.05197358 -4.16488886  0.91316706
  0.43917215  0.83990908]"
1747093065.388127,"[ 0.          0.12406705  0.71408037 -2.83156182 -1.68009033  1.28854399
  0.96095601  2.43677775]","[ 0.00000000e+00  0.00000000e+00  1.13711036e-01 -1.64021952e-04
  1.17222306e-01  4.08209857e-05  8.47836692e-05  4.32155977e-01]","[ 0.         -0.10533317 16.13811684 -1.01922882 -4.12748814  0.87584674
  0.4297412   0.87432015]"
1747093065.3892853,"[ 0.          0.12406705  0.71419103 -2.83156235 -1.67996409  1.28854399
  0.96095601  2.43720865]","[ 0.00000000e+00  0.00000000e+00  1.12360547e-01 -1.69312986e-04
  1.18864253e-01  3.92247023e-05  8.47836692e-05  4.37017711e-01]","[ 0.         -0.09217799 16.06115341 -1.01095164 -4.11275864  0.87158293
  0.42254412  0.89870781]"
1747093065.391035,"[ 0.          0.12406705  0.71442106 -2.83156235 -1.67972974  1.28854399
  0.96095601  2.43812105]","[ 0.00000000e+00  0.00000000e+00  1.12344269e-01 -1.69183583e-04
  1.18302692e-01  3.78504980e-05  8.47828240e-05  4.47367887e-01]","[ 0.         -0.06894609 16.0158596  -0.96838379 -4.05567408  0.85633594
  0.41228637  0.87909502]"
1747093065.3922281,"[ 0.          0.12406705  0.71453085 -2.83156289 -1.67961309  1.28854306
  0.96095601  2.43857299]","[ 0.00000000e+00  0.00000000e+00  1.11280161e-01 -1.74602296e-04
  1.18302692e-01  0.00000000e+00  8.47845145e-05  4.58355424e-01]","[ 0.         -0.05956816 16.03281212 -0.96290576 -4.02192068  0.84168035
  0.41962802  0.87713641]"
1747093065.39393,"[ 0.          0.12406705  0.71475402 -2.83156342 -1.67937127  1.28854306
  0.96095601  2.43953172]","[ 0.00000000e+00  0.00000000e+00  1.13711036e-01 -1.83489507e-04
  1.17750303e-01  0.00000000e+00  8.48478263e-05  4.70190878e-01]","[ 0.         -0.05519197 15.96195698 -0.95367932 -4.01955557  0.82827723
  0.41339073  0.90375954]"
1747093065.3957398,"[ 0.          0.12406705  0.71486467 -2.83156342 -1.67925463  1.28854306
  0.96095601  2.43999991]","[ 0.00000000e+00  0.00000000e+00  1.12360547e-01 -1.92091010e-04
  1.18302692e-01  0.00000000e+00  8.47836692e-05  4.74831369e-01]","[ 0.         -0.02263149 15.88461018 -0.96592849 -4.00176144  0.81376857
  0.42060441  0.96839815]"
1747093065.3968349,"[ 0.          0.12406659  0.71509198 -2.83156368 -1.67901761  1.28854306
  0.96095601  2.44095492]","[ 0.00000000e+00 -2.64951613e-05  1.10739964e-01 -2.20392591e-04
  1.20463473e-01  0.00000000e+00  8.48478263e-05  4.88561662e-01]","[ 0.00000000e+00  2.90606898e-04  1.58582325e+01 -9.56846833e-01
 -4.00999594e+00  7.88709641e-01  4.11393762e-01  9.11901653e-01]"
1747093065.3984942,"[ 0.          0.12406705  0.71519897 -2.83156422 -1.67888764  1.28854306
  0.96095601  2.44148009]","[ 0.00000000e+00  0.00000000e+00  1.08579183e-01 -2.40955530e-04
  1.22375007e-01  0.00000000e+00  8.48478263e-05  4.94050204e-01]","[ 0.00000000e+00  7.30421487e-03  1.58728170e+01 -9.52450275e-01
 -4.00487423e+00  7.91754067e-01  4.13500816e-01  8.73133481e-01]"
1747093065.3996565,"[ 0.          0.12406705  0.71541801 -2.83156475 -1.67864157  1.28854306
  0.96095601  2.44246653]","[ 0.00000000e+00  0.00000000e+00  1.07227937e-01 -2.84209288e-04
  1.25325232e-01  0.00000000e+00  8.47836692e-05  5.03731794e-01]","[ 0.00000000e+00 -8.79408093e-04  1.58363171e+01 -9.78757560e-01
 -4.01224232e+00  7.95516312e-01  4.21692818e-01  9.09492791e-01]"
1747093065.401338,"[ 0.          0.12406705  0.71552268 -2.83156502 -1.67851853  1.28854306
  0.96095601  2.44296507]","[ 0.00000000e+00  0.00000000e+00  1.06148308e-01 -3.03005802e-04
  1.24658601e-01  0.00000000e+00  8.48478263e-05  5.05622472e-01]","[ 0.00000000e+00  1.26217213e-02  1.58309765e+01 -9.70298171e-01
 -4.06637383e+00  7.94987440e-01  4.08965617e-01  8.73448193e-01]"
1747093065.403064,"[ 0.          0.12406659  0.71572794 -2.83156555 -1.67826287  1.28854306
  0.96095601  2.44401729]","[ 0.00000000e+00 -2.04104928e-05  1.03717433e-01 -3.10299944e-04
  1.24244837e-01  0.00000000e+00  8.47836692e-05  5.15078424e-01]","[ 0.          0.05703097 15.84431171 -0.96370482 -4.15584564  0.78245819
  0.3960211   0.870278  ]"
1747093065.4042554,"[ 0.          0.12406705  0.71594006 -2.83156661 -1.67801466  1.28854306
  0.96095601  2.44503595]","[ 0.00000000e+00  0.00000000e+00  1.02907141e-01 -3.38609164e-04
  1.26405618e-01  0.00000000e+00  8.48478263e-05  5.15075894e-01]","[ 0.          0.05425818 15.88853264 -0.97808975 -4.22975874  0.80421513
  0.40767458  0.94818777]"
1747093065.405944,"[ 0.          0.12406705  0.71604066 -2.83156688 -1.67787937  1.28854306
  0.96095601  2.44558216]","[ 0.00000000e+00  0.00000000e+00  1.01993402e-01 -3.36558446e-04
  1.27390380e-01  0.00000000e+00  8.48478263e-05  5.14326115e-01]","[ 0.          0.07956552 15.91759109 -0.98845726 -4.24489975  0.79754007
  0.40791917  0.99752247]"
1747093065.4076495,"[ 0.          0.12406705  0.71624639 -2.83156795 -1.67762584  1.28854306
  0.96095601  2.44658085]","[ 0.00000000e+00  0.00000000e+00  1.00206163e-01 -3.42742493e-04
  1.29646785e-01  0.00000000e+00  8.47836692e-05  5.04542094e-01]","[ 0.          0.07404688 15.9672718  -1.0044564  -4.34745598  0.81952161
  0.40366393  1.10399413]"
1747093065.4094503,"[ 0.          0.12406705  0.71634373 -2.83156821 -1.67748948  1.28854306
  0.96095601  2.44707087]","[ 0.00000000e+00  0.00000000e+00  9.88556741e-02 -3.44173454e-04
  1.28393451e-01  0.00000000e+00  8.48469811e-05  4.96475811e-01]","[ 0.          0.08594855 16.00928497 -1.03396237 -4.40354729  0.82290787
  0.40398511  1.07915556]"
1747093065.410518,"[ 0.          0.12406705  0.71653794 -2.83156928 -1.67723435  1.28854306
  0.96095601  2.44807461]","[ 0.00000000e+00  0.00000000e+00  9.95649904e-02 -3.49997299e-04
  1.28566399e-01  0.00000000e+00  8.46564929e-05  4.89146526e-01]","[ 0.          0.12157921 16.08858299 -1.04387414 -4.46406794  0.85118937
  0.40090558  1.11823618]"
1747093065.4134161,"[ 0.          0.12406705  0.71674274 -2.83157008 -1.67698668  1.288542
  0.96095601  2.44902589]","[ 0.00000000e+00  0.00000000e+00  1.01016455e-01 -3.40785954e-04
  1.25452464e-01 -2.16367636e-05  8.48478263e-05  4.81583814e-01]","[ 0.          0.17279866 16.15135765 -1.04488933 -4.49526167  0.83740014
  0.40284765  1.14192295]"
1747093065.4152002,"[ 0.          0.12406659  0.71694753 -2.83157114 -1.67673421  1.288542
  0.96095601  2.45001126]","[ 0.00000000e+00 -1.43288559e-05  1.05608111e-01 -3.35369841e-04
  1.23164451e-01 -2.12119566e-05  8.46556558e-05  4.80826045e-01]","[ 0.          0.21128058 16.1456089  -1.0482527  -4.46476793  0.82721072
  0.40724966  1.04639208]"
1747093065.4169683,"[ 0.          0.12406705  0.71716611 -2.83157247 -1.67647855  1.288542
  0.96095601  2.45095402]","[ 0.00000000e+00  0.00000000e+00  1.06580406e-01 -3.47942322e-04
  1.25384229e-01 -2.08039142e-05  9.52385514e-05  4.77048517e-01]","[ 0.          0.23043509 16.11636925 -1.07345462 -4.4473877   0.84046859
  0.3969554   0.88725603]"
1747093065.4181752,"[ 0.          0.12406705  0.71727357 -2.83157301 -1.67635551  1.288542
  0.96095601  2.45146109]","[ 0.00000000e+00  0.00000000e+00  1.09119380e-01 -3.49997299e-04
  1.24785034e-01 -2.07722725e-05  9.53105108e-05  4.77463138e-01]","[ 0.          0.2222659  16.09804916 -1.05932927 -4.43503428  0.84523606
  0.40457192  0.85188615]"
1747093065.4198065,"[ 0.          0.12406705  0.71749075 -2.8315738  -1.67610997  1.288542
  0.96095601  2.45239905]","[ 0.00000000e+00  0.00000000e+00  1.09929672e-01 -3.45661665e-04
  1.24118953e-01 -4.07616319e-05  9.52376087e-05  4.76451936e-01]","[ 0.          0.25228053 16.03913498 -1.05805576 -4.36323309  0.82256269
  0.42247379  0.83121711]"
1747093065.421526,"[ 0.          0.12406705  0.71760833 -2.83157434 -1.67598906  1.288542
  0.96095601  2.45286804]","[ 0.00000000e+00  0.00000000e+00  1.10839658e-01 -3.49468438e-04
  1.22624254e-01 -4.08209857e-05  9.53095680e-05  4.75159737e-01]","[ 0.          0.23903549 15.98627663 -1.08574784 -4.30735397  0.81006658
  0.43352485  0.83619577]"
1747093065.4227128,"[ 0.          0.12406705  0.71782831 -2.83157514 -1.67573766  1.288542
  0.96095601  2.45383183]","[ 0.00000000e+00  0.00000000e+00  1.10739964e-01 -3.59348726e-04
  1.23164451e-01 -4.00061769e-05  9.52376087e-05  4.71193924e-01]","[ 0.          0.2591686  15.92432117 -1.10732901 -4.19351435  0.77755898
  0.43305698  0.78749043]"
1747093065.424467,"[ 0.          0.12406705  0.71805514 -2.83157673 -1.67549158  1.28854107
  0.96095601  2.45476687]","[ 0.00000000e+00  0.00000000e+00  1.11090428e-01 -3.72509560e-04
  1.25198249e-01 -5.40085379e-05  9.53095680e-05  4.74561258e-01]","[ 0.          0.26508352 15.87436104 -1.12183964 -4.04073095  0.7666198
  0.41112933  0.83520162]"
1747093065.4262152,"[ 0.          0.12406705  0.7181644  -2.831577   -1.67535789  1.28854107
  0.96095601  2.45526541]","[ 0.00000000e+00  0.00000000e+00  1.10739964e-01 -3.74687162e-04
  1.26004421e-01 -5.30442961e-05  9.53095680e-05  4.69438568e-01]","[ 0.          0.26906213 15.86727142 -1.09109235 -4.00253916  0.7536
  0.40917796  0.88612914]"
1747093065.427384,"[ 0.          0.12406705  0.7183871  -2.83157807 -1.67510968  1.28854107
  0.96095601  2.45618048]","[ 0.00000000e+00  0.00000000e+00  1.08582745e-01 -3.76976336e-04
  1.25865421e-01 -5.30442961e-05  9.52376087e-05  4.62136779e-01]","[ 0.          0.30366385 15.78584194 -1.0833168  -3.91566539  0.70838207
  0.40892944  0.85511875]"
1747093065.42912,"[ 0.          0.12406705  0.71849137 -2.83157833 -1.67498665  1.28854107
  0.96095601  2.45663534]","[ 0.00000000e+00  0.00000000e+00  1.05878214e-01 -3.82866597e-04
  1.24785034e-01 -5.21147986e-05  9.52385514e-05  4.61794863e-01]","[ 0.          0.30911818 15.73594284 -1.08212578 -3.87951279  0.70527661
  0.41145545  0.84327877]"
1747093065.430932,"[ 0.          0.12406705  0.71868651 -2.8315794  -1.67473258  1.28854013
  0.96095601  2.45757038]","[ 0.00000000e+00  0.00000000e+00  9.69649962e-02 -3.95311609e-04
  1.24244837e-01 -6.51834034e-05  9.52385514e-05  4.55384334e-01]","[ 0.          0.31508568 15.73184776 -1.06276131 -3.80224252  0.68861705
  0.4189181   0.89968723]"
1747093065.4321384,"[ 0.          0.12406705  0.71877972 -2.83157993 -1.67461167  1.28854013
  0.96095601  2.45801673]","[ 0.00000000e+00  0.00000000e+00  9.44383304e-02 -4.10171801e-04
  1.22500009e-01 -6.50969124e-05  9.52376087e-05  4.52683356e-01]","[ 0.          0.3220349  15.75817108 -1.05346656 -3.76990819  0.67161787
  0.42004171  0.85764229]"
1747093065.433931,"[ 0.          0.12406705  0.71896707 -2.83158073 -1.6743624   1.28854013
  0.96095601  2.45895656]","[ 0.00000000e+00  0.00000000e+00  8.99424568e-02 -4.33160453e-04
  1.21758826e-01 -6.39952213e-05  8.47196178e-05  4.59977788e-01]","[ 0.          0.34720275 15.83099079 -1.06127954 -3.69809866  0.67422456
  0.40101212  0.80776244]"
1747093065.4356327,"[ 0.          0.12406705  0.7191503  -2.83158153 -1.67412112  1.2885392
  0.96095601  2.45988014]","[ 0.00000000e+00  0.00000000e+00  9.02766419e-02 -4.55834350e-04
  1.22084056e-01 -8.22781619e-05  8.46556558e-05  4.69223617e-01]","[ 0.          0.37338325 15.91038418 -1.05886018 -3.73304725  0.66696554
  0.37500387  0.74646944]"
1747093065.43683,"[ 0.          0.12406705  0.71923985 -2.83158206 -1.67399968  1.2885392
  0.96095601  2.46034353]","[ 0.00000000e+00  0.00000000e+00  9.06608029e-02 -4.67613052e-04
  1.23164451e-01 -8.09088869e-05  8.46564929e-05  4.69969602e-01]","[ 0.          0.36744812 15.92772961 -1.04142869 -3.76000619  0.67039019
  0.3717128   0.71510017]"
1747093065.439157,"[ 0.          0.12406705  0.71941568 -2.83158313 -1.67374828  1.2885392
  0.96095601  2.46131372]","[ 0.00000000e+00  0.00000000e+00  8.88620706e-02 -4.86772337e-04
  1.22500009e-01 -7.95857831e-05  8.46556558e-05  4.73750958e-01]","[ 0.          0.35343778 15.91760921 -1.04372621 -3.85872769  0.67700678
  0.35803229  0.70762503]"
1747093065.4408076,"[ 0.          0.12406705  0.71959798 -2.83158392 -1.67349368  1.2885392
  0.96095601  2.46223943]","[ 0.00000000e+00  0.00000000e+00  8.94022679e-02 -4.85258834e-04
  1.25885769e-01 -7.82068691e-05  8.46556558e-05  4.68889224e-01]","[ 0.          0.35320452 15.98987198 -1.03975332 -3.9734416   0.69310838
  0.35792121  0.69462526]"
1747093065.442496,"[ 0.          0.12406705  0.71977022 -2.83158526 -1.67324441  1.2885392
  0.96095507  2.46319178]","[ 0.00000000e+00  0.00000000e+00  8.66134472e-02 -4.99289064e-04
  1.27486012e-01 -7.70602989e-05  6.61372301e-05  4.64924710e-01]","[ 0.          0.32977593 16.07245827 -1.03951538 -4.08539629  0.71547025
  0.36137077  0.68739963]"
1747093065.4442601,"[ 0.          0.12406705  0.71985697 -2.83158579 -1.67311764  1.2885392
  0.96095507  2.46364931]","[ 0.00000000e+00  0.00000000e+00  8.80517789e-02 -4.99289064e-04
  1.28566399e-01 -7.70615424e-05  6.61378843e-05  4.64027457e-01]","[ 0.          0.3292143  16.15353775 -1.03887868 -4.12865543  0.72866267
  0.33193845  0.72563368]"
1747093065.4459822,"[ 0.          0.12406705  0.72004066 -2.83158712 -1.67285186  1.2885392
  0.96095507  2.46454839]","[ 0.00000000e+00  0.00000000e+00  8.99424568e-02 -5.07075592e-04
  1.30055081e-01 -7.57680058e-05  6.61872009e-05  4.54574068e-01]","[ 0.          0.35819393 16.28326988 -1.01706409 -4.2497015   0.73841041
  0.32504213  0.80621624]"
1747093065.4478178,"[ 0.          0.12406705  0.72012881 -2.83158765 -1.67259939  1.2885392
  0.96095507  2.46546532]","[ 0.00000000e+00  0.00000000e+00  8.94022679e-02 -5.14876749e-04
  1.26945815e-01 -7.46041570e-05  6.61372301e-05  4.45209295e-01]","[ 0.          0.32601607 16.29892731 -1.00479233 -4.44035769  0.74863291
  0.31301153  0.73652643]"
1747093065.448908,"[ 0.          0.12406705  0.72030605 -2.83158845 -1.6724657   1.2885392
  0.96095507  2.46589729]","[ 0.00000000e+00  0.00000000e+00  9.02125596e-02 -5.07268762e-04
  1.25885769e-01 -7.45160161e-05  6.61365717e-05  4.38098122e-01]","[ 0.          0.2962513  16.42552376 -0.98297423 -4.47881317  0.73179621
  0.30753103  0.71991545]"
1747093065.4506352,"[ 0.          0.12406705  0.72049247 -2.83159005 -1.67222015  1.2885392
  0.96095507  2.46677347]","[ 0.00000000e+00  0.00000000e+00  9.02125596e-02 -5.14139276e-04
  1.23579305e-01 -7.34766454e-05  5.82007654e-05  4.23798711e-01]","[ 0.          0.2476638  16.52227974 -0.99861169 -4.55082846  0.73624682
  0.30293095  0.73107165]"
1747093065.4517136,"[ 0.          0.12406705  0.72058248 -2.83159032 -1.67209818  1.2885392
  0.96095507  2.46718812]","[ 0.00000000e+00  0.00000000e+00  9.12929458e-02 -5.14139276e-04
  1.23704640e-01 -7.34777751e-05  5.82007654e-05  4.20541765e-01]","[ 0.          0.23038764 16.58452797 -1.01218855 -4.5573163   0.74648398
  0.29908082  0.6697157 ]"
1747093065.4534292,"[ 0.          0.12406659  0.72076937 -2.83159218 -1.67185424  1.28853827
  0.96095507  2.46801477]","[ 0.00000000e+00 -7.06352572e-06  9.06927858e-02 -5.39437420e-04
  1.17359642e-01 -8.83663556e-05  4.76547840e-05  4.18226912e-01]","[ 0.          0.22125623 16.68082237 -1.03420115 -4.57681704  0.77167493
  0.30674657  0.5835638 ]"
1747093065.4551516,"[ 0.          0.12406659  0.72085712 -2.83159271 -1.67173972  1.28853827
  0.96095414  2.46845632]","[ 0.00000000e+00 -6.97235595e-06  8.91321651e-02 -5.46459265e-04
  1.16141912e-01 -8.70715024e-05  3.70372172e-05  4.15774108e-01]","[ 0.          0.20575701 16.6662426  -1.03798163 -4.53371906  0.76772273
  0.29590553  0.5421046 ]"
1747093065.4563243,"[ 0.          0.12406659  0.72102743 -2.83159458 -1.67151122  1.28853827
  0.96095414  2.46927817]","[ 0.00000000e+00 -6.88350958e-06  8.56209037e-02 -5.65136047e-04
  1.10338126e-01 -8.58140512e-05  3.70368514e-05  4.15950109e-01]","[ 0.          0.17610838 16.65674591 -1.07216656 -4.47281837  0.76317561
  0.3151581   0.501113  ]"
1747093065.4580536,"[ 0.          0.12406659  0.72111838 -2.83159484 -1.67140256  1.28853827
  0.96095414  2.46969495]","[ 0.00000000e+00 -6.88350958e-06  8.57628169e-02 -5.58500576e-04
  1.10088114e-01 -8.58140512e-05  2.91223691e-05  4.22702554e-01]","[ 0.          0.13049996 16.65732384 -1.08697736 -4.47784996  0.76194054
  0.31134698  0.50050563]"
1747093065.459294,"[ 0.          0.12406659  0.72120193 -2.83159591 -1.67129337  1.28853827
  0.96095414  2.47011334]","[ 0.00000000e+00 -6.79681238e-06  8.48106036e-02 -5.83619334e-04
  1.10739964e-01 -8.45924008e-05  2.91003827e-05  4.24323121e-01]","[ 0.          0.11210171 16.63232422 -1.09013903 -4.45892382  0.73395813
  0.32361677  0.52421945]"
1747093065.4611056,"[ 0.          0.12406613  0.72136498 -2.83159777 -1.67107553  1.28853734
  0.96095414  2.47098286]","[ 0.00000000e+00 -1.00685357e-05  8.33755593e-02 -6.12515217e-04
  1.11280161e-01 -9.46746859e-05  1.85186086e-05  4.22432443e-01]","[ 0.          0.04934503 16.56624031 -1.11441588 -4.39083242  0.72173685
  0.32826146  0.52941054]"
1747093065.4622273,"[ 0.          0.12406613  0.7214554  -2.8315991  -1.67095622  1.28853734
  0.96095414  2.47139671]","[ 0.00000000e+00 -9.93556255e-06  8.52612771e-02 -6.54689065e-04
  1.12344269e-01 -8.33149076e-05  1.85325998e-05  4.19731465e-01]","[ 0.00000000e+00  8.53899214e-03  1.65713100e+01 -1.14412630e+00
 -4.37539768e+00  7.05142856e-01  3.21709782e-01  4.86809373e-01]"
1747093065.4640145,"[ 0.          0.12406613  0.72162351 -2.83160177 -1.67073624  1.2885364
  0.96095414  2.47224333]","[ 0.00000000e+00 -9.81521011e-06  8.53508009e-02 -7.42388923e-04
  1.11167410e-01 -9.34665513e-05  1.05819570e-05  4.12012592e-01]","[ 0.00000000e+00  1.24090603e-02  1.65788078e+01 -1.18237233e+00
 -4.30636501e+00  6.73021555e-01  3.30629438e-01  5.65087080e-01]"
1747093065.465194,"[ 0.          0.12406613  0.7217084  -2.83160283 -1.670618    1.2885364
  0.96095414  2.4726468 ]","[ 0.00000000e+00 -6.54958888e-06  8.61610926e-02 -7.73704798e-04
  1.11341198e-01 -9.20922698e-05  1.05819570e-05  4.09197664e-01]","[ 0.         -0.02216369 16.51543617 -1.2087549  -4.28371859  0.6652385
  0.33721998  0.62776548]"
1747093065.4669704,"[ 0.          0.12406567  0.72188936 -2.83160656 -1.67040015  1.2885364
  0.96095414  2.47342578]","[ 0.00000000e+00 -1.63586842e-05  8.85919761e-02 -9.40578238e-04
  1.10199767e-01 -9.08531782e-05  0.00000000e+00  3.90560963e-01]","[ 0.         -0.09771243 16.42048836 -1.27470315 -4.24996185  0.65726465
  0.35322642  0.64488763]"
1747093065.4686937,"[ 0.          0.12406567  0.72206659 -2.83161002 -1.67018443  1.2885364
  0.96095414  2.47420582]","[ 0.00000000e+00 -1.61480037e-05  9.02125596e-02 -1.15919210e-03
  1.09119380e-01 -8.96469941e-05 -1.05819570e-05  3.77056073e-01]","[ 0.         -0.15048692 16.32161522 -1.31427634 -4.18879271  0.66672719
  0.37924048  0.6702649 ]"
1747093065.470457,"[ 0.          0.12406567  0.7221644  -2.83161242 -1.67007045  1.28853534
  0.96095414  2.47457227]","[ 0.00000000e+00 -1.61629000e-05  9.20320229e-02 -1.31198941e-03
  1.07227937e-01 -1.03884202e-04 -1.05899522e-05  3.71654117e-01]","[ 0.         -0.18256795 16.26006508 -1.34703374 -4.16231823  0.67133701
  0.38262954  0.73365712]"
1747093065.4717596,"[ 0.          0.12406522  0.72234856 -2.83161748 -1.66986006  1.28853534
  0.96095414  2.47531795]","[ 0.00000000e+00 -2.23604468e-05  9.37238210e-02 -1.77928783e-03
  1.06418402e-01 -1.02523095e-04 -1.05819570e-05  3.61518492e-01]","[ 0.         -0.22799183 16.15476418 -1.39459801 -4.12044764  0.66754049
  0.39566183  0.72064042]"
1747093065.4735103,"[ 0.          0.12406522  0.72244037 -2.83162014 -1.6697546   1.28853441
  0.96095414  2.47567189]","[ 0.00000000e+00 -2.20990884e-05  9.30892147e-02 -2.03564999e-03
  1.06958600e-01 -1.13244684e-04 -1.05819570e-05  3.58959560e-01]","[ 0.         -0.27489755 16.10842896 -1.40520203 -4.10225105  0.65292579
  0.40375188  0.7635054 ]"
1747093065.4753027,"[ 0.          0.12406476  0.72263465 -2.83162627 -1.66954048  1.28853441
  0.96095414  2.47637017]","[ 0.00000000e+00 -2.84131119e-05  9.56145072e-02 -2.55669576e-03
  1.04797819e-01 -1.11668788e-04 -1.05820616e-05  3.55178171e-01]","[ 0.         -0.34292322 15.9810915  -1.45262825 -4.10857201  0.61830473
  0.41392937  0.75818998]"
1747093065.477099,"[ 0.          0.12406476  0.72281967 -2.83163346 -1.66933968  1.28853441
  0.96095414  2.47709135]","[ 0.00000000e+00 -2.80598578e-05  9.31836320e-02 -3.07169676e-03
  9.98348103e-02 -1.10244434e-04 -1.05819570e-05  3.52207115e-01]","[ 0.         -0.42326474 15.86787796 -1.4998883  -4.09636593  0.6181227
  0.44808194  0.69689685]"
1747093065.479327,"[ 0.          0.12406429  0.72300609 -2.83164225 -1.66913834  1.28853348
  0.96095507  2.47777818]","[ 0.00000000e+00 -3.11772550e-05  9.02766419e-02 -3.97387873e-03
  9.83154852e-02 -1.20822420e-04 -1.05899522e-05  3.47345348e-01]","[ 0.         -0.49441355 15.72502899 -1.55337858 -4.04016924  0.63723713
  0.43665317  0.64292437]"
1747093065.4816406,"[ 0.          0.12406383  0.72325543 -2.83165823 -1.668839    1.28853348
  0.96095507  2.47882081]","[ 0.00000000e+00 -3.65367122e-05  7.94936025e-02 -5.26663408e-03
  9.97119553e-02 -1.19226743e-04 -1.05899522e-05  3.42483615e-01]","[ 0.         -0.55605239 15.58871365 -1.6344099  -4.09837103  0.63773382
  0.45838267  0.68864167]"
1747093065.4828207,"[ 0.          0.12406383  0.72333073 -2.83166435 -1.66873887  1.28853348
  0.96095507  2.47916036]","[ 0.00000000e+00 -3.65689086e-05  7.64375836e-02 -5.76013188e-03
  1.01556652e-01 -1.19339534e-04 -1.05900569e-05  3.44374293e-01]","[ 0.         -0.6015867  15.55537891 -1.65333021 -4.16078091  0.62998319
  0.47051072  0.69231278]"
1747093065.4846225,"[ 0.          0.12406338  0.72347175 -2.83167847 -1.668537    1.28853348
  0.96095507  2.47986051]","[ 0.00000000e+00 -3.61605066e-05  6.98843680e-02 -6.89196962e-03
  1.02096849e-01 -1.17891147e-04 -1.05819570e-05  3.40247824e-01]","[ 0.         -0.64741164 15.5652771  -1.69473064 -4.31121683  0.6319055
  0.50078261  0.70318389]"
1747093065.4863915,"[ 0.          0.12406338  0.72354292 -2.83168539 -1.66843474  1.28853348
  0.96095507  2.48019527]","[ 0.00000000e+00 -3.57311402e-05  6.70182865e-02 -7.01897483e-03
  1.03717433e-01 -1.17894057e-04 -1.05819570e-05  3.39512526e-01]","[ 0.         -0.66666102 15.59437275 -1.72449613 -4.39589643  0.63391721
  0.50261176  0.64886796]"
1747093065.488132,"[ 0.          0.12406246  0.72367195 -2.8317019  -1.66822701  1.28853348
  0.96095507  2.48088209]","[ 0.00000000e+00 -5.00671684e-05  6.48233924e-02 -8.06230408e-03
  1.00374458e-01 -1.16480333e-04 -1.05899522e-05  3.35026664e-01]","[ 0.         -0.73985648 15.64458179 -1.80216837 -4.53407049  0.68497759
  0.48823127  0.62776273]"
1747093065.489339,"[ 0.          0.12406246  0.7237344  -2.83170989 -1.66812901  1.28853348
  0.96095507  2.48121046]","[ 0.00000000e+00 -4.94859836e-05  6.32028089e-02 -8.18834286e-03
  9.93958714e-02 -1.15101509e-04 -1.05819570e-05  3.32692769e-01]","[ 0.         -0.74293405 15.72498894 -1.81101346 -4.57361507  0.68971413
  0.48419464  0.65050006]"
1747093065.4911516,"[ 0.          0.12406246  0.72385424 -2.83172853 -1.66792874  1.28853348
  0.96095507  2.48184776]","[ 0.00000000e+00 -4.95265877e-05  5.66736701e-02 -9.10260138e-03
  9.72981660e-02 -1.13652448e-04 -1.05899522e-05  3.19255224e-01]","[ 0.         -0.81021851 15.85081482 -1.86271679 -4.6923151   0.71039486
  0.48755184  0.60827971]"
1747093065.4928632,"[ 0.          0.124062    0.72395937 -2.83174877 -1.66774072  1.28853348
  0.96095507  2.48247174]","[ 0.00000000e+00 -5.41843563e-05  5.26156451e-02 -1.08038994e-02
  9.50743100e-02 -1.13651107e-04 -1.05819570e-05  2.98997889e-01]","[ 0.         -0.87512362 16.03837204 -1.87314582 -4.78862667  0.71319705
  0.46573445  0.58553439]"
1747093065.4941125,"[ 0.          0.12406154  0.72401084 -2.83176076 -1.66764165  1.28853348
  0.96095507  2.48275829]","[ 0.00000000e+00 -5.98399123e-05  5.21288109e-02 -1.21543863e-02
  9.32858641e-02 -1.12338064e-04 -1.05818513e-05  2.90624878e-01]","[ 0.         -0.91728121 16.13547516 -1.90928853 -4.8514924   0.70856351
  0.45284817  0.60085976]"
1747093065.495783,"[ 0.          0.12406108  0.72411503 -2.83178819 -1.66746481  1.28853254
  0.96095507  2.48330903]","[ 0.00000000e+00 -6.13933809e-05  5.02381288e-02 -1.43151660e-02
  8.74229150e-02 -1.23394466e-04 -1.05899522e-05  2.75759945e-01]","[ 0.         -0.93992442 16.30945396 -1.91873276 -4.90196848  0.68911076
  0.4354513   0.52100986]"
1747093065.4974418,"[ 0.          0.12406062  0.7242147  -2.83182148 -1.66729916  1.28853254
  0.96095507  2.48385685]","[ 0.00000000e+00 -6.13445276e-05  4.83983131e-02 -1.78264326e-02
  8.31900202e-02 -1.22002451e-04 -1.05820616e-05  2.64155337e-01]","[ 0.         -0.96430361 16.53183937 -1.92930174 -4.85881424  0.67690653
  0.43253669  0.48625824]"
1747093065.499142,"[ 0.          0.12406062  0.72426244 -2.83184252 -1.66721501  1.28853254
  0.96095507  2.48411278]","[ 0.00000000e+00 -6.13445276e-05  4.82984612e-02 -1.98107082e-02
  7.92428326e-02 -1.09705462e-04 -1.05820616e-05  2.59563681e-01]","[ 0.         -0.98778427 16.62785721 -1.90998399 -4.78028154  0.66753274
  0.41822094  0.48198339]"
1747093065.50031,"[ 0.          0.12406016  0.72436211 -2.83188566 -1.66706853  1.28853161
  0.96095414  2.48462756]","[ 0.00000000e+00 -6.55675129e-05  5.18587164e-02 -2.29582858e-02
  7.23861249e-02 -1.17521646e-04 -1.85184257e-05  2.49013085e-01]","[ 0.         -1.01248193 16.71150398 -1.88050556 -4.61264944  0.65168881
  0.39187264  0.4644489 ]"
1747093065.5020657,"[ 0.          0.12406016  0.7244167  -2.8319091  -1.66699823  1.28853161
  0.96095414  2.48487098]","[ 0.00000000e+00 -7.10307357e-05  5.53699820e-02 -2.37444946e-02
  7.13057304e-02 -1.16224973e-04 -1.85186086e-05  2.46869091e-01]","[ 0.         -1.07319713 16.76057053 -1.89457583 -4.54126596  0.64619231
  0.37670153  0.42241526]"
1747093065.5043871,"[ 0.          0.12405925  0.72453428 -2.8319581  -1.66685761  1.28853068
  0.96095414  2.48537991]","[ 0.00000000e+00 -7.76556740e-05  5.82819447e-02 -2.37685775e-02
  6.75243704e-02 -1.23798045e-04 -1.85324169e-05  2.49765378e-01]","[ 0.         -1.00549304 16.73496819 -1.84876418 -4.33838701  0.59610695
  0.36424842  0.39217255]"
1747093065.5061035,"[ 0.          0.12405878  0.72464999 -2.83200364 -1.66673138  1.28852961
  0.96095414  2.48588617]","[ 0.00000000e+00 -8.21963279e-05  5.86111530e-02 -2.24180906e-02
  6.31387724e-02 -1.34124621e-04 -1.85186086e-05  2.59563681e-01]","[ 0.         -1.00305462 16.62637329 -1.81483603 -4.16085339  0.5801779
  0.36681551  0.35977831]"
1747093065.5078633,"[ 0.          0.12405832  0.72477629 -2.83204625 -1.66660301  1.28852775
  0.96095414  2.48643106]","[ 0.00000000e+00 -8.74331602e-05  6.23925172e-02 -1.98107082e-02
  6.31936502e-02 -1.55640976e-04 -1.85184257e-05  2.66817649e-01]","[ 0.         -0.93356735 16.54587936 -1.74423075 -3.8803494   0.49470472
  0.36536807  0.31394416]"
1747093065.5096674,"[ 0.          0.12405832  0.72483961 -2.83206463 -1.6665407   1.28852682
  0.96095414  2.48669657]","[ 0.00000000e+00 -8.74993247e-05  6.42831993e-02 -1.86178429e-02
  6.32028089e-02 -1.62551330e-04 -1.85324169e-05  2.69014341e-01]","[ 0.         -0.94822317 16.44607162 -1.73069835 -3.75566006  0.49188283
  0.36468095  0.27310404]"
1747093065.5113816,"[ 0.          0.12405832  0.72497051 -2.83209791 -1.66640328  1.28852495
  0.96095414  2.48722921]","[ 0.00000000e+00 -8.74331602e-05  6.36352689e-02 -1.64759457e-02
  6.26921145e-02 -1.78741265e-04 -1.85186086e-05  2.70097482e-01]","[ 0.         -0.96152252 16.35891914 -1.6946795  -3.56536722  0.43085775
  0.33939257  0.30647895]"
1747093065.5132606,"[ 0.          0.12405787  0.72509448 -2.83212854 -1.66627811  1.28852402
  0.96095414  2.48778954]","[ 0.00000000e+00 -9.01508150e-05  6.32028089e-02 -1.43151660e-02
  6.42831993e-02 -1.87818867e-04 -1.85325998e-05  2.74959232e-01]","[ 0.         -0.96416521 16.23790169 -1.67097449 -3.41693091  0.38438049
  0.3463476   0.27521423]"
1747093065.514447,"[ 0.          0.12405741  0.72522397 -2.83215704 -1.66614016  1.28852202
  0.96095414  2.48834321]","[ 0.00000000e+00 -8.99475262e-05  6.31936502e-02 -1.40308382e-02
  6.86459191e-02 -2.02532019e-04 -1.85464284e-05  2.84682733e-01]","[ 0.         -0.95542085 16.126688   -1.62511396 -3.33216763  0.37494874
  0.35356286  0.29386187]"
1747093065.5162158,"[ 0.          0.12405695  0.72528369 -2.83217355 -1.66607145  1.28852202
  0.96095414  2.4886516 ]","[ 0.00000000e+00 -9.52385514e-05  6.05018351e-02 -1.55476447e-02
  6.96851469e-02 -2.00527155e-04 -1.85604623e-05  2.90116713e-01]","[ 0.         -0.96072763 16.07218552 -1.61194515 -3.35892773  0.37179351
  0.3511408   0.27285814]"
1747093065.5197217,"[ 0.          0.12405649  0.72539481 -2.83220604 -1.6659335   1.28852109
  0.96095414  2.48923643]","[ 0.00000000e+00 -1.05899518e-04  5.50440568e-02 -1.70161409e-02
  7.13057304e-02 -2.06662260e-04 -1.85602774e-05  2.99808189e-01]","[ 0.         -0.95907331 15.97616577 -1.57782578 -3.40774632  0.37583467
  0.34901991  0.23469414]"
1747093065.5220156,"[ 0.          0.12405603  0.72555187 -2.8322649  -1.66571192  1.28852109
  0.96095314  2.49018798]","[ 0.00000000e+00 -1.08548083e-04  5.07783261e-02 -2.07975050e-02
  7.45469056e-02 -2.06504069e-04 -2.91664395e-05  3.21415980e-01]","[ 0.         -0.95243877 15.97393703 -1.54843068 -3.58476186  0.40079817
  0.33259124  0.2882368 ]"
1747093065.5238135,"[ 0.          0.12405603  0.72564781 -2.8323091  -1.66556012  1.28852109
  0.96095314  2.49083859]","[ 0.00000000e+00 -1.08465062e-04  4.81261630e-02 -2.29582858e-02
  7.47289993e-02 -2.06506101e-04 -2.91443860e-05  3.30869403e-01]","[ 0.         -0.92527515 15.99617386 -1.56146085 -3.80086589  0.44077727
  0.33712417  0.31298268]"
1747093065.5249257,"[ 0.          0.12405603  0.72574009 -2.83235757 -1.66540779  1.28852109
  0.96095314  2.49152542]","[ 0.00000000e+00 -1.08547010e-04  4.42959881e-02 -2.40737716e-02
  7.77880725e-02 -1.98563561e-04 -2.91661490e-05  3.37621848e-01]","[ 0.         -0.90555447 16.07251167 -1.53849649 -4.08158588  0.48632565
  0.33067864  0.31541932]"
1747093065.5266788,"[ 0.          0.12405557  0.72582918 -2.83240578 -1.66533109  1.28852109
  0.96095314  2.49218375]","[ 0.00000000e+00 -1.13757160e-04  4.56464729e-02 -2.40386761e-02
  7.77092596e-02 -1.98561611e-04 -2.91443860e-05  3.34920870e-01]","[ 0.         -0.8777371  16.06821251 -1.51455605 -4.20448112  0.52651709
  0.3318522   0.27702138]"
1747093065.5284038,"[ 0.          0.12405557  0.72587924 -2.83243081 -1.66525599  1.28852109
  0.96095314  2.49254035]","[ 0.00000000e+00 -1.13843115e-04  4.71444719e-02 -2.53891630e-02
  7.61674891e-02 -1.98563561e-04 -2.91664395e-05  3.35463089e-01]","[ 0.         -0.85092026 16.0837307  -1.54626107 -4.36407804  0.56540531
  0.32720405  0.30659804]"
1747093065.5301454,"[ 0.          0.12405557  0.72597478 -2.83248114 -1.66510419  1.28852109
  0.96095314  2.49319975]","[ 0.00000000e+00 -1.13841985e-04  4.85682852e-02 -2.51190644e-02
  7.40067084e-02 -1.90617234e-04 -2.91664395e-05  3.33030192e-01]","[ 0.         -0.8217144  16.13165855 -1.53853106 -4.59041929  0.58203274
  0.3440305   0.32814854]"
1747093065.53184,"[ 0.          0.12405511  0.72607026 -2.83253254 -1.66495825  1.28852109
  0.96095314  2.4938429 ]","[ 0.00000000e+00 -1.19047015e-04  4.58906265e-02 -2.69823804e-02
  7.02151659e-02 -1.90619136e-04 -2.91664395e-05  3.23306691e-01]","[ 0.         -0.83911759 16.14552116 -1.62036753 -4.70049906  0.62825853
  0.36357865  0.33006585]"
1747093065.5329573,"[ 0.          0.12405511  0.72611527 -2.8325621  -1.66489273  1.28852109
  0.96095314  2.49418805]","[ 0.00000000e+00 -1.19047015e-04  4.56464729e-02 -2.78352994e-02
  6.64439800e-02 -1.90619136e-04 -2.91664395e-05  3.24690203e-01]","[ 0.         -0.83911759 16.17002106 -1.66116416 -4.73186255  0.63439566
  0.37882677  0.34497443]"
1747093065.5347283,"[ 0.          0.12405465  0.72620575 -2.83262123 -1.66476756  1.28852109
  0.96095314  2.4948834 ]","[ 0.00000000e+00 -1.24430700e-04  4.61866702e-02 -3.07911127e-02
  6.32028089e-02 -1.90621022e-04 -2.91885255e-05  3.28978725e-01]","[ 0.         -0.81149715 16.14577103 -1.68341053 -4.73504591  0.62675744
  0.38846031  0.27059093]"
1747093065.5363758,"[ 0.          0.1240542   0.72630075 -2.83269526 -1.66463867  1.28852109
  0.96095314  2.49556277]","[ 0.00000000e+00 -1.26983484e-04  4.64567646e-02 -3.48799513e-02
  6.32028089e-02 -1.80029186e-04 -2.91664395e-05  3.32620698e-01]","[ 0.         -0.79996485 16.1433754  -1.73262334 -4.66325712  0.6184665
  0.40543923  0.20916069]"
1747093065.538062,"[ 0.          0.12405373  0.72634576 -2.83272376 -1.66457848  1.28852109
  0.96095314  2.49589274]","[ 0.00000000e+00 -1.32274460e-04  4.56464729e-02 -3.41267324e-02
  6.10420282e-02 -1.80029186e-04 -2.91664395e-05  3.34311705e-01]","[ 0.         -0.81555516 16.10353851 -1.74715471 -4.57960129  0.59785944
  0.39739797  0.21856897]"
1747093065.5392475,"[ 0.          0.12405327  0.72642985 -2.8327906  -1.66445438  1.28852016
  0.96095314  2.49658729]","[ 0.00000000e+00 -1.37669385e-04  4.15950101e-02 -3.34920866e-02
  6.06859677e-02 -1.90619136e-04 -2.91664395e-05  3.41403204e-01]","[ 0.         -0.78154027 16.07831383 -1.74234533 -4.41044188  0.55556369
  0.42688161  0.22873779]"
1747093065.540987,"[ 0.          0.12405327  0.72647113 -2.83282975 -1.66439206  1.28852016
  0.96095414  2.49692418]","[ 0.00000000e+00 -1.37565437e-04  3.88325464e-02 -3.22475019e-02
  6.31387724e-02 -1.90475217e-04 -1.85604623e-05  3.41673315e-01]","[ 0.         -0.77641553 16.07119179 -1.78717661 -4.33591604  0.53299725
  0.44788566  0.2082248 ]"
1747093065.5426211,"[ 0.          0.12405236  0.7265437  -2.83289074 -1.66426582  1.28851923
  0.96095414  2.49759476]","[ 0.00000000e+00 -1.45611844e-04  3.61930625e-02 -3.07911127e-02
  6.37430062e-02 -1.98561611e-04 -1.06060839e-05  3.37279765e-01]","[ 0.         -0.79258353 16.08334923 -1.82907236 -4.19349194  0.52010977
  0.45080134  0.18268879]"
1747093065.5443754,"[ 0.          0.1240519   0.72661807 -2.83295652 -1.66413799  1.28851923
  0.96095414  2.4982712 ]","[ 0.00000000e+00 -1.50792882e-04  3.63614283e-02 -3.26817948e-02
  6.15822255e-02 -1.98411694e-04 -1.06058726e-05  3.28168425e-01]","[ 0.         -0.78653979 16.02071381 -1.88554835 -4.00626898  0.46754465
  0.44923499  0.17034869]"
1747093065.5460722,"[ 0.          0.1240519   0.72665529 -2.83298954 -1.66407674  1.2885183
  0.96095414  2.49859158]","[ 0.00000000e+00 -1.50906827e-04  3.78136459e-02 -3.34920866e-02
  6.20594764e-02 -2.06504069e-04 -1.06059783e-05  3.24927258e-01]","[ 0.         -0.81011403 15.99080086 -1.90486169 -3.92967343  0.45753658
  0.44252729  0.16153441]"
1747093065.5478683,"[ 0.          0.12405144  0.72674117 -2.83306198 -1.66394731  1.28851736
  0.96095414  2.49924805]","[ 0.00000000e+00 -1.56203338e-04  3.94867353e-02 -3.58598885e-02
  6.36951900e-02 -2.16930124e-04 -1.06059783e-05  3.20431143e-01]","[ 0.         -0.77957469 15.94087124 -1.94665158 -3.87228394  0.43357325
  0.47342947  0.16471535]"
1747093065.549482,"[ 0.          0.12405098  0.72681142 -2.83313468 -1.66382427  1.2885163
  0.96095414  2.49986457]","[ 0.00000000e+00 -1.58849285e-04  3.83538432e-02 -3.72734528e-02
  6.21224186e-02 -2.27686229e-04 -1.06059783e-05  3.08721423e-01]","[ 0.         -0.78141642 15.83727646 -1.94205821 -3.82454944  0.43526682
  0.51056594  0.18586713]"
1747093065.5513191,"[ 0.          0.12405052  0.72685363 -2.8331717  -1.66376408  1.2885163
  0.96095414  2.49986457]","[ 0.00000000e+00 -1.64144252e-04  3.69753452e-02 -3.75435473e-02
  6.10420282e-02 -2.27512077e-04 -1.06059783e-05  3.08721423e-01]","[ 0.         -0.7812165  15.82715702 -1.93056333 -3.79847503  0.43274024
  0.50510931  0.18586713]"
1747093065.5531292,"[ 0.          0.12405006  0.72693219 -2.83325186 -1.66363519  1.28851537
  0.96095414  2.5004763 ]","[ 0.00000000e+00 -1.69312986e-04  3.91641349e-02 -3.98346773e-02
  6.31342034e-02 -2.38094030e-04 -1.06059783e-05  2.95656022e-01]","[ 0.         -0.77909738 15.826478   -1.92517173 -3.77219415  0.42260656
  0.51329309  0.17115928]"
1747093065.5548446,"[ 0.          0.12405006  0.72701481 -2.83333708 -1.66350469  1.28851443
  0.96095414  2.50104222]","[ 0.00000000e+00 -1.64144252e-04  4.32155977e-02 -4.45660825e-02
  6.64439800e-02 -2.38096387e-04  0.00000000e+00  2.85782884e-01]","[ 0.         -0.74299729 15.77903748 -1.88135791 -3.77619839  0.42725384
  0.50820601  0.19079602]"
1747093065.5566325,"[ 0.          0.1240496   0.72710803 -2.83343642 -1.66336514  1.2885135
  0.96095414  2.50162173]","[ 0.00000000e+00 -1.69311312e-04  4.61866702e-02 -5.21288109e-02
  6.87105590e-02 -2.46030507e-04  0.00000000e+00  2.81981755e-01]","[ 0.         -0.76358443 15.71425438 -1.7847569  -3.86206245  0.42910326
  0.4819921   0.18445936]"
1747093065.558337,"[ 0.          0.12404914  0.72719711 -2.8335512  -1.66322293  1.2885135
  0.96095414  2.50216288]","[ 0.00000000e+00 -1.76465664e-04  4.51062798e-02 -5.69905654e-02
  7.28524278e-02 -2.46030507e-04  0.00000000e+00  2.71177859e-01]","[ 0.         -0.74111396 15.57745743 -1.7280302  -3.98571157  0.41747752
  0.48234093  0.18838508]"
1747093065.560637,"[ 0.          0.12404914  0.72724351 -2.83361086 -1.66314996  1.2885135
  0.96095414  2.50244438]","[ 0.00000000e+00 -1.72827321e-04  4.36337140e-02 -6.04405325e-02
  7.40067084e-02 -2.46030507e-04  0.00000000e+00  2.65062259e-01]","[ 0.         -0.72839683 15.55774593 -1.71575963 -4.05393028  0.45544019
  0.48467198  0.20841272]"
1747093065.561847,"[ 0.          0.12404914  0.72728666 -2.83374162 -1.66300029  1.2885135
  0.96095414  2.5029573 ]","[ 0.00000000e+00 -1.71116504e-04  4.37114575e-02 -6.83346621e-02
  7.29263222e-02 -2.38273920e-04  0.00000000e+00  2.59300677e-01]","[ 0.         -0.68446463 15.53334904 -1.59408462 -4.19497252  0.4736411
  0.49023387  0.20094176]"
1747093065.563612,"[ 0.          0.12404914  0.72737621 -2.83382071 -1.66285701  1.2885135
  0.96095414  2.50348701]","[ 0.00000000e+00 -1.69439236e-04  4.36748390e-02 -7.44782294e-02
  7.29263222e-02 -2.38094030e-04  0.00000000e+00  2.57789982e-01]","[ 0.         -0.63944852 15.42895603 -1.53083336 -4.32072687  0.51906562
  0.44980958  0.17487258]"
1747093065.5647953,"[ 0.          0.12404914  0.72741848 -2.83389821 -1.66278617  1.2885135
  0.96095414  2.5037448 ]","[ 0.00000000e+00 -1.69439236e-04  4.29019855e-02 -7.85187274e-02
  7.18459277e-02 -2.27512077e-04  0.00000000e+00  2.61454359e-01]","[ 0.         -0.62278825 15.42966747 -1.51052916 -4.39332914  0.51208079
  0.43778303  0.17593013]"
1747093065.5665786,"[ 0.          0.12404914  0.72749651 -2.83406679 -1.66264502  1.28851257
  0.96095414  2.50425772]","[ 0.00000000e+00 -1.69440910e-04  3.83538432e-02 -8.37566660e-02
  6.79956001e-02 -2.38094030e-04  0.00000000e+00  2.58753381e-01]","[ 0.         -0.51791048 15.36534405 -1.39182627 -4.4711113   0.50774801
  0.42690033  0.16068019]"
1747093065.5691779,"[ 0.          0.12404868  0.72753233 -2.83415254 -1.66257898  1.28851257
  0.96095414  2.50453176]","[ 0.00000000e+00 -1.69439236e-04  3.36029739e-02 -8.69713844e-02
  6.69841731e-02 -2.38096387e-04  0.00000000e+00  2.57798005e-01]","[ 0.         -0.50823641 15.29204655 -1.34795594 -4.51556158  0.52264279
  0.4127844   0.14362921]"
1747093065.5702498,"[ 0.          0.12404868  0.72758699 -2.83432991 -1.66244316  1.28851164
  0.96095414  2.50504069]","[ 0.00000000e+00 -1.69439236e-04  2.59293582e-02 -8.99424568e-02
  6.62028724e-02 -2.46030507e-04  0.00000000e+00  2.58753381e-01]","[ 0.         -0.45089459 15.29072189 -1.22188711 -4.60410881  0.49519941
  0.40441719  0.14921527]"
1747093065.572093,"[ 0.          0.12404868  0.72763014 -2.8345158  -1.66231639  1.28851071
  0.96095314  2.50555149]","[ 0.00000000e+00 -1.69440910e-04  1.95599403e-02 -9.12004509e-02
  6.32028089e-02 -2.43385014e-04 -1.06059783e-05  2.58483286e-01]","[ 0.         -0.41395387 15.32421303 -1.09632123 -4.62787533  0.49968296
  0.3882049   0.13965945]"
1747093065.5732036,"[ 0.          0.12404868  0.72764618 -2.83460715 -1.6622562   1.28851071
  0.96095314  2.50583005]","[ 0.00000000e+00 -1.64144252e-04  1.62058481e-02 -9.26434348e-02
  6.09801805e-02 -2.43387420e-04 -1.06059783e-05  2.62303807e-01]","[ 0.         -0.36979899 15.34990597 -1.0573051  -4.6028347   0.48633629
  0.38024002  0.14502847]"
1747093065.5750008,"[ 0.          0.12404868  0.72767242 -2.83480049 -1.6621305   1.28850871
  0.96095314  2.50635044]","[ 0.00000000e+00 -1.64144252e-04  1.26945815e-02 -9.45397053e-02
  6.10420282e-02 -2.54161373e-04 -1.06059783e-05  2.63887689e-01]","[ 0.         -0.32468775 15.43489552 -0.9849239  -4.58996534  0.4411481
  0.36969578  0.10252216]"
1747093065.57678,"[ 0.          0.12404868  0.72769306 -2.83499623 -1.66201066  1.28850778
  0.96095314  2.50688626]","[ 0.00000000e+00 -1.58849285e-04  9.71365745e-03 -1.00746360e-01
  6.05018351e-02 -2.64548920e-04 -1.06059783e-05  2.60644059e-01]","[ 0.         -0.26263919 15.5221138  -0.95280659 -4.56607676  0.42386636
  0.37051791  0.11890289]"
1747093065.5785668,"[ 0.          0.12404868  0.72770224 -2.83509584 -1.66194941  1.28850684
  0.96095314  2.50714113]","[ 0.00000000e+00 -1.58849285e-04  9.18331389e-03 -1.01016455e-01
  5.76767455e-02 -2.75130873e-04 -1.06059783e-05  2.58483286e-01]","[ 0.         -0.23999956 15.53591442 -0.94474983 -4.54650211  0.42932391
  0.36727875  0.12853499]"
1747093065.5797415,"[ 0.          0.12404868  0.72771922 -2.83530569 -1.66183862  1.28850498
  0.96095314  2.50765965]","[ 0.00000000e+00 -1.56201794e-04  8.91321630e-03 -1.02815071e-01
  5.61802737e-02 -2.83070162e-04 -1.85604623e-05  2.51019228e-01]","[ 0.         -0.18520854 15.62471294 -0.91097438 -4.53338099  0.41478175
  0.34420186  0.11687557]"
1747093065.5815275,"[ 0.          0.12404868  0.72773527 -2.83550543 -1.66172783  1.28850405
  0.96095314  2.50814674]","[ 0.00000000e+00 -1.51020918e-04  7.57040730e-03 -1.00206163e-01
  5.31629122e-02 -2.91003827e-04 -1.85604623e-05  2.43111254e-01]","[ 0.         -0.16481221 15.70186234 -0.8699497  -4.4672122   0.37312084
  0.33029705  0.15561   ]"
1747093065.5832033,"[ 0.          0.12404868  0.72774312 -2.8356045  -1.66167776  1.28850298
  0.96095314  2.50838056]","[ 0.00000000e+00 -1.50906827e-04  8.09471454e-03 -1.00374458e-01
  5.07783261e-02 -3.01588754e-04 -1.85462435e-05  2.37145590e-01]","[ 0.         -0.18120259 15.73116302 -0.87044483 -4.41605902  0.36378229
  0.32399815  0.19036591]"
1747093065.585011,"[ 0.          0.12404822  0.72775824 -2.83580983 -1.66158615  1.28850019
  0.96095221  2.50884023]","[ 0.00000000e+00 -1.56203338e-04  7.41211827e-03 -1.00714086e-01
  4.48361812e-02 -3.30686162e-04 -2.91664395e-05  2.19673173e-01]","[ 0.         -0.12003267 15.85128117 -0.82623494 -4.23964357  0.32107106
  0.31040397  0.18773651]"
1747093065.5867708,"[ 0.          0.12404822  0.72777109 -2.83601063 -1.66150146  1.28849832
  0.96095221  2.50924929]","[ 0.00000000e+00 -1.50906827e-04  6.48233955e-03 -1.02637038e-01
  3.99744266e-02 -3.48941137e-04 -2.91443860e-05  2.02843210e-01]","[ 0.         -0.07202134 15.99734497 -0.89421868 -4.07301664  0.29633969
  0.31613201  0.1762556 ]"
1747093065.5879908,"[ 0.          0.12404822  0.72777661 -2.83612248 -1.66146365  1.28849632
  0.96095221  2.5094405 ]","[ 0.00000000e+00 -1.45611844e-04  6.07719317e-03 -1.05322753e-01
  3.83538432e-02 -3.70372172e-04 -2.91443860e-05  1.93929992e-01]","[ 0.         -0.02905302 16.07076454 -0.88297671 -3.96519351  0.26128244
  0.31983161  0.16303867]"
1747093065.5897813,"[ 0.          0.12404822  0.72778766 -2.83633287 -1.66138535  1.2884926
  0.96095221  2.50981414]","[ 0.00000000e+00 -1.40316860e-04  5.45889507e-03 -1.06688505e-01
  3.81168052e-02 -4.37641891e-04 -2.91664395e-05  1.79344725e-01]","[ 0.00000000e+00 -2.26056413e-03  1.61270599e+01 -8.68642986e-01
 -3.83035922e+00  2.17618957e-01  3.18500429e-01  1.43905059e-01]"
1747093065.591589,"[ 0.          0.12404822  0.72779179 -2.83643993 -1.66134753  1.28849073
  0.96095221  2.50998539]","[ 0.00000000e+00 -1.40316860e-04  4.59165694e-03 -1.08469170e-01
  3.83149818e-02 -4.28360034e-04 -2.91003827e-05  1.73672674e-01]","[ 0.          0.01616513 16.1387043  -0.84907997 -3.79688954  0.21073855
  0.30003175  0.15418282]"
1747093065.5933666,"[ 0.          0.12404822  0.72779865 -2.83666444 -1.6612719   1.28848594
  0.96095221  2.5103308 ]","[ 0.00000000e+00 -1.37669385e-04  3.38096623e-03 -1.09335047e-01
  3.78136459e-02 -4.72369356e-04 -2.91664395e-05  1.65671823e-01]","[ 0.          0.09316382 16.21796989 -0.81852132 -3.74837351  0.17397772
  0.30785763  0.1364442 ]"
1747093065.5951328,"[ 0.          0.12404822  0.72780324 -2.83688015 -1.66119413  1.28848301
  0.96095128  2.5106581 ]","[ 0.00000000e+00 -1.32374402e-04  2.29582847e-03 -1.09929672e-01
  3.81168052e-02 -5.49239979e-04 -3.70372172e-05  1.65029551e-01]","[ 0.          0.15416339 16.28416252 -0.79565084 -3.72013974  0.17906025
  0.28494358  0.14211802]"
1747093065.596925,"[ 0.          0.12404822  0.72780604 -2.83709933 -1.66111477  1.28848114
  0.96095128  2.5109854 ]","[ 0.00000000e+00 -1.27080686e-04  1.29973691e-03 -1.06325824e-01
  4.10548170e-02 -6.90759358e-04 -3.70648338e-05  1.58736435e-01]","[ 0.          0.20595811 16.33258629 -0.7595979  -3.75194144  0.19030339
  0.26600325  0.14850906]"
1747093065.5992002,"[ 0.          0.12404822  0.72780737 -2.83730919 -1.66102263  1.28848114
  0.96095128  2.51130205]","[ 0.00000000e+00 -1.24433170e-04  6.75243714e-04 -1.05770938e-01
  4.61413964e-02 -7.29769532e-04 -3.70368514e-05  1.60978101e-01]","[ 0.          0.24862149 16.34322929 -0.69428885 -3.89001107  0.18618181
  0.26776409  0.14208527]"
1747093065.60092,"[ 0.          0.12404822  0.72780784 -2.83751905 -1.66092835  1.28848021
  0.96095028  2.51163894]","[ 0.00000000e+00 -1.19136960e-04  2.60074325e-04 -1.02062761e-01
  4.80773522e-02 -7.37845490e-04 -3.70651995e-05  1.66109946e-01]","[ 0.          0.28033659 16.36209106 -0.67967606 -4.14439249  0.25088456
  0.25478905  0.09562362]"
1747093065.602668,"[ 0.          0.12404822  0.72780877 -2.83771505 -1.66083194  1.28848021
  0.96095028  2.51198036]","[ 0.00000000e+00 -1.19138138e-04  5.39921159e-04 -9.82158663e-02
  4.71444719e-02 -7.22427439e-04 -3.70368514e-05  1.75563352e-01]","[ 0.          0.35841209 16.42027855 -0.64783096 -4.32507372  0.27018726
  0.25591692  0.05837988]"
1747093065.6043663,"[ 0.          0.12404822  0.72781063 -2.83790707 -1.66074246  1.28848021
  0.96094935  2.5123524 ]","[ 0.00000000e+00 -1.08547010e-04  6.62313144e-04 -9.23733403e-02
  4.59165715e-02 -7.04376005e-04 -4.76547840e-05  1.84565586e-01]","[ 0.          0.32614827 16.46562195 -0.66473633 -4.51200247  0.32638001
  0.2413792   0.0292011 ]"
1747093065.6061149,"[ 0.          0.12404822  0.72781197 -2.83799575 -1.66069772  1.28848021
  0.96094935  2.51253696]","[ 0.00000000e+00 -1.08547010e-04  8.50850190e-04 -8.99424568e-02
  4.53763743e-02 -6.89981021e-04 -4.76547840e-05  1.87177547e-01]","[ 0.00000000e+00  3.38121831e-01  1.65295696e+01 -6.23579562e-01
 -4.57240629e+00  3.46786141e-01  2.39638805e-01 -1.03110336e-02]"
1747093065.6077712,"[ 0.          0.12404822  0.7278143  -2.83817019 -1.66060504  1.28848021
  0.96094935  2.51292418]","[ 0.00000000e+00 -1.05899518e-04  9.15700113e-04 -8.35058960e-02
  4.41352496e-02 -6.77194272e-04 -4.76188043e-05  1.88901545e-01]","[ 0.          0.32098359 16.52577019 -0.63311493 -4.65772152  0.38831899
  0.22304036 -0.06550099]"
1747093065.6100533,"[ 0.          0.12404822  0.72781656 -2.83833184 -1.66052248  1.28848021
  0.96094935  2.5132941 ]","[ 0.00000000e+00 -1.00605543e-04  1.02671303e-03 -8.15694367e-02
  4.05146197e-02 -6.76148838e-04 -4.76188043e-05  1.87177547e-01]","[ 0.          0.2528117  16.49928665 -0.6347301  -4.73705196  0.40006113
  0.2228345  -0.06352684]"
1747093065.611787,"[ 0.          0.12404822  0.72781796 -2.83848977 -1.66044685  1.28847928
  0.96094935  2.5136728 ]","[ 0.00000000e+00 -1.00604543e-04  1.00307390e-03 -7.96787588e-02
  3.56528652e-02 -6.77756942e-04 -4.76188043e-05  1.83735528e-01]","[ 0.          0.1990557  16.43671036 -0.70334935 -4.75134754  0.40414709
  0.24346441 -0.07274296]"
1747093065.613537,"[ 0.          0.12404822  0.72781842 -2.83857419 -1.66041276  1.28847928
  0.96094842  2.5138515 ]","[ 0.00000000e+00 -9.54538036e-05  9.73571722e-04 -7.94936025e-02
  3.45724769e-02 -6.64725658e-04 -5.82007654e-05  1.81051778e-01]","[ 0.          0.15534239 16.41123199 -0.73954469 -4.72340775  0.40930855
  0.24131534 -0.07511772]"
1747093065.615282,"[ 0.          0.12404776  0.72781889 -2.83873345 -1.66034512  1.28847928
  0.96094842  2.5142065 ]","[ 0.00000000e+00 -1.00756792e-04  7.67056518e-04 -8.09471475e-02
  3.45724769e-02 -6.53135771e-04 -5.81568575e-05  1.79614819e-01]","[ 0.          0.05165566 16.33281136 -0.80699587 -4.61854362  0.39347932
  0.25823551 -0.09191266]"
1747093065.6164103,"[ 0.          0.12404776  0.72781889 -2.83890149 -1.66027162  1.28847835
  0.96094842  2.51456895]","[ 0.00000000e+00 -9.01508150e-05  5.01536951e-04 -8.12489835e-02
  3.61563899e-02 -6.72566899e-04 -5.82007654e-05  1.76643747e-01]","[ 0.00000000e+00 -7.01146619e-03  1.62692165e+01 -8.56422126e-01
 -4.42401981e+00  3.54282409e-01  2.81663686e-01 -1.12583540e-01]"
1747093065.6181026,"[ 0.          0.12404776  0.72781889 -2.83898432 -1.66023486  1.28847835
  0.96094842  2.51474099]","[ 0.00000000e+00 -9.01508150e-05  3.54026078e-04 -8.40003119e-02
  3.72734528e-02 -6.65712250e-04 -5.82007654e-05  1.74482974e-01]","[ 0.         -0.05836964 16.15440178 -0.87053943 -4.3450141   0.33738071
  0.28859919 -0.1084438 ]"
1747093065.6198018,"[ 0.          0.12404731  0.72781889 -2.83915689 -1.66015603  1.28847635
  0.96094842  2.51508454]","[ 0.00000000e+00 -9.01508150e-05  1.47494522e-04 -8.94022679e-02
  3.88940363e-02 -6.98936875e-04 -5.82013384e-05  1.72687238e-01]","[ 0.         -0.14197482 16.05207825 -0.93829346 -4.19872141  0.30395213
  0.30322179 -0.1150382 ]"
1747093065.622897,"[ 0.          0.12404731  0.72781889 -2.83934757 -1.66007774  1.28847449
  0.96094842  2.51542223]","[ 0.00000000e+00 -8.74993247e-05  5.89978078e-05 -9.44383304e-02
  4.04735738e-02 -7.28604854e-04 -4.76188043e-05  1.61248196e-01]","[ 0.         -0.22417772 15.90122986 -0.99819601 -4.06281185  0.27359831
  0.34996912 -0.13286205]"
1747093065.6239922,"[ 0.          0.12404639  0.72781889 -2.83954598 -1.65998932  1.28847262
  0.96094935  2.51572849]","[ 0.00000000e+00 -9.54538036e-05  0.00000000e+00 -1.02096849e-01
  4.41352496e-02 -7.36649668e-04 -3.70368514e-05  1.52334978e-01]","[ 0.         -0.31475604 15.81852341 -1.04406106 -3.92132759  0.25550154
  0.34626111 -0.15753444]"
1747093065.6256971,"[ 0.          0.12404592  0.72781889 -2.83975743 -1.65989291  1.28846969
  0.96094935  2.51602251]","[ 0.00000000e+00 -1.00756792e-04  0.00000000e+00 -1.04257622e-01
  5.02381288e-02 -7.77513716e-04 -3.70372172e-05  1.40990877e-01]","[ 0.         -0.36036736 15.79697514 -1.0580132  -3.81551313  0.25406149
  0.34453836 -0.14660512]"
1747093065.6274235,"[ 0.          0.12404547  0.72781889 -2.83996702 -1.65978639  1.28846783
  0.96094935  2.5163032 ]","[ 0.00000000e+00 -1.00756792e-04  0.00000000e+00 -1.06580406e-01
  5.26118376e-02 -7.70761342e-04 -3.70368514e-05  1.36167277e-01]","[ 0.         -0.44798252 15.78496361 -1.08000267 -3.76729369  0.27297449
  0.35116786 -0.14051491]"
1747093065.6296997,"[ 0.          0.12404547  0.72781889 -2.84007195 -1.65973525  1.28846596
  0.96094935  2.5164353 ]","[ 0.00000000e+00 -1.00755793e-04  0.00000000e+00 -1.06418402e-01
  5.18587164e-02 -7.70761342e-04 -3.70368514e-05  1.33968346e-01]","[ 0.         -0.46332574 15.8071394  -1.0638541  -3.76312661  0.27510938
  0.35130087 -0.15292065]"
1747093065.630807,"[ 0.          0.12404501  0.72781889 -2.84029246 -1.65963246  1.2884641
  0.96094935  2.51669895]","[ 0.00000000e+00 -1.06059781e-04  0.00000000e+00 -1.08038994e-01
  5.23989095e-02 -7.72070621e-04 -3.70368514e-05  1.33023140e-01]","[ 0.         -0.51124799 15.84097672 -1.06252086 -3.76733756  0.2579073
  0.35066059 -0.12933277]"
1747093065.6325386,"[ 0.          0.12404409  0.72781889 -2.84050551 -1.6595222   1.2884621
  0.96094935  2.51697192]","[ 0.00000000e+00 -1.08711279e-04  0.00000000e+00 -1.07498797e-01
  5.39647609e-02 -7.34631881e-04 -3.70368514e-05  1.33158055e-01]","[ 0.         -0.59132659 15.84976768 -1.0963546  -3.83248925  0.24846777
  0.35521331 -0.10896733]"
1747093065.6343713,"[ 0.          0.12404409  0.72781889 -2.8406203  -1.65946894  1.28846117
  0.96094935  2.51710508]","[ 0.00000000e+00 -1.06060837e-04  0.00000000e+00 -1.07979531e-01
  5.40194971e-02 -7.10545618e-04 -3.70372172e-05  1.35048741e-01]","[ 0.         -0.60968453 15.8792057  -1.08610678 -3.8690598   0.25007224
  0.36042398 -0.11154683]"
1747093065.6360848,"[ 0.          0.12404317  0.72781889 -2.84082696 -1.65936348  1.28846117
  0.96094935  2.51737619]","[ 0.00000000e+00 -1.08711279e-04  0.00000000e+00 -1.03447330e-01
  5.06552298e-02 -6.02157302e-04 -3.70368514e-05  1.30901134e-01]","[ 0.         -0.66117704 15.88317013 -1.1019119  -3.94729948  0.26870981
  0.36442155 -0.11791813]"
1747093065.6377914,"[ 0.          0.12404225  0.72781936 -2.8410267  -1.65926973  1.28846117
  0.96094935  2.51762067]","[ 0.00000000e+00 -1.14014268e-04  2.20789347e-05 -1.00476258e-01
  4.69969619e-02 -5.17855282e-04 -3.70368514e-05  1.21420713e-01]","[ 0.         -0.71948498 15.91202354 -1.11310387 -4.04464674  0.29678854
  0.3500447  -0.09430543]"
1747093065.6390107,"[ 0.          0.1240418   0.72781889 -2.84113109 -1.65922339  1.28846024
  0.96094935  2.51773492]","[ 0.00000000e+00 -1.14014268e-04  0.00000000e+00 -9.83012373e-02
  4.69969619e-02 -5.17855282e-04 -3.70372172e-05  1.15871817e-01]","[ 0.         -0.74901491 15.92066097 -1.15835285 -4.07682276  0.31385562
  0.35180646 -0.08456195]"
1747093065.6407633,"[ 0.          0.12404087  0.72781889 -2.84132204 -1.65913178  1.28846024
  0.96094935  2.51795276]","[ 0.00000000e+00 -1.24620245e-04  0.00000000e+00 -9.68667505e-02
  4.41352496e-02 -4.83000934e-04 -3.70368514e-05  1.03447330e-01]","[ 0.         -0.85412675 15.91808033 -1.23659682 -4.13210869  0.33313644
  0.36043811 -0.10442612]"
1747093065.6426055,"[ 0.          0.1240395   0.72781936 -2.84152045 -1.65905189  1.28845931
  0.96094935  2.51813546]","[ 0.00000000e+00 -1.27271744e-04  1.89764938e-05 -9.64247990e-02
  3.94342335e-02 -4.83000934e-04 -4.76188043e-05  8.88620706e-02]","[ 0.         -0.95539165 15.95636177 -1.31471694 -4.16493034  0.33481619
  0.34848839 -0.08485333]"
1747093065.643739,"[ 0.          0.12403904  0.72781936 -2.84161685 -1.65901354  1.28845931
  0.96094935  2.51822201]","[ 0.00000000e+00 -1.32675113e-04  1.89764938e-05 -9.77752879e-02
  3.61106584e-02 -4.71906001e-04 -4.76188043e-05  8.14997534e-02]","[ 0.         -1.02266896 15.97107792 -1.34406614 -4.16787291  0.3257049
  0.35212427 -0.09870725]"
1747093065.6460636,"[ 0.          0.12403766  0.72781936 -2.84182564 -1.65894696  1.28845837
  0.96094935  2.51836662]","[ 0.00000000e+00 -1.40527813e-04  1.82840358e-05 -1.02313531e-01
  3.29185062e-02 -4.84600424e-04 -4.76192757e-05  7.04954387e-02]","[ 0.         -1.1219027  15.99719238 -1.38998604 -4.14400053  0.33664602
  0.37320161 -0.09587849]"
1747093065.6472154,"[ 0.          0.12403674  0.72781936 -2.84192818 -1.65891553  1.28845744
  0.96094935  2.51843107]","[ 0.00000000e+00 -1.45832208e-04  1.76854341e-05 -1.03882166e-01
  3.18715031e-02 -4.91256311e-04 -4.76188043e-05  6.53635897e-02]","[ 0.         -1.16055751 15.99293804 -1.42657292 -4.12927628  0.33527115
  0.38001639 -0.08570028]"
1747093065.6488447,"[ 0.          0.12403536  0.72781936 -2.84213697 -1.65885162  1.28845638
  0.96094935  2.5185597 ]","[ 0.00000000e+00 -1.56438185e-04  1.76860213e-05 -1.06958600e-01
  3.05937517e-02 -4.86827180e-04 -4.76188043e-05  6.18523200e-02]","[ 0.         -1.22127604 15.94393826 -1.49772251 -4.08293724  0.32941794
  0.37716657 -0.10431653]"
1747093065.6505804,"[ 0.          0.12403353  0.72781889 -2.84235242 -1.65879037  1.28845638
  0.96094935  2.51867768]","[ 0.00000000e+00 -1.69695653e-04  0.00000000e+00 -1.05071983e-01
  3.07911127e-02 -4.77278519e-04 -4.76192757e-05  5.88812517e-02]","[ 0.         -1.32994568 15.88287354 -1.57502162 -4.06783247  0.32977265
  0.38539222 -0.10362165]"
1747093065.6522708,"[ 0.          0.12403261  0.72781889 -2.84245708 -1.65876107  1.28845544
  0.96094935  2.5187384 ]","[ 0.00000000e+00 -1.77650140e-04  0.00000000e+00 -1.06148308e-01
  2.96806203e-02 -4.82964751e-04 -4.76192757e-05  5.71752099e-02]","[ 0.         -1.34094763 15.87237549 -1.61103749 -4.03399181  0.31923437
  0.40338832 -0.10714474]"
1747093065.6540124,"[ 0.          0.12403124  0.72781889 -2.84267333 -1.65870248  1.28845544
  0.96094935  2.5188649 ]","[ 0.00000000e+00 -1.85058747e-04  0.00000000e+00 -1.05824293e-01
  2.80616764e-02 -4.73853958e-04 -4.76188043e-05  6.64439800e-02]","[ 0.         -1.40942335 15.80261898 -1.66216338 -4.02039909  0.31869727
  0.41393903 -0.11587609]"
1747093065.6556425,"[ 0.          0.12403031  0.72781889 -2.84277799 -1.65867638  1.28845451
  0.96094935  2.51893627]","[ 0.00000000e+00 -2.00362869e-04  0.00000000e+00 -1.06148308e-01
  2.64695534e-02 -4.80083160e-04 -4.76188043e-05  7.23127798e-02]","[ 0.         -1.43579829 15.78327942 -1.67418981 -4.0215745   0.31735811
  0.41681728 -0.10041463]"
1747093065.6573346,"[ 0.          0.12402848  0.72781889 -2.84299264 -1.65862738  1.28845358
  0.96094935  2.51910192]","[ 0.00000000e+00 -2.55069552e-04  0.00000000e+00 -1.08579183e-01
  2.37685775e-02 -4.90308763e-04 -4.76192757e-05  8.41789351e-02]","[ 0.         -1.51559556 15.76882076 -1.7093544  -4.0022397   0.32091337
  0.4493984  -0.09281773]"
1747093065.6596198,"[ 0.          0.12402618  0.72781889 -2.84321581 -1.65858051  1.28845265
  0.96094935  2.51928834]","[ 0.00000000e+00 -3.93222887e-04  0.00000000e+00 -1.09585816e-01
  2.21255527e-02 -5.01509709e-04 -4.76188043e-05  9.93958714e-02]","[ 0.         -1.59079683 15.73346996 -1.76240408 -3.9640615   0.31127113
  0.45507467 -0.09442569]"
1747093065.6607716,"[ 0.          0.12402389  0.72781889 -2.8434278  -1.65853736  1.28845078
  0.96094935  2.51950912]","[ 0.00000000e+00 -6.46058238e-04  0.00000000e+00 -1.06958600e-01
  2.16077989e-02 -5.11475757e-04 -4.76547840e-05  1.10338126e-01]","[ 0.         -1.62976515 15.67370987 -1.82313406 -3.97149706  0.30389464
  0.4529095  -0.12290388]"
1747093065.6630454,"[ 0.          0.12402113  0.72781889 -2.84364698 -1.65848996  1.28844972
  0.96094935  2.51973149]","[ 0.00000000e+00 -8.92706682e-04  0.00000000e+00 -1.07768891e-01
  2.32283823e-02 -5.21103936e-04 -4.76192757e-05  1.12630650e-01]","[ 0.         -1.66032636 15.64135551 -1.84181142 -3.98024392  0.30437458
  0.46320775 -0.11822463]"
1747093065.6643186,"[ 0.          0.12401838  0.72781842 -2.84386589 -1.65843989  1.28844785
  0.96094935  2.51996265]","[ 0.00000000e+00 -1.01350236e-03 -1.15480823e-05 -1.11976886e-01
  2.59030865e-02 -5.38725987e-04 -4.76188043e-05  1.13598110e-01]","[ 0.         -1.71767235 15.60689163 -1.83664501 -4.04408264  0.29873177
  0.46391255 -0.11690375]"
1747093065.6660564,"[ 0.          0.124017    0.72781842 -2.84398174 -1.65841273  1.28844785
  0.96094935  2.5200761 ]","[ 0.00000000e+00 -1.07662357e-03 -1.15290857e-05 -1.17611685e-01
  2.55783827e-02 -5.30060115e-04 -4.76188043e-05  1.15061525e-01]","[ 0.         -1.71672881 15.57883835 -1.81741214 -4.08860636  0.29783055
  0.45819277 -0.10412653]"
1747093065.6677494,"[ 0.          0.12401378  0.72781842 -2.84423314 -1.65836213  1.28844692
  0.96094935  2.52030726]","[ 0.00000000e+00 -1.21726358e-03 -1.12881685e-05 -1.24785034e-01
  2.53891630e-02 -5.33845107e-04 -4.76547840e-05  1.17643185e-01]","[ 0.         -1.71913576 15.55216789 -1.81166744 -4.1305747   0.30718952
  0.47371161 -0.10729875]"
1747093065.6689863,"[ 0.          0.12401241  0.72781842 -2.84436284 -1.65833763  1.28844599
  0.96094935  2.52042231]","[ 0.00000000e+00 -1.26457682e-03 -1.12879287e-05 -1.31537471e-01
  2.48489678e-02 -5.46657376e-04 -4.76192757e-05  1.16682109e-01]","[ 0.         -1.72131288 15.56584835 -1.80958557 -4.15816736  0.30367997
  0.47655374 -0.08952084]"
1747093065.6706815,"[ 0.          0.12400966  0.72781796 -2.84463927 -1.65829182  1.28844599
  0.96094935  2.52066679]","[ 0.00000000e+00 -1.36889393e-03 -2.20789347e-05 -1.37671888e-01
  2.15457992e-02 -5.38148232e-04 -4.76192757e-05  1.20733576e-01]","[ 0.         -1.70203829 15.53529263 -1.72343254 -4.23880625  0.32189372
  0.45933104 -0.09445273]"
1747093065.6718526,"[ 0.          0.12400782  0.72781796 -2.84477882 -1.65827211  1.28844599
  0.96094935  2.52079036]","[ 0.00000000e+00 -1.44808565e-03 -2.21137684e-05 -1.41387672e-01
  1.99872133e-02 -5.29899910e-04 -4.76547840e-05  1.25325232e-01]","[ 0.         -1.69664526 15.502635   -1.68841493 -4.27494907  0.35828152
  0.45249283 -0.10349146]"
1747093065.673604,"[ 0.          0.12400368  0.72781796 -2.84506218 -1.65823749  1.28844506
  0.96094935  2.52106067]","[ 0.00000000e+00 -1.58693244e-03 -2.16706566e-05 -1.45042344e-01
  1.67460433e-02 -5.38210032e-04 -3.70368514e-05  1.33659586e-01]","[ 0.         -1.64612889 15.46838284 -1.60122001 -4.33029556  0.34661525
  0.42652315 -0.14203939]"
1747093065.6748326,"[ 0.          0.12400185  0.72781796 -2.84521824 -1.65822098  1.28844506
  0.96094935  2.5211957 ]","[ 0.00000000e+00 -1.64885159e-03 -2.12119566e-05 -1.46950316e-01
  1.55476447e-02 -5.46459265e-04 -3.70368514e-05  1.36800676e-01]","[ 0.         -1.60187602 15.4877739  -1.55932248 -4.32604313  0.33181289
  0.42273343 -0.16611598]"
1747093065.6770692,"[ 0.          0.12399633  0.72781796 -2.845508   -1.65819115  1.28844413
  0.96094935  2.52149237]","[ 0.00000000e+00 -1.94714344e-03 -2.08035078e-05 -1.47203117e-01
  1.45852636e-02 -5.54965385e-04 -3.70368514e-05  1.47702626e-01]","[ 0.         -1.53392184 15.45932674 -1.44619524 -4.32589436  0.32396185
  0.42734951 -0.18595494]"
1747093065.678234,"[ 0.          0.12399358  0.72781796 -2.84566326 -1.65817571  1.28844413
  0.96094935  2.52164364]","[ 0.00000000e+00 -2.18590520e-03 -2.08344303e-05 -1.46060487e-01
  1.56497811e-02 -5.64428385e-04 -3.70368514e-05  1.53415373e-01]","[ 0.         -1.49104619 15.43834972 -1.40474176 -4.32995319  0.32808679
  0.41434094 -0.1958521 ]"
1747093065.6799264,"[ 0.          0.12398624  0.72781749 -2.84594369 -1.65814428  1.28844213
  0.96094935  2.52195949]","[ 0.00000000e+00 -2.93289900e-03 -2.55131166e-05 -1.40848032e-01
  1.56656540e-02 -5.65943318e-04 -3.70368514e-05  1.60978101e-01]","[ 0.         -1.42774904 15.38106346 -1.32835174 -4.30976248  0.30015534
  0.40676287 -0.2055348 ]"
1747093065.6816618,"[ 0.          0.12398164  0.72781749 -2.84607978 -1.65812777  1.28844026
  0.96094935  2.5221326 ]","[ 0.00000000e+00 -3.45797033e-03 -2.50395923e-05 -1.38019813e-01
  1.67460433e-02 -5.82893597e-04 -3.70368514e-05  1.62999507e-01]","[ 0.         -1.37387919 15.34223938 -1.30888855 -4.31757259  0.27106419
  0.39672109 -0.2055348 ]"
1747093065.6828456,"[ 0.          0.1239697   0.72781703 -2.84635888 -1.65809208  1.2884384
  0.96094935  2.52245617]","[ 0.00000000e+00 -5.03483192e-03 -3.43690700e-05 -1.35451552e-01
  1.80553292e-02 -5.73889499e-04 -3.70372172e-05  1.63949173e-01]","[ 0.         -1.30438781 15.27287483 -1.25020993 -4.31163359  0.2561844
  0.3708671  -0.20943387]"
1747093065.6861258,"[ 0.          0.12395363  0.72781703 -2.84662386 -1.65805427  1.2884364
  0.96094935  2.52278427]","[ 0.00000000e+00 -7.79842175e-03 -3.37554612e-05 -1.34238449e-01
  1.99872133e-02 -5.69645996e-04 -3.70368514e-05  1.58485665e-01]","[ 0.         -1.24590087 15.23536491 -1.18997169 -4.31626368  0.25896502
  0.36626121 -0.1901105 ]"
1747093065.6867254,"[ 0.          0.12393159  0.72781703 -2.84689737 -1.65801272  1.28843361
  0.96094935  2.52308308]","[ 0.00000000e+00 -1.21543863e-02 -3.31633755e-05 -1.33158055e-01
  2.10676037e-02 -5.81428143e-04 -2.91003827e-05  1.49482400e-01]","[ 0.         -1.19367683 15.18357754 -1.14674532 -4.30116081  0.25918606
  0.37545952 -0.20171136]"
1747093065.6890135,"[ 0.          0.1239022   0.72781656 -2.84716368 -1.65797011  1.28843174
  0.96094935  2.52336857]","[ 0.00000000e+00 -1.53955564e-02 -4.19036142e-05 -1.35318835e-01
  2.05274085e-02 -5.63809083e-04 -2.91006692e-05  1.42881572e-01]","[ 0.         -1.13788819 15.15941525 -1.15987158 -4.28424311  0.24969843
  0.37219578 -0.22455809]"
1747093065.6907353,"[ 0.          0.12387144  0.72781656 -2.84744571 -1.65792963  1.28842881
  0.96094935  2.52364234]","[ 0.00000000e+00 -1.59357516e-02 -4.11397840e-05 -1.38544506e-01
  1.99872133e-02 -5.81437766e-04 -2.91003827e-05  1.30997274e-01]","[ 0.         -1.0709132  15.15598583 -1.15613198 -4.29744101  0.24909994
  0.37318286 -0.22776264]"
1747093065.6919343,"[ 0.          0.12385537  0.72781656 -2.84758127 -1.65790779  1.28842695
  0.96094935  2.52376884]","[ 0.00000000e+00 -1.62223014e-02 -4.11397840e-05 -1.37479616e-01
  2.05630137e-02 -5.99037256e-04 -2.91664395e-05  1.28296304e-01]","[ 0.         -1.01536286 15.19156075 -1.14537334 -4.29231739  0.23564419
  0.3758848  -0.21926433]"
1747093065.693679,"[ 0.          0.12382276  0.72781656 -2.84785078 -1.65786838  1.28842402
  0.96094935  2.52401811]","[ 0.00000000e+00 -1.59357516e-02 -4.04026196e-05 -1.36399221e-01
  1.99872133e-02 -6.60599839e-04 -2.91003827e-05  1.19115015e-01]","[ 0.         -0.95096779 15.18647671 -1.11956882 -4.22892952  0.21061315
  0.36567178 -0.21549502]"
1747093065.6959925,"[ 0.          0.12379062  0.72781656 -2.84812801 -1.65782683  1.28841936
  0.96094842  2.5242293 ]","[ 0.00000000e+00 -1.62058481e-02 -3.97922251e-05 -1.35318835e-01
  2.05274085e-02 -7.69948739e-04 -2.91661490e-05  1.02096849e-01]","[ 0.         -0.8774786  15.19465733 -1.11576104 -4.20324945  0.17297938
  0.33930537 -0.23119485]"
1747093065.6971152,"[ 0.          0.12377271  0.72781609 -2.84826117 -1.657805    1.28841736
  0.96094842  2.52432358]","[ 0.00000000e+00 -1.68014870e-02 -5.30563002e-05 -1.34911904e-01
  2.21479940e-02 -8.39484227e-04 -2.91440955e-05  9.56145072e-02]","[ 0.         -0.85188198 15.17114639 -1.10143721 -4.17138529  0.1669005
  0.34993514 -0.25674474]"
1747093065.6987567,"[ 0.          0.12373689  0.72781563 -2.84853681 -1.65775919  1.28841177
  0.96094842  2.52449668]","[ 0.00000000e+00 -1.80965312e-02 -6.08265692e-05 -1.34411896e-01
  2.43087727e-02 -1.04174663e-03 -2.91443860e-05  8.10292395e-02]","[ 0.         -0.7872842  15.17028809 -1.10861826 -4.16940737  0.16258246
  0.34378189 -0.2449922 ]"
1747093065.7005045,"[ 0.          0.12371715  0.72781563 -2.8486681  -1.65773149  1.28841177
  0.96094842  2.52457178]","[ 0.00000000e+00 -1.99872133e-02 -5.98645746e-05 -1.33158055e-01
  2.60799204e-02 -1.04174663e-03 -2.91664395e-05  7.61674891e-02]","[ 0.         -0.72893363 15.19000053 -1.1241194  -4.16804171  0.16258246
  0.34631982 -0.22626267]"
1747093065.701621,"[ 0.          0.12366893  0.72781563 -2.84893042 -1.65766971  1.28840698
  0.96094842  2.52470894]","[ 0.00000000e+00 -2.26881871e-02 -5.13743589e-05 -1.32347763e-01
  2.94866694e-02 -1.28133627e-03 -1.85462435e-05  6.67140745e-02]","[ 0.         -0.65567613 15.15609074 -1.13729215 -4.2591877   0.15977946
  0.34281895 -0.24349354]"
1747093065.703352,"[ 0.          0.12364459  0.72781563 -2.84907077 -1.65763722  1.28840311
  0.96094842  2.52477365]","[ 0.00000000e+00 -2.45788713e-02 -5.05120012e-05 -1.32030655e-01
  3.05937517e-02 -1.54069591e-03 -1.85604623e-05  6.09367377e-02]","[ 0.         -0.6264661  15.11831951 -1.09487402 -4.27418184  0.16739999
  0.34202978 -0.25695387]"
1747093065.705087,"[ 0.          0.12358765  0.72781563 -2.84933496 -1.6575749   1.28839646
  0.96094842  2.52488577]","[ 0.00000000e+00 -2.83602355e-02 -4.97361019e-05 -1.34778638e-01
  3.18268806e-02 -2.07314412e-03 -1.05979587e-05  5.58147507e-02]","[ 0.         -0.53666931 15.13169861 -1.07064378 -4.29423475  0.16796981
  0.35018116 -0.26919755]"
1747093065.706225,"[ 0.          0.12355781  0.72781516 -2.84946838 -1.65754507  1.28839273
  0.96094842  2.52494862]","[ 0.00000000e+00 -3.02202662e-02 -6.62364606e-05 -1.35318835e-01
  3.02509176e-02 -2.41759319e-03 -1.05979587e-05  5.18141792e-02]","[ 0.         -0.48490682 15.17177963 -1.08059919 -4.30086803  0.16499186
  0.34366855 -0.26049447]"
1747093065.7079318,"[ 0.          0.12349581  0.72781516 -2.84975361 -1.65748116  1.28838514
  0.96094842  2.5250437 ]","[ 0.00000000e+00 -3.03429839e-02 -6.52365805e-05 -1.40047702e-01
  3.07911127e-02 -3.06871735e-03 -1.06059783e-05  4.72191652e-02]","[ 0.         -0.34815308 15.20843124 -1.02295792 -4.32636166  0.17425875
  0.34303704 -0.27152506]"
1747093065.7095914,"[ 0.          0.12346643  0.72781516 -2.84989183 -1.65745079  1.28838034
  0.96094842  2.5250895 ]","[ 0.00000000e+00 -2.97107224e-02 -6.42664382e-05 -1.40322907e-01
  3.07911127e-02 -3.34217588e-03 -1.05979587e-05  4.64567646e-02]","[ 0.         -0.29773849 15.21389389 -0.95888233 -4.33851576  0.20529744
  0.32514805 -0.26036772]"
1747093065.7107098,"[ 0.          0.12340903  0.72781516 -2.85017572 -1.65738794  1.28837076
  0.96094748  2.52518937]","[ 0.00000000e+00 -2.89004307e-02 -6.32532862e-05 -1.37170348e-01
  3.05937517e-02 -4.01229561e-03 -1.85464284e-05  5.02381288e-02]","[ 0.         -0.15203544 15.26823997 -0.86688042 -4.33062744  0.20379972
  0.29748946 -0.2705459 ]"
1747093065.7124743,"[ 0.          0.12335026  0.72781476 -2.85043831 -1.65732563  1.28835851
  0.96094649  2.52528924]","[ 0.00000000e+00 -2.89297712e-02 -6.63108581e-05 -1.31807566e-01
  3.13313079e-02 -4.83181582e-03 -1.85464284e-05  5.21288109e-02]","[ 0.         -0.01773546 15.2919035  -0.78853172 -4.34325933  0.17827216
  0.27748862 -0.26736376]"
1747093065.7151663,"[ 0.          0.12332179  0.72781476 -2.85056694 -1.65729527  1.28835078
  0.96094649  2.52534517]","[ 0.00000000e+00 -2.88711484e-02 -6.63108581e-05 -1.30457085e-01
  3.07911127e-02 -5.39804444e-03 -1.85466133e-05  5.26118376e-02]","[ 0.          0.04796401 15.31426048 -0.77609271 -4.35965586  0.15147021
  0.27608371 -0.26017177]"
1747093065.71579,"[ 0.          0.12329286  0.72781476 -2.85082819 -1.65726278  1.28833653
  0.96094555  2.52545569]","[ 0.00000000e+00 -2.94406258e-02 -6.52952110e-05 -1.27020009e-01
  3.05937517e-02 -6.80952086e-03 -2.91664395e-05  5.69905654e-02]","[ 0.          0.10109782 15.36158752 -0.6941002  -4.34255171  0.16608624
  0.2610901  -0.25674418]"
1747093065.718054,"[ 0.          0.12323408  0.72781476 -2.85106868 -1.65721005  1.28832135
  0.96094555  2.52557633]","[ 0.00000000e+00 -2.83602355e-02 -6.44493558e-05 -1.20463473e-01
  2.53891630e-02 -7.44642623e-03 -2.91443860e-05  5.89305867e-02]","[ 0.          0.22200844 15.36060524 -0.67789692 -4.33469391  0.1797802
  0.24863519 -0.25960991]"
1747093065.7198129,"[ 0.          0.12318265  0.7278143  -2.85129931 -1.65716637  1.28830897
  0.96094555  2.52569431]","[ 0.00000000e+00 -2.51190644e-02 -6.99901215e-05 -1.09929672e-01
  1.99872133e-02 -6.88805654e-03 -2.91664395e-05  5.89410272e-02]","[ 0.          0.31895134 15.39898014 -0.64437497 -4.28417826  0.19506955
  0.24072081 -0.25277364]"
1747093065.7209568,"[ 0.          0.12315832  0.7278143  -2.85140477 -1.65714986  1.28830231
  0.96094555  2.52569431]","[ 0.00000000e+00 -2.28199304e-02 -6.99901215e-05 -1.06958600e-01
  1.67460433e-02 -6.62477914e-03 -2.91443860e-05  5.89410272e-02]","[ 0.          0.35387972 15.38253021 -0.60313421 -4.20532751  0.18365932
  0.23516965 -0.25277364]"
1747093065.7232447,"[ 0.          0.12311974  0.72781383 -2.8516093  -1.65712269  1.28829286
  0.96094462  2.52587327]","[ 0.00000000e+00 -1.78264326e-02 -6.89768800e-05 -1.02637038e-01
  1.20255622e-02 -5.69589300e-03 -3.71209245e-05  5.88812517e-02]","[ 0.          0.3637813  15.34295368 -0.59313321 -4.07534361  0.15546143
  0.22449461 -0.24938276]"
1747093065.7250006,"[ 0.          0.12309219  0.72781336 -2.85181676 -1.65710405  1.28828234
  0.96094462  2.52592946]","[ 0.00000000e+00 -1.20368858e-02 -7.52264904e-05 -1.01556652e-01
  8.10292405e-03 -4.96734835e-03 -4.76908124e-05  5.69905654e-02]","[ 0.          0.38643694 15.28447628 -0.6011402  -3.93567705  0.0977109
  0.22798836 -0.23026381]"
1747093065.7266695,"[ 0.          0.12307841  0.7278129  -2.85201756 -1.65708861  1.28827089
  0.96094462  2.52604265]","[ 0.00000000e+00 -5.67204678e-03 -7.78557200e-05 -1.01183926e-01
  7.02253421e-03 -5.31993840e-03 -4.77273772e-05  5.39152177e-02]","[ 0.          0.33340201 15.18858433 -0.63992584 -3.79280829  0.05881248
  0.23376723 -0.25614306]"
1747093065.7283592,"[ 0.          0.1230752   0.7278129  -2.85222768 -1.65707582  1.28825757
  0.96094362  2.52614438]","[ 0.00000000e+00 -5.40194952e-04 -7.67722910e-05 -1.03447330e-01
  6.48233955e-03 -5.79234260e-03 -5.82887721e-05  5.10484247e-02]","[ 0.          0.2796385  15.13803482 -0.64499056 -3.66746902  0.03145542
  0.23980564 -0.2610378 ]"
1747093065.7300436,"[ 0.          0.12307657  0.7278129  -2.85233048 -1.65706943  1.28825091
  0.96094362  2.52619099]","[ 0.00000000e+00  1.25384225e-03 -7.57930461e-05 -1.04257622e-01
  6.48233955e-03 -5.96786780e-03 -5.82887721e-05  4.72670564e-02]","[ 0.          0.25528535 15.08145618 -0.66785544 -3.61932564  0.03264428
  0.25312304 -0.27466998]"
1747093065.7318223,"[ 0.          0.12307887  0.72781243 -2.85256164 -1.65705558  1.2882376
  0.96094362  2.52627568]","[ 0.00000000e+00  1.22847629e-03 -8.15617466e-05 -1.05956078e-01
  6.75863211e-03 -6.64859467e-03 -5.83328791e-05  3.86239376e-02]","[ 0.          0.16529287 15.01807022 -0.66331136 -3.53928065  0.04371257
  0.25231433 -0.25035492]"
1747093065.7329009,"[ 0.          0.12307841  0.72781197 -2.85265033 -1.65704759  1.28823094
  0.96094362  2.52630976]","[ 0.00000000e+00  6.30014448e-04 -8.83585615e-05 -1.06334846e-01
  7.29263180e-03 -6.54918594e-03 -5.83334602e-05  3.45724769e-02]","[ 0.          0.11382991 15.01159668 -0.68285203 -3.53005934  0.03697868
  0.26378062 -0.24082714]"
1747093065.7345839,"[ 0.          0.12307612  0.7278115  -2.85287483 -1.65702948  1.28821762
  0.96094362  2.52636702]","[ 0.00000000e+00 -5.96230143e-04 -9.39729973e-05 -1.05878214e-01
  8.84252706e-03 -6.64859467e-03 -5.82887721e-05  2.50768450e-02]","[ 0.          0.08338526 14.98478317 -0.64861244 -3.6009028   0.0367378
  0.26569536 -0.23163797]"
1747093065.7363167,"[ 0.          0.12307566  0.7278115  -2.85298908 -1.65702043  1.2882119
  0.96094362  2.52638593]","[ 0.00000000e+00 -5.31993801e-04 -9.28196408e-05 -1.07478465e-01
  9.18331389e-03 -6.48902866e-03 -5.82887721e-05  1.91769216e-02]","[ 0.          0.0505685  14.94740009 -0.65486795 -3.63353562  0.03987148
  0.27809307 -0.22073629]"
1747093065.7379963,"[ 0.          0.12307657  0.72781103 -2.85319947 -1.65700125  1.28820151
  0.96094362  2.5264099 ]","[ 0.00000000e+00 -3.94997537e-04 -9.82438322e-05 -1.06580406e-01
  1.02637042e-02 -5.85076362e-03 -5.82887721e-05  9.72350907e-03]","[ 0.         -0.0154745  14.95006275 -0.5997507  -3.7753253   0.10182874
  0.26418766 -0.21200888]"
1747093065.739705,"[ 0.          0.12307657  0.72781063 -2.85341013 -1.65697888  1.28819579
  0.96094362  2.52641922]","[ 0.00000000e+00 -8.88757274e-05 -1.00026642e-04 -1.06688505e-01
  1.13440936e-02 -4.36147816e-03 -5.83328791e-05  2.70097486e-03]","[ 0.00000000e+00  4.16564429e-03  1.49244099e+01 -5.73515356e-01
 -3.90782762e+00  1.15386099e-01  2.69731164e-01 -2.21068099e-01]"
1747093065.7419841,"[ 0.          0.12307612  0.72781063 -2.85362105 -1.65695704  1.28819193
  0.96094362  2.52641922]","[ 0.00000000e+00  0.00000000e+00 -9.90248354e-05 -1.02533050e-01
  1.13440936e-02 -2.87219297e-03 -5.82887721e-05  0.00000000e+00]","[ 0.         -0.0459811  14.97808361 -0.51344812 -4.09121704  0.15873742
  0.24745859 -0.21637955]"
1747093065.743133,"[ 0.          0.12307612  0.72781063 -2.85372012 -1.65694533  1.28819193
  0.96094269  2.52641842]","[ 0.00000000e+00  0.00000000e+00 -9.76913612e-05 -1.00476258e-01
  1.10234323e-02 -1.91479540e-03 -6.62372408e-05 -2.63331691e-04]","[ 0.         -0.03582717 14.99105263 -0.48182487 -4.17673969  0.17689195
  0.2408243  -0.22213696]"
1747093065.7448115,"[ 0.          0.12307657  0.72781017 -2.85391746 -1.65692296  1.28819193
  0.96094269  2.52641922]","[ 0.00000000e+00  5.31887593e-05 -1.03900587e-04 -9.50412452e-02
  1.13440936e-02 -7.44791360e-04 -6.62372408e-05  0.00000000e+00]","[ 0.         -0.04273448 14.98407364 -0.50927061 -4.34312057  0.22362567
  0.23509338 -0.24316463]"
1747093065.7465222,"[ 0.          0.12307612  0.72781017 -2.85401067 -1.65691284  1.28819193
  0.96094269  2.52642108]","[ 0.00000000e+00  5.27881270e-05 -1.02702189e-04 -9.45341127e-02
  1.02637042e-02 -2.12797527e-04 -6.62372408e-05  3.72395680e-04]","[ 0.         -0.04359829 15.015872   -0.49791655 -4.41941166  0.24229962
  0.23869328 -0.21708913]"
1747093065.748175,"[ 0.          0.12307612  0.72781017 -2.85419203 -1.65689526  1.28819193
  0.96094269  2.52642321]","[ 0.00000000e+00  0.00000000e+00 -1.01622685e-04 -9.10228513e-02
  8.02459070e-03  0.00000000e+00 -6.62873661e-05  5.66228424e-04]","[ 0.         -0.0526289  15.0564909  -0.51883119 -4.54709673  0.23867889
  0.2342962  -0.19551839]"
1747093065.7513645,"[ 0.          0.12307612  0.72781017 -2.85437632 -1.65688248  1.28819193
  0.96094176  2.52642588]","[ 0.00000000e+00  0.00000000e+00 -9.53799181e-05 -8.99424568e-02
  5.94214437e-03  0.00000000e+00 -7.41857136e-05  7.37554337e-04]","[ 0.         -0.13010454 15.11424828 -0.52751356 -4.62367296  0.26209754
  0.22765887 -0.17445633]"
1747093065.753005,"[ 0.          0.12307612  0.7278097  -2.85454996 -1.65687502  1.28819099
  0.96094176  2.52642881]","[ 0.00000000e+00  0.00000000e+00 -1.00388738e-04 -8.72414871e-02
  5.40194952e-04 -9.61864086e-05 -7.41857136e-05  7.94841623e-04]","[ 0.         -0.21972954 15.11556149 -0.5728519  -4.64720917  0.25884035
  0.23725878 -0.17385873]"
1747093065.757531,"[ 0.          0.12307566  0.7278083  -2.85489244 -1.65687555  1.28818913
  0.96094176  2.52642881]","[ 0.00000000e+00 -2.64938426e-05 -1.11727044e-04 -8.53508009e-02
 -1.32462624e-04 -2.04104933e-04 -7.41857136e-05  7.40083234e-04]","[ 0.         -0.3250497  15.08726025 -0.68635565 -4.51587248  0.25023204
  0.25133738 -0.17524412]"
1747093065.7618227,"[ 0.          0.12307474  0.7278083  -2.85523919 -1.65687342  1.2881862
  0.96094176  2.52642987]","[ 0.00000000e+00 -8.41593039e-05 -1.09345251e-04 -8.71530952e-02
  1.50972853e-04 -3.62581483e-04 -7.40185509e-05  6.62354301e-04]","[ 0.         -0.41086826 15.07446766 -0.82100338 -4.29545784  0.21101768
  0.2727977  -0.16198057]"
1747093065.7653313,"[ 0.          0.12307428  0.72780784 -2.85557208 -1.65687076  1.28818154
  0.96094176  2.52642987]","[ 0.00000000e+00 -8.08348226e-05 -1.08104770e-04 -8.10292395e-02
  3.36622034e-04 -5.14709749e-04 -7.40744343e-05  3.64294885e-04]","[ 0.         -0.48826355 15.09147835 -0.93377453 -4.02332973  0.15900503
  0.24864413 -0.17506522]"
1747093065.7682748,"[ 0.          0.12307382  0.72780784 -2.85580351 -1.65686543  1.28817675
  0.96094176  2.52643067]","[ 0.00000000e+00 -9.54500000e-05 -1.06978006e-04 -7.39317237e-02
  6.41680082e-04 -6.56064403e-04 -7.40178194e-05  1.82158756e-04]","[ 0.         -0.50464112 15.12695789 -0.99416298 -3.85905552  0.14391746
  0.26425284 -0.17195468]"
1747093065.7700884,"[ 0.          0.12307336  0.72780784 -2.85594812 -1.6568617   1.28817288
  0.96094083  2.52643067]","[ 0.00000000e+00 -1.22107350e-04 -1.05790368e-04 -7.31964166e-02
  7.94825174e-04 -7.61326105e-04 -8.46556558e-05  1.15919207e-04]","[ 0.         -0.52685815 15.13921356 -1.00515234 -3.80770564  0.12882
  0.26514992 -0.16274615]"
1747093065.773031,"[ 0.          0.12307245  0.72780784 -2.85615984 -1.65685318  1.28816822
  0.96094083  2.52643067]","[ 0.00000000e+00 -1.37671726e-04 -1.04793495e-04 -6.79956001e-02
  1.31067213e-03 -8.39875768e-04 -8.46564929e-05  1.09216279e-04]","[ 0.         -0.56712717 15.22043991 -1.01080346 -3.79551148  0.12519738
  0.2546871  -0.14763674]"
1747093065.7752986,"[ 0.          0.12307199  0.72780784 -2.85629673 -1.65684679  1.28816529
  0.96094083  2.52643067]","[ 0.00000000e+00 -1.46272286e-04 -1.03653598e-04 -6.62410638e-02
  2.47790781e-03 -9.14201760e-04 -8.46556558e-05  1.03251880e-04]","[ 0.         -0.54582268 15.25891685 -1.02234435 -3.82948661  0.1589382
  0.24988616 -0.16047665]"
1747093065.7784646,"[ 0.          0.12307152  0.72780784 -2.85642163 -1.65683987  1.28816436
  0.96093983  2.52643067]","[ 0.00000000e+00 -1.50326195e-04 -1.02616226e-04 -6.21224186e-02
  3.15945936e-03 -8.88318253e-04 -9.52385514e-05  9.75159736e-05]","[ 0.         -0.56493247 15.2862606  -1.01710713 -3.87221336  0.17267112
  0.22993979 -0.1647681 ]"
1747093065.7806742,"[ 0.          0.12307015  0.72780784 -2.8565974  -1.65683241  1.28816343
  0.96093983  2.52643067]","[ 0.00000000e+00 -1.82153099e-04 -9.62530364e-05 -5.67204709e-02
  2.87219297e-03 -8.85926414e-04 -9.52376087e-05  3.97427419e-05]","[ 0.         -0.59586668 15.36584663 -0.99906635 -3.96850944  0.16120514
  0.21885087 -0.14409181]"
1747093065.781854,"[ 0.          0.12306969  0.72780784 -2.85671165 -1.65683028  1.2881625
  0.96093983  2.52643067]","[ 0.00000000e+00 -1.93245253e-04 -9.53105108e-05 -5.51690631e-02
  1.91479540e-03 -8.83676901e-04 -9.52376087e-05  3.78846003e-05]","[ 0.         -0.61928749 15.42154503 -0.96043169 -4.05268288  0.19776469
  0.19613723 -0.15181841]"
1747093065.7835364,"[ 0.          0.12306923  0.72780784 -2.85681604 -1.65682921  1.2881625
  0.9609389   2.52643067]","[ 0.00000000e+00 -1.97136404e-04 -9.00145929e-05 -5.21288109e-02
  1.04786975e-03 -8.58153077e-04 -1.03174077e-04  3.60666442e-05]","[ 0.         -0.58221185 15.48941708 -0.91518897 -4.12878942  0.21719036
  0.18667017 -0.14232823]"
1747093065.7852578,"[ 0.          0.12306877  0.72780784 -2.85686638 -1.65682975  1.2881625
  0.9609389   2.52643067]","[ 0.00000000e+00 -2.12300736e-04 -9.00145929e-05 -5.10484247e-02
  5.24037997e-04 -8.32237841e-04 -1.03097266e-04  3.61908093e-05]","[ 0.         -0.60164094 15.49244118 -0.88241154 -4.15749264  0.23039268
  0.17942891 -0.14216821]"
1747093065.7869425,"[ 0.          0.1230674   0.72780784 -2.8569729  -1.65682975  1.28816157
  0.9609389   2.52643067]","[ 0.00000000e+00 -2.36426124e-04 -8.99466322e-05 -5.26613765e-02
  1.06377519e-04 -8.38999513e-04 -1.03174077e-04  3.45311979e-05]","[ 0.         -0.59908688 15.51746368 -0.81312019 -4.22655344  0.23970427
  0.18030636 -0.13945507]"
1747093065.788745,"[ 0.          0.12306647  0.72780737 -2.8570813  -1.65682921  1.28816157
  0.96093796  2.52643067]","[ 0.00000000e+00 -2.44925906e-04 -9.00154869e-05 -5.53699820e-02
  8.77627637e-05 -8.15078267e-04 -1.13670222e-04  3.31197745e-05]","[ 0.         -0.63682503 15.52557564 -0.82383186 -4.3093338   0.26780948
  0.16072778 -0.14337663]"
1747093065.7899108,"[ 0.          0.12306556  0.72780737 -2.85713642 -1.65682921  1.28816157
  0.96093796  2.52643067]","[ 0.00000000e+00 -2.65446778e-04 -9.00145929e-05 -5.59101792e-02
  7.54971222e-05 -7.88087103e-04 -1.13756038e-04  3.31184010e-05]","[ 0.         -0.61998665 15.5599041  -0.82078248 -4.32668495  0.27029875
  0.13742413 -0.13476926]"
1747093065.791581,"[ 0.          0.12306418  0.72780737 -2.85725733 -1.65682921  1.28816157
  0.96093696  2.52643067]","[ 0.00000000e+00 -2.90935720e-04 -9.00145929e-05 -6.02317365e-02
  0.00000000e+00 -7.67702803e-04 -1.21692507e-04  0.00000000e+00]","[ 0.         -0.64592189 15.56073189 -0.78515738 -4.32070017  0.27582356
  0.13117257 -0.11568094]"
1747093065.7933424,"[ 0.          0.12306372  0.72780737 -2.85732071 -1.65682921  1.28816157
  0.96093696  2.52643067]","[ 0.00000000e+00 -2.96762718e-04 -9.00145929e-05 -6.42180684e-02
  0.00000000e+00 -7.66196907e-04 -1.21601904e-04  0.00000000e+00]","[ 0.         -0.6491496  15.55390358 -0.76231658 -4.31560373  0.28738767
  0.13599266 -0.11000835]"
1747093065.7951927,"[ 0.          0.12306234  0.72780737 -2.85746293 -1.65682921  1.28816157
  0.96093603  2.52643067]","[ 0.00000000e+00 -3.20825607e-04 -9.00835451e-05 -7.12182455e-02
  0.00000000e+00 -7.24404329e-04 -1.32274460e-04  0.00000000e+00]","[ 0.         -0.63944626 15.56747341 -0.72318864 -4.29701519  0.28898266
  0.12458307 -0.11182956]"
1747093065.7963576,"[ 0.          0.12306143  0.72780737 -2.85760887 -1.65682868  1.28816063
  0.9609351   2.52642987]","[ 0.00000000e+00 -3.31186513e-04 -9.00145929e-05 -7.42768028e-02
  4.08209857e-05 -7.26563596e-04 -1.32175981e-04 -2.64622538e-05]","[ 0.         -0.6018737  15.58211517 -0.66781676 -4.29300785  0.27521637
  0.11283486 -0.12473986]"
1747093065.798074,"[ 0.          0.12306096  0.72780737 -2.8576853  -1.65682868  1.28816063
  0.9609351   2.52642987]","[ 0.00000000e+00 -3.35744543e-04 -8.73671094e-05 -7.74394315e-02
  8.16419714e-05 -7.06192689e-04 -1.32275769e-04 -2.65281501e-05]","[ 0.         -0.5858835  15.58795643 -0.64957416 -4.2881856   0.25714263
  0.08779866 -0.13118206]"
1747093065.7998276,"[ 0.          0.12306005  0.72780691 -2.85784882 -1.65682868  1.28816063
  0.9609351   2.52643067]","[ 0.00000000e+00 -3.38093307e-04 -8.73679709e-05 -8.02189477e-02
  7.54971222e-05 -6.53135771e-04 -1.32274460e-04  0.00000000e+00]","[ 0.         -0.54357857 15.56185627 -0.56865066 -4.26830673  0.23631944
  0.06779269 -0.12547334]"
1747093065.8015604,"[ 0.          0.12305913  0.72780691 -2.85800195 -1.65682868  1.28815957
  0.96093417  2.52643067]","[ 0.00000000e+00 -3.53820294e-04 -8.73679709e-05 -7.72478753e-02
  7.05660073e-05 -6.35883871e-04 -1.42856421e-04  0.00000000e+00]","[ 0.         -0.50345153 15.55454826 -0.49490032 -4.21516752  0.23727287
  0.06015088 -0.1255912 ]"
1747093065.8032155,"[ 0.          0.12305913  0.72780691 -2.85807678 -1.65682815  1.28815957
  0.96093417  2.52643067]","[ 0.00000000e+00 -3.46723451e-04 -8.73671094e-05 -7.58973946e-02
  1.06384597e-04 -6.16012502e-04 -1.42857835e-04  0.00000000e+00]","[ 0.         -0.49846888 15.54708385 -0.47506571 -4.19734859  0.24562918
  0.05379124 -0.13818537]"
1747093065.8050332,"[ 0.          0.12305821  0.72780644 -2.85823205 -1.65682762  1.28815864
  0.96093417  2.52643067]","[ 0.00000000e+00 -3.64309969e-04 -9.00145929e-05 -7.47411999e-02
  9.93531467e-05 -5.69631757e-04 -1.42750067e-04  0.00000000e+00]","[ 0.         -0.46382114 15.52554417 -0.45535499 -4.14685869  0.23559079
  0.06941032 -0.11203654]"
1747093065.8067756,"[ 0.          0.12305775  0.72780604 -2.85838172 -1.65682708  1.28815677
  0.96093317  2.52643067]","[ 0.00000000e+00 -3.69538633e-04 -9.00835451e-05 -7.24720868e-02
  1.24818609e-04 -5.43150794e-04 -1.50792882e-04  0.00000000e+00]","[ 0.         -0.42061296 15.48643303 -0.46801385 -4.12602329  0.22892176
  0.06330896 -0.11897752]"
1747093065.8085184,"[ 0.          0.12305683  0.72780604 -2.858525   -1.65682708  1.28815584
  0.96093317  2.52643067]","[ 0.00000000e+00 -3.94647087e-04 -9.00145929e-05 -7.26562194e-02
  1.18002150e-04 -5.03359877e-04 -1.50794377e-04  0.00000000e+00]","[ 0.         -0.38927975 15.48423004 -0.4727858  -4.12099314  0.21657044
  0.06132651 -0.1425046 ]"
1747093065.810248,"[ 0.          0.12305683  0.72780557 -2.8585953  -1.65682655  1.28815491
  0.96093317  2.52643067]","[ 0.00000000e+00 -3.98107928e-04 -9.53095680e-05 -7.13057304e-02
  1.39308520e-04 -4.84881109e-04 -1.50794377e-04  0.00000000e+00]","[ 0.         -0.38912871 15.46504784 -0.49052221 -4.12529421  0.20054302
  0.061337   -0.16113356]"
1747093065.8119783,"[ 0.          0.12305638  0.72780557 -2.85873405 -1.65682655  1.28815291
  0.96093317  2.52643067]","[ 0.00000000e+00 -4.04092823e-04 -9.53816248e-05 -6.67044122e-02
  1.32469215e-04 -4.39625543e-04 -1.42857835e-04  0.00000000e+00]","[ 0.         -0.37939438 15.42626476 -0.52522224 -4.10715675  0.19775937
  0.05356123 -0.15926476]"
1747093065.8137405,"[ 0.          0.12305545  0.72780511 -2.85885603 -1.65682602  1.28815105
  0.96093224  2.52642987]","[ 0.00000000e+00 -4.07201752e-04 -9.53105108e-05 -6.05018351e-02
  1.44266577e-04 -4.13775261e-04 -1.42856421e-04 -1.72932542e-05]","[ 0.         -0.35841399 15.42436981 -0.56038606 -4.08426332  0.18948883
  0.06947123 -0.15311265]"
1747093065.8160257,"[ 0.          0.12305545  0.72780511 -2.85896815 -1.65682548  1.28814825
  0.96093224  2.52642987]","[ 0.00000000e+00 -3.91464915e-04 -9.53816248e-05 -5.21288109e-02
  1.61676667e-04 -4.62729246e-04 -1.42856421e-04 -1.69318931e-05]","[ 0.         -0.35882854 15.41308117 -0.62907606 -4.07453394  0.18948814
  0.0867807  -0.15393086]"
1747093065.8176808,"[ 0.          0.123055    0.72780464 -2.8590563  -1.65682548  1.28814625
  0.96093224  2.52642987]","[ 0.00000000e+00 -3.94871433e-04 -1.00604543e-04 -4.23623375e-02
  1.54552549e-04 -4.83000934e-04 -1.32275769e-04 -1.69046666e-05]","[ 0.         -0.37066308 15.39667797 -0.70063543 -4.08406353  0.20979673
  0.09209112 -0.15187852]"
1747093065.8200712,"[ 0.          0.12305408  0.72780464 -2.85913086 -1.65682548  1.28814439
  0.96093224  2.52642987]","[ 0.00000000e+00 -4.07201752e-04 -9.53825757e-05 -3.46060473e-02
  1.48483698e-04 -5.07967582e-04 -1.32274460e-04 -1.65856712e-05]","[ 0.         -0.38711074 15.35821533 -0.77796578 -4.13559294  0.21528405
  0.11536381 -0.15790588]"
1747093065.821294,"[ 0.          0.12305316  0.72780418 -2.85916256 -1.65682548  1.28814346
  0.96093224  2.52642987]","[ 0.00000000e+00 -4.16720732e-04 -1.00604543e-04 -3.21415997e-02
  1.27271744e-04 -5.13345854e-04 -1.32174673e-04 -1.62279024e-05]","[ 0.         -0.4100512  15.36909294 -0.82658768 -4.1671629   0.19539611
  0.12498455 -0.16239204]"
1747093065.823057,"[ 0.          0.12305224  0.72780418 -2.85922248 -1.65682548  1.28814252
  0.96093224  2.52642987]","[ 0.00000000e+00 -4.24725430e-04 -1.00604543e-04 -2.83368350e-02
  1.22458264e-04 -4.81417992e-04 -1.21692507e-04 -1.62275732e-05]","[ 0.         -0.45105362 15.35138893 -0.9386906  -4.1912303   0.20495364
  0.16145463 -0.15229422]"
1747093065.8247855,"[ 0.          0.12305132  0.72780371 -2.85927441 -1.65682548  1.28814159
  0.96093224  2.52642881]","[ 0.00000000e+00 -4.21806096e-04 -1.00605543e-04 -2.56592596e-02
  1.17999972e-04 -4.71966046e-04 -1.21692507e-04 -3.63521855e-05]","[ 0.         -0.44494849 15.33167934 -1.03466392 -4.21281767  0.21301314
  0.17556779 -0.1680939 ]"
1747093065.8259804,"[ 0.          0.1230504   0.72780371 -2.85929838 -1.65682548  1.28814066
  0.96093224  2.52642881]","[ 0.00000000e+00 -4.35412729e-04 -9.53105108e-05 -2.43087727e-02
  1.18004336e-04 -4.71252889e-04 -1.21692507e-04 -3.63514784e-05]","[ 0.         -0.45425281 15.30752945 -1.07111645 -4.2199564   0.23440211
  0.18705161 -0.16069111]"
1747093065.827153,"[ 0.          0.12304994  0.72780371 -2.85932181 -1.65682548  1.28814066
  0.96093224  2.52642881]","[ 0.00000000e+00 -4.37987172e-04 -9.53105108e-05 -2.37685775e-02
  1.13551490e-04 -4.71966046e-04 -1.21692507e-04 -3.64054275e-05]","[ 0.         -0.48326787 15.33386135 -1.11466777 -4.2097578   0.23645866
  0.19946209 -0.16704148]"
1747093065.8288789,"[ 0.          0.12304903  0.72780324 -2.85936815 -1.65682548  1.28814066
  0.96093224  2.52642881]","[ 0.00000000e+00 -4.20999475e-04 -9.53095680e-05 -2.24180906e-02
  1.09991170e-04 -4.46603857e-04 -1.13671344e-04 -3.57183640e-05]","[ 0.         -0.49246413 15.29762363 -1.16151237 -4.2222476   0.24240816
  0.20334871 -0.15625818]"
1747093065.830702,"[ 0.          0.1230481   0.72780278 -2.85941316 -1.65682548  1.28814066
  0.96093224  2.52642881]","[ 0.00000000e+00 -4.24714832e-04 -1.00604543e-04 -2.20676248e-02
  1.06381062e-04 -4.38187527e-04 -1.13757160e-04 -3.50060611e-05]","[ 0.         -0.50075376 15.28578949 -1.18226016 -4.23277855  0.26143175
  0.19536781 -0.14853539]"
1747093065.832357,"[ 0.          0.12304765  0.72780231 -2.85943526 -1.65682548  1.28813959
  0.96093224  2.52642881]","[ 0.00000000e+00 -4.27484103e-04 -1.00604543e-04 -2.24180906e-02
  1.06112600e-04 -4.58568349e-04 -1.13756038e-04 -3.43690700e-05]","[ 0.         -0.50470442 15.26866817 -1.18180728 -4.24470758  0.27168393
  0.20327453 -0.14662717]"
1747093065.834011,"[ 0.          0.12304627  0.72780231 -2.8594816  -1.65682548  1.28813959
  0.96093224  2.52642774]","[ 0.00000000e+00 -4.23922580e-04 -9.53095680e-05 -2.43087727e-02
  8.84301063e-05 -4.50077963e-04 -1.13670222e-04 -5.30442961e-05]","[ 0.         -0.47127536 15.26152611 -1.1603756  -4.25477266  0.26718017
  0.20432974 -0.13626051]"
1747093065.8351767,"[ 0.          0.12304582  0.72780231 -2.85950717 -1.65682548  1.28813959
  0.96093224  2.52642774]","[ 0.00000000e+00 -4.26705733e-04 -9.53095680e-05 -2.59030865e-02
  8.56266758e-05 -4.41888027e-04 -1.13757160e-04 -5.30442961e-05]","[ 0.         -0.46486852 15.2438755  -1.13028896 -4.28130007  0.26776522
  0.19726071 -0.13232298]"
1747093065.836821,"[ 0.          0.12304582  0.72780185 -2.85956709 -1.65682495  1.28813959
  0.96093224  2.52642774]","[ 0.00000000e+00 -3.90793890e-04 -9.53095680e-05 -3.02509176e-02
  8.29955526e-05 -4.22248547e-04 -1.13670222e-04 -5.20435139e-05]","[ 0.         -0.40493748 15.22017002 -1.06927645 -4.25827312  0.27219737
  0.189557   -0.12222566]"
1747093065.8385313,"[ 0.          0.12304582  0.72780145 -2.85959905 -1.65682495  1.28813866
  0.96093224  2.52642774]","[ 0.00000000e+00 -3.77546647e-04 -9.53105108e-05 -3.24116962e-02
  8.29929600e-05 -4.33402322e-04 -1.13757160e-04 -5.20435139e-05]","[ 0.         -0.39107397 15.2187624  -1.03159511 -4.23734951  0.25228316
  0.17665565 -0.12448466]"
1747093065.8396547,"[ 0.          0.12304535  0.72780145 -2.85966989 -1.65682442  1.28813866
  0.96093131  2.52642694]","[ 0.00000000e+00 -3.64998418e-04 -9.53095680e-05 -3.51075830e-02
  8.27968639e-05 -4.25810558e-04 -1.21692507e-04 -6.51822656e-05]","[ 0.         -0.32162362 15.16635227 -0.94909388 -4.18763924  0.26725739
  0.16342527 -0.11641075]"
1747093065.8419766,"[ 0.          0.12304535  0.72780098 -2.85970478 -1.65682442  1.28813866
  0.96093131  2.52642694]","[ 0.00000000e+00 -3.56245389e-04 -9.55251290e-05 -3.53827707e-02
  8.03342608e-05 -4.18480135e-04 -1.21600701e-04 -6.39941242e-05]","[ 0.         -0.26370981 15.12485409 -0.88752276 -4.15820551  0.27959687
  0.1618825  -0.10883924]"
1747093065.8467531,"[ 0.          0.12304535  0.72779958 -2.85987682 -1.65682335  1.2881368
  0.96093031  2.52642588]","[ 0.00000000e+00 -3.15697526e-04 -1.06058724e-04 -3.53827707e-02
  9.36166954e-05 -4.17500793e-04 -1.21692507e-04 -7.94841591e-05]","[ 0.         -0.0678532  15.09608173 -0.53665763 -4.04959249  0.22698724
  0.08347221 -0.11537623]"
1747093065.8516302,"[ 0.          0.12304582  0.72779912 -2.86006164 -1.65682229  1.28813493
  0.96092937  2.52642588]","[ 0.00000000e+00 -2.58871969e-04 -1.11361664e-04 -3.83538432e-02
  1.03251880e-04 -4.27597236e-04 -1.21692507e-04 -7.57680058e-05]","[ 0.          0.12898678 15.01900101 -0.26469836 -3.9371655   0.20237657
  0.02557656 -0.09795388]"
1747093065.8551264,"[ 0.          0.12304582  0.72779818 -2.86019799 -1.65682069  1.28813107
  0.96092844  2.52642588]","[ 0.00000000e+00 -2.46794638e-04 -1.11447099e-04 -3.26486822e-02
  1.22459832e-04 -4.64810621e-04 -1.32275769e-04 -7.45171784e-05]","[ 0.00000000e+00  2.56307453e-01  1.50034428e+01 -1.17883727e-01
 -3.88908124e+00  1.70073360e-01  1.18126050e-02 -9.50341672e-02]"
1747093065.8587823,"[ 0.          0.12304582  0.72779772 -2.86029573 -1.65681909  1.28812921
  0.96092844  2.52642508]","[ 0.00000000e+00 -2.16776631e-04 -1.06139030e-04 -3.26817948e-02
  1.51534809e-04 -4.82851066e-04 -1.32274460e-04 -8.43497027e-05]","[ 0.00000000e+00  3.13123941e-01  1.50265989e+01 -5.77980615e-02
 -3.87043214e+00  1.59902781e-01 -1.21476324e-02 -1.25347629e-01]"
1747093065.8618386,"[ 0.          0.12304582  0.72779772 -2.86041797 -1.65681856  1.28812628
  0.96092844  2.52642508]","[ 0.00000000e+00 -2.07519042e-04 -1.06140087e-04 -2.80901368e-02
  1.53146636e-04 -4.98811308e-04 -1.32473165e-04 -8.18223329e-05]","[ 0.          0.39846    15.03155994 -0.06269085 -3.90834379  0.15768343
 -0.02251129 -0.11378549]"
1747093065.8654063,"[ 0.          0.12304627  0.72779732 -2.86048615 -1.65681803  1.28812348
  0.96092751  2.52642508]","[ 0.00000000e+00 -1.78407346e-04 -1.06140087e-04 -1.99872133e-02
  1.61407198e-04 -5.61691493e-04 -1.43072445e-04 -6.91361024e-05]","[ 0.          0.45152801 15.0925312  -0.07526496 -3.94468641  0.13738397
 -0.04005481 -0.10710302]"
1747093065.8687649,"[ 0.          0.12304582  0.72779732 -2.86054287 -1.6568175   1.28812055
  0.96092751  2.52642508]","[ 0.00000000e+00 -1.38118826e-04 -1.06059781e-04 -1.02637042e-02
  1.65853266e-04 -5.74458216e-04 -1.43180701e-04 -7.95278678e-05]","[ 0.00000000e+00  4.87331539e-01  1.51512117e+01 -1.82986185e-01
 -4.01932240e+00  1.45882457e-01  6.17487961e-03 -1.22129381e-01]"
1747093065.872738,"[ 0.          0.12304627  0.72779732 -2.86056578 -1.6568175   1.28811776
  0.96092751  2.52642508]","[ 0.00000000e+00 -9.22326855e-05 -1.06059781e-04 -6.21224196e-03
  1.62526623e-04 -5.73156154e-04 -1.32474482e-04 -7.73575069e-05]","[ 0.00000000e+00  4.38576460e-01  1.51757555e+01 -2.82130361e-01
 -4.06999254e+00  1.58925951e-01  9.90303233e-03 -1.11254111e-01]"
1747093065.8755956,"[ 0.          0.12304582  0.72779732 -2.86058122 -1.6568175   1.28811682
  0.96092751  2.52642401]","[ 0.00000000e+00 -6.91730167e-05 -1.06059781e-04 -4.59165694e-03
  1.59089675e-04 -5.38047973e-04 -1.32474482e-04 -9.07602910e-05]","[ 0.          0.38769463 15.2699604  -0.40161002 -4.13789177  0.18150856
  0.01618609 -0.10198559]"
1747093065.877813,"[ 0.          0.12304627  0.72779732 -2.86059427 -1.65681696  1.28811682
  0.96092751  2.52642401]","[ 0.00000000e+00 -3.94450584e-05 -1.06059781e-04 -4.51383230e-03
  1.63046527e-04 -5.02774450e-04 -1.21968747e-04 -8.94638936e-05]","[ 0.          0.36343533 15.32668591 -0.47642577 -4.15689087  0.18337366
  0.02718462 -0.10621762]"
1747093065.8800814,"[ 0.          0.12304627  0.72779732 -2.86060279 -1.65681643  1.28811589
  0.96092751  2.52642401]","[ 0.00000000e+00 -1.12881685e-05 -1.06059781e-04 -4.31936927e-03
  1.70269230e-04 -4.94696769e-04 -1.21876526e-04 -8.95553504e-05]","[ 0.          0.37295309 15.36565781 -0.51058644 -4.1406312   0.21027872
  0.04594912 -0.09791081]"
1747093065.8824537,"[ 0.          0.12304582  0.72779732 -2.86061345 -1.65681643  1.28811589
  0.96092751  2.52642401]","[ 0.00000000e+00 -1.10394673e-05 -1.06059781e-04 -5.13011743e-03
  1.66935484e-04 -4.63738822e-04 -1.21968747e-04 -8.81164486e-05]","[ 0.          0.37415376 15.41232681 -0.53284222 -4.12726164  0.22375651
  0.05106414 -0.10355958]"
1747093065.8842528,"[ 0.          0.12304627  0.72779732 -2.86062543 -1.65681643  1.28811496
  0.96092751  2.52642401]","[ 0.00000000e+00  1.07850852e-05 -1.06059781e-04 -5.79329707e-03
  1.63958055e-04 -4.56415161e-04 -1.13928053e-04 -8.70678289e-05]","[ 0.          0.34499881 15.48086834 -0.54057533 -4.13531303  0.20906152
  0.02865604 -0.09123868]"
1747093065.8860655,"[ 0.          0.12304627  0.72779732 -2.86063928 -1.65681643  1.28811496
  0.96092751  2.52642401]","[ 0.00000000e+00  1.07853036e-05 -1.06059781e-04 -7.01897483e-03
  1.60861773e-04 -4.49319196e-04 -1.14013130e-04 -8.58762902e-05]","[ 0.          0.35736829 15.52461338 -0.52843058 -4.12698936  0.20912765
  0.02923477 -0.08739598]"
1747093065.8878195,"[ 0.          0.12304627  0.72779732 -2.86065472 -1.6568159   1.28811389
  0.96092651  2.52642321]","[ 0.00000000e+00  1.05741842e-05 -1.00756792e-04 -7.54215543e-03
  1.67392061e-04 -4.36205598e-04 -1.13928053e-04 -9.37945050e-05]","[ 0.          0.36044782 15.55649281 -0.53042257 -4.12217569  0.21226503
  0.0217707  -0.09052853]"
1747093065.890162,"[ 0.          0.12304627  0.72779732 -2.86067124 -1.65681536  1.28811389
  0.96092651  2.52642321]","[ 0.00000000e+00  1.03556446e-05 -1.00756792e-04 -8.37302164e-03
  1.73249308e-04 -4.19924490e-04 -1.14014268e-04 -9.37049338e-05]","[ 0.00000000e+00  3.54324669e-01  1.55615568e+01 -4.87114400e-01
 -4.10168743e+00  2.10914984e-01 -5.90832066e-03 -8.99241567e-02]"
1747093065.8919163,"[ 0.          0.12304627  0.72779685 -2.86068775 -1.65681536  1.28811389
  0.96092651  2.52642321]","[ 0.00000000e+00  1.52412881e-05 -1.06059781e-04 -8.05836916e-03
  1.70373439e-04 -4.13008431e-04 -1.03331130e-04 -9.26443507e-05]","[ 0.00000000e+00  3.69350046e-01  1.55526447e+01 -4.28485721e-01
 -4.05466270e+00  2.16467217e-01 -6.45001978e-03 -9.24184248e-02]"
1747093065.893083,"[ 0.          0.12304627  0.72779685 -2.86069574 -1.65681536  1.28811296
  0.96092651  2.52642215]","[ 0.00000000e+00  1.49386398e-05 -1.06059781e-04 -7.93226692e-03
  1.67378065e-04 -4.29528775e-04 -1.03407258e-04 -1.04500440e-04]","[ 0.00000000e+00  3.66829097e-01  1.55580912e+01 -3.94958556e-01
 -4.03189325e+00  2.12705612e-01 -1.37301777e-02 -8.76545310e-02]"
1747093065.8948014,"[ 0.          0.12304673  0.72779685 -2.86070985 -1.65681483  1.28811296
  0.96092651  2.52642215]","[ 0.00000000e+00  2.44465761e-05 -1.05979589e-04 -7.15758301e-03
  1.73360311e-04 -4.23059751e-04 -9.53816248e-05 -9.35721821e-05]","[ 0.00000000e+00  3.80673021e-01  1.55689821e+01 -3.53073239e-01
 -4.00997305e+00  2.03259990e-01 -1.30527029e-02 -7.76379928e-02]"
1747093065.8959775,"[ 0.          0.12304673  0.72779685 -2.86071624 -1.65681483  1.28811296
  0.96092651  2.52642215]","[ 0.00000000e+00  2.40119107e-05 -1.06058724e-04 -6.75243714e-03
  1.70622493e-04 -4.16782663e-04 -9.53816248e-05 -9.35733118e-05]","[ 0.00000000e+00  3.67105633e-01  1.55910902e+01 -3.52666974e-01
 -3.99782753e+00  1.96954355e-01 -1.23583842e-02 -8.12917948e-02]"
1747093065.8975837,"[ 0.          0.12304673  0.72779685 -2.8607269  -1.65681377  1.28811203
  0.96092651  2.52642108]","[ 0.00000000e+00  2.35924352e-05 -1.06059781e-04 -5.19894766e-03
  1.84545620e-04 -4.26484865e-04 -8.48478263e-05 -1.05127292e-04]","[ 0.          0.37360743 15.55574226 -0.28587577 -3.92828536  0.18906307
 -0.04498538 -0.06342984]"
1747093065.8993587,"[ 0.          0.12304673  0.72779685 -2.86073063 -1.65681377  1.28811203
  0.96092558  2.52642108]","[ 0.00000000e+00  2.35928497e-05 -1.00756792e-04 -4.18651082e-03
  1.81720904e-04 -4.26484865e-04 -9.54538036e-05 -1.03900587e-04]","[ 0.          0.35373089 15.53654861 -0.26036212 -3.91424155  0.18021201
 -0.0563387  -0.07017095]"
1747093065.9004915,"[ 0.          0.12304673  0.72779685 -2.86073569 -1.6568127   1.2881111
  0.96092558  2.52642108]","[ 0.00000000e+00  2.31877636e-05 -1.00755793e-04 -2.47070609e-03
  1.87337193e-04 -4.25406727e-04 -8.48478263e-05 -1.03900587e-04]","[ 0.          0.32866344 15.55696011 -0.27367717 -3.89019799  0.16591702
 -0.06631441 -0.06494744]"
1747093065.9022884,"[ 0.          0.12304673  0.72779685 -2.86073595 -1.6568127   1.2881111
  0.96092558  2.52642108]","[ 0.00000000e+00  2.31567131e-05 -1.00755793e-04 -1.04029730e-03
  1.84343396e-04 -4.10076776e-04 -8.48478263e-05 -1.02612252e-04]","[ 0.          0.32185695 15.57328987 -0.2633782  -3.88201404  0.17093726
 -0.06447686 -0.0661369 ]"
1747093065.9040687,"[ 0.          0.12304673  0.72779685 -2.86073569 -1.65681217  1.28811017
  0.96092558  2.52642028]","[ 0.00000000e+00  2.27959616e-05 -9.53816248e-05  1.35048738e-04
  1.89546021e-04 -4.15676111e-04 -8.47836692e-05 -1.10763770e-04]","[ 0.          0.29985306 15.55927181 -0.25132513 -3.87623024  0.15828878
 -0.04330753 -0.05770701]"
1747093065.905127,"[ 0.          0.12304673  0.72779685 -2.86073515 -1.65681217  1.28811017
  0.96092558  2.52642028]","[ 0.00000000e+00  2.27959616e-05 -9.54538036e-05  2.63331691e-04
  1.89548833e-04 -4.15676111e-04 -8.48478263e-05 -1.09421242e-04]","[ 0.          0.29986906 15.54040241 -0.22777525 -3.87459564  0.17128477
 -0.04880587 -0.06279777]"
1747093065.9069,"[ 0.          0.12304673  0.72779639 -2.86073515 -1.6568111   1.28810923
  0.96092558  2.52641922]","[ 0.00000000e+00  2.23889128e-05 -9.54538036e-05  1.59566278e-04
  1.99289640e-04 -4.19059678e-04 -7.41857136e-05 -1.21577766e-04]","[ 0.          0.26270947 15.53789043 -0.23658772 -3.88003969  0.16768377
 -0.04735195 -0.075284  ]"
1747093065.9091198,"[ 0.          0.12304719  0.72779639 -2.86073595 -1.65681057  1.2881083
  0.96092465  2.52641922]","[ 0.00000000e+00  3.08328008e-05 -9.54538036e-05 -5.23934886e-05
  2.04279459e-04 -4.27502764e-04 -8.47836692e-05 -1.20121829e-04]","[ 0.          0.23669317 15.51687813 -0.27615151 -3.89000392  0.17459789
 -0.05504295 -0.07798139]"
1747093065.9102995,"[ 0.          0.12304719  0.72779592 -2.86073595 -1.65681004  1.2881083
  0.96092465  2.52641922]","[ 0.00000000e+00  3.03005790e-05 -9.54538036e-05 -4.38741526e-05
  2.08916356e-04 -4.27502764e-04 -8.48478263e-05 -1.20224867e-04]","[ 0.          0.22339527 15.50592709 -0.30055389 -3.90132928  0.16511551
 -0.05590747 -0.07100462]"
1747093065.9120898,"[ 0.          0.12304719  0.72779592 -2.86073569 -1.65680897  1.28810724
  0.96092465  2.52641842]","[ 0.00000000e+00  2.98226335e-05 -9.53816248e-05 -7.63083427e-05
  2.17596288e-04 -4.35699754e-04 -8.47828240e-05 -1.26426575e-04]","[ 0.          0.19536543 15.47032261 -0.31393817 -3.88987136  0.16105169
 -0.04154018 -0.07418821]"
1747093065.9137383,"[ 0.          0.12304719  0.72779592 -2.86073569 -1.65680897  1.28810724
  0.96092465  2.52641842]","[ 0.00000000e+00  2.13281509e-05 -9.01499209e-05 -1.32479098e-04
  2.14713332e-04 -4.16328410e-04 -7.42418490e-05 -1.26321976e-04]","[ 0.          0.17244376 15.45259762 -0.33941212 -3.91496062  0.17839317
 -0.03762391 -0.09893259]"
1747093065.914924,"[ 0.          0.12304719  0.72779592 -2.86073569 -1.65680844  1.28810724
  0.96092465  2.52641842]","[ 0.00000000e+00  2.09710932e-05 -9.01508150e-05 -6.62395490e-05
  2.14713332e-04 -4.16328410e-04 -7.41857136e-05 -1.24962820e-04]","[ 0.          0.15848728 15.43667793 -0.36619303 -3.91488767  0.1778702
 -0.03205714 -0.08708066]"
1747093065.9167085,"[ 0.          0.12304719  0.72779545 -2.86073595 -1.65680791  1.2881063
  0.96092465  2.52641736]","[ 0.00000000e+00  2.06504216e-05 -9.01508150e-05  0.00000000e+00
  2.18748824e-04 -4.19070894e-04 -7.42411095e-05 -1.23529900e-04]","[ 0.          0.15510792 15.40322113 -0.41706097 -3.93263602  0.17758569
 -0.03059748 -0.05734479]"
1747093065.9178324,"[ 0.          0.12304719  0.72779545 -2.86073595 -1.65680791  1.2881063
  0.96092465  2.52641736]","[ 0.00000000e+00  2.06504216e-05 -9.01508150e-05  0.00000000e+00
  2.15928220e-04 -4.19070894e-04 -7.42411095e-05 -1.23631256e-04]","[ 0.          0.1113203  15.40247154 -0.4408347  -3.92393875  0.17661719
 -0.01871465 -0.05280129]"
1747093065.9196372,"[ 0.          0.12304719  0.72779499 -2.86073595 -1.65680738  1.2881063
  0.96092465  2.52641736]","[ 0.00000000e+00  2.03394113e-05 -9.53806739e-05  0.00000000e+00
  2.19840469e-04 -4.13402802e-04 -7.41857136e-05 -1.22330396e-04]","[ 0.00000000e+00  5.63157760e-02  1.53596792e+01 -4.58244115e-01
 -3.93224192e+00  1.99285820e-01 -4.76317829e-04 -5.44468947e-02]"
1747093065.9213784,"[ 0.          0.12304719  0.72779499 -2.86073595 -1.65680738  1.2881063
  0.96092465  2.52641736]","[ 0.00000000e+00  2.00373268e-05 -9.01508150e-05  0.00000000e+00
  2.17079716e-04 -4.13408068e-04 -7.42418490e-05 -1.20958155e-04]","[ 0.00000000e+00  4.02652621e-02  1.53412294e+01 -4.75217730e-01
 -3.94086957e+00  2.06383467e-01 -2.07188958e-03 -6.39812946e-02]"
1747093065.9230425,"[ 0.          0.12304719  0.72779452 -2.86073595 -1.65680684  1.28810537
  0.96092365  2.52641656]","[ 0.00000000e+00  1.97221513e-05 -9.54538036e-05  0.00000000e+00
  2.21087054e-04 -4.13205828e-04 -8.48486716e-05 -1.28062020e-04]","[ 0.00000000e+00  2.33082045e-02  1.53104048e+01 -4.79942322e-01
 -3.95532584e+00  2.08344713e-01  1.78043125e-03 -6.93402141e-02]"
1747093065.924213,"[ 0.          0.12304719  0.72779452 -2.86073595 -1.65680684  1.28810537
  0.96092365  2.52641656]","[ 0.00000000e+00  1.97224439e-05 -9.00826511e-05  0.00000000e+00
  2.17079716e-04 -4.03669683e-04 -8.47828240e-05 -1.28062020e-04]","[ 0.00000000e+00  2.67587472e-02  1.52961044e+01 -5.01248717e-01
 -3.95122695e+00  1.97249293e-01 -2.60572205e-03 -7.30318353e-02]"
1747093065.9258857,"[ 0.          0.12304719  0.72779406 -2.86073595 -1.65680578  1.28810537
  0.96092365  2.52641656]","[ 0.00000000e+00  1.94385646e-05 -9.54538036e-05  0.00000000e+00
  2.23863462e-04 -4.03283895e-04 -8.48478263e-05 -1.26655920e-04]","[ 0.00000000e+00  3.72858420e-02  1.53046141e+01 -5.19903541e-01
 -3.95511627e+00  2.06448540e-01  4.55847988e-03 -6.57064244e-02]"
1747093065.9275615,"[ 0.          0.12304719  0.72779359 -2.86073595 -1.65680578  1.28810537
  0.96092365  2.52641549]","[ 0.00000000e+00  1.91415293e-05 -1.00755793e-04  0.00000000e+00
  2.13179413e-04 -3.98407924e-04 -8.48478263e-05 -1.36280231e-04]","[ 0.00000000e+00  2.29187496e-02  1.53077030e+01 -5.27981460e-01
 -3.95519733e+00  2.03393400e-01  1.07845841e-02 -6.41951934e-02]"
1747093065.928756,"[ 0.          0.12304719  0.72779359 -2.86073595 -1.65680524  1.28810537
  0.96092365  2.52641549]","[ 0.00000000e+00  1.88943672e-05 -9.54538036e-05  0.00000000e+00
  2.17079716e-04 -3.85345366e-04 -8.48478263e-05 -1.34918750e-04]","[ 0.00000000e+00 -1.39331240e-02  1.52740259e+01 -5.74770451e-01
 -3.96137214e+00  2.03243315e-01  1.48392934e-02 -5.68641312e-02]"
1747093065.9304965,"[ 0.          0.12304719  0.72779312 -2.86073595 -1.65680471  1.28810537
  0.96092365  2.52641549]","[ 0.00000000e+00  1.88943672e-05 -9.54538036e-05  0.00000000e+00
  2.21087054e-04 -3.80741953e-04 -8.48469811e-05 -1.33582845e-04]","[ 0.         -0.03220535 15.26477718 -0.58732265 -3.95851946  0.1976136
  0.02180099 -0.06779873]"
1747093065.93263,"[ 0.          0.12304719  0.72779272 -2.86073595 -1.65680365  1.28810444
  0.96092365  2.52641549]","[ 0.00000000e+00  1.86138710e-05 -9.52376087e-05  0.00000000e+00
  2.26707553e-04 -3.75905220e-04 -8.47836692e-05 -1.32274460e-04]","[ 0.         -0.0594726  15.21922112 -0.60415608 -3.94094062  0.19295979
  0.02394893 -0.07061136]"
1747093065.933764,"[ 0.          0.12304765  0.72779226 -2.86073595 -1.65680258  1.28810444
  0.96092365  2.52641443]","[ 0.00000000e+00  2.57047710e-05 -1.00604543e-04  0.00000000e+00
  2.22893645e-04 -3.71523326e-04 -8.48478263e-05 -1.32274460e-04]","[ 0.00000000e+00 -3.32692266e-02  1.51993256e+01 -5.89133024e-01
 -3.89551139e+00  1.92189261e-01  1.13553172e-02 -3.89121324e-02]"
1747093065.9355,"[ 0.          0.12304719  0.72779179 -2.86073595 -1.65680205  1.28810444
  0.96092365  2.52641443]","[ 0.00000000e+00  1.81145242e-05 -1.00756792e-04  0.00000000e+00
  2.22896554e-04 -3.58929324e-04 -8.46556558e-05 -1.32275769e-04]","[ 0.00000000e+00 -1.00943958e-03  1.51738672e+01 -5.98368347e-01
 -3.86892152e+00  2.06438601e-01  4.69868910e-03 -2.41579469e-02]"
1747093065.9372406,"[ 0.          0.12304719  0.72779179 -2.86073595 -1.65680152  1.28810444
  0.96092365  2.52641363]","[ 0.00000000e+00  1.81142763e-05 -1.00528593e-04  0.00000000e+00
  2.26710479e-04 -3.54793524e-04 -8.47204549e-05 -1.40106542e-04]","[ 0.         -0.0177717  15.16456223 -0.61372048 -3.86781955  0.21283987
  0.01922848 -0.0258073 ]"
1747093065.9384546,"[ 0.          0.12304719  0.72779133 -2.86073569 -1.65680045  1.28810444
  0.96092365  2.52641363]","[ 0.00000000e+00  1.08799635e-05 -1.00605543e-04  8.79831239e-06
  2.32861659e-04 -3.33004075e-04 -8.48478263e-05 -1.40210929e-04]","[ 0.         -0.03892925 15.12967491 -0.62629229 -3.86484337  0.20394422
  0.01628093 -0.03144712]"
1747093065.9402235,"[ 0.          0.12304765  0.72779086 -2.86073569 -1.65679939  1.28810351
  0.96092365  2.52641363]","[ 0.00000000e+00  1.78745244e-05 -1.05899518e-04  8.79860294e-06
  2.50498892e-04 -3.32712434e-04 -7.68933393e-05 -1.40212311e-04]","[ 0.         -0.07473754 15.12967491 -0.63564003 -3.84710526  0.20258795
  0.01803968 -0.0323953 ]"
1747093065.942005,"[ 0.          0.12304765  0.72779086 -2.86073569 -1.65679832  1.28810351
  0.96092365  2.52641256]","[ 0.00000000e+00  1.76410345e-05 -1.00604543e-04  8.52102490e-06
  2.92887513e-04 -3.11772550e-04 -7.67771511e-05 -1.42857835e-04]","[ 0.         -0.06411644 15.11594105 -0.62648612 -3.83355522  0.19308452
  0.01855441 -0.04165766]"
1747093065.9438334,"[ 0.          0.12304765  0.72779039 -2.86073569 -1.65679672  1.28810351
  0.96092272  2.52641256]","[ 0.00000000e+00  1.73962761e-05 -9.53095680e-05  0.00000000e+00
  3.46246052e-04 -2.98508369e-04 -7.40744343e-05 -1.42856421e-04]","[ 0.         -0.04824617 15.097579   -0.61133754 -3.77331901  0.19672313
  0.01886517 -0.04414857]"
1747093065.9449866,"[ 0.          0.12304765  0.72778993 -2.86073569 -1.65679566  1.28810351
  0.96092272  2.52641256]","[ 0.00000000e+00  1.73960486e-05 -1.00528593e-04  0.00000000e+00
  3.92421208e-04 -2.89948478e-04 -7.41296676e-05 -1.42748653e-04]","[ 0.         -0.05781889 15.07302475 -0.60168093 -3.75159502  0.19844027
  0.02659011 -0.03293495]"
1747093065.9472938,"[ 0.          0.12304765  0.72778946 -2.86073569 -1.65679406  1.28810351
  0.96092272  2.52641256]","[ 0.00000000e+00  2.40686434e-05 -1.00604543e-04  0.00000000e+00
  4.19541206e-04 -2.80595295e-04 -7.41296676e-05 -1.32275769e-04]","[ 0.         -0.06608077 15.06620693 -0.59842741 -3.72696972  0.18402584
  0.01512333 -0.04211137]"
1747093065.9491298,"[ 0.          0.12304765  0.727789   -2.86073569 -1.65679193  1.28810351
  0.96092272  2.52641176]","[ 0.00000000e+00  1.71750362e-05 -1.00528593e-04  0.00000000e+00
  4.73661373e-04 -2.64834872e-04 -6.61872009e-05 -1.40105160e-04]","[ 0.00000000e+00 -4.44979779e-02  1.50645237e+01 -5.86877763e-01
 -3.71651554e+00  1.91093013e-01 -5.57411741e-03 -3.27290408e-02]"
1747093065.9508307,"[ 0.          0.12304765  0.72778853 -2.86073569 -1.65678873  1.28810351
  0.96092272  2.52641176]","[ 0.00000000e+00  1.69593533e-05 -1.05900567e-04  0.00000000e+00
  5.78389240e-04 -2.40407586e-04 -6.61878551e-05 -1.40210929e-04]","[ 0.00000000e+00 -3.64603102e-02  1.50534868e+01 -5.67087889e-01
 -3.70584464e+00  1.89876214e-01 -3.91178299e-03 -2.23062858e-02]"
1747093065.9526541,"[ 0.          0.12304765  0.72778813 -2.86073569 -1.65678767  1.28810351
  0.96092272  2.52641176]","[ 0.00000000e+00  1.67330236e-05 -1.05898462e-04  0.00000000e+00
  6.54361046e-04 -2.31161131e-04 -6.61372301e-05 -1.40210929e-04]","[ 0.00000000e+00 -5.77071644e-02  1.50500507e+01 -5.54760993e-01
 -3.71333551e+00  1.74286440e-01 -2.07963516e-03 -2.79079359e-02]"
1747093065.9538624,"[ 0.          0.1230481   0.72778813 -2.86073569 -1.65678447  1.28810258
  0.96092272  2.52641176]","[ 0.00000000e+00  2.34486263e-05 -1.00528593e-04  0.00000000e+00
  8.68618793e-04 -2.21917244e-04 -6.61872009e-05 -1.40212311e-04]","[ 0.         -0.05065463 15.04539299 -0.5481205  -3.71358299  0.17187488
 -0.02445701 -0.02326092]"
1747093065.9555588,"[ 0.          0.1230481   0.72778766 -2.86073569 -1.65678074  1.28810258
  0.96092272  2.5264107 ]","[ 0.00000000e+00  2.97508184e-05 -1.05819570e-04  0.00000000e+00
  1.15457214e-03 -2.09586096e-04 -5.82447383e-05 -1.50792882e-04]","[ 0.         -0.04706799 15.04426956 -0.53366292 -3.71013498  0.18237735
 -0.0253556  -0.02442463]"
1747093065.9579415,"[ 0.          0.12304765  0.7277872  -2.86073569 -1.65677382  1.28810258
  0.96092272  2.5264107 ]","[ 0.00000000e+00  2.28597530e-05 -1.08466135e-04  0.00000000e+00
  1.76631481e-03 -1.84766391e-04 -5.82007654e-05 -1.42856421e-04]","[ 0.         -0.05593494 15.07408524 -0.51107365 -3.71060991  0.19143833
 -0.02068123 -0.02820289]"
1747093065.9591541,"[ 0.          0.1230481   0.7277872  -2.86073569 -1.65676956  1.28810258
  0.96092272  2.5264107 ]","[ 0.00000000e+00  2.90399926e-05 -1.05820618e-04  0.00000000e+00
  2.30091449e-03 -1.75682466e-04 -5.82447383e-05 -1.42857835e-04]","[ 0.00000000e+00 -4.35162559e-02  1.50819759e+01 -5.05661488e-01
 -3.73935556e+00  1.91206813e-01 -4.18178272e-03 -2.70139351e-02]"
1747093065.9621353,"[ 0.          0.1230481   0.72778673 -2.86073569 -1.6567605   1.28810258
  0.96092178  2.5264099 ]","[ 0.00000000e+00  2.22994614e-05 -1.08547010e-04  0.00000000e+00
  3.59827341e-03 -1.73700310e-04 -6.61372301e-05 -1.50679132e-04]","[ 0.00000000e+00 -1.97866857e-02  1.50800571e+01 -4.91976321e-01
 -3.77807426e+00  1.94080219e-01 -7.67549407e-03 -4.19236012e-02]"
1747093065.9632928,"[ 0.          0.1230481   0.72778627 -2.86073569 -1.65674985  1.28810258
  0.96092178  2.5264099 ]","[ 0.00000000e+00  2.20395192e-05 -1.13756038e-04  0.00000000e+00
  5.26663408e-03 -1.64415217e-04 -6.61878551e-05 -1.50792882e-04]","[ 0.         -0.03546316 15.1261158  -0.49139014 -3.81296325  0.19442759
 -0.03636545 -0.04505268]"
1747093065.9649765,"[ 0.          0.1230481   0.72778627 -2.86073515 -1.65673654  1.28810258
  0.96092178  2.52640883]","[ 0.00000000e+00  2.17855668e-05 -1.13841985e-04  1.01756122e-05
  6.30014448e-03 -1.62722280e-04 -5.82007654e-05 -1.61253104e-04]","[ 0.         -0.02509821 15.15455246 -0.48113802 -3.82979679  0.21398987
 -0.05019967 -0.03737792]"
1747093065.9672258,"[ 0.          0.1230481   0.7277858  -2.86073515 -1.65671896  1.28810258
  0.96092178  2.52640883]","[ 0.00000000e+00  2.80096879e-05 -1.13757160e-04  9.98747786e-06
  8.58245273e-03 -1.50539326e-04 -5.82447383e-05 -1.61376444e-04]","[ 0.         -0.03282526 15.19262123 -0.47846788 -3.87519455  0.24120741
 -0.05042753 -0.0290251 ]"
1747093065.9688694,"[ 0.          0.1230481   0.7277858  -2.86073569 -1.65669925  1.28810258
  0.96092178  2.52640883]","[ 0.00000000e+00  2.76909424e-05 -1.13841985e-04  0.00000000e+00
  1.02741239e-02 -1.48751688e-04 -5.82007654e-05 -1.61376444e-04]","[ 0.         -0.02927965 15.25672436 -0.46255586 -3.92278051  0.23497464
 -0.02623213 -0.02036722]"
1747093065.9705305,"[ 0.          0.1230481   0.7277858  -2.86073569 -1.65667209  1.28810258
  0.96092178  2.52640777]","[ 0.00000000e+00  2.13133266e-05 -1.13757160e-04  0.00000000e+00
  1.40450684e-02 -1.47256375e-04 -5.82453112e-05 -1.71956804e-04]","[ 0.         -0.03126546 15.31470299 -0.45167413 -3.97067928  0.2287349
 -0.03821516 -0.02452314]"
1747093065.9724183,"[ 0.          0.1230481   0.7277858  -2.86073569 -1.65665611  1.28810258
  0.96092085  2.52640777]","[ 0.00000000e+00  2.13130828e-05 -1.13756038e-04  0.00000000e+00
  1.62058481e-02 -1.47256375e-04 -6.61872009e-05 -1.71958494e-04]","[ 0.         -0.0543589  15.35325909 -0.44927958 -3.98005986  0.22802575
 -0.05198881 -0.03166319]"
1747093065.9736223,"[ 0.          0.1230481   0.7277858  -2.86073515 -1.65662042  1.28810258
  0.96092085  2.52640777]","[ 0.00000000e+00  2.10936289e-05 -1.13841985e-04  8.96702342e-06
  1.89068230e-02 -1.33901794e-04 -6.61372301e-05 -1.71958494e-04]","[ 0.         -0.07169911 15.42583942 -0.46685323 -4.05949497  0.25662419
 -0.07900222 -0.05503772]"
1747093065.9753106,"[ 0.          0.1230481   0.7277858  -2.86073515 -1.65657781  1.28810258
  0.96092085  2.52640697]","[ 0.00000000e+00  2.10755049e-05 -1.13841985e-04  8.82045833e-06
  2.16077989e-02 -1.32583046e-04 -6.61872009e-05 -1.69311312e-04]","[ 0.         -0.07366303 15.52388    -0.47340897 -4.13476467  0.28275347
 -0.08615249 -0.03987803]"
1747093065.9770288,"[ 0.          0.1230481   0.7277858  -2.86073515 -1.65655597  1.28810258
  0.96092085  2.52640697]","[ 0.00000000e+00  2.08431651e-05 -1.13843115e-04  8.67874931e-06
  2.21479940e-02 -1.32474083e-04 -6.61872009e-05 -1.69183583e-04]","[ 0.         -0.08409145 15.58583546 -0.47363326 -4.16086388  0.28373551
 -0.08768183 -0.03103059]"
1747093065.9788287,"[ 0.          0.12304857  0.72778627 -2.86073515 -1.6565123   1.28810258
  0.96092085  2.52640697]","[ 0.00000000e+00  2.68211462e-05 -1.11110546e-04  1.27966869e-05
  2.05630137e-02 -1.31077899e-04 -6.61372301e-05 -1.69312986e-04]","[ 0.         -0.08712661 15.68923378 -0.5055722  -4.21223974  0.30051446
 -0.08254854 -0.03037717]"
1747093065.9805548,"[ 0.          0.1230481   0.72778627 -2.86073515 -1.65647395  1.28810258
  0.96092085  2.5264059 ]","[ 0.00000000e+00  2.06158926e-05 -1.11194501e-04  1.28122823e-05
  1.88876669e-02 -1.29603806e-04 -6.61878551e-05 -1.79757554e-04]","[ 0.         -0.06827448 15.82178879 -0.55352181 -4.2201438   0.31790432
 -0.0664702  -0.03945759]"
1747093065.982379,"[ 0.          0.1230481   0.72778627 -2.86073515 -1.65645797  1.28810258
  0.96092085  2.5264059 ]","[ 0.00000000e+00  2.06158926e-05 -1.11194501e-04  1.25977341e-05
  1.62058481e-02 -1.18427875e-04 -6.61372301e-05 -1.80165302e-04]","[ 0.         -0.07498195 15.87894058 -0.54648489 -4.22406292  0.30413482
 -0.06987817 -0.03951494]"
1747093065.9841216,"[ 0.          0.1230481   0.72778627 -2.86073515 -1.65642974  1.28810258
  0.96092085  2.5264059 ]","[ 0.00000000e+00  2.03763601e-05 -1.11111643e-04  1.24048738e-05
  1.29646791e-02 -1.17205542e-04 -6.61872009e-05 -1.80165302e-04]","[ 0.         -0.08861264 15.96624947 -0.56135857 -4.17933607  0.30806413
 -0.07470174 -0.02463889]"
1747093065.985342,"[ 0.          0.1230481   0.72778673 -2.86073515 -1.65641909  1.28810258
  0.96091985  2.5264059 ]","[ 0.00000000e+00  2.03933015e-05 -1.05899518e-04  1.24048738e-05
  1.08038994e-02 -1.17112281e-04 -7.67771511e-05 -1.80165302e-04]","[ 0.         -0.11311226 16.02592468 -0.5712564  -4.15748119  0.30584109
 -0.07736281 -0.02437672]"
1747093065.9871197,"[ 0.          0.1230481   0.72778673 -2.86073515 -1.65640257  1.28810258
  0.96091985  2.5264051 ]","[ 0.00000000e+00  2.01756803e-05 -1.05819570e-04  1.22034594e-05
  7.51597687e-03 -1.15914403e-04 -7.67199429e-05 -1.88111889e-04]","[ 0.         -0.10054708 16.08917618 -0.57316875 -4.02873611  0.27550986
 -0.09079601 -0.03518806]"
1747093065.9883082,"[ 0.          0.1230481   0.72778673 -2.86073515 -1.65639192  1.28810258
  0.96091985  2.5264051 ]","[ 0.00000000e+00  1.42475979e-05 -1.05899518e-04  1.20223959e-05
  4.86175453e-03 -1.14741964e-04 -6.61872009e-05 -1.80029186e-04]","[ 0.         -0.14001012 16.11445236 -0.62120515 -3.90774918  0.25208145
 -0.08786865 -0.03536442]"
1747093065.9900827,"[ 0.          0.1230481   0.72778673 -2.86073515 -1.65638766  1.28810258
  0.96091985  2.5264051 ]","[ 0.00000000e+00  1.42474455e-05 -1.05900567e-04  1.20363424e-05
  4.32155961e-03 -1.06547209e-04 -6.61378843e-05 -1.80165302e-04]","[ 0.         -0.12740548 16.15051842 -0.6212458  -3.82775164  0.22344729
 -0.08446345 -0.02231052]"
1747093065.9917855,"[ 0.          0.1230481   0.72778673 -2.86073515 -1.6563818   1.28810258
  0.96091985  2.52640404]","[ 0.00000000e+00  1.41100602e-05 -1.05899518e-04  1.18468020e-05
  2.50768450e-03 -1.05480295e-04 -6.61872009e-05 -1.90763250e-04]","[ 0.         -0.12669073 16.13030624 -0.65047866 -3.6821897   0.19753528
 -0.09887712 -0.03746768]"
1747093065.9935436,"[ 0.          0.1230481   0.72778673 -2.86073515 -1.65637914  1.28810258
  0.96091985  2.52640404]","[ 0.00000000e+00  1.40987064e-05 -1.00605543e-04  1.16759230e-05
  2.69823809e-03 -1.05561771e-04 -6.61872009e-05 -1.90765151e-04]","[ 0.         -0.1348999  16.12724304 -0.66325414 -3.63564467  0.19490452
 -0.10601609 -0.03600416]"
1747093065.9947364,"[ 0.          0.12304857  0.72778673 -2.86073515 -1.65637594  1.28810258
  0.96091985  2.52640404]","[ 0.00000000e+00  1.95342577e-05 -1.00604543e-04  1.15100678e-05
  1.62058489e-03 -1.04433495e-04 -6.61378843e-05 -1.80165302e-04]","[ 0.         -0.09974562 16.11198044 -0.68102586 -3.51876068  0.18246105
 -0.10556977 -0.03586064]"
1747093065.9975395,"[ 0.          0.12304857  0.72778673 -2.86073515 -1.65637435  1.28810258
  0.96091985  2.52640324]","[ 0.00000000e+00  1.95340525e-05 -1.00604543e-04  1.15100678e-05
  1.62058489e-03 -1.03408291e-04 -6.61872009e-05 -1.88113759e-04]","[ 0.         -0.10185728 16.07976723 -0.70661163 -3.48778272  0.1751153
 -0.09335682 -0.03445886]"
1747093065.9993072,"[ 0.          0.12304857  0.72778673 -2.86073515 -1.65637115  1.28810258
  0.96091892  2.52640324]","[ 0.00000000e+00  1.93342951e-05 -1.00605543e-04  1.13486977e-05
  1.57999015e-03 -9.53816248e-05 -7.40737029e-05 -1.88115644e-04]","[ 0.         -0.0905157  16.05910492 -0.71313387 -3.47138071  0.16549049
 -0.09051703 -0.02915121]"
1747093065.999895,"[ 0.          0.12304857  0.72778673 -2.86073515 -1.65636795  1.28810164
  0.96091892  2.52640324]","[ 0.00000000e+00  1.91387802e-05 -1.00528593e-04  1.11800446e-05
  1.57180470e-03 -9.54538036e-05 -6.61372301e-05 -1.77515811e-04]","[ 0.         -0.09020744 16.05980492 -0.70037055 -3.4514339   0.15584002
 -0.11180282 -0.04081275]"
1747093066.001724,"[ 0.          0.12304857  0.72778673 -2.86073515 -1.65636476  1.28810164
  0.96091892  2.52640218]","[ 0.00000000e+00  1.91238584e-05 -1.00605543e-04  1.10280393e-05
  1.57972968e-03 -9.53816248e-05 -6.61372301e-05 -1.88113759e-04]","[ 0.         -0.09008548 16.04945946 -0.68214732 -3.44680882  0.16085774
 -0.11990362 -0.04088289]"
1747093066.003404,"[ 0.          0.12304857  0.72778673 -2.86073515 -1.65636316  1.28810164
  0.96091892  2.52640218]","[ 0.00000000e+00  1.89321674e-05 -1.00604543e-04  1.10396197e-05
  1.58543961e-03 -8.47836692e-05 -6.61372301e-05 -1.88113759e-04]","[ 0.         -0.0954775  16.05487251 -0.68431079 -3.4641633   0.16128926
 -0.10465719 -0.03016675]"
1747093066.004629,"[ 0.          0.12304857  0.72778673 -2.86073515 -1.65635996  1.28810164
  0.96091892  2.52640218]","[ 0.00000000e+00  1.89321674e-05 -1.00604543e-04  1.08798152e-05
  1.58974918e-03 -8.47836692e-05 -6.61872009e-05 -1.80299842e-04]","[ 0.         -0.05405289 16.06633377 -0.6778419  -3.5216496   0.16252671
 -0.09399451 -0.03995282]"
1747093066.006395,"[ 0.          0.12304857  0.72778673 -2.86073515 -1.65635943  1.28810164
  0.96091892  2.52640111]","[ 0.00000000e+00  1.87444730e-05 -1.00604543e-04  1.09023817e-05
  1.47494522e-03 -7.41849740e-05 -6.61372301e-05 -1.90765151e-04]","[ 0.         -0.05322459 16.05288506 -0.67096752 -3.57872963  0.17572901
 -0.10941658 -0.05958198]"
1747093066.007606,"[ 0.          0.12304903  0.72778673 -2.86073515 -1.65635677  1.28810164
  0.96091799  2.52640111]","[ 0.00000000e+00  2.38634509e-05 -9.53095680e-05  1.07247144e-05
  1.43609648e-03 -6.62873661e-05 -7.41303991e-05 -1.80165302e-04]","[ 0.         -0.01839566 16.05016518 -0.62517637 -3.67013335  0.18498264
 -0.10607249 -0.036229  ]"
1747093066.0093508,"[ 0.          0.12304903  0.72778673 -2.86073515 -1.65635624  1.28810164
  0.96091799  2.52640111]","[ 0.00000000e+00  1.85604623e-05 -9.53095680e-05  1.05846207e-05
  1.17026957e-03 -6.62372408e-05 -6.61372301e-05 -1.80165302e-04]","[ 0.00000000e+00  5.27412351e-03  1.59943275e+01 -5.83081841e-01
 -3.77332497e+00  2.15746045e-01 -1.03327729e-01 -3.03095300e-02]"
1747093066.0111215,"[ 0.          0.12304903  0.7277872  -2.86073515 -1.65635624  1.28810164
  0.96091799  2.52640111]","[ 0.00000000e+00  1.85604623e-05 -8.73671094e-05  1.05954290e-05
  1.01068732e-03 -6.62372408e-05 -6.61372301e-05 -1.72216829e-04]","[ 0.          0.01599231 15.98026752 -0.56893349 -3.83976698  0.22619186
 -0.11646009 -0.01898948]"
1747093066.0122855,"[ 0.          0.12304903  0.7277872  -2.86073515 -1.65635624  1.28810164
  0.96091799  2.52640031]","[ 0.00000000e+00  1.85604623e-05 -8.73011481e-05  1.04481396e-05
  8.44610031e-04 -5.56808321e-05 -6.61878551e-05 -1.80165302e-04]","[ 0.          0.03404472 15.97272587 -0.54450911 -3.89987755  0.24410415
 -0.1319419  -0.03872643]"
1747093066.0141103,"[ 0.          0.12304949  0.72778673 -2.86073515 -1.65635624  1.28810258
  0.96091799  2.52640031]","[ 0.00000000e+00  2.38454062e-05 -9.00154869e-05  1.03352826e-05
  5.31887593e-04 -4.76908124e-05 -6.61378843e-05 -1.80165302e-04]","[ 0.          0.05113149 15.88924694 -0.52507341 -3.97505665  0.27847692
 -0.1246975  -0.03986308]"
1747093066.015254,"[ 0.          0.12304949  0.72778673 -2.86073515 -1.65635624  1.28810258
  0.96091799  2.52640031]","[ 0.00000000e+00  2.38636886e-05 -9.00154869e-05  1.03352826e-05
  3.72321299e-04 -4.76908124e-05 -6.61372301e-05 -1.80165302e-04]","[ 0.          0.05559773 15.87778282 -0.54123831 -4.00894833  0.28691077
 -0.12520503 -0.03045787]"
1747093066.0170624,"[ 0.          0.12304949  0.72778673 -2.86073462 -1.6563557   1.28810258
  0.96091799  2.52639925]","[ 0.00000000e+00  2.38454062e-05 -8.73671094e-05  1.35674822e-05
  3.36652430e-04 -3.70928568e-05 -6.61872009e-05 -1.80303434e-04]","[ 0.          0.07543769 15.81820488 -0.50784081 -4.09135723  0.2794162
 -0.12202829 -0.02810549]"
1747093066.018888,"[ 0.          0.12304949  0.72778673 -2.86073462 -1.6563557   1.28810258
  0.96091799  2.52639925]","[ 0.00000000e+00  2.38634509e-05 -8.73671094e-05  1.34375832e-05
  9.61777205e-05 -3.70928568e-05 -6.61378843e-05 -1.80167090e-04]","[ 0.          0.0878346  15.76402378 -0.47709742 -4.14243317  0.29796663
 -0.11815216 -0.04247067]"
1747093066.0205956,"[ 0.          0.12304994  0.72778673 -2.86073462 -1.6563557   1.28810258
  0.96091799  2.52639925]","[ 0.00000000e+00  2.64948971e-05 -8.20729389e-05  1.32599484e-05
  4.80888602e-05 -3.71209245e-05 -6.61878551e-05 -1.80301630e-04]","[ 0.          0.10601308 15.67374039 -0.44458708 -4.12778759  0.290261
 -0.11693602 -0.02938937]"
1747093066.022881,"[ 0.          0.12304994  0.72778673 -2.86073462 -1.6563557   1.28810258
  0.96091799  2.52639925]","[ 0.00000000e+00  2.64948971e-05 -8.20729389e-05  1.32350717e-05
  4.80888602e-05 -2.64948971e-05 -6.61372301e-05 -1.72216829e-04]","[ 0.          0.09659112 15.64940166 -0.4281871  -4.09838915  0.29634023
 -0.11124308 -0.01862685]"
1747093066.0251093,"[ 0.          0.12304994  0.72778673 -2.86073462 -1.65635464  1.28810258
  0.96091799  2.52639845]","[ 0.00000000e+00  2.64948971e-05 -7.67771511e-05  1.30991778e-05
  1.22462953e-04 -2.65149452e-05 -5.55977993e-05 -1.80301630e-04]","[ 0.00000000e+00  8.55180919e-02  1.55738087e+01 -4.30333972e-01
 -4.07446384e+00  2.73084521e-01 -8.52218196e-02 -1.22002941e-02]"
1747093066.0267973,"[ 0.          0.12304994  0.72778673 -2.86073435 -1.65635357  1.28810258
  0.96091799  2.52639845]","[ 0.00000000e+00  2.65149452e-05 -7.41296676e-05  1.59717474e-05
  1.77307654e-04 -2.64948971e-05 -5.55552731e-05 -1.69567338e-04]","[ 0.00000000e+00  1.15698077e-01  1.54859228e+01 -4.20496374e-01
 -4.00329590e+00  2.61775285e-01 -8.54048878e-02 -1.08637596e-02]"
1747093066.029082,"[ 0.          0.12304994  0.72778673 -2.86073435 -1.65635251  1.28810258
  0.96091799  2.52639738]","[ 0.00000000e+00  2.65149452e-05 -6.87834010e-05  1.57850628e-05
  2.18445366e-04 -2.65149452e-05 -5.55972507e-05 -1.80301630e-04]","[ 0.          0.0727801  15.415061   -0.41776949 -3.9009521   0.26130331
 -0.11257041 -0.01833473]"
1747093066.030859,"[ 0.          0.12304994  0.72778627 -2.86073435 -1.65635091  1.28810258
  0.96091699  2.52639738]","[ 0.00000000e+00  2.65149452e-05 -6.88346925e-05  1.56025090e-05
  2.79729117e-04 -1.85184257e-05 -6.61378843e-05 -1.80165302e-04]","[ 0.          0.05933186 15.3623457  -0.4046247  -3.80868411  0.23269193
 -0.09422906 -0.02672308]"
1747093066.0319326,"[ 0.          0.1230504   0.72778627 -2.86073435 -1.65635038  1.28810258
  0.96091699  2.52639738]","[ 0.00000000e+00  3.18179359e-05 -6.88346925e-05  1.56025090e-05
  2.92552765e-04 -1.85325998e-05 -6.61378843e-05 -1.80165302e-04]","[ 0.          0.05698659 15.31410599 -0.41434705 -3.78799391  0.23197094
 -0.08309831 -0.03135196]"
1747093066.033659,"[ 0.          0.1230504   0.72778627 -2.86073435 -1.65634878  1.28810258
  0.96091699  2.52639738]","[ 0.00000000e+00  2.64948971e-05 -6.35403432e-05  1.54243083e-05
  3.37796204e-04 -1.85184257e-05 -6.61372301e-05 -1.69567338e-04]","[ 0.          0.06963318 15.28481007 -0.41799966 -3.74176931  0.20408446
 -0.08025952 -0.01702634]"
1747093066.0352883,"[ 0.          0.1230504   0.72778627 -2.86073435 -1.65634718  1.28810258
  0.96091699  2.52639738]","[ 0.00000000e+00  2.65149452e-05 -5.83328791e-05  1.52501326e-05
  3.92643344e-04 -1.85184257e-05 -6.61372301e-05 -1.69567338e-04]","[ 0.          0.06935428 15.27413654 -0.41620767 -3.71588802  0.1970939
 -0.07984302 -0.02744215]"
1747093066.036971,"[ 0.          0.1230504   0.72778627 -2.86073382 -1.65634452  1.28810258
  0.96091699  2.52639658]","[ 0.00000000e+00  3.18179359e-05 -5.55552731e-05  2.10933911e-05
  4.68098448e-04 -1.85184257e-05 -6.62873661e-05 -1.69693962e-04]","[ 0.          0.05753848 15.24135494 -0.42996803 -3.65762067  0.19557476
 -0.08204752 -0.01562692]"
1747093066.0387683,"[ 0.          0.1230504   0.72778627 -2.86073382 -1.65634132  1.28810258
  0.96091699  2.52639658]","[ 0.00000000e+00  3.17935580e-05 -5.56813848e-05  2.08606592e-05
  5.50686903e-04 -1.85186086e-05 -6.61378843e-05 -1.69567338e-04]","[ 0.00000000e+00  6.13513850e-02  1.52162123e+01 -4.40971524e-01
 -3.62433982e+00  2.01432779e-01 -6.31596521e-02 -6.37345435e-03]"
1747093066.039818,"[ 0.          0.1230504   0.72778627 -2.86073382 -1.65633919  1.28810258
  0.96091699  2.52639658]","[ 0.00000000e+00  2.65149452e-05 -5.03403034e-05  2.08608928e-05
  6.07247802e-04 -1.05899522e-05 -6.61372301e-05 -1.69567338e-04]","[ 0.00000000e+00  6.55387565e-02  1.52194118e+01 -4.47307557e-01
 -3.61633301e+00  1.95851088e-01 -6.81338608e-02 -6.72867801e-03]"
1747093066.042042,"[ 0.          0.12305087  0.72778627 -2.86073382 -1.65633387  1.28810258
  0.96091699  2.52639552]","[ 0.00000000e+00  3.18179359e-05 -4.50754075e-05  2.06158926e-05
  8.69690234e-04 -1.05819570e-05 -6.62372408e-05 -1.69567338e-04]","[ 0.00000000e+00  5.57157174e-02  1.52204638e+01 -4.27926511e-01
 -3.59278703e+00  1.71341389e-01 -7.64456987e-02 -8.84348433e-03]"
1747093066.0432508,"[ 0.          0.12305087  0.72778627 -2.86073382 -1.65633014  1.28810258
  0.96091699  2.52639552]","[ 0.00000000e+00  3.17938749e-05 -4.50754075e-05  2.06330067e-05
  1.24527254e-03 -1.05820616e-05 -6.62372408e-05 -1.69569029e-04]","[ 0.          0.06256033 15.21699619 -0.42012167 -3.5947144   0.1637335
 -0.0799248  -0.02012282]"
1747093066.0449777,"[ 0.          0.12305087  0.72778627 -2.86073382 -1.65632268  1.28810258
  0.96091699  2.52639552]","[ 0.00000000e+00  3.18182529e-05 -4.23918346e-05  2.04102693e-05
  2.59619117e-03 -1.05820616e-05 -5.83322980e-05 -1.69695653e-04]","[ 0.          0.06782064 15.23587132 -0.43302274 -3.62959862  0.16930163
 -0.07789247 -0.02117762]"
1747093066.0467582,"[ 0.          0.12305087  0.72778627 -2.86073382 -1.65631735  1.28810258
  0.96091699  2.52639552]","[ 0.00000000e+00  3.18179359e-05 -3.71209245e-05  2.01756803e-05
  3.59827341e-03 -1.05820616e-05 -5.82887721e-05 -1.69567338e-04]","[ 0.          0.06782064 15.23391151 -0.42835703 -3.66218972  0.16930163
 -0.06666224 -0.02693473]"
1747093066.0478568,"[ 0.          0.12305087  0.72778627 -2.86073382 -1.65630777  1.28810258
  0.96091699  2.52639552]","[ 0.00000000e+00  3.18179359e-05 -3.18179359e-05  1.99626570e-05
  4.91552490e-03 -1.05819570e-05 -5.82887721e-05 -1.61617256e-04]","[ 0.          0.07811809 15.25783634 -0.42932317 -3.72063899  0.18673936
 -0.08033759 -0.02314977]"
1747093066.0502126,"[ 0.          0.12305087  0.72778627 -2.86073382 -1.65629605  1.28810258
  0.96091699  2.52639445]","[ 0.00000000e+00  3.18179359e-05 -2.65149452e-05  1.99464248e-05
  5.58012767e-03 -1.05819570e-05 -5.82887721e-05 -1.71958494e-04]","[ 0.          0.08371186 15.28004837 -0.4178901  -3.79445601  0.17936586
 -0.10600138 -0.03131687]"
1747093066.0513108,"[ 0.          0.12305087  0.72778627 -2.86073382 -1.65628859  1.28810258
  0.96091699  2.52639445]","[ 0.00000000e+00  3.17935580e-05 -2.12119566e-05  1.97381885e-05
  6.31787791e-03 -1.05819570e-05 -5.82887721e-05 -1.71958494e-04]","[ 0.00000000e+00  9.80324671e-02  1.52915230e+01 -4.26670551e-01
 -3.82258487e+00  1.88860267e-01 -9.19800028e-02 -9.79379378e-03]"
1747093066.0529444,"[ 0.          0.12305132  0.72778627 -2.86073329 -1.65627261  1.28810258
  0.96091606  2.52639445]","[ 0.00000000e+00  3.71209245e-05 -1.85464284e-05  2.51354907e-05
  8.10292405e-03 -1.05739739e-05 -6.62873661e-05 -1.71956804e-04]","[ 0.          0.11689321 15.32885838 -0.44615707 -3.88538432  0.23031192
 -0.0950289  -0.02639813]"
1747093066.054624,"[ 0.          0.12305132  0.72778627 -2.86073329 -1.65625291  1.28810258
  0.96091606  2.52639445]","[ 0.00000000e+00  3.17938749e-05 -1.85604623e-05  2.51152110e-05
  1.00213025e-02  0.00000000e+00 -6.62372408e-05 -1.61376444e-04]","[ 0.00000000e+00  9.56097022e-02  1.53644972e+01 -4.37017798e-01
 -3.98545647e+00  2.49013230e-01 -1.19328387e-01 -4.62622615e-03]"
1747093066.0557592,"[ 0.          0.12305132  0.72778627 -2.86073329 -1.65624225  1.28810258
  0.96091606  2.52639365]","[ 0.00000000e+00  3.18179359e-05 -1.32474486e-05  2.51154731e-05
  1.08038994e-02  0.00000000e+00 -6.62372408e-05 -1.69312986e-04]","[ 0.00000000e+00  1.18945748e-01  1.54037304e+01 -4.25401032e-01
 -4.01920414e+00  2.51739681e-01 -1.18752509e-01  3.81177734e-03]"
1747093066.057543,"[ 0.          0.12305178  0.72778627 -2.86073329 -1.65623053  1.28810258
  0.96091606  2.52639365]","[ 0.00000000e+00  4.24239132e-05 -1.32474486e-05  2.48390608e-05
  1.18842887e-02  0.00000000e+00 -6.62873661e-05 -1.69311312e-04]","[ 0.00000000e+00  1.20509207e-01  1.54228106e+01 -4.44595814e-01
 -4.05844831e+00  2.47679725e-01 -1.16394266e-01  7.33615179e-03]"
1747093066.0586114,"[ 0.          0.12305178  0.72778627 -2.86073329 -1.65620444  1.28810258
  0.96091606  2.52639365]","[ 0.00000000e+00  3.70924870e-05 -1.06059783e-05  2.46070014e-05
  1.30399602e-02  0.00000000e+00 -6.62372408e-05 -1.69311312e-04]","[ 0.00000000e+00  1.44902274e-01  1.54514112e+01 -4.58599031e-01
 -4.14242125e+00  2.64256358e-01 -9.96341109e-02 -7.88089540e-03]"
1747093066.0603077,"[ 0.          0.12305178  0.72778627 -2.86073329 -1.65619112  1.28810258
  0.96091606  2.52639365]","[ 0.00000000e+00  3.71209245e-05 -1.05979587e-05  2.46070014e-05
  1.35048743e-02  0.00000000e+00 -6.62372408e-05 -1.61374851e-04]","[ 0.00000000e+00  1.66171610e-01  1.54748812e+01 -4.62710023e-01
 -4.16177273e+00  2.77220070e-01 -1.00872099e-01 -1.33185927e-02]"
1747093066.0626316,"[ 0.          0.12305178  0.72778627 -2.86073276 -1.65616449  1.28810351
  0.96091606  2.52639365]","[ 0.00000000e+00  3.71209245e-05  0.00000000e+00  2.94556015e-05
  1.35048743e-02  1.05739739e-05 -5.82887721e-05 -1.61376444e-04]","[ 0.00000000e+00  1.69814765e-01  1.55411406e+01 -4.45291519e-01
 -4.19632769e+00  2.78809369e-01 -1.13605827e-01 -1.13406936e-02]"
1747093066.0649416,"[ 0.          0.12305224  0.72778627 -2.86073276 -1.65612614  1.28810351
  0.96091606  2.52639259]","[ 0.00000000e+00  4.24234905e-05  0.00000000e+00  2.38454062e-05
  1.18842887e-02  1.05739739e-05 -5.83328791e-05 -1.71956804e-04]","[ 0.00000000e+00  1.84447482e-01  1.56440239e+01 -4.42043334e-01
 -4.20420218e+00  2.94694275e-01 -1.16286866e-01 -5.86845353e-03]"
1747093066.0667548,"[ 0.          0.12305224  0.72778627 -2.86073276 -1.65611442  1.28810351
  0.96091606  2.52639259]","[ 0.00000000e+00  4.24239132e-05  5.30298914e-06  2.38634509e-05
  1.18842887e-02  1.05739739e-05 -5.82887721e-05 -1.61374851e-04]","[ 0.00000000e+00  1.98582679e-01  1.56553068e+01 -4.58885938e-01
 -4.17991018e+00  3.05910647e-01 -1.11258291e-01 -1.11284675e-02]"
1747093066.0678737,"[ 0.          0.12305224  0.72778673 -2.86073276 -1.65609205  1.28810351
  0.96091606  2.52639179]","[ 0.00000000e+00  4.24239132e-05  1.05979587e-05  2.38634509e-05
  1.08038994e-02  1.05819570e-05 -5.82887721e-05 -1.69311312e-04]","[ 0.00000000e+00  1.71753243e-01  1.56806002e+01 -4.48203921e-01
 -4.12157297e+00  2.78456360e-01 -1.04342625e-01 -1.28147425e-02]"
1747093066.069359,"[ 0.          0.1230527   0.72778673 -2.86073276 -1.65607181  1.28810351
  0.96091606  2.52639179]","[ 0.00000000e+00  4.50754075e-05  1.06059783e-05  2.91661490e-05
  9.72350907e-03  1.05820616e-05 -5.82887721e-05 -1.69183583e-04]","[ 0.00000000e+00  1.57912508e-01  1.57230701e+01 -4.23684955e-01
 -4.07465696e+00  2.58799911e-01 -1.20536782e-01  9.90052801e-03]"
1747093066.071095,"[ 0.          0.1230527   0.72778673 -2.86073276 -1.65606116  1.28810351
  0.96091606  2.52639179]","[ 0.00000000e+00  4.50072964e-05  1.06059783e-05  2.91664395e-05
  1.00307380e-02  1.05820616e-05 -5.82881910e-05 -1.69311312e-04]","[ 0.00000000e+00  1.67468622e-01  1.57285595e+01 -4.23215538e-01
 -4.04780769e+00  2.62972385e-01 -1.27736479e-01  9.94279049e-03]"
1747093066.0728528,"[ 0.          0.1230527   0.72778673 -2.86073249 -1.65604305  1.28810351
  0.96091513  2.52639072]","[ 0.00000000e+00  4.50072964e-05  1.05979587e-05  3.18182529e-05
  9.18331389e-03  1.05739739e-05 -5.82887721e-05 -1.69311312e-04]","[ 0.00000000e+00  1.65602967e-01  1.57372866e+01 -4.26737159e-01
 -3.97912192e+00  2.58698225e-01 -1.42911896e-01  2.82364734e-03]"
1747093066.0746858,"[ 0.          0.1230527   0.72778673 -2.86073249 -1.65603506  1.28810351
  0.96091513  2.52639072]","[ 0.00000000e+00  4.50072964e-05  1.05979587e-05  2.65149452e-05
  8.09471454e-03  1.05820616e-05 -5.82887721e-05 -1.69311312e-04]","[ 0.00000000e+00  1.69798523e-01  1.57549438e+01 -4.16127533e-01
 -3.95539403e+00  2.67251104e-01 -1.37079984e-01  3.57911020e-04]"
1747093066.0758374,"[ 0.          0.12305316  0.72778673 -2.86073249 -1.65601748  1.28810351
  0.96091513  2.52639072]","[ 0.00000000e+00  5.03022715e-05  1.06059783e-05  2.65149452e-05
  8.58245273e-03  1.05819570e-05 -5.82893532e-05 -1.69312986e-04]","[ 0.00000000e+00  1.67488247e-01  1.57409029e+01 -4.01115298e-01
 -3.88593674e+00  2.34011680e-01 -1.25017226e-01 -1.04899122e-03]"
1747093066.0776024,"[ 0.          0.12305316  0.72778673 -2.86073249 -1.65599937  1.28810351
  0.96091513  2.52638992]","[ 0.00000000e+00  5.03027714e-05  1.06058726e-05  2.65149452e-05
  9.18331389e-03  1.05820616e-05 -5.82887721e-05 -1.69311312e-04]","[ 0.00000000e+00  1.80313826e-01  1.57814159e+01 -4.11872178e-01
 -3.82446098e+00  2.32390448e-01 -1.31640792e-01 -1.07631814e-02]"
1747093066.0787492,"[ 0.          0.12305316  0.72778673 -2.86073249 -1.65598978  1.28810351
  0.96091513  2.52638992]","[ 0.00000000e+00  4.49733161e-05  5.30298914e-06  2.65149452e-05
  9.72350907e-03  1.05819570e-05 -5.82887721e-05 -1.69311312e-04]","[ 0.00000000e+00  1.72074735e-01  1.57814159e+01 -4.06398177e-01
 -3.80107403e+00  2.21342266e-01 -1.27181679e-01  8.74848163e-04]"
1747093066.0805511,"[ 0.          0.12305316  0.72778673 -2.86073249 -1.65596475  1.28810351
  0.96091513  2.52638886]","[ 0.00000000e+00  5.03022715e-05  5.30298914e-06  2.65149452e-05
  1.24118953e-02  1.05819570e-05 -5.82887721e-05 -1.79893264e-04]","[ 0.00000000e+00  1.63317487e-01  1.57900257e+01 -4.01880264e-01
 -3.81387854e+00  2.07649693e-01 -1.34999231e-01 -2.75655207e-03]"
1747093066.0823298,"[ 0.          0.12305316  0.72778673 -2.86073196 -1.65595037  1.28810351
  0.96091513  2.52638886]","[ 0.00000000e+00  5.03022715e-05  5.29897933e-06  3.18179359e-05
  1.45852636e-02  1.05820616e-05 -5.82887721e-05 -1.69312986e-04]","[ 0.00000000e+00  1.55408055e-01  1.57997141e+01 -4.04653490e-01
 -3.83443093e+00  2.09551319e-01 -1.42332241e-01  2.76667881e-04]"
1747093066.0840955,"[ 0.          0.12305362  0.72778673 -2.86073196 -1.65591468  1.28810351
  0.96091513  2.52638886]","[ 0.00000000e+00  5.55972507e-05  5.30293632e-06  3.18179359e-05
  1.85568669e-02  1.05819570e-05 -5.82887721e-05 -1.69311312e-04]","[ 0.00000000e+00  1.71459779e-01  1.58344545e+01 -3.89283925e-01
 -3.89731741e+00  2.09475443e-01 -1.61233410e-01  7.07052555e-03]"
1747093066.0852544,"[ 0.          0.12305362  0.7277872  -2.86073196 -1.65589391  1.28810351
  0.96091513  2.52638779]","[ 0.00000000e+00  5.55972507e-05  5.30298914e-06  3.18179359e-05
  2.10676037e-02  1.05819570e-05 -4.76908124e-05 -1.79893264e-04]","[ 0.00000000e+00  1.62190944e-01  1.58651400e+01 -3.90701532e-01
 -3.92093945e+00  2.16026321e-01 -1.50527984e-01 -1.43306170e-04]"
1747093066.0869513,"[ 0.          0.12305362  0.7277872  -2.86073196 -1.65584597  1.28810351
  0.96091513  2.52638779]","[ 0.00000000e+00  5.55972507e-05  5.30298914e-06  3.18182529e-05
  2.53634386e-02  1.05819570e-05 -4.76908124e-05 -1.79895052e-04]","[ 0.00000000e+00  1.70712590e-01  1.59101429e+01 -3.98699880e-01
 -4.03488255e+00  2.49094933e-01 -1.52306542e-01 -1.46167735e-02]"
1747093066.0886948,"[ 0.          0.12305408  0.7277872  -2.86073196 -1.65578525  1.28810351
  0.96091513  2.52638779]","[ 0.00000000e+00  5.82007654e-05  5.30293632e-06  3.18179359e-05
  3.05937517e-02  1.05820616e-05 -4.76908124e-05 -1.71955081e-04]","[ 0.00000000e+00  1.80269465e-01  1.59811258e+01 -3.73172253e-01
 -4.15848827e+00  2.64095098e-01 -1.53055310e-01 -1.37314331e-02]"
1747093066.0909073,"[ 0.          0.12305408  0.72778766 -2.86073196 -1.65572134  1.28810351
  0.96091419  2.526387  ]","[ 0.00000000e+00  5.82447383e-05  1.05978530e-05  3.18179359e-05
  3.24116962e-02  1.05819570e-05 -5.56392812e-05 -1.79893264e-04]","[ 0.00000000e+00  1.96574181e-01  1.60526695e+01 -3.59460294e-01
 -4.34566498e+00  2.88688362e-01 -1.60570785e-01 -1.54994540e-02]"
1747093066.0926404,"[ 0.          0.12305454  0.72778766 -2.86073142 -1.65568885  1.28810444
  0.96091419  2.526387  ]","[ 0.00000000e+00  6.34923676e-05  1.06059783e-05  3.71209245e-05
  3.29518914e-02  1.85184257e-05 -5.56392812e-05 -1.69311312e-04]","[ 0.00000000e+00  1.90155670e-01  1.61232452e+01 -3.42346638e-01
 -4.43102741e+00  3.17002118e-01 -1.67765021e-01  1.20839593e-03]"
1747093066.0937767,"[ 0.          0.12305454  0.72778813 -2.86073142 -1.65561321  1.28810444
  0.96091419  2.52638593]","[ 0.00000000e+00  6.35397134e-05  1.32474486e-05  3.71209245e-05
  3.50723585e-02  1.85044548e-05 -5.56392812e-05 -1.79757554e-04]","[ 0.00000000e+00  2.20337003e-01  1.61872711e+01 -3.31176996e-01
 -4.56354666e+00  3.21917832e-01 -1.60838172e-01 -2.42299400e-03]"
1747093066.0961618,"[ 0.          0.12305454  0.72778813 -2.86073142 -1.65553758  1.28810537
  0.96091419  2.52638593]","[ 0.00000000e+00  5.82447383e-05  1.32573405e-05  3.71209245e-05
  3.77317704e-02  2.64548924e-05 -5.56398379e-05 -1.79893264e-04]","[ 0.          0.20249245 16.31722832 -0.36474448 -4.68928862  0.3455478
 -0.1837223   0.01773761]"
1747093066.0973287,"[ 0.          0.12305454  0.72778813 -2.86073142 -1.65549976  1.28810537
  0.96091419  2.52638513]","[ 0.00000000e+00  5.82013384e-05  1.32574726e-05  3.71209245e-05
  3.83538432e-02  2.64548924e-05 -4.76908124e-05 -1.79893264e-04]","[ 0.          0.2092891  16.34152603 -0.36836681 -4.72168064  0.3415617
 -0.18210118  0.03226911]"
1747093066.0990498,"[ 0.          0.12305454  0.72778853 -2.86073142 -1.65542093  1.28810537
  0.96091419  2.52638513]","[ 0.00000000e+00  5.82447383e-05  1.85464284e-05  3.70928568e-05
  3.99339258e-02  2.64548924e-05 -4.76908124e-05 -1.79893264e-04]","[ 0.          0.22662969 16.3747654  -0.41109037 -4.82314491  0.36511341
 -0.16971399  0.02636456]"
1747093066.1007502,"[ 0.          0.123055    0.72778853 -2.86073142 -1.65533997  1.28810537
  0.96091419  2.52638407]","[ 0.00000000e+00  6.34917418e-05  1.85604623e-05  3.71209245e-05
  3.88546298e-02  3.70372172e-05 -4.76908124e-05 -1.90477103e-04]","[ 0.          0.2070481  16.41996384 -0.41750017 -4.88032246  0.39460069
 -0.16319294  0.01654034]"
1747093066.1018803,"[ 0.          0.123055    0.72778853 -2.86073142 -1.65530322  1.28810537
  0.96091419  2.52638407]","[ 0.00000000e+00  6.35397134e-05  1.85604623e-05  3.71209245e-05
  3.72734528e-02  3.70368514e-05 -4.76908124e-05 -1.90477103e-04]","[ 0.00000000e+00  1.89981952e-01  1.64281006e+01 -4.13457751e-01
 -4.88711643e+00  3.94651264e-01 -1.61625177e-01  1.36365471e-02]"
1747093066.1037018,"[ 0.          0.123055    0.727789   -2.86073142 -1.65523558  1.2881063
  0.9609132   2.52638327]","[ 0.00000000e+00  6.35397134e-05  2.11957060e-05  3.71209245e-05
  3.40322817e-02  4.76188043e-05 -5.82887721e-05 -1.87829741e-04]","[ 0.00000000e+00  1.56697497e-01  1.64495106e+01 -4.37708467e-01
 -4.79586458e+00  3.93384308e-01 -1.65457353e-01  6.18775235e-03]"
1747093066.104865,"[ 0.          0.12305545  0.727789   -2.86073116 -1.65520042  1.2881063
  0.9609132   2.52638327]","[ 0.00000000e+00  6.88867318e-05  2.12119566e-05  3.97724188e-05
  3.30702980e-02  4.75828816e-05 -5.82887721e-05 -1.87829741e-04]","[ 0.00000000e+00  1.53152615e-01  1.64357719e+01 -4.48634654e-01
 -4.76990032e+00  3.91889155e-01 -1.74532503e-01  3.00709903e-03]"
1747093066.1065013,"[ 0.          0.12305545  0.727789   -2.86073116 -1.65513438  1.2881063
  0.9609132   2.52638327]","[ 0.00000000e+00  6.88346925e-05  2.11959173e-05  3.97423437e-05
  3.34920866e-02  4.76192757e-05 -5.82887721e-05 -1.77247772e-04]","[ 0.00000000e+00  1.61009252e-01  1.64201260e+01 -4.46025401e-01
 -4.62494087e+00  3.74307156e-01 -1.74715430e-01  1.01156754e-03]"
1747093066.108265,"[ 0.          0.12305545  0.727789   -2.86073116 -1.65510135  1.2881063
  0.9609132   2.5263822 ]","[ 0.00000000e+00  6.88346925e-05  2.11959173e-05  3.97724188e-05
  3.34920866e-02  4.76192757e-05 -4.76903370e-05 -1.87829741e-04]","[ 0.00000000e+00  1.70894608e-01  1.63857250e+01 -4.72327441e-01
 -4.56686163e+00  3.39774400e-01 -1.60521686e-01 -1.44698014e-02]"
1747093066.1099708,"[ 0.          0.12305545  0.727789   -2.86073116 -1.65503584  1.2881063
  0.9609132   2.5263822 ]","[ 0.00000000e+00  6.35397134e-05  2.12121679e-05  3.97724188e-05
  3.15968251e-02  4.76188043e-05 -4.77269018e-05 -1.87829741e-04]","[ 0.          0.12030749 16.34898567 -0.50604773 -4.41420317  0.30252868
 -0.15394941 -0.01953408]"
1747093066.1117487,"[ 0.          0.12305545  0.727789   -2.86073116 -1.65497725  1.2881063
  0.9609132   2.52638114]","[ 0.00000000e+00  6.35397134e-05  1.85604623e-05  3.97724188e-05
  2.86303320e-02  4.76188043e-05 -4.76908124e-05 -1.98411694e-04]","[ 0.          0.15937564 16.25000572 -0.50261205 -4.2529974   0.26069331
 -0.13410431 -0.03370987]"
1747093066.1134973,"[ 0.          0.12305545  0.727789   -2.86073116 -1.65495009  1.2881063
  0.9609132   2.52638034]","[ 0.00000000e+00  6.35397134e-05  1.85604623e-05  3.97724188e-05
  2.75499417e-02  4.75833530e-05 -4.76908124e-05 -1.98413661e-04]","[ 0.          0.1273099  16.22892761 -0.50591695 -4.16753006  0.2582615
 -0.14213949 -0.03443126]"
1747093066.1148832,"[ 0.          0.12305591  0.727789   -2.86073116 -1.65489949  1.2881063
  0.9609132   2.52638034]","[ 0.00000000e+00  6.35397134e-05  2.11959173e-05  3.97423437e-05
  2.35722359e-02  3.70372172e-05 -4.76192757e-05 -1.98411694e-04]","[ 0.00000000e+00  1.22253403e-01  1.61814938e+01 -4.90467459e-01
 -3.96720576e+00  2.33343646e-01 -1.52815968e-01 -1.27657866e-02]"
1747093066.1170008,"[ 0.          0.12305591  0.72778946 -2.86073063 -1.65485475  1.2881063
  0.9609132   2.52637927]","[ 0.00000000e+00  6.35397134e-05  2.65149452e-05  3.97720206e-05
  2.21255527e-02  3.70368514e-05 -4.76188043e-05 -2.08993647e-04]","[ 0.00000000e+00  9.89996940e-02  1.60734882e+01 -5.27322412e-01
 -3.80753613e+00  2.09571570e-01 -1.46597132e-01 -8.55798367e-03]"
1747093066.1187334,"[ 0.          0.12305591  0.727789   -2.86073063 -1.6548116   1.28810537
  0.9609132   2.52637847]","[ 0.00000000e+00  6.35397134e-05  2.11959173e-05  3.97423437e-05
  2.10447338e-02  2.64548924e-05 -4.76188043e-05 -2.06194532e-04]","[ 0.00000000e+00  6.67234436e-02  1.59629669e+01 -5.26630580e-01
 -3.67262244e+00  1.79504052e-01 -1.36901513e-01 -4.19361843e-03]"
1747093066.1204717,"[ 0.          0.12305591  0.727789   -2.86073063 -1.65479083  1.28810537
  0.9609132   2.52637741]","[ 0.00000000e+00  5.82447383e-05  2.12119566e-05  3.97724188e-05
  2.10676037e-02  2.64351959e-05 -4.76188043e-05 -2.16930124e-04]","[ 0.00000000e+00  7.69939646e-02  1.58312654e+01 -5.15901327e-01
 -3.64482808e+00  1.47128358e-01 -1.39916837e-01 -1.02327541e-02]"
1747093066.1222715,"[ 0.          0.12305638  0.727789   -2.86073063 -1.65477006  1.28810537
  0.9609132   2.52637741]","[ 0.00000000e+00  6.35883838e-05  2.12117453e-05  3.97724188e-05
  2.10676037e-02  2.64349338e-05 -4.76552554e-05 -2.16930124e-04]","[ 0.          0.08821414 15.77646542 -0.51943338 -3.64250565  0.13578999
 -0.14095649 -0.01727487]"
1747093066.1233625,"[ 0.          0.12305638  0.727789   -2.86073063 -1.65472478  1.28810537
  0.9609132   2.52637741]","[ 0.00000000e+00  6.35397134e-05  2.11959173e-05  3.97427419e-05
  2.25691605e-02  2.64548924e-05 -4.76188043e-05 -2.08993647e-04]","[ 0.          0.09597921 15.70862865 -0.47307757 -3.60937119  0.11256642
 -0.13557684 -0.01762952]"
1747093066.1251526,"[ 0.          0.12305638  0.727789   -2.86073063 -1.65470348  1.28810537
  0.9609132   2.52637661]","[ 0.00000000e+00  6.35397134e-05  2.12119566e-05  3.97423437e-05
  2.15859048e-02  2.64551545e-05 -4.76188043e-05 -2.16932270e-04]","[ 0.          0.09521992 15.68630123 -0.46783447 -3.61361694  0.10977114
 -0.13487029 -0.02695013]"
1747093066.1268556,"[ 0.          0.12305683  0.72778853 -2.86073009 -1.65465927  1.28810537
  0.9609132   2.52637661]","[ 0.00000000e+00  6.88346925e-05  1.85184257e-05  4.24239132e-05
  2.10645514e-02  2.64551545e-05 -4.76552554e-05 -2.17094020e-04]","[ 0.          0.07807015 15.60615921 -0.47532853 -3.6111362   0.13063386
 -0.14827693 -0.03361621]"
1747093066.1280613,"[ 0.          0.12305683  0.72778853 -2.86073009 -1.65463956  1.28810537
  0.9609132   2.52637554]","[ 0.00000000e+00  6.88353671e-05  1.85184257e-05  4.23918346e-05
  1.99872133e-02  2.64551545e-05 -4.76192757e-05 -2.27512077e-04]","[ 0.          0.08922217 15.55267239 -0.44155893 -3.64249134  0.12596107
 -0.16191983 -0.0237542 ]"
1747093066.1298878,"[ 0.          0.12305683  0.727789   -2.86072956 -1.65460441  1.28810537
  0.9609132   2.52637554]","[ 0.00000000e+00  6.88346925e-05  2.11801137e-05  4.77264263e-05
  1.67460433e-02  2.64349338e-05 -3.70368514e-05 -2.16930124e-04]","[ 0.00000000e+00  1.27148256e-01  1.54686451e+01 -4.11650062e-01
 -3.72528434e+00  1.47345245e-01 -1.76676720e-01 -1.26651814e-02]"
1747093066.13161,"[ 0.          0.12305683  0.72778853 -2.86072956 -1.65458843  1.28810537
  0.9609132   2.52637448]","[ 0.00000000e+00  6.88346925e-05  2.11639139e-05  4.77269018e-05
  1.50461080e-02  2.64948971e-05 -3.70648338e-05 -2.27340444e-04]","[ 0.          0.11715007 15.45736694 -0.41626683 -3.78088212  0.1605204
 -0.17266212 -0.02523002]"
1747093066.1327999,"[ 0.          0.12305729  0.72778853 -2.86072956 -1.65456446  1.28810537
  0.9609132   2.52637368]","[ 0.00000000e+00  6.88346925e-05  2.11799045e-05  4.76188043e-05
  1.13326004e-02  2.64748795e-05 -3.70368514e-05 -2.35450878e-04]","[ 0.          0.10481312 15.41930676 -0.37797984 -3.8475585   0.17105588
 -0.15368116 -0.02596247]"
1747093066.1345627,"[ 0.          0.12305729  0.72778853 -2.86072956 -1.65455541  1.28810537
  0.9609132   2.52637368]","[ 0.00000000e+00  6.87820356e-05  2.11799045e-05  4.76547840e-05
  9.18331389e-03  2.64948971e-05 -3.70651995e-05 -2.35450878e-04]","[ 0.          0.11193068 15.37441063 -0.34452045 -3.85310864  0.1731212
 -0.15324475 -0.01555527]"
1747093066.1357586,"[ 0.          0.12305729  0.72778853 -2.86072929 -1.65454262  1.28810537
  0.9609132   2.52637261]","[ 0.00000000e+00  6.88346925e-05  2.11639139e-05  4.49733161e-05
  5.40194971e-03  2.64948971e-05 -3.70368514e-05 -2.46030507e-04]","[ 0.          0.07706118 15.29182434 -0.32609788 -3.86489367  0.19989869
 -0.17205186 -0.02166832]"
1747093066.1374872,"[ 0.          0.12305729  0.72778853 -2.86072929 -1.65453836  1.28810537
  0.9609132   2.52637182]","[ 0.00000000e+00  6.88346925e-05  2.11799045e-05  4.50077435e-05
  4.32155961e-03  2.64748795e-05 -3.70368514e-05 -2.46030507e-04]","[ 0.00000000e+00  9.66231972e-02  1.52411470e+01 -3.31624418e-01
 -3.87843561e+00  2.00179398e-01 -1.76646009e-01  5.90735697e-04]"
1747093066.1392417,"[ 0.          0.12305729  0.72778813 -2.86072929 -1.65453357  1.28810537
  0.9609132   2.52637075]","[ 0.00000000e+00  6.88346925e-05  1.85184257e-05  4.50072964e-05
  1.50461072e-03  2.64948971e-05 -3.70368514e-05 -2.56418867e-04]","[ 0.00000000e+00  7.92493001e-02  1.51611919e+01 -3.51027697e-01
 -3.89393163e+00  1.92088515e-01 -1.73474297e-01 -1.03521561e-02]"
1747093066.140419,"[ 0.          0.12305729  0.72778813 -2.86072929 -1.65453304  1.28810537
  0.9609132   2.52637075]","[ 0.00000000e+00  6.88353671e-05  1.85324169e-05  4.49733161e-05
  5.40194952e-04  2.64946330e-05 -3.70644640e-05 -2.56612460e-04]","[ 0.00000000e+00  8.14456195e-02  1.51226196e+01 -3.44217002e-01
 -3.90855312e+00  1.82191417e-01 -1.54808268e-01 -3.35926446e-03]"
1747093066.1421943,"[ 0.          0.12305775  0.72778813 -2.86072876 -1.65453304  1.28810537
  0.9609132   2.52636995]","[ 0.00000000e+00  7.40744343e-05  1.85324169e-05  5.03022715e-05
  0.00000000e+00  2.64948971e-05 -3.70368514e-05 -2.64548920e-04]","[ 0.          0.04700284 15.0492754  -0.35913625 -3.91032648  0.18422344
 -0.14511496 -0.01975226]"
1747093066.1432757,"[ 0.          0.12305775  0.72778813 -2.86072876 -1.65453304  1.28810537
  0.9609132   2.52636995]","[ 0.00000000e+00  6.87827183e-05  1.85324169e-05  5.03027714e-05
  0.00000000e+00  2.64948971e-05 -3.70648338e-05 -2.53966967e-04]","[ 0.          0.04860543 15.0492754  -0.36984754 -3.90077782  0.18408771
 -0.13793764 -0.01986698]"
1747093066.1449177,"[ 0.          0.12305775  0.72778766 -2.86072876 -1.6545325   1.28810537
  0.9609132   2.52636889]","[ 0.00000000e+00  6.88346925e-05  1.32274462e-05  5.02642966e-05
  1.06398763e-04  2.64948971e-05 -3.70368514e-05 -2.64551537e-04]","[ 0.          0.04387621 14.94677734 -0.39774376 -3.84737635  0.18432035
 -0.14204738 -0.02254866]"
1747093066.1466863,"[ 0.          0.12305775  0.72778766 -2.86072876 -1.65453197  1.28810537
  0.9609132   2.52636782]","[ 0.00000000e+00  6.88346925e-05  1.32374398e-05  5.03022715e-05
  1.77751455e-04  2.64948971e-05 -3.70372172e-05 -2.75130873e-04]","[ 0.          0.04589953 14.87994194 -0.39600486 -3.83371663  0.17940705
 -0.1472961  -0.01700656]"
1747093066.1479032,"[ 0.          0.12305821  0.72778766 -2.86072876 -1.65453091  1.28810537
  0.9609132   2.52636782]","[ 0.00000000e+00  7.41296676e-05  1.32274462e-05  5.03022715e-05
  2.64958196e-04  2.64948971e-05 -3.70648338e-05 -2.75130873e-04]","[ 0.00000000e+00  5.77581227e-02  1.48370504e+01 -4.07159090e-01
 -3.78893852e+00  1.73102900e-01 -1.22310273e-01 -1.12208538e-02]"
1747093066.1496878,"[ 0.          0.12305821  0.72778766 -2.86072876 -1.65453037  1.28810537
  0.9609132   2.52636702]","[ 0.00000000e+00  7.41296676e-05  1.32374398e-05  5.03022715e-05
  2.36017385e-04  2.64948971e-05 -3.70368514e-05 -2.72488079e-04]","[ 0.          0.04320566 14.79795647 -0.43800506 -3.76645851  0.18018778
 -0.10822834 -0.01598372]"
1747093066.150886,"[ 0.          0.12305821  0.72778766 -2.86072876 -1.65452984  1.28810537
  0.9609132   2.52636596]","[ 0.00000000e+00  7.40737029e-05  1.32374398e-05  5.03022715e-05
  2.65943796e-04  2.64951613e-05 -3.70648338e-05 -2.83495384e-04]","[ 0.00000000e+00  3.74538191e-02  1.47862988e+01 -4.45466995e-01
 -3.74555230e+00  1.85657561e-01 -1.07394405e-01 -1.46342535e-02]"
1747093066.1534214,"[ 0.          0.12305821  0.7277872  -2.86072876 -1.65452824  1.28810537
  0.9609132   2.52636516]","[ 0.00000000e+00  6.88353671e-05  1.05899522e-05  4.50072964e-05
  3.53262955e-04  2.64948971e-05 -2.91226556e-05 -2.91443873e-04]","[ 0.00000000e+00  1.34587223e-02  1.47744370e+01 -4.50497717e-01
 -3.73129725e+00  1.70504138e-01 -1.06423728e-01 -1.87951140e-02]"
1747093066.1542935,"[ 0.          0.12305821  0.7277872  -2.86072823 -1.65452771  1.28810537
  0.9609132   2.52636516]","[ 0.00000000e+00  6.88346925e-05  1.05900569e-05  5.02642966e-05
  3.67388859e-04  2.64948971e-05 -2.91003827e-05 -2.91664416e-04]","[ 0.00000000e+00  2.07061949e-03  1.47813587e+01 -4.50789750e-01
 -3.72007012e+00  1.74730003e-01 -1.04765907e-01 -3.28719919e-03]"
1747093066.156009,"[ 0.          0.12305867  0.72778766 -2.86072823 -1.65452611  1.28810537
  0.9609132   2.52636409]","[ 0.00000000e+00  7.41296676e-05  1.32374398e-05  5.03027714e-05
  4.23396060e-04  2.65149452e-05 -2.91223691e-05 -3.02041836e-04]","[ 0.00000000e+00  2.27678418e-02  1.48012056e+01 -4.65950370e-01
 -3.70437908e+00  1.77782297e-01 -9.75100324e-02  7.97964633e-03]"
1747093066.1577516,"[ 0.          0.12305867  0.7277872  -2.86072823 -1.65452558  1.28810537
  0.9609132   2.52636329]","[ 0.00000000e+00  7.41296676e-05  1.05899522e-05  5.02642966e-05
  4.30530321e-04  2.64948971e-05 -2.91003827e-05 -3.02041836e-04]","[ 0.00000000e+00  1.23353563e-02  1.48204851e+01 -4.85903621e-01
 -3.71703601e+00  1.84377521e-01 -9.44748819e-02  1.29992617e-02]"
1747093066.1589503,"[ 0.          0.12305867  0.7277872  -2.86072823 -1.65452451  1.28810537
  0.9609132   2.52636223]","[ 0.00000000e+00  6.87820356e-05  1.05899522e-05  5.03022715e-05
  4.40653194e-04  2.64951613e-05 -2.91003827e-05 -3.12873249e-04]","[ 0.00000000e+00  2.82023009e-03  1.48606672e+01 -4.90913868e-01
 -3.73093963e+00  1.70386285e-01 -1.02345861e-01  1.54759139e-02]"
1747093066.1606946,"[ 0.          0.12305867  0.7277872  -2.86072823 -1.65452398  1.28810537
  0.9609132   2.52636223]","[ 0.00000000e+00  6.88346925e-05  1.05900569e-05  5.02642966e-05
  4.73648987e-04  1.85604623e-05 -2.91003827e-05 -3.12639768e-04]","[ 0.00000000e+00  2.21877284e-02  1.48968239e+01 -5.08360207e-01
 -3.75444078e+00  1.70763537e-01 -9.94088054e-02  2.09658247e-04]"
1747093066.16242,"[ 0.          0.12305913  0.7277872  -2.86072823 -1.65452345  1.28810537
  0.9609132   2.52636116]","[ 0.00000000e+00  7.41296676e-05  1.05900569e-05  4.50072964e-05
  4.76912919e-04  1.85464284e-05 -2.91003827e-05 -3.23482331e-04]","[ 0.00000000e+00  3.98376845e-02  1.49096994e+01 -5.00849068e-01
 -3.78068280e+00  1.78602189e-01 -9.52612087e-02 -9.74288676e-03]"
1747093066.1642287,"[ 0.          0.12305913  0.7277872  -2.86072823 -1.65452345  1.28810537
  0.9609132   2.52636036]","[ 0.00000000e+00  6.87827183e-05  1.05819570e-05  4.50072964e-05
  4.54593633e-04  1.85462435e-05 -2.91223691e-05 -3.20588257e-04]","[ 0.00000000e+00  5.00918552e-02  1.49528160e+01 -5.34148574e-01
 -3.84070730e+00  1.94561541e-01 -9.40439627e-02 -3.83544224e-03]"
1747093066.1654038,"[ 0.          0.12305913  0.7277872  -2.86072823 -1.65452345  1.28810537
  0.9609132   2.5263585 ]","[ 0.00000000e+00  6.87834010e-05  1.05899522e-05  4.50072964e-05
  4.34289728e-04  1.85464284e-05 -2.91006692e-05 -3.39391305e-04]","[ 0.00000000e+00  4.09721583e-02  1.50020132e+01 -5.62544107e-01
 -3.84868693e+00  2.00235531e-01 -9.91580039e-02  4.85440111e-03]"
1747093066.1670957,"[ 0.          0.12305959  0.7277872  -2.8607277  -1.65452345  1.28810537
  0.9609132   2.5263585 ]","[ 0.00000000e+00  7.40737029e-05  1.05900569e-05  5.03022715e-05
  4.15721982e-04  1.85464284e-05 -2.91223691e-05 -3.31186220e-04]","[ 0.00000000e+00  4.73600179e-02  1.50314178e+01 -5.48181117e-01
 -3.86688375e+00  2.13956758e-01 -9.75068435e-02  4.34116926e-03]"
1747093066.1688898,"[ 0.          0.12305959  0.7277872  -2.8607277  -1.65452292  1.2881063
  0.9609132   2.52635743]","[ 0.00000000e+00  7.41296676e-05  5.29497611e-06  5.02647924e-05
  3.91353570e-04  2.64948971e-05 -2.91003827e-05 -3.41784152e-04]","[ 0.00000000e+00  5.23504987e-02  1.50996828e+01 -5.28192639e-01
 -3.88225746e+00  2.20366031e-01 -9.86695066e-02  5.68048912e-04]"
1747093066.1706207,"[ 0.          0.12306005  0.72778766 -2.8607277  -1.65452238  1.2881063
  0.9609132   2.52635557]","[ 0.00000000e+00  7.40737029e-05  1.05899522e-05  5.03022715e-05
  3.69530636e-04  2.64948971e-05 -2.91223691e-05 -3.53467210e-04]","[ 0.00000000e+00  7.87332803e-02  1.51926079e+01 -4.95911956e-01
 -3.92414570e+00  2.21270964e-01 -1.05858438e-01  2.41323118e-03]"
1747093066.1724029,"[ 0.          0.12306005  0.72778766 -2.8607277  -1.65452238  1.2881063
  0.9609132   2.52635557]","[ 0.00000000e+00  7.42418490e-05  1.05899522e-05  5.03022715e-05
  3.53262955e-04  2.64948971e-05 -2.91226556e-05 -3.57006594e-04]","[ 0.          0.0760489  15.20183945 -0.47968587 -3.94947982  0.22127096
 -0.10776948  0.02014734]"
1747093066.1740792,"[ 0.          0.1230605   0.72778766 -2.8607277  -1.65452238  1.2881063
  0.9609132   2.52635371]","[ 0.00000000e+00  7.68933393e-05  1.05900569e-05  4.76188043e-05
  3.39391305e-04  2.64948971e-05 -1.85184257e-05 -3.76132558e-04]","[ 0.00000000e+00  1.17306456e-01  1.52857857e+01 -4.73878622e-01
 -3.99068761e+00  2.23168746e-01 -1.16727002e-01  1.08586857e-02]"
1747093066.1758993,"[ 0.          0.1230605   0.72778766 -2.8607277  -1.65452238  1.2881063
  0.9609132   2.52635264]","[ 0.00000000e+00  7.68933393e-05  1.05899522e-05  4.76547840e-05
  2.96083013e-04  2.64948971e-05 -1.85324169e-05 -3.84239920e-04]","[ 0.00000000e+00  1.25430867e-01  1.53690357e+01 -4.32819426e-01
 -4.01842260e+00  2.31815487e-01 -1.33772373e-01  6.03758264e-03]"
1747093066.1776023,"[ 0.          0.1230605   0.72778766 -2.86072743 -1.65452238  1.2881063
  0.9609132   2.52635078]","[ 0.00000000e+00  7.42418490e-05  1.05819570e-05  5.02642966e-05
  2.33331516e-04  2.64946330e-05 -1.85186086e-05 -4.14442839e-04]","[ 0.00000000e+00  1.40572816e-01  1.54613514e+01 -3.94690454e-01
 -4.01505899e+00  2.27806374e-01 -1.41121224e-01  1.18238779e-04]"
1747093066.1802702,"[ 0.          0.12306096  0.72778766 -2.86072743 -1.65452185  1.2881063
  0.9609132   2.52634998]","[ 0.00000000e+00  7.68344325e-05  1.05900569e-05  5.03022715e-05
  2.33331516e-04  2.64948971e-05 -1.85325998e-05 -4.25808022e-04]","[ 0.00000000e+00  1.52142093e-01  1.54875994e+01 -3.92676055e-01
 -4.01681089e+00  2.27522776e-01 -1.40328974e-01  6.91085961e-03]"
1747093066.1818886,"[ 0.          0.12306143  0.72778766 -2.8607269  -1.65452185  1.2881063
  0.9609132   2.52634785]","[ 0.00000000e+00  8.21963279e-05  1.05820616e-05  5.55558217e-05
  1.63283943e-04  2.64948971e-05 -1.85184257e-05 -4.56440259e-04]","[ 0.00000000e+00  1.80163845e-01  1.56089268e+01 -3.72157484e-01
 -4.01469326e+00  2.06445396e-01 -1.52479053e-01  3.10032349e-03]"
1747093066.1842566,"[ 0.          0.12306143  0.72778766 -2.8607269  -1.65452185  1.2881063
  0.9609132   2.52634598]","[ 0.00000000e+00  7.68933393e-05  1.05899522e-05  5.03022715e-05
  1.22107350e-04  2.64948971e-05 -1.85325998e-05 -4.79214350e-04]","[ 0.00000000e+00  2.02714026e-01  1.56657944e+01 -3.32420975e-01
 -4.00708580e+00  2.33780235e-01 -1.47047728e-01 -1.54728210e-02]"
1747093066.1854331,"[ 0.          0.12306143  0.72778813 -2.8607269  -1.65452185  1.2881063
  0.96091226  2.52634412]","[ 0.00000000e+00  7.68359685e-05  1.05819570e-05  5.02642966e-05
  1.02052466e-04  2.64948971e-05 -2.91003827e-05 -5.07916120e-04]","[ 0.00000000e+00  2.06839055e-01  1.57228527e+01 -3.15163910e-01
 -3.98907447e+00  2.36072943e-01 -1.53875187e-01  1.07528279e-02]"
1747093066.1872222,"[ 0.          0.12306143  0.72778813 -2.8607269  -1.65452132  1.2881063
  0.96091226  2.52634332]","[ 0.00000000e+00  7.68351964e-05  1.05819570e-05  5.03027714e-05
  1.18004336e-04  2.64948971e-05 -2.91223691e-05 -5.14884291e-04]","[ 0.          0.22691648 15.77636814 -0.31588206 -3.98233843  0.2254592
 -0.15809764  0.02202858]"
1747093066.1889224,"[ 0.          0.12306189  0.72778813 -2.86072636 -1.65452132  1.2881063
  0.96091226  2.52634119]","[ 0.00000000e+00  7.68933393e-05  1.05819570e-05  5.55972507e-05
  9.46228824e-05  2.64748795e-05 -2.91223691e-05 -5.46272986e-04]","[ 0.00000000e+00  2.39590928e-01  1.58339605e+01 -3.14728945e-01
 -3.96543002e+00  2.22796723e-01 -1.77367404e-01  7.54189352e-03]"
1747093066.1906643,"[ 0.          0.12306234  0.72778853 -2.86072636 -1.65452132  1.2881063
  0.96091226  2.52633853]","[ 0.00000000e+00  8.21349992e-05  1.32274462e-05  5.55972507e-05
  7.57009960e-05  2.64948971e-05 -1.85325998e-05 -6.03920931e-04]","[ 0.00000000e+00  2.61044741e-01  1.58991899e+01 -2.92825371e-01
 -3.96077251e+00  2.12033778e-01 -2.03092203e-01  1.44995423e-03]"
1747093066.191854,"[ 0.          0.12306234  0.72778853 -2.86072636 -1.65452079  1.2881063
  0.96091226  2.52633746]","[ 0.00000000e+00  7.68933393e-05  7.94254290e-06  5.55972507e-05
  9.11854069e-05  1.85464284e-05 -1.85324169e-05 -6.13770856e-04]","[ 0.00000000e+00  2.61501819e-01  1.59382677e+01 -2.98760653e-01
 -3.94982862e+00  2.08681360e-01 -2.07467318e-01 -3.56550352e-03]"
1747093066.1935973,"[ 0.          0.12306234  0.72778853 -2.86072636 -1.65452079  1.2881063
  0.96091226  2.52633453]","[ 0.00000000e+00  7.68933393e-05  5.29097849e-06  5.02642966e-05
  8.84301063e-05  1.85184257e-05 -1.85184257e-05 -6.55832222e-04]","[ 0.00000000e+00  2.79397309e-01  1.60154686e+01 -3.04713070e-01
 -3.96104288e+00  1.87881336e-01 -1.98080584e-01 -1.18590770e-02]"
1747093066.195943,"[ 0.          0.1230628   0.727789   -2.8607261  -1.65452079  1.2881063
  0.96091226  2.52633187]","[ 0.00000000e+00  8.21349992e-05  7.94246417e-06  5.29497591e-05
  8.54152191e-05  1.05979587e-05 -1.85324169e-05 -7.31369769e-04]","[ 0.          0.29738241 16.06349945 -0.29699901 -3.97808957  0.19292846
 -0.20207067 -0.01650898]"
1747093066.1983285,"[ 0.          0.1230628   0.727789   -2.8607261  -1.65452079  1.2881063
  0.96091226  2.52632787]","[ 0.00000000e+00  8.21955152e-05  7.93654595e-06  5.29097849e-05
  8.27968639e-05  1.05820616e-05 -1.85184257e-05 -8.43020197e-04]","[ 0.          0.31076404 16.10761833 -0.27812314 -3.98050666  0.19361708
 -0.21325547 -0.01774709]"
1747093066.199494,"[ 0.          0.12306326  0.727789   -2.8607261  -1.65452079  1.2881063
  0.96091226  2.52632414]","[ 0.00000000e+00  8.21341783e-05  5.29497611e-06  5.29492308e-05
  8.01480963e-05  1.05819570e-05 -1.85324169e-05 -9.70122616e-04]","[ 0.00000000e+00  3.17832142e-01  1.61436291e+01 -2.79577523e-01
 -4.00303984e+00  2.09689125e-01 -2.05435663e-01 -6.01031538e-03]"
1747093066.201614,"[ 0.          0.12306326  0.727789   -2.8607261  -1.65452079  1.2881063
  0.96091226  2.52632122]","[ 0.00000000e+00  8.21963279e-05  5.29097849e-06  5.29492308e-05
  6.42654711e-05  1.05739739e-05 -1.85324169e-05 -1.05924189e-03]","[ 0.00000000e+00  3.07372719e-01  1.61660309e+01 -2.91448563e-01
 -4.01643991e+00  2.21933991e-01 -2.06590191e-01 -6.31908886e-03]"
1747093066.2029805,"[ 0.          0.12306372  0.72778946 -2.86072557 -1.65452079  1.2881063
  0.96091226  2.52631562]","[ 0.00000000e+00  8.74331602e-05  1.05819570e-05  5.82007654e-05
  6.24093044e-05  1.05820616e-05 -1.85325998e-05 -1.30730859e-03]","[ 0.          0.32488075 16.2095623  -0.3049244  -4.06548882  0.23065579
 -0.19582719 -0.02459792]"
1747093066.2047365,"[ 0.          0.12306372  0.72778946 -2.86072557 -1.65452079  1.2881063
  0.96091226  2.5263071 ]","[ 0.00000000e+00  8.21341783e-05  5.29103081e-06  5.82447383e-05
  4.67043708e-05  0.00000000e+00 -1.05899522e-05 -1.76109108e-03]","[ 0.00000000e+00  3.43289346e-01  1.62634048e+01 -3.11710060e-01
 -4.10345173e+00  2.35079408e-01 -2.10693970e-01 -1.37365237e-02]"
1747093066.2059338,"[ 0.          0.12306372  0.72778946 -2.86072557 -1.65452079  1.2881063
  0.96091226  2.52630124]","[ 0.00000000e+00  8.21963279e-05  5.29097849e-06  5.55558217e-05
  4.68083477e-05  0.00000000e+00 -1.05899522e-05 -2.20107481e-03]","[ 0.00000000e+00  3.35400045e-01  1.62523956e+01 -3.16089809e-01
 -4.10732889e+00  2.39570126e-01 -2.10244328e-01 -9.12032276e-03]"
1747093066.2075598,"[ 0.          0.12306418  0.72778993 -2.86072557 -1.65452079  1.2881063
  0.96091226  2.52628526]","[ 0.00000000e+00  8.74331602e-05  1.05899522e-05  5.55972507e-05
  4.53960832e-05  0.00000000e+00 -1.05899522e-05 -3.83993733e-03]","[ 0.00000000e+00  3.22221160e-01  1.62466850e+01 -3.07782918e-01
 -4.14228487e+00  2.54805535e-01 -2.17102721e-01 -1.08551038e-02]"
1747093066.2097929,"[ 0.          0.12306418  0.72778993 -2.86072557 -1.65452079  1.28810724
  0.96091226  2.52626316]","[ 0.00000000e+00  8.75001943e-05  1.05820616e-05  5.55552731e-05
  4.53947909e-05  1.05819570e-05 -1.05819570e-05 -8.13212884e-03]","[ 0.          0.34857529 16.27256775 -0.28629756 -4.17295074  0.25628296
 -0.21075131 -0.02183432]"
1747093066.2116053,"[ 0.          0.12306464  0.72778993 -2.86072503 -1.65452079  1.28810724
  0.96091226  2.52623573]","[ 0.00000000e+00  9.00826511e-05  1.05899522e-05  6.08922258e-05
  4.41578693e-05  1.05819570e-05 -1.05899522e-05 -1.28112529e-02]","[ 0.          0.37487015 16.27489281 -0.30835018 -4.22424412  0.23952982
 -0.20869085 -0.0263103 ]"
1747093066.2132788,"[ 0.          0.12306464  0.72778993 -2.86072503 -1.65452079  1.28810724
  0.96091226  2.52622135]","[ 0.00000000e+00  9.00826511e-05  1.05899522e-05  6.08468550e-05
  4.29865677e-05  1.05819570e-05 -1.05899522e-05 -1.39139764e-02]","[ 0.          0.37135226 16.26909828 -0.29775906 -4.26546907  0.23801793
 -0.21532869 -0.03530846]"
1747093066.215084,"[ 0.          0.1230651   0.72778993 -2.86072503 -1.65452079  1.28810724
  0.96091226  2.52619472]","[ 0.00000000e+00  9.00826511e-05  1.05899522e-05  6.08462536e-05
  4.18757943e-05  1.05819570e-05 -1.06059783e-05 -1.34980291e-02]","[ 0.          0.38305193 16.21574211 -0.31892353 -4.26813078  0.25015062
 -0.20737615 -0.04186515]"
1747093066.2168982,"[ 0.          0.1230651   0.72779039 -2.8607245  -1.65452132  1.28810724
  0.96091226  2.52617288]","[ 0.00000000e+00  9.00826511e-05  1.32374398e-05  6.61372301e-05
  1.39308528e-05  1.05740785e-05 -1.06058726e-05 -1.06630473e-02]","[ 0.00000000e+00  3.88330460e-01  1.61735077e+01 -3.23617280e-01
 -4.26835632e+00  2.53579050e-01 -2.02452153e-01 -7.09926430e-03]"
1747093066.21806,"[ 0.          0.1230651   0.72779039 -2.8607245  -1.65452079  1.28810724
  0.96091226  2.52616622]","[ 0.00000000e+00  9.01508150e-05  1.05899522e-05  6.08468550e-05
  2.79171969e-05  1.05740785e-05 -1.05979587e-05 -8.23797284e-03]","[ 0.00000000e+00  4.03797150e-01  1.61649876e+01 -3.11806738e-01
 -4.26488352e+00  2.35652044e-01 -2.05177441e-01 -6.48531923e-03]"
1747093066.2198482,"[ 0.          0.12306556  0.72779039 -2.86072423 -1.65452079  1.28810724
  0.96091226  2.52615956]","[ 0.00000000e+00  9.53816248e-05  1.32374398e-05  6.35397134e-05
  2.72132956e-05  1.85184257e-05 -1.06059783e-05 -3.02631926e-03]","[ 0.          0.4238598  16.14654732 -0.33648333 -4.26448298  0.22713757
 -0.19594513 -0.03300438]"
1747093066.2210078,"[ 0.          0.12306556  0.72779039 -2.86072423 -1.65452079  1.28810724
  0.96091226  2.52615956]","[ 0.00000000e+00  9.53816248e-05  1.32374398e-05  6.35397134e-05
  2.64945009e-05  1.85044548e-05 -1.06059783e-05 -8.47369420e-04]","[ 0.          0.42066538 16.13135338 -0.32819775 -4.23713732  0.21616301
 -0.19687988 -0.04376503]"
1747093066.2227652,"[ 0.          0.12306601  0.72779039 -2.86072423 -1.65452079  1.28810724
  0.96091226  2.52616143]","[ 0.00000000e+00  9.53816248e-05  1.32275773e-05  6.34917418e-05
  2.58603259e-05  1.85186086e-05 -1.05978530e-05  6.30014448e-04]","[ 0.          0.40127689 16.0749321  -0.31952897 -4.19866133  0.22233179
 -0.20197654 -0.02601132]"
1747093066.223973,"[ 0.          0.12306647  0.72779039 -2.86072423 -1.65452079  1.28810724
  0.96091226  2.52616143]","[ 0.00000000e+00  1.00680607e-04  1.32375708e-05  6.35397134e-05
  2.58609538e-05  1.85184257e-05 -1.05979587e-05  4.91487680e-04]","[ 0.          0.40314782 16.05828094 -0.3109118  -4.17366314  0.22448891
 -0.20663166 -0.02521348]"
1747093066.2257347,"[ 0.          0.12306647  0.72779039 -2.8607237  -1.65452079  1.28810724
  0.96091226  2.52615956]","[ 0.00000000e+00  1.00756792e-04  1.32274462e-05  6.87827183e-05
  2.52558015e-05  1.85044548e-05 -1.06059783e-05 -2.64925248e-04]","[ 0.          0.41762099 15.98565674 -0.28106293 -4.16858768  0.22137481
 -0.214614   -0.02071256]"
1747093066.2274501,"[ 0.          0.12306694  0.72779039 -2.8607237  -1.65452079  1.28810724
  0.96091226  2.52615956]","[ 0.00000000e+00  1.00756792e-04  1.32474486e-05  6.34917418e-05
  2.46788936e-05  1.85184257e-05 -1.05979587e-05 -2.12755037e-04]","[ 0.          0.43590668 15.9477396  -0.28256249 -4.14556265  0.21588716
 -0.21338256 -0.02798821]"
1747093066.2291887,"[ 0.          0.1230674   0.72779039 -2.86072317 -1.65452079  1.28810724
  0.96091226  2.52615956]","[ 0.00000000e+00  1.05980645e-04  1.85604623e-05  6.88346925e-05
  2.41277535e-05  1.85044548e-05 -1.06059783e-05 -3.07169689e-04]","[ 0.          0.4146125  15.85606098 -0.26151299 -4.11354113  0.19859336
 -0.22413729 -0.02307424]"
1747093066.2303486,"[ 0.          0.1230674   0.72779039 -2.86072317 -1.65452079  1.28810724
  0.96091226  2.52615876]","[ 0.00000000e+00  1.05979589e-04  1.32474486e-05  6.34923676e-05
  2.40862919e-05  1.85186086e-05 -1.06058726e-05 -4.28092125e-04]","[ 0.          0.42832384 15.8162384  -0.26912573 -4.09875917  0.20625526
 -0.21971136 -0.03295377]"
1747093066.2320776,"[ 0.          0.1230674   0.72779039 -2.86072264 -1.65452079  1.28810724
  0.96091226  2.52615876]","[ 0.00000000e+00  1.06059781e-04  1.85604623e-05  6.87827183e-05
  1.20636034e-05  1.85184257e-05 -1.05979587e-05 -2.64239936e-04]","[ 0.          0.42692053 15.74550152 -0.28112289 -4.03835392  0.18890183
 -0.22912718 -0.01861545]"
1747093066.233339,"[ 0.          0.12306785  0.72779039 -2.86072264 -1.65452079  1.28810724
  0.96091226  2.5261577 ]","[ 0.00000000e+00  1.05979589e-04  1.85604623e-05  6.88346925e-05
  1.18000842e-05  1.85044548e-05 -1.06059783e-05 -2.64239936e-04]","[ 0.          0.44495052 15.74589252 -0.26372525 -4.03325033  0.18893896
 -0.22257002 -0.01683931]"
1747093066.2351031,"[ 0.          0.12306785  0.72779039 -2.86072264 -1.65452079  1.28810724
  0.96091226  2.5261577 ]","[ 0.00000000e+00  1.06060837e-04  1.85464284e-05  6.88867318e-05
  1.17805105e-05  1.85184257e-05 -1.05978530e-05 -2.31809594e-04]","[ 0.00000000e+00  4.42223966e-01  1.56907835e+01 -2.26878047e-01
 -4.00845432e+00  1.68231130e-01 -2.04219192e-01 -2.41174852e-03]"
1747093066.2362022,"[ 0.          0.12306831  0.72779039 -2.86072237 -1.65452079  1.28810724
  0.96091226  2.5261577 ]","[ 0.00000000e+00  1.08629080e-04  1.85604623e-05  7.15362227e-05
  1.15290857e-05  1.85184257e-05 -1.05980643e-05 -2.31838413e-04]","[ 0.00000000e+00  4.39578295e-01  1.56812344e+01 -2.18914017e-01
 -3.99401426e+00  1.68475524e-01 -2.03123674e-01  4.03360603e-03]"
1747093066.2379568,"[ 0.          0.12306831  0.72779039 -2.86072184 -1.65452079  1.28810724
  0.96091133  2.52615663]","[ 0.00000000e+00  1.08629080e-04  1.85604623e-05  7.41857136e-05
  1.12697774e-05  1.85184257e-05 -1.85604623e-05 -3.24523896e-04]","[ 0.00000000e+00  4.29709017e-01  1.56126881e+01 -2.17310399e-01
 -3.98243475e+00  1.67594954e-01 -2.05648065e-01 -6.97249500e-03]"
1747093066.2396882,"[ 0.          0.12306877  0.72779039 -2.8607213  -1.65452079  1.28810724
  0.96091133  2.52615663]","[ 0.00000000e+00  1.13928053e-04  2.12119566e-05  7.94846874e-05
  0.00000000e+00  1.85184257e-05 -1.85466133e-05 -2.92567394e-04]","[ 0.          0.42230418 15.5723629  -0.2120807  -3.96140933  0.17426583
 -0.20191278 -0.0174452 ]"
1747093066.240945,"[ 0.          0.12306923  0.72779039 -2.8607213  -1.65452079  1.28810724
  0.96091133  2.52615663]","[ 0.00000000e+00  1.13928053e-04  2.12119566e-05  7.95448377e-05
  0.00000000e+00  1.85046377e-05 -1.85466133e-05 -2.11173444e-04]","[ 0.          0.44058126 15.53314114 -0.21624677 -3.96413016  0.18307124
 -0.2009363  -0.02826462]"
1747093066.2427483,"[ 0.          0.12306969  0.72779039 -2.86072104 -1.65452079  1.28810724
  0.96091133  2.52615663]","[ 0.00000000e+00  1.19317257e-04  2.11959173e-05  7.68351964e-05
  0.00000000e+00  1.85186086e-05 -1.85464284e-05 -1.92355441e-04]","[ 0.          0.43905622 15.49539185 -0.21388184 -3.96063805  0.16399933
 -0.22302078 -0.02134285]"
1747093066.2444632,"[ 0.          0.12306969  0.72779039 -2.86072104 -1.65452079  1.28810724
  0.96091133  2.52615663]","[ 0.00000000e+00  1.19317257e-04  2.12119566e-05  7.68351964e-05
  0.00000000e+00  1.85184257e-05 -1.85464284e-05 -1.93684437e-04]","[ 0.          0.45466286 15.50087452 -0.20897523 -3.97983861  0.16543542
 -0.2015337  -0.01655782]"
1747093066.2462254,"[ 0.          0.12306969  0.72779039 -2.86072104 -1.65452079  1.28810724
  0.96091133  2.52615583]","[ 0.00000000e+00  1.19227035e-04  2.64948971e-05  7.68351964e-05
  0.00000000e+00  1.85184257e-05 -1.85604623e-05 -2.24515419e-04]","[ 0.          0.44424391 15.49201775 -0.21093436 -3.99990749  0.15231062
 -0.19589008 -0.02655722]"
1747093066.247423,"[ 0.          0.12307015  0.72779039 -2.86072051 -1.65452079  1.28810724
  0.96091133  2.52615583]","[ 0.00000000e+00  1.19317257e-04  2.64948971e-05  8.21341783e-05
  0.00000000e+00  1.85184257e-05 -1.85462435e-05 -1.42873456e-04]","[ 0.          0.43030679 15.49021721 -0.22052777 -4.02204561  0.15849762
 -0.19277677 -0.02736033]"
1747093066.249147,"[ 0.          0.12307015  0.72779039 -2.86071997 -1.65452079  1.28810724
  0.96091133  2.52615583]","[ 0.00000000e+00  1.19227035e-04  2.65149452e-05  8.74331602e-05
  0.00000000e+00  1.85186086e-05 -1.85464284e-05 -1.42046078e-04]","[ 0.          0.44898319 15.48063278 -0.21007618 -4.05759239  0.15866151
 -0.19788133 -0.0255606 ]"
1747093066.2503393,"[ 0.          0.12307061  0.72779039 -2.86071997 -1.65452079  1.28810724
  0.96091133  2.52615583]","[ 0.00000000e+00  1.24620245e-04  2.64948971e-05  8.74340298e-05
  0.00000000e+00  1.85184257e-05 -1.85464284e-05 -1.32835457e-04]","[ 0.          0.44846416 15.45137501 -0.20472869 -4.08052301  0.15755774
 -0.18312854 -0.01749534]"
1747093066.2521248,"[ 0.          0.12307061  0.72779039 -2.86071997 -1.65452079  1.28810724
  0.96091133  2.52615583]","[ 0.00000000e+00  1.24620245e-04  3.18179359e-05  8.74331602e-05
  0.00000000e+00  1.85184257e-05 -1.85464284e-05 -1.32835457e-04]","[ 0.00000000e+00  4.38117802e-01  1.54498930e+01 -2.18342260e-01
 -4.10104609e+00  1.66503072e-01 -1.92123786e-01 -8.31172336e-03]"
1747093066.2540052,"[ 0.          0.12307107  0.72779039 -2.86071944 -1.65452132  1.28810724
  0.96091133  2.52615477]","[ 0.00000000e+00  1.27176768e-04  3.17938749e-05  8.74331602e-05
 -8.56239348e-06  1.85186086e-05 -1.85606472e-05 -1.82147442e-04]","[ 0.00000000e+00  4.50470954e-01  1.54657383e+01 -2.13544548e-01
 -4.10779428e+00  1.84395239e-01 -2.02271566e-01 -2.74416828e-03]"
1747093066.2559834,"[ 0.          0.12307152  0.72779039 -2.86071944 -1.65452132  1.28810724
  0.96091133  2.52615477]","[ 0.00000000e+00  1.27079427e-04  2.64948971e-05  8.74331602e-05
 -8.41866686e-06  1.85186086e-05 -1.85464284e-05 -1.15912006e-04]","[ 0.          0.44590166 15.49352264 -0.22499749 -4.1498208   0.1985198
 -0.19217947 -0.0175991 ]"
1747093066.2584999,"[ 0.          0.12307152  0.72779039 -2.86071917 -1.65452132  1.28810724
  0.96091133  2.52615477]","[ 0.00000000e+00  1.26983484e-04  3.18179359e-05  9.00826511e-05
 -8.28935049e-06  1.85184257e-05 -1.85604623e-05 -1.09216279e-04]","[ 0.          0.43467081 15.4990387  -0.2221746  -4.21148252  0.19302994
 -0.19262828 -0.037025  ]"
1747093066.2605593,"[ 0.          0.12307199  0.72779039 -2.86071917 -1.65452132  1.2881083
  0.96091133  2.52615477]","[ 0.00000000e+00  1.32375710e-04  3.17938749e-05  9.00826511e-05
 -8.16419734e-06  2.91003827e-05 -1.85466133e-05 -1.03246167e-04]","[ 0.          0.43228883 15.49553108 -0.24045239 -4.24704695  0.2041271
 -0.19870357 -0.03502902]"
1747093066.2616642,"[ 0.          0.12307199  0.72779039 -2.86071864 -1.65452132  1.2881083
  0.96091133  2.52615477]","[ 0.00000000e+00  1.26983484e-04  3.18176189e-05  9.54538036e-05
 -8.04252370e-06  2.90784288e-05 -1.85604623e-05 -1.02819084e-04]","[ 0.          0.44190207 15.51520538 -0.22464769 -4.28668642  0.20823067
 -0.18668133 -0.01954279]"
1747093066.2633777,"[ 0.          0.12307199  0.72779086 -2.86071864 -1.65452132  1.2881083
  0.96091133  2.52615397]","[ 0.00000000e+00  1.27079427e-04  3.70928568e-05  9.53816248e-05
 -8.03330478e-06  2.91003827e-05 -1.85464284e-05 -1.39308520e-04]","[ 0.          0.43979079 15.51358032 -0.22087173 -4.31246138  0.21869411
 -0.18026844 -0.02763027]"
1747093066.2650123,"[ 0.          0.12307245  0.72779086 -2.86071864 -1.65452185  1.2881083
  0.96091133  2.52615397]","[ 0.00000000e+00  1.32274460e-04  3.71209245e-05  9.54538036e-05
 -1.58311824e-05  2.91006692e-05 -1.85604623e-05 -9.27330604e-05]","[ 0.          0.42125526 15.53813839 -0.22693996 -4.33885908  0.2162499
 -0.17558664 -0.02877266]"
1747093066.2661538,"[ 0.          0.12307245  0.72779086 -2.86071864 -1.65452185  1.2881083
  0.96091133  2.52615397]","[ 0.00000000e+00  1.32374402e-04  3.71209245e-05  9.54538036e-05
 -1.56025547e-05  2.90787152e-05 -1.85602774e-05 -9.27330604e-05]","[ 0.          0.41754454 15.52769184 -0.25703555 -4.33191299  0.21414903
 -0.17941305 -0.02468209]"
1747093066.267971,"[ 0.          0.1230729   0.72779086 -2.86071864 -1.65452185  1.2881083
  0.96091133  2.52615397]","[ 0.00000000e+00  1.32374402e-04  3.70924870e-05  9.00826511e-05
 -1.53804370e-05  2.91006692e-05 -1.85464284e-05 -8.83932083e-05]","[ 0.          0.41898471 15.546772   -0.27539027 -4.35150433  0.20101294
 -0.17242666 -0.03375286]"
1747093066.2699523,"[ 0.          0.1230729   0.72779086 -2.86071811 -1.65452185  1.2881083
  0.96091133  2.5261529 ]","[ 0.00000000e+00  1.27079427e-04  3.71209245e-05  9.53825757e-05
 -1.51647703e-05  2.11639139e-05 -1.85604623e-05 -1.32250330e-04]","[ 0.          0.42394748 15.56696415 -0.28682792 -4.35849094  0.22655822
 -0.16446443 -0.04760921]"
1747093066.2716696,"[ 0.          0.1230729   0.72779086 -2.86071811 -1.65452185  1.2881083
  0.96091133  2.5261529 ]","[ 0.00000000e+00  1.27079427e-04  3.18179359e-05  9.53816248e-05
 -1.51481652e-05  2.11639139e-05 -1.85462435e-05 -1.32705647e-04]","[ 0.          0.41698796 15.58773708 -0.2821216  -4.35525322  0.22837357
 -0.17177793 -0.04958379]"
1747093066.272843,"[ 0.          0.12307336  0.72779086 -2.86071811 -1.65452185  1.2881083
  0.96091133  2.5261529 ]","[ 0.00000000e+00  1.32375710e-04  3.18176189e-05  9.54538036e-05
 -1.49387099e-05  2.11641232e-05 -1.85464284e-05 -1.26614389e-04]","[ 0.          0.39344117 15.60513687 -0.27478278 -4.34608126  0.2255915
 -0.16922976 -0.03220529]"
1747093066.274558,"[ 0.          0.12307382  0.72779086 -2.86071811 -1.65452185  1.2881083
  0.96091133  2.5261529 ]","[ 0.00000000e+00  1.32274460e-04  3.18176189e-05  9.54538036e-05
 -1.49387099e-05  2.11801137e-05 -1.85604623e-05 -1.26614389e-04]","[ 0.          0.38386443 15.61747456 -0.2657862  -4.35232162  0.22200137
 -0.17592829 -0.03296492]"
1747093066.276341,"[ 0.          0.12307382  0.72779086 -2.86071784 -1.65452185  1.2881083
  0.96091133  2.5261529 ]","[ 0.00000000e+00  1.32374402e-04  3.18179359e-05  9.80320910e-05
 -1.47347628e-05  2.11639139e-05 -1.85464284e-05 -1.21434140e-04]","[ 0.00000000e+00  3.86889577e-01  1.56303406e+01 -2.85885364e-01
 -4.33586121e+00  2.28014901e-01 -1.53317034e-01 -1.27572194e-02]"
1747093066.2775853,"[ 0.          0.12307428  0.72779086 -2.86071731 -1.65452238  1.28810923
  0.96091133  2.5261521 ]","[ 0.00000000e+00  1.37669385e-04  3.18179359e-05  1.00756792e-04
 -2.18047635e-05  2.91223691e-05 -1.85604623e-05 -1.42458572e-04]","[ 0.00000000e+00  3.96455377e-01  1.56383400e+01 -3.06333780e-01
 -4.31798124e+00  2.28805810e-01 -1.60481289e-01  4.42161504e-03]"
1747093066.2793643,"[ 0.          0.12307428  0.72779133 -2.86071731 -1.65452238  1.28810923
  0.96091133  2.5261521 ]","[ 0.00000000e+00  1.37565437e-04  3.71209245e-05  1.00680607e-04
 -2.15152784e-05  2.91006692e-05 -1.85462435e-05 -1.02052466e-04]","[ 0.00000000e+00  4.04648572e-01  1.56634760e+01 -2.96586782e-01
 -4.31106615e+00  2.22761646e-01 -1.69084609e-01 -5.06300433e-03]"
1747093066.281181,"[ 0.          0.12307474  0.72779133 -2.86071731 -1.65452238  1.28810923
  0.96091133  2.5261521 ]","[ 0.00000000e+00  1.37669385e-04  3.71209245e-05  9.54538036e-05
 -2.14932839e-05  2.91003827e-05 -1.85464284e-05 -9.80653643e-05]","[ 0.00000000e+00  4.11282659e-01  1.56910648e+01 -3.14055204e-01
 -4.29240799e+00  2.14202046e-01 -1.86288714e-01 -1.17961802e-02]"
1747093066.282326,"[ 0.          0.12307474  0.72779133 -2.86071731 -1.65452238  1.28810923
  0.96091133  2.5261521 ]","[ 0.00000000e+00  1.37565437e-04  3.71205547e-05  9.54538036e-05
 -2.12116742e-05  2.91003827e-05 -1.85604623e-05 -9.80617558e-05]","[ 0.00000000e+00  3.97696167e-01  1.57005558e+01 -3.01838517e-01
 -4.29087353e+00  2.14716181e-01 -1.92555979e-01 -1.02249803e-02]"
1747093066.2840543,"[ 0.          0.1230752   0.72779133 -2.86071678 -1.65452238  1.28810923
  0.96091133  2.5261521 ]","[ 0.00000000e+00  1.37669385e-04  3.70928568e-05  1.00680607e-04
 -2.08962792e-05  2.91003827e-05 -1.85462435e-05 -9.46262471e-05]","[ 0.          0.39010197 15.71378517 -0.28800142 -4.27053118  0.21316195
 -0.19251804 -0.01940036]"
1747093066.2859128,"[ 0.          0.12307566  0.72779133 -2.86071678 -1.65452238  1.28810923
  0.96091133  2.5261521 ]","[ 0.00000000e+00  1.40316860e-04  3.18182529e-05  1.00756792e-04
 -2.06302658e-05  2.91226556e-05 -1.06059783e-05 -9.14201808e-05]","[ 0.          0.36864486 15.7507658  -0.28697944 -4.27020264  0.21633561
 -0.18379624 -0.01790764]"
1747093066.2870271,"[ 0.          0.12307566  0.72779133 -2.86071624 -1.65452238  1.28810923
  0.96091133  2.5261521 ]","[ 0.00000000e+00  1.40316860e-04  3.18179359e-05  1.05979589e-04
 -2.06302658e-05  2.91006692e-05 -1.05979587e-05 -9.14201808e-05]","[ 0.00000000e+00  3.67521226e-01  1.57589321e+01 -2.81622618e-01
 -4.27729702e+00  2.10797340e-01 -1.87423810e-01 -1.15060192e-02]"
1747093066.2888715,"[ 0.          0.12307612  0.72779179 -2.86071624 -1.65452238  1.28810923
  0.96091133  2.5261521 ]","[ 0.00000000e+00  1.40316860e-04  3.71209245e-05  1.00681614e-04
 -2.03512223e-05  2.91003827e-05 -1.05979587e-05 -8.84271724e-05]","[ 0.          0.38590425 15.77625942 -0.27747452 -4.27861977  0.21818832
 -0.19981223 -0.02143296]"
1747093066.2912488,"[ 0.          0.12307657  0.72779179 -2.86071624 -1.65452238  1.28810923
  0.96091133  2.5261521 ]","[ 0.00000000e+00  1.45611844e-04  3.18179359e-05  1.00756792e-04
 -2.01178015e-05  2.91003827e-05 -1.05978530e-05 -8.54179580e-05]","[ 0.          0.39441481 15.79930019 -0.26324219 -4.27255917  0.22315754
 -0.21190591 -0.03452643]"
1747093066.292479,"[ 0.          0.12307657  0.72779179 -2.86071624 -1.65452238  1.28810923
  0.96091133  2.5261521 ]","[ 0.00000000e+00  1.40316860e-04  3.17938749e-05  1.00680607e-04
 -1.98523612e-05  2.91006692e-05 -1.05979587e-05 -8.27968639e-05]","[ 0.          0.39404121 15.79220009 -0.24505672 -4.27974129  0.22536297
 -0.20998435 -0.02489017]"
1747093066.2942715,"[ 0.          0.12307657  0.72779179 -2.86071598 -1.65452292  1.28810923
  0.96091133  2.5261521 ]","[ 0.00000000e+00  1.40316860e-04  3.18179359e-05  1.03408291e-04
 -2.61494798e-05  2.91440955e-05 -1.05820616e-05 -8.03342608e-05]","[ 0.          0.40012646 15.82194805 -0.23523174 -4.26205063  0.21647379
 -0.20039578 -0.02750245]"
1747093066.2959967,"[ 0.          0.12307704  0.72779226 -2.86071545 -1.65452292  1.28810923
  0.96091133  2.5261521 ]","[ 0.00000000e+00  1.40316860e-04  3.18179359e-05  1.05979589e-04
 -2.58130148e-05  2.91003827e-05 -1.05819570e-05 -7.80139183e-05]","[ 0.          0.41449848 15.85775948 -0.25016373 -4.28128767  0.20758966
 -0.21214209 -0.02002377]"
1747093066.2977905,"[ 0.          0.1230775   0.72779226 -2.86071491 -1.65452292  1.28810923
  0.96091133  2.52615104]","[ 0.00000000e+00  1.45613274e-04  3.18179359e-05  1.11362770e-04
 -2.55082889e-05  2.91443860e-05 -1.05900569e-05 -8.32237841e-05]","[ 0.          0.42478782 15.87578487 -0.25867057 -4.29973555  0.2044611
 -0.21279241 -0.03022845]"
1747093066.3006732,"[ 0.          0.1230775   0.72779226 -2.86071491 -1.65452292  1.28810923
  0.96091133  2.52615104]","[ 0.00000000e+00  1.40318258e-04  3.18179359e-05  1.11278562e-04
 -1.91312177e-05  2.91443860e-05 -1.05820616e-05 -8.09560904e-05]","[ 0.          0.40845028 15.88215923 -0.22759272 -4.29766273  0.21453145
 -0.21506368 -0.02739117]"
1747093066.30328,"[ 0.          0.12307796  0.72779272 -2.86071438 -1.65452292  1.28810923
  0.96091133  2.52615104]","[ 0.00000000e+00  1.40210929e-04  3.18179359e-05  1.11362770e-04
 -2.49196331e-05  2.91443860e-05 -1.05819570e-05 -7.88087054e-05]","[ 0.00000000e+00  4.34599400e-01  1.59260921e+01 -2.33241424e-01
 -4.33168221e+00  2.15945765e-01 -2.14114413e-01 -1.22212768e-02]"
1747093066.3046515,"[ 0.          0.12307841  0.72779272 -2.86071438 -1.65452292  1.28810923
  0.96091133  2.52615104]","[ 0.00000000e+00  1.45611844e-04  3.18176189e-05  1.11278562e-04
 -2.48977909e-05  2.91440955e-05 -1.05820616e-05 -7.66176849e-05]","[ 0.          0.46525466 15.95299625 -0.24698918 -4.34170103  0.25199702
 -0.22133367 -0.04016724]"
1747093066.3058832,"[ 0.          0.12307841  0.72779272 -2.86071438 -1.65452292  1.28810923
  0.96091133  2.52615104]","[ 0.00000000e+00  1.45613274e-04  3.18179359e-05  1.11362770e-04
 -2.48977909e-05  2.91667301e-05 -1.05819570e-05 -7.66196923e-05]","[ 0.          0.46556017 15.95089054 -0.24014236 -4.33958054  0.2512849
 -0.22872655 -0.02815238]"
1747093066.3076549,"[ 0.          0.12307887  0.72779272 -2.86071411 -1.65452345  1.28810923
  0.96091133  2.52615104]","[ 0.00000000e+00  1.45611844e-04  2.65149452e-05  1.13928053e-04
 -3.07943971e-05  2.91443860e-05 -1.05819570e-05 -4.75321996e-05]","[ 0.          0.42452249 15.93798447 -0.22566259 -4.33283663  0.2461832
 -0.23831113 -0.03283376]"
1747093066.3094664,"[ 0.          0.12307887  0.72779272 -2.86071411 -1.65452345  1.28810923
  0.96091133  2.52615104]","[ 0.00000000e+00  1.45611844e-04  2.64548924e-05  1.13757160e-04
 -3.04208308e-05  2.91443860e-05 -1.05819570e-05 -4.75321996e-05]","[ 0.          0.41541183 15.94646549 -0.21623267 -4.32135296  0.24307375
 -0.24079545 -0.01866963]"
1747093066.3112254,"[ 0.          0.12307933  0.72779312 -2.86071358 -1.65452345  1.28810923
  0.96091133  2.52615104]","[ 0.00000000e+00  1.50792882e-04  3.17698567e-05  1.19317257e-04
 -3.00820170e-05  2.11957060e-05 -1.05899522e-05 -4.63653761e-05]","[ 0.          0.43218699 15.95871353 -0.21335176 -4.34658003  0.22601351
 -0.23515002 -0.03554963]"
1747093066.3123276,"[ 0.          0.1230798   0.72779312 -2.86071358 -1.65452345  1.28811017
  0.96091133  2.52615104]","[ 0.00000000e+00  1.50908306e-04  3.17461838e-05  1.13841985e-04
 -2.97254348e-05  2.91443860e-05 -1.05819570e-05 -4.51722323e-05]","[ 0.          0.45646417 15.9795866  -0.2136569  -4.36314487  0.22421616
 -0.22787333 -0.05221544]"
1747093066.314149,"[ 0.          0.1230798   0.72779312 -2.86071358 -1.65452345  1.28811017
  0.96091133  2.52615104]","[ 0.00000000e+00  1.50906827e-04  3.17458709e-05  1.13843115e-04
 -2.97254348e-05  2.91664395e-05 -1.05819570e-05 -4.52555699e-05]","[ 0.          0.45489168 15.97748089 -0.20576073 -4.36412716  0.21771847
 -0.21854252 -0.04736249]"
1747093066.3153017,"[ 0.          0.12308025  0.72779312 -2.86071305 -1.65452345  1.28811017
  0.96091133  2.52615104]","[ 0.00000000e+00  1.50906827e-04  3.17698567e-05  1.13756038e-04
 -2.94262192e-05  2.91443860e-05 -1.05819570e-05 -4.41976526e-05]","[ 0.          0.44909117 15.96408558 -0.2129965  -4.36241198  0.24023435
 -0.20124666 -0.04265608]"
1747093066.317074,"[ 0.          0.12308025  0.72779312 -2.86071305 -1.65452345  1.28811017
  0.96091133  2.52615104]","[ 0.00000000e+00  1.50906827e-04  2.64551545e-05  1.13841985e-04
 -2.90849245e-05  2.91664395e-05 -1.05819570e-05 -4.31111596e-05]","[ 0.          0.45287949 15.9465189  -0.21035618 -4.38269997  0.23972563
 -0.20889089 -0.03503115]"
1747093066.3187842,"[ 0.          0.12308071  0.72779312 -2.86071278 -1.65452398  1.28811017
  0.96091133  2.52615104]","[ 0.00000000e+00  1.56201794e-04  2.64748795e-05  1.16401531e-04
 -3.45304542e-05  2.91664395e-05 -1.05899522e-05 -4.21510099e-05]","[ 0.          0.46003938 15.95896912 -0.21488903 -4.39668465  0.24852622
 -0.22120389 -0.02003841]"
1747093066.3205385,"[ 0.          0.12308071  0.72779359 -2.86071278 -1.65452398  1.28811017
  0.96091133  2.52615104]","[ 0.00000000e+00  1.50906827e-04  3.17698567e-05  1.13757160e-04
 -3.45300763e-05  2.91443860e-05 -1.05820616e-05 -4.21510099e-05]","[ 0.          0.47825754 15.94642353 -0.2150564  -4.39292669  0.24618505
 -0.23500258 -0.01766855]"
1747093066.3217783,"[ 0.          0.12308117  0.72779359 -2.86071225 -1.65452398  1.28811017
  0.96091133  2.52615104]","[ 0.00000000e+00  1.56201794e-04  3.17698567e-05  1.19136960e-04
 -3.41383475e-05  2.91664395e-05 -1.05819570e-05 -2.35610210e-05]","[ 0.          0.44592136 15.92081165 -0.22343147 -4.38870621  0.2465034
 -0.23323143 -0.03964911]"
1747093066.3234518,"[ 0.          0.12308163  0.72779359 -2.86071225 -1.65452398  1.28811017
  0.96091133  2.52615104]","[ 0.00000000e+00  1.56201794e-04  3.17698567e-05  1.19047015e-04
 -3.37825272e-05  2.91446766e-05 -1.05820616e-05 -2.35604988e-05]","[ 0.          0.41845876 15.92174721 -0.24451654 -4.38876438  0.23804112
 -0.2189161  -0.03558037]"
1747093066.325159,"[ 0.          0.12308208  0.72779359 -2.86071225 -1.65452398  1.28811017
  0.96091133  2.52615104]","[ 0.00000000e+00  1.56201794e-04  3.17458709e-05  1.19047015e-04
 -3.38096887e-05  2.91667301e-05 -1.05820616e-05 -2.30576716e-05]","[ 0.          0.41157505 15.92353249 -0.21931644 -4.40346289  0.23809542
 -0.21043186 -0.03399406]"
1747093066.3267782,"[ 0.          0.12308208  0.72779359 -2.86071172 -1.65452398  1.28811017
  0.96091133  2.52615104]","[ 0.00000000e+00  1.56201794e-04  3.17698567e-05  1.19138138e-04
 -3.34336964e-05  2.91664395e-05 -1.05819570e-05 -2.30576716e-05]","[ 0.          0.40896976 15.91119957 -0.2225177  -4.42799664  0.24824953
 -0.21971726 -0.01929722]"
1747093066.327906,"[ 0.          0.12308255  0.72779359 -2.86071172 -1.65452398  1.28811017
  0.96091133  2.52614997]","[ 0.00000000e+00  1.56201794e-04  3.17698567e-05  1.13757160e-04
 -3.34340459e-05  2.91443860e-05 -1.05819570e-05 -4.51517149e-05]","[ 0.          0.39639661 15.89503574 -0.20994504 -4.42702007  0.24773966
 -0.22430943 -0.02137424]"
1747093066.330141,"[ 0.          0.12308301  0.72779406 -2.86071118 -1.65452451  1.28811017
  0.96091133  2.52614997]","[ 0.00000000e+00  1.56201794e-04  3.70648338e-05  1.19136960e-04
 -3.81881680e-05  2.91661490e-05 -1.05819570e-05 -4.41587836e-05]","[ 0.          0.42230749 15.86731625 -0.22948219 -4.41226149  0.24341957
 -0.22554463 -0.03025323]"
1747093066.3312519,"[ 0.          0.12308301  0.72779406 -2.86071118 -1.65452451  1.28811017
  0.96091133  2.52614997]","[ 0.00000000e+00  1.56203338e-04  3.70651995e-05  1.13841985e-04
 -3.81881680e-05  2.91667301e-05 -1.05819570e-05 -4.32735272e-05]","[ 0.          0.41373444 15.84104252 -0.23071972 -4.40188313  0.24331839
 -0.22514392 -0.02645673]"
1747093066.3329213,"[ 0.          0.12308347  0.72779406 -2.86071118 -1.65452451  1.28811017
  0.96091133  2.52614997]","[ 0.00000000e+00  1.58729359e-04  3.70648338e-05  1.13843115e-04
 -3.78355153e-05  2.91664395e-05 -1.05819570e-05 -4.24239132e-05]","[ 0.          0.40998611 15.81193733 -0.24361895 -4.41025782  0.2309586
 -0.23736101 -0.03306148]"
1747093066.334686,"[ 0.          0.12308347  0.72779406 -2.86071092 -1.65452451  1.28811017
  0.96091133  2.52614997]","[ 0.00000000e+00  1.56201794e-04  3.70648338e-05  1.16490622e-04
 -3.74317337e-05  2.91664395e-05 -1.05819570e-05 -4.23598089e-05]","[ 0.          0.38453391 15.78569126 -0.26035812 -4.38956738  0.22501642
 -0.2355694  -0.02595696]"
1747093066.3381808,"[ 0.          0.12308392  0.72779406 -2.86071092 -1.65452451  1.28811017
  0.96091133  2.52614997]","[ 0.00000000e+00  1.58849285e-04  3.70648338e-05  1.16489477e-04
 -3.70648338e-05  2.91446766e-05 -1.05820616e-05 -4.15445450e-05]","[ 0.          0.39875814 15.76435757 -0.26059303 -4.37972879  0.21237414
 -0.21082011 -0.02447272]"
1747093066.3392358,"[ 0.          0.12308485  0.72779406 -2.86070985 -1.65452451  1.2881111
  0.96091133  2.52614997]","[ 0.00000000e+00  1.58849285e-04  3.70648338e-05  1.19136960e-04
 -3.70644640e-05  3.70928568e-05  0.00000000e+00 -4.00069287e-05]","[ 0.00000000e+00  4.04308289e-01  1.57221107e+01 -2.21791968e-01
 -4.38837481e+00  2.36267433e-01 -2.23056734e-01 -1.49829946e-02]"
1747093066.3409655,"[ 0.          0.12308485  0.72779406 -2.86070985 -1.65452451  1.2881111
  0.96091133  2.52614997]","[ 0.00000000e+00  1.58849285e-04  3.70648338e-05  1.13841985e-04
 -3.70648338e-05  3.71209245e-05  0.00000000e+00 -3.99491637e-05]","[ 0.00000000e+00  4.06198591e-01  1.57061329e+01 -2.32523635e-01
 -4.38404989e+00  2.36904725e-01 -2.26220831e-01 -3.22181382e-03]"
1747093066.3426447,"[ 0.          0.12308531  0.72779406 -2.86070985 -1.65452451  1.2881111
  0.96091133  2.52614997]","[ 0.00000000e+00  1.58849285e-04  3.70648338e-05  1.13841985e-04
 -3.70648338e-05  3.70928568e-05  0.00000000e+00 -3.92239790e-05]","[ 0.00000000e+00  4.10000771e-01  1.56620131e+01 -2.54163712e-01
 -4.37228203e+00  2.42155924e-01 -2.30275139e-01 -5.62681071e-03]"
1747093066.3443055,"[ 0.          0.12308531  0.72779406 -2.86070985 -1.65452451  1.2881111
  0.96091133  2.52614997]","[ 0.00000000e+00  1.56201794e-04  3.70651995e-05  1.11194501e-04
 -3.70648338e-05  3.70928568e-05  0.00000000e+00 -3.92789359e-05]","[ 0.00000000e+00  4.23226655e-01  1.56426792e+01 -2.66390294e-01
 -4.37115335e+00  2.39995763e-01 -2.26667032e-01 -6.26380555e-03]"
1747093066.3454175,"[ 0.          0.12308576  0.72779406 -2.86070932 -1.65452451  1.2881111
  0.96091133  2.52614997]","[ 0.00000000e+00  1.58849285e-04  3.70651995e-05  1.16401531e-04
 -3.70644640e-05  3.71209245e-05  0.00000000e+00 -3.85246513e-05]","[ 0.00000000e+00  4.31895345e-01  1.56032581e+01 -2.51953095e-01
 -4.39487934e+00  2.27757350e-01 -2.17136860e-01 -7.64316879e-03]"
1747093066.3471777,"[ 0.          0.12308622  0.72779406 -2.86070905 -1.65452451  1.2881111
  0.96091133  2.52614997]","[ 0.00000000e+00  1.64144252e-04  3.70648338e-05  1.19136960e-04
 -3.70648338e-05  3.70928568e-05  0.00000000e+00 -3.85253503e-05]","[ 0.00000000e+00  4.43339437e-01  1.55793152e+01 -2.39736304e-01
 -4.38716221e+00  2.21731037e-01 -2.03271806e-01 -1.20934378e-02]"
1747093066.3489306,"[ 0.          0.12308622  0.72779406 -2.86070905 -1.65452505  1.2881111
  0.96091133  2.52614997]","[ 0.00000000e+00  1.58730919e-04  3.70648338e-05  1.13841985e-04
 -4.23598089e-05  3.70928568e-05  0.00000000e+00 -3.79010012e-05]","[ 0.00000000e+00  4.36772823e-01  1.55755186e+01 -2.34810755e-01
 -4.37510490e+00  2.26504460e-01 -1.98116601e-01 -1.41924443e-02]"
1747093066.3506114,"[ 0.          0.12308714  0.72779406 -2.86070852 -1.65452505  1.2881111
  0.96091133  2.52614997]","[ 0.00000000e+00  1.64144252e-04  3.70651995e-05  1.13841985e-04
 -4.23598089e-05  3.71209245e-05  0.00000000e+00 -3.71982357e-05]","[ 0.          0.43573883 15.56678391 -0.21492672 -4.37252426  0.22029415
 -0.20236209 -0.02420633]"
1747093066.3517468,"[ 0.          0.12308714  0.72779406 -2.86070852 -1.65452505  1.2881111
  0.96091133  2.52614997]","[ 0.00000000e+00  1.64144252e-04  3.70648338e-05  1.13841985e-04
 -4.23602275e-05  3.70928568e-05  0.00000000e+00 -3.71982357e-05]","[ 0.          0.42175218 15.55036259 -0.20432612 -4.36881542  0.21396452
 -0.2018673  -0.02165532]"
1747093066.353573,"[ 0.          0.1230876   0.72779406 -2.86070852 -1.65452505  1.2881111
  0.96091133  2.52614997]","[ 0.00000000e+00  1.69311312e-04  3.70648338e-05  1.13841985e-04
 -4.23598089e-05  3.71209245e-05  0.00000000e+00 -3.65686973e-05]","[ 0.          0.42944509 15.5250845  -0.21003686 -4.37051916  0.20926602
 -0.19312055 -0.02323851]"
1747093066.3547597,"[ 0.          0.1230876   0.72779406 -2.86070799 -1.65452505  1.2881111
  0.96091133  2.52614997]","[ 0.00000000e+00  1.64144252e-04  3.70928568e-05  1.13841985e-04
 -3.70648338e-05  3.71209245e-05  0.00000000e+00 -3.59134401e-05]","[ 0.          0.43157673 15.51097679 -0.21816128 -4.36920023  0.21049127
 -0.21227093 -0.03461311]"
1747093066.3564348,"[ 0.          0.12308806  0.72779406 -2.86070799 -1.65452505  1.2881111
  0.96091133  2.52614997]","[ 0.00000000e+00  1.69312986e-04  3.70648338e-05  1.13841985e-04
 -3.70648338e-05  3.70924870e-05  0.00000000e+00 -1.79567200e-05]","[ 0.          0.4415389  15.48708153 -0.2091957  -4.37836361  0.21237385
 -0.21353295 -0.03080925]"
1747093066.3582766,"[ 0.          0.12308852  0.72779406 -2.86070772 -1.65452558  1.2881111
  0.96091133  2.52614997]","[ 0.00000000e+00  1.69695653e-04  3.70648338e-05  1.16490622e-04
 -4.23598089e-05  3.71209245e-05  0.00000000e+00 -1.76857287e-05]","[ 0.          0.42317855 15.48397827 -0.20035933 -4.40058184  0.21463101
 -0.20712575 -0.02312436]"
1747093066.3594592,"[ 0.          0.12308852  0.72779406 -2.86070719 -1.65452558  1.2881111
  0.96091133  2.52614997]","[ 0.00000000e+00  1.69695653e-04  3.70368514e-05  1.19138138e-04
 -4.23278279e-05  2.65149452e-05  0.00000000e+00 -1.76631469e-05]","[ 0.          0.42827681 15.47708035 -0.18939514 -4.41188288  0.2195711
 -0.1987327  -0.01927476]"
1747093066.3610818,"[ 0.          0.12308898  0.72779406 -2.86070666 -1.65452558  1.2881111
  0.96091133  2.52614997]","[ 0.00000000e+00  1.71378041e-04  3.70648338e-05  1.24431935e-04
 -4.23598089e-05  2.65149452e-05  0.00000000e+00 -1.73790198e-05]","[ 0.          0.4262237  15.47064877 -0.20540686 -4.41007519  0.21660876
 -0.20660874 -0.02961224]"
1747093066.3627505,"[ 0.          0.12308943  0.72779406 -2.86070666 -1.65452558  1.2881111
  0.96091133  2.52614997]","[ 0.00000000e+00  1.73095864e-04  3.70648338e-05  1.19136960e-04
 -4.23602275e-05  2.65149452e-05  0.00000000e+00 -1.71247870e-05]","[ 0.          0.45481136 15.46763802 -0.22216637 -4.41542292  0.19462471
 -0.20199898 -0.02648514]"
1747093066.3645177,"[ 0.          0.12308989  0.72779406 -2.86070666 -1.65452558  1.2881111
  0.96091133  2.52614997]","[ 0.00000000e+00  1.78503297e-04  3.17698567e-05  1.19136960e-04
 -4.23602275e-05  2.64948971e-05  0.00000000e+00 -1.71038896e-05]","[ 0.          0.45720628 15.45153522 -0.20302929 -4.43539381  0.19476953
 -0.20524293 -0.03589821]"
1747093066.365819,"[ 0.          0.12309036  0.72779406 -2.86070612 -1.65452558  1.2881111
  0.96091133  2.52614997]","[ 0.00000000e+00  1.82153099e-04  3.17698567e-05  1.24431935e-04
 -3.70648338e-05  2.65149452e-05  0.00000000e+00 -1.68373337e-05]","[ 0.          0.45646828 15.44915104 -0.18637371 -4.45364523  0.21745266
 -0.19939363 -0.03721092]"
1747093066.367551,"[ 0.          0.12309081  0.72779406 -2.86070586 -1.65452611  1.2881111
  0.96091133  2.52614997]","[ 0.00000000e+00  1.86970748e-04  3.17698567e-05  1.27079427e-04
 -4.23278279e-05  2.65146811e-05  0.00000000e+00 -1.68370676e-05]","[ 0.          0.46839219 15.43631172 -0.18862912 -4.45046997  0.2323235
 -0.20322925 -0.04396762]"
1747093066.3687043,"[ 0.          0.12309127  0.72779406 -2.86070586 -1.65452611  1.2881111
  0.96091133  2.52614997]","[ 0.00000000e+00  1.88066279e-04  3.17701716e-05  1.27079427e-04
 -4.23598089e-05  2.64548924e-05  0.00000000e+00 -1.65789590e-05]","[ 0.          0.48737475 15.42450905 -0.22198866 -4.451334    0.23492725
 -0.19416536 -0.03238995]"
1747093066.3704696,"[ 0.          0.12309127  0.72779406 -2.86070532 -1.65452611  1.2881111
  0.96091133  2.52614997]","[ 0.00000000e+00  1.84311765e-04  3.17698567e-05  1.32374402e-04
 -4.23598089e-05  2.64751417e-05  0.00000000e+00 -1.65789590e-05]","[ 0.          0.49007046 15.42613888 -0.21990348 -4.44401646  0.23144351
 -0.19955686 -0.03857636]"
1747093066.372184,"[ 0.          0.12309219  0.72779406 -2.86070479 -1.65452611  1.2881111
  0.96091133  2.52614997]","[ 0.00000000e+00  1.92122057e-04  3.17458709e-05  1.32374402e-04
 -4.23602275e-05  2.64548924e-05  0.00000000e+00 -1.63283947e-05]","[ 0.          0.4723863  15.42955303 -0.18540159 -4.45244026  0.20136872
 -0.19920298 -0.02149158]"
1747093066.373338,"[ 0.          0.12309219  0.72779406 -2.86070479 -1.65452664  1.2881111
  0.96091133  2.52614997]","[ 0.00000000e+00  1.94378429e-04  3.17698567e-05  1.32374402e-04
 -4.76547840e-05  2.64548924e-05  0.00000000e+00 -1.60668524e-05]","[ 0.          0.46567339 15.42933273 -0.17402089 -4.46645308  0.2058814
 -0.19710642 -0.03031169]"
1747093066.3750558,"[ 0.          0.12309311  0.72779406 -2.86070453 -1.65452664  1.2881111
  0.96091133  2.52614997]","[ 0.00000000e+00  1.98882786e-04  3.17701716e-05  1.35021893e-04
 -4.76188043e-05  2.64751417e-05  0.00000000e+00 -1.60850474e-05]","[ 0.          0.48908445 15.42792797 -0.17754786 -4.48664522  0.21955654
 -0.20820792 -0.02795095]"
1747093066.376223,"[ 0.          0.12309311  0.72779406 -2.86070399 -1.65452664  1.2881111
  0.96091133  2.52614997]","[ 0.00000000e+00  1.94862476e-04  3.17458709e-05  1.37773464e-04
 -4.76188043e-05  2.64551545e-05  0.00000000e+00 -1.58490838e-05]","[ 0.          0.49492761 15.4344883  -0.19050166 -4.49022388  0.21955654
 -0.20190068 -0.030988  ]"
1747093066.3784256,"[ 0.          0.12309403  0.72779406 -2.86070346 -1.65452718  1.2881111
  0.96091133  2.52614997]","[ 0.00000000e+00  2.03421799e-04  3.17698567e-05  1.42965766e-04
 -5.29497591e-05  1.85184257e-05  0.00000000e+00 -1.58314180e-05]","[ 0.          0.49381632 15.46229458 -0.1837886  -4.45835876  0.22388938
 -0.21092421 -0.0285831 ]"
1747093066.3802035,"[ 0.          0.12309448  0.72779406 -2.86070346 -1.65452718  1.2881111
  0.96091133  2.52614997]","[ 0.00000000e+00  2.08175275e-04  2.64748795e-05  1.37773464e-04
 -4.76188043e-05  1.85184257e-05  0.00000000e+00 -1.56027833e-05]","[ 0.          0.49433309 15.48121166 -0.18257664 -4.46231604  0.2327583
 -0.22887562 -0.04483553]"
1747093066.381826,"[ 0.          0.12309541  0.72779406 -2.86070293 -1.65452718  1.2881111
  0.96091133  2.52614997]","[ 0.00000000e+00  2.16580227e-04  2.64751417e-05  1.42964352e-04
 -4.76547840e-05  1.85324169e-05  0.00000000e+00 -1.53804370e-05]","[ 0.          0.50517917 15.47973537 -0.19336142 -4.49280405  0.24061708
 -0.20447405 -0.03935047]"
1747093066.3835437,"[ 0.          0.12309587  0.72779406 -2.86070293 -1.65452718  1.28811203
  0.96091133  2.52614997]","[ 0.00000000e+00  2.22104140e-04  2.64748795e-05  1.42964352e-04
 -4.76552554e-05  2.64748795e-05  0.00000000e+00 -1.51645540e-05]","[ 0.          0.51101315 15.48576355 -0.18962064 -4.49268961  0.24518518
 -0.19623393 -0.02717778]"
1747093066.3852963,"[ 0.          0.12309678  0.72779406 -2.86070266 -1.65452718  1.28811203
  0.96091133  2.52614997]","[ 0.00000000e+00  2.33573922e-04  2.64748795e-05  1.40422954e-04
 -4.77264263e-05  2.64548924e-05  0.00000000e+00 -1.49384996e-05]","[ 0.          0.50532651 15.52847481 -0.1779428  -4.47311878  0.23479801
 -0.209998   -0.03228888]"
1747093066.3864384,"[ 0.          0.1230977   0.72779406 -2.86070213 -1.65452771  1.28811203
  0.96091133  2.52614997]","[ 0.00000000e+00  2.43126956e-04  2.64748795e-05  1.45611844e-04
 -5.29897943e-05  2.64748795e-05  0.00000000e+00 -1.47347628e-05]","[ 0.          0.49884352 15.54641724 -0.18675527 -4.45292377  0.20977798
 -0.21839154 -0.05905765]"
1747093066.3881109,"[ 0.          0.12309816  0.72779406 -2.86070213 -1.65452771  1.28811203
  0.96091133  2.52614997]","[ 0.00000000e+00  2.50219865e-04  2.64751417e-05  1.40422954e-04
 -5.29897943e-05  2.64751417e-05  0.00000000e+00 -1.47192894e-05]","[ 0.          0.50957996 15.55218887 -0.19184102 -4.4601388   0.20774455
 -0.2200872  -0.04689433]"
1747093066.3892162,"[ 0.          0.12309862  0.72779406 -2.8607016  -1.65452771  1.28811203
  0.96091133  2.52614997]","[ 0.00000000e+00  2.57622312e-04  2.64751417e-05  1.45721936e-04
 -5.30298904e-05  2.64751417e-05  0.00000000e+00 -1.47349670e-05]","[ 0.          0.51799333 15.55009651 -0.20309518 -4.47111368  0.20774455
 -0.22194573 -0.05132473]"
1747093066.390884,"[ 0.          0.12309908  0.72779406 -2.86070106 -1.65452771  1.28811203
  0.96091133  2.52614997]","[ 0.00000000e+00  2.53298918e-04  2.11799045e-05  1.50906827e-04
 -5.30298904e-05  2.64548924e-05  0.00000000e+00 -1.45367071e-05]","[ 0.          0.53131497 15.60660744 -0.1869133  -4.46441555  0.22088338
 -0.22813167 -0.03350474]"
1747093066.3926225,"[ 0.          0.12309999  0.72779452 -2.86070106 -1.65452771  1.28811203
  0.96091133  2.52614997]","[ 0.00000000e+00  2.61342789e-04  2.64748795e-05  1.50906827e-04
 -5.29897943e-05  2.64748795e-05  0.00000000e+00 -1.43288559e-05]","[ 0.          0.54946113 15.63669395 -0.18340391 -4.47322083  0.21944898
 -0.22823453 -0.04103096]"
1747093066.3938243,"[ 0.          0.12310045  0.72779452 -2.8607008  -1.65452771  1.28811203
  0.96091133  2.52614997]","[ 0.00000000e+00  2.73662233e-04  2.64751417e-05  1.53554302e-04
 -4.77269018e-05  2.64551545e-05  0.00000000e+00 -1.41413037e-05]","[ 0.          0.57883584 15.64794254 -0.17303228 -4.47120142  0.22324124
 -0.22109185 -0.04039495]"
1747093066.3955219,"[ 0.          0.12310092  0.72779452 -2.8607008  -1.65452771  1.28811203
  0.96091133  2.52614997]","[ 0.00000000e+00  2.82214192e-04  2.64748795e-05  1.50908306e-04
 -4.77269018e-05  2.64751417e-05  0.00000000e+00 -1.41413037e-05]","[ 0.          0.58657318 15.652318   -0.16400619 -4.47659683  0.22372879
 -0.230794   -0.05111741]"
1747093066.397231,"[ 0.          0.12310229  0.72779452 -2.86070026 -1.65452771  1.28811203
  0.96091133  2.52614997]","[ 0.00000000e+00  3.01160867e-04  2.11799045e-05  1.51020918e-04
 -4.77269018e-05  2.64548924e-05  0.00000000e+00 -1.39445290e-05]","[ 0.          0.59838909 15.67235947 -0.16454861 -4.47717667  0.22477572
 -0.23655081 -0.03971131]"
1747093066.3989704,"[ 0.          0.12310367  0.72779452 -2.86069973 -1.65452771  1.28811203
  0.96091133  2.52614997]","[ 0.00000000e+00  3.32281133e-04  2.11799045e-05  1.50906827e-04
 -4.77269018e-05  2.64748795e-05  0.00000000e+00 -1.37803764e-05]","[ 0.          0.59006006 15.71160603 -0.1719557  -4.45352983  0.21162049
 -0.2459455  -0.02907894]"
1747093066.4006383,"[ 0.          0.12310413  0.72779452 -2.86069973 -1.65452771  1.28811203
  0.96091133  2.52614997]","[ 0.00000000e+00  3.41378663e-04  2.11801137e-05  1.50906827e-04
 -4.77269018e-05  2.64748795e-05  0.00000000e+00 -1.35674822e-05]","[ 0.          0.60938126 15.72331524 -0.16462068 -4.45892239  0.21264124
 -0.24068899 -0.04490726]"
1747093066.4018004,"[ 0.          0.12310597  0.72779452 -2.86069893 -1.65452824  1.28811203
  0.96091133  2.52614997]","[ 0.00000000e+00  3.81462489e-04  2.11799045e-05  1.58849285e-04
 -5.30293622e-05  2.64548924e-05  0.00000000e+00 -1.33992151e-05]","[ 0.          0.60039651 15.74581146 -0.12430225 -4.47365761  0.22142503
 -0.2383751  -0.04803539]"
1747093066.4034812,"[ 0.          0.12310734  0.72779499 -2.86069893 -1.65452824  1.28811203
  0.96091133  2.52614997]","[ 0.00000000e+00  4.15488533e-04  2.11799045e-05  1.53554302e-04
 -5.30298904e-05  2.64748795e-05  0.00000000e+00 -1.32225861e-05]","[ 0.          0.6012274  15.78190994 -0.1147593  -4.47937775  0.1980439
 -0.24136214 -0.03801255]"
1747093066.4051964,"[ 0.          0.1231078   0.72779499 -2.8606984  -1.65452824  1.28811203
  0.96091133  2.52614997]","[ 0.00000000e+00  4.35652225e-04  2.11801137e-05  1.58969375e-04
 -5.30298904e-05  2.64548924e-05  0.00000000e+00 -1.32225861e-05]","[ 0.          0.60012341 15.80037975 -0.11901277 -4.47657919  0.19977266
 -0.24796681 -0.03191764]"
1747093066.40691,"[ 0.          0.12310964  0.72779499 -2.86069787 -1.65452824  1.28811203
  0.96091133  2.52614997]","[ 0.00000000e+00  4.81571631e-04  2.11799045e-05  1.64144252e-04
 -5.30298904e-05  2.64546283e-05  0.00000000e+00 -1.30747399e-05]","[ 0.          0.6052776  15.81772614 -0.13339059 -4.48803234  0.20705566
 -0.25169021 -0.02317099]"
1747093066.408716,"[ 0.          0.12311148  0.72779545 -2.8606976  -1.65452877  1.28811203
  0.96091133  2.52614997]","[ 0.00000000e+00  5.38280252e-04  2.64748795e-05  1.64269998e-04
 -5.30700435e-05  2.64548924e-05  0.00000000e+00 -1.29065074e-05]","[ 0.          0.63196743 15.82342243 -0.14476334 -4.52666712  0.21721141
 -0.2564944  -0.01756417]"
1747093066.4098816,"[ 0.          0.12311239  0.72779545 -2.86069707 -1.65452877  1.28811203
  0.96091133  2.52614997]","[ 0.00000000e+00  5.71298313e-04  2.65149452e-05  1.69822455e-04
 -5.30298904e-05  2.64548924e-05  0.00000000e+00 -1.27541445e-05]","[ 0.          0.63859898 15.83006573 -0.13631243 -4.53774595  0.20548809
 -0.25330067 -0.01618698]"
1747093066.4115427,"[ 0.          0.12311331  0.72779545 -2.86069654 -1.65452877  1.28811203
  0.96091133  2.52614997]","[ 0.00000000e+00  6.10167721e-04  2.64746154e-05  1.74734219e-04
 -5.30298904e-05  2.64548924e-05  0.00000000e+00  0.00000000e+00]","[ 0.00000000e+00  6.47203982e-01  1.58513966e+01 -1.37730017e-01
 -4.55108309e+00  2.09486008e-01 -2.46428773e-01 -1.18086645e-02]"
1747093066.4128175,"[ 0.          0.12311515  0.72779545 -2.860696   -1.65452931  1.28811203
  0.96091133  2.52614997]","[ 0.00000000e+00  6.58833154e-04  2.38636886e-05  1.78641185e-04
 -5.83770511e-05  1.85324169e-05  0.00000000e+00  0.00000000e+00]","[ 0.          0.63223976 15.86467743 -0.11100847 -4.5533123   0.21694133
 -0.24215515 -0.01606697]"
1747093066.4145648,"[ 0.          0.12311606  0.72779545 -2.86069574 -1.65452931  1.28811203
  0.96091133  2.52614997]","[ 0.00000000e+00  6.83751526e-04  2.38812822e-05  1.77856005e-04
 -5.83322980e-05  1.85186086e-05  0.00000000e+00  0.00000000e+00]","[ 0.          0.64436162 15.86416149 -0.10941493 -4.57220268  0.21753003
 -0.23812126 -0.03053563]"
1747093066.4162953,"[ 0.          0.1231179   0.72779592 -2.8606952  -1.65452931  1.28811203
  0.96091133  2.52614997]","[ 0.00000000e+00  7.59686337e-04  2.65149452e-05  1.83183579e-04
 -5.83328791e-05  1.85324169e-05  0.00000000e+00  0.00000000e+00]","[ 0.          0.64945954 15.85145187 -0.10155172 -4.56810284  0.20952603
 -0.23575248 -0.05150932]"
1747093066.4174778,"[ 0.          0.12312066  0.72779592 -2.86069467 -1.65452984  1.28811203
  0.96091133  2.52614997]","[ 0.00000000e+00  8.87587899e-04  2.65350217e-05  1.86102929e-04
 -5.83328791e-05  1.85184257e-05  0.00000000e+00  0.00000000e+00]","[ 0.          0.64053875 15.85615349 -0.08810291 -4.60829115  0.21086998
 -0.24695279 -0.05746943]"
1747093066.4192379,"[ 0.          0.12312158  0.72779592 -2.86069441 -1.65452984  1.28811203
  0.96091133  2.52614997]","[ 0.00000000e+00  9.19388227e-04  2.65149452e-05  1.91071145e-04
 -5.83328791e-05  1.85184257e-05  0.00000000e+00  0.00000000e+00]","[ 0.          0.63763571 15.86472225 -0.07225533 -4.61919212  0.2119219
 -0.24309883 -0.05095238]"
1747093066.420412,"[ 0.          0.12312387  0.72779592 -2.86069387 -1.65453037  1.28811203
  0.96091133  2.52614997]","[ 0.00000000e+00  9.73517756e-04  2.38634509e-05  1.95357576e-04
 -6.36358718e-05  1.85325998e-05  0.00000000e+00  0.00000000e+00]","[ 0.          0.64618349 15.8662672  -0.0681504  -4.64675522  0.22425225
 -0.26544252 -0.0526293 ]"
1747093066.4220316,"[ 0.          0.12312571  0.72779639 -2.86069334 -1.65453037  1.28811203
  0.96091133  2.52614997]","[ 0.00000000e+00  1.04541712e-03  2.65350217e-05  1.99666309e-04
 -6.36358718e-05  1.85184257e-05  0.00000000e+00  0.00000000e+00]","[ 0.          0.64758974 15.86766052 -0.07621138 -4.64649773  0.23693298
 -0.26747617 -0.05896828]"
1747093066.4237242,"[ 0.          0.12312892  0.72779639 -2.86069281 -1.65453037  1.28811203
  0.96091133  2.52614997]","[ 0.00000000e+00  1.16433910e-03  2.65149452e-05  2.03600876e-04
 -6.36358718e-05  1.85324169e-05  0.00000000e+00  0.00000000e+00]","[ 0.          0.631396   15.84312439 -0.08898863 -4.65854216  0.24598041
 -0.26762804 -0.05834944]"
1747093066.4248307,"[ 0.          0.12312985  0.72779639 -2.86069254 -1.65453091  1.28811203
  0.96091133  2.52614997]","[ 0.00000000e+00  1.17645869e-03  2.65149452e-05  2.02832616e-04
 -6.89388604e-05  1.85324169e-05  0.00000000e+00  0.00000000e+00]","[ 0.          0.62907571 15.8497982  -0.09607502 -4.66015768  0.2434884
 -0.25408617 -0.05644147]"
1747093066.4287221,"[ 0.          0.12313397  0.72779639 -2.86069201 -1.65453091  1.28811203
  0.96091133  2.52614997]","[ 0.00000000e+00  1.35958392e-03  2.65149452e-05  2.06688137e-04
 -6.89388604e-05  1.85184257e-05  0.00000000e+00  0.00000000e+00]","[ 0.          0.62324768 15.82205391 -0.10235793 -4.64043379  0.23738497
 -0.25457448 -0.05045442]"
1747093066.430304,"[ 0.          0.12314132  0.72779639 -2.86069094 -1.65453091  1.28811296
  0.96091133  2.52614997]","[ 0.00000000e+00  1.83519549e-03  2.65149452e-05  2.21720124e-04
 -6.36840546e-05  2.64748795e-05  0.00000000e+00  0.00000000e+00]","[ 0.          0.61382371 15.7862339  -0.09950702 -4.64655113  0.22234955
 -0.25382942 -0.04216107]"
1747093066.4326017,"[ 0.          0.12314821  0.72779639 -2.86069068 -1.65453144  1.28811296
  0.96091133  2.52614997]","[ 0.00000000e+00  2.38432734e-03  2.38634509e-05  2.27053338e-04
 -6.89388604e-05  2.64548924e-05  0.00000000e+00  0.00000000e+00]","[ 0.          0.63470012 15.74247265 -0.10200217 -4.64727497  0.22321174
 -0.25045493 -0.03517214]"
1747093066.433735,"[ 0.          0.12315739  0.72779639 -2.86068961 -1.65453144  1.28811296
  0.96091133  2.52614997]","[ 0.00000000e+00  3.77640196e-03  2.38454062e-05  2.33564055e-04
 -6.89917449e-05  2.64548924e-05  0.00000000e+00  0.00000000e+00]","[ 0.          0.61099219 15.72428703 -0.11523392 -4.62235975  0.21318164
 -0.24493442 -0.03170806]"
1747093066.4354982,"[ 0.          0.1231629   0.72779639 -2.86068961 -1.65453144  1.28811296
  0.96091133  2.52614997]","[ 0.00000000e+00  4.57109755e-03  2.38454062e-05  2.29496298e-04
 -6.89381696e-05  2.64548924e-05  0.00000000e+00  0.00000000e+00]","[ 0.          0.6077413  15.68911743 -0.12639277 -4.61968231  0.20569408
 -0.23836741 -0.04138389]"
1747093066.4371803,"[ 0.          0.12317622  0.72779639 -2.86068935 -1.65453144  1.28811296
  0.96091133  2.52614997]","[ 0.00000000e+00  6.23218342e-03  2.38636886e-05  2.32843909e-04
 -6.89388604e-05  2.64748795e-05  0.00000000e+00  0.00000000e+00]","[ 0.          0.56461227 15.67730236 -0.14591102 -4.63363695  0.20717116
 -0.22976477 -0.04079792]"
1747093066.4382899,"[ 0.          0.12318541  0.72779639 -2.86068881 -1.65453197  1.28811296
  0.96091133  2.52614997]","[ 0.00000000e+00  8.36877775e-03  2.38454062e-05  2.40250696e-04
 -7.41857136e-05  2.64548924e-05  0.00000000e+00  0.00000000e+00]","[ 0.          0.55660594 15.64382935 -0.14343596 -4.63664198  0.20665959
 -0.21989982 -0.03915531]"
1747093066.4399643,"[ 0.          0.12320974  0.72779639 -2.86068881 -1.65453197  1.28811296
  0.96091133  2.52614997]","[ 0.00000000e+00  1.21691013e-02  2.38634509e-05  2.36004300e-04
 -7.42418490e-05  1.85186086e-05  0.00000000e+00  0.00000000e+00]","[ 0.          0.53211373 15.58977127 -0.15840065 -4.62005901  0.21388523
 -0.21276991 -0.04537373]"
1747093066.4417884,"[ 0.          0.12322214  0.72779639 -2.86068881 -1.65453197  1.28811296
  0.96091133  2.52614997]","[ 0.00000000e+00  1.26945815e-02  2.38634509e-05  2.32825607e-04
 -7.42418490e-05  1.85324169e-05  0.00000000e+00  0.00000000e+00]","[ 0.          0.52242208 15.55511379 -0.16931601 -4.61793137  0.21082902
 -0.20404066 -0.03038769]"
1747093066.4429343,"[ 0.          0.12324969  0.72779592 -2.86068828 -1.65453197  1.28811296
  0.96091133  2.52614997]","[ 0.00000000e+00  1.32907280e-02  1.85604623e-05  2.35756205e-04
 -7.42418490e-05  1.85184257e-05  0.00000000e+00  0.00000000e+00]","[ 0.          0.48684952 15.51870537 -0.20051283 -4.61666059  0.20564809
 -0.20122282 -0.04466511]"
1747093066.4445841,"[ 0.          0.12327403  0.72779639 -2.86068775 -1.6545325   1.28811296
  0.96091133  2.52615104]","[ 0.00000000e+00  1.21543863e-02  2.38634509e-05  2.32828776e-04
 -7.95448377e-05  1.85325998e-05  0.00000000e+00  1.05820616e-05]","[ 0.          0.43615657 15.4917841  -0.23104806 -4.61360884  0.20286307
 -0.19184911 -0.03924903]"
1747093066.445768,"[ 0.          0.12328321  0.72779639 -2.86068775 -1.6545325   1.28811296
  0.96091133  2.52615104]","[ 0.00000000e+00  9.17400947e-03  2.38451685e-05  2.32584144e-04
 -7.95456260e-05  1.85325998e-05  0.00000000e+00  1.05819570e-05]","[ 0.          0.44059554 15.46562767 -0.22807288 -4.6111412   0.20454641
 -0.19198543 -0.03031316]"
1747093066.4474654,"[ 0.          0.12329194  0.72779592 -2.86068775 -1.6545325   1.28811296
  0.96091133  2.52615104]","[ 0.00000000e+00  8.27535905e-03  1.85604623e-05  2.32584144e-04
 -7.95448377e-05  1.85184257e-05  0.00000000e+00  1.05819570e-05]","[ 0.          0.43203446 15.43580437 -0.24955277 -4.61174107  0.20824589
 -0.19141959 -0.02308672]"
1747093066.4492726,"[ 0.          0.12330112  0.72779592 -2.86068748 -1.65453304  1.28811296
  0.96091133  2.52615104]","[ 0.00000000e+00  3.78136470e-03  1.85604623e-05  2.29496298e-04
 -7.95448377e-05  1.85324169e-05  0.00000000e+00  1.05820616e-05]","[ 0.          0.42274815 15.39244938 -0.23555115 -4.59766388  0.20808558
 -0.19759816 -0.03218581]"
1747093066.4503872,"[ 0.          0.1233025   0.72779592 -2.86068695 -1.65453304  1.28811296
  0.96091133  2.52615104]","[ 0.00000000e+00  0.00000000e+00  1.85462435e-05  2.29499386e-04
 -7.95448377e-05  1.85186086e-05  0.00000000e+00  1.05820616e-05]","[ 0.          0.40116662 15.33292866 -0.21163316 -4.60725403  0.21517465
 -0.19307612 -0.0504053 ]"
1747093066.452179,"[ 0.          0.12330112  0.72779592 -2.86068695 -1.65453304  1.28811296
  0.96091133  2.52615104]","[ 0.00000000e+00 -6.49868457e-04  1.85604623e-05  2.26489367e-04
 -7.95440412e-05  1.85186086e-05  0.00000000e+00  1.05819570e-05]","[ 0.          0.39765981 15.31735992 -0.21273977 -4.59551525  0.20621406
 -0.18546516 -0.05881468]"
1747093066.4543805,"[ 0.          0.12330021  0.72779592 -2.86068642 -1.65453357  1.28811296
  0.96091133  2.52615104]","[ 0.00000000e+00 -5.96081836e-04  1.85464284e-05  2.26489367e-04
 -8.48478263e-05  1.85324169e-05  0.00000000e+00  1.05819570e-05]","[ 0.          0.4321425  15.28647232 -0.23328257 -4.59726572  0.2208136
 -0.19867305 -0.04479687]"
1747093066.456661,"[ 0.          0.12330204  0.72779592 -2.86068615 -1.6545341   1.28811296
  0.96091133  2.52615104]","[ 0.00000000e+00  1.98743370e-04  1.85604623e-05  2.26827220e-04
 -9.01508150e-05  1.85184257e-05  0.00000000e+00  1.05820616e-05]","[ 0.          0.44267392 15.24158096 -0.21838483 -4.59058714  0.20813395
 -0.20342307 -0.02739117]"
1747093066.4578214,"[ 0.          0.1233025   0.72779592 -2.86068508 -1.6545341   1.28811296
  0.96091226  2.52615104]","[ 0.00000000e+00  2.22189315e-04  1.85604623e-05  2.36671244e-04
 -8.48486716e-05  1.85186086e-05  1.05979587e-05  1.05819570e-05]","[ 0.          0.43851909 15.21808529 -0.17325893 -4.60001087  0.20934878
 -0.19995236 -0.03085988]"
1747093066.4595387,"[ 0.          0.1233025   0.72779545 -2.86068508 -1.6545341   1.28811296
  0.96091226  2.52615104]","[ 0.00000000e+00  2.22189315e-04  1.32574726e-05  2.39852392e-04
 -8.48478263e-05  1.85186086e-05  1.05979587e-05  1.05819570e-05]","[ 0.          0.43851909 15.18920517 -0.16489299 -4.60136127  0.20788023
 -0.19345264 -0.0188259 ]"
1747093066.4613256,"[ 0.          0.12330158  0.72779545 -2.86068455 -1.6545341   1.28811296
  0.96091226  2.52615104]","[ 0.00000000e+00  1.88742797e-04  1.32574726e-05  2.39271012e-04
 -8.48478263e-05  1.85324169e-05  1.05979587e-05  1.05820616e-05]","[ 0.          0.4776974  15.18105984 -0.18341932 -4.61663151  0.20678447
 -0.19736786 -0.02633748]"
1747093066.462513,"[ 0.          0.12330204  0.72779545 -2.86068375 -1.6545341   1.28811296
  0.96091226  2.52615104]","[ 0.00000000e+00  2.31838413e-04  1.32474486e-05  2.42754042e-04
 -8.47836692e-05  1.85184257e-05  1.05979587e-05  1.05820616e-05]","[ 0.          0.51929981 15.18166733 -0.17064606 -4.62506676  0.19975314
 -0.21020815 -0.02916556]"
1747093066.4642584,"[ 0.          0.1233025   0.72779545 -2.86068375 -1.6545341   1.28811296
  0.96091226  2.52615104]","[ 0.00000000e+00  1.65598881e-04  1.32574726e-05  2.42750612e-04
 -8.48469811e-05  1.85186086e-05  1.05820616e-05  1.05740785e-05]","[ 0.          0.50620025 15.16822624 -0.16239411 -4.61720657  0.19724141
 -0.21033601 -0.02524295]"
1747093066.465469,"[ 0.          0.12330204  0.72779545 -2.86068269 -1.65453463  1.28811296
  0.96091226  2.52615104]","[ 0.00000000e+00 -6.62395490e-05  1.32574726e-05  2.50211592e-04
 -9.01508150e-05  1.85324169e-05  1.05819570e-05  1.05819570e-05]","[ 0.          0.52019626 15.15025234 -0.14077832 -4.60960436  0.21128197
 -0.19124182 -0.03237934]"
1747093066.4671926,"[ 0.          0.12330204  0.72779545 -2.86068242 -1.65453463  1.28811296
  0.96091226  2.52615104]","[ 0.00000000e+00 -5.90043463e-05  1.32474486e-05  2.49932093e-04
 -8.48478263e-05  1.85184257e-05  1.05819570e-05  1.05819570e-05]","[ 0.          0.52919102 15.14808369 -0.12831181 -4.61605597  0.21302535
 -0.18210243 -0.04617032]"
1747093066.4688463,"[ 0.          0.1233025   0.72779545 -2.86068109 -1.65453463  1.28811296
  0.96091226  2.52615104]","[ 0.00000000e+00  0.00000000e+00  1.32573405e-05  2.73500597e-04
 -8.48478263e-05  1.85325998e-05  1.05819570e-05  1.05820616e-05]","[ 0.          0.57162946 15.13701153 -0.11494064 -4.6163311   0.21535787
 -0.18453653 -0.05586963]"
1747093066.4699404,"[ 0.          0.1233025   0.72779545 -2.86068109 -1.65453517  1.28811296
  0.96091226  2.52615104]","[ 0.00000000e+00  0.00000000e+00  1.32574726e-05  2.65506953e-04
 -9.01499209e-05  1.85604623e-05  1.05820616e-05  1.05819570e-05]","[ 0.          0.57871807 15.13952255 -0.13029125 -4.63074446  0.20452338
 -0.19489947 -0.05456178]"
1747093066.4741437,"[ 0.          0.12330296  0.72779545 -2.86068002 -1.65453517  1.28811296
  0.96091226  2.52615104]","[ 0.00000000e+00  4.05845944e-05  1.32574726e-05  2.73548581e-04
 -9.01499209e-05  1.85464284e-05  1.05819570e-05  1.05739739e-05]","[ 0.          0.59889573 15.13904285 -0.12893908 -4.63832331  0.19156517
 -0.19403581 -0.04334695]"
1747093066.4757228,"[ 0.          0.12330342  0.72779545 -2.86067869 -1.6545357   1.28811296
  0.96091226  2.52615104]","[ 0.00000000e+00  1.32835457e-04  1.32574726e-05  2.77933759e-04
 -9.02190763e-05  1.85464284e-05  1.05819570e-05  1.05820616e-05]","[ 0.          0.60230428 15.1361208  -0.09571719 -4.61525679  0.1972858
 -0.19760606 -0.05168198]"
1747093066.477605,"[ 0.          0.12330342  0.72779545 -2.86067763 -1.65453623  1.28811296
  0.96091226  2.52615104]","[ 0.00000000e+00  8.82016717e-05  1.32574726e-05  2.87114513e-04
 -9.54528527e-05  1.85602774e-05  1.05740785e-05  1.05739739e-05]","[ 0.          0.621418   15.12772751 -0.09949128 -4.60905313  0.21138322
 -0.19343294 -0.06723553]"
1747093066.4792647,"[ 0.          0.12330388  0.72779499 -2.8606763  -1.65453623  1.28811296
  0.96091226  2.52615104]","[ 0.00000000e+00  1.15366841e-04  1.05979587e-05  3.00652389e-04
 -9.02190763e-05  1.85604623e-05  1.05819570e-05  1.05819570e-05]","[ 0.          0.63931525 15.15704918 -0.10419884 -4.63707304  0.20831919
 -0.18917696 -0.06836089]"
1747093066.4805295,"[ 0.          0.12330388  0.72779499 -2.8606755  -1.65453623  1.28811296
  0.96091226  2.52615104]","[ 0.00000000e+00  7.80116345e-05  1.06059783e-05  3.06662869e-04
 -9.00145929e-05  1.85604623e-05  1.05739739e-05  1.05739739e-05]","[ 0.          0.65814513 15.15338707 -0.09194955 -4.63438702  0.19931118
 -0.19307245 -0.06411949]"
1747093066.4821637,"[ 0.          0.12330433  0.72779499 -2.86067496 -1.65453676  1.28811296
  0.96091226  2.52615104]","[ 0.00000000e+00  1.09222683e-04  1.06058726e-05  3.12688792e-04
 -9.53095680e-05  1.85602774e-05  1.05820616e-05  1.05820616e-05]","[ 0.          0.65410107 15.17442989 -0.08993645 -4.62628651  0.19829661
 -0.18196952 -0.0712876 ]"
1747093066.4838881,"[ 0.          0.12330479  0.72779499 -2.8606731  -1.6545373   1.28811296
  0.96091226  2.52615104]","[ 0.00000000e+00  1.46884404e-04  1.05979587e-05  3.32732395e-04
 -1.00605543e-04  1.05979587e-05  1.05819570e-05  1.05819570e-05]","[ 0.          0.66357756 15.20853138 -0.09011562 -4.66130829  0.19780506
 -0.19419952 -0.07193185]"
1747093066.4856803,"[ 0.          0.12330479  0.72779499 -2.86067283 -1.6545373   1.28811296
  0.96091226  2.52615104]","[ 0.00000000e+00  1.39308520e-04  1.06059783e-05  3.31664139e-04
 -1.00605543e-04  1.06059783e-05  1.05739739e-05  1.05739739e-05]","[ 0.          0.6729365  15.21488285 -0.07394668 -4.65947723  0.19322532
 -0.18758781 -0.055222  ]"
1747093066.4868143,"[ 0.          0.12330572  0.72779499 -2.86067124 -1.6545373   1.28811296
  0.96091226  2.52615104]","[ 0.00000000e+00  1.84767610e-04  1.05979587e-05  3.53659633e-04
 -9.53095680e-05  1.06059783e-05  1.05819570e-05  1.05820616e-05]","[ 0.          0.69222528 15.20813274 -0.07796095 -4.69030046  0.19654779
 -0.19043101 -0.03411972]"
1747093066.488503,"[ 0.          0.12330572  0.72779499 -2.86067044 -1.6545373   1.28811296
  0.96091226  2.52615104]","[ 0.00000000e+00  1.76159963e-04  1.05978530e-05  3.73241734e-04
 -9.53095680e-05  1.05979587e-05  1.05820616e-05  1.05739739e-05]","[ 0.          0.7080918  15.21257305 -0.05788893 -4.71267557  0.19475925
 -0.19370687 -0.02550127]"
1747093066.4909098,"[ 0.          0.12330663  0.72779499 -2.86066857 -1.65453783  1.28811296
  0.96091226  2.52615104]","[ 0.00000000e+00  1.93017655e-04  1.06059783e-05  4.48290472e-04
 -1.00605543e-04  1.06059783e-05  1.05819570e-05  1.05819570e-05]","[ 0.          0.72203213 15.25152874 -0.03917788 -4.75451612  0.19703618
 -0.18912202 -0.03928942]"
1747093066.4920807,"[ 0.          0.12330755  0.72779499 -2.86066671 -1.65453783  1.28811296
  0.96091226  2.52615104]","[ 0.00000000e+00  2.09749878e-04  5.29897933e-06  5.37084593e-04
 -1.00604543e-04  1.05979587e-05  1.05819570e-05  1.05739739e-05]","[ 0.          0.72312123 15.27466011 -0.02765891 -4.75968599  0.20713176
 -0.18492344 -0.0588026 ]"
1747093066.4938858,"[ 0.          0.12330847  0.72779499 -2.86066484 -1.65453836  1.28811296
  0.96091226  2.52615104]","[ 0.00000000e+00  2.24515419e-04  5.30293632e-06  6.27853751e-04
 -1.05899518e-04  1.06059783e-05  1.05819570e-05  1.05819570e-05]","[ 0.          0.73053682 15.28579235 -0.02280375 -4.78312445  0.21472922
 -0.18446994 -0.04881839]"
1747093066.4950225,"[ 0.          0.12330893  0.72779499 -2.86066351 -1.65453889  1.28811296
  0.96091226  2.52615104]","[ 0.00000000e+00  2.36008673e-04  5.30298914e-06  6.58833154e-04
 -1.11194501e-04  1.06059783e-05  1.05820616e-05  1.05819570e-05]","[ 0.          0.73899704 15.2862215  -0.01739145 -4.79947758  0.20197612
 -0.2066786  -0.05105904]"
1747093066.4967928,"[ 0.          0.12331031  0.72779499 -2.86066032 -1.65453943  1.28811296
  0.96091226  2.52615104]","[ 0.00000000e+00  2.65118516e-04  5.29897933e-06  8.17203074e-04
 -1.16489477e-04  1.06059783e-05  1.05819570e-05  1.05820616e-05]","[ 0.          0.73950022 15.30237007 -0.02356125 -4.84336662  0.1986291
 -0.20087169 -0.0526277 ]"
1747093066.497959,"[ 0.          0.12331077  0.72779499 -2.86065845 -1.65453996  1.28811296
  0.96091226  2.52615104]","[ 0.00000000e+00  2.74124223e-04  5.30298914e-06  9.09187267e-04
 -1.21784452e-04  1.06059783e-05  1.05819570e-05  1.05820616e-05]","[ 0.          0.74997824 15.30034065 -0.0240656  -4.85961533  0.20008378
 -0.20945743 -0.07394743]"
1747093066.4997292,"[ 0.          0.12331168  0.72779499 -2.86065472 -1.65453996  1.28811296
  0.96091226  2.52615104]","[ 0.00000000e+00  2.81509326e-04  5.29892650e-06  1.13903660e-03
 -1.21784452e-04  1.05979587e-05  1.05819570e-05  1.05820616e-05]","[ 0.00000000e+00  7.66390979e-01  1.53160534e+01 -1.28098028e-02
 -4.87460184e+00  2.15610459e-01 -2.01393574e-01 -7.36214221e-02]"
1747093066.5008478,"[ 0.          0.1233126   0.72779499 -2.86065259 -1.65454049  1.28811296
  0.96091226  2.52615104]","[ 0.00000000e+00  3.14628068e-04  5.29502843e-06  1.27018818e-03
 -1.26983484e-04  1.06059783e-05  1.05819570e-05  1.05978530e-05]","[ 0.00000000e+00  7.80562222e-01  1.53102531e+01 -1.05401780e-02
 -4.88100576e+00  2.17040479e-01 -1.92417771e-01 -6.48242235e-02]"
1747093066.503043,"[ 0.          0.12331352  0.72779499 -2.860647   -1.65454103  1.28811296
  0.96091226  2.52615104]","[ 0.00000000e+00  3.19847695e-04  5.29103081e-06  1.79158103e-03
 -1.27080686e-04  1.06059783e-05  1.05820616e-05  1.05979587e-05]","[ 0.00000000e+00  7.85314441e-01  1.53022833e+01 -1.17195733e-02
 -4.91225004e+00  2.02610761e-01 -1.89945966e-01 -4.83302660e-02]"
1747093066.5041971,"[ 0.          0.12331444  0.72779452 -2.86064381 -1.65454103  1.28811296
  0.96091226  2.52615104]","[ 0.00000000e+00  3.50282763e-04 -5.29097849e-06  2.16493384e-03
 -1.27079427e-04  1.05979587e-05  1.05819570e-05  1.05899522e-05]","[ 0.          0.81342077 15.29410839 -0.01586591 -4.89705944  0.2058605
 -0.18296602 -0.0464652 ]"
1747093066.5059962,"[ 0.          0.12331628  0.72779452 -2.86063502 -1.65454156  1.28811296
  0.96091226  2.5261521 ]","[ 0.00000000e+00  3.82712113e-04 -5.29497611e-06  3.28840187e-03
 -1.32374402e-04  1.06059783e-05  1.05819570e-05  2.11959173e-05]","[ 0.          0.81791109 15.26211739 -0.01710311 -4.94149256  0.20836306
 -0.20152397 -0.0535818 ]"
1747093066.5077426,"[ 0.          0.12331673  0.72779452 -2.86062942 -1.65454209  1.28811296
  0.96091226  2.5261521 ]","[ 0.00000000e+00  3.79724899e-04 -5.29103081e-06  4.14872332e-03
 -1.37669385e-04  1.05980643e-05  1.05739739e-05  2.11961286e-05]","[ 0.00000000e+00  8.13063264e-01  1.52564421e+01 -9.09680314e-03
 -4.96200562e+00  2.11622253e-01 -1.88404098e-01 -6.46020100e-02]"
1747093066.508868,"[ 0.          0.12331857  0.72779452 -2.86061398 -1.65454262  1.28811296
  0.96091226  2.5261521 ]","[ 0.00000000e+00  4.10960151e-04 -1.05819570e-05  6.93211625e-03
 -1.42856421e-04  1.06060839e-05  1.05820616e-05  2.11959173e-05]","[ 0.00000000e+00  8.18488419e-01  1.52322903e+01 -1.47944514e-03
 -4.95721960e+00  2.03565687e-01 -1.81141555e-01 -6.63602501e-02]"
1747093066.510601,"[ 0.          0.12331949  0.72779452 -2.86060386 -1.65454262  1.28811296
  0.96091226  2.5261521 ]","[ 0.00000000e+00  4.20999475e-04 -1.05899522e-05  9.23263854e-03
 -1.37566802e-04  1.06059783e-05  1.05819570e-05  2.11959173e-05]","[ 0.00000000e+00  8.09571445e-01  1.52403660e+01  7.25115696e-03
 -4.96582031e+00  2.11282119e-01 -1.86608687e-01 -6.26338348e-02]"
1747093066.5117466,"[ 0.          0.12332133  0.72779452 -2.86057856 -1.65454369  1.28811296
  0.96091226  2.5261521 ]","[ 0.00000000e+00  4.68531667e-04 -1.05819570e-05  1.40450684e-02
 -1.48259335e-04  1.05979587e-05  1.05819570e-05  2.11799045e-05]","[ 0.00000000e+00  8.10079873e-01  1.51790972e+01 -3.99456639e-03
 -4.98965359e+00  2.13824153e-01 -1.78127840e-01 -4.39877808e-02]"
1747093066.5140946,"[ 0.          0.12332316  0.72779452 -2.860545   -1.65454422  1.28811296
  0.96091226  2.5261521 ]","[ 0.00000000e+00  5.61700205e-04 -1.05819570e-05  1.78083710e-02
 -1.48147406e-04  1.06058726e-05  1.05820616e-05  2.11961286e-05]","[ 0.          0.81084281 15.14126587 -0.03312336 -4.99985266  0.22930352
 -0.17398262 -0.05515239]"
1747093066.51681,"[ 0.          0.123325    0.72779452 -2.86050452 -1.65454422  1.28811296
  0.96091226  2.5261521 ]","[ 0.00000000e+00  6.83129428e-04 -1.32274462e-05  2.13153193e-02
 -1.48259335e-04  1.05979587e-05  1.05819570e-05  2.11959173e-05]","[ 0.          0.79541898 15.12489986 -0.05278547 -5.00655127  0.23016302
 -0.17778373 -0.07377092]"
1747093066.518445,"[ 0.          0.12332775  0.72779406 -2.86042969 -1.65454529  1.28811296
  0.96091226  2.5261521 ]","[ 0.00000000e+00  7.96233931e-04 -1.85184257e-05  2.70097486e-02
 -1.53554302e-04  1.05979587e-05  1.05739739e-05  2.11961286e-05]","[ 0.          0.75283778 15.11142349 -0.09014814 -5.0503335   0.21814826
 -0.15367576 -0.07685395]"
1747093066.5202422,"[ 0.          0.12332868  0.72779406 -2.86040146 -1.65454529  1.28811296
  0.96091226  2.5261521 ]","[ 0.00000000e+00  8.30468360e-04 -1.85184257e-05  2.86013244e-02
 -1.53554302e-04  1.05979587e-05  1.05820616e-05  2.12119566e-05]","[ 0.          0.72539914 15.08677769 -0.11299339 -5.05505133  0.2304211
 -0.15611355 -0.06562705]"
1747093066.5220218,"[ 0.          0.12332959  0.72779406 -2.86033941 -1.65454582  1.28811296
  0.96091226  2.5261521 ]","[ 0.00000000e+00  8.21350024e-04 -1.85186086e-05  3.07599142e-02
 -1.53555830e-04  1.06059783e-05  1.05819570e-05  2.11959173e-05]","[ 0.          0.70055574 15.03274822 -0.17859706 -5.04769039  0.23815313
 -0.13908523 -0.07125571]"
1747093066.523739,"[ 0.          0.12333005  0.72779406 -2.86030905 -1.65454635  1.28811296
  0.96091226  2.5261521 ]","[ 0.00000000e+00  8.21350024e-04 -2.38096379e-05  3.07911127e-02
 -1.58849285e-04  1.06059783e-05  1.05739739e-05  2.11959173e-05]","[ 0.          0.69019514 15.00523853 -0.20455825 -5.0593915   0.22380146
 -0.13916314 -0.07125024]"
1747093066.5249636,"[ 0.          0.12333143  0.72779359 -2.86024833 -1.65454688  1.28811296
  0.9609132   2.5261521 ]","[ 0.00000000e+00  7.94854822e-04 -2.64548924e-05  2.90891406e-02
 -1.64144252e-04  1.05979587e-05  1.85184257e-05  2.11957060e-05]","[ 0.          0.64340174 14.96136665 -0.23342578 -5.09360504  0.21417251
 -0.13417929 -0.05402641]"
1747093066.5267622,"[ 0.          0.12333235  0.72779359 -2.86019107 -1.65454742  1.28811296
  0.9609132   2.5261521 ]","[ 0.00000000e+00  7.81568340e-04 -2.64551545e-05  2.64695534e-02
 -1.64020327e-04  1.06059783e-05  1.85186086e-05  2.11959173e-05]","[ 0.          0.58658725 14.93622017 -0.25043762 -5.12107086  0.22983706
 -0.10302711 -0.05572405]"
1747093066.527842,"[ 0.          0.1233328   0.72779359 -2.8601639  -1.65454742  1.28811296
  0.9609132   2.5261521 ]","[ 0.00000000e+00  7.57939807e-04 -2.64551545e-05  2.55543206e-02
 -1.64145878e-04  1.05979587e-05  1.85186086e-05  2.11959173e-05]","[ 0.          0.56367916 14.91228962 -0.25206363 -5.11640596  0.22582251
 -0.09096669 -0.06940341]"
1747093066.5301251,"[ 0.          0.12333326  0.72779312 -2.8601157  -1.65454848  1.28811296
  0.9609132   2.5261521 ]","[ 0.00000000e+00  6.88874210e-04 -3.17458709e-05  2.43087727e-02
 -1.74734219e-04  0.00000000e+00  1.85184257e-05  2.11959173e-05]","[ 0.          0.56719309 14.84686661 -0.23616934 -5.11703348  0.24269637
 -0.09909476 -0.06827632]"
1747093066.531231,"[ 0.          0.12333373  0.72779312 -2.86009147 -1.65454901  1.28811296
  0.9609132   2.5261521 ]","[ 0.00000000e+00  6.62379008e-04 -3.17458709e-05  2.45788713e-02
 -1.81811280e-04  0.00000000e+00  1.85184257e-05  2.11959173e-05]","[ 0.          0.57111984 14.82467747 -0.25602427 -5.11932755  0.23305768
 -0.10858692 -0.05817696]"
1747093066.5329926,"[ 0.          0.12333464  0.72779312 -2.8600382  -1.65454955  1.28811296
  0.9609132   2.5261521 ]","[ 0.00000000e+00  6.24999110e-04 -3.17458709e-05  2.58291505e-02
 -1.89917488e-04  0.00000000e+00  1.85184257e-05  2.11959173e-05]","[ 0.          0.57802802 14.76282978 -0.26372644 -5.10924673  0.2373023
 -0.11145046 -0.05684932]"
1747093066.5341768,"[ 0.          0.1233351   0.72779312 -2.86001237 -1.65455008  1.28811296
  0.9609132   2.5261521 ]","[ 0.00000000e+00  5.96111484e-04 -3.17461838e-05  2.61994548e-02
 -1.97779649e-04  0.00000000e+00  1.85186086e-05  2.11959173e-05]","[ 0.          0.57533967 14.74488258 -0.26020879 -5.1159153   0.22736806
 -0.09686905 -0.06120465]"
1747093066.5357895,"[ 0.          0.12333602  0.72779272 -2.8599655  -1.65455061  1.28811296
  0.9609132   2.5261521 ]","[ 0.00000000e+00  5.43150794e-04 -3.70368514e-05  2.32283823e-02
 -2.05406767e-04  0.00000000e+00  1.85184257e-05  2.11959173e-05]","[ 0.          0.57332397 14.67149067 -0.27781785 -5.14653826  0.23820113
 -0.10774817 -0.06668195]"
1747093066.5375576,"[ 0.          0.12333648  0.72779272 -2.8599418  -1.65455115  1.28811296
  0.9609132   2.5261521 ]","[ 0.00000000e+00  5.31914120e-04 -3.70368514e-05  2.23183927e-02
 -2.14290727e-04  0.00000000e+00  1.85184257e-05  2.12119566e-05]","[ 0.          0.55990458 14.6397028  -0.2755115  -5.15155888  0.24120301
 -0.09008005 -0.07428969]"
1747093066.5386953,"[ 0.          0.12333786  0.72779226 -2.85992156 -1.65455168  1.28811296
  0.9609132   2.5261521 ]","[ 0.00000000e+00  5.03383024e-04 -4.23602275e-05  2.05274085e-02
 -2.15735863e-04  0.00000000e+00  1.85186086e-05  2.11959173e-05]","[ 0.          0.56949604 14.60080624 -0.25041732 -5.16918993  0.22384889
 -0.09951953 -0.07532081]"
1747093066.5404506,"[ 0.          0.12333831  0.72779226 -2.85990318 -1.65455221  1.28811296
  0.9609132   2.5261521 ]","[ 0.00000000e+00  4.78722712e-04 -4.23282464e-05  1.86367264e-02
 -2.25206079e-04  0.00000000e+00  1.85186086e-05  2.12119566e-05]","[ 0.          0.57635772 14.58237648 -0.21968281 -5.16564322  0.22142646
 -0.09972141 -0.08227663]"
1747093066.5421832,"[ 0.          0.1233397   0.72779179 -2.85987042 -1.65455274  1.28811296
  0.9609132   2.5261521 ]","[ 0.00000000e+00  5.05128025e-04 -4.49733161e-05  1.48704434e-02
 -2.43341793e-04  0.00000000e+00  1.85184257e-05  2.11959173e-05]","[ 0.          0.56822824 14.52026367 -0.21619827 -5.1910429   0.23560171
 -0.10489322 -0.08681943]"
1747093066.5433173,"[ 0.          0.12334061  0.72779179 -2.85985764 -1.65455328  1.28811296
  0.9609132   2.5261521 ]","[ 0.00000000e+00  5.17756227e-04 -4.23598089e-05  1.29515433e-02
 -2.53687680e-04  0.00000000e+00  1.85184257e-05  2.11959173e-05]","[ 0.          0.57006139 14.4662962  -0.20167837 -5.18260098  0.2459289
 -0.10709099 -0.08274525]"
1747093066.5450435,"[ 0.          0.12334245  0.72779133 -2.85983367 -1.65455434  1.28811296
  0.9609132   2.5261521 ]","[ 0.00000000e+00  5.54320011e-04 -5.02647924e-05  1.08038994e-02
 -2.72511746e-04  0.00000000e+00  1.85184257e-05  1.06059783e-05]","[ 0.          0.60713428 14.39526749 -0.18894899 -5.17472506  0.25024119
 -0.1084569  -0.07518043]"
1747093066.5467148,"[ 0.          0.12334337  0.72779086 -2.85982355 -1.65455434  1.28811296
  0.9609132   2.5261521 ]","[ 0.00000000e+00  5.74052305e-04 -5.55558217e-05  1.02637042e-02
 -2.81842319e-04  0.00000000e+00  1.85324169e-05  1.05979587e-05]","[ 0.          0.61922753 14.38128567 -0.15909711 -5.17549181  0.23038167
 -0.12044929 -0.07706033]"
1747093066.5478504,"[ 0.          0.1233452   0.72779086 -2.85980384 -1.65455541  1.28811296
  0.9609132   2.5261521 ]","[ 0.00000000e+00  6.02109514e-04 -5.02642966e-05  9.52920130e-03
 -3.01037202e-04  0.00000000e+00  1.85184257e-05  1.06059783e-05]","[ 0.          0.63945216 14.36311531 -0.09845939 -5.1790061   0.2348069
 -0.11817669 -0.07443199]"
1747093066.5495372,"[ 0.          0.12334842  0.72779039 -2.85978414 -1.65455594  1.28811296
  0.9609132   2.5261521 ]","[ 0.00000000e+00  6.73546274e-04 -5.55552731e-05  1.02637042e-02
 -3.12683265e-04  0.00000000e+00  1.85184257e-05  1.05979587e-05]","[ 0.          0.66806537 14.31683445 -0.05225334 -5.16766834  0.23352915
 -0.11323551 -0.06648722]"
1747093066.550743,"[ 0.          0.1233498   0.72779039 -2.85977348 -1.65455647  1.28811296
  0.9609132   2.5261521 ]","[ 0.00000000e+00  7.10600559e-04 -5.55552731e-05  1.08038994e-02
 -3.18265760e-04  0.00000000e+00  1.85324169e-05  1.05978530e-05]","[ 0.          0.68381292 14.26243687 -0.0435693  -5.16349888  0.23652829
 -0.11615661 -0.07179648]"
1747093066.5524786,"[ 0.          0.12335163  0.72778993 -2.85976203 -1.654557    1.28811296
  0.9609132   2.5261521 ]","[ 0.00000000e+00  7.83802183e-04 -5.82453112e-05  1.16141912e-02
 -3.24511933e-04  0.00000000e+00  1.85186086e-05  1.05979587e-05]","[ 0.          0.71956867 14.23971653 -0.02132344 -5.16137218  0.2201855
 -0.1165531  -0.07024832]"
1747093066.55426,"[ 0.          0.12335531  0.72778946 -2.85973354 -1.65455754  1.28811296
  0.96091419  2.5261521 ]","[ 0.00000000e+00  1.03499777e-03 -6.34917418e-05  1.45704862e-02
 -3.26574127e-04  0.00000000e+00  2.91223691e-05  1.05979587e-05]","[ 0.00000000e+00  7.59251297e-01  1.42216854e+01  3.09800293e-04
 -5.18362379e+00  1.98839411e-01 -1.15839079e-01 -7.70002976e-02]"
1747093066.5559936,"[ 0.          0.12335761  0.72778946 -2.85971756 -1.65455807  1.28811296
  0.96091419  2.5261521 ]","[ 0.00000000e+00  1.22543160e-03 -6.35397134e-05  1.62058481e-02
 -3.26561611e-04  0.00000000e+00  2.91223691e-05  1.05979587e-05]","[ 0.          0.77274346 14.20226479  0.01712678 -5.19354677  0.18475959
 -0.11287626 -0.07644014]"
1747093066.5582805,"[ 0.          0.12336403  0.727789   -2.85966057 -1.6545602   1.28811296
  0.96091419  2.5261529 ]","[ 0.00000000e+00  1.88838953e-03 -6.87834010e-05  2.05274085e-02
 -3.61149806e-04  0.00000000e+00  1.85186086e-05  1.85464284e-05]","[ 0.          0.79523551 14.14522648  0.02142185 -5.18887711  0.18509249
 -0.1201716  -0.09313256]"
1747093066.5599604,"[ 0.          0.12336908  0.72778853 -2.85961662 -1.65456127  1.28811296
  0.96091419  2.5261529 ]","[ 0.00000000e+00  2.18590520e-03 -6.87827183e-05  2.20468647e-02
 -3.72501660e-04  0.00000000e+00  1.85184257e-05  1.85604623e-05]","[ 0.          0.80129617 14.1348381   0.01465957 -5.19262981  0.18063885
 -0.11318897 -0.08466569]"
1747093066.5616186,"[ 0.          0.12337505  0.72778813 -2.85957295 -1.6545618   1.28811296
  0.96091419  2.5261529 ]","[ 0.00000000e+00  2.51853610e-03 -7.40737029e-05  2.18778954e-02
 -3.81086714e-04  0.00000000e+00  1.85324169e-05  1.85464284e-05]","[ 0.00000000e+00  8.33331347e-01  1.41295509e+01 -1.39111821e-02
 -5.19912958e+00  1.87577888e-01 -8.16801488e-02 -9.22860429e-02]"
1747093066.5633261,"[ 0.          0.12337873  0.72778813 -2.85955191 -1.65456286  1.28811296
  0.96091419  2.5261529 ]","[ 0.00000000e+00  2.80887137e-03 -7.40737029e-05  2.13377002e-02
 -4.00537347e-04  0.00000000e+00  1.85324169e-05  1.85464284e-05]","[ 0.          0.8236807  14.13048935 -0.03639881 -5.20824814  0.18506858
 -0.08589209 -0.0991911 ]"
1747093066.5650852,"[ 0.          0.12338653  0.72778813 -2.8595101  -1.65456393  1.28811296
  0.96091419  2.5261529 ]","[ 0.00000000e+00  3.51115917e-03 -7.40744343e-05  1.98107082e-02
 -4.17482848e-04  0.00000000e+00  1.85464284e-05  1.85604623e-05]","[ 0.          0.81711763 14.088521   -0.07382174 -5.25929022  0.18065336
 -0.06841087 -0.10664219]"
1747093066.5668063,"[ 0.          0.12339571  0.72778766 -2.85947095 -1.65456553  1.28811296
  0.96091419  2.5261529 ]","[ 0.00000000e+00  4.23880396e-03 -7.67191870e-05  1.96971389e-02
 -4.51259513e-04  0.00000000e+00  1.85604623e-05  1.85464284e-05]","[ 0.          0.81854755 14.11404514 -0.11375593 -5.32752609  0.19819586
 -0.0655356  -0.08482286]"
1747093066.5680134,"[ 0.          0.12340122  0.7277872  -2.85945178 -1.65456606  1.28811296
  0.96091419  2.5261529 ]","[ 0.00000000e+00  4.70242312e-03 -8.20721262e-05  1.94470181e-02
 -4.60633762e-04  0.00000000e+00  1.85464284e-05  1.85604623e-05]","[ 0.          0.83286262 14.09478569 -0.11656571 -5.32781553  0.20449556
 -0.06021348 -0.07993454]"
1747093066.5691996,"[ 0.          0.12340766  0.72778673 -2.85943047 -1.65456712  1.28811296
  0.96091419  2.5261529 ]","[ 0.00000000e+00  5.61589153e-03 -8.73011481e-05  2.00614760e-02
 -4.73820993e-04  0.00000000e+00  1.85464284e-05  1.85602774e-05]","[ 0.          0.83516747 14.12774563 -0.14437024 -5.35264063  0.20701918
 -0.06708224 -0.07738353]"
1747093066.5709262,"[ 0.          0.12342418  0.72778673 -2.85938839 -1.65456925  1.28811296
  0.96091419  2.5261529 ]","[ 0.00000000e+00  8.05836916e-03 -8.73020096e-05  2.24180906e-02
 -5.30494635e-04  0.00000000e+00  1.85604623e-05  1.85464284e-05]","[ 0.          0.82836634 14.12180519 -0.15698422 -5.37370062  0.2230915
 -0.04337111 -0.08771266]"
1747093066.5727162,"[ 0.          0.12343475  0.72778627 -2.85936549 -1.65457085  1.28811296
  0.96091513  2.5261529 ]","[ 0.00000000e+00  9.62275003e-03 -8.99466322e-05  2.32048487e-02
 -5.79596050e-04  0.00000000e+00  2.91440955e-05  1.85604623e-05]","[ 0.          0.83326858 14.12604046 -0.1576359  -5.39167833  0.22363816
 -0.03248829 -0.09617182]"
1747093066.5739448,"[ 0.          0.12346092  0.72778627 -2.85931116 -1.65457298  1.28811296
  0.96091513  2.5261529 ]","[ 0.00000000e+00  1.40450684e-02 -8.99466322e-05  2.73080476e-02
 -6.39941225e-04  0.00000000e+00  2.91664395e-05  1.85604623e-05]","[ 0.          0.80957383 14.13477325 -0.18904266 -5.418612    0.21308407
 -0.02289225 -0.09058971]"
1747093066.5756855,"[ 0.          0.12349628  0.7277858  -2.85925071 -1.65457618  1.28811296
  0.96091513  2.5261529 ]","[ 0.00000000e+00  1.80965312e-02 -9.52376087e-05  3.16014045e-02
 -7.94841623e-04  0.00000000e+00  2.91664395e-05  1.85325998e-05]","[ 0.00000000e+00  7.69603610e-01  1.41419420e+01 -2.36863345e-01
 -5.45086336e+00  2.16516167e-01 -2.45971372e-03 -6.36485144e-02]"
1747093066.5774362,"[ 0.          0.12351602  0.72778533 -2.85921848 -1.65457778  1.28811296
  0.96091513  2.5261529 ]","[ 0.00000000e+00  1.99669629e-02 -1.00529585e-04  3.26817948e-02
 -9.09230439e-04  0.00000000e+00  2.91443860e-05  1.85604623e-05]","[ 0.00000000e+00  7.46023893e-01  1.41377974e+01 -2.82815874e-01
 -5.47427320e+00  2.27116510e-01 -8.33532482e-04 -6.38205931e-02]"
1747093066.5786724,"[ 0.          0.12356148  0.72778533 -2.85914631 -1.65458204  1.28811296
  0.96091513  2.5261529 ]","[ 0.00000000e+00  2.25691605e-02 -9.52376087e-05  3.59229638e-02
 -1.19223779e-03  0.00000000e+00  2.91664395e-05  1.85324169e-05]","[ 0.          0.68883413 14.15249825 -0.33937791 -5.52079868  0.24108344
  0.01555701 -0.06508634]"
1747093066.580465,"[ 0.          0.12358536  0.72778487 -2.85910929 -1.65458417  1.28811296
  0.96091513  2.5261529 ]","[ 0.00000000e+00  2.43087727e-02 -1.00604543e-04  3.75055099e-02
 -1.39669678e-03  0.00000000e+00  2.91443860e-05  1.85184257e-05]","[ 0.00000000e+00  6.58528507e-01  1.41571140e+01 -3.80179524e-01
 -5.52992821e+00  2.40406811e-01  1.44115731e-03 -6.73562735e-02]"
1747093066.5825405,"[ 0.          0.12363174  0.7277844  -2.85902514 -1.65459056  1.28811296
  0.96091513  2.5261529 ]","[ 0.00000000e+00  2.32283823e-02 -1.05819570e-04  4.24053018e-02
 -1.95316065e-03  0.00000000e+00  2.91664395e-05  1.85324169e-05]","[ 0.00000000e+00  5.72954714e-01  1.41572170e+01 -4.27868247e-01
 -5.54585791e+00  2.34586954e-01  1.21879596e-02 -8.90386030e-02]"
1747093066.584253,"[ 0.          0.12367857  0.72778354 -2.85893193 -1.65459748  1.28811296
  0.96091606  2.5261529 ]","[ 0.00000000e+00  2.23953767e-02 -1.13757160e-04  4.88876440e-02
 -2.79299774e-03  0.00000000e+00  3.71209245e-05  1.85184257e-05]","[ 0.          0.48986259 14.17365074 -0.48190549 -5.55047417  0.2586067
  0.03135823 -0.09023431]"
1747093066.5859365,"[ 0.          0.12372174  0.72778307 -2.85882487 -1.6546076   1.28811296
  0.96091606  2.5261529 ]","[ 0.00000000e+00  2.18778954e-02 -1.19047015e-04  5.32092012e-02
 -3.98190515e-03  0.00000000e+00  3.71209245e-05  1.85324169e-05]","[ 0.          0.4315868  14.1604538  -0.58094281 -5.56261301  0.25449717
  0.04147567 -0.0874822 ]"
1747093066.5876696,"[ 0.          0.12374562  0.7277826  -2.8587716  -1.6546124   1.28811296
  0.96091606  2.5261529 ]","[ 0.00000000e+00  2.25691605e-02 -1.21692507e-04  5.40194971e-02
 -4.50372946e-03  0.00000000e+00  3.71209245e-05  1.85324169e-05]","[ 0.          0.38426775 14.15870285 -0.59717911 -5.56154203  0.26893556
  0.04159808 -0.08692477]"
1747093066.5888886,"[ 0.          0.1237897   0.72778167 -2.85866454 -1.65462518  1.28811296
  0.96091606  2.5261529 ]","[ 0.00000000e+00  2.26652007e-02 -1.32275769e-04  5.45596902e-02
 -5.94214437e-03  0.00000000e+00  3.70928568e-05  1.85322320e-05]","[ 0.          0.29639423 14.1651516  -0.65608221 -5.56910372  0.2799176
  0.0588484  -0.08426726]"
1747093066.5906308,"[ 0.          0.12381312  0.72778121 -2.85860675 -1.65463317  1.28811296
  0.96091606  2.5261529 ]","[ 0.00000000e+00  2.37685775e-02 -1.37566802e-04  5.44167575e-02
 -7.28208111e-03  0.00000000e+00  3.70932266e-05  1.85324169e-05]","[ 0.          0.24993844 14.17662907 -0.68984473 -5.56501389  0.27984515
  0.07917346 -0.08100075]"
1747093066.591917,"[ 0.          0.12386593  0.72777981 -2.85850209 -1.65464755  1.28811296
  0.96091699  2.5261529 ]","[ 0.00000000e+00  2.64695534e-02 -1.50794377e-04  5.26156451e-02
 -7.28893562e-03  0.00000000e+00  4.77269018e-05  1.85324169e-05]","[ 0.          0.19775616 14.13458824 -0.72566855 -5.56606054  0.26336107
  0.07743927 -0.07594372]"
1747093066.5936596,"[ 0.          0.12389347  0.72777894 -2.85845256 -1.65465607  1.28811389
  0.96091699  2.5261529 ]","[ 0.00000000e+00  2.78200403e-02 -1.58729359e-04  5.02381288e-02
 -7.82885669e-03  1.05819570e-05  4.76908124e-05  1.85324169e-05]","[ 0.          0.16453843 14.12351131 -0.73176152 -5.56268835  0.27097651
  0.07449828 -0.08315296]"
1747093066.5948238,"[ 0.          0.12395087  0.72777754 -2.85836015 -1.65467099  1.28811389
  0.96091699  2.5261529 ]","[ 0.00000000e+00  2.88711484e-02 -1.74604019e-04  4.33829441e-02
 -7.28208111e-03  1.05819570e-05  4.77269018e-05  1.85324169e-05]","[ 0.          0.10207463 14.11533642 -0.7428084  -5.5438838   0.26899675
  0.0770895  -0.07131892]"
1747093066.5966258,"[ 0.          0.1239821   0.72777661 -2.85832153 -1.65467738  1.28811389
  0.96091699  2.5261529 ]","[ 0.00000000e+00  2.93399105e-02 -1.84486843e-04  3.91641349e-02
 -6.76193246e-03  1.05819570e-05  4.77273772e-05  1.85324169e-05]","[ 0.          0.04559797 14.12743187 -0.75840628 -5.53842783  0.26868945
  0.07945387 -0.07131892]"
1747093066.597805,"[ 0.          0.12404409  0.72777481 -2.85825016 -1.65468963  1.28811389
  0.96091699  2.5261529 ]","[ 0.00000000e+00  3.21415997e-02 -2.28078990e-04  3.54186901e-02
 -6.20909350e-03  1.05819570e-05  4.76908124e-05  1.85324169e-05]","[ 0.00000000e+00 -2.78181490e-03  1.40873308e+01 -7.38885641e-01
 -5.55711317e+00  2.58813977e-01  7.77213424e-02 -5.18550314e-02]"
1747093066.5995452,"[ 0.          0.1241093   0.72777295 -2.85818384 -1.65469762  1.28811389
  0.96091699  2.5261529 ]","[ 0.00000000e+00  3.15968251e-02 -3.01373153e-04  3.13313079e-02
 -3.90111488e-03  1.05819570e-05  4.77269018e-05  1.85184257e-05]","[ 0.00000000e+00  6.24799589e-03  1.40779905e+01 -7.20768273e-01
 -5.56552792e+00  2.49667004e-01  6.10814989e-02 -6.26889467e-02]"
1747093066.600705,"[ 0.          0.12414052  0.72777248 -2.85815402 -1.65469975  1.28811389
  0.96091699  2.5261529 ]","[ 0.00000000e+00  3.16014045e-02 -3.30134350e-04  3.02509176e-02
 -2.70097486e-03  1.05819570e-05  4.76908124e-05  1.85184257e-05]","[ 0.00000000e+00  1.11097815e-02  1.40555391e+01 -7.10876763e-01
 -5.60405731e+00  2.47747496e-01  5.85324652e-02 -6.37973621e-02]"
1747093066.6030655,"[ 0.          0.12420343  0.72777062 -2.85809942 -1.65470188  1.28811389
  0.96091699  2.5261529 ]","[ 0.00000000e+00  3.26817948e-02 -3.91901092e-04  2.64695534e-02
 -1.04029730e-03  1.05820616e-05  4.77264263e-05  1.85324169e-05]","[ 0.          0.02366767 14.0451622  -0.67588502 -5.66573763  0.26191506
  0.0506139  -0.07021165]"
1747093066.6047707,"[ 0.          0.12427185  0.72776882 -2.85805069 -1.65470241  1.28811389
  0.96091699  2.5261529 ]","[ 0.00000000e+00  3.34920866e-02 -4.65485871e-04  2.24180906e-02
 -2.69960579e-04  1.05819570e-05  4.77269018e-05  1.85324169e-05]","[ 0.00000000e+00  9.58936755e-04  1.40451546e+01 -6.24940097e-01
 -5.70888948e+00  2.81209439e-01  4.93522026e-02 -6.43987879e-02]"
1747093066.6070697,"[ 0.          0.12433889  0.72776649 -2.8580126  -1.65470348  1.28811389
  0.96091699  2.5261529 ]","[ 0.00000000e+00  3.40322817e-02 -5.77302974e-04  1.86367264e-02
 -3.50993221e-04  1.05819570e-05  4.77269018e-05  7.94246417e-06]","[ 0.00000000e+00  1.36387115e-02  1.40660429e+01 -5.60685217e-01
 -5.80508232e+00  3.11501801e-01  3.45759839e-02 -6.92663342e-02]"
1747093066.6087227,"[ 0.          0.12440731  0.72776423 -2.85797851 -1.65470454  1.28811496
  0.96091699  2.5261529 ]","[ 0.00000000e+00  3.29518914e-02 -7.52995274e-04  1.60491814e-02
 -4.25510074e-04  2.11639139e-05  4.77269018e-05  7.93646773e-06]","[ 0.          0.06327281 14.07744598 -0.50426668 -5.8362956   0.3157514
  0.03383131 -0.06737753]"
1747093066.6104743,"[ 0.          0.12446884  0.72776236 -2.85795028 -1.65470721  1.28811496
  0.96091699  2.5261529 ]","[ 0.00000000e+00  3.13313079e-02 -8.96559683e-04  1.37749708e-02
 -6.79377856e-04  2.11639139e-05  4.77269018e-05  7.94246417e-06]","[ 0.00000000e+00  1.24236844e-01  1.40523043e+01 -4.56403136e-01
 -5.85191441e+00  3.06459337e-01  1.31904082e-02 -6.38730228e-02]"
1747093066.6121688,"[ 0.          0.12450098  0.72776103 -2.85793697 -1.65470827  1.28811496
  0.96091699  2.5261529 ]","[ 0.00000000e+00  3.03429839e-02 -9.33367157e-04  1.35048743e-02
 -7.28544452e-04  2.11799045e-05  4.77269018e-05  7.93646773e-06]","[ 0.00000000e+00  1.43194348e-01  1.40494862e+01 -4.11492616e-01
 -5.85817480e+00  2.98939288e-01  6.94456697e-03 -6.85510859e-02]"
1747093066.6138303,"[ 0.          0.12456205  0.7277587  -2.8579098  -1.65471253  1.28811496
  0.96091699  2.5261529 ]","[ 0.00000000e+00  3.13313079e-02 -9.84125473e-04  1.35048743e-02
 -1.00297442e-03  2.11639139e-05  4.76908124e-05  7.94246417e-06]","[ 0.00000000e+00  1.97423339e-01  1.40330238e+01 -3.73154461e-01
 -5.89218950e+00  3.16927880e-01 -3.87018838e-04 -6.02680854e-02]"
1747093066.61551,"[ 0.          0.12459466  0.72775777 -2.85789596 -1.65471413  1.28811496
  0.96091699  2.5261529 ]","[ 0.00000000e+00  3.29185062e-02 -9.98548870e-04  1.40450684e-02
 -1.05795492e-03  2.11641232e-05  4.76908124e-05  7.94238493e-06]","[ 0.00000000e+00  2.13139445e-01  1.40364819e+01 -3.52323920e-01
 -5.90889215e+00  3.17502290e-01  3.86375526e-04 -6.77678287e-02]"
1747093066.6172638,"[ 0.          0.12466813  0.72775597 -2.8578656  -1.65471786  1.28811496
  0.96091699  2.5261529 ]","[ 0.00000000e+00  3.68629640e-02 -9.98548870e-04  1.52824854e-02
 -1.18371789e-03  2.11639139e-05  4.76908124e-05  7.93646773e-06]","[ 0.00000000e+00  2.35153660e-01  1.40225821e+01 -3.05069894e-01
 -5.89310074e+00  3.22345376e-01  8.69865995e-03 -7.09446669e-02]"
1747093066.6184082,"[ 0.          0.12470625  0.72775457 -2.85785015 -1.65471999  1.28811496
  0.96091699  2.5261529 ]","[ 0.00000000e+00  3.86239376e-02 -1.04535588e-03  1.56656540e-02
 -1.25235930e-03  2.11639139e-05  4.76908124e-05  7.94246417e-06]","[ 0.00000000e+00  2.42532820e-01  1.40013914e+01 -2.91509360e-01
 -5.89359426e+00  3.18145752e-01  7.42112007e-03 -8.70869532e-02]"
1747093066.6200604,"[ 0.          0.12478798  0.72775184 -2.85781553 -1.65472372  1.28811496
  0.96091799  2.5261529 ]","[ 0.00000000e+00  4.00852100e-02 -1.13476904e-03  1.70522548e-02
 -1.63384114e-03  2.11799045e-05  5.83328791e-05  7.94246417e-06]","[ 0.00000000e+00  2.77188063e-01  1.39648046e+01 -3.15487921e-01
 -5.89536476e+00  3.03763717e-01  1.24453651e-02 -8.23834315e-02]"
1747093066.6218123,"[ 0.          0.12482793  0.72774998 -2.85779902 -1.65472478  1.28811496
  0.96091799  2.5261529 ]","[ 0.00000000e+00  4.05146197e-02 -1.18796139e-03  1.67460433e-02
 -1.75540430e-03  2.11639139e-05  5.82887721e-05  7.93646773e-06]","[ 0.00000000e+00  2.86146373e-01  1.39568043e+01 -3.46869677e-01
 -5.90351582e+00  2.96332747e-01  1.57929899e-03 -8.14542100e-02]"
1747093066.623551,"[ 0.          0.12490645  0.72774678 -2.85776839 -1.65472745  1.28811496
  0.96091799  2.5261529 ]","[ 0.00000000e+00  3.97043280e-02 -1.25235930e-03  1.48403102e-02
 -1.66596305e-03  2.11639139e-05  5.83328791e-05  7.94246417e-06]","[ 0.          0.27785575 13.9281292  -0.36901173 -5.90732431  0.28510702
  0.01913396 -0.06402825]"
1747093066.6252441,"[ 0.          0.12498634  0.72774266 -2.85774362 -1.65473064  1.28811496
  0.96091799  2.5261529 ]","[ 0.00000000e+00  3.86239376e-02 -1.46644950e-03  1.10739970e-02
 -1.59294081e-03  2.11639139e-05  4.76908124e-05  7.93646773e-06]","[ 0.          0.28919145 13.91114616 -0.39694759 -5.88255119  0.27581635
  0.02716173 -0.06849244]"
1747093066.6264086,"[ 0.          0.12506441  0.72773806 -2.85772791 -1.65473331  1.28811496
  0.96091799  2.52615397]","[ 0.00000000e+00  3.96641018e-02 -1.78200132e-03  7.02253421e-03
 -1.47510867e-03  2.11639139e-05  4.77269018e-05  1.85324169e-05]","[ 0.          0.33760777 13.88367558 -0.42433983 -5.86581087  0.26733154
  0.03688397 -0.09155218]"
1747093066.6281445,"[ 0.          0.12510298  0.72773527 -2.85772338 -1.65473437  1.28811496
  0.96091799  2.52615397]","[ 0.00000000e+00  3.91641349e-02 -1.97642651e-03  4.59165694e-03
 -1.41594736e-03  2.11639139e-05  4.77269018e-05  1.85186086e-05]","[ 0.          0.34973964 13.84840488 -0.40113339 -5.86919022  0.26103184
  0.04207763 -0.0825103 ]"
1747093066.629984,"[ 0.          0.12517966  0.72772934 -2.85772152 -1.65473757  1.28811496
  0.96091799  2.52615397]","[ 0.00000000e+00  3.67332556e-02 -2.49140514e-03  0.00000000e+00
 -1.41594736e-03  2.11639139e-05  4.76908124e-05  1.85325998e-05]","[ 0.          0.41278279 13.84093857 -0.39431596 -5.85009813  0.25034145
  0.0357424  -0.07943791]"
1747093066.6311307,"[ 0.          0.1252141   0.72772608 -2.85772338 -1.65473916  1.28811496
  0.96091799  2.52615397]","[ 0.00000000e+00  3.48425735e-02 -2.60465061e-03 -9.45341174e-04
 -1.43609648e-03  2.11639139e-05  4.77269018e-05  1.85324169e-05]","[ 0.          0.43058813 13.86807442 -0.40480968 -5.85558844  0.24684332
  0.04224949 -0.07741357]"
1747093066.632865,"[ 0.          0.1252862   0.72771782 -2.85772711 -1.65474236  1.28811496
  0.96091799  2.52615397]","[ 0.00000000e+00  3.23491306e-02 -3.51115917e-03 -1.39120362e-03
 -1.45720971e-03  2.11799045e-05  4.76912879e-05  1.85184257e-05]","[ 0.          0.49791646 13.87229061 -0.36365575 -5.87878799  0.2493694
  0.04048167 -0.07877737]"
1747093066.634744,"[ 0.          0.12531788  0.72771323 -2.85772711 -1.65474396  1.28811496
  0.96091799  2.52615397]","[ 0.00000000e+00  3.21090342e-02 -4.05146202e-03 -1.11718697e-03
 -1.49075461e-03  2.11639139e-05  4.76903370e-05  1.85325998e-05]","[ 0.          0.49430245 13.84907055 -0.33909008 -5.89564514  0.25127918
  0.0486194  -0.08000307]"
1747093066.6358626,"[ 0.          0.125384    0.72770178 -2.85772418 -1.65474769  1.28811496
  0.96091799  2.52615397]","[ 0.00000000e+00  3.45374480e-02 -5.26489835e-03 -1.59566278e-04
 -1.54947550e-03  2.11641232e-05  4.77269018e-05  1.85184257e-05]","[ 0.          0.57555944 13.85915852 -0.30037495 -5.91356516  0.2504369
  0.05438686 -0.09391472]"
1747093066.6375391,"[ 0.          0.12542074  0.72769492 -2.85772285 -1.65474928  1.28811496
  0.96091799  2.52615397]","[ 0.00000000e+00  3.46060473e-02 -6.05463328e-03  5.23934877e-04
 -1.58693244e-03  2.11639139e-05  4.76908124e-05  1.85184257e-05]","[ 0.          0.62496513 13.89979744 -0.31229895 -5.9196744   0.24898167
  0.04926657 -0.08533941]"
1747093066.639256,"[ 0.          0.125491    0.72767788 -2.85772285 -1.65475408  1.28811496
  0.96091892  2.52615397]","[ 0.00000000e+00  3.59229638e-02 -8.31831657e-03  7.11005819e-04
 -1.80841785e-03  2.11639139e-05  5.83328791e-05  1.85324169e-05]","[ 0.          0.72232497 13.90005398 -0.2862255  -5.96643448  0.2722778
  0.03623864 -0.06310423]"
1747093066.640464,"[ 0.          0.12552543  0.72766689 -2.85772338 -1.65475621  1.28811496
  0.96091892  2.52615397]","[ 0.00000000e+00  3.48425735e-02 -9.88282436e-03  5.34234926e-04
 -1.88813908e-03  2.11799045e-05  5.83328791e-05  1.85186086e-05]","[ 0.          0.75956029 13.90262032 -0.24781051 -5.98384523  0.27274764
  0.03388038 -0.07088369]"
1747093066.6416595,"[ 0.          0.12559432  0.72763933 -2.85772392 -1.65476207  1.28811496
  0.96091892  2.52615397]","[ 0.00000000e+00  3.34581521e-02 -1.53955564e-02  3.01988489e-04
 -2.25214457e-03  2.11639139e-05  5.82887721e-05  1.85324169e-05]","[ 0.          0.80596203 13.92831802 -0.23380999 -6.06614971  0.2781038
  0.03421626 -0.08648845]"
1747093066.6434193,"[ 0.          0.12562921  0.72762002 -2.85772392 -1.6547658   1.28811496
  0.96091892  2.52615397]","[ 0.00000000e+00  3.53827707e-02 -1.80553292e-02  3.77485611e-05
 -2.56690212e-03  2.11641232e-05  5.82887721e-05  1.85324169e-05]","[ 0.          0.83849496 13.98327065 -0.23238179 -6.10238218  0.27380541
  0.03284473 -0.097918  ]"
1747093066.6451159,"[ 0.          0.12570314  0.72757734 -2.85772285 -1.65477592  1.28811496
  0.96091892  2.52615397]","[ 0.00000000e+00  3.58598885e-02 -2.26881871e-02  0.00000000e+00
 -3.87711808e-03  2.11959173e-05  5.82007654e-05  1.85186086e-05]","[ 0.          0.89477104 14.10317612 -0.17924783 -6.11972523  0.27842259
  0.0205125  -0.09258833]"
1747093066.6475508,"[ 0.          0.12570314  0.72755211 -2.85772285 -1.65478124  1.28811496
  0.96091892  2.52615397]","[ 0.00000000e+00  3.58598885e-02 -2.56592596e-02  0.00000000e+00
 -4.76865469e-03  2.11641232e-05  5.82007654e-05  1.85184257e-05]","[ 0.00000000e+00  8.94771039e-01  1.41340523e+01 -1.51040971e-01
 -6.15480042e+00  2.86800772e-01  7.45013542e-03 -1.06451310e-01]"
1747093066.649125,"[ 0.          0.12581059  0.7274593  -2.85772338 -1.65480415  1.28811589
  0.96091892  2.52615397]","[ 0.00000000e+00  3.61563899e-02 -3.29518914e-02 -4.44378637e-05
 -8.36877775e-03  2.91440955e-05  5.83328791e-05  1.85184257e-05]","[ 0.00000000e+00  1.00025499e+00  1.43430920e+01 -8.77159834e-02
 -6.23671389e+00  2.92860508e-01 -1.52165524e-03 -9.48071182e-02]"
1747093066.6514416,"[ 0.          0.12588315  0.72739225 -2.85772285 -1.65482758  1.28811589
  0.96091892  2.52615397]","[ 0.00000000e+00  3.45724769e-02 -3.40322817e-02  0.00000000e+00
 -1.24244839e-02  2.91443860e-05  5.82007654e-05  1.85324169e-05]","[ 0.00000000e+00  1.06259966e+00  1.44749594e+01 -4.80850898e-02
 -6.25787067e+00  2.94682980e-01 -5.65936277e-03 -7.54990503e-02]"
1747093066.6531367,"[ 0.          0.12594376  0.72732754 -2.85772232 -1.65485794  1.28811589
  0.96091892  2.52615397]","[ 0.00000000e+00  2.94705136e-02 -3.07599142e-02  3.32770341e-05
 -1.67290760e-02  2.91443860e-05  5.82007654e-05  1.85186086e-05]","[ 0.00000000e+00  1.13662887e+00  1.46146917e+01  4.00023255e-03
 -6.27532244e+00  3.09508502e-01 -8.71797930e-03 -7.53063187e-02]"
1747093066.654824,"[ 0.          0.12599611  0.72727381 -2.85772232 -1.65490162  1.28811589
  0.96091892  2.52615397]","[ 0.00000000e+00  2.43087727e-02 -2.59293582e-02  3.31177162e-05
 -2.26881871e-02  2.91446766e-05  4.76188043e-05  1.85324169e-05]","[ 0.          1.24849117 14.64550018  0.04347152 -6.26132774  0.31022564
 -0.03383572 -0.08271147]"
1747093066.6559894,"[ 0.          0.12601814  0.72724991 -2.85772232 -1.65492718  1.28811589
  0.96091892  2.52615397]","[ 0.00000000e+00  2.24180906e-02 -2.43087727e-02  3.12046522e-05
 -2.59293582e-02  2.91664395e-05  4.76188043e-05  1.85184257e-05]","[ 0.          1.27946508 14.64704609  0.08613927 -6.25964117  0.31488839
 -0.02860536 -0.09084615]"
1747093066.6577125,"[ 0.          0.1260581   0.7272031  -2.85772205 -1.65498737  1.28811589
  0.96091892  2.52615397]","[ 0.00000000e+00  1.85568669e-02 -2.24180906e-02  7.34422018e-05
 -3.24116962e-02  2.91443860e-05  4.76188043e-05  1.85186086e-05]","[ 0.          1.36030138 14.5984621   0.14060481 -6.1603899   0.31925648
 -0.01955057 -0.09766751]"
1747093066.6594763,"[ 0.          0.12607554  0.72718153 -2.85772152 -1.65502466  1.28811589
  0.96091892  2.52615397]","[ 0.00000000e+00  1.78264326e-02 -2.18557287e-02  9.75159736e-05
 -3.51075830e-02  2.91443860e-05  4.76192757e-05  1.05900569e-05]","[ 0.00000000e+00  1.42739558e+00  1.45138264e+01  1.47686794e-01
 -6.08897352e+00  3.01114202e-01 -9.66057181e-03 -1.26443163e-01]"
1747093066.661238,"[ 0.          0.12611182  0.72714018 -2.85772099 -1.65510029  1.28811589
  0.96091892  2.52615397]","[ 0.00000000e+00  1.78213414e-02 -1.98107082e-02  1.46269084e-04
 -3.88940363e-02  2.91664395e-05  4.76552554e-05  1.05819570e-05]","[ 0.          1.50581121 14.41888142  0.23085041 -5.91451311  0.30223343
 -0.01813915 -0.14206132]"
1747093066.6623452,"[ 0.          0.12614994  0.72710117 -2.85772019 -1.65518338  1.28811589
  0.96091892  2.52615397]","[ 0.00000000e+00  1.94470181e-02 -1.94470181e-02  1.68890446e-04
 -4.06244918e-02  2.91443860e-05  4.76188043e-05  1.05899522e-05]","[ 0.          1.60654068 14.28668404  0.27707854 -5.69775915  0.22529477
 -0.03721942 -0.12961258]"
1747093066.663957,"[ 0.          0.1261706   0.72708186 -2.85771966 -1.65522386  1.28811589
  0.96091892  2.52615397]","[ 0.00000000e+00  2.10676037e-02 -1.94470181e-02  1.84765318e-04
 -4.10548170e-02  2.91664395e-05  4.76547840e-05  1.05819570e-05]","[ 0.          1.60682368 14.22684288  0.29449183 -5.63402748  0.21076877
 -0.03751305 -0.11705942]"
1747093066.6657171,"[ 0.          0.12621697  0.72704424 -2.85771886 -1.65530855  1.28811589
  0.96091892  2.52615397]","[ 0.00000000e+00  2.32283823e-02 -1.80781949e-02  2.01505555e-04
 -4.21688090e-02  2.91446766e-05  4.76547840e-05  1.05820616e-05]","[ 0.          1.67152834 14.06117249  0.33480752 -5.50105667  0.15358505
 -0.02973252 -0.09235232]"
1747093066.6668296,"[ 0.          0.12624039  0.72702673 -2.85771779 -1.65535222  1.28811589
  0.96091892  2.52615397]","[ 0.00000000e+00  2.37444946e-02 -1.78264326e-02  2.34711666e-04
 -4.42511055e-02  2.91446766e-05  4.76192757e-05  1.05819570e-05]","[ 0.          1.6916399  13.93588066  0.34799662 -5.45389175  0.1150855
 -0.02981302 -0.12365607]"
1747093066.6685357,"[ 0.          0.12629137  0.72699184 -2.85771646 -1.65544171  1.28811496
  0.96091892  2.52615397]","[ 0.00000000e+00  2.61994548e-02 -1.62058481e-02  2.65661437e-04
 -4.53763743e-02  2.12121679e-05  4.76547840e-05  1.05819570e-05]","[ 0.          1.69511199 13.74306202  0.39209104 -5.36845589  0.11572477
 -0.03063098 -0.12440433]"
1747093066.670324,"[ 0.          0.12632075  0.72697533 -2.85771539 -1.65548964  1.28811496
  0.96091892  2.52615397]","[ 0.00000000e+00  2.75845316e-02 -1.67460433e-02  2.92544572e-04
 -4.51383210e-02  2.11959173e-05  4.76547840e-05  1.05820616e-05]","[ 0.          1.70282769 13.65065193  0.40278184 -5.34869957  0.11144067
 -0.02632792 -0.12501115]"
1747093066.6727166,"[ 0.          0.12637861  0.72694318 -2.8577138  -1.6555738   1.28811496
  0.96091892  2.52615397]","[ 0.00000000e+00  2.96806203e-02 -1.55330181e-02  3.25360490e-04
 -4.20925135e-02  2.12119566e-05  4.76188043e-05  1.05820616e-05]","[ 0.00000000e+00  1.73544788e+00  1.33878622e+01  4.32450801e-01
 -5.35078192e+00  1.02808706e-01 -7.57308630e-03 -1.27819896e-01]"
1747093066.6737247,"[ 0.          0.12644841  0.72690922 -2.8577114  -1.65565795  1.28811496
  0.96091985  2.52615397]","[ 0.00000000e+00  3.53583529e-02 -1.78264326e-02  3.77559651e-04
 -4.11260274e-02  2.11959173e-05  4.76547840e-05  1.05819570e-05]","[ 0.00000000e+00  1.74702227e+00  1.31820326e+01  4.08167750e-01
 -5.41170692e+00  1.16795532e-01  1.17548993e-02 -1.10343546e-01]"
1747093066.6754427,"[ 0.          0.12648606  0.72688991 -2.85771007 -1.6556979   1.28811496
  0.96091985  2.52615397]","[ 0.00000000e+00  3.80837445e-02 -1.94470181e-02  4.05660486e-04
 -4.05146197e-02  2.11959173e-05  4.76192757e-05  1.05819570e-05]","[ 0.          1.73065639 13.07569218  0.43633455 -5.47193336  0.11928479
  0.02810386 -0.12266793]"
1747093066.6772292,"[ 0.          0.12657376  0.72684171 -2.85770714 -1.65578046  1.28811496
  0.96091985  2.52615397]","[ 0.00000000e+00  4.61866702e-02 -2.50768450e-02  4.64620604e-04
 -4.20925135e-02  2.12119566e-05  4.76188043e-05  1.05979587e-05]","[ 0.          1.70712888 12.86476231  0.45559767 -5.53225613  0.12916625
  0.01563937 -0.11683447]"
1747093066.679008,"[ 0.          0.12667754  0.72677833 -2.85770501 -1.65586941  1.28811496
  0.96091985  2.52615397]","[ 0.00000000e+00  5.08581085e-02 -3.45724769e-02  5.22534767e-04
 -4.37557908e-02  2.11959173e-05  4.76192757e-05  1.05819570e-05]","[ 0.          1.62727809 12.85871601  0.46173185 -5.62142897  0.16956462
  0.03765894 -0.11337579]"
1747093066.680751,"[ 0.          0.1267827   0.72668558 -2.85770314 -1.65595623  1.28811496
  0.96091985  2.52615397]","[ 0.00000000e+00  5.40194971e-02 -4.43128950e-02  6.54361046e-04
 -4.48361812e-02  2.11959173e-05  4.76547840e-05  1.05979587e-05]","[ 0.          1.61761117 12.85981178  0.43780744 -5.71703339  0.18014483
  0.04585579 -0.10675751]"
1747093066.6824338,"[ 0.          0.12683734  0.7266461  -2.85770208 -1.65601375  1.28811496
  0.96091985  2.52615397]","[ 0.00000000e+00  5.53699820e-02 -4.72599324e-02  7.75598724e-04
 -4.73840856e-02  2.11959173e-05  4.76547840e-05  1.05979587e-05]","[ 0.          1.5520401  12.90213585  0.39310917 -5.77399302  0.18555731
  0.04519698 -0.12155637]"
1747093066.6841302,"[ 0.          0.12695719  0.72653451 -2.85770048 -1.65611868  1.28811496
  0.96091985  2.52615397]","[ 0.00000000e+00  5.96915434e-02 -5.40114327e-02  9.75210710e-04
 -5.47609586e-02  2.11959173e-05  3.70368514e-05  1.05900569e-05]","[ 0.          1.46864283 13.00872898  0.37624186 -5.88862085  0.23062664
  0.05425745 -0.11109038]"
1747093066.685319,"[ 0.          0.12701642  0.72647206 -2.85769942 -1.65617727  1.28811496
  0.96091985  2.52615397]","[ 0.00000000e+00  5.99008845e-02 -5.87351273e-02  1.04535588e-03
 -5.94214448e-02  2.12119566e-05  3.70368514e-05  1.05979587e-05]","[ 0.          1.43240309 13.03602791  0.35185641 -5.9727211   0.22811493
  0.05672581 -0.11234482]"
1747093066.6870105,"[ 0.          0.12713857  0.72633937 -2.85769808 -1.6563099   1.28811496
  0.96091985  2.52615397]","[ 0.00000000e+00  5.91813566e-02 -7.06938358e-02  1.02664919e-03
 -6.62499687e-02  2.11959173e-05  3.70368514e-05  1.05979587e-05]","[ 0.          1.35464036 13.16054821  0.29726431 -6.00003624  0.24524529
  0.06336202 -0.13087687]"
1747093066.688788,"[ 0.          0.12725934  0.72618184 -2.85769728 -1.65645264  1.28811496
  0.96092085  2.52615397]","[ 0.00000000e+00  6.23925172e-02 -7.87412928e-02  9.27353653e-04
 -7.45469056e-02  2.11959173e-05  4.76188043e-05  1.05978530e-05]","[ 0.          1.30657792 13.31642628  0.2562016  -5.976161    0.26630536
  0.06392884 -0.12202973]"
1747093066.6904492,"[ 0.          0.12732454  0.72610055 -2.85769675 -1.65653573  1.28811496
  0.96092085  2.52615397]","[ 0.00000000e+00  6.61068321e-02 -8.23797284e-02  9.10737180e-04
 -7.82397613e-02  2.11959173e-05  4.76547840e-05  1.05979587e-05]","[ 0.          1.29729557 13.38179207  0.23861212 -5.94779396  0.25558302
  0.06973853 -0.12550454]"
1747093066.6915734,"[ 0.          0.12746551  0.72592698 -2.85769622 -1.65670032  1.28811496
  0.96092085  2.52615397]","[ 0.00000000e+00  6.93447200e-02 -9.01211549e-02  7.78266306e-04
 -8.42704147e-02  2.12119566e-05  4.76183330e-05  1.05899522e-05]","[ 0.          1.23570657 13.55773544  0.16894217 -5.90623236  0.27955285
  0.07312685 -0.08845817]"
1747093066.6932855,"[ 0.          0.12753623  0.72582871 -2.85769569 -1.65678554  1.28811496
  0.96092085  2.52615397]","[ 0.00000000e+00  7.18459277e-02 -9.25335627e-02  7.12075180e-04
 -8.63436190e-02  1.05979587e-05  3.70368514e-05  1.05979587e-05]","[ 0.          1.16419101 13.68776703  0.14447543 -5.85480881  0.27946952
  0.06985711 -0.09468722]"
1747093066.6949549,"[ 0.          0.12769143  0.72564142 -2.85769542 -1.65697089  1.28811496
  0.96092085  2.52615397]","[ 0.00000000e+00  7.69859201e-02 -9.58846017e-02  5.96155957e-04
 -9.17812530e-02  1.05979587e-05  3.70648338e-05  1.05979587e-05]","[ 0.          1.10129428 13.85207462  0.06227441 -5.75154781  0.24859485
  0.07424386 -0.10538532]"
1747093066.6966643,"[ 0.          0.12784756  0.72544395 -2.85769542 -1.65715838  1.28811496
  0.96092085  2.52615397]","[ 0.00000000e+00  7.91385615e-02 -1.01556652e-01  4.80206891e-04
 -9.60572744e-02  1.06059783e-05  3.70368514e-05  1.05979587e-05]","[ 0.          0.99869192 14.11428833 -0.0555544  -5.66893053  0.21966638
  0.07402309 -0.12526126]"
1747093066.698313,"[ 0.          0.12792608  0.72533376 -2.85769569 -1.65726437  1.28811496
  0.96092085  2.52615397]","[ 0.00000000e+00  7.95980234e-02 -1.03818142e-01  3.97437294e-04
 -9.98999162e-02  1.05980643e-05  3.70372172e-05  1.05979587e-05]","[ 0.          0.95869023 14.19742393 -0.09628492 -5.57634878  0.16725241
  0.0609916  -0.11077937]"
1747093066.7008832,"[ 0.          0.12809323  0.72512024 -2.85769569 -1.65746571  1.28811496
  0.96092085  2.52615397]","[ 0.00000000e+00  8.23797284e-02 -1.09929672e-01  2.98059448e-04
 -1.01993402e-01  1.05979587e-05  3.70651995e-05  1.05979587e-05]","[ 0.          0.88518912 14.46652889 -0.24102889 -5.48115969  0.16537569
  0.09042106 -0.13467975]"
1747093066.7023494,"[ 0.          0.12825761  0.7248966  -2.85769569 -1.65756797  1.28811496
  0.96092178  2.52615397]","[ 0.00000000e+00  8.29199257e-02 -1.08833515e-01  1.98718647e-04
 -1.03717433e-01  1.05979587e-05  4.76547840e-05  1.05980643e-05]","[ 0.          0.77170455 14.71679497 -0.31692734 -5.43334103  0.16212787
  0.09383422 -0.11144914]"
1747093066.7035096,"[ 0.          0.12842844  0.72468355 -2.85769622 -1.65778049  1.28811496
  0.96092178  2.52615397]","[ 0.00000000e+00  8.36778697e-02 -1.07389874e-01  8.27994403e-05
 -1.03717433e-01  1.05979587e-05  4.76192757e-05  1.05980643e-05]","[ 0.          0.63863271 14.9103899  -0.4333896  -5.3283639   0.17033678
  0.10682726 -0.08561759]"
1747093066.7052994,"[ 0.          0.128512    0.72457975 -2.85769622 -1.65788223  1.28811496
  0.96092178  2.52615397]","[ 0.00000000e+00  8.48106036e-02 -1.05338016e-01  6.62354325e-05
 -1.03072698e-01  1.05980643e-05  4.76192757e-05  1.05979587e-05]","[ 0.          0.55403364 14.99462891 -0.46951836 -5.3351264   0.17287229
  0.10961065 -0.09299821]"
1747093066.7064483,"[ 0.          0.12867364  0.7244677  -2.85769622 -1.65809688  1.28811496
  0.96092178  2.52615397]","[ 0.00000000e+00  8.04890505e-02 -1.05573523e-01  0.00000000e+00
 -1.05824293e-01  1.05979587e-05  4.76547840e-05  1.05979587e-05]","[ 0.          0.45650834 15.05232048 -0.53153723 -5.39366674  0.20079845
  0.12930147 -0.1003453 ]"
1747093066.7082672,"[ 0.          0.12875905  0.72436484 -2.85769622 -1.65820074  1.28811496
  0.96092178  2.52615397]","[ 0.00000000e+00  8.04966738e-02 -1.04257622e-01  0.00000000e+00
 -1.05338016e-01  1.05979587e-05  4.76188043e-05  1.06059783e-05]","[ 0.          0.42721474 15.09536839 -0.57082814 -5.43837261  0.20743801
  0.13492389 -0.09677117]"
1747093066.709985,"[ 0.          0.12891564  0.7241651  -2.85769622 -1.65842232  1.28811496
  0.96092178  2.52615477]","[ 0.00000000e+00  7.85983643e-02 -1.00374458e-01  0.00000000e+00
 -1.09335047e-01  0.00000000e+00  4.76188043e-05  1.85466133e-05]","[ 0.          0.33810085 15.16278267 -0.62143707 -5.52183533  0.25210854
  0.12699971 -0.09703086]"
1747093066.7112074,"[ 0.          0.12899278  0.72405857 -2.85769622 -1.65853151  1.28811589
  0.96092178  2.52615477]","[ 0.00000000e+00  7.82489076e-02 -1.00401930e-01  0.00000000e+00
 -1.10739964e-01  1.05980643e-05  4.76547840e-05  1.85464284e-05]","[ 0.          0.30619422 15.18871498 -0.61519003 -5.5524931   0.28061098
  0.11305883 -0.04978269]"
1747093066.7129529,"[ 0.          0.12914891  0.72386063 -2.85769622 -1.65875361  1.28811589
  0.96092178  2.52615477]","[ 0.00000000e+00  7.64375836e-02 -1.00206163e-01  0.00000000e+00
 -1.13981131e-01  1.05979587e-05  4.76188043e-05  1.85464284e-05]","[ 0.          0.28067124 15.20057106 -0.64054042 -5.61730433  0.29471317
  0.12330409 -0.05651471]"
1747093066.714763,"[ 0.          0.12922467  0.7237601  -2.85769622 -1.65887559  1.28811589
  0.96092178  2.52615477]","[ 0.00000000e+00  7.67076863e-02 -1.02096849e-01  0.00000000e+00
 -1.14851951e-01  1.05979587e-05  4.76547840e-05  1.85464284e-05]","[ 0.          0.23208033 15.158144   -0.65018618 -5.65051794  0.32252973
  0.11342485 -0.07956132]"
1747093066.715921,"[ 0.          0.12937253  0.72354884 -2.85769675 -1.65910781  1.28811589
  0.96092178  2.52615477]","[ 0.00000000e+00  7.34665111e-02 -1.02907141e-01 -2.10851602e-05
 -1.19383087e-01  1.05979587e-05  4.76188043e-05  1.85466133e-05]","[ 0.          0.18281005 15.15371227 -0.62312168 -5.74673271  0.32822138
  0.12126748 -0.08179558]"
1747093066.7175176,"[ 0.          0.1294483   0.72344878 -2.85769675 -1.65922819  1.28811589
  0.96092178  2.52615477]","[ 0.00000000e+00  7.12182455e-02 -1.01453754e-01 -2.10843251e-05
 -1.21960361e-01  1.05820616e-05  4.76192757e-05  1.85464284e-05]","[ 0.          0.1837977  15.11521244 -0.60360515 -5.77639008  0.31585631
  0.12527743 -0.07772031]"
1747093066.7192383,"[ 0.          0.12958329  0.72323659 -2.85769622 -1.65948225  1.28811589
  0.96092178  2.52615477]","[ 0.00000000e+00  6.80645635e-02 -1.04570452e-01 -2.10210844e-05
 -1.24765211e-01  1.05820616e-05  4.76547840e-05  1.85464284e-05]","[ 0.          0.11102372 15.01128197 -0.56136745 -5.83853674  0.32440937
  0.13553487 -0.0795852 ]"
1747093066.7204006,"[ 0.          0.1296485   0.72313332 -2.85769622 -1.65960689  1.28811589
  0.96092178  2.52615477]","[ 0.00000000e+00  6.61738814e-02 -1.04797819e-01 -2.02337114e-05
 -1.26405618e-01  1.05819570e-05  3.70368514e-05  1.85464284e-05]","[ 0.          0.07912425 14.94022465 -0.54086083 -5.82126045  0.34002572
  0.12000022 -0.08408018]"
1747093066.7220466,"[ 0.          0.12977707  0.72292067 -2.85769622 -1.65985936  1.28811589
  0.96092272  2.52615477]","[ 0.00000000e+00  6.15822255e-02 -1.09389475e-01 -2.93364286e-05
 -1.28566399e-01  1.05819570e-05  4.76547840e-05  1.85464284e-05]","[ 0.          0.05165194 14.79859066 -0.52171016 -5.76995897  0.36140761
  0.12373447 -0.09497604]"
1747093066.7237663,"[ 0.          0.12983631  0.72281141 -2.85769622 -1.65999518  1.28811589
  0.96092272  2.52615477]","[ 0.00000000e+00  5.99008845e-02 -1.10739964e-01 -2.92558624e-05
 -1.27891911e-01  1.05820616e-05  4.76547840e-05  1.85464284e-05]","[ 0.          0.05917829 14.77025509 -0.49022487 -5.74646044  0.35899553
  0.12604454 -0.08288006]"
1747093066.725003,"[ 0.          0.12996121  0.72258458 -2.85769622 -1.66024498  1.28811589
  0.96092272  2.52615477]","[ 0.00000000e+00  6.19398090e-02 -1.10739964e-01 -2.82353795e-05
 -1.27074695e-01  1.05819570e-05  4.76188043e-05  1.85464284e-05]","[ 0.          0.07243069 14.5987606  -0.46693364 -5.7855792   0.3584778
  0.13501441 -0.07642156]"
1747093066.726221,"[ 0.          0.13002182  0.72247526 -2.85769622 -1.66036962  1.28811589
  0.96092272  2.52615477]","[ 0.00000000e+00  6.15822255e-02 -1.10739964e-01 -2.82353795e-05
 -1.26277545e-01  1.05819570e-05  4.76547840e-05  1.85464284e-05]","[ 0.          0.06620488 14.50876999 -0.46693364 -5.79491234  0.36092153
  0.14493813 -0.06534506]"
1747093066.7279236,"[ 0.          0.13014121  0.72225122 -2.85769622 -1.66063061  1.28811682
  0.96092272  2.52615477]","[ 0.00000000e+00  6.00225161e-02 -1.09836586e-01 -1.88235864e-05
 -1.28393451e-01  1.85186086e-05  4.76188043e-05  7.94846874e-06]","[ 0.          0.08142403 14.31960011 -0.40779299 -5.83369112  0.34889242
  0.13336328 -0.06903452]"
1747093066.729556,"[ 0.          0.13020458  0.72214236 -2.85769622 -1.66075844  1.28811682
  0.96092272  2.52615477]","[ 0.00000000e+00  5.96267495e-02 -1.10469869e-01 -1.81897487e-05
 -1.29646785e-01  1.85186086e-05  4.76188043e-05  7.94846874e-06]","[ 0.          0.08171995 14.20584202 -0.39927047 -5.82537794  0.36029032
  0.12830421 -0.06287184]"
1747093066.7312422,"[ 0.          0.13031937  0.72191739 -2.85769622 -1.66101464  1.28811682
  0.96092365  2.52615477]","[ 0.00000000e+00  5.78008613e-02 -1.09335047e-01 -1.81420413e-05
 -1.30727179e-01  1.85184257e-05  5.55972507e-05  7.94846874e-06]","[ 0.          0.05534988 14.0490694  -0.39986229 -5.74399567  0.36271903
  0.17656711 -0.08351552]"
1747093066.7323523,"[ 0.          0.13037861  0.721809   -2.85769622 -1.66114194  1.28811682
  0.96092365  2.52615477]","[ 0.00000000e+00  5.56705988e-02 -1.09929672e-01 -1.81420413e-05
 -1.29106596e-01  1.85184257e-05  5.55552731e-05  7.95448397e-06]","[ 0.          0.05614961 13.96998692 -0.4047319  -5.69202518  0.36999679
  0.18106559 -0.09056813]"
1747093066.7340095,"[ 0.          0.13047917  0.72159229 -2.85769622 -1.66140772  1.28811682
  0.96092365  2.52615477]","[ 0.00000000e+00  4.94278371e-02 -1.09929672e-01 -1.75966248e-05
 -1.30186982e-01  1.85184257e-05  5.55972507e-05  7.94846874e-06]","[ 0.          0.03947607 13.83909225 -0.41451529 -5.57056808  0.34721565
  0.18574113 -0.08614989]"
1747093066.7357495,"[ 0.          0.13052418  0.72147378 -2.85769622 -1.66153715  1.28811682
  0.96092365  2.52615477]","[ 0.00000000e+00  4.56002254e-02 -1.11591967e-01 -1.70001667e-05
 -1.31267377e-01  1.85184257e-05  5.55977993e-05  7.94854798e-06]","[ 0.          0.0448216  13.74655914 -0.41334376 -5.51185894  0.30219424
  0.18655315 -0.09836475]"
1747093066.7380488,"[ 0.          0.13060821  0.72124967 -2.85769622 -1.66181359  1.28811682
  0.96092365  2.52615477]","[ 0.00000000e+00  3.98721862e-02 -1.13711036e-01  0.00000000e+00
 -1.36530848e-01  1.85324169e-05  5.55552731e-05  7.94846874e-06]","[ 0.          0.0250036  13.59106445 -0.40449294 -5.41599417  0.27874517
  0.19544069 -0.07974934]"
1747093066.7396588,"[ 0.          0.13072438  0.72088602 -2.85769622 -1.66221839  1.28811682
  0.96092465  2.52615477]","[ 0.00000000e+00  3.76152695e-02 -1.22876547e-01  0.00000000e+00
 -1.36669324e-01  1.85184257e-05  5.82447383e-05  7.94846874e-06]","[ 0.          0.05974089 13.45190144 -0.38515148 -5.22250509  0.24348137
  0.21253596 -0.08430033]"
1747093066.7413256,"[ 0.          0.13076066  0.72076018 -2.85769622 -1.6623622   1.28811682
  0.96092465  2.52615477]","[ 0.00000000e+00  3.66960379e-02 -1.27486012e-01  0.00000000e+00
 -1.35414967e-01  1.85184257e-05  5.82007654e-05  7.94846874e-06]","[ 0.          0.074036   13.41546249 -0.38797399 -5.16228342  0.22639349
  0.20967306 -0.08668642]"
1747093066.7424948,"[ 0.          0.13083046  0.72049706 -2.85769622 -1.66263011  1.28811682
  0.96092465  2.52615477]","[ 0.00000000e+00  3.48425735e-02 -1.35048741e-01  0.00000000e+00
 -1.35451552e-01  1.85186086e-05  5.82447383e-05  7.93654595e-06]","[ 0.          0.10939364 13.45381641 -0.39487594 -5.04394531  0.19350505
  0.20663312 -0.09297234]"
1747093066.744155,"[ 0.          0.13086397  0.72036257 -2.85769622 -1.66277339  1.28811682
  0.96092465  2.52615477]","[ 0.00000000e+00  3.40322817e-02 -1.36399221e-01  0.00000000e+00
 -1.34913427e-01  1.85184257e-05  5.82013384e-05  7.93048043e-06]","[ 0.          0.12373492 13.48933125 -0.42040238 -5.03908634  0.19210462
  0.22174768 -0.0821352 ]"
1747093066.7459147,"[ 0.          0.13093056  0.72007741 -2.85769622 -1.66303917  1.28811682
  0.96092558  2.52615477]","[ 0.00000000e+00  3.26817948e-02 -1.39370294e-01  0.00000000e+00
 -1.34508543e-01  1.85324169e-05  6.62873661e-05  7.93646773e-06]","[ 0.          0.17277461 13.53608227 -0.43209091 -5.08628178  0.19360822
  0.23351346 -0.09643327]"
1747093066.7470696,"[ 0.          0.13096316  0.71993686 -2.85769622 -1.6631718   1.28811682
  0.96092558  2.52615477]","[ 0.00000000e+00  3.29185062e-02 -1.42611461e-01  0.00000000e+00
 -1.34508543e-01  1.85184257e-05  6.62873661e-05  7.93654595e-06]","[ 0.          0.19470292 13.53463459 -0.42831501 -5.12017393  0.19149633
  0.24409427 -0.0872502 ]"
1747093066.748856,"[ 0.          0.13103204  0.71964252 -2.85769622 -1.66344504  1.28811682
  0.96092558  2.52615477]","[ 0.00000000e+00  3.41045096e-02 -1.43805689e-01  0.00000000e+00
 -1.32347763e-01  1.85186086e-05  6.62379032e-05  7.93654595e-06]","[ 0.          0.22050808 13.56851196 -0.43391511 -5.21489334  0.21026818
  0.23900855 -0.08584573]"
1747093066.750622,"[ 0.          0.13106556  0.71949791 -2.85769622 -1.66357553  1.28811682
  0.96092558  2.52615477]","[ 0.00000000e+00  3.40322817e-02 -1.46662928e-01  0.00000000e+00
 -1.32213664e-01  1.05899522e-05  6.61372301e-05  7.93646773e-06]","[ 0.          0.26678962 13.644454   -0.46174678 -5.27413273  0.22296955
  0.25326592 -0.109158  ]"
1747093066.751821,"[ 0.          0.13113398  0.71920862 -2.85769675 -1.66384451  1.28811682
  0.96092558  2.52615477]","[ 0.00000000e+00  3.28506684e-02 -1.47203117e-01 -1.12336484e-05
 -1.30901134e-01  1.05819570e-05  6.62873661e-05  7.93048043e-06]","[ 0.          0.31491706 13.72622776 -0.49739528 -5.4151659   0.28009307
  0.24234396 -0.08116891]"
1747093066.7535746,"[ 0.          0.1311652   0.71906168 -2.85769675 -1.66397554  1.28811682
  0.96092558  2.52615477]","[ 0.00000000e+00  3.15693862e-02 -1.49093811e-01 -1.12338861e-05
 -1.32887960e-01  1.05819570e-05  6.62372408e-05  7.93646773e-06]","[ 0.          0.34514272 13.75324821 -0.47079507 -5.47401571  0.28772542
  0.25593981 -0.08057156]"
1747093066.7547393,"[ 0.          0.13122077  0.71875722 -2.85769675 -1.66423973  1.28811682
  0.96092558  2.52615477]","[ 0.00000000e+00  2.70097486e-02 -1.49904095e-01 -1.09877715e-05
 -1.34372256e-01  1.05819570e-05  6.62873661e-05  7.93654595e-06]","[ 0.          0.34776932 13.8705225  -0.50421232 -5.60121918  0.31971595
  0.27980828 -0.08607301]"
1747093066.7564788,"[ 0.          0.13124786  0.71860795 -2.85769675 -1.66438407  1.28811682
  0.96092558  2.52615477]","[ 0.00000000e+00  2.55783827e-02 -1.51254584e-01 -1.10047982e-05
 -1.35916507e-01  1.05818513e-05  6.62372408e-05  7.93646773e-06]","[ 0.          0.3736214  14.01004696 -0.51463395 -5.64388037  0.33265677
  0.27843121 -0.08569866]"
1747093066.7582853,"[ 0.          0.13129102  0.7182879  -2.85769675 -1.66465145  1.28811682
  0.96092558  2.52615477]","[ 0.00000000e+00  2.10676037e-02 -1.57984125e-01 -1.08183818e-05
 -1.35588930e-01  1.05819570e-05  6.62372408e-05  7.93646773e-06]","[ 0.          0.44618976 14.19639015 -0.51080382 -5.72392702  0.31957832
  0.28835377 -0.07564465]"
1747093066.7593699,"[ 0.          0.13130893  0.71813271 -2.85769675 -1.66478567  1.28811682
  0.96092558  2.52615477]","[ 0.00000000e+00  1.80965312e-02 -1.57466823e-01 -1.05899522e-05
 -1.36129127e-01  1.05899522e-05  6.62873661e-05  7.93646773e-06]","[ 0.          0.44818079 14.25523376 -0.49517784 -5.74932289  0.32530454
  0.25946397 -0.07564465]"
1747093066.76114,"[ 0.          0.13134291  0.71782411 -2.85769675 -1.66506797  1.28811682
  0.96092558  2.52615477]","[ 0.00000000e+00  1.60340836e-02 -1.55193349e-01 -1.06059783e-05
 -1.38795034e-01  1.05819570e-05  6.62365825e-05  7.93646773e-06]","[ 0.          0.55393147 14.46277237 -0.46636584 -5.81942844  0.32218599
  0.23170395 -0.07049368]"
1747093066.763448,"[ 0.          0.13137276  0.7175082  -2.85769675 -1.66534547  1.28811682
  0.96092558  2.52615477]","[ 0.00000000e+00  1.48553612e-02 -1.53685467e-01 -1.03861362e-05
 -1.40990877e-01  1.05899522e-05  6.62873661e-05  7.93646773e-06]","[ 0.          0.62806857 14.5942564  -0.4448337  -5.90056801  0.3403289
  0.23432799 -0.08191696]"
1747093066.7651575,"[ 0.          0.13140215  0.71721065 -2.85769675 -1.66563735  1.28811682
  0.96092651  2.52615477]","[ 0.00000000e+00  1.42938025e-02 -1.50444300e-01 -1.01904080e-05
 -1.41934951e-01  1.05819570e-05  7.41857136e-05  7.93646773e-06]","[ 0.          0.69733554 14.63341141 -0.40787208 -5.97949553  0.36836055
  0.25447646 -0.08460283]"
1747093066.7668376,"[ 0.          0.13143154  0.71691038 -2.85769675 -1.66591698  1.28811776
  0.96092651  2.52615477]","[ 0.00000000e+00  1.48403102e-02 -1.46122739e-01 -9.98747786e-06
 -1.42071272e-01  1.85324169e-05  7.42418490e-05  7.93646773e-06]","[ 0.          0.8466565  14.64084721 -0.39053696 -6.02000904  0.38622528
  0.25153893 -0.09063359]"
1747093066.7680306,"[ 0.          0.13144669  0.7167689  -2.85769622 -1.66605866  1.28811776
  0.96092651  2.52615477]","[ 0.00000000e+00  1.53955564e-02 -1.43421761e-01  0.00000000e+00
 -1.43546264e-01  1.85184257e-05  7.42425886e-05  7.93048043e-06]","[ 0.          0.86837065 14.59840488 -0.39604235 -6.03345251  0.37971196
  0.25735331 -0.07703268]"
1747093066.7698011,"[ 0.          0.13147883  0.71648008 -2.85769622 -1.66635428  1.28811776
  0.96092651  2.52615477]","[ 0.00000000e+00  1.59357516e-02 -1.40179562e-01  0.00000000e+00
 -1.44442634e-01  2.64546283e-05  7.41857136e-05  7.93646773e-06]","[ 0.          0.97503757 14.5391655  -0.31295031 -5.94672251  0.38910621
  0.27847552 -0.08430246]"
1747093066.7714403,"[ 0.          0.13149444  0.71634233 -2.85769622 -1.66649649  1.28811869
  0.96092651  2.52615477]","[ 0.00000000e+00  1.59357516e-02 -1.39640388e-01  0.00000000e+00
 -1.44232044e-01  3.70648338e-05  7.42418490e-05  7.93646773e-06]","[ 0.          1.01787555 14.45944977 -0.25031152 -5.91020584  0.38722664
  0.27151033 -0.07255879]"
1747093066.7731504,"[ 0.          0.13152613  0.71606363 -2.85769622 -1.66678251  1.28811869
  0.96092651  2.52615477]","[ 0.00000000e+00  1.50461080e-02 -1.41927328e-01  0.00000000e+00
 -1.44772250e-01  3.70368514e-05  7.42425886e-05  7.93646773e-06]","[ 0.          1.06822693 14.40180206 -0.20656587 -5.82799053  0.3506943
  0.255079   -0.08426227]"
1747093066.7748134,"[ 0.          0.1315546   0.71577022 -2.85769622 -1.66708185  1.28811869
  0.96092651  2.52615477]","[ 0.00000000e+00  1.43151660e-02 -1.43941094e-01  0.00000000e+00
 -1.47473228e-01  3.70651995e-05  6.62867037e-05  7.93654595e-06]","[ 0.          1.11130154 14.3577261  -0.13897511 -5.65119553  0.31871492
  0.25548697 -0.07243021]"
1747093066.776606,"[ 0.          0.13158215  0.71548639 -2.85769622 -1.66737427  1.28811776
  0.96092651  2.52615477]","[ 0.00000000e+00  1.32907280e-02 -1.44232044e-01  0.00000000e+00
 -1.49093811e-01  2.64548924e-05  6.62873661e-05  7.93048043e-06]","[ 0.          1.21658564 14.38082027 -0.10818569 -5.50120115  0.26287386
  0.23540437 -0.09608619]"
1747093066.7783978,"[ 0.          0.13159547  0.71534271 -2.85769622 -1.66753299  1.28811776
  0.96092651  2.52615477]","[ 0.00000000e+00  1.35048743e-02 -1.45704856e-01  0.00000000e+00
 -1.49457999e-01  2.64548924e-05  6.62873661e-05  7.93646773e-06]","[ 0.          1.26708508 14.38906956 -0.06942824 -5.44836617  0.25045523
  0.21787804 -0.11240385]"
1747093066.7800527,"[ 0.          0.13162164  0.71504331 -2.85769569 -1.66782807  1.28811776
  0.96092651  2.52615477]","[ 0.00000000e+00  1.34911902e-02 -1.47323808e-01  8.15469752e-06
 -1.49093811e-01  2.64748795e-05  6.62873661e-05  7.93055917e-06]","[ 0.00000000e+00  1.30423546e+00  1.43264093e+01 -1.03752222e-03
 -5.31993580e+00  1.97467417e-01  2.12267578e-01 -1.14441015e-01]"
1747093066.7817972,"[ 0.          0.13165011  0.71475169 -2.85769569 -1.66813114  1.28811776
  0.96092651  2.52615477]","[ 0.00000000e+00  1.47953392e-02 -1.48013417e-01  1.60666096e-05
 -1.47451856e-01  2.64748795e-05  6.62372408e-05  7.93654595e-06]","[ 0.          1.37428582 14.22790051  0.03076153 -5.25299978  0.17152901
  0.22077683 -0.10374323]"
1747093066.783477,"[ 0.          0.1316648   0.71460428 -2.85769542 -1.66827495  1.28811776
  0.96092751  2.52615477]","[ 0.00000000e+00  1.48553612e-02 -1.49634000e-01  2.00602682e-05
 -1.45852644e-01  2.64748795e-05  7.68933393e-05  7.93646773e-06]","[ 0.          1.4070369  14.15449333  0.0682305  -5.25332403  0.1800731
  0.21586969 -0.09926011]"
1747093066.7853012,"[ 0.          0.13169878  0.71429895 -2.85769542 -1.66857482  1.28811776
  0.96092751  2.52615477]","[ 0.00000000e+00  1.78264326e-02 -1.49904095e-01  1.97669471e-05
 -1.45947236e-01  2.64548924e-05  7.68933393e-05  7.93646773e-06]","[ 0.          1.42378497 13.97136211  0.13040309 -5.31391335  0.18413447
  0.2137749  -0.10092784]"
1747093066.7870514,"[ 0.          0.13174195  0.71400274 -2.85769489 -1.66885765  1.28811776
  0.96092751  2.52615477]","[ 0.00000000e+00  2.24180906e-02 -1.50984489e-01  1.94817938e-05
 -1.42071272e-01  2.64748795e-05  7.68933393e-05  7.93654595e-06]","[ 0.          1.49397624 13.89413643  0.15219361 -5.37880707  0.21108755
  0.22093683 -0.11319079]"
1747093066.7887208,"[ 0.          0.13179522  0.71369095 -2.85769436 -1.66913355  1.28811776
  0.96092751  2.52615477]","[ 0.00000000e+00  2.83602355e-02 -1.51254584e-01  2.68862623e-05
 -1.38830105e-01  2.64551545e-05  6.62873661e-05  7.93646773e-06]","[ 0.          1.51470935 13.86822319  0.20093842 -5.44339228  0.21473423
  0.22047065 -0.11607969]"
1747093066.7905073,"[ 0.          0.1318269   0.71354035 -2.85769436 -1.66928056  1.28811776
  0.96092751  2.52615477]","[ 0.00000000e+00  3.21415997e-02 -1.52875167e-01  2.65092886e-05
 -1.38424189e-01  2.64748795e-05  6.62372408e-05  7.93654595e-06]","[ 0.          1.49095404 13.90537548  0.20341812 -5.50061131  0.21000245
  0.2161815  -0.11486507]"
1747093066.7922854,"[ 0.          0.13190128  0.71322903 -2.85769382 -1.66955859  1.28811776
  0.96092751  2.52615477]","[ 0.00000000e+00  3.78136459e-02 -1.52180631e-01  3.40465778e-05
 -1.41927328e-01  2.64548924e-05  6.62880244e-05  7.93654595e-06]","[ 0.          1.49230671 13.97764587  0.19956096 -5.65481567  0.23790179
  0.20500685 -0.12852064]"
1747093066.7939994,"[ 0.          0.13198486  0.71292643 -2.85769382 -1.66985154  1.28811776
  0.96092751  2.52615477]","[ 0.00000000e+00  4.16275631e-02 -1.52875167e-01  3.35758412e-05
 -1.43151666e-01  2.64748795e-05  6.62372408e-05  7.93646773e-06]","[ 0.          1.44681001 14.00817394  0.20685752 -5.79743671  0.25378716
  0.20541583 -0.11484779]"
1747093066.7958567,"[ 0.          0.13207211  0.71261191 -2.85769356 -1.67013543  1.28811776
  0.96092751  2.52615477]","[ 0.00000000e+00  4.51062798e-02 -1.53470300e-01  3.67982251e-05
 -1.44232044e-01  2.64548924e-05  6.62873661e-05  7.93646773e-06]","[ 0.          1.35245633 14.12047386  0.22126128 -5.85430002  0.30215999
  0.20165493 -0.0842963 ]"
1747093066.7976677,"[ 0.          0.13211848  0.71245991 -2.85769356 -1.67028936  1.28811776
  0.96092751  2.52615477]","[ 0.00000000e+00  4.69493454e-02 -1.54069395e-01  3.67982251e-05
 -1.44944174e-01  2.64548924e-05  6.62873661e-05  7.93048043e-06]","[ 0.          1.30297732 14.08617783  0.17172123 -5.89283419  0.30056441
  0.20282333 -0.09813374]"
1747093066.799322,"[ 0.          0.1322218   0.71215684 -2.85769356 -1.67057858  1.28811776
  0.96092751  2.52615477]","[ 0.00000000e+00  5.19090710e-02 -1.52720271e-01  3.63041164e-05
 -1.46784152e-01  2.64748795e-05  6.62372408e-05  7.93654595e-06]","[ 0.          1.21684337 14.06762218  0.1367709  -5.93794203  0.3052741
  0.22020161 -0.11917138]"
1747093066.8010929,"[ 0.          0.1323288   0.71184179 -2.85769356 -1.67088165  1.28811776
  0.96092751  2.52615477]","[ 0.00000000e+00  5.45596902e-02 -1.53685467e-01  3.57855566e-05
 -1.47953396e-01  2.64551545e-05  5.83328791e-05  7.93646773e-06]","[ 0.          1.14879727 14.00282764  0.08927336 -5.98696184  0.30400911
  0.23258078 -0.12112159]"
1747093066.8040178,"[ 0.          0.1324413   0.71153419 -2.85769356 -1.67117406  1.28811776
  0.96092844  2.52615477]","[ 0.00000000e+00  5.54198288e-02 -1.56386445e-01  3.53532603e-05
 -1.47473228e-01  2.64748795e-05  6.62372408e-05  7.93646773e-06]","[ 0.00000000e+00  1.06816304e+00  1.39749384e+01  9.92502365e-03
 -6.01467752e+00  3.11994970e-01  2.53189802e-01 -1.21316403e-01]"
1747093066.805772,"[ 0.          0.13261946  0.71105935 -2.85769356 -1.67161828  1.28811776
  0.96092937  2.52615477]","[ 0.00000000e+00  6.32028089e-02 -1.55576145e-01  3.48617808e-05
 -1.45947236e-01  2.64748795e-05  7.42418490e-05  7.93646773e-06]","[ 0.          0.89023459 13.95062733 -0.11311821 -5.94583797  0.34809044
  0.27357587 -0.09822997]"
1747093066.8075063,"[ 0.          0.13268191  0.71090602 -2.85769356 -1.67176475  1.28811776
  0.96092937  2.52615477]","[ 0.00000000e+00  6.32028089e-02 -1.55576145e-01  3.48964966e-05
 -1.48403104e-01  2.64751417e-05  7.41857136e-05  7.93646773e-06]","[ 0.          0.85790187 13.87173462 -0.14795837 -5.89740276  0.32836241
  0.27521741 -0.09880357]"
1747093066.8092935,"[ 0.          0.13281783  0.71058225 -2.85769356 -1.67207261  1.28811776
  0.96092937  2.52615477]","[ 0.00000000e+00  6.66464801e-02 -1.58736435e-01  3.44175494e-05
 -1.51464158e-01  2.64548924e-05  7.42418490e-05  7.93048043e-06]","[ 0.          0.73614186 13.81784153 -0.23526636 -5.8445797   0.32577127
  0.28426081 -0.08886451]"
1747093066.8110714,"[ 0.          0.13295329  0.7102636  -2.85769382 -1.67237249  1.28811776
  0.96093031  2.52615477]","[ 0.00000000e+00  6.94150525e-02 -1.61894295e-01  3.05860471e-05
 -1.51640975e-01  2.64748795e-05  8.47836692e-05  0.00000000e+00]","[ 0.          0.62735736 13.79762554 -0.32134461 -5.71859264  0.31134689
  0.33401835 -0.09652946]"
1747093066.8129196,"[ 0.          0.13309839  0.70992697 -2.85769436 -1.67267129  1.28811776
  0.96093031  2.52615477]","[ 0.00000000e+00  7.02253442e-02 -1.64253340e-01  2.34707691e-05
 -1.50714395e-01  1.85324169e-05  8.48478263e-05  0.00000000e+00]","[ 0.          0.49120787 13.77954674 -0.43353626 -5.58499002  0.30302316
  0.3457588  -0.10731652]"
1747093066.814084,"[ 0.          0.13316635  0.70976399 -2.85769436 -1.67283268  1.28811776
  0.96093031  2.52615477]","[ 0.00000000e+00  6.88748552e-02 -1.65299662e-01  2.34932493e-05
 -1.51965681e-01  1.85324169e-05  8.48478263e-05  0.00000000e+00]","[ 0.          0.42918402 13.78310013 -0.44910517 -5.57192564  0.30874589
  0.34160581 -0.08791918]"
1747093066.815849,"[ 0.          0.133311    0.70942097 -2.85769436 -1.67313042  1.28811776
  0.96093131  2.52615477]","[ 0.00000000e+00  7.09007135e-02 -1.67764102e-01  2.32049102e-05
 -1.50174189e-01  1.85324169e-05  9.54538036e-05  0.00000000e+00]","[ 0.          0.30517238 13.78545475 -0.53079599 -5.48014498  0.25995246
  0.35975912 -0.08301164]"
1747093066.8182828,"[ 0.          0.13346437  0.70908715 -2.85769489 -1.67343189  1.28811776
  0.96093131  2.52615477]","[ 0.00000000e+00  7.25826079e-02 -1.68000624e-01  1.63586842e-05
 -1.46392833e-01  1.85602774e-05  9.54538036e-05  0.00000000e+00]","[ 0.          0.18927452 13.86545944 -0.64024615 -5.45011997  0.2400851
  0.36614779 -0.08667739]"
1747093066.8200252,"[ 0.          0.13361131  0.7087446  -2.85769489 -1.67371312  1.28811776
  0.96093224  2.52615477]","[ 0.00000000e+00  7.21160221e-02 -1.66008712e-01  1.61778238e-05
 -1.42611461e-01  1.85602774e-05  1.03408291e-04  0.00000000e+00]","[ 0.          0.10243948 13.86798096 -0.70953965 -5.49102736  0.25586504
  0.38011804 -0.07558806]"
1747093066.821761,"[ 0.          0.13375044  0.70841996 -2.85769489 -1.67400394  1.28811776
  0.96093224  2.52615477]","[ 0.00000000e+00  7.07655415e-02 -1.63408968e-01  1.61629000e-05
 -1.41934951e-01  1.85745164e-05  9.54538036e-05  0.00000000e+00]","[ 0.00000000e+00 -3.75584612e-04  1.38765726e+01 -7.79311836e-01
 -5.58598232e+00  2.81854719e-01  3.81647080e-01 -6.10584356e-02]"
1747093066.8242073,"[ 0.          0.13388499  0.708087   -2.85769542 -1.67428251  1.28811776
  0.96093224  2.52615477]","[ 0.00000000e+00  6.39459557e-02 -1.62247197e-01  9.58304806e-06
 -1.41387672e-01  1.85604623e-05  9.54528527e-05  0.00000000e+00]","[ 0.         -0.0380744  13.94340992 -0.82336819 -5.65878582  0.33379516
  0.38727647 -0.0747747 ]"
1747093066.825944,"[ 0.          0.13399611  0.70776422 -2.85769569 -1.67457279  1.28811869
  0.96093317  2.52615477]","[ 0.00000000e+00  5.45596902e-02 -1.64219268e-01  6.38862218e-06
 -1.41433411e-01  2.65350217e-05  1.03330098e-04  0.00000000e+00]","[ 0.         -0.08513138 13.96832371 -0.84543896 -5.71342802  0.36554918
  0.39245129 -0.08449232]"
1747093066.8287468,"[ 0.          0.13409805  0.70743039 -2.85769569 -1.67485722  1.28811869
  0.96093317  2.52615477]","[ 0.00000000e+00  4.83474467e-02 -1.63848290e-01  6.31402504e-06
 -1.44232044e-01  1.85604623e-05  1.03252035e-04  0.00000000e+00]","[ 0.         -0.12631692 14.02276802 -0.84979439 -5.75036716  0.38462913
  0.38881817 -0.07708069]"
1747093066.829828,"[ 0.          0.13414259  0.70726921 -2.85769569 -1.67500156  1.28811869
  0.96093317  2.52615477]","[ 0.00000000e+00  4.51062798e-02 -1.63408968e-01  6.30834150e-06
 -1.46392833e-01  1.85604623e-05  1.03252035e-04  0.00000000e+00]","[ 0.         -0.12768845 14.05900288 -0.85937911 -5.74502897  0.38420364
  0.38888854 -0.08444428]"
1747093066.8321354,"[ 0.          0.13422157  0.7067696  -2.85769569 -1.6754511   1.28811869
  0.96093317  2.52615477]","[ 0.00000000e+00  3.80451578e-02 -1.64253340e-01  6.24100358e-06
 -1.48553606e-01  1.85606472e-05  9.53105108e-05  0.00000000e+00]","[ 0.         -0.15025359 14.20229053 -0.78660369 -5.78830385  0.35270551
  0.373261   -0.08397703]"
1747093066.8339167,"[ 0.          0.13428999  0.70645188 -2.85769569 -1.6757547   1.28811869
  0.96093317  2.52615477]","[ 0.00000000e+00  3.21415997e-02 -1.60167801e-01  6.16429689e-06
 -1.48013417e-01  1.85604623e-05  9.52376087e-05  0.00000000e+00]","[ 0.         -0.13059224 14.34015369 -0.74233419 -5.77407455  0.33938438
  0.34179556 -0.07666682]"
1747093066.8364074,"[ 0.          0.13435198  0.70614096 -2.85769569 -1.67604445  1.28811869
  0.96093317  2.52615583]","[ 0.00000000e+00  2.98414461e-02 -1.56274842e-01  6.08945238e-06
 -1.46784152e-01  1.85604623e-05  9.53095680e-05  1.05819570e-05]","[ 0.         -0.09463421 14.38230419 -0.67380816 -5.77728271  0.34923911
  0.30031961 -0.07576834]"
1747093066.8381846,"[ 0.          0.13440892  0.70582457 -2.85769569 -1.67634859  1.28811869
  0.96093317  2.52615583]","[ 0.00000000e+00  2.88711484e-02 -1.52875167e-01  1.21894957e-05
 -1.48942743e-01  1.85606472e-05  8.46564929e-05  1.05820616e-05]","[ 0.         -0.06874011 14.34023476 -0.61183554 -5.78246164  0.3699269
  0.31513396 -0.07210899]"
1747093066.8405921,"[ 0.          0.13446586  0.7055243  -2.85769542 -1.67664153  1.28811869
  0.96093317  2.52615583]","[ 0.00000000e+00  2.94406258e-02 -1.51794789e-01  1.50668778e-05
 -1.48013417e-01  1.85604623e-05  8.46556558e-05  1.05819570e-05]","[ 0.         -0.01735299 14.27919769 -0.58308816 -5.83017206  0.37315127
  0.31203288 -0.058355  ]"
1747093066.8423204,"[ 0.          0.1345228   0.70521251 -2.85769542 -1.676943    1.28811962
  0.96093317  2.52615583]","[ 0.00000000e+00  2.75499417e-02 -1.52875167e-01  1.48879751e-05
 -1.46933022e-01  2.65149452e-05  8.46556558e-05  1.05820616e-05]","[ 0.00000000e+00  1.11559238e-02  1.42235298e+01 -5.45745790e-01
 -5.80983400e+00  3.80805135e-01  3.06757361e-01 -7.54372478e-02]"
1747093066.8452864,"[ 0.          0.13459444  0.7047446  -2.85769542 -1.67738296  1.28811962
  0.96093317  2.52615583]","[ 0.00000000e+00  2.13160808e-02 -1.55035956e-01  1.47254753e-05
 -1.50714395e-01  2.65146811e-05  8.47187726e-05  1.05979587e-05]","[ 0.          0.08872575 14.24374104 -0.49906158 -5.81463671  0.37849751
  0.29118994 -0.08172791]"
1747093066.847019,"[ 0.          0.13462933  0.7044406  -2.85769542 -1.67769188  1.28811962
  0.96093317  2.52615583]","[ 0.00000000e+00  1.62058481e-02 -1.53685467e-01  1.45668026e-05
 -1.51254584e-01  2.65149452e-05  7.40737029e-05  1.05979587e-05]","[ 0.          0.09739082 14.31056881 -0.450865   -5.80283928  0.36399829
  0.28245124 -0.06351706]"
1747093066.8493853,"[ 0.          0.13465551  0.7041334  -2.85769542 -1.67798696  1.28811962
  0.96093317  2.52615583]","[ 0.00000000e+00  1.16141912e-02 -1.49207229e-01  1.43995128e-05
 -1.49093811e-01  2.65149452e-05  7.41296676e-05  1.05979587e-05]","[ 0.          0.13405775 14.3900547  -0.40733206 -5.75515175  0.3393434
  0.26411834 -0.08845098]"
1747093066.851727,"[ 0.          0.13467295  0.70384505 -2.85769542 -1.67829216  1.28811962
  0.96093317  2.52615583]","[ 0.00000000e+00  7.82489055e-03 -1.45312439e-01  1.42474455e-05
 -1.48553606e-01  2.65146811e-05  7.40737029e-05  1.05980643e-05]","[ 0.          0.20726368 14.35028267 -0.38420159 -5.77913094  0.33052915
  0.26058504 -0.09463001]"
1747093066.8534803,"[ 0.          0.13468673  0.70341388 -2.85769542 -1.6787465   1.28811962
  0.96093317  2.52615583]","[ 0.00000000e+00  3.24116978e-03 -1.40038564e-01  1.39530404e-05
 -1.49818474e-01  2.64948971e-05  7.40737029e-05  1.05979587e-05]","[ 0.          0.25414848 14.21605301 -0.38328004 -5.81487703  0.33978951
  0.27422163 -0.10024882]"
1747093066.8575454,"[ 0.          0.13469086  0.70314477 -2.85769542 -1.67904371  1.28811962
  0.96093317  2.52615583]","[ 0.00000000e+00  1.89068235e-03 -1.34911904e-01  1.38103541e-05
 -1.50022039e-01  2.65152094e-05  7.40737029e-05  1.05979587e-05]","[ 0.          0.33816746 14.0875349  -0.40097341 -5.82673836  0.36937454
  0.28536338 -0.11368132]"
1747093066.8603525,"[ 0.          0.13469408  0.70259602 -2.85769542 -1.67964611  1.28811962
  0.96093417  2.52615583]","[ 0.00000000e+00  6.75243714e-04 -1.39370294e-01  1.36598980e-05
 -1.51254584e-01  2.65149452e-05  8.46556558e-05  1.05979587e-05]","[ 0.          0.46656474 13.86197376 -0.37493262 -5.80731153  0.371773
  0.28353676 -0.11955987]"
1747093066.8626406,"[ 0.          0.13469546  0.7023086  -2.85769542 -1.67997049  1.28811962
  0.96093417  2.52615583]","[ 0.00000000e+00  7.89995073e-04 -1.40430332e-01  1.35231141e-05
 -1.53517904e-01  2.64948971e-05  8.47204549e-05  1.05978530e-05]","[ 0.          0.54841292 13.79571438 -0.34597695 -5.81598282  0.34333432
  0.3069745  -0.11688226]"
1747093066.8648999,"[ 0.          0.13470005  0.70189621 -2.85769569 -1.6804131   1.28811962
  0.96093417  2.52615583]","[ 0.00000000e+00  1.14091590e-03 -1.39640388e-01  1.07029484e-05
 -1.53914100e-01  2.65149452e-05  8.46564929e-05  1.05979587e-05]","[ 0.          0.6566779  13.80962372 -0.33452475 -5.82627678  0.31697917
  0.30183965 -0.10891923]"
1747093066.867188,"[ 0.          0.13470372  0.70161012 -2.85769542 -1.68075505  1.28811962
  0.96093417  2.52615583]","[ 0.00000000e+00  1.32479104e-03 -1.40180594e-01  1.32574726e-05
 -1.56479523e-01  1.85464284e-05  7.67191870e-05  1.05979587e-05]","[ 0.          0.73566616 13.72171116 -0.34594461 -5.80577517  0.32433364
  0.29375431 -0.11270194]"
1747093066.8694215,"[ 0.          0.13470831  0.70133462 -2.85769542 -1.68106504  1.28811962
  0.9609351   2.52615583]","[ 0.00000000e+00  1.51603098e-03 -1.39370294e-01  7.94838950e-06
 -1.57736934e-01  1.85602774e-05  8.46556558e-05  1.05979587e-05]","[ 0.          0.73561084 13.6481781  -0.3388083  -5.79429865  0.34827158
  0.31754038 -0.09624844]"
1747093066.8722386,"[ 0.          0.13471704  0.70090991 -2.85769542 -1.68153749  1.28811962
  0.9609351   2.52615583]","[ 0.00000000e+00  2.24216526e-03 -1.39370294e-01  7.95448397e-06
 -1.55576145e-01  1.06059783e-05  8.46556558e-05  1.06059783e-05]","[ 0.          0.86531675 13.52158642 -0.40806195 -5.78348589  0.40562579
  0.35100472 -0.10253996]"
1747093066.874503,"[ 0.          0.13472438  0.70062335 -2.85769542 -1.68184375  1.28811962
  0.9609351   2.52615583]","[ 0.00000000e+00  3.02831455e-03 -1.39546637e-01  7.95448397e-06
 -1.55576145e-01  1.06059783e-05  8.46556558e-05  1.05979587e-05]","[ 0.          0.88069218 13.4835434  -0.40067855 -5.80964279  0.38185775
  0.3502523  -0.10113474]"
1747093066.8767238,"[ 0.          0.13473908  0.70016735 -2.85769542 -1.68231087  1.28811962
  0.96093603  2.52615583]","[ 0.00000000e+00  4.56996050e-03 -1.44784700e-01  7.94846874e-06
 -1.53415373e-01  1.85604623e-05  9.52376087e-05  1.05979587e-05]","[ 0.          0.97988349 13.55713749 -0.39866757 -5.85946035  0.36210674
  0.38943434 -0.10413021]"
1747093066.8789773,"[ 0.          0.13475147  0.699879   -2.85769542 -1.68262353  1.28812055
  0.96093603  2.52615583]","[ 0.00000000e+00  5.88107424e-03 -1.46497262e-01  2.65149457e-06
 -1.52467221e-01  2.64948971e-05  9.52376087e-05  1.05979587e-05]","[ 0.          1.03443682 13.62748909 -0.36550856 -5.90501165  0.35810828
  0.37109405 -0.09417434]"
1747093066.8812346,"[ 0.          0.13476617  0.69958099 -2.85769542 -1.68292713  1.28812055
  0.96093603  2.52615583]","[ 0.00000000e+00  7.42391576e-03 -1.45696483e-01  2.64946325e-06
 -1.54339223e-01  2.65149452e-05  9.52385514e-05  1.05980643e-05]","[ 0.          1.05079877 13.74979019 -0.31859323 -5.96961117  0.36513126
  0.33487403 -0.07243108]"
1747093066.883525,"[ 0.          0.13479464  0.69915442 -2.85769542 -1.68324351  1.28812055
  0.96093603  2.52615583]","[ 0.00000000e+00  1.02637042e-02 -1.43421761e-01  0.00000000e+00
 -1.54473363e-01  2.65149452e-05  8.46556558e-05  1.06059783e-05]","[ 0.          1.06286073 13.80287361 -0.27990118 -5.97795963  0.37997156
  0.33367744 -0.08170703]"
1747093066.8863645,"[ 0.          0.13481531  0.69886147 -2.85769542 -1.68354818  1.28812055
  0.96093603  2.52615583]","[ 0.00000000e+00  1.02637042e-02 -1.42881572e-01  0.00000000e+00
 -1.53415373e-01  2.64948971e-05  8.46556558e-05  1.05979587e-05]","[ 0.          1.09626579 13.88569164 -0.22551201 -5.98707247  0.3912715
  0.31590509 -0.08917506]"
1747093066.888618,"[ 0.          0.13483643  0.6985887  -2.85769542 -1.68386136  1.28812055
  0.96093603  2.52615583]","[ 0.00000000e+00  1.08038994e-02 -1.37610144e-01 -5.29103081e-06
 -1.52467221e-01  2.65149452e-05  8.46564929e-05  1.06059783e-05]","[ 0.          1.13976288 13.88333607 -0.18563737 -6.00923824  0.39809224
  0.30552241 -0.08917677]"
1747093066.890878,"[ 0.          0.13486765  0.69817311 -2.85769542 -1.68431623  1.28812055
  0.96093603  2.52615583]","[ 0.00000000e+00  1.02637042e-02 -1.36939419e-01 -1.05899522e-05
 -1.53259927e-01  2.64948971e-05  8.47196178e-05  1.05979587e-05]","[ 0.          1.1240772  13.96831894 -0.15182292 -6.06964111  0.39614189
  0.28536239 -0.09343224]"
1747093066.8948097,"[ 0.          0.13488694  0.69789488 -2.85769542 -1.68463155  1.28812055
  0.96093603  2.52615583]","[ 0.00000000e+00  9.02766461e-03 -1.34913427e-01 -1.58729355e-05
 -1.53955562e-01  2.65149452e-05  8.46556558e-05  1.06059783e-05]","[ 0.          1.18197656 14.03390503 -0.11585718 -6.08627653  0.40457508
  0.26814264 -0.08564015]"
1747093066.897131,"[ 0.          0.13492138  0.6974958  -2.85769489 -1.68526219  1.28812055
  0.96093603  2.52615583]","[ 0.00000000e+00  7.27228515e-03 -1.35048741e-01 -1.32274462e-05
 -1.62058479e-01  2.64548924e-05  8.46556558e-05  1.05979587e-05]","[ 0.          1.19296014 14.07418442 -0.03102032 -6.03534079  0.36762661
  0.25166541 -0.08875877]"
1747093066.8987942,"[ 0.          0.13493516  0.69721617 -2.85769489 -1.68558709  1.28812055
  0.96093603  2.52615583]","[ 0.00000000e+00  7.02253421e-03 -1.36939419e-01 -1.32274462e-05
 -1.65839851e-01  2.64948971e-05  8.47204549e-05  1.05979587e-05]","[ 0.          1.20331013 14.13879776  0.03544518 -6.00247002  0.35208771
  0.24213114 -0.09547386]"
1747093066.9009655,"[ 0.          0.13494572  0.69693468 -2.85769489 -1.68592904  1.28812055
  0.96093603  2.52615583]","[ 0.00000000e+00  5.39921165e-03 -1.37922649e-01 -1.32374398e-05
 -1.67011792e-01  2.64548924e-05  8.46548105e-05  1.06060839e-05]","[ 0.          1.19728827 14.17115688  0.06746874 -5.94175863  0.35028258
  0.23132308 -0.10689391]"
1747093066.9026356,"[ 0.          0.13495352  0.69666237 -2.85769489 -1.68626194  1.28812055
  0.96093603  2.52615583]","[ 0.00000000e+00  3.77107772e-03 -1.38830105e-01 -1.32275773e-05
 -1.69081018e-01  2.64551545e-05  7.41296676e-05  1.05979587e-05]","[ 0.          1.19297707 14.23337841  0.07794306 -5.8867116   0.33569366
  0.22588287 -0.10115773]"
1747093066.9048474,"[ 0.          0.13495674  0.69651543 -2.85769489 -1.68644197  1.28812055
  0.96093603  2.52615583]","[ 0.00000000e+00  3.24116978e-03 -1.38424189e-01 -1.32275773e-05
 -1.69519475e-01  2.64548924e-05  7.41296676e-05  1.05979587e-05]","[ 0.          1.20959461 14.30257988  0.1001085  -5.89024973  0.30954045
  0.21909615 -0.1099622 ]"
1747093066.9065535,"[ 0.          0.13496086  0.69624405 -2.85769436 -1.68677433  1.28812055
  0.96093603  2.52615583]","[ 0.00000000e+00  2.07957914e-03 -1.37749710e-01 -7.93646773e-06
 -1.68540829e-01  2.64548924e-05  7.40744343e-05  1.05980643e-05]","[ 0.          1.22888231 14.29044247  0.10779886 -5.89267492  0.30899727
  0.22483602 -0.11444193]"
1747093066.9082787,"[ 0.          0.13496316  0.69597221 -2.85769436 -1.68711415  1.28812055
  0.96093603  2.52615583]","[ 0.00000000e+00  1.21543863e-03 -1.37749710e-01 -7.93654595e-06
 -1.65005649e-01  2.64548924e-05  6.61872009e-05  1.05979587e-05]","[ 0.          1.26920462 14.31611443  0.10886291 -5.96908474  0.3202244
  0.20876519 -0.10266162]"
1747093066.9099922,"[ 0.          0.13496546  0.69568892 -2.85769436 -1.68743959  1.28812055
  0.96093603  2.52615583]","[ 0.00000000e+00  1.17033446e-03 -1.37749710e-01 -7.93646773e-06
 -1.65299662e-01  2.64748795e-05  6.61372301e-05  1.05820616e-05]","[ 0.          1.30164886 14.32256603  0.12450115 -6.04867506  0.32134068
  0.21688771 -0.08753517]"
1747093066.9116669,"[ 0.          0.13496776  0.69542213 -2.85769436 -1.68777088  1.28812055
  0.96093603  2.52615583]","[ 0.00000000e+00  1.12593236e-03 -1.33968346e-01 -5.29097849e-06
 -1.69081018e-01  2.64548924e-05  5.82447383e-05  1.05820616e-05]","[ 0.          1.30977595 14.35691738  0.10188441 -6.11371422  0.34210292
  0.21719554 -0.1000196 ]"
1747093066.9134603,"[ 0.          0.13496959  0.69529397 -2.85769436 -1.68795198  1.28812055
  0.96093603  2.52615583]","[ 0.00000000e+00  1.28263781e-03 -1.29916888e-01 -5.29502843e-06
 -1.70362132e-01  2.64551545e-05  5.82007654e-05  1.05820616e-05]","[ 0.          1.3287046  14.36629677  0.10808904 -6.12853622  0.34175423
  0.21390165 -0.11404831]"
1747093066.9145958,"[ 0.          0.13497235  0.69502765 -2.85769436 -1.6882902   1.28812055
  0.96093603  2.52615583]","[ 0.00000000e+00  1.38290777e-03 -1.29646785e-01  0.00000000e+00
 -1.72322185e-01  2.64551545e-05  5.82007654e-05  1.05820616e-05]","[ 0.          1.35275066 14.32437038  0.1083834  -6.16425705  0.3443504
  0.21721008 -0.11176297]"
1747093066.9168336,"[ 0.          0.13497602  0.69477239 -2.85769382 -1.68864866  1.28812162
  0.96093603  2.52615583]","[ 0.00000000e+00  1.52638545e-03 -1.30457085e-01  5.29097849e-06
 -1.76039459e-01  3.70368514e-05  4.76188043e-05  1.05820616e-05]","[ 0.          1.37091184 14.30025196  0.09846419 -6.21228027  0.35390812
  0.22551699 -0.10206608]"
1747093066.919207,"[ 0.          0.13498061  0.69450927 -2.85769382 -1.68899647  1.28812162
  0.96093603  2.52615583]","[ 0.00000000e+00  1.68162381e-03 -1.28566399e-01  1.05819570e-05
 -1.76643747e-01  3.70372172e-05  4.76192757e-05  1.05820616e-05]","[ 0.          1.38339889 14.25181103  0.1193872  -6.18729448  0.34793237
  0.22100754 -0.08201491]"
1747093066.9209304,"[ 0.          0.13498612  0.6942558  -2.85769382 -1.68934375  1.28812162
  0.96093603  2.52615583]","[ 0.00000000e+00  2.01865452e-03 -1.27486012e-01  1.05819570e-05
 -1.76103558e-01  3.70372172e-05  3.70368514e-05  1.05739739e-05]","[ 0.          1.37344313 14.21264648  0.11278275 -6.16045618  0.32373059
  0.22110441 -0.09033792]"
1747093066.9227037,"[ 0.          0.13499209  0.69399495 -2.85769382 -1.68970487  1.28812162
  0.96093603  2.52615583]","[ 0.00000000e+00  2.52915363e-03 -1.27486012e-01  1.05819570e-05
 -1.76643747e-01  3.70089097e-05  3.70368514e-05  1.05820616e-05]","[ 0.          1.37303185 14.15680504  0.09745108 -6.17861986  0.32057318
  0.23036915 -0.1049474 ]"
1747093066.92447,"[ 0.          0.13499531  0.69386825 -2.85769382 -1.68988011  1.28812162
  0.96093603  2.52615583]","[ 0.00000000e+00  2.84449791e-03 -1.28566399e-01  1.05819570e-05
 -1.77724141e-01  3.70368514e-05  3.70648338e-05  1.05819570e-05]","[ 0.          1.38051951 14.11832619  0.10141473 -6.20992088  0.30608261
  0.2459026  -0.10628338]"
1747093066.9256191,"[ 0.          0.13500312  0.69359867 -2.85769382 -1.69024549  1.28812162
  0.96093603  2.52615583]","[ 0.00000000e+00  3.40408059e-03 -1.32753312e-01  1.58730919e-05
 -1.78547141e-01  3.70368514e-05  3.70368514e-05  1.05820616e-05]","[ 0.          1.40047407 14.00911331  0.0746098  -6.2184124   0.3064003
  0.25038728 -0.09280392]"
1747093066.9274023,"[ 0.          0.13500725  0.69346871 -2.85769382 -1.69042286  1.28812162
  0.96093603  2.52615583]","[ 0.00000000e+00  3.67002428e-03 -1.31807566e-01  1.85186086e-05
 -1.79702654e-01  2.90784288e-05  2.91223691e-05  1.05819570e-05]","[ 0.          1.37785327 13.96633625  0.05496686 -6.18971348  0.30311781
  0.24813288 -0.09917992]"
1747093066.9292152,"[ 0.          0.13501689  0.69319873 -2.85769382 -1.69078132  1.28812162
  0.96093603  2.52615583]","[ 0.00000000e+00  4.29017905e-03 -1.31402673e-01  1.85184257e-05
 -1.82045703e-01  2.91003827e-05  2.91664395e-05  1.05739739e-05]","[ 0.          1.37124765 13.9218483   0.02843231 -6.1831336   0.3231256
  0.24491595 -0.09417095]"
1747093066.9309478,"[ 0.          0.13502837  0.6929416  -2.85769382 -1.69115683  1.28812162
  0.96093603  2.52615583]","[ 0.00000000e+00  5.44039494e-03 -1.30324901e-01  1.85184257e-05
 -1.83562506e-01  2.91003827e-05  2.91664395e-05  1.05819570e-05]","[ 0.          1.35101008 13.87162781  0.02815563 -6.20124865  0.33882761
  0.25116777 -0.08927598]"
1747093066.9321003,"[ 0.          0.1350348   0.69281343 -2.85769382 -1.69133792  1.28812162
  0.96093603  2.52615583]","[ 0.00000000e+00  6.03013792e-03 -1.30048781e-01  1.85186086e-05
 -1.83480198e-01  2.91003827e-05  2.91664395e-05  1.05819570e-05]","[ 0.00000000e+00  1.33259118e+00  1.38454008e+01  8.14144220e-03
 -6.22160912e+00  3.35907191e-01  2.66669691e-01 -8.85182321e-02]"
1747093066.9337294,"[ 0.          0.1350527   0.69254985 -2.85769382 -1.69169638  1.28812162
  0.96093603  2.52615583]","[ 0.00000000e+00  8.71248989e-03 -1.29396523e-01  1.85324169e-05
 -1.80965308e-01  2.90784288e-05  2.91443860e-05  1.05820616e-05]","[ 0.00000000e+00  1.29188406e+00  1.37669296e+01 -9.24088154e-03
 -6.26278400e+00  3.27832431e-01  2.66796738e-01 -1.01693586e-01]"
1747093066.9354794,"[ 0.          0.13506326  0.69242128 -2.85769382 -1.6918892   1.28812162
  0.96093603  2.52615583]","[ 0.00000000e+00  1.02637042e-02 -1.30457085e-01  1.85184257e-05
 -1.81556363e-01  2.91003827e-05  2.91664395e-05  1.05819570e-05]","[ 0.00000000e+00  1.26900208e+00  1.37594995e+01 -1.16708614e-02
 -6.28674459e+00  3.40566546e-01  2.66916245e-01 -1.16955921e-01]"
1747093066.93727,"[ 0.          0.13509082  0.69216189 -2.85769382 -1.69225032  1.28812162
  0.96093603  2.52615583]","[ 0.00000000e+00  1.54111868e-02 -1.33158055e-01  1.85324169e-05
 -1.83666286e-01  2.91003827e-05  2.91664395e-05  0.00000000e+00]","[ 0.00000000e+00  1.24178684e+00  1.38157701e+01 -8.30304716e-03
 -6.31289959e+00  3.33371699e-01  2.84269035e-01 -1.00839742e-01]"
1747093066.9384272,"[ 0.          0.13512985  0.69189092 -2.85769382 -1.69262476  1.28812162
  0.96093603  2.52615583]","[ 0.00000000e+00  2.05274085e-02 -1.32347763e-01  1.85322320e-05
 -1.82387702e-01  2.90784288e-05  2.91661490e-05  0.00000000e+00]","[ 0.          1.14733648 13.9062767  -0.01705938 -6.32035446  0.33591738
  0.27115002 -0.08639337]"
1747093066.940131,"[ 0.          0.13515327  0.69175962 -2.85769382 -1.69280479  1.28812162
  0.96093603  2.52615583]","[ 0.00000000e+00  2.37685775e-02 -1.33158055e-01  1.85184257e-05
 -1.82585892e-01  2.91006692e-05  2.91664395e-05  0.00000000e+00]","[ 0.          1.11795938 13.93746281 -0.05325884 -6.30367899  0.33000416
  0.25737014 -0.09227426]"
1747093066.9417918,"[ 0.          0.13521113  0.69148505 -2.85769382 -1.69317177  1.28812162
  0.96093603  2.52615583]","[ 0.00000000e+00  3.13313079e-02 -1.34411896e-01  1.58849283e-05
 -1.87447642e-01  2.11479478e-05  2.91664395e-05  0.00000000e+00]","[ 0.          1.02265334 14.02025795 -0.10794836 -6.30839014  0.34327942
  0.26024309 -0.09714013]"
1747093066.943481,"[ 0.          0.13524832  0.69135049 -2.85769382 -1.69337204  1.28812162
  0.96093603  2.52615583]","[ 0.00000000e+00  3.50745598e-02 -1.36399221e-01  1.58849283e-05
 -1.88577888e-01  2.11479478e-05  2.91664395e-05  0.00000000e+00]","[ 0.          0.94907832 14.04934025 -0.13016582 -6.33687925  0.33614308
  0.26508543 -0.09686468]"
1747093066.9452546,"[ 0.          0.13532547  0.69107406 -2.85769382 -1.69374648  1.28812162
  0.96093603  2.52615583]","[ 0.00000000e+00  4.05146197e-02 -1.34913427e-01  1.58850858e-05
 -1.89608431e-01  2.11639139e-05  2.91667301e-05  0.00000000e+00]","[ 0.          0.82443064 14.09933281 -0.16591939 -6.43252611  0.33802825
  0.26394972 -0.07792687]"
1747093066.947027,"[ 0.          0.13541408  0.69081553 -2.85769436 -1.69413744  1.28812162
  0.96093696  2.52615583]","[ 0.00000000e+00  4.48361812e-02 -1.29916888e-01  1.05899522e-05
 -1.91085570e-01  2.11639139e-05  3.71490329e-05  0.00000000e+00]","[ 0.          0.66863835 14.12818241 -0.26979825 -6.43286133  0.34962544
  0.25647703 -0.07091223]"
1747093066.9493492,"[ 0.          0.13545863  0.69068876 -2.85769436 -1.69432705  1.28812162
  0.96093696  2.52615583]","[ 0.00000000e+00  4.51062798e-02 -1.28566399e-01  1.05819570e-05
 -1.92309409e-01  2.11639139e-05  3.71209245e-05  0.00000000e+00]","[ 0.          0.60630089 14.14286041 -0.33004901 -6.40482855  0.34253854
  0.26422974 -0.09179123]"
1747093066.9504597,"[ 0.          0.13555965  0.69043164 -2.85769436 -1.69470948  1.28812162
  0.96093696  2.52615583]","[ 0.00000000e+00  5.01065104e-02 -1.24244837e-01  1.05899522e-05
 -1.94470181e-01  2.11479478e-05  3.71490329e-05  0.00000000e+00]","[ 0.          0.4338209  14.09489822 -0.39637935 -6.37430906  0.3805173
  0.27818298 -0.06966792]"
1747093066.952148,"[ 0.          0.13566205  0.69019195 -2.85769489 -1.69510629  1.28812255
  0.96093696  2.52615583]","[ 0.00000000e+00  5.21288109e-02 -1.19531949e-01  5.29502843e-06
 -1.93733501e-01  2.91006692e-05  3.71209245e-05  0.00000000e+00]","[ 0.          0.30708623 14.04082584 -0.44834763 -6.26661682  0.38608426
  0.30704749 -0.0728784 ]"
1747093066.9538336,"[ 0.          0.13576261  0.6899504  -2.85769489 -1.69548872  1.28812255
  0.96093796  2.52615583]","[ 0.00000000e+00  5.02381288e-02 -1.17610404e-01  5.29497611e-06
 -1.95010370e-01  2.90784288e-05  4.77630399e-05  0.00000000e+00]","[ 0.          0.15389767 13.941679   -0.5608471  -6.20599794  0.38180959
  0.3349427  -0.0748924 ]"
1747093066.9556198,"[ 0.          0.13581496  0.68983516 -2.85769542 -1.69569645  1.28812255
  0.96093796  2.52615583]","[ 0.00000000e+00  4.93549122e-02 -1.16952203e-01  0.00000000e+00
 -1.95599395e-01  2.91003827e-05  4.77630399e-05  0.00000000e+00]","[ 0.          0.05241682 13.89799309 -0.60365152 -6.23063898  0.39768633
  0.35138774 -0.07047863]"
1747093066.956735,"[ 0.          0.13591231  0.68960552 -2.85769542 -1.69608368  1.28812255
  0.96093796  2.52615583]","[ 0.00000000e+00  4.94278371e-02 -1.16952203e-01  0.00000000e+00
 -1.95892093e-01  2.91003827e-05  4.77264263e-05  0.00000000e+00]","[ 0.         -0.08385431 13.88057995 -0.66592902 -6.17022991  0.36607218
  0.3597275  -0.0608127 ]"
1747093066.958463,"[ 0.          0.13596144  0.68948022 -2.85769542 -1.69627596  1.28812255
  0.96093796  2.52615583]","[ 0.00000000e+00  4.96979357e-02 -1.17750303e-01  0.00000000e+00
 -1.95208360e-01  2.90787152e-05  3.71209245e-05  0.00000000e+00]","[ 0.         -0.13316543 13.87103558 -0.72947162 -6.11279154  0.36014771
  0.35646999 -0.06184287]"
1747093066.9601872,"[ 0.          0.13606246  0.68924327 -2.85769622 -1.69667863  1.28812255
  0.9609389   2.52615583]","[ 0.00000000e+00  4.94013885e-02 -1.21003670e-01 -7.94246417e-06
 -1.96090765e-01  2.91006692e-05  4.77269018e-05  0.00000000e+00]","[ 0.         -0.26676428 13.87862015 -0.79634029 -6.05960035  0.34438896
  0.37694553 -0.05575245]"
1747093066.9612973,"[ 0.          0.13615339  0.68899067 -2.85769622 -1.69706532  1.28812255
  0.9609389   2.52615583]","[ 0.00000000e+00  4.48361812e-02 -1.23378078e-01 -7.94246417e-06
 -1.95010370e-01  2.90784288e-05  4.77269018e-05  0.00000000e+00]","[ 0.         -0.35877275 13.89384842 -0.86872435 -6.05062866  0.37468731
  0.38705894 -0.04913504]"
1747093066.9631035,"[ 0.          0.13619655  0.68886903 -2.85769622 -1.69727251  1.28812255
  0.9609389   2.52615583]","[ 0.00000000e+00  4.37114575e-02 -1.23309485e-01 -7.94246417e-06
 -1.95097855e-01  2.91003827e-05  4.77630399e-05  0.00000000e+00]","[ 0.         -0.42887256 13.8619194  -0.88889575 -6.12608051  0.38148439
  0.38328964 -0.05131205]"
1747093066.9648829,"[ 0.          0.13628104  0.68861649 -2.85769622 -1.69765547  1.28812255
  0.96093983  2.52615583]","[ 0.00000000e+00  4.06244918e-02 -1.22876547e-01 -5.29497611e-06
 -1.93733501e-01  2.91003827e-05  5.56808321e-05  0.00000000e+00]","[ 0.         -0.50758058 13.84025383 -0.91600364 -6.23458958  0.39548317
  0.38974077 -0.04349112]"
1747093066.9660907,"[ 0.          0.13632007  0.68849479 -2.85769675 -1.69784722  1.28812255
  0.96093983  2.52615583]","[ 0.00000000e+00  3.97043280e-02 -1.23434545e-01 -1.05899522e-05
 -1.94470181e-01  2.90787152e-05  5.56813848e-05  0.00000000e+00]","[ 0.         -0.5372864  13.84670258 -0.93014592 -6.27395248  0.39154729
  0.38605505 -0.04074221]"
1747093066.9678524,"[ 0.          0.13639171  0.68825417 -2.85769728 -1.69824669  1.28812348
  0.96094083  2.52615583]","[ 0.00000000e+00  3.48425735e-02 -1.21003670e-01 -1.85324169e-05
 -1.95097855e-01  3.70368514e-05  6.62873661e-05  0.00000000e+00]","[ 0.         -0.55762947 13.86108971 -0.96203798 -6.39625406  0.44085649
  0.38654193 -0.04091951]"
1747093066.9696121,"[ 0.          0.13645462  0.68800623 -2.85769728 -1.69863552  1.28812348
  0.96094083  2.52615583]","[ 0.00000000e+00  2.89004307e-02 -1.20341417e-01 -1.85325998e-05
 -1.98050685e-01  3.70092754e-05  5.83322980e-05  0.00000000e+00]","[ 0.         -0.57844406 13.87161064 -0.98500377 -6.4562583   0.49324414
  0.40327582 -0.03717131]"
1747093066.9713871,"[ 0.          0.13647941  0.68788818 -2.85769728 -1.69884804  1.28812441
  0.96094083  2.52615583]","[ 0.00000000e+00  2.51190644e-02 -1.19653181e-01 -1.85322320e-05
 -2.00113237e-01  4.76192757e-05  5.83328791e-05  0.00000000e+00]","[ 0.         -0.61075699 13.88519764 -0.99211746 -6.46962786  0.5138824
  0.40007076 -0.02195876]"
1747093066.972554,"[ 0.          0.13652028  0.68765403 -2.85769728 -1.69924698  1.28812441
  0.96094176  2.52615583]","[ 0.00000000e+00  1.80383432e-02 -1.17762503e-01 -1.85184257e-05
 -2.03113304e-01  4.76188043e-05  6.62873661e-05  0.00000000e+00]","[ 0.         -0.59632707 13.93607235 -0.99964601 -6.48054838  0.52449417
  0.40134791 -0.01519022]"
1747093066.9743328,"[ 0.          0.13653497  0.68753046 -2.85769755 -1.69944778  1.28812535
  0.96094176  2.52615583]","[ 0.00000000e+00  1.48553612e-02 -1.16356562e-01 -2.11799045e-05
 -2.03653493e-01  5.82007654e-05  6.62873661e-05  0.00000000e+00]","[ 0.         -0.56783277 13.93016624 -0.98600733 -6.45427847  0.52431685
  0.38733298 -0.02458459]"
1747093066.976081,"[ 0.          0.13655563  0.68730455 -2.85769755 -1.69986377  1.28812535
  0.96094176  2.52615583]","[ 0.00000000e+00  9.18331389e-03 -1.14521328e-01 -2.11801137e-05
 -2.03122459e-01  5.82007654e-05  5.83322980e-05  0.00000000e+00]","[ 0.         -0.51085973 13.91679096 -0.95492005 -6.47486448  0.49353898
  0.39095551 -0.01608171]"
1747093066.977292,"[ 0.          0.13656161  0.68719024 -2.85769755 -1.7000651   1.28812535
  0.96094176  2.52615583]","[ 0.00000000e+00  5.94214437e-03 -1.15871817e-01 -2.11641232e-05
 -2.03986804e-01  5.82007654e-05  5.83328791e-05  0.00000000e+00]","[ 0.         -0.49347225 13.87978554 -0.95543712 -6.4646039   0.46029517
  0.38916948 -0.04122481]"
1747093066.97906,"[ 0.          0.13656665  0.68694596 -2.85769755 -1.70046458  1.28812535
  0.96094176  2.52615583]","[ 0.00000000e+00  1.35048743e-03 -1.20193379e-01 -2.11799045e-05
 -2.02032910e-01  5.82013384e-05  5.82887721e-05  0.00000000e+00]","[ 0.         -0.45073891 13.8979578  -0.89711857 -6.44631815  0.43645275
  0.38855994 -0.05283546]"
1747093066.9808538,"[ 0.          0.13656574  0.68670667 -2.85769755 -1.70087417  1.28812535
  0.96094176  2.52615583]","[ 0.00000000e+00 -3.89921081e-04 -1.21003670e-01 -2.11639139e-05
 -2.00412326e-01  4.76188043e-05  5.83328791e-05  0.00000000e+00]","[ 0.         -0.31947991 13.95332909 -0.83231831 -6.38735771  0.42395878
  0.37328744 -0.02939074]"
1747093066.982054,"[ 0.          0.13656482  0.68657811 -2.85769755 -1.70107337  1.28812535
  0.96094176  2.52615583]","[ 0.00000000e+00 -6.14238145e-04 -1.21121166e-01 -2.11801137e-05
 -2.01828212e-01  4.76188043e-05  5.83322980e-05  0.00000000e+00]","[ 0.         -0.2654824  13.98788357 -0.79077607 -6.37326097  0.43901962
  0.35963035 -0.02537667]"
1747093066.9842715,"[ 0.          0.13656574  0.68634482 -2.85769755 -1.70148989  1.28812535
  0.96094176  2.52615583]","[ 0.00000000e+00 -1.98743370e-04 -1.16952203e-01 -2.11959173e-05
 -2.04125522e-01  4.76547840e-05  5.83328791e-05  0.00000000e+00]","[ 0.         -0.15384047 14.08657265 -0.73096168 -6.32219172  0.45662051
  0.33594725 -0.04089414]"
1747093066.9865828,"[ 0.          0.13656712  0.68610793 -2.85769755 -1.7018915   1.28812535
  0.96094269  2.52615583]","[ 0.00000000e+00  2.65996900e-04 -1.14851951e-01 -2.12119566e-05
 -2.04193699e-01  4.76188043e-05  6.62873661e-05  0.00000000e+00]","[ 0.         -0.05601922 14.11969185 -0.69470459 -6.28346968  0.45440415
  0.32882509 -0.03476443]"
1747093066.9883325,"[ 0.          0.13656712  0.68588842 -2.85769755 -1.70229523  1.28812535
  0.96094269  2.52615583]","[ 0.00000000e+00  3.99940769e-04 -1.11167410e-01 -2.12119566e-05
 -2.04733888e-01  4.76547840e-05  6.62867037e-05  0.00000000e+00]","[ 0.          0.09328058 14.13347435 -0.6633513  -6.30674124  0.44220084
  0.33409977 -0.02339786]"
1747093066.9895036,"[ 0.          0.13656712  0.68578049 -2.85769755 -1.70251255  1.28812535
  0.96094269  2.52615583]","[ 0.00000000e+00  3.43436729e-04 -1.09389475e-01 -2.12117453e-05
 -2.04434565e-01  4.76547840e-05  6.62873661e-05  0.00000000e+00]","[ 0.          0.11074892 14.14277649 -0.65201849 -6.31679249  0.43172359
  0.32955399 -0.02880444]"
1747093066.9913292,"[ 0.          0.13656757  0.68556558 -2.85769755 -1.70291468  1.28812628
  0.96094269  2.52615583]","[ 0.00000000e+00  2.64239936e-04 -1.04257622e-01 -2.12117453e-05
 -2.03113304e-01  5.82453112e-05  6.62873661e-05  0.00000000e+00]","[ 0.          0.17491807 14.11304379 -0.6008693  -6.31879091  0.4149178
  0.31665075 -0.02275654]"
1747093066.9924545,"[ 0.          0.13656803  0.68536537 -2.85769755 -1.7033296   1.28812628
  0.96094269  2.52615663]","[ 0.00000000e+00  1.13229640e-04 -1.00476258e-01 -2.12119566e-05
 -2.03122459e-01  5.82447383e-05  6.62873661e-05  7.93646773e-06]","[ 0.          0.28783819 14.05159283 -0.580001   -6.275002    0.38981059
  0.31577316 -0.04380894]"
1747093066.9942296,"[ 0.          0.13656803  0.68526297 -2.85769755 -1.70353041  1.28812628
  0.96094269  2.52615663]","[ 0.00000000e+00  1.13245683e-04 -9.62950864e-02 -2.12119566e-05
 -2.03653493e-01  5.82007654e-05  6.62873661e-05  7.93646773e-06]","[ 0.          0.33094347 13.98917961 -0.5317136  -6.24904203  0.39482498
  0.31968218 -0.04327337]"
1747093066.9953942,"[ 0.          0.13656803  0.6851693  -2.85769808 -1.70393521  1.28812628
  0.96094269  2.52615663]","[ 0.00000000e+00  9.93593235e-05 -9.49779784e-02 -2.65149452e-05
 -2.05274077e-01  5.82453112e-05  6.62372408e-05  7.93646773e-06]","[ 0.          0.37601402 13.99012756 -0.5371471  -6.19625187  0.40617061
  0.30546275 -0.03869984]"
1747093066.9971857,"[ 0.          0.13656849  0.68498521 -2.85769808 -1.70415305  1.28812628
  0.96094269  2.52615663]","[ 0.00000000e+00  1.46279308e-04 -9.26434348e-02 -3.18179359e-05
 -2.05128601e-01  5.82007654e-05  6.62873661e-05  7.93646773e-06]","[ 0.          0.44186428 13.88360882 -0.48416176 -6.20854855  0.39866847
  0.30112562 -0.04083056]"
1747093066.9988964,"[ 0.          0.13656895  0.68488787 -2.85769755 -1.70435492  1.28812628
  0.96094269  2.52615663]","[ 0.00000000e+00  1.84776761e-04 -9.17812530e-02 -2.65149452e-05
 -2.04733888e-01  5.83328791e-05  6.62867037e-05  7.93646773e-06]","[ 0.          0.49114344 13.81842422 -0.43338612 -6.14408302  0.39198166
  0.30071098 -0.03965473]"
1747093067.0000103,"[ 0.          0.13656987  0.68470185 -2.85769755 -1.7047741   1.28812628
  0.96094269  2.52615663]","[ 0.00000000e+00  2.20789351e-04 -9.58846017e-02 -2.65149452e-05
 -2.04125522e-01  5.82447383e-05  6.62372408e-05  7.93646773e-06]","[ 0.          0.56191224 13.69215584 -0.37782961 -6.13920403  0.35754326
  0.28924814 -0.02801369]"
1747093067.001705,"[ 0.          0.13657033  0.68451223 -2.85769755 -1.70517038  1.28812628
  0.96094269  2.52615663]","[ 0.00000000e+00  2.44925906e-04 -9.64247990e-02 -2.65149452e-05
 -1.99129981e-01  5.83328791e-05  6.62873661e-05  7.93638849e-06]","[ 0.          0.59883475 13.62626076 -0.33339027 -6.10430956  0.31597221
  0.28750679 -0.05379582]"
1747093067.00287,"[ 0.          0.13657124  0.68440843 -2.85769755 -1.70536799  1.28812628
  0.96094269  2.52615663]","[ 0.00000000e+00  2.79450285e-04 -9.77996975e-02 -2.65146811e-05
 -2.00412326e-01  5.83322980e-05  6.62873661e-05  7.94254290e-06]","[ 0.          0.6839475  13.62686729 -0.30594704 -6.13196945  0.3004764
  0.27476439 -0.06530811]"
1747093067.004622,"[ 0.          0.13657263  0.68421282 -2.85769755 -1.70577598  1.28812628
  0.96094269  2.52615663]","[ 0.00000000e+00  3.44501571e-04 -9.88556741e-02 -2.65149452e-05
 -1.98608617e-01  5.82887721e-05  6.62873661e-05  7.93646773e-06]","[ 0.          0.7335844  13.65284729 -0.27534059 -6.1636138   0.32427311
  0.26264137 -0.05061295]"
1747093067.0063198,"[ 0.          0.13657354  0.68411502 -2.85769755 -1.70597252  1.28812628
  0.96094269  2.52615663]","[ 0.00000000e+00  3.69541332e-04 -9.91257769e-02 -3.18420273e-05
 -1.99129981e-01  5.82887721e-05  6.62873661e-05  7.93646773e-06]","[ 0.          0.78629047 13.64459896 -0.23475057 -6.16773939  0.33618703
  0.25463986 -0.04351388]"
1747093067.0074859,"[ 0.          0.13657538  0.68390703 -2.85769755 -1.70636667  1.28812628
  0.96094269  2.52615663]","[ 0.00000000e+00  4.28449792e-04 -1.01453754e-01 -3.18176189e-05
 -2.00412326e-01  5.83328791e-05  6.62372408e-05  7.93654595e-06]","[ 0.          0.85624415 13.62528419 -0.20159191 -6.22428656  0.36002094
  0.26439223 -0.02847492]"
1747093067.0102162,"[ 0.          0.13657675  0.68380736 -2.85769755 -1.70658186  1.28812628
  0.96094269  2.52615663]","[ 0.00000000e+00  4.71564588e-04 -1.01016455e-01 -3.18179359e-05
 -2.02620919e-01  5.82893532e-05  6.62379032e-05  7.93646773e-06]","[ 0.          0.88779318 13.64272976 -0.17292076 -6.30604696  0.35198438
  0.26088414 -0.01841578]"
1747093067.0107327,"[ 0.          0.13657951  0.68359657 -2.85769755 -1.70698506  1.28812628
  0.96094269  2.52615663]","[ 0.00000000e+00  5.61218548e-04 -1.03717433e-01 -3.18179359e-05
 -2.04733888e-01  5.82887721e-05  6.62873661e-05  7.95440473e-06]","[ 0.          0.94324368 13.61953735 -0.12989175 -6.36316776  0.36619034
  0.26987979 -0.02716417]"
1747093067.0119004,"[ 0.          0.13658135  0.68349417 -2.85769755 -1.70720344  1.28812628
  0.96094269  2.52615663]","[ 0.00000000e+00  6.06069600e-04 -1.03717433e-01 -3.18179359e-05
 -2.05630141e-01  5.83328791e-05  6.61372301e-05  7.94246417e-06]","[ 0.          0.9448086  13.60190487 -0.10817534 -6.4017272   0.3807925
  0.25716743 -0.04361137]"
1747093067.0137432,"[ 0.          0.13658548  0.68328018 -2.85769755 -1.70760717  1.28812628
  0.96094269  2.52615663]","[ 0.00000000e+00  7.25227399e-04 -1.04973138e-01 -3.18179359e-05
 -2.05066100e-01  5.82887721e-05  6.62880244e-05  7.95448397e-06]","[ 0.          0.98351979 13.64663601 -0.08932726 -6.41711187  0.3981939
  0.23682608 -0.04164969]"
1747093067.015498,"[ 0.          0.13659054  0.68307632 -2.85769755 -1.7080141   1.28812628
  0.96094269  2.52615663]","[ 0.00000000e+00  1.10444593e-03 -1.02637038e-01 -3.18179359e-05
 -2.06894660e-01  5.83328791e-05  6.61378843e-05  7.94846874e-06]","[ 0.          1.06098473 13.69995975 -0.04384449 -6.4065547   0.39007038
  0.24325146 -0.04167506]"
1747093067.0172906,"[ 0.          0.13659329  0.68297718 -2.85769755 -1.70823355  1.28812628
  0.96094269  2.52615663]","[ 0.00000000e+00  1.48188621e-03 -1.00476258e-01 -3.71209245e-05
 -2.06633204e-01  4.76908124e-05  6.61872009e-05  7.94838950e-06]","[ 0.          1.09997404 13.73310375 -0.03597418 -6.41357899  0.37361139
  0.24537134 -0.05147761]"
1747093067.0190463,"[ 0.          0.13660017  0.68277099 -2.85769728 -1.70864048  1.28812628
  0.96094269  2.52615663]","[ 0.00000000e+00  2.58334246e-03 -1.00374458e-01 -3.44694302e-05
 -2.06685036e-01  4.77269018e-05  6.61872009e-05  7.95448397e-06]","[ 0.00000000e+00  1.13268888e+00  1.37647829e+01  1.10152829e-02
 -6.38118267e+00  3.61519128e-01  2.39134684e-01 -4.41578329e-02]"
1747093067.0207696,"[ 0.          0.13660431  0.68257398 -2.85769728 -1.70906765  1.28812628
  0.96094269  2.52615663]","[ 0.00000000e+00  3.15508830e-03 -1.00206163e-01 -3.44694302e-05
 -2.09946277e-01  4.76908124e-05  6.61872009e-05  7.94846874e-06]","[ 0.          1.16251934 13.79281998  0.02756429 -6.29550219  0.34837297
  0.22301741 -0.04908875]"
1747093067.0225096,"[ 0.          0.1366089   0.68247431 -2.85769728 -1.70927538  1.28812628
  0.96094176  2.52615663]","[ 0.00000000e+00  3.67002428e-03 -1.01016455e-01 -3.44433659e-05
 -2.10676033e-01  4.76908124e-05  5.82453112e-05  7.95448397e-06]","[ 0.          1.16674256 13.78538036  0.03425032 -6.24241066  0.34754264
  0.22069891 -0.03728703]"
1747093067.024235,"[ 0.          0.13661992  0.68227364 -2.85769728 -1.7096887   1.28812628
  0.96094176  2.52615663]","[ 0.00000000e+00  5.17885640e-03 -9.69649962e-02 -3.44694302e-05
 -2.09055449e-01  4.77269018e-05  5.82007654e-05  7.94838950e-06]","[ 0.          1.21207952 13.80696201  0.07020998 -6.15807962  0.34400597
  0.22667326 -0.04082004]"
1747093067.0253582,"[ 0.          0.13662589  0.68217817 -2.85769675 -1.70991027  1.28812628
  0.96094176  2.52615663]","[ 0.00000000e+00  5.61589153e-03 -9.66948934e-02 -2.91664395e-05
 -2.08639363e-01  4.77269018e-05  5.82007654e-05  7.94846874e-06]","[ 0.          1.21743286 13.83486843  0.07015059 -6.08774328  0.32199109
  0.22181869 -0.04958697]"
1747093067.0271623,"[ 0.          0.1366415   0.68198349 -2.85769675 -1.710322    1.28812628
  0.96094176  2.52615663]","[ 0.00000000e+00  7.67219259e-03 -9.38986908e-02 -2.91664395e-05
 -2.08843628e-01  4.77273772e-05  5.82447383e-05  7.95448397e-06]","[ 0.          1.2239753  13.86837196  0.06266622 -6.03152704  0.29727095
  0.21159476 -0.04447131]"
1747093067.0282915,"[ 0.          0.13664977  0.68189068 -2.85769675 -1.71054357  1.28812628
  0.96094176  2.52615663]","[ 0.00000000e+00  8.09881748e-03 -9.39939238e-02 -2.91661490e-05
 -2.08639363e-01  4.77273772e-05  5.82007654e-05  7.94846874e-06]","[ 0.          1.23279858 13.82156849  0.07727171 -5.99657059  0.28628013
  0.21099626 -0.04195049]"
1747093067.0300434,"[ 0.          0.13666997  0.68170199 -2.85769675 -1.71095264  1.28812628
  0.96094176  2.52615663]","[ 0.00000000e+00  1.08038994e-02 -9.64247990e-02 -2.91664395e-05
 -2.06894660e-01  4.77269018e-05  5.82007654e-05  7.95448397e-06]","[ 0.          1.24663913 13.80067444  0.07631107 -5.95721292  0.25915352
  0.22159845 -0.04197153]"
1747093067.031241,"[ 0.          0.13668237  0.68160053 -2.85769675 -1.71115823  1.28812628
  0.96094176  2.52615663]","[ 0.00000000e+00  1.17861180e-02 -9.54529033e-02 -2.91661490e-05
 -2.08515244e-01  4.77269018e-05  5.82447383e-05  7.95448397e-06]","[ 0.          1.26915956 13.84620762  0.08686195 -5.90621519  0.25640076
  0.2260672  -0.04970724]"
1747093067.0330274,"[ 0.          0.13670762  0.68141178 -2.85769675 -1.71158807  1.28812628
  0.96094176  2.52615663]","[ 0.00000000e+00  1.34911902e-02 -9.63271025e-02 -2.91664395e-05
 -2.10447350e-01  4.77269018e-05  5.82007654e-05  7.94854798e-06]","[ 0.          1.29279804 13.88510799  0.10201433 -5.81853914  0.24984686
  0.23508087 -0.0491422 ]"
1747093067.0348046,"[ 0.          0.13672141  0.68131624 -2.85769675 -1.71179739  1.28812535
  0.96094176  2.52615663]","[ 0.00000000e+00  1.30399602e-02 -9.69649962e-02 -2.91446766e-05
 -2.12296616e-01  3.71212943e-05  5.82007654e-05  7.95440473e-06]","[ 0.          1.31191075 13.87339306  0.09983927 -5.80651569  0.27196977
  0.22834288 -0.04501064]"
1747093067.0359573,"[ 0.          0.13674895  0.68112063 -2.85769675 -1.71223308  1.28812535
  0.96094176  2.52615663]","[ 0.00000000e+00  1.40450684e-02 -9.56145072e-02 -2.91664395e-05
 -2.13153189e-01  3.71209245e-05  5.82007654e-05  7.95448397e-06]","[ 0.          1.31396878 13.86737442  0.10970833 -5.74669504  0.26814446
  0.20167473 -0.01624949]"
1747093067.0377522,"[ 0.          0.13677834  0.68093054 -2.85769675 -1.71265759  1.28812535
  0.96094176  2.52615663]","[ 0.00000000e+00  1.48553612e-02 -9.57874546e-02 -2.91664395e-05
 -2.15537783e-01  3.70928568e-05  5.82007654e-05  7.95448397e-06]","[ 0.          1.27688813 13.86353207  0.1259146  -5.70158005  0.26329386
  0.20847192 -0.02376688]"
1747093067.0388649,"[ 0.          0.13679488  0.68083001 -2.85769675 -1.71287118  1.28812535
  0.96094176  2.52615663]","[ 0.00000000e+00  1.55330181e-02 -9.47904752e-02 -2.91446766e-05
 -2.16618177e-01  3.71209245e-05  5.82013384e-05  7.95440473e-06]","[ 0.          1.27509677 13.90565395  0.11528239 -5.67071295  0.26880533
  0.20591486 -0.02371379]"
1747093067.0411985,"[ 0.          0.13682656  0.68064492 -2.85769622 -1.71331433  1.28812535
  0.96094176  2.52615663]","[ 0.00000000e+00  1.62058481e-02 -9.39939238e-02 -2.38634509e-05
 -2.16663951e-01  3.71209245e-05  5.82007654e-05  7.94846874e-06]","[ 0.          1.28499568 13.88391972  0.08784594 -5.66163254  0.2536585
  0.21573232 -0.02666299]"
1747093067.0423398,"[ 0.          0.13684217  0.68055171 -2.85769622 -1.71352791  1.28812535
  0.96094176  2.52615663]","[ 0.00000000e+00  1.59357516e-02 -9.45341127e-02 -2.38634509e-05
 -2.16618177e-01  3.71490329e-05  5.82007654e-05  7.95448397e-06]","[ 0.          1.26489902 13.83778763  0.0726458  -5.66833735  0.2569916
  0.2103297  -0.02833529]"
1747093067.0440342,"[ 0.          0.13687523  0.68035703 -2.85769622 -1.71395402  1.28812535
  0.96094176  2.52615663]","[ 0.00000000e+00  1.62058481e-02 -9.54529033e-02 -2.38634509e-05
 -2.15319404e-01  3.71209245e-05  5.82007654e-05  7.95448397e-06]","[ 0.          1.25093472 13.81319427  0.04490947 -5.68300724  0.27142176
  0.21846537 -0.03919155]"
1747093067.0457726,"[ 0.          0.13689038  0.68016322 -2.85769675 -1.7143993   1.28812535
  0.96094176  2.52615663]","[ 0.00000000e+00  1.53799571e-02 -9.88556741e-02 -2.38634509e-05
 -2.17477996e-01  3.71490329e-05  5.82007654e-05  7.95456321e-06]","[ 0.          1.24709213 13.77793503  0.04713769 -5.7475996   0.28003809
  0.23390111 -0.03425115]"
1747093067.0468738,"[ 0.          0.13692161  0.68005989 -2.85769675 -1.71461502  1.28812535
  0.96094176  2.52615663]","[ 0.00000000e+00  1.53955564e-02 -9.72981660e-02 -2.38634509e-05
 -2.18778950e-01  3.71209245e-05  4.76188043e-05  7.95448397e-06]","[ 0.          1.25290382 13.81993675  0.0480907  -5.77339172  0.29100445
  0.23999095 -0.03660405]"
1747093067.0502715,"[ 0.          0.13695467  0.67986887 -2.85769622 -1.71506615  1.28812535
  0.96094176  2.52615663]","[ 0.00000000e+00  1.72862385e-02 -9.69649962e-02 -1.85604623e-05
 -2.21177776e-01  3.71209245e-05  4.76188043e-05  7.94846874e-06]","[ 0.          1.25005198 13.83642006  0.01853081 -5.77702141  0.31469753
  0.23900656 -0.02954502]"
1747093067.0547845,"[ 0.          0.13706993  0.67938398 -2.85769622 -1.71620972  1.28812535
  0.96094176  2.52615663]","[ 0.00000000e+00  2.75499417e-02 -9.45341127e-02 -1.32574726e-05
 -2.22334819e-01  2.65350217e-05  4.76192757e-05  7.95448397e-06]","[ 0.00000000e+00  1.16580462e+00  1.37544632e+01 -8.23126175e-03
 -5.84187937e+00  3.29616874e-01  2.54063100e-01 -4.24089730e-02]"
1747093067.059359,"[ 0.          0.13722421  0.67887565 -2.85769675 -1.71734262  1.28812535
  0.96094176  2.5261577 ]","[ 0.00000000e+00  3.13313079e-02 -1.02718348e-01 -1.06059783e-05
 -2.28810595e-01  2.65149452e-05  3.70092754e-05  1.85604623e-05]","[ 0.          1.03946269 13.69452477 -0.11856665 -5.71071005  0.33497328
  0.26260692 -0.01472141]"
1747093067.0634146,"[ 0.          0.13734498  0.67845966 -2.85769675 -1.71826514  1.28812535
  0.96094176  2.5261577 ]","[ 0.00000000e+00  2.90891406e-02 -1.06148308e-01 -5.30298914e-06
 -2.29582862e-01  2.65149452e-05  2.90784288e-05  1.85604623e-05]","[ 0.          0.94345194 13.65283585 -0.16243742 -5.64899874  0.31249112
  0.26700565 -0.03297998]"
1747093067.0674272,"[ 0.          0.13746437  0.67801332 -2.85769675 -1.71917648  1.28812535
  0.96094176  2.5261577 ]","[ 0.00000000e+00  3.13313079e-02 -1.14521328e-01  0.00000000e+00
 -2.27422073e-01  2.65149452e-05  1.85044548e-05  1.85604623e-05]","[ 0.          0.81962347 13.66012383 -0.2488298  -5.70020676  0.30098274
  0.29969373 -0.02510837]"
1747093067.0709019,"[ 0.          0.13755896  0.67777909 -2.85769675 -1.71987156  1.28812535
  0.96094176  2.5261577 ]","[ 0.00000000e+00  3.07911127e-02 -1.13981131e-01  5.30293632e-06
 -2.28485689e-01  1.85745164e-05  1.05819570e-05  1.85604623e-05]","[ 0.          0.70739043 13.72650814 -0.3037802  -5.70222378  0.32831812
  0.32012403 -0.02614503]"
1747093067.0743916,"[ 0.          0.13768019  0.67733368 -2.85769675 -1.72057038  1.28812535
  0.96094176  2.5261577 ]","[ 0.00000000e+00  2.97107224e-02 -1.08579183e-01  7.95448397e-06
 -2.29920417e-01  0.00000000e+00  0.00000000e+00  1.85464284e-05]","[ 0.00000000e+00  6.11389041e-01  1.38225212e+01 -3.41493249e-01
 -5.75209427e+00  3.46581638e-01  2.72671968e-01 -8.78335908e-03]"
1747093067.078578,"[ 0.          0.13781106  0.67691583 -2.85769675 -1.72148331  1.28812535
  0.96094176  2.5261577 ]","[ 0.00000000e+00  3.53469179e-02 -1.02741243e-01  7.95440473e-06
 -2.25801489e-01  0.00000000e+00  0.00000000e+00  1.85604623e-05]","[ 0.00000000e+00  4.96441871e-01  1.37101679e+01 -3.48903537e-01
 -5.80948210e+00  3.26425701e-01  2.91654527e-01 -7.73450825e-03]"
1747093067.0815485,"[ 0.          0.13793091  0.67660637 -2.85769728 -1.72217094  1.28812535
  0.96094176  2.5261577 ]","[ 0.00000000e+00  4.10548170e-02 -1.02907141e-01  2.64748806e-06
 -2.26694680e-01  0.00000000e+00  0.00000000e+00  1.85464284e-05]","[ 0.00000000e+00  4.00978893e-01  1.36522293e+01 -3.79992992e-01
 -5.81194544e+00  3.47631186e-01  3.03750902e-01 -1.32543538e-02]"
1747093067.0851269,"[ 0.          0.13805856  0.67619171 -2.85769755 -1.72307641  1.28812535
  0.96094176  2.5261577 ]","[ 0.00000000e+00  4.18783330e-02 -1.03342518e-01  0.00000000e+00
 -2.22682395e-01  0.00000000e+00  0.00000000e+00  1.85186086e-05]","[ 0.          0.25972405 13.52770424 -0.45362568 -5.83842897  0.36041531
  0.29297319 -0.01999244]"
1747093067.0880752,"[ 0.          0.13823213  0.675873   -2.85769755 -1.72372835  1.28812535
  0.96094176  2.5261577 ]","[ 0.00000000e+00  4.46367853e-02 -1.06688505e-01  0.00000000e+00
 -2.19859344e-01  0.00000000e+00 -1.05819570e-05  1.85184257e-05]","[ 0.          0.11435325 13.41485691 -0.51246566 -5.94698     0.34102291
  0.30962199 -0.01731099]"
1747093067.090437,"[ 0.          0.13831755  0.67565582 -2.85769755 -1.72417523  1.28812535
  0.96094176  2.5261577 ]","[ 0.00000000e+00  4.29019855e-02 -1.10469869e-01  0.00000000e+00
 -2.17667030e-01 -1.05900569e-05 -1.05820616e-05  1.85184257e-05]","[ 0.00000000e+00  6.98778182e-02  1.34489422e+01 -5.48742592e-01
 -6.01754093e+00  3.59720379e-01  3.24614108e-01 -4.33114544e-03]"
1747093067.0927663,"[ 0.          0.13843096  0.67532199 -2.85769755 -1.72482131  1.28812535
  0.96094176  2.5261577 ]","[ 0.00000000e+00  3.48425735e-02 -1.09389475e-01  0.00000000e+00
 -2.19319155e-01 -1.05819570e-05 -1.05819570e-05  1.05819570e-05]","[ 0.00000000e+00 -4.69009299e-03  1.35004845e+01 -5.97550929e-01
 -6.09421921e+00  4.12266254e-01  3.16754550e-01  1.87963061e-02]"
1747093067.094539,"[ 0.          0.13849387  0.67510068 -2.85769755 -1.72526926  1.28812535
  0.96094176  2.5261577 ]","[ 0.00000000e+00  3.13313079e-02 -1.08081205e-01  0.00000000e+00
 -2.18238761e-01 -1.05819570e-05 -1.05819570e-05  1.05819570e-05]","[ 0.00000000e+00 -4.37631197e-02  1.35158663e+01 -5.98109603e-01
 -6.14099503e+00  4.08280700e-01  3.15954238e-01 -6.20142696e-03]"
1747093067.096947,"[ 0.          0.13855495  0.6748867  -2.85769755 -1.72569962  1.28812535
  0.96094176  2.5261577 ]","[ 0.00000000e+00  2.94107963e-02 -1.07498797e-01  5.29497611e-06
 -2.18238761e-01 -1.05899522e-05 -1.05820616e-05  1.05820616e-05]","[ 0.         -0.04803939 13.49408627 -0.60197455 -6.18083     0.39907661
  0.338137   -0.0231657 ]"
1747093067.0993052,"[ 0.          0.13861143  0.67466672 -2.85769808 -1.72614704  1.28812535
  0.96094176  2.5261577 ]","[ 0.00000000e+00  2.83602355e-02 -1.07328904e-01 -5.29497611e-06
 -2.18965454e-01 -1.05819570e-05 -1.05819570e-05  1.05899522e-05]","[ 0.00000000e+00 -7.30088428e-02  1.34442110e+01 -6.11280501e-01
 -6.16290140e+00  4.12863791e-01  3.38147879e-01 -1.19516235e-02]"
1747093067.1016455,"[ 0.          0.13866837  0.67445686 -2.85769808 -1.72657421  1.28812535
  0.96094176  2.5261577 ]","[ 0.00000000e+00  2.75499417e-02 -1.06148308e-01 -5.29097849e-06
 -2.16077989e-01 -1.05819570e-05 -1.05819570e-05  1.05819570e-05]","[ 0.00000000e+00 -9.60942283e-02  1.34152012e+01 -6.25567615e-01
 -6.09696388e+00  4.01272535e-01  3.33928943e-01 -5.85638080e-03]"
1747093067.1045837,"[ 0.          0.13871979  0.67423782 -2.85769808 -1.72701629  1.28812535
  0.96094176  2.5261577 ]","[ 0.00000000e+00  2.51190644e-02 -1.07227937e-01 -5.29497611e-06
 -2.16162411e-01 -1.05899522e-05 -1.05819570e-05  1.05820616e-05]","[ 0.00000000e+00 -1.35220781e-01  1.33902416e+01 -6.25797987e-01
 -6.05284643e+00  3.93065810e-01  3.35738212e-01  9.09242779e-03]"
1747093067.1061943,"[ 0.          0.13878822  0.67391551 -2.85769862 -1.72765225  1.28812535
  0.96094176  2.5261577 ]","[ 0.00000000e+00  2.10676037e-02 -1.10739964e-01 -1.05819570e-05
 -2.14457388e-01 -1.05899522e-05 -1.05819570e-05  1.05819570e-05]","[ 0.00000000e+00 -1.12277858e-01  1.33384647e+01 -6.15647614e-01
 -5.98100424e+00  3.93223912e-01  3.42733979e-01 -9.06382781e-03]"
1747093067.1083868,"[ 0.          0.13882587  0.67368408 -2.85769862 -1.72808635  1.28812535
  0.96094176  2.5261577 ]","[ 0.00000000e+00  1.91574909e-02 -1.13848880e-01 -1.05899522e-05
 -2.11216222e-01 -1.05899522e-05 -1.05820616e-05  1.05739739e-05]","[ 0.00000000e+00 -1.25365481e-01  1.33440056e+01 -6.25090182e-01
 -5.95322561e+00  3.84039849e-01  3.34341913e-01 -8.57061893e-03]"
1747093067.1101468,"[ 0.          0.1388626   0.67345172 -2.85769862 -1.7285002   1.28812535
  0.96094176  2.5261577 ]","[ 0.00000000e+00  1.72862385e-02 -1.17762503e-01 -1.05820616e-05
 -2.08515244e-01 -1.05899522e-05 -1.05819570e-05  1.05820616e-05]","[ 0.00000000e+00 -1.08127795e-01  1.34067554e+01 -6.46007121e-01
 -5.92058897e+00  3.77569854e-01  3.26541603e-01 -1.25838816e-03]"
1747093067.111844,"[ 0.          0.13889613  0.67321889 -2.85769862 -1.72892258  1.28812535
  0.96094176  2.5261577 ]","[ 0.00000000e+00  1.62058481e-02 -1.17762503e-01 -1.05899522e-05
 -2.05128601e-01 -1.05819570e-05 -1.05819570e-05  1.05740785e-05]","[ 0.00000000e+00 -9.51867029e-02  1.34990683e+01 -6.48200214e-01
 -5.95267773e+00  3.60866934e-01  2.99383223e-01 -8.29790533e-03]"
1747093067.1136277,"[ 0.          0.13891311  0.67309353 -2.85769862 -1.72912498  1.28812535
  0.96094176  2.5261577 ]","[ 0.00000000e+00  1.60491814e-02 -1.18111943e-01 -1.05819570e-05
 -2.05274077e-01 -1.05819570e-05 -1.05979587e-05  1.05739739e-05]","[ 0.00000000e+00 -1.07810698e-01  1.35288153e+01 -6.49314702e-01
 -5.97790718e+00  3.51116061e-01  2.93142527e-01 -1.08458847e-02]"
1747093067.1153693,"[ 0.          0.1389425   0.67286669 -2.85769862 -1.72952765  1.28812535
  0.96094176  2.5261577 ]","[ 0.00000000e+00  1.48403102e-02 -1.14405297e-01 -1.05820616e-05
 -2.03447148e-01 -1.05899522e-05 -1.05819570e-05  1.05819570e-05]","[ 0.00000000e+00 -7.85126612e-02  1.36151705e+01 -6.22109830e-01
 -6.06710911e+00  3.74676138e-01  3.08321446e-01 -4.42230981e-03]"
1747093067.117079,"[ 0.          0.13897051  0.67264585 -2.85769888 -1.7299447   1.28812628
  0.96094176  2.5261577 ]","[ 0.00000000e+00  1.32907280e-02 -1.10739964e-01 -1.32374398e-05
 -2.04193699e-01  0.00000000e+00 -1.05978530e-05  1.05819570e-05]","[ 0.         -0.06502285 13.64598751 -0.60666412 -6.13530493  0.39769262
  0.30353341 -0.03265533]"
1747093067.118272,"[ 0.          0.13898245  0.67253013 -2.85769888 -1.73014657  1.28812628
  0.96094176  2.5261577 ]","[ 0.00000000e+00  1.21543863e-02 -1.08936088e-01 -1.32274462e-05
 -2.04733888e-01  0.00000000e+00 -1.05979587e-05  1.05820616e-05]","[ 0.00000000e+00 -6.71614558e-02  1.36456060e+01 -6.18530929e-01
 -6.18087816e+00  4.26092178e-01  2.95359910e-01 -3.76704102e-03]"
1747093067.120015,"[ 0.          0.13900265  0.67231888 -2.85769888 -1.73055297  1.28812628
  0.96094176  2.5261577 ]","[ 0.00000000e+00  9.18331389e-03 -1.06148308e-01 -1.58849283e-05
 -2.05814282e-01  0.00000000e+00 -1.05979587e-05  1.05739739e-05]","[ 0.00000000e+00 -3.02808788e-02  1.36310368e+01 -6.29973471e-01
 -6.22721720e+00  4.43489134e-01  2.89959908e-01 -1.01628955e-02]"
1747093067.121197,"[ 0.          0.13901093  0.67221648 -2.85769888 -1.73077188  1.28812628
  0.96094176  2.5261577 ]","[ 0.00000000e+00  7.76650907e-03 -1.03717433e-01 -1.58849283e-05
 -2.06131681e-01  0.00000000e+00 -1.05979587e-05  1.05819570e-05]","[ 0.00000000e+00 -1.73005313e-02  1.36270008e+01 -6.21829748e-01
 -6.19379139e+00  4.56305236e-01  3.00642192e-01 -6.86922437e-03]"
1747093067.1229346,"[ 0.          0.13902149  0.67200709 -2.85769942 -1.73117402  1.28812628
  0.96094176  2.5261577 ]","[ 0.00000000e+00  4.32155961e-03 -1.00914106e-01 -2.11801137e-05
 -2.03653493e-01  0.00000000e+00  0.00000000e+00  1.05740785e-05]","[ 0.00000000e+00  1.07427770e-02  1.35730190e+01 -5.99597275e-01
 -6.13904667e+00  4.36171561e-01  3.00311089e-01 -7.34942965e-03]"
1747093067.1246576,"[ 0.          0.13902424  0.67181468 -2.85769942 -1.73157402  1.28812628
  0.96094176  2.5261577 ]","[ 0.00000000e+00  5.01536919e-04 -9.64247990e-02 -2.11799045e-05
 -2.02032910e-01  0.00000000e+00  0.00000000e+00  1.05819570e-05]","[ 0.00000000e+00  6.27423525e-02  1.34765158e+01 -6.00582480e-01
 -6.12069035e+00  3.97487432e-01  3.03827465e-01  6.46581268e-03]"
1747093067.126452,"[ 0.          0.13902377  0.67171141 -2.85769942 -1.73178548  1.28812628
  0.96094176  2.5261577 ]","[ 0.00000000e+00 -5.40194952e-04 -9.72981660e-02 -2.64748795e-05
 -1.99110157e-01  0.00000000e+00  0.00000000e+00  1.05819570e-05]","[ 0.00000000e+00  9.95166302e-02  1.33912449e+01 -5.99162757e-01
 -6.11802721e+00  3.78773481e-01  3.06459248e-01 -1.16093159e-02]"
1747093067.128108,"[ 0.          0.1390224   0.67151667 -2.85769942 -1.73217483  1.28812628
  0.96094176  2.5261577 ]","[ 0.00000000e+00 -6.30014448e-04 -9.96659659e-02 -2.64746154e-05
 -1.97171159e-01  0.00000000e+00  0.00000000e+00  1.05739739e-05]","[ 0.00000000e+00  1.73480630e-01  1.32654190e+01 -5.80198586e-01
 -6.05749846e+00  3.56933922e-01  2.97778428e-01 -5.72310667e-03]"
1747093067.1298647,"[ 0.          0.13902377  0.67131007 -2.85769942 -1.73258017  1.28812628
  0.96094176  2.5261577 ]","[ 0.00000000e+00  4.38886152e-04 -1.06958600e-01 -2.64748795e-05
 -1.98107077e-01  0.00000000e+00  0.00000000e+00  1.05819570e-05]","[ 0.00000000e+00  2.37064138e-01  1.32025070e+01 -5.66298306e-01
 -5.99486160e+00  3.50003809e-01  2.89883733e-01  6.00309903e-03]"
1747093067.1316473,"[ 0.          0.13902424  0.67119436 -2.85769942 -1.73277458  1.28812628
  0.96094176  2.5261577 ]","[ 0.00000000e+00  4.63734531e-04 -1.08833515e-01 -2.64548924e-05
 -1.97171159e-01  0.00000000e+00  0.00000000e+00  1.05820616e-05]","[ 0.00000000e+00  2.63499081e-01  1.31890812e+01 -5.36625922e-01
 -5.97674084e+00  3.49690586e-01  2.90847242e-01  7.53877172e-03]"
1747093067.1329122,"[ 0.          0.13902377  0.67097804 -2.85769942 -1.7331634   1.28812628
  0.96094176  2.5261577 ]","[ 0.00000000e+00  2.61967439e-04 -1.10739964e-01 -2.64748795e-05
 -1.97171159e-01  0.00000000e+00  0.00000000e+00  1.05739739e-05]","[ 0.00000000e+00  3.30744237e-01  1.31536980e+01 -4.78740156e-01
 -5.94504166e+00  3.57094824e-01  2.85306066e-01 -8.79459176e-03]"
1747093067.1350932,"[ 0.          0.13902377  0.67075121 -2.85769942 -1.73356554  1.28812628
  0.96094176  2.5261577 ]","[ 0.00000000e+00  0.00000000e+00 -1.10357942e-01 -2.64748795e-05
 -1.96090765e-01  1.05899522e-05  0.00000000e+00  1.05820616e-05]","[ 0.00000000e+00  4.00940239e-01  1.31525116e+01 -4.41339165e-01
 -5.96144629e+00  3.52074534e-01  2.83597678e-01 -1.18572116e-02]"
1747093067.136354,"[ 0.          0.13902424  0.67064149 -2.85769942 -1.73375888  1.28812628
  0.96094176  2.5261577 ]","[ 0.00000000e+00  8.88757274e-05 -1.11280161e-01 -2.64748795e-05
 -1.96090765e-01  1.05819570e-05  0.00000000e+00  1.05740785e-05]","[ 0.          0.46073574 13.14678192 -0.44813222 -6.01045132  0.34358415
  0.30204135 -0.02211839]"
1747093067.1380057,"[ 0.          0.1390247   0.67041099 -2.85769995 -1.73414131  1.28812628
  0.96094176  2.5261577 ]","[ 0.00000000e+00  9.93593235e-05 -1.12344269e-01 -3.17698567e-05
 -1.92849598e-01  1.05820616e-05  0.00000000e+00  1.05819570e-05]","[ 0.          0.49717456 13.13008404 -0.42539668 -6.11609554  0.34402603
  0.30449134 -0.01650404]"
1747093067.1411953,"[ 0.          0.13902424  0.67029987 -2.85769995 -1.73434584  1.28812628
  0.96094176  2.5261577 ]","[ 0.00000000e+00  0.00000000e+00 -1.12630650e-01 -3.17698567e-05
 -1.92590173e-01  1.05899522e-05  0.00000000e+00  1.05739739e-05]","[ 0.          0.54668164 13.13265324 -0.39865264 -6.12821627  0.34705475
  0.30028871 -0.01821733]"
1747093067.142903,"[ 0.          0.1390247   0.66996005 -2.85769942 -1.73491629  1.28812628
  0.96094176  2.5261577 ]","[ 0.00000000e+00  4.80888602e-05 -1.11090428e-01 -3.17698567e-05
 -1.93389787e-01  1.05820616e-05  0.00000000e+00  1.05820616e-05]","[ 0.          0.68550736 13.16302395 -0.39191863 -6.0980401   0.36237517
  0.26451436 -0.01895308]"
1747093067.1470525,"[ 0.          0.13902561  0.66952655 -2.85769995 -1.73569873  1.28812628
  0.96094176  2.5261577 ]","[ 0.00000000e+00  9.43713986e-05 -1.08038994e-01 -3.17698567e-05
 -1.94812797e-01  1.05819570e-05  0.00000000e+00  1.05820616e-05]","[ 0.00000000e+00  7.71004021e-01  1.31820202e+01 -3.04522336e-01
 -6.05532789e+00  3.53468686e-01  2.90555656e-01  1.02505023e-02]"
1747093067.1516964,"[ 0.          0.139027    0.66897415 -2.85769942 -1.73667984  1.28812628
  0.96094176  2.5261577 ]","[ 0.00000000e+00  2.18432557e-04 -1.10739964e-01 -3.17698567e-05
 -1.90082490e-01  1.05899522e-05  0.00000000e+00  1.05739739e-05]","[ 0.00000000e+00  9.19607639e-01  1.31463995e+01 -1.93735585e-01
 -5.98219061e+00  3.02052945e-01  2.64184445e-01 -8.01301139e-05]"
1747093067.155057,"[ 0.          0.13902791  0.66863526 -2.85769942 -1.73724176  1.28812628
  0.96094176  2.5261577 ]","[ 0.00000000e+00  2.23783294e-04 -1.12344269e-01 -3.17698567e-05
 -1.89608431e-01  1.05819570e-05  0.00000000e+00  1.05819570e-05]","[ 0.00000000e+00  9.96029794e-01  1.31641655e+01 -1.56195834e-01
 -5.93952608e+00  3.08036655e-01  2.39688054e-01 -4.08155192e-03]"
1747093067.1578596,"[ 0.          0.13902883  0.66830556 -2.85769942 -1.73781861  1.28812628
  0.96094176  2.5261577 ]","[ 0.00000000e+00  2.14679408e-04 -1.12360547e-01 -3.17938749e-05
 -1.90688826e-01  1.05819570e-05  0.00000000e+00  1.05739739e-05]","[ 0.          1.04834831 13.12712097 -0.09754758 -5.92758656  0.32848811
  0.2475145  -0.01604262]"
1747093067.1601393,"[ 0.          0.13902975  0.66796807 -2.85769888 -1.73839758  1.28812628
  0.96094176  2.52615876]","[ 0.00000000e+00  2.18688145e-04 -1.11820358e-01 -2.11799045e-05
 -1.90688826e-01  1.05819570e-05  0.00000000e+00  1.05739739e-05]","[ 0.          1.06672454 13.08415413 -0.0392875  -6.00044537  0.31284943
  0.25282139 -0.01865728]"
1747093067.1623824,"[ 0.          0.13903067  0.66774949 -2.85769888 -1.73877042  1.28812628
  0.96094176  2.52615876]","[ 0.00000000e+00  2.32627430e-04 -1.10469869e-01 -2.11799045e-05
 -1.88528036e-01  1.05820616e-05  0.00000000e+00  1.05820616e-05]","[ 0.00000000e+00  1.10290265e+00  1.30762968e+01 -2.37877611e-02
 -6.04933167e+00  3.16191554e-01  2.48703212e-01  6.67581614e-03]"
1747093067.1646514,"[ 0.          0.13903158  0.66752219 -2.85769888 -1.73915658  1.28812628
  0.96094083  2.52615876]","[ 0.00000000e+00  2.54960565e-04 -1.10739964e-01 -2.11799045e-05
 -1.89580950e-01  1.05819570e-05 -1.06059783e-05  1.05739739e-05]","[ 0.00000000e+00  1.12828887e+00  1.30705643e+01  4.48201364e-03
 -6.04275227e+00  3.20495069e-01  2.34871447e-01  1.65961459e-02]"
1747093067.1669128,"[ 0.          0.13903251  0.66719529 -2.85769888 -1.73971265  1.28812628
  0.96094083  2.52615876]","[ 0.00000000e+00  2.65118516e-04 -1.08081205e-01 -2.11801137e-05
 -1.86718086e-01  1.05820616e-05 -1.06059783e-05  1.05739739e-05]","[ 0.          1.15562439 13.03694916  0.0468188  -6.0572505   0.3190712
  0.24108066  0.02081557]"
1747093067.1685781,"[ 0.          0.13903342  0.66708916 -2.85769888 -1.73991185  1.28812628
  0.96094083  2.52615876]","[ 0.00000000e+00  3.10839241e-04 -1.07498797e-01 -2.11799045e-05
 -1.87574808e-01  1.05820616e-05 -1.06059783e-05  1.05739739e-05]","[ 0.          1.16514993 12.97764778  0.05233365 -6.05589342  0.31465787
  0.2424233   0.01620269]"
1747093067.1702595,"[ 0.          0.13903434  0.66687338 -2.85769888 -1.74028576  1.28812628
  0.96094083  2.52615876]","[ 0.00000000e+00  3.25370958e-04 -1.10199767e-01 -2.11801137e-05
 -1.90688826e-01  1.05819570e-05 -1.06059783e-05  1.05819570e-05]","[ 0.00000000e+00  1.15743923e+00  1.29361658e+01  9.65765640e-02
 -6.05045414e+00  3.01876813e-01  2.42056221e-01  2.25861883e-03]"
1747093067.1719463,"[ 0.          0.13903526  0.66664655 -2.85769888 -1.74067405  1.28812628
  0.96094083  2.52615876]","[ 0.00000000e+00  3.29370479e-04 -1.10199767e-01 -2.11799045e-05
 -1.89402619e-01  1.05899522e-05 -1.06058726e-05  1.05739739e-05]","[ 0.00000000e+00  1.17356336e+00  1.28713970e+01  1.11313552e-01
 -5.99081373e+00  2.98664540e-01  2.24894479e-01  2.52680643e-03]"
1747093067.1736703,"[ 0.          0.13903572  0.66653769 -2.85769888 -1.74085994  1.28812628
  0.96094083  2.52615876]","[ 0.00000000e+00  3.45437318e-04 -1.10469869e-01 -2.11799045e-05
 -1.88528036e-01  1.05820616e-05 -1.06059783e-05  1.05820616e-05]","[ 0.00000000e+00  1.18629193e+00  1.28804684e+01  1.09325588e-01
 -5.95531082e+00  2.92503864e-01  2.36003757e-01 -2.95860739e-03]"
1747093067.174842,"[ 0.          0.13903663  0.66631818 -2.85769888 -1.74124077  1.28812628
  0.96094083  2.52615876]","[ 0.00000000e+00  3.56372111e-04 -1.11280161e-01 -2.11799045e-05
 -1.86070205e-01  1.05820616e-05 -1.05979587e-05  1.05739739e-05]","[ 0.00000000e+00  1.19710577e+00  1.28598747e+01  1.11566328e-01
 -5.90530920e+00  2.91003048e-01  2.41606519e-01 -8.33224447e-04]"
1747093067.176565,"[ 0.          0.1390371   0.66619787 -2.85769888 -1.74142399  1.28812628
  0.96094083  2.52615876]","[ 0.00000000e+00  3.53262955e-04 -1.13347340e-01 -2.11799045e-05
 -1.85827058e-01  1.05739739e-05 -1.06059783e-05  1.05739739e-05]","[ 0.00000000e+00  1.20641065e+00  1.28274155e+01  1.06760561e-01
 -5.86415911e+00  2.83122718e-01  2.47649670e-01 -1.25678685e-02]"
1747093067.1783254,"[ 0.          0.13903801  0.66596737 -2.85769862 -1.74178831  1.28812628
  0.96094083  2.52615876]","[ 0.00000000e+00  3.73313515e-04 -1.16833709e-01 -1.85604623e-05
 -1.84746681e-01  1.05819570e-05 -1.06058726e-05  1.05819570e-05]","[ 0.          1.20555639 12.81038857  0.08720905 -5.86673212  0.2724179
  0.23932229 -0.02593426]"
1747093067.179437,"[ 0.          0.13903847  0.66584154 -2.85769862 -1.74196781  1.28812628
  0.96094083  2.52615876]","[ 0.00000000e+00  3.70641088e-04 -1.18362713e-01 -1.85324169e-05
 -1.82045703e-01  1.05820616e-05 -1.05978530e-05  1.05820616e-05]","[ 0.          1.21037865 12.82081604  0.08063315 -5.89384365  0.26063102
  0.24428044 -0.02255414]"
1747093067.1813114,"[ 0.          0.13903939  0.66560325 -2.85769862 -1.74233905  1.28812535
  0.96094083  2.52615876]","[ 0.00000000e+00  3.83861447e-04 -1.21543868e-01 -1.32675109e-05
 -1.80965308e-01  0.00000000e+00 -1.06059783e-05  1.05820616e-05]","[ 0.          1.20804155 12.82520008  0.08326346 -5.93477011  0.26816934
  0.22819853 -0.01758872]"
1747093067.182406,"[ 0.          0.13903985  0.66548248 -2.85769862 -1.74251802  1.28812535
  0.96094083  2.52615876]","[ 0.00000000e+00  3.87799362e-04 -1.22624254e-01 -1.32675109e-05
 -1.81505497e-01  0.00000000e+00 -1.06059783e-05  1.05819570e-05]","[ 0.00000000e+00  1.18486285e+00  1.28467093e+01  9.28544179e-02
 -5.89887142e+00  2.59552598e-01  2.17487842e-01 -8.85933079e-03]"
1747093067.1841726,"[ 0.          0.13904123  0.66522715 -2.85769862 -1.74289193  1.28812535
  0.96094083  2.52615876]","[ 0.00000000e+00  4.00835067e-04 -1.25384229e-01 -1.32574726e-05
 -1.82229494e-01  0.00000000e+00 -1.06059783e-05  1.05739739e-05]","[ 0.00000000e+00  1.17152870e+00  1.29446564e+01  1.12967990e-01
 -5.88982725e+00  2.75701195e-01  2.34035909e-01  6.94951415e-03]"
1747093067.1853518,"[ 0.          0.13904168  0.66510504 -2.85769862 -1.74307196  1.28812535
  0.96094083  2.52615876]","[ 0.00000000e+00  4.04092823e-04 -1.23579305e-01 -1.32675109e-05
 -1.82400902e-01  0.00000000e+00 -1.06060839e-05  1.05819570e-05]","[ 0.00000000e+00  1.15733993e+00  1.30088615e+01  1.10216707e-01
 -5.89313889e+00  2.83316046e-01  2.42772147e-01 -1.13362120e-02]"
1747093067.1871254,"[ 0.          0.13904307  0.66485797 -2.85769862 -1.74343255  1.28812535
  0.96094083  2.52615876]","[ 0.00000000e+00  4.16730615e-04 -1.25865421e-01 -1.06059783e-05
 -1.83126081e-01  0.00000000e+00 -1.05979587e-05  1.05980643e-05]","[ 0.00000000e+00  1.19327664e+00  1.30548468e+01  1.11671560e-01
 -5.92506218e+00  3.00358266e-01  2.31994942e-01  5.46369655e-03]"
1747093067.1883638,"[ 0.          0.13904398  0.66472481 -2.85769862 -1.74362856  1.28812535
  0.96094083  2.52615876]","[ 0.00000000e+00  4.46090633e-04 -1.25384229e-01 -1.06059783e-05
 -1.84565586e-01  0.00000000e+00 -1.05979587e-05  1.05899522e-05]","[ 0.00000000e+00  1.21164775e+00  1.30540628e+01  1.02981500e-01
 -5.91896248e+00  3.02706301e-01  2.19221994e-01 -3.91140627e-03]"
1747093067.1900837,"[ 0.          0.13904491  0.66447134 -2.85769862 -1.74399341  1.28812535
  0.96094083  2.52615876]","[ 0.00000000e+00  4.60633762e-04 -1.29376690e-01 -1.06140091e-05
 -1.85099133e-01  0.00000000e+00 -1.05899522e-05  1.05979587e-05]","[ 0.00000000e+00  1.21090436e+00  1.30962400e+01  9.19061154e-02
 -5.95357561e+00  2.95374691e-01  2.08282009e-01  1.21197198e-02]"
1747093067.1911857,"[ 0.          0.13904582  0.66433679 -2.85769862 -1.74417397  1.28812535
  0.96094083  2.52615876]","[ 0.00000000e+00  4.77103131e-04 -1.26638070e-01 -1.06059783e-05
 -1.83126081e-01  0.00000000e+00 -1.05820616e-05  1.05899522e-05]","[ 0.00000000e+00  1.20916486e+00  1.31472940e+01  8.23087245e-02
 -5.95100880e+00  3.04966122e-01  2.28854746e-01  5.38407778e-03]"
1747093067.1929805,"[ 0.          0.13904674  0.66408838 -2.85769808 -1.74454788  1.28812535
  0.96094083  2.52615876]","[ 0.00000000e+00  4.97195726e-04 -1.24785034e-01 -5.30298914e-06
 -1.82057903e-01  0.00000000e+00 -1.05900569e-05  1.05980643e-05]","[ 0.00000000e+00  1.20557857e+00  1.31818762e+01  8.35856870e-02
 -5.97619438e+00  3.04959685e-01  2.47658670e-01 -3.41060618e-03]"
1747093067.1962287,"[ 0.          0.13904766  0.66396714 -2.85769808 -1.74472738  1.28812535
  0.96094083  2.52615876]","[ 0.00000000e+00  5.20930141e-04 -1.22894348e-01 -5.30298914e-06
 -1.82045703e-01  0.00000000e+00 -1.05899522e-05  1.05979587e-05]","[ 0.          1.20474744 13.1856823   0.07207488 -5.94073057  0.31399083
  0.24617864 -0.01591332]"
1747093067.2004275,"[ 0.          0.13905133  0.66321273 -2.85769808 -1.74580809  1.28812535
  0.96093983  2.52615876]","[ 0.00000000e+00  5.61023427e-04 -1.26675712e-01  0.00000000e+00
 -1.82045703e-01  0.00000000e+00 -1.85182388e-05  1.05900569e-05]","[ 0.          1.15214181 13.22325039  0.08425815 -5.92177439  0.32579708
  0.26059401  0.01984846]"
1747093067.203987,"[ 0.          0.13905363  0.66269748 -2.85769808 -1.74654845  1.28812535
  0.96093983  2.52615876]","[ 0.00000000e+00  5.79234221e-04 -1.28975785e-01  0.00000000e+00
 -1.84206475e-01  0.00000000e+00 -1.85186086e-05  1.05979587e-05]","[ 0.          1.13577008 13.24897957  0.08737164 -5.73246431  0.30472955
  0.24033533  0.03005206]"
1747093067.208055,"[ 0.          0.13905454  0.66216025 -2.85769808 -1.74729733  1.28812535
  0.96093983  2.52615876]","[ 0.00000000e+00  5.45513374e-04 -1.35665737e-01  5.30298914e-06
 -1.86718086e-01  0.00000000e+00 -1.85184257e-05  1.05979587e-05]","[ 0.          1.07578731 13.19020367  0.03355538 -5.70040512  0.27455261
  0.25251374  0.01716754]"
1747093067.2104392,"[ 0.          0.13905547  0.66189254 -2.85769808 -1.74767869  1.28812535
  0.96093983  2.52615876]","[ 0.00000000e+00  5.45495364e-04 -1.35588930e-01  5.30695172e-06
 -1.86367264e-01  0.00000000e+00 -1.85184257e-05  1.05979587e-05]","[ 0.00000000e+00  1.06319439e+00  1.31630468e+01  4.58900519e-02
 -5.70776653e+00  2.70138055e-01  2.48669848e-01  1.15844142e-02]"
1747093067.2128496,"[ 0.          0.13905592  0.66148387 -2.85769808 -1.74824062  1.28812535
  0.96093983  2.52615876]","[ 0.00000000e+00  5.28286636e-04 -1.33968346e-01  5.30700455e-06
 -1.92309409e-01  0.00000000e+00 -1.85184257e-05  1.05980643e-05]","[ 0.00000000e+00  1.03663695e+00  1.31522732e+01  3.35682891e-02
 -5.69053602e+00  2.61936545e-01  2.26401508e-01  9.44556296e-03]"
1747093067.2146003,"[ 0.          0.13905638  0.66121842 -2.85769808 -1.74863637  1.28812535
  0.96093983  2.52615876]","[ 0.00000000e+00  5.10910290e-04 -1.35185844e-01  5.30700455e-06
 -1.92849598e-01  0.00000000e+00 -1.85184257e-05  1.05899522e-05]","[ 0.          1.02455604 13.12244415  0.03570004 -5.66458321  0.28403074
  0.2336067   0.02849605]"
1747093067.2169342,"[ 0.          0.13905684  0.66107428 -2.85769808 -1.74882811  1.28812535
  0.96093983  2.52615876]","[ 0.00000000e+00  4.94444595e-04 -1.35538113e-01  5.30293632e-06
 -1.94273141e-01 -1.05979587e-05 -1.85184257e-05  1.05979587e-05]","[ 0.          1.00463891 13.10672474  0.0522491  -5.62932301  0.30698425
  0.23588236  0.02767636]"
1747093067.2187936,"[ 0.          0.13905684  0.66080057 -2.85769808 -1.74922546  1.28812535
  0.96093983  2.52615876]","[ 0.00000000e+00  4.70829618e-04 -1.39640388e-01  7.96050683e-06
 -1.94094792e-01 -1.05980643e-05 -1.85325998e-05  1.05978530e-05]","[ 0.          0.97345316 13.08535862  0.04868674 -5.63693666  0.29966268
  0.26543868  0.02407944]"
1747093067.220471,"[ 0.          0.1390573   0.66051222 -2.85769808 -1.74960629  1.28812535
  0.96093983  2.52615876]","[ 0.00000000e+00  4.36759394e-04 -1.41433411e-01  7.95448397e-06
 -1.92654205e-01 -1.06059783e-05 -1.85184257e-05  1.05979587e-05]","[ 0.00000000e+00  9.45469618e-01  1.30578222e+01  4.45711128e-02
 -5.61941767e+00  2.64522731e-01  2.69511968e-01  1.00847194e-02]"
1747093067.222299,"[ 0.          0.13905776  0.66022933 -2.85769808 -1.74999618  1.28812535
  0.96093983  2.52615876]","[ 0.00000000e+00  4.12049927e-04 -1.43961950e-01  1.32673788e-05
 -1.88901545e-01 -1.05979587e-05 -1.85324169e-05  1.05979587e-05]","[ 0.00000000e+00  9.16765451e-01  1.30742779e+01  4.10110727e-02
 -5.58072376e+00  2.61283040e-01  2.67213374e-01 -5.22141485e-03]"
1747093067.2240283,"[ 0.          0.13905822  0.65992626 -2.85769808 -1.75036955  1.28812535
  0.96093983  2.52615876]","[ 0.00000000e+00  3.90054759e-04 -1.48454936e-01  1.32574726e-05
 -1.90148620e-01 -1.06059783e-05 -1.85184257e-05  1.05978530e-05]","[ 0.00000000e+00  9.30608332e-01  1.31045160e+01  4.17841505e-03
 -5.61985445e+00  2.73748338e-01  2.65973836e-01  5.62126515e-03]"
1747093067.2252035,"[ 0.          0.13905822  0.65977978 -2.85769808 -1.75057142  1.28812535
  0.96093983  2.52615876]","[ 0.00000000e+00  3.73468324e-04 -1.48553606e-01  1.32574726e-05
 -1.90082490e-01 -1.05980643e-05 -1.85186086e-05  1.05980643e-05]","[ 0.00000000e+00  9.03737903e-01  1.30886927e+01 -1.39294863e-02
 -5.64720011e+00  2.77100235e-01  2.51168877e-01 -3.14574922e-03]"
1747093067.2269244,"[ 0.          0.13905868  0.6594887  -2.85769808 -1.75094905  1.28812535
  0.96093983  2.52615876]","[ 0.00000000e+00  3.39467117e-04 -1.46662928e-01  1.32675109e-05
 -1.91423159e-01 -1.05979587e-05 -1.85184257e-05  1.06059783e-05]","[ 0.00000000e+00  9.03756738e-01  1.30909853e+01 -2.29534917e-02
 -5.68117905e+00  2.73759753e-01  2.57288337e-01  1.09974230e-02]"
1747093067.228688,"[ 0.          0.13905914  0.65933304 -2.85769808 -1.75113761  1.28812535
  0.96093983  2.52615876]","[ 0.00000000e+00  3.40260539e-04 -1.46448776e-01  1.32676429e-05
 -1.91035253e-01 -1.06059783e-05 -1.85184257e-05  1.05979587e-05]","[ 0.          0.89578348 13.0834856  -0.03415933 -5.68075323  0.28610694
  0.24669304  0.01947982]"
1747093067.2312682,"[ 0.          0.13905959  0.65904695 -2.85769755 -1.75153016  1.28812535
  0.96093983  2.52615876]","[ 0.00000000e+00  3.29370479e-04 -1.44232044e-01  1.85604623e-05
 -1.91587110e-01 -1.05979587e-05 -1.85325998e-05  1.05980643e-05]","[ 0.          0.89072424 13.07213211 -0.06480226 -5.72662687  0.32726449
  0.27137452  0.03281737]"
1747093067.2328014,"[ 0.          0.13905959  0.65861532 -2.85769808 -1.75210806  1.28812535
  0.96093983  2.52615876]","[ 0.00000000e+00  2.65103057e-04 -1.41934951e-01  1.32574726e-05
 -1.89079411e-01 -1.06059783e-05 -1.85184257e-05  1.05979587e-05]","[ 0.00000000e+00  8.72039914e-01  1.29708967e+01 -8.05428773e-02
 -5.82845402e+00  3.45219702e-01  2.75403917e-01  5.39260916e-03]"
1747093067.2346358,"[ 0.          0.13906005  0.6584757  -2.85769808 -1.75229395  1.28812535
  0.96093983  2.52615876]","[ 0.00000000e+00  2.65704187e-04 -1.41387672e-01  1.32573405e-05
 -1.88337021e-01 -1.05979587e-05 -1.85324169e-05  1.05979587e-05]","[ 0.00000000e+00  8.60922813e-01  1.29633455e+01 -8.36875513e-02
 -5.85832071e+00  3.52010220e-01  2.81665623e-01  5.90572227e-03]"
1747093067.2358217,"[ 0.          0.13906052  0.65819514 -2.85769755 -1.75266573  1.28812535
  0.96093983  2.52615876]","[ 0.00000000e+00  2.41836060e-04 -1.43961950e-01  1.85745164e-05
 -1.89068225e-01 -1.06060839e-05 -1.85186086e-05  1.06059783e-05]","[ 0.          0.87817824 12.92264366 -0.08294105 -5.91626644  0.33486348
  0.2715182   0.02080746]"
1747093067.2375028,"[ 0.          0.13906052  0.65805326 -2.85769755 -1.75285268  1.28812535
  0.96093983  2.52615876]","[ 0.00000000e+00  2.26233730e-04 -1.43961950e-01  2.38634509e-05
 -1.89608431e-01 -1.05979587e-05 -1.85186086e-05  1.05979587e-05]","[ 0.          0.8459329  12.91823387 -0.08653325 -5.92362547  0.32611126
  0.27862048  0.03377381]"
1747093067.2392035,"[ 0.          0.13906098  0.65772815 -2.85769808 -1.75324257  1.28812535
  0.96093983  2.52615876]","[ 0.00000000e+00  2.19414403e-04 -1.49093811e-01  1.85604623e-05
 -1.90495613e-01 -1.05979587e-05 -1.85184257e-05  1.06059783e-05]","[ 0.          0.81749403 12.92894077 -0.11376553 -5.90975809  0.34169325
  0.27201578  0.02935403]"
1747093067.240405,"[ 0.          0.13906143  0.65758168 -2.85769808 -1.75343165  1.28812535
  0.96093983  2.52615876]","[ 0.00000000e+00  2.19889168e-04 -1.48553606e-01  1.32673788e-05
 -1.91963897e-01 -1.06059783e-05 -1.85184257e-05  1.06059783e-05]","[ 0.          0.82727867 12.95489979 -0.11728401 -5.88700628  0.33866373
  0.27363077  0.02988501]"
1747093067.242147,"[ 0.          0.13906143  0.65727581 -2.85769808 -1.75382793  1.28812535
  0.96093983  2.52615876]","[ 0.00000000e+00  2.13429702e-04 -1.48403104e-01  1.32574726e-05
 -1.94094792e-01 -1.05979587e-05 -1.85184257e-05  1.05979587e-05]","[ 0.00000000e+00  8.06311011e-01  1.30178318e+01 -1.26852140e-01
 -5.90007734e+00  3.44576299e-01  2.86180288e-01  1.23892492e-02]"
1747093067.2432675,"[ 0.          0.13906143  0.65712841 -2.85769808 -1.75401915  1.28812535
  0.96093983  2.52615876]","[ 0.00000000e+00  2.06070054e-04 -1.49634000e-01  1.85604623e-05
 -1.93929992e-01 -1.05980643e-05 -1.85186086e-05  1.06060839e-05]","[ 0.          0.80008841 13.00731564 -0.13597558 -5.90646839  0.34254926
  0.28415778  0.02031353]"
1747093067.2449877,"[ 0.          0.13906189  0.65682261 -2.85769808 -1.75439945  1.28812535
  0.96093983  2.52615876]","[ 0.00000000e+00  2.00603975e-04 -1.48705689e-01  1.85745164e-05
 -1.91574909e-01 -1.05979587e-05 -1.85184257e-05  1.05979587e-05]","[ 0.          0.81533694 12.9608202  -0.13306183 -5.89030504  0.32798541
  0.28305739  0.03447463]"
1747093067.246723,"[ 0.          0.13906189  0.65667427 -2.85769808 -1.75460238  1.28812535
  0.96093983  2.52615876]","[ 0.00000000e+00  2.00603975e-04 -1.50444300e-01  1.85604623e-05
 -1.91085570e-01 -1.05979587e-05 -1.85184257e-05  1.05979587e-05]","[ 0.          0.81838548 12.90247822 -0.13073929 -5.90159702  0.32925147
  0.28523096  0.03870163]"
1747093067.24781,"[ 0.          0.13906235  0.65637906 -2.85769808 -1.75497842  1.28812535
  0.96093983  2.52615956]","[ 0.00000000e+00  1.95420384e-04 -1.49752211e-01  1.32573405e-05
 -1.90688826e-01 -1.05979587e-05 -1.85184257e-05  1.85604623e-05]","[ 0.          0.78511506 12.86749172 -0.138137   -5.92266464  0.32419944
  0.30017966  0.03860762]"
1747093067.249508,"[ 0.          0.13906281  0.65621927 -2.85769755 -1.7551659   1.28812535
  0.96093983  2.52615956]","[ 0.00000000e+00  1.97301437e-04 -1.50461078e-01  1.85604623e-05
 -1.90148620e-01 -1.05980643e-05 -1.85184257e-05  1.85462435e-05]","[ 0.          0.78666812 12.83232594 -0.13955757 -5.93076849  0.33655697
  0.31067884  0.03099989]"
1747093067.2512324,"[ 0.          0.13906327  0.65592306 -2.85769808 -1.75555259  1.28812535
  0.96093983  2.52615956]","[ 0.00000000e+00  1.92089921e-04 -1.51254584e-01  1.32574726e-05
 -1.87987848e-01 -1.05979587e-05 -1.85324169e-05  1.85604623e-05]","[ 0.          0.8181988  12.77263832 -0.14336072 -5.95950413  0.34334368
  0.32620558  0.03512464]"
1747093067.2523696,"[ 0.          0.13906327  0.65577293 -2.85769808 -1.75576725  1.28812535
  0.96093983  2.52615956]","[ 0.00000000e+00  1.87491921e-04 -1.52334978e-01  1.32574726e-05
 -1.88621081e-01 -1.05979587e-05 -1.85324169e-05  1.85604623e-05]","[ 0.          0.81368041 12.77844429 -0.14780061 -5.97370577  0.35550639
  0.33167449  0.02564333]"
1747093067.2541041,"[ 0.          0.13906373  0.65560714 -2.85769808 -1.75615926  1.28812535
  0.96093983  2.52615956]","[ 0.00000000e+00  1.95380414e-04 -1.55977983e-01  1.32574726e-05
 -1.91907937e-01 -1.05819570e-05 -1.85184257e-05  1.85184257e-05]","[ 0.          0.80745643 12.74771023 -0.11942659 -5.97360611  0.34695205
  0.32280388  0.01328092]"
1747093067.2558162,"[ 0.          0.13906419  0.65529262 -2.85769755 -1.7565369   1.28812535
  0.96093983  2.52615956]","[ 0.00000000e+00  1.90925260e-04 -1.59465875e-01  1.85604623e-05
 -1.90688826e-01 -1.05900569e-05 -1.85322320e-05  1.85604623e-05]","[ 0.          0.85873073 12.81461143 -0.06954533 -5.95981455  0.32483134
  0.31784993  0.01774017]"
1747093067.258108,"[ 0.          0.13906465  0.65496565 -2.85769755 -1.75693105  1.28812535
  0.96093983  2.52615956]","[ 0.00000000e+00  1.99053964e-04 -1.59357518e-01  1.85602774e-05
 -1.93091713e-01 -1.05820616e-05 -1.85184257e-05  1.85186086e-05]","[ 0.          0.86417568 12.88571358 -0.06319311 -5.98710108  0.29248166
  0.29895914  0.02335488]"
1747093067.2598245,"[ 0.          0.1390651   0.65465293 -2.85769755 -1.75731135  1.28812535
  0.96093983  2.52615956]","[ 0.00000000e+00  1.86672979e-04 -1.58277123e-01  1.32574726e-05
 -1.92849598e-01 -1.05819570e-05 -1.85325998e-05  7.94246417e-06]","[ 0.          0.88883871 12.9859848  -0.05657005 -5.98669386  0.28512183
  0.29513529  0.01597689]"
1747093067.261682,"[ 0.          0.13906556  0.65448582 -2.85769755 -1.75750203  1.28812535
  0.96093983  2.52615956]","[ 0.00000000e+00  1.94378429e-04 -1.57482586e-01  1.32574726e-05
 -1.93193845e-01 -1.05820616e-05 -1.85186086e-05  7.93646773e-06]","[ 0.00000000e+00  9.02267218e-01  1.30520620e+01 -4.17318493e-02
 -5.97028828e+00  2.87463039e-01  3.03213239e-01  1.06545016e-02]"
1747093067.2638416,"[ 0.          0.13906556  0.65417862 -2.85769755 -1.75789724  1.28812535
  0.96093983  2.52615956]","[ 0.00000000e+00  1.89917488e-04 -1.54495751e-01  1.32574726e-05
 -1.92590173e-01 -1.05820616e-05 -1.85186086e-05  7.94254290e-06]","[ 0.00000000e+00  9.13444817e-01  1.30232782e+01 -1.23901190e-02
 -5.93517780e+00  3.01533252e-01  2.81025320e-01  2.35279910e-02]"
1747093067.2658863,"[ 0.          0.13906649  0.6537153  -2.85769755 -1.75846663  1.28812535
  0.96093983  2.52615956]","[ 0.00000000e+00  1.98710406e-04 -1.50714395e-01  1.32574726e-05
 -1.93389787e-01 -1.05819570e-05 -1.05819570e-05  7.93646773e-06]","[ 0.00000000e+00  9.64880466e-01  1.29544153e+01 -3.90027324e-03
 -6.02302408e+00  3.27806354e-01  2.81500757e-01  3.11722234e-02]"
1747093067.2686462,"[ 0.          0.1390674   0.65341636 -2.85769728 -1.75867222  1.28812535
  0.96093983  2.52615956]","[ 0.00000000e+00  2.05549255e-04 -1.51640975e-01  1.59089679e-05
 -1.93411125e-01 -1.05899522e-05 -1.05900569e-05  7.94254290e-06]","[ 0.          0.97867197 12.84527969  0.03000953 -6.03417349  0.32095918
  0.2909866   0.02763085]"
1747093067.2703722,"[ 0.          0.13906832  0.65310044 -2.85769728 -1.75905199  1.28812535
  0.96093983  2.52615956]","[ 0.00000000e+00  2.13235947e-04 -1.54495751e-01  1.59089679e-05
 -1.92309409e-01 -1.05819570e-05 -1.05819570e-05  7.93654595e-06]","[ 0.          1.0247575  12.80437851  0.05371323 -6.02093315  0.31495368
  0.30396768  0.02731084]"
1747093067.271593,"[ 0.          0.13906924  0.65294611 -2.85769728 -1.75925652  1.28812535
  0.96093983  2.52615956]","[ 0.00000000e+00  2.29618045e-04 -1.56656540e-01  1.59089679e-05
 -1.92590173e-01 -1.05819570e-05 -1.05819570e-05  7.93646773e-06]","[ 0.00000000e+00  1.06051183e+00  1.28446150e+01  5.08568287e-02
 -6.02475166e+00  3.14953685e-01  2.96984881e-01  1.15478886e-02]"
1747093067.2733123,"[ 0.          0.13907061  0.65263572 -2.85769728 -1.75963575  1.28812535
  0.96093983  2.52615956]","[ 0.00000000e+00  2.45493356e-04 -1.57736934e-01  1.59089679e-05
 -1.92114549e-01 -1.05819570e-05 -1.05900569e-05  7.93646773e-06]","[ 0.00000000e+00  1.09645724e+00  1.28622589e+01  8.00818726e-02
 -6.00078487e+00  2.99597085e-01  2.82440603e-01 -6.80804660e-04]"
1747093067.2750847,"[ 0.          0.13907199  0.65231015 -2.85769728 -1.76002884  1.28812535
  0.96093983  2.52615956]","[ 0.00000000e+00  2.60569377e-04 -1.58656407e-01  1.59089679e-05
 -1.91085570e-01 -1.05819570e-05 -1.05820616e-05  7.93646773e-06]","[ 0.00000000e+00  1.10949695e+00  1.29040794e+01  1.30559355e-01
 -6.01365709e+00  2.91650116e-01  2.70944238e-01  5.42960782e-03]"
1747093067.2768068,"[ 0.          0.13907291  0.65199243 -2.85769728 -1.76040541  1.28812535
  0.96093983  2.52615956]","[ 0.00000000e+00  2.69689533e-04 -1.60978101e-01  1.32374398e-05
 -1.90688826e-01 -1.05819570e-05 -1.05899522e-05  7.93654595e-06]","[ 0.00000000e+00  1.16242611e+00  1.29152699e+01  1.35609597e-01
 -6.06073999e+00  2.82704830e-01  2.75482059e-01  6.34417869e-03]"
1747093067.2785394,"[ 0.          0.13907337  0.65181973 -2.85769728 -1.76059343  1.28812535
  0.96093983  2.52615956]","[ 0.00000000e+00  2.69700863e-04 -1.62497967e-01  1.32374398e-05
 -1.90688826e-01 -1.05819570e-05 -1.05819570e-05  7.93654595e-06]","[ 0.00000000e+00  1.16713631e+00  1.28767986e+01  1.45103067e-01
 -6.06303740e+00  2.89146066e-01  2.78401166e-01  2.73955776e-03]"
1747093067.2802439,"[ 0.          0.13907521  0.65150108 -2.85769675 -1.76098385  1.28812535
  0.96093983  2.52615956]","[ 0.00000000e+00  2.91459965e-04 -1.61354639e-01  1.85324169e-05
 -1.90495613e-01 -1.05819570e-05 -1.05900569e-05  7.93646773e-06]","[ 0.          1.20130968 12.87381172  0.17608061 -6.08228779  0.28226537
  0.27558073  0.01939655]"
1747093067.2824695,"[ 0.          0.13907705  0.65116952 -2.85769675 -1.76136148  1.28812535
  0.96093983  2.52615956]","[ 0.00000000e+00  3.26896132e-04 -1.61593491e-01  1.85184257e-05
 -1.92849598e-01  0.00000000e+00 -1.05819570e-05  7.93646773e-06]","[ 0.00000000e+00  1.22703898e+00  1.28655186e+01  1.79460615e-01
 -6.11082315e+00  3.05654198e-01  2.78713554e-01  3.78458644e-03]"
1747093067.2841945,"[ 0.          0.13907889  0.65084807 -2.85769675 -1.76175883  1.28812535
  0.96093983  2.52615956]","[ 0.00000000e+00  3.76512234e-04 -1.62058479e-01  1.85324169e-05
 -1.94596332e-01  0.00000000e+00 -1.05899522e-05  7.93646773e-06]","[ 0.          1.25640142 12.83570671  0.17081581 -6.13030863  0.3197082
  0.28158513  0.02582281]"
1747093067.285871,"[ 0.          0.13908164  0.65051565 -2.85769675 -1.76214552  1.28812535
  0.96093983  2.52615956]","[ 0.00000000e+00  4.67232335e-04 -1.61844028e-01  1.85184257e-05
 -1.96090765e-01  0.00000000e+00 -1.05899522e-05  7.93646773e-06]","[ 0.          1.31631076 12.83057022  0.17333692 -6.15631628  0.33634219
  0.29114285  0.04465324]"
1747093067.2882442,"[ 0.          0.13908393  0.65019287 -2.85769622 -1.76254339  1.28812535
  0.96093983  2.52615956]","[ 0.00000000e+00  6.14147899e-04 -1.64052870e-01  2.38273920e-05
 -1.93929992e-01  0.00000000e+00 -1.05899522e-05  7.93646773e-06]","[ 0.          1.33814812 12.82401943  0.19982792 -6.16344833  0.34607211
  0.28656554  0.04155603]"
1747093067.28933,"[ 0.          0.13908531  0.65003075 -2.85769622 -1.76273567  1.28812535
  0.9609389   2.52615956]","[ 0.00000000e+00  7.00234191e-04 -1.64489362e-01  2.38273920e-05
 -1.95010370e-01  0.00000000e+00 -1.85324169e-05  7.93654595e-06]","[ 0.          1.35963464 12.87569141  0.2295247  -6.17369556  0.32839495
  0.27521023  0.04069983]"
1747093067.2911687,"[ 0.          0.13908807  0.64969233 -2.85769569 -1.76313302  1.28812535
  0.9609389   2.52615956]","[ 0.00000000e+00  9.40578238e-04 -1.65299662e-01  2.91223691e-05
 -1.93593252e-01  0.00000000e+00 -1.85464284e-05  7.93646773e-06]","[ 0.          1.38222396 12.92500687  0.25886035 -6.1560111   0.29735041
  0.27739856  0.02182246]"
1747093067.2922792,"[ 0.          0.13908945  0.64952841 -2.85769569 -1.7633221   1.28812535
  0.9609389   2.52615956]","[ 0.00000000e+00  1.01776856e-03 -1.66380040e-01  2.91223691e-05
 -1.91574909e-01  0.00000000e+00 -1.85604623e-05  7.94246417e-06]","[ 0.          1.41211367 12.92665291  0.26471391 -6.15117121  0.28411865
  0.2752789   0.01816089]"
1747093067.2940273,"[ 0.          0.13909266  0.64920331 -2.85769569 -1.76369814  1.28812535
  0.9609389   2.52615956]","[ 0.00000000e+00  1.21726358e-03 -1.64759457e-01  2.38273920e-05
 -1.91229014e-01  0.00000000e+00 -1.85462435e-05  7.93646773e-06]","[ 0.00000000e+00  1.45276368e+00  1.29456120e+01  2.78891087e-01
 -6.13195848e+00  2.83505201e-01  2.64425874e-01  6.92838617e-03]"
1747093067.2957804,"[ 0.          0.13909449  0.64902787 -2.85769569 -1.76390214  1.28812535
  0.9609389   2.52615956]","[ 0.00000000e+00  1.30232530e-03 -1.65256419e-01  2.38273920e-05
 -1.92088633e-01  0.00000000e+00 -1.85464284e-05  7.93646773e-06]","[ 0.          1.47336805 12.99998188  0.27889109 -6.14659405  0.28079584
  0.26881865  0.01347385]"
1747093067.296948,"[ 0.          0.13909817  0.6486991  -2.85769542 -1.7642851   1.28812535
  0.9609389   2.52615956]","[ 0.00000000e+00  1.48879261e-03 -1.67190340e-01  2.64751417e-05
 -1.95352437e-01  0.00000000e+00 -1.06059783e-05  7.93646773e-06]","[ 0.          1.51733649 13.00507736  0.31034476 -6.09516048  0.28539559
  0.27484459  0.02004832]"
1747093067.2986124,"[ 0.          0.13910001  0.64853379 -2.85769542 -1.76447525  1.28812535
  0.9609389   2.52615956]","[ 0.00000000e+00  1.58693244e-03 -1.67730529e-01  2.64746154e-05
 -1.92849598e-01  0.00000000e+00 -1.05979587e-05  7.93646773e-06]","[ 0.00000000e+00  1.51726294e+00  1.29662771e+01  3.13140988e-01
 -6.09160233e+00  2.96636850e-01  2.74396539e-01  1.13628218e-02]"
1747093067.3002884,"[ 0.          0.13910459  0.6481935  -2.85769542 -1.76487153  1.28812535
  0.9609389   2.52615956]","[ 0.00000000e+00  1.78182343e-03 -1.64759457e-01  2.64748795e-05
 -1.93091713e-01  0.00000000e+00 -1.06060839e-05  7.94246417e-06]","[ 0.          1.52289057 12.97949219  0.30515882 -6.04502773  0.30233204
  0.27001768  0.02058911]"
1747093067.301416,"[ 0.          0.13910735  0.64803005 -2.85769542 -1.76506274  1.28812535
  0.9609389   2.52615956]","[ 0.00000000e+00  1.96014274e-03 -1.65839851e-01  2.64748795e-05
 -1.93929992e-01  0.00000000e+00 -1.06059783e-05  7.93646773e-06]","[ 0.          1.52650535 12.99121761  0.29722303 -6.04772854  0.3043676
  0.26813024  0.02525509]"
1747093067.3030858,"[ 0.          0.13911194  0.64768704 -2.85769489 -1.76544304  1.28812535
  0.9609389   2.52615956]","[ 0.00000000e+00  2.18590520e-03 -1.68265642e-01  3.17698567e-05
 -1.92309409e-01  0.00000000e+00 -1.05979587e-05  7.93646773e-06]","[ 0.          1.56221044 12.93378353  0.32641262 -6.05606651  0.28518993
  0.26499549  0.03599621]"
1747093067.30476,"[ 0.          0.1391147   0.64751992 -2.85769489 -1.76564491  1.28812535
  0.9609389   2.52615956]","[ 0.00000000e+00  2.34007934e-03 -1.69621207e-01  3.17458709e-05
 -1.90082490e-01  0.00000000e+00 -1.06059783e-05  7.94246417e-06]","[ 0.          1.56622505 12.87164021  0.34187934 -6.07823944  0.29048207
  0.26905435  0.03558147]"
1747093067.3059082,"[ 0.          0.13912159  0.6471833  -2.85769489 -1.76601669  1.28812535
  0.9609389   2.52615956]","[ 0.00000000e+00  2.80840844e-03 -1.71415645e-01  3.17698567e-05
 -1.87447642e-01  0.00000000e+00 -1.06060839e-05  7.93646773e-06]","[ 0.          1.59728885 12.87682724  0.3704499  -6.0780015   0.29358181
  0.28150171  0.03302443]"
1747093067.3076282,"[ 0.          0.13912985  0.64683156 -2.85769436 -1.76640498  1.28812535
  0.9609389   2.52615956]","[ 0.00000000e+00  3.56293529e-03 -1.72322185e-01  3.70368514e-05
 -1.89580950e-01  0.00000000e+00 -1.06059783e-05  7.94254290e-06]","[ 0.          1.6172508  12.88519859  0.40207887 -6.04871941  0.29735813
  0.27195936  0.02392425]"
1747093067.3093095,"[ 0.          0.1391349   0.64666165 -2.85769436 -1.76659459  1.28812535
  0.9609389   2.52615956]","[ 0.00000000e+00  4.23985857e-03 -1.72322185e-01  3.70648338e-05
 -1.92309409e-01  0.00000000e+00 -1.06059783e-05  7.94254290e-06]","[ 0.          1.61517107 12.90854645  0.40087748 -6.06667423  0.29344475
  0.26589397  0.02231472]"
1747093067.3104837,"[ 0.          0.13914868  0.64630719 -2.85769382 -1.76697223  1.28812535
  0.96093796  2.52615956]","[ 0.00000000e+00  6.23218342e-03 -1.72528697e-01  4.23282464e-05
 -1.91574909e-01  0.00000000e+00 -1.85602774e-05  7.93646773e-06]","[ 0.00000000e+00  1.61173773e+00  1.29373150e+01  4.13606495e-01
 -6.08071089e+00  2.94992357e-01  2.53433466e-01  1.13976412e-02]"
1747093067.3122296,"[ 0.          0.13915648  0.64613681 -2.85769382 -1.76717623  1.28812535
  0.96093796  2.52615956]","[ 0.00000000e+00  7.69777819e-03 -1.72687238e-01  4.23602275e-05
 -1.92088633e-01  0.00000000e+00 -1.85602774e-05  7.94246417e-06]","[ 0.00000000e+00  1.62423337e+00  1.29449863e+01  4.09070164e-01
 -6.05256748e+00  2.98325419e-01  2.53779113e-01  5.38337743e-03]"
1747093067.313369,"[ 0.          0.13917899  0.64580345 -2.85769356 -1.76755759  1.28812535
  0.96093796  2.52615956]","[ 0.00000000e+00  1.17861180e-02 -1.69081018e-01  4.50072964e-05
 -1.92849598e-01  0.00000000e+00 -1.85745164e-05  7.93646773e-06]","[ 0.00000000e+00  1.62856865e+00  1.28868771e+01  4.15463656e-01
 -6.08286285e+00  3.08002621e-01  2.48150647e-01  1.12910233e-02]"
1747093067.3152554,"[ 0.          0.1391923   0.64562668 -2.85769356 -1.76774721  1.28812535
  0.96093796  2.52615956]","[ 0.00000000e+00  1.35048743e-02 -1.66510252e-01  4.49733161e-05
 -1.92309409e-01  0.00000000e+00 -1.85745164e-05  7.93654595e-06]","[ 0.00000000e+00  1.62410712e+00  1.28621788e+01  4.35993254e-01
 -6.08443213e+00  3.06476474e-01  2.50615507e-01  9.32613667e-03]"
1747093067.3169487,"[ 0.          0.13922766  0.64530064 -2.85769356 -1.76813603  1.28812535
  0.96093796  2.52615956]","[ 0.00000000e+00  1.91963897e-02 -1.66650135e-01  4.50077435e-05
 -1.89402619e-01  0.00000000e+00 -1.85604623e-05  7.94246417e-06]","[ 0.          1.60472989 12.76841164  0.4192405  -6.07203722  0.29413393
  0.25793177  0.02463641]"
1747093067.3180614,"[ 0.          0.13925108  0.64513759 -2.85769356 -1.76832245  1.28812535
  0.96093796  2.52615956]","[ 0.00000000e+00  2.20468647e-02 -1.65132166e-01  4.50072964e-05
 -1.89068225e-01  0.00000000e+00 -1.85602774e-05  7.93646773e-06]","[ 0.          1.6226995  12.7487011   0.41775873 -6.03925943  0.29718712
  0.2653065   0.01937137]"
1747093067.3197978,"[ 0.          0.13930388  0.64479737 -2.85769302 -1.76870861  1.28812535
  0.96093796  2.52615956]","[ 0.00000000e+00  2.78200403e-02 -1.65299662e-01  5.03022715e-05
 -1.88076348e-01  0.00000000e+00 -1.85604623e-05  7.94254290e-06]","[ 0.          1.57184446 12.6554203   0.37764189 -6.03812075  0.31279424
  0.26775035  0.02357725]"
1747093067.3224828,"[ 0.          0.13933511  0.64463206 -2.85769302 -1.7688945   1.28812535
  0.96093796  2.52615956]","[ 0.00000000e+00  3.16014045e-02 -1.67730529e-01  5.03022715e-05
 -1.88528036e-01  0.00000000e+00 -1.85604623e-05  7.94254290e-06]","[ 0.          1.53868055 12.61117458  0.36159873 -6.03211069  0.3181569
  0.25951669  0.02520337]"
1747093067.32411,"[ 0.          0.13944164  0.64411867 -2.85769249 -1.76946761  1.28812535
  0.96093796  2.52615956]","[ 0.00000000e+00  3.61930625e-02 -1.70971696e-01  5.55552731e-05
 -1.89079411e-01  0.00000000e+00 -1.85602774e-05  7.94246417e-06]","[ 0.          1.449839   12.54125404  0.34073192 -5.98152685  0.29758549
  0.28611958  0.04479701]"
1747093067.3258474,"[ 0.          0.13951925  0.64378164 -2.85769249 -1.76984365  1.28812535
  0.96093796  2.52615956]","[ 0.00000000e+00  3.83675751e-02 -1.70431507e-01  5.55972507e-05
 -1.90148620e-01  0.00000000e+00 -1.85604623e-05  7.93638849e-06]","[ 0.          1.38354015 12.48746967  0.2966589  -5.94181776  0.27750361
  0.29688388  0.05213985]"
1747093067.3274868,"[ 0.          0.13955874  0.64360115 -2.85769249 -1.77003114  1.28812535
  0.96093796  2.52615956]","[ 0.00000000e+00  3.99744266e-02 -1.70021014e-01  5.55972507e-05
 -1.90148620e-01  0.00000000e+00 -1.85745164e-05  7.93654595e-06]","[ 0.          1.3298322  12.46612453  0.2900601  -5.92513371  0.27729496
  0.29088032  0.03052292]"
1747093067.3291852,"[ 0.          0.13964368  0.64326599 -2.85769249 -1.77041783  1.28812535
  0.96093796  2.52615956]","[ 0.00000000e+00  4.48361812e-02 -1.69449350e-01  5.55552731e-05
 -1.88577888e-01  0.00000000e+00 -1.85604623e-05  7.93646773e-06]","[ 0.          1.21662319 12.41282463  0.2318801  -5.90349197  0.29468426
  0.30410352  0.02550336]"
1747093067.3303075,"[ 0.          0.13969373  0.64309788 -2.85769249 -1.77060372  1.28812535
  0.96093796  2.52615956]","[ 0.00000000e+00  4.71444719e-02 -1.70604530e-01  5.55977993e-05
 -1.88337021e-01  0.00000000e+00 -1.85604623e-05  7.93646773e-06]","[ 0.          1.19515181 12.3916893   0.20866558 -5.88394451  0.28891575
  0.30168492  0.02729359]"
1747093067.3320124,"[ 0.          0.13979613  0.64275027 -2.85769249 -1.77099041  1.28812535
  0.96093796  2.52615956]","[ 0.00000000e+00  5.32092012e-02 -1.70522554e-01  5.02642966e-05
 -1.88577888e-01  0.00000000e+00 -1.85743315e-05  7.93646773e-06]","[ 0.          1.10184348 12.33839893  0.16582289 -5.87141991  0.29801911
  0.31361252  0.03615821]"
1747093067.3336987,"[ 0.          0.1399091   0.64241185 -2.85769249 -1.77136112  1.28812535
  0.96093796  2.52615956]","[ 0.00000000e+00  5.56705988e-02 -1.72862391e-01  5.55972507e-05
 -1.87447642e-01  0.00000000e+00 -1.85604623e-05  7.93654595e-06]","[ 0.          1.01516676 12.2853775   0.11056347 -5.84301853  0.3111999
  0.32212031  0.01973545]"
1747093067.335421,"[ 0.          0.1399642   0.64224014 -2.85769249 -1.77154594  1.28812535
  0.96093796  2.52615956]","[ 0.00000000e+00  5.58535288e-02 -1.74212880e-01  5.55977993e-05
 -1.87257725e-01  0.00000000e+00 -1.85745164e-05  7.93646773e-06]","[ 0.          0.93436235 12.24264717  0.09222915 -5.8757391   0.33570689
  0.32934237  0.02263274]"
1747093067.3365216,"[ 0.          0.14008176  0.64187509 -2.85769249 -1.77193476  1.28812535
  0.96093796  2.52615956]","[ 0.00000000e+00  6.10420282e-02 -1.79048681e-01  5.02647924e-05
 -1.90584030e-01  0.00000000e+00 -1.85602774e-05  7.93048043e-06]","[ 0.00000000e+00  8.13410938e-01  1.22574205e+01  4.45160596e-03
 -5.88425255e+00  3.28013927e-01  3.51673037e-01  2.67674699e-02]"
1747093067.3383133,"[ 0.          0.14014328  0.64169832 -2.85769249 -1.77212225  1.28812535
  0.96093796  2.52615956]","[ 0.00000000e+00  6.23925172e-02 -1.79163014e-01  5.03022715e-05
 -1.90148620e-01  0.00000000e+00 -1.85604623e-05  7.93654595e-06]","[ 0.          0.78464192 12.29428673 -0.02272657 -5.88879728  0.31078693
  0.36097631  0.04601322]"
1747093067.3399246,"[ 0.          0.14027186  0.64134472 -2.85769249 -1.77249403  1.28812535
  0.96093796  2.52615956]","[ 0.00000000e+00  6.29327103e-02 -1.79344725e-01  5.55972507e-05
 -1.87987848e-01  0.00000000e+00 -1.85745164e-05  7.93646773e-06]","[ 0.          0.68073773 12.36685562 -0.09219994 -5.87150383  0.30767009
  0.36317536  0.05038629]"
1747093067.3416715,"[ 0.          0.14033384  0.64115463 -2.85769249 -1.77269376  1.28812535
  0.96093796  2.52615956]","[ 0.00000000e+00  6.28689484e-02 -1.79048681e-01  5.55558217e-05
 -1.88076348e-01  0.00000000e+00 -1.85604623e-05  7.93048043e-06]","[ 0.          0.58546466 12.35027504 -0.10045639 -5.90877485  0.31870192
  0.35647893  0.05338632]"
1747093067.3433695,"[ 0.          0.14046702  0.64080057 -2.85769249 -1.77306448  1.28812535
  0.96093796  2.52615956]","[ 0.00000000e+00  6.62028724e-02 -1.80155025e-01  5.55977993e-05
 -1.88528036e-01  0.00000000e+00 -1.85743315e-05  7.93646773e-06]","[ 0.          0.48150435 12.34241104 -0.16417779 -5.9103241   0.3342523
  0.37862721  0.03706222]"
1747093067.3445086,"[ 0.          0.14060202  0.64043412 -2.85769249 -1.77345277  1.28812535
  0.9609389   2.52615956]","[ 0.00000000e+00  6.88050721e-02 -1.78804536e-01  5.55552731e-05
 -1.89580950e-01  0.00000000e+00 -1.06059783e-05  7.93055917e-06]","[ 0.          0.33314979 12.32976532 -0.2433514  -5.90729856  0.3315635
  0.40066457  0.0467268 ]"
1747093067.346284,"[ 0.          0.14066997  0.64025875 -2.85769302 -1.77363865  1.28812535
  0.9609389   2.52615956]","[ 0.00000000e+00  6.89447798e-02 -1.77724141e-01  5.02642966e-05
 -1.88528036e-01  0.00000000e+00 -1.06059783e-05  7.93654595e-06]","[ 0.          0.29929084 12.35226154 -0.28624946 -5.9092412   0.33531055
  0.41642201  0.03950549]"
1747093067.3492517,"[ 0.          0.14081048  0.63988957 -2.85769302 -1.77401363  1.28812535
  0.9609389   2.52615956]","[ 0.00000000e+00  6.88748552e-02 -1.80884498e-01  5.03022715e-05
 -1.90495613e-01  0.00000000e+00 -1.06140091e-05  0.00000000e+00]","[ 0.          0.17930521 12.38703346 -0.3938362  -5.89429045  0.37342677
  0.44237366  0.04164169]"
1747093067.3508523,"[ 0.          0.14102264  0.63933803 -2.85769356 -1.77460538  1.28812535
  0.9609389   2.52615956]","[ 0.00000000e+00  6.92120946e-02 -1.87717753e-01  3.97123214e-05
 -1.96630970e-01  0.00000000e+00 -1.06059783e-05  0.00000000e+00]","[ 0.          0.0288894  12.47921848 -0.47144324 -5.80379963  0.380932
  0.43662763  0.04287188]"
1747093067.3525748,"[ 0.          0.14109013  0.63913969 -2.85769356 -1.77480033  1.28812535
  0.9609389   2.52615956]","[ 0.00000000e+00  6.83346621e-02 -1.86822498e-01  4.49733161e-05
 -1.97711348e-01  0.00000000e+00 -1.06059783e-05  0.00000000e+00]","[ 0.00000000e+00  3.58206010e-03  1.25924654e+01 -5.10450602e-01
 -5.79195166e+00  3.80175561e-01  4.27867532e-01  5.27635701e-02]"
1747093067.3542688,"[ 0.          0.14122652  0.63876818 -2.85769382 -1.77520992  1.28812535
  0.9609389   2.52615956]","[ 0.00000000e+00  6.99552497e-02 -1.88876661e-01  4.23602275e-05
 -2.00748917e-01  0.00000000e+00 -1.06059783e-05  0.00000000e+00]","[ 0.         -0.08017897 12.68297195 -0.54164922 -5.77014494  0.36766317
  0.42815655  0.06368328]"
1747093067.3560128,"[ 0.          0.14137161  0.63838109 -2.85769382 -1.77561099  1.28812535
  0.9609389   2.52615956]","[ 0.00000000e+00  7.12182455e-02 -1.89152082e-01  3.70648338e-05
 -2.03653493e-01  0.00000000e+00 -1.06060839e-05  0.00000000e+00]","[ 0.         -0.18052578 12.77764511 -0.632716   -5.74649906  0.36553872
  0.42878786  0.05439558]"
1747093067.357719,"[ 0.          0.14150753  0.63800778 -2.85769382 -1.77602751  1.28812535
  0.9609389   2.52615956]","[ 0.00000000e+00  6.83346621e-02 -1.89068225e-01  3.70368514e-05
 -2.04125522e-01  0.00000000e+00 -1.06059783e-05  0.00000000e+00]","[ 0.         -0.23274338 12.78902531 -0.69559842 -5.70156431  0.3716231
  0.46883944  0.04461837]"
1747093067.3593962,"[ 0.          0.14157549  0.63782182 -2.85769436 -1.77622778  1.28812535
  0.96093983  2.52615956]","[ 0.00000000e+00  6.88748552e-02 -1.88528036e-01  3.17701716e-05
 -2.03113304e-01  0.00000000e+00  0.00000000e+00  0.00000000e+00]","[ 0.         -0.27692643 12.74939156 -0.71096593 -5.67287636  0.38524985
  0.46887842  0.05710547]"
1747093067.360579,"[ 0.          0.14171188  0.63743107 -2.85769436 -1.77662992  1.28812535
  0.96093983  2.52615956]","[ 0.00000000e+00  6.50934910e-02 -1.92114549e-01  3.17461838e-05
 -2.03113304e-01  0.00000000e+00  0.00000000e+00  0.00000000e+00]","[ 0.         -0.37244812 12.74436569 -0.74297029 -5.68048906  0.40924776
  0.47252342  0.0790384 ]"
1747093067.362259,"[ 0.          0.14177295  0.63724045 -2.85769436 -1.7768467   1.28812535
  0.96093983  2.52615956]","[ 0.00000000e+00  6.18523200e-02 -1.93586128e-01  3.17461838e-05
 -2.04125522e-01  0.00000000e+00  0.00000000e+00  0.00000000e+00]","[ 0.         -0.37747988 12.78999424 -0.75745744 -5.68998003  0.41319397
  0.46484771  0.05976548]"
1747093067.3633971,"[ 0.          0.14188866  0.63684371 -2.85769436 -1.7772515   1.28812535
  0.96093983  2.52615956]","[ 0.00000000e+00  5.49182932e-02 -1.93342482e-01  3.17458709e-05
 -2.05814282e-01  0.00000000e+00  0.00000000e+00  0.00000000e+00]","[ 0.         -0.40227991 12.81529236 -0.75624239 -5.71224928  0.42801106
  0.47652736  0.08005971]"
1747093067.3650897,"[ 0.          0.14194056  0.63665316 -2.85769489 -1.77745603  1.28812535
  0.96093983  2.52615956]","[ 0.00000000e+00  5.26156451e-02 -1.93389787e-01  2.64548924e-05
 -2.07434866e-01  0.00000000e+00  0.00000000e+00  0.00000000e+00]","[ 0.         -0.4161765  12.79611397 -0.74943578 -5.71832228  0.42119315
  0.48659843  0.08165265]"
1747093067.3668084,"[ 0.          0.14204341  0.63627253 -2.85769489 -1.7778848   1.28812535
  0.96093983  2.52615956]","[ 0.00000000e+00  4.93549122e-02 -1.92309409e-01  2.64751417e-05
 -2.10462580e-01  0.00000000e+00  0.00000000e+00  0.00000000e+00]","[ 0.         -0.38352874 12.84360504 -0.71125168 -5.70726299  0.43332481
  0.45693672  0.07321332]"
1747093067.3685372,"[ 0.          0.14209025  0.63608238 -2.85769489 -1.77809093  1.28812535
  0.96093983  2.52615956]","[ 0.00000000e+00  4.75371550e-02 -1.92654205e-01  2.38276277e-05
 -2.09055449e-01  0.00000000e+00  0.00000000e+00  0.00000000e+00]","[ 0.         -0.35811341 12.93031979 -0.69876415 -5.71319342  0.4380112
  0.45407072  0.07186347]"
1747093067.3702369,"[ 0.          0.14217795  0.63569256 -2.85769489 -1.77850531  1.28812535
  0.96093983  2.52615956]","[ 0.00000000e+00  4.37557908e-02 -1.90148620e-01  2.38094022e-05
 -2.10676033e-01  0.00000000e+00  0.00000000e+00  0.00000000e+00]","[ 0.         -0.32923174 12.89067936 -0.65850341 -5.75336742  0.45552149
  0.44903398  0.07615297]"
1747093067.371401,"[ 0.          0.14222066  0.63550567 -2.85769489 -1.77873009  1.28812535
  0.96093983  2.52615956]","[ 0.00000000e+00  4.32155977e-02 -1.89608431e-01  2.38273920e-05
 -2.11648586e-01  0.00000000e+00  0.00000000e+00  0.00000000e+00]","[ 0.         -0.33064252 12.83708096 -0.62931097 -5.75048161  0.43850812
  0.44972113  0.09047981]"
1747093067.3730783,"[ 0.          0.14230974  0.63511718 -2.85769489 -1.77914501  1.28812535
  0.96093983  2.52615956]","[ 0.00000000e+00  4.42959881e-02 -1.89831720e-01  2.38096379e-05
 -2.10135844e-01  0.00000000e+00  0.00000000e+00  0.00000000e+00]","[ 0.         -0.27260265 12.77466679 -0.57868761 -5.74799204  0.43646219
  0.44109258  0.08377938]"
1747093067.3747993,"[ 0.          0.14239744  0.63474341 -2.85769489 -1.77957963  1.28812535
  0.96093983  2.52615956]","[ 0.00000000e+00  4.48361812e-02 -1.89068225e-01  2.38273920e-05
 -2.13153189e-01  0.00000000e+00  0.00000000e+00  0.00000000e+00]","[ 0.         -0.2198759  12.72611332 -0.5362491  -5.75344086  0.44343308
  0.43827048  0.07658707]"
1747093067.376489,"[ 0.          0.1424406   0.63454087 -2.85769489 -1.77979162  1.28812535
  0.96093983  2.52616063]","[ 0.00000000e+00  4.37557908e-02 -1.90584030e-01  2.38273920e-05
 -2.14997594e-01  0.00000000e+00  0.00000000e+00  1.05979587e-05]","[ 0.         -0.18195687 12.75663662 -0.49248528 -5.77510786  0.45267585
  0.43983656  0.07985242]"
1747093067.3782482,"[ 0.          0.14252647  0.63416204 -2.85769489 -1.78022039  1.28812535
  0.96093983  2.52616063]","[ 0.00000000e+00  4.13249156e-02 -1.92849598e-01  2.38454062e-05
 -2.17158366e-01  0.00000000e+00  0.00000000e+00  1.05979587e-05]","[ 0.         -0.12366523 12.72074318 -0.42372659 -5.73430777  0.44740146
  0.4235501   0.07549301]"
1747093067.3793447,"[ 0.          0.14256506  0.63397149 -2.85769489 -1.78043557  1.28812535
  0.96093983  2.52616063]","[ 0.00000000e+00  3.91244538e-02 -1.93389787e-01  2.38634509e-05
 -2.18238761e-01  0.00000000e+00  0.00000000e+00  1.05980643e-05]","[ 0.         -0.08286534 12.64705753 -0.40332839 -5.69782162  0.43572667
  0.41796383  0.07617198]"
1747093067.3810303,"[ 0.          0.14264036  0.63357295 -2.85769489 -1.78088352  1.28812535
  0.96093983  2.52616063]","[ 0.00000000e+00  3.78136459e-02 -1.94413256e-01  1.85464284e-05
 -2.18778950e-01  0.00000000e+00  0.00000000e+00  1.06059783e-05]","[ 0.00000000e+00 -9.85698123e-03  1.26255226e+01 -3.71786475e-01
 -5.65976620e+00  4.20200437e-01  4.14558917e-01  8.02570507e-02]"
1747093067.3828075,"[ 0.          0.14271566  0.63318672 -2.85769436 -1.78131335  1.28812535
  0.96093983  2.52616063]","[ 0.00000000e+00  3.66960379e-02 -1.96630970e-01  2.38634509e-05
 -2.17158366e-01  0.00000000e+00  0.00000000e+00  1.05979587e-05]","[ 0.          0.07789846 12.57467365 -0.3374002  -5.64129496  0.40432209
  0.40432841  0.06069745]"
1747093067.3844414,"[ 0.          0.14275103  0.63299158 -2.85769436 -1.78154238  1.28812535
  0.96093983  2.52616063]","[ 0.00000000e+00  3.59229638e-02 -1.97981443e-01  2.38634509e-05
 -2.15660871e-01  0.00000000e+00  0.00000000e+00  1.05979587e-05]","[ 0.          0.11562154 12.57487202 -0.29099166 -5.6829586   0.40658548
  0.40722799  0.06703962]"
1747093067.387248,"[ 0.          0.14281761  0.63258611 -2.85769436 -1.78196849  1.28812535
  0.96093983  2.52616063]","[ 0.00000000e+00  3.20983628e-02 -1.97780857e-01  2.38454062e-05
 -2.16398700e-01  0.00000000e+00  0.00000000e+00  1.05979587e-05]","[ 0.          0.19542414 12.54533291 -0.25644371 -5.69604492  0.39486775
  0.43999889  0.05608513]"
1747093067.3888447,"[ 0.          0.14289842  0.63200614 -2.85769436 -1.78262949  1.28812535
  0.96093983  2.52616063]","[ 0.00000000e+00  2.56592596e-02 -1.97171159e-01  1.85464284e-05
 -2.17698572e-01  0.00000000e+00  1.05900569e-05  1.06059783e-05]","[ 0.          0.3161425  12.42438126 -0.17607735 -5.70377731  0.38451198
  0.43150201  0.06447898]"
1747093067.3899205,"[ 0.          0.14292322  0.63179542 -2.85769436 -1.78284467  1.28812535
  0.96093983  2.52616063]","[ 0.00000000e+00  2.32995282e-02 -1.98357847e-01  1.85464284e-05
 -2.18238761e-01  0.00000000e+00  1.05819570e-05  1.05979587e-05]","[ 0.          0.36273775 12.43482685 -0.12950951 -5.69962597  0.3866601
  0.4089334   0.0657409 ]"
1747093067.3916535,"[ 0.          0.14296776  0.63140234 -2.85769436 -1.78329315  1.28812535
  0.96093983  2.52616063]","[ 0.00000000e+00  2.26881871e-02 -1.99669621e-01  1.32573405e-05
 -2.18464381e-01  0.00000000e+00  1.05899522e-05  1.05979587e-05]","[ 0.          0.46664232 12.37617779 -0.07458329 -5.66609526  0.39358121
  0.41882926  0.07403416]"
1747093067.3933756,"[ 0.          0.14299347  0.63120486 -2.85769436 -1.78350673  1.28812535
  0.96093983  2.52616063]","[ 0.00000000e+00  2.27000548e-02 -2.00412326e-01  1.32474486e-05
 -2.16618177e-01  0.00000000e+00  1.05899522e-05  1.06059783e-05]","[ 0.          0.51931173 12.35969162 -0.07143069 -5.63305187  0.38886729
  0.41353106  0.07604856]"
1747093067.39502,"[ 0.          0.14304306  0.63079021 -2.85769382 -1.7839323   1.28812535
  0.96093983  2.52616063]","[ 0.00000000e+00  2.45788713e-02 -2.03653493e-01  1.85464284e-05
 -2.15537783e-01  0.00000000e+00  1.05900569e-05  1.05980643e-05]","[ 0.          0.59249312 12.37194061 -0.03304477 -5.6931119   0.38040406
  0.40953565  0.05701473]"
1747093067.3972654,"[ 0.          0.14309634  0.63038661 -2.85769382 -1.78437599  1.28812535
  0.96093983  2.52616063]","[ 0.00000000e+00  2.80901368e-02 -2.04463793e-01  1.58969375e-05
 -2.16618177e-01  0.00000000e+00  1.05899522e-05  1.06060839e-05]","[ 0.          0.69946826 12.37797642  0.02772026 -5.75555563  0.35131267
  0.40721786  0.03778456]"
1747093067.3989348,"[ 0.          0.14315832  0.62997009 -2.85769382 -1.78480476  1.28812535
  0.96093983  2.52616063]","[ 0.00000000e+00  3.07119066e-02 -2.03815913e-01  1.59089679e-05
 -2.17698572e-01  0.00000000e+00  1.05899522e-05  1.05979587e-05]","[ 0.          0.78988719 12.4317503   0.0301517  -5.7911458   0.36109605
  0.40773937  0.03798101]"
1747093067.4006796,"[ 0.          0.14319002  0.62977035 -2.85769382 -1.78503805  1.28812535
  0.96093983  2.52616063]","[ 0.00000000e+00  3.21415997e-02 -2.02367852e-01  1.58969375e-05
 -2.19673173e-01  0.00000000e+00  1.05900569e-05  1.05979587e-05]","[ 0.          0.84532827 12.41121197  0.05378129 -5.8355732   0.37647897
  0.39900389  0.04187484]"
1747093067.4023352,"[ 0.          0.14325843  0.62935204 -2.85769382 -1.78547161  1.28812535
  0.96093983  2.52616063]","[ 0.00000000e+00  3.36029739e-02 -2.04877832e-01  1.05979587e-05
 -2.19859344e-01  0.00000000e+00  1.05899522e-05  1.06060839e-05]","[ 0.          0.91093087 12.4400816   0.08880214 -5.87440395  0.40849826
  0.39555091  0.03572801]"
1747093067.404032,"[ 0.          0.14332592  0.62894564 -2.85769382 -1.78592009  1.28812535
  0.96093983  2.52616063]","[ 0.00000000e+00  3.48425735e-02 -2.06354471e-01  1.06059783e-05
 -2.18238761e-01  0.00000000e+00  1.05899522e-05  1.05979587e-05]","[ 0.          0.94434273 12.44477081  0.1040381  -5.91975689  0.41348702
  0.40633002  0.04032855]"
1747093067.4057505,"[ 0.          0.14340307  0.62851953 -2.85769382 -1.78634779  1.28812535
  0.96093983  2.52616063]","[ 0.00000000e+00  3.83675751e-02 -2.09140903e-01  1.05979587e-05
 -2.17698572e-01  0.00000000e+00  1.05899522e-05  1.05979587e-05]","[ 0.          1.01568997 12.47096157  0.09103846 -6.00865221  0.41886148
  0.40972155  0.03887197]"
1747093067.407404,"[ 0.          0.14344257  0.62831334 -2.85769382 -1.78656084  1.28812535
  0.96093983  2.52616063]","[ 0.00000000e+00  3.99744266e-02 -2.09055449e-01  5.30298914e-06
 -2.16077989e-01  0.00000000e+00  1.05818513e-05  1.05979587e-05]","[ 0.          1.04767478 12.51003265  0.09782375 -6.06387711  0.43206808
  0.40512946  0.03104056]"
1747093067.4091387,"[ 0.          0.14352614  0.62790514 -2.85769356 -1.78700293  1.28812535
  0.96093983  2.52616063]","[ 0.00000000e+00  4.29454991e-02 -2.05814282e-01  7.95448397e-06
 -2.15537783e-01  0.00000000e+00  1.05899522e-05  1.05978530e-05]","[ 0.          1.07854342 12.57130432  0.13105467 -6.19132042  0.42939639
  0.41745031  0.06283854]"
1747093067.4114313,"[ 0.          0.14357113  0.62748776 -2.85769356 -1.7874301   1.28812535
  0.96093983  2.52616063]","[ 0.00000000e+00  4.23400003e-02 -2.03653493e-01  2.65146816e-06
 -2.17919581e-01  0.00000000e+00  1.05820616e-05  1.05979587e-05]","[ 0.          1.09456062 12.67471409  0.13980986 -6.2344861   0.44169527
  0.40538287  0.07534951]"
1747093067.4133806,"[ 0.          0.14365058  0.62709561 -2.85769356 -1.78788071  1.28812628
  0.96093983  2.52616063]","[ 0.00000000e+00  3.97043280e-02 -1.97981443e-01  2.65149457e-06
 -2.20939739e-01  1.05979587e-05  1.85325998e-05  1.05979587e-05]","[ 0.          1.11519229 12.7379303   0.13804145 -6.27520943  0.45530617
  0.40242764  0.05575677]"
1747093067.415118,"[ 0.          0.14373047  0.62669194 -2.85769356 -1.78831587  1.28812628
  0.96093983  2.52616063]","[ 0.00000000e+00  3.88691107e-02 -1.96853244e-01  0.00000000e+00
 -2.20939739e-01  1.05979587e-05  1.85184257e-05  1.05979587e-05]","[ 0.          1.16563594 12.7318182   0.14804026 -6.32403135  0.45987931
  0.3953816   0.04827023]"
1747093067.4174573,"[ 0.          0.14380762  0.62630165 -2.85769356 -1.7887702   1.28812628
  0.96093983  2.52616063]","[ 0.00000000e+00  3.96641018e-02 -1.98791743e-01  0.00000000e+00
 -2.21795180e-01  1.05979587e-05  1.85324169e-05  1.05979587e-05]","[ 0.          1.1895088  12.70892906  0.1575475  -6.33943653  0.44665232
  0.38752338  0.04072189]"
1747093067.4191594,"[ 0.          0.14389073  0.62589619 -2.85769356 -1.7892256   1.28812628
  0.96093983  2.52616063]","[ 0.00000000e+00  4.06244918e-02 -1.98107077e-01 -5.30298914e-06
 -2.21679315e-01  1.06059783e-05  1.85186086e-05  1.05979587e-05]","[ 0.          1.21720099 12.70508099  0.15195851 -6.27007055  0.42526233
  0.40444559  0.03950458]"
1747093067.420918,"[ 0.          0.14397155  0.62550956 -2.85769356 -1.78966289  1.28812628
  0.96093983  2.52616063]","[ 0.00000000e+00  4.05146197e-02 -1.95550576e-01 -5.30298914e-06
 -2.21479928e-01  1.05980643e-05  1.85324169e-05  1.05979587e-05]","[ 0.          1.24224973 12.69277     0.17761551 -6.17573833  0.42012802
  0.4063268   0.05623411]"
1747093067.4231396,"[ 0.          0.14405145  0.62508299 -2.85769302 -1.79010072  1.28812628
  0.96093983  2.52616063]","[ 0.00000000e+00  3.88325464e-02 -1.93389787e-01 -5.29892650e-06
 -2.22560322e-01  1.06059783e-05  1.85324169e-05  1.05820616e-05]","[ 0.          1.2621913  12.60603905  0.16743629 -6.11608315  0.40139583
  0.40741026  0.06605107]"
1747093067.4248357,"[ 0.          0.14412813  0.62470322 -2.85769302 -1.79055292  1.28812628
  0.96093983  2.52616063]","[ 0.00000000e+00  3.91244538e-02 -1.91574909e-01 -5.29897933e-06
 -2.20399533e-01  1.05979587e-05  1.85325998e-05  1.05819570e-05]","[ 0.          1.26927316 12.52127075  0.1686527  -6.08995533  0.39495894
  0.41084909  0.06005931]"
1747093067.42648,"[ 0.          0.14416808  0.62450116 -2.85769302 -1.79077077  1.28812628
  0.96093983  2.52616063]","[ 0.00000000e+00  4.05146197e-02 -1.90333260e-01 -5.29897933e-06
 -2.20939739e-01  1.05979587e-05  1.85325998e-05  1.05820616e-05]","[ 0.          1.27489114 12.48971653  0.17717597 -6.07021809  0.38957369
  0.42085898  0.07487325]"
1747093067.4281993,"[ 0.          0.1442512   0.62412139 -2.85769302 -1.79122297  1.28812628
  0.96093983  2.52616063]","[ 0.00000000e+00  4.10548170e-02 -1.93929992e-01 -5.30298914e-06
 -2.20939739e-01  1.05820616e-05  1.85184257e-05  1.05820616e-05]","[ 0.          1.28849387 12.37751675  0.21409197 -6.036304    0.38298064
  0.43866715  0.05283209]"
1747093067.4298928,"[ 0.          0.14433248  0.62372098 -2.85769302 -1.79165334  1.28812628
  0.96093983  2.52616063]","[ 0.00000000e+00  3.88691107e-02 -1.95599395e-01 -5.29897933e-06
 -2.17698572e-01  1.05819570e-05  1.85324169e-05  1.05820616e-05]","[ 0.          1.30773699 12.31287766  0.22147001 -6.03274679  0.37923533
  0.44162974  0.05615441]"
1747093067.4309688,"[ 0.          0.14436966  0.62352864 -2.85769302 -1.79186799  1.28812628
  0.96093983  2.52616063]","[ 0.00000000e+00  3.77753338e-02 -1.95010370e-01 -5.29897933e-06
 -2.17698572e-01  1.05819570e-05  1.85184257e-05  1.05819570e-05]","[ 0.          1.32744181 12.32319832  0.22978522 -6.07437611  0.37017849
  0.43738762  0.05998097]"
1747093067.4326057,"[ 0.          0.14444175  0.623147   -2.85769249 -1.79231221  1.28812628
  0.96093983  2.52616063]","[ 0.00000000e+00  3.61930625e-02 -1.93193845e-01  0.00000000e+00
 -2.16618177e-01  1.05819570e-05  1.85184257e-05  1.05819570e-05]","[ 0.          1.33357728 12.32995224  0.23950955 -6.10440159  0.37348014
  0.44165236  0.04784953]"
1747093067.4343445,"[ 0.          0.14447712  0.62294128 -2.85769249 -1.79255775  1.28812628
  0.96093983  2.52616063]","[ 0.00000000e+00  3.59229638e-02 -1.93593252e-01  0.00000000e+00
 -2.15767531e-01  1.05899522e-05  1.85324169e-05  1.05819570e-05]","[ 0.          1.33044875 12.33181953  0.23253743 -6.15636873  0.3896994
  0.43721589  0.04734838]"
1747093067.4354775,"[ 0.          0.14451569  0.62275306 -2.85769249 -1.79273831  1.28812628
  0.96093983  2.52616063]","[ 0.00000000e+00  3.63614283e-02 -1.90958920e-01  0.00000000e+00
 -2.16242289e-01  1.05819570e-05  1.85184257e-05  1.05819570e-05]","[ 0.          1.32700133 12.35877991  0.24199697 -6.23068333  0.41159624
  0.43083903  0.07027939]"
1747093067.4371517,"[ 0.          0.14458871  0.62238015 -2.85769249 -1.79321768  1.28812628
  0.96093983  2.52616063]","[ 0.00000000e+00  3.72356859e-02 -1.88067193e-01  0.00000000e+00
 -2.18557292e-01  1.05819570e-05  1.85186086e-05  1.05899522e-05]","[ 0.          1.35410357 12.28865337  0.26685706 -6.30755663  0.42304474
  0.42765492  0.06739219]"
1747093067.438269,"[ 0.          0.14462589  0.62218088 -2.85769249 -1.7934334   1.28812628
  0.96093983  2.52616063]","[ 0.00000000e+00  3.78136459e-02 -1.87574808e-01  0.00000000e+00
 -2.18778950e-01  1.05819570e-05  1.85325998e-05  1.05899522e-05]","[ 0.          1.35733569 12.25843811  0.26593453 -6.29431152  0.44085702
  0.43019006  0.06739219]"
1747093067.4408576,"[ 0.          0.14470396  0.62199765 -2.85769249 -1.79388028  1.28812628
  0.96093983  2.52616063]","[ 0.00000000e+00  3.78136459e-02 -1.85827058e-01  0.00000000e+00
 -2.18238761e-01  1.05820616e-05  1.85184257e-05  1.05820616e-05]","[ 0.          1.37190366 12.23285389  0.30310196 -6.30499983  0.46467364
  0.42294857  0.06923456]"
1747093067.4413915,"[ 0.          0.14478064  0.62162621 -2.85769249 -1.79430958  1.28812628
  0.96094083  2.52616063]","[ 0.00000000e+00  3.75798828e-02 -1.89068225e-01  0.00000000e+00
 -2.18778950e-01  1.05820616e-05  2.91223691e-05  1.05820616e-05]","[ 0.          1.38363409 12.18701839  0.31719762 -6.32218075  0.46743831
  0.4333837   0.0576123 ]"
1747093067.4430833,"[ 0.          0.14481876  0.62143839 -2.85769222 -1.79452316  1.28812628
  0.96094083  2.52616063]","[ 0.00000000e+00  3.86239376e-02 -1.90418714e-01  2.64946325e-06
 -2.16618177e-01  1.05819570e-05  2.91003827e-05  1.05819570e-05]","[ 0.          1.39631236 12.161973    0.32069829 -6.34011459  0.47152328
  0.42084989  0.0523986 ]"
1747093067.444916,"[ 0.          0.14485824  0.62123679 -2.85769222 -1.79475166  1.28812628
  0.96094083  2.52616063]","[ 0.00000000e+00  3.99744266e-02 -1.89831720e-01  2.64948966e-06
 -2.14956931e-01  1.05819570e-05  2.91003827e-05  1.05819570e-05]","[ 0.          1.40223849 12.16540527  0.31197265 -6.32317019  0.45717919
  0.42266655  0.03302529]"
1747093067.4460928,"[ 0.          0.14494274  0.62085795 -2.85769222 -1.79517617  1.28812628
  0.96094083  2.52616063]","[ 0.00000000e+00  4.37557908e-02 -1.92309409e-01  7.94846874e-06
 -2.16077989e-01  1.05819570e-05  1.85324169e-05  1.05819570e-05]","[ 0.          1.40655351 12.13954258  0.32291609 -6.3722949   0.41542536
  0.40887633  0.04054861]"
1747093067.4478033,"[ 0.          0.14499141  0.62066694 -2.85769222 -1.79539029  1.28812628
  0.96094083  2.52616063]","[ 0.00000000e+00  4.58906265e-02 -1.93659898e-01  7.94846874e-06
 -2.17158366e-01  1.05819570e-05  1.85184257e-05  1.05819570e-05]","[ 0.          1.39774501 12.09196091  0.33261299 -6.38857079  0.39859968
  0.42306221  0.05800111]"
1747093067.4490345,"[ 0.          0.14508371  0.62026879 -2.85769222 -1.79583557  1.28812628
  0.96094083  2.52616063]","[ 0.00000000e+00  4.69493454e-02 -1.94542969e-01  7.95440473e-06
 -2.17378843e-01  1.05819570e-05  1.85184257e-05  1.05819570e-05]","[ 0.          1.37954581 12.11063766  0.31015873 -6.39942503  0.38629222
  0.4331831   0.04413873]"
1747093067.450785,"[ 0.          0.14512963  0.62007731 -2.85769169 -1.79605129  1.28812628
  0.96094083  2.52616063]","[ 0.00000000e+00  4.64567646e-02 -1.94397244e-01  1.32474486e-05
 -2.18778950e-01  1.05819570e-05  1.85184257e-05  1.05820616e-05]","[ 0.          1.34145725 12.14657784  0.28499711 -6.36641216  0.39066389
  0.42918026  0.0393765 ]"
1747093067.45198,"[ 0.          0.14522422  0.61969348 -2.85769169 -1.79649816  1.28812628
  0.96094083  2.52616063]","[ 0.00000000e+00  4.61866702e-02 -1.94470181e-01  1.85604623e-05
 -2.18670093e-01  1.05739739e-05  1.85186086e-05  1.05819570e-05]","[ 0.          1.31121755 12.18442154  0.25695676 -6.3420496   0.42613056
  0.43169209  0.04832092]"
1747093067.4537938,"[ 0.          0.14526968  0.61948589 -2.85769169 -1.79671335  1.28812628
  0.96094083  2.52616063]","[ 0.00000000e+00  4.61866702e-02 -1.95599395e-01  1.85604623e-05
 -2.18238761e-01  1.05820616e-05  1.85184257e-05  1.05819570e-05]","[ 0.          1.28984487 12.13895702  0.25850144 -6.34454393  0.43443072
  0.42514956  0.04859416]"
1747093067.4549417,"[ 0.          0.14536703  0.6191002  -2.85769169 -1.79714105  1.28812628
  0.96094083  2.52616063]","[ 0.00000000e+00  4.80773522e-02 -1.95010370e-01  2.11639139e-05
 -2.16398700e-01  1.05740785e-05  1.85184257e-05  1.05820616e-05]","[ 0.          1.27019668 12.16726494  0.25798982 -6.36367846  0.45018616
  0.43297687  0.04656659]"
1747093067.4566805,"[ 0.          0.14541479  0.61890732 -2.85769116 -1.79714105  1.28812628
  0.96094083  2.52616063]","[ 0.00000000e+00  4.83474467e-02 -1.95550576e-01  2.64551545e-05
 -2.16398700e-01  1.05819570e-05  1.85184257e-05  1.05819570e-05]","[ 0.          1.25683486 12.19174862  0.24351756 -6.36367846  0.45309269
  0.4435707   0.04511795]"
1747093067.4578552,"[ 0.          0.14551351  0.61850551 -2.85769116 -1.7975874   1.28812628
  0.96094083  2.52616063]","[ 0.00000000e+00  4.78967774e-02 -1.96630970e-01  2.64548924e-05
 -2.19096931e-01  1.05819570e-05  1.85184257e-05  1.05739739e-05]","[ 0.          1.21540296 12.25754833  0.22593032 -6.40098953  0.44051552
  0.46053028  0.04384707]"
1747093067.4596107,"[ 0.          0.14556126  0.61831224 -2.85769116 -1.79780578  1.28812628
  0.96094083  2.52616063]","[ 0.00000000e+00  4.83474467e-02 -1.96090765e-01  3.17458709e-05
 -2.21479928e-01  1.05739739e-05  1.85324169e-05  1.05819570e-05]","[ 0.          1.21152925 12.25358677  0.21349554 -6.41177177  0.42835709
  0.44652286  0.04548335]"
1747093067.4608002,"[ 0.          0.14566366  0.61791136 -2.85769116 -1.79826118  1.28812628
  0.96094083  2.52616063]","[ 0.00000000e+00  5.32092012e-02 -1.95010370e-01  3.17458709e-05
 -2.22682395e-01  1.05820616e-05  1.05819570e-05  1.05819570e-05]","[ 0.          1.16302133 12.32437134  0.20429368 -6.37253904  0.41943198
  0.43368551  0.05272093]"
1747093067.4625182,"[ 0.          0.14571922  0.61771848 -2.85769116 -1.79848222  1.28812628
  0.96094083  2.52616063]","[ 0.00000000e+00  5.64503723e-02 -1.95550576e-01  3.17458709e-05
 -2.24180906e-01  1.05819570e-05  1.05820616e-05  1.05740785e-05]","[ 0.          1.10603487 12.42310619  0.18503873 -6.3594389   0.40848044
  0.41828847  0.05296651]"
1747093067.464279,"[ 0.          0.14584274  0.61733319 -2.85769116 -1.79892537  1.28812628
  0.96094083  2.52616063]","[ 0.00000000e+00  6.15822255e-02 -1.96090765e-01  3.17698567e-05
 -2.24721095e-01  1.05819570e-05  1.05820616e-05  1.05819570e-05]","[ 0.          1.08507419 12.44884872  0.13327913 -6.29093361  0.38665599
  0.43397209  0.04168146]"
1747093067.4660172,"[ 0.          0.14596719  0.61693511 -2.85769063 -1.79938077  1.28812628
  0.96094083  2.52616063]","[ 0.00000000e+00  6.37430062e-02 -1.93389787e-01  4.23598089e-05
 -2.21479928e-01  1.05819570e-05  1.05819570e-05  1.05900569e-05]","[ 0.          1.0214889  12.45477676  0.09091733 -6.24342728  0.39162403
  0.43614349  0.03516025]"
1747093067.467256,"[ 0.          0.14603652  0.6167459  -2.85769063 -1.79959862  1.28812628
  0.96094083  2.52616063]","[ 0.00000000e+00  6.51384652e-02 -1.91769203e-01  4.23278279e-05
 -2.20939739e-01  1.05739739e-05  1.05899522e-05  1.05818513e-05]","[ 0.          0.98174608 12.4364233   0.09120555 -6.22481251  0.38563231
  0.44774634  0.05297201]"
1747093067.468953,"[ 0.          0.14617014  0.61635055 -2.85769063 -1.80003537  1.28812628
  0.96094083  2.52616063]","[ 0.00000000e+00  6.80645635e-02 -1.93342482e-01  4.23598089e-05
 -2.20715884e-01  1.05819570e-05  1.05819570e-05  1.05819570e-05]","[ 0.          0.87416905 12.39212799  0.04021243 -6.23989534  0.3784858
  0.4502379   0.04241474]"
1747093067.4707053,"[ 0.          0.14623581  0.61615814 -2.85769063 -1.80025375  1.28812628
  0.96094083  2.52616063]","[ 0.00000000e+00  6.67140745e-02 -1.95010370e-01  4.23598089e-05
 -2.21479928e-01  1.05819570e-05  1.05820616e-05  1.05899522e-05]","[ 0.          0.81784433 12.41833305  0.01388331 -6.26341248  0.39159784
  0.45687041  0.03670672]"
1747093067.4719276,"[ 0.          0.14637128  0.61575727 -2.85769063 -1.80070915  1.28812628
  0.96094083  2.52616063]","[ 0.00000000e+00  6.61738814e-02 -1.95850165e-01  4.23598089e-05
 -2.23100511e-01  1.05740785e-05  1.05819570e-05  1.05819570e-05]","[ 0.          0.76571691 12.4015255  -0.01782693 -6.21572351  0.40590826
  0.4576517   0.0263616 ]"
1747093067.4741826,"[ 0.          0.1465095   0.61536791 -2.85769063 -1.80116988  1.28812628
  0.96094083  2.52616063]","[ 0.00000000e+00  6.82733095e-02 -1.97981443e-01  4.23602275e-05
 -2.25190077e-01  1.05820616e-05  1.05819570e-05  1.05739739e-05]","[ 0.          0.65553641 12.40386009 -0.06500024 -6.21858692  0.42354378
  0.45539796  0.04904793]"
1747093067.4753733,"[ 0.          0.14657882  0.61516997 -2.85769063 -1.80139305  1.28812628
  0.96094083  2.52616063]","[ 0.00000000e+00  7.01541879e-02 -2.00682421e-01  4.23278279e-05
 -2.26112347e-01  1.05739739e-05  1.05900569e-05  1.05819570e-05]","[ 0.          0.63794267 12.4085722  -0.06980207 -6.21420002  0.42054793
  0.44266465  0.03180071]"
1747093067.478141,"[ 0.          0.14671659  0.61475718 -2.85769063 -1.80184153  1.28812628
  0.96094083  2.52616063]","[ 0.00000000e+00  7.02253442e-02 -2.01617839e-01  4.23278279e-05
 -2.28502467e-01  1.05819570e-05  1.05819570e-05  0.00000000e+00]","[ 0.          0.58215469 12.41888523 -0.10567802 -6.26734209  0.4205479
  0.45050392  0.03751753]"
1747093067.4797957,"[ 0.          0.14693515  0.61415198 -2.85769063 -1.80254567  1.28812628
  0.96094083  2.52616063]","[ 0.00000000e+00  7.21160221e-02 -1.98859387e-01  4.23278279e-05
 -2.32824029e-01  1.05820616e-05  1.05979587e-05  0.00000000e+00]","[ 0.          0.44922748 12.39778614 -0.12300579 -6.27429152  0.41454625
  0.46320063  0.04468171]"
1747093067.4815545,"[ 0.          0.14700496  0.61395677 -2.85769063 -1.80277737  1.28812628
  0.96094083  2.52616063]","[ 0.00000000e+00  7.06938358e-02 -1.97981443e-01  4.23602275e-05
 -2.34984801e-01  1.05819570e-05  1.05979587e-05  0.00000000e+00]","[ 0.          0.4205333  12.39320755 -0.15567839 -6.22994184  0.40716502
  0.45186818  0.04311598]"
1747093067.48323,"[ 0.          0.14714363  0.61356282 -2.85769063 -1.80326472  1.28812628
  0.96094176  2.52616063]","[ 0.00000000e+00  6.69551780e-02 -2.00479088e-01  4.23598089e-05
 -2.39306363e-01  1.05819570e-05  1.85602774e-05  0.00000000e+00]","[ 0.          0.37272528 12.38026619 -0.16690871 -6.18165922  0.41191202
  0.45931774  0.02012347]"
1747093067.4843981,"[ 0.          0.14720838  0.61334977 -2.85769063 -1.80350174  1.28812628
  0.96094176  2.52616063]","[ 0.00000000e+00  6.56336883e-02 -2.00614760e-01  3.70368514e-05
 -2.40386757e-01  1.05739739e-05  1.85464284e-05  0.00000000e+00]","[ 0.          0.34874675 12.33377361 -0.19869067 -6.13954067  0.41491294
  0.47110781  0.02944421]"
1747093067.486138,"[ 0.          0.14733832  0.61295163 -2.85769063 -1.8039939   1.28812628
  0.96094176  2.52616063]","[ 0.00000000e+00  6.21320725e-02 -2.03113304e-01  3.70648338e-05
 -2.40737728e-01  1.05819570e-05  1.85464284e-05  0.00000000e+00]","[ 0.          0.30128211 12.29999542 -0.25118786 -6.08015871  0.42906415
  0.4780463   0.04781241]"
1747093067.4877827,"[ 0.          0.14745312  0.61254756 -2.85769063 -1.80447007  1.28812628
  0.96094176  2.52616063]","[ 0.00000000e+00  5.78008613e-02 -2.04941747e-01  3.70372172e-05
 -2.42793772e-01  1.05819570e-05  1.85464284e-05  0.00000000e+00]","[ 0.          0.27106661 12.26762009 -0.249605   -5.99563599  0.39926329
  0.48011345  0.0695879 ]"
1747093067.4894962,"[ 0.          0.14750868  0.61233078 -2.85769063 -1.80470922  1.28812628
  0.96094176  2.52616063]","[ 0.00000000e+00  5.64503723e-02 -2.03933508e-01  3.70372172e-05
 -2.42301786e-01  1.05820616e-05  1.85464284e-05  0.00000000e+00]","[ 0.          0.25559986 12.29129124 -0.2727479  -5.98667336  0.39363134
  0.47492594  0.07377685]"
1747093067.4917839,"[ 0.          0.14762256  0.61192764 -2.85769063 -1.8052067   1.28812628
  0.96094176  2.52616063]","[ 0.00000000e+00  5.54198288e-02 -2.03923588e-01  3.70648338e-05
 -2.43627924e-01  1.05820616e-05  1.85604623e-05  0.00000000e+00]","[ 0.          0.23956276 12.30920124 -0.23561187 -5.94291067  0.38027316
  0.47187793  0.06993028]"
1747093067.493443,"[ 0.          0.14772773  0.61150979 -2.85769063 -1.80569033  1.28812628
  0.96094176  2.52616063]","[ 0.00000000e+00  5.31552930e-02 -2.03623982e-01  3.70372172e-05
 -2.45788696e-01  1.05820616e-05  1.85464284e-05  0.00000000e+00]","[ 0.          0.23716792 12.31071568 -0.2625767  -5.87481308  0.38026291
  0.46963409  0.05690432]"
1747093067.4951596,"[ 0.          0.14782874  0.61110479 -2.85769116 -1.8061958   1.28812628
  0.96094176  2.52616063]","[ 0.00000000e+00  4.88998487e-02 -2.06354471e-01  3.17698567e-05
 -2.46524028e-01  1.05739739e-05  1.85602774e-05  0.00000000e+00]","[ 0.          0.26469859 12.31998539 -0.2826564  -5.8169713   0.38589302
  0.4537307   0.04561954]"
1747093067.497454,"[ 0.          0.14792287  0.61067775 -2.85769116 -1.80668742  1.28812628
  0.96094176  2.52616063]","[ 0.00000000e+00  4.69969619e-02 -2.09642426e-01  2.64548924e-05
 -2.49570069e-01  1.05819570e-05  1.85464284e-05  0.00000000e+00]","[ 0.          0.25121105 12.33239555 -0.28692091 -5.77916241  0.39003599
  0.45133153  0.05148086]"
1747093067.4990892,"[ 0.          0.1480161   0.61026217 -2.85769116 -1.80719768  1.28812628
  0.96094176  2.52616063]","[ 0.00000000e+00  4.48875552e-02 -2.10946127e-01  2.64748795e-05
 -2.49029364e-01  1.05739739e-05  1.85604623e-05  0.00000000e+00]","[ 0.          0.25332382 12.33301926 -0.30013457 -5.75877237  0.40096593
  0.45717952  0.0646819 ]"
1747093067.501394,"[ 0.          0.14809875  0.6098342  -2.85769116 -1.80768983  1.28812628
  0.96094176  2.52616063]","[ 0.00000000e+00  4.10548170e-02 -2.08192552e-01  2.64751417e-05
 -2.49856858e-01  1.05819570e-05  1.85464284e-05  0.00000000e+00]","[ 0.          0.30234516 12.39411926 -0.30117026 -5.78301573  0.42347553
  0.46518368  0.07339353]"
1747093067.5025043,"[ 0.          0.14813962  0.6096294  -2.85769116 -1.80793484  1.28812628
  0.96094176  2.52616063]","[ 0.00000000e+00  3.83675751e-02 -2.07704960e-01  2.64748795e-05
 -2.48489674e-01  1.05740785e-05  1.85604623e-05  0.00000000e+00]","[ 0.          0.30891755 12.37475586 -0.29635552 -5.84461021  0.43068895
  0.44727162  0.07346599]"
1747093067.504255,"[ 0.          0.14821032  0.6092244  -2.85769116 -1.8084483   1.28812734
  0.96094176  2.52616063]","[ 0.00000000e+00  3.53827707e-02 -2.04463793e-01  2.64548924e-05
 -2.51269998e-01  2.11481571e-05  1.85604623e-05  0.00000000e+00]","[ 0.          0.32140967 12.41094589 -0.30364579 -5.96179056  0.43256661
  0.45166716  0.07620993]"
1747093067.505996,"[ 0.          0.14827967  0.60880928 -2.85769116 -1.80894844  1.28812734
  0.96094176  2.52616063]","[ 0.00000000e+00  3.53469179e-02 -2.02032910e-01  2.64748795e-05
 -2.54431819e-01  2.11639139e-05  1.85466133e-05  0.00000000e+00]","[ 0.          0.36631265 12.4496727  -0.28736946 -6.01489353  0.44898897
  0.46023065  0.06340604]"
1747093067.507697,"[ 0.          0.14835314  0.60840887 -2.85769116 -1.80946936  1.28812734
  0.96094176  2.52616063]","[ 0.00000000e+00  3.61930625e-02 -2.04463793e-01  2.64548924e-05
 -2.53777680e-01  2.11479478e-05  1.85604623e-05  0.00000000e+00]","[ 0.          0.4195092  12.45259762 -0.27828053 -6.01619625  0.48568434
  0.47091135  0.05277044]"
1747093067.509432,"[ 0.          0.14838849  0.6082068  -2.85769116 -1.80972023  1.28812734
  0.96094176  2.52616063]","[ 0.00000000e+00  3.59229638e-02 -2.04796272e-01  2.64548924e-05
 -2.54431819e-01  2.11639139e-05  1.85604623e-05  0.00000000e+00]","[ 0.          0.43090528 12.45912266 -0.26569131 -6.04422569  0.49297982
  0.47951853  0.05458209]"
1747093067.5105996,"[ 0.          0.14846013  0.60778942 -2.85769116 -1.81022303  1.28812734
  0.96094176  2.52616063]","[ 0.00000000e+00  3.41045096e-02 -2.02573099e-01  2.38273920e-05
 -2.54431819e-01  2.11479478e-05  1.85604623e-05  0.00000000e+00]","[ 0.          0.46304199 12.45533752 -0.25357857 -6.07352161  0.49865746
  0.4770942   0.05834541]"
1747093067.5123417,"[ 0.          0.14849274  0.60758875 -2.85769116 -1.8104739   1.28812734
  0.96094176  2.52616063]","[ 0.00000000e+00  3.29518914e-02 -2.03653493e-01  2.38096379e-05
 -2.54431819e-01  2.11641232e-05  1.85604623e-05  0.00000000e+00]","[ 0.          0.45717427 12.4434557  -0.26138103 -6.08468056  0.49757144
  0.47361946  0.06175271]"
1747093067.5135322,"[ 0.          0.14855702  0.60717316 -2.85769169 -1.81099908  1.28812734
  0.96094176  2.52616063]","[ 0.00000000e+00  3.10952894e-02 -2.01868609e-01  1.85186086e-05
 -2.57672986e-01  1.05819570e-05  1.85606472e-05  0.00000000e+00]","[ 0.          0.51026469 12.3801918  -0.24196738 -6.14852047  0.47405857
  0.46158907  0.04775215]"
1747093067.5151782,"[ 0.          0.14858778  0.60697436 -2.85769169 -1.8112558   1.28812734
  0.96094176  2.52616063]","[ 0.00000000e+00  3.13313079e-02 -2.01492721e-01  1.85324169e-05
 -2.60373964e-01  1.05819570e-05  1.85604623e-05  0.00000000e+00]","[ 0.          0.50984251 12.39475441 -0.25127029 -6.17977953  0.48091614
  0.4628596   0.05384739]"
1747093067.5168955,"[ 0.          0.14864978  0.60657948 -2.85769116 -1.81179057  1.28812734
  0.96094176  2.52616063]","[ 0.00000000e+00  3.16014045e-02 -1.99872137e-01  2.38094022e-05
 -2.61300728e-01  1.05820616e-05  1.85604623e-05  0.00000000e+00]","[ 0.          0.54591638 12.34568977 -0.24611574 -6.2031126   0.49513254
  0.48169327  0.05568541]"
1747093067.5185428,"[ 0.          0.14868284  0.60636869 -2.85769116 -1.81204889  1.28812734
  0.96094269  2.52616063]","[ 0.00000000e+00  3.10660363e-02 -1.98608617e-01  2.38094022e-05
 -2.61994548e-01  1.05820616e-05  2.91443860e-05  0.00000000e+00]","[ 0.          0.54913509 12.3129673  -0.23537964 -6.15220833  0.52812994
  0.48963222  0.06415121]"
1747093067.5202749,"[ 0.          0.14874299  0.60597381 -2.85769116 -1.81256608  1.28812828
  0.96094269  2.52616063]","[ 0.00000000e+00  3.07911127e-02 -1.99939449e-01  2.38276277e-05
 -2.62534753e-01  2.11479478e-05  2.91667301e-05  0.00000000e+00]","[ 0.          0.56016666 12.24827194 -0.23238438 -6.0777626   0.51627028
  0.49969351  0.05189285]"
1747093067.5219374,"[ 0.          0.14877283  0.60575936 -2.85769116 -1.81282121  1.28812828
  0.96094269  2.52616063]","[ 0.00000000e+00  3.02509176e-02 -2.01868609e-01  2.38094022e-05
 -2.58753381e-01  2.11639139e-05  2.91664395e-05  0.00000000e+00]","[ 0.          0.59396309 12.21895504 -0.21723087 -6.07063675  0.51788658
  0.49885848  0.05915587]"
1747093067.5230412,"[ 0.          0.14883024  0.60536261 -2.85769116 -1.81335278  1.28812828
  0.96094269  2.52616063]","[ 0.00000000e+00  2.73337616e-02 -2.01222626e-01  2.38273920e-05
 -2.60373964e-01  2.11481571e-05  2.91443860e-05  0.00000000e+00]","[ 0.          0.62961179 12.13240147 -0.22764233 -6.09244347  0.47595209
  0.50629234  0.05863164]"
1747093067.5253327,"[ 0.          0.14888074  0.60494936 -2.85769116 -1.81386783  1.28812828
  0.96094269  2.52616063]","[ 0.00000000e+00  2.51190644e-02 -2.01428172e-01  1.85186086e-05
 -2.61454359e-01  2.11639139e-05  2.91664395e-05  0.00000000e+00]","[ 0.          0.65779191 12.02898502 -0.19089523 -6.10718775  0.45329109
  0.51713604  0.04219097]"
1747093067.5269756,"[ 0.          0.14893126  0.60455122 -2.85769169 -1.81440206  1.28812828
  0.96094269  2.52616063]","[ 0.00000000e+00  2.45753093e-02 -2.01492721e-01  1.32374398e-05
 -2.60914170e-01  2.11479478e-05  2.91664395e-05  0.00000000e+00]","[ 0.          0.710118   11.98338127 -0.16111897 -6.02447367  0.45686552
  0.51517224  0.02869971]"
1747093067.5286505,"[ 0.          0.14895559  0.60435281 -2.85769116 -1.81465986  1.28812828
  0.96094269  2.52616063]","[ 0.00000000e+00  2.45788713e-02 -2.01222626e-01  1.85324169e-05
 -2.61454359e-01  2.11959173e-05  2.91664395e-05  0.00000000e+00]","[ 0.          0.73537701 11.93474293 -0.1668617  -5.98524046  0.43991783
  0.51671624  0.02411599]"
1747093067.530339,"[ 0.          0.14901024  0.60393822 -2.85769116 -1.81519063  1.28812828
  0.96094269  2.52616063]","[ 0.00000000e+00  2.75585803e-02 -2.03113304e-01  1.85184257e-05
 -2.58542275e-01  2.11959173e-05  2.91664395e-05  0.00000000e+00]","[ 0.          0.75039458 11.88633633 -0.15393846 -5.95825005  0.43344089
  0.52539998  0.04264286]"
1747093067.5320385,"[ 0.          0.14906901  0.60353688 -2.85769116 -1.81570169  1.28812828
  0.96094269  2.52616063]","[ 0.00000000e+00  3.07911127e-02 -2.03653493e-01  1.85325998e-05
 -2.59293570e-01  2.11959173e-05  2.91664395e-05  0.00000000e+00]","[ 0.          0.7670427  11.80205059 -0.12055071 -6.01250029  0.45101577
  0.52443737  0.05489087]"
1747093067.5342817,"[ 0.          0.14913514  0.6031167  -2.85769116 -1.81623538  1.28812828
  0.96094362  2.52616063]","[ 0.00000000e+00  3.28506684e-02 -2.05937753e-01  1.32374398e-05
 -2.61802267e-01  2.11959173e-05  3.71209245e-05  0.00000000e+00]","[ 0.          0.80609441 11.76891327 -0.10747961 -6.05105495  0.45404953
  0.5158183   0.05870383]"
1747093067.535972,"[ 0.          0.14919989  0.60270758 -2.85769116 -1.8167515   1.28812828
  0.96094362  2.52616063]","[ 0.00000000e+00  3.26817948e-02 -2.08245149e-01  1.32374398e-05
 -2.62264642e-01  2.11961286e-05  3.71209245e-05  0.00000000e+00]","[ 0.          0.80589557 11.83883858 -0.12075193 -6.09178305  0.47153336
  0.5167132   0.04666234]"
1747093067.5376801,"[ 0.          0.14926464  0.60227914 -2.85769116 -1.81726523  1.28812828
  0.96094362  2.52616063]","[ 0.00000000e+00  3.26817948e-02 -2.09055449e-01  1.32474486e-05
 -2.59293570e-01  2.11959173e-05  3.71209245e-05  0.00000000e+00]","[ 0.          0.82295281 11.90442467 -0.11089673 -6.10852385  0.47846267
  0.5106051   0.04985265]"
1747093067.5393436,"[ 0.          0.14929999  0.60207208 -2.85769169 -1.81753927  1.28812828
  0.96094362  2.52616063]","[ 0.00000000e+00  3.33522061e-02 -2.09922924e-01  7.94246417e-06
 -2.58040752e-01  2.11799045e-05  3.71212943e-05  0.00000000e+00]","[ 0.          0.80618805 11.9839077  -0.10941087 -6.14499855  0.48013401
  0.4921701   0.05565807]"
1747093067.5410385,"[ 0.          0.1493661   0.60163998 -2.85769169 -1.818049    1.28812828
  0.96094362  2.52616063]","[ 0.00000000e+00  3.34920866e-02 -2.12150109e-01  7.94246417e-06
 -2.58483286e-01  2.11959173e-05  3.71209245e-05  0.00000000e+00]","[ 0.          0.79171753 12.0619688  -0.10856829 -6.2764039   0.48126918
  0.48224279  0.06670805]"
1747093067.5439885,"[ 0.          0.14939963  0.60143192 -2.85769116 -1.81830306  1.28812828
  0.96094362  2.52616063]","[ 0.00000000e+00  3.39978000e-02 -2.10946127e-01  1.32474486e-05
 -2.57672986e-01  2.11957060e-05  2.65149452e-05  0.00000000e+00]","[ 0.          0.78343898 12.06828308 -0.11110213 -6.38040686  0.46999031
  0.49588579  0.06862622]"
1747093067.5462365,"[ 0.          0.14950157  0.60079736 -2.85769169 -1.81909189  1.28812828
  0.96094462  2.52616063]","[ 0.00000000e+00  3.26817948e-02 -2.08890133e-01  5.29502843e-06
 -2.61724453e-01  2.11959173e-05  3.71209245e-05  0.00000000e+00]","[ 0.          0.80526054 12.14951324 -0.08953024 -6.57263899  0.49490666
  0.5176509   0.05233055]"
1747093067.5479953,"[ 0.          0.14956311  0.6003827  -2.85769169 -1.81960934  1.28812828
  0.96094462  2.52616063]","[ 0.00000000e+00  2.90891406e-02 -2.10135844e-01  5.29897933e-06
 -2.62534753e-01  2.11801137e-05  3.71209245e-05  0.00000000e+00]","[ 0.          0.81581831 12.14963055 -0.11219269 -6.65855885  0.5258764
  0.51189852  0.04804109]"
1747093067.5497885,"[ 0.          0.14961086  0.59996852 -2.85769169 -1.82014996  1.28812828
  0.96094462  2.52616063]","[ 0.00000000e+00  2.26652007e-02 -2.09595638e-01  5.29497611e-06
 -2.64155337e-01  2.11961286e-05  3.71209245e-05  0.00000000e+00]","[ 0.          0.82572287 12.19964123 -0.11121833 -6.64505625  0.54181492
  0.50023842  0.05426166]"
1747093067.551581,"[ 0.          0.14963014  0.59974534 -2.85769169 -1.82041069  1.28812828
  0.96094462  2.52616063]","[ 0.00000000e+00  1.94470181e-02 -2.10143966e-01  5.29502843e-06
 -2.64157517e-01  2.11959173e-05  3.71490329e-05  0.00000000e+00]","[ 0.          0.82026684 12.19046116 -0.09702698 -6.63114595  0.54508853
  0.5023244   0.0547329 ]"
1747093067.5527802,"[ 0.          0.14966413  0.59932929 -2.85769169 -1.82095024  1.28812921
  0.96094462  2.52616063]","[ 0.00000000e+00  1.53955564e-02 -2.11486316e-01  0.00000000e+00
 -2.63306887e-01  2.91443860e-05  3.71209245e-05  0.00000000e+00]","[ 0.          0.82977504 12.24170876 -0.10356848 -6.61511803  0.51893711
  0.5013479   0.04061497]"
1747093067.5545757,"[ 0.          0.14968893  0.59889952 -2.85769116 -1.82147276  1.28812921
  0.96094462  2.52616063]","[ 0.00000000e+00  1.21420713e-02 -2.08515244e-01  5.29497611e-06
 -2.65505826e-01  2.91443860e-05  3.71490329e-05  0.00000000e+00]","[ 0.          0.89548635 12.28377247 -0.06852951 -6.62095213  0.48985106
  0.49386591  0.0455601 ]"
1747093067.5563743,"[ 0.          0.14969948  0.59869473 -2.85769116 -1.82173375  1.28812921
  0.96094462  2.52616063]","[ 0.00000000e+00  1.00401922e-02 -2.07704960e-01  5.30700455e-06
 -2.64427329e-01  2.91664395e-05  3.71209245e-05  0.00000000e+00]","[ 0.          0.90819174 12.29240322 -0.04586197 -6.60382795  0.48549455
  0.48958719  0.07280002]"
1747093067.5575874,"[ 0.          0.14970867  0.59849126 -2.85769116 -1.82199394  1.28812921
  0.96094462  2.52616063]","[ 0.00000000e+00  9.17400947e-03 -2.06354471e-01  5.30298914e-06
 -2.64153140e-01  2.91443860e-05  3.71209245e-05  0.00000000e+00]","[ 0.          0.94720781 12.2997961  -0.04441671 -6.62745714  0.47366834
  0.48554972  0.05921471]"
1747093067.559307,"[ 0.          0.1497252   0.59806835 -2.85769116 -1.82253802  1.28812921
  0.96094462  2.52616063]","[ 0.00000000e+00  8.37302164e-03 -2.06685036e-01  0.00000000e+00
 -2.65775920e-01  2.91443860e-05  3.71209245e-05  0.00000000e+00]","[ 0.          0.98321694 12.30575562 -0.02366568 -6.57459688  0.47164729
  0.48680955  0.04571615]"
1747093067.5605268,"[ 0.          0.14974081  0.59765922 -2.85769116 -1.8230584   1.28812921
  0.96094462  2.52616063]","[ 0.00000000e+00  7.67219259e-03 -2.07164771e-01  0.00000000e+00
 -2.63615131e-01  2.91446766e-05  3.71209245e-05  0.00000000e+00]","[ 0.00000000e+00  1.03375018e+00  1.22834120e+01  2.91987066e-03
 -6.52874804e+00  4.67514396e-01  4.76174414e-01  4.26929407e-02]"
1747093067.5623145,"[ 0.          0.14975045  0.59743745 -2.85769116 -1.8233375   1.28812921
  0.96094462  2.52616063]","[ 0.00000000e+00  8.27535905e-03 -2.08890133e-01  0.00000000e+00
 -2.62805347e-01  2.91443860e-05  3.71209245e-05  0.00000000e+00]","[ 0.          1.04418659 12.26628876  0.03158506 -6.49978447  0.47432235
  0.47370324  0.04830552]"
1747093067.5634766,"[ 0.          0.14976744  0.59702372 -2.85769116 -1.82385469  1.28812921
  0.96094462  2.52616063]","[ 0.00000000e+00  8.98483453e-03 -2.10192752e-01  0.00000000e+00
 -2.61454359e-01  2.91220786e-05  3.71486631e-05  0.00000000e+00]","[ 0.          1.0868963  12.27482986  0.05985609 -6.55436659  0.47738668
  0.45214021  0.05834667]"
1747093067.565231,"[ 0.          0.14977708  0.59681753 -2.85769116 -1.82411301  1.28812921
  0.96094462  2.52616063]","[ 0.00000000e+00  9.72350907e-03 -2.09055449e-01  0.00000000e+00
 -2.61994548e-01  2.91443860e-05  3.71209245e-05  0.00000000e+00]","[ 0.          1.10669196 12.27236557  0.08358554 -6.59656572  0.47751528
  0.45024076  0.04774312]"
1747093067.5669503,"[ 0.          0.14979775  0.59639322 -2.85769116 -1.82465364  1.28812921
  0.96094462  2.52616063]","[ 0.00000000e+00  1.08570118e-02 -2.06894660e-01 -5.30298914e-06
 -2.64309950e-01  2.91443860e-05  3.71209245e-05  0.00000000e+00]","[ 0.          1.13736749 12.27505875  0.11146264 -6.64994574  0.45478171
  0.44973725  0.03854616]"
1747093067.568591,"[ 0.          0.149823    0.59599102 -2.85769116 -1.82517562  1.28812921
  0.96094462  2.52616063]","[ 0.00000000e+00  1.25266276e-02 -2.03113304e-01 -5.30298914e-06
 -2.64697157e-01  2.91443860e-05  3.70648338e-05  0.00000000e+00]","[ 0.          1.16076696 12.2965498   0.10166959 -6.6885252   0.46627435
  0.44557264  0.04862569]"
1747093067.5703645,"[ 0.          0.14983816  0.59579261 -2.85769116 -1.82543607  1.28812921
  0.96094462  2.52616063]","[ 0.00000000e+00  1.33392080e-02 -2.01222626e-01 -5.30298914e-06
 -2.64155337e-01  2.91443860e-05  3.71209245e-05  0.00000000e+00]","[ 0.          1.16359019 12.3146677   0.09954536 -6.66170406  0.47218108
  0.44650382  0.04862569]"
1747093067.5720367,"[ 0.          0.14986571  0.59538209 -2.85769116 -1.82597829  1.28812921
  0.96094462  2.52616063]","[ 0.00000000e+00  1.50461080e-02 -2.00412326e-01 -5.29897933e-06
 -2.64425431e-01  2.91443860e-05  3.70928568e-05  0.00000000e+00]","[ 0.          1.1518085  12.26724625  0.13115811 -6.6176753   0.47487906
  0.4478265   0.06158153]"
1747093067.573802,"[ 0.          0.14989923  0.59498581 -2.85769116 -1.82649495  1.28812921
  0.96094462  2.52616063]","[ 0.00000000e+00  1.62058481e-02 -2.02032910e-01 -5.30298914e-06
 -2.61998925e-01  2.91443860e-05  3.71209245e-05  0.00000000e+00]","[ 0.          1.15006888 12.23847389  0.13970472 -6.61500311  0.4444716
  0.45215505  0.03681894]"
1747093067.575003,"[ 0.          0.14991208  0.59477136 -2.85769116 -1.82675434  1.28812921
  0.96094462  2.52616063]","[ 0.00000000e+00  1.53091888e-02 -2.01868609e-01 -5.30298914e-06
 -2.63074942e-01  2.91443860e-05  3.71209245e-05  0.00000000e+00]","[ 0.          1.14049387 12.20340347  0.12999392 -6.62900782  0.42993107
  0.45874926  0.02411193]"
1747093067.5768197,"[ 0.          0.14994699  0.59437421 -2.85769116 -1.82729576  1.28812921
  0.96094462  2.52616063]","[ 0.00000000e+00  1.54453981e-02 -2.00682421e-01 -5.30304197e-06
 -2.64965620e-01  2.91443860e-05  3.70651995e-05  0.00000000e+00]","[ 0.          1.1461854  12.18196964  0.13841851 -6.70230913  0.42594749
  0.46264744  0.04689172]"
1747093067.5779655,"[ 0.          0.14996305  0.59417674 -2.85769116 -1.82755568  1.28812921
  0.96094462  2.52616063]","[ 0.00000000e+00  1.62058481e-02 -2.00209277e-01 -5.30298914e-06
 -2.63615131e-01  2.91443860e-05  3.71209245e-05  0.00000000e+00]","[ 0.          1.1482327  12.1330452   0.13551131 -6.68519306  0.43660268
  0.46108523  0.04210163]"
1747093067.5796936,"[ 0.          0.14997592  0.59376808 -2.85769116 -1.8280971   1.28812921
  0.96094462  2.52616063]","[ 0.00000000e+00  1.53275459e-02 -1.99872137e-01 -5.29897933e-06
 -2.64560720e-01  2.91443860e-05  3.70928568e-05  0.00000000e+00]","[ 0.          1.13446677 12.08729744  0.1200692  -6.70905972  0.4439646
  0.47617736  0.01400423]"
1747093067.5814407,"[ 0.          0.14999657  0.59357293 -2.85769063 -1.82835756  1.28812921
  0.96094462  2.52616063]","[ 0.00000000e+00  1.71109192e-02 -1.97981443e-01  0.00000000e+00
 -2.64155337e-01  2.91440955e-05  3.70648338e-05  0.00000000e+00]","[ 0.          1.12515843 12.04152203  0.12047606 -6.7339468   0.45616809
  0.48433483  0.01390411]"
1747093067.5825686,"[ 0.          0.15003286  0.59316787 -2.85769063 -1.82887581  1.28812921
  0.96094462  2.52616063]","[ 0.00000000e+00  1.91769216e-02 -1.96971389e-01  0.00000000e+00
 -2.62534753e-01  2.91443860e-05  2.91226556e-05  0.00000000e+00]","[ 0.          1.08569169 11.95325661  0.10036249 -6.78815079  0.46216801
  0.50469291  0.0223386 ]"
1747093067.5842276,"[ 0.          0.15005673  0.59297226 -2.85769063 -1.82915651  1.28812921
  0.96094462  2.52616063]","[ 0.00000000e+00  2.10619070e-02 -1.98251554e-01  0.00000000e+00
 -2.64309950e-01  2.91223691e-05  2.91443860e-05  0.00000000e+00]","[ 0.          1.0713135  11.88946056  0.07504164 -6.78851318  0.46526042
  0.51223207  0.02553566]"
1747093067.5859258,"[ 0.          0.15010586  0.59257551 -2.85769063 -1.82968355  1.28812921
  0.96094462  2.52616063]","[ 0.00000000e+00  2.61994548e-02 -2.02573099e-01  0.00000000e+00
 -2.67125577e-01  2.91443860e-05  2.91664395e-05  0.00000000e+00]","[ 0.          1.05254173 11.8109827   0.07475975 -6.76907587  0.45460567
  0.50294936  0.04501302]"
1747093067.5876107,"[ 0.          0.15016648  0.59215999 -2.85769063 -1.83023456  1.28812921
  0.96094462  2.52616063]","[ 0.00000000e+00  3.10952894e-02 -2.01492721e-01  0.00000000e+00
 -2.69579180e-01  2.91443860e-05  2.91223691e-05  0.00000000e+00]","[ 0.          1.01266706 11.78526592  0.09626704 -6.71679401  0.44143549
  0.49734923  0.05231575]"
1747093067.589266,"[ 0.          0.15019954  0.59196112 -2.85769063 -1.83049954  1.28812921
  0.96094462  2.52616063]","[ 0.00000000e+00  3.34920866e-02 -2.01762815e-01  0.00000000e+00
 -2.68474701e-01  2.91443860e-05  2.91443860e-05  0.00000000e+00]","[ 0.          0.98919702 11.80959892  0.09197373 -6.71461535  0.4380374
  0.48613504  0.03187835]"
1747093067.5910234,"[ 0.          0.15027348  0.59154973 -2.85769063 -1.83102711  1.28812921
  0.96094462  2.52616063]","[ 0.00000000e+00  3.68282846e-02 -2.00614760e-01  0.00000000e+00
 -2.67396504e-01  2.91443860e-05  2.90784288e-05  0.00000000e+00]","[ 0.          0.95385075 11.79185963  0.03896032 -6.6939373   0.43209341
  0.48388371  0.02416025]"
1747093067.5928278,"[ 0.          0.15034556  0.59115891 -2.85769063 -1.83157439  1.28812921
  0.96094555  2.52616063]","[ 0.00000000e+00  3.61930625e-02 -1.97981443e-01  0.00000000e+00
 -2.66585921e-01  2.91003827e-05  3.70368514e-05  0.00000000e+00]","[ 0.          0.90549797 11.7159214   0.0298061  -6.69860888  0.43495828
  0.50839484  0.02817346]"
1747093067.5956476,"[ 0.          0.15041857  0.59075717 -2.85769063 -1.83210356  1.28812921
  0.96094555  2.52616063]","[ 0.00000000e+00  3.53583529e-02 -1.95850165e-01  5.30298914e-06
 -2.68746993e-01  2.91443860e-05  3.70089097e-05  0.00000000e+00]","[ 0.00000000e+00  8.36967111e-01  1.16529350e+01  5.65124303e-03
 -6.68564796e+00  4.25114185e-01  5.22333145e-01  2.81321742e-02]"
1747093067.5967653,"[ 0.          0.15048882  0.59036868 -2.85769063 -1.83265777  1.28812921
  0.96094649  2.52616063]","[ 0.00000000e+00  3.58865659e-02 -1.97780857e-01  5.30298914e-06
 -2.71177859e-01  2.91003827e-05  4.75833530e-05  0.00000000e+00]","[ 0.          0.76102293 11.55957985 -0.0452356  -6.65606213  0.43157563
  0.54099977  0.03169705]"
1747093067.5984902,"[ 0.          0.15052464  0.59017214 -2.85769063 -1.83292488  1.28812921
  0.96094649  2.52616063]","[ 0.00000000e+00  3.62298058e-02 -1.99331932e-01  5.30298914e-06
 -2.70907765e-01  2.91443860e-05  4.75833530e-05  0.00000000e+00]","[ 0.          0.72472036 11.50553894 -0.08617686 -6.6126585   0.44201806
  0.545964    0.04015691]"
1747093067.600277,"[ 0.          0.1505972   0.58976162 -2.85769116 -1.83348015  1.28812921
  0.96094748  2.52616063]","[ 0.00000000e+00  3.53827707e-02 -2.00614760e-01  0.00000000e+00
 -2.70579164e-01  2.91667301e-05  5.81568575e-05  0.00000000e+00]","[ 0.          0.64629823 11.48527527 -0.12786879 -6.56441975  0.45533371
  0.53793591  0.03951519]"
1747093067.6019425,"[ 0.          0.15066195  0.58936214 -2.85769116 -1.83401598  1.28812921
  0.96094748  2.52616063]","[ 0.00000000e+00  3.21415997e-02 -2.03113304e-01  0.00000000e+00
 -2.70907765e-01  2.91664395e-05  5.81568575e-05  0.00000000e+00]","[ 0.          0.60597587 11.46817207 -0.16167328 -6.57614374  0.4334996
  0.55260658  0.03906959]"
1747093067.6037438,"[ 0.          0.15072164  0.58895941 -2.85769116 -1.83455181  1.28812921
  0.96094748  2.52616063]","[ 0.00000000e+00  2.85607112e-02 -2.04463793e-01  0.00000000e+00
 -2.72258254e-01  2.91223691e-05  5.81574305e-05  0.00000000e+00]","[ 0.          0.5636549  11.472785   -0.18233651 -6.55843735  0.42072955
  0.56219798  0.04368613]"
1747093067.605541,"[ 0.          0.15074782  0.58874223 -2.85769116 -1.83484316  1.28812921
  0.96094842  2.52616063]","[ 0.00000000e+00  2.64695534e-02 -2.04627062e-01  0.00000000e+00
 -2.74340696e-01  1.85324169e-05  6.60873364e-05  0.00000000e+00]","[ 0.          0.54558462 11.54611778 -0.18522267 -6.52006197  0.42846313
  0.56327742  0.03854863]"
1747093067.6072454,"[ 0.          0.15079787  0.58833862 -2.85769116 -1.83538271  1.28812921
  0.96094842  2.52616063]","[ 0.00000000e+00  2.51190644e-02 -2.04463793e-01  0.00000000e+00
 -2.73608743e-01  1.85464284e-05  6.60873364e-05  0.00000000e+00]","[ 0.          0.54930955 11.64087105 -0.18383493 -6.43417835  0.4182612
  0.54197049  0.03798061]"
1747093067.6084368,"[ 0.          0.1508245   0.58808882 -2.85769116 -1.83565222  1.28812921
  0.96094842  2.52616063]","[ 0.00000000e+00  2.50768450e-02 -2.05769774e-01  0.00000000e+00
 -2.73338648e-01  1.85325998e-05  6.60873364e-05  0.00000000e+00]","[ 0.          0.52913761 11.58872795 -0.19435844 -6.39350224  0.41102952
  0.54540408  0.03798061]"
1747093067.6101806,"[ 0.          0.15087685  0.58771551 -2.85769116 -1.83621282  1.28812921
  0.96094842  2.52616063]","[ 0.00000000e+00  2.75499417e-02 -2.05079350e-01  0.00000000e+00
 -2.74419043e-01  1.85464284e-05  6.60381742e-05  0.00000000e+00]","[ 0.          0.50285327 11.61451626 -0.20352213 -6.31477499  0.41908893
  0.54192764  0.05211366]"
1747093067.6113107,"[ 0.          0.15090531  0.58751205 -2.85769116 -1.83648313  1.28812921
  0.96094842  2.52616063]","[ 0.00000000e+00  2.89004307e-02 -2.06354471e-01  0.00000000e+00
 -2.74148932e-01  1.85184257e-05  6.60879907e-05  0.00000000e+00]","[ 0.          0.48894998 11.66629696 -0.20523846 -6.2792592   0.41905025
  0.55071998  0.03964247]"
1747093067.613023,"[ 0.          0.15096914  0.58708594 -2.85769116 -1.83704905  1.28812921
  0.96094935  2.52616063]","[ 0.00000000e+00  3.21415997e-02 -2.09157132e-01  0.00000000e+00
 -2.77339532e-01  1.85604623e-05  7.40178194e-05  0.00000000e+00]","[ 0.00000000e+00  4.67354625e-01  1.16967916e+01 -2.20114186e-01
 -6.27164459e+00  4.18797284e-01  5.57453275e-01  1.12480558e-02]"
1747093067.614787,"[ 0.          0.15100267  0.58687974 -2.85769116 -1.83732416  1.28812921
  0.96094935  2.52616063]","[ 0.00000000e+00  3.40322817e-02 -2.09055449e-01  0.00000000e+00
 -2.79010699e-01  1.85464284e-05  7.40178194e-05  0.00000000e+00]","[ 0.          0.45201594 11.67303181 -0.24864404 -6.29145432  0.4187175
  0.55808336  0.01893554]"
1747093067.615993,"[ 0.          0.15107475  0.58641782 -2.85769116 -1.83787836  1.28812921
  0.96094935  2.52616063]","[ 0.00000000e+00  3.58936899e-02 -2.09642426e-01  5.30298914e-06
 -2.81441566e-01  1.85186086e-05  7.40185509e-05  0.00000000e+00]","[ 0.          0.40490699 11.79768276 -0.29793841 -6.29299545  0.42278859
  0.55454105  0.03951446]"
1747093067.6177053,"[ 0.          0.15114684  0.58603392 -2.85769169 -1.83846239  1.28812921
  0.96094935  2.52616063]","[ 0.00000000e+00  3.67332556e-02 -2.10946127e-01 -5.30298914e-06
 -2.85607116e-01  1.85044548e-05  7.40178194e-05  0.00000000e+00]","[ 0.          0.3942844  11.93096542 -0.33969164 -6.23850346  0.45770678
  0.57294124  0.05019378]"
1747093067.618916,"[ 0.          0.15118496  0.58579238 -2.85769169 -1.83874469  1.28812921
  0.96094935  2.52616063]","[ 0.00000000e+00  3.86239376e-02 -2.12257218e-01 -5.30298914e-06
 -2.86303333e-01  1.85044548e-05  6.60873364e-05  0.00000000e+00]","[ 0.          0.36811733 12.05092049 -0.33811533 -6.19923878  0.46471864
  0.55675197  0.04053435]"
1747093067.6212895,"[ 0.          0.15126853  0.58539017 -2.85769169 -1.83931274  1.28812921
  0.96095028  2.52616063]","[ 0.00000000e+00  4.18226896e-02 -2.11139223e-01 -5.30293632e-06
 -2.88734200e-01  1.05740785e-05  7.40178194e-05  0.00000000e+00]","[ 0.          0.32133189 12.16095543 -0.36585584 -6.15913725  0.46409491
  0.56156516  0.03004091]"
1747093067.6224053,"[ 0.          0.15131124  0.58515042 -2.85769169 -1.83961954  1.28812921
  0.96095028  2.52616063]","[ 0.00000000e+00  4.32155977e-02 -2.10619074e-01 -5.30298914e-06
 -2.88885267e-01  1.05739739e-05  7.40185509e-05  0.00000000e+00]","[ 0.          0.30830705 12.1735487  -0.37180558 -6.19059515  0.46565825
  0.55655503  0.03428983]"
1747093067.6241703,"[ 0.          0.15139986  0.58471373 -2.85769222 -1.84019584  1.28812921
  0.96095028  2.52616063]","[ 0.00000000e+00  4.40937293e-02 -2.13654728e-01 -1.06059783e-05
 -2.92219179e-01  1.05660030e-05  7.40185509e-05  0.00000000e+00]","[ 0.          0.25649238 12.18726921 -0.39408165 -6.18813419  0.47741145
  0.54277992  0.03944378]"
1747093067.625349,"[ 0.          0.15148114  0.5845347  -2.85769222 -1.84080251  1.28812921
  0.96095028  2.52616063]","[ 0.00000000e+00  3.97043280e-02 -2.14585636e-01 -1.06059783e-05
 -2.97160641e-01  1.05739739e-05  7.40178194e-05  0.00000000e+00]","[ 0.          0.22644615 12.2439642  -0.44443679 -6.1289773   0.45881763
  0.5465408   0.05003465]"
1747093067.6271462,"[ 0.          0.15151879  0.58428995 -2.85769222 -1.84109493  1.28812921
  0.96095028  2.52616063]","[ 0.00000000e+00  3.80837445e-02 -2.15065471e-01 -5.30298914e-06
 -2.96567022e-01  1.05740785e-05  7.40178194e-05  0.00000000e+00]","[ 0.          0.22078806 12.23420429 -0.47136059 -6.10950422  0.45655122
  0.55316496  0.05448318]"
1747093067.6283362,"[ 0.          0.15159547  0.58386425 -2.85769222 -1.84168349  1.28812921
  0.96095128  2.52616063]","[ 0.00000000e+00  3.75798828e-02 -2.16398700e-01 -1.06059783e-05
 -2.98694955e-01  1.05739739e-05  8.45926284e-05  0.00000000e+00]","[ 0.          0.19058008 12.26889992 -0.52357608 -6.05561686  0.46399206
  0.55393606  0.0542191 ]"
1747093067.6301024,"[ 0.          0.1516345   0.58361677 -2.85769222 -1.84197803  1.28812921
  0.96095128  2.52616063]","[ 0.00000000e+00  3.97043280e-02 -2.17405674e-01 -1.06059783e-05
 -2.99031079e-01  1.05740785e-05  8.45926284e-05  0.00000000e+00]","[ 0.          0.19401714 12.30809021 -0.52818    -6.05667019  0.47031102
  0.54600179  0.06736324]"
1747093067.631322,"[ 0.          0.1516717   0.58340372 -2.85769249 -1.84229708  1.28812921
  0.96095128  2.52616063]","[ 0.00000000e+00  3.78136459e-02 -2.16297350e-01 -1.32574726e-05
 -3.00137989e-01  1.05740785e-05  8.45280243e-05  0.00000000e+00]","[ 0.          0.16949354 12.32826996 -0.52585393 -5.99812031  0.47495896
  0.53946662  0.06290378]"
1747093067.633968,"[ 0.          0.15174747  0.58296516 -2.85769249 -1.84289682  1.28812921
  0.96095128  2.52616063]","[ 0.00000000e+00  3.63614283e-02 -2.12836805e-01 -1.32573405e-05
 -3.05480256e-01  1.05661077e-05  8.45917913e-05  0.00000000e+00]","[ 0.          0.15024421 12.33863163 -0.52463192 -5.95202637  0.46843201
  0.52985793  0.05713907]"
1747093067.635087,"[ 0.          0.15181496  0.58254731 -2.85769249 -1.84352533  1.28812921
  0.96095128  2.52616063]","[ 0.00000000e+00  3.29518914e-02 -2.11486316e-01 -1.32574726e-05
 -3.07370934e-01  1.05739739e-05  7.66042829e-05  0.00000000e+00]","[ 0.          0.1133682  12.31738567 -0.55164176 -5.94240665  0.47352576
  0.53131962  0.0486566 ]"
1747093067.6368754,"[ 0.          0.1518742   0.58211748 -2.85769302 -1.84413253  1.28812921
  0.96095221  2.52616063]","[ 0.00000000e+00  2.89004307e-02 -2.11147046e-01 -1.85604623e-05
 -3.07599134e-01  1.05740785e-05  8.45917913e-05  0.00000000e+00]","[ 0.          0.13143882 12.27591896 -0.60038692 -5.88926506  0.4770861
  0.5534575   0.06451272]"
1747093067.638083,"[ 0.          0.15190313  0.58191042 -2.85769302 -1.84443373  1.28812921
  0.96095221  2.52616063]","[ 0.00000000e+00  2.73337616e-02 -2.10349179e-01 -1.85464284e-05
 -3.05480256e-01  1.05739739e-05  8.45917913e-05  0.00000000e+00]","[ 0.          0.11450513 12.23783398 -0.61237097 -5.91713095  0.47915244
  0.55704534  0.0640872 ]"
1747093067.6398318,"[ 0.          0.15195227  0.58147879 -2.85769302 -1.84506224  1.28812921
  0.96095221  2.52616063]","[ 0.00000000e+00  2.43087727e-02 -2.10896276e-01 -1.32574726e-05
 -3.07641012e-01  1.05661077e-05  8.45917913e-05  0.00000000e+00]","[ 0.          0.09939659 12.18332958 -0.63095641 -5.82725525  0.48381352
  0.55957133  0.05785068]"
1747093067.6416051,"[ 0.          0.15197568  0.5812694  -2.85769302 -1.84536664  1.28812921
  0.96095221  2.52616063]","[ 0.00000000e+00  2.37685775e-02 -2.12296616e-01 -1.32574726e-05
 -3.08721423e-01  1.05740785e-05  8.45926284e-05  0.00000000e+00]","[ 0.          0.09352814 12.15198135 -0.62890935 -5.80083847  0.49363679
  0.56297654  0.05196374]"
1747093067.6433496,"[ 0.          0.15203905  0.58063157 -2.85769356 -1.8463062   1.28812921
  0.96095221  2.52616063]","[ 0.00000000e+00  1.94470181e-02 -2.08944146e-01 -2.38634509e-05
 -3.09658224e-01  1.05740785e-05  8.45280243e-05  0.00000000e+00]","[ 0.          0.14312281 12.09745598 -0.59636617 -5.80834913  0.4753294
  0.55415481  0.07114946]"
1747093067.644548,"[ 0.          0.15205605  0.58042677 -2.85769356 -1.8466106   1.28812921
  0.96095221  2.52616063]","[ 0.00000000e+00  1.72862385e-02 -2.07704960e-01 -2.38634509e-05
 -3.08721423e-01  1.05740785e-05  8.45917913e-05  0.00000000e+00]","[ 0.          0.16798343 12.06042767 -0.5765782  -5.76946211  0.46307439
  0.55693382  0.06131676]"
1747093067.6462786,"[ 0.          0.15208727  0.58000293 -2.85769356 -1.84721993  1.28813014
  0.96095314  2.52616063]","[ 0.00000000e+00  1.40308382e-02 -2.06633204e-01 -1.85464284e-05
 -3.09261612e-01  1.85044548e-05  9.51667059e-05  0.00000000e+00]","[ 0.          0.18734366 11.98467159 -0.54680657 -5.81769037  0.46177751
  0.55583656  0.04873494]"
1747093067.6474557,"[ 0.          0.15209876  0.57979953 -2.85769356 -1.84754883  1.28813014
  0.96095314  2.52616063]","[ 0.00000000e+00  1.16141912e-02 -2.06354471e-01 -1.85464284e-05
 -3.09407720e-01  1.85044548e-05  8.45288614e-05  0.00000000e+00]","[ 0.          0.20937929 11.87974453 -0.5396018  -5.85238361  0.46598849
  0.56405908  0.04371387]"
1747093067.649229,"[ 0.          0.15211665  0.57938854 -2.85769356 -1.84816136  1.28813014
  0.96095314  2.52616063]","[ 0.00000000e+00  7.77382236e-03 -2.08843628e-01 -1.85604623e-05
 -3.10612101e-01  1.85046377e-05  8.45917913e-05  0.00000000e+00]","[ 0.          0.25899139 11.79053497 -0.49049935 -5.91893339  0.4814896
  0.56516117  0.05454268]"
1747093067.6503575,"[ 0.          0.15212171  0.57918055 -2.85769356 -1.84846762  1.28813014
  0.96095314  2.52616063]","[ 0.00000000e+00  5.13185212e-03 -2.10946127e-01 -1.85464284e-05
 -3.10612101e-01  1.85044548e-05  8.45926284e-05  0.00000000e+00]","[ 0.          0.29086849 11.7600565  -0.47024211 -5.93604136  0.48704469
  0.57034266  0.04961869]"
1747093067.6521127,"[ 0.          0.15212675  0.57874658 -2.85769356 -1.84910039  1.28813014
  0.96095314  2.52616063]","[ 0.00000000e+00  1.89068235e-03 -2.11756427e-01 -1.85324169e-05
 -3.08181234e-01  1.05661077e-05  8.45280243e-05  0.00000000e+00]","[ 0.          0.31183591 11.73283482 -0.43300956 -5.95145988  0.496896
  0.54623896  0.04420885]"
1747093067.6538255,"[ 0.          0.15212675  0.57853859 -2.85769356 -1.84940452  1.28813014
  0.96095314  2.52616063]","[ 0.00000000e+00  0.00000000e+00 -2.10946127e-01 -1.85184257e-05
 -3.08451312e-01  1.05740785e-05  8.45926284e-05  0.00000000e+00]","[ 0.          0.35512486 11.74433517 -0.37703744 -6.00304556  0.50911093
  0.53144157  0.06241228]"
1747093067.6549718,"[ 0.          0.15212492  0.57810922 -2.85769356 -1.85008176  1.28813014
  0.96095314  2.52616063]","[ 0.00000000e+00 -6.14238145e-04 -2.09595638e-01 -2.38094022e-05
 -3.07911123e-01  1.05660030e-05  8.45288614e-05  0.00000000e+00]","[ 0.          0.42891955 11.73146439 -0.30957839 -6.11068296  0.51754111
  0.51594806  0.05607176]"
1747093067.6567585,"[ 0.          0.15212539  0.5776987  -2.85769356 -1.85069323  1.28813014
  0.96095314  2.52616063]","[ 0.00000000e+00 -3.31156572e-04 -2.07704960e-01 -2.38273920e-05
 -3.10297382e-01  1.05740785e-05  8.45917913e-05  0.00000000e+00]","[ 0.          0.48638526 11.66895008 -0.24515024 -6.22471666  0.52463704
  0.48659095  0.05757254]"
1747093067.6579382,"[ 0.          0.1521263   0.57749576 -2.85769356 -1.85102293  1.28813014
  0.96095314  2.52616063]","[ 0.00000000e+00  1.32495580e-04 -2.05814282e-01 -2.38096379e-05
 -3.10451346e-01  1.05739739e-05  8.45917913e-05  0.00000000e+00]","[ 0.          0.52437228 11.65626049 -0.23261198 -6.26936865  0.51221198
  0.49380639  0.06256756]"
1747093067.6603692,"[ 0.          0.15212722  0.57707332 -2.85769356 -1.85163412  1.28813014
  0.96095314  2.52616063]","[ 0.00000000e+00  2.22189315e-04 -2.06894660e-01 -2.38273920e-05
 -3.09531723e-01  1.05660030e-05  8.45288614e-05  0.00000000e+00]","[ 0.          0.59967721 11.61147308 -0.22739853 -6.30524397  0.53851879
  0.50262815  0.06387837]"
1747093067.6613815,"[ 0.          0.15212675  0.57664302 -2.85769356 -1.85226795  1.28813014
  0.96095314  2.52616063]","[ 0.00000000e+00  2.64239936e-04 -2.10645506e-01 -2.38094022e-05
 -3.08906646e-01  1.05739739e-05  8.45917913e-05  0.00000000e+00]","[ 0.          0.65272719 11.63461876 -0.20006095 -6.2754817   0.55872458
  0.49618128  0.06397338]"
1747093067.6631374,"[ 0.          0.15212675  0.57643596 -2.85769356 -1.85257288  1.28813014
  0.96095314  2.52616063]","[ 0.00000000e+00  2.31838413e-04 -2.10135844e-01 -2.38094022e-05
 -3.09261612e-01  1.05661077e-05  8.45917913e-05  0.00000000e+00]","[ 0.          0.66292346 11.63593197 -0.20006095 -6.26432896  0.55689436
  0.49392414  0.06264262]"
1747093067.6648283,"[ 0.          0.15212722  0.57602224 -2.85769356 -1.85318355  1.28813107
  0.96095314  2.52616063]","[ 0.00000000e+00  2.65490129e-04 -2.10135844e-01 -2.38276277e-05
 -3.09801801e-01  1.85044548e-05  8.45288614e-05  0.00000000e+00]","[ 0.          0.69204962 11.63793755 -0.1439245  -6.29209995  0.5484336
  0.47696474  0.0683658 ]"
1747093067.6660802,"[ 0.          0.15212768  0.57579813 -2.85769356 -1.85351192  1.28813107
  0.96095314  2.52616063]","[ 0.00000000e+00  2.63966809e-04 -2.11147046e-01 -2.38094022e-05
 -3.09197497e-01  1.85044548e-05  8.45926284e-05  0.00000000e+00]","[ 0.          0.71139497 11.67232227 -0.11115877 -6.36549616  0.53605574
  0.4780781   0.069038  ]"
1747093067.6678228,"[ 0.          0.15212768  0.57538394 -2.85769356 -1.85381685  1.28813107
  0.96095314  2.52615956]","[ 0.00000000e+00  1.32971898e-04 -2.10135844e-01 -2.38094022e-05
 -3.09261612e-01  1.85044548e-05  8.45280243e-05 -1.05740785e-05]","[ 0.          0.75828719 11.6424551  -0.11955421 -6.32307005  0.52339
  0.49370876  0.0619964 ]"
1747093067.6695042,"[ 0.          0.15212768  0.57517682 -2.85769356 -1.85412205  1.28813107
  0.96095314  2.52615956]","[ 0.00000000e+00  1.06388141e-04 -2.09922924e-01 -2.38273920e-05
 -3.09218103e-01  1.85046377e-05  8.45280243e-05 -1.05660030e-05]","[ 0.          0.76385385 11.62704563 -0.12148252 -6.35089159  0.51313561
  0.49754789  0.05972175]"
1747093067.671333,"[ 0.          0.15212813  0.57474751 -2.85769356 -1.85475082  1.28813107
  0.96095314  2.52615956]","[ 0.00000000e+00  7.91821884e-05 -2.10135844e-01 -2.38096379e-05
 -3.06940601e-01  1.84905043e-05  8.45917913e-05 -1.05661077e-05]","[ 0.          0.77858853 11.58737087 -0.09414152 -6.34096622  0.50335288
  0.48485431  0.06532026]"
1747093067.6724608,"[ 0.          0.15212813  0.57453812 -2.85769356 -1.85505389  1.28813107
  0.96095314  2.52615956]","[ 0.00000000e+00  7.21332883e-05 -2.12296616e-01 -2.38276277e-05
 -3.07370934e-01  1.85044548e-05  8.45926284e-05 -1.05740785e-05]","[ 0.          0.78875279 11.61756706 -0.06720007 -6.3702898   0.50225168
  0.47698608  0.07027435]"
1747093067.674181,"[ 0.          0.1521286   0.57410143 -2.85769356 -1.85568159  1.28813107
  0.96095314  2.52615956]","[ 0.00000000e+00  1.54552549e-04 -2.13153189e-01 -2.38094022e-05
 -3.06940601e-01  1.85044548e-05  8.47196178e-05 -1.05660030e-05]","[ 0.          0.8311047  11.67041874 -0.0610838  -6.39055157  0.52092373
  0.49123657  0.07337274]"
1747093067.6759264,"[ 0.          0.15212905  0.57368218 -2.85769356 -1.85628853  1.28813107
  0.96095414  2.52615956]","[ 0.00000000e+00  1.70788436e-04 -2.12836805e-01 -2.38094022e-05
 -3.07868979e-01  1.85046377e-05  9.51657631e-05 -1.05739739e-05]","[ 0.          0.85675406 11.70482254 -0.05911626 -6.3469038   0.52790916
  0.50046402  0.06824414]"
1747093067.6770265,"[ 0.          0.15212952  0.57347326 -2.85769356 -1.85659266  1.28813107
  0.96095414  2.52615956]","[ 0.00000000e+00  1.89751398e-04 -2.11756427e-01 -2.38273920e-05
 -3.08451312e-01  1.85046377e-05  9.52376087e-05 -1.05661077e-05]","[ 0.          0.8683188  11.69754982 -0.06349429 -6.34853125  0.52290773
  0.49836361  0.07527456]"
1747093067.6787539,"[ 0.          0.15212998  0.57303976 -2.85769356 -1.85722117  1.28813107
  0.96095414  2.52615956]","[ 0.00000000e+00  1.98706293e-04 -2.11147046e-01 -2.38094022e-05
 -3.07370934e-01  1.84905043e-05  9.51667059e-05 -1.05739739e-05]","[ 0.          0.91390139 11.71469212 -0.06913564 -6.35280848  0.51069564
  0.46958187  0.05607412]"
1747093067.680444,"[ 0.          0.15213043  0.5728327  -2.85769356 -1.85752184  1.28813107
  0.96095414  2.52615956]","[ 0.00000000e+00  2.31824012e-04 -2.09922924e-01 -2.38273920e-05
 -3.04940034e-01  1.84905043e-05  9.51657631e-05 -1.05739739e-05]","[ 0.          0.92549497 11.73585892 -0.04161052 -6.35808182  0.50872254
  0.46473077  0.07145262]"
1747093067.6822536,"[ 0.          0.15213135  0.57241938 -2.85769356 -1.85814635  1.28813107
  0.96095414  2.52615956]","[ 0.00000000e+00  2.49703488e-04 -2.09595638e-01 -2.91223691e-05
 -3.05686751e-01  1.85046377e-05  9.53095680e-05 -1.05660030e-05]","[ 0.          0.95046484 11.72988796 -0.02612181 -6.38875294  0.45937002
  0.46377558  0.0525701 ]"
1747093067.6834068,"[ 0.          0.15213135  0.57219714 -2.85769356 -1.85844729  1.28813107
  0.96095414  2.52615956]","[ 0.00000000e+00  2.36824493e-04 -2.09140903e-01 -2.91006692e-05
 -3.05210145e-01  1.85044548e-05  9.51657631e-05 -1.05661077e-05]","[ 0.          0.94801146 11.69479275 -0.01698458 -6.40943527  0.45532867
  0.47233444  0.03736418]"
1747093067.685103,"[ 0.          0.15213226  0.57178575 -2.85769356 -1.85905156  1.28813107
  0.96095414  2.52615956]","[ 0.00000000e+00  2.50756041e-04 -2.08456571e-01 -2.91223691e-05
 -3.06830745e-01  1.85044548e-05  9.52385514e-05 -1.05739739e-05]","[ 0.00000000e+00  9.81609762e-01  1.17492161e+01 -6.83674775e-03
 -6.41614532e+00  4.81517792e-01  4.70124990e-01  1.57480948e-02]"
1747093067.687977,"[ 0.          0.15213273  0.57157862 -2.85769356 -1.85937753  1.28813107
  0.96095414  2.52615956]","[ 0.00000000e+00  2.64239936e-04 -2.09922924e-01 -2.91223691e-05
 -3.06940601e-01  1.85044548e-05  9.53105108e-05 -1.05660030e-05]","[ 0.00000000e+00  1.00034332e+00  1.17934208e+01  8.18144903e-03
 -6.41747952e+00  5.08368492e-01  4.75875318e-01  1.65623818e-02]"
1747093067.6881118,"[ 0.          0.15213411  0.57114885 -2.85769356 -1.85998127  1.28813107
  0.96095414  2.52615956]","[ 0.00000000e+00  2.99270387e-04 -2.10143966e-01 -2.91003827e-05
 -3.05480256e-01  1.85046377e-05  9.53095680e-05 -1.05740785e-05]","[ 0.00000000e+00  1.01945448e+00  1.18197279e+01 -8.77895486e-03
 -6.42253447e+00  5.27947545e-01  4.88577574e-01  3.51058580e-02]"
1747093067.6903367,"[ 0.          0.15213549  0.57073326 -2.85769356 -1.86061004  1.28813107
  0.96095414  2.52615956]","[ 0.00000000e+00  3.27806197e-04 -2.10405938e-01 -2.91223691e-05
 -3.07442141e-01  1.85046377e-05  9.54538036e-05 -1.05740785e-05]","[ 0.00000000e+00  9.97490406e-01  1.18294992e+01 -3.23864096e-03
 -6.40460682e+00  5.17049372e-01  4.76862371e-01  4.75734770e-02]"
1747093067.6915154,"[ 0.          0.15213594  0.57052574 -2.85769356 -1.86091444  1.28813107
  0.96095414  2.52615956]","[ 0.00000000e+00  3.35795193e-04 -2.10405938e-01 -2.91006692e-05
 -3.08721423e-01  1.85044548e-05  9.54538036e-05 -1.05740785e-05]","[ 0.00000000e+00  1.00598049e+00  1.17828283e+01  8.36016797e-03
 -6.41783667e+00  5.10410011e-01  4.66182530e-01  5.36930114e-02]"
1747093067.6933491,"[ 0.          0.15213732  0.57009317 -2.85769356 -1.86152377  1.28813107
  0.96095414  2.52615956]","[ 0.00000000e+00  3.59579737e-04 -2.11486316e-01 -2.91223691e-05
 -3.09801801e-01  1.85324169e-05  8.47836692e-05 -1.05899522e-05]","[ 0.          1.00511754 11.7726717   0.02175183 -6.41421795  0.49314252
  0.45351458  0.04887081]"
1747093067.694489,"[ 0.          0.1521387   0.56966381 -2.85769302 -1.8621552   1.28813107
  0.96095414  2.52615956]","[ 0.00000000e+00  3.79292298e-04 -2.08388594e-01 -2.38094022e-05
 -3.08223745e-01  1.84906892e-05  8.48478263e-05 -1.05740785e-05]","[ 0.          1.02490866 11.73056698  0.03923927 -6.40951633  0.47285554
  0.45081162  0.03663755]"
1747093067.69627,"[ 0.          0.15213962  0.56945947 -2.85769302 -1.86245694  1.28813107
  0.96095414  2.52615956]","[ 0.00000000e+00  4.01451509e-04 -2.07164771e-01 -2.38096379e-05
 -3.05710387e-01  1.84905043e-05  7.68933393e-05 -1.05899522e-05]","[ 0.          1.04466009 11.78032017  0.05317123 -6.3734045   0.47451484
  0.45824575  0.04228599]"
1747093067.6980238,"[ 0.          0.152141    0.56905035 -2.85769302 -1.86308651  1.28813107
  0.96095414  2.52615956]","[ 0.00000000e+00  4.13971454e-04 -2.07704960e-01 -2.38273920e-05
 -3.07943680e-01  1.85044548e-05  7.68925753e-05 -1.05660030e-05]","[ 0.          1.06251502 11.73561287  0.09645171 -6.42119265  0.48963264
  0.47583896  0.0386184 ]"
1747093067.699858,"[ 0.          0.15214192  0.56883037 -2.85769302 -1.86339091  1.28813107
  0.96095414  2.52615956]","[ 0.00000000e+00  4.25758738e-04 -2.07134744e-01 -2.38273920e-05
 -3.08721423e-01  1.85046377e-05  6.62867037e-05 -1.05660030e-05]","[ 0.          1.0533092  11.69890499  0.08670473 -6.45165157  0.49443284
  0.47457418  0.04121356]"
1747093067.7009964,"[ 0.          0.1521433   0.56842217 -2.85769302 -1.86400344  1.28813107
  0.96095414  2.52615956]","[ 0.00000000e+00  4.47347995e-04 -2.06894660e-01 -1.85324169e-05
 -3.11152290e-01  1.85184257e-05  6.62372408e-05 -1.05899522e-05]","[ 0.          1.05845964 11.63416481  0.10401411 -6.46862984  0.48917541
  0.46758553  0.04337413]"
1747093067.702727,"[ 0.          0.15214513  0.56801258 -2.85769302 -1.8646386   1.28813107
  0.96095414  2.52615956]","[ 0.00000000e+00  4.72839505e-04 -2.08245149e-01 -1.85325998e-05
 -3.09801801e-01  1.84905043e-05  6.62873661e-05 -1.05661077e-05]","[ 0.          1.08274543 11.56975269  0.09118772 -6.42986202  0.48564249
  0.46840948  0.05250444]"
1747093067.7038715,"[ 0.          0.15214558  0.56778987 -2.85769302 -1.86494566  1.28813107
  0.96095414  2.52615956]","[ 0.00000000e+00  4.93096207e-04 -2.09642426e-01 -1.85186086e-05
 -3.11422401e-01  1.85184257e-05  6.62873661e-05 -1.05899522e-05]","[ 0.          1.09438169 11.55847931  0.08194192 -6.38832235  0.48594418
  0.48262337  0.0622526 ]"
1747093067.7056353,"[ 0.          0.15214743  0.56737841 -2.85769302 -1.8655811   1.28813107
  0.96095414  2.52615956]","[ 0.00000000e+00  5.87857701e-04 -2.07704960e-01 -1.85324169e-05
 -3.09949806e-01  1.85046377e-05  5.83328791e-05 -1.05739739e-05]","[ 0.          1.06301939 11.48129845  0.11036201 -6.32810736  0.4580003
  0.48314849  0.05207338]"
1747093067.7073152,"[ 0.          0.15214834  0.56717362 -2.85769302 -1.86588896  1.28813107
  0.96095414  2.52615956]","[ 0.00000000e+00  6.30799223e-04 -2.07704960e-01 -1.85184257e-05
 -3.11916318e-01  1.85046377e-05  5.83328791e-05 -1.05819570e-05]","[ 0.          1.06449592 11.42762375  0.11708732 -6.30786848  0.44456092
  0.47294956  0.05372274]"
1747093067.7085493,"[ 0.          0.15214926  0.56695411 -2.85769302 -1.86619655  1.28813107
  0.96095414  2.52615956]","[ 0.00000000e+00  6.76601172e-04 -2.06633204e-01 -1.85184257e-05
 -3.11962590e-01  1.85184257e-05  5.83328791e-05 -1.05900569e-05]","[ 0.          1.07110047 11.41758347  0.12806799 -6.27743816  0.42832354
  0.45396152  0.05013924]"
1747093067.7102566,"[ 0.          0.1521511   0.56654365 -2.85769302 -1.86681041  1.28813107
  0.96095414  2.52615956]","[ 0.00000000e+00  7.59653567e-04 -2.08303988e-01 -1.85324169e-05
 -3.10612101e-01  1.85046377e-05  5.83328791e-05 -1.06059783e-05]","[ 0.          1.10243356 11.31803989  0.11089762 -6.24782276  0.41274652
  0.45781639  0.05184333]"
1747093067.7114193,"[ 0.          0.15215247  0.56632094 -2.85769302 -1.86714064  1.28813107
  0.96095414  2.52615956]","[ 0.00000000e+00  7.93466220e-04 -2.09642426e-01 -1.85324169e-05
 -3.10952886e-01  1.85184257e-05  5.83322980e-05 -1.05978530e-05]","[ 0.          1.0938623  11.3107338   0.0978355  -6.2087779   0.4119609
  0.47154558  0.03799804]"
1747093067.7131627,"[ 0.          0.15215432  0.56590442 -2.85769302 -1.86775264  1.28813107
  0.96095414  2.52615956]","[ 0.00000000e+00  8.47845161e-04 -2.11756427e-01 -1.85324169e-05
 -3.09531723e-01  1.84905043e-05  4.76908124e-05 -1.06059783e-05]","[ 0.          1.09204793 11.2215023   0.07621106 -6.20151186  0.42106232
  0.46404162  0.04341033]"
1747093067.7143047,"[ 0.          0.15215568  0.56569363 -2.85769302 -1.8680581   1.28813107
  0.96095414  2.52615956]","[ 0.00000000e+00  8.90956186e-04 -2.13917199e-01 -1.85324169e-05
 -3.09487914e-01  1.85046377e-05  4.76908124e-05 -1.06059783e-05]","[ 0.          1.07003546 11.18870831  0.08829239 -6.21207762  0.4191328
  0.46152121  0.03459251]"
1747093067.7160704,"[ 0.          0.15215753  0.56525514 -2.85769302 -1.86869273  1.28813107
  0.96095414  2.52615956]","[ 0.00000000e+00  9.19436276e-04 -2.13700451e-01 -1.85184257e-05
 -3.10341990e-01  1.85184257e-05  4.77269018e-05 -1.06059783e-05]","[ 0.          1.08118057 11.18569183  0.11175872 -6.19188309  0.43448275
  0.47513273  0.048979  ]"
1747093067.7178152,"[ 0.          0.15215983  0.56483683 -2.85769302 -1.86930473  1.28813107
  0.96095414  2.52615956]","[ 0.00000000e+00  9.73517756e-04 -2.12081516e-01 -1.32374398e-05
 -3.11152290e-01  1.85464284e-05  4.76908124e-05 -1.06059783e-05]","[ 0.          1.08395779 11.21598244  0.12333458 -6.13519239  0.45308635
  0.48657295  0.0648468 ]"
1747093067.7189355,"[ 0.          0.15216074  0.56462837 -2.85769302 -1.86963496  1.28813107
  0.96095414  2.52615956]","[ 0.00000000e+00  9.67344242e-04 -2.11486316e-01 -1.32374398e-05
 -3.10660371e-01  1.85464284e-05  4.77269018e-05 -1.05979587e-05]","[ 0.          1.06733775 11.21306229  0.12609421 -6.05100727  0.44703329
  0.47869793  0.06233793]"
1747093067.720732,"[ 0.          0.15216304  0.56420086 -2.85769302 -1.87024482  1.28813107
  0.96095414  2.52615956]","[ 0.00000000e+00  1.02981383e-03 -2.08515244e-01 -1.32275773e-05
 -3.08991501e-01  1.85464284e-05  3.70368514e-05 -1.06059783e-05]","[ 0.          1.04734313 11.20330715  0.1135768  -6.02001095  0.44167027
  0.47532755  0.03743028]"
1747093067.7224486,"[ 0.          0.15216395  0.5639956  -2.85769302 -1.87054922  1.28813107
  0.96095414  2.52615956]","[ 0.00000000e+00  1.03152363e-03 -2.08245149e-01 -1.32374398e-05
 -3.08721423e-01  1.85466133e-05  3.70368514e-05 -1.06058726e-05]","[ 0.          1.05765951 11.16114616  0.10921391 -6.01880264  0.43933886
  0.46741775  0.03820358]"
1747093067.7249722,"[ 0.          0.15216625  0.5635653  -2.85769249 -1.87117773  1.28813107
  0.96095414  2.52615956]","[ 0.00000000e+00  1.05983278e-03 -2.10732392e-01 -2.64748806e-06
 -3.06290523e-01  1.85464284e-05  3.70648338e-05 -1.05979587e-05]","[ 0.          1.04648876 11.19515038  0.07679267 -6.08726072  0.42999783
  0.4641929   0.03439275]"
1747093067.7273273,"[ 0.          0.15216808  0.56314605 -2.85769249 -1.8717844   1.28813107
  0.96095414  2.52615956]","[ 0.00000000e+00  1.06486509e-03 -2.12836805e-01 -2.64748806e-06
 -3.07059511e-01  1.85464284e-05  3.70368514e-05 -1.06059783e-05]","[ 0.          1.0239445  11.25492001  0.0866793  -6.13969898  0.43395209
  0.4596397   0.04036857]"
1747093067.728457,"[ 0.          0.15216993  0.56271349 -2.85769302 -1.87241077  1.28813107
  0.96095414  2.52615956]","[ 0.00000000e+00  1.01709984e-03 -2.11147046e-01 -7.94254290e-06
 -3.05686751e-01  1.85466133e-05  3.70648338e-05 -1.05979587e-05]","[ 0.          1.00297654 11.30027485  0.0658831  -6.17413044  0.45699319
  0.46028692  0.02627112]"
1747093067.730169,"[ 0.          0.15217129  0.5622993  -2.85769302 -1.87301238  1.28813107
  0.96095414  2.52615956]","[ 0.00000000e+00  9.89735276e-04 -2.09595638e-01 -7.94246417e-06
 -3.04669956e-01  1.85464284e-05  2.91003827e-05 -1.06059783e-05]","[ 0.          1.01513088 11.36538219  0.03000065 -6.17927599  0.47291017
  0.45920667  0.02662914]"
1747093067.731958,"[ 0.          0.15217314  0.56188791 -2.85769302 -1.87361053  1.28813107
  0.96095414  2.52615956]","[ 0.00000000e+00  9.58861723e-04 -2.08245149e-01 -5.29097849e-06
 -3.03281950e-01  1.85464284e-05  2.91223691e-05 -1.06059783e-05]","[ 0.          0.99179459 11.38455677  0.02728684 -6.20968294  0.47855175
  0.44671091  0.03266393]"
1747093067.7336767,"[ 0.          0.15217359  0.56166933 -2.85769302 -1.8739357   1.28813107
  0.96095414  2.52615956]","[ 0.00000000e+00  9.36187598e-04 -2.05880911e-01 -5.29103081e-06
 -3.06188291e-01  1.85464284e-05  2.91223691e-05 -1.06058726e-05]","[ 0.          0.95428801 11.34928703  0.01672111 -6.23820686  0.47177261
  0.44078249  0.0261435 ]"
1747093067.7354414,"[ 0.          0.15217452  0.56125787 -2.85769302 -1.87453864  1.28813107
  0.96095414  2.52615956]","[ 0.00000000e+00  8.59460145e-04 -2.09595638e-01 -5.29502843e-06
 -3.06020445e-01  1.85464284e-05  2.91223691e-05 -1.06059783e-05]","[ 0.          0.91845655 11.32505798  0.01901139 -6.23240089  0.46608925
  0.46295241  0.02477695]"
1747093067.7366245,"[ 0.          0.15217589  0.56082398 -2.85769302 -1.87516448  1.28813107
  0.96095414  2.52615956]","[ 0.00000000e+00  8.33746272e-04 -2.12451612e-01  0.00000000e+00
 -3.05686751e-01  1.85464284e-05  1.85324169e-05 -1.06059783e-05]","[ 0.00000000e+00  9.22653556e-01  1.13398485e+01  1.58820990e-02
 -6.16720772e+00  4.63771135e-01  4.67198938e-01  7.95295462e-03]"
1747093067.738418,"[ 0.          0.15217635  0.56061545 -2.85769302 -1.87546515  1.28813107
  0.96095414  2.52615956]","[ 0.00000000e+00  8.18665667e-04 -2.11486316e-01  0.00000000e+00
 -3.04631074e-01  1.85464284e-05  1.85324169e-05 -1.06059783e-05]","[ 0.          0.92320538 11.36229992  0.01625021 -6.14292145  0.46382135
  0.46719894  0.01677351]"
1747093067.7402246,"[ 0.          0.15217727  0.56018155 -2.85769302 -1.87606463  1.28813107
  0.96095414  2.52615956]","[ 0.00000000e+00  7.32510975e-04 -2.11899356e-01  0.00000000e+00
 -3.04129767e-01  1.85602774e-05  1.85324169e-05 -1.06059783e-05]","[ 0.          0.92413282 11.42866707  0.01934194 -6.1036458   0.44822559
  0.45347938  0.02558566]"
1747093067.7419755,"[ 0.          0.15217774  0.55976643 -2.85769302 -1.8766926   1.28813107
  0.96095414  2.52615956]","[ 0.00000000e+00  7.18727296e-04 -2.09922924e-01  0.00000000e+00
 -3.07370934e-01  1.85464284e-05  1.85184257e-05 -1.05899522e-05]","[ 0.00000000e+00  9.34111476e-01  1.15271797e+01  3.47498711e-03
 -6.09191990e+00  4.23930675e-01  4.54291761e-01  2.01658886e-02]"
1747093067.7432342,"[ 0.          0.15217818  0.5595607  -2.85769302 -1.87699567  1.28813107
  0.96095414  2.52615956]","[ 0.00000000e+00  6.91048041e-04 -2.08515244e-01  0.00000000e+00
 -3.07370934e-01  1.85464284e-05  1.85184257e-05 -1.05900569e-05]","[ 0.00000000e+00  9.20680106e-01  1.15611811e+01  7.67098973e-03
 -6.04589224e+00  4.13592219e-01  4.56472605e-01  5.51085826e-03]"
1747093067.7449765,"[ 0.          0.15217957  0.5591346  -2.85769249 -1.87762817  1.28813107
  0.96095414  2.52615956]","[ 0.00000000e+00  6.49585171e-04 -2.07636284e-01  1.05820616e-05
 -3.08656109e-01  1.85184257e-05  1.85324169e-05 -1.05899522e-05]","[ 0.00000000e+00  9.21961784e-01  1.15672770e+01  9.55241174e-03
 -6.01953936e+00  4.00978476e-01  4.50277001e-01  7.76785752e-03]"
1747093067.7473326,"[ 0.          0.15218048  0.55872088 -2.85769249 -1.8782359   1.28813107
  0.96095414  2.52615956]","[ 0.00000000e+00  6.01385987e-04 -2.10135844e-01  1.05899522e-05
 -3.07641012e-01  1.05820616e-05  1.05819570e-05 -1.05819570e-05]","[ 0.          0.88801628 11.58628845  0.01937089 -5.94237804  0.42268917
  0.43828577  0.02248532]"
1747093067.7508001,"[ 0.          0.1521814   0.55828738 -2.85769249 -1.87886867  1.28813107
  0.96095314  2.52615956]","[ 0.00000000e+00  5.57204951e-04 -2.11700001e-01  1.05819570e-05
 -3.08946727e-01  1.05820616e-05  0.00000000e+00 -1.05900569e-05]","[ 0.          0.90178627 11.56907082  0.03295555 -5.83267212  0.40085772
  0.44344574  0.02621512]"
1747093067.751484,"[ 0.          0.15218233  0.55786723 -2.85769249 -1.8794804   1.28813107
  0.96095314  2.52615956]","[ 0.00000000e+00  5.43150794e-04 -2.14187294e-01  1.05899522e-05
 -3.10612101e-01  1.05899522e-05  0.00000000e+00 -1.05899522e-05]","[ 0.          0.85805362 11.58831596  0.02165694 -5.80029297  0.38079211
  0.44453216  0.02509399]"
1747093067.7533045,"[ 0.          0.15218324  0.55742871 -2.85769249 -1.8801145   1.28813107
  0.96095314  2.52615956]","[ 0.00000000e+00  5.03408056e-04 -2.14156268e-01  1.05980643e-05
 -3.08695990e-01  1.05819570e-05  0.00000000e+00 -1.05820616e-05]","[ 0.          0.84888583 11.62696266  0.03641032 -5.82916164  0.38000798
  0.4314428   0.01830256]"
1747093067.7550378,"[ 0.          0.15218416  0.5570081  -2.85769249 -1.88072303  1.28813107
  0.96095314  2.52615956]","[ 0.00000000e+00  5.05104033e-04 -2.13593642e-01  1.06059783e-05
 -3.08721423e-01  1.05899522e-05  0.00000000e+00 -1.05820616e-05]","[ 0.00000000e+00  8.57553244e-01  1.16880255e+01  4.57710773e-02
 -5.85920858e+00  3.64068210e-01  4.23864543e-01  1.08388821e-02]"
1747093067.75679,"[ 0.          0.15218554  0.55653788 -2.85769249 -1.8813297   1.28813107
  0.96095314  2.52615956]","[ 0.00000000e+00  5.17945593e-04 -2.13377011e-01  1.05979587e-05
 -3.07370934e-01  1.05819570e-05  0.00000000e+00 -1.05819570e-05]","[ 0.00000000e+00  8.27390730e-01  1.18096561e+01  3.01737655e-02
 -5.92890549e+00  3.69029880e-01  4.13062125e-01  1.15808938e-02]"
1747093067.7580056,"[ 0.          0.15218599  0.55632849 -2.85769249 -1.881657    1.28813107
  0.96095314  2.52615956]","[ 0.00000000e+00  5.18854976e-04 -2.12081516e-01  1.05979587e-05
 -3.08194450e-01  1.05820616e-05  0.00000000e+00 -1.05899522e-05]","[ 0.00000000e+00  8.32647443e-01  1.18086405e+01  9.24401358e-03
 -5.94331169e+00  3.76869082e-01  4.04346138e-01  1.65813938e-02]"
1747093067.7597501,"[ 0.          0.15218646  0.55589546 -2.85769249 -1.88226686  1.28813107
  0.96095314  2.52615956]","[ 0.00000000e+00  4.98480981e-04 -2.10896276e-01  1.06060839e-05
 -3.08991501e-01  1.05900569e-05  0.00000000e+00 -1.05899522e-05]","[ 0.00000000e+00  8.24609637e-01  1.18738346e+01 -8.66182614e-03
 -6.02398205e+00  3.94462645e-01  3.88976604e-01  1.20846629e-02]"
1747093067.7615159,"[ 0.          0.15218691  0.55568654 -2.85769249 -1.8825718   1.28813107
  0.96095314  2.52615956]","[ 0.00000000e+00  4.88429401e-04 -2.11756427e-01  1.05979587e-05
 -3.09261612e-01  1.05819570e-05  0.00000000e+00 -1.05820616e-05]","[ 0.00000000e+00  8.19453895e-01  1.19370346e+01  1.22110751e-02
 -6.07347202e+00  4.03782457e-01  3.88658106e-01  3.26633989e-03]"
1747093067.7633197,"[ 0.          0.15218737  0.55527188 -2.85769249 -1.88320403  1.28813107
  0.96095314  2.52615956]","[ 0.00000000e+00  4.79646593e-04 -2.09922924e-01  1.06059783e-05
 -3.08721423e-01  1.05899522e-05  0.00000000e+00 -1.05899522e-05]","[ 0.          0.80913281 11.98843479  0.01629988 -6.11085844  0.41418827
  0.38885656  0.02224707]"
1747093067.7644877,"[ 0.          0.15218737  0.55505011 -2.85769249 -1.8835079   1.28813107
  0.96095314  2.52615956]","[ 0.00000000e+00  4.60890260e-04 -2.08890133e-01  1.06060839e-05
 -3.08181234e-01  1.05899522e-05  0.00000000e+00 -1.05899522e-05]","[ 0.00000000e+00  7.90140331e-01  1.19424591e+01  2.15559779e-03
 -6.12797785e+00  4.14188266e-01  3.96331310e-01  1.53775252e-02]"
1747093067.7662709,"[ 0.          0.15218784  0.55463958 -2.85769249 -1.88413933  1.28813107
  0.96095314  2.52615956]","[ 0.00000000e+00  4.21665558e-04 -2.07704960e-01  1.06059783e-05
 -3.08695990e-01  0.00000000e+00  0.00000000e+00 -1.05819570e-05]","[ 0.00000000e+00  7.63921082e-01  1.19349012e+01 -2.07665539e-03
 -6.15161991e+00  4.34349000e-01  3.93755764e-01  6.15949556e-03]"
1747093067.767775,"[ 0.          0.15218829  0.55443432 -2.85769249 -1.88444373  1.28813107
  0.96095314  2.52615956]","[ 0.00000000e+00  4.25802983e-04 -2.08245149e-01  1.06059783e-05
 -3.08721423e-01  0.00000000e+00  0.00000000e+00 -1.05899522e-05]","[ 0.00000000e+00  7.53840506e-01  1.19797754e+01 -1.31695960e-02
 -6.22323322e+00  4.29674447e-01  3.94722313e-01  1.11845881e-02]"
1747093067.7691755,"[ 0.          0.15218875  0.55401277 -2.85769249 -1.88505173  1.28813107
  0.96095314  2.52615956]","[ 0.00000000e+00  4.14561530e-04 -2.03923588e-01  1.05979587e-05
 -3.08181234e-01  0.00000000e+00  0.00000000e+00  0.00000000e+00]","[ 0.00000000e+00  7.54353762e-01  1.20054388e+01 -9.75246367e-04
 -6.29258013e+00  4.35995936e-01  3.89280975e-01  2.95607038e-02]"
1747093067.7709665,"[ 0.          0.15218967  0.55361054 -2.85769249 -1.8856837   1.28813107
  0.96095314  2.52615956]","[ 0.00000000e+00  4.10994871e-04 -2.03923588e-01  1.06059783e-05
 -3.07943680e-01  0.00000000e+00  0.00000000e+00  0.00000000e+00]","[ 0.          0.76044625 11.96110344 -0.01558586 -6.31411171  0.45044988
  0.39813036  0.0183881 ]"
1747093067.7721987,"[ 0.          0.15218967  0.55340757 -2.85769249 -1.88598677  1.28813107
  0.96095314  2.52615956]","[ 0.00000000e+00  4.02432509e-04 -2.05814282e-01  1.06059783e-05
 -3.07370934e-01  0.00000000e+00  0.00000000e+00  0.00000000e+00]","[ 0.          0.74205697 11.87851238 -0.04447035 -6.31209183  0.45687795
  0.39600107  0.01996445]"
1747093067.7742167,"[ 0.          0.15219014  0.55298603 -2.85769249 -1.88659104  1.28813107
  0.96095314  2.52615956]","[ 0.00000000e+00  3.84380815e-04 -2.06354471e-01  1.06059783e-05
 -3.07100823e-01  0.00000000e+00  0.00000000e+00  0.00000000e+00]","[ 0.          0.75139266 11.80071068 -0.0547289  -6.38074636  0.47913739
  0.40762135  0.01987509]"
1747093067.775347,"[ 0.          0.15219058  0.55278263 -2.85769302 -1.88691701  1.28813107
  0.96095314  2.52615956]","[ 0.00000000e+00  3.89145247e-04 -2.06354471e-01  5.30298914e-06
 -3.06940601e-01  0.00000000e+00  0.00000000e+00  0.00000000e+00]","[ 0.          0.76599962 11.78547764 -0.05558708 -6.41490507  0.47523403
  0.41584313  0.02126048]"
1747093067.777098,"[ 0.          0.15219058  0.55257873 -2.85769302 -1.88752554  1.28813107
  0.96095314  2.52615956]","[ 0.00000000e+00  3.45437318e-04 -2.06685036e-01  5.29897933e-06
 -3.08991501e-01  0.00000000e+00 -1.05819570e-05  0.00000000e+00]","[ 0.          0.74239421 11.75353336 -0.06340021 -6.44754553  0.46292192
  0.42102796  0.02917923]"
1747093067.7787895,"[ 0.          0.15219105  0.55215169 -2.85769302 -1.88815858  1.28813107
  0.96095314  2.52615956]","[ 0.00000000e+00  3.35459827e-04 -2.08515244e-01  5.30298914e-06
 -3.08695990e-01  0.00000000e+00 -1.05819570e-05  0.00000000e+00]","[ 0.          0.69996256 11.66068935 -0.07610016 -6.38014841  0.48442599
  0.41618708  0.02410335]"
1747093067.7805028,"[ 0.          0.15219105  0.55194596 -2.85769302 -1.88846271  1.28813107
  0.96095314  2.52615956]","[ 0.00000000e+00  3.19847695e-04 -2.08515244e-01  5.29897933e-06
 -3.08451312e-01  0.00000000e+00 -1.05819570e-05  0.00000000e+00]","[ 0.          0.69120234 11.61761475 -0.08275792 -6.34679604  0.48783347
  0.42343944  0.01894953]"
1747093067.7822332,"[ 0.          0.1521915   0.55152445 -2.85769302 -1.88906698  1.28813107
  0.96095314  2.52615956]","[ 0.00000000e+00  3.12046538e-04 -2.04796272e-01  5.29897933e-06
 -3.04900919e-01  0.00000000e+00 -1.05820616e-05  0.00000000e+00]","[ 0.00000000e+00  6.85113907e-01  1.14801188e+01 -8.76106024e-02
 -6.29716873e+00  4.54924434e-01  4.19973731e-01 -9.05714650e-03]"
1747093067.7833793,"[ 0.          0.1521915   0.55132285 -2.85769302 -1.88939109  1.28813107
  0.96095314  2.52615956]","[ 0.00000000e+00  3.03286780e-04 -2.04463793e-01  5.30298914e-06
 -3.05185211e-01  0.00000000e+00 -1.05819570e-05  0.00000000e+00]","[ 0.00000000e+00  6.87429070e-01  1.13965425e+01 -1.02980815e-01
 -6.31801224e+00  4.37771559e-01  4.17012930e-01  3.79659026e-03]"
1747093067.7851026,"[ 0.          0.15219197  0.55090407 -2.85769302 -1.88999456  1.28813107
  0.96095314  2.52615956]","[ 0.00000000e+00  2.95013555e-04 -2.04877832e-01  5.29897933e-06
 -3.06560634e-01  0.00000000e+00 -1.05819570e-05  0.00000000e+00]","[ 0.          0.70707262 11.26719666 -0.0919663  -6.38143206  0.41905087
  0.44019675  0.01216867]"
1747093067.7868865,"[ 0.          0.15219242  0.55049677 -2.85769302 -1.89062227  1.28813107
  0.96095314  2.52615956]","[ 0.00000000e+00  2.79674242e-04 -2.06894660e-01  5.30298914e-06
 -3.06401311e-01  0.00000000e+00 -1.05819570e-05  0.00000000e+00]","[ 0.          0.71057457 11.12051582 -0.10464008 -6.35517168  0.41637352
  0.44922602  0.01537007]"
1747093067.7894912,"[ 0.          0.15219288  0.5502929  -2.85769302 -1.890924    1.28813107
  0.96095314  2.52615956]","[ 0.00000000e+00  2.80255118e-04 -2.06685036e-01  5.29897933e-06
 -3.06331136e-01  0.00000000e+00 -1.05820616e-05  0.00000000e+00]","[ 0.          0.71956438 11.07623959 -0.11708207 -6.34529209  0.4226141
  0.45273128  0.01309681]"
1747093067.7900932,"[ 0.          0.15219288  0.54986171 -2.85769302 -1.89152534  1.28813107
  0.96095314  2.52615956]","[ 0.00000000e+00  2.57919414e-04 -2.10946127e-01  5.29897933e-06
 -3.04129767e-01  0.00000000e+00 -1.05819570e-05  0.00000000e+00]","[ 0.          0.71167582 11.00125694 -0.13598895 -6.28778934  0.42153746
  0.46512997  0.02848049]"
1747093067.792336,"[ 0.          0.15219335  0.54944475 -2.85769302 -1.89214799  1.28813107
  0.96095314  2.52615956]","[ 0.00000000e+00  2.51248183e-04 -2.10946127e-01  5.30298914e-06
 -3.04129767e-01  0.00000000e+00 -1.05819570e-05  0.00000000e+00]","[ 0.          0.72782832 10.946805   -0.1245315  -6.24629688  0.42540106
  0.47711635  0.03228983]"
1747093067.7934663,"[ 0.          0.15219335  0.54901036 -2.85769302 -1.89275013  1.28813107
  0.96095314  2.52615956]","[ 0.00000000e+00  2.16358269e-04 -2.11899356e-01  5.29897933e-06
 -3.04900919e-01  0.00000000e+00 -1.05820616e-05  0.00000000e+00]","[ 0.00000000e+00  7.12488651e-01  1.09195442e+01 -1.05261169e-01
 -6.22615957e+00  4.27524716e-01  4.66686994e-01  1.00906668e-02]"
1747093067.7951674,"[ 0.          0.1521938   0.54880054 -2.85769302 -1.89305213  1.28813107
  0.96095314  2.52615956]","[ 0.00000000e+00  2.16358269e-04 -2.12836805e-01  0.00000000e+00
 -3.06290523e-01  0.00000000e+00 -1.05820616e-05  0.00000000e+00]","[ 0.00000000e+00  7.23804772e-01  1.08867464e+01 -8.96877050e-02
 -6.26180983e+00  4.24274385e-01  4.60814327e-01  9.15888045e-03]"
1747093067.7968044,"[ 0.          0.15219426  0.54837946 -2.85769302 -1.89367478  1.28813107
  0.96095314  2.52615876]","[ 0.00000000e+00  2.10908428e-04 -2.14187294e-01  0.00000000e+00
 -3.03049356e-01  0.00000000e+00 -1.05819570e-05 -7.93646773e-06]","[ 0.00000000e+00  7.80997813e-01  1.08271885e+01 -9.89484116e-02
 -6.32181168e+00  4.03076917e-01  4.50101644e-01 -7.90648349e-03]"
1747093067.7985094,"[ 0.          0.15219426  0.54814846 -2.85769302 -1.89397519  1.28813107
  0.96095314  2.52615876]","[ 0.00000000e+00  2.05332386e-04 -2.17416260e-01  0.00000000e+00
 -3.04669956e-01  0.00000000e+00 -1.05819570e-05 -7.93654595e-06]","[ 0.00000000e+00  7.88878322e-01  1.07873907e+01 -7.41467103e-02
 -6.30460596e+00  3.99212927e-01  4.50813830e-01 -1.91794138e-03]"
1747093067.8002393,"[ 0.          0.15219471  0.54771317 -2.85769302 -1.89459703  1.28813107
  0.96095314  2.52615876]","[ 0.00000000e+00  2.13347681e-04 -2.20985695e-01  0.00000000e+00
 -3.03931362e-01  0.00000000e+00 -1.05820616e-05 -7.94254290e-06]","[ 0.00000000e+00  7.69525707e-01  1.07959442e+01 -5.62854968e-02
 -6.32042122e+00  4.00972992e-01  4.43218946e-01  8.77469778e-03]"
1747093067.8019445,"[ 0.          0.15219518  0.5472572  -2.85769302 -1.89519758  1.28813107
  0.96095314  2.52615876]","[ 0.00000000e+00  2.07985599e-04 -2.22020133e-01  0.00000000e+00
 -3.05480256e-01  0.00000000e+00 -1.05819570e-05 -7.93646773e-06]","[ 0.          0.81153184 10.8388319  -0.05838439 -6.33362389  0.41424465
  0.43797189  0.02038216]"
1747093067.8037405,"[ 0.          0.15219564  0.54703862 -2.85769302 -1.89549931  1.28813107
  0.96095314  2.52615876]","[ 0.00000000e+00  2.08360366e-04 -2.21750022e-01  0.00000000e+00
 -3.06020445e-01  0.00000000e+00 -1.05819570e-05 -7.93646773e-06]","[ 0.00000000e+00  8.24563384e-01  1.08644590e+01 -4.39401232e-02
 -6.37601471e+00  4.16419417e-01  4.39605206e-01  4.26034117e-03]"
1747093067.8048954,"[ 0.          0.15219609  0.54658538 -2.85769302 -1.89612569  1.28813107
  0.96095314  2.52615876]","[ 0.00000000e+00  2.09770603e-04 -2.20927006e-01  0.00000000e+00
 -3.06020445e-01  0.00000000e+00 -1.05819570e-05 -7.94254290e-06]","[ 0.          0.84956843 10.86089897 -0.05007929 -6.45409775  0.41673222
  0.43277511  0.0287962 ]"
1747093067.806598,"[ 0.          0.15219656  0.54615239 -2.85769302 -1.89673023  1.28813107
  0.96095314  2.52615876]","[ 0.00000000e+00  2.12049195e-04 -2.19319155e-01  0.00000000e+00
 -3.06519855e-01  0.00000000e+00 -1.05819570e-05 -7.93646773e-06]","[ 0.          0.8239361  10.85640907 -0.02790709 -6.53395653  0.43058035
  0.42981437  0.01994689]"
1747093067.8083372,"[ 0.          0.15219701  0.54593657 -2.85769302 -1.89705593  1.28813107
  0.96095314  2.52615876]","[ 0.00000000e+00  2.12049195e-04 -2.18557292e-01  0.00000000e+00
 -3.06689831e-01  0.00000000e+00 -1.05819570e-05 -7.94246417e-06]","[ 0.00000000e+00  8.41965258e-01  1.08408146e+01 -1.08811201e-03
 -6.51670218e+00  4.16239232e-01  4.34662253e-01  9.43681784e-03]"
1747093067.8100398,"[ 0.          0.15219748  0.5454824  -2.85769302 -1.89766526  1.28813107
  0.96095314  2.52615876]","[ 0.00000000e+00  2.19052623e-04 -2.22560322e-01  0.00000000e+00
 -3.10612101e-01  0.00000000e+00 -1.05899522e-05 -7.93646773e-06]","[ 0.          0.85502493 10.84590816  0.0260988  -6.47838974  0.41157824
  0.42024502  0.02261882]"
1747093067.8112307,"[ 0.          0.15219748  0.54526199 -2.85769302 -1.89797099  1.28813107
  0.96095314  2.52615876]","[ 0.00000000e+00  2.14470650e-04 -2.23640717e-01  0.00000000e+00
 -3.10071912e-01  0.00000000e+00 -1.05819570e-05 -7.93654595e-06]","[ 0.          0.87800503 10.88218021  0.04222326 -6.40078402  0.42499325
  0.41848624  0.01488035]"
1747093067.8129396,"[ 0.          0.15219839  0.54480603 -2.85769249 -1.89860616  1.28813107
  0.96095221  2.52615876]","[ 0.00000000e+00  2.26309087e-04 -2.22682395e-01  5.29897933e-06
 -3.09801801e-01  0.00000000e+00 -1.85186086e-05 -7.93646773e-06]","[ 0.00000000e+00  9.09243941e-01  1.09284306e+01  6.77003115e-02
 -6.25670195e+00  4.41683233e-01  3.88109803e-01  9.69868060e-03]"
1747093067.815957,"[ 0.          0.15219977  0.54436474 -2.85769249 -1.89921629  1.28813107
  0.96095221  2.52615876]","[ 0.00000000e+00  2.49240490e-04 -2.23640717e-01  5.29897933e-06
 -3.09261612e-01  0.00000000e+00 -1.85184257e-05 -7.93646773e-06]","[ 0.00000000e+00  9.08468485e-01  1.09515781e+01  9.72390324e-02
 -6.24779797e+00  4.18664277e-01  3.75739068e-01  8.50780029e-03]"
1747093067.8175883,"[ 0.          0.1522016   0.54369066 -2.85769249 -1.90015692  1.28813107
  0.96095221  2.52615876]","[ 0.00000000e+00  2.65040916e-04 -2.21750022e-01  5.29897933e-06
 -3.10837038e-01  0.00000000e+00 -1.85186086e-05 -7.93654595e-06]","[ 0.          0.9721691  10.81224728  0.16120246 -6.30889368  0.35808009
  0.38387963 -0.017498  ]"
1747093067.8192387,"[ 0.          0.15220252  0.54347162 -2.85769249 -1.90046451  1.28813107
  0.96095221  2.52615876]","[ 0.00000000e+00  2.79862405e-04 -2.22020133e-01  5.29897933e-06
 -3.11962590e-01  0.00000000e+00 -1.85186086e-05 -7.93654595e-06]","[ 0.          0.97600377 10.81555843  0.16632882 -6.24708414  0.34970015
  0.40169343 -0.01382824]"
1747093067.820996,"[ 0.          0.1522039   0.5430299  -2.85769249 -1.90110447  1.28813107
  0.96095221  2.52615876]","[ 0.00000000e+00  2.93336173e-04 -2.24451000e-01  5.30298914e-06
 -3.12772890e-01  0.00000000e+00 -1.85464284e-05 -7.93646773e-06]","[ 0.          0.9825747  10.87476254  0.17438029 -6.12830305  0.36686122
  0.38759658 -0.02277069]"
1747093067.8220572,"[ 0.          0.15220482  0.54279158 -2.85769249 -1.90141366  1.28813107
  0.96095221  2.52615876]","[ 0.00000000e+00  3.06885428e-04 -2.24437768e-01  5.29897933e-06
 -3.13583157e-01  0.00000000e+00 -1.85464284e-05 -7.93646773e-06]","[ 0.00000000e+00  1.00817966e+00  1.08328371e+01  1.84252724e-01
 -6.10205317e+00  3.64386201e-01  3.82664084e-01  5.06321108e-03]"
1747093067.8242881,"[ 0.          0.15220573  0.54234889 -2.85769249 -1.90205229  1.28813107
  0.96095128  2.52615876]","[ 0.00000000e+00  3.02798620e-04 -2.23910811e-01  0.00000000e+00
 -3.11705196e-01  0.00000000e+00 -2.91443860e-05 -7.94254290e-06]","[ 0.00000000e+00  1.05228949e+00  1.08516159e+01  2.12198868e-01
 -6.02538109e+00  3.76677930e-01  3.67274642e-01  3.61295952e-03]"
1747093067.8254507,"[ 0.          0.15220666  0.54212759 -2.85769249 -1.90235908  1.28813107
  0.96095128  2.52615876]","[ 0.00000000e+00  3.17420876e-04 -2.24451000e-01  0.00000000e+00
 -3.11152290e-01  0.00000000e+00 -2.91443860e-05 -7.93646773e-06]","[ 0.00000000e+00  1.06322849e+00  1.08915949e+01  2.42031291e-01
 -5.98040819e+00  3.85831445e-01  3.70645225e-01  9.76555981e-03]"
1747093067.8271875,"[ 0.          0.15220803  0.54166886 -2.85769222 -1.90297347  1.28813107
  0.96095128  2.52615876]","[ 0.00000000e+00  3.35051738e-04 -2.23414115e-01  7.93646773e-06
 -3.11692479e-01  0.00000000e+00 -2.91446766e-05 -7.93646773e-06]","[ 0.          1.03994048 10.83500957  0.23742878 -6.08758116  0.3692548
  0.36070785  0.01361672]"
1747093067.8288727,"[ 0.          0.15220896  0.54144891 -2.85769222 -1.90330557  1.28813107
  0.96095128  2.52615876]","[ 0.00000000e+00  3.51569090e-04 -2.23100511e-01  7.94838950e-06
 -3.12708275e-01  0.00000000e+00 -2.91443860e-05 -7.94246417e-06]","[ 0.00000000e+00  1.06486619e+00  1.07587690e+01  2.41274059e-01
 -6.16105413e+00  3.45259666e-01  3.64271492e-01  3.57789290e-03]"
1747093067.830041,"[ 0.          0.15221079  0.54098972 -2.85769222 -1.90392316  1.28813107
  0.96095128  2.52615876]","[ 0.00000000e+00  4.08601537e-04 -2.23910811e-01  7.93646773e-06
 -3.12502779e-01  0.00000000e+00 -2.91443860e-05 -7.93654595e-06]","[ 0.00000000e+00  1.10341024e+00  1.07879448e+01  2.82900661e-01
 -6.18053389e+00  3.43450129e-01  3.53177458e-01  8.33993871e-03]"
1747093067.83183,"[ 0.          0.15221262  0.54054933 -2.85769222 -1.90456498  1.28813107
  0.96095128  2.52615876]","[ 0.00000000e+00  5.02509532e-04 -2.23100511e-01  7.94246417e-06
 -3.13165707e-01  0.00000000e+00 -2.91446766e-05 -7.93646773e-06]","[ 0.00000000e+00  1.08303618e+00  1.08269043e+01  2.84905076e-01
 -6.13473845e+00  3.75993788e-01  3.39349270e-01  3.70884221e-03]"
1747093067.832992,"[ 0.          0.15221354  0.54031101 -2.85769222 -1.90487257  1.28813107
  0.96095128  2.52615876]","[ 0.00000000e+00  5.53882566e-04 -2.24226646e-01  7.94246417e-06
 -3.11962590e-01  0.00000000e+00 -2.91446766e-05 -7.93646773e-06]","[ 0.00000000e+00  1.10438347e+00  1.08872147e+01  2.78899640e-01
 -6.08413744e+00  3.84227127e-01  3.25394362e-01 -1.98186445e-03]"
1747093067.8346603,"[ 0.          0.15221584  0.53986653 -2.85769222 -1.90549256  1.28813107
  0.96095128  2.52615876]","[ 0.00000000e+00  6.81308973e-04 -2.25801489e-01  7.93646773e-06
 -3.15743946e-01  0.00000000e+00 -2.91443860e-05 -7.93646773e-06]","[ 0.          1.13392031 10.92387104  0.26769546 -6.10868597  0.39135873
  0.31481087  0.02038647]"
1747093067.8364093,"[ 0.          0.15221722  0.53964382 -2.85769222 -1.90582838  1.28813107
  0.96095128  2.52615876]","[ 0.00000000e+00  7.84873690e-04 -2.25801489e-01  7.94246417e-06
 -3.16219021e-01  0.00000000e+00 -2.91443860e-05 -7.93646773e-06]","[ 0.          1.14689851 10.86011505  0.2820887  -6.13495302  0.38533539
  0.32545179  0.0144561 ]"
1747093067.8375292,"[ 0.          0.15221998  0.53918003 -2.85769222 -1.90645263  1.28813107
  0.96095128  2.52615876]","[ 0.00000000e+00  9.14083036e-04 -2.25801489e-01  7.93646773e-06
 -3.16233502e-01  0.00000000e+00 -2.91226556e-05 -7.93646773e-06]","[ 0.          1.137164   10.85746956  0.31867734 -6.17813063  0.3850027
  0.3386218  -0.01443933]"
1747093067.8392756,"[ 0.          0.15222134  0.53895503 -2.85769169 -1.90676502  1.28813107
  0.96095128  2.52615876]","[ 0.00000000e+00  9.61228854e-04 -2.28001127e-01  1.32274462e-05
 -3.16824324e-01  0.00000000e+00 -2.91443860e-05 -7.93646773e-06]","[ 0.00000000e+00  1.14562130e+00  1.08884993e+01  3.00032496e-01
 -6.22266102e+00  3.71398628e-01  3.44882935e-01 -6.51777629e-03]"
1747093067.8409903,"[ 0.          0.15222411  0.53850502 -2.85769169 -1.90745664  1.28813107
  0.96095028  2.52615876]","[ 0.00000000e+00  1.07662357e-03 -2.28232373e-01  1.32375708e-05
 -3.13919548e-01  0.00000000e+00 -3.70928568e-05 -7.93646773e-06]","[ 0.          1.15857971 10.88020134  0.28412816 -6.25330019  0.37065673
  0.34209958 -0.01361161]"
1747093067.8433094,"[ 0.          0.15222549  0.53826487 -2.85769169 -1.90776743  1.28813107
  0.96095028  2.52615876]","[ 0.00000000e+00  1.14256126e-03 -2.26193157e-01  1.32374398e-05
 -3.15203757e-01  0.00000000e+00 -3.71209245e-05 -7.93654595e-06]","[ 0.00000000e+00  1.15673757e+00  1.08578377e+01  2.86777198e-01
 -6.27397585e+00  3.75809640e-01  3.37186575e-01 -8.48975219e-03]"
1747093067.8444154,"[ 0.          0.15222915  0.53781716 -2.85769169 -1.90841485  1.28813107
  0.96095028  2.52615876]","[ 0.00000000e+00  1.30937813e-03 -2.26881884e-01  1.32374398e-05
 -3.15968251e-01  0.00000000e+00 -3.70928568e-05 -7.94838950e-06]","[ 0.00000000e+00  1.15384555e+00  1.08863649e+01  2.83326566e-01
 -6.18435192e+00  3.99406374e-01  3.19481939e-01 -2.69824709e-03]"
1747093067.8455255,"[ 0.          0.15223283  0.53734834 -2.85769169 -1.90903989  1.28813107
  0.96095028  2.52615876]","[ 0.00000000e+00  1.47928859e-03 -2.28502467e-01  7.94246417e-06
 -3.15963690e-01  0.00000000e+00 -3.71209245e-05 -7.94846874e-06]","[ 0.00000000e+00  1.16899514e+00  1.08712616e+01  2.54201978e-01
 -6.14588261e+00  3.85610998e-01  3.28104347e-01  8.82479642e-03]"
1747093067.8472357,"[ 0.          0.15223468  0.53712287 -2.85769169 -1.90935015  1.28813107
  0.96095028  2.52615876]","[ 0.00000000e+00  1.58693244e-03 -2.28772562e-01  7.93654595e-06
 -3.14663568e-01  0.00000000e+00 -3.70928568e-05 -7.94846874e-06]","[ 0.00000000e+00  1.18932807e+00  1.08815269e+01  2.65127808e-01
 -6.10785913e+00  3.85838509e-01  3.35200489e-01  6.82733068e-03]"
1747093067.8490613,"[ 0.          0.15223925  0.53666781 -2.85769169 -1.90999357  1.28813014
  0.96095028  2.52615876]","[ 0.00000000e+00  1.78182343e-03 -2.31473540e-01  7.94246417e-06
 -3.14393457e-01 -1.05740785e-05 -2.91443860e-05 -7.95448397e-06]","[ 0.00000000e+00  1.20414710e+00  1.08259783e+01  2.89597034e-01
 -6.12811708e+00  3.65161568e-01  3.35101426e-01  5.34161041e-03]"
1747093067.8501635,"[ 0.          0.15224155  0.53642076 -2.85769169 -1.91030303  1.28813014
  0.96095028  2.52615876]","[ 0.00000000e+00  1.93067476e-03 -2.32713125e-01  7.94246417e-06
 -3.13853268e-01 -1.05979587e-05 -2.91661490e-05 -7.94838950e-06]","[ 0.          1.19573641 10.77765369  0.30992168 -6.12618303  0.35182059
  0.32592919 -0.03473843]"
1747093067.851858,"[ 0.          0.15224753  0.5359634  -2.85769169 -1.91092434  1.28813014
  0.96095028  2.52615876]","[ 0.00000000e+00  2.28526451e-03 -2.31239015e-01  7.94246417e-06
 -3.14614566e-01 -1.05979587e-05 -2.91446766e-05 -7.94846874e-06]","[ 0.          1.21360171 10.76615143  0.30333188 -6.16164064  0.30592516
  0.32846785 -0.01817126]"
1747093067.8536067,"[ 0.          0.15225074  0.53573567 -2.85769169 -1.91125963  1.28813014
  0.96095028  2.52615876]","[ 0.00000000e+00  2.55669576e-03 -2.30933334e-01  7.93646773e-06
 -3.15717481e-01 -1.06059783e-05 -2.91443860e-05 -7.95448397e-06]","[ 0.          1.20856619 10.76615143  0.30130723 -6.14704084  0.31423396
  0.33084795 -0.02090039]"
1747093067.855305,"[ 0.          0.15225808  0.53526179 -2.85769116 -1.91187722  1.28813014
  0.96095028  2.52615876]","[ 0.00000000e+00  3.11557806e-03 -2.32013729e-01  1.32374398e-05
 -3.12502779e-01 -1.05979587e-05 -2.91443860e-05 -7.94838950e-06]","[ 0.00000000e+00  1.24009216e+00  1.08261852e+01  2.98217505e-01
 -6.19937515e+00  3.42119843e-01  3.40328962e-01 -1.71637133e-04]"
1747093067.8570092,"[ 0.          0.15226865  0.53480076 -2.85769116 -1.91251585  1.28813014
  0.96095028  2.52615876]","[ 0.00000000e+00  4.43749789e-03 -2.33667419e-01  1.32274462e-05
 -3.11411982e-01 -1.05899522e-05 -2.91446766e-05 -7.95448397e-06]","[ 0.          1.24200296 10.85890388  0.30085233 -6.25108576  0.37720311
  0.32188332 -0.02752583]"
1747093067.8592863,"[ 0.          0.15228426  0.53431723 -2.85769116 -1.91312891  1.28813014
  0.96094935  2.52615876]","[ 0.00000000e+00  7.67219259e-03 -2.36905306e-01  1.32374398e-05
 -3.11422401e-01 -1.05979587e-05 -3.70924870e-05 -7.94846874e-06]","[ 0.          1.23412132 10.86249828  0.31841454 -6.37631369  0.40160245
  0.32162282 -0.02856316]"
1747093067.860976,"[ 0.          0.1523063   0.53384932 -2.85769116 -1.91343757  1.28813014
  0.96094935  2.52615876]","[ 0.00000000e+00  1.26945815e-02 -2.36605385e-01  1.32274462e-05
 -3.13042968e-01 -1.05899522e-05 -3.70928568e-05 -7.95448397e-06]","[ 0.          1.22808778 10.86911488  0.30562335 -6.46050739  0.41839436
  0.33984578 -0.02589495]"
1747093067.8632977,"[ 0.          0.15234029  0.53336715 -2.85769063 -1.91407726  1.28813014
  0.96094935  2.52615876]","[ 0.00000000e+00  1.80553292e-02 -2.35016543e-01  1.85324169e-05
 -3.12232668e-01 -1.05979587e-05 -3.71212943e-05 -7.94854798e-06]","[ 0.          1.18726277 10.91190529  0.31059423 -6.54535151  0.3883484
  0.31782895 -0.02210215]"
1747093067.864421,"[ 0.          0.15236141  0.53313709 -2.85769063 -1.91438539  1.28813014
  0.96094935  2.52615876]","[ 0.00000000e+00  2.13377002e-02 -2.33364218e-01  1.85184257e-05
 -3.12502779e-01 -1.05979587e-05 -3.70928568e-05 -7.94846874e-06]","[ 0.          1.15126765 10.92513847  0.30065763 -6.6062479   0.38361067
  0.30850565 -0.0227526 ]"
1747093067.8661416,"[ 0.          0.15241376  0.53268065 -2.85769116 -1.91502481  1.28813014
  0.96094842  2.52615876]","[ 0.00000000e+00  2.68322260e-02 -2.30933334e-01  1.32374398e-05
 -3.11705196e-01 -1.05899522e-05 -4.77269018e-05 -7.94846874e-06]","[ 0.00000000e+00  1.13589728e+00  1.09679337e+01  3.05266023e-01
 -6.61719275e+00  3.99499744e-01  2.94902056e-01 -1.04856836e-02]"
1747093067.8678157,"[ 0.          0.15244269  0.53243361 -2.85769116 -1.91533214  1.28813014
  0.96094842  2.52615876]","[ 0.00000000e+00  2.94107963e-02 -2.32713125e-01  1.32375708e-05
 -3.11692479e-01 -1.05980643e-05 -4.77269018e-05 -7.94854798e-06]","[ 0.          1.12756813 11.00368595  0.29030287 -6.57886171  0.40519372
  0.2876499  -0.01402429]"
1747093067.8695986,"[ 0.          0.15250467  0.53197076 -2.85769116 -1.91594893  1.28813014
  0.96094842  2.52615876]","[ 0.00000000e+00  3.21415997e-02 -2.35016543e-01  1.32274462e-05
 -3.13042968e-01 -1.05899522e-05 -4.76908124e-05 -7.95440473e-06]","[ 0.00000000e+00  1.04867923e+00  1.10317144e+01  2.83546478e-01
 -6.55968761e+00  4.01023388e-01  2.95162737e-01 -3.66934948e-03]"
1747093067.871297,"[ 0.          0.1525731   0.53148769 -2.85769063 -1.91659155  1.28813014
  0.96094842  2.52615876]","[ 0.00000000e+00  3.41045096e-02 -2.35525007e-01  1.85324169e-05
 -3.14123379e-01 -1.05979587e-05 -4.76908124e-05 -7.94846874e-06]","[ 0.00000000e+00  9.97439444e-01  1.10782442e+01  2.47444436e-01
 -6.53580761e+00  4.06920493e-01  3.09653312e-01  8.14325549e-03]"
1747093067.8730075,"[ 0.          0.15264106  0.53102071 -2.85769116 -1.91721393  1.28813014
  0.96094842  2.52615876]","[ 0.00000000e+00  3.48072720e-02 -2.37145590e-01  1.32274462e-05
 -3.15473868e-01 -1.05979587e-05 -4.76908124e-05 -7.95448397e-06]","[ 0.00000000e+00  9.42662776e-01  1.10830412e+01  2.10353851e-01
 -6.49700403e+00  3.95022660e-01  3.06086868e-01 -1.29100913e-03]"
1747093067.8746557,"[ 0.          0.15267686  0.53076954 -2.85769116 -1.91754949  1.28813014
  0.96094842  2.52615876]","[ 0.00000000e+00  3.61930625e-02 -2.36474657e-01  1.32374398e-05
 -3.15968251e-01 -1.05980643e-05 -4.77269018e-05 -7.94846874e-06]","[ 0.          0.91199881 11.08079243  0.22049572 -6.49506617  0.39916959
  0.31693664 -0.02266078]"
1747093067.8763568,"[ 0.          0.15275631  0.53030115 -2.85769116 -1.91817586  1.28813014
  0.96094842  2.52615876]","[ 0.00000000e+00  3.97043280e-02 -2.37415685e-01  1.85324169e-05
 -3.18174813e-01 -1.05979587e-05 -4.76908124e-05 -7.94846874e-06]","[ 0.00000000e+00  8.68466377e-01  1.10661707e+01  1.77155361e-01
 -6.46894455e+00  3.92904222e-01  3.33729297e-01 -7.05475220e-04]"
1747093067.8774636,"[ 0.          0.15284218  0.5298075  -2.85769063 -1.9188326   1.28813014
  0.96094842  2.52615876]","[ 0.00000000e+00  4.23798686e-02 -2.42493101e-01  2.38273920e-05
 -3.20932217e-01 -1.05979587e-05 -4.77269018e-05 -7.95448397e-06]","[ 0.          0.81113923 11.02412415  0.13667479 -6.40143347  0.38878822
  0.32909471  0.01541901]"
1747093067.879196,"[ 0.          0.15288396  0.52956689 -2.85769063 -1.91915031  1.28813014
  0.96094842  2.52615876]","[ 0.00000000e+00  4.24053018e-02 -2.44168113e-01  2.38273920e-05
 -3.22226280e-01 -1.05979587e-05 -4.76908124e-05 -7.94846874e-06]","[ 0.00000000e+00  7.65206933e-01  1.10093822e+01  1.15571536e-01
 -6.38288832e+00  4.00288492e-01  3.26874077e-01  1.55970897e-03]"
1747093067.880954,"[ 0.          0.15296523  0.52908522 -2.85769116 -1.91978628  1.28813014
  0.96094842  2.52615876]","[ 0.00000000e+00  4.10548170e-02 -2.44438224e-01  1.85325998e-05
 -3.22226280e-01 -1.05979587e-05 -4.76903370e-05 -7.95448397e-06]","[ 0.00000000e+00  6.77237153e-01  1.10384665e+01  1.13608070e-01
 -6.24129677e+00  3.89030635e-01  3.24652880e-01  1.10227270e-02]"
1747093067.8832524,"[ 0.          0.15304514  0.52858698 -2.85769116 -1.92044621  1.28813014
  0.96094842  2.52615876]","[ 0.00000000e+00  3.88691107e-02 -2.43087735e-01  1.85324169e-05
 -3.20932217e-01 -1.05979587e-05 -4.77273772e-05 -7.94846874e-06]","[ 0.00000000e+00  6.20492041e-01  1.10553551e+01  6.38049245e-02
 -6.14744949e+00  3.82033974e-01  3.37397516e-01  9.16273426e-03]"
1747093067.8849082,"[ 0.          0.15312091  0.52811127 -2.85769116 -1.92108244  1.28813014
  0.96094842  2.52615876]","[ 0.00000000e+00  3.85848058e-02 -2.40386757e-01  1.85324169e-05
 -3.23576769e-01 -1.05979587e-05 -4.76908124e-05 -7.95448397e-06]","[ 0.          0.63924336 11.0452404   0.03893322 -6.11481476  0.34780946
  0.34792161  0.01929926]"
1747093067.8860672,"[ 0.          0.15315901  0.52787388 -2.85769116 -1.92140308  1.28813014
  0.96094842  2.52615876]","[ 0.00000000e+00  3.86631527e-02 -2.40656852e-01  1.85325998e-05
 -3.25197369e-01 -1.05979587e-05 -4.77269018e-05 -7.94846874e-06]","[ 0.00000000e+00  6.35190785e-01  1.10468788e+01  2.96431836e-02
 -6.13229942e+00  3.42430830e-01  3.52876335e-01  8.12626723e-03]"
1747093067.8878038,"[ 0.          0.15323662  0.52737887 -2.85769116 -1.9220726   1.28813014
  0.96094842  2.52615876]","[ 0.00000000e+00  3.72734528e-02 -2.42547529e-01  1.85325998e-05
 -3.27358125e-01 -1.05979587e-05 -4.76908124e-05 -7.95448397e-06]","[ 0.00000000e+00  5.75844765e-01  1.10496378e+01  3.80845647e-03
 -6.14944172e+00  3.43521029e-01  3.47582400e-01  8.01620260e-03]"
1747093067.8894196,"[ 0.          0.15327289  0.52713825 -2.85769116 -1.92239591  1.28813014
  0.96094842  2.52615876]","[ 0.00000000e+00  3.67332556e-02 -2.43920722e-01  1.85324169e-05
 -3.27566118e-01 -1.05979587e-05 -4.76912879e-05 -7.95448397e-06]","[ 0.          0.55555493 11.00151062 -0.01875698 -6.10032749  0.3474341
  0.34239522 -0.02363439]"
1747093067.8906524,"[ 0.          0.15334591  0.52663728 -2.85769116 -1.92306383  1.28813014
  0.96094842  2.52615876]","[ 0.00000000e+00  3.53583529e-02 -2.44750014e-01  1.85324169e-05
 -3.25999014e-01 -1.05979587e-05 -4.76188043e-05 -7.94846874e-06]","[ 0.00000000e+00  5.51870942e-01  1.09669313e+01 -7.55746141e-02
 -6.03069067e+00  3.72462332e-01  3.54234189e-01 -5.09468978e-03]"
1747093067.8923376,"[ 0.          0.1533808   0.52639436 -2.85769116 -1.92338687  1.28813014
  0.96094842  2.52615876]","[ 0.00000000e+00  3.53827707e-02 -2.46328902e-01  1.85325998e-05
 -3.27628236e-01 -1.05979587e-05 -4.76192757e-05 -7.94846874e-06]","[ 0.00000000e+00  5.12900054e-01  1.10199947e+01 -1.06726006e-01
 -6.01557541e+00  3.95981282e-01  3.48346680e-01 -8.51950608e-03]"
1747093067.8940177,"[ 0.          0.15345291  0.5259076  -2.85769116 -1.92403508  1.28813014
  0.96094842  2.52615876]","[ 0.00000000e+00  3.72734528e-02 -2.46328902e-01  1.85324169e-05
 -3.29248836e-01 -1.05980643e-05 -4.76547840e-05 -7.94846874e-06]","[ 0.00000000e+00  4.57652301e-01  1.10035887e+01 -1.40075028e-01
 -6.00255775e+00  3.96838129e-01  3.53896618e-01  3.10291012e-04]"
1747093067.896277,"[ 0.          0.15353646  0.52540067 -2.85769116 -1.92471153  1.28813014
  0.96094842  2.52615876]","[ 0.00000000e+00  4.13249156e-02 -2.47409280e-01  1.85324169e-05
 -3.29994521e-01 -1.05979587e-05 -4.76192757e-05  0.00000000e+00]","[ 0.00000000e+00  4.50122803e-01  1.09691296e+01 -1.55750573e-01
 -6.02979326e+00  3.53046566e-01  3.36429268e-01 -2.46184599e-03]"
1747093067.8979888,"[ 0.          0.15362418  0.52491255 -2.85769116 -1.92536081  1.28813014
  0.96094842  2.52615876]","[ 0.00000000e+00  4.51062798e-02 -2.47679391e-01  1.85325998e-05
 -3.29789025e-01 -1.05979587e-05 -4.76552554e-05  0.00000000e+00]","[ 0.00000000e+00  4.12839144e-01  1.09615202e+01 -1.60017461e-01
 -6.08738661e+00  3.63570899e-01  3.43125224e-01  3.88123468e-03]"
1747093067.899719,"[ 0.          0.15371831  0.52440608 -2.85769169 -1.92603778  1.28813014
  0.96094842  2.52615876]","[ 0.00000000e+00  4.64567646e-02 -2.47409280e-01  1.32374398e-05
 -3.31139514e-01 -1.05979587e-05 -4.76188043e-05  0.00000000e+00]","[ 0.00000000e+00  3.68943959e-01  1.09885092e+01 -1.69464797e-01
 -6.09969330e+00  3.98316473e-01  3.59178275e-01  4.81667230e-03]"
1747093067.9013686,"[ 0.          0.15376423  0.52416134 -2.85769169 -1.92636508  1.28813014
  0.96094842  2.52615876]","[ 0.00000000e+00  4.64567646e-02 -2.48219580e-01  1.32374398e-05
 -3.31949814e-01 -1.05979587e-05 -4.76192757e-05  0.00000000e+00]","[ 0.00000000e+00  3.43083978e-01  1.09757996e+01 -1.80531234e-01
 -6.05348921e+00  4.06281292e-01  3.54029626e-01 -1.09512657e-02]"
1747093067.9036958,"[ 0.          0.15385974  0.5236553  -2.85769169 -1.92704685  1.28813014
  0.96094842  2.52615876]","[ 0.00000000e+00  4.88876440e-02 -2.46756156e-01  1.32374398e-05
 -3.32769735e-01 -1.05979587e-05 -4.76188043e-05  0.00000000e+00]","[ 0.00000000e+00  3.11751127e-01  1.10248566e+01 -2.11075425e-01
 -6.08663988e+00  4.30442929e-01  3.75649184e-01  2.90379510e-03]"
1747093067.9053695,"[ 0.          0.15396811  0.52316854 -2.85769169 -1.92770492  1.28813014
  0.96094842  2.52615876]","[ 0.00000000e+00  4.88876440e-02 -2.46869091e-01  1.32375708e-05
 -3.33840492e-01 -1.05979587e-05 -4.76188043e-05  0.00000000e+00]","[ 0.          0.29698834 11.01795197 -0.26298928 -6.12303066  0.44676363
  0.38865539  0.02320982]"
1747093067.907621,"[ 0.          0.15406409  0.52267999 -2.85769169 -1.92839095  1.28813014
  0.96094842  2.52615876]","[ 0.00000000e+00  4.58906265e-02 -2.47679391e-01  1.32374398e-05
 -3.34380681e-01 -1.05979587e-05 -4.76188043e-05  0.00000000e+00]","[ 0.          0.26709056 10.95447063 -0.29173574 -6.12458992  0.42073068
  0.38577881  0.02246072]"
1747093067.9092984,"[ 0.          0.15414857  0.52217485 -2.85769169 -1.92905594  1.28813014
  0.96094842  2.52615876]","[ 0.00000000e+00  4.18651087e-02 -2.47409280e-01  1.32474486e-05
 -3.36740108e-01 -1.05979587e-05 -4.76192757e-05  0.00000000e+00]","[ 0.00000000e+00  2.61075497e-01  1.08591442e+01 -3.07507157e-01
 -6.08557510e+00  3.85956198e-01  3.85239184e-01  8.88805464e-03]"
1747093067.9110408,"[ 0.          0.15423444  0.52166426 -2.85769222 -1.9297457   1.28813014
  0.96094842  2.52615876]","[ 0.00000000e+00  4.16275631e-02 -2.50016148e-01  7.94246417e-06
 -3.36214700e-01 -1.05978530e-05 -4.75828816e-05  0.00000000e+00]","[ 0.          0.22354938 10.81037331 -0.32237461 -6.0204978   0.38435984
  0.41069964  0.01377599]"
1747093067.9121933,"[ 0.          0.15427622  0.52141675 -2.85769222 -1.93007753  1.28813014
  0.96094842  2.52615876]","[ 0.00000000e+00  4.23623375e-02 -2.50920558e-01  7.94246417e-06
 -3.36541470e-01 -1.05979587e-05 -4.76188043e-05  0.00000000e+00]","[ 0.          0.22000659 10.81069279 -0.31953362 -5.91690207  0.38850534
  0.40632877  0.01125383]"
1747093067.913865,"[ 0.          0.15435935  0.52091854 -2.85769222 -1.93076489  1.28813014
  0.96094842  2.52615876]","[ 0.00000000e+00  4.24053018e-02 -2.52271047e-01  2.64748806e-06
 -3.34711479e-01 -1.06059783e-05 -3.70089097e-05  0.00000000e+00]","[ 0.          0.22697026 10.7488451  -0.3286238  -5.79462385  0.37933156
  0.40369853  0.02201007]"
1747093067.9150681,"[ 0.          0.15440342  0.5206669  -2.85769222 -1.93109619  1.28813014
  0.96094842  2.52615876]","[ 0.00000000e+00  4.16275631e-02 -2.55242119e-01  2.64748806e-06
 -3.36001248e-01 -1.05820616e-05 -3.70368514e-05  0.00000000e+00]","[ 0.          0.24002579 10.70923424 -0.32758281 -5.77694416  0.38927165
  0.4063971   0.01378521]"
1747093067.9168706,"[ 0.          0.15448332  0.52014845 -2.85769222 -1.93175878  1.28813014
  0.96094842  2.52615876]","[ 0.00000000e+00  4.05146197e-02 -2.52541141e-01  2.64748806e-06
 -3.35731170e-01 -1.05899522e-05 -3.70368514e-05  0.00000000e+00]","[ 0.          0.24415086 10.64913082 -0.31978607 -5.72530842  0.36689958
  0.41803819  0.01972057]"
1747093067.9185884,"[ 0.          0.15452235  0.51990051 -2.85769222 -1.93211645  1.28813014
  0.96094842  2.52615876]","[ 0.00000000e+00  3.96641018e-02 -2.51460747e-01  2.64751422e-06
 -3.36782053e-01 -1.05900569e-05 -3.70368514e-05  0.00000000e+00]","[ 0.00000000e+00  2.54116088e-01  1.06348276e+01 -3.09016913e-01
 -5.68189144e+00  3.73092800e-01  4.19595718e-01  9.74592101e-03]"
1747093067.9203596,"[ 0.          0.15460501  0.51938436 -2.85769222 -1.93277904  1.28813014
  0.96094842  2.52615876]","[ 0.00000000e+00  4.04735738e-02 -2.52523831e-01  2.64748806e-06
 -3.35461059e-01 -1.05820616e-05 -3.70368514e-05  0.00000000e+00]","[ 0.          0.24762627 10.53152561 -0.28445467 -5.58888483  0.36567515
  0.40651637  0.02116471]"
1747093067.9220517,"[ 0.          0.15468445  0.51888478 -2.85769222 -1.93343711  1.28813014
  0.96094842  2.52615876]","[ 0.00000000e+00  3.99744266e-02 -2.54161725e-01  2.64748806e-06
 -3.33368280e-01 -1.05899522e-05 -3.70092754e-05  0.00000000e+00]","[ 0.          0.22166303 10.45016956 -0.27900159 -5.53261757  0.39406177
  0.40365994  0.04702902]"
1747093067.92378,"[ 0.          0.15472485  0.51863358 -2.85769222 -1.93378971  1.28813014
  0.96094842  2.52615876]","[ 0.00000000e+00  3.81168052e-02 -2.54701914e-01  2.64751422e-06
 -3.31705103e-01 -1.06060839e-05 -3.70368514e-05  0.00000000e+00]","[ 0.          0.20601638 10.44587421 -0.27551043 -5.53708315  0.39195797
  0.39224541  0.04251492]"
1747093067.9248729,"[ 0.          0.15475929  0.51810874 -2.85769222 -1.93444352  1.28813014
  0.96094842  2.52615876]","[ 0.00000000e+00  3.48425735e-02 -2.56034593e-01  2.64748806e-06
 -3.31949814e-01 -1.05899522e-05 -2.91003827e-05  0.00000000e+00]","[ 0.          0.22763334 10.47253799 -0.25801286 -5.5399394   0.40335286
  0.40413177  0.0318014 ]"
1747093067.92657,"[ 0.          0.15479189  0.51785803 -2.85769222 -1.93512182  1.28813014
  0.96094842  2.52615876]","[ 0.00000000e+00  3.29185062e-02 -2.53904214e-01  2.64748806e-06
 -3.30452452e-01 -1.05819570e-05 -2.91003827e-05  0.00000000e+00]","[ 0.          0.23216155 10.51452351 -0.25812477 -5.62858009  0.4158971
  0.40150651  0.02324687]"
1747093067.9288309,"[ 0.          0.15487364  0.51710725 -2.85769249 -1.93577243  1.28813014
  0.96094842  2.52615876]","[ 0.00000000e+00  2.37685775e-02 -2.52811236e-01 -2.64751422e-06
 -3.29789025e-01 -1.05899522e-05 -2.91003827e-05  0.00000000e+00]","[ 0.          0.29462975 10.51047993 -0.24887788 -5.71043921  0.42597684
  0.37340343  0.02446782]"
1747093067.9305553,"[ 0.          0.15489521  0.51683771 -2.85769249 -1.93612104  1.28813014
  0.96094842  2.52615876]","[ 0.00000000e+00  2.18778954e-02 -2.53777680e-01 -2.64551540e-06
 -3.28255910e-01 -1.05899522e-05 -2.90784288e-05  0.00000000e+00]","[ 0.          0.31288975 10.5644474  -0.22007537 -5.71238184  0.4165827
  0.36360663  0.02595714]"
1747093067.9323113,"[ 0.          0.15493288  0.51633351 -2.85769249 -1.93676846  1.28813014
  0.96094842  2.52615876]","[ 0.00000000e+00  1.78045614e-02 -2.56853115e-01 -2.65149457e-06
 -3.29248836e-01 -1.05819570e-05 -2.91003827e-05  0.00000000e+00]","[ 0.          0.34794837 10.57090855 -0.17145854 -5.77638435  0.40840852
  0.35811508  0.03847868]"
1747093067.934011,"[ 0.          0.15496317  0.51580727 -2.85769222 -1.93744117  1.28813014
  0.96094842  2.52615876]","[ 0.00000000e+00  1.43151660e-02 -2.56786903e-01  0.00000000e+00
 -3.28255910e-01 -1.05899522e-05 -2.90784288e-05  0.00000000e+00]","[ 0.          0.37789452 10.60892773 -0.14627215 -5.8296833   0.43006676
  0.35970971  0.02684067]"
1747093067.9361844,"[ 0.          0.15498797  0.51530446 -2.85769249 -1.93808779  1.28813014
  0.96094842  2.52615876]","[ 0.00000000e+00  1.17861180e-02 -2.54431819e-01 -2.65149457e-06
 -3.27088047e-01 -1.05899522e-05 -2.91003827e-05  0.00000000e+00]","[ 0.          0.45171472 10.6813612  -0.11520405 -5.82759857  0.43066069
  0.36901376  0.03162941]"
1747093067.9378588,"[ 0.          0.15500635  0.51480625 -2.85769249 -1.93872748  1.28813014
  0.96094748  2.52615876]","[ 0.00000000e+00  8.91321630e-03 -2.51716044e-01 -2.65149457e-06
 -3.23846880e-01 -1.05819570e-05 -3.70368514e-05  0.00000000e+00]","[ 0.          0.51812196 10.67666054 -0.09085721 -5.86028099  0.43675047
  0.3361201   0.02745724]"
1747093067.9390929,"[ 0.          0.15501415  0.51454083 -2.85769249 -1.93907182  1.28813014
  0.96094748  2.52615876]","[ 0.00000000e+00  7.82489055e-03 -2.49780958e-01 -2.65149457e-06
 -3.24243624e-01 -1.05899522e-05 -3.70368514e-05  0.00000000e+00]","[ 0.          0.540856   10.68118954 -0.06919958 -5.89710522  0.43283215
  0.32835555  0.02425336]"
1747093067.940833,"[ 0.          0.155027    0.51404675 -2.85769222 -1.93971178  1.28813014
  0.96094748  2.52615876]","[ 0.00000000e+00  6.01844290e-03 -2.50920558e-01 -5.30293632e-06
 -3.23788590e-01 -1.05819570e-05 -3.70368514e-05  0.00000000e+00]","[ 0.          0.60910803 10.69681835 -0.0355863  -5.99256992  0.43795782
  0.34291446  0.0222274 ]"
1747093067.942046,"[ 0.          0.1550316   0.51374045 -2.85769222 -1.94003189  1.28813014
  0.96094748  2.52615876]","[ 0.00000000e+00  4.59165694e-03 -2.52276373e-01 -5.30298914e-06
 -3.24657180e-01 -1.05899522e-05 -2.64551545e-05  0.00000000e+00]","[ 0.          0.63207442 10.72450924 -0.04178247 -5.98160696  0.45133212
  0.35397825  0.02982909]"
1747093067.9444056,"[ 0.          0.15503894  0.5132482  -2.85769222 -1.94069262  1.28813014
  0.96094748  2.52615876]","[ 0.00000000e+00  3.24116978e-03 -2.48998538e-01 -5.30298914e-06
 -3.21145902e-01 -1.05819570e-05 -2.64548924e-05  0.00000000e+00]","[ 0.          0.6993736  10.7712326  -0.01788285 -5.95889902  0.45899186
  0.34048045  0.0166599 ]"
1747093067.945502,"[ 0.          0.15504353  0.5127385  -2.85769222 -1.94134829  1.28813014
  0.96094748  2.52615876]","[ 0.00000000e+00  1.89068235e-03 -2.48027233e-01 -5.30298914e-06
 -3.19428995e-01 -1.05818513e-05 -2.64548924e-05  0.00000000e+00]","[ 0.00000000e+00  7.51402676e-01  1.08254375e+01  1.46805937e-03
 -5.93913126e+00  4.61086869e-01  3.00634712e-01  1.87485311e-02]"
1747093067.9472005,"[ 0.          0.15504538  0.51249469 -2.85769222 -1.94166308  1.28813014
  0.96094748  2.52615876]","[ 0.00000000e+00  1.89068235e-03 -2.47409280e-01 -5.29897933e-06
 -3.19255224e-01 -1.05899522e-05 -2.64351959e-05  0.00000000e+00]","[ 0.          0.76842177 10.87094975  0.03469921 -5.95798254  0.44334468
  0.28626573  0.01192147]"
1747093067.9489193,"[ 0.          0.15504766  0.51204881 -2.85769222 -1.94229478  1.28813014
  0.96094748  2.52615876]","[ 0.00000000e+00  1.17033446e-03 -2.44602092e-01 -5.30298914e-06
 -3.20335602e-01 -1.05819570e-05 -2.64548924e-05  0.00000000e+00]","[ 0.00000000e+00  8.49896908e-01  1.08489799e+01  6.35556132e-02
 -6.03032160e+00  4.22632873e-01  2.92822093e-01 -8.22041743e-03]"
1747093067.950676,"[ 0.          0.15504859  0.5117508  -2.85769222 -1.94261037  1.28813014
  0.96094748  2.52615876]","[ 0.00000000e+00  9.10260138e-04 -2.45475875e-01 -5.30298914e-06
 -3.20065524e-01  0.00000000e+00 -2.64548924e-05  0.00000000e+00]","[ 0.00000000e+00  8.80707324e-01  1.08234949e+01  7.38204271e-02
 -6.04124069e+00  4.19422805e-01  3.09496552e-01 -8.05740152e-03]"
1747093067.9518569,"[ 0.          0.15505089  0.51126634 -2.85769222 -1.94325991  1.28813014
  0.96094748  2.52615876]","[ 0.00000000e+00  1.08002469e-03 -2.45518602e-01 -5.29897933e-06
 -3.16233502e-01  0.00000000e+00 -2.64349338e-05  0.00000000e+00]","[ 0.00000000e+00  9.06931758e-01  1.08027544e+01  9.74033847e-02
 -6.07553768e+00  4.05996859e-01  3.03732991e-01 -6.63060462e-03]"
1747093067.9536161,"[ 0.          0.1550518   0.51102529 -2.85769222 -1.94357124  1.28813014
  0.96094649  2.52615876]","[ 0.00000000e+00  1.05970099e-03 -2.44190550e-01 -5.30298914e-06
 -3.15743946e-01  0.00000000e+00 -3.70368514e-05  0.00000000e+00]","[ 0.00000000e+00  9.30389881e-01  1.08207531e+01  1.20128043e-01
 -6.10721350e+00  4.05999839e-01  3.03015798e-01  6.27219351e-03]"
1747093067.954798,"[ 0.          0.15505363  0.51052751 -2.85769222 -1.94419069  1.28813014
  0.96094649  2.52615876]","[ 0.00000000e+00  1.01058641e-03 -2.42547529e-01 -1.05979587e-05
 -3.13853268e-01  0.00000000e+00 -3.70368514e-05  0.00000000e+00]","[ 0.          0.96847469 10.83889771  0.13516714 -6.1268115   0.43987852
  0.28916162  0.02182797]"
1747093067.9565554,"[ 0.          0.15505455  0.5102892  -2.85769222 -1.94452385  1.28813014
  0.96094649  2.52615876]","[ 0.00000000e+00  1.01078823e-03 -2.41737246e-01 -1.06059783e-05
 -3.13711355e-01  0.00000000e+00 -3.70368514e-05  0.00000000e+00]","[ 0.          0.98385352 10.79576302  0.13025752 -6.15740013  0.45555103
  0.2890209   0.02222692]"
1747093067.9583015,"[ 0.          0.15505685  0.51005317 -2.85769222 -1.9451433   1.28813014
  0.96094555  2.52615876]","[ 0.00000000e+00  9.65390434e-04 -2.39306363e-01 -1.06059783e-05
 -3.13805098e-01  0.00000000e+00 -4.76188043e-05  0.00000000e+00]","[ 0.          0.9842028  10.817873    0.17320465 -6.23130226  0.44761389
  0.29492226  0.03881618]"
1747093067.9595299,"[ 0.          0.15505823  0.50979924 -2.85769222 -1.94545223  1.28813014
  0.96094555  2.52615876]","[ 0.00000000e+00  1.05695974e-03 -2.39233109e-01 -1.06059783e-05
 -3.13313079e-01  0.00000000e+00 -4.76192757e-05  0.00000000e+00]","[ 0.          1.00785792 10.74272919  0.19284387 -6.23009014  0.44494167
  0.2964218   0.02690795]"
1747093067.9612901,"[ 0.          0.15506099  0.50932996 -2.85769169 -1.94609272  1.28813014
  0.96094555  2.52615876]","[ 0.00000000e+00  1.11172281e-03 -2.37415685e-01 -5.30293632e-06
 -3.12772890e-01  0.00000000e+00 -3.70368514e-05  0.00000000e+00]","[ 0.00000000e+00  1.03702211e+00  1.07231169e+01  1.93957508e-01
 -6.29555321e+00  4.21303302e-01  2.94870764e-01  3.45243490e-03]"
1747093067.9624677,"[ 0.          0.15506235  0.50907879 -2.85769169 -1.94639951  1.28813014
  0.96094555  2.52615876]","[ 0.00000000e+00  1.13505720e-03 -2.36474657e-01 -5.30298914e-06
 -3.11152290e-01  0.00000000e+00 -3.70368514e-05  0.00000000e+00]","[ 0.00000000e+00  1.04445553e+00  1.07730865e+01  2.09431008e-01
 -6.34746599e+00  4.32224751e-01  2.77986258e-01 -4.17847710e-04]"
1747093067.9642324,"[ 0.          0.15506512  0.50861177 -2.85769169 -1.94703468  1.28813014
  0.96094555  2.52615876]","[ 0.00000000e+00  1.17028063e-03 -2.37145590e-01 -1.06059783e-05
 -3.09801801e-01  0.00000000e+00 -3.70089097e-05  0.00000000e+00]","[ 0.00000000e+00  1.02651894e+00  1.07369690e+01  2.08111256e-01
 -6.32925844e+00  4.14530039e-01  2.64323950e-01 -8.94795079e-03]"
1747093067.9654555,"[ 0.          0.15506695  0.50837715 -2.85769169 -1.94733934  1.28813014
  0.96094555  2.52615876]","[ 0.00000000e+00  1.25849927e-03 -2.37714774e-01 -1.06059783e-05
 -3.08678447e-01  0.00000000e+00 -3.70372172e-05  0.00000000e+00]","[ 0.00000000e+00  1.01857340e+00  1.06558275e+01  2.15846702e-01
 -6.29170895e+00  4.06218171e-01  2.51678824e-01 -6.71783881e-03]"
1747093067.9671652,"[ 0.          0.15506925  0.50789085 -2.85769169 -1.94794601  1.28813014
  0.96094555  2.52615876]","[ 0.00000000e+00  1.26545054e-03 -2.36905306e-01 -5.30298914e-06
 -3.07911123e-01  0.00000000e+00 -2.91003827e-05  0.00000000e+00]","[ 0.          1.04127777 10.63101482  0.23453285 -6.25337648  0.40675098
  0.2545982  -0.01511556]"
1747093067.9683397,"[ 0.          0.15507063  0.50765666 -2.85769169 -1.94827198  1.28813014
  0.96094555  2.52615876]","[ 0.00000000e+00  1.30627154e-03 -2.37415685e-01 -5.30304197e-06
 -3.06940601e-01  0.00000000e+00 -2.91003827e-05  0.00000000e+00]","[ 0.          1.06194258 10.66091537  0.23499803 -6.25608587  0.42937326
  0.25527725 -0.01094302]"
1747093067.9700716,"[ 0.          0.15507337  0.50717083 -2.85769169 -1.94887306  1.28813014
  0.96094462  2.52615876]","[ 0.00000000e+00  1.36750305e-03 -2.37477736e-01 -1.06059783e-05
 -3.04091451e-01  0.00000000e+00 -3.70368514e-05  0.00000000e+00]","[ 0.          1.08174849 10.60424519  0.25843081 -6.32524633  0.45339811
  0.25803024  0.01102149]"
1747093067.9716008,"[ 0.          0.15507659  0.50670661 -2.85769169 -1.94949437  1.28813014
  0.96094462  2.52615876]","[ 0.00000000e+00  1.41305182e-03 -2.33937247e-01 -1.05979587e-05
 -3.03429822e-01  0.00000000e+00 -3.70372172e-05  0.00000000e+00]","[ 0.00000000e+00  1.09249544e+00  1.05247955e+01  2.65783459e-01
 -6.39940596e+00  4.35133338e-01  2.58354485e-01 -1.49037936e-04]"
1747093067.973299,"[ 0.          0.15507797  0.50647655 -2.85769169 -1.94979291  1.28813014
  0.96094462  2.52615876]","[ 0.00000000e+00  1.41305182e-03 -2.33364218e-01 -5.30298914e-06
 -3.02472482e-01  0.00000000e+00 -3.70372172e-05  0.00000000e+00]","[ 0.00000000e+00  1.08216858e+00  1.04775429e+01  2.75690556e-01
 -6.40628290e+00  4.32160348e-01  2.65178770e-01 -6.28185226e-03]"
1747093067.9749217,"[ 0.          0.15508073  0.50599761 -2.85769169 -1.95039132  1.28813014
  0.96094462  2.52615876]","[ 0.00000000e+00  1.36900745e-03 -2.33364218e-01 -5.30304197e-06
 -3.03319467e-01  0.00000000e+00 -3.70368514e-05  0.00000000e+00]","[ 0.00000000e+00  1.10454726e+00  1.04438543e+01  2.76188165e-01
 -6.43273067e+00  4.43797618e-01  2.59414554e-01 -2.39847042e-03]"
1747093067.9766705,"[ 0.          0.15508165  0.50576665 -2.85769116 -1.95071303  1.28813014
  0.96094362  2.52615876]","[ 0.00000000e+00  1.36878041e-03 -2.34174518e-01  0.00000000e+00
 -3.02928316e-01  0.00000000e+00 -4.76188043e-05  0.00000000e+00]","[ 0.00000000e+00  1.12316895e+00  1.04373255e+01  2.77177304e-01
 -6.38455439e+00  4.52425748e-01  2.53058612e-01  6.25539524e-03]"
1747093067.9778733,"[ 0.          0.15508439  0.50530605 -2.85769116 -1.95130559  1.28813014
  0.96094362  2.52615876]","[ 0.00000000e+00  1.36889393e-03 -2.34141877e-01 -5.30298914e-06
 -3.00078300e-01  0.00000000e+00 -4.76188043e-05  0.00000000e+00]","[ 0.          1.13657308 10.4002409   0.26753286 -6.32936192  0.42904344
  0.24011301  0.01146859]"
1747093067.9795823,"[ 0.          0.15508577  0.50505582 -2.85769116 -1.9516233   1.28813014
  0.96094362  2.52615876]","[ 0.00000000e+00  1.36889393e-03 -2.35500605e-01 -5.30293632e-06
 -2.99166767e-01  0.00000000e+00 -4.76188043e-05  0.00000000e+00]","[ 0.00000000e+00  1.11075246e+00  1.03517094e+01  2.84057379e-01
 -6.29407644e+00  4.15142328e-01  2.37803936e-01  5.47065958e-03]"
1747093067.9812958,"[ 0.          0.15508807  0.50459156 -2.85769116 -1.952206    1.28813014
  0.96094362  2.52615876]","[ 0.00000000e+00  1.32484592e-03 -2.35254896e-01  0.00000000e+00
 -2.95216533e-01  0.00000000e+00 -4.76188043e-05  0.00000000e+00]","[ 0.00000000e+00  1.12224269e+00  1.02813368e+01  3.15443873e-01
 -6.29947424e+00  3.91090661e-01  2.32417613e-01 -1.80254609e-03]"
1747093067.982492,"[ 0.          0.15508899  0.50436013 -2.85769116 -1.95249762  1.28813014
  0.96094362  2.52615876]","[ 0.00000000e+00  1.30276509e-03 -2.34714707e-01  0.00000000e+00
 -2.95756722e-01  0.00000000e+00 -4.76192757e-05  0.00000000e+00]","[ 0.          1.10610151 10.26335049  0.33309159 -6.29688644  0.38127944
  0.23643571  0.02373771]"
1747093067.984204,"[ 0.          0.15509128  0.50388073 -2.85769116 -1.95310322  1.28813014
  0.96094362  2.52615876]","[ 0.00000000e+00  1.22204127e-03 -2.34476886e-01  0.00000000e+00
 -2.95405252e-01  0.00000000e+00 -4.76188043e-05  0.00000000e+00]","[ 0.00000000e+00  1.10626566e+00  1.01857014e+01  3.14205617e-01
 -6.26049566e+00  3.71559501e-01  2.15008155e-01  3.23900161e-03]"
1747093067.9854386,"[ 0.          0.15509405  0.50341558 -2.85769116 -1.95368326  1.28813014
  0.96094269  2.52615876]","[ 0.00000000e+00  1.21434138e-03 -2.36065196e-01  0.00000000e+00
 -2.93866044e-01  0.00000000e+00 -5.82013384e-05  0.00000000e+00]","[ 0.          1.11927855 10.20018196  0.29220766 -6.23797989  0.37553075
  0.20360358 -0.01397296]"
1747093067.9877908,"[ 0.          0.15509543  0.50316348 -2.85769116 -1.95399352  1.28813014
  0.96094269  2.52615876]","[ 0.00000000e+00  1.22453564e-03 -2.37477736e-01  0.00000000e+00
 -2.92145243e-01  0.00000000e+00 -5.82007654e-05  0.00000000e+00]","[ 0.00000000e+00  1.13379943e+00  1.02122221e+01  3.10369909e-01
 -6.19609928e+00  3.82378429e-01  2.10591942e-01 -5.95694315e-03]"
1747093067.9894824,"[ 0.          0.15509772  0.50269236 -2.85769116 -1.95456397  1.28813014
  0.96094269  2.52615876]","[ 0.00000000e+00  1.21440900e-03 -2.38766174e-01  0.00000000e+00
 -2.88756970e-01  0.00000000e+00 -5.82007654e-05  0.00000000e+00]","[ 0.00000000e+00  1.13674676e+00  1.02445669e+01  3.35704267e-01
 -6.15283346e+00  4.07024771e-01  2.15188265e-01 -1.01800065e-03]"
1747093067.9912946,"[ 0.          0.15510047  0.50220564 -2.85769116 -1.95513335  1.28813014
  0.96094269  2.52615876]","[ 0.00000000e+00  1.25244864e-03 -2.36365667e-01  0.00000000e+00
 -2.89814577e-01  0.00000000e+00 -5.82013384e-05  0.00000000e+00]","[ 0.          1.15594387 10.24622631  0.32655409 -6.12023354  0.38770375
  0.22635049  0.01078286]"
1747093067.9923737,"[ 0.          0.15510185  0.50197328 -2.85769116 -1.95544015  1.28813014
  0.96094269  2.52615876]","[ 0.00000000e+00  1.22462953e-03 -2.35525007e-01  0.00000000e+00
 -2.88885267e-01  0.00000000e+00 -5.82887721e-05  0.00000000e+00]","[ 0.          1.15912282 10.25582314  0.32779622 -6.14937115  0.3667362
  0.21377625  0.01164087]"
1747093067.994731,"[ 0.          0.1551046   0.50151271 -2.85769063 -1.95600953  1.28813014
  0.96094176  2.52615876]","[ 0.00000000e+00  1.24570257e-03 -2.32824029e-01  5.30298914e-06
 -2.88734200e-01  0.00000000e+00 -6.62372408e-05  0.00000000e+00]","[ 0.          1.17001963 10.29097271  0.34411237 -6.20854568  0.34689912
  0.19871956  0.02631153]"
1747093067.997296,"[ 0.          0.1551069   0.50103974 -2.85769063 -1.95659356  1.28813014
  0.96094083  2.52615876]","[ 0.00000000e+00  1.26545054e-03 -2.30699359e-01  5.30298914e-06
 -2.83619133e-01  0.00000000e+00 -7.41857136e-05  0.00000000e+00]","[ 0.          1.14140725 10.30798149  0.34662452 -6.20637369  0.361597
  0.21360277  0.02139601]"
1747093067.9984162,"[ 0.          0.15510966  0.50058194 -2.85769063 -1.95715016  1.28813014
  0.96094083  2.52615876]","[ 0.00000000e+00  1.30627154e-03 -2.33060401e-01  5.30293632e-06
 -2.80901377e-01  0.00000000e+00 -7.41849740e-05  0.00000000e+00]","[ 0.00000000e+00  1.15725780e+00  1.04171705e+01  3.43879014e-01
 -6.12381744e+00  3.93772483e-01  2.11777702e-01  1.32118794e-03]"
1747093068.0002081,"[ 0.          0.15511241  0.50010667 -2.85769063 -1.95772407  1.28813014
  0.96094083  2.52615876]","[ 0.00000000e+00  1.30637167e-03 -2.32013729e-01  1.06059783e-05
 -2.79820999e-01  0.00000000e+00 -7.41857136e-05  0.00000000e+00]","[ 0.          1.17519116 10.54203224  0.35510772 -6.10364676  0.38994777
  0.20268118  0.0158772 ]"
1747093068.0019252,"[ 0.          0.15511562  0.4996507  -2.85769063 -1.95828147  1.28813014
  0.96093983  2.5261577 ]","[ 0.00000000e+00  1.36889393e-03 -2.31473540e-01  1.06059783e-05
 -2.83062166e-01  0.00000000e+00 -8.47836692e-05 -1.05820616e-05]","[ 0.          1.14522374 10.59605885  0.36864355 -6.10571098  0.35602185
  0.18785387  0.02050183]"
1747093068.0030098,"[ 0.          0.155117    0.49940595 -2.85769063 -1.95858214  1.28813014
  0.96093983  2.5261577 ]","[ 0.00000000e+00  1.36889393e-03 -2.30456212e-01  1.06059783e-05
 -2.82851243e-01  0.00000000e+00 -8.47836692e-05 -1.05819570e-05]","[ 0.          1.15052998 10.63400745  0.36256692 -6.06720161  0.34647635
  0.1899654   0.0160433 ]"
1747093068.0047987,"[ 0.          0.15512021  0.49895272 -2.85769063 -1.95914354  1.28813014
  0.96093983  2.5261577 ]","[ 0.00000000e+00  1.41305182e-03 -2.29042656e-01  1.06058726e-05
 -2.85222922e-01  0.00000000e+00 -8.47836692e-05 -1.05819570e-05]","[ 0.00000000e+00  1.14179456e+00  1.07349377e+01  3.61888379e-01
 -6.05323744e+00  3.43789756e-01  1.90897331e-01  8.47785454e-03]"
1747093068.0065663,"[ 0.          0.15512159  0.49872682 -2.85769063 -1.9594253   1.28813014
  0.96093983  2.5261577 ]","[ 0.00000000e+00  1.41305182e-03 -2.29042656e-01  1.06059783e-05
 -2.85763144e-01  0.00000000e+00 -8.47836692e-05 -1.05819570e-05]","[ 0.00000000e+00  1.14930928e+00  1.07586946e+01  3.48983169e-01
 -6.03982878e+00  3.38869035e-01  1.73564836e-01  1.04854507e-02]"
1747093068.008328,"[ 0.          0.15512481  0.49825201 -2.85769036 -1.96001173  1.28813014
  0.9609389   2.5261577 ]","[ 0.00000000e+00  1.49075461e-03 -2.32824029e-01  1.32574726e-05
 -2.86126798e-01  0.00000000e+00 -9.54538036e-05 -1.05820616e-05]","[ 0.00000000e+00  1.09885740e+00  1.07724085e+01  3.40517014e-01
 -5.96600389e+00  3.51428658e-01  1.77589953e-01 -3.84300074e-05]"
1747093068.009515,"[ 0.          0.15512802  0.49779371 -2.85769036 -1.96058218  1.28813014
  0.9609389   2.5261577 ]","[ 0.00000000e+00  1.53884353e-03 -2.32013729e-01  1.85745164e-05
 -2.90060587e-01  0.00000000e+00 -9.53825757e-05 -1.05819570e-05]","[ 0.          1.0789541  10.85199451  0.37012479 -5.81839371  0.3599624
  0.16413844 -0.01703374]"
1747093068.0112655,"[ 0.          0.1551294   0.49754807 -2.85769036 -1.9608682   1.28813014
  0.9609389   2.5261577 ]","[ 0.00000000e+00  1.53884353e-03 -2.30991008e-01  1.85604623e-05
 -2.90084689e-01  0.00000000e+00 -9.54547545e-05 -1.05899522e-05]","[ 0.          1.09052777 10.91114807  0.34994823 -5.75749874  0.34868777
  0.16769105 -0.02064127]"
1747093068.0130098,"[ 0.          0.15513261  0.49709576 -2.85769036 -1.96145995  1.28813014
  0.9609389   2.5261577 ]","[ 0.00000000e+00  1.54961646e-03 -2.28772562e-01  1.85745164e-05
 -2.88734200e-01  0.00000000e+00 -9.53816248e-05 -1.05819570e-05]","[ 0.          1.10916221 10.99081707  0.36051813 -5.69809341  0.34044898
  0.14559878 -0.02752846]"
1747093068.0141478,"[ 0.          0.15513399  0.49687122 -2.85769036 -1.96178939  1.28813014
  0.9609389   2.5261577 ]","[ 0.00000000e+00  1.53884353e-03 -2.27692167e-01  1.85745164e-05
 -2.89484212e-01  0.00000000e+00 -9.54538036e-05 -1.05819570e-05]","[ 0.          1.1037432  10.99445057  0.34280688 -5.63748503  0.30203676
  0.14125516 -0.0161863 ]"
1747093068.0158424,"[ 0.          0.15513674  0.49641156 -2.85769036 -1.96238114  1.28812921
  0.96093796  2.5261577 ]","[ 0.00000000e+00  1.49075461e-03 -2.23414115e-01  1.85604623e-05
 -2.88691922e-01 -1.06059783e-05 -1.03330098e-04 -1.05978530e-05]","[ 0.          1.03843665 10.95704937  0.3319937  -5.5557642   0.28391439
  0.14430174 -0.01840009]"
1747093068.0176613,"[ 0.          0.15513812  0.49619069 -2.85768983 -1.96266717  1.28812921
  0.96093796  2.5261577 ]","[ 0.00000000e+00  1.50105434e-03 -2.23910811e-01  2.38636886e-05
 -2.89790775e-01 -1.05819570e-05 -1.03330098e-04 -1.05979587e-05]","[ 0.          1.04313195 10.99153423  0.33269173 -5.53321266  0.2850869
  0.15167922 -0.01710251]"
1747093068.0193639,"[ 0.          0.15514133  0.49573059 -2.85768983 -1.96326318  1.28812921
  0.96093796  2.5261577 ]","[ 0.00000000e+00  1.49088933e-03 -2.24939308e-01  2.38634509e-05
 -2.90891427e-01 -1.05979587e-05 -1.03408291e-04 -1.06059783e-05]","[ 0.          1.02019    11.00797176  0.31613392 -5.42706871  0.27540731
  0.16286422 -0.0228095 ]"
1747093068.0211432,"[ 0.          0.15514363  0.49528931 -2.85768983 -1.96383683  1.28812921
  0.96093796  2.5261577 ]","[ 0.00000000e+00  1.42842273e-03 -2.23100511e-01  2.38634509e-05
 -2.91705289e-01 -1.05978530e-05 -1.03330098e-04 -1.05979587e-05]","[ 0.          0.9928273  11.06023693  0.30324253 -5.296206    0.31229135
  0.15057434 -0.02000936]"
1747093068.0229228,"[ 0.          0.15514501  0.49506796 -2.85768983 -1.96412418  1.28812921
  0.96093696  2.5261577 ]","[ 0.00000000e+00  1.41862144e-03 -2.24451000e-01  2.38634509e-05
 -2.91435178e-01 -1.05979587e-05 -1.14014268e-04 -1.05979587e-05]","[ 0.          0.98653269 11.0328455   0.29543161 -5.18977928  0.30318612
  0.14224061 -0.01369072]"
1747093068.0240705,"[ 0.          0.15514778  0.49461063 -2.85768983 -1.96471753  1.28812921
  0.96093696  2.5261577 ]","[ 0.00000000e+00  1.37053253e-03 -2.22682395e-01  2.38632132e-05
 -2.89788778e-01 -1.05819570e-05 -1.13928053e-04 -1.05979587e-05]","[ 0.          0.94436902 11.05731106  0.24587525 -5.19630337  0.27975118
  0.12932326 -0.01261885]"
1747093068.0272467,"[ 0.          0.15515052  0.49417531 -2.85768983 -1.96528745  1.28812921
  0.96093696  2.5261577 ]","[ 0.00000000e+00  1.37065632e-03 -2.19859344e-01  2.38094022e-05
 -2.88464088e-01 -1.05979587e-05 -1.13928053e-04 -1.05979587e-05]","[ 0.          0.91044235 11.06148434  0.20504335 -5.25893593  0.25898841
  0.13889925 -0.02162539]"
1747093068.0282896,"[ 0.          0.15515329  0.49372576 -2.85768983 -1.96588027  1.28812921
  0.96093696  2.5261577 ]","[ 0.00000000e+00  1.36889393e-03 -2.18287463e-01  2.38273920e-05
 -2.89274389e-01 -1.06059783e-05 -1.14014268e-04 -1.05979587e-05]","[ 0.          0.86053199 11.10037518  0.15893441 -5.30729294  0.28421941
  0.15349108 -0.02308594]"
1747093068.0300095,"[ 0.          0.15515558  0.49329779 -2.85768983 -1.96645418  1.28812921
  0.96093603  2.5261577 ]","[ 0.00000000e+00  1.30265716e-03 -2.16077989e-01  2.64748795e-05
 -2.91139900e-01 -1.05979587e-05 -1.21968747e-04 -1.05979587e-05]","[ 0.          0.79319435 11.16853523  0.11573508 -5.29971838  0.31395429
  0.13866326 -0.04161582]"
1747093068.0310657,"[ 0.          0.15515695  0.49306913 -2.85768983 -1.96676231  1.28812921
  0.96093603  2.5261577 ]","[ 0.00000000e+00  1.30254910e-03 -2.15410101e-01  2.64748795e-05
 -2.90139117e-01 -1.05979587e-05 -1.21968747e-04 -1.05979587e-05]","[ 0.          0.80315506 11.23548222  0.09652335 -5.33866882  0.34288824
  0.13809852 -0.01964218]"
1747093068.032747,"[ 0.          0.15515971  0.49264622 -2.85768983 -1.96704886  1.28812921
  0.96093603  2.5261577 ]","[ 0.00000000e+00  1.34698930e-03 -2.13647105e-01  2.64748795e-05
 -2.90624878e-01 -1.06060839e-05 -1.21876526e-04 -1.05980643e-05]","[ 0.          0.75648123 11.26114178  0.06462447 -5.34860277  0.36637381
  0.15733799 -0.02502705]"
1747093068.033913,"[ 0.          0.15516109  0.4924359  -2.85768983 -1.96733569  1.28812921
  0.96093603  2.5261577 ]","[ 0.00000000e+00  1.32473604e-03 -2.13377011e-01  2.38273920e-05
 -2.90894989e-01 -1.05978530e-05 -1.21968747e-04 -1.05979587e-05]","[ 0.          0.74272227 11.1989851   0.05813586 -5.39340734  0.35852966
  0.15969355 -0.03762812]"
1747093068.0355616,"[ 0.          0.15516246  0.49221136 -2.85768983 -1.96762091  1.28812921
  0.96093603  2.5261577 ]","[ 0.00000000e+00  1.32473604e-03 -2.11198944e-01  2.38276277e-05
 -2.89274389e-01 -1.05979587e-05 -1.21967536e-04 -1.06059783e-05]","[ 0.          0.7243284  11.21177483  0.03496334 -5.40710068  0.35807526
  0.17228764 -0.05599736]"
1747093068.0372918,"[ 0.          0.15516475  0.49179624 -2.85768983 -1.96821613  1.28812921
  0.96093603  2.5261577 ]","[ 0.00000000e+00  1.30617141e-03 -2.09595638e-01  2.64748795e-05
 -2.91409711e-01 -1.05979587e-05 -1.21876526e-04 -1.05979587e-05]","[ 0.00000000e+00  6.64948404e-01  1.11464062e+01 -1.16293842e-03
 -5.44538879e+00  3.45543891e-01  1.73829377e-01 -5.01064211e-02]"
1747093068.0389755,"[ 0.          0.1551666   0.49138252 -2.85768983 -1.96879377  1.28812921
  0.96093603  2.5261577 ]","[ 0.00000000e+00  1.22462953e-03 -2.08515244e-01  2.64748795e-05
 -2.93055778e-01 -1.05980643e-05 -1.14014268e-04 -1.05979587e-05]","[ 0.          0.62512666 11.11228466 -0.02095077 -5.44114065  0.34170756
  0.17599615 -0.05141364]"
1747093068.0406895,"[ 0.          0.15516843  0.49096097 -2.85768983 -1.96939378  1.28812921
  0.96093603  2.5261577 ]","[ 0.00000000e+00  1.16339815e-03 -2.05066100e-01  2.38273920e-05
 -2.92785667e-01 -1.05979587e-05 -1.13929191e-04 -1.05979587e-05]","[ 0.          0.59349078 11.09643745 -0.03492983 -5.43013668  0.33876547
  0.16831331 -0.04819426]"
1747093068.0423574,"[ 0.          0.1551689   0.49075847 -2.85768983 -1.9696822   1.28812921
  0.96093603  2.5261577 ]","[ 0.00000000e+00  1.10216664e-03 -2.05274077e-01  2.38276277e-05
 -2.92515555e-01 -1.05979587e-05 -1.13926924e-04 -1.05979587e-05]","[ 0.          0.57905781 11.03768253 -0.04213463 -5.40642929  0.32713801
  0.17669253 -0.04075257]"
1747093068.0440686,"[ 0.          0.15517026  0.49033509 -2.85768983 -1.97025291  1.28812921
  0.96093603  2.5261577 ]","[ 0.00000000e+00  1.02060285e-03 -2.06633204e-01  2.38273920e-05
 -2.88734200e-01 -1.06059783e-05 -1.14014268e-04 -1.05979587e-05]","[ 0.          0.54162133 10.94119835 -0.08795963 -5.35887957  0.32403526
  0.19468072 -0.02488082]"
1747093068.0458107,"[ 0.          0.15517073  0.49013123 -2.85769036 -1.97056024  1.28812921
  0.96093603  2.5261577 ]","[ 0.00000000e+00  9.59293186e-04 -2.06894660e-01  1.85324169e-05
 -2.89386807e-01 -1.06059783e-05 -1.14014268e-04 -1.05979587e-05]","[ 0.          0.53114599 10.93064785 -0.09013216 -5.29256439  0.32546967
  0.1959594  -0.03907788]"
1747093068.047564,"[ 0.          0.15517119  0.489723   -2.85769036 -1.97112963  1.28812921
  0.9609351   2.5261577 ]","[ 0.00000000e+00  7.75598724e-04 -2.07164771e-01  1.85184257e-05
 -2.88734200e-01 -1.05979587e-05 -1.21967536e-04 -1.05979587e-05]","[ 0.          0.49479139 10.80456257 -0.10923412 -5.3126359   0.31803876
  0.18821304 -0.0491358 ]"
1747093068.0492887,"[ 0.          0.15517164  0.48929503 -2.85769036 -1.97172111  1.28812921
  0.9609351   2.5261577 ]","[ 0.00000000e+00  6.32725268e-04 -2.09055449e-01  1.85324169e-05
 -2.88112451e-01 -1.06059783e-05 -1.21968747e-04 -1.05979587e-05]","[ 0.          0.43905038 10.72059155 -0.12903519 -5.35730457  0.31867573
  0.19653344 -0.04545538]"
1747093068.050977,"[ 0.          0.15517164  0.48888683 -2.85769036 -1.97228544  1.28812921
  0.9609351   2.5261577 ]","[ 0.00000000e+00  4.46396513e-04 -2.06354471e-01  1.85184257e-05
 -2.85493033e-01 -1.05980643e-05 -1.21876526e-04 -1.05979587e-05]","[ 0.          0.39118397 10.72496891 -0.15448517 -5.2744441   0.30874392
  0.21175134 -0.0530858 ]"
1747093068.0532324,"[ 0.          0.15517211  0.48847035 -2.85769036 -1.97286734  1.28812921
  0.9609351   2.5261577 ]","[ 0.00000000e+00  3.46978389e-04 -2.02367852e-01  1.85324169e-05
 -2.83872433e-01 -1.06059783e-05 -1.14013130e-04 -1.05979587e-05]","[ 0.          0.35569569 10.6825552  -0.20248806 -5.25008631  0.30320573
  0.2131775  -0.07348371]"
1747093068.0549,"[ 0.          0.15517211  0.48827151 -2.85769036 -1.97342793  1.28812921
  0.9609351   2.5261577 ]","[ 0.00000000e+00  2.85746912e-04 -2.01762815e-01  1.85186086e-05
 -2.84682733e-01 -1.05979587e-05 -1.13928053e-04 -1.05979587e-05]","[ 0.          0.34414467 10.63869476 -0.22720326 -5.29969835  0.29784766
  0.21324092 -0.07841351]"
1747093068.0560553,"[ 0.          0.15517211  0.48785639 -2.85769036 -1.97370836  1.28812921
  0.9609351   2.5261577 ]","[ 0.00000000e+00  1.83694430e-04 -2.02871689e-01  1.85325998e-05
 -2.84412655e-01 -1.05979587e-05 -1.14014268e-04 -1.05979587e-05]","[ 0.          0.3073971  10.55499649 -0.23715612 -5.35382652  0.27778134
  0.21787791 -0.06994272]"
1747093068.0583398,"[ 0.          0.15517211  0.48745692 -2.85769063 -1.97428893  1.28812921
  0.9609351   2.5261577 ]","[ 0.00000000e+00  1.02052466e-04 -2.02032910e-01  1.58849283e-05
 -2.82792055e-01 -1.05979587e-05 -1.03408291e-04 -1.05979587e-05]","[ 0.          0.27617839 10.54492664 -0.27800447 -5.41874456  0.26718685
  0.24951121 -0.08812174]"
1747093068.0594711,"[ 0.          0.15517211  0.48703903 -2.85769063 -1.97484074  1.28812921
  0.9609351   2.5261577 ]","[ 0.00000000e+00  6.12314765e-05 -2.03933508e-01  1.58729355e-05
 -2.79280777e-01 -1.06059783e-05 -1.03408291e-04 -1.05979587e-05]","[ 0.          0.24371026 10.61400795 -0.30634597 -5.45266438  0.28112432
  0.24759747 -0.08737181]"
1747093068.0623252,"[ 0.          0.15517211  0.48683793 -2.85769063 -1.97513662  1.28812921
  0.9609351   2.5261577 ]","[ 0.00000000e+00  5.69294814e-05 -2.03923588e-01  1.58849283e-05
 -2.78603751e-01 -1.06059783e-05 -1.03408291e-04 -1.05979587e-05]","[ 0.          0.20057987 10.61007404 -0.32287243 -5.49011087  0.29146281
  0.23910533 -0.08482311]"
1747093068.0634017,"[ 0.          0.15517211  0.48643979 -2.85769116 -1.9756815   1.28812921
  0.9609351   2.5261577 ]","[ 0.00000000e+00  3.79502812e-05 -2.02032910e-01  5.29103081e-06
 -2.75499421e-01 -1.05979587e-05 -1.03330098e-04 -1.05979587e-05]","[ 0.          0.16380292 10.67629623 -0.36486411 -5.56991529  0.31687963
  0.22343546 -0.05820355]"
1747093068.064566,"[ 0.          0.15517211  0.48603113 -2.85769116 -1.97625142  1.28812921
  0.9609351   2.52615663]","[ 0.00000000e+00  3.79529876e-05 -1.99331932e-01  5.29497611e-06
 -2.78352998e-01 -1.06059783e-05 -1.03408291e-04 -2.11961286e-05]","[ 0.          0.18913251 10.69018269 -0.3647328  -5.71839476  0.32258281
  0.22629604 -0.06600758]"
1747093068.0662265,"[ 0.          0.15517164  0.48583642 -2.85769116 -1.97652546  1.28812921
  0.9609351   2.52615663]","[ 0.00000000e+00  0.00000000e+00 -1.97241200e-01  5.29497611e-06
 -2.77930304e-01 -1.06059783e-05 -1.03408291e-04 -2.11961286e-05]","[ 0.          0.18265204 10.7213068  -0.37978327 -5.76918173  0.32876763
  0.22578852 -0.07888336]"
1747093068.068048,"[ 0.          0.15517164  0.48544749 -2.85769116 -1.97707247  1.28812921
  0.9609351   2.52615663]","[ 0.00000000e+00  0.00000000e+00 -1.97441254e-01  5.29097849e-06
 -2.77120004e-01 -1.06059783e-05 -1.03174077e-04 -2.11959173e-05]","[ 0.          0.18025544 10.74065971 -0.36243537 -5.85931349  0.33604899
  0.21683395 -0.08459331]"
1747093068.0692585,"[ 0.          0.15517164  0.48523717 -2.85769116 -1.97736648  1.28812921
  0.9609351   2.52615663]","[ 0.00000000e+00  0.00000000e+00 -1.98107077e-01  5.29097849e-06
 -2.76587938e-01 -1.06059783e-05 -9.53095680e-05 -2.11959173e-05]","[ 0.          0.15862498 10.75697708 -0.37718228 -5.9093585   0.33839405
  0.21595554 -0.08725484]"
1747093068.0709836,"[ 0.          0.15517164  0.48484595 -2.85769116 -1.9779095   1.28812921
  0.9609351   2.52615663]","[ 0.00000000e+00  0.00000000e+00 -1.97981443e-01  5.29497611e-06
 -2.75229326e-01 -1.05978530e-05 -9.52376087e-05 -2.11801137e-05]","[ 0.          0.15083946 10.83939266 -0.39455882 -5.93989134  0.35180405
  0.20544657 -0.08797565]"
1747093068.0727713,"[ 0.          0.15517164  0.48465124 -2.85769116 -1.97818008  1.28812921
  0.9609351   2.52615663]","[ 0.00000000e+00  0.00000000e+00 -1.97241200e-01  5.29097849e-06
 -2.74419043e-01 -1.06059783e-05 -9.53095680e-05 -2.11959173e-05]","[ 0.          0.155158   10.90813923 -0.41588214 -5.91960049  0.3572557
  0.22052896 -0.08749747]"
1747093068.0744605,"[ 0.          0.15517164  0.48425496 -2.85769169 -1.97874121  1.28812921
  0.9609351   2.52615663]","[ 0.00000000e+00  0.00000000e+00 -1.92309409e-01  0.00000000e+00
 -2.73878837e-01 -1.06059783e-05 -9.52385514e-05 -2.11959173e-05]","[ 0.          0.1567836  10.94710445 -0.42916101 -5.91576862  0.36702412
  0.23327735 -0.08225187]"
1747093068.0756915,"[ 0.          0.15517164  0.48386924 -2.85769169 -1.9792797   1.28812921
  0.96093417  2.52615663]","[ 0.00000000e+00  0.00000000e+00 -1.87574808e-01  0.00000000e+00
 -2.72798443e-01 -1.06059783e-05 -9.53095680e-05 -2.11959173e-05]","[ 0.          0.17129198 10.97530937 -0.42900202 -5.90003729  0.34182337
  0.21876635 -0.09326234]"
1747093068.0773995,"[ 0.          0.15517164  0.48368695 -2.85769169 -1.97956998  1.28812921
  0.96093417  2.52615663]","[ 0.00000000e+00  0.00000000e+00 -1.84746681e-01 -5.29497611e-06
 -2.73337616e-01 -1.06058726e-05 -9.53095680e-05 -2.11959173e-05]","[ 0.          0.19595206 10.97328949 -0.42874905 -5.93521261  0.32997015
  0.21856065 -0.08368481]"
1747093068.0785975,"[ 0.          0.15517164  0.48333155 -2.85769169 -1.98010501  1.28812921
  0.96093417  2.52615663]","[ 0.00000000e+00  0.00000000e+00 -1.78804536e-01 -5.29097849e-06
 -2.70903104e-01 -1.05979587e-05 -9.52376087e-05 -2.11799045e-05]","[ 0.          0.1716961  10.9032526  -0.39555314 -5.95449924  0.33157873
  0.21708627 -0.0975113 ]"
1747093068.080344,"[ 0.          0.15517164  0.48314326 -2.85769169 -1.98039183  1.28812921
  0.96093417  2.52615663]","[ 0.00000000e+00  0.00000000e+00 -1.77293308e-01 -5.29103081e-06
 -2.70077624e-01 -1.06059783e-05 -9.53105108e-05 -2.11959173e-05]","[ 0.          0.17105633 10.90820312 -0.38386956 -5.93221998  0.33023724
  0.2164776  -0.10239977]"
1747093068.0820997,"[ 0.          0.15517119  0.48279339 -2.85769222 -1.98092313  1.28812921
  0.96093417  2.52615663]","[ 0.00000000e+00 -1.71247870e-05 -1.78264330e-01 -1.05899522e-05
 -2.69017087e-01 -1.06059783e-05 -9.53095680e-05 -2.11959173e-05]","[ 0.          0.19225584 10.89285564 -0.37054348 -5.961555    0.33254987
  0.21668331 -0.11626863]"
1747093068.083849,"[ 0.          0.15517119  0.48261795 -2.85769222 -1.98118785  1.28812921
  0.96093417  2.52615663]","[ 0.00000000e+00 -1.71247870e-05 -1.77994236e-01 -1.05899522e-05
 -2.68476898e-01 -1.05979587e-05 -9.52376087e-05 -2.12119566e-05]","[ 0.          0.21206498 10.89623547 -0.38402504 -5.98589087  0.32616806
  0.22013089 -0.11265175]"
1747093068.0849633,"[ 0.          0.15517164  0.48225749 -2.85769222 -1.98173833  1.28812921
  0.96093417  2.52615663]","[ 0.00000000e+00  0.00000000e+00 -1.74871729e-01 -1.05819570e-05
 -2.69325331e-01 -1.06059783e-05 -9.52376087e-05 -2.11641232e-05]","[ 0.          0.22829537 10.90863991 -0.34762257 -6.01009989  0.33988854
  0.21346785 -0.12514129]"
1747093068.0866942,"[ 0.          0.15517119  0.48191588 -2.85769222 -1.98226776  1.28812921
  0.96093417  2.52615663]","[ 0.00000000e+00 -1.51643386e-05 -1.72862391e-01 -1.05899522e-05
 -2.68206787e-01 -1.06059783e-05 -8.46556558e-05 -2.11639139e-05]","[ 0.          0.26058668 10.9480114  -0.31128943 -5.94776726  0.32671389
  0.193323   -0.12753889]"
1747093068.0885124,"[ 0.          0.15517119  0.48174687 -2.85769222 -1.98253089  1.28812921
  0.96093417  2.52615663]","[ 0.00000000e+00 -2.27471550e-05 -1.71511902e-01 -1.05820616e-05
 -2.66585921e-01 -1.06059783e-05 -8.46556558e-05 -2.11639139e-05]","[ 0.          0.27692509 10.96975994 -0.29137528 -5.94431496  0.3127493
  0.19376533 -0.12361227]"
1747093068.0907257,"[ 0.          0.15517164  0.48123627 -2.85769222 -1.98333622  1.28812828
  0.96093417  2.52615663]","[ 0.00000000e+00 -1.47192894e-05 -1.66819329e-01 -1.05899522e-05
 -2.63615131e-01 -1.85464284e-05 -8.46556558e-05 -2.11801137e-05]","[ 0.          0.29311347 10.84634113 -0.26404557 -5.95940542  0.27812576
  0.19666265 -0.15153641]"
1747093068.0925348,"[ 0.          0.15517119  0.4810613  -2.85769222 -1.98361559  1.28812828
  0.96093417  2.52615663]","[ 0.00000000e+00 -2.14057526e-05 -1.64599884e-01 -1.05899522e-05
 -2.63056117e-01 -1.85604623e-05 -8.46556558e-05 -2.11641232e-05]","[ 0.          0.29760799 10.82436275 -0.26597944 -5.94456673  0.28321695
  0.2028971  -0.16311131]"
1747093068.0942092,"[ 0.          0.15517119  0.48074262 -2.85769222 -1.98413677  1.28812828
  0.96093417  2.52615583]","[ 0.00000000e+00 -2.08548258e-05 -1.60707990e-01 -1.58850858e-05
 -2.64155337e-01 -1.85604623e-05 -7.40737029e-05 -2.91006692e-05]","[ 0.          0.34034401 10.78559208 -0.26959857 -5.93586588  0.29001009
  0.2054534  -0.16934879]"
1747093068.095857,"[ 0.          0.15517119  0.48042487 -2.85769249 -1.98465689  1.28812828
  0.96093417  2.52615583]","[ 0.00000000e+00 -2.03315440e-05 -1.60545171e-01 -1.85184257e-05
 -2.64155337e-01 -1.85604623e-05 -7.40737029e-05 -2.91003827e-05]","[ 0.          0.36165416 10.70701027 -0.24445081 -5.96983337  0.28005511
  0.1928595  -0.15286748]"
1747093068.0975928,"[ 0.          0.15517119  0.4802536  -2.85769249 -1.98493705  1.28812828
  0.96093417  2.52615583]","[ 0.00000000e+00 -2.02922972e-05 -1.61396101e-01 -1.85184257e-05
 -2.63808427e-01 -1.85604623e-05 -6.61872009e-05 -2.91006692e-05]","[ 0.          0.36443168 10.69563293 -0.2597307  -5.98961973  0.27774578
  0.20540932 -0.14963183]"
1747093068.099316,"[ 0.          0.15517119  0.47993815 -2.85769249 -1.9854537   1.28812828
  0.96093417  2.52615583]","[ 0.00000000e+00 -1.97965285e-05 -1.59357518e-01 -1.85325998e-05
 -2.60649801e-01 -1.85604623e-05 -6.61378843e-05 -2.91223691e-05]","[ 0.          0.37371898 10.6902256  -0.23828681 -6.00174046  0.29117098
  0.21743819 -0.15018827]"
1747093068.1010437,"[ 0.          0.15517119  0.47962819 -2.85769249 -1.98598714  1.28812828
  0.96093417  2.52615583]","[ 0.00000000e+00 -1.93599958e-05 -1.56386445e-01 -1.85184257e-05
 -2.60799204e-01 -1.85324169e-05 -6.61872009e-05 -2.91003827e-05]","[ 0.          0.38358802 10.68952179 -0.24494222 -5.99723434  0.2984508
  0.2103581  -0.17887402]"
1747093068.1027427,"[ 0.          0.15517119  0.47930997 -2.85769249 -1.98650432  1.28812828
  0.96093317  2.52615583]","[ 0.00000000e+00 -1.93239409e-05 -1.54495751e-01 -1.85324169e-05
 -2.63345037e-01 -1.85182388e-05 -6.61372301e-05 -1.85182388e-05]","[ 0.          0.3728599  10.72481918 -0.25390494 -5.99250317  0.26919988
  0.18404303 -0.17647697]"
1747093068.1044254,"[ 0.          0.15517119  0.47915934 -2.85769249 -1.98678342  1.28812828
  0.96093317  2.52615583]","[ 0.00000000e+00 -1.88738356e-05 -1.52720271e-01 -1.85324169e-05
 -2.62558122e-01 -1.85324169e-05 -6.61372301e-05 -1.85325998e-05]","[ 0.          0.41886815 10.73074532 -0.2293444  -5.96444082  0.2616148
  0.18339762 -0.18726826]"
1747093068.106125,"[ 0.          0.15517119  0.47885124 -2.85769249 -1.98730327  1.28812828
  0.96093317  2.52615583]","[ 0.00000000e+00 -1.84446459e-05 -1.48705689e-01 -1.85186086e-05
 -2.63615131e-01 -1.85324169e-05 -6.61378843e-05 -1.85184257e-05]","[ 0.          0.43952346 10.72746658 -0.19235142 -5.96697807  0.25743541
  0.20006424 -0.18117669]"
1747093068.1083705,"[ 0.          0.15517119  0.47856103 -2.85769249 -1.98781886  1.28812828
  0.96093317  2.52615583]","[ 0.00000000e+00 -1.80337284e-05 -1.46662928e-01 -1.85324169e-05
 -2.60373964e-01 -1.85324169e-05 -6.61378843e-05 -1.85184257e-05]","[ 0.          0.42778084 10.7180891  -0.19228977 -5.92721701  0.25455377
  0.19494064 -0.17993061]"
1747093068.109561,"[ 0.          0.15517119  0.47826255 -2.85769249 -1.98834776  1.28812734
  0.96093317  2.52615583]","[ 0.00000000e+00 -1.80337284e-05 -1.45696483e-01 -2.11639139e-05
 -2.58483286e-01 -2.64748795e-05 -5.82007654e-05 -1.85186086e-05]","[ 0.          0.45777088 10.69405937 -0.19414638 -5.89889812  0.24898656
  0.19528469 -0.18245271]"
1747093068.111259,"[ 0.          0.15517119  0.47812067 -2.85769249 -1.98860236  1.28812734
  0.96093317  2.52615583]","[ 0.00000000e+00 -1.76115567e-05 -1.43961950e-01 -2.11639139e-05
 -2.58213192e-01 -2.64548924e-05 -5.82007654e-05 -1.85186086e-05]","[ 0.          0.47901359 10.64499092 -0.19414638 -5.92014885  0.22731751
  0.2028764  -0.18223234]"
1747093068.1129916,"[ 0.          0.15517119  0.47784054 -2.85769249 -1.98913126  1.28812734
  0.96093317  2.52615583]","[ 0.00000000e+00 -1.17410381e-05 -1.40990877e-01 -2.11639139e-05
 -2.58800136e-01 -2.64751417e-05 -5.82453112e-05 -1.85184257e-05]","[ 0.          0.49586311 10.65910149 -0.18577087 -5.91949177  0.21370374
  0.20167124 -0.18308029]"
1747093068.1146748,"[ 0.          0.15517119  0.47755126 -2.85769249 -1.98964179  1.28812734
  0.96093317  2.52615477]","[ 0.00000000e+00 -1.14910295e-05 -1.42071272e-01 -2.11639139e-05
 -2.58753381e-01 -1.85186086e-05 -5.82007654e-05 -2.91006692e-05]","[ 0.          0.53703421 10.69748783 -0.19037874 -5.96998549  0.23646079
  0.19988422 -0.21505864]"
1747093068.1169336,"[ 0.          0.15517119  0.47727482 -2.85769302 -1.99017043  1.28812734
  0.96093317  2.52615477]","[ 0.00000000e+00 -1.12519216e-05 -1.39640388e-01 -2.64748795e-05
 -2.57288442e-01 -1.85184257e-05 -4.76547840e-05 -2.91006692e-05]","[ 0.          0.56228346 10.79491234 -0.17185476 -5.94768906  0.23901968
  0.20560753 -0.21747252]"
1747093068.1186607,"[ 0.          0.15517119  0.47710494 -2.85769302 -1.99042476  1.28812734
  0.96093317  2.52615477]","[ 0.00000000e+00 -1.10050258e-05 -1.40073934e-01 -3.17458709e-05
 -2.57681741e-01 -1.85324169e-05 -4.76192757e-05 -2.91003827e-05]","[ 0.          0.56443524 10.87164402 -0.1572697  -5.90488482  0.23601396
  0.19515567 -0.20261838]"
1747093068.1203654,"[ 0.          0.15517073  0.47685331 -2.85769302 -1.99093129  1.28812734
  0.96093317  2.52615477]","[ 0.00000000e+00 -1.61779559e-05 -1.38267238e-01 -3.17698567e-05
 -2.56592608e-01 -1.85324169e-05 -4.76188043e-05 -2.90784288e-05]","[ 0.          0.57759553 10.96755791 -0.16336712 -5.83781958  0.20193742
  0.17461933 -0.1993601 ]"
1747093068.1220496,"[ 0.          0.15517119  0.47655483 -2.85769302 -1.99145434  1.28812628
  0.96093317  2.52615477]","[ 0.00000000e+00 -1.05580444e-05 -1.35048741e-01 -3.17458709e-05
 -2.56034593e-01 -2.91223691e-05 -4.76188043e-05 -2.91003827e-05]","[ 0.          0.60075235 10.99342346 -0.16098931 -5.83520746  0.19014016
  0.15925758 -0.22230883]"
1747093068.123259,"[ 0.          0.15517119  0.47642441 -2.85769302 -1.99170681  1.28812628
  0.96093317  2.52615477]","[ 0.00000000e+00 -1.05580444e-05 -1.32347763e-01 -3.17458709e-05
 -2.56052403e-01 -2.91223691e-05 -3.70368514e-05 -2.90787152e-05]","[ 0.          0.6058113  10.99325085 -0.15738268 -5.82288837  0.17860624
  0.16940087 -0.23775671]"
1747093068.1249309,"[ 0.          0.15517119  0.47615579 -2.85769302 -1.99220961  1.28812628
  0.96093317  2.52615477]","[ 0.00000000e+00 -1.03709686e-05 -1.31402673e-01 -3.17701716e-05
 -2.53891630e-01 -2.91003827e-05 -3.70651995e-05 -2.91003827e-05]","[ 0.          0.58463985 11.08025169 -0.14651434 -5.82462788  0.16282971
  0.17679134 -0.24091032]"
1747093068.1272428,"[ 0.          0.15517119  0.47590003 -2.85769302 -1.99272706  1.28812628
  0.96093317  2.52615477]","[ 0.00000000e+00 -1.01606650e-05 -1.28566399e-01 -3.18179359e-05
 -2.52523831e-01 -2.91220786e-05 -3.70372172e-05 -2.90784288e-05]","[ 0.          0.64317209 11.11573315 -0.11838444 -5.75153112  0.15807906
  0.16535766 -0.23014194]"
1747093068.1289415,"[ 0.          0.15517119  0.4756447  -2.85769302 -1.99322321  1.28812628
  0.96093317  2.52615397]","[ 0.00000000e+00 -9.97326520e-06 -1.23628848e-01 -3.17938749e-05
 -2.51190652e-01 -2.91003827e-05 -3.70368514e-05 -3.70372172e-05]","[ 0.          0.67325294 11.18605995 -0.10528913 -5.71499395  0.16404101
  0.1667511  -0.23769312]"
1747093068.1305876,"[ 0.          0.15517119  0.47552809 -2.85769302 -1.99346822  1.28812628
  0.96093224  2.52615397]","[ 0.00000000e+00 -9.97326520e-06 -1.18302692e-01 -3.17938749e-05
 -2.48489674e-01 -2.91006692e-05 -4.76547840e-05 -3.70372172e-05]","[ 0.          0.69323128 11.19851017 -0.1083588  -5.73729801  0.16302025
  0.16402137 -0.24790783]"
1747093068.1323361,"[ 0.          0.15517119  0.47530032 -2.85769302 -1.99397928  1.28812535
  0.96093224  2.52615397]","[ 0.00000000e+00 -9.77880987e-06 -1.15061525e-01 -3.18179359e-05
 -2.49570069e-01 -3.70368514e-05 -3.70372172e-05 -3.70368514e-05]","[ 0.          0.73323011 11.23115444 -0.1019009  -5.72550392  0.13022587
  0.15610532 -0.25994164]"
1747093068.1340456,"[ 0.          0.15517119  0.47507255 -2.85769302 -1.99449034  1.28812535
  0.96093224  2.52615397]","[ 0.00000000e+00 -9.61794577e-06 -1.10739964e-01 -3.17938749e-05
 -2.49263855e-01 -3.70368514e-05 -3.70648338e-05 -3.70368514e-05]","[ 0.          0.74821299 11.22164059 -0.09078515 -5.70049381  0.11774597
  0.1574095  -0.2563554 ]"
1747093068.1352675,"[ 0.          0.15517119  0.47496236 -2.85769302 -1.99473562  1.28812535
  0.96093224  2.52615397]","[ 0.00000000e+00 -9.43697366e-06 -1.11707058e-01 -3.17938749e-05
 -2.48759769e-01 -3.70648338e-05 -3.70368514e-05 -3.70372172e-05]","[ 0.          0.75541788 11.22087097 -0.09128527 -5.67242813  0.11893766
  0.17453548 -0.2601653 ]"
1747093068.1370368,"[ 0.          0.15517119  0.47485261 -2.85769302 -1.9952307   1.28812535
  0.96093224  2.52615397]","[ 0.00000000e+00 -9.27494431e-06 -1.11280161e-01 -3.18179359e-05
 -2.50666326e-01 -3.70368514e-05 -3.70368514e-05 -3.70372172e-05]","[ 0.          0.7736389  11.24251366 -0.08504817 -5.63592291  0.13349979
  0.17847973 -0.26191923]"
1747093068.1382291,"[ 0.          0.15517119  0.47473506 -2.85769302 -1.99547731  1.28812535
  0.96093224  2.52615397]","[ 0.00000000e+00 -9.27494431e-06 -1.10588888e-01 -3.17938749e-05
 -2.50110258e-01 -3.70648338e-05 -3.70651995e-05 -3.70368514e-05]","[ 0.          0.77115399 11.23735714 -0.08777904 -5.63645887  0.13949037
  0.16657683 -0.27127108]"
1747093068.1399927,"[ 0.          0.15517119  0.47451831 -2.85769302 -1.99599157  1.28812535
  0.96093224  2.5261529 ]","[ 0.00000000e+00  0.00000000e+00 -1.09389475e-01 -3.18179359e-05
 -2.50650463e-01 -3.70368514e-05 -3.70368514e-05 -4.76188043e-05]","[ 0.          0.76417243 11.29061127 -0.07983372 -5.59729815  0.12369783
  0.14676012 -0.27399179]"
1747093068.141185,"[ 0.          0.15517119  0.47441179 -2.85769302 -1.99624004  1.28812535
  0.96093224  2.5261529 ]","[ 0.00000000e+00  0.00000000e+00 -1.08038994e-01 -3.18179359e-05
 -2.52000952e-01 -3.70372172e-05 -3.70368514e-05 -4.76188043e-05]","[ 0.          0.75792658 11.31354904 -0.06876791 -5.58136368  0.11169527
  0.14451811 -0.26849672]"
1747093068.142938,"[ 0.          0.15517119  0.47429837 -2.85769302 -1.99650715  1.28812441
  0.96093224  2.5261529 ]","[ 0.00000000e+00  0.00000000e+00 -1.06827364e-01 -3.18179359e-05
 -2.51520768e-01 -4.76552554e-05 -3.70368514e-05 -4.76192757e-05]","[ 0.          0.76310354 11.30021667 -0.05987725 -5.63192368  0.09941946
  0.1377383  -0.26357853]"
1747093068.14405,"[ 0.          0.15517119  0.47408668 -2.85769302 -1.99700623  1.28812441
  0.96093224  2.5261529 ]","[ 0.00000000e+00  0.00000000e+00 -1.06850226e-01 -3.18179359e-05
 -2.53904214e-01 -4.76188043e-05 -3.70368514e-05 -4.76188043e-05]","[ 0.          0.74726826 11.29980183 -0.04303672 -5.63770914  0.10194909
  0.13944204 -0.28182891]"
1747093068.145733,"[ 0.          0.15517119  0.47398199 -2.85769302 -1.9972579   1.28812441
  0.96093224  2.5261529 ]","[ 0.00000000e+00  0.00000000e+00 -1.06148308e-01 -2.65149452e-05
 -2.55242119e-01 -4.76188043e-05 -3.70368514e-05 -4.76188043e-05]","[ 0.          0.7569809  11.31261349 -0.02453647 -5.61169767  0.09639987
  0.13564925 -0.28406683]"
1747093068.146942,"[ 0.          0.15517119  0.47375928 -2.85769302 -1.99778334  1.28812441
  0.96093131  2.5261529 ]","[ 0.00000000e+00  0.00000000e+00 -1.08579183e-01 -2.65149452e-05
 -2.56536133e-01 -4.76547840e-05 -4.76188043e-05 -4.75828816e-05]","[ 0.          0.77546412 11.35643005 -0.04193713 -5.58830118  0.08421494
  0.13456349 -0.29026693]"
1747093068.148603,"[ 0.          0.15517119  0.47365458 -2.85769302 -1.99803687  1.28812441
  0.96093131  2.5261529 ]","[ 0.00000000e+00  0.00000000e+00 -1.06148308e-01 -2.65149452e-05
 -2.57132797e-01 -4.76192757e-05 -3.70372172e-05 -4.75833530e-05]","[ 0.          0.80051196 11.34160614 -0.02201447 -5.59095335  0.08206861
  0.1305602  -0.27240142]"
1747093068.150253,"[ 0.          0.15517119  0.4734406  -2.85769302 -1.99854607  1.28812441
  0.96093131  2.5261529 ]","[ 0.00000000e+00  0.00000000e+00 -1.03818142e-01 -2.65152094e-05
 -2.58483286e-01 -4.76188043e-05 -3.70092754e-05 -4.76192757e-05]","[ 0.          0.80705541 11.36295605 -0.01802661 -5.59441471  0.09872735
  0.14036189 -0.26647937]"
1747093068.1520014,"[ 0.          0.15517164  0.47324452 -2.85769302 -1.99907364  1.28812348
  0.96093131  2.5261529 ]","[ 0.00000000e+00  7.55785437e-06 -9.77752879e-02 -2.65149452e-05
 -2.57789982e-01 -5.82007654e-05 -3.70368514e-05 -4.76188043e-05]","[ 0.00000000e+00  8.19715142e-01  1.13577375e+01  3.61647177e-03
 -5.58951187e+00  1.02260850e-01  1.32686123e-01 -2.72449136e-01]"
1747093068.154144,"[ 0.          0.15517164  0.47314855 -2.85769302 -1.99932984  1.28812348
  0.96093131  2.5261521 ]","[ 0.00000000e+00  7.55774719e-06 -9.72350907e-02 -2.65149452e-05
 -2.59833775e-01 -5.82013384e-05 -3.70368514e-05 -5.55552731e-05]","[ 0.00000000e+00  8.18015754e-01  1.13858051e+01  9.18099284e-03
 -5.58215761e+00  9.47821364e-02  1.38176471e-01 -2.78692901e-01]"
1747093068.1551998,"[ 0.          0.15517119  0.47295707 -2.85769302 -1.99984782  1.28812348
  0.96093131  2.5261521 ]","[ 0.00000000e+00  0.00000000e+00 -9.18331430e-02 -2.65149452e-05
 -2.62808393e-01 -5.82007654e-05 -3.70368514e-05 -5.55552731e-05]","[ 0.          0.85587323 11.34115124  0.03768249 -5.55721331  0.09389143
  0.12921269 -0.29636717]"
1747093068.1568656,"[ 0.          0.15517164  0.4727812  -2.85769302 -2.00038978  1.28812348
  0.96093131  2.5261521 ]","[ 0.00000000e+00  7.24580937e-06 -8.85919761e-02 -2.38636886e-05
 -2.65235714e-01 -5.82007654e-05 -3.70368514e-05 -5.55552731e-05]","[ 0.          0.87311918 11.3116827   0.06553622 -5.47086096  0.07048225
  0.12763135 -0.29545978]"
1747093068.1585097,"[ 0.          0.15517164  0.47269442 -2.85769302 -2.0006505   1.28812255
  0.96093131  2.5261521 ]","[ 0.00000000e+00  0.00000000e+00 -8.80517789e-02 -2.38634509e-05
 -2.64425431e-01 -6.61372301e-05 -3.70089097e-05 -5.55552731e-05]","[ 0.          0.86734354 11.30706978  0.08061526 -5.42033529  0.07202975
  0.13645706 -0.30083928]"
1747093068.160186,"[ 0.          0.15517164  0.47251625 -2.85769302 -2.00118899  1.28812255
  0.96093031  2.5261521 ]","[ 0.00000000e+00  0.00000000e+00 -8.61610926e-02 -2.38634509e-05
 -2.61802267e-01 -6.61878551e-05 -4.76188043e-05 -5.55977993e-05]","[ 0.          0.89789921 11.34676933  0.09572703 -5.32221651  0.05254796
  0.14871864 -0.3011407 ]"
1747093068.161319,"[ 0.          0.15517164  0.47242993 -2.85769302 -2.00144572  1.28812255
  0.96093031  2.5261521 ]","[ 0.00000000e+00  0.00000000e+00 -8.75115816e-02 -2.38634509e-05
 -2.60373964e-01 -6.61372301e-05 -4.76188043e-05 -5.55552731e-05]","[ 0.          0.90509278 11.34345818  0.10233942 -5.29292202  0.04814228
  0.14317018 -0.30742002]"
1747093068.1629863,"[ 0.          0.15517164  0.47224993 -2.85769302 -2.00195998  1.28812162
  0.96093031  2.5261521 ]","[ 0.00000000e+00  0.00000000e+00 -8.69713844e-02 -1.85745164e-05
 -2.61184264e-01 -7.41296676e-05 -4.75833530e-05 -5.55552731e-05]","[ 0.          0.94157046 11.32182407  0.12548272 -5.28121185  0.02319145
  0.11188497 -0.303819  ]"
1747093068.1647205,"[ 0.          0.15517164  0.47216588 -2.85769302 -2.00221777  1.28812162
  0.96093031  2.5261521 ]","[ 0.00000000e+00  0.00000000e+00 -8.53508009e-02 -1.85604623e-05
 -2.61454359e-01 -7.40737029e-05 -4.76188043e-05 -5.55972507e-05]","[ 0.          0.94672829 11.30170631  0.13784762 -5.32228422  0.01326863
  0.10175017 -0.3129895 ]"
1747093068.1663237,"[ 0.          0.15517164  0.47199231 -2.85769302 -2.00275253  1.28812162
  0.96093031  2.52615104]","[ 0.00000000e+00  0.00000000e+00 -8.42582058e-02 -1.85604623e-05
 -2.61184264e-01 -7.40744343e-05 -4.75828816e-05 -5.55552731e-05]","[ 0.          0.96104282 11.30386448  0.14042607 -5.35013247  0.01243037
  0.10530544 -0.31077093]"
1747093068.1674292,"[ 0.          0.15517164  0.47190828 -2.85769302 -2.00301113  1.28812055
  0.96093031  2.52615104]","[ 0.00000000e+00  0.00000000e+00 -8.53508009e-02 -1.85745164e-05
 -2.61998925e-01 -8.46556558e-05 -4.75828816e-05 -5.55552731e-05]","[ 0.          0.9648506  11.29283905  0.13557762 -5.3807416   0.02687264
  0.12596652 -0.31873187]"
1747093068.1691322,"[ 0.          0.15517164  0.4717416  -2.85769302 -2.00354482  1.28812055
  0.96093031  2.52615104]","[ 0.00000000e+00  0.00000000e+00 -8.42704147e-02 -1.85604623e-05
 -2.59833775e-01 -8.46556558e-05 -4.76908124e-05 -5.55552731e-05]","[ 0.          0.97978693 11.2819376   0.13898511 -5.37981796  0.05257215
  0.1396412  -0.31706321]"
1747093068.1707838,"[ 0.          0.15517164  0.47165755 -2.85769302 -2.00380102  1.28812055
  0.96093031  2.52615104]","[ 0.00000000e+00  0.00000000e+00 -8.53508009e-02 -1.85602774e-05
 -2.59833775e-01 -8.46556558e-05 -4.76908124e-05 -5.55552731e-05]","[ 0.          0.98585069 11.29780769  0.13898511 -5.41133022  0.07126411
  0.15719256 -0.31301448]"
1747093068.1719108,"[ 0.          0.15517211  0.47148078 -2.85769302 -2.00433445  1.28812055
  0.96093031  2.52615104]","[ 0.00000000e+00  6.07888838e-06 -8.56209037e-02 -1.85604623e-05
 -2.60303324e-01 -8.47204549e-05 -4.76908124e-05 -5.55552731e-05]","[ 0.          0.98836356 11.31892586  0.14829423 -5.46611357  0.09478796
  0.13541985 -0.32036009]"
1747093068.1741736,"[ 0.          0.15517211  0.47139859 -2.85769302 -2.0048511   1.28812055
  0.96093031  2.52615104]","[ 0.00000000e+00  6.01124315e-06 -8.34601230e-02 -1.32574726e-05
 -2.62264642e-01 -8.46556558e-05 -4.76547840e-05 -5.55558217e-05]","[ 0.          1.00901651 11.33283329  0.13970809 -5.61251116  0.08830328
  0.1103792  -0.30568805]"
1747093068.175727,"[ 0.          0.15517211  0.47123234 -2.85769302 -2.00511023  1.28812055
  0.96092937  2.52615104]","[ 0.00000000e+00  5.94508675e-06 -8.04209485e-02 -1.32576047e-05
 -2.62804848e-01 -8.46556558e-05 -5.82887721e-05 -5.55552731e-05]","[ 0.          0.99757093 11.34416485  0.14692239 -5.65731478  0.08436915
  0.09879737 -0.2993845 ]"
1747093068.1769202,"[ 0.          0.15517211  0.47108357 -2.85769302 -2.00564819  1.28812055
  0.96092937  2.52614997]","[ 0.00000000e+00  8.82055687e-06 -7.31964166e-02 -1.32574726e-05
 -2.62303807e-01 -8.46556558e-05 -4.76908124e-05 -6.61372301e-05]","[ 0.          1.02406132 11.37050724  0.17274734 -5.74432611  0.07731823
  0.10265232 -0.30863002]"
1747093068.1795633,"[ 0.          0.15517211  0.4710101  -2.85769302 -2.00590545  1.28812055
  0.96092937  2.52614997]","[ 0.00000000e+00  8.82055687e-06 -6.92120946e-02 -1.32574726e-05
 -2.60914170e-01 -8.46564929e-05 -4.76547840e-05 -6.61372301e-05]","[ 0.          1.02730703 11.38169098  0.17588642 -5.76656485  0.08649607
  0.09454934 -0.31027606]"
1747093068.180362,"[ 0.          0.15517211  0.4708806  -2.85769302 -2.00642024  1.28812055
  0.96092937  2.52614997]","[ 0.00000000e+00  8.71824099e-06 -6.50275403e-02 -1.32574726e-05
 -2.60919629e-01 -8.47204549e-05 -4.76912879e-05 -6.61372301e-05]","[ 0.          1.05359507 11.35170174  0.16473353 -5.82755852  0.09951953
  0.08056933 -0.30183634]"
1747093068.1814091,"[ 0.          0.15517256  0.47076029 -2.85769302 -2.00695287  1.28812055
  0.96092937  2.52614997]","[ 0.00000000e+00  1.43758826e-05 -5.97521428e-02 -7.95448397e-06
 -2.59833775e-01 -8.46556558e-05 -4.76547840e-05 -6.61378843e-05]","[ 0.          1.04125082 11.26153183  0.1416599  -5.87703323  0.10216455
  0.10188005 -0.28647384]"
1747093068.18309,"[ 0.          0.15517256  0.470702   -2.85769302 -2.00721093  1.28812055
  0.96092937  2.52614997]","[ 0.00000000e+00  1.42127734e-05 -5.48666279e-02 -7.95448397e-06
 -2.61724453e-01 -8.46556558e-05 -4.76908124e-05 -6.61372301e-05]","[ 0.          1.03664136 11.2277956   0.15008111 -5.88097715  0.11736712
  0.12618123 -0.29763788]"
1747093068.1848426,"[ 0.          0.15517303  0.47060187 -2.85769302 -2.00775049  1.28812055
  0.96092937  2.52614997]","[ 0.00000000e+00  1.42243121e-05 -4.94278371e-02 -7.95448397e-06
 -2.63306887e-01 -8.46564929e-05 -4.76908124e-05 -6.62372408e-05]","[ 0.          1.03715312 11.08524704  0.16697417 -5.88038921  0.13574365
  0.14146358 -0.29872683]"
1747093068.1859958,"[ 0.          0.15517303  0.47055413 -2.85769302 -2.00800988  1.28812055
  0.96092937  2.52614918]","[ 0.00000000e+00  1.40760535e-05 -4.83474467e-02 -7.95448397e-06
 -2.62808393e-01 -8.46564929e-05 -4.76908124e-05 -7.41857136e-05]","[ 0.          1.04119563 11.02470016  0.17626487 -5.8675561   0.14111525
  0.14430448 -0.30584857]"
1747093068.1877728,"[ 0.          0.15517303  0.47045909 -2.85769302 -2.0085284   1.28812055
  0.96092937  2.52614918]","[ 0.00000000e+00  1.95187142e-05 -4.51062798e-02 -7.96042758e-06
 -2.62264642e-01 -8.46556558e-05 -4.76912879e-05 -7.41857136e-05]","[ 0.          1.05030572 10.89579487  0.18812644 -5.8420701   0.11069046
  0.14329843 -0.32192126]"
1747093068.1888957,"[ 0.          0.15517303  0.47041545 -2.85769302 -2.0088067   1.28812055
  0.96092937  2.52614918]","[ 0.00000000e+00  1.94876983e-05 -4.42959881e-02 -7.95448397e-06
 -2.62053037e-01 -8.47196178e-05 -4.76908124e-05 -7.41857136e-05]","[ 0.          1.04409194 10.83415699  0.18547967 -5.77707195  0.09188879
  0.13761847 -0.33003953]"
1747093068.1905978,"[ 0.          0.15517348  0.47033279 -2.85769302 -2.00931989  1.28811962
  0.96092937  2.52614918]","[ 0.00000000e+00  2.48583795e-05 -3.98721862e-02 -7.95448397e-06
 -2.59293570e-01 -8.46564929e-05 -4.76908124e-05 -7.41857136e-05]","[ 0.          1.04906332 10.73181915  0.18041793 -5.67577839  0.05706977
  0.14750104 -0.33737114]"
1747093068.1923184,"[ 0.          0.15517348  0.47029561 -2.85769302 -2.00959446  1.28811962
  0.96092937  2.52614918]","[ 0.00000000e+00  2.46067494e-05 -3.77753338e-02 -7.95448397e-06
 -2.58299062e-01 -8.47196178e-05 -4.76908124e-05 -7.41296676e-05]","[ 0.          1.03114557 10.66683292  0.17107016 -5.59595919  0.05162536
  0.14149192 -0.34663239]"
1747093068.1939628,"[ 0.          0.15517348  0.4702235  -2.85769249 -2.01010286  1.28811869
  0.96092937  2.52614811]","[ 0.00000000e+00  2.45878168e-05 -3.66960379e-02 -2.65149457e-06
 -2.57132797e-01 -9.52376087e-05 -4.76912879e-05 -8.47836692e-05]","[ 0.          1.05437303 10.5300312   0.17707708 -5.52161074  0.04616227
  0.15304567 -0.34320727]"
1747093068.1950684,"[ 0.          0.15517348  0.47018449 -2.85769249 -2.01035559  1.28811869
  0.96092937  2.52614811]","[ 0.00000000e+00  2.43413598e-05 -3.66121941e-02 -2.65149457e-06
 -2.56322497e-01 -9.52376087e-05 -4.76912879e-05 -7.68344325e-05]","[ 0.          1.05818856 10.47314453  0.18907531 -5.49953318  0.02451242
  0.15097362 -0.32932919]"
1747093068.1973112,"[ 0.          0.15517394  0.47010919 -2.85769249 -2.01087624  1.28811776
  0.96092937  2.52614811]","[ 0.00000000e+00  2.67778194e-05 -3.86239376e-02  0.00000000e+00
 -2.53526910e-01 -1.05820618e-04 -4.76908124e-05 -7.68351964e-05]","[ 0.00000000e+00  1.04426551e+00  1.03273830e+01  1.94248587e-01
 -5.37258148e+00 -2.06434377e-03  1.52579546e-01 -3.49467486e-01]"
1747093068.1984973,"[ 0.          0.15517441  0.4700706  -2.85769249 -2.01112551  1.28811776
  0.96092937  2.52614811]","[ 0.00000000e+00  3.21333817e-05 -3.91641349e-02  0.00000000e+00
 -2.52811236e-01 -1.05820618e-04 -4.76908124e-05 -7.68351964e-05]","[ 0.00000000e+00  1.01347423e+00  1.02857742e+01  2.09899083e-01
 -5.34239483e+00 -3.62098886e-04  1.49271637e-01 -3.54252964e-01]"
1747093068.2002404,"[ 0.          0.15517441  0.46999254 -2.85769249 -2.01163657  1.28811776
  0.96092937  2.52614731]","[ 0.00000000e+00  3.18179359e-05 -3.72734528e-02  0.00000000e+00
 -2.48511546e-01 -1.05819570e-04 -4.76908124e-05 -8.47836692e-05]","[ 0.          1.03601789 10.26990891  0.19328153 -5.37497187  0.03467882
  0.15961865 -0.33746079]"
1747093068.201439,"[ 0.          0.15517441  0.46991814 -2.85769249 -2.01216015  1.28811776
  0.96092937  2.52614731]","[ 0.00000000e+00  3.17935580e-05 -3.78136459e-02  0.00000000e+00
 -2.45722250e-01 -1.05979589e-04 -4.76908124e-05 -8.47836692e-05]","[ 0.          1.02307999 10.27885818  0.18909355 -5.47683716  0.04050842
  0.1413015  -0.34037113]"
1747093068.2031648,"[ 0.          0.15517441  0.46988005 -2.85769249 -2.01240063  1.28811682
  0.96092937  2.52614731]","[ 0.00000000e+00  3.18179359e-05 -3.86239376e-02  0.00000000e+00
 -2.43898018e-01 -1.13928053e-04 -3.70928568e-05 -8.47845145e-05]","[ 0.          1.00813198 10.2988987   0.21708655 -5.53850412  0.04858488
  0.11523277 -0.34851626]"
1747093068.2043781,"[ 0.          0.15517486  0.46983688 -2.85769249 -2.01266003  1.28811682
  0.96092937  2.52614731]","[ 0.00000000e+00  3.71209245e-05 -4.06244918e-02  0.00000000e+00
 -2.44248474e-01 -1.14015406e-04 -3.70928568e-05 -8.47836692e-05]","[ 0.          1.0024035  10.35123253  0.21778479 -5.58427715  0.0553325
  0.1013701  -0.33777818]"
1747093068.206112,"[ 0.          0.15517486  0.46975056 -2.85769249 -2.01314232  1.28811682
  0.96092937  2.52614731]","[ 0.00000000e+00  3.70928568e-05 -4.48361812e-02  0.00000000e+00
 -2.44438224e-01 -1.13928053e-04 -3.71209245e-05 -8.47836692e-05]","[ 0.          1.02211952 10.50527287  0.19257799 -5.69031858  0.06093133
  0.10387218 -0.34275028]"
1747093068.2077985,"[ 0.          0.15517486  0.46970508 -2.85769249 -2.01338387  1.28811682
  0.96092937  2.52614625]","[ 0.00000000e+00  3.70928568e-05 -4.61866702e-02  0.00000000e+00
 -2.44730206e-01 -1.13928053e-04 -3.70932266e-05 -9.53816248e-05]","[ 0.          1.00975502 10.57693386  0.18701757 -5.71875715  0.06150458
  0.10271015 -0.35565928]"
1747093068.209011,"[ 0.          0.15517486  0.46961141 -2.85769249 -2.01388242  1.28811682
  0.96092844  2.52614625]","[ 0.00000000e+00  3.70932266e-05 -4.53890909e-02  0.00000000e+00
 -2.43087735e-01 -1.13928053e-04 -4.76908124e-05 -9.54538036e-05]","[ 0.          1.00345457 10.82950306  0.17441824 -5.76679897  0.08944383
  0.10617296 -0.36909944]"
1747093068.2107954,"[ 0.          0.15517577  0.4695182  -2.85769249 -2.01436152  1.28811682
  0.96092844  2.52614625]","[ 0.00000000e+00  4.50754075e-05 -4.80773522e-02  0.00000000e+00
 -2.42817624e-01 -1.05980645e-04 -4.76908124e-05 -9.53816248e-05]","[ 0.          0.9584567  11.02253914  0.15006398 -5.86900282  0.08678426
  0.09492031 -0.35406941]"
1747093068.2119243,"[ 0.          0.15517577  0.46946999 -2.85769249 -2.01461665  1.28811682
  0.96092844  2.52614625]","[ 0.00000000e+00  4.50754075e-05 -4.88381092e-02  0.00000000e+00
 -2.40236189e-01 -1.06059781e-04 -4.76908124e-05 -9.54538036e-05]","[ 0.          0.96830064 11.11954689  0.14826122 -5.91253996  0.09051104
  0.08586492 -0.34876925]"
1747093068.2136612,"[ 0.          0.15517577  0.4694158  -2.85769249 -2.01485234  1.28811682
  0.96092844  2.52614625]","[ 0.00000000e+00  4.50413255e-05 -5.12049811e-02  0.00000000e+00
 -2.38794070e-01 -1.05979589e-04 -4.77269018e-05 -8.47836692e-05]","[ 0.          0.94416487 11.23224735  0.16155827 -5.97147036  0.06966668
  0.07548743 -0.36632088]"
1747093068.2153547,"[ 0.          0.15517577  0.46931433 -2.85769249 -2.0150883   1.28811682
  0.96092844  2.52614545]","[ 0.00000000e+00  4.50758585e-05 -5.13185192e-02  0.00000000e+00
 -2.39306363e-01 -1.05979589e-04 -4.76908124e-05 -9.27321420e-05]","[ 0.          0.96836954 11.4343071   0.16830987 -6.00485754  0.08394002
  0.05948149 -0.37426674]"
1747093068.2165034,"[ 0.          0.15517624  0.46921836 -2.85769249 -2.01558205  1.28811682
  0.96092844  2.52614545]","[ 0.00000000e+00  5.03403034e-05 -4.75371550e-02  5.29097849e-06
 -2.41740791e-01 -1.05979589e-04 -4.76908124e-05 -9.27321420e-05]","[ 0.          0.96778655 11.68096542  0.14845553 -6.0708065   0.08149043
  0.03741997 -0.37016994]"
1747093068.218443,"[ 0.          0.15517624  0.46917152 -2.85769249 -2.01581933  1.28811682
  0.96092844  2.52614545]","[ 0.00000000e+00  5.03783961e-05 -4.40937293e-02  5.29497611e-06
 -2.40656852e-01 -1.05979589e-04 -4.77269018e-05 -9.27321420e-05]","[ 0.          0.9761911  11.81843662  0.14841472 -6.11407948  0.0912962
  0.03699466 -0.36219528]"
1747093068.22013,"[ 0.          0.1551767   0.46909392 -2.85769249 -2.01631388  1.28811682
  0.96092844  2.52614438]","[ 0.00000000e+00  5.83328791e-05 -3.80837445e-02  5.29497611e-06
 -2.41239252e-01 -1.05979589e-04 -4.76908124e-05 -1.03408291e-04]","[ 0.          0.9666748  11.97741699  0.12746345 -6.08818769  0.12108041
  0.02104561 -0.35438177]"
1747093068.221861,"[ 0.          0.1551767   0.46905764 -2.85769249 -2.01655224  1.28811682
  0.96092844  2.52614438]","[ 0.00000000e+00  5.83328791e-05 -3.67332556e-02  5.29097849e-06
 -2.41737246e-01 -1.05979589e-04 -4.76908124e-05 -1.03408291e-04]","[ 0.          0.95960528 12.05073833  0.1109912  -6.07292461  0.1283109
  0.0289462  -0.35539553]"
1747093068.2229397,"[ 0.          0.1551767   0.46899152 -2.85769249 -2.01702788  1.28811682
  0.96092844  2.52614332]","[ 0.00000000e+00  5.56813848e-05 -3.07911127e-02  5.29497611e-06
 -2.40116663e-01 -9.53825757e-05 -4.76908124e-05 -1.14014268e-04]","[ 0.          0.96431214 12.15255547  0.08513376 -6.02126217  0.12620446
  0.06084917 -0.35921189]"
1747093068.2246606,"[ 0.          0.15517715  0.46893962 -2.85769249 -2.01752056  1.28811682
  0.96092751  2.52614332]","[ 0.00000000e+00  5.83328791e-05 -2.45788713e-02  5.29097849e-06
 -2.41197040e-01 -9.53816248e-05 -5.56392812e-05 -1.14015406e-04]","[ 0.          0.95329326 12.17002201  0.10178606 -5.99923992  0.09623294
  0.04560355 -0.37815905]"
1747093068.226448,"[ 0.          0.15517715  0.46891849 -2.85769249 -2.01775865  1.28811589
  0.96092751  2.52614332]","[ 0.00000000e+00  5.82887721e-05 -1.98107082e-02  5.29497611e-06
 -2.41467152e-01 -1.03330098e-04 -5.56808321e-05 -1.13928053e-04]","[ 0.          0.95491832 12.17029381  0.10988484 -5.97757673  0.07420789
  0.03976329 -0.37832165]"
1747093068.2275846,"[ 0.          0.15517762  0.46889232 -2.85769249 -2.01825639  1.28811589
  0.96092751  2.52614252]","[ 0.00000000e+00  6.36358718e-05 -1.10739970e-02  5.29497611e-06
 -2.42994641e-01 -1.03407258e-04 -5.56392812e-05 -1.21968747e-04]","[ 0.          0.93783879 12.13630581  0.09894516 -5.87181377  0.03890782
  0.0331884  -0.39659113]"
1747093068.229368,"[ 0.          0.15517762  0.4688859  -2.85769249 -2.01849501  1.28811589
  0.96092751  2.52614252]","[ 0.00000000e+00  6.36358718e-05 -6.48233955e-03  5.29497611e-06
 -2.42007340e-01 -1.03408291e-04 -5.56392812e-05 -1.13928053e-04]","[ 0.          0.92956561 12.0926466   0.10416191 -5.75889254  0.03251649
  0.03374813 -0.39132828]"
1747093068.231047,"[ 0.          0.15517807  0.46888496 -2.85769249 -2.01897118  1.28811496
  0.96092751  2.52614252]","[ 0.00000000e+00  6.89388604e-05  1.35185841e-03  5.29497611e-06
 -2.39846551e-01 -1.11278562e-04 -4.76908124e-05 -1.14014268e-04]","[ 0.          0.92962402 11.94917393  0.08901433 -5.61280727  0.01813074
  0.03896338 -0.3688857 ]"
1747093068.2328134,"[ 0.          0.15517854  0.46889049 -2.85769249 -2.01945668  1.28811389
  0.96092751  2.52614145]","[ 0.00000000e+00  7.41849740e-05  2.34084474e-03  5.29497611e-06
 -2.36001663e-01 -1.14014268e-04 -4.76912879e-05 -1.24526017e-04]","[ 0.          0.89367688 11.66752148  0.08905237 -5.52532005 -0.01761168
  0.04809696 -0.36644056]"
1747093068.2346041,"[ 0.          0.155179    0.46889096 -2.85769249 -2.01968837  1.28811389
  0.96092751  2.52614145]","[ 0.00000000e+00  7.68351964e-05  1.89068235e-03  5.29103081e-06
 -2.34984801e-01 -1.13928053e-04 -4.76188043e-05 -1.24526017e-04]","[ 0.          0.89121449 11.54370594  0.08215546 -5.51022243 -0.03245573
  0.06445304 -0.36706117]"
1747093068.2363925,"[ 0.          0.15517945  0.46888683 -2.85769249 -2.0201467   1.28811296
  0.96092751  2.52614145]","[ 0.00000000e+00  8.21963279e-05 -1.98644542e-04  5.29497611e-06
 -2.32283823e-01 -1.21967536e-04 -4.76188043e-05 -1.24620245e-04]","[ 0.          0.89157653 11.34687138  0.10039993 -5.48244381 -0.05022933
  0.08613318 -0.38169661]"
1747093068.2375786,"[ 0.          0.15517945  0.46888496 -2.85769249 -2.02039331  1.28811203
  0.96092751  2.52614065]","[ 0.00000000e+00  8.21963279e-05 -5.31887593e-04  5.29497611e-06
 -2.32211602e-01 -1.32574732e-04 -4.76188043e-05 -1.32473165e-04]","[ 0.          0.88958919 11.2686491   0.08986735 -5.45930767 -0.04247581
  0.0973861  -0.38043147]"
1747093068.2392929,"[ 0.          0.15517945  0.46888496 -2.85769249 -2.02085164  1.28811203
  0.96092751  2.52614065]","[ 0.00000000e+00  8.21963279e-05 -3.77432149e-04  5.29502843e-06
 -2.32519663e-01 -1.32474482e-04 -4.76192757e-05 -1.21968747e-04]","[ 0.          0.82587677 11.1253767   0.07066597 -5.45810556 -0.05077319
  0.07909313 -0.38309738]"
1747093068.240311,"[ 0.          0.15517945  0.4688859  -2.85769249 -2.02108174  1.28811203
  0.96092751  2.52614065]","[ 0.00000000e+00  8.21955152e-05 -6.41725530e-04  5.29497611e-06
 -2.33127779e-01 -1.32574732e-04 -4.76192757e-05 -1.21968747e-04]","[ 0.          0.81920034 11.05832767  0.0684706  -5.49585867 -0.02904701
  0.0674644  -0.37333548]"
1747093068.2420418,"[ 0.          0.15517992  0.46888636 -2.85769249 -2.02155685  1.28811203
  0.96092751  2.52613959]","[ 0.00000000e+00  8.74993247e-05 -5.63036142e-04  5.29497611e-06
 -2.30933334e-01 -1.21968747e-04 -4.76188043e-05 -1.32474482e-04]","[ 0.          0.81461161 10.8965826   0.06341383 -5.48572874 -0.02619283
  0.08833949 -0.38177091]"
1747093068.2437878,"[ 0.          0.15518037  0.46888496 -2.85769249 -2.02178508  1.28811203
  0.96092751  2.52613959]","[ 0.00000000e+00  9.01508150e-05 -6.43558274e-04  5.29097849e-06
 -2.31473540e-01 -1.21876526e-04 -4.76188043e-05 -1.32473165e-04]","[ 0.          0.81582797 10.83854771  0.04382824 -5.51593161 -0.0162549
  0.1175128  -0.39028132]"
1747093068.2455537,"[ 0.          0.15518037  0.46888406 -2.85769249 -2.02225912  1.28811203
  0.96092751  2.52613879]","[ 0.00000000e+00  9.01508150e-05 -5.58481980e-04  5.29502843e-06
 -2.31960832e-01 -1.21968747e-04 -4.76192757e-05 -1.40422954e-04]","[ 0.          0.77330154 10.68665886  0.0548076  -5.6161809  -0.01925991
  0.14013973 -0.39601228]"
1747093068.2473118,"[ 0.          0.15518083  0.46888496 -2.85769249 -2.02271266  1.2881111
  0.96092751  2.52613879]","[ 0.00000000e+00  9.54538036e-05  0.00000000e+00  5.29497611e-06
 -2.29582862e-01 -1.32474482e-04 -3.70368514e-05 -1.40529211e-04]","[ 0.00000000e+00  7.34981179e-01  1.05919247e+01  1.03317993e-02
 -5.70014191e+00  2.51235586e-04  1.26715824e-01 -3.93910050e-01]"
1747093068.2484426,"[ 0.          0.15518083  0.46888543 -2.85769249 -2.02293956  1.2881111
  0.96092751  2.52613772]","[ 0.00000000e+00  9.54528527e-05  4.80888602e-05  5.29497611e-06
 -2.30123051e-01 -1.32574732e-04 -3.70368514e-05 -1.51135188e-04]","[ 0.00000000e+00  7.29823351e-01  1.05332441e+01  1.02427825e-02
 -5.72233057e+00  4.48426581e-04  1.16856433e-01 -3.97160918e-01]"
1747093068.250303,"[ 0.          0.15518128  0.46888453 -2.85769249 -2.02341494  1.2881111
  0.96092751  2.52613772]","[ 0.00000000e+00  1.00680607e-04  4.41578693e-05  5.29497611e-06
 -2.32211602e-01 -1.32474482e-04 -3.70648338e-05 -1.51019407e-04]","[ 0.          0.74885011 10.46818924  0.01418563 -5.69920111  0.02481154
  0.11872232 -0.38997403]"
1747093068.251978,"[ 0.          0.15518128  0.46888406 -2.85769249 -2.02387113  1.2881111
  0.96092751  2.52613666]","[ 0.00000000e+00  9.54538036e-05 -6.12314765e-05  5.29502843e-06
 -2.30933334e-01 -1.21968747e-04 -3.70368514e-05 -1.61741166e-04]","[ 0.00000000e+00  7.79871047e-01  1.04300652e+01  1.16303796e-02
 -5.66336107e+00  6.56371238e-03  1.15505740e-01 -3.94067705e-01]"
1747093068.2538013,"[ 0.          0.15518175  0.46888453 -2.85769249 -2.02434278  1.2881111
  0.96092751  2.52613666]","[ 0.00000000e+00  1.06059781e-04 -9.43647180e-05  5.29497611e-06
 -2.30123051e-01 -1.21875307e-04 -3.70368514e-05 -1.53438374e-04]","[ 0.          0.79308206 10.38025188 -0.01341253 -5.6739707  -0.02479795
  0.13266367 -0.40228674]"
1747093068.2555854,"[ 0.          0.15518175  0.46888453 -2.85769249 -2.02457021  1.28811017
  0.96092751  2.52613586]","[ 0.00000000e+00  1.06059781e-04 -8.82016717e-05  5.29497611e-06
 -2.30663240e-01 -1.32474482e-04 -3.70368514e-05 -1.61620475e-04]","[ 0.          0.79873365 10.36930656 -0.01089392 -5.67540455 -0.03059357
  0.14527263 -0.3983742 ]"
1747093068.2573178,"[ 0.          0.15518221  0.46888453 -2.85769249 -2.02502189  1.28811017
  0.96092751  2.52613586]","[ 0.00000000e+00  1.06059781e-04 -1.15919207e-04  5.29492328e-06
 -2.28502467e-01 -1.32574732e-04 -3.70372172e-05 -1.61374851e-04]","[ 0.00000000e+00  7.78436780e-01  1.03854504e+01 -1.01315239e-02
 -5.65967178e+00 -3.47667076e-02  1.52804345e-01 -4.01538342e-01]"
1747093068.2585537,"[ 0.          0.15518221  0.46888453 -2.85769249 -2.02526317  1.28811017
  0.96092751  2.52613586]","[ 0.00000000e+00  1.05979589e-04 -1.15366841e-04  5.29497611e-06
 -2.26982501e-01 -1.21968747e-04 -3.70372172e-05 -1.61376444e-04]","[ 0.          0.76941991 10.4109745  -0.02536171 -5.63457298 -0.03026707
  0.14876993 -0.40366891]"
1747093068.2603054,"[ 0.          0.15518221  0.46888453 -2.85769302 -2.02571671  1.28811017
  0.96092751  2.52613479]","[ 0.00000000e+00  1.06059781e-04  0.00000000e+00  0.00000000e+00
 -2.30393145e-01 -1.21876526e-04 -3.70368514e-05 -1.71956804e-04]","[ 0.          0.7754364  10.4759531  -0.04077762 -5.52837276 -0.03427682
  0.15891404 -0.40073523]"
1747093068.2615116,"[ 0.          0.15518266  0.46888453 -2.85769302 -2.02596252  1.28810923
  0.96092751  2.52613479]","[ 0.00000000e+00  1.08711279e-04  0.00000000e+00  0.00000000e+00
 -2.31459292e-01 -1.32574732e-04 -2.64548924e-05 -1.71958494e-04]","[ 0.          0.770814   10.50572014 -0.05517374 -5.51402807 -0.02160351
  0.16174611 -0.40634239]"
1747093068.2632833,"[ 0.          0.15518266  0.46888453 -2.85769302 -2.02641978  1.28810923
  0.96092751  2.526134  ]","[ 0.00000000e+00  1.08711279e-04  0.00000000e+00  0.00000000e+00
 -2.32283823e-01 -1.21876526e-04 -2.64548924e-05 -1.79895052e-04]","[ 0.          0.75814545 10.59480667 -0.06764578 -5.44784737 -0.02434377
  0.15666959 -0.39980054]"
1747093068.2645063,"[ 0.          0.15518266  0.46888453 -2.85769302 -2.0268821   1.28810923
  0.96092751  2.526134  ]","[ 0.00000000e+00  1.08712360e-04  0.00000000e+00  0.00000000e+00
 -2.35016543e-01 -1.21968747e-04 -2.64551545e-05 -1.79893264e-04]","[ 0.          0.73005843 10.66411877 -0.07508973 -5.39481306 -0.05448064
  0.14122213 -0.41509172]"
1747093068.2668538,"[ 0.          0.15518313  0.46888453 -2.85769302 -2.02713191  1.2881083
  0.96092751  2.526134  ]","[ 0.00000000e+00  1.13928053e-04  0.00000000e+00  0.00000000e+00
 -2.35220807e-01 -1.32573407e-04 -2.64548924e-05 -1.69311312e-04]","[ 0.          0.76322216 10.71217632 -0.0584955  -5.33819389 -0.06380133
  0.1407786  -0.40920448]"
1747093068.267996,"[ 0.          0.15518313  0.46888496 -2.85769302 -2.0275953   1.28810724
  0.96092751  2.52613293]","[ 0.00000000e+00  1.14014268e-04  2.20789347e-05  0.00000000e+00
 -2.35254896e-01 -1.32474482e-04 -2.64548924e-05 -1.79895052e-04]","[ 0.          0.78589892 10.78035164 -0.03402437 -5.27456617 -0.10452266
  0.15937129 -0.41421956]"
1747093068.2698247,"[ 0.          0.15518313  0.46888496 -2.85769302 -2.02782806  1.28810724
  0.96092751  2.52613213]","[ 0.00000000e+00  1.14014268e-04  2.12119566e-05  0.00000000e+00
 -2.36065196e-01 -1.32574732e-04 -2.64551545e-05 -1.87831594e-04]","[ 0.          0.7786774  10.84320068 -0.03146423 -5.28181839 -0.10143485
  0.16007234 -0.40849772]"
1747093068.274609,"[ 0.          0.15518358  0.46888496 -2.85769302 -2.02854259  1.28810537
  0.96092751  2.52613213]","[ 0.00000000e+00  1.14014268e-04  2.04104928e-05  0.00000000e+00
 -2.36065196e-01 -1.51020918e-04 -2.64548924e-05 -1.87829741e-04]","[ 0.          0.8029303  10.9825201  -0.05782489 -5.17271757 -0.11238014
  0.12719412 -0.41645965]"
1747093068.2763705,"[ 0.          0.15518404  0.46888543 -2.85769302 -2.0294968   1.28810444
  0.96092751  2.52613107]","[ 0.00000000e+00  1.19136960e-04  1.82840358e-05  0.00000000e+00
 -2.36905306e-01 -1.58729359e-04 -1.85184257e-05 -1.98413661e-04]","[ 0.          0.80923533 11.16735935 -0.06033644 -5.22625399 -0.1171478
  0.13532639 -0.42535749]"
1747093068.2780447,"[ 0.          0.15518451  0.46888543 -2.85769302 -2.02998495  1.28810444
  0.96092751  2.52613   ]","[ 0.00000000e+00  1.24339227e-04  0.00000000e+00  0.00000000e+00
 -2.38731569e-01 -1.58849285e-04 -1.85184257e-05 -1.98411694e-04]","[ 0.          0.81466919 11.27047062 -0.03822011 -5.30019236 -0.11112335
  0.12192821 -0.43161765]"
1747093068.280308,"[ 0.          0.15518496  0.4688859  -2.85769302 -2.03045474  1.28810351
  0.96092751  2.52613   ]","[ 0.00000000e+00  1.27080686e-04  1.65588581e-05  0.00000000e+00
 -2.37955874e-01 -1.69311312e-04 -1.85184257e-05 -1.98411694e-04]","[ 0.          0.79365098 11.37553692 -0.01944321 -5.33115292 -0.09469944
  0.10183618 -0.44070774]"
1747093068.2814107,"[ 0.          0.15518496  0.46888636 -2.85769302 -2.03092851  1.28810351
  0.96092751  2.5261292 ]","[ 0.00000000e+00  1.27079427e-04  3.21337047e-05  0.00000000e+00
 -2.41737246e-01 -1.69439236e-04 -1.85184257e-05 -2.06348155e-04]","[ 0.00000000e+00  8.08997750e-01  1.14942980e+01 -9.44252498e-03
 -5.34831667e+00 -9.48109180e-02  1.05749197e-01 -4.34211910e-01]"
1747093068.2831137,"[ 0.          0.15518496  0.46888636 -2.85769302 -2.03118844  1.28810351
  0.96092751  2.5261292 ]","[ 0.00000000e+00  1.24433170e-04  3.12055665e-05  0.00000000e+00
 -2.44519767e-01 -1.69311312e-04 -1.85186086e-05 -2.06346107e-04]","[ 0.00000000e+00  8.02991569e-01  1.15371799e+01 -9.49150510e-03
 -5.35583735e+00 -9.66120437e-02  1.08242638e-01 -4.24368888e-01]"
1747093068.284819,"[ 0.          0.15518543  0.46888636 -2.85769302 -2.0316734   1.28810351
  0.96092751  2.5261292 ]","[ 0.00000000e+00  1.24431935e-04  5.29605888e-05  0.00000000e+00
 -2.46328902e-01 -1.69439236e-04 -1.85186086e-05 -2.06348155e-04]","[ 0.          0.8224234  11.59977722  0.01356964 -5.35513306 -0.09959557
  0.09142681 -0.42167848]"
1747093068.2865632,"[ 0.          0.15518588  0.46888636 -2.85769302 -2.03191708  1.28810351
  0.96092751  2.52612814]","[ 0.00000000e+00  1.26983484e-04  5.30766957e-05  0.00000000e+00
 -2.47139185e-01 -1.69439236e-04 -1.85184257e-05 -2.16930124e-04]","[ 0.          0.83551872 11.61197281  0.01832114 -5.36211491 -0.09919679
  0.08462736 -0.41484171]"
1747093068.2883039,"[ 0.          0.15518634  0.46888636 -2.85769302 -2.03242414  1.28810258
  0.96092751  2.52612814]","[ 0.00000000e+00  1.32374402e-04  6.62368019e-05  0.00000000e+00
 -2.47158610e-01 -1.79895052e-04 -1.85184257e-05 -2.08995711e-04]","[ 0.          0.86427128 11.58483315  0.05878554 -5.34004688 -0.10766664
  0.06519754 -0.42203161]"
1747093068.2894886,"[ 0.          0.15518681  0.46888636 -2.85769302 -2.03266649  1.28810258
  0.96092751  2.52612814]","[ 0.00000000e+00  1.37669385e-04  6.44798536e-05  0.00000000e+00
 -2.45788696e-01 -1.79893264e-04 -1.85184257e-05 -2.09153625e-04]","[ 0.          0.85968089 11.58193874  0.06988512 -5.36506367 -0.11649866
  0.06316391 -0.42160296]"
1747093068.291293,"[ 0.          0.15518726  0.46888683 -2.85769302 -2.03316663  1.28810164
  0.96092751  2.52612734]","[ 0.00000000e+00  1.37566802e-04  6.46136943e-05  0.00000000e+00
 -2.44750014e-01 -1.79893264e-04 -1.85324169e-05 -2.16930124e-04]","[ 0.          0.89968836 11.57997036  0.1080443  -5.38571692 -0.11184978
  0.07731084 -0.40306863]"
1747093068.2930071,"[ 0.          0.15518772  0.46888683 -2.85769302 -2.03365159  1.28810164
  0.96092751  2.52612734]","[ 0.00000000e+00  1.42964352e-04  6.28136915e-05  0.00000000e+00
 -2.46328902e-01 -1.69439236e-04 -1.85184257e-05 -2.16930124e-04]","[ 0.          0.91610438 11.59184265  0.13102148 -5.44393873 -0.10076489
  0.08887921 -0.41214803]"
1747093068.2948637,"[ 0.          0.15518817  0.46888726 -2.85769302 -2.03415893  1.28810164
  0.96092751  2.52612627]","[ 0.00000000e+00  1.45611844e-04  6.80332410e-05 -5.29492328e-06
 -2.48027233e-01 -1.69439236e-04 -1.85324169e-05 -2.16932270e-04]","[ 0.          0.90173954 11.61026192  0.13681309 -5.46652842 -0.10302661
  0.06921807 -0.42893422]"
1747093068.2960045,"[ 0.          0.15518909  0.46888726 -2.85769302 -2.034405    1.28810164
  0.96092751  2.52612627]","[ 0.00000000e+00  1.56085411e-04  6.62362534e-05 -5.29497611e-06
 -2.49570069e-01 -1.69311312e-04 -1.85184257e-05 -2.16930124e-04]","[ 0.          0.90733689 11.63433647  0.1490486  -5.42612123 -0.10807703
  0.0554732  -0.43707028]"
1747093068.2978127,"[ 0.          0.15519002  0.46888773 -2.85769302 -2.0349142   1.28810058
  0.96092751  2.52612547]","[ 0.00000000e+00  1.58849285e-04  7.75809758e-05 -5.29097849e-06
 -2.48010006e-01 -1.69439236e-04 -1.85184257e-05 -2.24866585e-04]","[ 0.          0.93195325 11.63530922  0.16512752 -5.42067003 -0.11176673
  0.06149325 -0.42367861]"
1747093068.2995455,"[ 0.          0.15519047  0.46888773 -2.85769249 -2.03515894  1.28810058
  0.96092751  2.52612547]","[ 0.00000000e+00  1.58849285e-04  7.77243824e-05  0.00000000e+00
 -2.48219580e-01 -1.69439236e-04 -1.85324169e-05 -2.24866585e-04]","[ 0.          0.95583898 11.62738895  0.17470804 -5.41360378 -0.11287082
  0.05086625 -0.43127161]"
1747093068.3012774,"[ 0.          0.15519094  0.46888773 -2.85769249 -2.03564843  1.28809871
  0.96092751  2.52612441]","[ 0.00000000e+00  1.64020327e-04  7.57674044e-05  0.00000000e+00
 -2.48219580e-01 -1.90475217e-04 -1.85184257e-05 -2.27342687e-04]","[ 0.          0.96491235 11.58840561  0.20645423 -5.4466567  -0.12735362
  0.04573579 -0.44596389]"
1747093068.3024201,"[ 0.          0.15519185  0.46888773 -2.85769249 -2.03589424  1.28809871
  0.96092751  2.52612441]","[ 0.00000000e+00  1.74734219e-04  7.40366829e-05  0.00000000e+00
 -2.49047374e-01 -1.90475217e-04 -1.85186086e-05 -2.27512077e-04]","[ 0.          0.98289418 11.56679726  0.21576764 -5.42767668 -0.15777373
  0.04592849 -0.45278969]"
1747093068.3041663,"[ 0.          0.15519323  0.46888773 -2.85769249 -2.0364061   1.28809778
  0.96092751  2.52612441]","[ 0.00000000e+00  1.88213123e-04  7.22572462e-05  0.00000000e+00
 -2.50380352e-01 -1.90475217e-04 -1.85184257e-05 -2.27512077e-04]","[ 0.          0.98712057 11.50255585  0.20503446 -5.46358824 -0.16568068
  0.05897161 -0.44658104]"
1747093068.3053615,"[ 0.          0.15519368  0.46888773 -2.85769249 -2.03665378  1.28809685
  0.96092751  2.52612334]","[ 0.00000000e+00  1.92634745e-04  7.22588717e-05  0.00000000e+00
 -2.51190652e-01 -1.98409711e-04 -1.85184257e-05 -2.37914416e-04]","[ 0.          1.00096309 11.45507622  0.21532163 -5.47299433 -0.1577727
  0.06414056 -0.45006341]"
1747093068.3070889,"[ 0.          0.15519598  0.46888773 -2.85769249 -2.03716537  1.28809685
  0.96092751  2.52612334]","[ 0.00000000e+00  2.29365903e-04  7.06814965e-05  0.00000000e+00
 -2.48759769e-01 -1.98561611e-04 -1.85184257e-05 -2.38096387e-04]","[ 0.          1.01697052 11.40669346  0.19423755 -5.44593763 -0.14328337
  0.08064717 -0.4670912 ]"
1747093068.3093586,"[ 0.          0.15519689  0.46888773 -2.85769249 -2.03741038  1.28809592
  0.96092751  2.52612334]","[ 0.00000000e+00  2.47027128e-04  6.88333190e-05  0.00000000e+00
 -2.48237906e-01 -2.06348155e-04 -1.85184257e-05 -2.27514320e-04]","[ 0.          1.03339446 11.39230824  0.18807526 -5.43356514 -0.14479488
  0.08090267 -0.47056901]"
1747093068.310551,"[ 0.          0.15519874  0.46888773 -2.85769249 -2.03791824  1.28809499
  0.96092751  2.52612254]","[ 0.00000000e+00  2.76519280e-04  6.75115319e-05  0.00000000e+00
 -2.48010006e-01 -2.17094020e-04 -1.05819570e-05 -2.35270923e-04]","[ 0.          1.02282083 11.31059742  0.19987153 -5.48943138 -0.14685579
  0.07469821 -0.46188042]"
1747093068.312213,"[ 0.          0.15520057  0.46888773 -2.85769249 -2.03840507  1.28809392
  0.96092751  2.52612148]","[ 0.00000000e+00  3.28256256e-04  6.60301566e-05  0.00000000e+00
 -2.46328902e-01 -2.27509801e-04 -1.05819570e-05 -2.46030507e-04]","[ 0.          1.05261517 11.24137306  0.21705979 -5.57831097 -0.15096816
  0.07705057 -0.45215261]"
1747093068.3139284,"[ 0.          0.15520149  0.46888773 -2.85769249 -2.03891427  1.28809392
  0.96092751  2.52612148]","[ 0.00000000e+00  3.59037547e-04  6.60287913e-05  0.00000000e+00
 -2.49514625e-01 -2.27683970e-04 -1.05819570e-05 -2.46032929e-04]","[ 0.          1.03884435 11.17656326  0.2240227  -5.65193081 -0.16717786
  0.08378299 -0.45999289]"
1747093068.3150318,"[ 0.          0.15520425  0.46888773 -2.85769249 -2.03916034  1.28809299
  0.96092751  2.52612148]","[ 0.00000000e+00  4.88653390e-04  6.47105111e-05  0.00000000e+00
 -2.49570069e-01 -2.38094030e-04 -1.05819570e-05 -2.46030507e-04]","[ 0.          1.04076707 11.12868786  0.2221123  -5.65213919 -0.16253833
  0.07993304 -0.45342201]"
1747093068.3168058,"[ 0.          0.15520655  0.46888773 -2.85769249 -2.03965143  1.28809299
  0.96092751  2.52612068]","[ 0.00000000e+00  6.89754821e-04  6.33482661e-05  0.00000000e+00
 -2.48759769e-01 -2.38096387e-04 -1.05819570e-05 -2.46030507e-04]","[ 0.          1.0379324  11.06909657  0.18568346 -5.66689348 -0.17712811
  0.07325182 -0.46407208]"
1747093068.3185322,"[ 0.          0.15520746  0.46888773 -2.85769249 -2.03991588  1.28809206
  0.96092751  2.52612068]","[ 0.00000000e+00  7.84873690e-04  5.28698675e-05  0.00000000e+00
 -2.49013085e-01 -2.46216395e-04 -1.05819570e-05 -2.46030507e-04]","[ 0.          1.0528512  11.00876522  0.155616   -5.69043779 -0.17174733
  0.0836361  -0.47299373]"
1747093068.3202064,"[ 0.          0.15521021  0.46888773 -2.85769249 -2.04040564  1.28809112
  0.96092751  2.52611961]","[ 0.00000000e+00  9.80320976e-04  5.18558540e-05  0.00000000e+00
 -2.48237906e-01 -2.53969471e-04 -1.05739739e-05 -2.46032929e-04]","[ 0.          1.04485059 10.92949486  0.13460982 -5.71116734 -0.1717931
  0.10974735 -0.48452985]"
1747093068.3219388,"[ 0.          0.15521251  0.46888773 -2.85769249 -2.04091137  1.28809112
  0.96092751  2.52611882]","[ 0.00000000e+00  1.10951244e-03  5.17782218e-05  0.00000000e+00
 -2.46505403e-01 -2.54158853e-04 -1.05820616e-05 -2.53775374e-04]","[ 0.          1.02474654 10.83468533  0.11395719 -5.67328644 -0.17362654
  0.13636263 -0.48191902]"
1747093068.3237138,"[ 0.          0.15521344  0.46888726 -2.85769249 -2.04115505  1.28809019
  0.96092751  2.52611882]","[ 0.00000000e+00  1.09930752e-03  4.57238662e-05  0.00000000e+00
 -2.47139185e-01 -2.64548920e-04 -1.05819570e-05 -2.53969471e-04]","[ 0.          1.03525794 10.79943275  0.1076831  -5.65407753 -0.16919832
  0.14815989 -0.48108935]"
1747093068.3254495,"[ 0.          0.15521619  0.46888726 -2.85769249 -2.04164134  1.28809019
  0.96092751  2.52611775]","[ 0.00000000e+00  1.16426199e-03  4.48796934e-05  0.00000000e+00
 -2.45788696e-01 -2.64548920e-04  0.00000000e+00 -2.53777893e-04]","[ 0.          1.05304837 10.69188023  0.07224335 -5.62551069 -0.20519839
  0.15707962 -0.4805989 ]"
1747093068.3271482,"[ 0.          0.15521848  0.46888726 -2.85769249 -2.04214388  1.28808926
  0.96092751  2.52611668]","[ 0.00000000e+00  1.21449560e-03  4.48796934e-05  0.00000000e+00
 -2.45020840e-01 -2.64548920e-04  0.00000000e+00 -2.64551537e-04]","[ 0.          1.04763353 10.64409351  0.04385167 -5.53626108 -0.19979899
  0.17819139 -0.47871518]"
1747093068.3294735,"[ 0.          0.15522031  0.46888683 -2.85769249 -2.04262458  1.28808833
  0.96092751  2.52611668]","[ 0.00000000e+00  1.13858966e-03  2.45154389e-05  0.00000000e+00
 -2.43087735e-01 -2.75133604e-04  0.00000000e+00 -2.56418867e-04]","[ 0.          1.02604282 10.5555582   0.04047739 -5.53080034 -0.19647259
  0.21094882 -0.51283646]"
1747093068.33122,"[ 0.          0.15522216  0.46888683 -2.85769249 -2.04311727  1.28808726
  0.96092751  2.52611589]","[ 0.00000000e+00  1.13469349e-03  2.40448649e-05  0.00000000e+00
 -2.40486958e-01 -2.85931532e-04  0.00000000e+00 -2.64548920e-04]","[ 0.          1.03874588 10.44513416  0.04330845 -5.58704805 -0.22357954
  0.22049746 -0.53728253]"
1747093068.3328907,"[ 0.          0.15522446  0.46888683 -2.85769249 -2.04358971  1.28808633
  0.96092751  2.52611482]","[ 0.00000000e+00  1.12898135e-03  2.36242455e-05  0.00000000e+00
 -2.38766174e-01 -2.85712842e-04  0.00000000e+00 -2.74923334e-04]","[ 0.          1.0470897  10.36974239  0.04819256 -5.64544249 -0.21365131
  0.22595198 -0.52614838]"
1747093068.335349,"[ 0.          0.15522537  0.46888683 -2.85769249 -2.0438254   1.28808633
  0.96092751  2.52611482]","[ 0.00000000e+00  1.09370070e-03  2.36242455e-05  0.00000000e+00
 -2.38794070e-01 -2.75130873e-04  0.00000000e+00 -2.64551537e-04]","[ 0.          1.0440948  10.35488892  0.03358567 -5.6811552  -0.21999833
  0.22997719 -0.53325564]"
1747093068.3369598,"[ 0.          0.1552295   0.46888683 -2.85769249 -2.04455404  1.2880854
  0.96092751  2.52611402]","[ 0.00000000e+00  1.12898135e-03  2.31873613e-05  0.00000000e+00
 -2.41197040e-01 -2.75133604e-04  0.00000000e+00 -2.72279825e-04]","[ 0.          1.0011301  10.36477566 -0.01865857 -5.7060585  -0.20780079
  0.26141626 -0.51394165]"
1747093068.3392613,"[ 0.          0.15523226  0.46888683 -2.85769249 -2.04502968  1.2880854
  0.96092751  2.52611296]","[ 0.00000000e+00  1.13858966e-03  1.82605275e-05  0.00000000e+00
 -2.41441918e-01 -2.64748804e-04  0.00000000e+00 -2.75133604e-04]","[ 0.00000000e+00  9.81926918e-01  1.03681345e+01 -1.00250086e-02
 -5.66567230e+00 -1.83722526e-01  2.55314410e-01 -5.33187151e-01]"
1747093068.3409734,"[ 0.          0.15523501  0.46888683 -2.85769249 -2.04552024  1.2880854
  0.96092751  2.52611216]","[ 0.00000000e+00  1.17020534e-03  9.11838464e-06  0.00000000e+00
 -2.39306363e-01 -2.64548920e-04  0.00000000e+00 -2.82856609e-04]","[ 0.          0.97365779 10.34076023  0.01155111 -5.64211893 -0.21373166
  0.25066808 -0.56451207]"
1747093068.3426633,"[ 0.          0.15523639  0.46888683 -2.85769249 -2.04575539  1.28808447
  0.96092844  2.52611216]","[ 0.00000000e+00  1.21449560e-03  9.11838464e-06  0.00000000e+00
 -2.38496079e-01 -2.75130873e-04  1.05979587e-05 -2.72279825e-04]","[ 0.00000000e+00  9.64368999e-01  1.03449049e+01  9.42827761e-03
 -5.61953306e+00 -2.36761719e-01  2.56513238e-01 -5.55391014e-01]"
1747093068.3443968,"[ 0.          0.1552396   0.46888636 -2.85769249 -2.04623663  1.28808353
  0.96092844  2.52611216]","[ 0.00000000e+00  1.34709255e-03  0.00000000e+00  0.00000000e+00
 -2.33904407e-01 -2.83070162e-04  1.06059783e-05 -2.72488079e-04]","[ 0.          0.98400712 10.30644989  0.05056095 -5.65004826 -0.27327842
  0.2655935  -0.52526444]"
1747093068.3455133,"[ 0.          0.15524144  0.46888636 -2.85769249 -2.04646752  1.28808353
  0.96092844  2.52611109]","[ 0.00000000e+00  1.41305182e-03  0.00000000e+00  0.00000000e+00
 -2.33937247e-01 -2.83067334e-04  1.05979587e-05 -2.75130873e-04]","[ 0.          0.97954571 10.26988125  0.05191087 -5.63868666 -0.27778539
  0.27746987 -0.55778837]"
1747093068.3472416,"[ 0.          0.15524603  0.46888636 -2.85769249 -2.04693091  1.2880826
  0.96092844  2.52611109]","[ 0.00000000e+00  1.62225470e-03  0.00000000e+00  0.00000000e+00
 -2.34714707e-01 -2.83067334e-04  1.05978530e-05 -2.75130873e-04]","[ 0.          0.96083957 10.25030613  0.04759252 -5.66628027 -0.28054839
  0.2933915  -0.57412678]"
1747093068.3489628,"[ 0.          0.15525201  0.46888636 -2.85769249 -2.04741215  1.2880826
  0.96092844  2.52611003]","[ 0.00000000e+00  2.03542437e-03  0.00000000e+00  0.00000000e+00
 -2.35254896e-01 -2.83067334e-04  1.05979587e-05 -2.75130873e-04]","[ 0.          1.01091623 10.29575348  0.01832365 -5.70570755 -0.28201243
  0.29486382 -0.57120275]"
1747093068.3506553,"[ 0.          0.15525981  0.46888636 -2.85769249 -2.04789418  1.28808167
  0.96092844  2.52610923]","[ 0.00000000e+00  2.86889054e-03  0.00000000e+00  0.00000000e+00
 -2.35500605e-01 -2.91223687e-04  1.05979587e-05 -2.83070162e-04]","[ 0.          1.00686359 10.36940289  0.01392776 -5.70769024 -0.2643055
  0.30861095 -0.56672317]"
1747093068.353007,"[ 0.          0.15526485  0.46888636 -2.85769249 -2.04812561  1.28808167
  0.96092844  2.52610923]","[ 0.00000000e+00  3.51059117e-03  0.00000000e+00  0.00000000e+00
 -2.34714707e-01 -2.91003827e-04  1.06059783e-05 -2.83070162e-04]","[ 0.          0.99135    10.39882851  0.02640487 -5.70772552 -0.2623083
  0.30354282 -0.57641095]"
1747093068.3541229,"[ 0.          0.15527864  0.46888683 -2.85769249 -2.04858633  1.28808167
  0.96092844  2.52610816]","[ 0.00000000e+00  6.23218342e-03  7.55774719e-06  0.00000000e+00
 -2.33094123e-01 -2.91003827e-04  1.05979587e-05 -2.83067334e-04]","[ 0.          0.97361052 10.47501087  0.02308708 -5.73872137 -0.2650165
  0.30121523 -0.5713405 ]"
1747093068.356422,"[ 0.          0.15529929  0.46888683 -2.85769249 -2.04906783  1.2880806
  0.96092844  2.52610736]","[ 0.00000000e+00  1.05284630e-02  7.45346704e-06  0.00000000e+00
 -2.35471577e-01 -2.93652196e-04  1.06059783e-05 -2.83067334e-04]","[ 0.          0.94342226 10.53075123  0.03456229 -5.77011728 -0.27358419
  0.30422956 -0.5881936 ]"
1747093068.3581736,"[ 0.          0.15533282  0.46888683 -2.85769249 -2.04953575  1.28807967
  0.96092844  2.52610736]","[ 0.00000000e+00  1.78045614e-02  7.35202586e-06  0.00000000e+00
 -2.36875479e-01 -3.01585764e-04  1.05979587e-05 -2.83498212e-04]","[ 0.00000000e+00  9.24348772e-01  1.06169939e+01  4.37051896e-03
 -5.77797651e+00 -2.91060984e-01  3.01640749e-01 -6.12873912e-01]"
1747093068.359866,"[ 0.          0.15537829  0.46888683 -2.85769249 -2.05002338  1.28807967
  0.96092844  2.5261063 ]","[ 0.00000000e+00  2.43087727e-02  7.24571083e-06  5.30700455e-06
 -2.38225968e-01 -3.01813654e-04  1.06059783e-05 -2.94090421e-04]","[ 0.          0.87635422 10.69066143 -0.01598981 -5.73159552 -0.30561975
  0.29972351 -0.61359912]"
1747093068.3616219,"[ 0.          0.15540767  0.46888683 -2.85769302 -2.0502572   1.28807874
  0.96092844  2.5261063 ]","[ 0.00000000e+00  2.75585803e-02  7.25330886e-06  0.00000000e+00
 -2.37145590e-01 -3.12167733e-04  1.06059783e-05 -2.83495384e-04]","[ 0.          0.87009561 10.72629929 -0.04643652 -5.68953943 -0.29006672
  0.29704723 -0.60286736]"
1747093068.363352,"[ 0.          0.15546599  0.46888683 -2.85769302 -2.05073897  1.28807874
  0.96092937  2.52610523]","[ 0.00000000e+00  3.02509176e-02  7.15720733e-06  0.00000000e+00
 -2.34719284e-01 -3.01585764e-04  1.85604623e-05 -2.86144891e-04]","[ 0.          0.75243014 10.77494907 -0.09107223 -5.69197607 -0.28386399
  0.2990081  -0.60509241]"
1747093068.365774,"[ 0.          0.15552753  0.46888683 -2.85769302 -2.05120183  1.28807781
  0.96092937  2.52610443]","[ 0.00000000e+00  3.13313079e-02  7.05641380e-06  0.00000000e+00
 -2.35254896e-01 -3.12403588e-04  1.85604623e-05 -2.94093347e-04]","[ 0.          0.70569283 10.78308868 -0.13755636 -5.72628212 -0.30674237
  0.32031569 -0.62975788]"
1747093068.3674054,"[ 0.          0.15559134  0.46888683 -2.85769302 -2.05166548  1.28807688
  0.96092937  2.52610337]","[ 0.00000000e+00  3.12995622e-02  6.96542639e-06  0.00000000e+00
 -2.35525007e-01 -3.12170821e-04  1.85604623e-05 -3.04691311e-04]","[ 0.          0.64284426 10.7846632  -0.19173472 -5.80547667 -0.32008353
  0.32609382 -0.63554806]"
1747093068.3691103,"[ 0.          0.15565379  0.46888726 -2.85769356 -2.05215124  1.28807688
  0.96092937  2.52610257]","[ 0.00000000e+00  3.16014045e-02  1.01754821e-05 -5.30298914e-06
 -2.37955874e-01 -3.01813654e-04  1.85604623e-05 -3.02041836e-04]","[ 0.          0.57172859 10.83133984 -0.27555221 -5.84040976 -0.30507025
  0.34568948 -0.63219064]"
1747093068.3707654,"[ 0.          0.15572175  0.46888726 -2.85769356 -2.05262102  1.28807688
  0.96093031  2.5261015 ]","[ 0.00000000e+00  3.33522061e-02  6.79031408e-06 -5.30293632e-06
 -2.38197456e-01 -2.91003827e-04  2.65149452e-05 -3.04688288e-04]","[ 0.          0.46359608 10.90927696 -0.3257181  -5.79843473 -0.2941483
  0.35278514 -0.6291042 ]"
1747093068.3724873,"[ 0.          0.15575574  0.46888726 -2.85769382 -2.05290998  1.28807688
  0.96093031  2.5261015 ]","[ 0.00000000e+00  3.45724769e-02  6.69960757e-06 -7.96050683e-06
 -2.38017276e-01 -2.91223687e-04  2.65152094e-05 -3.04691311e-04]","[ 0.          0.3899788  10.94833183 -0.33860207 -5.79155254 -0.30658123
  0.36539248 -0.64476943]"
1747093068.3741744,"[ 0.          0.1558237   0.46888773 -2.85769436 -2.05334301  1.28807594
  0.96093031  2.52610071]","[ 0.00000000e+00  3.45724769e-02  9.92630350e-06 -1.32574726e-05
 -2.38496079e-01 -2.91006688e-04  2.64948971e-05 -3.02041836e-04]","[ 0.          0.31687132 11.0129652  -0.40641561 -5.80154181 -0.3151429
  0.39101878 -0.65845317]"
1747093068.3758717,"[ 0.          0.1558912   0.46888773 -2.85769489 -2.05383196  1.28807594
  0.96093031  2.52609964]","[ 0.00000000e+00  3.21415997e-02  9.79691653e-06 -1.85747013e-05
 -2.38005924e-01 -2.91223687e-04  2.65149452e-05 -3.12639768e-04]","[ 0.          0.27858227 11.01315689 -0.44096446 -5.83080578 -0.34125784
  0.40250435 -0.65565354]"
1747093068.3781428,"[ 0.          0.15595273  0.46888726 -2.85769489 -2.05430494  1.28807501
  0.96093131  2.52609858]","[ 0.00000000e+00  2.93399105e-02  0.00000000e+00 -1.85604623e-05
 -2.40450873e-01 -2.91443873e-04  3.70928568e-05 -3.12879491e-04]","[ 0.          0.24301924 10.96754837 -0.4827193  -5.82797337 -0.34650779
  0.41515812 -0.65299201]"
1747093068.3792605,"[ 0.          0.15598075  0.46888726 -2.85769489 -2.05459842  1.28807501
  0.96093131  2.52609858]","[ 0.00000000e+00  2.83315004e-02  0.00000000e+00 -1.85604623e-05
 -2.41945871e-01 -2.91443873e-04  3.71205547e-05 -3.12639768e-04]","[ 0.          0.20928831 10.97058964 -0.51129353 -5.7835393  -0.3489421
  0.41862723 -0.66654193]"
1747093068.3809557,"[ 0.          0.15603814  0.46888773 -2.85769542 -2.05507513  1.28807395
  0.96093131  2.52609778]","[ 0.00000000e+00  2.94406258e-02  6.22444772e-06 -2.38815200e-05
 -2.40926946e-01 -2.94315906e-04  3.71209245e-05 -3.12876370e-04]","[ 0.          0.19267344 10.96511269 -0.5725472  -5.72922707 -0.36109188
  0.44882178 -0.68064332]"
1747093068.3826659,"[ 0.          0.15610012  0.46888773 -2.85769569 -2.05556781  1.28807395
  0.96093224  2.52609671]","[ 0.00000000e+00  3.13313079e-02  6.15887953e-06 -2.65146811e-05
 -2.40486958e-01 -2.94093347e-04  4.77269018e-05 -3.23240950e-04]","[ 0.          0.16979121 10.95358181 -0.60555124 -5.64575148 -0.36410761
  0.44519213 -0.67370832]"
1747093068.3849175,"[ 0.          0.15613135  0.46888726 -2.85769569 -2.0558051   1.28807301
  0.96093224  2.52609591]","[ 0.00000000e+00  3.16014045e-02 -6.15347181e-06 -2.65146811e-05
 -2.40656852e-01 -3.02270377e-04  4.77269018e-05 -3.31186220e-04]","[ 0.          0.14949752 10.93672562 -0.62880176 -5.6164546  -0.38577253
  0.44547212 -0.6758548 ]"
1747093068.3866308,"[ 0.          0.1561961   0.46888726 -2.85769622 -2.05627754  1.28807301
  0.96093224  2.52609591]","[ 0.00000000e+00  3.29853473e-02 -6.08423515e-06 -3.18179359e-05
 -2.38766174e-01 -3.02041836e-04  4.76912879e-05 -3.20830841e-04]","[ 0.          0.08633791 10.88419437 -0.68753123 -5.58863592 -0.37892437
  0.4738414  -0.69038856]"
1747093068.388277,"[ 0.          0.15626176  0.46888773 -2.85769675 -2.05676677  1.28807208
  0.96093317  2.52609485]","[ 0.00000000e+00  3.21415997e-02  0.00000000e+00 -3.71205547e-05
 -2.39576457e-01 -3.02267386e-04  5.56813848e-05 -3.31182904e-04]","[ 0.          0.07059813 10.84909248 -0.71111333 -5.54438829 -0.38268065
  0.49910313 -0.69348031]"
1747093068.3899949,"[ 0.          0.15632421  0.46888773 -2.85769728 -2.05700326  1.28807115
  0.96093317  2.52609405]","[ 0.00000000e+00  2.98414461e-02  0.00000000e+00 -4.24239132e-05
 -2.39846551e-01 -3.12639768e-04  5.56392812e-05 -3.31436834e-04]","[ 0.          0.03392547 10.83018112 -0.71707642 -5.5516572  -0.39030528
  0.52444518 -0.70226663]"
1747093068.3916504,"[ 0.          0.15635222  0.46888773 -2.85769728 -2.05723921  1.28807115
  0.96093317  2.52609405]","[ 0.00000000e+00  2.83315004e-02  0.00000000e+00 -4.24239132e-05
 -2.39306363e-01 -3.02041836e-04  5.56398379e-05 -3.31186220e-04]","[ 0.          0.03300713 10.83644009 -0.72565699 -5.49304533 -0.38701981
  0.51426017 -0.71156871]"
1747093068.393374,"[ 0.          0.15640687  0.46888773 -2.85769755 -2.05773003  1.28807022
  0.96093317  2.52609298]","[ 0.00000000e+00  2.69823804e-02  0.00000000e+00 -4.50754075e-05
 -2.40386757e-01 -3.12639768e-04  5.56813848e-05 -3.42042796e-04]","[ 0.          0.05792356 10.85780334 -0.75056744 -5.41629171 -0.39040598
  0.51424038 -0.73901713]"
1747093068.395062,"[ 0.          0.15646196  0.46888773 -2.85769755 -2.05820434  1.28807022
  0.96093417  2.52609192]","[ 0.00000000e+00  2.70097486e-02  0.00000000e+00 -4.50754075e-05
 -2.40656852e-01 -3.12639768e-04  6.62372408e-05 -3.42042796e-04]","[ 0.          0.05650396 10.85939407 -0.74696428 -5.40922642 -0.40957451
  0.52847111 -0.74179798]"
1747093068.3973062,"[ 0.          0.15651478  0.46888773 -2.85769808 -2.05869516  1.28806929
  0.9609351   2.52609112]","[ 0.00000000e+00  2.64695534e-02  0.00000000e+00 -5.03783961e-05
 -2.39063898e-01 -3.12876370e-04  7.42418490e-05 -3.45433872e-04]","[ 0.          0.06941642 10.83862209 -0.73932809 -5.43110275 -0.42477396
  0.52488834 -0.73891407]"
1747093068.39957,"[ 0.          0.15656574  0.46888773 -2.85769808 -2.05916601  1.28806835
  0.9609351   2.52609005]","[ 0.00000000e+00  2.43016570e-02  0.00000000e+00 -5.56813848e-05
 -2.38496079e-01 -3.20588257e-04  7.41857136e-05 -3.48892828e-04]","[ 0.          0.08916666 10.82909966 -0.74799049 -5.421947   -0.42394504
  0.53759992 -0.72359234]"
1747093068.4019039,"[ 0.          0.15662498  0.46888773 -2.85769862 -2.05989145  1.28806729
  0.96093603  2.52608819]","[ 0.00000000e+00  1.78264326e-02  0.00000000e+00 -6.09376535e-05
 -2.40386757e-01 -3.12639768e-04  8.47836692e-05 -3.64593353e-04]","[ 0.          0.09681941 10.84205246 -0.68707192 -5.46201611 -0.43383312
  0.53985184 -0.72603893]"
1747093068.404126,"[ 0.          0.15665391  0.46888819 -2.85769862 -2.06038707  1.28806729
  0.96093603  2.52608739]","[ 0.00000000e+00  1.29646791e-02  5.29097849e-06 -6.09843734e-05
 -2.42743871e-01 -3.02270377e-04  8.48478263e-05 -3.72205858e-04]","[ 0.          0.09428199 10.84283638 -0.65669399 -5.41831064 -0.43064561
  0.54890478 -0.743325  ]"
1747093068.4063697,"[ 0.          0.15667365  0.46888819 -2.85769862 -2.06086484  1.28806636
  0.96093603  2.52608632]","[ 0.00000000e+00  9.02766461e-03  5.29497611e-06 -6.09382630e-05
 -2.42547529e-01 -3.02044827e-04  8.47836692e-05 -3.80455708e-04]","[ 0.          0.14981516 10.85287285 -0.6189934  -5.36622238 -0.43317905
  0.55784267 -0.75549281]"
1747093068.4086077,"[ 0.          0.1566856   0.46888819 -2.85769862 -2.06136445  1.28806542
  0.96093696  2.52608526]","[ 0.00000000e+00  5.13185212e-03  5.29097849e-06 -6.09843734e-05
 -2.44438224e-01 -3.02270377e-04  9.54538036e-05 -3.91697649e-04]","[ 0.          0.23681632 10.8493681  -0.5716126  -5.36611223 -0.45086378
  0.5587424  -0.74036044]"
1747093068.410307,"[ 0.          0.15669248  0.46888819 -2.85769862 -2.06184488  1.28806356
  0.96093696  2.52608446]","[ 0.00000000e+00  2.70097486e-03  5.29497611e-06 -6.08462536e-05
 -2.43381082e-01 -3.12639768e-04  9.52385514e-05 -3.84432147e-04]","[ 0.          0.33482963 10.84114742 -0.5122568  -5.36115265 -0.48062429
  0.55317688 -0.76621878]"
1747093068.41247,"[ 0.          0.15669662  0.46888819 -2.85769862 -2.06235008  1.28806263
  0.96093696  2.5260834 ]","[ 0.00000000e+00  1.35048743e-03  5.29897933e-06 -6.08922258e-05
 -2.48027233e-01 -3.12879491e-04  9.53095680e-05 -3.96015728e-04]","[ 0.          0.41037822 10.86374569 -0.45497623 -5.34128809 -0.49514499
  0.53448635 -0.76744288]"
1747093068.4142313,"[ 0.          0.15669937  0.46888819 -2.85769862 -2.06284224  1.2880617
  0.96093696  2.5260826 ]","[ 0.00000000e+00  1.35048743e-03  5.30298914e-06 -6.08922258e-05
 -2.49570069e-01 -3.20588257e-04  9.52376087e-05 -3.90063862e-04]","[ 0.          0.4444043  10.88453388 -0.37930089 -5.30984402 -0.50999045
  0.52655166 -0.7723791 ]"
1747093068.4159582,"[ 0.          0.15670166  0.46888866 -2.85769862 -2.0633533   1.28806063
  0.96093696  2.52608153]","[ 0.00000000e+00  1.22888123e-03  1.05979587e-05 -6.08928272e-05
 -2.49514625e-01 -3.23482331e-04  9.53095680e-05 -3.97597142e-04]","[ 0.          0.50567389 10.90464878 -0.33637103 -5.20316744 -0.51286829
  0.52590615 -0.76483643]"
1747093068.4176166,"[ 0.          0.15670443  0.46888866 -2.85769862 -2.06384412  1.2880597
  0.96093696  2.52608073]","[ 0.00000000e+00  1.27653022e-03  1.06059783e-05 -6.09382630e-05
 -2.48489674e-01 -3.23237731e-04  9.52385514e-05 -3.99428911e-04]","[ 0.          0.57345241 10.87334156 -0.29290682 -5.12131405 -0.54425287
  0.52504927 -0.77700949]"
1747093068.4193084,"[ 0.          0.15670579  0.46888819 -2.85769862 -2.0640862   1.28805877
  0.96093796  2.52607967]","[ 0.00000000e+00  1.28869806e-03  5.30304197e-06 -6.08922258e-05
 -2.45518602e-01 -3.31186220e-04  1.03175101e-04 -4.11539759e-04]","[ 0.          0.61468309 10.85932446 -0.24941275 -5.1003046  -0.56203723
  0.5310896  -0.78515005]"
1747093068.4210334,"[ 0.          0.15671039  0.46888819 -2.85769862 -2.06458847  1.2880569
  0.96093796  2.5260786 ]","[ 0.00000000e+00  1.55662936e-03  5.29892650e-06 -6.08922258e-05
 -2.45248507e-01 -3.39391305e-04  1.03252035e-04 -4.19877710e-04]","[ 0.          0.68079901 10.81609821 -0.22851643 -5.12508297 -0.5925495
  0.53065628 -0.80442208]"
1747093068.4232533,"[ 0.          0.15671545  0.46888866 -2.85769862 -2.06509447  1.28805504
  0.96093796  2.5260778 ]","[ 0.00000000e+00  1.75540430e-03  1.06059783e-05 -6.08922258e-05
 -2.47025102e-01 -3.53467210e-04  1.03175101e-04 -4.21649076e-04]","[ 0.          0.71413285 10.81896019 -0.22670119 -5.14312029 -0.60587192
  0.5223282  -0.80446368]"
1747093068.4265156,"[ 0.          0.15672187  0.46888866 -2.85769862 -2.0655813   1.28805304
  0.96093796  2.52607594]","[ 0.00000000e+00  2.35150388e-03  1.32474486e-05 -6.08922258e-05
 -2.46869091e-01 -3.60898964e-04  1.03252035e-04 -4.44956189e-04]","[ 0.          0.7492522  10.83832455 -0.2173638  -5.11160326 -0.59234166
  0.51245105 -0.81221431]"
1747093068.427287,"[ 0.          0.15673014  0.46888866 -2.85769862 -2.06606759  1.28805118
  0.96093796  2.52607487]","[ 0.00000000e+00  3.28840187e-03  1.32574726e-05 -6.08922258e-05
 -2.45788696e-01 -3.79522724e-04  1.03174077e-04 -4.53420958e-04]","[ 0.          0.78307861 10.86872387 -0.18945265 -5.05672216 -0.58489686
  0.51659554 -0.83516961]"
1747093068.4290197,"[ 0.          0.1567407   0.46888866 -2.85769888 -2.06656587  1.28804931
  0.9609389   2.52607301]","[ 0.00000000e+00  4.70359293e-03  1.32474486e-05 -6.35397134e-05
 -2.42817624e-01 -3.96212701e-04  1.13756038e-04 -4.73184884e-04]","[ 0.          0.78931034 10.83413792 -0.2050067  -5.06550694 -0.60221732
  0.51158935 -0.84892923]"
1747093068.430205,"[ 0.          0.15674667  0.46888866 -2.85769888 -2.06680609  1.28804838
  0.9609389   2.52607194]","[ 0.00000000e+00  5.44039494e-03  1.85464284e-05 -6.35397134e-05
 -2.43627924e-01 -4.09466967e-04  1.13756038e-04 -4.81839767e-04]","[ 0.          0.80369341 10.81018353 -0.20655547 -5.11049747 -0.60943598
  0.52233344 -0.84067696]"
1747093068.431962,"[ 0.          0.1567609   0.46888866 -2.85769888 -2.06730383  1.28804638
  0.96093983  2.52607008]","[ 0.00000000e+00  6.89196962e-03  1.85466133e-05 -6.34917418e-05
 -2.43087735e-01 -4.26700564e-04  1.21692507e-04 -4.99413835e-04]","[ 0.          0.83395368 10.78090572 -0.2246924  -5.19514656 -0.62657183
  0.53947353 -0.82905847]"
1747093068.433154,"[ 0.          0.15676917  0.46888866 -2.85769888 -2.06754485  1.28804452
  0.96093983  2.52606928]","[ 0.00000000e+00  7.80222976e-03  1.85464284e-05 -6.35403432e-05
 -2.44438224e-01 -4.58471211e-04  1.21784452e-04 -5.05889100e-04]","[ 0.          0.8242625  10.78727913 -0.24531952 -5.22460365 -0.61453694
  0.54756224 -0.82135838]"
1747093068.4349048,"[ 0.          0.15678845  0.46888866 -2.85769888 -2.06802794  1.28804265
  0.96094083  2.52606742]","[ 0.00000000e+00  9.72350907e-03  1.85464284e-05 -6.34923676e-05
 -2.45269846e-01 -4.93735990e-04  1.32274460e-04 -5.28381141e-04]","[ 0.          0.80229765 10.77378559 -0.2536042  -5.1906929  -0.59320241
  0.54345208 -0.84140778]"
1747093068.4367177,"[ 0.          0.15681417  0.46888909 -2.85769942 -2.06852702  1.28803973
  0.96094083  2.52606529]","[ 0.00000000e+00  1.29646791e-02  2.11959173e-05 -6.88346925e-05
 -2.42547529e-01 -5.54099663e-04  1.32374402e-04 -5.49301227e-04]","[ 0.          0.77733976 10.77612877 -0.27887803 -5.14565182 -0.57759202
  0.52869928 -0.86209911]"
1747093068.4384527,"[ 0.          0.1568284   0.46888909 -2.85769942 -2.06876484  1.28803786
  0.96094176  2.52606449]","[ 0.00000000e+00  1.43151660e-02  2.11961286e-05 -6.87827183e-05
 -2.41197040e-01 -6.10728572e-04  1.42856421e-04 -5.54300310e-04]","[ 0.          0.7739529  10.75005722 -0.28671506 -5.15444613 -0.57375664
  0.54066741 -0.84851581]"
1747093068.4396043,"[ 0.          0.15686009  0.46888866 -2.85769995 -2.06925699  1.288034
  0.96094269  2.52606156]","[ 0.00000000e+00  1.60491814e-02  1.85464284e-05 -7.41296676e-05
 -2.40116663e-01 -7.28614152e-04  1.50792882e-04 -6.19244510e-04]","[ 0.          0.75786328 10.71907043 -0.32951826 -5.19706678 -0.60745221
  0.56020933 -0.84641045]"
1747093068.4414058,"[ 0.          0.15687615  0.46888866 -2.85769995 -2.06949321  1.28803027
  0.96094269  2.52606076]","[ 0.00000000e+00  1.62058481e-02  1.85464284e-05 -7.41303991e-05
 -2.39333727e-01 -8.46594659e-04  1.50792882e-04 -6.22840233e-04]","[ 0.          0.71496069 10.69155884 -0.34082988 -5.23889637 -0.60536873
  0.59614837 -0.86617827]"
1747093068.4431458,"[ 0.          0.15690967  0.46888909 -2.85770048 -2.069963    1.28802068
  0.96094462  2.52605863]","[ 0.00000000e+00  1.72687240e-02  2.64751417e-05 -7.93646793e-05
 -2.38496079e-01 -1.27658614e-03  1.61376444e-04 -6.60588136e-04]","[ 0.          0.637842   10.64582443 -0.37848377 -5.29244423 -0.59953415
  0.61083132 -0.87252593]"
1747093068.4443517,"[ 0.          0.15692667  0.46888909 -2.85770075 -2.07021733  1.28801309
  0.96094462  2.52605676]","[ 0.00000000e+00  1.72862385e-02  2.64948971e-05 -8.20721262e-05
 -2.39483879e-01 -1.71608067e-03  1.61376444e-04 -7.11260107e-04]","[ 0.          0.62213469 10.64887714 -0.40595585 -5.27072573 -0.6029644
  0.60804045 -0.87703592]"
1747093068.4466934,"[ 0.          0.15696157  0.46888909 -2.85770128 -2.07068844  1.28798553
  0.96094555  2.52605304]","[ 0.00000000e+00  1.67460433e-02  2.64948971e-05 -8.73679709e-05
 -2.38496079e-01 -4.50488991e-03  1.69311312e-04 -7.98643780e-04]","[ 0.          0.57413483 10.67083549 -0.46456772 -5.23255348 -0.56978327
  0.61596489 -0.87021601]"
1747093068.4484377,"[ 0.          0.15699142  0.46888866 -2.85770181 -2.07115689  1.2879304
  0.96094649  2.52604744]","[ 0.00000000e+00  1.43151660e-02  2.38454062e-05 -9.26629948e-05
 -2.36905306e-01 -2.38754056e-02  1.79895052e-04 -9.60526524e-04]","[ 0.          0.51714373 10.67933369 -0.53304166 -5.19003201 -0.54612964
  0.61821121 -0.85298544]"
1747093068.4503045,"[ 0.          0.15701667  0.46888866 -2.85770261 -2.07164079  1.28784385
  0.96094748  2.52603865]","[ 0.00000000e+00  1.10739970e-02  2.38454062e-05 -1.00604543e-04
 -2.36065196e-01 -4.46788591e-02  1.90477103e-04 -1.34301315e-03]","[ 0.          0.49226642 10.64653397 -0.58390093 -5.18350983 -0.52430218
  0.6410113  -0.84966451]"
1747093068.4513924,"[ 0.          0.15702632  0.46888866 -2.85770261 -2.07187302  1.28779711
  0.96094842  2.526032  ]","[ 0.00000000e+00  9.72350907e-03  2.38454062e-05 -1.00529585e-04
 -2.35525007e-01 -4.74889892e-02  1.98411694e-04 -1.73423945e-03]","[ 0.          0.49192879 10.59052849 -0.61387354 -5.20884609 -0.52917379
  0.65131301 -0.85820085]"
1747093068.453115,"[ 0.          0.15704147  0.46888866 -2.85770314 -2.07235159  1.28768113
  0.96095028  2.52601202]","[ 0.00000000e+00  6.51998011e-03  2.38454062e-05 -1.05900567e-04
 -2.33465434e-01 -5.46675233e-02  2.16930124e-04 -3.71823321e-03]","[ 0.          0.46560416 10.55587578 -0.63859504 -5.24580526 -0.53831953
  0.67318767 -0.85841048]"
1747093068.4548717,"[ 0.          0.15704974  0.46888909 -2.85770368 -2.07281125  1.28756795
  0.96095221  2.52596462]","[ 0.00000000e+00  3.78136470e-03  2.11959173e-05 -1.11110546e-04
 -2.32824029e-01 -5.88812517e-02  2.35450878e-04 -1.45653898e-02]","[ 0.          0.4350906  10.57956982 -0.67283303 -5.27042198 -0.53789586
  0.69156688 -0.89024866]"
1747093068.4565866,"[ 0.          0.15705204  0.46888909 -2.85770368 -2.07305786  1.28750896
  0.96095221  2.5259276 ]","[ 0.00000000e+00  2.43087727e-03  2.11959173e-05 -1.11110546e-04
 -2.32211602e-01 -5.99616379e-02  2.35448538e-04 -3.24934240e-02]","[ 0.          0.43223187 10.60612202 -0.68023378 -5.23885441 -0.54027021
  0.69699013 -0.88109922]"
1747093068.458309,"[ 0.          0.1570534   0.46888909 -2.85770394 -2.07351059  1.28738525
  0.96095314  2.52583625]","[ 0.00000000e+00  5.40194952e-04  2.11959173e-05 -1.13841985e-04
 -2.30123051e-01 -5.99616379e-02  2.46030507e-04 -4.80773522e-02]","[ 0.          0.44187465 10.66267681 -0.70085347 -5.1882019  -0.53585929
  0.68697488 -0.87117571]"
1747093068.4595096,"[ 0.          0.15705249  0.46888909 -2.85770448 -2.0739596   1.28726821
  0.96095414  2.52572573]","[ 0.00000000e+00 -3.90111488e-04  2.11959173e-05 -1.19047015e-04
 -2.26921831e-01 -5.88812517e-02  2.53966967e-04 -5.46675233e-02]","[ 0.          0.40202397 10.70324135 -0.69783264 -5.15582609 -0.53171879
  0.66609037 -0.86638701]"
1747093068.461845,"[ 0.          0.15705249  0.46888909 -2.85770448 -2.07419902  1.28721028
  0.96095414  2.52566874]","[ 0.00000000e+00 -2.59947393e-04  2.11959173e-05 -1.19047015e-04
 -2.25440847e-01 -5.88812517e-02  2.53969471e-04 -5.78008613e-02]","[ 0.          0.37998635 10.6927824  -0.68862313 -5.2046361  -0.53585714
  0.66414082 -0.86237782]"
1747093068.463067,"[ 0.          0.15705295  0.46888909 -2.85770501 -2.07463977  1.2870979
  0.96095507  2.52554597]","[ 0.00000000e+00  1.71209334e-04  2.11957060e-05 -1.19136960e-04
 -2.22560322e-01 -5.29391068e-02  2.53966967e-04 -6.37430062e-02]","[ 0.          0.37336797 10.6777153  -0.68411535 -5.2512393  -0.54317063
  0.64537084 -0.87242872]"
1747093068.4653847,"[ 0.          0.1570534   0.46888909 -2.85770581 -2.07509251  1.2869971
  0.96095507  2.52541388]","[ 0.00000000e+00  1.91502478e-04  2.11959173e-05 -1.26984735e-04
 -2.20425482e-01 -5.01872291e-02  2.53966967e-04 -6.34729076e-02]","[ 0.          0.3787553  10.65916538 -0.67958367 -5.22975302 -0.53413385
  0.66359973 -0.88152391]"
1747093068.4666142,"[ 0.          0.1570534   0.46888909 -2.85770634 -2.07552687  1.28690016
  0.96095601  2.52528818]","[ 0.00000000e+00  1.32495580e-04  2.11959173e-05 -1.32375710e-04
 -2.20446055e-01 -4.66429321e-02  2.64551537e-04 -6.09367377e-02]","[ 0.          0.37308851 10.67602062 -0.68470842 -5.17470837 -0.51135278
  0.68409562 -0.8760044 ]"
1747093068.4683018,"[ 0.          0.1570534   0.46888909 -2.85770687 -2.0757607   1.28685449
  0.96095694  2.52522932]","[ 0.00000000e+00  1.06377519e-04  1.85464284e-05 -1.37565437e-04
 -2.20174713e-01 -4.64567646e-02  2.75133604e-04 -5.96915434e-02]","[ 0.          0.37396008 10.68393612 -0.68963134 -5.13706589 -0.52861893
  0.68013173 -0.8792069 ]"
1747093068.4699779,"[ 0.          0.1570534   0.46888909 -2.85770687 -2.07619453  1.28676314
  0.96095794  2.52511613]","[ 0.00000000e+00  0.00000000e+00  1.85462435e-05 -1.32374402e-04
 -2.19859344e-01 -4.72670564e-02  2.82853813e-04 -5.67204709e-02]","[ 0.          0.34326532 10.7147541  -0.68311477 -5.07962084 -0.52826494
  0.68745995 -0.88209718]"
1747093068.471656,"[ 0.          0.1570534   0.46888909 -2.85770714 -2.07640998  1.28676314
  0.96095794  2.52505701]","[ 0.00000000e+00  0.00000000e+00  1.85324169e-05 -1.35021893e-04
 -2.18508855e-01 -4.72670564e-02  2.82853813e-04 -5.56705988e-02]","[ 0.          0.33187616 10.70736504 -0.69132161 -5.05515337 -0.52826494
  0.68612939 -0.8730526 ]"
1747093068.4733887,"[ 0.          0.15705295  0.46888909 -2.85770767 -2.07685126  1.28666221
  0.96095887  2.52494862]","[ 0.00000000e+00 -5.85117249e-05  1.85464284e-05 -1.37565437e-04
 -2.14706394e-01 -5.01872291e-02  2.83067334e-04 -5.48297889e-02]","[ 0.          0.28062108 10.64817238 -0.68750721 -5.01100922 -0.53792202
  0.6833095  -0.84990895]"
1747093068.4750624,"[ 0.          0.15705295  0.46888909 -2.8577082  -2.07726965  1.28655861
  0.9609608   2.52483624]","[ 0.00000000e+00 -5.31887593e-05  1.32474486e-05 -1.37565437e-04
 -2.10462580e-01 -5.11567654e-02  3.01588754e-04 -5.69905654e-02]","[ 0.          0.26718119 10.60257912 -0.70139623 -4.99105692 -0.54137188
  0.69119906 -0.86168087]"
1747093068.476749,"[ 0.          0.15705295  0.46888909 -2.8577082  -2.07747444  1.28650814
  0.9609608   2.52477632]","[ 0.00000000e+00 -4.84211093e-05  1.32475806e-05 -1.37565437e-04
 -2.07704960e-01 -5.13185192e-02  3.01585764e-04 -5.63698242e-02]","[ 0.          0.25966644 10.6166687  -0.70668662 -4.94204998 -0.53538126
  0.68879181 -0.85757905]"
1747093068.4784088,"[ 0.          0.15705295  0.46888909 -2.85770874 -2.07789229  1.28640548
  0.96096173  2.52466313]","[ 0.00000000e+00 -4.80888602e-05  1.85464284e-05 -1.37670734e-04
 -2.04193699e-01 -5.01065104e-02  3.11932235e-04 -5.80709558e-02]","[ 0.          0.23460789 10.59758472 -0.71939778 -4.89906645 -0.55372703
  0.69566023 -0.87985551]"
1747093068.4796033,"[ 0.          0.15705295  0.46888956 -2.857709   -2.07830961  1.2863084
  0.96096366  2.52454435]","[ 0.00000000e+00 -4.41615307e-05  1.85464284e-05 -1.40210929e-04
 -2.03623982e-01 -4.80773522e-02  3.22752888e-04 -5.71214223e-02]","[ 0.          0.20446479 10.61135101 -0.71060473 -4.8927784  -0.54491323
  0.67949653 -0.89454907]"
1747093068.4813533,"[ 0.          0.15705249  0.46888956 -2.85770954 -2.07851068  1.28626273
  0.96096366  2.52448816]","[ 0.00000000e+00 -6.08768895e-05  1.85464284e-05 -1.45501913e-04
 -2.03923588e-01 -4.64567646e-02  3.22749702e-04 -5.70484268e-02]","[ 0.          0.20081207 10.61160088 -0.69874638 -4.92298698 -0.54443055
  0.69907951 -0.89107728]"
1747093068.4825268,"[ 0.          0.15705295  0.46888956 -2.85771007 -2.07890829  1.28617897
  0.96096553  2.52437684]","[ 0.00000000e+00 -3.77485611e-05  1.85464284e-05 -1.45501913e-04
 -2.01222626e-01 -3.94342335e-02  3.38367165e-04 -5.69905654e-02]","[ 0.          0.19834891 10.62976265 -0.70639318 -4.87417126 -0.53012228
  0.69724613 -0.87871647]"
1747093068.4842439,"[ 0.          0.15705295  0.46888956 -2.85771007 -2.07910589  1.28614289
  0.96096553  2.52431692]","[ 0.00000000e+00 -3.79529876e-05  2.38454062e-05 -1.42857835e-04
 -2.00412326e-01 -3.66960379e-02  3.30686162e-04 -5.64229043e-02]","[ 0.          0.19779973 10.62017155 -0.70600128 -4.86618423 -0.53235424
  0.6930654  -0.85413545]"
1747093068.4860394,"[ 0.          0.15705249  0.46888956 -2.85771087 -2.07951229  1.28606765
  0.96096646  2.52420374]","[ 0.00000000e+00 -5.29245075e-05  2.38454062e-05 -1.50794377e-04
 -1.97641707e-01 -3.66121941e-02  3.38370514e-04 -5.78008613e-02]","[ 0.          0.18403621 10.6101799  -0.70657873 -4.8200779  -0.55527103
  0.67333263 -0.85796481]"
1747093068.487743,"[ 0.          0.15705249  0.46888956 -2.8577114  -2.0797059   1.28603157
  0.96096646  2.52414461]","[ 0.00000000e+00 -4.96796617e-05  1.85324169e-05 -1.50792882e-04
 -1.96161905e-01 -3.67332556e-02  3.38622623e-04 -5.99616379e-02]","[ 0.          0.15935667 10.60568714 -0.72057587 -4.82838583 -0.55806339
  0.66088676 -0.85411197]"
1747093068.489966,"[ 0.          0.15705249  0.46888956 -2.8577122  -2.08028541  1.28591545
  0.96096839  2.52395633]","[ 0.00000000e+00 -4.68069783e-05  1.85186086e-05 -1.53554302e-04
 -1.89878525e-01 -3.86183408e-02  3.48941137e-04 -6.18523200e-02]","[ 0.          0.12685359 10.58029461 -0.73367947 -4.80732822 -0.56054783
  0.68388355 -0.84867364]"
1747093068.4913294,"[ 0.          0.15705249  0.46888956 -2.8577122  -2.08047183  1.2858775
  0.96096839  2.52389747]","[ 0.00000000e+00 -3.12046522e-05  1.85324169e-05 -1.48260798e-04
 -1.88876661e-01 -3.83149818e-02  3.49204592e-04 -5.96915434e-02]","[ 0.          0.10696839 10.59164619 -0.72117287 -4.8355298  -0.54992217
  0.69055146 -0.85856527]"
1747093068.49353,"[ 0.          0.15705204  0.46888956 -2.85771273 -2.08085985  1.28579854
  0.96096932  2.52378322]","[ 0.00000000e+00 -4.42508053e-05  1.85184257e-05 -1.53438374e-04
 -1.89330181e-01 -4.05146197e-02  3.63733222e-04 -5.40194971e-02]","[ 0.          0.06077072 10.61753559 -0.7481342  -4.83351564 -0.52791977
  0.6792444  -0.86787874]"
1747093068.4953117,"[ 0.          0.15705204  0.46888956 -2.85771326 -2.08123003  1.28571572
  0.96097032  2.52368628]","[ 0.00000000e+00 -4.17925584e-05  1.85186086e-05 -1.56201794e-04
 -1.87717753e-01 -4.05146197e-02  3.71309479e-04 -4.72670564e-02]","[ 0.          0.03941854 10.63608932 -0.76387596 -4.84271288 -0.51182318
  0.67643923 -0.8616274 ]"
1747093068.4968743,"[ 0.          0.15705204  0.46888956 -2.8577138  -2.08141379  1.28567577
  0.96097125  2.52363968]","[ 0.00000000e+00 -4.17925584e-05  1.85186086e-05 -1.61376444e-04
 -1.86367264e-01 -4.05146197e-02  3.71309479e-04 -4.38844797e-02]","[ 0.          0.03050527 10.63480854 -0.78491068 -4.8571105  -0.51254636
  0.67834336 -0.86553675]"
1747093068.498064,"[ 0.          0.15705204  0.46888956 -2.8577138  -2.08179249  1.28559588
  0.96097125  2.52356644]","[ 0.00000000e+00 -3.97427419e-05  1.85184257e-05 -1.56085411e-04
 -1.83813276e-01 -3.93336118e-02  3.75221225e-04 -3.56528652e-02]","[ 0.00000000e+00  7.53714191e-03  1.06677732e+01 -7.87347853e-01
 -4.81813335e+00 -5.15462160e-01  6.90686047e-01 -8.68567228e-01]"
1747093068.500305,"[ 0.          0.15705157  0.46888956 -2.8577146  -2.08214696  1.28552171
  0.96097218  2.52350546]","[ 0.00000000e+00 -6.03180183e-05  1.85325998e-05 -1.64020327e-04
 -1.78264330e-01 -3.67332556e-02  3.87779076e-04 -2.85607112e-02]","[ 0.         -0.02506642 10.67640591 -0.79544955 -4.816782   -0.51377779
  0.68851388 -0.86124545]"
1747093068.5014286,"[ 0.          0.15705157  0.46888956 -2.8577146  -2.08233524  1.28548642
  0.96097312  2.52347776]","[ 0.00000000e+00 -6.03180183e-05  1.85184257e-05 -1.64020327e-04
 -1.77293308e-01 -3.56528652e-02  4.00532926e-04 -2.80901368e-02]","[ 0.         -0.02872694 10.68337631 -0.79633951 -4.82819462 -0.52415615
  0.67418098 -0.84585488]"
1747093068.5031343,"[ 0.          0.15705157  0.46888956 -2.85771539 -2.08267932  1.28541611
  0.96097312  2.52342556]","[ 0.00000000e+00 -5.75495108e-05  1.85184257e-05 -1.66793402e-04
 -1.73942769e-01 -3.45374480e-02  4.28962138e-04 -2.59293582e-02]","[ 0.         -0.03524968 10.67227936 -0.84684306 -4.84396458 -0.51829922
  0.68211007 -0.86789191]"
1747093068.5048048,"[ 0.          0.15705157  0.46888956 -2.85771593 -2.08284923  1.28537896
  0.96097412  2.52339786]","[ 0.00000000e+00 -5.51973377e-05  1.32374398e-05 -1.71958494e-04
 -1.72147598e-01 -3.78136459e-02  4.44956189e-04 -2.60799204e-02]","[ 0.         -0.02601229 10.66611576 -0.87017602 -4.81548119 -0.52576292
  0.67605305 -0.86755013]"
1747093068.5065112,"[ 0.          0.15705157  0.46888956 -2.85771646 -2.0832005   1.28529813
  0.96097505  2.5233446 ]","[ 0.00000000e+00 -5.30277773e-05  1.32274462e-05 -1.77247772e-04
 -1.70773324e-01 -4.01229520e-02  4.66198865e-04 -2.80901368e-02]","[ 0.         -0.05160267 10.68724823 -0.90925753 -4.81580353 -0.53540194
  0.6731748  -0.85725063]"
1747093068.508234,"[ 0.          0.1570511   0.46888956 -2.85771726 -2.08353739  1.28521438
  0.96097598  2.52329054]","[ 0.00000000e+00 -7.42418490e-05  1.32274462e-05 -1.99464231e-04
 -1.70971696e-01 -4.32155977e-02  4.79207815e-04 -2.78200403e-02]","[ 0.         -0.0839766  10.69873238 -0.92391723 -4.81210852 -0.52477026
  0.66470152 -0.85443765]"
1747093068.5098968,"[ 0.          0.1570511   0.46889002 -2.85771726 -2.08370597  1.2851687
  0.96097698  2.52326098]","[ 0.00000000e+00 -7.14367280e-05  1.85325998e-05 -2.13133266e-04
 -1.70971696e-01 -4.64567646e-02  5.00462747e-04 -2.78352994e-02]","[ 0.         -0.0837713  10.69775772 -0.94696856 -4.81534529 -0.5185281
  0.65557671 -0.85314256]"
1747093068.5109937,"[ 0.          0.15705065  0.46889002 -2.85771779 -2.08405325  1.28506311
  0.96097791  2.52319999]","[ 0.00000000e+00 -8.82555802e-05  1.85184257e-05 -2.43937494e-04
 -1.69081018e-01 -5.29391068e-02  4.87037678e-04 -3.18715031e-02]","[ 0.         -0.13818206 10.68456078 -0.96234524 -4.7635622  -0.51422471
  0.66892153 -0.85466337]"
1747093068.512668,"[ 0.          0.15705065  0.46889002 -2.85771886 -2.08438108  1.28495272
  0.96097884  2.52313528]","[ 0.00000000e+00 -6.88333190e-05  1.85184257e-05 -2.60919811e-04
 -1.65029551e-01 -5.69905654e-02  4.91627404e-04 -3.18715031e-02]","[ 0.         -0.18760613 10.68498993 -0.95475477 -4.73543406 -0.52070504
  0.67209142 -0.83721173]"
1747093068.514382,"[ 0.          0.15705065  0.46889002 -2.85771886 -2.08455499  1.28489187
  0.96097884  2.52310412]","[ 0.00000000e+00 -6.88333190e-05  1.85184257e-05 -2.57065753e-04
 -1.63751800e-01 -5.71752099e-02  4.80118758e-04 -3.16014045e-02]","[ 0.         -0.1824348  10.68260384 -0.97598082 -4.74655104 -0.54558927
  0.68126643 -0.84828454]"
1747093068.516061,"[ 0.          0.15705019  0.46889002 -2.85771966 -2.0848751   1.28477589
  0.96098077  2.52303834]","[ 0.00000000e+00 -8.22781619e-05  1.32374398e-05 -2.60923695e-04
 -1.62598684e-01 -5.88812517e-02  4.99889446e-04 -3.13460573e-02]","[ 0.         -0.19044375 10.67351055 -0.97766298 -4.74828815 -0.54888916
  0.67019045 -0.83798367]"
1747093068.5192401,"[ 0.          0.15705019  0.46889002 -2.85772019 -2.08519282  1.28465977
  0.96098171  2.52297735]","[ 0.00000000e+00 -7.95870998e-05  1.32274462e-05 -2.57065753e-04
 -1.60167801e-01 -5.88812517e-02  4.98726588e-04 -3.10297382e-02]","[ 0.         -0.19663124 10.66459179 -0.99563396 -4.7716198  -0.56326884
  0.68104607 -0.83795625]"
1747093068.5200057,"[ 0.          0.15704974  0.46889002 -2.85772045 -2.08551612  1.284537
  0.96098364  2.52291663]","[ 0.00000000e+00 -8.82045812e-05  1.85184257e-05 -2.57256712e-04
 -1.56926634e-01 -6.07719338e-02  5.07005404e-04 -2.95906783e-02]","[ 0.         -0.23761377 10.63239193 -0.99501282 -4.7482934  -0.56491274
  0.67279655 -0.84049308]"
1747093068.5223866,"[ 0.          0.15704974  0.46889002 -2.85772099 -2.08583837  1.28441436
  0.96098457  2.52285564]","[ 0.00000000e+00 -8.56239369e-05  1.85184257e-05 -2.60946322e-04
 -1.57380021e-01 -6.25991244e-02  4.86496788e-04 -3.10612093e-02]","[ 0.         -0.25752875 10.601264   -1.01463866 -4.74139929 -0.58234018
  0.68317437 -0.83873463]"
1747093068.523482,"[ 0.          0.15704974  0.46889002 -2.85772152 -2.08599496  1.28434685
  0.9609855   2.52282528]","[ 0.00000000e+00 -8.29929600e-05  1.32274462e-05 -2.69100887e-04
 -1.58656407e-01 -6.36951900e-02  4.87037678e-04 -3.07911127e-02]","[ 0.         -0.2620472  10.5788641  -1.01930881 -4.72481918 -0.5652582
  0.69320685 -0.84308207]"
1747093068.5252597,"[ 0.          0.15704927  0.46889002 -2.85772205 -2.08630495  1.28422115
  0.96098643  2.5227595 ]","[ 0.00000000e+00 -8.27942876e-05  1.32274462e-05 -2.69074116e-04
 -1.56386445e-01 -6.26626158e-02  4.91634524e-04 -3.19038605e-02]","[ 0.         -0.28032166 10.5123415  -1.02923465 -4.66112757 -0.57065558
  0.69036645 -0.84536731]"
1747093068.5269578,"[ 0.          0.15704927  0.46889002 -2.85772232 -2.08662     1.28409851
  0.96098836  2.52269506]","[ 0.00000000e+00 -8.03366827e-05  1.32275773e-05 -2.69089802e-04
 -1.52824867e-01 -5.81782812e-02  5.06442994e-04 -3.26817948e-02]","[ 0.         -0.29043755 10.43033886 -1.03401721 -4.61392736 -0.57672375
  0.67844641 -0.84623909]"
1747093068.528627,"[ 0.          0.15704927  0.46889002 -2.85772285 -2.08676887  1.28404339
  0.9609893   2.52265964]","[ 0.00000000e+00 -8.03342608e-05  1.32274462e-05 -2.69408084e-04
 -1.50984489e-01 -5.59101792e-02  5.14311802e-04 -3.59229638e-02]","[ 0.         -0.31379217 10.39978313 -1.0364747  -4.60323    -0.60525721
  0.68410045 -0.84798139]"
1747093068.5303657,"[ 0.          0.15704881  0.46888956 -2.85772338 -2.08706182  1.28395004
  0.96099123  2.52258081]","[ 0.00000000e+00 -9.36166954e-05  7.93646773e-06 -2.69069873e-04
 -1.48283511e-01 -4.53763743e-02  5.46459265e-04 -3.93942778e-02]","[ 0.         -0.29549658 10.3356123  -1.01578546 -4.5684309  -0.6332882
  0.70236892 -0.85813838]"
1747093068.531493,"[ 0.          0.15704881  0.46888956 -2.85772392 -2.08721682  1.28390637
  0.96099216  2.52254272]","[ 0.00000000e+00 -9.09886200e-05  7.93646773e-06 -2.69397340e-04
 -1.45947236e-01 -4.11260274e-02  5.54956608e-04 -3.86239376e-02]","[ 0.         -0.29154599 10.29974937 -1.02623248 -4.53939581 -0.63965583
  0.70621365 -0.85238093]"
1747093068.5332673,"[ 0.          0.15704881  0.46888956 -2.85772392 -2.08750071  1.28383686
  0.96099502  2.52246949]","[ 0.00000000e+00 -9.09860274e-05  7.93646773e-06 -2.65263344e-04
 -1.43421761e-01 -3.37621852e-02  5.90886656e-04 -3.56528652e-02]","[ 0.         -0.26118848 10.217062   -1.02909863 -4.51580667 -0.67523736
  0.70610291 -0.84270829]"
1747093068.5344515,"[ 0.          0.15704881  0.46888956 -2.85772392 -2.08764958  1.28380743
  0.96099595  2.52243513]","[ 0.00000000e+00 -8.85016105e-05  7.93654595e-06 -2.60950321e-04
 -1.40179562e-01 -2.97107224e-02  5.92571743e-04 -3.48425735e-02]","[ 0.         -0.27879608 10.1697607  -1.03624594 -4.51825523 -0.68321681
  0.70850939 -0.83183879]"
1747093068.536189,"[ 0.          0.15704881  0.46888909 -2.85772472 -2.08791963  1.28375417
  0.96099882  2.52236376]","[ 0.00000000e+00 -7.35984821e-05  5.29097849e-06 -2.69100887e-04
 -1.36530848e-01 -2.40737716e-02  6.24522134e-04 -3.41045096e-02]","[ 0.         -0.27494711 10.08619308 -1.04324985 -4.46576929 -0.67494941
  0.71183068 -0.85613537]"
1747093068.5374317,"[ 0.          0.15704836  0.46888909 -2.85772472 -2.08805225  1.28373126
  0.96099882  2.5223334 ]","[ 0.00000000e+00 -8.83157386e-05  5.29097849e-06 -2.65263344e-04
 -1.34508543e-01 -2.32283823e-02  6.17242718e-04 -3.07599142e-02]","[ 0.         -0.26785845 10.05702972 -1.04956889 -4.41511965 -0.66620922
  0.72267741 -0.86218834]"
1747093068.539222,"[ 0.          0.15704789  0.46888909 -2.85772525 -2.08832949  1.28369132
  0.96100168  2.52227827]","[ 0.00000000e+00 -1.00507478e-04  0.00000000e+00 -2.69397340e-04
 -1.35318835e-01 -1.88076348e-02  6.66807618e-04 -2.59293582e-02]","[ 0.         -0.25111273  9.98599434 -1.04219973 -4.36722279 -0.65509945
  0.70092756 -0.86173207]"
1747093068.5403743,"[ 0.          0.15704789  0.46888866 -2.85772525 -2.08846371  1.28367427
  0.96100261  2.52225164]","[ 0.00000000e+00 -9.79051910e-05  0.00000000e+00 -2.60978669e-04
 -1.36129127e-01 -1.72862385e-02  6.72566899e-04 -2.50768450e-02]","[ 0.         -0.25278282  9.94176579 -1.03296208 -4.36769295 -0.65539998
  0.70545578 -0.8513149 ]"
1747093068.5421903,"[ 0.          0.15704789  0.46888866 -2.85772551 -2.08874228  1.28364285
  0.96100547  2.52220503]","[ 0.00000000e+00 -9.77101922e-05  0.00000000e+00 -2.60806061e-04
 -1.35665737e-01 -1.53799571e-02  7.35649942e-04 -2.32048487e-02]","[ 0.         -0.24608429  9.8659153  -0.99826747 -4.34709358 -0.66162956
  0.69678205 -0.84202063]"
1747093068.5439181,"[ 0.          0.15704789  0.46888866 -2.85772605 -2.08887597  1.2836266
  0.96100641  2.52218213]","[ 0.00000000e+00 -9.52489707e-05  0.00000000e+00 -2.65263344e-04
 -1.35588930e-01 -1.52968758e-02  7.43821088e-04 -2.32283823e-02]","[ 0.         -0.2223364   9.83460617 -0.96680892 -4.29370308 -0.65492803
  0.70558798 -0.83770329]"
1747093068.5451095,"[ 0.          0.15704789  0.46888866 -2.85772658 -2.08914175  1.28359624
  0.96100927  2.52213845]","[ 0.00000000e+00 -9.50643992e-05 -5.29502843e-06 -2.69418519e-04
 -1.34508543e-01 -1.53955564e-02  8.39082412e-04 -2.10676037e-02]","[ 0.         -0.17896149  9.79289818 -0.93097138 -4.24490881 -0.65514016
  0.695131   -0.84225875]"
1747093068.5468223,"[ 0.          0.15704789  0.46888819 -2.85772658 -2.08927677  1.28358
  0.9610112   2.52211848]","[ 0.00000000e+00 -9.27330604e-05 -7.93638849e-06 -2.56670261e-04
 -1.36939419e-01 -1.59357516e-02  8.98646324e-04 -2.02573099e-02]","[ 0.         -0.13463917  9.76984692 -0.89501077 -4.24406767 -0.66153342
  0.686849   -0.85936397]"
1747093068.5480263,"[ 0.          0.15704789  0.46888773 -2.85772711 -2.08955641  1.28354391
  0.961015    2.52208146]","[ 0.00000000e+00 -9.06784407e-05 -1.05819570e-05 -2.61250300e-04
 -1.36800676e-01 -1.76764217e-02  1.00091171e-03 -1.78045614e-02]","[ 0.         -0.05719996  9.7129221  -0.86361694 -4.20592213 -0.67862469
  0.68339401 -0.86088389]"
1747093068.5497618,"[ 0.          0.15704789  0.46888773 -2.85772738 -2.08983284  1.28350769
  0.96101786  2.52205004]","[ 0.00000000e+00 -7.75828614e-05 -1.05899522e-05 -2.56869039e-04
 -1.34411896e-01 -1.94470181e-02  1.12866913e-03 -1.53955564e-02]","[ 0.         -0.02440889  9.64942646 -0.83192825 -4.13326311 -0.70470321
  0.68007982 -0.86000347]"
1747093068.5509782,"[ 0.          0.15704744  0.46888773 -2.85772791 -2.08998358  1.28348585
  0.96101979  2.52203486]","[ 0.00000000e+00 -8.83974020e-05 -1.05819570e-05 -2.60946322e-04
 -1.32455987e-01 -2.05630137e-02  1.16723867e-03 -1.53955564e-02]","[ 0.00000000e+00 -8.48934345e-04  9.61613750e+00 -8.09304297e-01
 -4.07671118e+00 -7.06511676e-01  6.81000531e-01 -8.58454108e-01]"
1747093068.552763,"[ 0.          0.15704744  0.46888726 -2.85772844 -2.09024164  1.28344497
  0.96102358  2.5220013 ]","[ 0.00000000e+00 -7.39065563e-05 -1.32375708e-05 -2.57364643e-04
 -1.29916888e-01 -2.10462568e-02  1.32476738e-03 -1.63846825e-02]","[ 0.          0.03449128  9.5647974  -0.7937175  -4.06272316 -0.70541626
  0.6744045  -0.83453357]"
1747093068.5538895,"[ 0.          0.15704744  0.46888726 -2.85772844 -2.09037799  1.28342207
  0.96102645  2.52198346]","[ 0.00000000e+00 -7.40366829e-05 -1.32375708e-05 -2.53298918e-04
 -1.28393451e-01 -2.32283823e-02  1.42873456e-03 -1.78264326e-02]","[ 0.          0.04447447  9.53621101 -0.76988059 -4.06459236 -0.7078712
  0.67271864 -0.83898896]"
1747093068.5555873,"[ 0.          0.15704744  0.46888683 -2.85772898 -2.09062593  1.28337453
  0.96103024  2.52194245]","[ 0.00000000e+00 -7.23832604e-05 -2.11639139e-05 -2.57442145e-04
 -1.24658601e-01 -2.40737716e-02  1.51930713e-03 -2.05630137e-02]","[ 0.          0.12083834  9.51489544 -0.7494241  -4.05766249 -0.70355654
  0.67348254 -0.84698606]"
1747093068.5573092,"[ 0.          0.15704744  0.46888683 -2.85772898 -2.09074684  1.2833527
  0.96103211  2.52192141]","[ 0.00000000e+00 -7.06830651e-05 -2.11799045e-05 -2.49341123e-04
 -1.22624254e-01 -2.21479940e-02  1.54414124e-03 -2.13377002e-02]","[ 0.          0.13791694  9.50105286 -0.73346317 -4.02983236 -0.69707906
  0.67632461 -0.84410596]"
1747093068.5590904,"[ 0.          0.15704744  0.46888683 -2.85772924 -2.09099291  1.28330702
  0.9610369   2.52187773]","[ 0.00000000e+00 -6.91745121e-05 -2.11641232e-05 -2.45383328e-04
 -1.19383087e-01 -2.32283823e-02  1.71735373e-03 -2.21479940e-02]","[ 0.          0.18536977  9.51863003 -0.68964499 -4.01560783 -0.70840722
  0.67378747 -0.82966822]"
1747093068.5608387,"[ 0.          0.15704744  0.46888683 -2.85772924 -2.09110956  1.28328225
  0.96103976  2.52185589]","[ 0.00000000e+00 -6.91745121e-05 -2.11641232e-05 -2.45386985e-04
 -1.18302692e-01 -2.32995282e-02  1.85466127e-03 -2.21479940e-02]","[ 0.          0.20286323  9.54053974 -0.66186273 -4.04495096 -0.71942121
  0.66953719 -0.82040924]"
1747093068.5620415,"[ 0.          0.15704744  0.46888636 -2.85772978 -2.09134978  1.28323192
  0.96104542  2.52181222]","[ 0.00000000e+00 -5.64408424e-05 -2.64748795e-05 -2.49640875e-04
 -1.16748172e-01 -2.59293582e-02  2.12204070e-03 -2.10676037e-02]","[ 0.          0.260571    9.57007313 -0.62630433 -4.10311699 -0.71227443
  0.65002823 -0.83867675]"
1747093068.5638287,"[ 0.          0.15704744  0.46888636 -2.85772978 -2.09146456  1.28320516
  0.96104922  2.52179304]","[ 0.00000000e+00 -5.64396436e-05 -2.64548924e-05 -2.45817262e-04
 -1.16412014e-01 -2.70097486e-02  2.25200465e-03 -1.94470181e-02]","[ 0.          0.29185632  9.59821224 -0.60727561 -4.15223026 -0.71342683
  0.63446254 -0.84493691]"
1747093068.5649824,"[ 0.          0.15704744  0.46888636 -2.85772978 -2.09169546  1.2831463
  0.96105874  2.52175975]","[ 0.00000000e+00 -5.52844219e-05 -2.64751417e-05 -2.30706554e-04
 -1.16952203e-01 -2.89004307e-02  2.75564508e-03 -1.60491814e-02]","[ 0.          0.34696633  9.62094975 -0.59341812 -4.19395018 -0.70697498
  0.60585755 -0.84022403]"
1747093068.5667026,"[ 0.          0.15704744  0.46888636 -2.85772978 -2.09169546  1.28311674
  0.96106446  2.52174644]","[ 0.00000000e+00 -5.51973377e-05 -2.64751417e-05 -2.30706554e-04
 -1.16952203e-01 -2.99504423e-02  3.15728774e-03 -1.35048743e-02]","[ 0.          0.36903986  9.6562233  -0.56443971 -4.19395018 -0.70675492
  0.60226876 -0.83348453]"
1747093068.5684414,"[ 0.          0.15704744  0.46888636 -2.85773031 -2.09193461  1.2830483
  0.96107871  2.52172087]","[ 0.00000000e+00 -5.41755382e-05 -2.64548924e-05 -2.31546740e-04
 -1.16833709e-01 -3.45724769e-02  4.63132816e-03 -1.24774746e-02]","[ 0.          0.42330766  9.68769169 -0.52566648 -4.18161011 -0.70044291
  0.59917414 -0.83087629]"
1747093068.5696468,"[ 0.          0.15704744  0.4688859  -2.85773031 -2.09216151  1.28297506
  0.96110155  2.52169983]","[ 0.00000000e+00 -4.86827196e-05 -3.17698567e-05 -2.28388820e-04
 -1.13711036e-01 -3.75435473e-02  8.56339032e-03 -1.06688501e-02]","[ 0.          0.43793952  9.69420815 -0.49399704 -4.16182661 -0.71813262
  0.57140404 -0.8180725 ]"
1747093068.5713065,"[ 0.          0.15704744  0.4688859  -2.85773031 -2.09228082  1.28293125
  0.96111586  2.52168945]","[ 0.00000000e+00 -4.77269018e-05 -3.17461838e-05 -2.24472263e-04
 -1.12344269e-01 -4.10873408e-02  1.11268608e-02 -1.05338018e-02]","[ 0.          0.46829712  9.69932556 -0.46753845 -4.16899347 -0.70626307
  0.56474835 -0.81762159]"
1747093068.5730143,"[ 0.          0.15704744  0.4688859  -2.85773057 -2.09250026  1.28284843
  0.96115201  2.5216724 ]","[ 0.00000000e+00 -4.68078926e-05 -3.17698567e-05 -2.21021434e-04
 -1.10739964e-01 -4.26321615e-02  1.83666278e-02 -8.32237841e-03]","[ 0.          0.52530837  9.73658943 -0.4259387  -4.17704201 -0.69651562
  0.57074285 -0.8000291 ]"
1747093068.5746663,"[ 0.          0.15704744  0.4688859  -2.85773057 -2.09261025  1.28280568
  0.96117385  2.52166574]","[ 0.00000000e+00 -4.67385218e-05 -3.17698567e-05 -2.13429702e-04
 -1.11550256e-01 -4.32155977e-02  2.05630137e-02 -7.40850063e-03]","[ 0.          0.56433356  9.75571537 -0.38891172 -4.17715311 -0.69337189
  0.56768548 -0.82454962]"
1747093068.5759113,"[ 0.          0.15704789  0.4688859  -2.85773057 -2.09283502  1.28270954
  0.9612138   2.52165429]","[ 0.00000000e+00 -2.60043848e-05 -3.17698567e-05 -2.02602987e-04
 -1.08849286e-01 -4.83474467e-02  1.91769216e-02 -5.80709558e-03]","[ 0.          0.59366184  9.79497337 -0.36728612 -4.17358351 -0.70511234
  0.56320834 -0.84466368]"
1747093068.5782635,"[ 0.          0.15704789  0.4688859  -2.85773057 -2.09304541  1.28260874
  0.96125475  2.52164577]","[ 0.00000000e+00 -2.54760194e-05 -3.17698567e-05 -1.99877002e-04
 -1.05608111e-01 -5.13185192e-02  1.98107082e-02 -4.16118920e-03]","[ 0.          0.64800674  9.8208437  -0.35346678 -4.16957235 -0.72187024
  0.55024576 -0.83471555]"
1747093068.579337,"[ 0.          0.15704789  0.4688859  -2.85773057 -2.09314794  1.28255641
  0.96127186  2.52164178]","[ 0.00000000e+00 -2.54755318e-05 -3.17698567e-05 -1.92409195e-04
 -1.03987527e-01 -5.29391068e-02  1.72862385e-02 -3.91641349e-03]","[ 0.          0.6661166   9.85332298 -0.30735618 -4.1824522  -0.72319698
  0.54276425 -0.83339846]"
1747093068.5816104,"[ 0.          0.15704789  0.46888543 -2.85773057 -2.09335221  1.28244136
  0.96130421  2.52163698]","[ 0.00000000e+00 -2.50043299e-05 -4.23598089e-05 -1.81706356e-04
 -9.95649904e-02 -5.67204709e-02  1.64592531e-02 -2.33952642e-03]","[ 0.          0.69736814  9.85956192 -0.27467254 -4.17239904 -0.74195397
  0.53261459 -0.83687675]"
1747093068.583287,"[ 0.          0.15704789  0.46888543 -2.85773111 -2.09354768  1.28231952
  0.96133271  2.52163432]","[ 0.00000000e+00 -1.50023163e-05 -4.23598089e-05 -1.86275131e-04
 -9.85855797e-02 -6.09367377e-02  1.35185844e-02 -1.35048743e-03]","[ 0.          0.71431243  9.86374474 -0.26890063 -4.18409872 -0.75678003
  0.52815664 -0.8523035 ]"
1747093068.5850565,"[ 0.          0.15704789  0.46888543 -2.85773111 -2.09375355  1.28219395
  0.96135461  2.52163032]","[ 0.00000000e+00 -1.47296010e-05 -4.23598089e-05 -1.76763953e-04
 -1.01556652e-01 -6.47577163e-02  1.05338018e-02 -1.57999015e-03]","[ 0.          0.7258628   9.90990257 -0.25949997 -4.17830515 -0.75956285
  0.53183848 -0.85270876]"
1747093068.586844,"[ 0.          0.15704789  0.46888543 -2.85773111 -2.09385368  1.28212831
  0.96136414  2.52162846]","[ 0.00000000e+00 -1.47298743e-05 -4.23598089e-05 -1.76766293e-04
 -1.01556652e-01 -6.64439800e-02  9.72350907e-03 -1.65619478e-03]","[ 0.          0.72974914  9.93114758 -0.24652997 -4.15157318 -0.76269513
  0.52187622 -0.86247379]"
1747093068.5879924,"[ 0.          0.15704789  0.46888543 -2.85773111 -2.09406061  1.28198663
  0.96137938  2.52162367]","[ 0.00000000e+00 -1.44666262e-05 -4.24239132e-05 -1.67503177e-04
 -1.00463558e-01 -6.94150525e-02  5.94214437e-03 -1.88689944e-03]","[ 0.          0.74831605  9.93772316 -0.24327794 -4.09757566 -0.7516703
  0.50811648 -0.86695254]"
1747093068.5898163,"[ 0.          0.15704789  0.46888543 -2.85773111 -2.09425688  1.28185147
  0.96138697  2.52161914]","[ 0.00000000e+00 -1.41936853e-05 -4.24239132e-05 -1.60521775e-04
 -9.88556741e-02 -6.75243704e-02  3.07372248e-03 -1.98718644e-03]","[ 0.          0.75841594  9.95214367 -0.25800788 -4.04684401 -0.78133816
  0.51629007 -0.85929424]"
1747093068.5914881,"[ 0.          0.15704789  0.46888543 -2.85773111 -2.09435223  1.28178782
  0.96138884  2.52161701]","[ 0.00000000e+00 -1.39493384e-05 -4.24234905e-05 -1.56880068e-04
 -9.66948934e-02 -6.45532979e-02  1.89068235e-03 -2.00614781e-03]","[ 0.          0.74927109  9.9504385  -0.259119   -4.05419016 -0.79837281
  0.52389395 -0.86292028]"
1747093068.5927486,"[ 0.          0.15704789  0.46888496 -2.85773164 -2.09454877  1.28166225
  0.9613927   2.52161035]","[ 0.00000000e+00 -1.37132620e-05 -4.50754075e-05 -1.57034227e-04
 -9.58846017e-02 -6.07719338e-02  1.89068235e-03 -2.23613205e-03]","[ 0.          0.74992794  9.93180847 -0.24820197 -4.0749917  -0.83112073
  0.51725799 -0.86034584]"
1747093068.5944366,"[ 0.          0.15704789  0.46888496 -2.85773164 -2.09464118  1.28160233
  0.96139363  2.52160662]","[ 0.00000000e+00 -1.37130263e-05 -4.50754075e-05 -1.54726994e-04
 -9.37238210e-02 -6.07719338e-02  1.43040879e-03 -2.33323704e-03]","[ 0.          0.74926746  9.90726185 -0.23170701 -4.07891798 -0.82831705
  0.52011234 -0.87045193]"
1747093068.5962942,"[ 0.          0.15704789  0.46888453 -2.85773164 -2.0948276   1.28147676
  0.96139549  2.52159996]","[ 0.00000000e+00 -9.14217433e-06 -5.03783961e-05 -1.47705312e-04
 -9.04826541e-02 -6.07719338e-02  9.44862052e-04 -2.46485260e-03]","[ 0.          0.75938505  9.94070435 -0.2216763  -4.08547258 -0.85205013
  0.51976311 -0.8793655 ]"
1747093068.5974894,"[ 0.          0.15704789  0.46888453 -2.85773164 -2.09491469  1.28141485
  0.96139649  2.52159703]","[ 0.00000000e+00 -8.97851139e-06 -5.03778963e-05 -1.44270315e-04
 -8.83218733e-02 -6.26626158e-02  9.90022658e-04 -2.61423747e-03]","[ 0.          0.75340039  9.92934132 -0.2343442  -4.05337334 -0.84311992
  0.5228256  -0.88333535]"
1747093068.5992684,"[ 0.          0.15704836  0.46888453 -2.85773164 -2.09508246  1.28128555
  0.96139936  2.52159038]","[ 0.00000000e+00  8.83172077e-06 -5.03783961e-05 -1.37805550e-04
 -8.40003119e-02 -6.26921145e-02  1.17015267e-03 -2.96560985e-03]","[ 0.          0.75923908  9.91468048 -0.27675629 -4.02336121 -0.83573484
  0.52949536 -0.8771081 ]"
1747093068.6004188,"[ 0.          0.15704836  0.46888453 -2.85773164 -2.09516875  1.28122083
  0.96140122  2.52158771]","[ 0.00000000e+00  8.68965212e-06 -5.03783961e-05 -1.35674826e-04
 -8.11725508e-02 -6.56336883e-02  1.32998460e-03 -3.03629311e-03]","[ 0.          0.76555037  9.88632202 -0.29028824 -4.02064705 -0.84074038
  0.53066283 -0.86766005]"
1747093068.6022012,"[ 0.          0.15704789  0.46888406 -2.85773164 -2.09532348  1.28108661
  0.96140502  2.52157999]","[ 0.00000000e+00  0.00000000e+00 -5.56813848e-05 -1.22107342e-04
 -7.69777808e-02 -6.86047607e-02  1.47240260e-03 -3.29693075e-03]","[ 0.          0.73452568  9.85316467 -0.27946544 -4.10662794 -0.82882273
  0.52940261 -0.87013662]"
1747093068.6039271,"[ 0.          0.15704789  0.46888406 -2.85773217 -2.09539592  1.28101151
  0.96140695  2.52157626]","[ 0.00000000e+00  0.00000000e+00 -5.56808321e-05 -1.28891080e-04
 -7.34665111e-02 -7.07167057e-02  1.52350968e-03 -3.35351330e-03]","[ 0.          0.72699618  9.85602188 -0.27306983 -4.14125252 -0.81453902
  0.52892548 -0.86831677]"
1747093068.605159,"[ 0.          0.15704789  0.46888406 -2.85773217 -2.09553653  1.28086876
  0.96141074  2.52156854]","[ 0.00000000e+00  0.00000000e+00 -5.56392812e-05 -1.27290948e-04
 -6.69841731e-02 -7.23861249e-02  1.62241919e-03 -3.43264586e-03]","[ 0.          0.70565081  9.84537029 -0.26431459 -4.28598452 -0.78830862
  0.5333643  -0.87675685]"
1747093068.6069033,"[ 0.          0.15704789  0.46888406 -2.85773244 -2.09566463  1.28071856
  0.96141167  2.52156108]","[ 0.00000000e+00  0.00000000e+00 -5.56813848e-05 -1.20592937e-04
 -6.37430062e-02 -7.72478753e-02  1.53884353e-03 -3.56976302e-03]","[ 0.          0.71556526  9.86989975 -0.29086998 -4.44362879 -0.74533933
  0.52398896 -0.87626505]"
1747093068.6092355,"[ 0.          0.15704789  0.46888406 -2.85773244 -2.0957906   1.28055105
  0.96141547  2.52155336]","[ 0.00000000e+00  0.00000000e+00 -5.82881910e-05 -1.13893325e-04
 -6.07719338e-02 -8.32744840e-02  1.65592015e-03 -3.80535863e-03]","[ 0.          0.63701433  9.88085651 -0.34213731 -4.57468987 -0.71580911
  0.51523465 -0.88981175]"
1747093068.6108716,"[ 0.          0.15704789  0.46888406 -2.85773244 -2.09591124  1.28038181
  0.96141933  2.52154963]","[ 0.00000000e+00  0.00000000e+00 -5.83328791e-05 -1.05880573e-04
 -6.15822255e-02 -8.58909982e-02  1.69868521e-03 -3.77585970e-03]","[ 0.          0.64875376  9.91891289 -0.38872349 -4.7068243  -0.68990129
  0.50904131 -0.87766886]"
1747093068.6130965,"[ 0.          0.15704789  0.4688836  -2.85773297 -2.09604307  1.2802067
  0.96142312  2.52154377]","[ 0.00000000e+00  0.00000000e+00 -6.36358718e-05 -1.11031719e-04
 -6.52973643e-02 -8.58909982e-02  1.76415021e-03 -3.56921531e-03]","[ 0.          0.6161468   9.91157246 -0.38075504 -4.84879017 -0.64499974
  0.52196509 -0.86279172]"
1747093068.6147966,"[ 0.          0.15704789  0.4688836  -2.85773297 -2.09610778  1.28012388
  0.96142499  2.52154191]","[ 0.00000000e+00  0.00000000e+00 -6.36358718e-05 -1.11031719e-04
 -6.56336883e-02 -8.40003119e-02  1.76357362e-03 -3.36287494e-03]","[ 0.          0.58202332  9.9126091  -0.39351344 -4.8746953  -0.66243613
  0.52473718 -0.87588185]"
1747093068.6159718,"[ 0.          0.15704789  0.4688836  -2.85773297 -2.09624653  1.27995077
  0.96142978  2.52153818]","[ 0.00000000e+00  0.00000000e+00 -6.36358718e-05 -1.09705316e-04
 -6.87105590e-02 -8.39152073e-02  1.84107447e-03 -2.92526478e-03]","[ 0.          0.54146522  9.88358116 -0.37771416 -4.88678455 -0.65793574
  0.53079391 -0.87742656]"
1747093068.6176603,"[ 0.          0.15704789  0.46888313 -2.85773297 -2.09631631  1.27986995
  0.96143165  2.52153711]","[ 0.00000000e+00  0.00000000e+00 -6.88867318e-05 -1.09705316e-04
 -7.07655415e-02 -8.21096340e-02  1.84378353e-03 -2.63273838e-03]","[ 0.          0.52313161  9.8789196  -0.38747427 -4.87351513 -0.64233798
  0.5350914  -0.88104051]"
1747093068.6193302,"[ 0.          0.15704789  0.46888267 -2.85773297 -2.09645958  1.27969591
  0.96143644  2.52153445]","[ 0.00000000e+00  0.00000000e+00 -7.42418490e-05 -1.05221691e-04
 -7.31964166e-02 -7.83153618e-02  1.94164560e-03 -2.07716617e-03]","[ 0.          0.52110577  9.82220078 -0.40308425 -4.80563879 -0.65183991
  0.54036874 -0.88614255]"
1747093068.6205049,"[ 0.          0.15704789  0.46888267 -2.8577335  -2.09653628  1.27963306
  0.9614393   2.52153338]","[ 0.00000000e+00  0.00000000e+00 -7.42418490e-05 -1.05221691e-04
 -7.21533730e-02 -7.53604348e-02  2.01270012e-03 -1.78460765e-03]","[ 0.          0.50714165  9.79973125 -0.42269561 -4.74130297 -0.67757887
  0.5498293  -0.8861261 ]"
1747093068.6221526,"[ 0.          0.15704789  0.4688813  -2.8577335  -2.09667717  1.27948658
  0.96144496  2.52153232]","[ 0.00000000e+00  0.00000000e+00 -8.74993247e-05 -1.03900587e-04
 -7.13057304e-02 -6.64439800e-02  2.10956506e-03 -1.26845283e-03]","[ 0.          0.49319351  9.68199158 -0.42615813 -4.60156536 -0.7380318
  0.56709349 -0.86465269]"
1747093068.623813,"[ 0.          0.15704789  0.46888084 -2.85773377 -2.09674801  1.27942094
  0.96144783  2.52153152]","[ 0.00000000e+00  0.00000000e+00 -9.01508150e-05 -1.05815612e-04
 -7.18459277e-02 -6.16890390e-02  2.25214457e-03 -1.14097857e-03]","[ 0.          0.45404294  9.63544178 -0.43455371 -4.55970144 -0.74122006
  0.5914526  -0.90006137]"
1747093068.6254697,"[ 0.          0.15704789  0.468879   -2.85773377 -2.09689261  1.27930962
  0.96145448  2.52153045]","[ 0.00000000e+00  0.00000000e+00 -1.08793593e-04 -9.84555489e-05
 -7.02151659e-02 -5.50998833e-02  2.50489728e-03 -8.55562997e-04]","[ 0.          0.44878259  9.53938007 -0.46884742 -4.38964176 -0.79125184
  0.59623241 -0.89372575]"
1747093068.626625,"[ 0.          0.15704789  0.46887764 -2.8577343  -2.09696132  1.27925729
  0.96145828  2.52153045]","[ 0.          0.         -0.00012197 -0.00010461 -0.06961454 -0.05288547
  0.00267858 -0.00073747]","[ 0.          0.43439639  9.45081043 -0.50420213 -4.30750275 -0.83596176
  0.60701972 -0.87344754]"
1747093068.6283994,"[ 0.          0.15704789  0.46887578 -2.8577343  -2.09709954  1.27915076
  0.96146593  2.52152966]","[ 0.          0.         -0.00014318 -0.00010343 -0.07022534 -0.05212881
  0.00300298 -0.00053098]","[ 0.          0.41516051  9.38007355 -0.52262533 -4.15006876 -0.84082532
  0.60118151 -0.89804834]"
1747093068.6295402,"[ 0.          0.15704789  0.46887305 -2.8577343  -2.09723829  1.27904796
  0.96147446  2.52152779]","[ 0.00000000e+00  0.00000000e+00 -1.64392656e-04 -9.92717841e-05
 -6.67140745e-02 -5.29391068e-02  3.48401626e-03 -5.58481980e-04]","[ 0.          0.35155666  9.30259991 -0.52633649 -3.96172071 -0.85649556
  0.59298122 -0.89710498]"
1747093068.6313035,"[ 0.          0.15704789  0.46887165 -2.85773484 -2.09730088  1.2789919
  0.96147832  2.52152779]","[ 0.          0.         -0.00017765 -0.00010529 -0.06347291 -0.05266138
  0.00358995 -0.00050842]","[ 0.          0.33380669  9.26737595 -0.55189145 -3.92274594 -0.85120636
  0.59710968 -0.90569043]"
1747093068.6330278,"[ 0.          0.15704744  0.46886845 -2.85773537 -2.09742392  1.2788911
  0.96148877  2.52152566]","[ 0.00000000e+00 -5.69897821e-06 -2.26489692e-04 -1.08786863e-04
 -5.94321265e-02 -5.10484247e-02  4.27245082e-03 -6.40342195e-04]","[ 0.          0.30607185  9.20281982 -0.5660767  -3.85155654 -0.85459644
  0.59721607 -0.89450586]"
1747093068.634246,"[ 0.          0.15704744  0.46886662 -2.85773563 -2.09747984  1.27884157
  0.96149543  2.52152486]","[ 0.00000000e+00 -5.69897821e-06 -2.61569980e-04 -1.05846674e-04
 -5.67204709e-02 -5.02381288e-02  4.63619207e-03 -6.53135771e-04]","[ 0.          0.28701305  9.15912151 -0.57857502 -3.87399864 -0.84485084
  0.61413902 -0.8915261 ]"
1747093068.635975,"[ 0.          0.15704744  0.46886246 -2.85773563 -2.09758371  1.27878737
  0.96150875  2.5215238 ]","[ 0.00000000e+00 -5.63948265e-06 -4.38179140e-04 -1.04706874e-04
 -5.13185192e-02 -5.11567654e-02  5.73248442e-03 -6.35094090e-04]","[ 0.          0.2628122   9.10478115 -0.60745674 -3.98204136 -0.85184789
  0.61844611 -0.88829714]"
1747093068.6377606,"[ 0.          0.15704744  0.46886063 -2.85773617 -2.09763377  1.27873784
  0.96151727  2.521523  ]","[ 0.00000000e+00 -5.58121635e-06 -6.12299161e-04 -1.04705728e-04
 -4.71444719e-02 -5.02381288e-02  6.48792803e-03 -6.17452533e-04]","[ 0.          0.24358767  9.11318779 -0.63104683 -4.07193232 -0.85220498
  0.6186102  -0.89466226]"
1747093068.6395283,"[ 0.          0.15704744  0.4688565  -2.8577367  -2.09771953  1.2786361
  0.96153444  2.52152193]","[ 0.00000000e+00 -5.58115794e-06 -1.42477870e-03 -1.09345251e-04
 -4.29454991e-02 -4.91506186e-02  8.08223046e-03 -5.98986606e-04]","[ 0.          0.25271335  9.16558743 -0.6165399  -4.25950527 -0.81146991
  0.61381459 -0.90023124]"
1747093068.6407251,"[ 0.          0.15704744  0.46885284 -2.85773723 -2.09780448  1.27854103
  0.96155342  2.52152113]","[ 0.00000000e+00 -5.52414172e-06 -1.88820098e-03 -1.12698966e-04
 -4.16275631e-02 -4.80773522e-02  9.36337895e-03 -6.08490697e-04]","[ 0.          0.18480819  9.2069788  -0.66543096 -4.47458792 -0.77875549
  0.61254823 -0.90322196]"
1747093068.6418886,"[ 0.          0.15704744  0.46885144 -2.8577375  -2.09784496  1.27849243
  0.96156387  2.52152007]","[ 0.00000000e+00 -5.46395941e-06 -1.88792985e-03 -1.09794375e-04
 -4.10548170e-02 -4.91577426e-02  9.90022645e-03 -6.08490697e-04]","[ 0.          0.1935738   9.268013   -0.65841252 -4.59647655 -0.73099679
  0.60141093 -0.94078058]"
1747093068.6435757,"[ 0.          0.15704744  0.46884961 -2.85773803 -2.09788518  1.27843823
  0.96157532  2.521519  ]","[ 0.00000000e+00 -5.46395941e-06 -1.88813908e-03 -1.15423635e-04
 -4.07847184e-02 -5.11086413e-02  1.03577128e-02 -6.34261527e-04]","[ 0.          0.193058    9.31143951 -0.66284728 -4.68315172 -0.68398899
  0.57764995 -0.892744  ]"
1747093068.6453571,"[ 0.          0.15704698  0.46884731 -2.85773856 -2.09796347  1.2783365
  0.96159816  2.5215182 ]","[ 0.00000000e+00 -8.03334541e-06 -1.68162381e-03 -1.17112281e-04
 -3.91641349e-02 -5.18061731e-02  1.13232627e-02 -6.40852721e-04]","[ 0.          0.13927996  9.34017277 -0.69912243 -4.9181757  -0.64865577
  0.57029921 -0.88095218]"
1747093068.646808,"[ 0.          0.15704698  0.46884502 -2.85773936 -2.09804417  1.2782309
  0.96162572  2.5215182 ]","[ 0.00000000e+00 -8.01497055e-06 -1.46263239e-03 -1.22843312e-04
 -3.97043280e-02 -5.19090710e-02  1.35172642e-02 -5.69645996e-04]","[ 0.          0.12450763  9.40277958 -0.68686461 -5.10668612 -0.55812752
  0.55872816 -0.88027763]"
1747093068.6486363,"[ 0.          0.15704698  0.46884412 -2.85773936 -2.09808465  1.27818044
  0.96164004  2.52151714]","[ 0.00000000e+00 -8.03334541e-06 -1.35694963e-03 -1.21614160e-04
 -4.10548170e-02 -5.13185192e-02  1.40379497e-02 -6.22636270e-04]","[ 0.          0.10317428  9.4008503  -0.71326905 -5.2080431  -0.55022323
  0.56428581 -0.90318698]"
1747093068.650448,"[ 0.          0.15704653  0.46884182 -2.8577399  -2.09817173  1.27807857
  0.96167333  2.52151634]","[ 0.00000000e+00 -1.32274462e-05 -1.20958904e-03 -1.25759647e-04
 -4.51062798e-02 -5.21817371e-02  1.62546453e-02 -5.80897201e-04]","[ 0.          0.1157231   9.45785999 -0.72274345 -5.33572674 -0.50640917
  0.55639231 -0.89018041]"
1747093068.6516407,"[ 0.          0.15704653  0.46883999 -2.85774069 -2.09827107  1.27797298
  0.96171041  2.52151634]","[ 0.00000000e+00 -7.93646773e-06 -1.06207827e-03 -1.28337382e-04
 -4.88876440e-02 -5.20759971e-02  1.94470181e-02 -5.41062722e-04]","[ 0.          0.06372008  9.51420498 -0.73606801 -5.34247255 -0.49481809
  0.53599197 -0.88265371]"
1747093068.6533563,"[ 0.          0.15704653  0.46883906 -2.85774123 -2.0983198   1.27792171
  0.96173039  2.52151527]","[ 0.00000000e+00 -7.93654595e-06 -1.06196052e-03 -1.32374402e-04
 -4.94278371e-02 -5.18587164e-02  2.02573099e-02 -5.43012630e-04]","[ 0.          0.07193594  9.53302956 -0.74745691 -5.32245398 -0.49650252
  0.53554994 -0.88073558]"
1747093068.6545289,"[ 0.          0.15704606  0.46883676 -2.85774176 -2.09842154  1.27781518
  0.96177699  2.52151448]","[ 0.00000000e+00 -1.32275773e-05 -1.05321103e-03 -1.32375710e-04
 -4.96521543e-02 -5.59101792e-02  2.32283823e-02 -5.06671339e-04]","[ 0.          0.03936804  9.56103992 -0.7845217  -5.24379158 -0.5270474
  0.54452354 -0.89628577]"
1747093068.656211,"[ 0.          0.15704606  0.4688354  -2.85774229 -2.09847214  1.27775513
  0.96180456  2.52151448]","[ 0.00000000e+00 -1.32275773e-05 -1.08226387e-03 -1.37669385e-04
 -5.12665251e-02 -5.66736701e-02  2.80901368e-02 -4.68887546e-04]","[ 0.          0.06173677  9.57224464 -0.79794067 -5.18756676 -0.54456079
  0.54152298 -0.89254767]"
1747093068.6578844,"[ 0.          0.15704606  0.46883217 -2.85774256 -2.09857813  1.27763729
  0.96186641  2.52151341]","[ 0.00000000e+00 -1.32275773e-05 -1.18489498e-03 -1.35021893e-04
 -5.42895916e-02 -5.99616379e-02  3.20681671e-02 -4.48905548e-04]","[ 0.          0.02525729  9.53987789 -0.80193907 -5.04797697 -0.58176261
  0.5523631  -0.87890291]"
1747093068.6595597,"[ 0.          0.15704559  0.46883034 -2.85774309 -2.09863699  1.27757164
  0.96189783  2.52151341]","[ 0.00000000e+00 -1.85184257e-05 -1.21763054e-03 -1.40316860e-04
 -5.54198288e-02 -6.16890390e-02  3.19038605e-02 -4.50365475e-04]","[ 0.00000000e+00  9.17651807e-04  9.55748558e+00 -8.19394588e-01
 -4.97005558e+00 -5.86581171e-01  5.52449286e-01 -8.84719372e-01]"
1747093068.661232,"[ 0.          0.15704559  0.46882574 -2.85774362 -2.09874591  1.2774498
  0.96196534  2.52151235]","[ 0.00000000e+00 -1.85184257e-05 -1.40832406e-03 -1.42962922e-04
 -5.50998833e-02 -6.15822255e-02  3.37621852e-02 -4.41578701e-04]","[ 0.00000000e+00  5.27074048e-03  9.60685635e+00 -7.89443851e-01
 -4.70580721e+00 -5.98928750e-01  5.52532792e-01 -8.98355424e-01]"
1747093068.662896,"[ 0.          0.15704559  0.46882298 -2.85774389 -2.0988037   1.27738895
  0.96200529  2.52151235]","[ 0.00000000e+00 -1.85044548e-05 -1.55778903e-03 -1.45611844e-04
 -5.44167575e-02 -6.15198285e-02  3.76152695e-02 -4.24239123e-04]","[ 0.00000000e+00 -6.57467032e-03  9.58021927e+00 -8.28536570e-01
 -4.58132267e+00 -6.41603887e-01  5.55066943e-01 -9.00628686e-01]"
1747093068.6640499,"[ 0.          0.15704514  0.46881702 -2.85774496 -2.09891608  1.27726817
  0.96208239  2.52151155]","[ 0.00000000e+00 -2.38096379e-05 -2.18316089e-03 -1.50906827e-04
 -5.72606640e-02 -5.81782812e-02  3.94342335e-02 -4.12368616e-04]","[ 0.         -0.05055967  9.62050152 -0.83282417 -4.38396931 -0.66322905
  0.55541134 -0.92330033]"
1747093068.6657257,"[ 0.          0.15704514  0.46880966 -2.85774575 -2.09903246  1.27715392
  0.96216322  2.52151048]","[ 0.00000000e+00 -2.37914408e-05 -3.02731664e-03 -1.58849285e-04
 -5.91513461e-02 -5.69905654e-02  4.05146197e-02 -4.08209865e-04]","[ 0.         -0.05314441  9.64470482 -0.86511278 -4.19640017 -0.71348751
  0.56686026 -0.90556788]"
1747093068.6674101,"[ 0.          0.15704468  0.46880553 -2.85774682 -2.09909398  1.27709307
  0.96220696  2.52151048]","[ 0.00000000e+00 -2.64548924e-05 -3.51045801e-03 -1.69311312e-04
 -5.79275154e-02 -5.71752099e-02  4.11260274e-02 -3.93347788e-04]","[ 0.         -0.06086318  9.68997002 -0.8838082  -4.14962244 -0.73585957
  0.58136833 -0.93348318]"
1747093068.6690977,"[ 0.          0.15704468  0.46879498 -2.85774762 -2.09920637  1.27697802
  0.96229358  2.52150968]","[ 0.00000000e+00 -2.64548924e-05 -4.56996050e-03 -1.72086727e-04
 -5.66630008e-02 -5.77422967e-02  4.53763743e-02 -4.06892849e-04]","[ 0.         -0.07587015  9.7162466  -0.87509453 -4.05466223 -0.74626344
  0.59812438 -0.91255069]"
1747093068.6708295,"[ 0.          0.15704423  0.46877754 -2.85774868 -2.09932302  1.27685911
  0.96238679  2.52150862]","[ 0.00000000e+00 -3.17461838e-05 -8.58245273e-03 -1.83770648e-04
 -5.71752099e-02 -5.81782812e-02  4.65990565e-02 -3.69029245e-04]","[ 0.         -0.08577251  9.77726841 -0.88759154 -3.94402814 -0.76117575
  0.60139579 -0.90326661]"
1747093068.673325,"[ 0.          0.15704423  0.46876695 -2.85774895 -2.09937814  1.27680292
  0.96243433  2.52150862]","[ 0.00000000e+00 -3.17458709e-05 -1.01428987e-02 -1.94249530e-04
 -5.59101792e-02 -5.69905654e-02  4.80773522e-02 -3.69042347e-04]","[ 0.         -0.11328708  9.83125401 -0.89155716 -3.90474582 -0.7545746
  0.59650493 -0.90690905]"
1747093068.6745033,"[ 0.          0.15704423  0.46873849 -2.85775002 -2.09948334  1.2766916
  0.96253326  2.52150675]","[ 0.00000000e+00 -3.17219217e-05 -1.50461080e-02 -2.21161745e-04
 -5.21288109e-02 -5.61802737e-02  5.10484247e-02 -4.06778481e-04]","[ 0.         -0.12529491  9.94733334 -0.90310156 -3.88391137 -0.74040782
  0.55065399 -0.94960248]"
1747093068.6762428,"[ 0.          0.15704376  0.46870177 -2.85775081 -2.0995848   1.27658227
  0.96264552  2.52150569]","[ 0.00000000e+00 -3.70368514e-05 -1.99872133e-02 -2.57858346e-04
 -4.88381092e-02 -5.18061731e-02  5.59101792e-02 -4.02432509e-04]","[ 0.         -0.12763855 10.08491707 -0.9013232  -3.96324825 -0.72828209
  0.54027033 -0.94977278]"
1747093068.6779318,"[ 0.          0.1570433   0.46865493 -2.85775215 -2.09968015  1.27648241
  0.96275877  2.52150489]","[ 0.00000000e+00 -4.49393886e-05 -2.45788713e-02 -3.18343133e-04
 -4.78072536e-02 -5.10484247e-02  5.78008613e-02 -4.13984295e-04]","[ 0.         -0.14760073 10.26335526 -0.92404205 -4.08168221 -0.73139244
  0.51910347 -0.95494193]"
1747093068.6796296,"[ 0.          0.1570433   0.46862184 -2.85775321 -2.09972995  1.27642901
  0.96282155  2.52150489]","[ 0.00000000e+00 -4.49733161e-05 -2.72243994e-02 -3.58929844e-04
 -4.68937020e-02 -5.01536899e-02  5.91813566e-02 -4.01671304e-04]","[ 0.         -0.12701882 10.35733128 -0.92968279 -4.15240479 -0.7202664
  0.50358826 -0.93520534]"
1747093068.6813824,"[ 0.          0.1570433   0.46856675 -2.85775454 -2.09981517  1.27632821
  0.96293667  2.52150382]","[ 0.00000000e+00 -4.49393886e-05 -2.80616764e-02 -4.18198865e-04
 -4.24053018e-02 -5.21288109e-02  5.78008613e-02 -4.20339341e-04]","[ 0.         -0.14920083 10.5293951  -0.93905115 -4.38955736 -0.70370263
  0.49197593 -0.94507867]"
1747093068.6825757,"[ 0.          0.15704285  0.46851488 -2.85775641 -2.09989346  1.27621889
  0.96305171  2.52150302]","[ 0.00000000e+00 -5.02647924e-05 -2.43087727e-02 -4.68531667e-04
 -3.73644996e-02 -5.36644520e-02  5.46160952e-02 -4.13461643e-04]","[ 0.         -0.17297792 10.76941204 -0.93114746 -4.62162113 -0.62892622
  0.46884817 -0.95037699]"
1747093068.6848664,"[ 0.          0.15704238  0.46847354 -2.85775827 -2.09996271  1.27610943
  0.96315258  2.52150116]","[ 0.00000000e+00 -5.55133645e-05 -1.99872133e-02 -5.07829547e-04
 -3.45724769e-02 -5.59101792e-02  5.01872291e-02 -4.31250500e-04]","[ 0.         -0.18453135 10.91712475 -0.97343141 -4.95232439 -0.60030395
  0.47684166 -0.9509933 ]"
1747093068.6873076,"[ 0.          0.15704238  0.46843772 -2.85776093 -2.10003435  1.27599052
  0.96325345  2.52150009]","[ 0.00000000e+00 -5.55552731e-05 -1.67290760e-02 -5.99367550e-04
 -3.53827707e-02 -5.91256841e-02  4.83983131e-02 -4.48938317e-04]","[ 0.         -0.20303226 11.00787067 -0.9457528  -5.22872829 -0.50476104
  0.45800245 -0.94923097]"
1747093068.6891294,"[ 0.          0.15704193  0.46841019 -2.85776386 -2.10010545  1.27587161
  0.96335239  2.52149823]","[ 0.00000000e+00 -5.82013384e-05 -1.29646791e-02 -7.44982970e-04
 -3.59229638e-02 -5.99008845e-02  5.02381288e-02 -4.73648987e-04]","[ 0.         -0.19792731 11.08470535 -0.9857161  -5.44884491 -0.47069541
  0.44027871 -0.95906317]"
1747093068.690337,"[ 0.          0.15704193  0.46841019 -2.85776546 -2.10014087  1.27581355
  0.96340372  2.52149823]","[ 0.00000000e+00 -5.82007654e-05 -1.29646791e-02 -8.08348258e-04
 -3.59229638e-02 -5.88812517e-02  5.21288109e-02 -4.61729585e-04]","[ 0.         -0.21903056 11.08470535 -0.99790502 -5.51385498 -0.43253362
  0.42575681 -0.98354077]"
1747093068.6921577,"[ 0.          0.15704147  0.46838675 -2.85776919 -2.10021464  1.27569371
  0.96351124  2.52149637]","[ 0.00000000e+00 -6.34917418e-05 -1.08038994e-02 -1.03088313e-03
 -3.61563899e-02 -5.81782812e-02  5.29391068e-02 -4.96771902e-04]","[ 0.         -0.19088902 11.17318726 -1.01660311 -5.55295658 -0.41336581
  0.41733953 -0.98409969]"
1747093068.6939569,"[ 0.          0.15704147  0.46836794 -2.85777372 -2.10028868  1.2755776
  0.96361777  2.5214945 ]","[ 0.00000000e+00 -6.34917418e-05 -8.51810670e-03 -1.40426053e-03
 -3.80451578e-02 -5.88812517e-02  5.50998833e-02 -5.17743938e-04]","[ 0.         -0.21659859 11.1835556  -1.05538583 -5.50866795 -0.44315693
  0.43432084 -0.98799497]"
1747093068.6950953,"[ 0.          0.15704147  0.46836059 -2.85777718 -2.10033129  1.27551861
  0.96367769  2.5214945 ]","[ 0.00000000e+00 -6.34923676e-05 -7.56272939e-03 -1.72215692e-03
 -4.01229520e-02 -5.99008845e-02  5.64229043e-02 -5.05917318e-04]","[ 0.         -0.24222602 11.16517067 -1.064924   -5.48371553 -0.46046185
  0.43541139 -1.0190171 ]"
1747093068.697349,"[ 0.          0.157041    0.46834634 -2.85778437 -2.10041784  1.27539597
  0.96379474  2.52149237]","[ 0.00000000e+00 -6.87827183e-05 -7.29263180e-03 -2.55022251e-03
 -4.48361812e-02 -6.07719338e-02  6.17896524e-02 -5.29675856e-04]","[ 0.         -0.24815688 11.08601284 -1.05420601 -5.33573246 -0.49835259
  0.44497162 -1.00187981]"
1747093068.6991475,"[ 0.          0.157041    0.46833073 -2.85779502 -2.10051265  1.27527519
  0.96393169  2.52149051]","[ 0.00000000e+00 -6.87827183e-05 -7.66844804e-03 -4.25510074e-03
 -4.66429321e-02 -6.07719338e-02  6.82090192e-02 -5.47793771e-04]","[ 0.         -0.26372123 10.94833374 -1.0950371  -5.14694262 -0.57520086
  0.45056278 -1.01778138]"
1747093068.7009223,"[ 0.          0.15704055  0.46831192 -2.85781207 -2.10060187  1.27515522
  0.96407916  2.52148784]","[ 0.00000000e+00 -7.67191870e-05 -9.58846079e-03 -7.45860603e-03
 -4.42511055e-02 -5.77422967e-02  7.61674891e-02 -5.80405856e-04]","[ 0.         -0.24801041 10.8007412  -1.08437991 -4.8203249  -0.57813936
  0.45342529 -1.03408122]"
1747093068.7032728,"[ 0.          0.15704055  0.46828618 -2.85783896 -2.10068815  1.27504869
  0.96424847  2.52148571]","[ 0.00000000e+00 -7.40744343e-05 -1.29646791e-02 -1.42938025e-02
 -4.37557908e-02 -5.21288109e-02  8.85919761e-02 -6.00432359e-04]","[ 0.         -0.22301146 10.5652914  -1.09506202 -4.58143806 -0.66367328
  0.49394175 -1.0353092 ]"
1747093068.7050407,"[ 0.          0.15704055  0.46825543 -2.85787545 -2.10077684  1.27495269
  0.96444734  2.52148385]","[ 0.00000000e+00 -7.40737029e-05 -1.62058481e-02 -1.91769216e-02
 -4.31718095e-02 -4.53304014e-02  9.93958714e-02 -6.12793952e-04]","[ 0.         -0.171975   10.43139839 -1.04394126 -4.33413839 -0.71422374
  0.47990406 -1.0272994 ]"
1747093068.7068224,"[ 0.          0.15704055  0.46821961 -2.85791806 -2.1008554   1.27487079
  0.96465467  2.52148199]","[ 0.00000000e+00 -7.40744343e-05 -1.78045614e-02 -2.13153193e-02
 -3.85848058e-02 -3.93942778e-02  1.06958600e-01 -6.25108276e-04]","[ 0.         -0.128647   10.30163956 -1.01085341 -4.17023468 -0.79590708
  0.45258147 -1.0461235 ]"
1747093068.7085824,"[ 0.          0.15704055  0.4682017  -2.85793963 -2.10089401  1.27482805
  0.96477458  2.52148012]","[ 0.00000000e+00 -7.40744343e-05 -1.80965312e-02 -2.18778954e-02
 -3.63614283e-02 -4.01229520e-02  1.12845809e-01 -6.47207572e-04]","[ 0.         -0.11281242 10.25704193 -1.00160766 -4.08313417 -0.80887878
  0.44554645 -1.04746795]"
1747093068.7103486,"[ 0.          0.15704055  0.46816588 -2.85798464 -2.10095687  1.27475188
  0.96500761  2.52147719]","[ 0.00000000e+00 -7.40178194e-05 -1.80965312e-02 -2.32283823e-02
 -3.02509176e-02 -3.78136459e-02  1.19531949e-01 -7.06271036e-04]","[ 0.         -0.06981249 10.18853664 -0.93350643 -3.9768002  -0.83040303
  0.45673174 -1.06293845]"
1747093068.7131088,"[ 0.          0.15704055  0.46814843 -2.85800861 -2.10098403  1.27471673
  0.96513604  2.52147533]","[ 0.00000000e+00 -7.67191870e-05 -1.78264326e-02 -2.43087727e-02
 -2.75499417e-02 -3.56528652e-02  1.20870396e-01 -7.51877540e-04]","[ 0.         -0.05242055 10.13893318 -0.90225142 -3.97423315 -0.84750789
  0.46326387 -1.08130145]"
1747093068.7178848,"[ 0.          0.15704055  0.46805476 -2.85817799 -2.10112731  1.27452365
  0.9658248   2.52145828]","[ 0.00000000e+00 -7.40737029e-05 -1.45852636e-02 -2.99808189e-02
 -2.38230038e-02 -2.97107224e-02  1.09929672e-01 -1.47092629e-03]","[ 0.          0.0992438  10.01860905 -0.73440289 -4.27581215 -0.82591951
  0.55648738 -1.12220442]"
1747093068.7221131,"[ 0.          0.15704055  0.46799553 -2.85829357 -2.10123037  1.2744114
  0.96623579  2.52143911]","[ 0.00000000e+00 -7.40744343e-05 -1.53955564e-02 -2.83602355e-02
 -2.63306883e-02 -2.70097486e-02  9.93958714e-02 -3.03854405e-03]","[ 0.          0.15494511 10.05204964 -0.69135225 -4.5182085  -0.77643496
  0.55233878 -1.14193594]"
1747093068.726024,"[ 0.          0.15704055  0.46792756 -2.85841208 -2.10134542  1.27430474
  0.96663819  2.52140582]","[ 0.00000000e+00 -7.40737029e-05 -1.78083710e-02 -3.16014045e-02
 -3.08155036e-02 -2.70575169e-02  9.93958714e-02 -7.70184263e-03]","[ 0.          0.18477172 10.06489944 -0.67645895 -4.76747465 -0.76925814
  0.50167644 -1.15968239]"
1747093068.7294147,"[ 0.          0.15704055  0.46785409 -2.85855296 -2.10149775  1.27418876
  0.96703867  2.52133738]","[ 0.00000000e+00 -7.40737029e-05 -1.80965312e-02 -3.58598885e-02
 -4.28814084e-02 -3.05937517e-02  1.02470874e-01 -1.95055744e-02]","[ 0.          0.19209643 10.07787609 -0.70244473 -4.8695116  -0.72637355
  0.51221484 -1.19331539]"
1747093068.7326937,"[ 0.          0.15704055  0.46780588 -2.85865496 -2.10164183  1.27408596
  0.96736024  2.52125748]","[ 0.00000000e+00 -7.40744343e-05 -1.43151660e-02 -3.29185062e-02
 -5.02381288e-02 -3.51406727e-02  1.06576594e-01 -2.89004307e-02]","[ 0.          0.17820361 10.0502634  -0.77796459 -4.78209162 -0.72782183
  0.51642948 -1.19459021]"
1747093068.7349916,"[ 0.          0.15704055  0.46777329 -2.8587455  -2.10179816  1.27397464
  0.96766651  2.52116054]","[ 0.00000000e+00 -6.87827183e-05 -9.02766461e-03 -2.83602355e-02
 -5.23691154e-02 -3.94342335e-02  1.02200496e-01 -3.37621852e-02]","[ 0.          0.16229764  9.97671604 -0.80231059 -4.71909714 -0.73987907
  0.56874901 -1.20524013]"
1747093068.7372272,"[ 0.          0.15704055  0.46776088 -2.85880063 -2.1019156   1.27387677
  0.96787583  2.52108251]","[ 0.00000000e+00 -6.87827183e-05 -5.13185212e-03 -2.63059188e-02
 -5.40194971e-02 -5.01872291e-02  1.03177236e-01 -3.93706464e-02]","[ 0.          0.14416388  9.91549015 -0.81431627 -4.62919378 -0.75798047
  0.59904432 -1.19711804]"
1747093068.7401652,"[ 0.          0.15704008  0.46775262 -2.85886908 -2.102073    1.27370926
  0.96818403  2.52095495]","[ 0.00000000e+00 -7.40744343e-05 -1.35048743e-03 -2.16077989e-02
 -5.01536899e-02 -5.88812517e-02  1.05067922e-01 -4.45209295e-02]","[ 0.          0.13061446  9.76308346 -0.93799454 -4.53592634 -0.77418602
  0.64747536 -1.2017318 ]"
1747093068.741919,"[ 0.          0.15704008  0.46775309 -2.85890769 -2.10216727  1.27358755
  0.96840001  2.5208636 ]","[ 0.00000000e+00 -7.40737029e-05  2.70097476e-04 -1.78264326e-02
 -4.75371550e-02 -5.99616379e-02  1.06958600e-01 -4.53763743e-02]","[ 0.          0.0661514   9.70748329 -1.00312841 -4.51345301 -0.78066707
  0.64358658 -1.21573663]"
1747093068.7436187,"[ 0.          0.15703964  0.46775352 -2.85893432 -2.10226607  1.27345719
  0.96862451  2.52076746]","[ 0.00000000e+00 -7.67191870e-05  2.63244924e-04 -1.21543863e-02
 -4.80773522e-02 -6.53889979e-02  1.11090428e-01 -4.94278371e-02]","[ 0.00000000e+00  6.33256976e-03  9.70915699e+00 -1.06296813e+00
 -4.55615616e+00 -7.72188246e-01  6.70176744e-01 -1.21146381e+00]"
1747093068.7454426,"[ 0.          0.15703964  0.46775262 -2.85894471 -2.10231321  1.27339247
  0.96873676  2.52071633]","[ 0.00000000e+00 -7.41857136e-05 -1.75496610e-04 -9.77997016e-03
 -4.77588132e-02 -6.56336883e-02  1.13865650e-01 -4.81475432e-02]","[ 0.         -0.03782419  9.69993401 -1.09988189 -4.59297752 -0.75601095
  0.68577117 -1.20923042]"
1747093068.7472174,"[ 0.          0.15703917  0.46775169 -2.85895483 -2.10240589  1.27325745
  0.96896979  2.52062019]","[ 0.00000000e+00 -7.68925753e-05 -2.65943796e-04 -3.78136470e-03
 -4.64567646e-02 -6.94150525e-02  1.19653181e-01 -4.80286372e-02]","[ 0.         -0.12446071  9.74611378 -1.19019389 -4.65245819 -0.73884368
  0.69806439 -1.21535754]"
1747093068.7490048,"[ 0.          0.15703872  0.46775169 -2.85895669 -2.10249963  1.27310805
  0.96922858  2.52051925]","[ 0.00000000e+00 -8.20101635e-05 -3.07169689e-04  0.00000000e+00
 -4.56464729e-02 -7.42768028e-02  1.29376690e-01 -5.21288109e-02]","[ 0.         -0.22165091  9.75466728 -1.2795248  -4.76853657 -0.71733779
  0.69705558 -1.22693396]"
1747093068.7508109,"[ 0.          0.15703825  0.46775169 -2.8589535  -2.10254571  1.2729653
  0.9694921   2.52040314]","[ 0.00000000e+00 -8.21963279e-05 -2.67117463e-04  1.05297970e-03
 -4.67268633e-02 -7.12334838e-02  1.36129127e-01 -5.88812517e-02]","[ 0.         -0.30543256  9.83146381 -1.33660972 -4.82579756 -0.65312618
  0.70032287 -1.22691667]"
1747093068.7525322,"[ 0.          0.15703779  0.46775169 -2.8589527  -2.10259338  1.27288927
  0.96963671  2.52034135]","[ 0.00000000e+00 -8.74322905e-05 -2.34050573e-04  9.93469683e-04
 -4.83474467e-02 -7.17197770e-02  1.36167277e-01 -6.26626158e-02]","[ 0.         -0.34515494  9.86816406 -1.36528158 -4.88374186 -0.66173953
  0.70743436 -1.24315608]"
1747093068.7543366,"[ 0.          0.15703687  0.46775169 -2.8589543  -2.10269671  1.27275797
  0.96990875  2.52020074]","[ 0.00000000e+00 -9.54528527e-05 -6.62395490e-05  1.32495580e-04
 -5.13185192e-02 -6.48233924e-02  1.36939419e-01 -7.07167057e-02]","[ 0.         -0.4280251   9.95276642 -1.40032589 -5.02724981 -0.62899107
  0.74683428 -1.24436879]"
1747093068.7561471,"[ 0.          0.15703642  0.46775122 -2.85895723 -2.1028019   1.27263241
  0.97018086  2.52004947]","[ 0.00000000e+00 -9.53816248e-05 -6.56112622e-05 -7.44791360e-04
 -5.11567654e-02 -6.37430062e-02  1.38019813e-01 -7.80581670e-02]","[ 0.         -0.51010019  9.98872471 -1.43459094 -5.14223862 -0.62200427
  0.74826753 -1.24628592]"
1747093068.7579105,"[ 0.          0.15703642  0.46775122 -2.85895803 -2.1028533   1.27256676
  0.97032641  2.51996931]","[ 0.00000000e+00 -9.53816248e-05 -6.62395490e-05 -7.45983475e-04
 -5.21288109e-02 -6.16310071e-02  1.36919578e-01 -8.12169673e-02]","[ 0.         -0.55256885  9.98914623 -1.44665337 -5.18755388 -0.62169474
  0.75451642 -1.24659455]"
1747093068.759699,"[ 0.          0.15703596  0.46775122 -2.85895803 -2.1029593   1.27244505
  0.97057941  2.51979168]","[ 0.00000000e+00 -1.00755793e-04 -5.90043463e-05 -7.54971189e-04
 -5.45596902e-02 -6.15822255e-02  1.25198249e-01 -8.96723623e-02]","[ 0.         -0.55211776 10.02585506 -1.4624629  -5.26517105 -0.61038154
  0.74721056 -1.22600102]"
1747093068.761494,"[ 0.          0.15703549  0.46775122 -2.85895803 -2.10307514  1.27231749
  0.97082961  2.51960046]","[ 0.00000000e+00 -1.00680607e-04 -5.27933610e-05 -6.29197490e-04
 -5.71752099e-02 -6.26626158e-02  1.19867324e-01 -1.00206163e-01]","[ 0.         -0.61947882 10.0876894  -1.46913731 -5.21946716 -0.60841823
  0.76716942 -1.22451234]"
1747093068.7626412,"[ 0.          0.15703458  0.46775122 -2.85895856 -2.10318433  1.27219671
  0.97107316  2.51938048]","[ 0.00000000e+00 -1.08711279e-04 -5.31887593e-05 -3.31156572e-04
 -5.45596902e-02 -5.99008845e-02  1.12900745e-01 -1.09119380e-01]","[ 0.         -0.69231671 10.14129829 -1.49252117 -5.13830042 -0.61331034
  0.775536   -1.21483064]"
1747093068.7643929,"[ 0.          0.15703458  0.46775122 -2.85895909 -2.10323706  1.27213293
  0.97118734  2.51927316]","[ 0.00000000e+00 -1.06059781e-04 -4.80888602e-05 -2.31809594e-04
 -5.34251129e-02 -6.01844321e-02  1.07579666e-01 -1.08849286e-01]","[ 0.         -0.71552068 10.19070053 -1.47257102 -5.1103611  -0.61275774
  0.74330044 -1.22937047]"
1747093068.7658362,"[ 0.          0.15703366  0.46775122 -2.85895989 -2.10334599  1.27201122
  0.97138521  2.51906011]","[ 0.00000000e+00 -1.14014268e-04 -4.41578693e-05 -2.31838413e-04
 -5.36644520e-02 -6.26626158e-02  9.83154852e-02 -1.08038994e-01]","[ 0.         -0.75475496 10.23344421 -1.48005188 -5.08593369 -0.62637728
  0.72940254 -1.23101354]"
1747093068.767624,"[ 0.          0.15703274  0.46775122 -2.85896122 -2.10345012  1.27187607
  0.97158022  2.5188364 ]","[ 0.         -0.00011932  0.         -0.00031676 -0.05239891 -0.06820902
  0.09394971 -0.10952809]","[ 0.         -0.78722727 10.28253078 -1.51897871 -5.04230881 -0.63223618
  0.72505617 -1.25585377]"
1747093068.7694194,"[ 0.          0.15703274  0.46775169 -2.85896229 -2.10350578  1.27180763
  0.9716725   2.51871177]","[ 0.00000000e+00 -1.19317257e-04  3.77485611e-05 -3.84710882e-04
 -5.24106066e-02 -6.94150525e-02  9.34537265e-02 -1.09521917e-01]","[ 0.         -0.80704355 10.31912613 -1.51832139 -5.04919672 -0.64451498
  0.7362752  -1.2422241 ]"
1747093068.7706103,"[ 0.          0.15703228  0.46775169 -2.85896362 -2.10355638  1.27173625
  0.97176192  2.51862148]","[ 0.00000000e+00 -1.19407600e-04  3.52830036e-05 -4.63657614e-04
 -5.13185192e-02 -7.23127798e-02  9.07527485e-02 -1.08250790e-01]","[ 0.         -0.82034928 10.35185623 -1.5322268  -4.9966011  -0.64746261
  0.72275084 -1.25205362]"
1747093068.772435,"[ 0.          0.15703136  0.46775169 -2.85896681 -2.10365598  1.2715774
  0.97193981  2.51837887]","[ 0.00000000e+00 -1.27271744e-04  3.32770341e-05 -6.26224320e-04
 -5.07783261e-02 -7.97443724e-02  8.42582058e-02 -1.09818294e-01]","[ 0.         -0.87883735 10.42924023 -1.57396996 -4.97290039 -0.64676267
  0.71462023 -1.2719425 ]"
1747093068.7735608,"[ 0.          0.15703091  0.46775169 -2.85896921 -2.10371191  1.27149657
  0.97202064  2.51826941]","[ 0.00000000e+00 -1.32574732e-04  3.31197745e-05 -7.40894016e-04
 -5.26613765e-02 -8.21096340e-02  8.21096340e-02 -1.11122768e-01]","[ 0.         -0.90195787 10.47109127 -1.57189226 -4.97139978 -0.64161128
  0.70249492 -1.28884423]"
1747093068.7752807,"[ 0.          0.15702998  0.46775215 -2.85897374 -2.1038195   1.27133385
  0.97217284  2.51803639]","[ 0.00000000e+00 -1.37877721e-04  6.62354325e-05 -9.20537235e-04
 -5.50998833e-02 -8.31057311e-02  7.61674891e-02 -1.14601190e-01]","[ 0.         -0.92211705 10.52909946 -1.5925163  -4.93765783 -0.66226149
  0.73077834 -1.28777766]"
1747093068.7764945,"[ 0.          0.15702998  0.46775215 -2.8589764  -2.10387356  1.2712473
  0.9722528   2.51792134]","[ 0.00000000e+00 -1.37877721e-04  6.21326584e-05 -1.01782499e-03
 -5.47742328e-02 -8.14997534e-02  7.52305391e-02 -1.16682109e-01]","[ 0.         -0.94741237 10.58089828 -1.5886997  -4.91464424 -0.66193652
  0.72779614 -1.26362765]"
1747093068.7782629,"[ 0.          0.15702907  0.46775215 -2.85898279 -2.10398648  1.27108458
  0.97232604  2.51768538]","[ 0.00000000e+00 -1.40529211e-04  5.87537606e-05 -1.66190810e-03
 -5.51690631e-02 -8.31900202e-02  7.42768028e-02 -1.20463473e-01]","[ 0.         -0.9635058  10.62771797 -1.59803689 -4.87242508 -0.69797969
  0.73107064 -1.25293541]"
1747093068.7794073,"[ 0.          0.15702862  0.46775215 -2.85898572 -2.10404214  1.27100095
  0.97240021  2.51755595]","[ 0.00000000e+00 -1.45832208e-04  5.89978078e-05 -2.30554043e-03
 -5.64503723e-02 -8.48106036e-02  7.50110197e-02 -1.21758826e-01]","[ 0.         -0.98322958 10.64560795 -1.61007583 -4.85019732 -0.69479018
  0.7063635  -1.29036856]"
1747093068.781162,"[ 0.          0.15702768  0.46775215 -2.85899345 -2.10415506  1.27082585
  0.97255148  2.5173152 ]","[ 0.00000000e+00 -1.56556633e-04  5.57234111e-05 -3.16839084e-03
 -5.78008613e-02 -8.60946551e-02  7.41576347e-02 -1.21543868e-01]","[ 0.         -1.00847793 10.67633438 -1.6044203  -4.80898046 -0.70597637
  0.67606455 -1.31719422]"
1747093068.7823272,"[ 0.          0.15702723  0.46775262 -2.85899717 -2.10421604  1.27074023
  0.97262471  2.51719723]","[ 0.00000000e+00 -1.56556633e-04  6.96542599e-05 -3.45932142e-03
 -5.74259756e-02 -8.68832670e-02  7.42768028e-02 -1.19653181e-01]","[ 0.         -1.00136602 10.69006443 -1.62988746 -4.76428795 -0.71290338
  0.6651985  -1.30733442]"
1747093068.7841072,"[ 0.          0.15702677  0.46775262 -2.85900623 -2.10432443  1.27056806
  0.97276932  2.5169642 ]","[ 0.00000000e+00 -1.59091252e-04  6.62379032e-05 -4.14822606e-03
 -5.39647609e-02 -8.22520548e-02  7.34665111e-02 -1.09929672e-01]","[ 0.         -0.98851609 10.76371765 -1.64781439 -4.70868206 -0.72587025
  0.67968976 -1.32525134]"
1747093068.785899,"[ 0.          0.15702632  0.46775262 -2.85901129 -2.10437556  1.27049096
  0.97284735  2.51686353]","[ 0.00000000e+00 -1.59210139e-04  6.31380042e-05 -4.43749789e-03
 -5.18587164e-02 -7.83282698e-02  7.34751581e-02 -1.02096849e-01]","[ 0.         -0.9985953  10.78647614 -1.66124022 -4.71672583 -0.7373485
  0.69135863 -1.32984424]"
1747093068.7870421,"[ 0.          0.15702539  0.46775262 -2.85902247 -2.10448156  1.27033117
  0.97299483  2.51676819]","[ 0.00000000e+00 -1.69695653e-04  6.03180183e-05 -5.35441125e-03
 -5.19090710e-02 -7.06373851e-02  7.60903157e-02 -9.65969224e-02]","[ 0.         -1.03052616 10.78292179 -1.65705752 -4.73660326 -0.73473245
  0.69417191 -1.31118715]"
1747093068.7888873,"[ 0.          0.15702494  0.46775262 -2.85902966 -2.10453243  1.27026645
  0.97307093  2.51667418]","[ 0.00000000e+00 -1.74998649e-04  6.03180183e-05 -6.05463328e-03
 -5.15886178e-02 -6.56336883e-02  7.72478753e-02 -8.85212692e-02]","[ 0.         -1.03315735 10.76893616 -1.66098249 -4.76374292 -0.74682665
  0.68453509 -1.32510722]"
1747093068.7901006,"[ 0.          0.15702447  0.46775309 -2.85904538 -2.10463123  1.27013902
  0.97323551  2.51650667]","[ 0.00000000e+00 -1.71510825e-04  8.05693192e-05 -7.96787578e-03
 -4.96475811e-02 -6.37430062e-02  8.21096340e-02 -7.97443724e-02]","[ 0.         -0.99449241 10.77998447 -1.63946569 -4.78845263 -0.76833814
  0.66170174 -1.33231759]"
1747093068.7917924,"[ 0.          0.15702402  0.46775309 -2.85905603 -2.10468316  1.27008003
  0.97331827  2.51643237]","[ 0.00000000e+00 -1.74998649e-04  7.72762744e-05 -9.58360052e-03
 -4.88998487e-02 -5.99008845e-02  8.40003119e-02 -7.53571974e-02]","[ 0.         -0.96943122 10.78488636 -1.62645757 -4.82930899 -0.76851827
  0.63432741 -1.32687426]"
1747093068.7929628,"[ 0.          0.15702356  0.46775309 -2.85906881 -2.10478196  1.26996778
  0.97349896  2.51629921]","[ 0.00000000e+00 -1.81347876e-04  7.40178194e-05 -1.20368858e-02
 -5.07783261e-02 -5.40194971e-02  8.95243405e-02 -6.56336883e-02]","[ 0.         -0.95779079 10.81116867 -1.62242424 -4.81789112 -0.76535404
  0.62380081 -1.32571483]"
1747093068.794727,"[ 0.          0.15702356  0.46775309 -2.85908293 -2.10483363  1.26991838
  0.97358938  2.51623369]","[ 0.00000000e+00 -1.82296676e-04  5.30298904e-05 -1.43151660e-02
 -5.23989095e-02 -5.02381288e-02  9.18331430e-02 -6.16890390e-02]","[ 0.         -0.94947809 10.79662609 -1.59128642 -4.79590321 -0.75946188
  0.62945479 -1.3273741 ]"
1747093068.7964473,"[ 0.          0.15702264  0.46775309 -2.85912074 -2.10494442  1.26982517
  0.97377393  2.51611678]","[ 0.00000000e+00 -1.88920656e-04  5.10262331e-05 -2.03313894e-02
 -5.39647609e-02 -4.45947947e-02  9.56145072e-02 -5.86111530e-02]","[ 0.         -0.86814874 10.78313351 -1.55625331 -4.75713587 -0.77195817
  0.60608816 -1.34848416]"
1747093068.797615,"[ 0.          0.15702264  0.46775309 -2.85914311 -2.10499715  1.26978043
  0.9738776   2.51605872]","[ 0.00000000e+00 -1.93110095e-04  5.08780598e-05 -2.26652007e-02
 -5.34792999e-02 -4.53763743e-02  9.75489276e-02 -5.88812517e-02]","[ 0.         -0.82743126 10.75210094 -1.51289785 -4.74362803 -0.78737658
  0.5699864  -1.36291194]"
1747093068.7993424,"[ 0.          0.15702217  0.46775309 -2.85920064 -2.10510367  1.26969188
  0.97407168  2.51593302]","[ 0.00000000e+00 -2.07922921e-04  4.90290696e-05 -3.07911127e-02
 -5.19090710e-02 -4.31321742e-02  9.83154852e-02 -6.36784204e-02]","[ 0.         -0.77207458 10.68905735 -1.44055295 -4.7577796  -0.83493072
  0.55162436 -1.36277854]"
1747093068.8004582,"[ 0.          0.15702217  0.46775309 -2.85923499 -2.10515427  1.26964913
  0.97416682  2.51586831]","[ 0.00000000e+00 -2.20410114e-04  4.90290696e-05 -3.48425735e-02
 -5.13185192e-02 -4.32155977e-02  9.63271025e-02 -6.56336883e-02]","[ 0.         -0.73052877 10.65461445 -1.38954031 -4.75675535 -0.8467856
  0.56922889 -1.36083233]"
1747093068.8033452,"[ 0.          0.15702217  0.46775309 -2.85931808 -2.10525627  1.26956258
  0.97436183  2.5157229 ]","[ 0.00000000e+00 -2.43688407e-04  4.73131235e-05 -4.23623375e-02
 -5.18587164e-02 -4.42959881e-02  9.45341127e-02 -7.42274678e-02]","[ 0.         -0.60181016 10.61285496 -1.2705003  -4.72434568 -0.8480041
  0.58945084 -1.34917021]"
1747093068.8055081,"[ 0.          0.15702217  0.46775309 -2.85947015 -2.10540328  1.26947217
  0.9746577   2.51547736]","[ 0.00000000e+00 -2.82025346e-04  3.65693231e-05 -5.40194971e-02
 -4.67268633e-02 -4.38844797e-02  9.92108899e-02 -8.76927431e-02]","[ 0.         -0.45277828 10.47497749 -1.12717712 -4.71155214 -0.86233163
  0.57307583 -1.35485017]"
1747093068.8072393,"[ 0.          0.15702217  0.46775309 -2.85959266 -2.10549489  1.26938655
  0.97485458  2.51528907]","[ 0.00000000e+00 -2.82615064e-04  3.53708681e-05 -6.50934910e-02
 -4.41352496e-02 -4.34856922e-02  1.00476258e-01 -9.45341127e-02]","[ 0.         -0.30098543 10.43281746 -1.00161541 -4.73751879 -0.84850556
  0.53397959 -1.32733011]"
1747093068.8084035,"[ 0.          0.15702217  0.46775309 -2.85966163 -2.1055391   1.2693418
  0.97495451  2.51519107]","[ 0.00000000e+00 -2.82971659e-04  3.42495739e-05 -6.98843680e-02
 -4.48361812e-02 -4.53304014e-02  1.01286549e-01 -9.93958714e-02]","[ 0.         -0.22915399 10.41779232 -0.91206938 -4.74700737 -0.88145494
  0.5381192  -1.33590627]"
1747093068.8100612,"[ 0.          0.15702217  0.46775309 -2.85981583 -2.10562911  1.26924487
  0.97516184  2.51497615]","[ 0.00000000e+00 -2.69709234e-04  3.31187444e-05 -7.67076863e-02
 -4.61866702e-02 -4.72670564e-02  1.02096849e-01 -1.06576594e-01]","[ 0.         -0.10101727 10.38349724 -0.75498796 -4.79340267 -0.91412759
  0.56801355 -1.34578335]"
1747093068.811757,"[ 0.          0.15702217  0.46775309 -2.85998707 -2.10572099  1.2691402
  0.97537496  2.5147639 ]","[ 0.00000000e+00 -2.69374811e-04  3.21337047e-05 -8.47597373e-02
 -4.48361812e-02 -5.19090710e-02  1.10897590e-01 -1.07929522e-01]","[ 0.         -0.03858864 10.32375526 -0.60815626 -4.77078342 -0.93106991
  0.54494518 -1.35624003]"
1747093068.813453,"[ 0.          0.15702264  0.46775309 -2.86007709 -2.10576414  1.26908787
  0.97549766  2.5146603 ]","[ 0.00000000e+00 -2.47962550e-04  3.21337047e-05 -9.12929458e-02
 -4.37557908e-02 -5.29391068e-02  1.15604261e-01 -1.05067922e-01]","[ 0.          0.09779298 10.31365395 -0.54600245 -4.75126553 -0.93190312
  0.51847219 -1.38069057]"
1747093068.815166,"[ 0.          0.15702264  0.46775309 -2.86025978 -2.10585309  1.26897083
  0.97573455  2.51444698]","[ 0.00000000e+00 -2.30272018e-04  3.12055665e-05 -9.44383304e-02
 -4.35926639e-02 -6.15822255e-02  1.21543868e-01 -1.04151994e-01]","[ 0.          0.23353773 10.26520824 -0.45627618 -4.76088667 -0.93633419
  0.44965237 -1.37069499]"
1747093068.8163047,"[ 0.          0.15702264  0.46775309 -2.86036417 -2.1058973   1.26890039
  0.97585919  2.51434525]","[ 0.00000000e+00 -2.30272018e-04  3.03295407e-05 -9.83012373e-02
 -4.48361812e-02 -6.61405960e-02  1.26405618e-01 -1.03281989e-01]","[ 0.          0.32680583 10.23572922 -0.36077192 -4.74720287 -0.96365911
  0.42877904 -1.37177753]"
1747093068.818011,"[ 0.          0.15702311  0.46775262 -2.86055938 -2.10598944  1.26875684
  0.97613123  2.51413885]","[ 0.         -0.00021406  0.         -0.09939587 -0.04753715 -0.07508709
  0.1349119  -0.10030738]","[ 0.          0.4944022  10.17084026 -0.22790982 -4.76779652 -0.97648752
  0.44880515 -1.3987509 ]"
1747093068.8196614,"[ 0.          0.15702311  0.46775262 -2.86065792 -2.10603684  1.26867588
  0.97626732  2.51404191]","[ 0.         -0.0002138   0.         -0.09993607 -0.04807735 -0.08210963
  0.13801981 -0.0984153 ]","[ 0.          0.54689258 10.14292622 -0.17924726 -4.79454231 -0.98869115
  0.44533658 -1.39520371]"
1747093068.8213418,"[ 0.          0.15702311  0.46775262 -2.86086565 -2.10613405  1.26849239
  0.97654029  2.51385256]","[ 0.         -0.00020525  0.         -0.10146569 -0.04726706 -0.09075275
  0.13801981 -0.09453411]","[ 0.          0.66733015 10.0973444  -0.06246851 -4.78158092 -1.01631594
  0.45565906 -1.40577519]"
1747093068.823068,"[ 0.          0.15702356  0.46775262 -2.86106672 -2.10622513  1.2683049
  0.97682192  2.51365762]","[ 0.         -0.00018919  0.         -0.10209685 -0.04618667 -0.09659692
  0.13787997 -0.09579355]","[ 0.          0.75432509 10.03204346 -0.01341725 -4.80138874 -1.01334035
  0.43927678 -1.40439081]"
1747093068.8247569,"[ 0.          0.15702356  0.46775262 -2.86127418 -2.106321    1.26810423
  0.97710821  2.51346454]","[ 0.         -0.00018651  0.         -0.10055815 -0.04699696 -0.09831549
  0.13905667 -0.09912578]","[ 0.          0.88978666  9.98908806  0.06675936 -4.79876804 -1.04690647
  0.44485173 -1.41508043]"
1747093068.8264081,"[ 0.          0.15702356  0.46775262 -2.86137112 -2.10636894  1.26800437
  0.97724523  2.51336733]","[ 0.         -0.00017822  0.         -0.09831549 -0.04856829 -0.10128655
  0.13868944 -0.09858558]","[ 0.          0.92625254  9.93241882  0.11184949 -4.78267813 -1.04502857
  0.45023054 -1.41591656]"
1747093068.8293588,"[ 0.          0.15702356  0.46775262 -2.86156206 -2.10646881  1.26778266
  0.97752113  2.51316094]","[ 0.         -0.00016973  0.         -0.09659692 -0.04860331 -0.11119513
  0.1399105  -0.10118393]","[ 0.          0.98607242  9.90204716  0.10549491 -4.73033381 -1.06548476
  0.4941971  -1.40865552]"
1747093068.8304021,"[ 0.          0.15702402  0.46775215 -2.86175408 -2.10656309  1.26755522
  0.97781029  2.51295827]","[ 0.00000000e+00 -1.49210638e-04 -1.10571138e-05 -9.34537265e-02
 -4.75371550e-02 -1.15754413e-01  1.41657500e-01 -1.04257622e-01]","[ 0.          1.02630794  9.89507675  0.10835648 -4.69747448 -1.08341503
  0.5043596  -1.39683366]"
1747093068.832256,"[ 0.          0.15702402  0.46775215 -2.86194156 -2.10666216  1.26730222
  0.97808712  2.5127367 ]","[ 0.00000000e+00 -1.36292787e-04 -1.10568842e-05 -9.56145072e-02
 -4.91506186e-02 -1.26387300e-01  1.39910499e-01 -1.08331975e-01]","[ 0.          1.04629004  9.86369133  0.08102374 -4.68918467 -1.10650539
  0.53398275 -1.38264394]"
1747093068.8334022,"[ 0.          0.15702402  0.46775215 -2.8620425  -2.10671276  1.26717186
  0.97823366  2.51262831]","[ 0.00000000e+00 -1.36292787e-04 -1.08351078e-05 -9.50412452e-02
 -5.12665251e-02 -1.32347763e-01  1.37922649e-01 -1.09929672e-01]","[ 0.          1.07004523  9.86349297  0.05634922 -4.69395924 -1.11947119
  0.54273671 -1.36526799]"
1747093068.8351297,"[ 0.          0.15702402  0.46775215 -2.86223531 -2.10681662  1.26688943
  0.97850191  2.51241419]","[ 0.00000000e+00 -1.25956206e-04 -1.06061896e-05 -9.91257769e-02
 -5.32092012e-02 -1.46541454e-01  1.35048741e-01 -1.08038994e-01]","[ 0.00000000e+00  1.06476569e+00  9.83170033e+00 -2.94733956e-03
 -4.66320133e+00 -1.10515738e+00  6.15726113e-01 -1.35387564e+00]"
1747093068.8368418,"[ 0.          0.15702447  0.46775215 -2.86234051 -2.10687334  1.26672858
  0.97863127  2.512301  ]","[ 0.00000000e+00 -1.13898957e-04 -1.06061896e-05 -9.90535387e-02
 -5.34136821e-02 -1.51321662e-01  1.31134377e-01 -1.06576594e-01]","[ 0.          1.08851361  9.78261757  0.01580732 -4.65126371 -1.10699785
  0.65911406 -1.33906078]"
1747093068.8380227,"[ 0.          0.15702447  0.46775169 -2.86253971 -2.10698173  1.26641752
  0.97887955  2.51209274]","[ 0.00000000e+00 -9.76291709e-05 -2.08035078e-05 -1.02366944e-01
 -5.53699820e-02 -1.59357518e-01  1.16682109e-01 -1.03987527e-01]","[ 0.          1.101089    9.76809883 -0.01543716 -4.60424805 -1.13246453
  0.67143524 -1.35173213]"
1747093068.8397443,"[ 0.          0.15702447  0.46775169 -2.86264304 -2.10703793  1.26625587
  0.978989    2.51199075]","[ 0.00000000e+00 -8.93896343e-05 -2.03808159e-05 -1.04691642e-01
 -5.69328248e-02 -1.63949173e-01  1.11010067e-01 -1.03447330e-01]","[ 0.          1.06589615  9.75149059 -0.0452187  -4.61584234 -1.1455822
  0.66528559 -1.3456943 ]"
1747093068.840968,"[ 0.          0.15702447  0.46775169 -2.86286355 -2.10716097  1.26592763
  0.97919253  2.51178728]","[ 0.00000000e+00 -8.54242160e-05 -2.00034643e-05 -1.08981662e-01
 -6.09367377e-02 -1.58116751e-01  9.93958714e-02 -9.75051851e-02]","[ 0.          1.06855035  9.72213554 -0.11238822 -4.61743116 -1.15464616
  0.692312   -1.35419059]"
1747093068.842645,"[ 0.          0.15702447  0.46775169 -2.86297274 -2.10722062  1.2657745
  0.97929527  2.51169034]","[ 0.00000000e+00 -7.72909360e-05 -2.00034643e-05 -1.10739964e-01
 -6.05018351e-02 -1.55306051e-01  9.67966262e-02 -9.83154852e-02]","[ 0.          1.08471096  9.67803574 -0.13694572 -4.60764742 -1.15770543
  0.73410279 -1.34708869]"
1747093068.844397,"[ 0.          0.15702494  0.46775122 -2.86320017 -2.10733913  1.26546531
  0.97946751  2.51150472]","[ 0.00000000e+00 -5.69503524e-05 -2.41110437e-05 -1.10338126e-01
 -6.01707085e-02 -1.49457999e-01  8.47246751e-02 -9.37238210e-02]","[ 0.          1.08107424  9.59588146 -0.14892559 -4.5482502  -1.17179513
  0.74507248 -1.34785855]"
1747093068.8455908,"[ 0.          0.15702494  0.46775079 -2.8633075  -2.10740385  1.26532163
  0.97955313  2.51140299]","[ 0.00000000e+00 -4.88145855e-05 -4.33998786e-05 -1.08849286e-01
 -6.09941704e-02 -1.45852644e-01  8.07474437e-02 -9.57935549e-02]","[ 0.          1.08304596  9.55878639 -0.16646378 -4.52177715 -1.19056427
  0.72609645 -1.349774  ]"
1747093068.847348,"[ 0.          0.15702494  0.46775032 -2.86351603 -2.10752449  1.26503814
  0.97970719  2.51121071]","[ 0.00000000e+00 -3.65679293e-05 -4.73122824e-05 -1.04151994e-01
 -6.07719338e-02 -1.42611461e-01  7.80581670e-02 -9.85855797e-02]","[ 0.          1.07013798  9.49115944 -0.19057009 -4.42544079 -1.19558275
  0.749623   -1.34965932]"
1747093068.8485322,"[ 0.          0.15702494  0.46775032 -2.86361749 -2.1075876   1.26489832
  0.97978429  2.5111119 ]","[ 0.00000000e+00 -3.66103783e-05 -4.64977946e-05 -1.02907141e-01
 -5.94321265e-02 -1.41801177e-01  7.83282698e-02 -1.00206163e-01]","[ 0.          1.06790674  9.4472208  -0.21038269 -4.39421606 -1.17832077
  0.76210582 -1.32742596]"
1747093068.850283,"[ 0.          0.15702494  0.46774939 -2.86382176 -2.10769599  1.26460724
  0.9799536   2.51090151]","[ 0.00000000e+00 -3.60671887e-05 -6.39952213e-05 -9.85855797e-02
 -5.40194971e-02 -1.41801177e-01  8.42582058e-02 -1.04151994e-01]","[ 0.          1.04832447  9.36401653 -0.24806358 -4.3215518  -1.1488477
  0.74628603 -1.32139122]"
1747093068.8520362,"[ 0.          0.15702539  0.46774849 -2.86400818 -2.10780199  1.26432654
  0.98012577  2.51067221]","[ 0.00000000e+00 -1.60301026e-05 -7.50683734e-05 -9.34537265e-02
 -5.11567654e-02 -1.42611461e-01  8.85919761e-02 -1.13848880e-01]","[ 0.          0.99754363  9.29065609 -0.29017997 -4.34540319 -1.12648499
  0.73656964 -1.31279111]"
1747093068.8532732,"[ 0.          0.15702539  0.46774756 -2.86410512 -2.10785099  1.26417341
  0.98021712  2.51055424]","[ 0.00000000e+00 -8.00589538e-06 -9.12398518e-05 -9.11938512e-02
 -4.96475811e-02 -1.44056226e-01  9.26434348e-02 -1.19653181e-01]","[ 0.          0.97409165  9.25101948 -0.32060421 -4.40185642 -1.15184343
  0.73142189 -1.32366669]"
1747093068.8550053,"[ 0.          0.15702539  0.46774663 -2.86427503 -2.1079458   1.26388419
  0.98041972  2.5103071 ]","[ 0.00000000e+00  0.00000000e+00 -1.00661247e-04 -8.37302174e-02
 -4.72670564e-02 -1.46662928e-01  1.01286549e-01 -1.26405618e-01]","[ 0.          0.93035024  9.28412819 -0.36161488 -4.56365347 -1.14097261
  0.76134914 -1.32035017]"
1747093068.8561494,"[ 0.          0.15702539  0.4677462  -2.86436185 -2.107994    1.26372919
  0.98052245  2.51017101]","[ 0.00000000e+00  0.00000000e+00 -1.07382194e-04 -8.17505150e-02
 -4.53890909e-02 -1.45947236e-01  1.04151994e-01 -1.28142681e-01]","[ 0.          0.9285621   9.28151608 -0.39644992 -4.62682152 -1.08259594
  0.76701885 -1.27835214]"
1747093068.8578472,"[ 0.          0.15702539  0.46774526 -2.86451711 -2.10808215  1.26343997
  0.98075268  2.50990735]","[ 0.00000000e+00  0.00000000e+00 -1.16083736e-04 -7.71696116e-02
 -4.42511055e-02 -1.47473228e-01  1.13981131e-01 -1.35318835e-01]","[ 0.          0.83842832  9.30692959 -0.48328149 -4.77642679 -1.0474025
  0.75365984 -1.27498269]"
1747093068.8590112,"[ 0.          0.15702539  0.4677448  -2.86459088 -2.10812743  1.26329057
  0.98086593  2.50977233]","[ 0.00000000e+00  0.00000000e+00 -1.22277341e-04 -7.48170001e-02
 -4.59165715e-02 -1.51524678e-01  1.14791431e-01 -1.36939419e-01]","[ 0.          0.80500323  9.35496616 -0.48887163 -4.84472656 -1.05136085
  0.74065703 -1.30828154]"
1747093068.8607728,"[ 0.          0.15702539  0.46774433 -2.86466225 -2.1081743   1.26312892
  0.98097912  2.50962293]","[ 0.00000000e+00  0.00000000e+00 -1.28292649e-04 -7.23861249e-02
 -4.75371550e-02 -1.52216451e-01  1.14791431e-01 -1.40681102e-01]","[ 0.          0.78546816  9.38621616 -0.54452217 -4.88587618 -0.99246389
  0.74520838 -1.28799438]"
1747093068.8619378,"[ 0.          0.15702539  0.4677439  -2.86481139 -2.1082731   1.26282252
  0.98120455  2.50933584]","[ 0.00000000e+00  0.00000000e+00 -1.30304763e-04 -7.31964166e-02
 -4.88876440e-02 -1.55306051e-01  1.09008818e-01 -1.47473228e-01]","[ 0.          0.66332126  9.41209698 -0.59224749 -5.03469563 -0.95086348
  0.81400388 -1.27843177]"
1747093068.8636734,"[ 0.          0.15702539  0.4677439  -2.86488436 -2.10832077  1.26266459
  0.98131015  2.50918537]","[ 0.00000000e+00  0.00000000e+00 -1.28481699e-04 -7.40067084e-02
 -4.83474467e-02 -1.60167801e-01  1.06958600e-01 -1.52605073e-01]","[ 0.          0.6263054   9.41035557 -0.56255496 -5.10780144 -0.94334817
  0.8526274  -1.29259646]"
1747093068.8649387,"[ 0.          0.15702539  0.4677425  -2.86503509 -2.10841878  1.26232691
  0.98152134  2.50885807]","[ 0.00000000e+00  0.00000000e+00 -1.49069337e-04 -7.39071061e-02
 -4.75371550e-02 -1.65757959e-01  1.00307380e-01 -1.61248196e-01]","[ 0.          0.56372726  9.39181137 -0.62859076 -5.2398243  -0.89715397
  0.88350785 -1.30883217]"
1747093068.867801,"[ 0.          0.15702539  0.46774114 -2.86518876 -2.10851199  1.26198922
  0.98170682  2.50853103]","[ 0.00000000e+00  0.00000000e+00 -1.63030712e-04 -7.96787588e-02
 -4.75371550e-02 -1.72862391e-01  9.26434348e-02 -1.67560586e-01]","[ 0.          0.48253134  9.4014492  -0.64343107 -5.35299826 -0.84171075
  0.87730312 -1.32544076]"
1747093068.8694527,"[ 0.          0.15702539  0.4677393  -2.86535787 -2.10861052  1.26162956
  0.98188379  2.50817896]","[ 0.          0.         -0.00018347 -0.0835059  -0.04780725 -0.17664375
  0.08425821 -0.171782  ]","[ 0.          0.41330051  9.42885685 -0.66633767 -5.39590693 -0.82487446
  0.87629312 -1.32224238]"
1747093068.870598,"[ 0.          0.15702539  0.46773791 -2.86552778 -2.1087024   1.26128614
  0.98204458  2.50784314]","[ 0.          0.         -0.0001958  -0.08724149 -0.04564647 -0.17286239
  0.08102924 -0.16989132]","[ 0.          0.34932065  9.47434425 -0.66289783 -5.389328   -0.80955911
  0.91252083 -1.31264508]"
1747093068.8723822,"[ 0.          0.15702539  0.46773701 -2.8656146  -2.10874608  1.26110545
  0.98212254  2.50766338]","[ 0.          0.         -0.00020351 -0.08796256 -0.04429599 -0.16986107
  0.07913856 -0.1692687 ]","[ 0.          0.36595333  9.49205399 -0.68597299 -5.40768528 -0.81357169
  0.92484498 -1.34060121]"
1747093068.8735733,"[ 0.          0.15702539  0.46773561 -2.86579303 -2.10883343  1.26078294
  0.98227954  2.50734273]","[ 0.          0.         -0.00021838 -0.0864312  -0.0424053  -0.16205848
  0.07609032 -0.1612482 ]","[ 0.          0.33895478  9.51039124 -0.68014234 -5.39149666 -0.87739903
  0.90251184 -1.34725142]"
1747093068.8753228,"[ 0.          0.15702539  0.46773471 -2.86587852 -2.10887604  1.26062794
  0.98235471  2.50718587]","[ 0.          0.         -0.00023091 -0.08670129 -0.04317181 -0.15719673
  0.07616749 -0.15908741]","[ 0.          0.33149037  9.48687935 -0.64990735 -5.38204479 -0.90678138
  0.87003452 -1.33544135]"
1747093068.877087,"[ 0.          0.15702539  0.46773378 -2.86605082 -2.10896819  1.26031302
  0.98250404  2.50687002]","[ 0.          0.         -0.00025403 -0.08724149 -0.04559693 -0.15341537
  0.07508709 -0.15321953]","[ 0.          0.27855876  9.50668621 -0.63703972 -5.29775381 -0.96565557
  0.86684418 -1.3589679 ]"
1747093068.8782742,"[ 0.          0.15702539  0.46773288 -2.86614403 -2.10901506  1.26016362
  0.982583    2.50672248]","[ 0.          0.         -0.00029546 -0.08776896 -0.04753715 -0.15137116
  0.07422747 -0.149634  ]","[ 0.          0.25179642  9.4790678  -0.6465835  -5.24218607 -0.96298617
  0.87755734 -1.34535158]"
1747093068.880027,"[ 0.          0.15702539  0.46773058 -2.866323   -2.1091112   1.25987067
  0.98273234  2.50643033]","[ 0.          0.         -0.00043612 -0.09210324 -0.04888764 -0.149634
  0.07616749 -0.14054876]","[ 0.          0.23351209  9.47455025 -0.66908157 -5.09480381 -1.00401843
  0.88379914 -1.34829235]"
1747093068.881836,"[ 0.          0.15702539  0.46772875 -2.86641408 -2.10916526  1.25971275
  0.98281037  2.50629451]","[ 0.          0.         -0.0005675  -0.09237334 -0.050906   -0.14870569
  0.07905838 -0.13774971]","[ 0.          0.20619744  9.46679115 -0.64252365 -5.00334978 -1.02481174
  0.87284595 -1.37567759]"
1747093068.8829541,"[ 0.          0.15702494  0.46772506 -2.86660369 -2.10927418  1.259415
  0.98297209  2.50603272]","[ 0.00000000e+00 -5.57234081e-06 -8.41651036e-04 -9.23733403e-02
 -5.69905654e-02 -1.50444300e-01  7.91385615e-02 -1.31267377e-01]","[ 0.          0.18048804  9.44156647 -0.60701495 -4.84640598 -1.06785619
  0.84570825 -1.37420404]"
1747093068.8847387,"[ 0.          0.15702494  0.46772229 -2.86669504 -2.10933384  1.25926747
  0.98305106  2.50589876]","[ 0.          0.         -0.001073   -0.09254957 -0.06044053 -0.149634
  0.07994885 -0.12601788]","[ 0.          0.16924234  9.37179947 -0.62187231 -4.79302073 -1.07968247
  0.85369539 -1.40208483]"
1747093068.8859274,"[ 0.          0.15702494  0.4677168  -2.86687827 -2.10946274  1.258966
  0.98321371  2.50566947]","[ 0.          0.         -0.0015512  -0.0882705  -0.06374301 -0.14666293
  0.07966935 -0.11290074]","[ 0.          0.15940885  9.34710693 -0.5592007  -4.61333609 -1.12895083
  0.87390792 -1.41782153]"
1747093068.8876667,"[ 0.          0.15702494  0.46771357 -2.86696455 -2.10952585  1.25882232
  0.9832936   2.50556001]","[ 0.          0.         -0.00191281 -0.08751158 -0.0640131  -0.14585264
  0.08102924 -0.11101007]","[ 0.          0.16642003  9.35254955 -0.53761578 -4.51658773 -1.20379305
  0.88486671 -1.41596782]"
1747093068.8893287,"[ 0.          0.15702494  0.46770532 -2.86713659 -2.10965715  1.25852072
  0.98344773  2.50534696]","[ 0.          0.         -0.00313313 -0.0864312  -0.0644475  -0.1479534
  0.07716961 -0.10209685]","[ 0.          0.1547385   9.35544395 -0.55342752 -4.38448095 -1.23385167
  0.92047119 -1.45967174]"
1747093068.8905644,"[ 0.          0.15702494  0.46769979 -2.86731662 -2.10978471  1.25822297
  0.98360852  2.50514908]","[ 0.          0.         -0.00404235 -0.08832187 -0.0642832  -0.15218063
  0.07874129 -0.09939587]","[ 0.          0.15016931  9.39312458 -0.53289521 -4.22688293 -1.27215469
  0.92267436 -1.47407401]"
1747093068.893444,"[ 0.          0.15702494  0.46768647 -2.86740584 -2.10985262  1.25806691
  0.98368935  2.50504442]","[ 0.00000000e+00  7.94254290e-06 -6.39014632e-03 -9.04826541e-02
 -6.39459557e-02 -1.58437812e-01  8.21096340e-02 -9.84592959e-02]","[ 0.          0.13680305  9.37263489 -0.55433273 -4.19739294 -1.30463541
  0.93351018 -1.48665822]"
1747093068.894003,"[ 0.          0.15702494  0.4676672  -2.86759412 -2.10997619  1.25772736
  0.98385586  2.50485214]","[ 0.00000000e+00  1.32274462e-05 -9.35810568e-03 -9.18331430e-02
 -6.23925172e-02 -1.68000624e-01  8.47246751e-02 -9.75051851e-02]","[ 0.          0.09241838  9.37089443 -0.55163354 -4.1776309  -1.3121413
  0.90953839 -1.50318658]"
1747093068.8962865,"[ 0.          0.15702494  0.46764103 -2.86777868 -2.1101003   1.25737343
  0.98403756  2.50465533]","[ 0.00000000e+00  1.85325998e-05 -1.43006622e-02 -9.38986908e-02
 -6.28689484e-02 -1.74534856e-01  8.96723623e-02 -1.00206163e-01]","[ 0.          0.04490039  9.4097271  -0.5824945  -4.22943592 -1.30713451
  0.90442377 -1.50059056]"
1747093068.897914,"[ 0.          0.15702494  0.46760338 -2.86797469 -2.11022786  1.25702056
  0.98422118  2.50443749]","[ 0.00000000e+00  2.38094022e-05 -1.98107082e-02 -9.54529033e-02
 -6.18523200e-02 -1.79344725e-01  9.44383304e-02 -1.08038994e-01]","[ 0.00000000e+00  1.08034769e-03  9.53236008e+00 -5.89456201e-01
 -4.39828777e+00 -1.29573214e+00  9.20326352e-01 -1.51208591e+00]"
1747093068.8990927,"[ 0.          0.15702494  0.46758041 -2.86806843 -2.11028805  1.25684639
  0.98432678  2.5043291 ]","[ 0.00000000e+00  2.38096379e-05 -2.32283823e-02 -9.50743100e-02
 -6.10420282e-02 -1.76643747e-01  9.93043086e-02 -1.09818294e-01]","[ 0.         -0.02427993  9.59997559 -0.55907708 -4.48007536 -1.2329216
  0.89099902 -1.51930118]"
1747093068.9008892,"[ 0.          0.15702494  0.46752532 -2.86825565 -2.11041508  1.25648779
  0.98453697  2.50409394]","[ 0.00000000e+00  2.64748795e-05 -2.97107224e-02 -9.45341127e-02
 -6.26921145e-02 -1.74534856e-01  1.08038994e-01 -1.16833709e-01]","[ 0.         -0.02071445  9.85227585 -0.5776602  -4.71795988 -1.214535
  0.86216688 -1.53009629]"
1747093068.9020762,"[ 0.          0.15702447  0.46749086 -2.86835392 -2.11047767  1.25631748
  0.98464922  2.50397516]","[ 0.00000000e+00  2.38273920e-05 -3.23491306e-02 -9.24465107e-02
 -6.34085964e-02 -1.72862391e-01  1.13981131e-01 -1.20463473e-01]","[ 0.         -0.05762354  9.97335529 -0.60394037 -4.83778381 -1.22283185
  0.8225888  -1.53848255]"
1747093068.9037635,"[ 0.          0.15702447  0.46742152 -2.86853369 -2.11060257  1.25598645
  0.98489942  2.50371817]","[ 0.00000000e+00  2.38273920e-05 -3.53827707e-02 -9.10228513e-02
 -6.29327103e-02 -1.66920246e-01  1.25325232e-01 -1.26387300e-01]","[ 0.         -0.05496387 10.30951595 -0.60751653 -5.0748105  -1.16005528
  0.78784525 -1.51560724]"
1747093068.905474,"[ 0.          0.15702447  0.4673848  -2.86862264 -2.11066968  1.25581428
  0.98503072  2.50359167]","[ 0.00000000e+00  2.38273920e-05 -3.72734528e-02 -9.02125596e-02
 -6.31936502e-02 -1.61996427e-01  1.33158055e-01 -1.28296304e-01]","[ 0.         -0.07938749 10.4624052  -0.60255718 -5.23642683 -1.15400374
  0.79352826 -1.53416109]"
1747093068.9066677,"[ 0.          0.15702447  0.46730398 -2.8688008  -2.11079858  1.25550695
  0.98532466  2.5033424 ]","[ 0.00000000e+00  2.38273920e-05 -4.05146197e-02 -8.67012899e-02
 -6.61738814e-02 -1.53415373e-01  1.47702626e-01 -1.26405618e-01]","[ 0.         -0.08632005 10.66734314 -0.62599343 -5.47365618 -1.11200464
  0.76157075 -1.55937099]"
1747093068.9083824,"[ 0.          0.15702447  0.4672622  -2.86888576 -2.11086888  1.25534902
  0.985474    2.50321137]","[ 0.00000000e+00  2.38273920e-05 -4.23623375e-02 -8.61610926e-02
 -6.61405960e-02 -1.48705689e-01  1.51524678e-01 -1.23378078e-01]","[ 0.         -0.14271803 10.80445766 -0.6495468  -5.54772091 -1.06327927
  0.72039163 -1.54791963]"
1747093068.9100354,"[ 0.          0.15702447  0.46716576 -2.86905647 -2.11099831  1.25506273
  0.9857756   2.5029621 ]","[ 0.00000000e+00  2.38276277e-05 -4.83474467e-02 -8.20012849e-02
 -6.50934910e-02 -1.43691855e-01  1.53415373e-01 -1.26405618e-01]","[ 0.         -0.16980925 11.02919006 -0.70763648 -5.7292881  -1.0397774
  0.72256863 -1.57029104]"
1747093068.9112537,"[ 0.          0.15702402  0.46711619 -2.8691337  -2.1110617   1.25492292
  0.98593066  2.50283933]","[ 0.00000000e+00  1.85325998e-05 -5.02381288e-02 -7.83282698e-02
 -6.42831993e-02 -1.41657500e-01  1.57196729e-01 -1.24388781e-01]","[ 0.         -0.18782912 11.1365633  -0.73619747 -5.8008647  -1.01108289
  0.75762558 -1.61668289]"
1747093068.9128432,"[ 0.          0.15702402  0.46701606 -2.8692847  -2.11119672  1.25464608
  0.98625317  2.50258233]","[ 0.00000000e+00  1.85324169e-05 -5.07783261e-02 -7.58973946e-02
 -6.69551780e-02 -1.32347763e-01  1.56386445e-01 -1.26405618e-01]","[ 0.         -0.19512278 11.38443184 -0.77424878 -5.88703108 -1.00825489
  0.76962227 -1.63235724]"
1747093068.9145157,"[ 0.          0.15702402  0.46696556 -2.869363   -2.1112633   1.25451665
  0.98640631  2.5024569 ]","[ 0.00000000e+00  1.32374398e-05 -4.76460075e-02 -7.37259280e-02
 -6.74559521e-02 -1.31267377e-01  1.55306051e-01 -1.27215910e-01]","[ 0.         -0.20833515 11.50209618 -0.78981352 -5.92599106 -1.00922501
  0.72281402 -1.62036037]"
1747093068.915671,"[ 0.          0.15702402  0.4668783  -2.86950121 -2.11139912  1.2542494
  0.98671836  2.50219058]","[ 0.00000000e+00  1.32375708e-05 -4.29454991e-02 -6.94150525e-02
 -6.90748961e-02 -1.30901134e-01  1.51524678e-01 -1.35859032e-01]","[ 0.         -0.24511632 11.6224699  -0.83862168 -5.92074966 -0.99558836
  0.75996482 -1.64062858]"
1747093068.917343,"[ 0.          0.15702402  0.4668347  -2.86956939 -2.11148754  1.2541229
  0.98686484  2.50204197]","[ 0.00000000e+00  1.32374398e-05 -4.11260274e-02 -6.90748961e-02
 -7.28310892e-02 -1.28166309e-01  1.48553606e-01 -1.39797165e-01]","[ 0.         -0.29352373 11.64031219 -0.86078501 -5.9262042  -1.00072396
  0.78654486 -1.66086018]"
1747093068.9190366,"[ 0.          0.15702356  0.46675986 -2.86971134 -2.11162922  1.25386884
  0.98716164  2.50175089]","[ 0.00000000e+00  5.29497611e-06 -3.72734528e-02 -6.94150525e-02
 -7.96787588e-02 -1.28296304e-01  1.42436491e-01 -1.49634000e-01]","[ 0.         -0.34865832 11.67397881 -0.9262746  -5.78977442 -1.02817678
  0.84683818 -1.64543033]"
1747093068.9222949,"[ 0.          0.15702356  0.46669465 -2.86985009 -2.11179194  1.25359773
  0.98743755  2.50143504]","[ 0.00000000e+00  5.29497611e-06 -3.13313079e-02 -7.02253442e-02
 -8.29199257e-02 -1.33968346e-01  1.38830105e-01 -1.54974903e-01]","[ 0.         -0.42280582 11.57690144 -0.9942432  -5.5384469  -1.03075898
  0.88081944 -1.67263389]"
1747093068.9239676,"[ 0.          0.15702356  0.46662484 -2.87007459 -2.11207423  1.25318294
  0.98782757  2.50097564]","[ 0.          0.         -0.01917692 -0.07589739 -0.08985133 -0.14261146
  0.12250001 -0.15514869]","[ 0.         -0.48258209 11.2342453  -1.04811406 -5.06807423 -1.13736582
  0.86552119 -1.67869544]"
1747093068.925132,"[ 0.          0.15702311  0.46660923 -2.87014996 -2.11216238  1.25302595
  0.98794362  2.50081213]","[ 0.00000000e+00 -5.29497611e-06 -1.59357516e-02 -7.64375836e-02
 -8.94022679e-02 -1.47953396e-01  1.17762503e-01 -1.53971840e-01]","[ 0.         -0.50973284 11.08430576 -1.07202983 -4.90874624 -1.11050928
  0.89129061 -1.67380965]"
1747093068.9269285,"[ 0.          0.15702311  0.46658626 -2.87031161 -2.11234747  1.25271676
  0.98817098  2.5005056 ]","[ 0.00000000e+00 -5.29497611e-06 -1.02637042e-02 -8.04074995e-02
 -9.02125596e-02 -1.59357518e-01  1.09335047e-01 -1.55576145e-01]","[ 0.         -0.52262962 10.74744415 -1.09171093 -4.66554308 -1.15289032
  0.97933227 -1.67920542]"
1747093068.9286716,"[ 0.          0.15702311  0.46657847 -2.87039364 -2.11243562  1.25254658
  0.98827278  2.5003498 ]","[ 0.00000000e+00 -5.29497611e-06 -7.83282698e-03 -8.31900202e-02
 -8.94022679e-02 -1.60090303e-01  1.03177236e-01 -1.58007029e-01]","[ 0.         -0.60281867 10.46990776 -1.10750759 -4.55666256 -1.19143856
  0.99378186 -1.72478914]"
1747093068.930393,"[ 0.          0.15702311  0.46656608 -2.87057607 -2.11261246  1.25222886
  0.988463    2.50001771]","[ 0.00000000e+00 -5.29497611e-06 -5.67204678e-03 -9.02766419e-02
 -8.99424568e-02 -1.60978101e-01  9.46300947e-02 -1.62973591e-01]","[ 0.         -0.6409533   9.98718739 -1.12024081 -4.28905249 -1.20092654
  1.00774109 -1.722435  ]"
1747093068.9315453,"[ 0.          0.15702311  0.46656102 -2.87067007 -2.11270806  1.25207187
  0.98855628  2.49985419]","[ 0.00000000e+00 -7.94246417e-06 -5.13185212e-03 -9.53444128e-02
 -9.00258803e-02 -1.59357518e-01  8.76863932e-02 -1.65839851e-01]","[ 0.         -0.61653042  9.81108475 -1.11284947 -4.16689301 -1.22160184
  1.03129327 -1.6921761 ]"
1747093068.9333794,"[ 0.          0.15702311  0.46655    -2.87086901 -2.1128801   1.25175029
  0.988718    2.49951064]","[ 0.00000000e+00 -7.95448397e-06 -5.53419179e-03 -1.02366944e-01
 -8.61610926e-02 -1.56116334e-01  7.99488533e-02 -1.68516412e-01]","[ 0.         -0.598607    9.31272888 -1.09445858 -4.02101374 -1.29968941
  1.0408721  -1.71785724]"
1747093068.9345582,"[ 0.          0.15702311  0.46653346 -2.87108153 -2.11304948  1.25144683
  0.98888731  2.49918067]","[ 0.00000000e+00 -7.95448397e-06 -8.06230408e-03 -1.05071983e-01
 -8.16736163e-02 -1.53259927e-01  7.67797665e-02 -1.64759457e-01]","[ 0.         -0.59519863  8.90229797 -1.07135081 -4.01810741 -1.34654105
  1.07690144 -1.71388984]"
1747093068.9363024,"[ 0.          0.15702311  0.46652291 -2.87118673 -2.11312751  1.25128504
  0.98896247  2.49901796]","[ 0.00000000e+00 -7.96050683e-06 -9.72350907e-03 -1.06688505e-01
 -7.91385615e-02 -1.52467221e-01  7.61674891e-02 -1.64862355e-01]","[ 0.         -0.61058676  8.70660877 -1.0600692  -3.99768949 -1.38860452
  1.05272591 -1.74730551]"
1747093068.9380898,"[ 0.          0.15702311  0.46649215 -2.87139898 -2.11327372  1.2509893
  0.98911181  2.49869145]","[ 0.00000000e+00 -1.32574726e-05 -1.65507181e-02 -1.08038994e-01
 -7.21160221e-02 -1.48553606e-01  7.60903157e-02 -1.56981062e-01]","[ 0.         -0.59641975  8.34160137 -1.06621349 -4.10154676 -1.41304529
  1.02864194 -1.71798027]"
1747093068.9398725,"[ 0.          0.15702311  0.46647194 -2.8715143  -2.11327372  1.25084469
  0.98919364  2.49853939]","[ 0.00000000e+00 -1.32574726e-05 -2.05066088e-02 -1.08480596e-01
 -7.21160221e-02 -1.46662928e-01  7.70584829e-02 -1.54225656e-01]","[ 0.         -0.57993764  8.23433495 -1.02372169 -4.10154676 -1.38943744
  1.00272024 -1.71236825]"
1747093068.9410706,"[ 0.          0.15702311  0.46641774 -2.87173055 -2.11348384  1.25054495
  0.9893487   2.49824164]","[ 0.00000000e+00 -1.32574726e-05 -2.85876049e-02 -1.09818294e-01
 -6.82654241e-02 -1.45704856e-01  7.99488533e-02 -1.50444300e-01]","[ 0.         -0.49454677  8.03708935 -0.99400228 -4.3748455  -1.33535898
  1.0124253  -1.686167  ]"
1747093068.9428723,"[ 0.          0.15702311  0.46638562 -2.87183894 -2.11354882  1.25040327
  0.98943618  2.49806002]","[ 0.00000000e+00 -1.32574726e-05 -3.26817948e-02 -1.09929672e-01
 -6.59037828e-02 -1.43691855e-01  8.22520548e-02 -1.49610864e-01]","[ 0.         -0.51288652  7.96224976 -1.01231837 -4.50471878 -1.30737913
  1.00076711 -1.67289591]"
1747093068.9440212,"[ 0.          0.15702311  0.46630756 -2.87206158 -2.1136186   1.25011884
  0.98960936  2.49776121]","[ 0.00000000e+00 -1.32675109e-05 -4.12830416e-02 -1.07228694e-01
 -6.57013367e-02 -1.36919578e-01  8.96723623e-02 -1.52247543e-01]","[ 0.         -0.45534748  7.98374701 -0.92926943 -4.66645908 -1.20688653
  0.96656233 -1.6268084 ]"
1747093068.9456868,"[ 0.          0.15702311  0.46626345 -2.87216624 -2.11368385  1.24998755
  0.9897007   2.49759663]","[ 0.00000000e+00 -1.85745164e-05 -4.48361812e-02 -1.06040758e-01
 -6.61738814e-02 -1.33158055e-01  9.25495667e-02 -1.54829112e-01]","[ 0.         -0.3910335   7.97967434 -0.91641051 -4.77316856 -1.21302354
  0.96821088 -1.64815211]"
1747093068.9473526,"[ 0.          0.15702311  0.46616657 -2.87237929 -2.1138186   1.24972682
  0.98989571  2.49728184]","[ 0.00000000e+00 -1.85604623e-05 -4.83474467e-02 -1.02907141e-01
 -6.96851469e-02 -1.31267377e-01  9.50412452e-02 -1.60978101e-01]","[ 0.         -0.32622281  8.03786945 -0.88253373 -5.10425091 -1.1640501
  0.93144161 -1.64402819]"
1747093068.948498,"[ 0.          0.15702311  0.46611607 -2.87247809 -2.11389317  1.24959753
  0.98999085  2.49711912]","[ 0.00000000e+00 -1.85745164e-05 -5.13185192e-02 -1.00206163e-01
 -7.02151659e-02 -1.31267377e-01  9.64247990e-02 -1.65029551e-01]","[ 0.         -0.28400761  8.15748119 -0.84138507 -5.23771572 -1.13985193
  0.89782399 -1.62609684]"
1747093068.9502096,"[ 0.          0.15702311  0.46600036 -2.87267544 -2.11403352  1.24932921
  0.99018393  2.4967785 ]","[ 0.00000000e+00 -1.85604623e-05 -5.79275154e-02 -9.96659659e-02
 -7.15758332e-02 -1.30186982e-01  9.92951623e-02 -1.65197097e-01]","[ 0.         -0.19865595  8.31220245 -0.80992913 -5.43305302 -1.11922622
  0.93222934 -1.64201665]"
1747093068.9518754,"[ 0.          0.15702311  0.46587912 -2.87289488 -2.11418612  1.24903147
  0.99029046  2.49645413]","[ 0.00000000e+00 -2.38634509e-05 -6.23293004e-02 -9.99360687e-02
 -7.58973946e-02 -1.37106723e-01  1.00307380e-01 -1.63783059e-01]","[ 0.         -0.125146    8.52075958 -0.77233148 -5.6065588  -1.08587134
  0.95756298 -1.64244378]"
1747093068.9535925,"[ 0.          0.15702311  0.4658176  -2.87299635 -2.11426282  1.24889352
  0.99039133  2.49628182]","[ 0.00000000e+00 -2.38815200e-05 -6.23925172e-02 -1.02907141e-01
 -7.77880725e-02 -1.39910499e-01  1.02366944e-01 -1.62247197e-01]","[ 0.         -0.07649864  8.5983057  -0.77086353 -5.65265942 -1.03161168
  0.94153595 -1.64587033]"
1747093068.9546878,"[ 0.          0.15702311  0.46568398 -2.87321046 -2.11442021  1.24861482
  0.9906139   2.49597183]","[ 0.00000000e+00 -2.38632132e-05 -6.62028724e-02 -1.04973138e-01
 -8.09471475e-02 -1.42611461e-01  1.10087356e-01 -1.56386445e-01]","[ 0.          0.03575234  8.84912109 -0.79119581 -5.67710114 -1.03138351
  0.92643416 -1.6439271 ]"
1747093068.9563267,"[ 0.          0.15702311  0.465616   -2.87331513 -2.11450943  1.24846169
  0.99072622  2.49582056]","[ 0.00000000e+00 -2.38634509e-05 -6.88748552e-02 -1.06148308e-01
 -8.40074359e-02 -1.44056226e-01  1.13981131e-01 -1.53415373e-01]","[ 0.          0.08214136  9.00956631 -0.72464877 -5.65567303 -1.08001745
  0.91758949 -1.65956485]"
1747093068.9583678,"[ 0.          0.15702356  0.46548008 -2.87352312 -2.1146828   1.24816674
  0.99096018  2.49551324]","[ 0.00000000e+00 -1.85604623e-05 -6.86047607e-02 -1.04257622e-01
 -8.88620706e-02 -1.50444300e-01  1.20585779e-01 -1.48553606e-01]","[ 0.          0.24530497  9.31381989 -0.63484681 -5.6073246  -1.09663212
  0.89907068 -1.7007339 ]"
1747093068.960068,"[ 0.          0.15702356  0.46534233 -2.87373378 -2.11487082  1.24786514
  0.99122083  2.49536969]","[ 0.00000000e+00 -1.85602774e-05 -6.75243704e-02 -1.02263222e-01
 -9.31227871e-02 -1.46950316e-01  1.29237665e-01 -1.45582533e-01]","[ 0.          0.35115072  9.5403347  -0.59272474 -5.44841576 -1.15563202
  0.87379318 -1.66216075]"
1747093068.9618173,"[ 0.          0.15702402  0.4652087  -2.87393325 -2.1150599   1.24757792
  0.99148915  2.49507674]","[ 0.00000000e+00 -1.32574726e-05 -6.80645635e-02 -1.00746360e-01
 -9.63271025e-02 -1.46244512e-01  1.36939419e-01 -1.42436491e-01]","[ 0.          0.48506409  9.90720844 -0.45328861 -5.32315111 -1.14404964
  0.83816999 -1.67878771]"
1747093068.9635594,"[ 0.          0.15702402  0.46514119 -2.87403205 -2.11515551  1.24743704
  0.99163655  2.49493586]","[ 0.00000000e+00 -1.32574726e-05 -6.86047607e-02 -1.00206163e-01
 -9.69649962e-02 -1.42881572e-01  1.38925729e-01 -1.42881572e-01]","[ 0.          0.53990227  9.96615314 -0.48387969 -5.23648643 -1.14753127
  0.80685884 -1.70294392]"
1747093068.9653502,"[ 0.          0.15702402  0.46500344 -2.87423765 -2.11535711  1.24714409
  0.99191625  2.49465809]","[ 0.00000000e+00 -1.32574726e-05 -6.74559521e-02 -9.96659659e-02
 -9.88027771e-02 -1.42611461e-01  1.41657500e-01 -1.39910499e-01]","[ 0.          0.62634212 10.22303391 -0.38833311 -5.02447462 -1.15564418
  0.74765199 -1.71078646]"
1747093068.9670122,"[ 0.          0.15702447  0.4649355  -2.87433405 -2.11545245  1.24714409
  0.99205614  2.49451162]","[ 0.00000000e+00 -7.95448397e-06 -6.88748552e-02 -9.76762183e-02
 -9.66948934e-02 -1.42611461e-01  1.41801177e-01 -1.37922649e-01]","[ 0.          0.73364818 10.36373234 -0.3187916  -4.91610909 -1.15564418
  0.76562488 -1.71770799]"
1747093068.9681463,"[ 0.          0.15702447  0.46478809 -2.87452979 -2.11564074  1.24686153
  0.9923339   2.49424237]","[ 0.00000000e+00 -7.95448397e-06 -7.27228567e-02 -9.42889438e-02
 -9.52478066e-02 -1.44625560e-01  1.33158055e-01 -1.35859032e-01]","[ 0.          0.8375389  10.51186562 -0.24595001 -4.76582623 -1.19028997
  0.7849316  -1.72504354]"
1747093068.9703925,"[ 0.          0.15702447  0.46464481 -2.87470556 -2.11583461  1.24656286
  0.99258697  2.49395981]","[ 0.00000000e+00 -7.95448397e-06 -7.25826079e-02 -8.80517789e-02
 -9.39939238e-02 -1.46662928e-01  1.27356841e-01 -1.37922649e-01]","[ 0.          0.97335863 10.6877203  -0.13497831 -4.67075062 -1.20183873
  0.78541332 -1.73838639]"
1747093068.972121,"[ 0.          0.15702494  0.46449468 -2.87488    -2.11602423  1.24626791
  0.99283431  2.49367832]","[ 0.00000000e+00 -5.30700455e-06 -7.34751581e-02 -8.46800005e-02
 -9.69649962e-02 -1.51524678e-01  1.18722481e-01 -1.44502155e-01]","[ 0.          1.0578264  10.77483368 -0.05996982 -4.59661293 -1.19376075
  0.75170636 -1.75980163]"
1747093068.9732888,"[ 0.          0.15702494  0.4644221  -2.87488    -2.11612836  1.24610053
  0.9929475   2.49352971]","[ 0.00000000e+00 -5.30700455e-06 -7.34665111e-02 -8.46800005e-02
 -9.79582305e-02 -1.57482586e-01  1.14791431e-01 -1.50714395e-01]","[ 0.          1.07403684 10.84970093 -0.05996982 -4.60692167 -1.20755041
  0.7312364  -1.77004218]"
1747093068.9750693,"[ 0.          0.15702539  0.46428159 -2.87504352 -2.11632091  1.24578082
  0.9931682   2.49320055]","[ 0.          0.         -0.07022534 -0.08237973 -0.09767622 -0.16297359
  0.10582429 -0.16502955]","[ 0.          1.12234449 10.9888792   0.01949613 -4.61291552 -1.18612409
  0.72942901 -1.78581989]"
1747093068.9762852,"[ 0.          0.15702539  0.46420859 -2.8751322  -2.1164245   1.24560678
  0.9932728   2.49303223]","[ 0.          0.         -0.06871056 -0.0835059  -0.09754893 -0.16400257
  0.10604076 -0.17052865]","[ 0.          1.14659715 11.02428913  0.08018655 -4.64059019 -1.17679858
  0.71994728 -1.80988395]"
1747093068.9775176,"[ 0.          0.15702585  0.4640722  -2.87530344 -2.11661572  1.24527668
  0.99348406  2.49266126]","[ 0.00000000e+00  5.30298914e-06 -6.88748552e-02 -8.72414871e-02
 -9.64247990e-02 -1.68810924e-01  1.08038994e-01 -1.84565586e-01]","[ 0.          1.16304898 11.00871181  0.10692551 -4.64999962 -1.20260417
  0.69689667 -1.8069917 ]"
1747093068.9798844,"[ 0.          0.15702585  0.46400562 -2.87539159 -2.11671026  1.24510824
  0.9936001   2.49247297]","[ 0.00000000e+00  5.30298914e-06 -6.75243704e-02 -8.94022679e-02
 -9.57874546e-02 -1.70701602e-01  1.09335047e-01 -1.90958920e-01]","[ 0.          1.17233396 10.98825836  0.12620495 -4.6883359  -1.21631444
  0.66829586 -1.79314637]"
1747093068.9810758,"[ 0.          0.15702632  0.46387522 -2.87557855 -2.11691186  1.24475444
  0.99382268  2.49208948]","[ 0.00000000e+00  1.06141148e-05 -6.23925172e-02 -9.26434348e-02
 -9.89603613e-02 -1.74482974e-01  1.13981131e-01 -1.95820670e-01]","[ 0.          1.2167722  10.96392727  0.23055524 -4.79323673 -1.19689548
  0.59452331 -1.77096212]"
1747093068.984107,"[ 0.          0.15702632  0.46375122 -2.87576444 -2.11711107  1.24439864
  0.9940605   2.49167562]","[ 0.00000000e+00  1.32574726e-05 -6.29327103e-02 -9.39939238e-02
 -1.02366944e-01 -1.82315797e-01  1.17249237e-01 -2.03447148e-01]","[ 0.          1.21722448 10.89399433  0.30123812 -4.90176058 -1.20666814
  0.59450722 -1.77305424]"
1747093068.9846566,"[ 0.          0.15702632  0.46368511 -2.87585818 -2.11721493  1.24421688
  0.99418227  2.49147109]","[ 0.00000000e+00  1.32574726e-05 -6.21905789e-02 -9.50743100e-02
 -1.05338016e-01 -1.84206475e-01  1.23559864e-01 -2.07434866e-01]","[ 0.          1.23585629 10.80820751  0.38305151 -4.91505814 -1.15179837
  0.58072734 -1.78528392]"
1747093068.9868486,"[ 0.          0.15702677  0.46356663 -2.87605499 -2.11742878  1.24382779
  0.99443627  2.49103353]","[ 0.00000000e+00  1.85604623e-05 -5.91513461e-02 -9.52478066e-02
 -1.04257622e-01 -1.91229014e-01  1.29106596e-01 -2.14156268e-01]","[ 0.          1.27153158 10.65018082  0.45737389 -4.86579227 -1.12914789
  0.56151694 -1.75733781]"
1747093068.987971,"[ 0.          0.15702723  0.46344772 -2.87623928 -2.11763598  1.24343591
  0.99470265  2.49060823]","[ 0.00000000e+00  2.38634509e-05 -5.79275154e-02 -9.26434348e-02
 -1.04257622e-01 -1.90834800e-01  1.30186982e-01 -2.15049576e-01]","[ 0.          1.26187789 10.46929169  0.50430417 -4.92424536 -1.10095942
  0.54984307 -1.76155913]"
1747093068.9897003,"[ 0.          0.15702723  0.46333244 -2.8764257  -2.1178453   1.24307052
  0.9949671   2.49016987]","[ 0.00000000e+00  2.38634509e-05 -5.86111530e-02 -8.99424568e-02
 -1.02366944e-01 -1.83396192e-01  1.35048741e-01 -2.12150109e-01]","[ 0.          1.24405563 10.22584724  0.56680787 -4.95384169 -1.15593088
  0.53206801 -1.7826854 ]"
1747093068.9914734,"[ 0.          0.15702768  0.46327645 -2.87651199 -2.1179465   1.24289369
  0.99510312  2.48996534]","[ 0.00000000e+00  2.65149452e-05 -5.67204709e-02 -8.75115816e-02
 -1.02533050e-01 -1.79344725e-01  1.38019813e-01 -2.07434866e-01]","[ 0.          1.25411904 10.15349007  0.5801602  -4.99939871 -1.19606757
  0.53100061 -1.81279528]"
1747093068.992634,"[ 0.          0.15702768  0.46316716 -2.87667604 -2.11815396  1.2425303
  0.99539041  2.48957039]","[ 0.00000000e+00  2.64948971e-05 -5.21288109e-02 -8.21096340e-02
 -1.01561229e-01 -1.77293308e-01  1.40990877e-01 -1.98791743e-01]","[ 0.          1.27206409  9.92439747  0.63823587 -5.04288483 -1.22597384
  0.53206199 -1.81440306]"
1747093068.9943967,"[ 0.          0.15702768  0.46311662 -2.87676046 -2.11825436  1.24235706
  0.99553502  2.48936506]","[ 0.00000000e+00  2.65149452e-05 -5.12665251e-02 -7.94936025e-02
 -1.01826747e-01 -1.75385486e-01  1.46662928e-01 -1.93342482e-01]","[ 0.          1.20552957  9.80330467  0.61194432 -5.02131557 -1.23216426
  0.5407151  -1.79754877]"
1747093068.9961066,"[ 0.          0.15702768  0.46301286 -2.87690081 -2.11845596  1.24199753
  0.99583376  2.48899302]","[ 0.00000000e+00  2.65149452e-05 -5.29391068e-02 -6.83346621e-02
 -1.01826747e-01 -1.75537919e-01  1.53571118e-01 -1.87177547e-01]","[ 0.          1.1863085   9.6067276   0.58369982 -4.94414806 -1.24430394
  0.51296759 -1.7849412 ]"
1747093068.997784,"[ 0.          0.15702768  0.462955   -2.87696845 -2.11856409  1.24182443
  0.99600021  2.48881139]","[ 0.00000000e+00  2.65149452e-05 -5.44167575e-02 -6.36951900e-02
 -1.01811991e-01 -1.75563352e-01  1.56582853e-01 -1.84206475e-01]","[ 0.          1.16700304  9.50783825  0.54172176 -4.90738535 -1.20476997
  0.513179   -1.75500154]"
1747093068.999465,"[ 0.          0.15702815  0.46284754 -2.8770795  -2.11876569  1.24147422
  0.99632079  2.48843828]","[ 0.00000000e+00  3.18176189e-05 -5.45596902e-02 -5.46150798e-02
 -1.02096849e-01 -1.78534425e-01  1.65029551e-01 -1.82585892e-01]","[ 0.          1.08490515  9.35461617  0.46688649 -4.79337406 -1.19201529
  0.56250852 -1.74427712]"
1747093069.0006335,"[ 0.          0.15702815  0.46273319 -2.87717325 -2.11896889  1.24111083
  0.9966652   2.48808062]","[ 0.00000000e+00  3.18179359e-05 -5.66203569e-02 -4.51062798e-02
 -9.85855797e-02 -1.76374917e-01  1.67830415e-01 -1.80425119e-01]","[ 0.          0.95618409  9.16847801  0.37717018 -4.7201252  -1.20468283
  0.66068089 -1.75377107]"
1747093069.0023313,"[ 0.          0.15702768  0.46267444 -2.87721559 -2.11906636  1.24093773
  0.99682978  2.4878942 ]","[ 0.00000000e+00  3.17938749e-05 -5.96915434e-02 -3.98721862e-02
 -9.88556741e-02 -1.75563352e-01  1.66920246e-01 -1.75372786e-01]","[ 0.          0.89242262  9.10602283  0.31123593 -4.71985149 -1.23314679
  0.67010468 -1.75647902]"
1747093069.0041275,"[ 0.          0.15702768  0.46254907 -2.87727977 -2.11926796  1.24058765
  0.99715609  2.48755571]","[ 0.00000000e+00  3.18182529e-05 -6.42831993e-02 -3.02202662e-02
 -9.84592959e-02 -1.78534425e-01  1.57733356e-01 -1.69621207e-01]","[ 0.          0.80258048  9.03395176  0.15037526 -4.66955757 -1.23499691
  0.71783048 -1.75330353]"
1747093069.0059304,"[ 0.          0.15702768  0.46241821 -2.87733064 -2.11946637  1.24022706
  0.99745097  2.48722548]","[ 0.00000000e+00  3.17938749e-05 -6.36352689e-02 -2.32048487e-02
 -1.01016455e-01 -1.75741601e-01  1.46662928e-01 -1.66920246e-01]","[ 0.          0.64416313  9.0347147  -0.01923179 -4.63052416 -1.20270956
  0.73936677 -1.74356961]"
1747093069.0077488,"[ 0.          0.15702768  0.46235529 -2.87735195 -2.11956677  1.24004916
  0.99758985  2.48705131]","[ 0.00000000e+00  3.18179359e-05 -6.37430062e-02 -2.16077989e-02
 -1.01826747e-01 -1.80242310e-01  1.40990877e-01 -1.64002570e-01]","[ 0.          0.58746564  9.01294041 -0.08460145 -4.59006691 -1.16020691
  0.76340878 -1.74539816]"
1747093069.0088022,"[ 0.          0.15702768  0.4622258  -2.87739216 -2.11977849  1.23968577
  0.99786003  2.48672507]","[ 0.00000000e+00  3.18179359e-05 -6.67140745e-02 -1.88076348e-02
 -1.03818142e-01 -1.77544062e-01  1.30901134e-01 -1.66109946e-01]","[ 0.          0.42451859  8.98294735 -0.27176222 -4.49829865 -1.1475935
  0.84362459 -1.75584102]"
1747093069.010591,"[ 0.          0.15702723  0.46215372 -2.87741054 -2.11988129  1.23951267
  0.99798653  2.48656235]","[ 0.00000000e+00  2.65149452e-05 -6.79582534e-02 -1.86367264e-02
 -1.04257622e-01 -1.75563352e-01  1.28296304e-01 -1.65029551e-01]","[ 0.          0.3580696   8.97913074 -0.38406447 -4.44403505 -1.14607477
  0.83303231 -1.72923446]"
1747093069.0122523,"[ 0.          0.15702723  0.4620201  -2.87744649 -2.12008342  1.23914928
  0.99823294  2.48622759]","[ 0.00000000e+00  3.18182529e-05 -6.80645635e-02 -1.80965312e-02
 -1.02096849e-01 -1.76374917e-01  1.24514940e-01 -1.62058479e-01]","[ 0.          0.1866906   8.92815876 -0.5698722  -4.39012957 -1.15419304
  0.85493422 -1.73941755]"
1747093069.014504,"[ 0.          0.15702723  0.46187316 -2.87748271 -2.12029195  1.23881439
  0.99848121  2.48591068]","[ 0.00000000e+00  3.18179359e-05 -7.29736182e-02 -1.78045614e-02
 -1.01556652e-01 -1.66920246e-01  1.20984321e-01 -1.59357518e-01]","[ 0.          0.03115886  8.93959618 -0.75184304 -4.37255669 -1.15289819
  0.87436098 -1.72436285]"
1747093069.0156405,"[ 0.          0.15702677  0.46172529 -2.87751626 -2.12049355  1.23849294
  0.99872476  2.48559882]","[ 0.00000000e+00  2.65146811e-05 -7.50870946e-02 -1.67460433e-02
 -1.03342518e-01 -1.60978101e-01  1.25325232e-01 -1.49363906e-01]","[ 0.         -0.09737436  9.05708694 -0.8692292  -4.30894852 -1.14669478
  0.91007024 -1.71651053]"
1747093069.0178814,"[ 0.          0.15702632  0.46157146 -2.87754982 -2.12070474  1.23817616
  0.99897403  2.48531706]","[ 0.00000000e+00  2.38634509e-05 -7.57320789e-02 -1.60340836e-02
 -1.02907141e-01 -1.51254584e-01  1.20870396e-01 -1.42071272e-01]","[ 0.         -0.22956282  9.1692543  -0.99677932 -4.28292608 -1.1124239
  0.9343065  -1.72633457]"
1747093069.0201523,"[ 0.          0.15702632  0.46141673 -2.87758045 -2.12090314  1.23787269
  0.99920519  2.4850337 ]","[ 0.00000000e+00  2.64948971e-05 -7.90583754e-02 -1.53955564e-02
 -1.01016455e-01 -1.46950316e-01  1.15754413e-01 -1.37792904e-01]","[ 0.         -0.33519047  9.28624153 -1.101596   -4.23652124 -1.08848095
  0.93730384 -1.7528882 ]"
1747093069.0218651,"[ 0.          0.15702632  0.46133866 -2.87759536 -2.12100727  1.23772995
  0.99931551  2.48489867]","[ 0.00000000e+00  2.64748795e-05 -7.91385615e-02 -1.51254588e-02
 -9.80504674e-02 -1.44772250e-01  1.11820358e-01 -1.36939419e-01]","[ 0.         -0.39980441  9.32120514 -1.15523243 -4.26910448 -1.02732921
  0.93750417 -1.7695992 ]"
1747093069.0238674,"[ 0.          0.15702585  0.46117564 -2.87762519 -2.12119742  1.23745218
  0.99954481  2.4846257 ]","[ 0.00000000e+00  2.38454062e-05 -8.07474437e-02 -1.45852636e-02
 -9.63271025e-02 -1.39910499e-01  1.12900745e-01 -1.40720783e-01]","[ 0.         -0.48139468  9.3519783  -1.21936059 -4.40016174 -1.02730072
  0.93992978 -1.78246367]"
1747093069.0252738,"[ 0.          0.15702585  0.46101399 -2.87765448 -2.1213921   1.23716389
  0.99976645  2.48432103]","[ 0.00000000e+00  2.64748795e-05 -8.21096340e-02 -1.48553612e-02
 -9.44507724e-02 -1.42302484e-01  1.11820358e-01 -1.51371164e-01]","[ 0.         -0.55541128  9.40893555 -1.27026808 -4.51977682 -0.97579545
  0.92091727 -1.76727343]"
1747093069.0270038,"[ 0.          0.15702539  0.46085007 -2.87768937 -2.12157586  1.23688613
  1.00000141  2.48400438]","[ 0.00000000e+00  2.38094022e-05 -7.94936025e-02 -1.78264326e-02
 -9.31836320e-02 -1.39910499e-01  1.15601723e-01 -1.63783059e-01]","[ 0.         -0.6379922   9.5409708  -1.30184901 -4.68562746 -0.95823026
  0.90871781 -1.75218976]"
1747093069.028838,"[ 0.          0.15702539  0.46077108 -2.87770828 -2.12166667  1.23674058
  1.00011846  2.48382276]","[ 0.00000000e+00  2.38094022e-05 -8.02189477e-02 -1.91769216e-02
 -9.21032375e-02 -1.36919578e-01  1.18842890e-01 -1.71024094e-01]","[ 0.         -0.65090472  9.61639309 -1.28459549 -4.73157406 -0.95785314
  0.88304812 -1.77313519]"
1747093069.029944,"[ 0.          0.15702539  0.46061222 -2.87775328 -2.12185309  1.2364732
  1.00037146  2.48346882]","[ 0.00000000e+00  2.38096379e-05 -8.04074995e-02 -2.29582858e-02
 -9.01211549e-02 -1.35048741e-01  1.24381158e-01 -1.81235403e-01]","[ 0.         -0.73248678  9.74283695 -1.29663169 -4.86616898 -0.90366256
  0.86121458 -1.74030232]"
1747093069.0323157,"[ 0.          0.15702539  0.46044873 -2.87780655 -2.12203046  1.23619544
  1.00062925  2.48308453]","[ 0.00000000e+00  2.38094022e-05 -7.99198831e-02 -2.86303320e-02
 -9.04826541e-02 -1.36295616e-01  1.31943844e-01 -1.88651008e-01]","[ 0.         -0.73978579  9.87120533 -1.2631501  -5.0121398  -0.88474029
  0.79042232 -1.70812619]"
1747093069.033482,"[ 0.          0.15702539  0.46036791 -2.87783584 -2.12211941  1.23606135
  1.00076627  2.48289038]","[ 0.00000000e+00  2.38273920e-05 -8.21096340e-02 -2.97107224e-02
 -9.02125596e-02 -1.35991200e-01  1.38830105e-01 -1.96901065e-01]","[ 0.         -0.74251688  9.92703152 -1.26769912 -5.07012844 -0.87665224
  0.77687681 -1.69817984]"
1747093069.0346706,"[ 0.          0.15702539  0.46020033 -2.87790109 -2.1223037   1.23579024
  1.00106501  2.48248905]","[ 0.00000000e+00  2.38094022e-05 -8.07474437e-02 -3.26486822e-02
 -8.99424568e-02 -1.38830105e-01  1.48553606e-01 -2.07434866e-01]","[ 0.         -0.7598033  10.0015583  -1.20638943 -5.18711376 -0.90631539
  0.73738128 -1.6938026 ]"
1747093069.0364203,"[ 0.          0.15702539  0.4601218  -2.87793358 -2.12239398  1.23564842
  1.00121435  2.48226161]","[ 0.00000000e+00  2.38094022e-05 -7.96787588e-02 -3.29518914e-02
 -9.14702707e-02 -1.43691855e-01  1.51524678e-01 -2.14156268e-01]","[ 0.         -0.71762401 10.09592152 -1.12517357 -5.2375288  -0.88565207
  0.65904915 -1.70032644]"
1747093069.0382035,"[ 0.          0.15702539  0.45996843 -2.87800149 -2.12258599  1.23534309
  1.00153113  2.48182219]","[ 0.00000000e+00  2.38273920e-05 -7.71696116e-02 -3.31014362e-02
 -9.39939238e-02 -1.50561696e-01  1.56730293e-01 -2.26382175e-01]","[ 0.         -0.69552356 10.20595741 -1.04094756 -5.3041501  -0.84983641
  0.63212007 -1.67576492]"
1747093069.0393484,"[ 0.          0.15702494  0.45989496 -2.87803505 -2.12268054  1.23519182
  1.00168712  2.48159556]","[ 0.00000000e+00  1.85184257e-05 -7.45469056e-02 -3.40322817e-02
 -9.58846017e-02 -1.53415373e-01  1.58116751e-01 -2.29852956e-01]","[ 0.         -0.68476462 10.21882534 -1.01712906 -5.32039022 -0.85245824
  0.65426636 -1.67241645]"
1747093069.0410576,"[ 0.          0.15702494  0.45975169 -2.87810669 -2.12287575  1.23486745
  1.00200391  2.48111539]","[ 0.00000000e+00  1.85184257e-05 -6.86047607e-02 -3.72734528e-02
 -9.90253425e-02 -1.58277123e-01  1.60167801e-01 -2.35254896e-01]","[ 0.         -0.64099562 10.24576569 -0.91243339 -5.35503817 -0.82017541
  0.64619076 -1.65837526]"
1747093069.0427754,"[ 0.          0.15702494  0.45968604 -2.87814637 -2.12298281  1.23471046
  1.00217422  2.48088396]","[ 0.00000000e+00  1.85184257e-05 -6.64439800e-02 -4.02037498e-02
 -1.00808920e-01 -1.59357518e-01  1.60491808e-01 -2.34714707e-01]","[ 0.         -0.6324985  10.22615147 -0.85357678 -5.32785225 -0.80101329
  0.61807829 -1.63833499]"
1747093069.0445101,"[ 0.          0.15702494  0.45954872 -2.87823771 -2.12318627  1.2343966
  1.00249286  2.48043042]","[ 0.00000000e+00  1.85184257e-05 -6.66464801e-02 -4.56464729e-02
 -1.03987527e-01 -1.50444300e-01  1.63138873e-01 -2.28502467e-01]","[ 0.         -0.5682866  10.17164803 -0.76353687 -5.31037903 -0.81925416
  0.5919134  -1.60909402]"
1747093069.0462618,"[ 0.          0.15702494  0.45941969 -2.87833359 -2.12339639  1.23410552
  1.00281251  2.47997183]","[ 0.00000000e+00  1.85044548e-05 -6.50934910e-02 -4.94278371e-02
 -1.01561229e-01 -1.46662928e-01  1.60978101e-01 -2.23910811e-01]","[ 0.         -0.49775466 10.14535522 -0.68079966 -5.21721745 -0.90707058
  0.56657678 -1.58180428]"
1747093069.0479698,"[ 0.          0.15702494  0.45935587 -2.87838792 -2.12349786  1.23396464
  1.00298755  2.47975691]","[ 0.00000000e+00  1.85184257e-05 -6.48233924e-02 -5.11086413e-02
 -1.02907141e-01 -1.42881572e-01  1.64754880e-01 -2.17968666e-01]","[ 0.         -0.45601985 10.13005447 -0.62125093 -5.16062117 -0.91493303
  0.57901347 -1.55111706]"
1747093069.049492,"[ 0.          0.15702494  0.45921902 -2.87849284 -2.1236976   1.23367835
  1.00331485  2.47932015]","[ 0.00000000e+00  1.85186086e-05 -6.75243704e-02 -5.42895916e-02
 -1.01016455e-01 -1.37749710e-01  1.66751119e-01 -2.11397816e-01]","[ 0.         -0.34357381 10.10353851 -0.50853109 -4.96340179 -1.00263619
  0.53227282 -1.52537763]"
1747093069.05179,"[ 0.          0.15702539  0.45901332 -2.87866888 -2.12400439  1.2332617
  1.00381139  2.47871694]","[ 0.00000000e+00  2.38094022e-05 -6.69551780e-02 -5.84290511e-02
 -1.01016455e-01 -1.38795034e-01  1.63138873e-01 -1.98590325e-01]","[ 0.         -0.22988713 10.06537628 -0.35068709 -4.6530242  -1.07464516
  0.45503339 -1.53433263]"
1747093069.0540938,"[ 0.          0.15702539  0.45886728 -2.87878073 -2.12420546  1.23299245
  1.00413297  2.47832306]","[ 0.00000000e+00  2.38094022e-05 -6.94150525e-02 -5.56400806e-02
 -9.76408732e-02 -1.36129127e-01  1.63138873e-01 -1.91229014e-01]","[ 0.         -0.15543266 10.02156639 -0.24802575 -4.54898453 -1.11381948
  0.43303189 -1.55709386]"
1747093069.0557723,"[ 0.          0.15702539  0.4587254  -2.87889232 -2.12439162  1.23272134
  1.00446493  2.47795608]","[ 0.00000000e+00  2.38096379e-05 -6.86047607e-02 -5.39152177e-02
 -9.31836320e-02 -1.38830105e-01  1.60978101e-01 -1.85908601e-01]","[ 0.         -0.01914499  9.91029263 -0.21515222 -4.54978466 -1.07120633
  0.40666291 -1.56807315]"
1747093069.0575016,"[ 0.          0.15702539  0.45865929 -2.87894558 -2.12448749  1.2325758
  1.00462479  2.47775901]","[ 0.00000000e+00  2.38094022e-05 -6.69841731e-02 -5.40194971e-02
 -9.02766419e-02 -1.36790773e-01  1.62058479e-01 -1.85568665e-01]","[ 0.00000000e+00 -3.50976619e-03  9.82991695e+00 -1.46146581e-01
 -4.55955505e+00 -1.01374698e+00  4.13873821e-01 -1.59300959e+00]"
1747093069.0585978,"[ 0.          0.15702585  0.45859454 -2.87899725 -2.12457511  1.23244264
  1.00478365  2.47757738]","[ 0.00000000e+00  2.38273920e-05 -6.56336883e-02 -5.23989095e-02
 -8.88620706e-02 -1.35048741e-01  1.60814999e-01 -1.84206475e-01]","[ 0.          0.04560944  9.8221674  -0.1260384  -4.57373905 -1.04430604
  0.40408909 -1.58557999]"
1747093069.060427,"[ 0.          0.15702585  0.45845722 -2.87910004 -2.12475008  1.23217912
  1.00511281  2.47721306]","[ 0.00000000e+00  2.38094022e-05 -6.75243704e-02 -4.88998487e-02
 -8.88620706e-02 -1.27139610e-01  1.59357518e-01 -1.84206475e-01]","[ 0.          0.13419615  9.78449249 -0.10235239 -4.65380144 -1.02468741
  0.38701919 -1.60060287]"
1747093069.0615969,"[ 0.          0.15702585  0.45839111 -2.87914505 -2.12484435  1.23205449
  1.00527067  2.47701891]","[ 0.00000000e+00  2.38096379e-05 -6.69841731e-02 -4.56002254e-02
 -8.86885240e-02 -1.26405618e-01  1.60167801e-01 -1.82810213e-01]","[ 0.          0.20088404  9.76717281 -0.04245752 -4.67952871 -0.97719389
  0.39715123 -1.62044263]"
1747093069.0633893,"[ 0.          0.15702585  0.45825885 -2.87923081 -2.12502651  1.23180708
  1.00557893  2.47665752]","[ 0.00000000e+00  1.85184257e-05 -6.69841731e-02 -4.26754004e-02
 -9.39939238e-02 -1.25325232e-01  1.55306051e-01 -1.82131074e-01]","[ 0.          0.28803596  9.76641464 -0.02947174 -4.73572922 -0.95059752
  0.41965586 -1.6013999 ]"
1747093069.0645208,"[ 0.          0.15702585  0.45818768 -2.87927581 -2.12511973  1.2316863
  1.00573586  2.47647856]","[ 0.00000000e+00  1.85184257e-05 -6.68921942e-02 -4.23798686e-02
 -9.45341127e-02 -1.22500009e-01  1.47563675e-01 -1.81505497e-01]","[ 0.          0.30158961  9.84179878 -0.05874472 -4.74859524 -0.95630568
  0.40572196 -1.60363698]"
1747093069.0662203,"[ 0.          0.15702632  0.45805132 -2.87935864 -2.125316    1.2314389
  1.00601749  2.47611131]","[ 0.00000000e+00  2.38094022e-05 -6.99552497e-02 -4.20925135e-02
 -9.55176264e-02 -1.19653181e-01  1.40990877e-01 -1.79614819e-01]","[ 0.          0.34203711  9.81476974 -0.0709547  -4.77317619 -0.94030398
  0.40538439 -1.64505339]"
1747093069.0673811,"[ 0.          0.15702632  0.45798428 -2.87939859 -2.12541134  1.23131905
  1.00615158  2.4759374 ]","[ 0.00000000e+00  1.85184257e-05 -6.80645635e-02 -4.05146197e-02
 -9.66948934e-02 -1.21543868e-01  1.36129127e-01 -1.76373652e-01]","[ 0.          0.38379449  9.76677322 -0.0580065  -4.78843737 -0.91730583
  0.42550704 -1.65349269]"
1747093069.0691547,"[ 0.          0.15702632  0.45785155 -2.87947688 -2.12560069  1.23106512
  1.0064189   2.47557388]","[ 0.00000000e+00  1.85186086e-05 -6.37430062e-02 -3.75435473e-02
 -9.58846017e-02 -1.24244837e-01  1.28296304e-01 -1.78296371e-01]","[ 0.          0.38229397  9.68418789 -0.04516921 -4.79380512 -0.90427834
  0.42327496 -1.68197501]"
1747093069.0709703,"[ 0.          0.15702632  0.45778957 -2.87951337 -2.12570216  1.23093955
  1.00654067  2.47539705]","[ 0.00000000e+00  1.85184257e-05 -6.28689484e-02 -3.70033542e-02
 -9.55427850e-02 -1.27356841e-01  1.23434545e-01 -1.79163014e-01]","[ 0.          0.39383802  9.64417648 -0.07101354 -4.76975918 -0.90045476
  0.38379946 -1.71148872]"
1747093069.0725842,"[ 0.          0.15702632  0.45772665 -2.87958581 -2.12589071  1.23067417
  1.00678615  2.47504018]","[ 0.00000000e+00  1.32274462e-05 -6.37430062e-02 -3.51075830e-02
 -9.58846017e-02 -1.30901134e-01  1.20118094e-01 -1.83396192e-01]","[ 0.          0.44549179  9.54754925 -0.13865572 -4.80642366 -0.86483639
  0.42082143 -1.73936796]"
1747093069.0738423,"[ 0.          0.15702632  0.45760085 -2.87965691 -2.12608592  1.230402
  1.00702969  2.47464737]","[ 0.00000000e+00  1.32275773e-05 -5.99616379e-02 -3.61930625e-02
 -9.54529033e-02 -1.39910499e-01  1.24514940e-01 -1.95820670e-01]","[ 0.          0.43227541  9.35846996 -0.17599085 -4.82169437 -0.83963919
  0.45331922 -1.73225546]"
1747093069.0767379,"[ 0.          0.15702632  0.45753933 -2.8796934  -2.1261802   1.23026032
  1.00715146  2.47445029]","[ 0.00000000e+00  1.05819570e-05 -5.79275154e-02 -3.70033542e-02
 -9.56145072e-02 -1.43546264e-01  1.23434545e-01 -1.99872137e-01]","[ 0.          0.45852005  9.32343864 -0.17238642 -4.81791306 -0.84314781
  0.46409634 -1.70645642]"
1747093069.0778832,"[ 0.          0.15702677  0.45737172 -2.87980072 -2.12646515  1.22982649
  1.00752817  2.47381007]","[ 0.00000000e+00  1.32274462e-05 -5.64503723e-02 -3.40322817e-02
 -9.28717842e-02 -1.42611461e-01  1.24514940e-01 -2.18238761e-01]","[ 0.          0.52446902  9.12502575 -0.23348209 -4.73748541 -0.83303607
  0.45870751 -1.73039711]"
1747093069.0796006,"[ 0.          0.15702677  0.45731063 -2.87983295 -2.12655703  1.22968947
  1.00765087  2.4735877 ]","[ 0.00000000e+00  7.93646773e-06 -5.73719551e-02 -3.26817948e-02
 -9.30892147e-02 -1.38830105e-01  1.24514940e-01 -2.25531395e-01]","[ 0.          0.5383836   9.05816841 -0.24123387 -4.72711182 -0.83385444
  0.47592804 -1.70224845]"
1747093069.0813344,"[ 0.          0.15702677  0.45720317 -2.8798934  -2.12673493  1.2294117
  1.00790201  2.47310247]","[ 0.00000000e+00  7.93646773e-06 -5.32092012e-02 -2.89004307e-02
 -8.91321651e-02 -1.33023140e-01  1.21543868e-01 -2.40988482e-01]","[ 0.          0.50062686  8.98160076 -0.23866789 -4.71587896 -0.86711687
  0.5520246  -1.73246968]"
1747093069.0824869,"[ 0.          0.15702677  0.45714718 -2.87992056 -2.12682575  1.2292824
  1.00801806  2.47285692]","[ 0.00000000e+00  5.29097849e-06 -5.26613765e-02 -2.75499417e-02
 -8.55120470e-02 -1.31267377e-01  1.17643185e-01 -2.49029880e-01]","[ 0.          0.51232284  8.91980934 -0.266215   -4.71273899 -0.88645923
  0.55752105 -1.72149587]"
1747093069.0842237,"[ 0.          0.15702677  0.45704062 -2.87997463 -2.12699246  1.22901888
  1.00824736  2.4723432 ]","[ 0.00000000e+00  5.29097849e-06 -5.39101452e-02 -2.63306883e-02
 -8.40003119e-02 -1.27891911e-01  1.11090428e-01 -2.64425431e-01]","[ 0.          0.51500863  8.83824635 -0.26769611 -4.71706104 -0.89090616
  0.59759128 -1.7581048 ]"
1747093069.0860283,"[ 0.          0.15702677  0.45692124 -2.88002523 -2.12715358  1.22876961
  1.00846041  2.47179246]","[ 0.          0.         -0.0604352  -0.02565926 -0.08102924 -0.12640562
  0.10803899 -0.26928718]","[ 0.          0.52205217  8.73798943 -0.28364101 -4.70926523 -0.88059938
  0.60444975 -1.7710309 ]"
1747093069.0872312,"[ 0.          0.15702723  0.45686062 -2.88005053 -2.1272412   1.22864497
  1.008567    2.47152508]","[ 0.00000000e+00  5.29103081e-06 -6.15822255e-02 -2.56592596e-02
 -8.25028247e-02 -1.26277545e-01  1.08038994e-01 -2.71177859e-01]","[ 0.          0.5221917   8.70283318 -0.29571158 -4.69880295 -0.84234351
  0.60868883 -1.75948226]"
1747093069.0890284,"[ 0.          0.15702723  0.45680047 -2.88007796 -2.12732402  1.22852034
  1.00867825  2.47125876]","[ 0.          0.         -0.06104203 -0.02582915 -0.08400031 -0.12640562
  0.10472261 -0.27009748]","[ 0.          0.53917348  8.68824768 -0.31775847 -4.69988346 -0.85278231
  0.61013436 -1.767416  ]"
1747093069.0902255,"[ 0.          0.15702723  0.45667008 -2.88012669 -2.12749713  1.22825868
  1.00888758  2.47070136]","[ 0.          0.         -0.06806456 -0.02403868 -0.08425821 -0.1285664
  0.1069586  -0.27198816]","[ 0.          0.52597368  8.69626713 -0.33222428 -4.6543541  -0.86512363
  0.59673202 -1.71831024]"
1747093069.0919938,"[ 0.          0.15702723  0.45659431 -2.88015119 -2.12758208  1.22812939
  1.00899411  2.47043212]","[ 0.          0.         -0.07121825 -0.0230707  -0.08616109 -0.13126738
  0.10803899 -0.27306855]","[ 0.          0.52897179  8.72729683 -0.32102317 -4.65445471 -0.85296392
  0.58879304 -1.69105768]"
1747093069.093215,"[ 0.          0.15702723  0.45644737 -2.88019327 -2.12775279  1.22786107
  1.00922241  2.46988217]","[ 0.00000000e+00 -5.29103081e-06 -7.45469056e-02 -2.07764328e-02
 -8.66134472e-02 -1.30901134e-01  1.11707058e-01 -2.66065339e-01]","[ 0.          0.49047449  8.7990675  -0.35041571 -4.66791105 -0.87162888
  0.57116085 -1.68652081]"
1747093069.0949154,"[ 0.          0.15702723  0.45629307 -2.88023269 -2.1279283   1.22760421
  1.00944977  2.4693847 ]","[ 0.00000000e+00 -5.29097849e-06 -7.62336104e-02 -1.88076348e-02
 -8.48106036e-02 -1.29376690e-01  1.15601723e-01 -2.49029880e-01]","[ 0.          0.49361444  8.9471941  -0.33459377 -4.70354891 -0.90784401
  0.53159541 -1.73566401]"
1747093069.0961437,"[ 0.          0.15702723  0.45621454 -2.88025106 -2.12801272  1.22747491
  1.00957634  2.46914874]","[ 0.00000000e+00 -5.29097849e-06 -7.96787588e-02 -1.86367264e-02
 -8.56209037e-02 -1.31267377e-01  1.19002962e-01 -2.39306363e-01]","[ 0.          0.49848351  9.00091171 -0.33715785 -4.72932005 -0.93214583
  0.50036758 -1.76711535]"
1747093069.0978975,"[ 0.          0.15702723  0.45605568 -2.88028755 -2.12818769  1.22720274
  1.00981602  2.46867683]","[ 0.00000000e+00 -5.28698695e-06 -8.10292395e-02 -1.86178429e-02
 -8.51810660e-02 -1.33968346e-01  1.22624254e-01 -2.28450070e-01]","[ 0.          0.5165866   9.21393585 -0.3095091  -4.75533676 -0.95993626
  0.49310002 -1.7915293 ]"
1747093069.099058,"[ 0.          0.15702723  0.4559675  -2.88030672 -2.12827131  1.22706865
  1.00993873  2.46845525]","[ 0.00000000e+00 -7.93646773e-06 -8.30043562e-02 -1.80723464e-02
 -8.48106036e-02 -1.36129127e-01  1.24514940e-01 -2.24493411e-01]","[ 0.          0.52089465  9.31529045 -0.29527098 -4.76183939 -0.96669471
  0.51032341 -1.82589018]"
1747093069.1009061,"[ 0.          0.15702723  0.45579669 -2.88034534 -2.12844149  1.22678995
  1.01019559  2.46800917]","[ 0.00000000e+00 -7.93646773e-06 -8.75115816e-02 -1.99872133e-02
 -8.69713844e-02 -1.43691855e-01  1.24388781e-01 -2.16663951e-01]","[ 0.          0.55143851  9.5184269  -0.2780216  -4.76979733 -0.95317417
  0.47824451 -1.82744336]"
1747093069.1026607,"[ 0.          0.15702723  0.45570301 -2.88036638 -2.12852804  1.22663109
  1.01031643  2.46779798]","[ 0.00000000e+00 -7.93048043e-06 -8.82704993e-02 -2.13377002e-02
 -8.77816761e-02 -1.49457999e-01  1.22624254e-01 -2.14187294e-01]","[ 0.          0.54019046  9.63037491 -0.23982872 -4.808918   -0.94265205
  0.45094875 -1.830217  ]"
1747093069.1038656,"[ 0.          0.15702768  0.45553081 -2.88041511 -2.12871632  1.22632004
  1.0105657   2.46738413]","[ 0.          0.         -0.08697138 -0.02455219 -0.0853508  -0.15908741
  0.1208704  -0.20824515]","[ 0.          0.52507114  9.8421526  -0.20027453 -4.87271118 -0.90832269
  0.3889147  -1.82787752]"
1747093069.1055453,"[ 0.          0.15702768  0.45544585 -2.88043988 -2.12880021  1.22614786
  1.01068362  2.46716522]","[ 0.          0.         -0.08616109 -0.02511906 -0.0849945  -0.16199643
  0.11965318 -0.20613168]","[ 0.          0.54629105  9.96261215 -0.19371545 -4.91097975 -0.92167503
  0.39748046 -1.83268654]"
1747093069.107224,"[ 0.          0.15702768  0.45527734 -2.88049421 -2.12897012  1.22581483
  1.01091578  2.46676015]","[ 0.          0.         -0.08074744 -0.02809014 -0.08183953 -0.16944935
  0.11587182 -0.2050661 ]","[ 0.          0.55875719 10.21003914 -0.1612846  -5.03577042 -0.92712742
  0.40532827 -1.89149833]"
1747093069.1090014,"[ 0.          0.15702768  0.45512444 -2.880552   -2.12913178  1.22546476
  1.01115546  2.46633378]","[ 0.          0.         -0.07724788 -0.02809014 -0.08183953 -0.17002101
  0.11735964 -0.20964243]","[ 0.          0.59774351 10.40488815 -0.10966826 -5.1810689  -0.92599124
  0.38732076 -1.89481986]"
1747093069.1101322,"[ 0.          0.15702768  0.45504455 -2.88057943 -2.129213    1.22529831
  1.01127344  2.46612259]","[ 0.          0.         -0.07515977 -0.02779185 -0.08237973 -0.16881092
  0.11965318 -0.21418729]","[ 0.          0.60781205 10.49860382 -0.0447503  -5.25114202 -0.89090246
  0.36150846 -1.90418148]"
1747093069.111895,"[ 0.          0.15702815  0.45490586 -2.88063509 -2.12938291  1.22496915
  1.01151412  2.46568423]","[ 0.00000000e+00  7.93654595e-06 -6.86047607e-02 -2.68322260e-02
 -8.29199257e-02 -1.65671823e-01  1.22624254e-01 -2.25531395e-01]","[ 0.          0.61248833 10.57675838  0.01598474 -5.29905844 -0.93862623
  0.2926555  -1.88572037]"
1747093069.113128,"[ 0.          0.15702815  0.45484158 -2.88066252 -2.12946654  1.22479498
  1.01164635  2.46543975]","[ 0.00000000e+00  7.93646773e-06 -6.50934910e-02 -2.78200403e-02
 -8.48106036e-02 -1.64002570e-01  1.24264145e-01 -2.30205442e-01]","[ 0.          0.65800124 10.61233711  0.04310117 -5.32002306 -0.97187573
  0.28376424 -1.84912896]"
1747093069.1152315,"[ 0.          0.15702862  0.45471302 -2.88071951 -2.1296455   1.22447819
  1.01190128  2.46497344]","[ 0.00000000e+00  1.32174669e-05 -6.18523200e-02 -2.97107224e-02
 -8.77689595e-02 -1.59357518e-01  1.31267377e-01 -2.38496079e-01]","[ 0.          0.66466242 10.66088867  0.10962963 -5.33815527 -0.99536783
  0.2753337  -1.83367908]"
1747093069.1175416,"[ 0.          0.15702862  0.45459913 -2.88078556 -2.12982154  1.22413478
  1.01216959  2.464493  ]","[ 0.00000000e+00  1.85186086e-05 -5.59101792e-02 -3.29185062e-02
 -8.93116788e-02 -1.53559533e-01  1.36939419e-01 -2.45248507e-01]","[ 0.          0.68655813 10.63312626  0.19709404 -5.32453299 -1.04522967
  0.27028692 -1.85517693]"
1747093069.1193042,"[ 0.          0.15702907  0.45449304 -2.880854   -2.13000982  1.22385901
  1.01245495  2.46398034]","[ 0.00000000e+00  2.64351959e-05 -5.11567654e-02 -3.53827707e-02
 -9.25335627e-02 -1.51101335e-01  1.38830105e-01 -2.52811236e-01]","[ 0.          0.72359067 10.51825905  0.25417572 -5.2491641  -1.03771544
  0.2577489  -1.84161115]"
1747093069.1204734,"[ 0.          0.15702907  0.45439477 -2.88092564 -2.13010064  1.22352784
  1.01271661  2.46341149]","[ 0.00000000e+00  2.64548924e-05 -4.96979357e-02 -3.46060473e-02
 -9.21032375e-02 -1.50714395e-01  1.31267377e-01 -2.61046862e-01]","[ 0.          0.73832452 10.34427452  0.32320726 -5.19237804 -1.07226717
  0.25952336 -1.86040485]"
1747093069.1223273,"[ 0.          0.15702953  0.4543452  -2.8809592  -2.13019331  1.22338137
  1.01287353  2.46315183]","[ 0.00000000e+00  3.17938749e-05 -5.01872291e-02 -3.39978000e-02
 -9.39939238e-02 -1.48403104e-01  1.29315895e-01 -2.63345037e-01]","[ 0.          0.78737575 10.23965263  0.33907428 -5.13266754 -1.05696392
  0.28053352 -1.82550251]"
1747093069.124057,"[ 0.          0.15702953  0.45424417 -2.88102125 -2.13039039  1.22311599
  1.01309804  2.46263332]","[ 0.00000000e+00  3.70372172e-05 -4.88998487e-02 -3.12995622e-02
 -9.67966262e-02 -1.45931008e-01  1.20704422e-01 -2.62264642e-01]","[ 0.          0.84613162 10.02831173  0.37533724 -4.94232988 -1.07531452
  0.34625414 -1.8195914 ]"
1747093069.1258056,"[ 0.          0.15702953  0.45419686 -2.88105241 -2.13058187  1.22280014
  1.01334631  2.46210255]","[ 0.00000000e+00  3.70372172e-05 -4.80773522e-02 -2.93399105e-02
 -9.72350907e-02 -1.43691855e-01  1.09119380e-01 -2.58483286e-01]","[ 0.          0.85580933  9.87669182  0.4084965  -4.84697008 -1.11515665
  0.36372629 -1.7986517 ]"
1747093069.1275556,"[ 0.          0.15702953  0.45410182 -2.8811062  -2.13068626  1.22265739
  1.0134519   2.46184742]","[ 0.00000000e+00  3.70648338e-05 -4.88876440e-02 -2.64695534e-02
 -9.83012373e-02 -1.44625560e-01  1.06958600e-01 -2.58753381e-01]","[ 0.          0.86741149  9.64480591  0.42177117 -4.76923895 -1.12109959
  0.36477706 -1.77236152]"
1747093069.129191,"[ 0.          0.15702998  0.45399347 -2.88115387 -2.13087775  1.22236058
  1.01366409  2.46131958]","[ 0.00000000e+00  4.50413255e-05 -5.45044088e-02 -2.32283823e-02
 -9.64247990e-02 -1.45947236e-01  1.01966754e-01 -2.57798005e-01]","[ 0.          0.89365345  9.39748859  0.39862949 -4.65896034 -1.17959166
  0.39841467 -1.75168169]"
1747093069.1310172,"[ 0.          0.15702998  0.45387818 -2.88119489 -2.13107269  1.2220639
  1.01385717  2.46081331]","[ 0.00000000e+00  4.50408745e-05 -5.96915434e-02 -1.86367264e-02
 -9.50412452e-02 -1.52334978e-01  9.75051851e-02 -2.54701914e-01]","[ 0.          0.88720262  9.19232655  0.34387544 -4.53501081 -1.19561362
  0.4250679  -1.76478279]"
1747093069.1322632,"[ 0.          0.15703045  0.45381803 -2.88121007 -2.13116457  1.22191357
  1.01395045  2.46056617]","[ 0.00000000e+00  5.03403034e-05 -6.10420282e-02 -1.53955564e-02
 -9.30892147e-02 -1.52334978e-01  9.45341127e-02 -2.50650463e-01]","[ 0.          0.87401307  9.11031628  0.28663495 -4.50731039 -1.19055414
  0.44520396 -1.78611457]"
1747093069.1340125,"[ 0.          0.15703045  0.45368211 -2.88123164 -2.13133767  1.22159585
  1.01413687  2.46006656]","[ 0.00000000e+00  5.03403034e-05 -6.80645635e-02 -8.37302164e-03
 -8.64311954e-02 -1.55958159e-01  8.95815069e-02 -2.40761780e-01]","[ 0.          0.83777785  9.00378895  0.24576901 -4.51904583 -1.17325974
  0.46906221 -1.772313  ]"
1747093069.1363745,"[ 0.          0.15703045  0.45353563 -2.88123856 -2.13150892  1.22128573
  1.01431097  2.45960157]","[ 0.00000000e+00  5.03403034e-05 -7.53571974e-02 -1.61894291e-03
 -8.29199257e-02 -1.57196729e-01  8.69713844e-02 -2.34444612e-01]","[ 0.          0.79318982  8.94682693  0.14596775 -4.60460138 -1.15732181
  0.48406163 -1.77852929]"
1747093069.1381123,"[ 0.          0.15703045  0.45337721 -2.88123377 -2.13166844  1.22112301
  1.01447842  2.45913818]","[ 0.00000000e+00  5.03403034e-05 -7.72478753e-02  2.34066893e-03
 -8.07591450e-02 -1.53219530e-01  7.99488533e-02 -2.23725572e-01]","[ 0.00000000e+00  7.34624088e-01  8.96823692e+00 -5.54278726e-03
 -4.77020550e+00 -1.15401506e+00  5.11214137e-01 -1.77226436e+00]"
1747093069.1402001,"[ 0.          0.15702998  0.45322155 -2.88122871 -2.13183542  1.22083379
  1.01462203  2.45892407]","[ 0.00000000e+00  5.03403034e-05 -7.95980234e-02  2.45116827e-03
 -8.23797284e-02 -1.43546264e-01  7.04240160e-02 -2.17378843e-01]","[ 0.          0.63799661  9.01599121 -0.15683323 -5.02872038 -1.12221861
  0.53400576 -1.80504239]"
1747093069.1420932,"[ 0.          0.15702998  0.4530581  -2.88123057 -2.13199761  1.22055509
  1.01468575  2.45850089]","[ 0.00000000e+00  5.03783961e-05 -7.91385615e-02  8.10087050e-04
 -8.23797284e-02 -1.33832608e-01  6.45532979e-02 -2.02370149e-01]","[ 0.          0.57462168  9.1141901  -0.2692557  -5.19628286 -1.04609132
  0.56548125 -1.78904474]"
1747093069.1438951,"[ 0.          0.15702998  0.4529038  -2.8812351  -2.13216565  1.22030675
  1.01480086  2.45811926]","[ 0.00000000e+00  5.03408072e-05 -7.83282698e-02 -8.77568080e-04
 -8.17566153e-02 -1.24514940e-01  5.40194971e-02 -1.92039298e-01]","[ 0.          0.49691036  9.1720829  -0.35567847 -5.38150501 -1.03014183
  0.57903403 -1.80127954]"
1747093069.1456318,"[ 0.          0.15702998  0.45282068 -2.88123617 -2.13224821  1.22018025
  1.01484847  2.45792138]","[ 0.00000000e+00  5.03403034e-05 -7.82397613e-02 -9.10112026e-04
 -8.37302174e-02 -1.19115015e-01  4.83474467e-02 -1.86320958e-01]","[ 0.          0.48749781  9.19984436 -0.38183856 -5.44278479 -1.02493751
  0.5863772  -1.80015659]"
1747093069.1473565,"[ 0.          0.15702998  0.45267054 -2.8812351  -2.13241625  1.21995295
  1.01493216  2.45756079]","[ 0.00000000e+00  5.03783961e-05 -7.50870946e-02 -8.86858130e-04
 -8.18395312e-02 -1.14675117e-01  3.85820137e-02 -1.81505497e-01]","[ 0.          0.41677099  9.24269009 -0.4466455  -5.56076717 -0.98138428
  0.58851004 -1.82165909]"
1747093069.1489918,"[ 0.          0.15702998  0.45252633 -2.88123377 -2.1325811   1.21972552
  1.01500067  2.45717836]","[ 0.00000000e+00  5.03403034e-05 -7.31964166e-02 -6.17601101e-04
 -8.45405092e-02 -1.10338126e-01  3.29185062e-02 -1.88327118e-01]","[ 0.          0.32473528  9.19982719 -0.5054304  -5.56402159 -0.9856497
  0.58173662 -1.84095871]"
1747093069.1508017,"[ 0.          0.15702998  0.4523748  -2.88123483 -2.13275847  1.21950953
  1.01506252  2.45679407]","[ 0.00000000e+00  4.50413255e-05 -7.40067084e-02 -1.65578286e-04
 -8.70166581e-02 -1.08038994e-01  2.95906783e-02 -1.98791743e-01]","[ 0.          0.23748109  9.1416254  -0.55251229 -5.48095989 -0.9744395
  0.58806878 -1.85432959]"
1747093069.1525888,"[ 0.          0.15702998  0.45230362 -2.8812351  -2.13284715  1.21940207
  1.01509101  2.45659247]","[ 0.00000000e+00  4.50413255e-05 -7.20429600e-02  0.00000000e+00
 -8.99424568e-02 -1.09119380e-01  2.89004307e-02 -2.04463793e-01]","[ 0.          0.20778626  9.13809013 -0.57343608 -5.42026472 -0.96847576
  0.59183812 -1.84513354]"
1747093069.154333,"[ 0.          0.15702998  0.45215898 -2.88123563 -2.13303358  1.21917571
  1.01514528  2.4561597 ]","[ 0.00000000e+00  4.50413255e-05 -7.02253442e-02 -5.27933610e-05
 -9.58846017e-02 -1.10627762e-01  2.80616764e-02 -2.12296616e-01]","[ 0.          0.16106278  9.06626701 -0.61313504 -5.30991173 -1.00867558
  0.62799746 -1.83815432]"
1747093069.1560435,"[ 0.          0.15702998  0.45202033 -2.88123483 -2.13322958  1.21895972
  1.01519568  2.45572774]","[ 0.00000000e+00  4.50413255e-05 -6.99552497e-02  1.20222153e-04
 -9.52478066e-02 -1.08038994e-01  2.40386761e-02 -2.20939739e-01]","[ 0.          0.08944438  9.02859116 -0.56815583 -5.13098955 -1.03212905
  0.61155748 -1.85814762]"
1747093069.1577828,"[ 0.          0.15702998  0.45188254 -2.88123483 -2.13342027  1.21874374
  1.01523656  2.45525396]","[ 0.00000000e+00  4.23918346e-05 -6.67044122e-02  1.10394675e-04
 -9.61547045e-02 -1.05338016e-01  1.91769216e-02 -2.33716204e-01]","[ 0.          0.01229426  8.94486046 -0.59113801 -4.9904213  -1.09755886
  0.63074231 -1.87000382]"
1747093069.1595252,"[ 0.          0.15702998  0.45181736 -2.88123483 -2.13351294  1.21863721
  1.01525653  2.45501801]","[ 0.00000000e+00  4.24239132e-05 -6.61738814e-02  1.10394675e-04
 -9.39939238e-02 -1.08038994e-01  1.87899414e-02 -2.39063898e-01]","[ 0.         -0.01230729  8.84121418 -0.56640023 -4.93306351 -1.12667871
  0.64350009 -1.84499311]"
1747093069.161283,"[ 0.          0.15702953  0.45167592 -2.8812351  -2.13370443  1.21841178
  1.01529082  2.45452905]","[ 0.00000000e+00  3.70928568e-05 -7.04659358e-02  0.00000000e+00
 -9.31836320e-02 -1.11090428e-01  1.72862385e-02 -2.49840163e-01]","[ 0.         -0.07233111  8.71471119 -0.56094831 -4.84235048 -1.18629026
  0.64913017 -1.82561564]"
1747093069.1630125,"[ 0.          0.15702953  0.45153127 -2.8812351  -2.13388659  1.21818634
  1.01532504  2.45401719]","[ 0.00000000e+00  3.71212943e-05 -7.45469056e-02  0.00000000e+00
 -9.14702707e-02 -1.14791431e-01  1.72862385e-02 -2.48777562e-01]","[ 0.         -0.16773343  8.64586735 -0.60654604 -4.74434805 -1.17985654
  0.63890475 -1.85724533]"
1747093069.1648095,"[ 0.          0.15702953  0.45145414 -2.88123483 -2.13397633  1.21807223
  1.01534408  2.45377671]","[ 0.00000000e+00  3.70928568e-05 -7.83282698e-02  1.65588581e-05
 -9.11152630e-02 -1.15601723e-01  1.76850541e-02 -2.44145642e-01]","[ 0.         -0.2000778   8.69029999 -0.6091463  -4.69893408 -1.17510688
  0.63362885 -1.88721251]"
1747093069.1659446,"[ 0.          0.15702953  0.45127917 -2.88123483 -2.13416355  1.21782482
  1.0153831   2.45328855]","[ 0.00000000e+00  3.18179359e-05 -8.74229150e-02 -3.12046522e-05
 -9.07527485e-02 -1.23309485e-01  2.02367869e-02 -2.35944521e-01]","[ 0.         -0.22528745  8.76753902 -0.61209935 -4.64480877 -1.14514172
  0.61128765 -1.8564738 ]"
1747093069.1696603,"[ 0.          0.15702907  0.45110101 -2.8812351  -2.13433852  1.21756982
  1.01542497  2.45282915]","[ 0.00000000e+00  2.64948971e-05 -9.07527485e-02 -4.17903721e-05
 -8.80517789e-02 -1.31267377e-01  2.02367869e-02 -2.31473540e-01]","[ 0.         -0.33399799  8.87746525 -0.60304087 -4.67017317 -1.12620497
  0.59438664 -1.81280541]"
1747093069.1699889,"[ 0.          0.15702907  0.45090999 -2.8812351  -2.13451935  1.21729964
  1.01546585  2.45235165]","[ 0.00000000e+00  2.64948971e-05 -9.39939238e-02 -6.62379032e-05
 -8.77816761e-02 -1.33158055e-01  2.02573099e-02 -2.31960832e-01]","[ 0.         -0.37736341  9.08461094 -0.61803955 -4.79217291 -1.09912074
  0.56560928 -1.7761786 ]"
1747093069.1723497,"[ 0.          0.15702907  0.45072677 -2.8812351  -2.13469352  1.21703719
  1.01550773  2.45189492]","[ 0.00000000e+00  2.64948971e-05 -9.30892147e-02 -1.32475806e-05
 -8.40074359e-02 -1.33158055e-01  1.97920723e-02 -2.30663240e-01]","[ 0.         -0.44517514  9.22714138 -0.61789596 -5.01009321 -1.09759378
  0.55886656 -1.80582631]"
1747093069.1741395,"[ 0.          0.15702862  0.45053575 -2.88123563 -2.13485784  1.21676501
  1.01554954  2.45143366]","[ 0.00000000e+00  2.38454062e-05 -9.37874039e-02 -2.52564009e-05
 -8.37302174e-02 -1.31267377e-01  2.21479940e-02 -2.23143288e-01]","[ 0.         -0.47287855  9.43824291 -0.6262579  -5.1690793  -1.03887749
  0.53027362 -1.8180052 ]"
1747093069.1759264,"[ 0.          0.15702862  0.45035439 -2.88123563 -2.13501949  1.21651774
  1.01559901  2.45099796]","[ 0.00000000e+00  1.85466133e-05 -9.12929458e-02  0.00000000e+00
 -8.18395312e-02 -1.23434545e-01  2.50768450e-02 -2.20939739e-01]","[ 0.         -0.5397929   9.61172771 -0.66056281 -5.37556887 -0.98585087
  0.51705962 -1.8402096 ]"
1747093069.1783178,"[ 0.          0.15702862  0.4501684  -2.88123563 -2.13518994  1.21627992
  1.01565041  2.45055348]","[ 0.00000000e+00  1.85464284e-05 -9.00258803e-02  0.00000000e+00
 -8.42704147e-02 -1.14791431e-01  2.59293582e-02 -2.16710656e-01]","[ 0.         -0.54768944  9.88188267 -0.67830086 -5.5455718  -0.93273199
  0.49063879 -1.80063772]"
1747093069.180686,"[ 0.          0.15702862  0.44999713 -2.88123563 -2.13536571  1.21606487
  1.01571319  2.45012844]","[ 0.00000000e+00  1.85464284e-05 -8.55341512e-02  0.00000000e+00
 -8.65151183e-02 -1.06148308e-01  3.20983628e-02 -2.13970280e-01]","[ 0.         -0.58694941 10.0882225  -0.7168774  -5.64620543 -0.93023002
  0.46969962 -1.82360888]"
1747093069.1824849,"[ 0.          0.15702815  0.44982539 -2.88123617 -2.13553881  1.21585661
  1.01578071  2.44968982]","[ 0.00000000e+00  1.32473165e-05 -8.35058960e-02 -1.88742805e-05
 -8.82323828e-02 -9.93958714e-02  3.45724769e-02 -2.14156268e-01]","[ 0.         -0.58893514 10.29037476 -0.75547284 -5.63741922 -0.92521137
  0.45204708 -1.7900095 ]"
1747093069.184249,"[ 0.          0.15702815  0.44966926 -2.88123617 -2.1357231   1.21566819
  1.01585874  2.44927703]","[ 0.00000000e+00  1.32574726e-05 -7.72478753e-02 -1.82840358e-05
 -8.95243405e-02 -9.45341127e-02  3.85820137e-02 -2.07434866e-01]","[ 0.         -0.56660879 10.36848736 -0.77085954 -5.59625578 -0.94060856
  0.45890582 -1.78386343]"
1747093069.1860194,"[ 0.          0.15702815  0.44952415 -2.88123617 -2.13589834  1.21547604
  1.0159377   2.44887649]","[ 0.00000000e+00  1.32474486e-05 -7.26562194e-02 -3.53720425e-05
 -8.88620706e-02 -9.34537265e-02  4.05146197e-02 -2.01492721e-01]","[ 0.         -0.57723093 10.37896538 -0.79716873 -5.49281168 -0.97981
  0.48202062 -1.78052592]"
1747093069.1884246,"[ 0.          0.15702815  0.4493818  -2.8812367  -2.13607251  1.21529428
  1.01602425  2.44846636]","[ 0.00000000e+00  7.95448397e-06 -6.88748552e-02 -4.96781175e-05
 -8.80517789e-02 -9.26434348e-02  4.21291029e-02 -2.00682421e-01]","[ 0.         -0.51100332 10.37784672 -0.77914017 -5.37017059 -0.98344862
  0.47779703 -1.77116656]"
1747093069.1902132,"[ 0.          0.15702815  0.44925277 -2.8812367  -2.1362544   1.2151012
  1.01611467  2.44806875]","[ 0.00000000e+00  7.95448397e-06 -6.50934910e-02 -5.62339817e-05
 -8.96723623e-02 -9.56145072e-02  4.72191652e-02 -2.01558384e-01]","[ 0.         -0.50299835 10.28774548 -0.78550351 -5.27200747 -0.98966634
  0.4881745  -1.75308967]"
1747093069.1925516,"[ 0.          0.15702815  0.44911868 -2.8812367  -2.1364339   1.21490626
  1.0162136   2.44764078]","[ 0.00000000e+00  7.95448397e-06 -6.61738814e-02 -5.62339817e-05
 -9.12929458e-02 -9.93958714e-02  4.83983131e-02 -2.12296616e-01]","[ 0.         -0.43092692 10.22497654 -0.77632093 -5.11243916 -0.99569529
  0.49968404 -1.7329278 ]"
1747093069.193738,"[ 0.          0.15702815  0.44898689 -2.8812367  -2.13661739  1.21469214
  1.0163192   2.44721441]","[ 0.00000000e+00  7.94254290e-06 -6.67140745e-02 -4.67030095e-05
 -8.88620706e-02 -1.06148308e-01  5.50998833e-02 -2.18238761e-01]","[ 0.         -0.37146604 10.15638733 -0.79107857 -4.99641037 -1.03222203
  0.51398051 -1.7168597 ]"
1747093069.1960807,"[ 0.          0.15702815  0.44885373 -2.88123697 -2.13679289  1.21448095
  1.01644377  2.44675502]","[ 0.00000000e+00  7.94246417e-06 -6.48879324e-02 -5.29620964e-05
 -8.80517789e-02 -1.06850226e-01  6.17471833e-02 -2.26481428e-01]","[ 0.         -0.33757296 10.14520454 -0.78900254 -4.88847685 -1.04807746
  0.49277735 -1.69930911]"
1747093069.1985345,"[ 0.          0.15702815  0.44872423 -2.88123697 -2.13696706  1.21426404
  1.01657886  2.44628976]","[ 0.00000000e+00  7.95448397e-06 -6.61738814e-02 -5.15189399e-05
 -8.40003119e-02 -1.06040758e-01  7.04240160e-02 -2.39306363e-01]","[ 0.         -0.3124136  10.08162689 -0.80410987 -4.80514717 -1.07477915
  0.49541649 -1.72669721]"
1747093069.200289,"[ 0.          0.15702815  0.44859384 -2.88123697 -2.13713271  1.21405578
  1.01672633  2.4457771 ]","[ 0.00000000e+00  7.93646773e-06 -6.29327103e-02 -5.01523428e-05
 -8.36453791e-02 -1.05067922e-01  7.24720868e-02 -2.52523831e-01]","[ 0.         -0.24908607  9.98715115 -0.77193105 -4.81259775 -1.09038699
  0.49350455 -1.71126544]"
1747093069.2020762,"[ 0.          0.15702862  0.448474   -2.88123697 -2.13729996  1.21384073
  1.01687001  2.44526152]","[ 0.00000000e+00  1.32375708e-05 -6.05018351e-02 -5.58343938e-05
 -8.09982136e-02 -1.05338016e-01  7.23861249e-02 -2.63078221e-01]","[ 0.         -0.19338116  9.84876728 -0.72796243 -4.8353591  -1.07953358
  0.50464207 -1.72640133]"
1747093069.2038405,"[ 0.          0.15702862  0.44835186 -2.88123697 -2.13745922  1.21364192
  1.01701362  2.44471637]","[ 0.00000000e+00  1.05899522e-05 -5.96267495e-02 -5.57234111e-05
 -8.10292395e-02 -1.00374458e-01  7.42768028e-02 -2.66817166e-01]","[ 0.         -0.10725729  9.68176937 -0.72968358 -4.83992767 -1.06942987
  0.53582478 -1.74566352]"
1747093069.206102,"[ 0.          0.15702862  0.44823751 -2.88123697 -2.13762273  1.21343739
  1.01716016  2.44419226]","[ 0.00000000e+00  1.05899522e-05 -5.72606640e-02 -4.76244853e-05
 -7.90583754e-02 -9.93958714e-02  7.04954387e-02 -2.65235714e-01]","[ 0.         -0.02669128  9.54935837 -0.66149133 -4.92234612 -1.06043613
  0.54451674 -1.74045455]"
1747093069.2084253,"[ 0.          0.15702862  0.44812456 -2.88123697 -2.13777826  1.21323379
  1.0173057   2.4436519 ]","[ 0.00000000e+00  1.05900569e-05 -5.44167575e-02 -4.75309846e-05
 -7.90583754e-02 -1.05338016e-01  7.07167057e-02 -2.61454359e-01]","[ 0.          0.03881102  9.43280315 -0.63627803 -5.01719093 -1.05971181
  0.56148136 -1.70960784]"
1747093069.210213,"[ 0.          0.15702862  0.44801527 -2.88123697 -2.13793912  1.21301408
  1.01744551  2.44314377]","[ 0.00000000e+00  1.05819570e-05 -5.66630008e-02 -4.63665302e-05
 -7.87412928e-02 -1.07929522e-01  7.04240160e-02 -2.55782308e-01]","[ 0.          0.11684512  9.28915024 -0.56625712 -5.05606508 -1.07460284
  0.53819811 -1.73105633]"
1747093069.21192,"[ 0.          0.15702907  0.44789816 -2.88123697 -2.13809385  1.21279331
  1.01758347  2.44262925]","[ 0.00000000e+00  7.94246417e-06 -5.71752099e-02 -4.52555699e-05
 -7.87885556e-02 -1.13981131e-01  6.86047607e-02 -2.49840163e-01]","[ 0.          0.14126009  9.17836666 -0.54386532 -5.10902309 -1.08656681
  0.53979123 -1.75432527]"
1747093069.213682,"[ 0.          0.15702907  0.4478417  -2.88123697 -2.13817188  1.21266774
  1.01765577  2.4423837 ]","[ 0.00000000e+00  7.94246417e-06 -5.72606640e-02 -4.52555699e-05
 -7.91385615e-02 -1.18362713e-01  6.82090192e-02 -2.49029880e-01]","[ 0.          0.14126009  9.12693214 -0.52358156 -5.14788771 -1.05546474
  0.551121   -1.76368999]"
1747093069.215432,"[ 0.          0.15702907  0.44772552 -2.8812367  -2.13834046  1.21242419
  1.01778893  2.44187211]","[ 0.00000000e+00  7.93646773e-06 -5.71752099e-02 -3.78155627e-05
 -8.29199257e-02 -1.24514940e-01  6.74559521e-02 -2.49765378e-01]","[ 0.          0.18638231  8.99054432 -0.45963073 -5.19376945 -1.07640553
  0.54316944 -1.78532898]"
1747093069.2172396,"[ 0.          0.15702907  0.4476084  -2.8812367  -2.13851356  1.21217026
  1.01792595  2.4413717 ]","[ 0.00000000e+00  5.29497611e-06 -5.99616379e-02 -2.52558015e-05
 -8.60135785e-02 -1.23628848e-01  6.75243704e-02 -2.54443853e-01]","[ 0.          0.23224725  8.90332508 -0.43555227 -5.2561717  -1.07080328
  0.52416939 -1.79899228]"
1747093069.2196424,"[ 0.          0.15702907  0.44748996 -2.8812367  -2.13868853  1.21193337
  1.01805718  2.44083694]","[ 0.00000000e+00  0.00000000e+00 -5.96915434e-02 -2.46355181e-05
 -8.93116788e-02 -1.18842890e-01  6.64439800e-02 -2.63306887e-01]","[ 0.          0.28230652  8.81667137 -0.38201803 -5.27553177 -1.07955587
  0.50480849 -1.81109452]"
1747093069.222654,"[ 0.          0.15702953  0.44731546 -2.8812367  -2.13896816  1.2115833
  1.01825412  2.44005131]","[ 0.00000000e+00  5.29497611e-06 -5.82819447e-02 -2.40862919e-05
 -9.37874039e-02 -1.13741779e-01  6.45532979e-02 -2.66855749e-01]","[ 0.          0.33996111  8.67238998 -0.29240772 -5.27460718 -1.10310113
  0.50735217 -1.89255881]"
1747093069.2244182,"[ 0.          0.15702953  0.44718962 -2.8812367  -2.13915405  1.21136545
  1.01837782  2.43949551]","[ 0.00000000e+00  0.00000000e+00 -6.26921145e-02 -2.35610210e-05
 -9.39939238e-02 -1.09119380e-01  6.18523200e-02 -2.74148932e-01]","[ 0.          0.37912551  8.6214819  -0.25853264 -5.16486883 -1.09379804
  0.50298834 -1.93056118]"
1747093069.2262049,"[ 0.          0.15702953  0.44706335 -2.8812367  -2.13934367  1.21114095
  1.01850146  2.43893997]","[ 0.00000000e+00  0.00000000e+00 -6.48233924e-02 -2.30576716e-05
 -9.24465107e-02 -1.09929672e-01  5.99616379e-02 -2.85763144e-01]","[ 0.          0.40130246  8.60364532 -0.22987525 -5.051682   -1.12754929
  0.46700051 -1.96178901]"
1747093069.2284815,"[ 0.          0.15702953  0.4469256  -2.8812367  -2.1395245   1.21091365
  1.01862516  2.43834156]","[ 0.00000000e+00  0.00000000e+00 -6.86459191e-02 -1.15288358e-05
 -9.10228513e-02 -1.16563889e-01  6.08794131e-02 -2.92872552e-01]","[ 0.          0.46099073  8.67615128 -0.17519322 -4.97218895 -1.10873055
  0.45928746 -1.94898391]"
1747093069.2301855,"[ 0.          0.15702953  0.44678279 -2.8812367  -2.13971252  1.21067197
  1.0187488   2.43775753]","[ 0.00000000e+00 -5.29097849e-06 -7.31964166e-02 -1.12881685e-05
 -9.22827928e-02 -1.19002962e-01  6.26626158e-02 -2.97107211e-01]","[ 0.          0.5045687   8.75614738 -0.1636994  -4.95578909 -1.11452413
  0.44090208 -1.99010789]"
1747093069.2325106,"[ 0.          0.15702953  0.44663219 -2.88123617 -2.13989335  1.21043028
  1.0188753   2.43713541]","[ 0.00000000e+00 -5.29502843e-06 -7.29736182e-02  0.00000000e+00
 -9.12004509e-02 -1.23704640e-01  6.16890390e-02 -3.06830745e-01]","[ 0.          0.54156715  8.85147858 -0.13449232 -4.95865154 -1.12150383
  0.41235492 -1.9834466 ]"
1747093069.2348137,"[ 0.          0.15702953  0.4464733  -2.88123617 -2.14007524  1.21016676
  1.01899141  2.43651809]","[ 0.00000000e+00 -7.93654595e-06 -7.53571974e-02  0.00000000e+00
 -8.82704993e-02 -1.29245605e-01  5.78008613e-02 -3.15473868e-01]","[ 0.          0.54462677  9.02712059 -0.15232021 -4.99421692 -1.09977424
  0.38363171 -2.04121447]"
1747093069.2365322,"[ 0.          0.15702998  0.44631764 -2.88123617 -2.14024595  1.20990711
  1.0191008   2.435876  ]","[ 0.00000000e+00 -5.29497611e-06 -7.63601355e-02  0.00000000e+00
 -8.56209037e-02 -1.31267377e-01  5.50998833e-02 -3.13583157e-01]","[ 0.          0.55942386  9.19446945 -0.16136448 -5.0701375  -1.1182158
  0.37744769 -2.05390453]"
1747093069.2383173,"[ 0.          0.15702998  0.4461661  -2.88123617 -2.14041639  1.20963693
  1.01920546  2.43526028]","[ 0.00000000e+00 -5.29497611e-06 -7.77880725e-02  0.00000000e+00
 -8.30043562e-02 -1.32405745e-01  5.02381288e-02 -3.10882179e-01]","[ 0.          0.59758931  9.45566177 -0.1438061  -5.18364382 -1.08594012
  0.35429835 -2.02373004]"
1747093069.240092,"[ 0.          0.15702998  0.44600308 -2.88123617 -2.14058257  1.20936489
  1.01930433  2.43462405]","[ 0.00000000e+00 -5.29502843e-06 -7.96787588e-02  0.00000000e+00
 -8.48106036e-02 -1.38830105e-01  4.73506546e-02 -3.11692479e-01]","[ 0.          0.58898848  9.71792698 -0.13999014 -5.34635973 -1.0861299
  0.34101036 -1.99014473]"
1747093069.2423928,"[ 0.          0.15702998  0.44584972 -2.88123617 -2.14075435  1.20907753
  1.01939189  2.43400939]","[ 0.          0.         -0.07716961  0.         -0.08805178 -0.14180118
  0.04434096 -0.31029738]","[ 0.          0.58228379  9.99614429 -0.15209132 -5.41049099 -1.04919839
  0.31036445 -1.9285475 ]"
1747093069.2442029,"[ 0.          0.15702998  0.44569176 -2.88123617 -2.14094503  1.20878645
  1.01947844  2.43338834]","[ 0.          0.         -0.07724788  0.         -0.09497798 -0.15071439
  0.04313217 -0.30196898]","[ 0.          0.59349102 10.2480793  -0.13417368 -5.46770668 -1.04275787
  0.30645838 -1.96064067]"
1747093069.245923,"[ 0.          0.15702998  0.44554529 -2.88123617 -2.14113598  1.2084706
  1.01955933  2.43281363]","[ 0.          0.         -0.07319642  0.         -0.09750519 -0.15530605
  0.04051462 -0.28846409]","[ 0.          0.56804419 10.47157955 -0.17050187 -5.48322201 -1.0106591
  0.27912351 -1.95369673]"
1747093069.2477233,"[ 0.          0.15702998  0.44547411 -2.88123617 -2.14124197  1.20831653
  1.01959928  2.43251216]","[ 0.          0.         -0.07211602  0.         -0.09980585 -0.15611633
  0.04047357 -0.2838699 ]","[ 0.          0.56105447 10.5252943  -0.1609401  -5.50852156 -0.9979828
  0.26381168 -1.94376409]"
1747093069.2495303,"[ 0.          0.15702998  0.445329   -2.88123617 -2.14144091  1.2079883
  1.01967824  2.43196702]","[ 0.          0.         -0.07022534  0.         -0.10091411 -0.16124412
  0.03862394 -0.27387884]","[ 0.          0.57609415 10.61057281 -0.16418232 -5.52172804 -0.991588
  0.246345   -1.93537652]"
1747093069.25076,"[ 0.          0.15702998  0.44526149 -2.88123617 -2.14165023  1.20766579
  1.01975241  2.43142107]","[ 0.          0.         -0.06860476  0.         -0.1033166  -0.16313887
  0.03754355 -0.26330689]","[ 0.          0.55932701 10.67171383 -0.15777643 -5.4765563  -0.99695528
  0.26567385 -1.98755026]"
1747093069.253081,"[ 0.          0.15702998  0.44519814 -2.88123563 -2.1417525   1.20750786
  1.01978856  2.43116301]","[ 0.00000000e+00  0.00000000e+00 -6.42831993e-02  7.79260294e-06
 -1.03717433e-01 -1.60167801e-01  3.41045096e-02 -2.61724453e-01]","[ 0.          0.58675563 10.71356773 -0.14821221 -5.44587517 -1.02956569
  0.28044266 -2.02253842]"
1747093069.2542927,"[ 0.          0.15702998  0.44507461 -2.88123563 -2.14195836  1.20718829
  1.01985421  2.43065141]","[ 0.00000000e+00  0.00000000e+00 -5.90914167e-02  7.67337867e-06
 -1.04797819e-01 -1.55831243e-01  3.29185062e-02 -2.59300677e-01]","[ 0.          0.59634328 10.75627232 -0.18067549 -5.33129215 -1.06543672
  0.27998534 -2.05446601]"
1747093069.2559896,"[ 0.          0.15703045  0.44496255 -2.88123617 -2.14217274  1.20688855
  1.01991699  2.43010919]","[ 0.00000000e+00  5.29097849e-06 -5.59101792e-02  0.00000000e+00
 -1.03717433e-01 -1.50714395e-01  2.95906783e-02 -2.67126409e-01]","[ 0.          0.59443408 10.75407696 -0.17952029 -5.19572926 -1.07596171
  0.25487161 -2.08843398]"
1747093069.2577114,"[ 0.          0.15703045  0.44490609 -2.88123617 -2.14227554  1.206743
  1.01994462  2.42984261]","[ 0.00000000e+00  5.29497611e-06 -5.31629122e-02  0.00000000e+00
 -1.04151994e-01 -1.47473228e-01  2.80901368e-02 -2.70367576e-01]","[ 0.          0.60496247 10.7330389  -0.1819021  -5.12978983 -1.11938202
  0.24928547 -2.1112361 ]"
1747093069.2600198,"[ 0.          0.15703045  0.44480965 -2.88123563 -2.14248647  1.20644433
  1.01999689  2.42929853]","[ 0.00000000e+00  5.29103081e-06 -4.75371550e-02  7.25320981e-06
 -1.03065841e-01 -1.45809951e-01  2.59030865e-02 -2.77130990e-01]","[ 0.          0.59954077 10.62435341 -0.19222581 -5.00091505 -1.17018664
  0.25116012 -2.1178453 ]"
1747093069.2611246,"[ 0.          0.15703045  0.44471551 -2.8812351  -2.14268008  1.20615804
  1.02005401  2.42871929]","[ 0.00000000e+00  7.94246417e-06 -4.58474583e-02  2.14932839e-05
 -9.72350907e-02 -1.45582533e-01  2.89004307e-02 -2.85493033e-01]","[ 0.          0.5697971  10.49925232 -0.18286537 -4.88493872 -1.20800579
  0.2917015  -2.09270549]"
1747093069.2633958,"[ 0.          0.15703045  0.44462323 -2.88123563 -2.14287715  1.20585551
  1.0201158   2.42811316]","[ 0.00000000e+00  7.93654595e-06 -4.75371550e-02  1.43142227e-05
 -9.50412452e-02 -1.48705689e-01  3.26817948e-02 -2.97411378e-01]","[ 0.          0.53671682 10.33446121 -0.17609906 -4.82977915 -1.23699629
  0.27145663 -2.09939694]"
1747093069.26515,"[ 0.          0.15703091  0.44452909 -2.88123563 -2.14306464  1.20555297
  1.0201891   2.42751208]","[ 0.00000000e+00  1.32375708e-05 -4.53890909e-02  1.41270514e-05
 -9.61547045e-02 -1.53415373e-01  3.78136459e-02 -3.07329322e-01]","[ 0.          0.54384172 10.20217991 -0.18108372 -4.77859545 -1.2390213
  0.23767431 -2.10853219]"
1747093069.2669117,"[ 0.          0.15703091  0.44444553 -2.8812351  -2.14326437  1.20524098
  1.020269    2.42688517]","[ 0.00000000e+00  1.32274462e-05 -4.10132176e-02  2.09170668e-05
 -9.77996975e-02 -1.52073256e-01  4.24053018e-02 -3.06188291e-01]","[ 0.          0.55326384 10.03469658 -0.19341697 -4.74296474 -1.21957362
  0.23847795 -2.10390973]"
1747093069.2686725,"[ 0.          0.15703091  0.44440785 -2.8812351  -2.14336105  1.20508878
  1.02031753  2.42658344]","[ 0.00000000e+00  1.85184257e-05 -3.83927794e-02  2.09170668e-05
 -9.80453824e-02 -1.54495751e-01  4.56398608e-02 -3.06020445e-01]","[ 0.          0.52817607  9.93423462 -0.20878172 -4.74437904 -1.17014301
  0.24005963 -2.11050725]"
1747093069.2703884,"[ 0.          0.15703091  0.44433578 -2.88123563 -2.14356078  1.20477386
  1.02041833  2.42598236]","[ 0.00000000e+00  1.85324169e-05 -3.46060473e-02  1.37670192e-05
 -1.01826747e-01 -1.60978101e-01  5.21288109e-02 -3.03859656e-01]","[ 0.          0.48624849  9.75449085 -0.17863132 -4.72684765 -1.17694163
  0.25029173 -2.05454135]"
1747093069.2726388,"[ 0.          0.15703136  0.44426966 -2.8812351  -2.14376931  1.20443804
  1.02052679  2.42535545]","[ 0.00000000e+00  2.38096379e-05 -3.26817948e-02  2.03906967e-05
 -1.01556652e-01 -1.66751119e-01  5.70484268e-02 -3.06830745e-01]","[ 0.          0.47404581  9.51950455 -0.2123915  -4.70408201 -1.18469846
  0.25862962 -2.03351927]"
1747093069.2744105,"[ 0.          0.15703136  0.44420582 -2.8812351  -2.14397863  1.20407745
  1.02065429  2.4247589 ]","[ 0.00000000e+00  2.38273920e-05 -3.02509176e-02  2.34935439e-05
 -1.02815071e-01 -1.79048681e-01  6.37430062e-02 -3.01158678e-01]","[ 0.          0.47494435  9.31032658 -0.20289826 -4.69248724 -1.18200493
  0.26335078 -2.03058219]"
1747093069.2762434,"[ 0.          0.15703136  0.44415119 -2.8812351  -2.14417997  1.20371406
  1.0207989   2.42415676]","[ 0.00000000e+00  2.64548924e-05 -2.70097486e-02  2.31829786e-05
 -1.02907141e-01 -1.86367264e-01  7.27228567e-02 -2.92145243e-01]","[ 0.          0.47133932  9.03942013 -0.23522153 -4.72585773 -1.19475472
  0.28674656 -2.05596042]"
1747093069.2785711,"[ 0.          0.15703136  0.44410342 -2.8812351  -2.14439116  1.20332497
  1.0209511   2.42358605]","[ 0.00000000e+00  2.64751417e-05 -2.24180906e-02  2.29021573e-05
 -1.03065841e-01 -1.90655270e-01  7.99488533e-02 -2.88464088e-01]","[ 0.          0.49785632  8.82128811 -0.22476116 -4.74268627 -1.18701684
  0.29179427 -2.0747242 ]"
1747093069.281407,"[ 0.          0.15703183  0.44404466 -2.8812351  -2.1446865   1.20278462
  1.02121076  2.4227365 ]","[ 0.00000000e+00  3.17698567e-05 -1.91574909e-02  2.26280613e-05
 -9.82158663e-02 -1.79344725e-01  8.77816761e-02 -2.73878837e-01]","[ 0.          0.46217287  8.50665474 -0.22453232 -4.82498932 -1.18056214
  0.2941027  -2.01712203]"
1747093069.28424,"[ 0.          0.15703183  0.44398221 -2.8812351  -2.14498611  1.20225957
  1.02147714  2.42193649]","[ 0.00000000e+00  3.70372172e-05 -2.18778954e-02  2.23400798e-05
 -9.22043461e-02 -1.71781996e-01  8.77689595e-02 -2.60110161e-01]","[ 0.          0.40661028  8.236166   -0.23550554 -4.91680527 -1.15737736
  0.31759396 -2.09512568]"
1747093069.2860103,"[ 0.          0.15703183  0.44393031 -2.8812351  -2.14516614  1.20189046
  1.0216579   2.4214169 ]","[ 0.00000000e+00  3.70648338e-05 -2.68322260e-02  2.20791947e-05
 -9.07527485e-02 -1.66200560e-01  9.34537265e-02 -2.65505826e-01]","[ 0.          0.4342618   8.22328281 -0.2297315  -4.95193386 -1.10218263
  0.31123981 -2.11499071]"
1747093069.287163,"[ 0.          0.15703183  0.44390138 -2.8812351  -2.14526095  1.20172494
  1.02175111  2.42113168]","[ 0.00000000e+00  3.70648338e-05 -2.94406258e-02  2.18243321e-05
 -8.92735706e-02 -1.68000624e-01  9.45341127e-02 -2.68573022e-01]","[ 0.          0.43746069  8.2238121  -0.24646573 -4.9887886  -1.10506356
  0.32794639 -2.12243676]"
1747093069.2895164,"[ 0.          0.15703183  0.44383387 -2.8812351  -2.14543725  1.20140057
  1.02195278  2.42059319]","[ 0.00000000e+00  3.70368514e-05 -3.41045096e-02  2.18240781e-05
 -8.93116788e-02 -1.64750918e-01  1.00476258e-01 -2.73068554e-01]","[ 0.          0.37190932  8.24905777 -0.25981846 -5.06361151 -1.0649327
  0.28733969 -2.12925243]"
1747093069.2912314,"[ 0.          0.15703183  0.4437618  -2.8812351  -2.14561861  1.20106182
  1.02215445  2.41997853]","[ 0.00000000e+00  3.70648338e-05 -3.72734528e-02  2.15750386e-05
 -8.82704993e-02 -1.64528061e-01  1.03072698e-01 -2.81452684e-01]","[ 0.          0.39268336  8.35394764 -0.26684493 -5.19483709 -1.02309906
  0.29718533 -2.08048654]"
1747093069.2930045,"[ 0.          0.15703183  0.44368144 -2.8812351  -2.14579571  1.20074317
  1.02237043  2.41940116]","[ 0.00000000e+00  3.70368514e-05 -4.01229520e-02  2.13130828e-05
 -9.07527485e-02 -1.61141536e-01  1.06958600e-01 -2.96806208e-01]","[ 0.          0.38934427  8.47267914 -0.26804417 -5.34547853 -0.99558127
  0.31223947 -2.05539393]"
1747093069.294744,"[ 0.          0.15703183  0.44364009 -2.8812351  -2.14588572  1.20057006
  1.02247889  2.41910155]","[ 0.00000000e+00  3.71209245e-05 -4.18226896e-02  2.10755049e-05
 -9.12929458e-02 -1.62846159e-01  1.09929672e-01 -3.03859656e-01]","[ 0.          0.39118186  8.54592609 -0.26740095 -5.3825798  -0.96005958
  0.29536948 -2.06087255]"
1747093069.2977061,"[ 0.          0.15703183  0.44354918 -2.8812351  -2.14607641  1.20024569
  1.02270719  2.41845467]","[ 0.00000000e+00  3.70924870e-05 -4.75371550e-02  2.08431651e-05
 -9.42640182e-02 -1.65839851e-01  1.11737517e-01 -3.20011029e-01]","[ 0.          0.37735146  8.73535633 -0.2636984  -5.50980377 -0.93595898
  0.29863626 -2.05459404]"
1747093069.2993042,"[ 0.          0.15703183  0.44339029 -2.8812351  -2.14637628  1.19973956
  1.0230249   2.4174701 ]","[ 0.00000000e+00  3.70648338e-05 -5.34792999e-02  2.06158926e-05
 -1.00056618e-01 -1.69449350e-01  1.04738231e-01 -3.23788590e-01]","[ 0.          0.38452271  9.15894604 -0.27284431 -5.48839426 -0.90331
  0.33854833 -1.95023537]"
1747093069.301045,"[ 0.          0.15703183  0.44328559 -2.8812351  -2.14647801  1.19939614
  1.02324468  2.41682695]","[ 0.00000000e+00  3.71209245e-05 -5.34792999e-02  2.03763601e-05
 -1.03177236e-01 -1.75563352e-01  9.64247990e-02 -3.25197369e-01]","[ 0.          0.36894333  9.45099354 -0.26964229 -5.45123768 -0.85329103
  0.35025814 -1.86313879]"
1747093069.3022208,"[ 0.          0.15703183  0.44322867 -2.8812351  -2.14658134  1.19920679
  1.0233341   2.4165063 ]","[ 0.00000000e+00  3.71209245e-05 -5.36644520e-02  2.01590985e-05
 -1.04691642e-01 -1.78296371e-01  9.07527485e-02 -3.25197369e-01]","[ 0.          0.37964091  9.57987785 -0.2627278  -5.41578293 -0.84923559
  0.35521287 -1.78223097]"
1747093069.304507,"[ 0.          0.15703183  0.44312168 -2.8812351  -2.14679945  1.19884726
  1.02349488  2.41583758]","[ 0.00000000e+00  3.17935580e-05 -5.45596902e-02  1.99626570e-05
 -1.07078134e-01 -1.83126081e-01  7.34751581e-02 -3.25197369e-01]","[ 0.          0.41394898  9.88844013 -0.23737088 -5.40595388 -0.85356671
  0.32722819 -1.80447555]"
1747093069.305707,"[ 0.          0.15703183  0.44301605 -2.8812351  -2.14701357  1.19848854
  1.02361186  2.41520401]","[ 0.00000000e+00  3.18179359e-05 -5.01065104e-02  1.99464248e-05
 -1.08579183e-01 -1.80425119e-01  5.50440568e-02 -3.20335602e-01]","[ 0.          0.37150556 10.06617737 -0.26351279 -5.3610177  -0.86532843
  0.32268286 -1.84546351]"
1747093069.3073761,"[ 0.          0.15703183  0.44296968 -2.8812351  -2.14712756  1.19830118
  1.02365661  2.41486526]","[ 0.00000000e+00  3.18179359e-05 -4.69969619e-02  1.97383998e-05
 -1.07328904e-01 -1.76540999e-01  4.53763743e-02 -3.18977490e-01]","[ 0.          0.33098343 10.19378853 -0.24880201 -5.3549614  -0.86501509
  0.33682621 -1.86847949]"
1747093069.3090658,"[ 0.          0.15703228  0.44288519 -2.8812351  -2.14734088  1.19813087
  1.02372032  2.41423942]","[ 0.00000000e+00  3.70928568e-05 -4.18651087e-02  1.69184485e-05
 -1.08419052e-01 -1.72862391e-01  2.59293582e-02 -3.16554246e-01]","[ 0.          0.34178606 10.38883209 -0.25438419 -5.25412035 -0.8840642
  0.34446928 -1.84080625]"
1747093069.3112965,"[ 0.          0.15703228  0.44280253 -2.8812351  -2.14755579  1.19779225
  1.02374982  2.4136229 ]","[ 0.00000000e+00  3.71209245e-05 -3.99744266e-02  1.67436491e-05
 -1.09929672e-01 -1.62999507e-01  1.16141912e-02 -3.10297382e-01]","[ 0.          0.31564963 10.50836658 -0.28532079 -5.184587   -0.90898693
  0.33547056 -1.86810517]"
1747093069.3130753,"[ 0.          0.15703228  0.44276398 -2.8812351  -2.14767377  1.19763526
  1.02375554  2.4136229 ]","[ 0.00000000e+00  3.17938749e-05 -3.91641349e-02  1.65724257e-05
 -1.11090428e-01 -1.59357518e-01  5.51690621e-03 -3.10297382e-01]","[ 0.          0.30768171 10.56189919 -0.29352564 -5.13763285 -0.94309759
  0.32834885 -1.86810517]"
1747093069.3142283,"[ 0.          0.15703183  0.44268682 -2.8812351  -2.14789375  1.19732607
  1.02375554  2.41299519]","[ 0.00000000e+00  2.65149452e-05 -3.71137339e-02  1.65592005e-05
 -1.10739964e-01 -1.55306051e-01  0.00000000e+00 -3.03859656e-01]","[ 0.          0.27864236 10.63575935 -0.34571707 -4.97104597 -1.00425279
  0.32569575 -1.93659639]"
1747093069.3159451,"[ 0.          0.15703183  0.44261887 -2.8812351  -2.14811985  1.19701408
  1.02374695  2.41237201]","[ 0.00000000e+00  2.64951613e-05 -3.34920866e-02  1.64044989e-05
 -1.10234321e-01 -1.52334978e-01 -2.80887137e-03 -3.04432902e-01]","[ 0.          0.23074852 10.69509506 -0.34517941 -4.87533998 -1.03962111
  0.31766459 -2.05876637]"
1747093069.3170567,"[ 0.          0.15703183  0.44258811 -2.8812351  -2.14822664  1.19686281
  1.02374316  2.41207427]","[ 0.00000000e+00  2.64948971e-05 -3.13313079e-02  1.64046676e-05
 -1.08309089e-01 -1.53415373e-01 -3.04739828e-03 -3.01968978e-01]","[ 0.          0.19965918 10.70387745 -0.34331036 -4.82536554 -1.02830064
  0.29685813 -2.03869867]"
1747093069.3187768,"[ 0.          0.15703183  0.44252839 -2.8812351  -2.14844076  1.19654696
  1.02374123  2.41147479]","[ 0.00000000e+00  2.64948971e-05 -2.88711484e-02  1.62275732e-05
 -1.08579183e-01 -1.54495751e-01 -2.87219297e-03 -3.02742327e-01]","[ 0.          0.14619166 10.64303207 -0.39320621 -4.76215076 -1.06167793
  0.26686755 -2.02492595]"
1747093069.3205335,"[ 0.          0.15703183  0.44249993 -2.8812351  -2.14855687  1.19639955
  1.02374316  2.41115228]","[ 0.00000000e+00  2.64948971e-05 -2.89004307e-02  1.62027260e-05
 -1.09335047e-01 -1.49482400e-01 -2.01854360e-03 -3.03680592e-01]","[ 0.          0.12760881 10.60307217 -0.41547373 -4.74446487 -1.07238328
  0.24430665 -2.06437254]"
1747093069.3235269,"[ 0.          0.15703183  0.44243841 -2.8812351  -2.14877605  1.19609795
  1.02374982  2.41054748]","[ 0.00000000e+00  2.38454062e-05 -3.02509176e-02  1.62025614e-05
 -1.11707058e-01 -1.45947236e-01  4.88816489e-04 -3.07641012e-01]","[ 0.          0.11811674 10.56754589 -0.43817252 -4.74917889 -1.058146
  0.24535145 -2.06864071]"
1747093069.324697,"[ 0.          0.15703183  0.44237642 -2.8812351  -2.14899816  1.19581259
  1.02375461  2.40990139]","[ 0.00000000e+00  2.38454062e-05 -3.13313079e-02  1.60421727e-05
 -1.12360547e-01 -1.43691855e-01  9.60473468e-04 -3.17974410e-01]","[ 0.          0.07519933 10.49451637 -0.45327851 -4.73349333 -1.04263747
  0.26400471 -2.07944679]"
1747093069.32651,"[ 0.          0.15703183  0.44231397 -2.8812351  -2.14922559  1.19553283
  1.02375554  2.40926303]","[ 0.00000000e+00  2.38634509e-05 -2.98414461e-02  1.58730919e-05
 -1.10469869e-01 -1.42881572e-01  1.35694963e-03 -3.25947182e-01]","[ 0.          0.05583832 10.41413784 -0.43392101 -4.74058533 -1.05762553
  0.2833865  -2.11998153]"
1747093069.3281424,"[ 0.          0.15703183  0.44226344 -2.8812351  -2.14944078  1.19523415
  1.02375361  2.40859618]","[ 0.00000000e+00  2.38456439e-05 -2.37685775e-02  1.58849283e-05
 -1.08579183e-01 -1.46662928e-01  1.21424736e-03 -3.25246704e-01]","[ 0.          0.04887548 10.25688267 -0.4609971  -4.83990812 -1.05554223
  0.27253032 -2.11540318]"
1747093069.3299515,"[ 0.          0.15703183  0.44222442 -2.8812351  -2.14966342  1.19493828
  1.02375268  2.40795036]","[ 0.00000000e+00  2.38634509e-05 -1.80965312e-02  1.58729355e-05
 -1.08309089e-01 -1.50714395e-01  1.03400389e-03 -3.27898347e-01]","[ 0.          0.02595305 10.0849371  -0.44283724 -4.99481964 -1.04675686
  0.26152974 -2.10082507]"
1747093069.3317623,"[ 0.          0.15703183  0.44219503 -2.8812351  -2.14987807  1.19462336
  1.02375361  2.40727392]","[ 0.00000000e+00  2.38454062e-05 -1.29646791e-02  1.05900569e-05
 -1.09659578e-01 -1.54495751e-01  6.01165054e-04 -3.29760529e-01]","[ 0.          0.02313348  9.87572289 -0.46657714 -5.04280949 -1.00728667
  0.27864698 -2.06255579]"
1747093069.3334918,"[ 0.          0.15703183  0.44218401 -2.8812351  -2.14999365  1.19446929
  1.02375461  2.40695328]","[ 0.00000000e+00  2.38451685e-05 -1.10739970e-02  1.05900569e-05
 -1.08731133e-01 -1.56116334e-01  4.32799730e-04 -3.25197369e-01]","[ 0.          0.02785148  9.80167484 -0.46657714 -5.07280397 -1.02629399
  0.3044681  -2.03479552]"
1747093069.3352723,"[ 0.          0.15703183  0.44216563 -2.8812351  -2.1502099   1.19415158
  1.02375461  2.40633409]","[ 0.00000000e+00  2.38634509e-05 -8.37302164e-03  1.05819570e-05
 -1.10088114e-01 -1.53971840e-01  0.00000000e+00 -3.10612101e-01]","[ 0.          0.05538823  9.59178925 -0.46904075 -5.1371398  -0.99085623
  0.31706443 -2.05621314]"
1747093069.336486,"[ 0.          0.15703183  0.44215831 -2.8812351  -2.15032761  1.19400417
  1.02375461  2.40601238]","[ 0.00000000e+00  1.85604623e-05 -7.56272939e-03  1.05899522e-05
 -1.10839658e-01 -1.49634000e-01  0.00000000e+00 -3.02928316e-01]","[ 0.00000000e+00  6.12049538e-04  9.46792698e+00 -4.94695395e-01
 -5.13886404e+00 -9.76226747e-01  3.30947816e-01 -2.10194206e+00]"
1747093069.338287,"[ 0.          0.15703183  0.4421436  -2.8812351  -2.15054279  1.19371775
  1.02375461  2.40542649]","[ 0.00000000e+00  1.85464284e-05 -7.56272939e-03  1.05819570e-05
 -1.09389475e-01 -1.43546264e-01  0.00000000e+00 -2.94107959e-01]","[ 0.          0.02496647  9.29443741 -0.52100837 -5.19564819 -0.99159765
  0.32138085 -2.13349462]"
1747093069.340051,"[ 0.          0.15703183  0.44212662 -2.8812351  -2.15075958  1.19343146
  1.02375461  2.40483659]","[ 0.00000000e+00  1.85604623e-05 -8.32237841e-03  1.05899522e-05
 -1.09929672e-01 -1.37749710e-01  0.00000000e+00 -2.85876029e-01]","[ 0.          0.02648584  9.07078743 -0.52100438 -5.23380566 -1.04456186
  0.32962728 -2.16313338]"
1747093069.341263,"[ 0.          0.15703183  0.44211697 -2.8812351  -2.15087622  1.19330017
  1.02375554  2.40455989]","[ 0.00000000e+00  1.85464284e-05 -9.31836320e-03  1.05819570e-05
 -1.09836586e-01 -1.33158055e-01  6.24093044e-05 -2.80631266e-01]","[ 0.          0.04165863  8.99579906 -0.51006043 -5.25875807 -1.0584507
  0.34836838 -2.19005394]"
1747093069.3430676,"[ 0.          0.15703228  0.44209263 -2.8812351  -2.15109993  1.19303185
  1.02375554  2.4040206 ]","[ 0.00000000e+00  2.38634509e-05 -1.25266276e-02  1.05819570e-05
 -1.14251234e-01 -1.29898062e-01  0.00000000e+00 -2.71988159e-01]","[ 0.          0.06941243  8.82401657 -0.4741028  -5.21459818 -1.05235302
  0.37595224 -2.212538  ]"
1747093069.3454478,"[ 0.          0.15703228  0.44206463 -2.8812351  -2.15133721  1.19278737
  1.02375554  2.40347066]","[ 0.00000000e+00  2.38454062e-05 -1.48553612e-02  1.05900569e-05
 -1.16356562e-01 -1.21420713e-01  0.00000000e+00 -2.68206787e-01]","[ 0.          0.05405594  8.71367645 -0.48646444 -5.12699938 -1.05876148
  0.3760868  -2.25060344]"
1747093069.3466697,"[ 0.          0.15703228  0.44204856 -2.8812351  -2.15145333  1.19266087
  1.02375554  2.40320328]","[ 0.00000000e+00  2.38456439e-05 -1.62058481e-02  1.05820616e-05
 -1.17762503e-01 -1.19115015e-01  0.00000000e+00 -2.71177859e-01]","[ 0.          0.05286083  8.65195942 -0.50462073 -5.07198381 -1.05771756
  0.37839332 -2.27244258]"
1747093069.348463,"[ 0.          0.15703228  0.44201044 -2.8812351  -2.15168529  1.19243357
  1.02375647  2.40263816]","[ 0.00000000e+00  2.38634509e-05 -1.91769216e-02  1.05899522e-05
 -1.17222306e-01 -1.14791431e-01  4.61913295e-05 -2.76848378e-01]","[ 0.          0.10328371  8.53303432 -0.49435604 -5.02781487 -1.07360303
  0.38013566 -2.25799251]"
1747093069.350231,"[ 0.          0.15703228  0.44196819 -2.8812351  -2.15192737  1.19219948
  1.02375741  2.40208262]","[ 0.00000000e+00  2.38454062e-05 -2.18778954e-02  1.05819570e-05
 -1.18302692e-01 -1.14743910e-01  7.72794684e-05 -2.82792055e-01]","[ 0.          0.16377555  8.42398357 -0.48823944 -5.02835608 -1.07678926
  0.40286866 -2.22171354]"
1747093069.3526068,"[ 0.          0.15703228  0.44192136 -2.8812351  -2.15216599  1.19197591
  1.0237584   2.40149672]","[ 0.00000000e+00  2.38634509e-05 -2.28199304e-02  1.05899522e-05
 -1.21813962e-01 -1.11820358e-01  1.48035639e-04 -2.86628338e-01]","[ 0.          0.23181057  8.40859413 -0.4469361  -4.99467993 -1.1099788
  0.41174003 -2.19155455]"
1747093069.3544004,"[ 0.          0.15703274  0.44187681 -2.8812351  -2.1524158   1.19175141
  1.02375934  2.40092201]","[ 0.00000000e+00  2.64948971e-05 -2.24180906e-02  5.29097849e-06
 -1.21543868e-01 -1.09335047e-01  2.24515419e-04 -2.92515555e-01]","[ 0.          0.28289145  8.46892357 -0.42714503 -4.94077778 -1.13157272
  0.40941113 -2.18242121]"
1747093069.356767,"[ 0.          0.15703274  0.44183134 -2.8812351  -2.15265415  1.19153356
  1.02375934  2.40031029]","[ 0.00000000e+00  2.38634509e-05 -2.18778954e-02  1.05899522e-05
 -1.20463473e-01 -1.11010067e-01  2.15727914e-04 -2.98885337e-01]","[ 0.          0.33710787  8.58116531 -0.37654963 -4.91528797 -1.1391623
  0.39948136 -2.20597863]"
1747093069.3585615,"[ 0.          0.15703274  0.44178956 -2.8812351  -2.15289809  1.19130146
  1.02375934  2.3997188 ]","[ 0.00000000e+00  2.38454062e-05 -2.10676037e-02  1.05820616e-05
 -1.19383087e-01 -1.12739648e-01  2.36557202e-04 -2.99504423e-01]","[ 0.          0.36808196  8.64741516 -0.34676954 -4.89280319 -1.12667251
  0.38607052 -2.20113969]"
1747093069.3616838,"[ 0.          0.15703319  0.44174595 -2.8812351  -2.15313192  1.1910703
  1.02376027  2.39909935]","[ 0.00000000e+00  2.65149452e-05 -2.13377002e-02  5.29497611e-06
 -1.18302692e-01 -1.19653181e-01  2.36557202e-04 -3.04683672e-01]","[ 0.          0.44340047  8.70936489 -0.32998869 -4.93795681 -1.1205734
  0.38319764 -2.16484451]"
1747093069.3632355,"[ 0.          0.15703319  0.44167661 -2.88123483 -2.15349224  1.19067642
  1.02376313  2.39815179]","[ 0.00000000e+00  2.65149452e-05 -2.43087727e-02  7.94246417e-06
 -1.18302692e-01 -1.36167277e-01  3.08246169e-04 -3.28501620e-01]","[ 0.          0.47121733  8.89557934 -0.2788578  -5.03501225 -1.11732662
  0.37619928 -2.09249234]"
1747093069.365065,"[ 0.          0.15703366  0.44162425 -2.88123483 -2.15373566  1.19039013
  1.02376506  2.39746683]","[ 0.00000000e+00  2.65149452e-05 -2.56592596e-02  7.94254290e-06
 -1.18864253e-01 -1.47323808e-01  3.45426915e-04 -3.36811548e-01]","[ 0.          0.50859815  9.05697918 -0.26170301 -5.08820534 -1.0927124
  0.37893286 -2.13198328]"
1747093069.3662784,"[ 0.          0.15703366  0.44159901 -2.88123483 -2.15385364  1.19022834
  1.02376506  2.39713314]","[ 0.00000000e+00  2.64946330e-05 -2.56592596e-02  7.94254290e-06
 -1.19531949e-01 -1.52467221e-01  3.35450009e-04 -3.38432148e-01]","[ 0.          0.54902959  9.20377827 -0.2540828  -5.1181736  -1.03891361
  0.3517406  -2.14141154]"
1747093069.3685381,"[ 0.          0.15703366  0.44155124 -2.88123483 -2.15409439  1.1899049
  1.02376599  2.39642527]","[ 0.00000000e+00  2.65149452e-05 -2.25691605e-02  2.64748806e-06
 -1.23164451e-01 -1.68000624e-01  3.25338579e-04 -3.47565093e-01]","[ 0.          0.594028    9.39225197 -0.23073515 -5.2505126  -0.98919713
  0.33686584 -2.11959338]"
1747093069.3697424,"[ 0.          0.15703413  0.44151266 -2.88123483 -2.15435138  1.18957108
  1.02376599  2.39573924]","[ 0.00000000e+00  3.18179359e-05 -1.86367264e-02  7.94254290e-06
 -1.26675712e-01 -1.69449350e-01  3.25329314e-04 -3.46535048e-01]","[ 0.          0.62423551  9.55431175 -0.20225148 -5.37168741 -0.97670633
  0.31254208 -2.12896776]"
1747093069.3714154,"[ 0.          0.15703413  0.44149568 -2.88123483 -2.15448001  1.18939118
  1.02376599  2.39539968]","[ 0.00000000e+00  3.18176189e-05 -1.72862385e-02  7.93646773e-06
 -1.30324901e-01 -1.69519475e-01  3.16464713e-04 -3.44374293e-01]","[ 0.          0.64382082  9.63112545 -0.17323077 -5.38784409 -1.01862121
  0.3047998  -2.17687917]"
1747093069.3731182,"[ 0.          0.15703458  0.44146675 -2.8812343  -2.15475006  1.18906494
  1.02376599  2.39469767]","[ 0.00000000e+00  3.18179359e-05 -1.35414969e-02  7.94246417e-06
 -1.33158055e-01 -1.65029551e-01  3.08070392e-04 -3.42483615e-01]","[ 0.          0.68414205  9.71528339 -0.12418441 -5.4190197  -1.02356303
  0.30683434 -2.21352696]"
1747093069.3754835,"[ 0.          0.15703458  0.44144518 -2.88123377 -2.15501398  1.18873671
  1.02376599  2.39401271]","[ 0.00000000e+00  3.18179359e-05 -1.02637042e-02  1.32374398e-05
 -1.33158055e-01 -1.58485665e-01  3.00102007e-04 -3.48882192e-01]","[ 0.          0.70235157  9.78402519 -0.08286884 -5.38423491 -1.06950164
  0.27654955 -2.26216412]"
1747093069.3773296,"[ 0.          0.15703504  0.44143    -2.88123377 -2.15528908  1.18842751
  1.02376599  2.39328487]","[ 0.00000000e+00  3.71209245e-05 -7.02151680e-03  1.32374398e-05
 -1.34102436e-01 -1.55576145e-01  2.99513329e-04 -3.56592743e-01]","[ 0.00000000e+00  7.60550976e-01  9.81578445e+00 -3.13287042e-03
 -5.32305193e+00 -1.10362315e+00  2.75440574e-01 -2.26656222e+00]"
1747093069.37843,"[ 0.          0.15703549  0.44142404 -2.88123377 -2.15542277  1.18826493
  1.02376599  2.392932  ]","[ 0.00000000e+00  4.23914120e-05 -5.94214437e-03  1.32374398e-05
 -1.35726590e-01 -1.52968761e-01  2.91983494e-04 -3.57879149e-01]","[ 0.00000000e+00  7.77170181e-01  9.80635738e+00 -2.24288320e-03
 -5.25181341e+00 -1.14425874e+00  2.78541654e-01 -2.24090743e+00]"
1747093069.3801563,"[ 0.          0.15703549  0.44141532 -2.88123377 -2.15570187  1.18796998
  1.02376599  2.39221002]","[ 0.00000000e+00  3.70648338e-05 -4.32155961e-03  1.32274462e-05
 -1.36167277e-01 -1.49634000e-01  2.84822998e-04 -3.68683061e-01]","[ 0.          0.81114274  9.79412079  0.02118497 -5.11907673 -1.21272647
  0.26946428 -2.22262955]"
1747093069.3818345,"[ 0.          0.15703596  0.44141213 -2.8812335  -2.1558345   1.18782444
  1.02376599  2.39143956]","[ 0.00000000e+00  4.23598089e-05 -3.00922145e-03  1.58849283e-05
 -1.34508543e-01 -1.47473228e-01  2.58327829e-04 -3.76245773e-01]","[ 0.          0.81813461  9.77874279  0.04877135 -5.0609808  -1.20371532
  0.25753289 -2.21496177]"
1747093069.3836117,"[ 0.          0.15703596  0.4414066  -2.88123297 -2.15609682  1.18752577
  1.02376599  2.39106938]","[ 0.00000000e+00  4.23278279e-05 -2.70097486e-03  2.11801137e-05
 -1.31267377e-01 -1.43691855e-01  2.52138173e-04 -3.75435506e-01]","[ 0.          0.84564841  9.72828484  0.08043341 -4.95098448 -1.23487318
  0.25310951 -2.28886437]"
1747093069.385365,"[ 0.          0.15703642  0.44140201 -2.88123297 -2.15636952  1.18725359
  1.02376599  2.39030932]","[ 0.00000000e+00  4.50077435e-05 -2.21063176e-03  2.11799045e-05
 -1.33032786e-01 -1.37209521e-01  2.51679939e-04 -3.70573739e-01]","[ 0.          0.87465197  9.67639923  0.12458776 -4.81468916 -1.23814976
  0.25849763 -2.25174832]"
1747093069.3882587,"[ 0.          0.15703687  0.44139741 -2.88123244 -2.15663904  1.18697969
  1.02376599  2.38957482]","[ 0.00000000e+00  5.02642966e-05 -2.45695258e-03  2.64748795e-05
 -1.38289908e-01 -1.33408824e-01  2.46249912e-04 -3.73975794e-01]","[ 0.          0.87329227  9.63216877  0.16136116 -4.76215792 -1.25683033
  0.25575715 -2.16002131]"
1747093069.3911045,"[ 0.          0.15703734  0.44138503 -2.88123191 -2.15720123  1.18644319
  1.02376599  2.38807279]","[ 0.00000000e+00  5.55558217e-05 -2.84402328e-03  3.17461838e-05
 -1.40038564e-01 -1.35048741e-01  2.34841345e-04 -3.72464417e-01]","[ 0.          0.8741985   9.54397392  0.20147863 -4.54703522 -1.25596118
  0.22309732 -2.13735867]"
1747093069.3947136,"[ 0.          0.15703779  0.44136942 -2.88123191 -2.15762627  1.18601602
  1.02376599  2.38694921]","[ 0.00000000e+00  5.82447383e-05 -4.70242312e-03  3.17698567e-05
 -1.40180594e-01 -1.43439554e-01  2.12049195e-04 -3.69868467e-01]","[ 0.          0.89665985  9.47472477  0.23714009 -4.45645428 -1.21337509
  0.2337524  -2.1159389 ]"
1747093069.3977203,"[ 0.          0.15703825  0.44134232 -2.88123164 -2.15804891  1.18558312
  1.02376599  2.38584   ]","[ 0.00000000e+00  6.35403432e-05 -9.36267571e-03  3.44173463e-05
 -1.38293969e-01 -1.48553606e-01  1.64927141e-04 -3.62740916e-01]","[ 0.          0.92472857  9.4140749   0.22291544 -4.53656626 -1.21934164
  0.2390963  -2.09100556]"
1747093069.4006438,"[ 0.          0.15703825  0.44129961 -2.88123164 -2.15844839  1.18512559
  1.02376599  2.38473665]","[ 0.00000000e+00  6.34917418e-05 -1.62223014e-02  3.43913591e-05
 -1.33158055e-01 -1.48403104e-01  1.44113572e-04 -3.66028056e-01]","[ 0.          0.90776169  9.46843719  0.21184769 -4.65404892 -1.11895871
  0.22283423 -2.13092041]"
1747093069.4035876,"[ 0.          0.15703825  0.44124175 -2.88123164 -2.15884999  1.18469083
  1.02376599  2.3836397 ]","[ 0.00000000e+00  6.34917418e-05 -1.99872133e-02  3.43917005e-05
 -1.33698252e-01 -1.41433411e-01  1.41102106e-04 -3.75435506e-01]","[ 0.          0.89118874  9.63058376  0.17978473 -4.84743357 -1.09869945
  0.21264692 -2.05821538]"
1747093069.4065428,"[ 0.          0.15703872  0.44117837 -2.88123164 -2.15926198  1.18429322
  1.02376599  2.38246098]","[ 0.00000000e+00  6.88346925e-05 -2.10676037e-02  3.44176835e-05
 -1.37421118e-01 -1.30186982e-01  1.37993340e-04 -3.96503108e-01]","[ 0.          0.83868295  9.77281475  0.12214082 -5.03635979 -1.01378703
  0.21568184 -2.04376793]"
1747093069.4101305,"[ 0.          0.15703872  0.44109068 -2.88123164 -2.15982045  1.18378323
  1.02376693  2.38084178]","[ 0.00000000e+00  6.34917418e-05 -2.18778954e-02  3.44173463e-05
 -1.40548759e-01 -1.25325232e-01  1.32574732e-04 -4.06226608e-01]","[ 0.          0.79406357  9.87185001  0.03803358 -5.08160734 -0.9466182
  0.2303264  -2.03872132]"
1747093069.413619,"[ 0.          0.15703872  0.44102041 -2.88123164 -2.16025241  1.18340652
  1.02376693  2.37961007]","[ 0.00000000e+00  6.35397134e-05 -2.43087727e-02  3.43913591e-05
 -1.42185721e-01 -1.26277545e-01  9.34752231e-05 -4.02846957e-01]","[ 0.          0.80099213  9.86248779  0.03495308 -5.04352665 -0.91626006
  0.24842218 -2.02027464]"
1747093069.4166172,"[ 0.          0.15703917  0.44092903 -2.88123164 -2.16067026  1.18301277
  1.02376693  2.37838848]","[ 0.00000000e+00  7.41296676e-05 -3.10952894e-02  3.44176835e-05
 -1.40578204e-01 -1.31267377e-01  3.64061387e-05 -4.01229520e-01]","[ 0.          0.79323483  9.88159084 -0.04192854 -4.98039484 -0.93776304
  0.27787381 -2.06479478]"
1747093069.419492,"[ 0.          0.15703917  0.44083079 -2.88123191 -2.16109743  1.18262275
  1.02376693  2.3772079 ]","[ 0.00000000e+00  7.40737029e-05 -3.29518914e-02  3.17698567e-05
 -1.41531083e-01 -1.32077668e-01  2.03808159e-05 -3.96101370e-01]","[ 0.          0.76923859  9.95105648 -0.07519896 -4.94477654 -0.95540035
  0.29763064 -2.11027884]"
1747093069.4230285,"[ 0.          0.15703964  0.44071092 -2.88123164 -2.16166682  1.18206802
  1.02376793  2.37563157]","[ 0.00000000e+00  7.67199429e-05 -2.70097486e-02  3.44694302e-05
 -1.41531083e-01 -1.37170348e-01  3.43697039e-05 -3.92721719e-01]","[ 0.          0.73167306 10.01501083 -0.1148419  -4.8485775  -0.96070087
  0.30009815 -2.23321271]"
1747093069.4265738,"[ 0.          0.15703964  0.44063701 -2.88123164 -2.16210198  1.18164764
  1.02376793  2.37445392]","[ 0.00000000e+00  7.67771511e-05 -2.37685775e-02  3.44690848e-05
 -1.43421761e-01 -1.46662928e-01  3.31186001e-05 -3.88276470e-01]","[ 0.          0.69652033  9.94985676 -0.16325264 -4.75559902 -0.9507665
  0.32711878 -2.29127741]"
1747093069.4295225,"[ 0.          0.15703964  0.44058831 -2.88123164 -2.16252356  1.18118438
  1.02376886  2.37326668]","[ 0.00000000e+00  7.67771511e-05 -2.43245415e-02  3.44433659e-05
 -1.41531083e-01 -1.55306051e-01  5.02819573e-05 -3.91449560e-01]","[ 0.          0.66953403  9.90530396 -0.15506919 -4.65905619 -0.95075345
  0.32804856 -2.32306743]"
1747093069.4324849,"[ 0.          0.15703964  0.44051348 -2.88123164 -2.16293821  1.18070195
  1.02376979  2.37210049]","[ 0.00000000e+00  7.67191870e-05 -2.56332625e-02  3.44694302e-05
 -1.34508543e-01 -1.58485665e-01  6.18990182e-05 -3.81418830e-01]","[ 0.          0.64803076  9.86233902 -0.17460243 -4.63219118 -0.93962657
  0.34552711 -2.26426196]"
1747093069.4359567,"[ 0.          0.15703964  0.44043634 -2.88123164 -2.16333769  1.18024535
  1.02376979  2.37097397]","[ 0.00000000e+00  7.67199429e-05 -2.51190644e-02  3.44694302e-05
 -1.31134377e-01 -1.46950316e-01  6.08265692e-05 -3.78136451e-01]","[ 0.          0.59722567  9.7720747  -0.21719883 -4.74020672 -0.98028958
  0.35413331 -2.19756389]"
1747093069.4389188,"[ 0.          0.15703964  0.44034127 -2.88123164 -2.16384981  1.17969834
  1.02377072  2.36951269]","[ 0.00000000e+00  7.67191870e-05 -2.32283823e-02  3.44690848e-05
 -1.23849133e-01 -1.32028533e-01  7.57680058e-05 -3.54818312e-01]","[ 0.          0.51598513  9.67824936 -0.23190823 -4.77399921 -1.01444888
  0.35242915 -2.21727967]"
1747093069.441863,"[ 0.          0.15703964  0.4402655  -2.88123164 -2.16422345  1.1793179
  1.02377172  2.3684682 ]","[ 0.00000000e+00  7.67199429e-05 -2.61994548e-02  3.44694302e-05
 -1.23127317e-01 -1.27486012e-01  8.97016747e-05 -3.38702226e-01]","[ 0.          0.47961304  9.57741642 -0.21635173 -4.81707382 -1.01162195
  0.35316756 -2.22742748]"
1747093069.4454749,"[ 0.          0.15703964  0.44017552 -2.88123164 -2.1645955   1.1789412
  1.02377265  2.36745327]","[ 0.00000000e+00  7.40737029e-05 -3.21090342e-02  3.44694302e-05
 -1.25865421e-01 -1.23309485e-01  1.00416306e-04 -3.36072021e-01]","[ 0.          0.39333707  9.48087788 -0.253555   -4.83308268 -0.99780607
  0.35004291 -2.33630872]"
1747093069.4485238,"[ 0.          0.15703964  0.44006853 -2.88123164 -2.1649742   1.17856157
  1.02377265  2.36642769]","[ 0.00000000e+00  7.40744343e-05 -3.58598885e-02  3.44694302e-05
 -1.23434545e-01 -1.24381158e-01  9.75159654e-05 -3.38537409e-01]","[ 0.          0.35340723  9.54695988 -0.23529296 -4.86636209 -1.00559509
  0.35207626 -2.36210227]"
1747093069.452849,"[ 0.          0.15703964  0.43996796 -2.88123164 -2.16534677  1.17819725
  1.02377265  2.36540876]","[ 0.00000000e+00  7.40737029e-05 -3.26486822e-02  3.44694302e-05
 -1.21622705e-01 -1.17249237e-01  9.60209769e-05 -3.49236026e-01]","[ 0.          0.2843515   9.54485607 -0.24256292 -4.91727018 -0.97344291
  0.32457784 -2.31120729]"
1747093069.4556289,"[ 0.          0.15703964  0.43984489 -2.88123164 -2.16582694  1.17773585
  1.02377458  2.36398583]","[ 0.00000000e+00  6.87827183e-05 -3.02509176e-02  3.44694302e-05
 -1.21003670e-01 -1.16682109e-01  1.19509679e-04 -3.54097793e-01]","[ 0.          0.21178342  9.44336891 -0.27639404 -4.97563934 -0.95460933
  0.36085662 -2.35471869]"
1747093069.4592996,"[ 0.          0.15703964  0.43973101 -2.88123191 -2.16629912  1.17724397
  1.02377552  2.36249313]","[ 0.00000000e+00  6.87827183e-05 -2.61994548e-02  3.18179359e-05
 -1.15601723e-01 -1.18362713e-01  1.30693038e-04 -3.62030784e-01]","[ 0.          0.1321793   9.37792683 -0.36237589 -4.90036392 -0.94491863
  0.35548609 -2.22392392]"
1747093069.4622593,"[ 0.          0.15703917  0.43966949 -2.88123191 -2.16666131  1.17689776
  1.02377645  2.3614047 ]","[ 0.00000000e+00  5.82007654e-05 -1.72862385e-02  2.91664395e-05
 -1.14202340e-01 -1.17762503e-01  1.39565538e-04 -3.56258582e-01]","[ 0.          0.07954568  9.27323723 -0.40725151 -4.95731592 -0.95371413
  0.38514924 -2.2649858 ]"
1747093069.4657955,"[ 0.          0.15703917  0.4396346  -2.88123191 -2.16698888  1.17654289
  1.02377738  2.36032798]","[ 0.00000000e+00  5.55552731e-05 -8.52612739e-03  2.91664395e-05
 -1.13998624e-01 -1.18722481e-01  1.50054937e-04 -3.52207115e-01]","[ 0.         -0.01107835  9.09423351 -0.49882877 -4.91356373 -0.96888709
  0.40779108 -2.29801273]"
1747093069.4687352,"[ 0.          0.15703917  0.43962311 -2.88123244 -2.16734335  1.17619189
  1.02378024  2.35929095]","[ 0.00000000e+00  5.55552731e-05 -1.75537920e-03  2.38634509e-05
 -1.09836586e-01 -1.11820358e-01  1.83513938e-04 -3.36782053e-01]","[ 0.         -0.05013933  8.82398129 -0.57825261 -4.83563662 -0.94810963
  0.46406952 -2.28310561]"
1747093069.4716532,"[ 0.          0.15703917  0.43962311 -2.88123244 -2.16766293  1.17598256
  1.02378504  2.35829892]","[ 0.00000000e+00  5.02642966e-05  2.69960579e-04  2.38634509e-05
 -1.08579183e-01 -1.03177236e-01  2.35125997e-04 -3.37621848e-01]","[ 0.         -0.12406253  8.49288464 -0.66753298 -4.81963921 -0.94501561
  0.49756026 -2.39342928]"
1747093069.4752712,"[ 0.          0.15703917  0.43961989 -2.88123297 -2.16809303  1.17558588
  1.02379263  2.35692233]","[ 0.00000000e+00  4.49733161e-05 -4.44378629e-04  7.94846874e-06
 -1.05608111e-01 -9.12797215e-02  3.11222395e-04 -3.46264971e-01]","[ 0.         -0.18436441  8.15999794 -0.76979989 -4.65951824 -0.98968834
  0.54547751 -2.34525251]"
1747093069.4790282,"[ 0.          0.15703872  0.43961346 -2.88123297 -2.16839716  1.17533195
  1.02379928  2.35619449]","[ 0.00000000e+00  3.70368514e-05 -1.00296272e-03  7.94854798e-06
 -9.83154852e-02 -8.29199257e-02  3.75702687e-04 -3.59769827e-01]","[ 0.         -0.22723641  8.00338364 -0.84604216 -4.66472244 -0.9787944
  0.54727453 -2.29061937]"
1747093069.4813895,"[ 0.          0.15703872  0.43960151 -2.8812335  -2.16858731  1.17508641
  1.02380401  2.35507383]","[ 0.00000000e+00  3.17938749e-05 -1.74423580e-03  0.00000000e+00
 -9.57115794e-02 -7.99488533e-02  4.45443633e-04 -3.72641917e-01]","[ 0.         -0.26482961  7.87076998 -0.88606369 -4.69755363 -0.98223168
  0.57929707 -2.23331785]"
1747093069.4832225,"[ 0.          0.15703872  0.43958913 -2.8812335  -2.16877906  1.17492755
  1.02380787  2.35433853]","[ 0.00000000e+00  2.65149452e-05 -4.53190539e-03 -5.29897933e-06
 -9.31836320e-02 -7.72478753e-02  5.98707806e-04 -3.74355095e-01]","[ 0.         -0.28546068  7.83407784 -0.92378873 -4.7771945  -0.93862301
  0.59932065 -2.19757843]"
1747093069.4849434,"[ 0.          0.15703872  0.43957122 -2.8812335  -2.16896734  1.17478201
  1.0238088   2.35356888]","[ 0.00000000e+00  2.38454062e-05 -9.04826561e-03 -5.30298914e-06
 -9.12929458e-02 -7.33920758e-02  7.02115634e-04 -3.75400386e-01]","[ 0.         -0.31006366  7.86628532 -0.97296286 -4.86466551 -0.92189848
  0.59884965 -2.11653352]"
1747093069.4867394,"[ 0.          0.15703872  0.43955927 -2.8812335  -2.16905523  1.17470398
  1.02381074  2.35319684]","[ 0.00000000e+00  2.38451685e-05 -1.12845802e-02 -1.05979587e-05
 -8.90418589e-02 -7.34751581e-02  8.08897795e-04 -3.77326184e-01]","[ 0.         -0.30910301  7.90989017 -1.00757587 -4.88653374 -0.89774269
  0.592206   -2.05676198]"
1747093069.488505,"[ 0.          0.15703872  0.4395308  -2.88123377 -2.16923605  1.17455564
  1.02381353  2.35246074]","[ 0.00000000e+00  1.85604623e-05 -1.53955564e-02 -1.32574726e-05
 -8.77689595e-02 -7.61674891e-02  1.09885811e-03 -3.72194306e-01]","[ 0.         -0.27147427  8.09527683 -1.00966012 -5.00635004 -0.8671509
  0.55856937 -2.03974462]"
1747093069.4897158,"[ 0.          0.15703825  0.43949179 -2.88123377 -2.16940783  1.17439012
  1.02381546  2.35169961]","[ 0.00000000e+00  1.32474486e-05 -2.03122459e-02 -1.32473165e-05
 -8.61610926e-02 -8.22520548e-02  1.42765382e-03 -3.70198267e-01]","[ 0.         -0.29875845  8.31052113 -1.01148713 -5.14066982 -0.86239451
  0.54686785 -2.0991776 ]"
1747093069.4914703,"[ 0.          0.15703825  0.43946928 -2.88123377 -2.16949358  1.1743073
  1.02381639  2.35133822]","[ 0.00000000e+00  7.94846874e-06 -2.26881871e-02 -1.85602774e-05
 -8.69713844e-02 -8.39152073e-02  1.57864387e-03 -3.66522272e-01]","[ 0.         -0.28111935  8.45818043 -1.02232444 -5.17178106 -0.84876686
  0.53886312 -2.08641028]"
1747093069.4932265,"[ 0.          0.15703825  0.43941692 -2.88123377 -2.16967548  1.17413699
  1.02381926  2.3505912 ]","[ 0.00000000e+00  5.30304197e-06 -2.63306883e-02 -1.85604623e-05
 -8.98513268e-02 -8.69713844e-02  1.61640965e-03 -3.62861957e-01]","[ 0.         -0.28143427  8.71539688 -0.99403715 -5.28915262 -0.81663895
  0.54819405 -2.13959479]"
1747093069.4950151,"[ 0.          0.15703825  0.43936276 -2.8812343  -2.16985551  1.17396389
  1.02382119  2.34988546]","[ 0.00000000e+00  5.30298914e-06 -2.78200403e-02 -2.64948971e-05
 -9.21032375e-02 -8.40003119e-02  1.53510821e-03 -3.57068849e-01]","[ 0.         -0.28238058  9.00817966 -0.99294043 -5.37454796 -0.81859618
  0.52819109 -2.20225501]"
1747093069.4968145,"[ 0.          0.15703825  0.43930856 -2.8812343  -2.17005098  1.17380223
  1.02382212  2.34918239]","[ 0.00000000e+00  0.00000000e+00 -2.60799204e-02 -2.65149452e-05
 -9.61547045e-02 -8.20264352e-02  1.40166368e-03 -3.54818312e-01]","[ 0.         -0.24306493  9.30931282 -0.95046926 -5.45486355 -0.81028259
  0.51004601 -2.30079746]"
1747093069.4986222,"[ 0.          0.15703825  0.43928516 -2.8812343  -2.17014659  1.17371461
  1.02382212  2.34880395]","[ 0.00000000e+00  0.00000000e+00 -2.37685775e-02 -2.65149452e-05
 -9.69649962e-02 -8.25028247e-02  1.26276007e-03 -3.56341973e-01]","[ 0.         -0.23550758  9.39364052 -0.94278121 -5.44006872 -0.80095297
  0.49105757 -2.26278257]"
1747093069.5003982,"[ 0.          0.15703825  0.43924381 -2.8812343  -2.17034952  1.1735491
  1.02382405  2.34810274]","[ 0.00000000e+00  0.00000000e+00 -1.99872133e-02 -2.65149452e-05
 -9.93043086e-02 -8.48106036e-02  1.17442270e-03 -3.57068849e-01]","[ 0.         -0.21292537  9.5866766  -0.89240789 -5.40342236 -0.82521337
  0.48068047 -2.29929161]"
1747093069.502161,"[ 0.          0.15703825  0.43920846 -2.8812343  -2.17054553  1.17337413
  1.02382592  2.34736558]","[ 0.00000000e+00  0.00000000e+00 -1.65351490e-02 -2.64548924e-05
 -9.91257769e-02 -8.60135785e-02  1.11987406e-03 -3.60855798e-01]","[ 0.         -0.1730717   9.7445364  -0.84839302 -5.31442738 -0.8433494
  0.48029175 -2.28557038]"
1747093069.5039442,"[ 0.          0.15703825  0.43918183 -2.8812343  -2.17074687  1.17320289
  1.02382785  2.3466396 ]","[ 0.00000000e+00  0.00000000e+00 -1.29646791e-02 -2.64751417e-05
 -9.83012373e-02 -8.69713844e-02  1.03546330e-03 -3.69118987e-01]","[ 0.         -0.15643583  9.88689518 -0.81463003 -5.2220726  -0.88278484
  0.45931804 -2.3339715 ]"
1747093069.5057144,"[ 0.          0.15703825  0.43917081 -2.8812343  -2.17084274  1.17311434
  1.02382878  2.34627235]","[ 0.00000000e+00  0.00000000e+00 -1.10739970e-02 -2.64748795e-05
 -9.71365704e-02 -8.96723623e-02  9.84952899e-04 -3.72464417e-01]","[ 0.         -0.11818524  9.94760609 -0.78691304 -5.15649557 -0.88936818
  0.44676822 -2.32803941]"
1747093069.5074139,"[ 0.          0.15703779  0.4391529  -2.8812343  -2.17103422  1.17291846
  1.02383164  2.34551415]","[ 0.00000000e+00 -1.06059783e-05 -7.83282698e-03 -2.64548924e-05
 -9.77752879e-02 -9.93958714e-02  1.03395714e-03 -3.70573739e-01]","[ 0.         -0.11054978 10.02293968 -0.73228669 -5.0258975  -0.9102428
  0.4459607  -2.35162926]"
1747093069.5091407,"[ 0.          0.15703825  0.43914188 -2.8812343  -2.17123129  1.17270528
  1.02383351  2.34477885]","[ 0.00000000e+00 -5.30298914e-06 -4.59165694e-03 -2.64751417e-05
 -9.55427850e-02 -1.10199767e-01  9.89215452e-04 -3.73274717e-01]","[ 0.         -0.0865093  10.09687138 -0.65782177 -4.87269068 -0.90142775
  0.43390888 -2.3061614 ]"
1747093069.5109327,"[ 0.          0.15703779  0.43913406 -2.8812343  -2.17141399  1.17246559
  1.02383544  2.34401772]","[ 0.00000000e+00 -1.06058726e-05 -3.24116978e-03 -2.38094022e-05
 -9.21032375e-02 -1.18722481e-01  9.82512622e-04 -3.68683061e-01]","[ 0.         -0.08703855 10.07170296 -0.64575809 -4.74906921 -0.89344019
  0.39720702 -2.30377388]"
1747093069.512668,"[ 0.          0.15703779  0.43913133 -2.8812343  -2.17150906  1.17234482
  1.02383544  2.34365926]","[ 0.00000000e+00 -1.06058726e-05 -2.70097486e-03 -2.64748795e-05
 -8.94401264e-02 -1.22624254e-01  9.05236347e-04 -3.63551216e-01]","[ 0.         -0.08636279 10.08901501 -0.61482352 -4.71392202 -0.91460055
  0.40832943 -2.27781105]"
1747093069.5144036,"[ 0.          0.15703825  0.43912717 -2.8812343  -2.17167764  1.17207943
  1.02383737  2.34293514]","[ 0.00000000e+00 -7.94846874e-06 -1.75372786e-03 -2.64548924e-05
 -8.42704147e-02 -1.30901134e-01  9.09361776e-04 -3.51747720e-01]","[ 0.         -0.07861163 10.03037548 -0.57950723 -4.73322535 -0.91614497
  0.4151147  -2.3642056 ]"
1747093069.5161395,"[ 0.          0.15703779  0.43912444 -2.8812343  -2.17184089  1.17181964
  1.02383923  2.34225417]","[ 0.00000000e+00 -1.32574726e-05 -1.35048743e-03 -2.64548924e-05
 -8.26498312e-02 -1.31134377e-01  9.05629515e-04 -3.44025352e-01]","[ 0.         -0.07237912  9.99681854 -0.5506283  -4.82241821 -0.90172154
  0.3997061  -2.38154268]"
1747093069.5185018,"[ 0.          0.15703779  0.43912214 -2.8812343  -2.1720108   1.17156371
  1.02384209  2.34156628]","[ 0.00000000e+00 -1.32475806e-05 -1.17033446e-03 -2.64748795e-05
 -8.31057311e-02 -1.22876547e-01  9.41392855e-04 -3.33271274e-01]","[ 0.         -0.08460836  9.99279022 -0.55918831 -4.89323473 -0.9029848
  0.37295598 -2.432621  ]"
1747093069.52026,"[ 0.          0.15703779  0.43912074 -2.88123377 -2.17218737  1.17133361
  1.02384496  2.34092499]","[ 0.00000000e+00 -1.32574726e-05 -6.75243714e-04 -1.85184257e-05
 -8.75181896e-02 -1.15601723e-01  9.41392855e-04 -3.23306691e-01]","[ 0.         -0.02845435  9.97636986 -0.52570593 -4.9029479  -0.91099012
  0.3579936  -2.47522235]"
1747093069.522032,"[ 0.          0.15703779  0.43912031 -2.88123377 -2.17227445  1.17122323
  1.02384589  2.34060727]","[ 0.00000000e+00 -1.32474486e-05 -6.30014448e-04 -1.85184257e-05
 -8.83218733e-02 -1.11707058e-01  9.46262422e-04 -3.22226280e-01]","[ 0.         -0.01864074  9.93387032 -0.53335261 -4.92088509 -0.92019743
  0.37097469 -2.48543358]"
1747093069.5235286,"[ 0.          0.15703779  0.43911845 -2.8812343  -2.17244863  1.17100538
  1.02384682  2.33993962]","[ 0.00000000e+00 -1.85604623e-05 -7.94775760e-04 -2.38094022e-05
 -8.80517789e-02 -1.04821213e-01  9.11822925e-04 -3.28448190e-01]","[ 0.         -0.04076887  9.8602705  -0.5182898  -4.88598585 -0.92331278
  0.36485788 -2.51360488]"
1747093069.5253108,"[ 0.          0.15703779  0.43911615 -2.88123377 -2.17263025  1.17080937
  1.02384875  2.33929087]","[ 0.00000000e+00 -1.85604623e-05 -9.04208924e-04 -2.11799045e-05
 -8.79369300e-02 -9.83154852e-02  9.13942791e-04 -3.30869403e-01]","[ 0.         -0.04832327  9.73963547 -0.50926191 -4.85211468 -0.96540374
  0.35546038 -2.47715211]"
1747093069.5270596,"[ 0.          0.15703779  0.43911249 -2.88123377 -2.17280336  1.1706087
  1.02384968  2.3386115 ]","[ 0.00000000e+00 -1.85604623e-05 -1.27276981e-03 -2.11641232e-05
 -8.75115816e-02 -9.83012373e-02  9.13942791e-04 -3.31949814e-01]","[ 0.         -0.03648221  9.56769085 -0.50814289 -4.82057285 -0.9608354
  0.37237555 -2.41635776]"
1747093069.5288627,"[ 0.          0.15703779  0.43911019 -2.8812343  -2.17289018  1.17051256
  1.02385068  2.33828047]","[ 0.00000000e+00 -1.85604623e-05 -1.43444527e-03 -2.64548924e-05
 -8.80517789e-02 -9.75051851e-02  9.19045124e-04 -3.35390984e-01]","[ 0.         -0.02710543  9.47934628 -0.48816946 -4.78794432 -0.93738014
  0.38376781 -2.44510484]"
1747093069.5306373,"[ 0.          0.15703825  0.4391047  -2.8812343  -2.17307074  1.17032428
  1.02385348  2.33760589]","[ 0.00000000e+00 -1.32475806e-05 -1.74062817e-03 -2.64548924e-05
 -8.69713844e-02 -9.45341127e-02  9.41843954e-04 -3.43563993e-01]","[ 0.          0.01861466  9.38137341 -0.49806872 -4.70459223 -0.95718151
  0.38748175 -2.45039368]"
1747093069.5324662,"[ 0.          0.15703779  0.43909734 -2.8812343  -2.17324065  1.17013013
  1.02385634  2.33690308]","[ 0.00000000e+00 -1.85604623e-05 -2.45055865e-03 -2.64548924e-05
 -8.61610926e-02 -9.45341127e-02  9.68449753e-04 -3.43293881e-01]","[ 0.          0.04509572  9.27811813 -0.5142827  -4.6403203  -0.95136404
  0.40921524 -2.44704127]"
1747093069.5342097,"[ 0.          0.15703779  0.43908815 -2.8812343  -2.17341562  1.16994278
  1.0238602   2.33620374]","[ 0.00000000e+00 -1.85464284e-05 -3.82959080e-03 -2.64551545e-05
 -8.48106036e-02 -9.63271025e-02  1.06038024e-03 -3.41976948e-01]","[ 0.          0.07821985  9.22766876 -0.50700718 -4.53603268 -0.93379974
  0.42294902 -2.38123274]"
1747093069.5359492,"[ 0.          0.15703825  0.43908219 -2.8812343  -2.17349685  1.16984091
  1.023863    2.33586498]","[ 0.00000000e+00 -1.32573405e-05 -4.57109755e-03 -2.64551545e-05
 -8.23797284e-02 -9.57935549e-02  1.12607228e-03 -3.43563993e-01]","[ 0.          0.07792331  9.22895527 -0.53170294 -4.50284052 -0.95812565
  0.42924568 -2.36911488]"
1747093069.5376134,"[ 0.          0.15703779  0.43906335 -2.8812343  -2.17374266  1.16956607
  1.02386873  2.33482236]","[ 0.00000000e+00 -1.85464284e-05 -6.47905377e-03 -2.64548924e-05
 -7.94086560e-02 -9.07527485e-02  1.20678765e-03 -3.42298958e-01]","[ 0.          0.09130663  9.187047   -0.54049629 -4.48977709 -0.91791713
  0.43473876 -2.38071132]"
1747093069.5393605,"[ 0.          0.15703779  0.43905646 -2.8812343  -2.17381829  1.16947473
  1.02387159  2.33448866]","[ 0.00000000e+00 -1.85604623e-05 -6.74901456e-03 -2.64548924e-05
 -7.67076863e-02 -8.60135785e-02  1.28691694e-03 -3.38432148e-01]","[ 0.          0.08643634  9.1955061  -0.55626649 -4.5047102  -0.92582166
  0.43752486 -2.38316894]"
1747093069.5411236,"[ 0.          0.15703825  0.43904131 -2.8812343  -2.17396743  1.16931108
  1.02387632  2.33383219]","[ 0.00000000e+00 -1.32574726e-05 -7.41211827e-03 -2.64551545e-05
 -7.22213169e-02 -8.21096340e-02  1.45720971e-03 -3.31613457e-01]","[ 0.          0.10840757  9.18357182 -0.56338358 -4.52490711 -0.91566646
  0.44986737 -2.37039638]"
1747093069.5439267,"[ 0.          0.15703779  0.43902617 -2.8812343  -2.17410804  1.16914836
  1.02388204  2.33316427]","[ 0.00000000e+00 -1.85606472e-05 -7.69777819e-03 -2.64548924e-05
 -7.02253442e-02 -7.87412928e-02  1.63502122e-03 -3.22226280e-01]","[ 0.          0.10479798  9.20859528 -0.59987956 -4.61274672 -0.89185154
  0.45405874 -2.38886213]"
1747093069.54573,"[ 0.          0.15703779  0.43901239 -2.88123483 -2.17424999  1.1689895
  1.02388684  2.33253843]","[ 0.00000000e+00 -1.85604623e-05 -6.75863211e-03 -3.17458709e-05
 -6.97136303e-02 -8.21096340e-02  2.00006324e-03 -3.17364546e-01]","[ 0.          0.10381811  9.23994541 -0.62737089 -4.71505928 -0.84195936
  0.44376352 -2.40766883]"
1747093069.5481057,"[ 0.          0.15703779  0.43899494 -2.88123483 -2.17447263  1.16873743
  1.02389443  2.33154134]","[ 0.00000000e+00 -1.85604623e-05 -5.53699851e-03 -3.17461838e-05
 -7.59113679e-02 -8.42582058e-02  2.39908526e-03 -3.38702226e-01]","[ 0.          0.0988869   9.30014515 -0.65494573 -4.7751646  -0.74290025
  0.45368651 -2.48835731]"
1747093069.5498192,"[ 0.          0.15703779  0.43898622 -2.88123483 -2.17462549  1.16856806
  1.02389915  2.33081084]","[ 0.00000000e+00 -1.85464284e-05 -4.29122637e-03 -3.17458709e-05
 -7.79790794e-02 -8.69713844e-02  2.42899121e-03 -3.64617346e-01]","[ 0.          0.09867917  9.28615475 -0.65937984 -4.78814745 -0.73850363
  0.45401561 -2.4960258 ]"
1747093069.552175,"[ 0.          0.15703779  0.43898299 -2.88123483 -2.17470539  1.16847777
  1.02390108  2.33044066]","[ 0.00000000e+00 -1.85604623e-05 -3.51126711e-03 -3.17698567e-05
 -8.10292395e-02 -9.15630403e-02  2.41590791e-03 -3.75435506e-01]","[ 0.          0.07493429  9.26148224 -0.6731115  -4.80528593 -0.74750626
  0.45797768 -2.4908576 ]"
1747093069.5533843,"[ 0.          0.15703779  0.43897933 -2.88123483 -2.17487716  1.16827897
  1.02390488  2.32966062]","[ 0.00000000e+00 -1.85604623e-05 -1.88972410e-03 -3.17461838e-05
 -8.42582058e-02 -9.83154852e-02  2.37189267e-03 -4.04335931e-01]","[ 0.          0.06179324  9.23108292 -0.66549838 -4.77208996 -0.74198818
  0.46331939 -2.45219636]"
1747093069.5551789,"[ 0.          0.15703779  0.43897703 -2.88123483 -2.17504388  1.16806392
  1.02390967  2.3287911 ]","[ 0.00000000e+00 -1.85604623e-05 -1.17033446e-03 -3.17458709e-05
 -8.42704147e-02 -1.06576594e-01  2.35928505e-03 -4.32426055e-01]","[ 0.          0.087853    9.16412354 -0.67680234 -4.66876411 -0.75792515
  0.47155321 -2.42943287]"
1747093069.5569987,"[ 0.          0.15703779  0.43897563 -2.88123483 -2.17522018  1.16784314
  1.02391347  2.32791705]","[ 0.00000000e+00 -1.85604623e-05 -6.74901456e-04 -3.17458709e-05
 -8.60135785e-02 -1.13981131e-01  2.23922616e-03 -4.45660834e-01]","[ 0.          0.07549435  9.06843758 -0.68974668 -4.62449455 -0.76021045
  0.48068082 -2.45185256]"
1747093069.558793,"[ 0.          0.15703779  0.43897427 -2.8812351  -2.17539062  1.16759866
  1.02391913  2.3269884 ]","[ 0.00000000e+00 -1.85324169e-05 -6.50185813e-04 -3.17458709e-05
 -8.67012899e-02 -1.21758826e-01  2.28378807e-03 -4.57275012e-01]","[ 0.          0.02134529  8.95549297 -0.70202196 -4.56031084 -0.74829775
  0.49133486 -2.40170622]"
1747093069.560568,"[ 0.          0.15703779  0.43897337 -2.8812351  -2.17548383  1.16747509
  1.02392199  2.32652794]","[ 0.00000000e+00 -1.32374398e-05 -7.02217843e-04 -3.17461838e-05
 -8.77689595e-02 -1.25325232e-01  2.32852398e-03 -4.66525369e-01]","[ 0.         -0.0160659   8.91559887 -0.72812283 -4.51555252 -0.73847502
  0.48955157 -2.34766221]"
1747093069.562369,"[ 0.          0.15703779  0.43897061 -2.8812351  -2.17565747  1.16722955
  1.02392772  2.32559956]","[ 0.00000000e+00 -1.32274462e-05 -9.95672188e-04 -3.17701716e-05
 -8.76927431e-02 -1.23704640e-01  2.35928505e-03 -4.70779902e-01]","[ 0.         -0.05020579  8.85560131 -0.73882723 -4.42015123 -0.72371435
  0.47074527 -2.35723042]"
1747093069.5646453,"[ 0.          0.15703779  0.43896738 -2.8812351  -2.17583137  1.16698414
  1.02393344  2.32462831]","[ 0.00000000e+00 -1.32374398e-05 -1.17020534e-03 -3.17458709e-05
 -8.42582058e-02 -1.18842890e-01  2.43478228e-03 -4.74561258e-01]","[ 0.         -0.04170245  8.83341694 -0.74787647 -4.38407564 -0.74286395
  0.47571519 -2.29496264]"
1747093069.5664246,"[ 0.          0.15703779  0.43896372 -2.8812351  -2.17599223  1.16676057
  1.0239391   2.32365519]","[ 0.00000000e+00 -1.32374398e-05 -1.32759777e-03 -3.17455539e-05
 -8.02189477e-02 -1.11820358e-01  2.61254308e-03 -4.75905122e-01]","[ 0.         -0.0715665   8.80806732 -0.74411446 -4.41056776 -0.76486653
  0.49736241 -2.32173181]"
1747093069.5681946,"[ 0.          0.15703734  0.43895959 -2.8812351  -2.17614962  1.16654565
  1.02394676  2.32272654]","[ 0.00000000e+00 -1.85325998e-05 -1.44279613e-03 -3.17458709e-05
 -7.46587001e-02 -1.03177236e-01  2.91441942e-03 -4.69969602e-01]","[ 0.         -0.11779646  8.79988766 -0.73154777 -4.47155571 -0.78867048
  0.5084492  -2.29751205]"
1747093069.5705507,"[ 0.          0.15703734  0.43895546 -2.88123563 -2.17629849  1.16635723
  1.02395435  2.32175902]","[ 0.00000000e+00 -1.85324169e-05 -1.71894942e-03 -3.17698567e-05
 -7.58973946e-02 -9.45341127e-02  3.19579331e-03 -4.73952393e-01]","[ 0.         -0.15543912  8.79363632 -0.75384915 -4.55250645 -0.7704497
  0.4926987  -2.30272675]"
1747093069.5722487,"[ 0.          0.15703734  0.4389513  -2.88123563 -2.1764407   1.16617361
  1.02396387  2.32081653]","[ 0.00000000e+00 -1.85324169e-05 -1.97664562e-03 -3.17458709e-05
 -7.21160221e-02 -8.87720308e-02  3.61683570e-03 -4.80233325e-01]","[ 0.         -0.15212917  8.78664875 -0.76497144 -4.60445356 -0.7303465
  0.48996964 -2.2802608 ]"
1747093069.5746427,"[ 0.          0.15703734  0.4389481  -2.88123563 -2.17658984  1.1660053
  1.02397339  2.31985273]","[ 0.00000000e+00 -1.85184257e-05 -1.95406675e-03 -3.17701716e-05
 -7.30003580e-02 -8.58909982e-02  4.27245082e-03 -4.92117615e-01]","[ 0.         -0.1817718   8.78160381 -0.78733182 -4.68142748 -0.69635898
  0.48290604 -2.24162769]"
1747093069.5763724,"[ 0.          0.15703734  0.43894534 -2.88123563 -2.17673631  1.16583499
  1.02398577  2.3188338 ]","[ 0.00000000e+00 -1.85186086e-05 -1.78846781e-03 -2.64548924e-05
 -7.34665111e-02 -8.31900202e-02  4.98210393e-03 -4.98870027e-01]","[ 0.         -0.18690719  8.79311657 -0.79972404 -4.74739552 -0.68686986
  0.46063939 -2.29834127]"
1747093069.5780966,"[ 0.          0.15703687  0.43894351 -2.88123617 -2.17688838  1.16567133
  1.02399809  2.31780263]","[ 0.00000000e+00 -1.85324169e-05 -1.49038986e-03 -3.17458709e-05
 -7.45469056e-02 -8.31057311e-02  5.68804656e-03 -5.04770693e-01]","[ 0.         -0.20868637  8.81658173 -0.80761659 -4.80940008 -0.69977307
  0.455827   -2.2200048 ]"
1747093069.5799267,"[ 0.          0.15703687  0.43894258 -2.88123617 -2.17696295  1.16558958
  1.02400475  2.31730515]","[ 0.00000000e+00 -1.85184257e-05 -1.32479104e-03 -3.17698567e-05
 -7.56272918e-02 -8.29199257e-02  6.04455800e-03 -5.04030867e-01]","[ 0.         -0.22665977  8.84777832 -0.78703183 -4.83470964 -0.72082853
  0.44523221 -2.22320795]"
1747093069.5810819,"[ 0.          0.15703687  0.43894121 -2.88123617 -2.17712221  1.16541354
  1.02401906  2.31631392]","[ 0.00000000e+00 -1.85184257e-05 -1.09295260e-03 -3.17461838e-05
 -7.77880725e-02 -8.69713844e-02  6.64992260e-03 -5.02651416e-01]","[ 0.         -0.23317917  8.89360332 -0.77655321 -4.85386038 -0.73409551
  0.46353599 -2.24600482]"
1747093069.5834498,"[ 0.          0.15703687  0.43894028 -2.88123617 -2.17727774  1.16523285
  1.02403138  2.31528647]","[ 0.00000000e+00 -1.85184257e-05 -7.94775760e-04 -2.64748795e-05
 -7.99488533e-02 -8.77689595e-02  6.55047486e-03 -5.01571005e-01]","[ 0.         -0.25093314  8.94693851 -0.80458105 -4.82045364 -0.70941001
  0.47219992 -2.28562355]"
1747093069.584658,"[ 0.          0.15703642  0.43893985 -2.8812367  -2.17744765  1.16505681
  1.02403997  2.31430084]","[ 0.00000000e+00 -2.38094022e-05 -5.63036142e-04 -3.17461838e-05
 -8.37302174e-02 -8.96723623e-02  5.53163109e-03 -4.97789649e-01]","[ 0.         -0.26226574  9.01401806 -0.84713048 -4.77584887 -0.70867085
  0.46718806 -2.34216022]"
1747093069.5864153,"[ 0.          0.15703642  0.43893938 -2.8812367  -2.1775318   1.16497026
  1.02404283  2.313773  ]","[ 0.00000000e+00 -2.38094022e-05 -5.24954759e-04 -3.17458709e-05
 -8.53508009e-02 -8.77816761e-02  4.73379953e-03 -4.97023091e-01]","[ 0.         -0.25455892  9.00802994 -0.84245652 -4.73622894 -0.72368157
  0.47548285 -2.35723662]"
1747093069.588801,"[ 0.          0.15703642  0.43893845 -2.88123697 -2.17770943  1.16479422
  1.02404756  2.31278843]","[ 0.00000000e+00 -2.38096379e-05 -3.97387880e-04 -3.43913591e-05
 -8.82704993e-02 -8.58909982e-02  3.24451433e-03 -4.99680327e-01]","[ 0.         -0.26021835  9.00551319 -0.85153657 -4.67475319 -0.7486167
  0.49434108 -2.49308348]"
1747093069.590633,"[ 0.          0.15703642  0.43893708 -2.88123697 -2.1778868   1.16462205
  1.02404949  2.31176577]","[ 0.00000000e+00 -2.38096379e-05 -4.71982463e-04 -3.17458709e-05
 -8.99424568e-02 -8.68832670e-02  1.91517771e-03 -4.98778480e-01]","[ 0.         -0.27487975  9.05407333 -0.84522945 -4.57015991 -0.74690127
  0.49307397 -2.46030998]"
1747093069.5924246,"[ 0.          0.15703642  0.43893662 -2.88123697 -2.17807189  1.16443656
  1.02405135  2.31077055]","[ 0.00000000e+00 -1.85184257e-05 -4.22305016e-04 -3.17458709e-05
 -9.04422489e-02 -9.12797215e-02  1.11696396e-03 -5.06189459e-01]","[ 0.         -0.27265164  9.10186768 -0.8701027  -4.48452282 -0.78014153
  0.48346305 -2.55574894]"
1747093069.5942092,"[ 0.          0.15703642  0.43893569 -2.88123697 -2.17824899  1.16425294
  1.02405328  2.30973857]","[ 0.00000000e+00 -1.85044548e-05 -4.11616871e-04 -3.17458709e-05
 -8.88620706e-02 -9.34537265e-02  9.57397699e-04 -5.04295385e-01]","[ 0.         -0.24441582  9.14680767 -0.87038016 -4.33212137 -0.80571467
  0.48349088 -2.53805923]"
1747093069.595956,"[ 0.          0.15703596  0.43893569 -2.88123697 -2.17833528  1.164156
  1.02405422  2.30924376]","[ 0.00000000e+00 -2.38096379e-05 -4.08755306e-04 -3.17698567e-05
 -8.75115816e-02 -9.83154852e-02  9.33195118e-04 -5.01841116e-01]","[ 0.         -0.24693365  9.19107342 -0.8893882  -4.29328775 -0.80597115
  0.50235641 -2.47502685]"
1747093069.5977669,"[ 0.          0.15703596  0.43893479 -2.8812375  -2.17850945  1.16394095
  1.02405708  2.30824481]","[ 0.00000000e+00 -2.38094022e-05 -4.19499757e-04 -3.17461838e-05
 -8.52612771e-02 -1.06850226e-01  1.05680994e-03 -5.06702849e-01]","[ 0.         -0.26565719  9.22652435 -0.88230813 -4.27999592 -0.80808049
  0.50920302 -2.41294098]"
1747093069.599545,"[ 0.          0.15703596  0.43893479 -2.88123803 -2.17867323  1.16370126
  1.02405901  2.30722135]","[ 0.00000000e+00 -2.38094022e-05 -3.46978389e-04 -3.70368514e-05
 -8.29199257e-02 -1.20870396e-01  1.05983278e-03 -4.96709271e-01]","[ 0.         -0.27000764  9.24871731 -0.88184148 -4.28398037 -0.79549104
  0.49653932 -2.39057446]"
1747093069.601418,"[ 0.          0.15703596  0.43893432 -2.88123856 -2.17884447  1.16345479
  1.02406187  2.30625489]","[ 0.00000000e+00 -2.38096379e-05 -3.19143804e-04 -4.23278279e-05
 -8.41789351e-02 -1.25325232e-01  1.18008699e-03 -4.86985737e-01]","[ 0.         -0.27452171  9.30247021 -0.89161515 -4.31849623 -0.76625872
  0.5051704  -2.36753559]"
1747093069.603187,"[ 0.          0.15703596  0.43893386 -2.88123856 -2.17901119  1.1631942
  1.02406374  2.30527006]","[ 0.00000000e+00 -2.38094022e-05 -3.01988489e-04 -4.24239132e-05
 -8.37302174e-02 -1.33832608e-01  1.14085322e-03 -4.78612725e-01]","[ 0.         -0.31139195  9.38303089 -0.91580892 -4.37317657 -0.73962122
  0.50547409 -2.4289906 ]"
1747093069.6050532,"[ 0.          0.15703596  0.43893386 -2.88123883 -2.17918163  1.16291643
  1.0240666   2.3043265 ]","[ 0.00000000e+00 -2.38094022e-05 -1.87731645e-04 -4.50413255e-05
 -8.34273411e-02 -1.36129127e-01  1.21412695e-03 -4.80503403e-01]","[ 0.         -0.30977243  9.44170475 -0.93267024 -4.44087553 -0.71507162
  0.50959879 -2.54645109]"
1747093069.6067882,"[ 0.          0.15703549  0.43893386 -2.88123936 -2.17934382  1.16265104
  1.02406946  2.30334006]","[ 0.00000000e+00 -2.38096379e-05 -1.74656424e-04 -5.03783961e-05
 -8.15694367e-02 -1.32887960e-01  1.20222153e-03 -4.82394081e-01]","[ 0.         -0.30875152  9.51477623 -0.91836733 -4.51729727 -0.74465865
  0.48637068 -2.58481646]"
1747093069.6095195,"[ 0.          0.15703549  0.43893386 -2.88123936 -2.17950707  1.16238646
  1.02407232  2.30238106]","[ 0.00000000e+00 -2.64548924e-05 -1.22259502e-04 -5.03403034e-05
 -7.91385615e-02 -1.27356841e-01  1.25860369e-03 -4.88066148e-01]","[ 0.         -0.29737243  9.56462002 -0.90873396 -4.59120035 -0.76037067
  0.46806589 -2.58296633]"
1747093069.6111512,"[ 0.          0.15703549  0.43893386 -2.88123989 -2.17966659  1.16213253
  1.02407419  2.30137731]","[ 0.00000000e+00 -2.38094022e-05 -1.14833851e-04 -5.56813848e-05
 -8.09471475e-02 -1.21873475e-01  1.23783012e-03 -4.90226904e-01]","[ 0.         -0.33399156  9.60099506 -0.91400367 -4.71365404 -0.79994345
  0.48982674 -2.5691154 ]"
1747093069.6129358,"[ 0.          0.15703549  0.43893386 -2.88123989 -2.17974728  1.16201548
  1.02407519  2.30089422]","[ 0.00000000e+00 -2.38096379e-05 -8.20241831e-05 -5.56819415e-05
 -8.19226218e-02 -1.18842890e-01  1.24504003e-03 -4.89956826e-01]","[ 0.         -0.32554042  9.61866188 -0.91562015 -4.75701189 -0.81070077
  0.48916185 -2.57333922]"
1747093069.6146612,"[ 0.          0.15703549  0.43893386 -2.88124016 -2.17991853  1.16178911
  1.02407805  2.29992776]","[ 0.00000000e+00 -2.38276277e-05 -6.56193449e-05 -6.35877499e-05
 -8.45405092e-02 -1.13981131e-01  1.27661514e-03 -4.91037204e-01]","[ 0.         -0.29960918  9.60905266 -0.90433609 -4.77139425 -0.82006574
  0.48653844 -2.49028134]"
1747093069.616524,"[ 0.          0.15703504  0.43893386 -2.88124069 -2.1800903   1.16156461
  1.02407991  2.29891735]","[ 0.00000000e+00 -3.17458709e-05 -6.18584547e-05 -6.36358718e-05
 -8.75115816e-02 -1.09438103e-01  1.19954263e-03 -4.92428472e-01]","[ 0.         -0.29736936  9.56303596 -0.8749848  -4.71401739 -0.85251331
  0.47533789 -2.42304111]"
1747093069.6182876,"[ 0.          0.15703504  0.43893339 -2.88124123 -2.18026713  1.16135914
  1.02408278  2.29791361]","[ 0.00000000e+00 -2.64548924e-05 -6.93784510e-05 -6.88867318e-05
 -8.61610926e-02 -1.03177236e-01  1.24191433e-03 -4.90001567e-01]","[ 0.         -0.29067454  9.50699902 -0.84982574 -4.64886665 -0.86683172
  0.47639108 -2.50791836]"
1747093069.6200526,"[ 0.          0.15703504  0.43893339 -2.88124123 -2.18035262  1.16126114
  1.02408371  2.29743237]","[ 0.00000000e+00 -2.64548924e-05 -5.52838449e-05 -7.42418490e-05
 -8.67012899e-02 -9.93958714e-02  1.21158680e-03 -4.88066148e-01]","[ 0.         -0.29342091  9.44864845 -0.85897601 -4.62058735 -0.89756566
  0.48941842 -2.44234085]"
1747093069.6212854,"[ 0.          0.15703504  0.43893296 -2.88124176 -2.1805244   1.16104609
  1.02408657  2.29648482]","[ 0.00000000e+00 -2.64548924e-05 -6.62379032e-05 -7.94846874e-05
 -8.27535947e-02 -9.83154852e-02  1.26859340e-03 -4.78612725e-01]","[ 0.         -0.2856198   9.37095642 -0.87529331 -4.52640724 -0.91935503
  0.50343615 -2.49486089]"
1747093069.6236129,"[ 0.          0.15703504  0.43893249 -2.88124176 -2.18068312  1.16084822
  1.02408944  2.29550584]","[ 0.00000000e+00 -2.64548924e-05 -6.33663535e-05 -7.42425886e-05
 -8.04890505e-02 -9.67966262e-02  1.29556935e-03 -4.80016577e-01]","[ 0.         -0.24230921  9.3263731  -0.85183835 -4.44726706 -0.93811393
  0.5153138  -2.57582664]"
1747093069.6253195,"[ 0.          0.15703504  0.43893202 -2.88124203 -2.18084531  1.16067325
  1.0240923   2.2945519 ]","[ 0.00000000e+00 -2.64551545e-05 -8.77648281e-05 -8.21963279e-05
 -7.82489076e-02 -9.56824262e-02  1.31333282e-03 -4.84284759e-01]","[ 0.         -0.24749056  9.29877186 -0.83449137 -4.38100719 -0.93485731
  0.51262635 -2.59290314]"
1747093069.6271012,"[ 0.          0.15703504  0.43893202 -2.88124203 -2.18099684  1.16046872
  1.02409516  2.29354336]","[ 0.00000000e+00 -2.64551545e-05 -8.44490511e-05 -8.21963279e-05
 -7.64375836e-02 -9.15630403e-02  1.30861676e-03 -4.94587064e-01]","[ 0.         -0.25537124  9.29062748 -0.82190651 -4.32692051 -0.93553448
  0.51466656 -2.53929186]"
1747093069.62887,"[ 0.          0.15703504  0.43893202 -2.88124203 -2.18107247  1.16037923
  1.02409609  2.29304774]","[ 0.00000000e+00 -2.64548924e-05 -8.08348226e-05 -7.68933393e-05
 -7.67076863e-02 -9.07527485e-02  1.28637703e-03 -5.02651416e-01]","[ 0.         -0.2376872   9.27384663 -0.81687504 -4.33871508 -0.93907833
  0.52557194 -2.53750205]"
1747093069.630505,"[ 0.          0.15703504  0.43893156 -2.88124256 -2.18122907  1.16020134
  1.02409896  2.29200698]","[ 0.00000000e+00 -3.17458709e-05 -9.93552029e-05 -8.21971488e-05
 -7.58204875e-02 -9.06608029e-02  1.29080557e-03 -5.08809210e-01]","[ 0.         -0.23674047  9.23833752 -0.79929745 -4.31067228 -0.93958205
  0.53452641 -2.43922305]"
1747093069.6316798,"[ 0.          0.15703504  0.43893109 -2.88124309 -2.18139365  1.16001491
  1.02410182  2.29092068]","[ 0.00000000e+00 -3.17461838e-05 -1.06059781e-04 -8.74993247e-05
 -7.49797692e-02 -9.18331430e-02  1.27759913e-03 -5.12374916e-01]","[ 0.         -0.23592784  9.19560528 -0.79436767 -4.29229927 -0.93996948
  0.54110599 -2.2956996 ]"
1747093069.633468,"[ 0.          0.15703504  0.43893066 -2.88124362 -2.18146742  1.15992543
  1.02410275  2.29041255]","[ 0.00000000e+00 -2.64548924e-05 -1.27271744e-04 -9.28023133e-05
 -7.48170001e-02 -9.07527485e-02  1.25844712e-03 -5.15345972e-01]","[ 0.         -0.22252841  9.18552589 -0.79292238 -4.29127836 -0.92690313
  0.55083275 -2.2867806 ]"
1747093069.6352637,"[ 0.          0.15703458  0.43893066 -2.88124389 -2.18161363  1.15983515
  1.02410561  2.2893558 ]","[ 0.00000000e+00 -3.17458709e-05 -1.22458264e-04 -9.54538036e-05
 -7.31964166e-02 -9.15630403e-02  1.29398095e-03 -5.16966572e-01]","[ 0.         -0.22100639  9.17651653 -0.81324846 -4.29795933 -0.93507808
  0.53417087 -2.25726652]"
1747093069.6375008,"[ 0.          0.15703458  0.43893019 -2.88124495 -2.18175717  1.15964673
  1.02410848  2.28833502]","[ 0.00000000e+00 -3.70368514e-05 -1.32472035e-04 -1.06058724e-04
 -6.94150525e-02 -9.19263787e-02  1.31777034e-03 -5.16712607e-01]","[ 0.         -0.22092348  9.18483067 -0.84713078 -4.33652258 -0.93207151
  0.54370856 -2.24644542]"
1747093069.638607,"[ 0.          0.15703458  0.43892973 -2.88124522 -2.18189539  1.15945179
  1.02411134  2.28727534]","[ 0.00000000e+00 -3.17461838e-05 -1.46272286e-04 -1.08711279e-04
 -6.96851469e-02 -9.67966262e-02  1.30507442e-03 -5.16156272e-01]","[ 0.         -0.25063452  9.17561436 -0.84834409 -4.37728405 -0.90985614
  0.55533731 -2.31565928]"
1747093069.6404018,"[ 0.          0.15703458  0.43892926 -2.88124575 -2.18196756  1.15935179
  1.0241132   2.28676641]","[ 0.00000000e+00 -3.17461838e-05 -1.55826165e-04 -1.14014268e-04
 -6.78943209e-02 -1.01556652e-01  1.33542496e-03 -5.16156272e-01]","[ 0.         -0.27774009  9.16946125 -0.85183942 -4.4127326  -0.90100735
  0.5584532  -2.3916924 ]"
1747093069.642142,"[ 0.          0.15703413  0.43892883 -2.88124682 -2.18210125  1.15915112
  1.024117    2.28571127]","[ 0.00000000e+00 -4.23278279e-05 -1.68011623e-04 -1.24524773e-04
 -6.75243704e-02 -1.03072698e-01  1.43379093e-03 -5.16081504e-01]","[ 0.         -0.29278058  9.1360569  -0.88796657 -4.45727491 -0.87952709
  0.56833839 -2.43173647]"
1747093069.6439,"[ 0.          0.15703413  0.43892883 -2.88124815 -2.18224586  1.15893993
  1.02412086  2.28468968]","[ 0.00000000e+00 -3.70368514e-05 -1.62685479e-04 -1.32574732e-04
 -7.16523075e-02 -1.03281989e-01  1.49196695e-03 -5.19127361e-01]","[ 0.         -0.31799766  9.13844204 -0.91127467 -4.51706219 -0.85434753
  0.58736169 -2.50991607]"
1747093069.645598,"[ 0.          0.15703413  0.43892836 -2.88124895 -2.18231697  1.15883713
  1.02412273  2.28413414]","[ 0.00000000e+00 -3.70368514e-05 -1.74285217e-04 -1.40529211e-04
 -7.21160221e-02 -1.04151994e-01  1.50945630e-03 -5.23102995e-01]","[ 0.         -0.33952627  9.14216137 -0.93619305 -4.53778982 -0.86548501
  0.59529287 -2.52945352]"
1747093069.6473753,"[ 0.          0.15703366  0.43892836 -2.88125028 -2.18238914  1.15861835
  1.02412845  2.28361456]","[ 0.00000000e+00 -4.49733161e-05 -1.68701957e-04 -1.53786679e-04
 -7.31964166e-02 -1.06958600e-01  1.62395155e-03 -5.26960184e-01]","[ 0.         -0.37141404  9.16836166 -0.97881728 -4.55918407 -0.85826945
  0.59011561 -2.5302465 ]"
1747093069.6495926,"[ 0.          0.15703366  0.43892743 -2.88125188 -2.18254147  1.15841475
  1.02413418  2.28253678]","[ 0.00000000e+00 -4.23278279e-05 -1.81579164e-04 -1.69693962e-04
 -7.52305391e-02 -1.01453754e-01  1.79299453e-03 -5.26613774e-01]","[ 0.         -0.38405257  9.19518566 -1.00662172 -4.55035114 -0.85759455
  0.59545833 -2.53478265]"
1747093069.6513696,"[ 0.          0.15703366  0.43892696 -2.88125348 -2.18269753  1.15822261
  1.02413984  2.28149522]","[ 0.00000000e+00 -4.23282464e-05 -1.91350758e-04 -1.89321674e-04
 -7.59828405e-02 -9.07527485e-02  2.02482985e-03 -5.28580751e-01]","[ 0.         -0.43089351  9.15816212 -1.03584766 -4.52690125 -0.87828106
  0.59516615 -2.48214793]"
1747093069.6530461,"[ 0.          0.15703319  0.43892607 -2.88125534 -2.18284561  1.15805909
  1.02414363  2.28043049]","[ 0.00000000e+00 -4.49733161e-05 -2.02394375e-04 -2.39431803e-04
 -7.42015519e-02 -7.99488533e-02  2.20172292e-03 -5.17084550e-01]","[ 0.         -0.46732944  9.14836311 -1.06229806 -4.49845314 -0.88883173
  0.6029613  -2.47504807]"
1747093069.654788,"[ 0.          0.15703319  0.4389256  -2.88125641 -2.18291884  1.15797906
  1.02414749  2.27992555]","[ 0.00000000e+00 -4.49733161e-05 -2.10494374e-04 -2.79964387e-04
 -7.42768028e-02 -7.52305391e-02  2.52273474e-03 -5.12104805e-01]","[ 0.         -0.45983872  9.13228607 -1.07863843 -4.44601727 -0.89135218
  0.61437023 -2.53754616]"
1747093069.656456,"[ 0.          0.15703319  0.43892513 -2.88125827 -2.18307011  1.15784404
  1.02415601  2.27892846]","[ 0.00000000e+00 -4.49737631e-05 -2.18999048e-04 -3.70057124e-04
 -7.37366139e-02 -6.63766561e-02  3.06897196e-03 -5.03221399e-01]","[ 0.         -0.45987478  9.10476208 -1.11934638 -4.38849688 -0.92009991
  0.6341359  -2.59630084]"
1747093069.6581242,"[ 0.          0.15703274  0.43892377 -2.88126013 -2.18321472  1.15772127
  1.02416647  2.2779154 ]","[ 0.00000000e+00 -5.02642966e-05 -2.39935811e-04 -4.60089361e-04
 -7.36619039e-02 -5.81782812e-02  3.80299638e-03 -4.91618971e-01]","[ 0.         -0.46594414  9.08206463 -1.14260149 -4.34314013 -0.92222756
  0.65700519 -2.67900109]"
1747093069.6604218,"[ 0.          0.15703274  0.43892284 -2.88126173 -2.18336998  1.1576186
  1.02417885  2.27694601]","[ 0.00000000e+00 -5.03403034e-05 -2.47309471e-04 -5.94455591e-04
 -7.64375836e-02 -5.02381288e-02  4.83548703e-03 -4.92117615e-01]","[ 0.         -0.50385362  9.06640911 -1.17609656 -4.2329917  -0.92422915
  0.68363816 -2.72921562]"
1747093069.6635444,"[ 0.          0.15703274  0.43892147 -2.8812636  -2.18352498  1.15752153
  1.02419217  2.27594146]","[ 0.00000000e+00 -5.03403034e-05 -2.65168970e-04 -7.42418507e-04
 -7.47289993e-02 -4.66429321e-02  6.04354943e-03 -4.89460413e-01]","[ 0.         -0.511329    9.04591656 -1.1721164  -4.13561773 -0.90536475
  0.67930824 -2.68511081]"
1747093069.665214,"[ 0.          0.15703228  0.43891917 -2.88126679 -2.1837399   1.1573921
  1.02421693  2.27444983]","[ 0.00000000e+00 -5.56392812e-05 -2.97511537e-04 -9.05505459e-04
 -7.25826079e-02 -4.34856922e-02  8.08022008e-03 -4.91756956e-01]","[ 0.         -0.51062965  8.96863937 -1.20677006 -4.0806284  -0.92565429
  0.68311161 -2.69783068]"
1747093069.6675336,"[ 0.          0.15703183  0.43891778 -2.88126919 -2.18387971  1.15730275
  1.02423498  2.27348416]","[ 0.00000000e+00 -5.82887721e-05 -3.12052617e-04 -9.54748582e-04
 -6.72542717e-02 -4.42959881e-02  8.47971713e-03 -4.89146526e-01]","[ 0.         -0.52005231  8.98113728 -1.2364862  -4.05756903 -0.93546474
  0.70456272 -2.62868476]"
1747093069.6693676,"[ 0.          0.15703183  0.43891641 -2.88127159 -2.18400621  1.15720954
  1.02425495  2.27248148]","[ 0.00000000e+00 -5.56392812e-05 -3.36773137e-04 -9.98548870e-04
 -6.37430062e-02 -4.80773522e-02  9.74006228e-03 -4.89540607e-01]","[ 0.         -0.5563907   8.99054432 -1.26178384 -4.07943964 -0.91788065
  0.70898443 -2.53988385]"
1747093069.6711435,"[ 0.          0.15703183  0.43891551 -2.88127372 -2.18413591  1.15711154
  1.02427592  2.27151982]","[ 0.00000000e+00 -5.56392812e-05 -3.49997299e-04 -1.02664919e-03
 -6.29327103e-02 -4.72670564e-02  1.06202433e-02 -4.86175470e-01]","[ 0.         -0.58422172  8.99805832 -1.28087616 -4.1784091  -0.90086317
  0.68771595 -2.58627057]"
1747093069.673424,"[ 0.          0.15703136  0.43891458 -2.88127611 -2.18425468  1.15701646
  1.0242959   2.27053125]","[ 0.00000000e+00 -5.82887721e-05 -3.64877191e-04 -1.05983278e-03
 -5.94214448e-02 -4.91577426e-02  1.00066041e-02 -4.80973917e-01]","[ 0.         -0.54768121  9.05932999 -1.32139242 -4.25701475 -0.84658355
  0.67361403 -2.56717944]"
1747093069.6752431,"[ 0.          0.15703136  0.43891365 -2.88127878 -2.18437373  1.15691273
  1.02431587  2.26959994]","[ 0.00000000e+00 -5.83334602e-05 -3.86224384e-04 -1.10944352e-03
 -5.83410544e-02 -5.01872291e-02  9.74327264e-03 -4.69493429e-01]","[ 0.         -0.57549578  9.10174847 -1.3333143  -4.40275526 -0.84249926
  0.68185067 -2.62929702]"
1747093069.6769977,"[ 0.          0.15703136  0.43891322 -2.88128171 -2.18448798  1.15681286
  1.02433391  2.26865239]","[ 0.00000000e+00 -5.82887721e-05 -3.98107928e-04 -1.19962208e-03
 -5.77422967e-02 -5.10484247e-02  9.39216397e-03 -4.61413964e-01]","[ 0.         -0.58751202  9.15220261 -1.33435035 -4.53102875 -0.82108569
  0.68519586 -2.69256949]"
1747093069.6793706,"[ 0.          0.15703091  0.43891322 -2.88128437 -2.18460462  1.15670913
  1.02435102  2.26774212]","[ 0.00000000e+00 -5.83328791e-05 -4.04092823e-04 -1.24570257e-03
 -5.61721344e-02 -5.13185192e-02  8.77772278e-03 -4.63217157e-01]","[ 0.         -0.60537106  9.19268513 -1.35228789 -4.67401981 -0.812612
  0.67267323 -2.72666264]"
1747093069.6811743,"[ 0.          0.15703091  0.43891275 -2.88128703 -2.18471222  1.15660167
  1.02436913  2.26679643]","[ 0.00000000e+00 -5.82887721e-05 -4.04092823e-04 -1.27142509e-03
 -5.40194971e-02 -5.50440568e-02  9.12582394e-03 -4.64172433e-01]","[ 0.         -0.59625834  9.26718521 -1.36199522 -4.73573685 -0.77011132
  0.63814861 -2.7131443 ]"
1747093069.6829858,"[ 0.          0.15703091  0.43891275 -2.8812889  -2.18476548  1.15654548
  1.02437959  2.26633784]","[ 0.00000000e+00 -5.83328791e-05 -3.94168290e-04 -1.30389771e-03
 -5.40194971e-02 -5.70484268e-02  9.63022041e-03 -4.64636622e-01]","[ 0.         -0.61521029  9.26366615 -1.36882842 -4.7940979  -0.76384407
  0.64327192 -2.6810267 ]"
1747093069.6847312,"[ 0.          0.15703091  0.43891228 -2.88129183 -2.18487786  1.15642377
  1.02440622  2.26541532]","[ 0.00000000e+00 -5.56392812e-05 -3.94862298e-04 -1.37193147e-03
 -5.53138808e-02 -5.99616379e-02  1.22010353e-02 -4.66728435e-01]","[ 0.         -0.61402392  9.28125668 -1.3625046  -4.88165426 -0.75713515
  0.64639485 -2.67131686]"
1747093069.6865132,"[ 0.          0.15703045  0.43891228 -2.88129449 -2.18498492  1.15631059
  1.02443764  2.26446963]","[ 0.00000000e+00 -5.83328791e-05 -3.73980183e-04 -1.39558107e-03
 -5.40194971e-02 -5.59101792e-02  1.59357516e-02 -4.60410885e-01]","[ 0.         -0.62607914  9.34144688 -1.34098005 -4.92615271 -0.75500351
  0.62540835 -2.64453292]"
1747093069.6882284,"[ 0.          0.15703045  0.43891228 -2.88129769 -2.18509598  1.15620686
  1.02447852  2.26355244]","[ 0.00000000e+00 -5.83328791e-05 -3.73337539e-04 -1.43907512e-03
 -5.39152177e-02 -4.80286372e-02  2.05436704e-02 -4.66188246e-01]","[ 0.         -0.60142684  9.40424728 -1.31113434 -4.94927454 -0.76270062
  0.61193973 -2.61890888]"
1747093069.690574,"[ 0.          0.15703045  0.43891228 -2.88130035 -2.1852057   1.15611938
  1.02452513  2.26260302]","[ 0.00000000e+00 -5.83322980e-05 -3.53415326e-04 -1.45184541e-03
 -5.61233528e-02 -4.32155977e-02  2.40386761e-02 -4.63217157e-01]","[ 0.         -0.59147793  9.43953609 -1.28586948 -4.96208954 -0.80229187
  0.60940027 -2.6132648 ]"
1747093069.692409,"[ 0.          0.15702998  0.43891228 -2.88130275 -2.18532501  1.15603935
  1.02458219  2.26169275]","[ 0.00000000e+00 -6.36358718e-05 -3.45872585e-04 -1.39546676e-03
 -5.81782812e-02 -3.78136459e-02  2.89004307e-02 -4.62136779e-01]","[ 0.         -0.60791278  9.46480465 -1.28174829 -4.8801465  -0.845568
  0.61639392 -2.57345819]"
1747093069.6941557,"[ 0.          0.15702998  0.43891228 -2.88130514 -2.18544166  1.15596904
  1.02464217  2.2607215 ]","[ 0.00000000e+00 -6.36358718e-05 -3.39549463e-04 -1.34681505e-03
 -5.94214448e-02 -3.45374480e-02  3.18715031e-02 -4.77765574e-01]","[ 0.         -0.60610253  9.52455902 -1.22128582 -4.73305845 -0.8583678
  0.60822111 -2.54791808]"
1747093069.6965234,"[ 0.          0.15702998  0.43891228 -2.88130594 -2.18556709  1.15589487
  1.02471634  2.2597577 ]","[ 0.00000000e+00 -5.83322980e-05 -3.28578943e-04 -1.30265716e-03
 -6.16310071e-02 -3.67332556e-02  3.86239376e-02 -4.93197993e-01]","[ 0.         -0.59787202  9.47566223 -1.1966325  -4.58152866 -0.87365788
  0.58674079 -2.55999446]"
1747093069.699401,"[ 0.          0.15702998  0.43891182 -2.88130834 -2.18569146  1.15581391
  1.02479724  2.25870362]","[ 0.00000000e+00 -5.83328791e-05 -3.25664290e-04 -1.25849927e-03
 -6.26626158e-02 -4.26754004e-02  4.15950101e-02 -5.22350685e-01]","[ 0.         -0.58802164  9.44559956 -1.1662401  -4.40340471 -0.88989776
  0.56694609 -2.57472968]"
1747093069.7011387,"[ 0.          0.15702953  0.43891182 -2.881311   -2.18588081  1.15565798
  1.02493326  2.25706285]","[ 0.00000000e+00 -6.36352378e-05 -2.98071802e-04 -1.10394672e-03
 -6.21224186e-02 -5.59101792e-02  4.64096974e-02 -5.70986065e-01]","[ 0.         -0.57296491  9.36241341 -1.14559388 -4.225317   -0.92488468
  0.58893639 -2.50976419]"
1747093069.7029395,"[ 0.          0.15702953  0.43891135 -2.88131287 -2.18600385  1.15553521
  1.02503406  2.25584418]","[ 0.00000000e+00 -6.36358718e-05 -2.98071802e-04 -1.03770995e-03
 -6.18523200e-02 -6.09367377e-02  5.01536899e-02 -6.01844313e-01]","[ 0.         -0.56096816  9.36737156 -1.09126878 -4.08828449 -0.91233188
  0.59525001 -2.44902873]"
1747093069.704665,"[ 0.          0.15702953  0.43891135 -2.8813134  -2.18606297  1.15547236
  1.02508546  2.25523805]","[ 0.00000000e+00 -6.36358718e-05 -2.92096302e-04 -9.71473117e-04
 -5.99616379e-02 -6.37430062e-02  5.21288109e-02 -6.14741869e-01]","[ 0.         -0.55147916  9.34042835 -1.05319333 -4.02734661 -0.90285861
  0.60267019 -2.40831208]"
1747093069.7064893,"[ 0.          0.15702953  0.43891135 -2.88131553 -2.18617749  1.15533734
  1.02519298  2.25395201]","[ 0.00000000e+00 -5.83328791e-05 -2.70459548e-04 -9.79703624e-04
 -5.45596902e-02 -7.04240160e-02  5.51558264e-02 -6.31434962e-01]","[ 0.         -0.55431145  9.32698536 -1.01183498 -3.96194601 -0.91491383
  0.57039452 -2.39741731]"
1747093069.708213,"[ 0.          0.15702907  0.43891135 -2.88131793 -2.18628295  1.15518327
  1.02530996  2.25268674]","[ 0.00000000e+00 -6.36358718e-05 -2.43418531e-04 -9.79703624e-04
 -5.09059955e-02 -7.61674891e-02  5.91813566e-02 -6.43642293e-01]","[ 0.         -0.56702739  9.3289156  -1.01464343 -3.94008565 -0.91987604
  0.57552344 -2.40012479]"
1747093069.7105792,"[ 0.          0.15702907  0.43891092 -2.88132006 -2.18638069  1.15501869
  1.0254346   2.25136262]","[ 0.00000000e+00 -6.36358718e-05 -2.22124231e-04 -1.00575416e-03
 -4.88876440e-02 -8.48106036e-02  6.48233924e-02 -6.45728813e-01]","[ 0.         -0.56304073  9.36687183 -1.0221498  -3.97443461 -0.89010197
  0.57978719 -2.4725306 ]"
1747093069.7123606,"[ 0.          0.15702862  0.43891092 -2.88132352 -2.1864723   1.1548312
  1.02557441  2.25008403]","[ 0.00000000e+00 -6.89388604e-05 -1.94730879e-04 -1.09295260e-03
 -4.56464729e-02 -9.34537265e-02  6.96480499e-02 -6.50124627e-01]","[ 0.         -0.55024469  9.38617611 -1.03164303 -4.03020906 -0.83050764
  0.52806997 -2.61850023]"
1747093069.7140992,"[ 0.          0.15702862  0.43891092 -2.88132671 -2.18656178  1.15464199
  1.02571523  2.24880172]","[ 0.00000000e+00 -6.89388604e-05 -1.67944166e-04 -1.17015267e-03
 -4.38002157e-02 -9.56145072e-02  7.23861249e-02 -6.49314360e-01]","[ 0.         -0.58218265  9.34501839 -1.03715312 -4.11032724 -0.79406548
  0.51190674 -2.68177056]"
1747093069.7158365,"[ 0.          0.15702815  0.43891092 -2.88133071 -2.18664887  1.15444305
  1.0258617   2.24746588]","[ 0.00000000e+00 -6.89388604e-05 -1.40638962e-04 -1.34007392e-03
 -4.51062798e-02 -9.67966262e-02  7.04954387e-02 -6.51205005e-01]","[ 0.         -0.60738158  9.3456955  -1.03764045 -4.24558783 -0.75951672
  0.51262993 -2.6413033 ]"
1747093069.7176445,"[ 0.          0.15702815  0.43891092 -2.88133311 -2.18669814  1.15434704
  1.02593021  2.24682752]","[ 0.00000000e+00 -6.89388604e-05 -1.29820586e-04 -1.51037644e-03
 -4.63921663e-02 -9.72350907e-02  6.94150525e-02 -6.46767712e-01]","[ 0.         -0.59308648  9.35397243 -1.03714526 -4.28707695 -0.77589273
  0.50250345 -2.63899112]"
1747093069.7193608,"[ 0.          0.15702815  0.43891092 -2.88133896 -2.18679135  1.1541501
  1.0260691   2.24550712]","[ 0.00000000e+00 -6.89388604e-05 -1.02776708e-04 -2.02137464e-03
 -4.75371550e-02 -9.47013093e-02  6.88964518e-02 -6.44722671e-01]","[ 0.         -0.60591137  9.33646488 -1.06976843 -4.40746403 -0.75731492
  0.53087831 -2.56911182]"
1747093069.72108,"[ 0.          0.15702768  0.43891092 -2.88134589 -2.18688402  1.15396941
  1.02620512  2.24425251]","[ 0.00000000e+00 -7.42418490e-05 -8.65470544e-05 -2.71789633e-03
 -4.45660825e-02 -8.85919761e-02  6.94150525e-02 -6.32838381e-01]","[ 0.         -0.61921203  9.30759525 -1.07470059 -4.46833086 -0.73354149
  0.53141928 -2.47390509]"
1747093069.723633,"[ 0.          0.15702768  0.43891045 -2.88135468 -2.18697084  1.15380389
  1.02634973  2.24297952]","[ 0.00000000e+00 -7.42418490e-05 -7.57286696e-05 -3.77640196e-03
 -4.37557908e-02 -8.21096340e-02  7.07167057e-02 -6.18144257e-01]","[ 0.         -0.62807578  9.26104736 -1.08268523 -4.50672531 -0.73219317
  0.49770683 -2.58781123]"
1747093069.725549,"[ 0.          0.15702768  0.43891045 -2.88136666 -2.18706033  1.15365062
  1.0264934   2.24177817]","[ 0.00000000e+00 -7.42418490e-05 -6.36358718e-05 -5.61774274e-03
 -4.41352496e-02 -7.23861249e-02  7.42015519e-02 -6.07719313e-01]","[ 0.         -0.61110985  9.20539379 -1.07386613 -4.51328468 -0.75918943
  0.50755054 -2.67328596]"
1747093069.7273552,"[ 0.          0.15702768  0.43890999 -2.88138397 -2.18714315  1.15351933
  1.02665319  2.24053474]","[ 0.00000000e+00 -7.42411095e-05 -7.27043709e-05 -8.77371867e-03
 -4.15950101e-02 -6.47577163e-02  7.97443724e-02 -6.05828668e-01]","[ 0.         -0.59215975  9.12574863 -1.08330584 -4.47492599 -0.7844047
  0.54472816 -2.68748069]"
1747093069.729679,"[ 0.          0.15702723  0.43890905 -2.8814098  -2.18721932  1.15339283
  1.02682157  2.23934084]","[ 0.00000000e+00 -7.68933393e-05 -8.32124058e-05 -1.35048743e-02
 -3.72734528e-02 -6.07719338e-02  8.77816761e-02 -6.05828668e-01]","[ 0.         -0.58242124  9.03539658 -1.08014083 -4.45042992 -0.77371806
  0.53388542 -2.73207736]"
1747093069.7308846,"[ 0.          0.15702723  0.43890816 -2.88144336 -2.18728989  1.15328058
  1.02701758  2.23810327]","[ 0.00000000e+00 -7.68933393e-05 -9.50146681e-05 -1.78264326e-02
 -3.34920866e-02 -5.50440568e-02  9.85520072e-02 -6.01437248e-01]","[ 0.         -0.5445835   8.96852207 -1.06497192 -4.42370701 -0.77618784
  0.49618167 -2.7074995 ]"
1747093069.7326453,"[ 0.          0.15702723  0.43890769 -2.8814644  -2.18732131  1.15322545
  1.02711838  2.23751045]","[ 0.00000000e+00 -7.68933393e-05 -1.03107206e-04 -2.13160808e-02
 -3.18715031e-02 -5.19090710e-02  1.02096849e-01 -6.01236979e-01]","[ 0.         -0.50698698  8.94286919 -1.07232094 -4.4204216  -0.78099388
  0.48250327 -2.63195062]"
1747093069.7343414,"[ 0.          0.15702723  0.43890676 -2.88151633 -2.18738656  1.15312465
  1.02733623  2.23627288]","[ 0.00000000e+00 -7.69515634e-05 -1.13703000e-04 -2.70097486e-02
 -3.15968251e-02 -5.10484247e-02  1.12900745e-01 -6.04602748e-01]","[ 0.         -0.45404664  8.90591431 -0.99310625 -4.40804863 -0.81406629
  0.47110799 -2.56585455]"
1747093069.7361407,"[ 0.          0.15702723  0.43890586 -2.88157812 -2.18745128  1.15303037
  1.02757977  2.23508751]","[ 0.00000000e+00 -7.42418490e-05 -1.27988248e-04 -3.24116962e-02
 -3.32219900e-02 -4.72670564e-02  1.21543868e-01 -6.02047246e-01]","[ 0.         -0.38150707  8.89311028 -0.92748296 -4.39045811 -0.81733459
  0.4585447  -2.560848  ]"
1747093069.737885,"[ 0.          0.15702723  0.43890539 -2.88161593 -2.1874875   1.15298097
  1.02770348  2.23449682]","[ 0.00000000e+00 -7.42418490e-05 -1.30353210e-04 -3.56091228e-02
 -3.41045096e-02 -4.66429321e-02  1.25325232e-01 -5.98469222e-01]","[ 0.         -0.34622708  8.87891579 -0.88175571 -4.36960745 -0.84508818
  0.45044911 -2.58936739]"
1747093069.7397015,"[ 0.          0.15702723  0.43890403 -2.88169157 -2.18755807  1.15289056
  1.02796793  2.23328388]","[ 0.00000000e+00 -7.42973261e-05 -1.47721664e-04 -3.88940363e-02
 -3.61930625e-02 -4.64567646e-02  1.29898062e-01 -5.91513445e-01]","[ 0.         -0.27730507  8.88508415 -0.80555111 -4.31051254 -0.84141082
  0.41757017 -2.68954635]"
1747093069.741434,"[ 0.          0.15702723  0.43890263 -2.88177519 -2.18763131  1.15279255
  1.02821813  2.23210903]","[ 0.00000000e+00 -6.88346925e-05 -1.68370671e-04 -4.18783330e-02
 -3.78136459e-02 -4.83474467e-02  1.25325232e-01 -5.97995779e-01]","[ 0.         -0.18431193  8.83414841 -0.7116136  -4.26338005 -0.85124213
  0.37550771 -2.77609563]"
1747093069.7431595,"[ 0.          0.15702723  0.4389008  -2.88186467 -2.18771386  1.15268696
  1.02845975  2.23087332]","[ 0.00000000e+00 -6.88346925e-05 -1.91632451e-04 -4.69969619e-02
 -4.15950101e-02 -5.50998833e-02  1.21543868e-01 -6.05355091e-01]","[ 0.         -0.08099759  8.79290581 -0.60037053 -4.17907667 -0.8729679
  0.41762778 -2.67279148]"
1747093069.7454863,"[ 0.          0.15702768  0.43889804 -2.8819696  -2.18780761  1.15257284
  1.0287033   2.22965466]","[ 0.00000000e+00 -6.35403432e-05 -2.25594354e-04 -5.24600083e-02
 -4.76011874e-02 -5.59101792e-02  1.16682109e-01 -6.20594764e-01]","[ 0.00000000e+00 -2.05927319e-03  8.72919178e+00 -5.02904236e-01
 -4.14004135e+00 -8.91652584e-01  4.43546772e-01 -2.68203020e+00]"
1747093069.7472394,"[ 0.          0.15702768  0.43889437 -2.88207693 -2.18790774  1.15245779
  1.02893066  2.22837807]","[ 0.00000000e+00 -5.82447383e-05 -2.72703518e-04 -5.45596902e-02
 -5.13185192e-02 -5.99616379e-02  1.09335047e-01 -6.26085936e-01]","[ 0.          0.10552372  8.67944241 -0.40317363 -4.026752   -0.87892359
  0.4243108  -2.52254415]"
1747093069.748416,"[ 0.          0.15702768  0.43889254 -2.88213019 -2.18795861  1.15239308
  1.02903626  2.22775875]","[ 0.00000000e+00 -5.82447383e-05 -3.06348375e-04 -5.40194971e-02
 -5.15886178e-02 -6.09367377e-02  1.06958600e-01 -6.28246759e-01]","[ 0.          0.13607536  8.61999607 -0.38787809 -3.94889402 -0.88385934
  0.39311093 -2.44017839]"
1747093069.7507665,"[ 0.          0.15702768  0.43888748 -2.88224124 -2.18806274  1.15226365
  1.02924745  2.22646499]","[ 0.00000000e+00 -5.82447383e-05 -5.41941578e-04 -5.44167575e-02
 -5.04044599e-02 -6.75929218e-02  1.06958600e-01 -6.33034123e-01]","[ 0.          0.20783032  8.58354187 -0.27549776 -3.8360486  -0.9197138
  0.39191604 -2.36912227]"
1747093069.7524865,"[ 0.          0.15702768  0.43888106 -2.88234697 -2.18816074  1.15211624
  1.02946809  2.22521117]","[ 0.00000000e+00 -5.55977993e-05 -1.28807648e-03 -5.32092012e-02
 -4.94278371e-02 -7.42274678e-02  1.06576594e-01 -6.36889848e-01]","[ 0.          0.24356872  8.53939438 -0.22143172 -3.78671885 -0.93743688
  0.37851775 -2.37928772]"
1747093069.754252,"[ 0.          0.15702768  0.43887094 -2.8824511  -2.18826221  1.15196205
  1.02968028  2.22395536]","[ 0.00000000e+00 -5.55972507e-05 -3.14598725e-03 -4.91506186e-02
 -4.88876440e-02 -7.99488533e-02  1.06958600e-01 -6.36889848e-01]","[ 0.          0.31699672  8.52205372 -0.17881277 -3.74260879 -0.92371231
  0.37320834 -2.55486703]"
1747093069.755964,"[ 0.          0.15702768  0.43885536 -2.88254112 -2.18835169  1.15178987
  1.02990571  2.22265014]","[ 0.00000000e+00 -5.55552731e-05 -6.93440126e-03 -4.45660825e-02
 -4.42959881e-02 -8.52612771e-02  1.10985923e-01 -6.37970226e-01]","[ 0.          0.3180387   8.52725029 -0.15815863 -3.78682709 -0.91128355
  0.36873198 -2.65714455]"
1747093069.7577422,"[ 0.          0.15702768  0.4388457  -2.88258399 -2.18839617  1.15170718
  1.03001797  2.22201858]","[ 0.00000000e+00 -5.03022715e-05 -8.91321630e-03 -4.34416335e-02
 -4.18389348e-02 -8.37302174e-02  1.13981131e-01 -6.40671204e-01]","[ 0.          0.31328461  8.53029156 -0.1495091  -3.81990051 -0.88683665
  0.35520315 -2.64456654]"
1747093069.7594497,"[ 0.          0.15702768  0.4388209  -2.88267241 -2.18847473  1.15154167
  1.03025199  2.22069818]","[ 0.00000000e+00 -5.03022715e-05 -1.34911902e-02 -4.32155977e-02
 -3.91244538e-02 -8.29199257e-02  1.13848880e-01 -6.46343271e-01]","[ 0.          0.30706778  8.61749744 -0.17815192 -3.93986773 -0.88004082
  0.3562277  -2.63690662]"
1747093069.761211,"[ 0.          0.15702768  0.43878602 -2.88275976 -2.18855196  1.15137615
  1.03046697  2.21942053]","[ 0.00000000e+00 -5.03022715e-05 -1.86367264e-02 -4.23798686e-02
 -3.97043280e-02 -8.10292395e-02  1.06958600e-01 -6.48233916e-01]","[ 0.          0.30507526  8.75798798 -0.16322969 -4.12111473 -0.84077334
  0.33836719 -2.61955714]"
1747093069.7631655,"[ 0.          0.15702815  0.43876534 -2.88280211 -2.18859377  1.15129905
  1.0305707   2.21872984]","[ 0.00000000e+00 -4.50072964e-05 -2.10676037e-02 -4.29454991e-02
 -3.93706464e-02 -7.82489076e-02  1.05338016e-01 -6.49881480e-01]","[ 0.          0.33195806  8.81493759 -0.1727463  -4.27203131 -0.83294308
  0.34826508 -2.60525227]"
1747093069.7646604,"[ 0.          0.15702815  0.43871345 -2.88288786 -2.18867127  1.15114299
  1.03078755  2.21746177]","[ 0.00000000e+00 -4.23278279e-05 -2.68322260e-02 -4.31718095e-02
 -3.91244538e-02 -7.61618964e-02  1.06148308e-01 -6.39590826e-01]","[ 0.          0.28744924  8.99221992 -0.21123005 -4.46240664 -0.81244606
  0.33657941 -2.62820458]"
1747093069.76652,"[ 0.          0.15702768  0.43865283 -2.8829816  -2.18874691  1.15099745
  1.03099022  2.21616415]","[ 0.00000000e+00 -4.50072964e-05 -3.15693862e-02 -4.69969619e-02
 -3.61106584e-02 -7.23861249e-02  1.02366944e-01 -6.31434962e-01]","[ 0.          0.30815855  9.18981743 -0.24596415 -4.65549612 -0.78004271
  0.31108978 -2.61793137]"
1747093069.7682772,"[ 0.          0.15702815  0.43858352 -2.8830852  -2.18881721  1.15086043
  1.03119382  2.21493696]","[ 0.00000000e+00 -3.70368514e-05 -3.45724769e-02 -5.40194971e-02
 -3.53827707e-02 -6.85352481e-02  9.93958714e-02 -6.18975829e-01]","[ 0.          0.27046207  9.4309845  -0.29935613 -4.85685015 -0.76232702
  0.30473441 -2.74507427]"
1747093069.7700632,"[ 0.          0.15702815  0.43851417 -2.88320371 -2.18889311  1.15072727
  1.03139069  2.21367183]","[ 0.00000000e+00 -3.70648338e-05 -3.48425735e-02 -5.86246186e-02
 -3.76152695e-02 -6.47577163e-02  1.00476258e-01 -6.16388901e-01]","[ 0.          0.27003077  9.60880852 -0.31077304 -5.0415678  -0.71151119
  0.30320692 -2.82938433]"
1747093069.7717924,"[ 0.          0.15702815  0.43847925 -2.88326257 -2.18893173  1.15066256
  1.03149728  2.21306676]","[ 0.00000000e+00 -3.70368514e-05 -3.53827707e-02 -5.96915434e-02
 -3.91244538e-02 -6.56336883e-02  1.00307380e-01 -6.13661491e-01]","[ 0.          0.30928072  9.66002274 -0.29751459 -5.10942507 -0.71293676
  0.3025592  -2.76183057]"
1747093069.773473,"[ 0.          0.15702815  0.43840442 -2.8833888  -2.18901189  1.15052274
  1.03169516  2.21185955]","[ 0.00000000e+00 -3.70648338e-05 -3.66960379e-02 -6.56336883e-02
 -4.07847184e-02 -6.99644043e-02  1.00476258e-01 -6.12581046e-01]","[ 0.          0.32070249  9.79119873 -0.27505469 -5.18113565 -0.71506864
  0.29475486 -2.82183361]"
1747093069.7751834,"[ 0.          0.15702815  0.43832542 -2.88353208 -2.18909658  1.15038199
  1.03190535  2.21061146]","[ 0.00000000e+00 -3.17458709e-05 -4.10548170e-02 -7.15758332e-02
 -4.08752575e-02 -7.13057304e-02  1.03818142e-01 -6.09417810e-01]","[ 0.          0.33817485  9.95128822 -0.22840627 -5.19367266 -0.72320437
  0.28936365 -2.74574351]"
1747093069.7768505,"[ 0.          0.15702815  0.43823451 -2.88367536 -2.18917408  1.15022686
  1.03211847  2.20940997]","[ 0.00000000e+00 -3.17701716e-05 -4.51062798e-02 -7.31222559e-02
 -3.92038951e-02 -7.62336104e-02  1.07929522e-01 -6.09880068e-01]","[ 0.          0.39806533 10.12811565 -0.21379204 -5.17633533 -0.73261756
  0.27245772 -2.65054464]"
1747093069.7785597,"[ 0.          0.15702815  0.4381895  -2.88375578 -2.18921269  1.15015083
  1.03222692  2.20881156]","[ 0.00000000e+00 -3.17701716e-05 -4.56002254e-02 -7.57320789e-02
 -3.91244538e-02 -7.72478753e-02  1.09929672e-01 -6.06909046e-01]","[ 0.          0.42761922 10.20414925 -0.20075244 -5.16596699 -0.72019249
  0.26301554 -2.66190624]"
1747093069.7802925,"[ 0.          0.15702862  0.43809905 -2.88390678 -2.18929339  1.14999477
  1.03245329  2.20758145]","[ 0.00000000e+00 -2.38094022e-05 -4.56464729e-02 -7.72478753e-02
 -3.99744266e-02 -8.10292395e-02  1.09929672e-01 -6.00156601e-01]","[ 0.          0.4907819  10.29768848 -0.13655788 -5.11514568 -0.74588621
  0.26911578 -2.66386771]"
1747093069.781384,"[ 0.          0.15702862  0.43804945 -2.88398934 -2.18933253  1.14990729
  1.03255989  2.20699835]","[ 0.00000000e+00 -2.38273920e-05 -4.66429321e-02 -7.77382215e-02
 -3.97043280e-02 -8.21746817e-02  1.08038994e-01 -5.91513445e-01]","[ 0.          0.51588362 10.36314869 -0.11683835 -5.09987402 -0.79357415
  0.28750199 -2.7309866 ]"
1747093069.783115,"[ 0.          0.15702862  0.43795165 -2.8841446  -2.18941003  1.14973791
  1.03277201  2.20579686]","[ 0.00000000e+00 -2.38273920e-05 -5.01872291e-02 -7.96787588e-02
 -3.85848058e-02 -8.77816761e-02  1.02062761e-01 -5.84039749e-01]","[ 0.          0.55620492 10.44141579 -0.03661132 -5.01783085 -0.80365002
  0.26426899 -2.8281877 ]"
1747093069.7853425,"[ 0.          0.15702862  0.43784649 -2.88430386 -2.189483    1.14956201
  1.03296988  2.20464012]","[ 0.00000000e+00 -2.38273920e-05 -5.19090710e-02 -8.10292395e-02
 -3.43023804e-02 -8.60135785e-02  9.93958714e-02 -5.86651711e-01]","[ 0.          0.59008491 10.51004982  0.01368334 -4.93866348 -0.82990426
  0.27286321 -2.88639283]"
1747093069.7870238,"[ 0.          0.15702907  0.43774868 -2.88447031 -2.18954426  1.14940115
  1.03316203  2.20343197]","[ 0.00000000e+00 -1.32374398e-05 -4.83474467e-02 -8.07591450e-02
 -2.99808189e-02 -7.98678516e-02  9.22827928e-02 -5.90755775e-01]","[ 0.          0.62625641 10.54347515  0.04120985 -4.88604355 -0.84712803
  0.28227589 -2.83645582]"
1747093069.7887228,"[ 0.          0.15702907  0.43764815 -2.88463037 -2.18959752  1.14924988
  1.03332281  2.20226658]","[ 0.00000000e+00 -1.32274462e-05 -4.45689746e-02 -8.09471475e-02
 -2.50936146e-02 -7.27228567e-02  7.91385615e-02 -5.89352689e-01]","[ 0.          0.67310065 10.45928001  0.08975681 -4.8738842  -0.87429446
  0.25091645 -2.8624897 ]"
1747093069.791013,"[ 0.          0.15702907  0.43761093 -2.88471505 -2.18962175  1.14918424
  1.03339512  2.20168907]","[ 0.00000000e+00 -1.32375708e-05 -4.46517989e-02 -7.97443724e-02
 -2.45788713e-02 -6.64439800e-02  7.34665111e-02 -5.85571333e-01]","[ 0.          0.68835944 10.40615177  0.10627875 -4.85908222 -0.87437129
  0.2336532  -2.78055263]"
1747093069.7932394,"[ 0.          0.15702907  0.43747594 -2.88493716 -2.18969419  1.14899875
  1.03359392  2.19989969]","[ 0.00000000e+00 -7.93646773e-06 -4.11647889e-02 -7.31964166e-02
 -2.34984809e-02 -5.46675233e-02  6.07719338e-02 -5.88755542e-01]","[ 0.          0.73070931 10.29838657  0.15864836 -4.81835461 -0.88241369
  0.30095449 -2.71037364]"
1747093069.7955043,"[ 0.          0.15702907  0.43740247 -2.8850815  -2.18973893  1.14890554
  1.03370711  2.19869062]","[ 0.00000000e+00 -7.94246417e-06 -3.59229638e-02 -6.86047607e-02
 -2.23953767e-02 -4.53763743e-02  5.29121464e-02 -5.88751480e-01]","[ 0.          0.67380774 10.18972301  0.15916845 -4.69176388 -0.8689754
  0.30831316 -2.79267216]"
1747093069.7977195,"[ 0.          0.15702907  0.43733589 -2.885208   -2.18978074  1.14882285
  1.03380039  2.19744253]","[ 0.00000000e+00 -7.93646773e-06 -3.15968251e-02 -6.32028089e-02
 -2.00614760e-02 -3.85820137e-02  4.64567646e-02 -5.85052949e-01]","[ 0.          0.62676346  9.9711237   0.14217773 -4.62243414 -0.8948707
  0.31434193 -2.71705532]"
1747093069.7999976,"[ 0.          0.15702907  0.43724588 -2.88539283 -2.18983294  1.14872191
  1.0339183   2.19575009]","[ 0.00000000e+00 -7.94246417e-06 -3.07911127e-02 -5.96310647e-02
 -1.62999503e-02 -3.18715031e-02  3.58261538e-02 -5.90041649e-01]","[ 0.          0.59580612  9.53134346  0.12207994 -4.57447624 -0.91775
  0.36323884 -2.81280565]"
1747093069.802251,"[ 0.          0.15702907  0.43718023 -2.88550894 -2.1898633   1.1486592
  1.03398115  2.19448202]","[ 0.00000000e+00 -5.29103081e-06 -3.21415997e-02 -5.61721344e-02
 -1.48403102e-02 -2.96806203e-02  3.06183776e-02 -6.01236979e-01]","[ 0.          0.50713974  9.20226288  0.02051958 -4.50528479 -0.91695446
  0.40433365 -2.76682615]"
1747093069.8050616,"[ 0.          0.15702907  0.4370792  -2.88566953 -2.18990511  1.14857451
  1.03407529  2.1926222 ]","[ 0.00000000e+00 -5.29497611e-06 -3.33522061e-02 -5.40194971e-02
 -1.35414969e-02 -2.85876049e-02  2.89004307e-02 -6.18523224e-01]","[ 0.          0.4023504   8.81868172 -0.07527274 -4.45613146 -0.902583
  0.41729763 -2.69259691]"
1747093069.806737,"[ 0.          0.15702907  0.43704704 -2.88572386 -2.1899179   1.14854787
  1.03410192  2.19201247]","[ 0.00000000e+00 -5.29097849e-06 -3.26817948e-02 -5.50998833e-02
 -1.29646791e-02 -2.70097486e-02  2.70097486e-02 -6.18523224e-01]","[ 0.          0.30746344  8.68747425 -0.13485654 -4.44051027 -0.8928557
  0.43115658 -2.63436961]"
1747093069.8089979,"[ 0.          0.15702907  0.43701491 -2.88583225 -2.18994772  1.14849075
  1.03415805  2.19074627]","[ 0.00000000e+00 -5.29502843e-06 -3.26817948e-02 -5.20759971e-02
 -1.40513029e-02 -2.91705272e-02  2.70097486e-02 -6.16817203e-01]","[ 0.          0.20363933  8.5960474  -0.22131386 -4.4457655  -0.86937702
  0.4702107  -2.64546061]"
1747093069.8113017,"[ 0.          0.15702862  0.43691341 -2.88598378 -2.18999566  1.14842617
  1.0342494   2.18887127]","[ 0.00000000e+00 -5.29097849e-06 -3.48072720e-02 -4.94013885e-02
 -1.78264326e-02 -3.18715031e-02  3.29518914e-02 -6.17141177e-01]","[ 0.          0.02498367  8.21758556 -0.41640168 -4.46592331 -0.84836823
  0.51657873 -2.71763635]"
1747093069.8136096,"[ 0.          0.15702862  0.43683535 -2.88608232 -2.1900388   1.1483548
  1.03432549  2.18765834]","[ 0.          0.         -0.04159501 -0.05077833 -0.02241809 -0.03754355
  0.03862394 -0.61474187]","[ 0.         -0.07838074  8.0652256  -0.52776551 -4.4619627  -0.83613843
  0.5467245  -2.83808112]"
1747093069.8153167,"[ 0.          0.15702815  0.43674307 -2.88618991 -2.19008914  1.14826918
  1.03440825  2.1870514 ]","[ 0.00000000e+00 -5.29097849e-06 -4.64567646e-02 -5.26613765e-02
 -2.69823804e-02 -4.42959881e-02  4.34856922e-02 -6.14928490e-01]","[ 0.         -0.20534815  7.96363831 -0.6620447  -4.43445635 -0.77849108
  0.55507421 -2.9395473 ]"
1747093069.8176234,"[ 0.          0.15702815  0.43664663 -2.88629537 -2.19015066  1.14817596
  1.03450433  2.18579373]","[ 0.          0.         -0.04969794 -0.0534793  -0.03109529 -0.04563986
  0.04807735 -0.61474187]","[ 0.         -0.31212518  7.95109415 -0.76059318 -4.42616463 -0.76309609
  0.59214205 -2.96621871]"
1747093069.8193173,"[ 0.          0.15702815  0.43653917 -2.88641122 -2.19021644  1.14808262
  1.0346014   2.18453512]","[ 0.          0.         -0.0535336  -0.05742598 -0.03403228 -0.04753715
  0.04915774 -0.61287812]","[ 0.         -0.39165562  7.9197526  -0.8288424  -4.42723656 -0.76459658
  0.60439014 -2.95845127]"
1747093069.8210514,"[ 0.          0.15702768  0.43642209 -2.88652867 -2.19028888  1.14798368
  1.03470506  2.18333656]","[ 0.00000000e+00 -5.29502843e-06 -5.84290511e-02 -6.05018351e-02
 -3.56528652e-02 -4.83983131e-02  5.11567654e-02 -6.05214809e-01]","[ 0.         -0.46708336  7.94017696 -0.91908938 -4.42720842 -0.78079247
  0.63455272 -2.87669659]"
1747093069.8233676,"[ 0.          0.15702768  0.43630362 -2.88664531 -2.19036424  1.14789247
  1.03480593  2.18210272]","[ 0.          0.         -0.05990088 -0.05861115 -0.03862394 -0.0464097
  0.05131852 -0.59933661]","[ 0.         -0.51423144  8.02340603 -0.99373901 -4.41713285 -0.75891495
  0.65273929 -2.81827569]"
1747093069.825257,"[ 0.          0.15702768  0.43624393 -2.88670683 -2.19040792  1.14784866
  1.03485347  2.18151762]","[ 0.          0.         -0.06050184 -0.05792752 -0.04112603 -0.04429599
  0.04807735 -0.59340416]","[ 0.         -0.5417183   8.05996704 -1.04774165 -4.37878418 -0.74862415
  0.67568588 -2.88029075]"
1747093069.8268957,"[ 0.          0.15702768  0.43612039 -2.88682082 -2.19049367  1.14775825
  1.03490487  2.18036461]","[ 0.          0.         -0.06104203 -0.0577423  -0.04402589 -0.04429599
  0.04839831 -0.5807096 ]","[ 0.         -0.61594301  8.17831516 -1.09211802 -4.34452438 -0.72837335
  0.67965025 -2.84747648]"
1747093069.828636,"[ 0.          0.15702723  0.43599366 -2.88693826 -2.19053788  1.14767169
  1.03499901  2.17919455]","[ 0.00000000e+00 -5.29502843e-06 -6.56336883e-02 -5.69244400e-02
 -4.47907535e-02 -4.42511055e-02  4.91079332e-02 -5.68285087e-01]","[ 0.         -0.65998363  8.33643627 -1.15487468 -4.30506277 -0.71447587
  0.66504693 -2.92396164]"
1747093069.8304074,"[ 0.          0.15702723  0.43585314 -2.88704479 -2.19062869  1.14758235
  1.0351046   2.17807202]","[ 0.          0.         -0.06964805 -0.05293911 -0.04375579 -0.04429599
  0.05293911 -0.56936547]","[ 0.         -0.70685315  8.5035944  -1.22673047 -4.27461624 -0.71654755
  0.68221807 -2.99662399]"
1747093069.8321743,"[ 0.          0.15702677  0.43570531 -2.88715451 -2.19071338  1.14749473
  1.0352102   2.17691328]","[ 0.00000000e+00 -5.29497611e-06 -7.72478753e-02 -5.39660342e-02
 -4.24053018e-02 -4.42959881e-02  5.40194971e-02 -5.67204709e-01]","[ 0.         -0.77526778  8.69945526 -1.22203386 -4.30755281 -0.72504056
  0.6851809  -2.97049689]"
1747093069.8338947,"[ 0.          0.15702632  0.43553952 -2.8872629  -2.19080047  1.14740152
  1.03532531  2.17579555]","[ 0.00000000e+00 -7.93646773e-06 -8.21096340e-02 -5.48297889e-02
 -4.26754004e-02 -4.53763743e-02  5.77422967e-02 -5.66629999e-01]","[ 0.         -0.80411214  9.02396393 -1.26466155 -4.35360003 -0.71110833
  0.70092684 -3.01939178]"
1747093069.8355968,"[ 0.          0.15702632  0.43545963 -2.8873167  -2.19084308  1.14735784
  1.0353843   2.17519714]","[ 0.00000000e+00 -7.93646773e-06 -8.10292395e-02 -5.45596902e-02
 -4.31718095e-02 -4.43409580e-02  5.99616379e-02 -5.63476750e-01]","[ 0.         -0.82327121  9.1896944  -1.29034972 -4.41729498 -0.72294247
  0.67762268 -2.96772814]"
1747093069.8372588,"[ 0.          0.15702585  0.43529431 -2.88742828 -2.19093363  1.14727502
  1.03550701  2.17408607]","[ 0.00000000e+00 -1.32374398e-05 -8.07474437e-02 -5.45044088e-02
 -4.41352496e-02 -3.93706464e-02  5.91813566e-02 -5.64503732e-01]","[ 0.         -0.87744468  9.50054073 -1.31867933 -4.50931787 -0.69593221
  0.62593472 -2.91889882]"
1747093069.8389893,"[ 0.          0.15702539  0.43514235 -2.88753721 -2.19102045  1.14720564
  1.03562498  2.17293585]","[ 0.00000000e+00 -1.85186086e-05 -7.58973946e-02 -5.58535288e-02
 -4.42959881e-02 -3.26817948e-02  5.99616379e-02 -5.59715235e-01]","[ 0.         -0.93350977  9.78210354 -1.33042228 -4.6536727  -0.66478723
  0.60013092 -2.83708835]"
1747093069.8406842,"[ 0.          0.15702539  0.43507117 -2.8875942  -2.19106492  1.14717422
  1.03568491  2.17238604]","[ 0.00000000e+00 -1.85186086e-05 -7.21160221e-02 -5.78008613e-02
 -4.51062798e-02 -3.18392102e-02  6.07719338e-02 -5.56916352e-01]","[ 0.         -0.95987332  9.8674221  -1.31526649 -4.72645187 -0.64791954
  0.5976764  -2.91319418]"
1747093069.8424037,"[ 0.          0.15702494  0.43492926 -2.88771084 -2.19116319  1.14712002
  1.0358124   2.17129401]","[ 0.00000000e+00 -2.38634509e-05 -6.82090192e-02 -5.69905654e-02
 -4.91577426e-02 -2.48489678e-02  6.37430062e-02 -5.50998842e-01]","[ 0.         -0.99641007 10.03510189 -1.29724765 -4.8562727  -0.6142894
  0.58228683 -2.90951276]"
1747093069.8440652,"[ 0.          0.15702447  0.43480206 -2.8878187  -2.19126652  1.14708287
  1.03594363  2.17016377]","[ 0.00000000e+00 -2.65149452e-05 -6.29327103e-02 -5.46150798e-02
 -5.34792999e-02 -1.62058481e-02  6.86047607e-02 -5.56670909e-01]","[ 0.         -1.00332057 10.15742397 -1.2691735  -4.926476   -0.61516446
  0.54440236 -2.9834733 ]"
1747093069.8462884,"[ 0.          0.15702402  0.43468545 -2.88793242 -2.19137784  1.14705624
  1.0360911   2.16902127]","[ 0.00000000e+00 -3.71209245e-05 -5.49182932e-02 -5.59101792e-02
 -5.37493985e-02 -1.16024244e-02  7.34665111e-02 -5.87732089e-01]","[ 0.         -0.9954223  10.23642731 -1.27415609 -4.9234767  -0.61246169
  0.50385898 -3.04703641]"
1747093069.8485677,"[ 0.          0.15702402  0.43458395 -2.88804534 -2.19148384  1.14703813
  1.03624237  2.16775693]","[ 0.00000000e+00 -3.71209245e-05 -5.07783261e-02 -5.67204709e-02
 -5.34251129e-02 -8.64311923e-03  7.80581670e-02 -6.29057025e-01]","[ 0.         -1.01400244 10.24501896 -1.24871647 -4.89343643 -0.62194949
  0.47692922 -2.9352684 ]"
1747093069.850252,"[ 0.          0.15702356  0.43448891 -2.88816172 -2.19159595  1.14702002
  1.03641075  2.16645558]","[ 0.00000000e+00 -4.24239132e-05 -4.48361812e-02 -5.69328248e-02
 -5.53676933e-02 -8.84252706e-03  8.29199257e-02 -6.69571628e-01]","[ 0.         -0.98966938 10.18657589 -1.21139157 -4.86778259 -0.64402252
  0.47538164 -2.92045093]"
1747093069.8525138,"[ 0.          0.15702311  0.43441131 -2.88827783 -2.19170248  1.14699818
  1.03658386  2.16503052]","[ 0.00000000e+00 -4.50754075e-05 -3.72734528e-02 -5.99616379e-02
 -5.37493985e-02 -1.02602349e-02  8.85919761e-02 -7.05494609e-01]","[ 0.         -0.99311382 10.03894901 -1.15292192 -4.80221128 -0.67381388
  0.4605194  -2.73390198]"
1747093069.855136,"[ 0.          0.15702311  0.4343438  -2.88841099 -2.19180528  1.14696969
  1.03677227  2.16359974]","[ 0.00000000e+00 -4.50754075e-05 -3.16014045e-02 -6.67140745e-02
 -4.88381092e-02 -1.31622461e-02  9.26434348e-02 -7.31762166e-01]","[ 0.         -0.98803705  9.80577374 -1.08749855 -4.73609972 -0.69265908
  0.42438021 -2.54702735]"
1747093069.856496,"[ 0.          0.15702311  0.43428458 -2.88854867 -2.19190115  1.1469316
  1.03695776  2.1620567 ]","[ 0.00000000e+00 -4.51095382e-05 -2.94107963e-02 -7.15758332e-02
 -4.83474467e-02 -1.93119688e-02  9.34537265e-02 -7.61134702e-01]","[ 0.         -0.94734102  9.55919075 -1.02951026 -4.64429998 -0.67296255
  0.43501332 -2.64446902]"
1747093069.8587813,"[ 0.          0.15702311  0.43422442 -2.8887082  -2.19200209  1.14687927
  1.03715184  2.16053271]","[ 0.00000000e+00 -4.50754075e-05 -2.94406258e-02 -8.10292395e-02
 -4.96979357e-02 -2.80901368e-02  9.39497070e-02 -7.76800348e-01]","[ 0.         -0.89045656  9.28197193 -0.9695375  -4.58631468 -0.68387705
  0.47014731 -2.7528646 ]"
1747093069.8610659,"[ 0.          0.15702311  0.43413853 -2.88897718 -2.19214643  1.14678313
  1.03744006  2.15812308]","[ 0.00000000e+00 -4.50754075e-05 -2.75585803e-02 -9.18331430e-02
 -4.81261630e-02 -3.48425735e-02  9.67966262e-02 -8.01916353e-01]","[ 0.         -0.80922002  8.987216   -0.82826418 -4.47789335 -0.65779841
  0.44574186 -2.86833286]"
1747093069.863354,"[ 0.          0.15702311  0.4340862  -2.88916733 -2.19224364  1.1467023
  1.03763221  2.15646979]","[ 0.00000000e+00 -5.03783961e-05 -2.56332625e-02 -9.74063985e-02
 -4.72670564e-02 -4.15950101e-02  9.75051851e-02 -8.08979057e-01]","[ 0.         -0.72155958  8.77248859 -0.76221019 -4.43710899 -0.64624292
  0.41104802 -2.81001472]"
1747093069.865607,"[ 0.          0.15702311  0.4340389  -2.88936653 -2.19234244  1.14661389
  1.03783674  2.15487536]","[ 0.00000000e+00 -5.03778963e-05 -2.32283823e-02 -9.72981660e-02
 -5.07783261e-02 -4.64567646e-02  9.93043086e-02 -8.04614602e-01]","[ 0.         -0.66441804  8.52998257 -0.61980116 -4.43725634 -0.66014004
  0.41855729 -2.78954792]"
1747093069.86733,"[ 0.          0.15702311  0.43399436 -2.88956068 -2.1924471   1.14651868
  1.03803748  2.15324191]","[ 0.00000000e+00 -4.50754075e-05 -2.10676037e-02 -9.85855797e-02
 -5.10484247e-02 -4.72670564e-02  1.03177236e-01 -7.93687119e-01]","[ 0.         -0.55976796  8.29023457 -0.51790065 -4.38387728 -0.68387407
  0.41044423 -2.78282428]"
1747093069.8695564,"[ 0.          0.15702356  0.43395165 -2.88977746 -2.19254644  1.14642081
  1.03826198  2.15169035]","[ 0.00000000e+00 -4.50754075e-05 -2.08137815e-02 -9.82781011e-02
 -4.99680343e-02 -4.91506186e-02  1.11842729e-01 -7.84363059e-01]","[ 0.         -0.45223668  8.09772491 -0.4573451  -4.35743189 -0.66952384
  0.41559291 -2.90069556]"
1747093069.8718123,"[ 0.          0.15702356  0.43390664 -2.88997373 -2.19264737  1.14631987
  1.03849128  2.15010164]","[ 0.00000000e+00 -4.51095382e-05 -2.32283823e-02 -9.93958714e-02
 -4.96521543e-02 -5.12665251e-02  1.17643185e-01 -7.72366850e-01]","[ 0.         -0.34636039  7.89318419 -0.44296771 -4.32598114 -0.68831694
  0.39190719 -2.96859503]"
1747093069.8741155,"[ 0.          0.15702356  0.43385338 -2.89016841 -2.19274697  1.14620855
  1.03873955  2.14859296]","[ 0.00000000e+00 -4.50754075e-05 -2.80901368e-02 -9.42640182e-02
 -5.12665251e-02 -5.56705988e-02  1.22760949e-01 -7.62215080e-01]","[ 0.         -0.23483559  7.80769396 -0.40774849 -4.32137012 -0.68767244
  0.36754337 -2.90280271]"
1747093069.8759534,"[ 0.          0.15702356  0.43378863 -2.89034551 -2.19285164  1.14609257
  1.03899355  2.14710798]","[ 0.00000000e+00 -4.51095382e-05 -3.29518914e-02 -8.75115816e-02
 -5.07783261e-02 -5.99616379e-02  1.30186982e-01 -7.50600901e-01]","[ 0.         -0.1514212   7.81167889 -0.37387013 -4.30377483 -0.6846596
  0.3700079  -2.83031511]"
1747093069.87759,"[ 0.          0.15702356  0.43371609 -2.89051036 -2.19294991  1.14596221
  1.03926559  2.14558865]","[ 0.00000000e+00 -4.50749605e-05 -3.63614283e-02 -7.82489076e-02
 -4.94278371e-02 -6.53889979e-02  1.31529590e-01 -7.38176389e-01]","[ 0.         -0.12565584  7.87005806 -0.36663553 -4.31514168 -0.68602282
  0.37939417 -2.77645993]"
1747093069.8815217,"[ 0.          0.15702356  0.43364169 -2.8906555  -2.1930551   1.14582905
  1.03952152  2.144158  ]","[ 0.00000000e+00 -4.50754075e-05 -3.86239376e-02 -7.21160221e-02
 -5.21817371e-02 -6.85352481e-02  1.29376690e-01 -7.19539654e-01]","[ 0.         -0.03252821  7.94123983 -0.39999229 -4.36639309 -0.66608542
  0.3924444  -2.75115037]"
1747093069.8838015,"[ 0.          0.15702356  0.43345437 -2.89085897 -2.19327188  1.14555595
  1.0400457   2.14125928]","[ 0.00000000e+00 -5.03783961e-05 -5.26690081e-02 -6.53635897e-02
 -5.44167575e-02 -6.64439800e-02  1.30055081e-01 -7.04157835e-01]","[ 0.          0.05138655  8.24952888 -0.48718947 -4.4980669  -0.6174162
  0.40014678 -2.94953823]"
1747093069.8855746,"[ 0.          0.15702356  0.43334138 -2.89099426 -2.19337894  1.14542279
  1.04031015  2.13986951]","[ 0.00000000e+00 -5.04170456e-05 -5.78008613e-02 -6.64536423e-02
 -5.45044088e-02 -6.54505668e-02  1.28894991e-01 -7.03700504e-01]","[ 0.          0.06303574  8.48308182 -0.55978119 -4.5678215  -0.59891748
  0.4181712  -2.89599037]"
1747093069.8872736,"[ 0.          0.15702356  0.43321648 -2.89112422 -2.19349266  1.14529349
  1.04056701  2.13844339]","[ 0.00000000e+00 -5.56813848e-05 -6.17896524e-02 -6.50934910e-02
 -5.61192915e-02 -6.45532979e-02  1.30186982e-01 -6.95130185e-01]","[ 0.          0.08728221  8.74379826 -0.58214015 -4.65045834 -0.59152573
  0.42758852 -2.83325577]"
1747093069.8890028,"[ 0.          0.15702356  0.43308838 -2.89125711 -2.19360478  1.14515834
  1.04083146  2.13707359]","[ 0.00000000e+00 -5.57235493e-05 -6.61738814e-02 -6.54505668e-02
 -5.64503723e-02 -6.62028724e-02  1.28142681e-01 -6.93610319e-01]","[ 0.          0.06043138  9.03493404 -0.63184106 -4.69424057 -0.61532646
  0.42165688 -2.75004935]"
1747093069.8913968,"[ 0.          0.15702356  0.4329497  -2.8913892  -2.1937177   1.1450309
  1.04107881  2.13565426]","[ 0.00000000e+00 -5.56808321e-05 -6.80645635e-02 -6.74559521e-02
 -5.48666279e-02 -6.36784204e-02  1.23434545e-01 -6.92371749e-01]","[ 0.          0.09720376  9.36773109 -0.63576943 -4.76796532 -0.58069742
  0.45211586 -2.68973708]"
1747093069.8931568,"[ 0.          0.15702356  0.43282067 -2.89152715 -2.19382529  1.14491013
  1.04132235  2.13429285]","[ 0.00000000e+00 -5.57235493e-05 -6.47577163e-02 -6.72059479e-02
 -5.50998833e-02 -5.64229043e-02  1.16356562e-01 -6.88748585e-01]","[ 0.          0.12361114  9.59584713 -0.66963291 -4.77189636 -0.56654871
  0.45648056 -2.73125911]"
1747093069.8948827,"[ 0.          0.15702356  0.43275133 -2.89159267 -2.19387882  1.14485873
  1.04143367  2.13361175]","[ 0.00000000e+00 -5.56813848e-05 -6.51998011e-02 -6.64439800e-02
 -5.42895916e-02 -5.21288109e-02  1.12900745e-01 -6.90909341e-01]","[ 0.          0.12006833  9.68951988 -0.67765611 -4.77598953 -0.5611186
  0.48310146 -2.70580959]"
1747093069.8966272,"[ 0.          0.15702356  0.43262323 -2.89172503 -2.19398694  1.14476738
  1.04163434  2.13218003]","[ 0.00000000e+00 -5.56808321e-05 -6.37430062e-02 -6.74559521e-02
 -5.18587164e-02 -4.42511055e-02  9.83154852e-02 -7.00732411e-01]","[ 0.          0.15456057  9.8822813  -0.65986401 -4.82796621 -0.57458836
  0.49567944 -2.68382788]"
1747093069.898402,"[ 0.          0.15702356  0.43249923 -2.89186271 -2.19408095  1.14469029
  1.04181131  2.13077402]","[ 0.00000000e+00 -5.56813848e-05 -5.86111530e-02 -6.62410638e-02
 -4.61866702e-02 -3.41045096e-02  8.29199257e-02 -7.17191678e-01]","[ 0.          0.17391028 10.03135872 -0.64979327 -4.86575031 -0.60001755
  0.49543938 -2.76424003]"
1747093069.9000752,"[ 0.          0.15702356  0.43238581 -2.89199001 -2.19417097  1.14463036
  1.04195592  2.12928904]","[ 0.00000000e+00 -5.56813848e-05 -5.77422967e-02 -6.40131007e-02
 -4.31321742e-02 -2.91705272e-02  6.94150525e-02 -7.28452922e-01]","[ 0.          0.20416424 10.13201809 -0.62580383 -4.87177753 -0.62908381
  0.48366526 -2.66511345]"
1747093069.9024754,"[ 0.          0.15702356  0.43227009 -2.89212264 -2.19425406  1.14457617
  1.04207769  2.1278468 ]","[ 0.00000000e+00 -5.56808321e-05 -5.56705988e-02 -6.50934910e-02
 -4.24053018e-02 -2.59293582e-02  5.56182260e-02 -7.32504322e-01]","[ 0.          0.20187871 10.20543957 -0.60599029 -4.84882689 -0.64137292
  0.47926581 -2.57359576]"
1747093069.9042363,"[ 0.          0.15702356  0.4321668  -2.89224887 -2.19433581  1.1445305
  1.04217283  2.12633999]","[ 0.00000000e+00 -5.56813848e-05 -5.13185192e-02 -6.31387724e-02
 -3.93336118e-02 -2.21255527e-02  4.53304014e-02 -7.37096011e-01]","[ 0.          0.17801973 10.20385265 -0.57952148 -4.79789829 -0.62218547
  0.46546414 -2.66884685]"
1747093069.9066074,"[ 0.          0.15702356  0.43206713 -2.89237431 -2.19441065  1.14448868
  1.0422508   2.12488643]","[ 0.00000000e+00 -5.56813848e-05 -4.80286372e-02 -6.09367377e-02
 -3.78136459e-02 -1.94470181e-02  3.56528652e-02 -7.37906278e-01]","[ 0.          0.16197522 10.15522861 -0.57184523 -4.74837589 -0.65030748
  0.4303714  -2.79453373]"
1747093069.9084733,"[ 0.          0.15702356  0.43197531 -2.89249361 -2.19448655  1.1444506
  1.04230979  2.12337003]","[ 0.00000000e+00 -5.56808321e-05 -4.64567646e-02 -5.99616379e-02
 -3.73644996e-02 -1.94470181e-02  2.80901368e-02 -7.40396533e-01]","[ 0.          0.13341545 10.05925274 -0.54431391 -4.70442247 -0.66150093
  0.43034828 -2.80219984]"
1747093069.9107049,"[ 0.          0.15702356  0.43188347 -2.89261266 -2.19456272  1.14441159
  1.04236019  2.12190209]","[ 0.00000000e+00 -5.03783961e-05 -4.36337140e-02 -5.70484268e-02
 -3.91641349e-02 -1.94470181e-02  2.32519659e-02 -7.45253340e-01]","[ 0.          0.1083409   9.8862505  -0.50685    -4.68214273 -0.64992994
  0.43106884 -2.95690632]"
1747093069.9129646,"[ 0.          0.15702356  0.43180724 -2.89271679 -2.19464474  1.14437257
  1.0423992   2.12038676]","[ 0.00000000e+00 -5.03783961e-05 -3.72356859e-02 -5.21288109e-02
 -4.18651087e-02 -2.02573099e-02  1.83666278e-02 -7.38986722e-01]","[ 0.          0.07720914  9.69266033 -0.48447934 -4.6009016  -0.64961183
  0.40840781 -2.87574267]"
1747093069.9147084,"[ 0.          0.15702356  0.43173836 -2.89281746 -2.19473023  1.14433262
  1.04243535  2.11893214]","[ 0.00000000e+00 -5.03783961e-05 -3.29518914e-02 -4.83983131e-02
 -4.18651087e-02 -2.02573099e-02  1.72862385e-02 -7.35205300e-01]","[ 0.          0.02942703  9.40856552 -0.45961234 -4.52422619 -0.65876633
  0.39973363 -2.72954607]"
1747093069.9164479,"[ 0.          0.15702356  0.43167544 -2.8929096  -2.19481012  1.1442984
  1.0424725   2.11744343]","[ 0.00000000e+00 -4.50754075e-05 -3.21415997e-02 -4.56464729e-02
 -4.04735738e-02 -1.72862385e-02  1.94470181e-02 -7.23591121e-01]","[ 0.         -0.02468421  9.11525726 -0.47763982 -4.4346137  -0.64791346
  0.41612017 -2.83111334]"
1747093069.9182155,"[ 0.          0.15702356  0.43160567 -2.89299695 -2.19488869  1.14426884
  1.04251525  2.11603062]","[ 0.00000000e+00 -4.50754075e-05 -3.51075830e-02 -4.15950101e-02
 -3.81168052e-02 -1.44270802e-02  2.21479940e-02 -7.14948032e-01]","[ 0.         -0.04382435  8.80045509 -0.44759616 -4.39114189 -0.68449908
  0.41688788 -2.86705565]"
1747093069.9205022,"[ 0.          0.15702356  0.43153173 -2.89307259 -2.19496272  1.14424421
  1.04256858  2.11457041]","[ 0.00000000e+00 -4.50754075e-05 -3.80837445e-02 -3.75055099e-02
 -3.72734528e-02 -1.24244839e-02  2.80901368e-02 -7.10896565e-01]","[ 0.         -0.10575438  8.59323025 -0.47420034 -4.31127834 -0.68290937
  0.3930957  -2.90778708]"
1747093069.9222858,"[ 0.          0.15702356  0.43145091 -2.89315035 -2.19503889  1.14422224
  1.04263609  2.1131644 ]","[ 0.00000000e+00 -4.24239132e-05 -3.99744266e-02 -3.86183408e-02
 -3.68629640e-02 -1.06630473e-02  3.40724268e-02 -7.11976943e-01]","[ 0.         -0.12654045  8.41370487 -0.47726274 -4.27873945 -0.67984074
  0.40643233 -2.96597672]"
1747093069.9246202,"[ 0.          0.15702356  0.43136778 -2.89322838 -2.195106    1.14420519
  1.04271885  2.11171657]","[ 0.00000000e+00 -4.24239132e-05 -4.32155977e-02 -3.99744266e-02
 -3.32219900e-02 -8.63873854e-03  4.34856922e-02 -7.05224498e-01]","[ 0.         -0.19388263  8.26336098 -0.49958533 -4.31148815 -0.67904991
  0.41619447 -2.88946342]"
1747093069.9264035,"[ 0.          0.15702356  0.43127091 -2.89331227 -2.19516779  1.14418988
  1.04281971  2.1103228 ]","[ 0.00000000e+00 -4.24239132e-05 -4.88538468e-02 -4.08752575e-02
 -2.93399105e-02 -7.53847434e-03  5.11567654e-02 -7.06304876e-01]","[ 0.         -0.23194559  8.12988186 -0.50174302 -4.39448261 -0.68783259
  0.42088282 -2.75845146]"
1747093069.9287918,"[ 0.          0.15702356  0.43116345 -2.89339403 -2.19522238  1.14417656
  1.0429329   2.10888643]","[ 0.00000000e+00 -3.71205547e-05 -5.53699820e-02 -4.13249156e-02
 -2.69823804e-02 -6.75243714e-03  5.88215927e-02 -7.00362764e-01]","[ 0.         -0.22195756  8.05686569 -0.53275102 -4.50608492 -0.69879961
  0.41758323 -2.84367347]"
1747093069.9304976,"[ 0.          0.15702356  0.43104637 -2.89348085 -2.19527618  1.14416431
  1.04306226  2.10752222]","[ 0.00000000e+00 -3.70651995e-05 -5.71752099e-02 -4.28410657e-02
 -2.75499417e-02 -6.23012987e-03  6.44474955e-02 -6.89828963e-01]","[ 0.         -0.17177665  8.07552624 -0.52686507 -4.63782215 -0.64772153
  0.39257324 -2.88343716]"
1747093069.932257,"[ 0.          0.15702356  0.43093432 -2.89357326 -2.19533583  1.14415193
  1.04320115  2.10610476]","[ 0.00000000e+00 -3.17698567e-05 -5.72606640e-02 -4.80773522e-02
 -3.02509176e-02 -6.09479656e-03  7.23861249e-02 -6.91719608e-01]","[ 0.         -0.18405665  8.14007759 -0.5543226  -4.82112503 -0.62807602
  0.41600987 -2.8941021 ]"
1747093069.9340458,"[ 0.          0.15702356  0.43081125 -2.89367659 -2.19540348  1.14413768
  1.04335528  2.10472817]","[ 0.00000000e+00 -2.64748795e-05 -6.04351978e-02 -5.11567654e-02
 -3.41045096e-02 -6.43583982e-03  7.61674891e-02 -6.99552431e-01]","[ 0.         -0.16868529  8.2144165  -0.55923575 -4.93154049 -0.58864468
  0.4057081  -2.9343183 ]"
1747093069.935819,"[ 0.          0.15702356  0.43075109 -2.89372852 -2.1954389   1.14413102
  1.04343424  2.10403282]","[ 0.00000000e+00 -2.64751417e-05 -6.10420282e-02 -5.26690081e-02
 -3.59229638e-02 -6.64859467e-03  7.98678516e-02 -7.04509972e-01]","[ 0.         -0.15782726  8.29819584 -0.5430029  -5.01130962 -0.57790679
  0.40361595 -2.83572388]"
1747093069.937596,"[ 0.          0.15702356  0.43063262 -2.89383265 -2.19551506  1.14411757
  1.04360075  2.10258499]","[ 0.00000000e+00 -2.38094022e-05 -6.05018351e-02 -5.34792999e-02
 -3.99744266e-02 -6.86135003e-03  8.14997534e-02 -7.08195587e-01]","[ 0.         -0.09553691  8.40115166 -0.50677073 -5.07038307 -0.57224715
  0.40512654 -2.71216774]"
1747093069.9393594,"[ 0.          0.15702356  0.43050588 -2.89394797 -2.19560135  1.14410333
  1.04375961  2.10118656]","[ 0.00000000e+00 -1.85324169e-05 -6.32028089e-02 -5.78008613e-02
 -4.31321742e-02 -6.86272010e-03  7.91385615e-02 -7.07478065e-01]","[ 0.00000000e+00  3.23631288e-03  8.54253292e+00 -4.70660299e-01
 -5.09484053e+00 -5.78710139e-01  4.10490274e-01 -2.56191421e+00]"
1747093069.9416752,"[ 0.          0.15702402  0.43037183 -2.89406914 -2.19569696  1.14408815
  1.04390988  2.09973101]","[ 0.00000000e+00 -7.93654595e-06 -6.57013367e-02 -6.23925172e-02
 -5.04570531e-02 -7.28544439e-03  7.16523075e-02 -7.09366778e-01]","[ 0.          0.06173331  8.64836407 -0.48059922 -5.05017424 -0.58747518
  0.46746746 -2.53306198]"
1747093069.943435,"[ 0.          0.15702402  0.43024463 -2.8942015  -2.19581014  1.14407097
  1.04403545  2.09833072]","[ 0.00000000e+00 -7.93654595e-06 -6.48233924e-02 -6.53635897e-02
 -5.67204709e-02 -8.08022008e-03  6.07719338e-02 -7.09275965e-01]","[ 0.          0.10503048  8.81184101 -0.41817477 -4.91538906 -0.60467255
  0.488745   -2.68473291]"
1747093069.9457765,"[ 0.          0.15702402  0.43011054 -2.89433492 -2.19592519  1.14405299
  1.0441477   2.09687704]","[ 0.00000000e+00 -5.29497611e-06 -6.62028724e-02 -6.88748552e-02
 -5.83410544e-02 -8.74470790e-03  5.29121464e-02 -7.10356343e-01]","[ 0.          0.21701393  8.86425495 -0.3965019  -4.74250031 -0.61261982
  0.48556095 -2.77812243]"
1747093069.9474967,"[ 0.          0.15702447  0.42997921 -2.8944782  -2.19604397  1.14403102
  1.04424098  2.09547102]","[ 0.00000000e+00  5.29097849e-06 -6.61738814e-02 -6.97558955e-02
 -5.78730205e-02 -1.03577128e-02  4.53304014e-02 -7.13414184e-01]","[ 0.          0.23421489  8.95904255 -0.3388994  -4.61158895 -0.6453163
  0.48673734 -2.81659937]"
1747093069.9491847,"[ 0.          0.15702447  0.42985108 -2.89461456 -2.19615928  1.14400639
  1.04432087  2.09400601]","[ 0.00000000e+00  5.29103081e-06 -6.48233924e-02 -6.57013367e-02
 -5.86111530e-02 -1.22402806e-02  3.76152695e-02 -7.14137698e-01]","[ 0.          0.34382367  8.96470261 -0.27957582 -4.46886969 -0.67620176
  0.49953398 -2.76002884]"
1747093069.9508576,"[ 0.          0.15702447  0.42978177 -2.89467767 -2.19621494  1.14399307
  1.04435323  2.09330014]","[ 0.00000000e+00  5.29097849e-06 -6.51384652e-02 -6.40131007e-02
 -5.64503723e-02 -1.30037163e-02  3.29518914e-02 -7.15758299e-01]","[ 0.          0.36681375  8.96294975 -0.26059678 -4.37534237 -0.68551302
  0.50002086 -2.70255256]"
1747093069.9525576,"[ 0.          0.15702447  0.42965087 -2.89479831 -2.19632227  1.14396537
  1.04440935  2.09184566]","[ 0.00000000e+00  7.93646773e-06 -6.61738814e-02 -5.99616379e-02
 -5.13185192e-02 -1.40450684e-02  2.70097486e-02 -7.06665534e-01]","[ 0.          0.45298663  9.02679634 -0.24618416 -4.26219845 -0.66145009
  0.53288585 -2.70678473]"
1747093069.9542656,"[ 0.          0.15702447  0.42952138 -2.8949091  -2.19641681  1.14393595
  1.04445217  2.09046814]","[ 0.00000000e+00  1.32275773e-05 -6.23925172e-02 -5.18602394e-02
 -4.69969619e-02 -1.42971065e-02  2.02778765e-02 -6.95066136e-01]","[ 0.          0.45787898  9.07741261 -0.27265275 -4.23439503 -0.64124924
  0.52457124 -2.70736098]"
1747093069.9565122,"[ 0.          0.15702447  0.42940154 -2.89500045 -2.19651188  1.14390745
  1.04448352  2.08906305]","[ 0.00000000e+00  1.32174669e-05 -6.09801805e-02 -4.53763743e-02
 -4.56464729e-02 -1.44502153e-02  1.53955564e-02 -6.82591756e-01]","[ 0.          0.44053885  9.16069889 -0.31058332 -4.23642397 -0.61956024
  0.5087024  -2.80813718]"
1747093069.9576237,"[ 0.          0.15702447  0.42927663 -2.89508567 -2.19659924  1.14387789
  1.04450729  2.08772269]","[ 0.00000000e+00  1.32274462e-05 -6.09367377e-02 -4.06244918e-02
 -4.34856922e-02 -1.49904095e-02  1.05338018e-02 -6.77527622e-01]","[ 0.          0.41281664  9.23548794 -0.37654278 -4.28605986 -0.57916409
  0.51701951 -2.87571573]"
1747093069.9593582,"[ 0.          0.15702447  0.42920916 -2.89512375 -2.19664105  1.14386271
  1.04451588  2.08705956]","[ 0.00000000e+00  1.32274462e-05 -5.92073599e-02 -3.86239376e-02
 -4.24053018e-02 -1.43040879e-02  8.64311923e-03 -6.72542717e-01]","[ 0.          0.38934869  9.26877499 -0.39319119 -4.33712101 -0.56306612
  0.52238452 -2.84855175]"
1747093069.9616184,"[ 0.          0.15702447  0.42909068 -2.89519406 -2.19672227  1.14383128
  1.04452633  2.08568776]","[ 0.00000000e+00  1.32175979e-05 -5.74259756e-02 -3.43023804e-02
 -3.97043280e-02 -1.47953392e-02  4.86175453e-03 -6.67680984e-01]","[ 0.          0.31796238  9.33855057 -0.46159512 -4.44238234 -0.51987684
  0.52794766 -2.78565073]"
1747093069.9627306,"[ 0.          0.15702447  0.42897267 -2.89525611 -2.19679924  1.14379893
  1.04453013  2.08438361]","[ 0.00000000e+00  1.32274462e-05 -6.04405325e-02 -2.89004307e-02
 -3.86239376e-02 -1.58567909e-02  1.08038990e-03 -6.59848161e-01]","[ 0.          0.23002514  9.3796711  -0.57395351 -4.59075737 -0.46983081
  0.53138691 -2.68203664]"
1747093069.964402,"[ 0.          0.15702402  0.42891298 -2.89528221 -2.19684212  1.14378375
  1.04453013  2.0836844 ]","[ 0.00000000e+00  7.93048043e-06 -6.05018351e-02 -2.64695534e-02
 -4.03737219e-02 -1.53955564e-02  0.00000000e+00 -6.58517979e-01]","[ 0.          0.15316385  9.42406178 -0.62824446 -4.64317179 -0.43092024
  0.52810675 -2.64572096]"
1747093069.966096,"[ 0.          0.15702402  0.4287931  -2.89532961 -2.19692467  1.14375418
  1.04453113  2.08240009]","[ 0.00000000e+00  7.93654595e-06 -5.72606640e-02 -2.20468647e-02
 -4.24483576e-02 -1.44341250e-02  3.51108921e-04 -6.48233916e-01]","[ 0.          0.03907928  9.49510765 -0.72005039 -4.75791168 -0.37297073
  0.53279573 -2.56147718]"
1747093069.9677818,"[ 0.          0.15702356  0.42868568 -2.89537089 -2.19701016  1.14373621
  1.04453113  2.0809998 ]","[ 0.00000000e+00  5.29103081e-06 -5.34792999e-02 -2.05066088e-02
 -4.16275631e-02 -9.17865960e-03  0.00000000e+00 -6.30840944e-01]","[ 0.         -0.1274994   9.50054836 -0.80733949 -4.90618515 -0.3565332
  0.53132594 -2.66468096]"
1747093069.969465,"[ 0.          0.15702356  0.42862965 -2.89539034 -2.19705064  1.14373141
  1.04453113  2.08038235]","[ 0.          0.         -0.05266138 -0.01971712 -0.04105482 -0.00675244
  0.         -0.62608594]","[ 0.         -0.18085016  9.48437405 -0.81051391 -4.96497107 -0.36612117
  0.51699305 -2.64167953]"
1747093069.972637,"[ 0.          0.15702356  0.42853185 -2.89543108 -2.1971324   1.14372755
  1.04453299  2.07915423]","[ 0.00000000e+00  0.00000000e+00 -4.82984612e-02 -1.97920723e-02
 -4.20925135e-02 -1.82052028e-03  3.03370686e-04 -6.23384958e-01]","[ 0.         -0.29087794  9.44559765 -0.9205153  -5.0495801  -0.32562599
  0.49730387 -2.76829863]"
1747093069.974383,"[ 0.          0.15702311  0.42844506 -2.8954926  -2.19726369  1.14373048
  1.04453965  2.07726978]","[ 0.00000000e+00 -5.29097849e-06 -4.24053018e-02 -2.05274085e-02
 -4.37557908e-02  4.72670587e-04  9.43964926e-04 -6.22936349e-01]","[ 0.         -0.45844188  9.36991596 -1.0463959  -5.08448887 -0.29073128
  0.52045119 -2.75557327]"
1747093069.976069,"[ 0.          0.15702311  0.4283656  -2.89553441 -2.19735451  1.14372955
  1.04454631  2.07601303]","[ 0.00000000e+00 -5.29097849e-06 -3.80451578e-02 -1.99872133e-02
 -4.41352496e-02  4.25510074e-04  1.36119248e-03 -6.10871963e-01]","[ 0.         -0.62937826  9.2550106  -1.10497916 -4.99126625 -0.27420947
  0.52119267 -2.68543434]"
1747093069.977845,"[ 0.          0.15702311  0.42832888 -2.89555226 -2.19739685  1.14372955
  1.0445511   2.07540996]","[ 0.00000000e+00 -5.29097849e-06 -3.72734528e-02 -1.80965312e-02
 -4.29454991e-02  3.55502910e-04  1.63531264e-03 -6.11500668e-01]","[ 0.         -0.6604327   9.22102642 -1.09981298 -4.95703888 -0.29236564
  0.53258544 -2.61964869]"
1747093069.979642,"[ 0.          0.15702264  0.42825035 -2.89558501 -2.19747621  1.14372955
  1.04455962  2.07420741]","[ 0.00000000e+00 -7.93646773e-06 -3.86239376e-02 -1.52968758e-02
 -3.91641349e-02  0.00000000e+00  2.00872865e-03 -6.07719313e-01]","[ 0.         -0.75328511  9.08468056 -1.17211401 -4.88109732 -0.30420336
  0.54287982 -2.54400444]"
1747093069.981369,"[ 0.          0.15702264  0.42817092 -2.89560925 -2.19755425  1.14372955
  1.04457108  2.07296984]","[ 0.00000000e+00 -7.93646773e-06 -4.05146197e-02 -1.10739970e-02
 -3.76152695e-02  0.00000000e+00  2.61984649e-03 -6.02857579e-01]","[ 0.         -0.8453849   8.98838615 -1.19124341 -4.79454231 -0.30474499
  0.5818705  -2.4997611 ]"
1747093069.983093,"[ 0.          0.15702217  0.42808963 -2.89562709 -2.19762961  1.14372862
  1.04458439  2.07179019]","[ 0.00000000e+00 -1.32274462e-05 -3.93336118e-02 -7.77382236e-03
 -3.86239376e-02 -1.17995616e-04  4.65401653e-03 -5.94214423e-01]","[ 0.         -0.89129907  8.9108429  -1.26392591 -4.76289368 -0.30992168
  0.59993356 -2.48788881]"
1747093069.9848926,"[ 0.          0.15702217  0.42800837 -2.89563828 -2.19770711  1.14372862
  1.04460337  2.07116142]","[ 0.00000000e+00 -1.32275773e-05 -4.18651087e-02 -5.12665220e-03
 -3.75798828e-02 -1.84758442e-04  7.60599275e-03 -5.92064320e-01]","[ 0.         -1.00180185  8.82507324 -1.27695417 -4.75857306 -0.31554973
  0.59923279 -2.49644089]"
1747093069.9866688,"[ 0.          0.15702173  0.42796153 -2.89564174 -2.19774306  1.14372862
  1.04461389  2.07057539]","[ 0.00000000e+00 -1.85042720e-05 -4.41352496e-02 -3.51126711e-03
 -3.64631611e-02 -1.86160649e-04  9.27469048e-03 -5.94214423e-01]","[ 0.         -1.03993297  8.78363419 -1.31562734 -4.76507473 -0.31554973
  0.60498321 -2.56049371]"
1747093069.9884326,"[ 0.          0.15702126  0.42786602 -2.895646   -2.19781231  1.14372862
  1.04462527  2.06940054]","[ 0.00000000e+00 -2.38094022e-05 -5.02381288e-02 -1.35048743e-03
 -3.48425735e-02 -9.61777205e-05  1.07052928e-02 -5.97185512e-01]","[ 0.         -1.12823081  8.75870895 -1.37205112 -4.77923441 -0.28288224
  0.60276264 -2.51721358]"
1747093069.989677,"[ 0.          0.15702081  0.4277572  -2.89564786 -2.19788341  1.14372862
  1.04465097  2.06816376]","[ 0.00000000e+00 -2.64349338e-05 -5.36644520e-02 -1.08038990e-03
 -3.48072720e-02 -8.83157386e-05  1.21970146e-02 -6.06909046e-01]","[ 0.         -1.16600287  8.78866577 -1.42698812 -4.83678102 -0.26528397
  0.62028229 -2.43675685]"
1747093069.9914272,"[ 0.          0.15702081  0.42770347 -2.8956484  -2.19791883  1.14372862
  1.04466522  2.06756256]","[ 0.00000000e+00 -2.64551545e-05 -5.45596902e-02 -7.79842162e-04
 -3.59229638e-02 -8.77627637e-05  1.35238649e-02 -6.09880068e-01]","[ 0.         -1.17274857  8.82601833 -1.42968917 -4.88809347 -0.25086844
  0.61455417 -2.45339894]"
1747093069.9931767,"[ 0.          0.15701988  0.42759325 -2.89564973 -2.1979966   1.14372862
  1.04469378  2.06630594]","[ 0.00000000e+00 -3.70372172e-05 -5.67204709e-02 -6.75243714e-04
 -4.05146197e-02 -8.16419714e-05  1.44428906e-02 -6.14284471e-01]","[ 0.         -1.25866508  8.86942863 -1.45707667 -4.95359421 -0.24465898
  0.62343037 -2.3762095 ]"
1747093069.9949415,"[ 0.          0.15701943  0.42747248 -2.89565186 -2.19808421  1.14372862
  1.044728    2.06510246]","[ 0.00000000e+00 -4.23278279e-05 -5.96915434e-02 -8.61221304e-04
 -4.37557908e-02 -7.54971222e-05  1.66447568e-02 -6.08799690e-01]","[ 0.         -1.30929697  8.98475742 -1.51149917 -4.99452257 -0.22578391
  0.64157271 -2.31409359]"
1747093069.9967408,"[ 0.          0.15701896  0.42741372 -2.89565346 -2.19812789  1.14372862
  1.04474611  2.06450325]","[ 0.00000000e+00 -4.49733161e-05 -5.96915434e-02 -1.01058641e-03
 -4.42959881e-02  0.00000000e+00  1.78264326e-02 -6.07719313e-01]","[ 0.         -1.3199209   9.05047417 -1.52354121 -4.97905731 -0.22349982
  0.64353031 -2.36437726]"
1747093069.9985042,"[ 0.          0.15701851  0.42729661 -2.89565798 -2.19822004  1.14372862
  1.04479178  2.06326168]","[ 0.00000000e+00 -5.02647924e-05 -5.61721344e-02 -1.37374692e-03
 -4.53890909e-02  0.00000000e+00  2.40737716e-02 -6.06098712e-01]","[ 0.         -1.31563997  9.1455965  -1.54833555 -4.93691969 -0.21201043
  0.63800389 -2.41590643]"
1747093070.0002367,"[ 0.          0.15701805  0.42718688 -2.89566384 -2.19831378  1.14372862
  1.04485071  2.0619803 ]","[ 0.00000000e+00 -5.55558217e-05 -5.59101792e-02 -1.71112599e-03
 -4.83474467e-02  0.00000000e+00  3.18392102e-02 -6.33596849e-01]","[ 0.         -1.27648449  9.23680878 -1.55225384 -4.91388083 -0.23005369
  0.6576314  -2.54430413]"
1747093070.0025089,"[ 0.          0.15701713  0.42707437 -2.8956721  -2.19841977  1.14372862
  1.04492401  2.06067895]","[ 0.00000000e+00 -6.34438435e-05 -5.78008613e-02 -2.47818245e-03
 -5.26118376e-02  0.00000000e+00  3.76152695e-02 -6.67680984e-01]","[ 0.         -1.25987947  9.25640583 -1.56505537 -4.86789608 -0.2358004
  0.64821643 -2.63548541]"
1747093070.0043635,"[ 0.          0.15701667  0.42695819 -2.89568275 -2.19852497  1.14372862
  1.04500677  2.05925203]","[ 0.00000000e+00 -6.87834010e-05 -5.63931768e-02 -4.41466700e-03
 -5.29391068e-02  0.00000000e+00  4.24053018e-02 -7.05662455e-01]","[ 0.         -1.20675802  9.33094406 -1.55442905 -4.81338501 -0.22009665
  0.6316002  -2.63672543]"
1747093070.005478,"[ 0.          0.15701667  0.42690309 -2.89568861 -2.19857557  1.14372955
  1.04505244  2.05853857]","[ 0.00000000e+00 -6.87834010e-05 -5.59101792e-02 -5.44039494e-03
 -5.13185192e-02  4.60415958e-05  4.64096974e-02 -7.23591121e-01]","[ 0.         -1.18675494  9.31608009 -1.57139444 -4.79117393 -0.21253772
  0.62897331 -2.56011152]"
1747093070.0071838,"[ 0.          0.15701622  0.42679014 -2.89570432 -2.19868023  1.14372955
  1.04515038  2.0570697 ]","[ 0.00000000e+00 -7.40737029e-05 -5.78008613e-02 -7.67219259e-03
 -5.07783261e-02  4.40191928e-05  4.91577426e-02 -7.52808462e-01]","[ 0.         -1.13361478  9.42070007 -1.5630914  -4.72934771 -0.23018067
  0.66832924 -2.46276927]"
1747093070.0107148,"[ 0.          0.15701622  0.42666937 -2.8957235  -2.1987809   1.14372955
  1.04525031  2.05549724]","[ 0.00000000e+00 -7.40744343e-05 -5.91513461e-02 -9.72350907e-03
 -5.13185192e-02  4.24239132e-05  5.02381288e-02 -7.71938614e-01]","[ 0.         -1.03715885  9.51145363 -1.57680261 -4.69999886 -0.25716683
  0.67856675 -2.48630571]"
1747093070.0112567,"[ 0.          0.15701622  0.42656101 -2.895748   -2.19888449  1.14372955
  1.0453597   2.05395886]","[ 0.00000000e+00 -7.40744343e-05 -5.34792999e-02 -1.32347767e-02
 -5.02381288e-02  4.08209857e-05  5.29391068e-02 -7.82758904e-01]","[ 0.         -0.99094868  9.59885597 -1.49780869 -4.67872906 -0.25666597
  0.66514283 -2.47280622]"
1747093070.0134885,"[ 0.          0.15701575  0.42645861 -2.89577969 -2.1989841   1.14372955
  1.04547003  2.05233314]","[ 0.00000000e+00 -7.67191870e-05 -4.91506186e-02 -1.64759457e-02
 -5.04531707e-02  4.08209857e-05  5.59101792e-02 -7.97867949e-01]","[ 0.         -0.90439963  9.66155434 -1.45067358 -4.64487791 -0.26335526
  0.66631454 -2.55498528]"
1747093070.015246,"[ 0.          0.15701575  0.42636723 -2.89581831 -2.19909941  1.14372955
  1.04559373  2.05074736]","[ 0.00000000e+00 -7.67191870e-05 -4.56464729e-02 -2.05274085e-02
 -5.37458365e-02  3.93347788e-05  6.18523200e-02 -8.06511039e-01]","[ 0.         -0.81466967  9.68207836 -1.39369094 -4.60155249 -0.27780798
  0.65270311 -2.66120267]"
1747093070.0169806,"[ 0.          0.15701575  0.42632129 -2.89584201 -2.19915374  1.14372955
  1.04565651  2.04994721]","[ 0.00000000e+00 -7.67199429e-05 -4.31321742e-02 -2.22973974e-02
 -5.50998833e-02  3.78504980e-05  6.37430062e-02 -8.11372839e-01]","[ 0.         -0.73741657  9.69695282 -1.35592794 -4.58614874 -0.26066989
  0.64571398 -2.61254501]"
1747093070.0187235,"[ 0.          0.15701575  0.42624646 -2.89589314 -2.19926373  1.14372955
  1.04578588  2.0482834 ]","[ 0.00000000e+00 -7.67191870e-05 -3.61930625e-02 -2.70097486e-02
 -5.61802737e-02  3.65680715e-05  6.55671883e-02 -8.14343862e-01]","[ 0.         -0.63498473  9.6377964  -1.27050662 -4.56028986 -0.25031233
  0.64570701 -2.4885447 ]"
1747093070.0204837,"[ 0.          0.15701575  0.42618537 -2.89595226 -2.19937585  1.14372955
  1.04592476  2.04668044]","[ 0.00000000e+00 -7.67191870e-05 -2.89004307e-02 -2.90891406e-02
 -5.40194971e-02  3.52818333e-05  6.86047607e-02 -8.10292395e-01]","[ 0.         -0.52916867  9.56836796 -1.18498635 -4.51249075 -0.25115287
  0.65286469 -2.34830499]"
1747093070.022314,"[ 0.          0.15701622  0.42613534 -2.89601325 -2.19948184  1.14372955
  1.04606364  2.04502995]","[ 0.00000000e+00 -7.40737029e-05 -2.32283823e-02 -3.10297382e-02
 -5.40194971e-02  3.42495739e-05  6.72059479e-02 -8.01649305e-01]","[ 0.         -0.41357955  9.4386301  -1.10522962 -4.47587681 -0.24939701
  0.6797123  -2.4332881 ]"
1747093070.0239637,"[ 0.          0.15701622  0.42609582 -2.89608116 -2.19959023  1.14372955
  1.0461968   2.04339091]","[ 0.00000000e+00 -7.40737029e-05 -1.94470181e-02 -3.37621852e-02
 -5.21288109e-02  3.41671832e-05  6.75243704e-02 -8.00954486e-01]","[ 0.         -0.32174736  9.2852993  -0.9830054  -4.44508076 -0.29319498
  0.67097068 -2.53359294]"
1747093070.0256793,"[ 0.          0.15701622  0.42607655 -2.89611711 -2.19964003  1.14372955
  1.04626245  2.04259942]","[ 0.00000000e+00 -7.40737029e-05 -1.80553292e-02 -3.64631611e-02
 -5.05082274e-02  3.31187444e-05  6.63766561e-02 -8.01916353e-01]","[ 0.         -0.27785587  9.22997189 -0.91548735 -4.4574132  -0.30670285
  0.68575615 -2.50461841]"
1747093070.0273793,"[ 0.          0.15701622  0.42604302 -2.8961994  -2.19973324  1.14372955
  1.04639754  2.04100884]","[ 0.00000000e+00 -7.40737029e-05 -1.67460433e-02 -4.16275631e-02
 -4.67268633e-02  3.20602053e-05  6.56336883e-02 -8.08401750e-01]","[ 0.         -0.17865473  9.0550251  -0.77505255 -4.41788769 -0.31000143
  0.65093368 -2.50824785]"
1747093070.0290825,"[ 0.          0.15701622  0.42600997 -2.89629075 -2.19982406  1.14372955
  1.04652976  2.03935822]","[ 0.00000000e+00 -7.40744343e-05 -1.60491814e-02 -4.80773522e-02
 -4.42511055e-02  3.12055665e-05  6.64439800e-02 -8.06220621e-01]","[ 0.         -0.10707875  8.90246677 -0.6654067  -4.46135664 -0.29112953
  0.62829787 -2.25436306]"
1747093070.031457,"[ 0.          0.15701622  0.42597967 -2.89639035 -2.19986773  1.14372955
  1.04667251  2.03777244]","[ 0.00000000e+00 -7.41849740e-05 -1.53955564e-02 -5.15886178e-02
 -4.42959881e-02  3.02631933e-05  7.04954387e-02 -8.01916353e-01]","[ 0.         -0.04012875  8.75459766 -0.57623619 -4.47345734 -0.29143462
  0.60492438 -2.02173829]"
1747093070.033131,"[ 0.          0.15701667  0.42595075 -2.8965046  -2.19995775  1.14372955
  1.04681039  2.03612953]","[ 0.00000000e+00 -6.88867318e-05 -1.32907280e-02 -5.78008613e-02
 -4.37557908e-02  2.94385789e-05  6.94150525e-02 -8.01649305e-01]","[ 0.00000000e+00  1.80703972e-03  8.63347530e+00 -4.78632152e-01
 -4.54367828e+00 -2.88401484e-01  5.92540801e-01 -2.16022372e+00]"
1747093070.034915,"[ 0.          0.15701667  0.42592824 -2.8966295  -2.20004403  1.14372955
  1.046955    2.03455321]","[ 0.00000000e+00 -6.88867318e-05 -1.08038994e-02 -6.50275403e-02
 -4.16275631e-02  2.86577118e-05  7.17197770e-02 -7.98948327e-01]","[ 0.          0.10762572  8.55377388 -0.39528486 -4.58171368 -0.25739908
  0.56332153 -2.29694247]"
1747093070.037776,"[ 0.          0.15701667  0.4259117  -2.89677331 -2.2001226   1.14372955
  1.04710154  2.03291323]","[ 0.00000000e+00 -6.88874145e-05 -7.02253421e-03 -7.13057304e-02
 -3.96641018e-02  2.79171969e-05  7.53571974e-02 -8.00952555e-01]","[ 0.          0.14894755  8.41469097 -0.31809515 -4.64489889 -0.2742027
  0.55472392 -2.29787278]"
1747093070.039394,"[ 0.          0.15701713  0.42590251 -2.89691926 -2.20020436  1.14373048
  1.0472642   2.03133305]","[ 0.00000000e+00 -6.35877499e-05 -4.31718100e-03 -7.48170001e-02
 -4.03737219e-02  4.75309846e-05  8.10292395e-02 -8.00839038e-01]","[ 0.          0.21575469  8.25325108 -0.22985496 -4.74376011 -0.25993982
  0.48207438 -2.32267761]"
1747093070.0411723,"[ 0.          0.15701713  0.42589791 -2.89707905 -2.20028745  1.14373048
  1.04743351  2.02969307]","[ 0.00000000e+00 -6.88867318e-05 -1.75372786e-03 -7.85187274e-02
 -4.29454991e-02  4.63665302e-05  8.77816761e-02 -7.99951407e-01]","[ 0.          0.268132    8.12606716 -0.12965287 -4.78416586 -0.24697369
  0.46349958 -2.24184918]"
1747093070.0429957,"[ 0.          0.15701713  0.42589702 -2.8971672  -2.20032953  1.14373048
  1.04752292  2.02891103]","[ 0.00000000e+00 -6.89388604e-05 -8.10292444e-04 -7.74610114e-02
 -4.26754004e-02  4.63665302e-05  9.07527485e-02 -7.92202740e-01]","[ 0.          0.3094261   8.03738117 -0.09060315 -4.80291843 -0.21521394
  0.46100754 -2.25246048]"
1747093070.0441785,"[ 0.          0.15701713  0.42589702 -2.89732299 -2.20041634  1.14373048
  1.04771893  2.02730328]","[ 0.00000000e+00 -6.88867318e-05  0.00000000e+00 -7.56829103e-02
 -4.18226896e-02  4.51733255e-05  9.82158663e-02 -7.81896040e-01]","[ 0.00000000e+00  3.57515454e-01  7.93209743e+00 -2.75024213e-03
 -4.74159241e+00 -2.27181032e-01  4.41128314e-01 -2.24974465e+00]"
1747093070.0459955,"[ 0.          0.15701713  0.42589702 -2.89747452 -2.20049917  1.14373048
  1.04793392  2.02577556]","[ 0.00000000e+00 -6.89388604e-05  0.00000000e+00 -7.69777808e-02
 -4.03737219e-02  4.41976526e-05  1.06576594e-01 -7.74639592e-01]","[ 0.          0.40757921  7.86473513  0.06894753 -4.71955776 -0.23149981
  0.40730911 -2.38830066]"
1747093070.048398,"[ 0.          0.15701758  0.42589562 -2.89763005 -2.200578    1.14373048
  1.04816128  2.02426009]","[ 0.00000000e+00 -6.88867318e-05 -2.22189315e-04 -7.58973946e-02
 -4.05146197e-02  2.52109732e-05  1.16682109e-01 -7.67076814e-01]","[ 0.          0.47938272  7.82447672  0.10930743 -4.7018671  -0.25071079
  0.35027355 -2.39288831]"
1747093070.05013,"[ 0.          0.15701758  0.42589332 -2.89778478 -2.20066215  1.14373048
  1.04840576  2.02269908]","[ 0.00000000e+00 -6.89388604e-05 -4.63676827e-04 -7.91385615e-02
 -4.11260274e-02  2.46788936e-05  1.19002962e-01 -7.59243991e-01]","[ 0.          0.48439306  7.83522558  0.12890765 -4.64995766 -0.26603037
  0.35550249 -2.24391603]"
1747093070.0518377,"[ 0.          0.15701758  0.42589196 -2.89786947 -2.20070397  1.14373048
  1.04852281  2.02195419]","[ 0.00000000e+00 -6.89388604e-05 -5.60541314e-04 -7.97443724e-02
 -4.24053018e-02  2.46355181e-05  1.18842890e-01 -7.55462635e-01]","[ 0.          0.48939538  7.83914757  0.16111146 -4.6155901  -0.25230649
  0.33814284 -2.2350738 ]"
1747093070.0536332,"[ 0.          0.15701758  0.42588919 -2.8980242  -2.20078546  1.14373141
  1.04876063  2.02041395]","[ 0.00000000e+00 -6.89388604e-05 -6.97288459e-04 -7.83282698e-02
 -4.13249156e-02  4.21510099e-05  1.20463473e-01 -7.50800771e-01]","[ 0.          0.50786513  7.9253149   0.15434572 -4.56201792 -0.22037448
  0.33294263 -2.12469769]"
1747093070.055424,"[ 0.          0.15701805  0.425886   -2.89818266 -2.20086722  1.14373141
  1.04900317  2.01895374]","[ 0.00000000e+00 -6.36365057e-05 -8.36830233e-04 -7.69859201e-02
 -3.94342335e-02  4.11625974e-05  1.17762503e-01 -7.38986722e-01]","[ 0.          0.49244934  7.98646593  0.14225818 -4.51682854 -0.18081908
  0.34112066 -2.0318141 ]"
1747093070.0572476,"[ 0.          0.15701805  0.4258823  -2.8983254  -2.20094578  1.14373235
  1.04922675  2.01747063]","[ 0.00000000e+00 -6.36358718e-05 -9.70282627e-04 -7.07655415e-02
 -3.99744266e-02  5.89012471e-05  1.11820358e-01 -7.20531615e-01]","[ 0.          0.55289656  8.01476288  0.11979115 -4.49671793 -0.16234185
  0.32662609 -2.13386631]"
1747093070.0584178,"[ 0.          0.15701805  0.42588094 -2.89839332 -2.20098999  1.14373235
  1.04933427  2.01676196]","[ 0.00000000e+00 -6.36358718e-05 -9.93531516e-04 -6.88748552e-02
 -4.16275631e-02  5.76441779e-05  1.09119380e-01 -7.18729388e-01]","[ 0.          0.5615229   8.04789352  0.12015079 -4.49235201 -0.17728795
  0.35493487 -2.12581801]"
1747093070.0602152,"[ 0.          0.15701805  0.42587771 -2.89846495 -2.20107681  1.14373235
  1.04954926  2.01534636]","[ 0.00000000e+00 -6.36358718e-05 -1.19223779e-03 -6.74567136e-02
 -4.42959881e-02  5.75507543e-05  1.04257622e-01 -7.17919121e-01]","[ 0.          0.5803107   8.17823887  0.11693045 -4.424366   -0.15956812
  0.34581137 -2.21743298]"
1747093070.061966,"[ 0.          0.15701805  0.42587498 -2.89859572 -2.20117002  1.14373235
  1.04974333  2.01388135]","[ 0.00000000e+00 -6.36365057e-05 -1.52332021e-03 -6.59037828e-02
 -4.58906265e-02  5.63488858e-05  9.63271025e-02 -7.13057321e-01]","[ 0.          0.54560667  8.27450562  0.06229468 -4.26675606 -0.14282855
  0.36003435 -2.10000658]"
1747093070.0643017,"[ 0.          0.15701805  0.42587358 -2.89872941 -2.20125897  1.14373235
  1.04992975  2.01248585]","[ 0.00000000e+00 -5.83770511e-05 -1.42842273e-03 -6.51998011e-02
 -4.51062798e-02  5.51973377e-05  8.77816761e-02 -7.08195587e-01]","[ 0.          0.56393486  8.38004589  0.0167756  -4.1889596  -0.12528981
  0.35321146 -1.99637496]"
1747093070.0660493,"[ 0.          0.15701805  0.42587268 -2.89886123 -2.20135271  1.14373235
  1.0500972   2.01104082]","[ 0.00000000e+00 -5.83328791e-05 -1.20222153e-03 -6.80645635e-02
 -4.83474467e-02  5.40919080e-05  8.40003119e-02 -7.04414231e-01]","[ 0.          0.52330935  8.46491051 -0.03896339 -4.12582636 -0.15019673
  0.34628427 -1.91147482]"
1747093070.0678358,"[ 0.          0.15701805  0.42587222 -2.89899998 -2.20145338  1.14373235
  1.05025985  2.00965758]","[ 0.00000000e+00 -5.56387285e-05 -9.20001092e-04 -7.06938358e-02
 -4.93777572e-02  5.40085379e-05  7.79790794e-02 -7.00732411e-01]","[ 0.          0.52867413  8.59824276 -0.06819163 -4.05326653 -0.16450879
  0.3450813  -1.85580885]"
1747093070.0696447,"[ 0.          0.15701805  0.42587222 -2.89907429 -2.20150158  1.14373235
  1.05033216  2.00891842]","[ 0.00000000e+00 -5.56813848e-05 -7.99021018e-04 -7.00303425e-02
 -4.88876440e-02  5.40919080e-05  7.34665111e-02 -6.96133265e-01]","[ 0.          0.52504063  8.62125492 -0.06230532 -3.99964523 -0.14423959
  0.32878917 -1.89906704]"
1747093070.0713544,"[ 0.          0.15701805  0.42587175 -2.89921384 -2.20159879  1.14373328
  1.05046438  2.00755235]","[ 0.00000000e+00 -5.56813848e-05 -5.28977459e-04 -7.13057304e-02
 -4.69969619e-02  7.42418490e-05  6.15822255e-02 -6.93610319e-01]","[ 0.          0.49455348  8.72056961 -0.10232082 -3.92564917 -0.14558791
  0.31872484 -1.87584245]"
1747093070.0732007,"[ 0.          0.15701805  0.42587128 -2.89936271 -2.20168827  1.14373328
  1.05056811  2.00617576]","[ 0.00000000e+00 -5.56813848e-05 -3.38978600e-04 -7.26544384e-02
 -4.45660825e-02  7.27043709e-05  5.02381288e-02 -7.00632875e-01]","[ 0.          0.49148962  8.833251   -0.11168506 -3.88335061 -0.14503098
  0.3087728  -1.80803347]"
1747093070.0755854,"[ 0.          0.15701851  0.42587128 -2.89950092 -2.20178121  1.14373328
  1.05065274  2.00473073]","[ 0.00000000e+00 -4.50754075e-05 -2.16419419e-04 -6.94150525e-02
 -4.53763743e-02  7.13314873e-05  3.93706464e-02 -7.05589284e-01]","[ 0.          0.47934499  8.93571186 -0.14501214 -3.87223792 -0.13205767
  0.32234254 -1.86161995]"
1747093070.077407,"[ 0.          0.15701851  0.42587128 -2.89964234 -2.20186697  1.14373328
  1.05071173  2.00327425]","[ 0.00000000e+00 -4.50413255e-05 -1.21052773e-04 -6.92120946e-02
 -4.32155977e-02  7.00108055e-05  2.70097486e-02 -7.11179326e-01]","[ 0.          0.48298225  9.01991367 -0.14038901 -3.93664908 -0.1382058
  0.29875195 -1.7572124 ]"
1747093070.0791984,"[ 0.          0.15701851  0.42587128 -2.89977283 -2.20194819  1.14373421
  1.0507536   2.00187582]","[ 0.00000000e+00 -4.24239132e-05 -1.10394675e-04 -6.48233924e-02
 -3.88691107e-02  8.66804644e-05  1.88076348e-02 -7.09275965e-01]","[ 0.          0.51644361  9.12829494 -0.11238169 -4.0160861  -0.12224821
  0.2731593  -1.68758678]"
1747093070.0815532,"[ 0.          0.15701851  0.42587175 -2.89989907 -2.20201664  1.14373528
  1.0507793   2.00042986]","[ 0.00000000e+00 -4.23922572e-05 -4.41578693e-05 -6.04405325e-02
 -3.34920866e-02  1.04087028e-04  1.16024244e-02 -7.05249132e-01]","[ 0.          0.48265377  9.19444656 -0.1087253  -4.14641285 -0.1076214
  0.27501807 -1.7700398 ]"
1747093070.0833213,"[ 0.          0.15701851  0.42587175 -2.90001651 -2.20208055  1.14373528
  1.05079735  1.99904382]","[ 0.00000000e+00 -3.71209245e-05  0.00000000e+00 -5.91513461e-02
 -3.08445195e-02  1.02159584e-04  8.02459070e-03 -7.02253409e-01]","[ 0.          0.47131398  9.28987312 -0.09174436 -4.28720045 -0.06644802
  0.25122264 -1.86684978]"
1747093070.0857499,"[ 0.          0.15701896  0.42587175 -2.90013263 -2.20213941  1.14373621
  1.05080593  1.99760837]","[ 0.00000000e+00 -3.17938749e-05  0.00000000e+00 -5.51690631e-02
 -2.99808189e-02  1.14277179e-04  3.78136470e-03 -6.98640897e-01]","[ 0.          0.41390449  9.32141113 -0.11420137 -4.51684713 -0.04043775
  0.24017383 -1.88065732]"
1747093070.08744,"[ 0.          0.15701851  0.42587175 -2.90023249 -2.20219933  1.14373714
  1.0508088   1.99622606]","[ 0.00000000e+00 -3.18182529e-05  0.00000000e+00 -4.93777572e-02
 -2.88112439e-02  1.25699155e-04  1.00213022e-03 -6.99922943e-01]","[ 0.          0.41614205  9.40703964 -0.09881045 -4.67923403  0.0200108
  0.20242777 -1.99185884]"
1747093070.089238,"[ 0.          0.15701851  0.42587222 -2.9002783  -2.20222756  1.14373714
  1.0508088   1.99554109]","[ 0.00000000e+00 -2.65149452e-05  2.93768803e-05 -4.65039317e-02
 -2.86303320e-02  1.23642032e-04  0.00000000e+00 -6.94690697e-01]","[ 0.          0.34556955  9.39965916 -0.08175101 -4.77728081  0.03627722
  0.20181604 -1.94096029]"
1747093070.0909736,"[ 0.          0.15701851  0.42587222 -2.90037071 -2.20228215  1.14373807
  1.0508088   1.99412562]","[ 0.00000000e+00 -2.38634509e-05  2.79729117e-05 -4.42959881e-02
 -2.75499417e-02  1.39032158e-04  0.00000000e+00 -6.90909341e-01]","[ 0.          0.28547686  9.48045635 -0.07817213 -4.99329042  0.08039474
  0.18677622 -1.86310911]"
1747093070.092769,"[ 0.          0.15701851  0.42587175 -2.90045141 -2.20233675  1.143739
  1.05080973  1.99278139]","[ 0.00000000e+00 -1.85604623e-05  0.00000000e+00 -3.97043280e-02
 -2.70097486e-02  1.53747391e-04  2.12797527e-04 -6.78214785e-01]","[ 0.          0.20871161  9.45530033 -0.09048352 -5.1691165   0.08273242
  0.17051572 -1.77485991]"
1747093070.0945363,"[ 0.          0.15701851  0.42587175 -2.90052358 -2.20239055  1.143739
  1.05081066  1.99141812]","[ 0.00000000e+00 -1.32574726e-05  0.00000000e+00 -3.34581521e-02
 -2.75499417e-02  1.51536012e-04  3.11065050e-04 -6.61738806e-01]","[ 0.          0.19796778  9.4313736  -0.10072335 -5.33069563  0.08356236
  0.15695487 -1.77930486]"
1747093070.0962858,"[ 0.          0.15701851  0.42587175 -2.9005827  -2.20245073  1.14373994
  1.05081259  1.99012822]","[ 0.00000000e+00 -5.30298914e-06  0.00000000e+00 -2.75845316e-02
 -2.98414461e-02  1.59016594e-04  4.63676827e-04 -6.54176094e-01]","[ 0.          0.11184466  9.38064003 -0.14451733 -5.42412138  0.11660855
  0.1577906  -1.92289114]"
1747093070.0986485,"[ 0.          0.15701851  0.42587175 -2.90062771 -2.20251731  1.14374087
  1.05081546  1.98879917]","[ 0.00000000e+00  0.00000000e+00  0.00000000e+00 -2.13377002e-02
 -3.51126721e-02  1.68701957e-04  6.64859467e-04 -6.46982629e-01]","[ 0.          0.06203691  9.32889652 -0.15356025 -5.42925167  0.14032301
  0.18158977 -1.9893136 ]"
1747093070.1005228,"[ 0.          0.15701851  0.42587128 -2.90066393 -2.20258975  1.14374087
  1.05081732  1.98752644]","[ 0.00000000e+00  5.30293632e-06 -1.82846616e-05 -1.72862385e-02
 -3.67332556e-02  1.66039869e-04  7.06525909e-04 -6.43372182e-01]","[ 0.00000000e+00 -8.62891693e-03  9.21725273e+00 -2.16947570e-01
 -5.37762451e+00  1.45719379e-01  1.99326023e-01 -1.95970762e+00]"
1747093070.1027865,"[ 0.          0.15701851  0.42587128 -2.90069482 -2.20266725  1.14374087
  1.05082018  1.98622216]","[ 0.00000000e+00  1.32574726e-05  0.00000000e+00 -1.40450684e-02
 -3.75435473e-02  1.63644666e-04  8.15989242e-04 -6.34729092e-01]","[ 0.         -0.07831357  9.09552193 -0.26906353 -5.27813959  0.12912102
  0.20394666 -1.87115145]"
1747093070.1044924,"[ 0.          0.15701805  0.42587038 -2.90071905 -2.20273702  1.14374087
  1.05082305  1.98497207]","[ 0.00000000e+00  1.32574726e-05 -2.48390588e-05 -1.07830435e-02
 -3.48425735e-02  1.63644666e-04  9.52641070e-04 -6.33108492e-01]","[ 0.         -0.14413828  8.96003056 -0.32758665 -5.15922642  0.10006313
  0.20803528 -1.76508319]"
1747093070.1062946,"[ 0.          0.15701805  0.42586945 -2.90073743 -2.20280706  1.14374087
  1.05082684  1.9836879 ]","[ 0.00000000e+00  1.32574726e-05 -5.46081393e-05 -8.37302164e-03
 -3.39978000e-02  1.61315245e-04  1.06095819e-03 -6.26530884e-01]","[ 0.         -0.1933172   8.80200481 -0.33709854 -5.01653767  0.05142399
  0.25154081 -1.7551173 ]"
1747093070.108576,"[ 0.          0.15701851  0.42586809 -2.90075021 -2.20287258  1.14374193
  1.05083064  1.98247203]","[ 0.00000000e+00  2.38634509e-05 -8.83157386e-05 -5.94214437e-03
 -3.29518914e-02  1.62666981e-04  1.14232992e-03 -6.13661491e-01]","[ 0.         -0.3018645   8.66146564 -0.35723537 -4.88119507  0.04941306
  0.28031912 -1.74234653]"
1747093070.110403,"[ 0.          0.15701805  0.42586579 -2.90075767 -2.20293836  1.14374193
  1.05083443  1.98122687]","[ 0.00000000e+00  1.85745164e-05 -1.46565276e-04 -2.70097486e-03
 -3.18715031e-02  1.60591133e-04  1.21230721e-03 -6.09116607e-01]","[ 0.         -0.34493741  8.50530815 -0.38981527 -4.73701     0.05941862
  0.29985026 -1.85713947]"
1747093070.112233,"[ 0.          0.15701805  0.42586256 -2.90076087 -2.20299482  1.14374193
  1.05083922  1.98002432]","[ 0.00000000e+00  1.85324169e-05 -2.18585074e-04 -8.11115059e-04
 -2.75220284e-02  1.60417907e-04  1.31218550e-03 -6.08182902e-01]","[ 0.         -0.40821037  8.37397385 -0.47608563 -4.61714745  0.04933545
  0.29781789 -1.89449155]"
1747093070.113995,"[ 0.          0.15701805  0.42585843 -2.90076033 -2.20304169  1.14374193
  1.05084488  1.97876198]","[ 0.00000000e+00  2.38273920e-05 -3.03076802e-04  2.59947393e-04
 -2.08137815e-02  1.58232357e-04  1.44241304e-03 -6.19603602e-01]","[ 0.         -0.47031805  8.25201797 -0.51389158 -4.53860426  0.03946269
  0.32236412 -1.81141686]"
1747093070.1158316,"[ 0.          0.15701805  0.42585567 -2.90076007 -2.203059    1.14374193
  1.05084775  1.97814932]","[ 0.00000000e+00  2.38273920e-05 -3.63373897e-04  2.63244924e-04
 -1.75563360e-02  1.58234551e-04  1.60670056e-03 -6.21224202e-01]","[ 0.         -0.49790466  8.21033764 -0.54036057 -4.52470398  0.04802513
  0.32360488 -1.78354537]"
1747093070.1175783,"[ 0.          0.15701805  0.42584878 -2.90076033 -2.2030867   1.14374287
  1.05085347  1.97688219]","[ 0.00000000e+00  2.38273920e-05 -5.56398395e-04  1.32495580e-04
 -1.26945815e-02  1.64615767e-04  1.99221614e-03 -6.19899613e-01]","[ 0.         -0.55282366  8.14378452 -0.57422173 -4.54077196  0.03407679
  0.3264949  -1.61766672]"
1747093070.1193187,"[ 0.          0.15701758  0.42584006 -2.90076193 -2.20310454  1.1437438
  1.05086013  1.97566259]","[ 0.00000000e+00  1.85322320e-05 -1.57646211e-03 -3.19132556e-04
 -7.56272939e-03  1.76585802e-04  2.41759319e-03 -6.18523224e-01]","[ 0.         -0.57327974  8.13362312 -0.64369535 -4.61810255  0.05924493
  0.34659362 -1.48287523]"
1747093070.1211183,"[ 0.          0.15701758  0.42582721 -2.90076273 -2.20311413  1.1437438
  1.05086679  1.97440212]","[ 0.00000000e+00  1.85324169e-05 -5.05293205e-03 -4.38813819e-04
 -3.78136470e-03  1.74308900e-04  2.77582711e-03 -6.15385821e-01]","[ 0.         -0.64987367  8.17391968 -0.67660314 -4.67535686  0.09342274
  0.35112405 -1.53618813]"
1747093070.1234899,"[ 0.          0.15701758  0.42581066 -2.90076353 -2.20311732  1.14374473
  1.05087438  1.97319491]","[ 0.00000000e+00  1.32374398e-05 -8.37302164e-03 -4.30557077e-04
 -8.09471454e-04  1.83336128e-04  3.17386488e-03 -6.09880068e-01]","[ 0.         -0.66630656  8.22376156 -0.69093871 -4.72287226  0.12674919
  0.34451696 -1.60863316]"
1747093070.1252313,"[ 0.          0.15701758  0.42578863 -2.90076459 -2.20311732  1.14374566
  1.05088297  1.97195254]","[ 0.00000000e+00  1.32375708e-05 -1.16141912e-02 -4.97349657e-04
  0.00000000e+00  1.91119129e-04  3.51045801e-03 -6.04033964e-01]","[ 0.         -0.70134276  8.2915926  -0.75016278 -4.86187601  0.1277581
  0.34371245 -1.69339669]"
1747093070.1282108,"[ 0.          0.15701758  0.42575787 -2.90076593 -2.20311732  1.14374566
  1.05089249  1.97076251]","[ 0.00000000e+00  1.32274462e-05 -1.67460433e-02 -5.28977459e-04
  0.00000000e+00  1.88244284e-04  3.97879726e-03 -6.02857579e-01]","[ 0.         -0.70971745  8.45257282 -0.78357077 -4.96377754  0.14232953
  0.34477311 -1.78861296]"
1747093070.1292582,"[ 0.          0.15701713  0.42571332 -2.90076726 -2.20311865  1.14374659
  1.05090101  1.96952574]","[ 0.00000000e+00  7.94246417e-06 -2.33214660e-02 -5.47892014e-04
 -2.22189315e-04  1.95938322e-04  4.23933113e-03 -6.04853552e-01]","[ 0.         -0.74308175  8.59688854 -0.79845661 -5.01847553  0.15535112
  0.33315364 -1.80724907]"
1747093070.1315992,"[ 0.          0.15701713  0.4256573  -2.90076912 -2.20312105  1.14374659
  1.05091053  1.9683405 ]","[ 0.00000000e+00  7.93646773e-06 -2.97107224e-02 -6.26224320e-04
 -4.63676827e-04  1.93421859e-04  4.45369896e-03 -6.00156601e-01]","[ 0.         -0.75557089  8.83203602 -0.84380084 -5.01211357  0.17062272
  0.32092521 -1.79127681]"
1747093070.1334171,"[ 0.          0.15701667  0.42558752 -2.90077099 -2.20312345  1.14374753
  1.05091819  1.96711611]","[ 0.00000000e+00  5.29497611e-06 -3.51075830e-02 -6.62354301e-04
 -6.11731808e-04  2.03883235e-04  4.30333595e-03 -5.96578178e-01]","[ 0.         -0.77347702  9.07499981 -0.85277307 -5.06470919  0.17156118
  0.31086785 -1.71707261]"
1747093070.1351788,"[ 0.          0.15701667  0.42551405 -2.90077285 -2.20312558  1.14374753
  1.05092578  1.96587561]","[ 0.00000000e+00  0.00000000e+00 -3.78136459e-02 -6.93262639e-04
 -6.84503726e-04  2.01504173e-04  4.19009022e-03 -5.80138484e-01]","[ 0.         -0.80908549  9.34339046 -0.87213969 -5.09078598  0.15947047
  0.30683538 -1.71139181]"
1747093070.1363797,"[ 0.          0.15701667  0.42547317 -2.90077365 -2.20312744  1.14374753
  1.05092864  1.96531142]","[ 0.00000000e+00  0.00000000e+00 -3.86183408e-02 -6.99286090e-04
 -7.75598724e-04  1.88910155e-04  3.92585029e-03 -5.72066443e-01]","[ 0.         -0.81662285  9.4941988  -0.84709477 -5.10744238  0.14758903
  0.3179751  -1.76052237]"
1747093070.1382117,"[ 0.          0.15701667  0.42539375 -2.90077551 -2.20313117  1.14374753
  1.0509353   1.96416133]","[ 0.00000000e+00  0.00000000e+00 -4.10132176e-02 -7.19773250e-04
 -9.17358087e-04  1.86733431e-04  3.54884629e-03 -5.57481175e-01]","[ 0.         -0.78873324  9.6995182  -0.84101164 -5.05018473  0.14524609
  0.30006233 -1.82934701]"
1747093070.1405034,"[ 0.          0.15701667  0.42530739 -2.90077684 -2.2031349   1.14374859
  1.05094196  1.96307689]","[ 0.00000000e+00 -5.29497611e-06 -4.48361812e-02 -7.23849005e-04
 -1.02981383e-03  1.96740635e-04  3.35962193e-03 -5.48281985e-01]","[ 0.         -0.78090507  9.97461605 -0.84851259 -5.03685188  0.13516501
  0.31789225 -1.92786646]"
1747093070.142341,"[ 0.          0.15701622  0.42521188 -2.90077844 -2.20313996  1.14374859
  1.05094768  1.96196476]","[ 0.00000000e+00 -7.94246417e-06 -4.69969619e-02 -7.13644729e-04
 -1.57493664e-03  1.94693314e-04  3.17949835e-03 -5.40194963e-01]","[ 0.         -0.7494368  10.18624115 -0.87164003 -4.95583677  0.12464307
  0.31064105 -1.95451581]"
1747093070.1434896,"[ 0.          0.15701622  0.42516691 -2.90077871 -2.20314342  1.14374859
  1.05095148  1.96143492]","[ 0.00000000e+00 -7.93646773e-06 -4.56464729e-02 -6.95515272e-04
 -1.94759883e-03  1.94693314e-04  3.12051089e-03 -5.37493985e-01]","[ 0.         -0.71686786 10.30096054 -0.86763263 -4.937006    0.12464307
  0.30771711 -1.92038679]"
1747093070.1452475,"[ 0.          0.15701622  0.42508149 -2.90078031 -2.20315035  1.14374859
  1.0509572   1.96038084]","[ 0.00000000e+00 -7.94246417e-06 -4.01866223e-02 -7.39061272e-04
 -2.74749383e-03  1.85408222e-04  3.10412023e-03 -5.33712596e-01]","[ 0.         -0.68812823 10.48211956 -0.82874995 -4.88770962  0.11745793
  0.3067908  -1.90769517]"
1747093070.1470535,"[ 0.          0.15701622  0.42501078 -2.90078164 -2.20315967  1.14374859
  1.05096286  1.95928016]","[ 0.00000000e+00 -7.93646773e-06 -3.47646157e-02 -7.59653567e-04
 -3.87788114e-03  1.85406092e-04  2.99263911e-03 -5.43436130e-01]","[ 0.         -0.66591454 10.57960987 -0.84247339 -4.82910395  0.09474438
  0.31445628 -1.89918423]"
1747093070.1489296,"[ 0.          0.15701622  0.42497726 -2.90078244 -2.20316419  1.14374859
  1.05096666  1.95873035]","[ 0.00000000e+00 -7.94246417e-06 -3.40322817e-02 -7.72070621e-04
 -4.37126684e-03  1.83342923e-04  3.10445833e-03 -5.57481175e-01]","[ 0.         -0.66643834 10.6283493  -0.8511138  -4.80209351  0.08732797
  0.31797683 -1.82551301]"
1747093070.1500978,"[ 0.          0.15701622  0.42490515 -2.90078377 -2.20317565  1.14374952
  1.05097525  1.95753645]","[ 0.00000000e+00 -1.32375708e-05 -3.21415997e-02 -7.57399568e-04
 -5.26489835e-03  1.90242776e-04  3.27491546e-03 -5.91312043e-01]","[ 0.         -0.61794084 10.60211086 -0.83792073 -4.75329494  0.07053628
  0.34880981 -1.76948333]"
1747093070.1524942,"[ 0.          0.15701622  0.4248418  -2.90078563 -2.20318843  1.14374952
  1.05098477  1.95633111]","[ 0.00000000e+00 -1.32275773e-05 -3.03144402e-02 -7.82911234e-04
 -6.31996059e-03  1.88012037e-04  3.68736291e-03 -6.19603602e-01]","[ 0.         -0.61916763 10.56146622 -0.79692459 -4.64023829  0.06035525
  0.37174889 -1.73867857]"
1747093070.1537187,"[ 0.          0.15701622  0.42478714 -2.9007875  -2.20320334  1.14374952
  1.05099429  1.95503068]","[ 0.00000000e+00 -1.32374398e-05 -2.70097486e-02 -7.82948425e-04
 -7.55889642e-03  1.85991178e-04  4.37181040e-03 -6.40462678e-01]","[ 0.         -0.60618168 10.5006876  -0.79904532 -4.50153351  0.07895105
  0.36357012 -1.77794898]"
1747093070.1556342,"[ 0.          0.15701622  0.42476188 -2.90078803 -2.2032116   1.14374952
  1.05099901  1.95438473]","[ 0.00000000e+00 -1.85184257e-05 -2.56592596e-02 -7.72105601e-04
 -7.92839545e-03  1.85991178e-04  4.60532437e-03 -6.55256472e-01]","[ 0.         -0.5880214  10.44090748 -0.79511416 -4.48113537  0.06088237
  0.3569935  -1.87445712]"
1747093070.1577182,"[ 0.          0.15701622  0.42471231 -2.90078936 -2.20322997  1.14374952
  1.05100567  1.95304823]","[ 0.00000000e+00 -1.85325998e-05 -2.37685775e-02 -7.45377307e-04
 -9.31836320e-03  1.84011298e-04  4.30333595e-03 -6.83193897e-01]","[ 0.         -0.54508799 10.26104736 -0.78987855 -4.40906334  0.0210055
  0.37198344 -1.91092086]"
1747093070.1594362,"[ 0.          0.15701622  0.4246659  -2.90079069 -2.20325181  1.14374952
  1.05101426  1.95230813]","[ 0.00000000e+00 -1.85184257e-05 -2.37444946e-02 -7.36665533e-04
 -1.12845802e-02  1.81925436e-04  4.19009022e-03 -6.96885541e-01]","[ 0.00000000e+00 -5.57529688e-01  1.00139675e+01 -7.33453691e-01
 -4.35253620e+00 -7.24583748e-04  4.05490816e-01 -1.91675031e+00]"
1747093070.1612046,"[ 0.          0.15701622  0.42461587 -2.90079202 -2.20327764  1.14374952
  1.05101806  1.95090199]","[ 0.00000000e+00 -1.85184257e-05 -2.51190644e-02 -7.15996646e-04
 -1.35048743e-02  1.82071192e-04  4.13997182e-03 -7.14948032e-01]","[ 0.         -0.54133904  9.75515747 -0.71974504 -4.25478888 -0.02106181
  0.39482209 -1.87695682]"
1747093070.1629689,"[ 0.          0.15701622  0.42458924 -2.90079309 -2.2033088   1.14375046
  1.05102471  1.94942366]","[ 0.00000000e+00 -1.85184257e-05 -2.70097486e-02 -7.02104060e-04
 -1.55476447e-02  1.91436338e-04  3.77565424e-03 -7.26476257e-01]","[ 0.         -0.514238    9.61636162 -0.71268177 -4.19093657 -0.02824104
  0.41195518 -1.80948138]"
1747093070.1647663,"[ 0.          0.15701622  0.42452542 -2.90079389 -2.20334316  1.14375046
  1.0510333   1.94798063]","[ 0.00000000e+00 -1.85184257e-05 -3.23491306e-02 -6.86610067e-04
 -1.80965312e-02  1.89309077e-04  3.77518481e-03 -7.33381101e-01]","[ 0.         -0.46752504  9.35923004 -0.70861262 -4.08774614 -0.01530274
  0.41866508 -1.73145175]"
1747093070.1665478,"[ 0.          0.15701622  0.42449003 -2.90079442 -2.20336127  1.14375046
  1.05103803  1.94725758]","[ 0.00000000e+00 -1.85324169e-05 -3.59229638e-02 -6.62368019e-04
 -1.83666278e-02  1.89309077e-04  3.89385542e-03 -7.33314655e-01]","[ 0.00000000e+00 -4.38693970e-01  9.25123596e+00 -7.05442488e-01
 -4.06017828e+00 -2.71743187e-03  4.15515602e-01 -1.76336360e+00]"
1747093070.1683056,"[ 0.          0.15701622  0.42441473 -2.90079522 -2.20339935  1.14375046
  1.05104848  1.94575742]","[ 0.00000000e+00 -1.85186086e-05 -3.86239376e-02 -6.57544421e-04
 -1.90404741e-02  1.76216935e-04  4.23933113e-03 -7.30343566e-01]","[ 0.         -0.41203868  9.02667046 -0.70614868 -4.00358963 -0.01711385
  0.41585293 -1.6838764 ]"
1747093070.1700668,"[ 0.          0.15701622  0.42433624 -2.90079629 -2.20343797  1.14375046
  1.05106087  1.94431239]","[ 0.00000000e+00 -1.85324169e-05 -3.80837445e-02 -6.34438443e-04
 -2.02573099e-02  1.74574484e-04  5.13380424e-03 -7.33381101e-01]","[ 0.         -0.3550123   8.83658218 -0.71010542 -4.02195549 -0.01452609
  0.42940545 -1.70073426]"
1747093070.1718345,"[ 0.          0.15701667  0.42425954 -2.90079682 -2.20348004  1.14375046
  1.05107511  1.94279879]","[ 0.00000000e+00 -1.32274462e-05 -3.91244538e-02 -6.04540753e-04
 -2.10645514e-02  1.72694245e-04  6.09951223e-03 -7.41957745e-01]","[ 0.00000000e+00 -3.22641999e-01  8.61719322e+00 -6.64927661e-01
 -3.99548435e+00  1.61919033e-03  4.47092772e-01 -1.78286231e+00]"
1747093070.1736104,"[ 0.          0.15701667  0.42421683 -2.90079682 -2.20350135  1.14375139
  1.0510837   1.94206535]","[ 0.00000000e+00 -1.32274462e-05 -4.01229520e-02 -5.72745627e-04
 -2.16077989e-02  1.83489507e-04  7.02091603e-03 -7.43848456e-01]","[ 0.         -0.31756413  8.54169464 -0.65830255 -3.98179603  0.01035076
  0.4580704  -1.72053373]"
1747093070.1753087,"[ 0.          0.15701667  0.4241328  -2.90079762 -2.20354529  1.14375139
  1.05110274  1.94053763]","[ 0.00000000e+00 -1.85186086e-05 -4.29454991e-02 -5.51510883e-04
 -2.26881871e-02  1.81674497e-04  8.74470790e-03 -7.46286913e-01]","[ 0.         -0.29808071  8.44876003 -0.64572293 -3.99380946  0.030694
  0.4830704  -1.66084027]"
1747093070.1771133,"[ 0.          0.15701667  0.42404878 -2.90079842 -2.20359962  1.14375232
  1.05112458  1.93907063]","[ 0.00000000e+00 -1.85184257e-05 -4.18651087e-02 -5.09086974e-04
 -2.80901368e-02  1.90477103e-04  1.03577128e-02 -7.43094782e-01]","[ 0.         -0.23567092  8.37469292 -0.66787362 -3.96348596  0.04946551
  0.49678746 -1.61596668]"
1747093070.1794178,"[ 0.          0.15701667  0.42396612 -2.90079948 -2.20366434  1.14375232
  1.05114456  1.93755529]","[ 0.00000000e+00 -1.85184257e-05 -3.93942778e-02 -4.77269026e-04
 -3.28506684e-02  1.79757554e-04  1.02602349e-02 -7.39014619e-01]","[ 0.         -0.20694828  8.31690884 -0.67896152 -3.9687202   0.05458432
  0.5053044  -1.67973518]"
1747093070.1811883,"[ 0.          0.15701667  0.42388713 -2.90080028 -2.20373438  1.14375232
  1.05116646  1.93610546]","[ 0.00000000e+00 -1.85186086e-05 -3.99744266e-02 -4.68060249e-04
 -3.66960379e-02  1.79893264e-04  1.07088225e-02 -7.35205300e-01]","[ 0.         -0.15734036  8.28772259 -0.68782985 -3.90056181  0.04081825
  0.51912707 -1.8410002 ]"
1747093070.1823788,"[ 0.          0.15701667  0.42384305 -2.90080081 -2.20377033  1.14375325
  1.05117691  1.93538055]","[ 0.00000000e+00 -1.85324169e-05 -4.16275631e-02 -4.57902559e-04
 -3.64631611e-02  1.79895052e-04  1.07088225e-02 -7.35205300e-01]","[ 0.         -0.1389564   8.25972748 -0.69981962 -3.86128855  0.05849541
  0.52871722 -1.79473186]"
1747093070.1841466,"[ 0.          0.15701667  0.42375673 -2.90080188 -2.20384277  1.14375325
  1.05119595  1.93387746]","[ 0.00000000e+00 -1.85184257e-05 -4.42959881e-02 -4.62183642e-04
 -3.48568151e-02  1.79895052e-04  9.74006228e-03 -7.34460414e-01]","[ 0.         -0.15911131  8.23810291 -0.70739031 -3.77121758  0.05288214
  0.55394685 -1.96262383]"
1747093070.1864762,"[ 0.          0.15701667  0.42366212 -2.90080268 -2.20390722  1.14375325
  1.0512102   1.93243722]","[ 0.00000000e+00 -2.38273920e-05 -4.61413964e-02 -4.44743351e-04
 -3.21090342e-02  1.69311312e-04  7.81217344e-03 -7.29263188e-01]","[ 0.         -0.13663296  8.25426292 -0.74392712 -3.70481062  0.04124051
  0.56175768 -1.88202703]"
1747093070.1877189,"[ 0.          0.15701667  0.42357351 -2.90080401 -2.20397193  1.14375418
  1.05122452  1.93094745]","[ 0.00000000e+00 -1.85184257e-05 -4.42959881e-02 -4.57100880e-04
 -3.15968251e-02  1.69311312e-04  6.93440126e-03 -7.26562210e-01]","[ 0.         -0.11848578  8.27395821 -0.75600648 -3.74459052  0.04715722
  0.57576168 -1.75170624]"
1747093070.1894958,"[ 0.          0.15701667  0.42352667 -2.90080507 -2.20400256  1.14375418
  1.05123211  1.93023679]","[ 0.00000000e+00 -1.85186086e-05 -4.41352496e-02 -4.77506734e-04
 -3.10612093e-02  1.69312986e-04  7.19773276e-03 -7.20620099e-01]","[ 0.         -0.11365101  8.32367992 -0.75851697 -3.77450013  0.05395337
  0.5880056  -1.73348033]"
1747093070.1926653,"[ 0.          0.15701667  0.42343622 -2.9008072  -2.20406381  1.14375418
  1.05124922  1.92877751]","[ 0.00000000e+00 -1.85184257e-05 -4.64567646e-02 -5.13340522e-04
 -3.07911127e-02  1.58609611e-04  8.08022008e-03 -7.08671693e-01]","[ 0.         -0.12455941  8.36235046 -0.78785056 -3.81534195  0.06831615
  0.61526853 -1.72954941]"
1747093070.1935325,"[ 0.          0.15701667  0.42333842 -2.90080907 -2.20412213  1.14375525
  1.05127399  1.92739147]","[ 0.00000000e+00 -1.85184257e-05 -4.78967774e-02 -5.29883460e-04
 -2.78091130e-02  1.61374851e-04  1.13195311e-02 -7.02253409e-01]","[ 0.         -0.14487645  8.43245316 -0.80659729 -3.85933447  0.0841004
  0.62128282 -1.85853481]"
1747093070.1953425,"[ 0.          0.15701667  0.42324564 -2.90081093 -2.20417087  1.14375618
  1.05130155  1.92595216]","[ 0.00000000e+00 -1.85186086e-05 -4.64567646e-02 -5.55198867e-04
 -2.37685775e-02  1.69312986e-04  1.40379497e-02 -7.01399399e-01]","[ 0.         -0.16065034  8.57181263 -0.83040845 -3.92497301  0.11544939
  0.59553522 -1.9618535 ]"
1747093070.1970823,"[ 0.          0.15701667  0.42315795 -2.9008128  -2.20421215  1.14375711
  1.05132911  1.92456425]","[ 0.00000000e+00 -1.85184257e-05 -4.42511055e-02 -5.92462056e-04
 -1.94787555e-02  1.69311312e-04  1.35238649e-02 -7.02621191e-01]","[ 0.         -0.18118249  8.67970181 -0.85513347 -4.06312275  0.12039655
  0.6069231  -1.94509804]"
1747093070.1989489,"[ 0.          0.15701667  0.42306518 -2.90081519 -2.2042457   1.14375805
  1.05135102  1.92313147]","[ 0.00000000e+00 -1.85184257e-05 -4.61866702e-02 -6.71822436e-04
 -1.69989000e-02  1.69311312e-04  1.10739970e-02 -6.97888621e-01]","[ 0.         -0.18278147  8.78506374 -0.87481147 -4.20849371  0.12780505
  0.59421706 -1.8831929 ]"
1747093070.2007582,"[ 0.          0.15701667  0.42301787 -2.90081653 -2.20426435  1.14375898
  1.05135861  1.92243998]","[ 0.00000000e+00 -1.85186086e-05 -4.80773522e-02 -7.53024468e-04
 -1.53686127e-02  1.79893264e-04  8.84252706e-03 -7.01173031e-01]","[ 0.         -0.2010552   8.84713173 -0.86646461 -4.30499554  0.14497852
  0.57319355 -1.80178761]"
1747093070.2025092,"[ 0.          0.15701667  0.42292007 -2.90081866 -2.20429337  1.14375991
  1.05136906  1.92106153]","[ 0.00000000e+00 -1.85186086e-05 -4.78967774e-02 -8.74497318e-04
 -1.45852636e-02  1.90477103e-04  5.26690092e-03 -6.96685072e-01]","[ 0.         -0.25425455  8.95738029 -0.8665095  -4.4551506   0.17423186
  0.59324026 -1.83650172]"
1747093070.204314,"[ 0.          0.15701622  0.42282915 -2.90082105 -2.204324    1.14376084
  1.05137292  1.9196402 ]","[ 0.00000000e+00 -1.85184257e-05 -4.51062798e-02 -1.01776856e-03
 -1.50461080e-02  1.98561611e-04  1.81963173e-03 -6.91619406e-01]","[ 0.         -0.26113427  9.11682892 -0.88706982 -4.57213497  0.23248516
  0.59830374 -1.83740354]"
1747093070.2065787,"[ 0.          0.15701622  0.42273411 -2.90082425 -2.20435569  1.14376191
  1.05137292  1.91828172]","[ 0.00000000e+00 -1.85186086e-05 -4.71001219e-02 -1.13469349e-03
 -1.62058481e-02  2.08993647e-04  0.00000000e+00 -6.90909341e-01]","[ 0.         -0.32878506  9.19098091 -0.86964279 -4.67049122  0.25166529
  0.56972629 -1.89691675]"
1747093070.2078164,"[ 0.          0.15701622  0.42263584 -2.90082691 -2.20439244  1.14376284
  1.05137192  1.91686053]","[ 0.00000000e+00 -2.38096379e-05 -5.02381288e-02 -1.18198059e-03
 -1.80383432e-02  2.06348155e-04 -2.64991160e-04 -6.96685072e-01]","[ 0.         -0.34971485  9.22403908 -0.85838032 -4.73152399  0.26201749
  0.56867319 -1.96912754]"
1747093070.2095654,"[ 0.          0.15701622  0.42258488 -2.90082851 -2.20441135  1.14376284
  1.05137292  1.91616984]","[ 0.00000000e+00 -2.38094022e-05 -5.15886178e-02 -1.25244864e-03
 -1.91769216e-02  2.06348155e-04  0.00000000e+00 -7.00632875e-01]","[ 0.         -0.37478459  9.22970772 -0.8676669  -4.75419807  0.24695668
  0.57539624 -1.90875554]"
1747093070.2113822,"[ 0.          0.15701622  0.42247835 -2.90083117 -2.20445183  1.14376377
  1.05137385  1.91472015]","[ 0.00000000e+00 -1.85184257e-05 -5.21817371e-02 -1.33918954e-03
 -2.05274085e-02  2.16930124e-04  1.52638548e-04 -7.06665534e-01]","[ 0.         -0.40136591  9.31243706 -0.87896472 -4.76802063  0.25885934
  0.56892729 -1.80612373]"
1747093070.2131433,"[ 0.          0.15701622  0.42237412 -2.90083357 -2.20449498  1.1437647
  1.05137572  1.91331879]","[ 0.00000000e+00 -1.85464284e-05 -5.34792999e-02 -1.30627154e-03
 -2.13153193e-02  2.27514320e-04  2.95021748e-04 -7.11976943e-01]","[ 0.         -0.45175824  9.39609909 -0.8603605  -4.69358349  0.26659879
  0.57045656 -1.63278151]"
1747093070.2155056,"[ 0.          0.15701622  0.42225884 -2.9008357  -2.20453492  1.1437647
  1.05137765  1.91186337]","[ 0.00000000e+00 -1.85606472e-05 -5.71752099e-02 -1.30627154e-03
 -1.99872133e-02  2.27512077e-04  4.78698850e-04 -7.11512487e-01]","[ 0.         -0.47198555  9.42111588 -0.85932946 -4.62491894  0.2286256
  0.56795001 -1.5610888 ]"
1747093070.218292,"[ 0.          0.15701622  0.42214772 -2.9008381  -2.20457247  1.1437647
  1.05137958  1.91046109]","[ 0.00000000e+00 -1.85464284e-05 -5.59669420e-02 -1.30617141e-03
 -1.75372799e-02  2.16930124e-04  5.51973360e-04 -7.10896565e-01]","[ 0.         -0.51788563  9.46347523 -0.84766072 -4.58127308  0.20090526
  0.56688863 -1.65650821]"
1747093070.2206745,"[ 0.          0.15701575  0.42198563 -2.90084129 -2.20460523  1.14376564
  1.05138337  1.90830832]","[ 0.00000000e+00 -1.85466133e-05 -5.19090710e-02 -1.20421903e-03
 -1.64592531e-02  2.17096165e-04  6.91499855e-04 -7.10092623e-01]","[ 0.         -0.57255965  9.49892616 -0.90101033 -4.51502323  0.17495377
  0.5905093  -1.84133613]"
1747093070.2224,"[ 0.          0.15701575  0.42188553 -2.90084396 -2.20463586  1.14376564
  1.05138624  1.90690417]","[ 0.00000000e+00 -1.85464284e-05 -4.96475811e-02 -1.20148253e-03
 -1.45445703e-02  2.16930124e-04  7.80116280e-04 -7.13057321e-01]","[ 0.         -0.59509778  9.46307659 -0.8917768  -4.45329189  0.17940705
  0.59972489 -1.80473804]"
1747093070.2247694,"[ 0.          0.15701575  0.42178862 -2.90084635 -2.20466169  1.14376564
  1.05139003  1.90544396]","[ 0.00000000e+00 -1.85464284e-05 -4.56002254e-02 -1.17020534e-03
 -1.26945815e-02  2.06506101e-04  8.95133175e-04 -7.11179326e-01]","[ 0.         -0.61679959  9.42896271 -0.89221448 -4.41199875  0.15602498
  0.62761837 -1.81649244]"
1747093070.226584,"[ 0.          0.15701575  0.42170966 -2.90084902 -2.20468726  1.14376657
  1.05139569  1.90404167]","[ 0.00000000e+00 -1.85464284e-05 -3.80837445e-02 -1.20148253e-03
 -1.25384225e-02  2.06350203e-04  1.08602526e-03 -7.09275965e-01]","[ 0.         -0.65257502  9.37626648 -0.90893501 -4.3151412   0.16516253
  0.62594771 -1.77110147]"
1747093070.228368,"[ 0.          0.1570153   0.42163573 -2.90085221 -2.20471176  1.14376657
  1.05140049  1.90261182]","[ 0.00000000e+00 -1.85464284e-05 -3.53827707e-02 -1.25109937e-03
 -1.26945815e-02  2.06814517e-04  1.20097460e-03 -6.95130185e-01]","[ 0.         -0.73147094  9.25762844 -0.96759182 -4.24601507  0.15510745
  0.63766581 -1.7642225 ]"
1747093070.2301083,"[ 0.          0.1570153   0.42157008 -2.90085594 -2.20473679  1.14376657
  1.05140901  1.9012572 ]","[ 0.00000000e+00 -1.85464284e-05 -3.29518914e-02 -1.35185841e-03
 -1.18842887e-02  1.98711722e-04  1.44241304e-03 -6.83076518e-01]","[ 0.         -0.80087352  9.15112019 -1.00930023 -4.15142155  0.15063013
  0.66436154 -1.90233123]"
1747093070.2325292,"[ 0.          0.15701483  0.4215044  -2.90086047 -2.20475996  1.14376657
  1.05141953  1.89987023]","[ 0.00000000e+00 -2.38454062e-05 -3.15968251e-02 -1.61112234e-03
 -1.16024244e-02  1.98862094e-04  2.23403923e-03 -6.76437923e-01]","[ 0.         -0.83579683  9.00243664 -1.07902467 -4.06672239  0.12792225
  0.71561939 -1.98040402]"
1747093070.2342618,"[ 0.          0.15701437  0.42144837 -2.90086553 -2.20478233  1.14376657
  1.05143377  1.89854597]","[ 0.00000000e+00 -2.38454062e-05 -2.75499417e-02 -1.94391319e-03
 -1.07830435e-02  1.90761348e-04  4.13601557e-03 -6.68761362e-01]","[ 0.         -0.89426118  8.86664867 -1.15220428 -4.006073    0.13299546
  0.72825956 -1.93051219]"
1747093070.2365878,"[ 0.          0.15701392  0.42139924 -2.90087192 -2.20480177  1.14376657
  1.05145282  1.8971827 ]","[ 0.00000000e+00 -2.64948971e-05 -2.27984628e-02 -2.52915363e-03
 -9.99360666e-03  1.90907607e-04  7.28780950e-03 -6.63784113e-01]","[ 0.         -0.96647775  8.64990902 -1.23746908 -3.96648812  0.13792585
  0.75646961 -1.97105873]"
1747093070.2383678,"[ 0.          0.15701345  0.42135976 -2.90088018 -2.20481908  1.14376657
  1.05148517  1.89588614]","[ 0.00000000e+00 -3.17941919e-05 -1.91769216e-02 -3.45657894e-03
 -8.36453802e-03  1.90763250e-04  1.41321340e-02 -6.56066738e-01]","[ 0.         -1.03068769  8.4460783  -1.28285682 -3.95726347  0.13799882
  0.77953297 -1.85762429]"
1747093070.240134,"[ 0.          0.157013    0.4213244  -2.90088497 -2.20483293  1.1437675
  1.05152985  1.89459717]","[ 0.00000000e+00 -3.71209245e-05 -1.67856817e-02 -3.88277938e-03
 -6.48233955e-03  1.88254231e-04  2.50936146e-02 -6.50545207e-01]","[ 0.         -1.11422884  8.17282963 -1.30665576 -4.01106644  0.13559124
  0.82491994 -1.76700604]"
1747093070.2418487,"[ 0.          0.15701207  0.42129178 -2.90089855 -2.20484491  1.14376857
  1.0515917   1.89328143]","[ 0.00000000e+00 -4.23918346e-05 -1.67290760e-02 -6.05662909e-03
 -5.85167232e-03  1.98711722e-04  3.23491306e-02 -6.39590826e-01]","[ 0.         -1.18257213  7.94907093 -1.4160881  -4.04905844  0.12474482
  0.84923387 -1.8789196 ]"
1747093070.2435944,"[ 0.          0.15701162  0.42127344 -2.90090734 -2.20484944  1.14376857
  1.05162692  1.89265745]","[ 0.00000000e+00 -4.50754075e-05 -1.73193324e-02 -8.10292405e-03
 -4.86175453e-03  1.98711722e-04  3.56528652e-02 -6.32838381e-01]","[ 0.         -1.21237338  7.88336229 -1.45433319 -4.07629728  0.13166276
  0.86478478 -1.82846689]"
1747093070.2452998,"[ 0.          0.15701071  0.42123256 -2.90092891 -2.2048553   1.14376857
  1.05171247  1.89137794]","[ 0.00000000e+00 -5.56392812e-05 -2.18778954e-02 -1.12845802e-02
 -2.96956636e-03  1.98711722e-04  4.38844797e-02 -6.25005558e-01]","[ 0.         -1.29894686  7.71824121 -1.52820945 -4.15839195  0.16896215
  0.87669986 -1.9513303 ]"
1747093070.2475693,"[ 0.          0.15700977  0.42117746 -2.90095927 -2.2048577   1.1437695
  1.05181334  1.89014782]","[ 0.00000000e+00 -6.36358718e-05 -2.85876049e-02 -1.61894291e-02
 -1.17033446e-03  2.06816581e-04  5.29391068e-02 -6.22304580e-01]","[ 0.         -1.35433257  7.65724134 -1.59917212 -4.23332596  0.18939956
  0.89717275 -1.99751997]"
1747093070.249239,"[ 0.          0.15700886  0.42111361 -2.90100321 -2.20485823  1.14377043
  1.05192846  1.88886738]","[ 0.00000000e+00 -7.41857136e-05 -3.34920866e-02 -2.33214660e-02
 -2.70097476e-04  2.17422558e-04  5.99616379e-02 -6.26085936e-01]","[ 0.         -1.38029468  7.61136103 -1.66301382 -4.34518385  0.188007
  0.9021349  -1.98928916]"
1747093070.251587,"[ 0.          0.15700794  0.42104337 -2.90106207 -2.20485823  1.14377043
  1.05205975  1.88764405]","[ 0.00000000e+00 -8.21963279e-05 -3.59229638e-02 -3.21090342e-02
  0.00000000e+00  2.06816581e-04  6.55671883e-02 -6.18523224e-01]","[ 0.         -1.37940967  7.6655302  -1.66719079 -4.49812889  0.17337044
  0.89759493 -1.93631983]"
1747093070.2533562,"[ 0.          0.15700749  0.4209676  -2.90114436 -2.20486009  1.14377136
  1.0521977   1.88637692]","[ 0.00000000e+00 -8.74331602e-05 -3.78136459e-02 -4.28814084e-02
 -3.66754408e-04  2.17258159e-04  7.13057304e-02 -6.19515452e-01]","[ 0.         -1.37171686  7.67452383 -1.65506685 -4.61752176  0.18974392
  0.91181481 -1.85474825]"
1747093070.2558396,"[ 0.          0.15700703  0.42088588 -2.9012413  -2.20486169  1.14377323
  1.05235463  1.88516012]","[ 0.00000000e+00 -9.01508150e-05 -4.06244918e-02 -5.18587164e-02
 -4.90731286e-04  2.35983023e-04  7.80581670e-02 -6.17442847e-01]","[ 0.         -1.32911587  7.70661497 -1.66067743 -4.75660419  0.23035762
  0.89233768 -1.84691823]"
1747093070.2574413,"[ 0.          0.15700656  0.42079863 -2.90135954 -2.20486409  1.14377416
  1.05251728  1.88390151]","[ 0.00000000e+00 -9.53806739e-05 -4.48361812e-02 -6.05018351e-02
 -6.49047793e-04  2.43753052e-04  8.40003119e-02 -6.14741869e-01]","[ 0.         -1.249511    7.78318644 -1.61770332 -4.84250259  0.24706824
  0.88246047 -1.80470872]"
1747093070.2591124,"[ 0.          0.15700656  0.42070402 -2.90149297 -2.20486675  1.14377522
  1.05269618  1.88270296]","[ 0.00000000e+00 -9.54547545e-05 -4.61413964e-02 -7.10356359e-02
 -7.69421764e-04  2.54543487e-04  8.77816761e-02 -6.06638935e-01]","[ 0.         -1.17961919  7.89517641 -1.56643546 -4.89950037  0.24835797
  0.89153188 -1.82853556]"
1747093070.2615054,"[ 0.          0.15700611  0.4206154  -2.90165276 -2.20486915  1.14377522
  1.05286456  1.8814538 ]","[ 0.00000000e+00 -1.00680607e-04 -4.37557908e-02 -8.04966738e-02
 -8.36830233e-04  2.54543487e-04  8.40003119e-02 -6.10119686e-01]","[ 0.         -1.05213511  8.08323193 -1.43981445 -4.93980694  0.20559663
  0.88562715 -1.87401998]"
1747093070.2632422,"[ 0.          0.15700611  0.42052678 -2.90182107 -2.20487048  1.14377522
  1.05303766  1.88023714]","[ 0.00000000e+00 -1.00756792e-04 -4.31321742e-02 -8.80517789e-02
 -8.11509072e-04  2.46402543e-04  8.40003119e-02 -6.18523224e-01]","[ 0.         -0.93317026  8.17656612 -1.29806924 -4.97579765  0.17641392
  0.86718678 -1.81389332]"
1747093070.2655864,"[ 0.          0.15700611  0.42043677 -2.90200989 -2.20487101  1.14377522
  1.05321177  1.87900423]","[ 0.00000000e+00 -1.00756792e-04 -4.64567646e-02 -9.84152955e-02
 -7.94825174e-04  2.46402543e-04  8.49305374e-02 -6.26721566e-01]","[ 0.         -0.77880156  8.3078289  -1.13203061 -4.94655323  0.13748176
  0.85545063 -1.76940036]"
1747093070.2673345,"[ 0.          0.15700656  0.42033897 -2.902228   -2.20487155  1.14377522
  1.05338587  1.87771805]","[ 0.00000000e+00 -9.54538036e-05 -5.02891367e-02 -1.09389475e-01
 -7.80116280e-04  2.46589000e-04  8.96723623e-02 -6.28246759e-01]","[ 0.         -0.62434042  8.44944668 -0.98373282 -4.8561964   0.13542508
  0.82108426 -1.72279334]"
1747093070.2696826,"[ 0.          0.15700656  0.42023107 -2.90246689 -2.20487155  1.14377522
  1.05356663  1.87648421]","[ 0.00000000e+00 -9.54538036e-05 -5.34792999e-02 -1.18111943e-01
 -7.37554337e-04  2.46402543e-04  9.26434348e-02 -6.25275669e-01]","[ 0.         -0.42617324  8.69132805 -0.80786693 -4.76133013  0.10082617
  0.77474302 -1.70617795]"
1747093070.271407,"[ 0.          0.15700656  0.42011626 -2.90270657 -2.20487155  1.14377522
  1.05376258  1.87520856]","[ 0.00000000e+00 -1.00756792e-04 -5.99616379e-02 -1.22624254e-01
 -6.34261527e-04  2.46400089e-04  9.64247990e-02 -6.21854906e-01]","[ 0.         -0.26558241  8.86318493 -0.63954335 -4.70606947  0.09895194
  0.7298044  -1.729707  ]"
1747093070.2737558,"[ 0.          0.15700703  0.41998263 -2.90295158 -2.20487155  1.14377522
  1.05396138  1.87399176]","[ 0.00000000e+00 -9.54538036e-05 -6.67140745e-02 -1.24785034e-01
 -5.43472278e-04  2.38454070e-04  1.01286549e-01 -6.14741869e-01]","[ 0.         -0.10195035  9.09187222 -0.43471223 -4.66798496  0.05531746
  0.68213701 -1.88202214]"
1747093070.2754447,"[ 0.          0.15700703  0.41984854 -2.90321017 -2.20487181  1.14377522
  1.05418302  1.87273608]","[ 0.00000000e+00 -9.54538036e-05 -6.86047607e-02 -1.26135523e-01
 -4.25964749e-04  2.38634513e-04  1.09119380e-01 -6.11960397e-01]","[ 0.          0.05897702  9.32865429 -0.28755951 -4.69620705  0.05116681
  0.6001218  -1.98824835]"
1747093070.2772284,"[ 0.          0.15700703  0.41971172 -2.90345998 -2.20487288  1.14377522
  1.0544066   1.87153845]","[ 0.00000000e+00 -9.54538036e-05 -6.64439800e-02 -1.26675712e-01
 -3.37834110e-04  2.27856106e-04  1.08331975e-01 -6.07103590e-01]","[ 0.          0.26215619  9.59036827 -0.14182585 -4.75671721  0.04731135
  0.54284316 -2.00106764]"
1747093070.2795882,"[ 0.          0.15700749  0.4195813  -2.90371112 -2.20487341  1.14377522
  1.05462258  1.87030075]","[ 0.00000000e+00 -9.01508150e-05 -6.52973643e-02 -1.21003670e-01
 -2.35015042e-04  2.28028536e-04  1.09119380e-01 -6.01658557e-01]","[ 0.          0.36873573  9.77275562 -0.0142166  -4.78557539  0.06155954
  0.49788302 -1.97142804]"
1747093070.2812982,"[ 0.          0.15700749  0.41945596 -2.90394388 -2.20487368  1.14377522
  1.0548347   1.8691259 ]","[ 0.00000000e+00 -9.01508150e-05 -5.96828923e-02 -1.16412014e-01
 -1.77003221e-04  2.28028536e-04  1.06958600e-01 -5.93404156e-01]","[ 0.          0.47835851  9.93679428  0.11270598 -4.79630375  0.05706266
  0.47771344 -1.89342821]"
1747093070.284048,"[ 0.          0.15700749  0.41934391 -2.9041769  -2.20487474  1.14377522
  1.0550373   1.86792055]","[ 0.00000000e+00 -9.01508150e-05 -5.64503723e-02 -1.12739648e-01
 -2.05649514e-04  2.17258159e-04  9.56145072e-02 -5.85244031e-01]","[ 0.          0.54849088  9.99237347  0.17948861 -4.86266518  0.06859012
  0.47634634 -1.82181978]"
1747093070.2881382,"[ 0.          0.15700794  0.41913681 -2.90462405 -2.20487687  1.14377522
  1.05537126  1.86564501]","[ 0.00000000e+00 -8.73671094e-05 -4.69969619e-02 -1.11591967e-01
 -2.64500660e-04  2.09468071e-04  7.72478753e-02 -5.54780231e-01]","[ 0.          0.65506941 10.07729435  0.25886312 -4.94950247  0.11325038
  0.46021354 -1.82638025]"
1747093070.2915847,"[ 0.          0.15700841  0.41897519 -2.90506587 -2.20487874  1.14377522
  1.05563857  1.86345323]","[ 0.00000000e+00 -8.20729389e-05 -3.77753338e-02 -1.06827364e-01
 -2.86361403e-04  2.09468071e-04  6.07103565e-02 -5.41275341e-01]","[ 0.          0.7043435   9.89923954  0.27910993 -4.90183878  0.09545938
  0.48240614 -2.00229907]"
1747093070.2947156,"[ 0.          0.15700841  0.41886451 -2.90537026 -2.2048798   1.14377522
  1.05579743  1.86185693]","[ 0.00000000e+00 -8.20101635e-05 -3.53827707e-02 -1.01556652e-01
 -3.03991451e-04  1.90763250e-04  4.83474467e-02 -5.39384663e-01]","[ 0.          0.69735718  9.61312103  0.23478094 -4.91462231  0.10251097
  0.50447255 -1.95034564]"
1747093070.2971182,"[ 0.          0.15700841  0.41879886 -2.90557133 -2.20488007  1.14377522
  1.05588492  1.86077156]","[ 0.00000000e+00 -8.20729389e-05 -3.15968251e-02 -9.77996975e-02
 -3.02793224e-04  1.80301630e-04  4.42959881e-02 -5.28850862e-01]","[ 0.          0.66765511  9.32262135  0.2116684  -4.93729782  0.10510235
  0.55171061 -1.9279567 ]"
1747093070.299526,"[ 0.          0.15700841  0.4187139  -2.90585656 -2.20488113  1.14377522
  1.05601714  1.85918005]","[ 0.00000000e+00 -8.20721262e-05 -2.80901368e-02 -9.45341127e-02
 -3.29123896e-04  1.69567338e-04  4.53763743e-02 -5.22099949e-01]","[ 0.          0.52083272  8.83948612  0.09600472 -4.91427898  0.09203497
  0.53760016 -1.83398628]"
1747093070.302475,"[ 0.          0.15700841  0.41862482 -2.90613246 -2.20488167  1.14377522
  1.05617507  1.85765606]","[ 0.00000000e+00 -8.20109762e-05 -3.13313079e-02 -8.82323828e-02
 -3.24577829e-04  1.53438374e-04  5.69905654e-02 -5.12104805e-01]","[ 0.          0.46442446  8.32765484 -0.04751704 -4.86869764  0.11946756
  0.56634873 -1.85804689]"
1747093070.3054185,"[ 0.          0.15700841  0.4185146  -2.90638493 -2.20488193  1.14377522
  1.05637487  1.85611489]","[ 0.00000000e+00 -7.67771511e-05 -3.91244538e-02 -8.12993422e-02
 -3.23672543e-04  1.32374402e-04  7.07167057e-02 -5.14265594e-01]","[ 0.          0.38688859  7.94269991 -0.17351916 -4.77781105  0.10265753
  0.61482233 -1.88164496]"
1747093070.3078408,"[ 0.          0.15700841  0.41843287 -2.90654445 -2.20488247  1.14377522
  1.05653466  1.85501048]","[ 0.00000000e+00 -7.67191870e-05 -4.24053018e-02 -8.10292395e-02
 -3.21337043e-04  1.21692507e-04  8.40003119e-02 -5.47757675e-01]","[ 0.          0.28491628  7.76272535 -0.23981428 -4.77659798  0.09579351
  0.63050979 -1.96759355]"
1747093070.3119776,"[ 0.          0.15700841  0.41830018 -2.90680145 -2.2048838   1.14377616
  1.05681722  1.85322296]","[ 0.00000000e+00 -7.67191870e-05 -4.50605775e-02 -8.80517789e-02
 -3.40460926e-04  1.21692507e-04  9.83154852e-02 -6.12627319e-01]","[ 0.          0.10906056  7.46307182 -0.39628202 -4.83728266  0.11292179
  0.63954508 -1.83295035]"
1747093070.3143206,"[ 0.          0.15700794  0.41808437 -2.90718627 -2.20488619  1.14377616
  1.05727762  1.85055834]","[ 0.00000000e+00 -8.20101635e-05 -5.91513461e-02 -1.01453754e-01
 -3.66667608e-04  1.13757160e-04  1.21543868e-01 -6.89613247e-01]","[ 0.         -0.02046384  7.26075411 -0.51030749 -4.88470602  0.17836224
  0.64455849 -1.55447853]"
1747093070.3166394,"[ 0.          0.15700794  0.41796176 -2.90740119 -2.20488699  1.14377709
  1.05754779  1.84903714]","[ 0.00000000e+00 -8.20101635e-05 -6.32028089e-02 -1.06325824e-01
 -3.68509649e-04  1.21692507e-04  1.28711649e-01 -7.25481833e-01]","[ 0.         -0.0308665   7.27671003 -0.53394216 -4.90804625  0.18275926
  0.64205581 -1.45955145]"
1747093070.3183975,"[ 0.          0.15700794  0.41781848 -2.90761984 -2.20488806  1.14377709
  1.0578199   1.84750742]","[ 0.00000000e+00 -8.20101635e-05 -7.26562194e-02 -1.12630650e-01
 -3.71853035e-04  1.21785654e-04  1.33832608e-01 -7.53308470e-01]","[ 0.00000000e+00  4.57013201e-04  7.33254576e+00 -5.06516576e-01
 -4.96238613e+00  1.65059745e-01  6.60841286e-01 -1.58569133e+00]"
1747093070.3207977,"[ 0.          0.15700841  0.4176564  -2.9078526  -2.20488886  1.14377709
  1.05809294  1.84598915]","[ 0.00000000e+00 -7.67779151e-05 -8.07474437e-02 -1.14601190e-01
 -3.70183390e-04  1.21692507e-04  1.39910499e-01 -7.73829258e-01]","[ 0.          0.05544342  7.5117135  -0.4758184  -4.99208546  0.16701703
  0.63994735 -1.73016608]"
1747093070.3232088,"[ 0.          0.15700841  0.4173997  -2.90820334 -2.20489179  1.14377709
  1.05853529  1.84358618]","[ 0.00000000e+00 -7.40744343e-05 -8.98513268e-02 -1.14601190e-01
 -4.15488533e-04  1.13757160e-04  1.49634000e-01 -7.97059547e-01]","[ 0.          0.1018896   7.79679203 -0.35943204 -5.08611441  0.16486587
  0.60012865 -1.7992326 ]"
1747093070.325389,"[ 0.          0.15700841  0.41721145 -2.90842757 -2.20489338  1.14377802
  1.05885301  1.84201465]","[ 0.00000000e+00 -7.41296676e-05 -9.17812530e-02 -1.12630650e-01
 -4.30546381e-04  1.21692507e-04  1.57196729e-01 -7.96787571e-01]","[ 0.          0.14924553  8.02365494 -0.29150954 -5.1361742   0.16859801
  0.60107595 -1.71111047]"
1747093070.3271964,"[ 0.          0.15700841  0.41701398 -2.9086393  -2.20489578  1.14377802
  1.05916979  1.84039838]","[ 0.00000000e+00 -7.40737029e-05 -9.37238210e-02 -1.06040758e-01
 -4.52752730e-04  1.13756038e-04  1.63138873e-01 -7.83282681e-01]","[ 0.          0.20906805  8.22779274 -0.25225604 -5.18556213  0.18610458
  0.59980518 -1.70841336]"
1747093070.3295677,"[ 0.          0.15700841  0.41682343 -2.90884409 -2.20489844  1.14377895
  1.05950562  1.83888011]","[ 0.00000000e+00 -6.88353671e-05 -9.26434348e-02 -9.77752879e-02
 -5.15175119e-04  1.21692507e-04  1.62846159e-01 -7.65220324e-01]","[ 0.          0.24004704  8.47988415 -0.1973314  -5.25527382  0.2184684
  0.59726387 -1.71390867]"
1747093070.3314044,"[ 0.          0.15700886  0.41663973 -2.90902865 -2.20490137  1.14377895
  1.05966254  1.83734653]","[ 0.00000000e+00 -6.34917418e-05 -9.30892147e-02 -9.26434348e-02
 -6.76532447e-04  1.21692507e-04  1.59087406e-01 -7.44928834e-01]","[ 0.          0.27734807  8.71732616 -0.15047558 -5.30815506  0.2181887
  0.60991728 -1.86263716]"
1747093070.333173,"[ 0.          0.15700886  0.41645285 -2.90921081 -2.20490457  1.14377988
  1.05995935  1.8359015 ]","[ 0.00000000e+00 -5.82447383e-05 -8.99424568e-02 -8.74229150e-02
 -9.34442499e-04  1.32274460e-04  1.47473228e-01 -7.28452922e-01]","[ 0.          0.29538998  9.00400066 -0.09811494 -5.36229467  0.22003964
  0.60295767 -1.91158855]"
1747093070.335596,"[ 0.          0.15700886  0.41627791 -2.90937939 -2.20490963  1.14377988
  1.06024384  1.83513664]","[ 0.00000000e+00 -5.55558217e-05 -8.80517789e-02 -8.50807064e-02
 -1.37603713e-03  1.32274460e-04  1.35048741e-01 -7.20207043e-01]","[ 0.          0.30780071  9.21452713 -0.08248004 -5.36072493  0.22593172
  0.60802263 -1.83098924]"
1747093070.3373702,"[ 0.          0.15700886  0.41610617 -2.9095493  -2.20491602  1.14377988
  1.06048167  1.83374114]","[ 0.00000000e+00 -5.03022715e-05 -8.17505150e-02 -8.17505150e-02
 -2.02137464e-03  1.32274460e-04  1.16682109e-01 -7.02253409e-01]","[ 0.          0.2989561   9.35149765 -0.09426479 -5.35197401  0.2337856
  0.60369819 -1.82155907]"
1747093070.3396628,"[ 0.          0.15700886  0.41595234 -2.90970722 -2.20492241  1.14378082
  1.06070237  1.83232088]","[ 0.00000000e+00 -4.49733161e-05 -7.72478753e-02 -7.98678516e-02
 -2.79299774e-03  1.42856421e-04  1.05338016e-01 -6.91719608e-01]","[ 0.          0.2603173   9.41039276 -0.10959812 -5.32359362  0.24527074
  0.58610994 -1.72722566]"
1747093070.3413956,"[ 0.          0.15700886  0.41587704 -2.9098734  -2.20492827  1.14378082
  1.06089832  1.83097478]","[ 0.00000000e+00 -4.22963142e-05 -7.64375836e-02 -8.12489835e-02
 -3.08494807e-03  1.32275769e-04  9.74063985e-02 -6.80105429e-01]","[ 0.          0.2180163   9.46081638 -0.12247601 -5.28298378  0.25519657
  0.5834859  -1.66906619]"
1747093070.3432994,"[ 0.          0.15700886  0.41572594 -2.91003479 -2.20493386  1.14378188
  1.06108667  1.82960858]","[ 0.00000000e+00 -3.17458709e-05 -7.31222559e-02 -8.21096340e-02
 -2.88164199e-03  1.32274460e-04  8.95815069e-02 -6.62819183e-01]","[ 0.          0.18184866  9.46706676 -0.1213067  -5.23054552  0.25291857
  0.59169799 -1.78525138]"
1747093070.3456795,"[ 0.          0.15700841  0.41557856 -2.91020736 -2.20493892  1.14378188
  1.06125411  1.82831482]","[ 0.00000000e+00 -2.64751417e-05 -7.17197770e-02 -8.52643231e-02
 -2.76636794e-03  1.32274460e-04  8.40003119e-02 -6.55256472e-01]","[ 0.          0.12634782  9.41778183 -0.14618671 -5.1597023   0.22166686
  0.58839107 -1.85310292]"
1747093070.3485627,"[ 0.          0.15700886  0.41543852 -2.91037168 -2.20494398  1.14378188
  1.06142343  1.82697258]","[ 0.00000000e+00 -1.32275773e-05 -7.02253442e-02 -8.23797284e-02
 -2.44668302e-03  1.21693710e-04  8.29199257e-02 -6.55256472e-01]","[ 0.          0.05030839  9.38636875 -0.17479132 -5.09515572  0.21559103
  0.58069128 -1.86861253]"
1747093070.3508828,"[ 0.          0.15700841  0.41523875 -2.91061776 -2.20495091  1.14378281
  1.06167363  1.8249844 ]","[ 0.00000000e+00 -5.29097849e-06 -6.48233924e-02 -7.99488533e-02
 -2.32571335e-03  1.21692507e-04  7.97443724e-02 -6.53001041e-01]","[ 0.         -0.07879104  9.229702   -0.2883625  -5.02298784  0.21120928
  0.56501871 -1.81550133]"
1747093070.3532655,"[ 0.          0.15700841  0.4150459  -2.91085078 -2.2049565   1.14378281
  1.06189241  1.82304655]","[ 0.00000000e+00  7.93646773e-06 -6.26921145e-02 -7.58973946e-02
 -2.08857953e-03  1.13757160e-04  7.04954387e-02 -6.56066738e-01]","[ 0.         -0.22065732  9.05583191 -0.36562428 -5.0049839   0.22523929
  0.61976886 -1.69051957]"
1747093070.3556225,"[ 0.          0.15700841  0.41492329 -2.91099992 -2.2049605   1.14378375
  1.06202943  1.82169859]","[ 0.00000000e+00  1.32275773e-05 -6.23925172e-02 -7.53571974e-02
 -1.97466217e-03  1.13843115e-04  6.45532979e-02 -6.57290794e-01]","[ 0.         -0.28990522  8.88402367 -0.44653964 -4.97644329  0.23720659
  0.65567142 -1.73605406]"
1747093070.357473,"[ 0.          0.15700794  0.4147892  -2.91115199 -2.20496422  1.14378468
  1.0621512   1.8204019 ]","[ 0.00000000e+00  1.32274462e-05 -6.68921942e-02 -7.37366139e-02
 -1.91050924e-03  1.13756038e-04  6.07719338e-02 -6.56066738e-01]","[ 0.         -0.38160431  8.68981075 -0.51980811 -4.92322922  0.23589683
  0.67341399 -1.64759886]"
1747093070.3597665,"[ 0.          0.15700794  0.41458764 -2.91137276 -2.20497062  1.14378561
  1.06233576  1.81839654]","[ 0.00000000e+00  1.32273141e-05 -6.88748552e-02 -7.50870946e-02
 -1.98718644e-03  1.03174077e-04  6.18523200e-02 -6.64709895e-01]","[ 0.         -0.54924631  8.50669956 -0.62214041 -4.94278145  0.2482568
  0.67286742 -1.75436354]"
1747093070.3626704,"[ 0.          0.15700794  0.41444206 -2.91152057 -2.20497674  1.14378561
  1.06246033  1.81701143]","[ 0.00000000e+00  1.85324169e-05 -7.17197770e-02 -7.21160221e-02
 -2.25214457e-03  1.03174077e-04  6.37430062e-02 -6.78077898e-01]","[ 0.         -0.64734781  8.41028118 -0.72315335 -4.9702034   0.25432134
  0.67930055 -1.68580186]"
1747093070.3643858,"[ 0.          0.15700749  0.41429329 -2.91166252 -2.20498393  1.14378561
  1.06259542  1.81565681]","[ 0.00000000e+00  1.32274462e-05 -7.58204875e-02 -7.26562194e-02
 -2.94005260e-03  1.03174077e-04  6.64439800e-02 -6.88748585e-01]","[ 0.         -0.75157827  8.35595417 -0.80281508 -4.9467454   0.24736483
  0.68959826 -1.62746191]"
1747093070.3667467,"[ 0.          0.15700749  0.41414222 -2.91180979 -2.20499219  1.14378654
  1.06274102  1.81429554]","[ 0.00000000e+00  1.32175979e-05 -7.72478753e-02 -7.17197770e-02
 -3.61515067e-03  1.11195599e-04  7.27228567e-02 -6.90909341e-01]","[ 0.         -0.83332491  8.29136181 -0.88714737 -4.96715593  0.25453854
  0.67529213 -1.57813323]"
1747093070.3691387,"[ 0.          0.15700749  0.41397691 -2.9119536  -2.20500364  1.14378654
  1.06289322  1.81287993]","[ 0.00000000e+00  1.05819570e-05 -8.15694367e-02 -7.34665111e-02
 -5.26663408e-03  1.11111643e-04  7.83282698e-02 -6.91018797e-01]","[ 0.         -0.88468385  8.27954388 -0.9577952  -4.99327993  0.26418146
  0.68540347 -1.60735774]"
1747093070.3714564,"[ 0.          0.15700703  0.41372893 -2.91219248 -2.20503134  1.14378747
  1.06315768  1.81078895]","[ 0.00000000e+00  5.29103081e-06 -8.30043562e-02 -8.10292395e-02
 -9.49271287e-03  1.21784452e-04  9.18331430e-02 -6.87127985e-01]","[ 0.         -0.99361277  8.27039719 -1.01765764 -4.96988821  0.30226001
  0.7173425  -1.7060101 ]"
1747093070.374895,"[ 0.          0.15700703  0.41356362 -2.9123592  -2.20505744  1.14378854
  1.06334982  1.8094334 ]","[ 0.00000000e+00  5.29103081e-06 -8.42704147e-02 -8.61610926e-02
 -1.40308382e-02  1.32275769e-04  9.93958714e-02 -6.86047607e-01]","[ 0.         -1.01891077  8.26296711 -1.0795536  -4.96028996  0.30036446
  0.71534723 -1.85626268]"
1747093070.3772664,"[ 0.          0.15700703  0.41321188 -2.91273657 -2.2051368   1.14378947
  1.06380835  1.80668223]","[ 0.00000000e+00  0.00000000e+00 -9.02125596e-02 -9.64247990e-02
 -2.32283823e-02  1.42856421e-04  1.22624254e-01 -6.80105429e-01]","[ 0.         -0.99265927  8.3905611  -1.05028641 -4.80870104  0.25700518
  0.67776233 -1.86258674]"
1747093070.3790393,"[ 0.          0.15700703  0.41303511 -2.91293364 -2.20519006  1.14378947
  1.06407567  1.80529512]","[ 0.00000000e+00 -5.29103081e-06 -8.88620706e-02 -9.50743100e-02
 -2.70829938e-02  1.42965766e-04  1.32077668e-01 -6.75638842e-01]","[ 0.         -0.96655726  8.45400524 -1.02204859 -4.71345425  0.24176605
  0.66188306 -1.78327489]"
1747093070.3815007,"[ 0.          0.15700703  0.41285372 -2.91311634 -2.20524652  1.14378947
  1.06434491  1.80398045]","[ 0.00000000e+00 -5.29097849e-06 -8.82704993e-02 -9.21967478e-02
 -2.89004307e-02  1.42856421e-04  1.38830105e-01 -6.63899628e-01]","[ 0.         -0.92550915  8.50051022 -0.97184014 -4.62110233  0.20773073
  0.66748804 -1.69166923]"
1747093070.3839087,"[ 0.          0.15700703  0.41268657 -2.91330089 -2.20530484  1.14378947
  1.06464072  1.80264288]","[ 0.00000000e+00 -5.29097849e-06 -8.37302174e-02 -8.95243405e-02
 -2.80860672e-02  1.42856421e-04  1.46662928e-01 -6.49314360e-01]","[ 0.         -0.8399325   8.49372578 -0.92441714 -4.55198383  0.19956382
  0.68377721 -1.80377293]"
1747093070.386284,"[ 0.          0.15700703  0.41243264 -2.91355949 -2.20538074  1.14378947
  1.06509166  1.80068705]","[ 0.00000000e+00 -7.93646773e-06 -8.37302174e-02 -8.75115816e-02
 -2.43087727e-02  1.42856421e-04  1.49317400e-01 -6.42823371e-01]","[ 0.         -0.79061562  8.45528793 -0.82658303 -4.52675152  0.19613494
  0.65252078 -1.91565847]"
1747093070.388658,"[ 0.          0.15700703  0.4122623  -2.91373153 -2.20542761  1.14378947
  1.06539327  1.79942178]","[ 0.00000000e+00 -7.94846874e-06 -8.30043562e-02 -8.23797284e-02
 -2.24180906e-02  1.42856421e-04  1.54495751e-01 -6.39590826e-01]","[ 0.         -0.72167253  8.49955273 -0.80793101 -4.55233097  0.20549725
  0.67202741 -1.89777052]"
1747093070.3909874,"[ 0.          0.15700703  0.41200697 -2.91396615 -2.20547156  1.1437904
  1.06586698  1.79748873]","[ 0.00000000e+00 -7.94846874e-06 -8.61610926e-02 -7.40067084e-02
 -2.24180906e-02  1.50792882e-04  1.58277123e-01 -6.33108492e-01]","[ 0.         -0.68328214  8.6553669  -0.7873131  -4.59814405  0.22574662
  0.64983881 -1.84302437]"
1747093070.3934588,"[ 0.          0.15700703  0.4118311  -2.91410037 -2.20551949  1.1437904
  1.0661819   1.7962397 ]","[ 0.00000000e+00 -1.32474486e-05 -8.61610926e-02 -6.61738814e-02
 -2.37685775e-02  1.50792882e-04  1.60167801e-01 -6.31387691e-01]","[ 0.         -0.68400586  8.8334322  -0.80395901 -4.63421345  0.24670759
  0.58602762 -1.72335267]"
1747093070.3958356,"[ 0.          0.15700656  0.41157444 -2.91428679 -2.20559752  1.1437904
  1.06666133  1.79433901]","[ 0.00000000e+00 -1.85464284e-05 -8.30043562e-02 -5.99008845e-02
 -2.63306883e-02  1.50792882e-04  1.57196729e-01 -6.23384958e-01]","[ 0.         -0.74249697  8.99080276 -0.8354919  -4.76787567  0.25764203
  0.52884042 -1.77000189]"
1747093070.3987799,"[ 0.          0.15700656  0.41141185 -2.91440211 -2.20565212  1.14379134
  1.06698384  1.79312421]","[ 0.00000000e+00 -1.85464284e-05 -8.23797284e-02 -5.78008613e-02
 -2.80616764e-02  1.58849285e-04  1.56582853e-01 -6.15552135e-01]","[ 0.         -0.73559797  9.05980778 -0.87029147 -4.8671217   0.27782878
  0.52473527 -1.82130873]"
1747093070.4004803,"[ 0.          0.15700656  0.4112438  -2.91451902 -2.20571444  1.14379227
  1.06729297  1.79185414]","[ 0.00000000e+00 -1.85464284e-05 -8.17505150e-02 -5.73719551e-02
 -3.10612093e-02  1.69311312e-04  1.55958159e-01 -6.21043773e-01]","[ 0.         -0.7682842   9.12548542 -0.88722038 -4.98313284  0.30629924
  0.51342535 -1.91313958]"
1747093070.4033859,"[ 0.          0.15700656  0.41108079 -2.91463886 -2.20577915  1.1437932
  1.06761261  1.7905709 ]","[ 0.00000000e+00 -1.85604623e-05 -8.34601230e-02 -6.18523200e-02
 -3.37279761e-02  1.79893264e-04  1.55977983e-01 -6.28927329e-01]","[ 0.         -0.81851321  9.16870689 -0.9066292  -5.06619215  0.34502909
  0.48602018 -1.82858884]"
1747093070.4056258,"[ 0.          0.15700656  0.41083191 -2.91483541 -2.20590086  1.1437952
  1.06806828  1.78869204]","[ 0.00000000e+00 -1.85464284e-05 -7.96787588e-02 -6.59037828e-02
 -4.39812815e-02  1.98711722e-04  1.53415373e-01 -6.35165252e-01]","[ 0.         -0.83231628  9.28222942 -0.93579364 -5.05840492  0.33871365
  0.51255023 -1.64345849]"
1747093070.4072838,"[ 0.          0.15700611  0.41067808 -2.91497149 -2.20599833  1.1437952
  1.06837561  1.78738496]","[ 0.00000000e+00 -2.38634509e-05 -7.72478753e-02 -7.04240160e-02
 -5.13185192e-02  1.98711722e-04  1.48553606e-01 -6.38510448e-01]","[ 0.         -0.81548905  9.34851742 -0.90550244 -5.00627184  0.31287631
  0.54729873 -1.50085187]"
1747093070.4096074,"[ 0.          0.15700656  0.41052701 -2.91512383 -2.20611045  1.1437952
  1.06865431  1.78612635]","[ 0.00000000e+00 -1.85604623e-05 -7.27228567e-02 -7.48170001e-02
 -5.59101792e-02  1.90763250e-04  1.39910499e-01 -6.38510448e-01]","[ 0.         -0.80417454  9.37504864 -0.887918   -4.88895607  0.25880232
  0.56689161 -1.47771764]"
1747093070.4112499,"[ 0.          0.15700656  0.41039246 -2.91528042 -2.2062255   1.1437952
  1.06892921  1.78481834]","[ 0.00000000e+00 -1.85604623e-05 -6.69841731e-02 -7.69859201e-02
 -6.00225161e-02  1.90907607e-04  1.32211758e-01 -6.37700115e-01]","[ 0.         -0.72950286  9.2940321  -0.83847964 -4.70736551  0.24212267
  0.56313121 -1.59610331]"
1747093070.4135716,"[ 0.          0.15700656  0.41025607 -2.91543941 -2.20635786  1.1437952
  1.06917755  1.78356252]","[ 0.00000000e+00 -1.32574726e-05 -6.56336883e-02 -8.15694367e-02
 -6.56336883e-02  1.90763250e-04  1.24514940e-01 -6.35809470e-01]","[ 0.         -0.72277796  9.09881592 -0.76386458 -4.53025913  0.19820061
  0.57206881 -1.70763934]"
1747093070.4152982,"[ 0.          0.15700656  0.41013303 -2.91561891 -2.20649181  1.1437952
  1.06942296  1.78226024]","[ 0.00000000e+00 -1.32574726e-05 -6.10420282e-02 -8.20446612e-02
 -6.46982613e-02  1.90907607e-04  1.17762503e-01 -6.35809470e-01]","[ 0.         -0.65374935  8.95034695 -0.68256086 -4.30142164  0.19584417
  0.56109053 -1.70234871]"
1747093070.417069,"[ 0.          0.15700656  0.41001133 -2.91577177 -2.20661858  1.1437952
  1.06965226  1.78100363]","[ 0.00000000e+00 -1.32473165e-05 -5.96915434e-02 -8.48106036e-02
 -6.42831993e-02  1.80165302e-04  1.16563889e-01 -6.37054032e-01]","[ 0.         -0.58379674  8.74983883 -0.612468   -4.16280174  0.1364361
  0.58455008 -1.79637921]"
1747093070.4194367,"[ 0.          0.15700656  0.40989012 -2.91595313 -2.20674402  1.1437952
  1.06989294  1.77970307]","[ 0.00000000e+00 -1.85604623e-05 -6.23293004e-02 -8.50807064e-02
 -6.37430062e-02  1.80301630e-04  1.17359642e-01 -6.34444201e-01]","[ 0.         -0.49610186  8.60369492 -0.57947135 -4.05962276  0.10053395
  0.58040583 -1.73491549]"
1747093070.4212446,"[ 0.          0.15700656  0.40976016 -2.91612917 -2.20686892  1.1437952
  1.07011838  1.77845698]","[ 0.00000000e+00 -1.85604623e-05 -6.39459557e-02 -8.61610926e-02
 -5.99616379e-02  1.80165302e-04  1.13981131e-01 -6.29057025e-01]","[ 0.         -0.43558002  8.46543312 -0.50496954 -4.02293015  0.069571
  0.58149356 -1.62587953]"
1747093070.423576,"[ 0.          0.15700703  0.4096293  -2.91630307 -2.20698476  1.1437952
  1.07033909  1.77719171]","[ 0.00000000e+00 -1.32573405e-05 -6.75243704e-02 -8.42582058e-02
 -5.84002848e-02  1.80301630e-04  1.11820358e-01 -6.14208770e-01]","[ 0.         -0.42637381  8.38286209 -0.45076209 -4.05162954  0.07462372
  0.55656409 -1.71784389]"
1747093070.425399,"[ 0.          0.15700656  0.40948142 -2.9164634  -2.20710541  1.1437952
  1.07056266  1.77600154]","[ 0.00000000e+00 -1.85464284e-05 -7.29049753e-02 -8.10292395e-02
 -5.86111530e-02  1.69567338e-04  1.08038994e-01 -6.00156601e-01]","[ 0.         -0.38683036  8.34226608 -0.42032084 -4.0652709   0.13235326
  0.52574944 -1.72921276]"
1747093070.4271836,"[ 0.          0.15700656  0.40933588 -2.91662398 -2.20722125  1.1437952
  1.07076812  1.77483907]","[ 0.00000000e+00 -1.85604623e-05 -7.40067084e-02 -7.72366817e-02
 -5.59213645e-02  1.69695653e-04  9.67966262e-02 -5.87732089e-01]","[ 0.         -0.40111986  8.30317593 -0.42394298 -4.18783998  0.15678199
  0.51477021 -1.80103123]"
1747093070.4295516,"[ 0.          0.15700656  0.40917975 -2.91676966 -2.20732352  1.1437952
  1.07094223  1.77364238]","[ 0.00000000e+00 -1.85464284e-05 -7.74874516e-02 -7.37366139e-02
 -5.07783261e-02  1.61620475e-04  8.48106036e-02 -5.82279799e-01]","[ 0.         -0.37470317  8.25585365 -0.45930761 -4.37831974  0.21305001
  0.53929412 -1.83714473]"
1747093070.4313083,"[ 0.          0.15700656  0.40902086 -2.9168413  -2.20742179  1.1437952
  1.07110488  1.77246087]","[ 0.00000000e+00 -2.38634509e-05 -8.15694367e-02 -7.26562194e-02
 -4.96979357e-02  1.61741166e-04  7.69859201e-02 -5.76015179e-01]","[ 0.         -0.39194247  8.22437096 -0.48976365 -4.69301462  0.21632598
  0.56108761 -1.74283516]"
1747093070.433734,"[ 0.          0.15700656  0.40885601 -2.91698831 -2.20752059  1.14379613
  1.0712447   1.77133356]","[ 0.00000000e+00 -2.38634509e-05 -8.48106036e-02 -7.13057304e-02
 -4.75371550e-02  1.61618866e-04  6.94150525e-02 -5.69365465e-01]","[ 0.         -0.39645633  8.28769875 -0.48588645 -4.98511887  0.30847755
  0.51980782 -1.78370869]"
1747093070.435458,"[ 0.          0.15700656  0.40867372 -2.91712493 -2.20761008  1.14379799
  1.07137506  1.77017295]","[ 0.00000000e+00 -2.38634509e-05 -8.94022679e-02 -6.91449538e-02
 -4.42959881e-02  1.80303434e-04  6.56336883e-02 -5.66235186e-01]","[ 0.         -0.43693528  8.3546629  -0.54194069 -5.25006342  0.35338363
  0.47945687 -1.69287968]"
1747093070.4372385,"[ 0.          0.15700656  0.40849785 -2.91726687 -2.20769823  1.14379893
  1.0714997   1.76906081]","[ 0.00000000e+00 -2.38634509e-05 -8.87720308e-02 -6.94150525e-02
 -4.29454991e-02  1.90907607e-04  5.99616379e-02 -5.63423354e-01]","[ 0.         -0.40507191  8.53643513 -0.54965061 -5.44450617  0.40545884
  0.46218276 -1.58320975]"
1747093070.440871,"[ 0.          0.15700656  0.40831829 -2.91740562 -2.20778824  1.14380079
  1.07161761  1.76796599]","[ 0.00000000e+00 -2.38634509e-05 -8.67012899e-02 -6.69551780e-02
 -4.46367853e-02  1.98862094e-04  5.71752099e-02 -5.53699820e-01]","[ 0.         -0.43379381  8.65768337 -0.60640317 -5.68772078  0.4134903
  0.4753646  -1.68369734]"
1747093070.4425354,"[ 0.          0.15700656  0.40806712 -2.91760083 -2.20793045  1.14380279
  1.07178505  1.76632974]","[ 0.00000000e+00 -2.38634509e-05 -8.17505150e-02 -6.72542717e-02
 -4.88381092e-02  2.06660195e-04  5.77422967e-02 -5.32092562e-01]","[ 0.         -0.4228583   8.74795437 -0.60731417 -5.8838191   0.45776841
  0.44551936 -1.72535563]"
1747093070.4443178,"[ 0.          0.15700656  0.40791056 -2.91774038 -2.20803378  1.14380372
  1.07190776  1.76523944]","[ 0.00000000e+00 -2.38634509e-05 -7.85983643e-02 -6.84597891e-02
 -5.04044599e-02  2.17422558e-04  6.07719338e-02 -5.33171841e-01]","[ 0.         -0.41437808  8.71811295 -0.62440121 -5.89118576  0.44483608
  0.4353413  -1.81750381]"
1747093070.4460528,"[ 0.          0.15700656  0.40775763 -2.91787674 -2.20814084  1.14380558
  1.07203526  1.76419309]","[ 0.00000000e+00 -1.85604623e-05 -7.44782294e-02 -7.02253442e-02
 -5.53699820e-02  2.35983023e-04  6.56336883e-02 -5.30471429e-01]","[ 0.         -0.39045721  8.72560501 -0.61651617 -5.79079103  0.43620354
  0.44183379 -1.81707883]"
1747093070.4478455,"[ 0.          0.15700656  0.40768645 -2.91794651 -2.20820236  1.14380558
  1.07210756  1.76366884]","[ 0.00000000e+00 -2.38632132e-05 -7.21160221e-02 -7.07655415e-02
 -5.78730205e-02  2.35980666e-04  6.82090192e-02 -5.31551840e-01]","[ 0.         -0.37287116  8.69997787 -0.56540501 -5.68728876  0.43481377
  0.44127789 -1.78917587]"
1747093070.4496834,"[ 0.          0.15700703  0.40754824 -2.91809405 -2.20832007  1.14380558
  1.07224451  1.76258148]","[ 0.00000000e+00 -1.32576047e-05 -6.88050721e-02 -7.12334838e-02
 -6.02317365e-02  2.28026260e-04  7.04240160e-02 -5.27770484e-01]","[ 0.         -0.36404407  8.67525387 -0.51614839 -5.45554352  0.33658835
  0.45297316 -1.8365804 ]"
1747093070.4514039,"[ 0.          0.15700703  0.40741231 -2.91822881 -2.20843832  1.14380558
  1.07239106  1.76150942]","[ 0.00000000e+00 -1.32574726e-05 -6.56336883e-02 -6.69841731e-02
 -5.99616379e-02  2.28028536e-04  7.27228567e-02 -5.23102995e-01]","[ 0.         -0.28191572  8.66352654 -0.42550153 -5.15902042  0.29582611
  0.44122645 -1.76091933]"
1747093070.4531462,"[ 0.          0.15700703  0.40728239 -2.91836356 -2.20856508  1.14380465
  1.07253946  1.76047438]","[ 0.00000000e+00 -1.32574726e-05 -6.61738814e-02 -6.48233924e-02
 -6.26626158e-02  2.17422558e-04  7.61674891e-02 -5.23989095e-01]","[ 0.         -0.23849016  8.55708981 -0.40521327 -4.91499233  0.19314919
  0.4677256  -1.62706685]"
1747093070.4543178,"[ 0.          0.15700703  0.40721258 -2.91842535 -2.2086282   1.14380465
  1.07261463  1.75995879]","[ 0.00000000e+00 -1.32574726e-05 -6.57013367e-02 -6.25991244e-02
 -6.39482444e-02  2.17422558e-04  7.60903157e-02 -5.22908717e-01]","[ 0.         -0.19569738  8.50941944 -0.3884474  -4.7494483   0.17149314
  0.46341589 -1.66667175]"
1747093070.4560518,"[ 0.          0.15700703  0.40708445 -2.91854492 -2.20875657  1.14380465
  1.07277728  1.75889433]","[ 0.00000000e+00 -1.32574726e-05 -6.47577163e-02 -5.66736701e-02
 -6.26921145e-02  2.06816581e-04  7.99488533e-02 -5.19127361e-01]","[ 0.         -0.1867284   8.37405682 -0.32995734 -4.44678974  0.1338602
  0.46982941 -1.59718001]"
1747093070.4578176,"[ 0.          0.15700703  0.40701973 -2.91859845 -2.20881808  1.14380465
  1.07285624  1.75838433]","[ 0.00000000e+00 -7.95448397e-06 -6.56336883e-02 -5.42895916e-02
 -6.23925172e-02  1.98862094e-04  7.99488533e-02 -5.17236650e-01]","[ 0.         -0.17895107  8.36207485 -0.33459944 -4.33601952  0.10438322
  0.4816362  -1.55930591]"
1747093070.4595323,"[ 0.          0.15700703  0.40687599 -2.91870098 -2.20894965  1.14380465
  1.0730151   1.75737699]","[ 0.00000000e+00 -7.95448397e-06 -7.13057304e-02 -5.15886178e-02
 -6.50102464e-02  1.90907607e-04  7.62336104e-02 -5.09403827e-01]","[ 0.         -0.1315446   8.34650803 -0.25902095 -4.03183079  0.11217967
  0.4749465  -1.56718373]"
1747093070.4613087,"[ 0.          0.15700703  0.40673271 -2.91880298 -2.20907588  1.14380465
  1.07316157  1.7563353 ]","[ 0.00000000e+00 -7.95448397e-06 -7.34665111e-02 -4.86669054e-02
 -6.40131007e-02  1.90905705e-04  7.35410963e-02 -5.09403827e-01]","[ 0.         -0.13707224  8.33701324 -0.25195548 -3.85172319  0.09125952
  0.51639432 -1.58456004]"
1747093070.4637382,"[ 0.          0.15700703  0.40657292 -2.91889513 -2.20919945  1.14380465
  1.07331098  1.75528881]","[ 0.00000000e+00 -5.30298914e-06 -7.96787588e-02 -4.41352496e-02
 -6.26626158e-02  1.90907607e-04  7.34751581e-02 -5.12570725e-01]","[ 0.         -0.15970209  8.38704205 -0.23779431 -3.74505401  0.07131987
  0.50281525 -1.51906884]"
1747093070.4654455,"[ 0.          0.15700703  0.40640947 -2.91897556 -2.20932702  1.14380465
  1.07345366  1.75426429]","[ 0.00000000e+00 -5.30298914e-06 -8.34601230e-02 -3.94342335e-02
 -6.23925172e-02  1.80301630e-04  7.23861249e-02 -5.22908717e-01]","[ 0.         -0.19517472  8.52167511 -0.26001737 -3.68053055  0.0434225
  0.48180279 -1.54101515]"
1747093070.4677353,"[ 0.          0.15700703  0.40623863 -2.91905146 -2.20944739  1.14380465
  1.07359827  1.75319117]","[ 0.00000000e+00 -5.30298914e-06 -8.34601230e-02 -3.78136459e-02
 -6.02928893e-02  1.80301630e-04  6.98985826e-02 -5.23613057e-01]","[ 0.         -0.25553015  8.64159966 -0.28902498 -3.71412539  0.0546613
  0.462495   -1.5015682 ]"
1747093070.4694304,"[ 0.          0.15700703  0.40607378 -2.91912656 -2.20956404  1.14380465
  1.07373522  1.75215613]","[ 0.00000000e+00  0.00000000e+00 -8.34601230e-02 -3.61930625e-02
 -5.64503723e-02  1.69695653e-04  6.86047607e-02 -5.23458194e-01]","[ 0.         -0.2887499   8.80786037 -0.33560649 -3.80838823  0.12562826
  0.444352   -1.44236481]"
1747093070.4717686,"[ 0.          0.15700656  0.40590803 -2.91919047 -2.20967722  1.14380465
  1.07387697  1.75109353]","[ 0.00000000e+00 -5.29497611e-06 -8.04890505e-02 -3.13313079e-02
 -5.51690631e-02  1.69567338e-04  6.97136303e-02 -5.16833781e-01]","[ 0.         -0.34256476  8.92966461 -0.39741868 -4.01183891  0.18194342
  0.43069479 -1.42126036]"
1747093070.473446,"[ 0.          0.15700656  0.4057505  -2.9192464  -2.20978428  1.14380465
  1.07401971  1.75008419]","[ 0.00000000e+00 -5.29497611e-06 -7.95980234e-02 -2.63306883e-02
 -5.34251129e-02  1.59088082e-04  7.33920758e-02 -5.09967019e-01]","[ 0.         -0.40911004  9.02662563 -0.46031126 -4.21612835  0.26851901
  0.4008176  -1.42445397]"
1747093070.4752383,"[ 0.          0.15700656  0.40559394 -2.91929194 -2.20988628  1.14380558
  1.07417284  1.74905022]","[ 0.00000000e+00 -5.29497611e-06 -7.50870946e-02 -2.18778954e-02
 -4.83983131e-02  1.58969375e-04  7.91385615e-02 -5.02539996e-01]","[ 0.         -0.49290973  9.09369946 -0.55614662 -4.52342224  0.27939457
  0.39283055 -1.48441291]"
1747093070.4770167,"[ 0.          0.15700656  0.4055223  -2.91931298 -2.20993129  1.14380558
  1.0742594   1.74855927]","[ 0.00000000e+00 -5.29497611e-06 -7.26562194e-02 -2.13377002e-02
 -4.56464729e-02  1.59089675e-04  8.14997534e-02 -4.98059760e-01]","[ 0.         -0.51355904  9.16277885 -0.56537312 -4.66832161  0.29170987
  0.3617847  -1.55250227]"
1747093070.4787507,"[ 0.          0.15700656  0.40537443 -2.91935346 -2.21002024  1.14380558
  1.0744297   1.74758135]","[ 0.00000000e+00 -5.29097849e-06 -7.17197770e-02 -1.94667609e-02
 -4.50605775e-02  1.58969375e-04  8.88620706e-02 -4.97789649e-01]","[ 0.         -0.60183775  9.20357323 -0.6370315  -4.93516302  0.34440437
  0.35669637 -1.66999793]"
1747093070.48053,"[ 0.          0.15700656  0.40523944 -2.91939154 -2.21011318  1.14380652
  1.07462471  1.74652248]","[ 0.00000000e+00 -5.29492328e-06 -6.64439800e-02 -1.94470181e-02
 -4.58906265e-02  1.69695653e-04  9.77076936e-02 -5.25069506e-01]","[ 0.         -0.68296915  9.33651066 -0.68281102 -5.17113876  0.39984977
  0.34497049 -1.71813381]"
1747093070.4823103,"[ 0.          0.15700611  0.40511178 -2.91943255 -2.21020346  1.14380745
  1.07483397  1.74543325]","[ 0.00000000e+00 -7.94246417e-06 -6.42831993e-02 -1.99872133e-02
 -4.56464729e-02  1.79895052e-04  1.09119380e-01 -5.62342976e-01]","[ 0.         -0.73964816  9.38673878 -0.74732453 -5.41106987  0.42617953
  0.32996851 -1.68739653]"
1747093070.4840913,"[ 0.          0.15700611  0.40498275 -2.91947383 -2.21030226  1.14380745
  1.07507179  1.74423376]","[ 0.00000000e+00 -7.94246417e-06 -6.23925172e-02 -2.13377002e-02
 -4.94278371e-02  1.80029186e-04  1.18362713e-01 -5.94214423e-01]","[ 0.         -0.74939543  9.40581512 -0.77429914 -5.60964727  0.4339411
  0.30335161 -1.64314044]"
1747093070.4857917,"[ 0.          0.15700611  0.40492306 -2.91949487 -2.2103534   1.14380851
  1.0751907   1.74363348]","[ 0.00000000e+00 -7.94254290e-06 -6.05018351e-02 -2.13160808e-02
 -5.18587164e-02  1.90619136e-04  1.20341417e-01 -6.08799690e-01]","[ 0.         -0.75036705  9.36597729 -0.78451872 -5.6573391   0.46434122
  0.30490676 -1.61631072]"
1747093070.4875002,"[ 0.          0.15700611  0.40480917 -2.91953908 -2.21046472  1.14380945
  1.07542093  1.74237953]","[ 0.00000000e+00 -7.93654595e-06 -5.45044088e-02 -2.16077989e-02
 -5.75307627e-02  1.98413661e-04  1.14791431e-01 -6.42666977e-01]","[ 0.         -0.76800007  9.23405743 -0.80619615 -5.72352028  0.46707305
  0.33698827 -1.57113588]"
1747093070.4892683,"[ 0.          0.15700611  0.40470082 -2.91958089 -2.21058962  1.14381038
  1.07565496  1.74093357]","[ 0.00000000e+00 -7.94246417e-06 -5.53699820e-02 -2.10676037e-02
 -6.18523200e-02  2.06504069e-04  1.13981131e-01 -6.62819183e-01]","[ 0.         -0.77422208  9.02043915 -0.77160418 -5.71927977  0.4663842
  0.38142949 -1.48986959]"
1747093070.4909463,"[ 0.          0.15700611  0.40458417 -2.9196243  -2.21071239  1.14381038
  1.07587094  1.73955991]","[ 0.00000000e+00 -7.93646773e-06 -5.72606640e-02 -2.07975050e-02
 -6.23925172e-02  1.98561611e-04  1.06958600e-01 -6.73564106e-01]","[ 0.         -0.78010142  8.8345232  -0.7489661  -5.49333763  0.43874478
  0.40317813 -1.58854175]"
1747093070.4932725,"[ 0.          0.15700611  0.40446752 -2.91966665 -2.21084422  1.14381038
  1.07609258  1.73820436]","[ 0.00000000e+00 -7.94246417e-06 -5.96915434e-02 -2.18778954e-02
 -6.47577163e-02  1.98563561e-04  9.83154852e-02 -6.91719608e-01]","[ 0.         -0.75939947  8.66371727 -0.74350905 -5.29366732  0.33659258
  0.47432539 -1.68254507]"
1747093070.494983,"[ 0.          0.15700611  0.40433207 -2.91971299 -2.21097098  1.14381038
  1.07628     1.73682019]","[ 0.00000000e+00 -7.93646773e-06 -6.82090192e-02 -2.32283823e-02
 -6.40131007e-02  1.98411694e-04  9.33590428e-02 -7.05319439e-01]","[ 0.         -0.74507266  8.53850079 -0.68462694 -5.01825905  0.30148718
  0.49333224 -1.63904727]"
1747093070.4966862,"[ 0.          0.15700611  0.4042609  -2.91973749 -2.21103756  1.14381038
  1.07637987  1.73606864]","[ 0.00000000e+00 -7.93646773e-06 -7.21160221e-02 -2.48489678e-02
 -6.26921145e-02  1.98561611e-04  9.40381738e-02 -7.07668614e-01]","[ 0.         -0.71492076  8.46024895 -0.67673552 -4.87417746  0.26679191
  0.51608288 -1.61684895]"
1747093070.4984515,"[ 0.          0.15700611  0.40410663 -2.91979608 -2.21116007  1.14380945
  1.07656063  1.73467115]","[ 0.00000000e+00 -5.29497611e-06 -7.56608310e-02 -2.97107224e-02
 -6.28689484e-02  1.79895052e-04  9.07527485e-02 -7.09275965e-01]","[ 0.         -0.68644989  8.39904976 -0.62543654 -4.62036705  0.22038522
  0.52299124 -1.56856358]"
1747093070.500673,"[ 0.          0.15700611  0.40395323 -2.91986265 -2.21128817  1.14380945
  1.07674233  1.7332128 ]","[ 0.00000000e+00 -5.29103081e-06 -7.88684671e-02 -3.48425735e-02
 -6.26921145e-02  1.69439236e-04  8.77816761e-02 -7.11179326e-01]","[ 0.         -0.63555831  8.28426838 -0.58529824 -4.38082123  0.18935712
  0.52730364 -1.52089465]"
1747093070.5024753,"[ 0.          0.15700611  0.40379621 -2.91994069 -2.21141067  1.14380945
  1.07691357  1.7318201 ]","[ 0.00000000e+00 -5.29497611e-06 -7.91385615e-02 -3.88325464e-02
 -6.18523200e-02  1.61496777e-04  8.58909982e-02 -7.04414231e-01]","[ 0.         -0.64399576  8.28034019 -0.55295402 -4.20699692  0.15366694
  0.54831827 -1.45939863]"
1747093070.5043995,"[ 0.          0.15700611  0.40371308 -2.91998063 -2.21147725  1.14380945
  1.07699726  1.73113141]","[ 0.00000000e+00 -5.29097849e-06 -7.82397613e-02 -4.05557531e-02
 -6.26921145e-02  1.61374851e-04  8.48106036e-02 -6.98472053e-01]","[ 0.         -0.57760078  8.26517105 -0.52026927 -4.10026407  0.14670238
  0.5679962  -1.57564318]"
1747093070.5067234,"[ 0.          0.15700611  0.40347982 -2.92012178 -2.21166793  1.14380945
  1.07725319  1.72971208]","[ 0.00000000e+00 -5.29103081e-06 -7.95980234e-02 -5.01536899e-02
 -6.48233924e-02  1.42964352e-04  8.28359113e-02 -6.93610319e-01]","[ 0.         -0.50548279  8.28774452 -0.45407084 -3.86806655  0.12540185
  0.60334522 -1.6381886 ]"
1747093070.5085406,"[ 0.          0.15700611  0.40332003 -2.92023283 -2.21179417  1.14380945
  1.07733115  1.72834215]","[ 0.00000000e+00  0.00000000e+00 -7.72478753e-02 -5.86111530e-02
 -6.09367377e-02  1.42964352e-04  7.91385615e-02 -6.95771075e-01]","[ 0.         -0.45452866  8.35801315 -0.40700361 -3.76300883  0.12334971
  0.59530061 -1.57653892]"
1747093070.510354,"[ 0.          0.15700611  0.40316987 -2.9203628  -2.21190948  1.14380945
  1.07747956  1.7269047 ]","[ 0.00000000e+00 -5.29097849e-06 -7.64375836e-02 -6.44474955e-02
 -5.78008613e-02  1.42964352e-04  7.04954387e-02 -7.03333853e-01]","[ 0.         -0.37758449  8.46760368 -0.34211862 -3.74977183  0.09710123
  0.60716593 -1.56544423]"
1747093070.5114467,"[ 0.          0.15700611  0.40309503 -2.92042938 -2.21196514  1.14380945
  1.0775452   1.72621601]","[ 0.00000000e+00 -5.29103081e-06 -7.58973946e-02 -6.74559521e-02
 -5.64503723e-02  1.42856421e-04  6.64439800e-02 -6.98472053e-01]","[ 0.         -0.32671577  8.47196102 -0.3150017  -3.77789283  0.08612991
  0.60613203 -1.43295848]"
1747093070.5132647,"[ 0.          0.15700611  0.40294669 -2.92057532 -2.21207247  1.14380945
  1.07766318  1.7247795 ]","[ 0.00000000e+00 -5.29097849e-06 -7.13057304e-02 -7.29736182e-02
 -5.07783261e-02  1.42964352e-04  5.56705988e-02 -7.00739535e-01]","[ 0.         -0.2981157   8.55712891 -0.273592   -3.81237841  0.10914949
  0.59802175 -1.30568194]"
1747093070.5149891,"[ 0.          0.15700611  0.40280804 -2.92071966 -2.21216435  1.14380945
  1.07775832  1.72340291]","[ 0.00000000e+00 -5.29097849e-06 -7.07655415e-02 -7.25826079e-02
 -4.50605775e-02  1.42856421e-04  4.53304014e-02 -6.98472053e-01]","[ 0.         -0.28752255  8.62722015 -0.26455358 -3.90776706  0.15283495
  0.58038092 -1.22891152]"
1747093070.516732,"[ 0.          0.15700656  0.40272355 -2.9207889  -2.21220989  1.14380945
  1.07779827  1.72266096]","[ 0.00000000e+00  0.00000000e+00 -6.95405290e-02 -7.02253442e-02
 -4.29218219e-02  1.42856421e-04  4.05146197e-02 -6.98640897e-01]","[ 0.         -0.25747132  8.68489933 -0.24698633 -3.98766994  0.15959036
  0.56416386 -1.26338208]"
1747093070.518471,"[ 0.          0.15700611  0.40259542 -2.92093298 -2.21229298  1.14380945
  1.07786864  1.7212873 ]","[ 0.00000000e+00 -5.29502843e-06 -6.34197401e-02 -6.99644043e-02
 -4.24053018e-02  1.42965766e-04  3.18715031e-02 -6.95771075e-01]","[ 0.         -0.1916223   8.73728371 -0.23077072 -4.17368126  0.22356018
  0.54960668 -1.36398363]"
1747093070.5202754,"[ 0.          0.15700611  0.40247052 -2.92106987 -2.2123742   1.14380945
  1.07792098  1.71986118]","[ 0.00000000e+00 -5.29097849e-06 -6.05018351e-02 -6.83346621e-02
 -4.10548170e-02  1.42856421e-04  2.40964626e-02 -6.96789401e-01]","[ 0.         -0.19442266  8.78493023 -0.2624436  -4.4120307   0.22769389
  0.54978555 -1.42098916]"
1747093070.5219908,"[ 0.          0.15700611  0.40235434 -2.92120728 -2.2124549   1.14381038
  1.07795906  1.71848472]","[ 0.00000000e+00 -5.29497611e-06 -5.86111530e-02 -6.67044122e-02
 -3.86239376e-02  1.50906827e-04  1.83666278e-02 -6.99552431e-01]","[ 0.         -0.19088037  8.80143547 -0.30616379 -4.65311337  0.27336201
  0.45071933 -1.51548445]"
1747093070.524411,"[ 0.          0.15700656  0.40223816 -2.92133991 -2.21253346  1.14381038
  1.07798469  1.71704914]","[ 0.00000000e+00 -5.29103081e-06 -5.56705988e-02 -6.69841731e-02
 -3.83675751e-02  1.50792882e-04  1.07830435e-02 -6.99643977e-01]","[ 0.         -0.23011525  8.86236477 -0.31890449 -4.92860937  0.28584671
  0.39677313 -1.43395424]"
1747093070.5261965,"[ 0.          0.15700656  0.40212797 -2.9214744  -2.21261202  1.14381038
  1.07800187  1.71566976]","[ 0.00000000e+00  0.00000000e+00 -5.63931768e-02 -6.51998011e-02
 -4.05146197e-02  1.50908306e-04  8.64311923e-03 -6.99552431e-01]","[ 0.         -0.155522    8.84609699 -0.27052101 -5.13922405  0.30392885
  0.3914654  -1.33082759]"
1747093070.528502,"[ 0.          0.15700656  0.40200673 -2.92159398 -2.21270151  1.14381038
  1.07801705  1.71425709]","[ 0.00000000e+00  0.00000000e+00 -5.96828923e-02 -5.91513461e-02
 -4.43860154e-02  1.50906827e-04  7.40850063e-03 -6.87105548e-01]","[ 0.         -0.11639512  8.92005253 -0.216552   -5.30456495  0.27287731
  0.45613763 -1.44349337]"
1747093070.5308926,"[ 0.          0.15700656  0.40188782 -2.92170743 -2.21279259  1.14381038
  1.0780285   1.71291672]","[ 0.00000000e+00  0.00000000e+00 -5.99616379e-02 -5.36644520e-02
 -4.61398734e-02  1.50906827e-04  5.80709558e-03 -6.77404451e-01]","[ 0.         -0.03642474  8.92912674 -0.17777085 -5.34913683  0.31245369
  0.50053018 -1.50074255]"
1747093070.533128,"[ 0.          0.15700656  0.40170093 -2.92184005 -2.2129348   1.14381038
  1.07804468  1.71087714]","[ 0.00000000e+00  0.00000000e+00 -6.29327103e-02 -3.99744266e-02
 -4.76460075e-02  1.42856421e-04  5.35264638e-03 -6.70781969e-01]","[ 0.         -0.08597916  8.91194916 -0.22797905 -5.24352884  0.35007939
  0.47187796 -1.65139365]"
1747093070.5355084,"[ 0.          0.15700656  0.40157373 -2.92190743 -2.21303307  1.14381038
  1.07805513  1.7095586 ]","[ 0.00000000e+00  0.00000000e+00 -6.48233924e-02 -3.07911127e-02
 -5.07268771e-02  1.32374402e-04  5.23227358e-03 -6.68761362e-01]","[ 0.         -0.12502347  8.87962532 -0.31827995 -5.13669491  0.3768788
  0.47157401 -1.55705762]"
1747093070.5373182,"[ 0.          0.15700611  0.4014447  -2.92195883 -2.21313826  1.14381131
  1.07806752  1.70819733]","[ 0.00000000e+00 -5.29103081e-06 -6.21905789e-02 -2.51190644e-02
 -5.15886178e-02  1.32275769e-04  5.53163109e-03 -6.62781034e-01]","[ 0.         -0.25939834  8.81610012 -0.46994489 -5.09903765  0.36644146
  0.52721238 -1.46745348]"
1747093070.5390587,"[ 0.          0.15700611  0.40131933 -2.92200304 -2.21323707  1.14381131
  1.07808176  1.70689584]","[ 0.00000000e+00 -5.29502843e-06 -6.42831993e-02 -2.10676037e-02
 -4.88876440e-02  1.13841985e-04  6.27627382e-03 -6.59449419e-01]","[ 0.         -0.38376161  8.82915211 -0.59770238 -5.02173471  0.39472523
  0.55527413 -1.37389696]"
1747093070.5409024,"[ 0.          0.15700611  0.40125505 -2.92204112 -2.21333534  1.14381131
  1.07810081  1.70555734]","[ 0.00000000e+00 -5.29097849e-06 -6.50934910e-02 -1.91963897e-02
 -4.74889892e-02  9.52376087e-05  8.27891374e-03 -6.50394738e-01]","[ 0.         -0.50278866  8.83584785 -0.73423737 -4.90697813  0.37622473
  0.58652651 -1.32542181]"
1747093070.5426505,"[ 0.          0.15700565  0.40118571 -2.9220595  -2.21338887  1.14381131
  1.07811126  1.70492004]","[ 0.00000000e+00 -7.93646773e-06 -6.51998011e-02 -1.86178429e-02
 -4.70796281e-02  8.46556558e-05  9.20615258e-03 -6.46343271e-01]","[ 0.         -0.57400835  8.8483429  -0.80802613 -4.86592197  0.38762516
  0.6112445  -1.3395077 ]"
1747093070.5443778,"[ 0.          0.15700565  0.40106217 -2.92209758 -2.21348448  1.14381131
  1.07813696  1.70366716]","[ 0.00000000e+00 -7.93646773e-06 -6.17896524e-02 -1.86367264e-02
 -4.66868950e-02  7.40744343e-05  1.22444189e-02 -6.33108492e-01]","[ 0.         -0.69125789  8.91739273 -0.93996441 -4.70645475  0.37491077
  0.63038278 -1.45110869]"
1747093070.5461395,"[ 0.          0.1570052   0.40093224 -2.92213353 -2.21357316  1.14381131
  1.07816925  1.70237712]","[ 0.00000000e+00 -1.32274462e-05 -6.39459557e-02 -1.83666278e-02
 -4.42959881e-02  6.61372301e-05  1.57268172e-02 -6.29498977e-01]","[ 0.         -0.81300765  8.97216415 -1.08456767 -4.62440014  0.35545158
  0.6419332  -1.53379476]"
1747093070.54794,"[ 0.          0.1570052   0.40086886 -2.92215271 -2.21361524  1.14381131
  1.07818736  1.70175887]","[ 0.00000000e+00 -1.32374398e-05 -6.42831993e-02 -1.80383432e-02
 -4.26754004e-02  5.82007654e-05  1.74124577e-02 -6.27166314e-01]","[ 0.         -0.87360001  9.01906776 -1.12784541 -4.58022785  0.35296655
  0.63950455 -1.55245233]"
1747093070.5497208,"[ 0.          0.15700473  0.40074489 -2.92218839 -2.21370179  1.14381131
  1.07822924  1.70046884]","[ 0.00000000e+00 -1.85184257e-05 -6.18523200e-02 -1.83666278e-02
 -4.24053018e-02  5.82007654e-05  2.15660871e-02 -6.30947737e-01]","[ 0.         -1.01415908  9.03615284 -1.24501336 -4.53958845  0.35995945
  0.66544354 -1.46815073]"
1747093070.5515077,"[ 0.          0.15700427  0.40061999 -2.92222807 -2.21379021  1.14381131
  1.07827205  1.69923499]","[ 0.00000000e+00 -2.64748795e-05 -6.10420282e-02 -2.05274085e-02
 -4.54001097e-02  5.82007654e-05  2.21479940e-02 -6.23384958e-01]","[ 0.         -1.12024701  9.01725101 -1.33005989 -4.52251673  0.36720678
  0.67918223 -1.41594851]"
1747093070.5532506,"[ 0.          0.15700382  0.40049921 -2.92227708 -2.21388715  1.14381131
  1.07832245  1.69795548]","[ 0.00000000e+00 -3.17458709e-05 -6.10420282e-02 -2.50936146e-02
 -4.73952376e-02  6.61372301e-05  2.59293582e-02 -6.26085936e-01]","[ 0.         -1.19317961  8.98420048 -1.39074576 -4.47626925  0.37684351
  0.69935375 -1.37796926]"
1747093070.5555618,"[ 0.          0.1570029   0.40038167 -2.92233647 -2.21398036  1.14381224
  1.07838044  1.69672363]","[ 0.00000000e+00 -4.23602275e-05 -5.56705988e-02 -3.08445195e-02
 -4.69969619e-02  7.40737029e-05  3.07911127e-02 -6.25005558e-01]","[ 0.         -1.2886976   8.95867825 -1.43229818 -4.39550829  0.41488901
  0.7128703  -1.33542514]"
1747093070.5579925,"[ 0.          0.15700198  0.40027834 -2.92240704 -2.2140749   1.14381224
  1.07844895  1.69544878]","[ 0.00000000e+00 -5.02642966e-05 -5.13185192e-02 -3.75435473e-02
 -4.83474467e-02  7.40737029e-05  3.45374480e-02 -6.21674077e-01]","[ 0.         -1.33601916  8.87054634 -1.43153024 -4.34500408  0.4289476
  0.70821691 -1.28931117]"
1747093070.559218,"[ 0.          0.15700105  0.40017274 -2.92249572 -2.21417637  1.14381224
  1.07852605  1.69423398]","[ 0.00000000e+00 -5.82447383e-05 -5.14075353e-02 -4.46367853e-02
 -5.02381288e-02  7.40737029e-05  4.05146197e-02 -6.14741869e-01]","[ 0.         -1.38174915  8.76023006 -1.38333857 -4.28044081  0.41949597
  0.70596081 -1.2788744 ]"
1747093070.561603,"[ 0.          0.15700105  0.40006941 -2.92258893 -2.2142765   1.14381224
  1.07862019  1.69296871]","[ 0.00000000e+00 -5.82007654e-05 -5.21288109e-02 -4.80773522e-02
 -5.07268771e-02  7.40737029e-05  4.73952376e-02 -6.17442847e-01]","[ 0.         -1.35675633  8.65213108 -1.34005237 -4.24437952  0.40907693
  0.69935608 -1.31017077]"
1747093070.563349,"[ 0.          0.1570006   0.39996472 -2.9226904  -2.21437344  1.14381224
  1.07872292  1.69173593]","[ 0.00000000e+00 -6.34917418e-05 -5.11567654e-02 -5.34792999e-02
 -4.61866702e-02  7.41303991e-05  5.40194971e-02 -6.27976647e-01]","[ 0.         -1.33143294  8.5811882  -1.27681673 -4.19483328  0.3837465
  0.66813761 -1.26226652]"
1747093070.5656345,"[ 0.          0.15700014  0.39986185 -2.92280625 -2.21446079  1.14381224
  1.0788371   1.69043737]","[ 0.00000000e+00 -6.88346925e-05 -5.31552930e-02 -5.82819447e-02
 -4.37557908e-02  7.40737029e-05  5.64229043e-02 -6.34729092e-01]","[ 0.         -1.27218759  8.52115059 -1.17644441 -4.15905476  0.40380633
  0.6279996  -1.21691561]"
1747093070.5674593,"[ 0.          0.15700014  0.399748   -2.92292822 -2.21450606  1.14381224
  1.07895601  1.6891797 ]","[ 0.00000000e+00 -6.87827183e-05 -5.61721344e-02 -6.36784204e-02
 -4.26306385e-02  7.41296676e-05  6.18523200e-02 -6.37700115e-01]","[ 0.         -1.21622586  8.47716999 -1.10036409 -4.14625454  0.41490462
  0.61899495 -1.18007553]"
1747093070.5692482,"[ 0.          0.15699969  0.39963871 -2.92305818 -2.21458969  1.14381224
  1.07908917  1.68788021]","[ 0.00000000e+00 -7.41296676e-05 -5.45596902e-02 -6.45532979e-02
 -4.24053018e-02  7.40744343e-05  6.62028724e-02 -6.33596849e-01]","[ 0.         -1.15788734  8.4548378  -1.01520097 -4.16114712  0.44498301
  0.60640639 -1.15888417]"
1747093070.570864,"[ 0.          0.15699969  0.39958635 -2.92312396 -2.2146307   1.14381224
  1.07915861  1.68725902]","[ 0.00000000e+00 -7.41857136e-05 -5.31552930e-02 -6.67140745e-02
 -4.15950101e-02  7.40737029e-05  7.04954387e-02 -6.29867292e-01]","[ 0.         -1.10710073  8.46925545 -0.93685949 -4.18206692  0.42586896
  0.58188868 -1.1463064 ]"
1747093070.5726614,"[ 0.          0.15699969  0.39947982 -2.92326404 -2.21471326  1.14381317
  1.07930609  1.68597951]","[ 0.00000000e+00 -6.89388604e-05 -5.18602394e-02 -6.86047607e-02
 -4.01229520e-02  8.46556558e-05  7.53571974e-02 -6.22407312e-01]","[ 0.         -1.02979469  8.4584713  -0.84731174 -4.26413584  0.43287227
  0.53064555 -1.21269083]"
1747093070.574344,"[ 0.          0.15699922  0.39937513 -2.9233972  -2.21479129  1.14381411
  1.07947067  1.68475805]","[ 0.00000000e+00 -7.41849740e-05 -5.26690081e-02 -6.72542717e-02
 -3.99744266e-02  9.52385514e-05  8.21096340e-02 -6.18523224e-01]","[ 0.         -0.96235883  8.49525642 -0.74332857 -4.34149694  0.47533098
  0.46507251 -1.30531561]"
1747093070.5759857,"[ 0.          0.15699922  0.3992686  -2.92353569 -2.21487758  1.14381517
  1.07963425  1.68349758]","[ 0.00000000e+00 -7.42418490e-05 -5.13185192e-02 -6.77944648e-02
 -4.26306385e-02  9.53105108e-05  8.28359113e-02 -6.12878122e-01]","[ 0.         -0.90375668  8.53991318 -0.67489511 -4.40984535  0.49760458
  0.48033109 -1.28354907]"
1747093070.5777519,"[ 0.          0.15699922  0.39921853 -2.92360227 -2.21492178  1.1438161
  1.07972181  1.68289157]","[ 0.00000000e+00 -7.42418490e-05 -5.07268771e-02 -6.75243704e-02
 -4.48361812e-02  1.05819570e-04  8.25028247e-02 -6.14119022e-01]","[ 0.         -0.82948023  8.57739353 -0.64900583 -4.42773008  0.53695208
  0.48054805 -1.3835032 ]"
1747093070.5796506,"[ 0.          0.15699922  0.39911843 -2.92373409 -2.2150118   1.14381797
  1.0798816   1.68169102]","[ 0.00000000e+00 -7.42418490e-05 -5.13185192e-02 -6.61738814e-02
 -4.56464729e-02  1.21784452e-04  7.99488533e-02 -6.08799690e-01]","[ 0.         -0.78876334  8.61578465 -0.59891796 -4.44162989  0.53605896
  0.47304839 -1.35341299]"
1747093070.5807967,"[ 0.          0.15699922  0.39906287 -2.9238044  -2.21505894  1.1438189
  1.07996056  1.68109833]","[ 0.00000000e+00 -7.42418490e-05 -5.24106066e-02 -6.62028724e-02
 -4.43860154e-02  1.32374402e-04  7.99488533e-02 -6.01236979e-01]","[ 0.         -0.76941478  8.62512493 -0.58109224 -4.45629787  0.53822845
  0.46463129 -1.32726896]"
1747093070.58252,"[ 0.          0.15699876  0.39895728 -2.92393356 -2.21514389  1.14381983
  1.08012228  1.67987208]","[ 0.00000000e+00 -7.41857136e-05 -5.34792999e-02 -6.59037828e-02
 -4.23623375e-02  1.32474482e-04  7.91385615e-02 -5.96850286e-01]","[ 0.         -0.74523205  8.6540966  -0.52063799 -4.48928881  0.55466503
  0.43193668 -1.20040774]"
1747093070.5842783,"[ 0.          0.15699876  0.39885165 -2.92406006 -2.21522938  1.14382183
  1.08027641  1.67866873]","[ 0.00000000e+00 -7.42418490e-05 -5.13185192e-02 -6.32028089e-02
 -4.10548170e-02  1.43180701e-04  7.80581670e-02 -5.83287406e-01]","[ 0.         -0.68671513  8.70492268 -0.4947727  -4.50014019  0.54205263
  0.41527414 -1.22823024]"
1747093070.586467,"[ 0.          0.15699876  0.39875291 -2.9241823  -2.21530927  1.14382276
  1.08042768  1.67754048]","[ 0.00000000e+00 -7.41857136e-05 -5.02381288e-02 -5.86111530e-02
 -3.99744266e-02  1.43072445e-04  7.23861249e-02 -5.68285087e-01]","[ 0.         -0.64061683  8.78008938 -0.49087343 -4.50001812  0.5563572
  0.37298787 -1.15931821]"
1747093070.5881636,"[ 0.          0.15699876  0.39864822 -2.92429495 -2.2153873   1.14382463
  1.08056277  1.67639706]","[ 0.00000000e+00 -7.42418490e-05 -5.14075353e-02 -5.64503723e-02
 -3.72356859e-02  1.51019407e-04  6.55671883e-02 -5.56204456e-01]","[ 0.         -0.60363668  8.86757088 -0.48350012 -4.48989153  0.57091928
  0.34879228 -1.23324025]"
1747093070.5893219,"[ 0.          0.15699876  0.39859818 -2.92435354 -2.21542193  1.14382463
  1.08062748  1.67584818]","[ 0.00000000e+00 -7.42418490e-05 -5.07268771e-02 -5.51690631e-02
 -3.51126721e-02  1.51019407e-04  6.57003214e-02 -5.56670909e-01]","[ 0.         -0.60150695  8.94164848 -0.48106271 -4.47522068  0.57545382
  0.36187214 -1.29485083]"
1747093070.591714,"[ 0.          0.15699876  0.39850268 -2.92445687 -2.21548504  1.14382649
  1.08075491  1.67475602]","[ 0.00000000e+00 -7.42418490e-05 -4.80773522e-02 -5.15886178e-02
 -2.95906783e-02  1.59089675e-04  6.07719338e-02 -5.51519889e-01]","[ 0.         -0.60921562  9.04856873 -0.48121747 -4.51726198  0.58846438
  0.34800163 -1.32894015]"
1747093070.592831,"[ 0.          0.15699831  0.39841036 -2.92456074 -2.2155399   1.14382942
  1.0808691   1.67362297]","[ 0.00000000e+00 -7.68925753e-05 -4.48875552e-02 -5.06552298e-02
 -2.69823804e-02  1.90763250e-04  5.69905654e-02 -5.52079253e-01]","[ 0.         -0.60337621  9.09555149 -0.52982116 -4.59505606  0.57493943
  0.3128925  -1.27468228]"
1747093070.5957847,"[ 0.          0.15699831  0.39836582 -2.92461214 -2.215566    1.14383035
  1.08092808  1.67307889]","[ 0.00000000e+00 -7.69515634e-05 -4.51062798e-02 -5.21288109e-02
 -2.64695534e-02  1.98711722e-04  5.56705988e-02 -5.51250044e-01]","[ 0.         -0.61645579  9.08937073 -0.56317669 -4.63754463  0.57999223
  0.29351312 -1.29502583]"
1747093070.5963695,"[ 0.          0.15699784  0.39827721 -2.92471946 -2.21562006  1.14383315
  1.08103461  1.67200204]","[ 0.00000000e+00 -8.21963279e-05 -4.51062798e-02 -5.48297889e-02
 -2.70097486e-02  2.28028536e-04  5.29391068e-02 -5.44504457e-01]","[ 0.         -0.64902991  9.17194843 -0.62503135 -4.7070055   0.57249457
  0.29162246 -1.24028933]"
1747093070.5981328,"[ 0.          0.15699784  0.39818995 -2.92483531 -2.21567386  1.14383701
  1.08113734  1.67088325]","[ 0.00000000e+00 -8.21963279e-05 -4.15950101e-02 -5.67204709e-02
 -2.75499417e-02  2.64948963e-04  4.80773522e-02 -5.46137108e-01]","[ 0.         -0.65500528  9.25211143 -0.63888818 -4.72654533  0.61017776
  0.30386814 -1.13700449]"
1747093070.599895,"[ 0.          0.15699784  0.3981523  -2.92489257 -2.21570289  1.14383981
  1.08118208  1.67034955]","[ 0.00000000e+00 -8.21955152e-05 -3.80837445e-02 -5.80709558e-02
 -2.73080476e-02  3.02270377e-04  4.53763743e-02 -5.41275341e-01]","[ 0.         -0.66471076  9.30160904 -0.64441526 -4.72881174  0.62598908
  0.30804321 -1.12530673]"
1747093070.6017323,"[ 0.          0.15699739  0.3980816  -2.92501427 -2.21575482  1.1438446
  1.08126291  1.66925179]","[ 0.00000000e+00 -8.74993247e-05 -3.29853473e-02 -6.32028089e-02
 -2.56592596e-02  3.49732641e-04  4.05557531e-02 -5.35333196e-01]","[ 0.         -0.68515652  9.27046108 -0.67091984 -4.70321703  0.62551808
  0.29714581 -1.13960123]"
1747093070.6028907,"[ 0.          0.15699739  0.39802051 -2.92516128 -2.21580302  1.14385033
  1.0813438   1.66821676]","[ 0.00000000e+00 -8.74993247e-05 -3.02509176e-02 -6.73980991e-02
 -2.30706982e-02  4.48652625e-04  3.94342335e-02 -5.21018039e-01]","[ 0.         -0.68280292  9.19788074 -0.68594944 -4.69759893  0.6111201
  0.27111256 -1.15022826]"
1747093070.604592,"[ 0.          0.15699739  0.39799158 -2.92522839 -2.21582353  1.14385312
  1.08138282  1.66766788]","[ 0.00000000e+00 -8.74993247e-05 -2.94406258e-02 -6.79956001e-02
 -2.07975050e-02  5.50680791e-04  3.94342335e-02 -5.16833781e-01]","[ 0.         -0.67107373  9.1459074  -0.66934007 -4.70991135  0.600371
  0.28749365 -1.2353375 ]"
1747093070.6058319,"[ 0.          0.15699739  0.39793053 -2.92537433 -2.21586135  1.14385978
  1.08146365  1.66664523]","[ 0.00000000e+00 -8.75655786e-05 -2.97107224e-02 -7.31964166e-02
 -1.86178429e-02  9.82512622e-04  3.93706464e-02 -5.19127361e-01]","[ 0.         -0.6707682   9.02497196 -0.66467279 -4.70129108  0.57672507
  0.30187044 -1.28603125]"
1747093070.6076512,"[ 0.          0.15699739  0.39790113 -2.92545023 -2.21587972  1.14386364
  1.08150359  1.66613243]","[ 0.00000000e+00 -8.74984469e-05 -2.96806203e-02 -7.69777808e-02
 -1.73030237e-02  1.44065325e-03  4.04735738e-02 -5.20207739e-01]","[ 0.         -0.67787182  8.98166561 -0.64786708 -4.67839193  0.57266814
  0.30479452 -1.27233601]"
1747093070.6094193,"[ 0.          0.15699692  0.39784051 -2.92561375 -2.21591035  1.14387216
  1.08158542  1.66505745]","[ 0.00000000e+00 -9.01508150e-05 -2.93399105e-02 -8.09982136e-02
 -1.48553612e-02  2.52641167e-03  4.03737219e-02 -5.27770484e-01]","[ 0.         -0.67721313  8.91634274 -0.6621505  -4.62112856  0.57068723
  0.28029352 -1.20187843]"
1747093070.6112492,"[ 0.          0.15699692  0.39781205 -2.92569578 -2.21592473  1.14387882
  1.08162443  1.66453334]","[ 0.00000000e+00 -9.02190763e-05 -2.89004307e-02 -8.31057311e-02
 -1.45852636e-02  3.34732093e-03  3.94342335e-02 -5.31551840e-01]","[ 0.         -0.65346128  8.88022041 -0.6491425  -4.59431171  0.562765
  0.26250547 -1.19108403]"
1747093070.6123388,"[ 0.          0.15699692  0.39775739 -2.92586755 -2.21595216  1.14389307
  1.0816986   1.66344304]","[ 0.00000000e+00 -9.01499209e-05 -2.80901368e-02 -8.79625630e-02
 -1.35048743e-02  4.96796629e-03  3.75055099e-02 -5.30375289e-01]","[ 0.         -0.61745614  8.82122612 -0.6222508  -4.53447771  0.55116659
  0.25034243 -1.06322694]"
1747093070.6141338,"[ 0.          0.15699692  0.39770183 -2.92604492 -2.21597826  1.14391411
  1.08176904  1.66239575]","[ 0.00000000e+00 -9.01508150e-05 -2.75499417e-02 -8.67012899e-02
 -1.29515433e-02  8.40382380e-03  3.37621852e-02 -5.30471429e-01]","[ 0.         -0.61380804  8.72191238 -0.58804911 -4.5218792   0.53937399
  0.2391637  -0.89513987]"
1747093070.6158197,"[ 0.          0.15699692  0.39767383 -2.92612881 -2.21599264  1.14392543
  1.0818004   1.66187337]","[ 0.00000000e+00 -9.02190763e-05 -2.83602355e-02 -8.50807064e-02
 -1.35414969e-02  1.01996219e-02  3.18392102e-02 -5.29394313e-01]","[ 0.         -0.60500276  8.65538216 -0.57459062 -4.50342655  0.53792906
  0.24330516 -0.88851082]"
1747093070.6176164,"[ 0.          0.15699646  0.39761045 -2.92629179 -2.21601821  1.14394833
  1.08186132  1.66080318]","[ 0.00000000e+00 -1.00756792e-04 -3.20983628e-02 -8.14867955e-02
 -1.29646791e-02  1.15241586e-02  2.85876049e-02 -5.22099949e-01]","[ 0.         -0.58799624  8.58627892 -0.57766122 -4.45298338  0.5542205
  0.26110443 -0.85757059]"
1747093070.6192775,"[ 0.          0.15699646  0.39753928 -2.92637462 -2.21604164  1.14397496
  1.08190979  1.65978053]","[ 0.00000000e+00 -9.55260799e-05 -3.72734528e-02 -7.79889914e-02
 -1.10627764e-02  1.30037163e-02  2.32283823e-02 -5.17236650e-01]","[ 0.         -0.57822806  8.57355499 -0.55662715 -4.38759232  0.55987501
  0.25144687 -0.86266226]"
1747093070.6204576,"[ 0.          0.15699646  0.39750116 -2.92645078 -2.21605283  1.14398641
  1.08192977  1.65927546]","[ 0.00000000e+00 -9.54538036e-05 -3.85848058e-02 -7.72478753e-02
 -1.05322757e-02  1.21543863e-02  2.02573099e-02 -5.12104805e-01]","[ 0.         -0.60669494  8.57943535 -0.57397175 -4.37394619  0.54921216
  0.2399637  -0.90753329]"
1747093070.622384,"[ 0.          0.15699601  0.3974208  -2.92660258 -2.21606961  1.14400825
  1.08196592  1.65823856]","[ 0.00000000e+00 -1.00756792e-04 -3.91641349e-02 -7.29736182e-02
 -7.83282698e-03  1.06578427e-02  1.72862385e-02 -5.06432772e-01]","[ 0.         -0.612198    8.66433907 -0.60476303 -4.35168171  0.56088078
  0.21725275 -1.00782669]"
1747093070.624453,"[ 0.          0.15699601  0.39734733 -2.92674    -2.21608212  1.14402822
  1.08199641  1.65717116]","[ 0.00000000e+00 -1.06059781e-04 -3.67332556e-02 -6.82654241e-02
 -5.51171616e-03  1.03577128e-02  1.45852636e-02 -5.27616853e-01]","[ 0.         -0.62883973  8.70353699 -0.6186142  -4.41427755  0.5646829
  0.20117272 -1.01906383]"
1747093070.6261184,"[ 0.          0.15699554  0.39727296 -2.92687582 -2.21608985  1.1440454
  1.08202304  1.65608859]","[ 0.00000000e+00 -1.08711279e-04 -3.58865659e-02 -6.55671883e-02
 -3.50770955e-03  9.00324883e-03  1.24118953e-02 -5.55297417e-01]","[ 0.         -0.68934208  8.69987106 -0.61607713 -4.54984474  0.58778429
  0.18017396 -1.06158006]"
1747093070.6278157,"[ 0.          0.15699554  0.39723851 -2.92693894 -2.21609224  1.14405392
  1.0820335   1.65552533]","[ 0.00000000e+00 -1.08711279e-04 -3.48779477e-02 -6.40131007e-02
 -2.43087727e-03  8.42383756e-03  1.05338018e-02 -5.71256176e-01]","[ 0.         -0.69889462  8.71887684 -0.65328985 -4.59587622  0.59292865
  0.17740583 -1.05726266]"
1747093070.6289542,"[ 0.          0.15699509  0.3971701  -2.92705639 -2.21609597  1.1440691
  1.08204868  1.65431439]","[ 0.00000000e+00 -1.14014268e-04 -3.45724769e-02 -5.78008613e-02
 -1.35048743e-03  7.80959922e-03  6.75243714e-03 -5.96375245e-01]","[ 0.         -0.7479071   8.79936695 -0.74795091 -4.63761616  0.62678593
  0.17080295 -1.04308999]"
1747093070.630656,"[ 0.          0.15699463  0.39713428 -2.92711471 -2.21609624  1.14407669
  1.08205533  1.65371025]","[ 0.00000000e+00 -1.19316070e-04 -3.36029739e-02 -5.49182932e-02
 -2.70097476e-04  7.74279393e-03  6.26921124e-03 -6.12581046e-01]","[ 0.         -0.78449863  8.84620667 -0.78737307 -4.65854836  0.6542052
  0.16068484 -0.94073403]"
1747093070.6323369,"[ 0.          0.15699371  0.39707366 -2.92721857 -2.21609677  1.14409387
  1.08206392  1.65242794]","[ 0.00000000e+00 -1.27271744e-04 -2.97107224e-02 -5.26690081e-02
 -2.59947393e-04  8.08022008e-03  3.77753328e-03 -6.28927329e-01]","[ 0.         -0.88475215  8.91932201 -0.84069133 -4.74537945  0.6989935
  0.12846369 -0.88078648]"
1747093070.634647,"[ 0.          0.15699325  0.39701993 -2.9273227  -2.2160973   1.14411198
  1.08206865  1.65117892]","[ 0.00000000e+00 -1.32574732e-04 -2.45788713e-02 -5.01536899e-02
 -1.75496610e-04  8.58035809e-03  1.89260183e-03 -6.34729092e-01]","[ 0.         -0.90373576  9.00872135 -0.89943987 -4.79208279  0.71154279
  0.12758282 -0.84937435]"
1747093070.6363213,"[ 0.          0.15699233  0.39697862 -2.92741831 -2.21609784  1.14412996
  1.08207151  1.6498737 ]","[ 0.00000000e+00 -1.37980743e-04 -1.94470181e-02 -4.80773522e-02
 -2.64991160e-04  9.12883144e-03  1.89068235e-03 -6.36951900e-01]","[ 0.         -0.94310296  8.98845673 -0.97799653 -4.82943344  0.69070864
  0.10361272 -0.95369935]"
1747093070.6379836,"[ 0.          0.15699188  0.39695934 -2.92746784 -2.2160981   1.144149
  1.08207438  1.64861123]","[ 0.00000000e+00 -1.40527813e-04 -1.80383432e-02 -4.66429321e-02
 -2.65943796e-04  9.39216397e-03  1.43040879e-03 -6.42561915e-01]","[ 0.         -0.98609984  8.96765327 -1.00228119 -4.80739164  0.68471336
  0.11436222 -0.9866454 ]"
1747093070.6397426,"[ 0.          0.15699095  0.39692672 -2.92756185 -2.21609863  1.14415859
  1.08207531  1.6479758 ]","[ 0.00000000e+00 -1.51133693e-04 -1.62058481e-02 -4.78072536e-02
 -2.67117463e-04  9.47681713e-03  1.22847629e-03 -6.43799619e-01]","[ 0.         -1.05587471  8.89388847 -1.05658209 -4.77960348  0.68416673
  0.11432245 -0.99921495]"
1747093070.6409135,"[ 0.          0.15699003  0.39689319 -2.92766252 -2.21609917  1.14417656
  1.0820801   1.64665727]","[ 0.00000000e+00 -1.59210139e-04 -1.65507181e-02 -5.15886178e-02
 -2.98077979e-04  9.36021436e-03  1.85447675e-03 -6.44452560e-01]","[ 0.         -1.08214092  8.79908466 -1.06007814 -4.71773291  0.69725215
  0.11844731 -0.9074921 ]"
1747093070.6425838,"[ 0.          0.15698912  0.39687668 -2.92771898 -2.21609917  1.14418801
  1.08208197  1.64602277]","[ 0.00000000e+00 -1.64392656e-04 -1.67460433e-02 -5.31629122e-02
 -2.31838413e-04  9.65549547e-03  1.91479540e-03 -6.43372182e-01]","[ 0.         -1.08218503  8.74866962 -1.06797445 -4.6755743   0.69798654
  0.10713294 -0.92992568]"
1747093070.6443317,"[ 0.          0.1569882   0.39683946 -2.92782737 -2.21609917  1.14420985
  1.08208583  1.64471569]","[ 0.00000000e+00 -1.75131157e-04 -1.94470181e-02 -5.53699820e-02
 -2.06492334e-04  1.09721540e-02  1.91082809e-03 -6.36352689e-01]","[ 0.         -1.06769013  8.67324638 -1.03899336 -4.55452824  0.70682919
  0.07912284 -0.80469126]"
1747093070.6454785,"[ 0.          0.15698774  0.39681836 -2.9278849  -2.21609917  1.14422224
  1.08208769  1.64408972]","[ 0.00000000e+00 -1.76868763e-04 -2.13377002e-02 -5.83410544e-02
 -1.47510874e-04  1.15241586e-02  1.90798184e-03 -6.34729092e-01]","[ 0.         -1.06872356  8.60684204 -1.00478721 -4.52810287  0.70572495
  0.08342446 -0.7380541 ]"
1747093070.647252,"[ 0.          0.15698729  0.39677016 -2.92801486 -2.21609917  1.144247
  1.08209342  1.64285494]","[ 0.00000000e+00 -1.74983126e-04 -2.45788713e-02 -6.59037828e-02
 -5.89978078e-05  1.20875535e-02  2.25214457e-03 -6.22304580e-01]","[ 0.         -1.03779376  8.53439999 -0.96792305 -4.49763918  0.66279322
  0.06714495 -0.68583125]"
1747093070.6490066,"[ 0.          0.15698682  0.39671826 -2.92815201 -2.21609917  1.14426884
  1.08209721  1.64160019]","[ 0.00000000e+00 -1.76910147e-04 -2.70097486e-02 -7.07655415e-02
  0.00000000e+00  1.10739970e-02  2.19418961e-03 -6.06638935e-01]","[ 0.         -0.9806391   8.49557304 -0.90771824 -4.47031689  0.63731599
  0.06068271 -0.67247009]"
1747093070.6507165,"[ 0.          0.15698637  0.39668886 -2.92822924 -2.21609917  1.14428029
  1.08209914  1.6410103 ]","[ 0.00000000e+00 -1.76770698e-04 -2.75845316e-02 -7.26544384e-02
  0.00000000e+00  1.06630473e-02  2.12415653e-03 -5.98265890e-01]","[ 0.         -0.93267155  8.51577187 -0.87031472 -4.41557646  0.61481249
  0.04644168 -0.76418179]"
1747093070.6525064,"[ 0.          0.15698591  0.39663237 -2.92838024 -2.21609917  1.1442984
  1.08210101  1.63984597]","[ 0.00000000e+00 -1.71248394e-04 -2.88711484e-02 -7.72478753e-02
  0.00000000e+00  9.17865960e-03  1.88792985e-03 -5.88542422e-01]","[ 0.         -0.88098824  8.48187733 -0.76903754 -4.31848049  0.63528436
  0.00968475 -0.80444962]"
1747093070.6542792,"[ 0.          0.15698544  0.39657132 -2.92853311 -2.21609863  1.14431651
  1.08210201  1.63855979]","[ 0.00000000e+00 -1.69647263e-04 -3.03429839e-02 -7.72478753e-02
  3.79529876e-05  8.84252706e-03  1.57964295e-03 -5.82279799e-01]","[ 0.00000000e+00 -8.04509044e-01  8.47671509e+00 -7.05977499e-01
 -4.24176550e+00  6.52451336e-01 -4.93900245e-03 -7.92382181e-01]"
1747093070.655985,"[ 0.          0.15698544  0.3965052  -2.9286889  -2.21609863  1.14433356
  1.08210294  1.63736683]","[ 0.00000000e+00 -1.62401088e-04 -3.48425735e-02 -7.58204875e-02
  3.77485611e-05  8.77772278e-03  1.06207827e-03 -5.83287406e-01]","[ 0.         -0.71263433  8.48208141 -0.60504121 -4.18080807  0.66171676
 -0.02375601 -0.71495825]"
1747093070.657796,"[ 0.          0.15698499  0.39646799 -2.92876374 -2.21609863  1.14434115
  1.08210201  1.63679984]","[ 0.00000000e+00 -1.62401088e-04 -3.77753338e-02 -7.58973946e-02
  3.52806670e-05  8.28018967e-03  7.37554337e-04 -5.75037532e-01]","[ 0.         -0.66933638  8.4629097  -0.52281255 -4.20164585  0.68602157
 -0.05710143 -0.63865447]"
1747093070.6595452,"[ 0.          0.15698499  0.39638167 -2.9289198  -2.21609863  1.14435446
  1.08210201  1.63567825]","[ 0.00000000e+00 -1.60789781e-04 -4.32155977e-02 -7.58973946e-02
  3.29619541e-05  6.84436769e-03  3.24487941e-04 -5.68285087e-01]","[ 0.         -0.58845377  8.54911613 -0.3989985  -4.19731188  0.67818642
 -0.10317365 -0.55859339]"
1747093070.6613724,"[ 0.          0.15698499  0.39629165 -2.92907213 -2.21609863  1.14436312
  1.08210201  1.63451578]","[ 0.00000000e+00 -1.59208546e-04 -4.56464729e-02 -7.80581670e-02
  3.12064808e-05  4.84666918e-03  1.18008693e-04 -5.65313998e-01]","[ 0.         -0.52367723  8.64814663 -0.33403862 -4.1907773   0.69821566
 -0.13059826 -0.48800698]"
1747093070.662602,"[ 0.          0.15698499  0.39624621 -2.92915762 -2.21609863  1.14436591
  1.08210101  1.63395825]","[ 0.00000000e+00 -1.59208546e-04 -4.61866702e-02 -8.04966738e-02
  3.12046522e-05  3.59434811e-03 -1.18008693e-04 -5.65584109e-01]","[ 0.         -0.51348072  8.73216057 -0.30215302 -4.16944551  0.68972176
 -0.15326317 -0.40738383]"
1747093070.664311,"[ 0.          0.15698499  0.39615024 -2.92931608 -2.21609863  1.14437071
  1.08210101  1.63281203]","[ 0.00000000e+00 -1.56438185e-04 -4.75371550e-02 -8.04890505e-02
  2.93768803e-05  2.45776245e-03 -1.06388141e-04 -5.58210582e-01]","[ 0.         -0.46227589  8.87385654 -0.22053358 -4.18119907  0.71526212
 -0.17372717 -0.42595023]"
1747093070.6660619,"[ 0.          0.15698499  0.39605473 -2.92947267 -2.21609917  1.1443735
  1.08210007  1.63172173]","[ 0.00000000e+00 -1.51249637e-04 -4.94278371e-02 -7.91385615e-02
  0.00000000e+00  1.57946948e-03 -2.60908189e-04 -5.49361297e-01]","[ 0.         -0.39702466  9.01350212 -0.15201285 -4.255373    0.7666598
 -0.22638302 -0.31967929]"
1747093070.6678228,"[ 0.          0.15698499  0.39595323 -2.9296298  -2.21609917  1.14437643
  1.08210007  1.63118244]","[ 0.00000000e+00 -1.51135188e-04 -4.88381092e-02 -7.55506677e-02
  0.00000000e+00  1.45708890e-03 -2.39845842e-04 -5.46947375e-01]","[ 0.         -0.35538816  9.11718941 -0.08207521 -4.31232214  0.7693066
 -0.24269284 -0.34703726]"
1747093070.6696296,"[ 0.          0.15698499  0.39590779 -2.9297017  -2.21609917  1.14437923
  1.08210007  1.63005992]","[ 0.00000000e+00 -1.45613274e-04 -4.62335584e-02 -7.29263222e-02
  0.00000000e+00  1.89068235e-03 -2.21930085e-04 -5.47757675e-01]","[ 0.         -0.32942382  9.17562103 -0.03924439 -4.33937454  0.78804207
 -0.26253137 -0.34750712]"
1747093070.671307,"[ 0.          0.15698499  0.39582101 -2.92984232 -2.21609917  1.14438402
  1.08209914  1.62951756]","[ 0.00000000e+00 -1.45611844e-04 -4.15884063e-02 -7.07655415e-02
  0.00000000e+00  2.04448289e-03 -2.05404378e-04 -5.49918464e-01]","[ 0.         -0.30268687  9.2700901   0.02137138 -4.38070679  0.80497682
 -0.29585654 -0.27581045]"
1747093070.6729703,"[ 0.          0.15698452  0.39574294 -2.9299856  -2.21609917  1.14438882
  1.08209814  1.62838266]","[ 0.00000000e+00 -1.50906827e-04 -3.94342335e-02 -6.93447200e-02
  0.00000000e+00  2.13989090e-03 -2.44519003e-04 -5.56204456e-01]","[ 0.         -0.270219    9.3386364   0.05170433 -4.42756081  0.81546164
 -0.3306675  -0.2569463 ]"
1747093070.6748302,"[ 0.          0.15698452  0.39570436 -2.93005297 -2.21609917  1.14439161
  1.08209814  1.62783192]","[ 0.00000000e+00 -1.45723383e-04 -3.91244538e-02 -6.83346621e-02
  0.00000000e+00  2.21266294e-03 -2.29667703e-04 -5.58561553e-01]","[ 0.         -0.27771643  9.37038231  0.05089186 -4.43952656  0.81337237
 -0.34942648 -0.22927167]"
1747093070.6765184,"[ 0.          0.15698452  0.39562583 -2.93019599 -2.21609917  1.14439734
  1.08209814  1.62668849]","[ 0.00000000e+00 -1.45611844e-04 -3.80837445e-02 -7.02151659e-02
  0.00000000e+00  2.32442468e-03 -2.16517158e-04 -5.57959812e-01]","[ 0.         -0.26971993  9.39803886  0.07112026 -4.47556925  0.80102909
 -0.36152872 -0.20002748]"
1747093070.6782818,"[ 0.          0.15698452  0.39555329 -2.9303382  -2.21609917  1.14440213
  1.08209721  1.62559726]","[ 0.00000000e+00 -1.45721936e-04 -3.61930625e-02 -7.21160221e-02
  0.00000000e+00  2.32679630e-03 -2.63302758e-04 -5.50998842e-01]","[ 0.         -0.22269332  9.40881634  0.09976477 -4.49062252  0.80083865
 -0.36968976 -0.16539246]"
1747093070.6800725,"[ 0.          0.15698499  0.39548302 -2.93048467 -2.21609917  1.144404
  1.08209628  1.62448139]","[ 0.00000000e+00 -1.40316860e-04 -3.36029739e-02 -7.12182455e-02
  0.00000000e+00  2.32679630e-03 -2.89259671e-04 -5.41400842e-01]","[ 0.         -0.20078117  9.38490677  0.15523601 -4.50322056  0.80866897
 -0.38218844 -0.17402636]"
1747093070.6817796,"[ 0.          0.15698499  0.39545043 -2.93055551 -2.21609917  1.14440586
  1.08209528  1.62394956]","[ 0.00000000e+00 -1.40316860e-04 -3.29518914e-02 -7.17731318e-02
  0.00000000e+00  2.31513223e-03 -3.28704169e-04 -5.39384663e-01]","[ 0.         -0.17631294  9.34309196  0.21783356 -4.49251509  0.81332332
 -0.38703957 -0.19949345]"
1747093070.6835797,"[ 0.          0.15698499  0.39538521 -2.93070412 -2.2160997   1.14441065
  1.08209528  1.62290414]","[ 0.00000000e+00 -1.37773464e-04 -3.34920866e-02 -7.24720868e-02
 -1.47192894e-05  2.41590791e-03 -3.13445803e-04 -5.27770484e-01]","[ 0.         -0.17031497  9.26689053  0.2757569  -4.47973537  0.80675822
 -0.39435899 -0.25782275]"
1747093070.6864915,"[ 0.          0.15698499  0.39531267 -2.93084234 -2.21609917  1.14441438
  1.08209528  1.62183394]","[ 0.00000000e+00 -1.37669385e-04 -3.59229638e-02 -6.94150525e-02
  0.00000000e+00  2.37189267e-03 -2.75819322e-04 -5.22908717e-01]","[ 0.         -0.14359982  9.14982319  0.2928445  -4.49010658  0.80179679
 -0.38322976 -0.30044058]"
1747093070.6874855,"[ 0.          0.15698499  0.39524057 -2.93097683 -2.21609917  1.14441824
  1.08209528  1.62081502]","[ 0.00000000e+00 -1.37773464e-04 -3.61930625e-02 -6.75243704e-02
  0.00000000e+00  2.30266219e-03 -2.63584418e-04 -5.13744547e-01]","[ 0.         -0.12541279  9.020298    0.31583464 -4.44077063  0.80553663
 -0.38155302 -0.36168659]"
1747093070.6893418,"[ 0.          0.15698499  0.39517033 -2.93110839 -2.21609917  1.14442211
  1.08209342  1.61976294]","[ 0.00000000e+00 -1.37669385e-04 -3.29518914e-02 -6.29327103e-02
  0.00000000e+00  2.20518763e-03 -3.07169689e-04 -5.14075345e-01]","[ 0.         -0.11132555  8.94690132  0.35829103 -4.41350794  0.80833399
 -0.39411703 -0.31822878]"
1747093070.6911144,"[ 0.          0.15698499  0.39510695 -2.9312221  -2.21609917  1.14442583
  1.08209248  1.61876412]","[ 0.00000000e+00 -1.37773464e-04 -2.98414461e-02 -5.61802737e-02
  0.00000000e+00  2.08169719e-03 -3.36337350e-04 -5.02951587e-01]","[ 0.         -0.05470274  8.82275581  0.38953245 -4.4384532   0.8121568
 -0.40583158 -0.33819506]"
1747093070.6935515,"[ 0.          0.15698499  0.39505322 -2.93133236 -2.21609917  1.1444297
  1.08209248  1.61774613]","[ 0.00000000e+00 -1.32374402e-04 -2.64695534e-02 -5.32092012e-02
  0.00000000e+00  1.95807697e-03 -2.85746912e-04 -4.95898971e-01]","[ 0.         -0.04486341  8.67283344  0.42363903 -4.44857883  0.8073101
 -0.40768054 -0.20925811]"
1747093070.6953714,"[ 0.          0.15698544  0.39500182 -2.9314301  -2.21609917  1.14443249
  1.08209149  1.61677966]","[ 0.00000000e+00 -1.27079427e-04 -2.45521898e-02 -4.78072536e-02
  0.00000000e+00  1.88764065e-03 -3.13797618e-04 -4.86175470e-01]","[ 0.         -0.04597471  8.46571636  0.41657209 -4.3772893   0.79143077
 -0.40758571 -0.1283918 ]"
1747093070.697709,"[ 0.          0.15698499  0.39495268 -2.93151825 -2.21609917  1.14443542
  1.08209149  1.61580362]","[ 0.00000000e+00 -1.27079427e-04 -2.51190644e-02 -4.07847184e-02
  0.00000000e+00  1.83803329e-03 -3.02803984e-04 -4.71590202e-01]","[ 0.         -0.03917654  8.28532982  0.3847253  -4.32726765  0.79561496
 -0.39615476 -0.17976743]"
1747093070.6989386,"[ 0.          0.15698544  0.39490125 -2.93159095 -2.21609863  1.14443915
  1.08209149  1.61489508]","[ 0.00000000e+00 -1.24431935e-04 -2.59293582e-02 -3.59229638e-02
  1.04015507e-05  1.77190796e-03 -2.73667370e-04 -4.56811722e-01]","[ 0.         -0.05926111  8.12743378  0.37267122 -4.26125908  0.80616337
 -0.38036501 -0.1157081 ]"
1747093070.7006865,"[ 0.          0.15698544  0.39487322 -2.93162637 -2.21609863  1.14444115
  1.08209149  1.61441851]","[ 0.00000000e+00 -1.24527252e-04 -2.63059188e-02 -3.33208307e-02
  1.04015507e-05  1.77866521e-03 -2.74406371e-04 -4.48875535e-01]","[ 0.         -0.08336297  8.06074047  0.3589842  -4.24164534  0.79590708
 -0.39449003 -0.11004904]"
1747093070.702507,"[ 0.          0.15698499  0.39482319 -2.93168736 -2.21609863  1.14444488
  1.08209149  1.61354898]","[ 0.00000000e+00 -1.24431935e-04 -2.51190644e-02 -3.02509176e-02
  1.01904080e-05  1.78314916e-03 -2.65127586e-04 -4.39178500e-01]","[ 0.         -0.12731338  7.93971777  0.33294776 -4.23267174  0.77628314
 -0.38157329 -0.18069854]"
1747093070.7043056,"[ 0.          0.15698544  0.39477405 -2.93174248 -2.21609863  1.14444874
  1.08209055  1.61268239]","[ 0.00000000e+00 -1.19227035e-04 -2.38230038e-02 -2.60799204e-02
  1.00160261e-05  1.79708004e-03 -2.73337466e-04 -4.38908389e-01]","[ 0.         -0.1467443   7.79994583  0.26961601 -4.19527006  0.79070997
 -0.36722285 -0.24212483]"
1747093070.7054753,"[ 0.          0.15698544  0.39475245 -2.93176459 -2.21609863  1.1444506
  1.08209055  1.61221807]","[ 0.00000000e+00 -1.19136960e-04 -2.18778954e-02 -2.24180906e-02
  9.83351284e-06  1.79026635e-03 -2.39162594e-04 -4.36928761e-01]","[ 0.         -0.1436222   7.71750021  0.24753512 -4.19217634  0.79321277
 -0.36080718 -0.17583539]"
1747093070.7072902,"[ 0.          0.15698499  0.39471067 -2.93179974 -2.21609863  1.1444554
  1.08209055  1.61135813]","[ 0.00000000e+00 -1.24431935e-04 -2.10462568e-02 -1.62058481e-02
  0.00000000e+00  1.83605504e-03 -2.31831213e-04 -4.37017711e-01]","[ 0.         -0.17034118  7.57414627  0.19284548 -4.14966822  0.79103953
 -0.32040361 -0.19010277]"
1747093070.709674,"[ 0.          0.15698544  0.39466752 -2.93182291 -2.21609863  1.14446112
  1.08209055  1.61046491]","[ 0.00000000e+00 -1.13841985e-04 -2.13160808e-02 -9.45341148e-03
  0.00000000e+00  1.94692771e-03 -2.24935927e-04 -4.36337107e-01]","[ 0.         -0.22019716  7.45057154  0.14648715 -4.1235981   0.78274268
 -0.32233608 -0.18343963]"
1747093070.7126431,"[ 0.          0.15698499  0.39462022 -2.93183117 -2.21609863  1.14446778
  1.08208962  1.60961816]","[ 0.00000000e+00 -1.19136960e-04 -2.51190644e-02 -2.42841436e-03
  0.00000000e+00  2.12191638e-03 -2.56473921e-04 -4.27294210e-01]","[ 0.         -0.29789075  7.3286581   0.07691415 -4.10948181  0.81246048
 -0.31098136 -0.14965826]"
1747093070.7155192,"[ 0.          0.15698499  0.39449668 -2.93182371 -2.2160981   1.14448669
  1.08208962  1.60791533]","[ 0.00000000e+00 -1.19136960e-04 -3.41267324e-02  1.85493812e-03
  8.55194479e-06  3.31184029e-03 -1.94601540e-04 -4.19731465e-01]","[ 0.         -0.41005751  7.2884593  -0.06240594 -4.13738966  0.83098865
 -0.2952621   0.01630671]"
1747093070.7184808,"[ 0.          0.15698499  0.3943851  -2.93182557 -2.21609863  1.1445048
  1.08208862  1.60667297]","[ 0.00000000e+00 -1.13841985e-04 -3.48425735e-02  6.38265111e-04
  0.00000000e+00  5.24704997e-03 -1.89144953e-04 -4.06226608e-01]","[ 0.         -0.5012362   7.38836479 -0.16421027 -4.18581247  0.82708651
 -0.29604477  0.02954968]"
1747093070.7214706,"[ 0.          0.15698499  0.39427581 -2.93182824 -2.21609863  1.1445277
  1.08208769  1.60551423]","[ 0.00000000e+00 -1.13841985e-04 -3.80809482e-02 -3.01988489e-04
  0.00000000e+00  7.02091603e-03 -2.00603975e-04 -3.82998218e-01]","[ 0.00000000e+00 -5.23302674e-01  7.54454565e+00 -2.29125857e-01
 -4.22724581e+00  8.50836694e-01 -3.47089559e-01 -4.06133896e-03]"
1747093070.7244365,"[ 0.          0.15698499  0.39415184 -2.93182691 -2.21609863  1.1445562
  1.08208676  1.60437266]","[ 0.00000000e+00 -1.08466135e-04 -4.48361812e-02 -3.53986839e-04
  0.00000000e+00  9.00745891e-03 -2.22893645e-04 -3.75435506e-01]","[ 0.         -0.54638624  7.67562246 -0.26995274 -4.2209816   0.85206151
 -0.35231495 -0.04194863]"
1747093070.7279513,"[ 0.          0.15698499  0.3940017  -2.93182771 -2.21609863  1.14459335
  1.08208583  1.60323403]","[ 0.00000000e+00 -1.05899518e-04 -4.94780210e-02 -4.11579421e-04
  0.00000000e+00  1.22888125e-02 -2.17290051e-04 -3.74355095e-01]","[ 0.         -0.58040535  7.91846943 -0.30568781 -4.24556065  0.86566907
 -0.34359029  0.01304103]"
1747093070.730947,"[ 0.          0.15698499  0.39383638 -2.93182744 -2.21609863  1.1446313
  1.0820839   1.60207822]","[ 0.00000000e+00 -1.00604543e-04 -5.72606640e-02  0.00000000e+00
  0.00000000e+00  1.24774746e-02 -2.38450510e-04 -3.85699196e-01]","[ 0.         -0.54326421  8.17765903 -0.29872975 -4.27325106  0.87335306
 -0.37854093  0.11928133]"
1747093070.7339618,"[ 0.          0.15698499  0.39371425 -2.93182744 -2.21609863  1.14466845
  1.08208197  1.60089098]","[ 0.00000000e+00 -8.73679709e-05 -6.31387724e-02  0.00000000e+00
  0.00000000e+00  1.20934561e-02 -2.52564013e-04 -3.91449560e-01]","[ 0.         -0.54111093  8.38215637 -0.22963187 -4.31180429  0.86935085
 -0.38687393  0.19688901]"
1747093070.7368457,"[ 0.          0.15698499  0.39346581 -2.93182744 -2.21609863  1.14472451
  1.08207817  1.59936219]","[ 0.00000000e+00 -7.40744343e-05 -6.15822255e-02  0.00000000e+00
  0.00000000e+00  1.48170013e-02 -3.11285301e-04 -3.86779574e-01]","[ 0.         -0.48420262  8.85183334 -0.18423115 -4.33818531  0.87042087
 -0.49147639  0.40622818]"
1747093070.7404916,"[ 0.          0.15698499  0.39327343 -2.93182691 -2.21609863  1.1447779
  1.08207438  1.5982197 ]","[ 0.00000000e+00 -5.82447383e-05 -6.23293004e-02  2.51657081e-05
  0.00000000e+00  1.89068230e-02 -3.67832448e-04 -3.72194306e-01]","[ 0.         -0.44456962  9.12565994 -0.10762774 -4.38539648  0.86687154
 -0.54921979  0.40858519]"
1747093070.743358,"[ 0.          0.15698499  0.39308148 -2.93182691 -2.21609863  1.14483303
  1.08207058  1.59710849]","[ 0.00000000e+00 -4.23598089e-05 -6.42831993e-02  3.45297065e-05
  0.00000000e+00  1.83666278e-02 -4.18415117e-04 -3.62740916e-01]","[ 0.00000000e+00 -3.87132555e-01  9.28757095e+00 -7.52294483e-03
 -4.38095999e+00  8.63290548e-01 -5.87513387e-01  3.69892359e-01]"
1747093070.7469552,"[ 0.          0.15698499  0.392884   -2.93182637 -2.21609863  1.14488057
  1.08206679  1.59604882]","[ 0.00000000e+00 -2.64548924e-05 -6.44474955e-02  5.51973377e-05
  0.00000000e+00  1.59357516e-02 -4.62940361e-04 -3.42483615e-01]","[ 0.         -0.33199814  9.44204807  0.05115348 -4.32898903  0.87696278
 -0.63930166  0.31714198]"
1747093070.749965,"[ 0.          0.15698499  0.39270494 -2.93182637 -2.2160981   1.14492345
  1.08206299  1.59503189]","[ 0.00000000e+00 -1.85324169e-05 -5.96915434e-02  2.11479478e-05
  5.69434767e-06  1.40450684e-02 -5.07390672e-04 -3.30824362e-01]","[ 0.         -0.30676857  9.52519417  0.14679565 -4.2934432   0.87248623
 -0.65185541  0.24661054]"
1747093070.75365,"[ 0.          0.15698499  0.39248683 -2.93182611 -2.21609863  1.14497285
  1.08205633  1.59376569]","[ 0.00000000e+00 -7.94246417e-06 -5.01872291e-02  5.88370535e-05
  0.00000000e+00  1.16141912e-02 -5.81541601e-04 -3.16233502e-01]","[ 0.         -0.22121301  9.34955788  0.26277438 -4.32066393  0.83627862
 -0.7048254   0.26170674]"
1747093070.7562015,"[ 0.          0.15698544  0.39234951 -2.93182504 -2.2160981   1.14499855
  1.08205154  1.59281335]","[ 0.00000000e+00  0.00000000e+00 -4.42959881e-02  9.14201808e-05
  5.34739074e-06  7.69387655e-03 -7.29072208e-04 -3.13583157e-01]","[ 0.         -0.17195201  9.08120918  0.34598824 -4.28715658  0.83453786
 -0.71438873  0.23730548]"
1747093070.7584932,"[ 0.          0.15698544  0.39226136 -2.93182451 -2.2160981   1.145008
  1.08204681  1.59217698]","[ 0.00000000e+00  5.29502843e-06 -4.42959881e-02  1.02498258e-04
  5.29497611e-06  4.86175453e-03 -1.06814912e-03 -3.07911123e-01]","[ 0.         -0.10678483  8.89647007  0.44080469 -4.23684168  0.82511508
 -0.73181218  0.25326541]"
1747093070.7602375,"[ 0.          0.15698544  0.39217134 -2.93182451 -2.21609784  1.14501186
  1.08204202  1.5915815 ]","[ 0.00000000e+00  5.29097849e-06 -4.32155977e-02  9.95915455e-05
  7.94246417e-06  1.81963173e-03 -1.48558252e-03 -2.99504423e-01]","[ 0.         -0.09161123  8.70287895  0.51372808 -4.15661621  0.79862344
 -0.77399218  0.28663391]"
1747093070.7626603,"[ 0.          0.15698544  0.39209191 -2.93182424 -2.21609784  1.14501279
  1.08203636  1.59096884]","[ 0.00000000e+00  5.29502843e-06 -3.91641349e-02  9.93531467e-05
  7.94246417e-06  5.40194952e-04 -1.71743527e-03 -2.98187623e-01]","[ 0.         -0.04054066  8.51947784  0.58311069 -4.13338375  0.78242439
 -0.78144407  0.30346468]"
1747093070.7638109,"[ 0.          0.15698591  0.39201202 -2.93182371 -2.21609784  1.14501186
  1.0820297   1.59038761]","[ 0.00000000e+00  7.93646773e-06 -3.91244538e-02  1.12467963e-04
  7.93654595e-06 -3.51108921e-04 -2.04169320e-03 -2.93325855e-01]","[ 0.00000000e+00 -4.31040023e-03  8.25054169e+00  6.28649473e-01
 -4.12334776e+00  7.51532853e-01 -7.90466785e-01  3.21985692e-01]"
1747093070.7655873,"[ 0.          0.15698591  0.39197161 -2.93182371 -2.21609784  1.14501186
  1.08202684  1.59008693]","[ 0.00000000e+00  7.94246417e-06 -4.10964955e-02  1.08976864e-04
  7.94246417e-06 -3.51108921e-04 -2.23113264e-03 -2.83117593e-01]","[ 0.          0.02626762  8.17452717  0.67817652 -4.1336441   0.75074428
 -0.77484459  0.33732101]"
1747093070.7673745,"[ 0.          0.15698591  0.39188482 -2.93182291 -2.21609784  1.14501279
  1.08202018  1.58955417]","[ 0.00000000e+00  7.94246417e-06 -4.48361812e-02  1.28618571e-04
  1.32374398e-05  0.00000000e+00 -2.58061922e-03 -2.65504993e-01]","[ 0.          0.07768387  7.9433651   0.70052165 -4.12300348  0.75551683
 -0.75728482  0.31557631]"
1747093070.76967,"[ 0.          0.15698637  0.39178885 -2.93182291 -2.21609784  1.14501373
  1.08201352  1.58903858]","[ 0.00000000e+00  1.32374398e-05 -4.69969619e-02  1.25113964e-04
  1.32375708e-05  1.50994244e-04 -2.91441942e-03 -2.48260776e-01]","[ 0.          0.09731019  7.78559017  0.71637267 -4.09290934  0.75886381
 -0.76587528  0.26546109]"
1747093070.7714567,"[ 0.          0.15698637  0.3916947  -2.93182238 -2.21609784  1.14501373
  1.0820078   1.58856867]","[ 0.00000000e+00  1.32574726e-05 -4.80773522e-02  1.32606689e-04
  1.32275773e-05  2.31838413e-04 -3.09923291e-03 -2.34444612e-01]","[ 0.          0.12176734  7.63415813  0.7371428  -4.10737181  0.76064926
 -0.77747089  0.28807423]"
1747093070.7730904,"[ 0.          0.15698637  0.39158771 -2.93182185 -2.21609784  1.14501466
  1.08200114  1.58810634]","[ 0.00000000e+00  1.85604623e-05 -5.34792999e-02  1.42596591e-04
  1.32374398e-05  2.65943796e-04 -3.17386488e-03 -2.22390263e-01]","[ 0.          0.14845809  7.5499773   0.74866837 -4.13611794  0.73673469
 -0.7843166   0.29451603]"
1747093070.7749045,"[ 0.          0.15698637  0.39153125 -2.93182185 -2.21609784  1.14501466
  1.08199921  1.58789515]","[ 0.00000000e+00  1.85604623e-05 -5.72606640e-02  1.39096137e-04
  1.32374398e-05  2.65943796e-04 -3.03175923e-03 -2.13970280e-01]","[ 0.          0.15205242  7.53978491  0.74499971 -4.1542697   0.73549169
 -0.77961946  0.30768159]"
1747093070.777139,"[ 0.          0.15698682  0.39140635 -2.93182105 -2.21609784  1.14501466
  1.08199448  1.58749182]","[ 0.00000000e+00  2.38812822e-05 -6.18523200e-02  1.55161952e-04
  1.32275773e-05  2.40444305e-04 -2.93342045e-03 -2.01492721e-01]","[ 0.          0.1775357   7.53745174  0.73155493 -4.1869216   0.71017838
 -0.77893251  0.29728934]"
1747093070.7783155,"[ 0.          0.15698682  0.39127915 -2.93181998 -2.21609784  1.14501572
  1.08199069  1.58709221]","[ 0.00000000e+00  2.38634509e-05 -6.55671883e-02  1.72448621e-04
  1.32374398e-05  2.85746912e-04 -2.66917297e-03 -1.92849598e-01]","[ 0.          0.17269397  7.59701824  0.71838361 -4.22510576  0.71878231
 -0.81670099  0.28645757]"
1747093070.7800586,"[ 0.          0.15698682  0.39113404 -2.93181998 -2.21609784  1.14501572
  1.08198689  1.58671364]","[ 0.00000000e+00  1.85745164e-05 -7.27228567e-02  1.68604039e-04
  1.32274462e-05  2.24515419e-04 -2.40466021e-03 -1.91963897e-01]","[ 0.          0.16046341  7.71497583  0.71822333 -4.26763201  0.74520105
 -0.8242957   0.29864931]"
1747093070.7818167,"[ 0.          0.15698682  0.39105874 -2.93181945 -2.21609784  1.14501666
  1.08198496  1.58650818]","[ 0.00000000e+00  1.85604623e-05 -7.64375836e-02  1.75821021e-04
  1.32274462e-05  2.65670913e-04 -2.30826523e-03 -1.93411125e-01]","[ 0.          0.14745981  7.78814888  0.70258456 -4.28601599  0.74767113
 -0.82887667  0.31097797]"
1747093070.783582,"[ 0.          0.15698682  0.39090261 -2.93181945 -2.21609784  1.14501759
  1.08198116  1.58612189]","[ 0.00000000e+00  1.85604623e-05 -8.04890505e-02  1.72365446e-04
  1.85325998e-05  3.17547045e-04 -2.13995423e-03 -1.98791743e-01]","[ 0.          0.14795895  7.97390842  0.69128215 -4.35715914  0.76186997
 -0.8400135   0.35712451]"
1747093070.78538,"[ 0.          0.15698682  0.39072721 -2.93181945 -2.2160981   1.14501759
  1.08197737  1.58569006]","[ 0.00000000e+00  1.85604623e-05 -8.75115816e-02  1.68508300e-04
  1.58729355e-05  2.30747954e-04 -1.97164323e-03 -2.25801489e-01]","[ 0.          0.17475435  8.1675148   0.64845037 -4.46918154  0.75146055
 -0.8749451   0.39617231]"
1747093070.7865741,"[ 0.          0.15698682  0.39063996 -2.93181945 -2.21609863  1.14501852
  1.08197451  1.58543413]","[ 0.00000000e+00  1.85604623e-05 -8.85919761e-02  1.68508300e-04
  5.29097849e-06  2.98059448e-04 -1.97164323e-03 -2.40761780e-01]","[ 0.          0.18315606  8.33271503  0.64096868 -4.51167393  0.75141227
 -0.88715339  0.40063736]"
1747093070.7883673,"[ 0.          0.15698682  0.3904595  -2.93181918 -2.21609863  1.14501852
  1.08196878  1.58491468]","[ 0.00000000e+00  1.85745164e-05 -8.82704993e-02  1.67168819e-04
  5.29502843e-06  2.80841878e-04 -2.11039886e-03 -2.70097482e-01]","[ 0.          0.1871108   8.62671471  0.62656766 -4.60381889  0.75489163
 -0.88636267  0.45050925]"
1747093070.7901423,"[ 0.          0.15698729  0.39028639 -2.93181865 -2.21609863  1.14501945
  1.08196212  1.58432106]","[ 0.00000000e+00  2.38634509e-05 -8.74229150e-02  1.63896597e-04
  5.29097849e-06  3.06478769e-04 -2.27575386e-03 -2.97411378e-01]","[ 0.          0.15120596  8.91004753  0.60348296 -4.67232895  0.76738065
 -0.90485454  0.45337656]"
1747093070.79135,"[ 0.          0.15698729  0.39019731 -2.93181812 -2.21609863  1.14502038
  1.08195833  1.58401386]","[ 0.00000000e+00  2.38634509e-05 -8.38356120e-02  1.74470568e-04
  5.29497611e-06  3.06478769e-04 -2.41122371e-03 -3.11692479e-01]","[ 0.          0.13273627  9.03226089  0.60611612 -4.71305895  0.77972412
 -0.92410034  0.44284499]"
1747093070.7931423,"[ 0.          0.15698729  0.39003795 -2.93181732 -2.21609863  1.14502132
  1.08194974  1.58336698]","[ 0.00000000e+00  2.38634509e-05 -8.02189477e-02  1.82895465e-04
  5.29097849e-06  3.15705004e-04 -2.85724988e-03 -3.31343645e-01]","[ 0.          0.1492607   9.25661945  0.61660534 -4.80134964  0.78481078
 -0.94577992  0.42161015]"
1747093070.794937,"[ 0.          0.15698729  0.38996172 -2.93181679 -2.21609863  1.14502238
  1.08194022  1.58266777]","[ 0.00000000e+00  2.38634509e-05 -7.72478753e-02  1.89492039e-04
  5.29497611e-06  3.48659964e-04 -3.53474089e-03 -3.43563993e-01]","[ 0.          0.16878229  9.33782673  0.60919863 -4.8277936   0.77919239
 -0.95765865  0.43173853]"
1747093070.7966459,"[ 0.          0.15698774  0.38981341 -2.93181625 -2.21609863  1.14502238
  1.08193456  1.58232422]","[ 0.00000000e+00  2.65350217e-05 -7.03996481e-02  1.95845866e-04
  5.29497611e-06  3.48659964e-04 -4.10080203e-03 -3.48425760e-01]","[ 0.          0.19942138  9.48200703  0.62424093 -4.82943249  0.76244724
 -0.96533602  0.47249669]"
1747093070.7978735,"[ 0.          0.15698774  0.38968302 -2.93181599 -2.21609863  1.14502331
  1.08191931  1.58159944]","[ 0.00000000e+00  2.65149452e-05 -6.50275403e-02  1.96901231e-04
  5.29097849e-06  3.68332766e-04 -5.51129016e-03 -3.54586617e-01]","[ 0.          0.21032584  9.5133543   0.63006204 -4.82623911  0.75308329
 -0.97400898  0.51416063]"
1747093070.7997136,"[ 0.          0.15698774  0.38961551 -2.93181545 -2.21609863  1.14502331
  1.08191079  1.5812483 ]","[ 0.00000000e+00  2.38634509e-05 -6.36951900e-02  2.02894937e-04
  0.00000000e+00  3.53262955e-04 -6.48792803e-03 -3.55988471e-01]","[ 0.          0.22720006  9.54304886  0.65457851 -4.80144262  0.74011672
 -0.97326893  0.56867397]"
1747093070.8014653,"[ 0.          0.1569882   0.38949886 -2.93181439 -2.2160981   1.14502331
  1.08188889  1.58055575]","[ 0.00000000e+00  2.65146811e-05 -5.72606640e-02  2.14282031e-04
  5.29097849e-06  3.38367165e-04 -9.49271287e-03 -3.50316438e-01]","[ 0.          0.26923645  9.52115822  0.68909484 -4.70435858  0.72495466
 -0.98017222  0.52860516]"
1747093070.8043332,"[ 0.          0.1569882   0.38939187 -2.93181412 -2.2160981   1.14502331
  1.08186319  1.57985853]","[ 0.00000000e+00  2.65149452e-05 -5.11567654e-02  2.14933550e-04
  5.29502843e-06  2.96071278e-04 -1.21970146e-02 -3.38537409e-01]","[ 0.          0.32463941  9.44911575  0.69085938 -4.59528589  0.68323755
 -0.95147073  0.5287897 ]"
1747093070.8054175,"[ 0.          0.15698865  0.38929683 -2.93181279 -2.2160981   1.14502331
  1.08183562  1.57921351]","[ 0.00000000e+00  3.18179359e-05 -4.69969619e-02  2.29706145e-04
  5.29097849e-06  2.84906254e-04 -1.40521945e-02 -3.22553416e-01]","[ 0.          0.37407404  9.30666447  0.75343722 -4.51001978  0.64933276
 -0.9483493   0.49602628]"
1747093070.8071318,"[ 0.          0.15698912  0.38920545 -2.93181093 -2.2160981   1.14502331
  1.08180899  1.57861044]","[ 0.00000000e+00  4.24239132e-05 -4.31321742e-02  2.51954691e-04
  5.29497611e-06  2.74572916e-04 -1.29973694e-02 -2.99808189e-01]","[ 0.          0.43325636  9.08167553  0.81581706 -4.44728088  0.60823345
 -0.93965316  0.48456722]"
1747093070.8083665,"[ 0.          0.15698958  0.38916597 -2.93180986 -2.2160981   1.14502331
  1.08179661  1.57830032]","[ 0.00000000e+00  4.24239132e-05 -3.99339258e-02  2.64325403e-04
  5.29103081e-06  2.64953482e-04 -1.25595322e-02 -2.91894473e-01]","[ 0.          0.45591772  8.95243168  0.84795773 -4.4033227   0.61057365
 -0.93993157  0.49640176]"
1747093070.8101637,"[ 0.          0.15698958  0.38909569 -2.93180853 -2.21609784  1.14502331
  1.08177663  1.57774571]","[ 0.00000000e+00  4.24239132e-05 -3.45374480e-02  2.76519280e-04
  7.93646773e-06  2.36565606e-04 -9.75278720e-03 -2.78740588e-01]","[ 0.          0.48735222  8.66928196  0.89949745 -4.34738636  0.6043278
 -0.94663548  0.44647506]"
1747093070.8113384,"[ 0.          0.15699003  0.38906127 -2.93180773 -2.21609784  1.14502331
  1.08176805  1.5774517 ]","[ 0.00000000e+00  5.03783961e-05 -3.23491306e-02  2.93947153e-04
  7.94246417e-06  2.28550440e-04 -8.63873854e-03 -2.76848378e-01]","[ 0.          0.52739853  8.50944614  0.92672819 -4.31516123  0.5852195
 -0.93565494  0.4134098 ]"
1747093070.8131535,"[ 0.          0.1569905   0.38899742 -2.93180667 -2.21609784  1.14502331
  1.08175287  1.57690562]","[ 0.00000000e+00  5.56808321e-05 -3.29518914e-02  3.28047871e-04
  7.93654595e-06  2.00607908e-04 -7.41211827e-03 -2.77930304e-01]","[ 0.          0.57335162  8.25077343  0.94205004 -4.26590919  0.58045435
 -0.91237658  0.41690317]"
1747093070.8148801,"[ 0.          0.1569905   0.38896347 -2.93180613 -2.21609784  1.14502331
  1.08174807  1.57663171]","[ 0.00000000e+00  5.03783961e-05 -3.45724769e-02  3.44071213e-04
  7.93646773e-06  2.01124399e-04 -5.98170948e-03 -2.77660210e-01]","[ 0.          0.5795204   8.11421776  0.99287403 -4.25301647  0.56981343
 -0.8946836   0.4300597 ]"
1747093070.8166409,"[ 0.          0.15699095  0.3888854  -2.9318048  -2.21609784  1.14502238
  1.08173855  1.576059  ]","[ 0.00000000e+00  5.83770511e-05 -3.92038951e-02  3.82565334e-04
  2.64748806e-06  1.23802149e-04 -4.86175453e-03 -2.79537472e-01]","[ 0.          0.62524849  7.87694407  1.05541515 -4.22340441  0.52566004
 -0.87765765  0.42350689]"
1747093070.818433,"[ 0.          0.15699142  0.38879951 -2.93180347 -2.21609784  1.14502238
  1.08173189  1.57549388]","[ 0.00000000e+00  6.36358718e-05 -4.48361812e-02  4.14775766e-04
  7.93654595e-06  1.19585141e-04 -3.77317704e-03 -2.89544500e-01]","[ 0.          0.67741531  7.73637915  1.09999192 -4.27448702  0.49833491
 -0.83801889  0.45967257]"
1747093070.8202868,"[ 0.          0.15699142  0.38875224 -2.93180267 -2.21609784  1.14502238
  1.0817281   1.57520466]","[ 0.00000000e+00  6.36352378e-05 -4.80773522e-02  4.34108456e-04
  7.93654595e-06  1.19581297e-04 -3.42218385e-03 -2.93325855e-01]","[ 0.          0.72031671  7.68755579  1.1161865  -4.27377272  0.48002115
 -0.83776575  0.41510269]"
1747093070.821445,"[ 0.          0.15699188  0.38864249 -2.93180081 -2.21609784  1.14502238
  1.08172337  1.57459013]","[ 0.00000000e+00  6.89388604e-05 -5.65076844e-02  5.01509969e-04
  7.94246417e-06  9.41863314e-05 -2.88103966e-03 -3.00888600e-01]","[ 0.          0.71163231  7.63886833  1.14211857 -4.33804846  0.45328337
 -0.84234416  0.39600915]"
1747093070.8237085,"[ 0.          0.15699233  0.38851436 -2.93179948 -2.21609784  1.14502238
  1.08171958  1.57400703]","[ 0.00000000e+00  7.42418490e-05 -6.80645635e-02  6.10147501e-04
  7.93646773e-06  6.62395490e-05 -1.84332177e-03 -2.94406233e-01]","[ 0.          0.71054208  7.64177752  1.14183688 -4.40939236  0.47163168
 -0.81040251  0.39010078]"
1747093070.8249142,"[ 0.          0.15699233  0.38836512 -2.93179788 -2.21609784  1.14502238
  1.08171571  1.57341155]","[ 0.00000000e+00  7.42418490e-05 -7.45469056e-02  6.93956777e-04
  7.94246417e-06  3.28866524e-05 -1.88507866e-03 -2.90354800e-01]","[ 0.          0.70691621  7.66647339  1.08171618 -4.4839797   0.50029635
 -0.80442232  0.43819487]"
1747093070.8267262,"[ 0.          0.15699233  0.38828935 -2.93179761 -2.21609784  1.14502238
  1.08171292  1.57312606]","[ 0.00000000e+00  7.42411095e-05 -7.67076863e-02  6.89416074e-04
  7.93654595e-06  0.00000000e+00 -2.11940198e-03 -2.89544500e-01]","[ 0.          0.68572783  7.73807716  1.03272307 -4.51775408  0.50228447
 -0.82743895  0.43881077]"
1747093070.8285098,"[ 0.          0.15699233  0.38812497 -2.93179708 -2.2160981   1.14502238
  1.08170626  1.57252965]","[ 0.00000000e+00  7.42418490e-05 -8.17505150e-02  6.78782611e-04
  5.29097849e-06  0.00000000e+00 -2.53295826e-03 -2.90354800e-01]","[ 0.          0.62659484  7.86967373  0.97983932 -4.59532166  0.54241699
 -0.81306779  0.48473871]"
1747093070.830346,"[ 0.          0.15699233  0.38796288 -2.93179655 -2.2160981   1.14502238
  1.08170147  1.57192085]","[ 0.00000000e+00  7.42418490e-05 -8.21096340e-02  6.46964662e-04
  5.29497611e-06  0.00000000e+00 -2.48367418e-03 -2.84351569e-01]","[ 0.          0.57748848  8.02197361  0.89582521 -4.64018106  0.55160308
 -0.76711482  0.47603527]"
1747093070.8314734,"[ 0.          0.15699233  0.38788159 -2.93179655 -2.2160981   1.14502238
  1.0816986   1.57162311]","[ 0.00000000e+00  7.42418490e-05 -8.23797284e-02  6.04540753e-04
  5.29097849e-06  0.00000000e+00 -2.61613679e-03 -2.80095404e-01]","[ 0.          0.52804542  8.09042931  0.87275004 -4.67706203  0.57984251
 -0.74185431  0.5217002 ]"
1747093070.8332446,"[ 0.          0.15699233  0.38770848 -2.93179655 -2.21609863  1.14502238
  1.08169294  1.57107609]","[ 0.00000000e+00  7.42973261e-05 -8.56209037e-02  5.30320060e-04
  0.00000000e+00  0.00000000e+00 -2.63940642e-03 -2.75759945e-01]","[ 0.          0.47421986  8.27689075  0.78233463 -4.76367331  0.56107122
 -0.75956315  0.48559049]"
1747093070.835643,"[ 0.          0.15699233  0.38754087 -2.93179655 -2.21609863  1.14502238
  1.08168722  1.57051856]","[ 0.00000000e+00  7.42418490e-05 -8.47246751e-02  4.77269026e-04
  0.00000000e+00  0.00000000e+00 -2.74131264e-03 -2.71177859e-01]","[ 0.          0.37991026  8.48941326  0.66074103 -4.77766657  0.56436324
 -0.76248783  0.49629322]"
1747093070.8374047,"[ 0.          0.15699233  0.38736594 -2.93179655 -2.2160981   1.14502238
  1.08168149  1.56998686]","[ 0.00000000e+00  7.42973261e-05 -8.55120470e-02  4.24239123e-04
  5.30298914e-06  0.00000000e+00 -2.79116213e-03 -2.69017087e-01]","[ 0.          0.27942574  8.66985798  0.57874095 -4.79648209  0.53958988
 -0.71758044  0.49125519]"
1747093070.838574,"[ 0.          0.15699233  0.38728238 -2.93179655 -2.2160981   1.14502238
  1.08167956  1.5697252 ]","[ 0.00000000e+00  7.42973261e-05 -8.48106036e-02  4.03011109e-04
  5.29897933e-06  0.00000000e+00 -2.72574434e-03 -2.65235714e-01]","[ 0.          0.2564626   8.82337379  0.4961648  -4.78126001  0.57117069
 -0.69333178  0.52056003]"
1747093070.8402977,"[ 0.          0.15699233  0.38711293 -2.93179628 -2.21609863  1.14502238
  1.08167677  1.56919816]","[ 0.00000000e+00  7.42418490e-05 -8.25028247e-02  3.60603260e-04
  0.00000000e+00  0.00000000e+00 -2.42026259e-03 -2.54701914e-01]","[ 0.          0.18952458  9.02041626  0.39234725 -4.77065849  0.54787612
 -0.67896956  0.50606614]"
1747093070.8425558,"[ 0.          0.15699233  0.38695038 -2.93179628 -2.2160981   1.14502238
  1.0816729   1.56870162]","[ 0.00000000e+00  7.42980657e-05 -8.29199257e-02  3.28785312e-04
  5.30298914e-06  0.00000000e+00 -2.33323704e-03 -2.50650463e-01]","[ 0.          0.10841866  9.1170454   0.31118497 -4.72208405  0.54762411
 -0.70574337  0.48067191]"
1747093070.8442907,"[ 0.          0.15699233  0.38678966 -2.93179628 -2.2160981   1.14502238
  1.08167011  1.56818976]","[ 0.00000000e+00  7.42418490e-05 -7.74874516e-02  2.54543487e-04
  5.30298914e-06  0.00000000e+00 -2.15893796e-03 -2.50920558e-01]","[ 0.          0.04914332  9.20674992  0.23368043 -4.65079117  0.56716329
 -0.68925685  0.50024062]"
1747093070.8460035,"[ 0.          0.15699233  0.38664179 -2.93179628 -2.2160981   1.14502238
  1.08166724  1.56793955]","[ 0.00000000e+00  7.42980657e-05 -7.44713717e-02  1.80301630e-04
  5.30304197e-06  0.00000000e+00 -1.93684450e-03 -2.53891630e-01]","[ 0.         -0.02674242  9.20881844  0.14253989 -4.5906558   0.59732074
 -0.64019239  0.52231938]"
1747093070.8477945,"[ 0.          0.15699233  0.38656832 -2.93179628 -2.2160981   1.14502238
  1.08166625  1.56769228]","[ 0.00000000e+00  7.42418490e-05 -7.45469056e-02  1.37877721e-04
  0.00000000e+00  0.00000000e+00 -1.81579161e-03 -2.50650463e-01]","[ 0.         -0.08115178  9.24074841  0.10433652 -4.60605001  0.58195835
 -0.62607932  0.49364239]"
1747093070.84957,"[ 0.          0.15699233  0.38642138 -2.93179628 -2.2160981   1.14502238
  1.08166438  1.56717003]","[ 0.00000000e+00  7.42418490e-05 -7.13057304e-02  8.48478263e-05
  0.00000000e+00  0.00000000e+00 -1.50449746e-03 -2.55512214e-01]","[ 0.         -0.13198116  9.2544241   0.04497234 -4.60619164  0.57445401
 -0.63377124  0.51374549]"
1747093070.8513415,"[ 0.          0.15699233  0.38627903 -2.93179628 -2.2160981   1.14502238
  1.08166245  1.5666354 ]","[ 0.00000000e+00  7.42418490e-05 -7.31964166e-02  5.30277773e-05
  5.30298914e-06  0.00000000e+00 -1.30617141e-03 -2.63555060e-01]","[ 0.00000000e+00 -1.63756356e-01  9.22863770e+00  7.65727647e-03
 -4.57045317e+00  5.36548316e-01 -6.26481175e-01  5.28392911e-01]"
1747093070.8530784,"[ 0.          0.15699233  0.3861275  -2.93179628 -2.2160981   1.14502238
  1.08166152  1.56610264]","[ 0.00000000e+00  7.42418490e-05 -7.33920758e-02  5.10262331e-05
  5.30298914e-06  0.00000000e+00 -1.30627154e-03 -2.71177859e-01]","[ 0.         -0.26472643  9.22171116 -0.02426051 -4.56057978  0.52434015
 -0.62912393  0.50490558]"
1747093070.8543491,"[ 0.          0.15699188  0.38605496 -2.93179628 -2.2160981   1.14502132
  1.08166059  1.5658286 ]","[ 0.00000000e+00  6.34917418e-05 -7.34665111e-02  3.06157383e-05
  0.00000000e+00 -1.79111298e-05 -1.28345106e-03 -2.77930304e-01]","[ 0.         -0.29372796  9.19589996 -0.03741147 -4.56338978  0.51737946
 -0.61123347  0.47293732]"
1747093070.856097,"[ 0.          0.15699188  0.38590892 -2.93179628 -2.2160981   1.14502132
  1.08165866  1.56525695]","[ 0.00000000e+00  6.36358718e-05 -7.45469056e-02  2.94999930e-05
  0.00000000e+00 -1.75969153e-05 -1.15756611e-03 -2.80901377e-01]","[ 0.         -0.39134592  9.16242123 -0.08913477 -4.60901022  0.51359791
 -0.59959215  0.42826054]"
1747093070.8579,"[ 0.          0.15699188  0.38575922 -2.93179655 -2.21609863  1.14502132
  1.08165679  1.56470994]","[ 0.00000000e+00  6.34917418e-05 -7.21160221e-02  0.00000000e+00
 -5.30304197e-06 -1.76190338e-05 -1.01913895e-03 -2.77660210e-01]","[ 0.         -0.4785867   9.09025574 -0.12417398 -4.62885332  0.52779907
 -0.6198414   0.44624251]"
1747093070.8596127,"[ 0.          0.15699188  0.38568944 -2.93179655 -2.21609863  1.14502132
  1.08165579  1.56441593]","[ 0.00000000e+00  6.35403432e-05 -7.07655415e-02  0.00000000e+00
 -5.29897933e-06 -1.73363127e-05 -1.01913895e-03 -2.77109318e-01]","[ 0.         -0.51305884  9.08736992 -0.19404705 -4.6348362   0.54984713
 -0.62340796  0.43268442]"
1747093070.8612735,"[ 0.          0.15699142  0.38554663 -2.93179655 -2.21609863  1.14502132
  1.08165486  1.5638813 ]","[ 0.00000000e+00  5.82447383e-05 -6.97136303e-02  0.00000000e+00
 -7.95448397e-06 -3.40830085e-05 -8.82075103e-04 -2.69017087e-01]","[ 0.         -0.61734807  8.98790646 -0.25194857 -4.66731882  0.56011039
 -0.60436434  0.44304034]"
1747093070.8630946,"[ 0.          0.15699142  0.38541161 -2.93179655 -2.21609863  1.14502132
  1.08165293  1.5633476 ]","[ 0.00000000e+00  5.55552731e-05 -6.69841731e-02  0.00000000e+00
 -7.95448397e-06 -3.35537491e-05 -8.82016652e-04 -2.57530940e-01]","[ 0.         -0.72111017  8.87151337 -0.2755937  -4.70872021  0.56900102
 -0.58408564  0.4316352 ]"
1747093070.8648045,"[ 0.          0.15699142  0.38534183 -2.93179655 -2.21609863  1.14502132
  1.08165293  1.56310126]","[ 0.00000000e+00  5.55977993e-05 -6.57013367e-02  0.00000000e+00
 -7.95448397e-06 -3.35136367e-05 -8.27942908e-04 -2.49840163e-01]","[ 0.         -0.77591336  8.76700211 -0.2738322  -4.71995258  0.58590019
 -0.58385199  0.44349653]"
1747093070.8676112,"[ 0.          0.15699142  0.3852151  -2.93179655 -2.21609863  1.14502132
  1.08165013  1.56262934]","[ 0.00000000e+00  5.55972507e-05 -6.42831993e-02  0.00000000e+00
 -7.94846874e-06 -3.30406753e-05 -8.85390401e-04 -2.36605385e-01]","[ 0.         -0.79491895  8.70627975 -0.28394154 -4.74174881  0.5878641
 -0.59569925  0.39405698]"
1747093070.8682704,"[ 0.          0.15699142  0.3850879  -2.93179655 -2.21609863  1.14502132
  1.0816482   1.56216902]","[ 0.00000000e+00  5.03022715e-05 -6.37430062e-02  0.00000000e+00
 -7.95448397e-06 -3.25430576e-05 -8.91527960e-04 -2.20939739e-01]","[ 0.         -0.91599619  8.60557842 -0.31957239 -4.76683807  0.57164317
 -0.59630358  0.34602907]"
1747093070.8705869,"[ 0.          0.15699142  0.38495934 -2.93179655 -2.21609863  1.14502132
  1.08164627  1.56174371]","[ 0.00000000e+00  5.03027714e-05 -6.18523200e-02  0.00000000e+00
 -7.94846874e-06 -3.25058183e-05 -9.00835500e-04 -2.13970280e-01]","[ 0.         -0.95122337  8.54854393 -0.30209145 -4.75488138  0.55362004
 -0.60402149  0.3249678 ]"
1747093070.8723493,"[ 0.          0.15699095  0.38483856 -2.93179655 -2.21609863  1.14502132
  1.08164441  1.56131654]","[ 0.00000000e+00  4.50072964e-05 -6.10420282e-02  0.00000000e+00
 -7.95448397e-06 -3.20235815e-05 -9.04770229e-04 -2.07434866e-01]","[ 0.         -1.01205313  8.42930889 -0.33681709 -4.71423721  0.51544762
 -0.62958509  0.32206866]"
1747093070.8735309,"[ 0.          0.15699095  0.38477288 -2.93179655 -2.21609863  1.14502132
  1.08164348  1.5611168 ]","[ 0.00000000e+00  4.50072964e-05 -6.19398090e-02  0.00000000e+00
 -7.95448397e-06 -3.15559110e-05 -9.01666112e-04 -2.02573099e-01]","[ 0.         -1.03495765  8.43404388 -0.35865596 -4.70428085  0.51739782
 -0.63568103  0.33527219]"
1747093070.875343,"[ 0.          0.1569905   0.38465487 -2.93179655 -2.21609863  1.14502132
  1.08164061  1.56071826]","[ 0.00000000e+00  3.70651995e-05 -5.86111530e-02  0.00000000e+00
 -7.94846874e-06 -3.11017034e-05 -9.43852703e-04 -1.91587110e-01]","[ 0.         -1.07600451  8.35910892 -0.34877613 -4.70010996  0.52179241
 -0.61058313  0.30590254]"
1747093070.8771327,"[ 0.          0.1569905   0.38454145 -2.93179655 -2.21609863  1.14502132
  1.08163775  1.56034728]","[ 0.00000000e+00  3.70372172e-05 -5.48666279e-02  0.00000000e+00
 -7.95440473e-06 -3.10667823e-05 -9.83379580e-04 -1.86097153e-01]","[ 0.         -1.12624288  8.26159859 -0.34966427 -4.69402218  0.53490657
 -0.60169661  0.25764599]"
1747093070.8789275,"[ 0.          0.1569905   0.38448772 -2.93179655 -2.21609863  1.14502132
  1.08163675  1.56016552]","[ 0.00000000e+00  3.70648338e-05 -5.45596902e-02  0.00000000e+00
 -7.95448397e-06 -3.11012483e-05 -9.76858801e-04 -1.84206475e-01]","[ 0.         -1.1343658   8.14824104 -0.32888031 -4.66873932  0.53891528
 -0.59657079  0.24311709]"
1747093070.8806891,"[ 0.          0.1569905   0.38437707 -2.93179655 -2.21609863  1.14502132
  1.08163296  1.55978402]","[ 0.00000000e+00  3.70368514e-05 -5.64503723e-02  0.00000000e+00
 -7.95448397e-06 -3.06599448e-05 -1.04926076e-03 -1.87177547e-01]","[ 0.         -1.17508078  8.08015537 -0.35229984 -4.69096851  0.54486626
 -0.62226266  0.23202664]"
1747093070.8824906,"[ 0.          0.15699003  0.38425906 -2.93179655 -2.21609863  1.14502132
  1.08163009  1.55940918]","[ 0.00000000e+00  3.17698567e-05 -5.74259756e-02  0.00000000e+00
 -7.94846874e-06 -3.01988493e-05 -1.07595102e-03 -1.91844737e-01]","[ 0.         -1.22058797  8.06190491 -0.30111799 -4.71669626  0.52194273
 -0.65663803  0.23765895]"
1747093070.884362,"[ 0.          0.15699003  0.38414517 -2.93179655 -2.21609863  1.14502038
  1.0816273   1.55900491]","[ 0.00000000e+00  3.17698567e-05 -5.85517687e-02  0.00000000e+00
 -5.29897933e-06 -4.03514825e-05 -1.09331475e-03 -1.98791743e-01]","[ 0.         -1.22548783  8.05643559 -0.30324358 -4.74663877  0.51355761
 -0.67162627  0.21568932]"
1747093070.885493,"[ 0.          0.15699003  0.38408595 -2.93179655 -2.21609917  1.14502038
  1.08162537  1.55880797]","[ 0.00000000e+00  3.17461838e-05 -5.99616379e-02  0.00000000e+00
 -1.06059783e-05 -4.03514825e-05 -1.12748085e-03 -1.99872137e-01]","[ 0.         -1.24304426  8.1047411  -0.3314096  -4.79094267  0.51551074
 -0.65502065  0.19602342]"
1747093070.887227,"[ 0.          0.15699003  0.38395692 -2.93179655 -2.2160997   1.14502038
  1.08162157  1.55839984]","[ 0.00000000e+00  3.17698567e-05 -6.37430062e-02  0.00000000e+00
 -1.05979587e-05 -3.98519528e-05 -1.20678765e-03 -1.99862467e-01]","[ 0.         -1.22695625  8.14041996 -0.34819922 -4.85602713  0.51725525
 -0.65787596  0.18060279]"
1747093070.8890908,"[ 0.          0.15698958  0.38383432 -2.93179655 -2.2160997   1.14502038
  1.08161778  1.5580061 ]","[ 0.00000000e+00  2.64548924e-05 -6.15822255e-02  0.00000000e+00
 -1.06059783e-05 -3.92838773e-05 -1.33363981e-03 -1.99872137e-01]","[ 0.         -1.26846719  8.17581081 -0.37084988 -4.96709681  0.54033184
 -0.67542773  0.19878876]"
1747093070.890809,"[ 0.          0.15698958  0.38376957 -2.93179655 -2.2160997   1.14502038
  1.08161585  1.55780729]","[ 0.00000000e+00  2.38276277e-05 -6.09367377e-02  0.00000000e+00
 -1.06059783e-05 -2.85704752e-05 -1.41441006e-03 -2.01288556e-01]","[ 0.         -1.26816499  8.19641876 -0.37007859 -5.02033424  0.55191129
 -0.67808527  0.20207419]"
1747093070.8925364,"[ 0.          0.15698958  0.38364696 -2.93179655 -2.21609997  1.14502038
  1.08161112  1.55738491]","[ 0.00000000e+00  2.38096379e-05 -6.23925172e-02  0.00000000e+00
 -1.32474486e-05 -2.85410035e-05 -1.57050524e-03 -2.07434866e-01]","[ 0.         -1.26737714  8.29879379 -0.36883646 -5.09838724  0.59753209
 -0.68530405  0.17097807]"
1747093070.894335,"[ 0.          0.15698958  0.38358498 -2.93179655 -2.21609997  1.14502038
  1.08160632  1.55697292]","[ 0.00000000e+00  2.38094022e-05 -6.29327103e-02  0.00000000e+00
 -1.32574726e-05 -2.81972644e-05 -1.76794807e-03 -2.09325544e-01]","[ 0.         -1.24851537  8.33486557 -0.37953141 -5.13350487  0.60479778
 -0.69415349  0.1495765 ]"
1747093070.8972113,"[ 0.          0.15698912  0.38345868 -2.93179708 -2.21610103  1.14502038
  1.08160446  1.55676746]","[ 0.00000000e+00  1.85324169e-05 -6.10420282e-02 -8.15457256e-06
 -2.38634509e-05 -2.81972644e-05 -1.83887255e-03 -2.08303988e-01]","[ 0.         -1.23488832  8.45499897 -0.37794045 -5.18802357  0.60133123
 -0.71042895  0.14519298]"
1747093070.8995354,"[ 0.          0.15698912  0.383191   -2.93179708 -2.21610183  1.14502038
  1.08159401  1.55594934]","[ 0.00000000e+00  1.32374398e-05 -6.55671883e-02 -7.91559118e-06
 -3.18179359e-05 -2.74531471e-05 -2.11966557e-03 -1.94345562e-01]","[ 0.         -1.16828883  8.74536324 -0.36255589 -5.26966333  0.5918321
 -0.7193377   0.16988815]"
1747093070.9012861,"[ 0.          0.15698912  0.38305964 -2.93179708 -2.21610236  1.14502038
  1.08158921  1.55558022]","[ 0.00000000e+00  7.94246417e-06 -6.31936502e-02 -7.91570902e-06
 -4.24243358e-05 -2.71612563e-05 -2.25811223e-03 -1.85286870e-01]","[ 0.         -1.10298359  8.90171242 -0.33866003 -5.33113909  0.57706332
 -0.72456908  0.17892975]"
1747093070.9030564,"[ 0.          0.15698912  0.3829329  -2.93179708 -2.2161029   1.14502038
  1.08158542  1.55520924]","[ 0.00000000e+00  7.94238493e-06 -6.48233924e-02 -7.79260294e-06
 -4.77264263e-05 -2.67725021e-05 -2.25811223e-03 -1.79048681e-01]","[ 0.         -1.03952551  9.01117039 -0.3048552  -5.34502649  0.54836458
 -0.74798942  0.21890637]"
1747093070.904797,"[ 0.          0.15698912  0.38286816 -2.93179708 -2.2161029   1.14502038
  1.08158449  1.55503414]","[ 0.00000000e+00  7.93654595e-06 -6.56336883e-02 -7.79260294e-06
 -4.77269018e-05 -2.67728374e-05 -2.21634586e-03 -1.77724141e-01]","[ 0.         -1.01154709  9.06753826 -0.29771888 -5.31666803  0.54561234
 -0.74681818  0.24072669]"
1747093070.9059217,"[ 0.          0.15698912  0.38273546 -2.93179708 -2.2161029   1.14502038
  1.08158162  1.55469073]","[ 0.00000000e+00  5.29497611e-06 -6.42831993e-02 -7.69021849e-06
 -4.77264263e-05 -2.64948321e-05 -2.08169719e-03 -1.73672674e-01]","[ 0.         -0.94326675  9.13075542 -0.29057479 -5.26758146  0.55932009
 -0.72968853  0.22153202]"
1747093070.907723,"[ 0.          0.15698912  0.38267394 -2.93179708 -2.2161029   1.14502038
  1.08157969  1.5545091 ]","[ 0.00000000e+00  0.00000000e+00 -6.23925172e-02 -7.57397492e-06
 -4.76908124e-05 -2.61738943e-05 -2.08155935e-03 -1.71024094e-01]","[ 0.         -0.910954    9.18986797 -0.2506195  -5.23795223  0.57821846
 -0.72380483  0.21764664]"
1747093070.9094439,"[ 0.          0.15698912  0.38254491 -2.93179655 -2.2161029   1.14502038
  1.08157783  1.55418845]","[ 0.00000000e+00 -5.29103081e-06 -6.34444201e-02  0.00000000e+00
 -5.03783961e-05 -2.58606409e-05 -1.88751568e-03 -1.60330420e-01]","[ 0.         -0.82381231  9.33292294 -0.16554326 -5.18052626  0.56819719
 -0.73510301  0.21483506]"
1747093070.9112222,"[ 0.          0.15698958  0.3824829  -2.93179655 -2.2161029   1.14502038
  1.08157497  1.55387647]","[ 0.00000000e+00  0.00000000e+00 -6.29327103e-02  0.00000000e+00
 -5.02642966e-05 -2.58368055e-05 -1.76415021e-03 -1.49457999e-01]","[ 0.         -0.74842191  9.40235138 -0.12008946 -5.10686636  0.54425931
 -0.7569834   0.23734114]"
1747093070.9123988,"[ 0.          0.15698958  0.38242321 -2.93179655 -2.2161029   1.14501945
  1.08157304  1.55373558]","[ 0.00000000e+00 -5.29097849e-06 -6.04405325e-02  0.00000000e+00
 -5.02642966e-05 -3.51058402e-05 -1.70215356e-03 -1.42881572e-01]","[ 0.         -0.69655967  9.45291901 -0.10246997 -5.07997179  0.51268172
 -0.77050662  0.22248869]"
1747093070.9140835,"[ 0.          0.15698958  0.38230932 -2.93179628 -2.2161029   1.14501945
  1.08157017  1.55347499]","[ 0.00000000e+00 -7.94254290e-06 -5.41659876e-02  3.48964961e-06
 -5.03022715e-05 -3.46954673e-05 -1.58762996e-03 -1.28166309e-01]","[ 0.         -0.57713264  9.54201508 -0.04711834 -5.03963375  0.47490314
 -0.77967495  0.20585921]"
1747093070.9152982,"[ 0.          0.15698958  0.38225746 -2.93179628 -2.2161029   1.14501945
  1.08156924  1.5533437 ]","[ 0.00000000e+00 -7.94246417e-06 -5.26690081e-02  3.48964961e-06
 -5.02647924e-05 -3.46954673e-05 -1.53997381e-03 -1.23628848e-01]","[ 0.         -0.53462094  9.58740234  0.02132869 -5.02597857  0.47673139
 -0.77775347  0.23255572]"
1747093070.9169676,"[ 0.          0.15698958  0.38215366 -2.93179575 -2.2161029   1.14501852
  1.08156638  1.55311533]","[ 0.00000000e+00 -1.32274462e-05 -5.01536899e-02  1.01953484e-05
 -5.03022715e-05 -4.31121552e-05 -1.42406180e-03 -1.12900745e-01]","[ 0.         -0.40782195  9.64759636  0.1082558  -4.94013929  0.4411113
 -0.77664649  0.20070416]"
1747093070.9187307,"[ 0.          0.15699003  0.38210593 -2.93179575 -2.2161029   1.14501852
  1.08156545  1.55300788]","[ 0.00000000e+00 -7.94246417e-06 -4.82984612e-02  6.79689925e-06
 -5.02642966e-05 -4.31121552e-05 -1.35791073e-03 -1.09119380e-01]","[ 0.         -0.36128095  9.64108086  0.12658153 -4.88154459  0.43997151
 -0.78010172  0.17443728]"
1747093070.920454,"[ 0.          0.15699003  0.38201821 -2.93179521 -2.2161029   1.14501852
  1.08156351  1.55279575]","[ 0.00000000e+00 -1.32275773e-05 -4.32155977e-02  1.34247136e-05
 -5.02642966e-05 -4.26261656e-05 -1.30814980e-03 -1.03072698e-01]","[ 0.         -0.28774041  9.60693264  0.21298118 -4.77936459  0.419824
 -0.7812503   0.17260446]"
1747093070.922214,"[ 0.          0.15699003  0.38193508 -2.93179468 -2.2161029   1.14501852
  1.08156165  1.55257405]","[ 0.00000000e+00 -1.85324169e-05 -3.98721862e-02  1.98899236e-05
 -5.03027714e-05 -4.21510099e-05 -1.21698139e-03 -1.11090428e-01]","[ 0.         -0.17677495  9.58448601  0.24161507 -4.72351265  0.43438029
 -0.77172023  0.15194035]"
1747093070.9239814,"[ 0.          0.15699003  0.381897   -2.93179442 -2.2161029   1.14501852
  1.08155972  1.55245993]","[ 0.00000000e+00 -1.85324169e-05 -3.86239376e-02  2.32049102e-05
 -5.02642966e-05 -4.16863302e-05 -1.27939078e-03 -1.15601723e-01]","[ 0.         -0.12557402  9.55969238  0.27299702 -4.69484663  0.44491255
 -0.76229799  0.17119215]"
1747093070.9257264,"[ 0.          0.1569905   0.38181571 -2.93179335 -2.2161029   1.14501852
  1.08155786  1.55222025]","[ 0.00000000e+00 -1.85184257e-05 -4.01229520e-02  3.55579469e-05
 -5.02642966e-05 -4.12317853e-05 -1.20451863e-03 -1.22624254e-01]","[ 0.         -0.06514173  9.52820301  0.32949835 -4.67077494  0.41833171
 -0.76711673  0.17196274]"
1747093070.9274287,"[ 0.          0.1569905   0.38173718 -2.93179282 -2.2161029   1.14501759
  1.08155499  1.55195673]","[ 0.00000000e+00 -1.85325998e-05 -3.97043280e-02  4.15260431e-05
 -4.76188043e-05 -5.29671922e-05 -1.23984596e-03 -1.31134377e-01]","[ 0.         -0.0167365   9.52671146  0.38864401 -4.68655396  0.41619673
 -0.78608835  0.18776472]"
1747093070.9292269,"[ 0.          0.15699095  0.38166464 -2.93179149 -2.2161029   1.14501759
  1.08155213  1.55168562]","[ 0.00000000e+00 -1.32274462e-05 -3.53469179e-02  5.61190614e-05
 -4.76188043e-05 -5.24399159e-05 -1.27176774e-03 -1.39910499e-01]","[ 0.          0.08426017  9.52905369  0.44774315 -4.68852472  0.3998749
 -0.77567685  0.15291581]"
1747093070.9303787,"[ 0.          0.15699095  0.38163065 -2.93179069 -2.21610316  1.14501759
  1.0815502   1.55153342]","[ 0.00000000e+00 -1.32274462e-05 -3.21286167e-02  6.47251159e-05
 -5.02642966e-05 -5.18376853e-05 -1.31333282e-03 -1.43439554e-01]","[ 0.          0.11988933  9.49709415  0.4751555  -4.70311165  0.39631265
 -0.77752262  0.13881499]"
1747093070.9321523,"[ 0.          0.15699142  0.38157646 -2.93178882 -2.21610316  1.14501759
  1.08154547  1.55123554]","[ 0.00000000e+00 -7.94246417e-06 -2.61994548e-02  8.43735645e-05
 -5.02642966e-05 -5.12913545e-05 -1.40883549e-03 -1.53259927e-01]","[ 0.          0.22332536  9.40877342  0.57667923 -4.78197145  0.41847745
 -0.80483621  0.12735437]"
1747093070.9363015,"[ 0.          0.15699142  0.38153008 -2.93178643 -2.21610369  1.14501759
  1.08153881  1.55091024]","[ 0.00000000e+00 -7.93646773e-06 -2.15660871e-02  1.08968517e-04
 -5.02647924e-05 -5.12908019e-05 -1.56534666e-03 -1.68982315e-01]","[ 0.          0.30836701  9.28993607  0.66205627 -4.88114691  0.44036892
 -0.79319036  0.10506988]"
1747093070.9377868,"[ 0.          0.15699188  0.38147406 -2.9317819  -2.21610423  1.14501759
  1.08152836  1.55035377]","[ 0.00000000e+00 -5.29097849e-06 -1.72687240e-02  1.53872406e-04
 -6.08462536e-05 -5.01909760e-05 -1.89440401e-03 -1.90148620e-01]","[ 0.          0.39909154  9.05829144  0.75384325 -4.96893406  0.45030141
 -0.81390333  0.07015103]"
1747093070.9395607,"[ 0.          0.15699233  0.38144147 -2.93177924 -2.21610423  1.14501666
  1.0815207   1.54994657]","[ 0.00000000e+00  0.00000000e+00 -1.50319537e-02  1.78597054e-04
 -6.08916163e-05 -6.07170698e-05 -2.41759319e-03 -2.01492721e-01]","[ 0.          0.4901171   8.96334648  0.8361572  -4.98722029  0.44359729
 -0.82698065  0.08671156]"
1747093070.9407718,"[ 0.          0.1569928   0.38141577 -2.93177631 -2.21610449  1.14501666
  1.08151118  1.54953937]","[ 0.00000000e+00  5.29097849e-06 -1.21543863e-02  2.18681448e-04
 -5.82013384e-05 -6.01035545e-05 -3.51048688e-03 -2.08515244e-01]","[ 0.          0.5725646   8.84127426  0.8731702  -4.9778161   0.42469949
 -0.81702733  0.08712623]"
1747093070.9425519,"[ 0.          0.1569928   0.38140518 -2.93177444 -2.21610449  1.14501666
  1.08150646  1.54931394]","[ 0.00000000e+00  5.29097849e-06 -1.08038994e-02  2.78562814e-04
 -5.82007654e-05 -6.01035545e-05 -3.86177396e-03 -2.12150109e-01]","[ 0.          0.60151184  8.76910686  0.8944245  -4.97232628  0.42671719
 -0.81423092  0.10568728]"
1747093070.9437153,"[ 0.          0.1569928   0.38139599 -2.93177311 -2.21610449  1.14501666
  1.08150173  1.54909995]","[ 0.00000000e+00  5.29097849e-06 -8.52612739e-03  3.76279532e-04
 -6.34917418e-05 -5.95017018e-05 -4.10080203e-03 -2.17158366e-01]","[ 0.          0.61851734  8.71637249  0.93872148 -4.97252655  0.43022299
 -0.81751752  0.10626993]"
1747093070.9454672,"[ 0.          0.15699325  0.38138497 -2.93176991 -2.21610449  1.14501666
  1.08149121  1.5486604 ]","[ 0.00000000e+00  7.94254290e-06 -4.59165694e-03  8.47676958e-04
 -6.34917418e-05 -5.88668076e-05 -4.76995454e-03 -2.24721095e-01]","[ 0.          0.71634156  8.55292416  0.97235972 -4.96313     0.40945238
 -0.81223309  0.09079725]"
1747093070.9472296,"[ 0.          0.15699418  0.38137995 -2.93176672 -2.21610503  1.14501666
  1.08148076  1.54820193]","[ 0.00000000e+00  1.85184257e-05 -1.34911905e-03  1.49106813e-03
 -6.87827183e-05 -5.88662143e-05 -4.98281029e-03 -2.23640717e-01]","[ 0.          0.73634619  8.39917278  0.99872446 -4.95295     0.42246374
 -0.79397815  0.07177822]"
1747093070.9490302,"[ 0.          0.15699418  0.38137948 -2.93176272 -2.21610503  1.14501572
  1.08146937  1.54776424]","[ 0.00000000e+00  1.85184257e-05  0.00000000e+00  1.62210710e-03
 -6.87827183e-05 -6.62880244e-05 -5.35352856e-03 -2.20939739e-01]","[ 0.          0.78504217  8.26884556  1.0175674  -4.901999    0.41560498
 -0.7871483   0.06187591]"
1747093070.9508147,"[ 0.          0.15699463  0.38137995 -2.93176033 -2.21610503  1.14501572
  1.08146271  1.54753881]","[ 0.00000000e+00  2.38094022e-05  2.70097476e-04  1.74218095e-03
 -6.87827183e-05 -6.62372408e-05 -5.61589153e-03 -2.12150109e-01]","[ 0.          0.80759794  8.19060802  0.99733454 -4.87811804  0.40009138
 -0.77984589  0.04138674]"
1747093070.9525912,"[ 0.          0.15699509  0.38137995 -2.93175527 -2.21610503  1.14501572
  1.0814494   1.54713454]","[ 0.00000000e+00  2.64751417e-05  1.75496610e-04  1.97664562e-03
 -6.87827183e-05 -6.62880244e-05 -6.17686301e-03 -2.02367852e-01]","[ 0.          0.83416528  8.06872368  1.01659882 -4.85114813  0.38160333
 -0.7769742   0.06755734]"
1747093070.9537377,"[ 0.          0.15699554  0.38137948 -2.93175287 -2.21610503  1.14501572
  1.08144174  1.5469404 ]","[ 0.00000000e+00  3.17701716e-05 -1.75554461e-04  2.11966557e-03
 -6.87834010e-05 -6.62873661e-05 -6.54918594e-03 -1.96901065e-01]","[ 0.          0.85458928  8.07472515  1.02644873 -4.81124258  0.37764087
 -0.77992886  0.08596081]"
1747093070.9555008,"[ 0.          0.15699601  0.38137855 -2.93174781 -2.21610503  1.14501466
  1.08142556  1.54655038]","[ 0.00000000e+00  4.24239132e-05 -2.62018998e-04  2.41590791e-03
 -6.87827183e-05 -6.62372408e-05 -7.81723917e-03 -1.87987848e-01]","[ 0.          0.87740797  8.10228157  1.00455987 -4.76336575  0.3505744
 -0.77654457  0.10181452]"
1747093070.9573455,"[ 0.          0.15699692  0.38137812 -2.93174328 -2.21610503  1.14501466
  1.08140845  1.54618699]","[ 0.00000000e+00  5.03022715e-05 -3.55502910e-04  2.44186697e-03
 -6.87827183e-05 -6.62873661e-05 -8.27891374e-03 -1.83582380e-01]","[ 0.          0.91944814  8.13711452  1.00706816 -4.77671385  0.35581726
 -0.7638675   0.11441662]"
1747093070.9592903,"[ 0.          0.15699692  0.38137812 -2.93174115 -2.21610556  1.14501466
  1.08139993  1.54599484]","[ 0.00000000e+00  5.03403034e-05 -3.11065050e-04  2.40371276e-03
 -7.40737029e-05 -6.62379032e-05 -8.47760793e-03 -1.81054824e-01]","[ 0.          0.91335112  8.14160919  0.98689449 -4.77522564  0.34684178
 -0.76931858  0.12514572]"
1747093070.9609835,"[ 0.          0.15699739  0.38137812 -2.93173609 -2.21610556  1.14501373
  1.08138468  1.54564104]","[ 0.00000000e+00  5.56808321e-05 -8.77627637e-05  2.37815942e-03
 -6.88353671e-05 -7.42418490e-05 -8.08022008e-03 -1.78264330e-01]","[ 0.          0.92482936  8.25795174  0.97872299 -4.77623987  0.35324645
 -0.76590711  0.11211125]"
1747093070.9626744,"[ 0.          0.15699784  0.38137812 -2.93173236 -2.21610609  1.14501373
  1.08136757  1.54529283]","[ 0.00000000e+00  6.35877499e-05 -7.63192740e-05  2.21325904e-03
 -7.40737029e-05 -7.42418490e-05 -8.08223046e-03 -1.68516412e-01]","[ 0.          0.96068937  8.38683033  0.94998378 -4.81561852  0.37027064
 -0.78838754  0.07533181]"
1747093070.964561,"[ 0.          0.15699831  0.38137812 -2.9317281  -2.21610636  1.14501373
  1.08135139  1.54497125]","[ 0.00000000e+00  6.89388604e-05  0.00000000e+00  2.15166797e-03
 -7.67771511e-05 -7.42418490e-05 -8.27891374e-03 -1.60978101e-01]","[ 0.          0.95703113  8.54942703  0.96872842 -4.89145565  0.39027211
 -0.79988343  0.07230899]"
1747093070.9663634,"[ 0.          0.15699876  0.38137855 -2.93172464 -2.21610742  1.14501373
  1.08133522  1.54465061]","[ 0.00000000e+00  7.41864532e-05  5.90043463e-05  1.94614151e-03
 -8.73020096e-05 -7.41857136e-05 -8.08022008e-03 -1.53971840e-01]","[ 0.          0.96769142  8.7323761   0.95068532 -5.00142956  0.39924496
 -0.79097837  0.08778411]"
1747093070.968065,"[ 0.          0.15699922  0.38137902 -2.93172038 -2.21610875  1.14501373
  1.0813181   1.54434914]","[ 0.00000000e+00  7.68933393e-05  7.21398064e-05  1.95406675e-03
 -1.00604543e-04 -7.41857136e-05 -8.28097353e-03 -1.52334978e-01]","[ 0.          0.98715657  9.02250385  0.98082668 -5.0653019   0.41961786
 -0.80274898  0.09813499]"
1747093070.9697936,"[ 0.          0.15699969  0.38137902 -2.93171852 -2.21610955  1.14501373
  1.08130858  1.5442016 ]","[ 0.00000000e+00  8.21963279e-05  7.21332883e-05  1.95382371e-03
 -1.08547010e-04 -7.42418490e-05 -8.47971713e-03 -1.49634000e-01]","[ 0.          1.02824318  9.17033482  0.98114508 -5.13226223  0.41688162
 -0.80766737  0.11167732]"
1747093070.9715388,"[ 0.          0.1570006   0.38137995 -2.93171479 -2.21611195  1.14501373
  1.08129054  1.5438972 ]","[ 0.00000000e+00  9.00826511e-05  1.54552549e-04  1.90584039e-03
 -1.32374402e-04 -7.41864532e-05 -9.12582394e-03 -1.49482400e-01]","[ 0.          1.07446635  9.44978142  1.0161165  -5.19929743  0.43269652
 -0.84327197  0.1174937 ]"
1747093070.973788,"[ 0.          0.15700105  0.38138131 -2.93171079 -2.21611461  1.14501373
  1.08126864  1.54360519]","[ 0.00000000e+00  1.00680607e-04  2.27717926e-04  1.91764126e-03
 -1.58850846e-04 -7.42418490e-05 -1.00066041e-02 -1.47473228e-01]","[ 0.          1.11204195  9.73078537  1.06418145 -5.33018112  0.44189954
 -0.86878812  0.12488532]"
1747093070.975533,"[ 0.          0.15700152  0.38138178 -2.93170626 -2.21611781  1.14501373
  1.08124387  1.54331117]","[ 0.00000000e+00  1.05979589e-04  2.46964661e-04  2.00589579e-03
 -1.94430737e-04 -7.41849740e-05 -1.19377028e-02 -1.41433411e-01]","[ 0.          1.15113819  9.98091221  1.07178128 -5.42563581  0.44591579
 -0.90797907  0.09829406]"
1747093070.9772708,"[ 0.          0.15700243  0.38138224 -2.93170147 -2.21612154  1.14501373
  1.08121437  1.54304672]","[ 0.00000000e+00  1.19317257e-04  2.64941730e-04  2.11966557e-03
 -2.57720783e-04 -7.42418490e-05 -1.49828122e-02 -1.31400643e-01]","[ 0.          1.20119727 10.26038074  1.12328875 -5.52775764  0.4469091
 -0.91944456  0.09861275]"
1747093070.9790316,"[ 0.          0.1570029   0.38138314 -2.93169694 -2.2161258   1.14501373
  1.08117636  1.54278613]","[ 0.00000000e+00  1.24526017e-04  2.79080362e-04  2.21902488e-03
 -4.06885632e-04 -7.41857136e-05 -1.85953143e-02 -1.25325232e-01]","[ 0.          1.24758661 10.50376987  1.18992043 -5.58793592  0.45816883
 -0.95179307  0.07405241]"
1747093070.9807103,"[ 0.          0.15700335  0.38138408 -2.93169455 -2.21612766  1.14501373
  1.08115445  1.54266336]","[ 0.00000000e+00  1.27271744e-04  3.06478769e-04  2.32773777e-03
 -5.55627600e-04 -7.41857136e-05 -2.21479940e-02 -1.24514940e-01]","[ 0.          1.25074553 10.66407585  1.25389898 -5.60370922  0.46814594
 -0.9493171   0.05345234]"
1747093070.9824128,"[ 0.          0.15700473  0.38138497 -2.93168869 -2.21613113  1.14501373
  1.08110026  1.54242367]","[ 0.00000000e+00  1.45721936e-04  3.28317633e-04  2.49140514e-03
 -1.15413261e-03 -7.42418490e-05 -2.85607112e-02 -1.22624254e-01]","[ 0.          1.30340064 10.88784504  1.31360722 -5.64889812  0.45051116
 -0.9597978   0.0211853 ]"
1747093070.9847124,"[ 0.          0.15700565  0.38138637 -2.9316823  -2.21613485  1.14501373
  1.08104127  1.54216774]","[ 0.00000000e+00  1.56319884e-04  3.56806955e-04  2.74022996e-03
 -1.83519549e-03 -6.62873661e-05 -3.07911127e-02 -1.27486012e-01]","[ 0.00000000e+00  1.38029170e+00  1.11021738e+01  1.36429620e+00
 -5.65121937e+00  4.33363467e-01 -9.85620201e-01  1.07557615e-02]"
1747093070.986379,"[ 0.          0.15700656  0.38138727 -2.93167617 -2.21613778  1.14501373
  1.08097755  1.54189384]","[ 0.00000000e+00  1.64268357e-04  3.60588891e-04  3.02781546e-03
 -1.78441156e-03 -6.62873661e-05 -3.13460573e-02 -1.35916507e-01]","[ 0.          1.41097391 11.26190948  1.45086455 -5.69110155  0.42093685
 -1.00934315  0.02046039]"
1747093070.9882104,"[ 0.          0.15700703  0.3813882  -2.93166898 -2.21614098  1.14501279
  1.08091663  1.54161034]","[ 0.00000000e+00  1.69695653e-04  3.86658481e-04  3.40408059e-03
 -1.68143747e-03 -7.42411095e-05 -3.07911127e-02 -1.46888980e-01]","[ 0.          1.43430865 11.40838242  1.53303599 -5.71867561  0.42185378
 -1.04704404  0.036635  ]"
1747093070.989921,"[ 0.          0.15700749  0.3813882  -2.93166392 -2.21614231  1.14501279
  1.08088527  1.54142286]","[ 0.00000000e+00  1.77650140e-04  3.72620937e-04  3.67002428e-03
 -1.62261958e-03 -7.42418490e-05 -3.18392102e-02 -1.54437011e-01]","[ 0.          1.45898211 11.42742729  1.55120921 -5.75524807  0.42191288
 -1.05804014  0.02403812]"
1747093070.9916787,"[ 0.          0.15700841  0.38138914 -2.93165513 -2.21614604  1.14501279
  1.08082342  1.54110235]","[ 0.00000000e+00  2.05163207e-04  3.89018135e-04  4.23880396e-03
 -1.65193867e-03 -7.40744343e-05 -2.89004307e-02 -1.64592527e-01]","[ 0.          1.50003791 11.4768095   1.59267485 -5.77694893  0.43483716
 -1.06310654  0.04263546]"
1747093070.993406,"[ 0.          0.15700886  0.3813905  -2.93164475 -2.2161495   1.14501279
  1.08076923  1.54077025]","[ 0.00000000e+00  2.51008134e-04  4.20532837e-04  4.91552490e-03
 -1.64885159e-03 -7.41296676e-05 -2.59293582e-02 -1.70528646e-01]","[ 0.          1.49205744 11.53009033  1.66847312 -5.78637171  0.41504037
 -1.06317151  0.05976507]"
1747093070.995721,"[ 0.          0.15700977  0.38139097 -2.93163276 -2.21615509  1.14501279
  1.08071303  1.54041259]","[ 0.00000000e+00  2.90095517e-04  4.09993032e-04  5.70551991e-03
 -1.87397855e-03 -7.40744343e-05 -2.69823804e-02 -1.76374085e-01]","[ 0.          1.52339602 11.52377796  1.71902192 -5.77787018  0.40919665
 -1.06332159  0.0856372 ]"
1747093070.9986153,"[ 0.          0.15701116  0.38139143 -2.93161945 -2.21616282  1.14501186
  1.08065791  1.54005399]","[ 0.00000000e+00  3.32738409e-04  4.13984295e-04  6.49868470e-03
 -2.54990548e-03 -8.47204549e-05 -2.80901368e-02 -1.83126081e-01]","[ 0.          1.51713145 11.49872875  1.72388029 -5.72003365  0.40406239
 -1.03688538  0.12557341]"
1747093071.0009696,"[ 0.          0.15701207  0.38139187 -2.93159361 -2.21617959  1.14501186
  1.08057701  1.53946224]","[ 0.00000000e+00  3.49997299e-04  3.85592826e-04  9.04826561e-03
 -5.16604253e-03 -8.46556558e-05 -2.59293582e-02 -2.00682421e-01]","[ 0.          1.4843266  11.38764095  1.75009036 -5.67652893  0.40246469
 -1.00929761  0.1115134 ]"
1747093071.0028498,"[ 0.          0.15701254  0.38139187 -2.93156885 -2.21619291  1.14501186
  1.08052661  1.53904372]","[ 0.00000000e+00  3.42770516e-04  3.74455826e-04  1.30276930e-02
 -6.75243714e-03 -8.46564929e-05 -2.40737716e-02 -2.06131681e-01]","[ 0.          1.43747783 11.2345953   1.75521648 -5.62115812  0.40080512
 -1.0379287   0.12619042]"
1747093071.0045507,"[ 0.          0.15701254  0.38139187 -2.93153769 -2.21620942  1.14501186
  1.08047335  1.5386336 ]","[ 0.00000000e+00  3.31184010e-04  3.63158328e-04  1.67460433e-02
 -8.05836916e-03 -8.46556558e-05 -2.70097486e-02 -2.06354471e-01]","[ 0.          1.36863613 11.04444599  1.73177218 -5.58491135  0.39094913
 -1.00708568  0.16482769]"
1747093071.0063434,"[ 0.          0.157013    0.38139143 -2.93149907 -2.21622806  1.14501186
  1.0804115   1.53823226]","[ 0.00000000e+00  3.31706532e-04  3.26033270e-04  2.05066088e-02
 -9.72350907e-03 -8.46556558e-05 -2.74213443e-02 -2.01492721e-01]","[ 0.          1.30515063 10.90427303  1.67400181 -5.47453403  0.37873974
 -0.94539708  0.20485768]"
1747093071.008684,"[ 0.          0.157013    0.38139143 -2.9314482  -2.2162515   1.14501186
  1.08036489  1.53784024]","[ 0.00000000e+00  3.25059845e-04  2.87500333e-04  2.59293582e-02
 -1.15353491e-02 -8.46556558e-05 -2.39206065e-02 -1.87177547e-01]","[ 0.          1.21329212 10.65079594  1.53087699 -5.35817623  0.36371744
 -0.89326543  0.23670161]"
1747093071.010475,"[ 0.          0.157013    0.38139143 -2.93141971 -2.2162768   1.14501186
  1.08031449  1.53765768]","[ 0.00000000e+00  3.12876370e-04  2.80262855e-04  2.89004307e-02
 -1.29646791e-02 -8.45917913e-05 -2.23183927e-02 -1.85099133e-01]","[ 0.          1.12169731 10.43157578  1.47800243 -5.23529148  0.38443297
 -0.90789032  0.25131232]"
1747093071.0121598,"[ 0.          0.15701345  0.38139143 -2.93135526 -2.21630796  1.14501093
  1.08027454  1.53729895]","[ 0.00000000e+00  3.12052617e-04  2.64947208e-04  3.21415997e-02
 -1.62058481e-02 -9.52376087e-05 -1.91769216e-02 -1.72027157e-01]","[ 0.          0.98364872 10.19673824  1.35929847 -5.12545443  0.37451187
 -0.84022766  0.28094026]"
1747093071.0145369,"[ 0.          0.157013    0.38139143 -2.93128975 -2.21634391  1.14501093
  1.08024312  1.53698031]","[ 0.00000000e+00  2.86048241e-04  2.42868279e-04  3.34581521e-02
 -1.91769216e-02 -8.45917913e-05 -1.35414969e-02 -1.57196729e-01]","[ 0.          0.87281293  9.99544239  1.22927701 -4.94785881  0.3904025
 -0.7939353   0.28630421]"
1747093071.016299,"[ 0.          0.157013    0.38139097 -2.93122077 -2.21638972  1.14501093
  1.08022315  1.53666925]","[ 0.00000000e+00  2.80230866e-04  1.91350758e-04  3.34581521e-02
 -2.33214660e-02 -8.46564929e-05 -8.63436201e-03 -1.48705689e-01]","[ 0.          0.73432237  9.78558159  1.07876158 -4.83679438  0.36674115
 -0.75026232  0.29363695]"
1747093071.018683,"[ 0.          0.157013    0.38139097 -2.93115339 -2.21643979  1.14501093
  1.08020983  1.53639707]","[ 0.00000000e+00  2.75536362e-04  1.61912181e-04  3.48425735e-02
 -2.59293582e-02 -7.40737029e-05 -5.51690621e-03 -1.34238449e-01]","[ 0.          0.61473387  9.66024876  0.94691449 -4.69063473  0.37589395
 -0.77306944  0.28160307]"
1747093071.020455,"[ 0.          0.157013    0.38139097 -2.93107803 -2.21649491  1.14501093
  1.08020317  1.53614314]","[ 0.00000000e+00  2.60416681e-04  1.25113964e-04  3.75435473e-02
 -2.73337616e-02 -7.40737029e-05 -1.89068235e-03 -1.20870396e-01]","[ 0.          0.50691706  9.48158932  0.8269456  -4.5562644   0.35163689
 -0.69280559  0.29057148]"
1747093071.0222516,"[ 0.          0.157013    0.3813905  -2.93100026 -2.21654764  1.14501
  1.0802041   1.53591957]","[ 0.00000000e+00  2.50038610e-04  8.83181850e-05  3.97043280e-02
 -2.70097486e-02 -8.46564929e-05  5.19894785e-04 -1.11010067e-01]","[ 0.          0.4275274   9.35204697  0.69444114 -4.45042801  0.36959314
 -0.63938159  0.27463952]"
1747093071.0245636,"[ 0.          0.157013    0.3813905  -2.93091877 -2.21660144  1.14501
  1.08020504  1.53571317]","[ 0.00000000e+00  2.35036287e-04  6.62386347e-05  3.94342335e-02
 -2.58291505e-02 -8.46556558e-05  6.14238145e-04 -1.02096849e-01]","[ 0.          0.33605596  9.22771835  0.59105521 -4.4152894   0.36832681
 -0.63836306  0.28439665]"
1747093071.0269227,"[ 0.          0.157013    0.3813905  -2.9308442  -2.21665284  1.14501
  1.0802041   1.53550571]","[ 0.00000000e+00  2.30768029e-04  5.15175135e-05  3.72356859e-02
 -2.59293582e-02 -8.45917913e-05  2.60010851e-04 -1.00476258e-01]","[ 0.          0.27618679  9.15361023  0.50994921 -4.41091299  0.37406591
 -0.63277626  0.2945224 ]"
1747093071.0285974,"[ 0.          0.15701345  0.3813905  -2.93077123 -2.21670797  1.14501
  1.08020317  1.53529745]","[ 0.00000000e+00  2.26956136e-04  2.94385789e-05  3.50745598e-02
 -2.75845316e-02 -7.40178194e-05 -2.12755037e-04 -1.02815071e-01]","[ 0.          0.21790569  9.12945557  0.45230222 -4.42643833  0.37513059
 -0.61681569  0.28449225]"
1747093071.030355,"[ 0.          0.157013    0.3813905  -2.93070332 -2.21676576  1.14501
  1.08020317  1.53509572]","[ 0.00000000e+00  2.07354984e-04  0.00000000e+00  3.43023804e-02
 -2.97408868e-02 -7.40178194e-05 -3.07169689e-04 -1.02366944e-01]","[ 0.          0.16438264  9.16396809  0.40457463 -4.40659094  0.39035136
 -0.61570513  0.25992012]"
1747093071.031536,"[ 0.          0.15701345  0.38139097 -2.93066923 -2.21679931  1.14501
  1.08020224  1.53499306]","[ 0.00000000e+00  2.13193132e-04  1.39585984e-05  3.45724769e-02
 -3.15671017e-02 -7.40737029e-05 -4.38813819e-04 -1.04257622e-01]","[ 0.          0.16280115  9.1931181   0.38360423 -4.38493633  0.4013505
 -0.62974286  0.23441319]"
1747093071.0332725,"[ 0.          0.15701345  0.38139097 -2.93060265 -2.21686563  1.14501
  1.08020124  1.53477894]","[ 0.00000000e+00  1.99937014e-04  0.00000000e+00  3.16014045e-02
 -3.40322817e-02 -7.40178194e-05 -4.19755995e-04 -1.05338016e-01]","[ 0.          0.17241234  9.23602581  0.35237223 -4.36610556  0.40348333
 -0.63924229  0.23166218]"
1747093071.0357544,"[ 0.          0.15701345  0.38139097 -2.93054566 -2.2169362   1.14501
  1.08020031  1.53456868]","[ 0.00000000e+00  1.86238282e-04  0.00000000e+00  2.80901368e-02
 -3.46060473e-02 -7.40744343e-05 -4.12984667e-04 -1.06850226e-01]","[ 0.          0.18140133  9.28328896  0.3340674  -4.36450911  0.40375233
 -0.62370706  0.23028181]"
1747093071.037412,"[ 0.          0.15701345  0.38139143 -2.93049612 -2.21700464  1.14501
  1.08020031  1.53435083]","[ 0.00000000e+00  1.76691619e-04  1.23177591e-05  2.32283823e-02
 -3.48425735e-02 -7.40185509e-05 -3.24523896e-04 -1.06148308e-01]","[ 0.          0.18485184  9.37957478  0.36740857 -4.39262342  0.39689928
 -0.62339336  0.2136606 ]"
1747093071.0391703,"[ 0.          0.15701392  0.38139143 -2.93047509 -2.21704006  1.14501
  1.08020031  1.53425097]","[ 0.00000000e+00  1.76691619e-04  1.23394468e-05  2.13377002e-02
 -3.59229638e-02 -7.40737029e-05 -2.90363491e-04 -1.01286549e-01]","[ 0.          0.19367199  9.39508438  0.38274476 -4.39933491  0.39751685
 -0.62171412  0.21768832]"
1747093071.0403275,"[ 0.          0.15701392  0.38139143 -2.93043567 -2.21711809  1.14500907
  1.08019938  1.53405123]","[ 0.00000000e+00  1.55617293e-04  0.00000000e+00  1.86178429e-02
 -3.88691107e-02 -7.40185509e-05 -3.36652430e-04 -9.57935549e-02]","[ 0.          0.25568977  9.49366474  0.45128623 -4.37021112  0.38570529
 -0.66829091  0.21267639]"
1747093071.0427043,"[ 0.          0.15701437  0.38139187 -2.93040078 -2.21719879  1.14500907
  1.08019745  1.53386854]","[ 0.00000000e+00  1.50845872e-04  1.15290857e-05  1.75563360e-02
 -4.12830416e-02 -7.40178194e-05 -4.85736558e-04 -9.17400989e-02]","[ 0.          0.3300544   9.61294556  0.51425016 -4.31877661  0.35706311
 -0.69008964  0.19066668]"
1747093071.0444496,"[ 0.          0.1570153   0.3813928  -2.93036483 -2.21728427  1.14500907
  1.08019745  1.53368398]","[ 0.00000000e+00  1.52830483e-04  2.82198218e-05  1.78045614e-02
 -4.10548170e-02 -7.40178194e-05 -3.67388859e-04 -8.87720308e-02]","[ 0.          0.41569933  9.72585964  0.56709361 -4.237391    0.37284589
 -0.68400818  0.17998293]"
1747093071.0462086,"[ 0.          0.1570153   0.3813928  -2.93034645 -2.21732475  1.14500907
  1.08019651  1.53359743]","[ 0.00000000e+00  1.50139250e-04  2.76422110e-05  1.86367264e-02
 -4.10548170e-02 -7.40178194e-05 -4.49030839e-04 -8.77816761e-02]","[ 0.          0.48173863  9.77362442  0.62990236 -4.22803974  0.35274589
 -0.69682485  0.1543705 ]"
1747093071.0479915,"[ 0.          0.15701622  0.3813928  -2.93030837 -2.21740358  1.145008
  1.08019558  1.53343284]","[ 0.00000000e+00  1.56217480e-04  2.20789347e-05  1.99872133e-02
 -4.05146197e-02 -8.45926284e-05 -3.96359904e-04 -8.21096340e-02]","[ 0.          0.58023399  9.84955788  0.72902566 -4.24774837  0.32544658
 -0.70936924  0.15213904]"
1747093071.0498161,"[ 0.          0.15701713  0.3813937  -2.93026576 -2.21748774  1.145008
  1.08019365  1.53326453]","[ 0.00000000e+00  1.68575838e-04  3.79236480e-05  2.07975050e-02
 -4.15950101e-02 -8.45917913e-05 -4.43239634e-04 -8.21096340e-02]","[ 0.          0.67277902  9.98543835  0.81701982 -4.30420637  0.32395443
 -0.73615289  0.14938214]"
1747093071.052075,"[ 0.          0.15701805  0.38139509 -2.93022528 -2.21757083  1.145008
  1.08019172  1.53309902]","[ 0.00000000e+00  1.75122233e-04  6.24105235e-05  2.05274085e-02
 -4.18651087e-02 -7.66613124e-05 -4.99274435e-04 -8.48106036e-02]","[ 0.          0.72974765 10.12190342  0.89306939 -4.32154226  0.33699009
 -0.73483419  0.13238591]"
1747093071.054461,"[ 0.          0.15701943  0.38139693 -2.93016616 -2.21769147  1.145008
  1.08018892  1.53284881]","[ 0.00000000e+00  1.88350865e-04  9.32891969e-05  1.89068230e-02
 -3.80451578e-02 -7.66620682e-05 -5.69617648e-04 -8.21096340e-02]","[ 0.          0.81934577 10.31280518  1.02990317 -4.38407135  0.36371359
 -0.78366673  0.12839709]"
1747093071.05609,"[ 0.          0.15702034  0.38139829 -2.93013101 -2.21776418  1.14500707
  1.08018699  1.5326833 ]","[ 0.00000000e+00  1.94598712e-04  1.13703000e-04  1.72862385e-02
 -3.46060473e-02 -7.40178194e-05 -6.03180175e-04 -8.07474437e-02]","[ 0.          0.89618319 10.39719391  1.06211293 -4.45685959  0.35879546
 -0.82214403  0.12468484]"
1747093071.0579135,"[ 0.          0.15702081  0.38139829 -2.93011423 -2.2177972   1.14500707
  1.08018606  1.53260433]","[ 0.00000000e+00  1.99507842e-04  1.11742974e-04  1.57984125e-02
 -3.34920866e-02 -7.40178194e-05 -6.23582940e-04 -7.99488533e-02]","[ 0.          0.92920285 10.42195606  1.06779945 -4.55560923  0.35422558
 -0.82277548  0.14091398]"
1747093071.0596647,"[ 0.          0.15702126  0.38139922 -2.93008387 -2.21786245  1.14500707
  1.08018506  1.53244441]","[ 0.00000000e+00  1.96498620e-04  1.27990443e-04  1.54111868e-02
 -3.31883281e-02 -7.40737029e-05 -6.04540753e-04 -8.10292395e-02]","[ 0.          0.97689432 10.52730942  1.14160478 -4.73338461  0.34069771
 -0.80093753  0.13485581]"
1747093071.061363,"[ 0.          0.15702217  0.38140059 -2.93005218 -2.21793116  1.14500707
  1.08018413  1.53227703]","[ 0.00000000e+00  1.97516876e-04  1.45907256e-04  1.62058481e-02
 -3.30702980e-02 -6.60879907e-05 -6.22520017e-04 -8.20264352e-02]","[ 0.          1.03303504 10.63849926  1.17419827 -4.87790346  0.3779074
 -0.82141531  0.14707524]"
1747093071.063104,"[ 0.          0.15702311  0.38140199 -2.93001356 -2.21799773  1.14500707
  1.08018227  1.53212004]","[ 0.00000000e+00  2.06505565e-04  1.62486945e-04  1.99872133e-02
 -3.34920866e-02 -6.60873364e-05 -6.66819907e-04 -7.91385615e-02]","[ 0.          1.05961549 10.7708168   1.13218951 -4.96225739  0.39816502
 -0.83826733  0.1347215 ]"
1747093071.0648963,"[ 0.          0.15702311  0.38140245 -2.92999146 -2.21803102  1.14500707
  1.08018127  1.53203921]","[ 0.00000000e+00  2.03772297e-04  1.68373337e-04  2.23953767e-02
 -3.37621852e-02 -6.60873364e-05 -6.81308973e-04 -7.62336104e-02]","[ 0.          1.07483029 10.78157139  1.14426231 -4.99982405  0.4336296
 -0.83548826  0.11220624]"
1747093071.066558,"[ 0.          0.15702356  0.38140382 -2.92993793 -2.21809894  1.14500707
  1.08018034  1.53189846]","[ 0.00000000e+00  2.01110453e-04  1.83480697e-04  2.75845316e-02
 -3.34920866e-02 -6.60873364e-05 -6.61534351e-04 -7.02253442e-02]","[ 0.          1.07758081 10.80208206  1.14219522 -5.08783054  0.46194953
 -0.81409073  0.12172098]"
1747093071.068385,"[ 0.          0.15702402  0.38140475 -2.92987641 -2.21816924  1.14500707
  1.0801794   1.53175665]","[ 0.00000000e+00  2.01107787e-04  1.89974184e-04  3.24116962e-02
 -3.64631611e-02 -6.60873364e-05 -6.66238706e-04 -7.07167057e-02]","[ 0.          1.06580496 10.78783512  1.1207279  -5.1642971   0.4599719
 -0.7980181   0.10067134]"
1747093071.0701077,"[ 0.          0.15702447  0.38140518 -2.92980557 -2.21825127  1.14500707
  1.0801784   1.53160725]","[ 0.00000000e+00  2.05480076e-04  1.94815078e-04  3.67705481e-02
 -4.13249156e-02 -6.60873364e-05 -6.78934234e-04 -7.72478753e-02]","[ 0.          1.06344247 10.775774    1.03758121 -5.19153118  0.4690409
 -0.78453898  0.09960544]"
1747093071.071928,"[ 0.          0.15702494  0.38140565 -2.92972301 -2.21833809  1.14500707
  1.08017747  1.53143987]","[ 0.00000000e+00  2.03509639e-04  1.99726532e-04  4.18651087e-02
 -4.45660825e-02 -6.60873364e-05 -6.78913168e-04 -8.31768126e-02]","[ 0.          1.02448833 10.7339344   0.92928702 -5.08733273  0.44960764
 -0.76592499  0.12840563]"
1747093071.0736575,"[ 0.          0.15702539  0.38140611 -2.92967987 -2.21838576  1.14500707
  1.08017747  1.53135518]","[ 0.00000000e+00  2.03509639e-04  2.07638887e-04  4.37114575e-02
 -4.48453275e-02 -6.60879907e-05 -6.58721062e-04 -8.58909982e-02]","[ 0.          1.0048871  10.72650719  0.87239504 -4.98896885  0.44236273
 -0.74573332  0.12182886]"
1747093071.0754812,"[ 0.          0.15702585  0.38140658 -2.92957787 -2.21847311  1.14500707
  1.08017747  1.53117448]","[ 0.00000000e+00  2.00988234e-04  2.05407255e-04  5.15886178e-02
 -4.42959881e-02 -6.60873364e-05 -6.02506972e-04 -9.26434348e-02]","[ 0.          0.96977878 10.61090946  0.77989763 -4.85813046  0.43787283
 -0.73024219  0.11904261]"
1747093071.0772429,"[ 0.          0.15702585  0.38140658 -2.92946575 -2.21856233  1.14500707
  1.08017747  1.53096809]","[ 0.00000000e+00  1.88599773e-04  2.09973282e-04  5.83410544e-02
 -4.38844797e-02 -6.60873364e-05 -5.85104359e-04 -1.04257622e-01]","[ 0.          0.87627929 10.45831966  0.68316782 -4.76177454  0.40983176
 -0.6704188   0.09400772]"
1747093071.0795467,"[ 0.          0.15702632  0.38140658 -2.92934085 -2.21864861  1.14500707
  1.08017747  1.5307521 ]","[ 0.00000000e+00  1.81808305e-04  2.09313148e-04  6.14382733e-02
 -4.37114575e-02 -6.60879907e-05 -5.60436114e-04 -1.10739964e-01]","[ 0.          0.83331954 10.29680347  0.60067683 -4.70438051  0.40907818
 -0.6487729   0.09068352]"
1747093071.08133,"[ 0.          0.15702677  0.38140658 -2.92921594 -2.2187357   1.14500707
  1.0801784   1.53051135]","[ 0.00000000e+00  1.86315036e-04  2.06502753e-04  6.42831993e-02
 -4.18783330e-02 -6.60873364e-05 -4.99274435e-04 -1.18842890e-01]","[ 0.          0.78829229 10.12188339  0.50573123 -4.61694098  0.39507627
 -0.60579205  0.08724622]"
1747093071.0830266,"[ 0.          0.15702723  0.38140705 -2.92908332 -2.21881293  1.14500707
  1.0801784   1.53026315]","[ 0.00000000e+00  1.79610125e-04  2.10919384e-04  6.50275403e-02
 -3.78136459e-02 -6.60873364e-05 -4.43691513e-04 -1.27486012e-01]","[ 0.          0.75010765 10.02461529  0.42121431 -4.54895639  0.40990481
 -0.59291691  0.09335857]"
1747093071.0847871,"[ 0.          0.15702723  0.38140705 -2.92902127 -2.21884782  1.14500707
  1.0801784   1.53012426]","[ 0.00000000e+00  1.79610125e-04  2.08164205e-04  6.29327103e-02
 -3.53827707e-02 -6.60879907e-05 -4.21262800e-04 -1.30901134e-01]","[ 0.          0.71212929  9.97363758  0.38453856 -4.53896141  0.40477899
 -0.58899677  0.08467307]"
1747093071.086506,"[ 0.          0.15702723  0.38140705 -2.92889556 -2.21891866  1.14500707
  1.0801784   1.52985981]","[ 0.00000000e+00  1.77464479e-04  2.05480076e-04  6.09367377e-02
 -3.45724769e-02 -6.60873364e-05 -3.58056384e-04 -1.33968346e-01]","[ 0.          0.66165584  9.92235661  0.33372071 -4.56419182  0.41352126
 -0.59477776  0.07368303]"
1747093071.0888455,"[ 0.          0.15702768  0.38140705 -2.92877333 -2.21898657  1.14500707
  1.0801784   1.52959243]","[ 0.00000000e+00  1.81746554e-04  2.05480076e-04  6.23925172e-02
 -3.51126721e-02 -6.60873364e-05 -3.12055673e-04 -1.28894991e-01]","[ 0.          0.60892731  9.87169838  0.29017991 -4.62392044  0.43128943
 -0.57974625  0.07659896]"
1747093071.090625,"[ 0.          0.15702815  0.38140705 -2.92864416 -2.21906327  1.14500707
  1.0801784   1.52934888]","[ 0.00000000e+00  1.85928728e-04  2.02864280e-04  6.26331380e-02
 -3.81168052e-02 -5.81574305e-05 -2.49644532e-04 -1.21543868e-01]","[ 0.          0.60649455  9.78816032  0.24263485 -4.68643045  0.46174291
 -0.56640881  0.09084516]"
1747093071.0924475,"[ 0.          0.15702862  0.38140748 -2.92851766 -2.2191421   1.14500707
  1.0801784   1.52911399]","[ 0.00000000e+00  1.84606283e-04  2.03512239e-04  6.45532979e-02
 -4.05146197e-02 -5.82447383e-05 -1.95029070e-04 -1.11842729e-01]","[ 0.          0.60841948  9.71888256  0.23105977 -4.69235516  0.47323295
 -0.5801298   0.07780336]"
1747093071.0942357,"[ 0.          0.15702907  0.38140748 -2.92838397 -2.21922891  1.14500707
  1.0801784   1.52890653]","[ 0.00000000e+00  1.84604153e-04  2.07685229e-04  6.88748552e-02
 -4.32155977e-02 -5.82447383e-05 -1.89144953e-04 -1.02096849e-01]","[ 0.          0.63655096  9.66122627  0.22432308 -4.68191385  0.47278377
 -0.58637458  0.10662928]"
1747093071.0965328,"[ 0.          0.15702953  0.38140748 -2.92824202 -2.21932266  1.14500707
  1.0801784   1.5287068 ]","[ 0.00000000e+00  1.86348537e-04  2.05141052e-04  6.93447200e-02
 -4.88876440e-02 -5.82447383e-05 -1.66452298e-04 -9.67966262e-02]","[ 0.          0.672894    9.57398796  0.28019384 -4.66906452  0.47781157
 -0.56941587  0.10589649]"
1747093071.098289,"[ 0.          0.15702998  0.38140748 -2.92810754 -2.21943424  1.14500707
  1.0801784   1.52852038]","[ 0.00000000e+00  1.90242776e-04  2.02658464e-04  6.80645635e-02
 -5.62010006e-02 -4.76547840e-05 -1.32752420e-04 -9.33590428e-02]","[ 0.          0.6886999   9.47729397  0.29154724 -4.60377884  0.44202909
 -0.56914765  0.09652241]"
1747093071.100021,"[ 0.          0.15703045  0.38140748 -2.92803483 -2.21949124  1.14500614
  1.0801784   1.5284281 ]","[ 0.00000000e+00  1.96187864e-04  2.00235238e-04  6.84597891e-02
 -5.77422967e-02 -5.82453112e-05 -1.03035027e-04 -9.34537265e-02]","[ 0.          0.71253794  9.39169979  0.32158732 -4.54746056  0.43538082
 -0.58030564  0.10570504]"
1747093071.1018183,"[ 0.          0.15703183  0.38140748 -2.92790221 -2.21961933  1.14500614
  1.0801784   1.52824261]","[ 0.00000000e+00  2.18448243e-04  2.00050861e-04  6.61738814e-02
 -5.83526225e-02 -5.82447383e-05 -5.15175135e-05 -8.95243405e-02]","[ 0.          0.74156582  9.36105442  0.37547028 -4.37993908  0.39176565
 -0.59450632  0.09909157]"
1747093071.1035984,"[ 0.          0.15703274  0.38140705 -2.92776825 -2.21973438  1.14500614
  1.0801784   1.52806937]","[ 0.00000000e+00  2.71739878e-04  1.93776048e-04  6.57013367e-02
 -5.86111530e-02 -5.82447383e-05 -5.01523428e-05 -8.77816761e-02]","[ 0.          0.84531981  9.29545021  0.47490007 -4.22709513  0.36374307
 -0.59218597  0.07200598]"
1747093071.105277,"[ 0.          0.15703458  0.38140705 -2.92763456 -2.21985289  1.1450052
  1.0801784   1.5278944 ]","[ 0.00000000e+00  3.20834775e-04  1.97689240e-04  6.83346621e-02
 -5.69244400e-02 -6.61872009e-05 -2.86577118e-05 -8.47246751e-02]","[ 0.          0.90597159  9.18607616  0.55635166 -4.08482075  0.29660562
 -0.58934426  0.0643718 ]"
1747093071.1064417,"[ 0.          0.15703504  0.38140705 -2.92756611 -2.21990722  1.1450052
  1.0801784   1.52781251]","[ 0.00000000e+00  3.14231487e-04  1.95382722e-04  6.94150525e-02
 -5.50440568e-02 -6.61872009e-05 -2.78617056e-05 -8.31900202e-02]","[ 0.          0.97563922  9.1518383   0.60640961 -4.03231812  0.29205513
 -0.59101433  0.04956978]"
1747093071.1082516,"[ 0.          0.15703687  0.38140705 -2.92741858 -2.22000922  1.1450052
  1.0801784   1.52765179]","[ 0.00000000e+00  3.30057173e-04  1.95556273e-04  7.31964166e-02
 -5.07783261e-02 -6.61872009e-05  0.00000000e+00 -7.62336104e-02]","[ 0.          1.04669857  9.08094311  0.6810109  -3.96003199  0.29165208
 -0.6014297   0.0393523 ]"
1747093071.1105442,"[ 0.          0.15703825  0.38140705 -2.92726358 -2.22011015  1.14500427
  1.0801784   1.52752142]","[ 0.00000000e+00  3.35795193e-04  1.93127163e-04  8.04890505e-02
 -4.88998487e-02 -7.41864532e-05  0.00000000e+00 -6.26626158e-02]","[ 0.          1.12600684  9.08441162  0.75636357 -3.92914033  0.27327475
 -0.61699677  0.04097467]"
1747093071.1123166,"[ 0.          0.15704008  0.38140705 -2.92708808 -2.22020336  1.14500427
  1.0801784   1.52741397]","[ 0.00000000e+00  3.54763388e-04  1.90927470e-04  8.70166581e-02
 -4.64096974e-02 -6.61872009e-05  0.00000000e+00 -4.91506186e-02]","[ 0.          1.19558728  9.14408302  0.7797693  -3.95366454  0.29563525
 -0.65630859  0.01747716]"
1747093071.115379,"[ 0.          0.15704193  0.38140748 -2.92690299 -2.22025024  1.14500427
  1.0801784   1.52734259]","[ 0.00000000e+00  3.80861619e-04  1.92524912e-04  9.63271025e-02
 -4.41352496e-02 -6.62372408e-05  0.00000000e+00 -3.29518914e-02]","[ 0.          1.21340263  9.25820351  0.77417272 -4.00773096  0.30454621
 -0.65167427  0.01136489]"
1747093071.1164782,"[ 0.          0.1570433   0.38140794 -2.92669766 -2.22033013  1.14500427
  1.0801784   1.52729412]","[ 0.00000000e+00  4.12654470e-04  2.00951921e-04  1.01811991e-01
 -3.97043280e-02 -6.61872009e-05  0.00000000e+00 -2.05630137e-02]","[ 0.          1.20640981  9.40640068  0.77686912 -4.13516617  0.31697437
 -0.66739595  0.01461936]"
1747093071.1183035,"[ 0.          0.15704423  0.38140888 -2.92648887 -2.2204063   1.14500427
  1.0801784   1.52726456]","[ 0.00000000e+00  4.46090633e-04  2.11139407e-04  1.07498797e-01
 -3.68629640e-02 -6.62372408e-05  0.00000000e+00 -1.35048743e-02]","[ 0.          1.1646651   9.56720543  0.71098739 -4.36515713  0.35213238
 -0.69627839  0.03141935]"
1747093071.1206272,"[ 0.          0.15704514  0.38141024 -2.92626436 -2.22047794  1.14500427
  1.0801784   1.52724552]","[ 0.00000000e+00  4.80614427e-04  2.34262842e-04  1.09983793e-01
 -3.61930625e-02 -6.61872009e-05  0.00000000e+00 -8.02459070e-03]","[ 0.          1.12901914  9.79833984  0.637384   -4.57675076  0.39857912
 -0.71292329  0.01826901]"
1747093071.1224108,"[ 0.          0.15704559  0.38141254 -2.92603986 -2.22055091  1.14500427
  1.0801784   1.52723327]","[ 0.00000000e+00  5.22693250e-04  2.33259362e-04  1.14521328e-01
 -3.59229638e-02 -5.82887721e-05  0.00000000e+00 -5.67204678e-03]","[ 0.          1.08458126  9.96363735  0.56753862 -4.78947163  0.45412928
 -0.70424807  0.02181868]"
1747093071.1241727,"[ 0.          0.15704653  0.38141577 -2.9258047  -2.22061749  1.14500427
  1.0801784   1.52722275]","[ 0.00000000e+00  5.54721761e-04  2.60629649e-04  1.14851951e-01
 -3.29185062e-02 -5.82453112e-05  0.00000000e+00 -5.39921165e-03]","[ 0.          1.02325809 10.1861124   0.49249718 -4.93600702  0.48172361
 -0.71489412  0.01318731]"
1747093071.1265457,"[ 0.          0.15704744  0.38141943 -2.92558419 -2.22068273  1.14500427
  1.0801784   1.52721037]","[ 0.00000000e+00  5.92462056e-04  2.77376485e-04  1.10357942e-01
 -3.10612093e-02 -5.82887721e-05  0.00000000e+00 -5.61774274e-03]","[ 0.          0.92464304 10.36680031  0.42102224 -5.09765673  0.51569593
 -0.72147298  0.04349103]"
1747093071.128219,"[ 0.          0.15704789  0.38142309 -2.92537487 -2.22074159  1.14500427
  1.0801784   1.52719705]","[ 0.00000000e+00  6.05607968e-04  3.03923312e-04  1.05338016e-01
 -2.94406258e-02 -5.82893532e-05  0.00000000e+00 -6.06472937e-03]","[ 0.          0.87908816 10.53684998  0.37426269 -5.22150564  0.51923573
 -0.7053048   0.04100345]"
1747093071.1299372,"[ 0.          0.15704836  0.38142449 -2.92526727 -2.22077275  1.14500427
  1.0801784   1.52718946]","[ 0.00000000e+00  5.86682750e-04  3.29260533e-04  1.01310460e-01
 -2.93399105e-02 -5.82887721e-05  0.00000000e+00 -6.54918594e-03]","[ 0.          0.85154557 10.60203075  0.34377527 -5.26386356  0.5288471
 -0.68623424  0.03478961]"
1747093071.1316965,"[ 0.          0.15704927  0.38142815 -2.92507499 -2.22083187  1.14500427
  1.0801784   1.52717228]","[ 0.00000000e+00  5.86639708e-04  4.45882671e-04  9.69649962e-02
 -3.02202662e-02 -5.82447383e-05  0.00000000e+00 -8.08022008e-03]","[ 0.          0.85543108 10.75771046  0.30148837 -5.3123517   0.52693069
 -0.695728    0.02735099]"
1747093071.1334665,"[ 0.          0.15705019  0.38143228 -2.92488165 -2.22089525  1.14500427
  1.0801784   1.52715431]","[ 0.00000000e+00  5.66805139e-04  8.37943546e-04  9.30351025e-02
 -3.10952894e-02 -5.82887721e-05  0.00000000e+00 -8.74470790e-03]","[ 0.          0.83086365 10.89330387  0.30885127 -5.28180695  0.5071373
 -0.70453829  0.02262915]"
1747093071.1346643,"[ 0.          0.15705065  0.38143411 -2.92479217 -2.22092508  1.14500427
  1.0801784   1.52714565]","[ 0.00000000e+00  5.48539859e-04  1.32475802e-03  9.06608029e-02
 -3.02509176e-02 -5.82887721e-05  0.00000000e+00 -8.77772278e-03]","[ 0.          0.83736414 10.95476341  0.32692647 -5.22671509  0.49886665
 -0.71132249  0.02278218]"
1747093071.136454,"[ 0.          0.15705204  0.38143824 -2.92460841 -2.22098074  1.14500427
  1.0801784   1.52712861]","[ 0.00000000e+00  5.64528058e-04  1.94714344e-03  8.90228007e-02
 -2.70097486e-02 -5.82893532e-05  0.00000000e+00 -8.64019755e-03]","[ 0.          0.80615932 10.99517918  0.33629027 -5.10857487  0.47663948
 -0.69717538  0.03256983]"
1747093071.1382163,"[ 0.          0.15705387  0.38144193 -2.92443584 -2.22102708  1.14500427
  1.0801784   1.52711236]","[ 0.00000000e+00  5.65933890e-04  1.95406675e-03  8.75115816e-02
 -2.10447338e-02 -5.82887721e-05  0.00000000e+00 -8.16328262e-03]","[ 0.          0.83909541 11.03991508  0.40408331 -5.00244474  0.44708973
 -0.68099421  0.02686108]"
1747093071.1406336,"[ 0.          0.15705616  0.38144513 -2.92425634 -2.2210617   1.14500427
  1.0801784   1.52709811]","[ 0.00000000e+00  5.85109170e-04  1.88782712e-03  9.26434348e-02
 -1.64759457e-02 -4.76908124e-05  0.00000000e+00 -7.38266433e-03]","[ 0.          0.88362652 11.01053429  0.42368796 -4.95944405  0.4271889
 -0.67901361  0.02557932]"
1747093071.1423826,"[ 0.          0.15705891  0.38144789 -2.92406379 -2.22108674  1.14500427
  1.0801784   1.52708387]","[ 0.00000000e+00  6.05607968e-04  1.74062817e-03  9.50743100e-02
 -1.10338124e-02 -4.76912879e-05  0.00000000e+00 -6.84436769e-03]","[ 0.00000000e+00  9.14514184e-01  1.10332947e+01  4.65716720e-01
 -4.95644617e+00  4.02804703e-01 -6.85538232e-01  3.49061424e-03]"
1747093071.1447387,"[ 0.          0.15706212  0.38145112 -2.92386219 -2.22110298  1.14500427
  1.0801784   1.52706962]","[ 0.00000000e+00  6.78524942e-04  1.66758422e-03  9.89603613e-02
 -7.02253421e-03 -4.76192757e-05  0.00000000e+00 -7.08675020e-03]","[ 0.00000000e+00  9.45534825e-01  1.10360413e+01  5.05702734e-01
 -4.95102644e+00  4.03278708e-01 -6.87155664e-01 -1.13372004e-03]"
1747093071.147012,"[ 0.          0.1570658   0.38145478 -2.92366565 -2.2211139   1.14500427
  1.0801784   1.52705431]","[ 0.00000000e+00  8.54539604e-04  1.62243974e-03  9.95649904e-02
 -4.76460065e-03 -3.70089097e-05  0.00000000e+00 -7.35350480e-03]","[ 0.          0.95234549 11.03357792  0.53168011 -4.98843956  0.41228458
 -0.70375186  0.02271053]"
1747093071.1487625,"[ 0.          0.15707086  0.38145891 -2.92345766 -2.22111976  1.14500427
  1.0801784   1.52703726]","[ 0.00000000e+00  1.31444282e-03  1.70204030e-03  1.01561229e-01
 -2.70097486e-03 -3.70372172e-05  0.00000000e+00 -8.08022008e-03]","[ 0.          0.98731399 11.0078249   0.56039625 -5.07305813  0.43035898
 -0.71397436  0.02262777]"
1747093071.1505802,"[ 0.          0.15707682  0.38146261 -2.92325579 -2.22112455  1.14500427
  1.0801794   1.52701915]","[ 0.00000000e+00  2.07436166e-03  1.77013036e-03  1.02907141e-01
 -2.25479290e-03 -3.70368514e-05  1.30869472e-05 -8.74253368e-03]","[ 0.          0.98478532 10.95462227  0.52753323 -5.15083551  0.43710345
 -0.71562403  0.02325806]"
1747093071.1523516,"[ 0.          0.15708371  0.3814658  -2.92304274 -2.22112855  1.14500427
  1.0801794   1.52700011]","[ 0.00000000e+00  2.82381316e-03  1.82893199e-03  1.03469942e-01
 -2.16077981e-03 -3.70368514e-05  1.29422595e-05 -9.36337895e-03]","[ 0.          0.9659375  10.92215347  0.59174991 -5.22875452  0.44064328
 -0.71950543  0.02791934]"
1747093071.1540935,"[ 0.          0.15709243  0.38146903 -2.92283741 -2.22113307  1.14500427
  1.0801794   1.5269792 ]","[ 0.00000000e+00  3.77715617e-03  1.76993426e-03  1.05608111e-01
 -2.21063176e-03 -3.70368514e-05  1.27773978e-05 -1.00033064e-02]","[ 0.          0.96487474 10.82460976  0.62131554 -5.28353977  0.45077935
 -0.73498994  0.018974  ]"
1747093071.1558867,"[ 0.          0.15710438  0.38147133 -2.92262622 -2.2211392   1.14500427
  1.0801794   1.52696309]","[ 0.00000000e+00  5.58012767e-03  1.62261958e-03  1.03567372e-01
 -2.64925258e-03 -2.64551545e-05  2.20990884e-05 -8.64019755e-03]","[ 0.          0.97995204 10.76036835  0.63064975 -5.34966326  0.47942343
 -0.76008409  0.01345291]"
1747093071.1577232,"[ 0.          0.15711311  0.38147223 -2.92252502 -2.22114319  1.14500427
  1.0801794   1.52695537]","[ 0.00000000e+00  6.84436769e-03  1.47510867e-03  1.02533050e-01
 -2.92538181e-03 -2.64548924e-05  2.18243321e-05 -7.89995060e-03]","[ 0.00000000e+00  9.89648700e-01  1.07043848e+01  6.05952621e-01
 -5.34237480e+00  4.72547263e-01 -7.61736572e-01  7.84607511e-03]"
1747093071.159433,"[ 0.          0.15713561  0.38147362 -2.92232208 -2.22115305  1.14500427
  1.0801794   1.52694498]","[ 0.00000000e+00  1.26945815e-02  1.20945510e-03  1.02907141e-01
 -3.98915706e-03 -2.64551545e-05  2.15752885e-05 -5.96885141e-03]","[ 0.          0.96132541 10.54904747  0.61158073 -5.34845352  0.47546363
 -0.72525656  0.01964263]"
1747093071.1612163,"[ 0.          0.15717141  0.38147406 -2.92211196 -2.22116477  1.14500427
  1.0801794   1.52693926]","[ 0.00000000e+00  1.90763664e-02  9.14567359e-04  1.03177236e-01
 -5.67204678e-03 -2.64548924e-05  2.13316172e-05 -3.50993214e-03]","[ 0.          0.9450193  10.3332243   0.61298817 -5.33977222  0.45113903
 -0.68879431  0.03103929]"
1747093071.16303,"[ 0.          0.15721872  0.38147406 -2.92189465 -2.22117995  1.14500427
  1.0801794   1.52693739]","[ 0.00000000e+00  2.56592596e-02  5.60479156e-04  1.07328904e-01
 -7.40850063e-03 -2.64548924e-05  2.10936289e-05 -1.22888123e-03]","[ 0.          0.95802581 10.1749382   0.58714819 -5.24383402  0.45470828
 -0.69143099  0.02425896]"
1747093071.1647813,"[ 0.          0.15724535  0.38147406 -2.92178546 -2.2211882   1.14500427
  1.0801794   1.52693739]","[ 0.00000000e+00  2.70097486e-02  4.72034770e-04  1.10739964e-01
 -7.83282698e-03 -2.64351959e-05  2.10755049e-05 -6.30227449e-04]","[ 0.          0.94607913 10.07752609  0.58359778 -5.19269466  0.46050245
 -0.68152922  0.02879643]"
1747093071.166577,"[ 0.          0.15730412  0.38147406 -2.92155935 -2.22120818  1.14500427
  1.08018034  1.52693739]","[ 0.00000000e+00  2.89004307e-02  2.04768545e-04  1.16141912e-01
 -1.02637042e-02 -2.64548924e-05  3.27531794e-05  0.00000000e+00]","[ 0.00000000e+00  8.68167996e-01  9.93411064e+00  5.26665568e-01
 -5.07822561e+00  4.44163501e-01 -6.51401043e-01 -4.37503710e-04]"
1747093071.168371,"[ 0.          0.15736198  0.38147406 -2.92131967 -2.22122921  1.14500427
  1.08018034  1.52693646]","[ 0.00000000e+00  2.75845316e-02  5.89978078e-05  1.17359642e-01
 -1.08038994e-02 -2.64551545e-05  3.23691980e-05 -2.06526647e-04]","[ 0.00000000e+00  8.03977132e-01  9.80099201e+00  4.77934062e-01
 -4.94058371e+00  4.53137398e-01 -6.11827016e-01 -5.60884597e-03]"
1747093071.1701756,"[ 0.          0.15741294  0.38147406 -2.92109144 -2.22125318  1.14500334
  1.08018034  1.5269354 ]","[ 0.00000000e+00  2.51190644e-02  0.00000000e+00  1.15178338e-01
 -1.17750305e-02 -3.70368514e-05  3.20469659e-05 -3.42473706e-04]","[ 0.00000000e+00  7.60559082e-01  9.59933949e+00  4.25152510e-01
 -4.81070852e+00  4.09349710e-01 -5.94263256e-01 -3.39208287e-03]"
1747093071.1725652,"[ 0.          0.15745933  0.38147406 -2.92085868 -2.22127635  1.14500334
  1.08018034  1.52693446]","[ 0.00000000e+00  2.26881871e-02  0.00000000e+00  1.13741779e-01
 -1.16141912e-02 -3.70368514e-05  2.03935230e-05 -3.57558537e-04]","[ 0.00000000e+00  7.09486723e-01  9.45317554e+00  3.76187414e-01
 -4.71345568e+00  3.86425555e-01 -5.52164018e-01  5.50155120e-04]"
1747093071.1743577,"[ 0.          0.15750432  0.38147406 -2.92063737 -2.22130032  1.14500334
  1.08018127  1.52693353]","[ 0.00000000e+00  2.13377002e-02  0.00000000e+00  1.12360547e-01
 -1.15353491e-02 -3.70368514e-05  3.13443812e-05 -4.02855292e-04]","[ 0.          0.65419769  9.36752415  0.31281754 -4.62399483  0.35737577
 -0.559048   -0.0097321 ]"
1747093071.1761892,"[ 0.          0.1575475   0.38147406 -2.92041286 -2.22132243  1.14500334
  1.08018127  1.5269326 ]","[ 0.00000000e+00  2.18778954e-02  0.00000000e+00  1.07929522e-01
 -1.13556107e-02 -3.70372172e-05  3.09424566e-05 -4.78698850e-04]","[ 0.00000000e+00  6.35395050e-01  9.27303314e+00  3.26760530e-01
 -4.53041840e+00  3.47462773e-01 -5.68435967e-01 -8.94789491e-03]"
1747093071.1779618,"[ 0.          0.15759387  0.38147406 -2.9202094  -2.22134346  1.14500334
  1.08018127  1.5269326 ]","[ 0.00000000e+00  2.26881871e-02  0.00000000e+00  1.01104431e-01
 -9.77997016e-03 -3.70368514e-05  3.06966904e-05 -4.26978714e-04]","[ 0.          0.65631551  9.21523762  0.36353332 -4.48745537  0.33984244
 -0.55776328 -0.01107413]"
1747093071.1809375,"[ 0.          0.15764301  0.38147406 -2.92000061 -2.22136104  1.14500334
  1.08018127  1.5269326 ]","[ 0.00000000e+00  2.45521898e-02  0.00000000e+00  9.27843326e-02
 -8.37302164e-03 -3.70089097e-05  3.06235263e-05 -3.36652430e-04]","[ 0.00000000e+00  6.73186004e-01  9.20970535e+00  3.69936138e-01
 -4.49160480e+00  3.71969253e-01 -5.54984868e-01 -2.23915093e-03]"
1747093071.1826675,"[ 0.          0.15769214  0.38147406 -2.91982324 -2.22137622  1.14500334
  1.08018127  1.5269326 ]","[ 0.00000000e+00  2.51190644e-02  0.00000000e+00  8.99424568e-02
 -7.55506656e-03 -3.70368514e-05  3.03352725e-05 -2.20789351e-04]","[ 0.          0.70624083  9.24052525  0.40507045 -4.52434349  0.38679874
 -0.5648061   0.01245279]"
1747093071.1844964,"[ 0.          0.15774311  0.38147406 -2.91964374 -2.221389    1.14500334
  1.08018127  1.5269326 ]","[ 0.00000000e+00  2.56592596e-02  0.00000000e+00  8.68832670e-02
 -6.21224196e-03 -3.70089097e-05  3.03349596e-05 -1.54552549e-04]","[ 0.00000000e+00  7.53588200e-01  9.29011345e+00  4.87647861e-01
 -4.61406612e+00  3.77803981e-01 -5.82201719e-01 -2.42790976e-03]"
1747093071.186296,"[ 0.          0.15779914  0.38147452 -2.91946877 -2.22139966  1.14500334
  1.08018127  1.5269326 ]","[ 0.00000000e+00  2.80616764e-02  2.03512243e-05  8.99424568e-02
 -5.13185212e-03 -3.70368514e-05  3.00049903e-05 -1.42873456e-04]","[ 0.00000000e+00  7.99768388e-01  9.38642979e+00  5.61896980e-01
 -4.70718050e+00  3.91562045e-01 -5.79295635e-01  6.53062761e-03]"
1747093071.1880715,"[ 0.          0.15782806  0.38147452 -2.91937237 -2.22140472  1.14500334
  1.08018127  1.5269326 ]","[ 0.00000000e+00  2.94406258e-02  1.96123512e-05  9.07781817e-02
 -4.76011853e-03 -3.70092754e-05  2.97046959e-05 -8.16419714e-05]","[ 0.00000000e+00  8.21793616e-01  9.42761993e+00  5.72403431e-01
 -4.74342346e+00  3.91405463e-01 -5.88352025e-01  3.01935431e-03]"
1747093071.1892486,"[ 0.          0.15789556  0.38147546 -2.91918728 -2.2214151   1.14500334
  1.08018127  1.5269326 ]","[ 0.00000000e+00  3.40322817e-02  4.73114412e-05  9.53444128e-02
 -5.26690092e-03 -3.70372172e-05  2.93882260e-05 -8.16419714e-05]","[ 0.00000000e+00  9.32455480e-01  9.57567120e+00  6.48469985e-01
 -4.83874321e+00  4.23386246e-01 -6.33313775e-01  4.80226474e-04]"
1747093071.1910048,"[ 0.          0.15797271  0.38147635 -2.91898381 -2.22142655  1.14500334
  1.08018127  1.5269326 ]","[ 0.00000000e+00  4.10548170e-02  7.93841280e-05  1.00213021e-01
 -5.58201425e-03 -3.70089097e-05  2.91223691e-05  0.00000000e+00]","[ 0.          0.95629221  9.6949873   0.68871599 -4.92685938  0.4302558
 -0.64383352  0.01475967]"
1747093071.1927383,"[ 0.          0.15801633  0.38147729 -2.91888314 -2.22143454  1.14500334
  1.08018127  1.5269326 ]","[ 0.00000000e+00  4.42959881e-02  1.02498258e-04  1.02096849e-01
 -6.40773775e-03 -3.70372172e-05  2.91226556e-05  0.00000000e+00]","[ 0.          0.99489063  9.76985931  0.70336598 -4.98199511  0.43473163
 -0.66262901  0.02105178]"
1747093071.194528,"[ 0.          0.15811367  0.38147912 -2.91878088 -2.22145239  1.14500334
  1.08018127  1.5269326 ]","[ 0.00000000e+00  4.83474467e-02  1.52630502e-04  1.03717433e-01
 -9.04367894e-03 -3.70368514e-05  2.91223691e-05  0.00000000e+00]","[ 0.          1.01218736  9.92316151  0.70708323 -5.05411196  0.47234151
 -0.671826    0.03316202]"
1747093071.1962755,"[ 0.          0.15821194  0.38148141 -2.9185633  -2.22147795  1.14500334
  1.08018127  1.5269326 ]","[ 0.00000000e+00  5.02381288e-02  2.11842355e-04  1.06827364e-01
 -1.37922658e-02 -3.70368514e-05  2.91223691e-05  0.00000000e+00]","[ 0.          0.995067   10.05814743  0.70531756 -5.05290651  0.49042216
 -0.67673427  0.02044887]"
1747093071.1980247,"[ 0.          0.15831938  0.38148508 -2.91834705 -2.22151124  1.14500334
  1.08018127  1.5269326 ]","[ 0.00000000e+00  5.34792999e-02  2.93741532e-04  1.10627762e-01
 -1.83666278e-02 -3.70368514e-05  2.91006692e-05  0.00000000e+00]","[ 0.00000000e+00  1.00544024e+00  1.01811438e+01  7.20409572e-01
 -4.99131775e+00  4.85998482e-01 -6.95640326e-01  4.92035458e-03]"
1747093071.200472,"[ 0.          0.15842822  0.38148967 -2.91811589 -2.22155652  1.14500334
  1.08018127  1.5269326 ]","[ 0.00000000e+00  5.59101792e-02  4.00618295e-04  1.12845809e-01
 -2.38005937e-02 -2.64548924e-05  2.91223691e-05  0.00000000e+00]","[ 0.00000000e+00  1.00911796e+00  1.02468071e+01  7.05567658e-01
 -4.86283588e+00  4.69463170e-01 -6.87476158e-01 -1.83106889e-03]"
1747093071.2023199,"[ 0.          0.15854164  0.38149473 -2.91789005 -2.22161111  1.14500334
  1.08018127  1.5269326 ]","[ 0.00000000e+00  5.48297889e-02  5.30672818e-04  1.14521328e-01
 -2.91409724e-02 -2.64548924e-05  2.91003827e-05  0.00000000e+00]","[ 0.00000000e+00  9.75898087e-01  1.03154078e+01  6.88795805e-01
 -4.73741007e+00  4.27464694e-01 -6.64443433e-01 -4.08261409e-03]"
1747093071.203496,"[ 0.          0.15859582  0.38149749 -2.917779   -2.221642    1.14500334
  1.08018127  1.5269326 ]","[ 0.00000000e+00  5.48297889e-02  7.30338054e-04  1.12516534e-01
 -3.13313079e-02 -2.64548924e-05  2.91223691e-05  0.00000000e+00]","[ 0.00000000e+00  9.52617943e-01  1.03137398e+01  6.95878148e-01
 -4.62911987e+00  4.23688442e-01 -6.49660766e-01 -3.66454734e-03]"
1747093071.2070227,"[ 0.          0.15871475  0.38150392 -2.91755076 -2.22171125  1.14500334
  1.08018127  1.5269326 ]","[ 0.00000000e+00  5.96267495e-02  1.85235767e-03  1.11820358e-01
 -3.41045096e-02 -1.85184257e-05  2.91223691e-05  0.00000000e+00]","[ 0.          0.89355856 10.34988213  0.65849239 -4.43734837  0.3903487
 -0.64348406 -0.01549382]"
1747093071.2087605,"[ 0.          0.15890716  0.38151357 -2.91721787 -2.22181591  1.14500241
  1.08018127  1.5269326 ]","[ 0.00000000e+00  6.75243704e-02  3.14360939e-03  1.10087356e-01
 -3.61930625e-02 -2.64548924e-05  2.91223691e-05  0.00000000e+00]","[ 0.00000000e+00  9.15468216e-01  1.03684778e+01  6.66152179e-01
 -4.11732769e+00  3.50026667e-01 -6.36860728e-01 -6.47853874e-03]"
1747093071.2104495,"[ 0.          0.1590541   0.38152046 -2.91700162 -2.22189234  1.14500241
  1.08018127  1.5269326 ]","[ 0.00000000e+00  7.34665111e-02  3.29770317e-03  1.09389475e-01
 -3.76152695e-02 -1.85184257e-05  2.91003827e-05  0.00000000e+00]","[ 0.          0.88363302 10.38372326  0.65528655 -3.96344686  0.31832752
 -0.61368906 -0.01093905]"
1747093071.2126954,"[ 0.          0.15920793  0.38152732 -2.91678484 -2.22196904  1.14500241
  1.08018227  1.5269326 ]","[ 0.00000000e+00  7.91385615e-02  3.40408059e-03  1.10199767e-01
 -3.96641018e-02 -1.85184257e-05  3.70651995e-05  0.00000000e+00]","[ 0.          0.86717153 10.38755798  0.64294511 -3.84261155  0.32704762
 -0.61026454 -0.01242357]"
1747093071.2144623,"[ 0.          0.15937278  0.38153514 -2.9165598  -2.2220524   1.14500241
  1.08018227  1.5269326 ]","[ 0.00000000e+00  8.10292395e-02  3.64272219e-03  1.10739964e-01
 -4.08368081e-02 -1.85184257e-05  3.70368514e-05  0.00000000e+00]","[ 0.          0.83438653 10.4259119   0.61139923 -3.82684588  0.33210155
 -0.60090774 -0.01357579]"
1747093071.2161825,"[ 0.          0.15953991  0.3815425  -2.91633903 -2.22213069  1.14500241
  1.08018227  1.5269326 ]","[ 0.00000000e+00  8.56209037e-02  3.77612394e-03  1.12090453e-01
 -3.91641349e-02 -1.85184257e-05  3.70648338e-05  0.00000000e+00]","[ 0.          0.80957925 10.46548843  0.59750366 -3.88192153  0.33710712
 -0.59700221 -0.02736984]"
1747093071.2179031,"[ 0.          0.15971808  0.38155122 -2.916106   -2.22220686  1.14500241
  1.08018227  1.5269326 ]","[ 0.00000000e+00  8.76863932e-02  3.97486728e-03  1.14251234e-01
 -3.68282846e-02 -1.85186086e-05  3.70368514e-05  0.00000000e+00]","[ 0.          0.78679365 10.46611404  0.57277197 -4.02472734  0.35204905
 -0.61620057 -0.02326942]"
1747093071.2196357,"[ 0.          0.15980624  0.38155582 -2.91599415 -2.22224255  1.14500241
  1.08018227  1.5269326 ]","[ 0.00000000e+00  8.94022679e-02  4.37235395e-03  1.13440942e-01
 -3.61930625e-02 -1.85186086e-05  3.70372172e-05  0.00000000e+00]","[ 0.          0.75148988 10.49948502  0.52280384 -4.13546133  0.35412633
 -0.61489141 -0.01574956]"
1747093071.2212899,"[ 0.          0.15999222  0.3815682  -2.91577124 -2.22231472  1.14500241
  1.08018227  1.5269326 ]","[ 0.00000000e+00  9.07781817e-02  5.61589153e-03  1.12900745e-01
 -3.67332556e-02 -1.85184257e-05  3.70368514e-05  0.00000000e+00]","[ 0.00000000e+00  7.54374504e-01  1.05508270e+01  5.33369303e-01
 -4.33519220e+00  3.99548143e-01 -6.27193987e-01 -2.81490525e-03]"
1747093071.2236335,"[ 0.          0.16017223  0.38158521 -2.91554487 -2.22239355  1.14500241
  1.08018227  1.5269326 ]","[ 0.00000000e+00  9.12929458e-02  8.64311923e-03  1.09818294e-01
 -3.88940363e-02 -1.85044548e-05  3.70372172e-05  0.00000000e+00]","[ 0.          0.73170465 10.54251385  0.48858961 -4.57930899  0.46043599
 -0.63575321  0.01513333]"
1747093071.2253826,"[ 0.          0.16035406  0.38160815 -2.91532995 -2.22247264  1.14500241
  1.08018227  1.5269326 ]","[ 0.00000000e+00  9.21032375e-02  1.21420713e-02  1.09659578e-01
 -4.05146197e-02 -1.85184257e-05  3.70368514e-05  0.00000000e+00]","[ 0.00000000e+00  7.82072067e-01  1.05484295e+01  5.22135437e-01
 -4.73491430e+00  5.13942659e-01 -6.50248528e-01  8.57215142e-04]"
1747093071.2265103,"[ 0.          0.16045188  0.3816224  -2.91521624 -2.22251526  1.14500241
  1.08018227  1.5269326 ]","[ 0.00000000e+00  9.20320229e-02  1.46000712e-02  1.07078134e-01
 -4.00852100e-02 -1.85184257e-05  3.70368514e-05  0.00000000e+00]","[ 0.          0.75197405 10.4864912   0.54335028 -4.84988642  0.52366251
 -0.6636939   0.02381017]"
1747093071.2282112,"[ 0.          0.16063692  0.38165452 -2.91500718 -2.22259994  1.14500241
  1.08018227  1.5269326 ]","[ 0.00000000e+00  9.45341127e-02  1.72862385e-02  1.06148308e-01
 -4.34856922e-02 -1.85184257e-05  3.70368514e-05  0.00000000e+00]","[ 0.          0.72170043 10.4258976   0.54742318 -5.01254368  0.55561936
 -0.65213424  0.01999072]"
1747093071.230523,"[ 0.          0.1608431   0.38169587 -2.91479652 -2.22269635  1.14500241
  1.08018227  1.5269326 ]","[ 0.00000000e+00  9.30131980e-02  2.10676037e-02  1.02467819e-01
 -4.83527814e-02 -1.85184257e-05  3.70372172e-05  0.00000000e+00]","[ 0.00000000e+00  7.42504060e-01  1.02878036e+01  5.77991009e-01
 -5.09304047e+00  5.93602121e-01 -6.56897068e-01  7.50209787e-04]"
1747093071.232313,"[ 0.          0.16102724  0.38173901 -2.91459572 -2.22279915  1.14500241
  1.08018227  1.5269326 ]","[ 0.00000000e+00  9.30892147e-02  2.18557287e-02  1.02096849e-01
 -5.31552930e-02 -1.85184257e-05  3.70368514e-05  0.00000000e+00]","[ 0.00000000e+00  8.05246115e-01  1.01646528e+01  6.15924954e-01
 -5.11119461e+00  5.70663631e-01 -6.62372231e-01 -4.20664484e-03]"
1747093071.2340152,"[ 0.          0.16112596  0.38176244 -2.91449665 -2.22285507  1.14500241
  1.08018227  1.52693353]","[ 0.00000000e+00  9.30351025e-02  2.20676248e-02  1.00476258e-01
 -5.26613765e-02 -1.85186086e-05  3.70368514e-05  1.89249138e-05]","[ 0.          0.84415287 10.10094261  0.62936044 -5.07544374  0.57202727
 -0.6610387   0.0114043 ]"
1747093071.2357705,"[ 0.          0.16130963  0.38180009 -2.91428946 -2.22295707  1.14500241
  1.08018227  1.52693353]","[ 0.00000000e+00  9.39939238e-02  1.80965312e-02  1.02096849e-01
 -5.13185192e-02 -1.85184257e-05  3.70368514e-05  1.85744697e-05]","[ 0.00000000e+00  8.96781862e-01  9.98484802e+00  6.90058410e-01
 -4.95778751e+00  5.28043985e-01 -6.69286013e-01 -2.71880563e-04]"
1747093071.2375216,"[ 0.          0.16150892  0.38182809 -2.91408253 -2.22305721  1.14500241
  1.08018227  1.52693353]","[ 0.00000000e+00  9.77996975e-02  1.29646791e-02  1.06040758e-01
 -5.08298790e-02 -1.85184257e-05  3.70372172e-05  1.82843487e-05]","[ 0.          0.95140898  9.8272295   0.72997075 -4.83750677  0.49021944
 -0.66206062  0.02215921]"
1747093071.2392287,"[ 0.          0.16170546  0.38184464 -2.91385137 -2.22315788  1.14500241
  1.0801832   1.52693353]","[ 0.00000000e+00  1.00206163e-01  6.48233955e-03  1.15601723e-01
 -4.85682852e-02 -1.85184257e-05  4.76188043e-05  1.79567200e-05]","[ 0.00000000e+00  1.02095830e+00  9.71453953e+00  8.07028472e-01
 -4.68937683e+00  4.62822855e-01 -6.56983435e-01  2.79873447e-03]"
1747093071.2409763,"[ 0.          0.1618051   0.3818483  -2.91361461 -2.22325002  1.14500241
  1.0801832   1.52693353]","[ 0.00000000e+00  1.01016455e-01  5.40194952e-04  1.20881065e-01
 -4.36337140e-02 -1.85184257e-05  4.76547840e-05  1.76631469e-05]","[ 0.          1.01093459  9.64269066  0.83465898 -4.61620378  0.43694928
 -0.65024316 -0.01200259]"
1747093071.2427282,"[ 0.          0.16191026  0.38184647 -2.91349157 -2.2232905   1.14500241
  1.0801832   1.52693353]","[ 0.00000000e+00  9.90535387e-02 -1.75537920e-03  1.24785034e-01
 -4.10548170e-02 -1.85184257e-05  4.76192757e-05  1.73790198e-05]","[ 0.          1.00885534  9.63970566  0.8342073  -4.59242296  0.42441431
 -0.64733601 -0.01705876]"
1747093071.2457068,"[ 0.          0.16210495  0.3818437  -2.91323298 -2.22336534  1.14500241
  1.0801832   1.52693353]","[ 0.00000000e+00  9.90253425e-02 -1.49172118e-03  1.27486012e-01
 -3.72356859e-02 -1.85604623e-05  4.76192757e-05  1.73790198e-05]","[ 0.          0.99319744  9.71198368  0.78311926 -4.62284803  0.41432706
 -0.63995463 -0.0246903 ]"
1747093071.2474196,"[ 0.          0.16241261  0.3818474  -2.91283431 -2.22347639  1.14500241
  1.0801832   1.52693353]","[ 0.00000000e+00  1.02366944e-01  6.62313144e-04  1.33659586e-01
 -3.61930625e-02 -1.85604623e-05  4.76188043e-05  1.70830430e-05]","[ 0.          1.01030385  9.79587555  0.694664   -4.7563448   0.47377717
 -0.62212646 -0.0202008 ]"
1747093071.2491722,"[ 0.          0.16261465  0.38184876 -2.91256666 -2.22354803  1.14500241
  1.08018413  1.52693353]","[ 0.00000000e+00  1.02366944e-01  7.02102110e-04  1.35451552e-01
 -3.61563899e-02 -1.85464284e-05  5.82453112e-05  1.68171322e-05]","[ 0.          0.9657625   9.88732338  0.64219582 -4.81633568  0.50804198
 -0.63476151 -0.02428976]"
1747093071.2510042,"[ 0.          0.16282083  0.38184787 -2.91229395 -2.22361887  1.14500241
  1.08018413  1.52693353]","[ 0.00000000e+00  1.00374458e-01  6.03976977e-04  1.31807566e-01
 -3.40322817e-02 -1.85466133e-05  4.76188043e-05  1.65591152e-05]","[ 0.00000000e+00  9.28946555e-01  1.00107508e+01  5.84943354e-01
 -4.93870831e+00  5.30540943e-01 -6.31051004e-01  2.48011784e-03]"
1747093071.2527754,"[ 0.          0.16292001  0.38184787 -2.91216665 -2.22365242  1.14500241
  1.08018413  1.52693353]","[ 0.00000000e+00  1.00476258e-01  5.28479871e-04  1.29106596e-01
 -3.40322817e-02 -1.85604623e-05  4.76188043e-05  1.63091451e-05]","[ 0.00000000e+00  8.87526393e-01  1.01123085e+01  5.86341977e-01
 -4.98528194e+00  5.25657415e-01 -6.26736820e-01  5.32749062e-03]"
1747093071.2545614,"[ 0.          0.16312206  0.38184923 -2.91190646 -2.22372247  1.14500241
  1.08018413  1.52693446]","[ 0.00000000e+00  9.88556741e-02  2.64239936e-04  1.26136539e-01
 -3.46060473e-02 -1.85464284e-05  4.76188043e-05  2.81169909e-05]","[ 0.          0.9053064  10.23979282  0.56416833 -5.08605909  0.53154564
 -0.635508    0.01430047]"
1747093071.2563038,"[ 0.          0.16331997  0.3818506  -2.91166118 -2.22379464  1.14500241
  1.08018413  1.52693446]","[ 0.00000000e+00  1.00476258e-01  2.98077979e-04  1.24244837e-01
 -3.72356859e-02 -1.85604623e-05  4.76192757e-05  2.76737247e-05]","[ 0.          0.92640245 10.38644028  0.53820074 -5.1253109   0.52322179
 -0.64244926  0.02254034]"
1747093071.2586522,"[ 0.          0.16352936  0.38185153 -2.91141537 -2.223874    1.14500241
  1.08018413  1.52693446]","[ 0.00000000e+00  1.03447330e-01  2.94989043e-04  1.24514940e-01
 -4.07847184e-02 -1.85464284e-05  4.76188043e-05  2.72741103e-05]","[ 0.00000000e+00  9.49821353e-01  1.04855509e+01  5.39132476e-01
 -5.11114502e+00  5.22576213e-01 -6.59911215e-01  9.16654523e-03]"
1747093071.260446,"[ 0.          0.16373554  0.38185289 -2.91115891 -2.22396082  1.14500241
  1.08018413  1.52693446]","[ 0.00000000e+00  1.04797819e-01  3.87368874e-04  1.24928429e-01
 -4.26754004e-02 -1.85604623e-05  4.76188043e-05  2.68862623e-05]","[ 0.00000000e+00  9.80676234e-01  1.04954805e+01  5.34474492e-01
 -5.09103584e+00  5.49981415e-01 -6.58611417e-01  1.67388597e-03]"
1747093071.2621748,"[ 0.          0.16395641  0.38185429 -2.9109123  -2.22404258  1.14500241
  1.08018413  1.52693446]","[ 0.00000000e+00  1.09335047e-01  4.85736558e-04  1.25055129e-01
 -4.13249156e-02 -1.85464284e-05  4.76547840e-05  2.65092886e-05]","[ 0.00000000e+00  1.00699568e+00  1.05204430e+01  5.75031936e-01
 -5.05296707e+00  5.52254975e-01 -6.56262875e-01  1.00833960e-02]"
1747093071.263877,"[ 0.          0.16417957  0.38185612 -2.91065504 -2.22412807  1.14500241
  1.08018413  1.52693446]","[ 0.00000000e+00  1.13865650e-01  5.50279106e-04  1.25865421e-01
 -4.18783330e-02 -1.85604623e-05  4.76188043e-05  2.61145445e-05]","[ 0.          1.0724107  10.48493195  0.63658959 -4.96728039  0.54743165
 -0.66222703  0.0108114 ]"
1747093071.2656758,"[ 0.          0.16429437  0.38185702 -2.91052961 -2.22417121  1.14500241
  1.08018506  1.5269354 ]","[ 0.00000000e+00  1.16412014e-01  5.82130994e-04  1.27087013e-01
 -4.37557908e-02 -1.85604623e-05  5.55972507e-05  3.67982251e-05]","[ 0.          1.0956794  10.48386383  0.66590232 -4.93003988  0.53225631
 -0.65556282  0.02678161]"
1747093071.2673182,"[ 0.          0.16453958  0.38185888 -2.91026755 -2.22426069  1.14500241
  1.08018506  1.5269354 ]","[ 0.00000000e+00  1.20733576e-01  6.24093076e-04  1.28272669e-01
 -4.56464729e-02 -1.85604623e-05  4.76192757e-05  3.63041164e-05]","[ 0.          1.1328609  10.4883728   0.70479286 -4.84806776  0.4996002
 -0.65382433  0.01076575]"
1747093071.2707176,"[ 0.          0.16478616  0.38186161 -2.91001402 -2.22435497  1.14500241
  1.08018506  1.5269354 ]","[ 0.00000000e+00  1.26675712e-01  6.91048041e-04  1.28026201e-01
 -4.56464729e-02 -1.85604623e-05  4.76547840e-05  3.58226213e-05]","[ 0.00000000e+00  1.13962746e+00  1.05166674e+01  7.26582885e-01
 -4.76854086e+00  4.79967505e-01 -6.51191831e-01  5.73330000e-03]"
1747093071.2723901,"[ 0.          0.16518152  0.38186578 -2.90963345 -2.22449132  1.14500241
  1.08018506  1.5269354 ]","[ 0.00000000e+00  1.32347763e-01  7.90753255e-04  1.24244837e-01
 -4.53890909e-02 -1.06059783e-05  4.76192757e-05  3.53176301e-05]","[ 0.          1.1607182  10.48001003  0.7655409  -4.58518887  0.44931963
 -0.64368677 -0.01640275]"
1747093071.274719,"[ 0.          0.16544785  0.38186897 -2.90938684 -2.22458533  1.14500241
  1.08018506  1.5269354 ]","[ 0.00000000e+00  1.29647292e-01  9.80320976e-04  1.25595326e-01
 -4.77588132e-02 -1.05979587e-05  3.70372172e-05  3.48617808e-05]","[ 0.          1.15316617 10.41693687  0.79287833 -4.52701855  0.43543288
 -0.62078077 -0.02594986]"
1747093071.2764397,"[ 0.          0.16570363  0.38187173 -2.90912825 -2.22468174  1.14500241
  1.08018606  1.5269354 ]","[ 0.00000000e+00  1.29508042e-01  1.21718295e-03  1.26638070e-01
 -4.91577426e-02 -1.06058726e-05  4.76188043e-05  3.44175494e-05]","[ 0.          1.2008096  10.37153625  0.82234073 -4.50121927  0.44839513
 -0.62168789 -0.04047637]"
1747093071.2787042,"[ 0.          0.16596352  0.3818745  -2.90887419 -2.22478001  1.14500241
  1.08018606  1.5269354 ]","[ 0.00000000e+00  1.31674025e-01  1.35498476e-03  1.30055081e-01
 -4.75371550e-02 -1.05979587e-05  4.77269018e-05  3.39844972e-05]","[ 0.          1.21715558 10.36817837  0.84279346 -4.49526167  0.45771092
 -0.6316393  -0.02982516]"
1747093071.2804394,"[ 0.          0.1662326   0.38187723 -2.90860068 -2.22487748  1.14500241
  1.08018606  1.52693646]","[ 0.00000000e+00  1.30727179e-01  1.43907512e-03  1.35588930e-01
 -4.76460075e-02 -1.06059783e-05  4.76908124e-05  4.63665302e-05]","[ 0.          1.22099125 10.38001919  0.86173761 -4.53191376  0.45392263
 -0.62992293 -0.02458008]"
1747093071.2826722,"[ 0.          0.16648747  0.38187999 -2.90832424 -2.22497282  1.14500241
  1.08018606  1.52693646]","[ 0.00000000e+00  1.28436137e-01  1.43907512e-03  1.42341366e-01
 -4.88876440e-02 -1.05980643e-05  4.77269018e-05  4.58048794e-05]","[ 0.          1.26765192 10.37445641  0.87948543 -4.60722351  0.46261138
 -0.65715659 -0.01799298]"
1747093071.2843914,"[ 0.          0.16675793  0.38188322 -2.90803023 -2.22506896  1.14500241
  1.08018606  1.52693646]","[ 0.00000000e+00  1.32617857e-01  1.45720971e-03  1.43961950e-01
 -4.83474467e-02 -1.06059783e-05  4.76908124e-05  4.58043145e-05]","[ 0.00000000e+00  1.25588167e+00  1.03820763e+01  8.89237225e-01
 -4.67728615e+00  4.72840607e-01 -6.52342379e-01 -4.44994587e-03]"
1747093071.2866745,"[ 0.          0.16702517  0.38188781 -2.90774527 -2.22516537  1.14500241
  1.08018606  1.52693646]","[ 0.00000000e+00  1.36399221e-01  1.56544913e-03  1.44085920e-01
 -4.64567646e-02 -1.05979587e-05  4.76908124e-05  4.52561226e-05]","[ 0.00000000e+00  1.26362491e+00  1.03525553e+01  8.96918297e-01
 -4.76612949e+00  5.18089235e-01 -6.43822074e-01 -8.10466800e-03]"
1747093071.2883658,"[ 0.          0.16730619  0.38189241 -2.90745179 -2.22526683  1.14500241
  1.08018606  1.52693646]","[ 0.00000000e+00  1.37749710e-01  1.74232776e-03  1.43439554e-01
 -4.66429321e-02 -1.06059783e-05  4.76908124e-05  4.46796272e-05]","[ 0.          1.24892652 10.35846233  0.8889665  -4.8699789   0.52948546
 -0.63158083 -0.01482127]"
1747093071.2906497,"[ 0.          0.16759319  0.38189743 -2.90717669 -2.22536004  1.14500241
  1.08018606  1.52693739]","[ 0.00000000e+00  1.40430332e-01  2.09442223e-03  1.37749710e-01
 -4.75062998e-02 -1.05979587e-05  4.76908124e-05  5.68255533e-05]","[ 0.00000000e+00  1.23630035e+00  1.03625441e+01  8.77981901e-01
 -4.97396183e+00  5.49928308e-01 -6.54003441e-01 -2.32233244e-04]"
1747093071.2923708,"[ 0.          0.16787191  0.38190386 -2.90691037 -2.22544313  1.14500241
  1.08018606  1.52693739]","[ 0.00000000e+00  1.41531083e-01  2.60465061e-03  1.33158055e-01
 -4.46517989e-02 -1.06059783e-05  4.76908124e-05  5.61197156e-05]","[ 0.00000000e+00  1.21563828e+00  1.03846188e+01  8.83477509e-01
 -5.05521679e+00  5.64771354e-01 -6.69395626e-01 -4.57051210e-03]"
1747093071.2949903,"[ 0.          0.16815247  0.38190755 -2.90664459 -2.22553635  1.14500241
  1.08018606  1.52693739]","[ 0.00000000e+00  1.42611461e-01  2.93289900e-03  1.28566399e-01
 -4.10548170e-02 -1.05979587e-05  4.76903370e-05  5.54793111e-05]","[ 0.00000000e+00  1.24609149e+00  1.03888607e+01  8.92090917e-01
 -5.13006449e+00  5.80945790e-01 -6.93510413e-01 -1.16771192e-03]"
1747093071.298139,"[ 0.          0.16859101  0.3819227  -2.90626242 -2.22565352  1.14500241
  1.08018606  1.52693832]","[ 0.00000000e+00  1.45852644e-01  4.70242312e-03  1.26268407e-01
 -3.86183408e-02 -1.06059783e-05  4.76908124e-05  6.62373018e-05]","[ 0.00000000e+00  1.29948080e+00  1.03596468e+01  9.21412885e-01
 -5.27770948e+00  5.75357735e-01 -6.95544004e-01 -9.98936500e-03]"
1747093071.3009586,"[ 0.          0.16903688  0.38194567 -2.90587387 -2.22576564  1.14500241
  1.08018606  1.52693832]","[ 0.00000000e+00  1.48553606e-01  8.06230408e-03  1.33428149e-01
 -3.77105483e-02 -1.06059783e-05  4.76912879e-05  6.55063588e-05]","[ 0.00000000e+00  1.36904502e+00  1.03159285e+01  9.48421359e-01
 -5.29690695e+00  5.59348822e-01 -6.82563126e-01 -8.37986730e-03]"
1747093071.3026996,"[ 0.          0.16933994  0.38196494 -2.90559477 -2.22584048  1.14500334
  1.08018606  1.52693832]","[ 0.00000000e+00  1.55418519e-01  9.72350907e-03  1.36939419e-01
 -3.59229638e-02  0.00000000e+00  4.77269018e-05  6.47928083e-05]","[ 0.00000000e+00  1.42512834e+00  1.02545748e+01  9.71483052e-01
 -5.25578880e+00  5.72599053e-01 -6.69620991e-01 -7.62208970e-03]"
1747093071.3043811,"[ 0.          0.16966552  0.38199294 -2.90532419 -2.22590972  1.14500334
  1.08018606  1.52693832]","[ 0.00000000e+00  1.60491808e-01  1.48403102e-02  1.38019813e-01
 -3.48425735e-02  0.00000000e+00  4.76908124e-05  6.47928083e-05]","[ 0.00000000e+00  1.39499831e+00  1.01699963e+01  9.46524680e-01
 -5.19542789e+00  5.88666916e-01 -6.74966693e-01  3.08569148e-03]"
1747093071.3066616,"[ 0.          0.16998603  0.38203062 -2.9050379  -2.22598402  1.14500334
  1.08018699  1.52693832]","[ 0.00000000e+00  1.63408968e-01  1.98107082e-02  1.40180594e-01
 -3.67332556e-02  1.06059783e-05  5.83328791e-05  6.40939317e-05]","[ 0.00000000e+00  1.34494936e+00  1.00178862e+01  9.01553452e-01
 -5.10379934e+00  5.78013361e-01 -6.47461712e-01 -3.66870500e-03]"
1747093071.3096943,"[ 0.          0.17032583  0.38207653 -2.90475587 -2.22606125  1.14500334
  1.08018793  1.52693832]","[ 0.00000000e+00  1.67190340e-01  2.45788713e-02  1.42881572e-01
 -3.97043280e-02  1.06059783e-05  6.62372408e-05  6.33571696e-05]","[ 0.          1.35131669  9.87604523  0.85016662 -5.00901937  0.56878293
 -0.63691103 -0.01361759]"
1747093071.3107584,"[ 0.          0.17065506  0.38213073 -2.90446372 -2.2261044   1.14500334
  1.08018793  1.52693832]","[ 0.00000000e+00  1.67190340e-01  2.83602355e-02  1.42436491e-01
 -4.06244918e-02  1.06059783e-05  6.62873661e-05  6.26887623e-05]","[ 0.          1.2633611   9.69771004  0.77871603 -4.95355272  0.51513231
 -0.61596161 -0.02273967]"
1747093071.3124964,"[ 0.          0.17099212  0.38219131 -2.90418915 -2.22618429  1.14500334
  1.08018892  1.52693926]","[ 0.00000000e+00  1.64253340e-01  2.97107224e-02  1.39370294e-01
 -3.99744266e-02  1.06059783e-05  6.62372408e-05  7.04935360e-05]","[ 0.          1.22926462  9.5650301   0.74417013 -4.76546717  0.51016992
 -0.5964548  -0.02820455]"
1747093071.3142643,"[ 0.          0.17131722  0.38224964 -2.90390233 -2.22626286  1.14500334
  1.08018892  1.52693926]","[ 0.00000000e+00  1.64489362e-01  2.94406258e-02  1.40430332e-01
 -3.76152695e-02  1.06059783e-05  6.62372408e-05  6.97652059e-05]","[ 0.          1.17667103  9.41014481  0.69517404 -4.63215685  0.49984038
 -0.56863993 -0.02485996]"
1747093071.3165667,"[ 0.          0.17165518  0.38230749 -2.9036203  -2.22633316  1.14500334
  1.08018986  1.52693926]","[ 0.00000000e+00  1.64599884e-01  2.78482844e-02  1.43276452e-01
 -3.53827707e-02  1.06059783e-05  7.41857136e-05  6.97096882e-05]","[ 0.          1.13592076  9.30824566  0.6689809  -4.55810118  0.48358971
 -0.55940217 -0.01541175]"
1747093071.3183513,"[ 0.          0.1719812   0.38236259 -2.90332123 -2.22640374  1.14500334
  1.08018986  1.52694019]","[ 0.00000000e+00  1.65839851e-01  2.78200403e-02  1.46561545e-01
 -3.46060473e-02  1.06059783e-05  7.42411095e-05  7.64946454e-05]","[ 0.          1.0864563   9.17459106  0.64257783 -4.55702066  0.45356578
 -0.52301866 -0.02981806]"
1747093071.319952,"[ 0.          0.172158    0.38239062 -2.90317662 -2.22643783  1.14500334
  1.08019079  1.52694019]","[ 0.00000000e+00  1.66510252e-01  2.83602355e-02  1.46662928e-01
 -3.45724769e-02  1.06059783e-05  8.47828240e-05  7.65551208e-05]","[ 0.          1.06903934  9.15091228  0.62711513 -4.56427574  0.46367127
 -0.53310925 -0.03337033]"
1747093071.3211386,"[ 0.          0.17248677  0.38245124 -2.90287675 -2.22650307  1.14500334
  1.08019079  1.52694019]","[ 0.00000000e+00  1.66380040e-01  3.02509176e-02  1.46198006e-01
 -3.21090342e-02  1.05900569e-05  8.48478263e-05  7.57286696e-05]","[ 0.          1.00001025  9.139431    0.58580559 -4.58268881  0.5097127
 -0.54273587 -0.04939631]"
1747093071.3235724,"[ 0.          0.17283255  0.38251459 -2.90259019 -2.22656459  1.14500334
  1.08019079  1.52694019]","[ 0.00000000e+00  1.69017935e-01  3.05937517e-02  1.45165216e-01
 -2.94406258e-02  1.06140091e-05  8.47836692e-05  7.49206349e-05]","[ 0.          0.95477951  9.08609962  0.53377181 -4.62252712  0.55070013
 -0.52692306 -0.02496801]"
1747093071.3253055,"[ 0.          0.17316546  0.38257384 -2.90229644 -2.22661679  1.14500334
  1.08019079  1.52694112]","[ 0.00000000e+00  1.68000624e-01  2.94406258e-02  1.43188784e-01
 -2.56592596e-02  1.05899522e-05  8.48486716e-05  8.47845145e-05]","[ 0.00000000e+00  9.34970021e-01  9.13745117e+00  5.46497941e-01
 -4.74677372e+00  5.60231447e-01 -5.40088534e-01 -8.93469900e-03]"
1747093071.3276105,"[ 0.          0.17350801  0.38262617 -2.9020232  -2.22666632  1.14500334
  1.08019079  1.52694112]","[ 0.00000000e+00  1.67011792e-01  2.56592596e-02  1.36399221e-01
 -2.34746727e-02  1.05899522e-05  8.47836692e-05  8.48478263e-05]","[ 0.          0.95243126  9.24464417  0.5933488  -4.90873766  0.57428789
 -0.56393027 -0.00951398]"
1747093071.3288505,"[ 0.          0.17384322  0.38267348 -2.90174943 -2.22671453  1.14500334
  1.08019079  1.52694112]","[ 0.00000000e+00  1.69891318e-01  2.18557287e-02  1.32281192e-01
 -2.45788713e-02  1.05899522e-05  8.48478263e-05  8.47836692e-05]","[ 0.          1.01119041  9.43261433  0.62105244 -5.07315779  0.5986684
 -0.6096949  -0.01041648]"
1747093071.3306303,"[ 0.          0.17401219  0.38269458 -2.90162053 -2.22674222  1.14500334
  1.08019079  1.52694112]","[ 0.00000000e+00  1.71241807e-01  2.13377002e-02  1.30727179e-01
 -2.60799204e-02  1.05899522e-05  8.48478263e-05  8.48478263e-05]","[ 0.00000000e+00  1.08941162e+00  9.52595043e+00  6.52673542e-01
 -5.14718962e+00  6.03601277e-01 -6.10943973e-01  2.46171374e-03]"
1747093071.3324547,"[ 0.          0.17436348  0.38273959 -2.90136194 -2.22679815  1.14500334
  1.08019079  1.52694205]","[ 0.00000000e+00  1.71364263e-01  2.26881871e-02  1.30997274e-01
 -2.91705272e-02  1.05900569e-05  8.47836692e-05  9.53816248e-05]","[ 0.00000000e+00  1.11012757e+00  9.70644474e+00  7.23163188e-01
 -5.30880260e+00  6.21224880e-01 -6.36265218e-01 -7.12115970e-03]"
1747093071.3343163,"[ 0.          0.17470741  0.38278783 -2.90109376 -2.2268634   1.14500334
  1.08019079  1.52694205]","[ 0.00000000e+00  1.75563352e-01  2.51190644e-02  1.31134377e-01
 -3.40322817e-02  1.05899522e-05  8.48478263e-05  8.48478263e-05]","[ 0.00000000e+00  1.15851820e+00  9.93020725e+00  7.94332206e-01
 -5.32684469e+00  6.44773662e-01 -6.80495262e-01  4.81592724e-03]"
1747093071.3363593,"[ 0.          0.17506925  0.38284569 -2.90083011 -2.22693877  1.14500334
  1.08019079  1.52694205]","[ 0.00000000e+00  1.76791769e-01  2.89004307e-02  1.34778638e-01
 -3.78136459e-02  1.05899522e-05  8.47836692e-05  8.47836692e-05]","[ 0.00000000e+00  1.22619748e+00  1.00379190e+01  8.50130796e-01
 -5.31634617e+00  6.64284229e-01 -6.90223277e-01  6.47687539e-03]"
1747093071.3386881,"[ 0.          0.17542099  0.38290491 -2.90054515 -2.22701626  1.14500334
  1.08019079  1.52694312]","[ 0.00000000e+00  1.78083718e-01  3.02509176e-02  1.40931872e-01
 -3.99744266e-02  1.05899522e-05  7.42418490e-05  9.54538036e-05]","[ 0.00000000e+00  1.22044790e+00  1.01148434e+01  9.26356435e-01
 -5.28046560e+00  6.33477747e-01 -6.92382038e-01 -9.24009737e-03]"
1747093071.3404741,"[ 0.          0.17578606  0.38296689 -2.90026046 -2.22710761  1.14500334
  1.08019079  1.52694312]","[ 0.00000000e+00  1.78547141e-01  2.98414461e-02  1.45582533e-01
 -4.59165715e-02  1.05820616e-05  7.41857136e-05  9.54538036e-05]","[ 0.          1.30348825 10.20903397  0.96948391 -5.15372801  0.60525906
 -0.69528741 -0.01646774]"
1747093071.3416867,"[ 0.          0.17596193  0.38299535 -2.90011532 -2.22715635  1.14500334
  1.08019079  1.52694312]","[ 0.00000000e+00  1.78264330e-01  2.89004307e-02  1.47053980e-01
 -4.94278371e-02  1.05899522e-05  7.41857136e-05  9.52385514e-05]","[ 0.          1.32494628 10.23975754  0.98531038 -5.04676867  0.55199724
 -0.6966455   0.01418659]"
1747093071.343404,"[ 0.          0.17631411  0.38305278 -2.89980852 -2.2272642   1.14500334
  1.08019079  1.52694405]","[ 0.00000000e+00  1.78264330e-01  2.94406258e-02  1.49904095e-01
 -5.31629122e-02  1.05899522e-05  7.41857136e-05  1.05899518e-04]","[ 0.          1.3600626  10.38766575  1.05331743 -4.83662033  0.5255183
 -0.70099944 -0.01497222]"
1747093071.3457747,"[ 0.          0.17667872  0.3831166  -2.89950865 -2.2273686   1.14500334
  1.08019079  1.52694405]","[ 0.00000000e+00  1.77454047e-01  3.21415997e-02  1.52875167e-01
 -5.26690081e-02  1.05819570e-05  7.41857136e-05  1.05819570e-04]","[ 0.00000000e+00  1.35987926e+00  1.04416122e+01  1.00680733e+00
 -4.55477715e+00  4.90043730e-01 -7.04868913e-01 -8.27387534e-03]"
1747093071.3469687,"[ 0.          0.17702907  0.3831887  -2.89919466 -2.22747326  1.14500334
  1.08019079  1.52694405]","[ 0.00000000e+00  1.78264330e-01  3.63614283e-02  1.53529755e-01
 -5.06552298e-02  1.05899522e-05  7.41857136e-05  1.05900567e-04]","[ 0.          1.37242341 10.49927044  1.05132377 -4.35304976  0.41001022
 -0.69208115 -0.02844375]"
1747093071.3487594,"[ 0.          0.17722055  0.38322635 -2.89904499 -2.22752333  1.14500334
  1.08019079  1.52694405]","[ 0.00000000e+00  1.80302531e-01  3.80451578e-02  1.51794789e-01
 -5.07783261e-02  1.05899522e-05  7.41857136e-05  1.05819570e-04]","[ 0.          1.38679051 10.48145866  1.02628493 -4.28483009  0.41081396
 -0.69196999 -0.03692282]"
1747093071.3505397,"[ 0.          0.17758011  0.38330625 -2.898735   -2.22761974  1.14500334
  1.08019079  1.52694498]","[ 0.00000000e+00  1.82400902e-01  4.10548170e-02  1.50444300e-01
 -4.80773522e-02  1.05899522e-05  6.62880244e-05  1.13841985e-04]","[ 0.          1.31795561 10.3953228   1.03471637 -4.22110319  0.39378342
 -0.67115259 -0.03870381]"
1747093071.3522897,"[ 0.          0.17795572  0.38338844 -2.89844019 -2.22770922  1.14500334
  1.08019079  1.52694498]","[ 0.00000000e+00  1.84476569e-01  4.01229520e-02  1.49093811e-01
 -4.23798686e-02  1.05899522e-05  6.61372301e-05  1.13756038e-04]","[ 0.          1.31072938 10.38610363  0.98478067 -4.17489386  0.40640926
 -0.65194201 -0.02258971]"
1747093071.3546698,"[ 0.          0.17832492  0.3834674  -2.8981302  -2.22778405  1.14500334
  1.08019079  1.52694591]","[ 0.00000000e+00  1.87717753e-01  4.04735738e-02  1.52216451e-01
 -3.67332556e-02  1.05899522e-05  6.61872009e-05  1.13756038e-04]","[ 0.00000000e+00  1.32611954e+00  1.04338884e+01  9.02873039e-01
 -4.22119856e+00  4.70288515e-01 -6.76536679e-01 -4.06796485e-03]"
1747093071.3558466,"[ 0.          0.17870603  0.38355742 -2.89782899 -2.22785622  1.14500334
  1.08019079  1.52694591]","[ 0.00000000e+00  1.85819435e-01  4.48875552e-02  1.52605073e-01
 -3.51075830e-02  1.05899522e-05  6.61372301e-05  1.13841985e-04]","[ 0.00000000e+00  1.23484755e+00  1.04670734e+01  8.84984255e-01
 -4.39824295e+00  5.10234118e-01 -6.78530574e-01 -5.92060760e-03]"
1747093071.3583179,"[ 0.          0.17888788  0.38360472 -2.89767879 -2.22789031  1.14500334
  1.08019079  1.52694591]","[ 0.00000000e+00  1.84476569e-01  4.80773522e-02  1.52334978e-01
 -3.45724769e-02  1.05899522e-05  6.61378843e-05  1.13756038e-04]","[ 0.          1.23387265 10.54468441  0.88968146 -4.51455641  0.51004654
 -0.69455749 -0.01418066]"
1747093071.3611994,"[ 0.          0.17925431  0.38370988 -2.89737173 -2.22796035  1.14500334
  1.08019079  1.52694685]","[ 0.00000000e+00  1.85286870e-01  5.19090710e-02  1.49818474e-01
 -3.56528652e-02  1.05900569e-05  6.61372301e-05  1.21692507e-04]","[ 0.00000000e+00  1.23161423e+00  1.05347500e+01  8.18735898e-01
 -4.78722715e+00  5.52522838e-01 -7.17265368e-01 -1.02677979e-02]"
1747093071.362345,"[ 0.          0.17963406  0.38381594 -2.89707638 -2.22803492  1.14500334
  1.08019079  1.52694685]","[ 0.00000000e+00  1.85286870e-01  5.45596902e-02  1.50291868e-01
 -3.63614283e-02  1.05899522e-05  6.61372301e-05  1.21692507e-04]","[ 0.00000000e+00  1.19219363e+00  1.05541010e+01  7.86360323e-01
 -5.08477163e+00  5.58387518e-01 -7.43272424e-01  3.47976835e-04]"
1747093071.364058,"[ 0.          0.18019887  0.38399823 -2.89662258 -2.22814225  1.14500427
  1.08019079  1.52694778]","[ 0.00000000e+00  1.85819435e-01  6.32028089e-02  1.48553606e-01
 -3.62298058e-02  1.85324169e-05  6.61378843e-05  1.32275769e-04]","[ 0.          1.10865593 10.42323017  0.69197488 -5.3499608   0.6982736
 -0.73995095  0.01473898]"
1747093071.3664086,"[ 0.          0.18056668  0.38412543 -2.89633576 -2.22822161  1.14500427
  1.08019079  1.52694778]","[ 0.00000000e+00  1.86637359e-01  6.47577163e-02  1.44378485e-01
 -3.99744266e-02  1.85184257e-05  5.82447383e-05  1.21692507e-04]","[ 0.00000000e+00  1.09068859e+00  1.02849617e+01  6.53224111e-01
 -5.47655916e+00  7.45664716e-01 -7.28602171e-01  9.96296387e-03]"
1747093071.3687196,"[ 0.          0.18093541  0.38425769 -2.89603961 -2.22831136  1.1450052
  1.08019079  1.52694871]","[ 0.00000000e+00  1.86637359e-01  6.48233924e-02  1.43842590e-01
 -4.46367853e-02  2.64748795e-05  5.82007654e-05  1.32174673e-04]","[ 0.          1.07021809 10.1162014   0.63646096 -5.53690243  0.7664991
 -0.69626707  0.0125219 ]"
1747093071.370367,"[ 0.          0.18131102  0.38438992 -2.89572722 -2.2284035   1.1450052
  1.08019079  1.52694871]","[ 0.00000000e+00  1.82400902e-01  6.75243704e-02  1.47743322e-01
 -4.69493454e-02  2.64548924e-05  5.82007654e-05  1.32274460e-04]","[ 0.00000000e+00  1.11151719e+00  9.92279720e+00  6.43260598e-01
 -5.50544071e+00  7.47456014e-01 -6.81868494e-01  5.82209730e-04]"
1747093071.3726754,"[ 0.          0.18167378  0.38452724 -2.89541404 -2.22849538  1.1450052
  1.08019079  1.52694871]","[ 0.00000000e+00  1.83936381e-01  6.66464801e-02  1.54225656e-01
 -4.64567646e-02  2.64748795e-05  5.82007654e-05  1.32375710e-04]","[ 0.          1.10717463  9.76091003  0.64260465 -5.38239956  0.70022362
 -0.69680113 -0.01504642]"
1747093071.3744106,"[ 0.          0.18205169  0.38465946 -2.89512988 -2.22859365  1.14500427
  1.08019172  1.52694871]","[ 0.00000000e+00  1.83936381e-01  6.75243704e-02  1.56926634e-01
 -4.83474467e-02  1.85324169e-05  6.61372301e-05  1.32274460e-04]","[ 0.00000000e+00  1.12371016e+00  9.57065296e+00  6.29975498e-01
 -5.21231556e+00  6.26715064e-01 -6.97908819e-01  5.00083389e-03]"
1747093071.3767197,"[ 0.          0.18242915  0.38480457 -2.89477807 -2.22869113  1.14500427
  1.08019172  1.52694978]","[ 0.00000000e+00  1.85568665e-01  7.12182455e-02  1.61518290e-01
 -4.99680343e-02  1.85324169e-05  6.61378843e-05  1.42748653e-04]","[ 0.          1.12219393  9.4453373   0.64440507 -4.94560766  0.60517728
 -0.67492837 -0.01442591]"
1747093071.3783972,"[ 0.          0.18280109  0.38494186 -2.89445583 -2.22878966  1.14500427
  1.08019272  1.52694978]","[ 0.00000000e+00  1.89068225e-01  6.88050721e-02  1.63949173e-01
 -4.74889892e-02  1.85325998e-05  6.61372301e-05  1.42856421e-04]","[ 0.00000000e+00  1.05179167e+00  9.24333477e+00  6.42625093e-01
 -4.73414755e+00  5.95085859e-01 -6.19764745e-01 -7.76174571e-03]"
1747093071.380133,"[ 0.          0.18298845  0.38501443 -2.89429471 -2.22883387  1.14500427
  1.08019272  1.52694978]","[ 0.00000000e+00  1.90148620e-01  6.82090192e-02  1.63408968e-01
 -4.48361812e-02  1.85325998e-05  6.60873364e-05  1.42856421e-04]","[ 0.          1.06521106  9.18103123  0.63886142 -4.60564232  0.58202213
 -0.6144734  -0.02030201]"
1747093071.3819132,"[ 0.          0.18338104  0.38514622 -2.89396634 -2.22891829  1.14500427
  1.08019272  1.52695071]","[ 0.00000000e+00  1.92088633e-01  6.61738814e-02  1.59087406e-01
 -3.99744266e-02  1.85184257e-05  6.61372301e-05  1.42856421e-04]","[ 0.00000000e+00  1.04097903e+00  9.05855751e+00  6.29897773e-01
 -4.46227264e+00  5.86517930e-01 -6.05118573e-01 -8.98789987e-03]"
1747093071.3836186,"[ 0.          0.18375805  0.38527202 -2.89364756 -2.22899446  1.14500427
  1.08019365  1.52695071]","[ 0.00000000e+00  1.90225785e-01  6.23925172e-02  1.54724133e-01
 -3.80451578e-02  1.85324169e-05  7.40178194e-05  1.42856421e-04]","[ 0.          1.03181446  9.04411697  0.64956981 -4.37788105  0.55760002
 -0.57913047 -0.01733259]"
1747093071.3853698,"[ 0.          0.18414699  0.38539373 -2.89334636 -2.22906929  1.14500427
  1.08019365  1.52695071]","[ 0.00000000e+00  1.89068225e-01  5.90914167e-02  1.51640975e-01
 -3.56528652e-02  1.85324169e-05  7.40737029e-05  1.42857835e-04]","[ 0.          1.07434285  9.15364456  0.64196473 -4.33662128  0.54478508
 -0.58898509 -0.02749255]"
1747093071.3877068,"[ 0.          0.18451846  0.3855163  -2.89319722 -2.22913641  1.14500427
  1.08019365  1.52695164]","[ 0.00000000e+00  1.87717753e-01  6.01844321e-02  1.51254584e-01
 -3.29518914e-02  1.85324169e-05  7.40737029e-05  1.50792882e-04]","[ 0.          1.11895812  9.36292458  0.65406036 -4.40774012  0.53225154
 -0.61067504 -0.01565215]"
1747093071.3894346,"[ 0.          0.18490189  0.38563295 -2.89288803 -2.22919979  1.14500427
  1.08019365  1.52695164]","[ 0.00000000e+00  1.88076348e-01  5.83410544e-02  1.51464158e-01
 -3.03144402e-02  1.85184257e-05  7.40744343e-05  1.50794377e-04]","[ 0.          1.1590898   9.56967258  0.72268242 -4.54001522  0.54384601
 -0.63718927 -0.02592239]"
1747093071.391661,"[ 0.          0.18527658  0.38574637 -2.89258443 -2.22925811  1.14500427
  1.08019365  1.52695257]","[ 0.00000000e+00  1.90418714e-01  5.77422967e-02  1.54765862e-01
 -2.97107224e-02  1.85325998e-05  7.40737029e-05  1.50792882e-04]","[ 0.          1.20849168  9.77248096  0.77886254 -4.74349737  0.59245747
 -0.69701415 -0.0153091 ]"
1747093071.3934062,"[ 0.          0.1856669   0.38586807 -2.89226352 -2.2293183   1.1450052
  1.08019365  1.52695257]","[ 0.00000000e+00  1.90584030e-01  5.99616379e-02  1.56627012e-01
 -3.13313079e-02  2.64548924e-05  7.40737029e-05  1.50792882e-04]","[ 0.00000000e+00  1.27051735e+00  1.00268707e+01  7.88471580e-01
 -4.98600435e+00  6.22567534e-01 -7.11161435e-01 -3.40226106e-03]"
1747093071.3956745,"[ 0.          0.18604619  0.38598698 -2.89195193 -2.22938887  1.1450052
  1.08019272  1.52695257]","[ 0.00000000e+00  1.93193845e-01  5.99616379e-02  1.58277123e-01
 -3.53469179e-02  2.64748795e-05  6.61378843e-05  1.50792882e-04]","[ 0.00000000e+00  1.33762228e+00  1.02687464e+01  8.50669563e-01
 -5.19170761e+00  7.15072513e-01 -7.63231158e-01  1.46064279e-03]"
1747093071.397356,"[ 0.          0.18644202  0.38610683 -2.89162542 -2.22946877  1.1450052
  1.08019272  1.5269535 ]","[ 0.00000000e+00  1.92840943e-01  5.86111530e-02  1.59990285e-01
 -4.01229520e-02  2.64551545e-05  6.61372301e-05  1.50792882e-04]","[ 0.00000000e+00  1.40779972e+00  1.05189323e+01  8.68266582e-01
 -5.27016592e+00  7.36087441e-01 -7.81282127e-01  5.49948448e-03]"
1747093071.400889,"[ 0.          0.18682083  0.38622394 -2.89130904 -2.22955106  1.1450052
  1.08019272  1.5269535 ]","[ 0.00000000e+00  1.92309409e-01  5.99616379e-02  1.60275343e-01
 -4.24053018e-02  2.64748795e-05  6.61372301e-05  1.50792882e-04]","[ 0.00000000e+00  1.42619407e+00  1.07493153e+01  9.38023865e-01
 -5.31748533e+00  7.62247622e-01 -8.17548156e-01  9.15359519e-03]"
1747093071.4013517,"[ 0.          0.18721896  0.38634698 -2.89097961 -2.22963788  1.1450052
  1.08019272  1.5269535 ]","[ 0.00000000e+00  1.94914330e-01  5.99616379e-02  1.60993348e-01
 -4.48361812e-02  2.64548924e-05  6.61372301e-05  1.50794377e-04]","[ 0.00000000e+00  1.47090650e+00  1.09455633e+01  1.00812757e+00
 -5.33544779e+00  7.40968287e-01 -8.38692546e-01 -6.80525508e-03]"
1747093071.403639,"[ 0.          0.18760698  0.38646316 -2.89066189 -2.22973562  1.1450052
  1.08019172  1.52695444]","[ 0.00000000e+00  1.97981443e-01  5.90914167e-02  1.61248196e-01
 -4.88876440e-02  1.85184257e-05  5.55133645e-05  1.58729359e-04]","[ 0.00000000e+00  1.55107200e+00  1.11487198e+01  1.03791499e+00
 -5.30478287e+00  6.88087404e-01 -8.58153164e-01 -5.42402873e-03]"
1747093071.4053636,"[ 0.          0.18800188  0.38659082 -2.89032314 -2.22983708  1.1450052
  1.08019172  1.52695444]","[ 0.00000000e+00  2.01222626e-01  6.39459557e-02  1.66761022e-01
 -5.21288109e-02  1.85184257e-05  5.55552731e-05  1.58729359e-04]","[ 0.00000000e+00  1.56081998e+00  1.12003794e+01  1.08787704e+00
 -5.17877817e+00  6.68570578e-01 -8.66648972e-01 -8.27936642e-03]"
1747093071.407667,"[ 0.          0.18844591  0.38672262 -2.88998359 -2.22994148  1.1450052
  1.08019172  1.52695444]","[ 0.00000000e+00  2.02194297e-01  6.75243704e-02  1.72687238e-01
 -5.07783261e-02  1.85184257e-05  4.75833530e-05  1.58729359e-04]","[ 0.00000000e+00  1.55166376e+00  1.12565022e+01  1.14533913e+00
 -5.02320433e+00  6.42765760e-01 -8.45151961e-01 -9.69507638e-03]"
1747093071.409375,"[ 0.          0.1888624   0.38686633 -2.88962699 -2.23003469  1.1450052
  1.08019172  1.52695537]","[ 0.00000000e+00  2.02680840e-01  7.13057304e-02  1.73782546e-01
 -4.66795214e-02  1.85186086e-05  3.70372172e-05  1.69311312e-04]","[ 0.00000000e+00  1.54430473e+00  1.11522036e+01  1.15056002e+00
 -4.85311365e+00  6.53626025e-01 -8.34606886e-01 -9.77833476e-03]"
1747093071.4111376,"[ 0.          0.18905985  0.3869398  -2.88945468 -2.23008316  1.1450052
  1.08019172  1.52695537]","[ 0.00000000e+00  2.00345431e-01  7.45469056e-02  1.74753069e-01
 -4.56398608e-02  1.85184257e-05  3.70368514e-05  1.69311312e-04]","[ 0.00000000e+00  1.50262690e+00  1.11025991e+01  1.16318738e+00
 -4.80019331e+00  6.37611866e-01 -8.41589570e-01 -5.55477047e-04]"
1747093071.4128406,"[ 0.          0.18945383  0.38709316 -2.88909782 -2.23017371  1.1450052
  1.08019172  1.52695537]","[ 0.00000000e+00  1.99872137e-01  7.83282698e-02  1.74448353e-01
 -4.61866702e-02  1.85324169e-05  3.70368514e-05  1.58849285e-04]","[ 0.          1.53908372 11.00745678  1.18941665 -4.67262506  0.61108238
 -0.84599328 -0.01967948]"
1747093071.4146514,"[ 0.          0.18986298  0.38725571 -2.88875667 -2.23026239  1.1450052
  1.08019172  1.52695537]","[ 0.00000000e+00  1.99331932e-01  7.97596523e-02  1.72052091e-01
 -4.24053018e-02  1.85184257e-05  2.64551545e-05  1.58729359e-04]","[ 0.00000000e+00  1.54640234e+00  1.09058294e+01  1.19965267e+00
 -4.58807945e+00  5.84994853e-01 -8.14894855e-01  3.92271858e-03]"
1747093071.4163847,"[ 0.          0.19025466  0.38742656 -2.8884251  -2.23034175  1.1450052
  1.08019172  1.52695643]","[ 0.00000000e+00  1.99129981e-01  8.42582058e-02  1.66751119e-01
 -3.94342335e-02  1.85325998e-05  1.85184257e-05  1.69439236e-04]","[ 0.          1.56884682 10.85211468  1.22884595 -4.48332977  0.54438156
 -0.80730182 -0.01451738]"
1747093071.4181328,"[ 0.          0.19046635  0.38751011 -2.8882488  -2.23038303  1.1450052
  1.08019172  1.52695643]","[ 0.00000000e+00  1.99360927e-01  8.48106036e-02  1.66165190e-01
 -3.88691107e-02  1.85324169e-05  1.85184257e-05  1.69311312e-04]","[ 0.          1.60726094 10.84900093  1.22945619 -4.44770145  0.52238333
 -0.81104612 -0.0354446 ]"
1747093071.4198081,"[ 0.          0.19086355  0.38767772 -2.88791964 -2.23046106  1.1450052
  1.08019172  1.52695643]","[ 0.00000000e+00  2.01762815e-01  8.53508009e-02  1.68100243e-01
 -3.99744266e-02  1.85184257e-05  1.85046377e-05  1.61376444e-04]","[ 0.          1.65236163 10.73724747  1.26905417 -4.42277765  0.51335078
 -0.82089913 -0.04565506]"
1747093071.4216034,"[ 0.          0.19106375  0.38785542 -2.8875697  -2.23054602  1.1450052
  1.08019172  1.52695737]","[ 0.00000000e+00  2.03113304e-01  8.66134472e-02  1.72322185e-01
 -4.18783330e-02  1.85184257e-05  1.05820616e-05  1.69440910e-04]","[ 0.          1.6459161  10.58486843  1.28517306 -4.45092392  0.54645944
 -0.80845904 -0.02870687]"
1747093071.4233363,"[ 0.          0.19148208  0.3880258  -2.88722402 -2.23062831  1.1450052
  1.08019172  1.52695737]","[ 0.00000000e+00  2.04256633e-01  8.66134472e-02  1.76103558e-01
 -4.10548170e-02  1.85464284e-05  1.05819570e-05  1.69311312e-04]","[ 0.          1.66489947 10.40273666  1.30738211 -4.48734665  0.59105545
 -0.80316716 -0.01369115]"
1747093071.4267995,"[ 0.          0.19190223  0.3882067  -2.8868581  -2.2307074   1.1450052
  1.08019172  1.52695737]","[ 0.00000000e+00  2.05274077e-01  8.85212692e-02  1.79432842e-01
 -3.91641349e-02  1.85324169e-05  1.05819570e-05  1.61496777e-04]","[ 0.          1.66333222 10.26981163  1.31328511 -4.59813309  0.59834057
 -0.79223698 -0.02524638]"
1747093071.4284651,"[ 0.          0.19252719  0.38846292 -2.88631481 -2.23082165  1.1450052
  1.08019172  1.5269583 ]","[ 0.00000000e+00  2.05687233e-01  8.56209037e-02  1.84476569e-01
 -3.72356859e-02  1.85604623e-05  1.05820616e-05  1.69309621e-04]","[ 0.00000000e+00  1.69971919e+00  1.01296434e+01  1.26845014e+00
 -4.80150175e+00  6.36597633e-01 -8.06394935e-01 -6.09461311e-03]"
1747093071.4307983,"[ 0.          0.19293404  0.3886333  -2.88593824 -2.23089969  1.1450052
  1.08019172  1.5269583 ]","[ 0.00000000e+00  2.07704960e-01  8.15694367e-02  1.83936381e-01
 -3.86239376e-02  1.85464284e-05  1.05819570e-05  1.69311312e-04]","[ 0.00000000e+00  1.70065153e+00  1.00812340e+01  1.26016068e+00
 -4.91339731e+00  6.34460807e-01 -7.82497525e-01  9.57251899e-03]"
1747093071.432581,"[ 0.          0.19334639  0.3887862  -2.88555768 -2.23097505  1.1450052
  1.08019172  1.52695923]","[ 0.00000000e+00  2.09055449e-01  7.64375836e-02  1.85819435e-01
 -3.78136459e-02  1.85604623e-05  1.05820616e-05  1.79893264e-04]","[ 0.00000000e+00  1.64785540e+00  1.00515442e+01  1.22279084e+00
 -5.03687572e+00  6.59438789e-01 -7.99107850e-01  5.40252309e-03]"
1747093071.4348292,"[ 0.          0.1937739   0.38894096 -2.88518936 -2.23104935  1.14500614
  1.08019172  1.52695923]","[ 0.00000000e+00  2.09055449e-01  7.52808479e-02  1.87177547e-01
 -3.58261538e-02  2.64948971e-05  1.05819570e-05  1.69312986e-04]","[ 0.00000000e+00  1.64824522e+00  1.00638151e+01  1.21360993e+00
 -5.13280964e+00  6.83263719e-01 -8.23574305e-01 -5.51692164e-03]"
1747093071.4365623,"[ 0.          0.19418854  0.3890865  -2.88480267 -2.23111647  1.14500614
  1.08019172  1.52695923]","[ 0.00000000e+00  2.10135844e-01  7.34665111e-02  1.89330181e-01
 -3.34920866e-02  2.65149452e-05  1.05739739e-05  1.69311312e-04]","[ 0.00000000e+00  1.66348565e+00  1.00537014e+01  1.17004466e+00
 -5.22230482e+00  7.01075017e-01 -8.20843637e-01 -1.48460746e-03]"
1747093071.4382794,"[ 0.          0.19461604  0.38924493 -2.88442663 -2.23118677  1.14500614
  1.08019172  1.52696016]","[ 0.00000000e+00  2.08515244e-01  7.85983643e-02  1.90765441e-01
 -3.51126721e-02  2.64948971e-05  1.05819570e-05  1.79893264e-04]","[ 0.          1.60375857 10.05950451  1.15449822 -5.25820351  0.70612776
 -0.80364776 -0.02886778]"
1747093071.4405847,"[ 0.          0.19503024  0.38940289 -2.88405139 -2.23125974  1.14500614
  1.08019172  1.52696016]","[ 0.00000000e+00  2.09922924e-01  8.05707680e-02  1.89608431e-01
 -3.77753338e-02  2.65149452e-05  1.05819570e-05  1.69312986e-04]","[ 0.          1.61324978 10.05858421  1.13744748 -5.23546886  0.72228545
 -0.79434782 -0.01144634]"
1747093071.4422681,"[ 0.          0.19546462  0.38957097 -2.8836663  -2.23133857  1.14500614
  1.08019172  1.52696016]","[ 0.00000000e+00  2.13377011e-01  8.29199257e-02  1.87987848e-01
 -3.83675751e-02  2.64948971e-05  1.05819570e-05  1.69565648e-04]","[ 0.00000000e+00  1.61193156e+00  1.00805359e+01  1.12869310e+00
 -5.13939238e+00  7.20852375e-01 -7.94622660e-01  2.16780487e-03]"
1747093071.4445724,"[ 0.          0.19588938  0.38975556 -2.88329692 -2.23141314  1.14500614
  1.08019172  1.52696109]","[ 0.00000000e+00  2.17158366e-01  8.40190040e-02  1.86367264e-01
 -3.72734528e-02  2.64948971e-05  1.05819570e-05  1.69439236e-04]","[ 0.          1.57997036 10.10472775  1.14821982 -4.95335817  0.6962685
 -0.78497291 -0.02522174]"
1747093071.4462664,"[ 0.          0.19633756  0.38990892 -2.88291822 -2.23148691  1.14500614
  1.08019172  1.52696109]","[ 0.00000000e+00  2.20399533e-01  8.49401498e-02  1.84746681e-01
 -3.56167419e-02  2.64948971e-05  1.05820616e-05  1.69567338e-04]","[ 0.          1.6044395  10.08348656  1.11250782 -4.79914951  0.63812357
 -0.77677524 -0.01159341]"
1747093071.4485712,"[ 0.          0.19677699  0.3900802  -2.88253845 -2.23155828  1.14500614
  1.08019172  1.52696109]","[ 0.00000000e+00  2.22874476e-01  8.67520730e-02  1.85819435e-01
 -3.64631611e-02  2.64948971e-05  1.05819570e-05  1.69567338e-04]","[ 0.          1.66370571 10.07700348  1.12427723 -4.61566257  0.60948884
 -0.79335153 -0.02672803]"
1747093071.4503362,"[ 0.          0.19723068  0.39027168 -2.88216241 -2.23163339  1.14500614
  1.08019272  1.52696203]","[ 0.00000000e+00  2.21750022e-01  8.68218562e-02  1.92309409e-01
 -3.71137339e-02  2.64948971e-05  1.85184257e-05  1.69567338e-04]","[ 0.          1.66658068  9.98792458  1.11285293 -4.48890114  0.5654074
 -0.7621507  -0.0217916 ]"
1747093071.453804,"[ 0.          0.1976692   0.39044571 -2.88177812 -2.23170503  1.14500614
  1.08019272  1.52696203]","[ 0.00000000e+00  2.22020133e-01  8.80517789e-02  1.95010370e-01
 -3.56167419e-02  2.64948971e-05  1.85184257e-05  1.69567338e-04]","[ 0.          1.67227995  9.98239422  1.10486853 -4.32758617  0.52769363
 -0.73755395 -0.02431821]"
1747093071.4544024,"[ 0.          0.19812242  0.39062068 -2.88137385 -2.23177214  1.14500614
  1.08019272  1.52696203]","[ 0.00000000e+00  2.20927006e-01  8.52643231e-02  1.98521648e-01
 -3.16014045e-02  2.64948971e-05  1.85464284e-05  1.69569029e-04]","[ 0.          1.66181242  9.96007919  1.04010689 -4.17357397  0.56444174
 -0.74280643 -0.01074091]"
1747093071.4568133,"[ 0.          0.19856369  0.39078507 -2.88097677 -2.23182913  1.14500614
  1.08019272  1.52696309]","[ 0.00000000e+00  2.24451000e-01  8.29199257e-02  2.01828212e-01
 -2.80901368e-02  2.64948971e-05  1.85464284e-05  1.69439236e-04]","[ 0.          1.64473128  9.9807272   1.04130423 -4.09844971  0.56867307
 -0.75853372 -0.01219821]"
1747093071.4585938,"[ 0.          0.1990261   0.39094622 -2.88056931 -2.23188159  1.14500614
  1.08019272  1.52696309]","[ 0.00000000e+00  2.26341678e-01  7.72478753e-02  1.97441254e-01
 -2.53037879e-02  2.64948971e-05  1.85462435e-05  1.69567338e-04]","[ 0.          1.62401414 10.09555817  1.04461253 -4.17880058  0.55122972
 -0.77452487 -0.02233276]"
1747093071.4603796,"[ 0.          0.19947473  0.39109273 -2.88018129 -2.23193139  1.14500614
  1.08019272  1.52696309]","[ 0.00000000e+00  2.27151978e-01  7.40067084e-02  1.96090765e-01
 -2.53891630e-02  2.64951613e-05  1.85464284e-05  1.61617256e-04]","[ 0.          1.61936283 10.23384476  1.03798163 -4.38649511  0.56080109
 -0.76255763 -0.03609221]"
1747093071.4622123,"[ 0.          0.19994173  0.3912392  -2.87977862 -2.23198625  1.14500614
  1.08019272  1.52696309]","[ 0.00000000e+00  2.28772562e-01  6.99644043e-02  1.97419649e-01
 -2.73337616e-02  1.85464284e-05  1.85464284e-05  1.61618866e-04]","[ 0.          1.64612925 10.46517181  1.07589781 -4.54463959  0.5707038
 -0.81613636 -0.05635631]"
1747093071.4639323,"[ 0.          0.20039265  0.39137376 -2.8793898  -2.23204165  1.14500614
  1.08019272  1.52696402]","[ 0.00000000e+00  2.28772562e-01  6.75243704e-02  1.96901065e-01
 -2.89004307e-02  1.85464284e-05  1.85464284e-05  1.61741166e-04]","[ 0.          1.64752495 10.65349007  1.11518812 -4.71080732  0.60132015
 -0.84685552 -0.03143121]"
1747093071.4657395,"[ 0.          0.20061949  0.3914417  -2.87919512 -2.23207068  1.14500614
  1.08019172  1.52696402]","[ 0.00000000e+00  2.30123051e-01  6.88748552e-02  1.97441254e-01
 -2.94107963e-02  1.85464284e-05  1.05978530e-05  1.61620475e-04]","[ 0.          1.67217243 10.78736115  1.13857424 -4.7912035   0.62670505
 -0.85412186 -0.0221092 ]"
1747093071.4675384,"[ 0.          0.20109889  0.39151611 -2.87878819 -2.23213166  1.14500707
  1.08019172  1.52696402]","[ 0.00000000e+00  2.34476886e-01  6.99644043e-02  1.98672317e-01
 -2.98414461e-02  2.64951613e-05  1.05979587e-05  1.61618866e-04]","[ 0.00000000e+00  1.70401990e+00  1.08608150e+01  1.13437819e+00
 -4.94348431e+00  7.03643441e-01 -8.82275581e-01  3.59054864e-03]"
1747093071.4693534,"[ 0.          0.20156681  0.39165476 -2.87839564 -2.23219132  1.14500707
  1.08019172  1.52696496]","[ 0.00000000e+00  2.37955874e-01  7.02253442e-02  1.98791743e-01
 -3.02202662e-02  1.85464284e-05  1.05979587e-05  1.61618866e-04]","[ 0.          1.72611499 10.96302223  1.16181314 -5.11327839  0.73725438
 -0.89516908 -0.01612041]"
1747093071.4711902,"[ 0.          0.20205814  0.39180356 -2.8779911  -2.23225763  1.14500707
  1.08019172  1.52696496]","[ 0.00000000e+00  2.40737728e-01  7.34665111e-02  1.96602475e-01
 -3.31883281e-02  1.85464284e-05  1.05899522e-05  1.61618866e-04]","[ 0.          1.69949496 11.06422138  1.18295169 -5.21275043  0.76285392
 -0.91516572 -0.0154879 ]"
1747093071.4729533,"[ 0.          0.20229462  0.39187976 -2.87779643 -2.23229199  1.14500707
  1.08019172  1.52696496]","[ 0.00000000e+00  2.39846551e-01  7.72478753e-02  1.97441254e-01
 -3.48425735e-02  1.85464284e-05  1.05979587e-05  1.61617256e-04]","[ 0.00000000e+00  1.66499424e+00  1.11045599e+01  1.17006874e+00
 -5.22481966e+00  7.56985664e-01 -9.12890077e-01 -2.49752542e-03]"
1747093071.4747815,"[ 0.          0.20276713  0.39204141 -2.87738817 -2.23236922  1.14500707
  1.08019172  1.52696496]","[ 0.00000000e+00  2.39846551e-01  7.95685289e-02  2.00113237e-01
 -4.05146197e-02  2.64948971e-05  0.00000000e+00  1.61618866e-04]","[ 0.00000000e+00  1.66106820e+00  1.11781797e+01  1.16828191e+00
 -5.15735054e+00  7.22384274e-01 -9.18532491e-01 -8.82895663e-03]"
1747093071.476555,"[ 0.          0.20325983  0.39220626 -2.87698736 -2.23245817  1.14500707
  1.08019172  1.52696589]","[ 0.00000000e+00  2.41197040e-01  8.53508009e-02  2.04733888e-01
 -4.45660825e-02  2.64948971e-05  0.00000000e+00  1.58969375e-04]","[ 0.00000000e+00  1.63038898e+00  1.12795782e+01  1.20875454e+00
 -4.95512152e+00  6.90078616e-01 -9.16482508e-01 -7.06224004e-03]"
1747093071.478335,"[ 0.          0.20375667  0.3923803  -2.8765759  -2.2325583   1.14500707
  1.08019172  1.52696589]","[ 0.00000000e+00  2.42766042e-01  8.88620706e-02  2.09865733e-01
 -4.58906265e-02  2.64948971e-05 -1.05979587e-05  1.58970968e-04]","[ 0.00000000e+00  1.65159428e+00  1.12196360e+01  1.18181193e+00
 -4.73803186e+00  6.54152751e-01 -9.11079407e-01 -2.93733436e-03]"
1747093071.4800725,"[ 0.          0.20399638  0.39247581 -2.8763522  -2.23260411  1.14500707
  1.08019172  1.52696589]","[ 0.00000000e+00  2.43334527e-01  9.00258803e-02  2.10645506e-01
 -4.64096974e-02  2.64946330e-05 -1.05979587e-05  1.58970968e-04]","[ 0.          1.61808586 11.17806244  1.16947246 -4.61675501  0.62892556
 -0.88913226 -0.03521102]"
1747093071.4817643,"[ 0.          0.20448035  0.39266223 -2.87593834 -2.23269972  1.14500707
  1.08019172  1.52696589]","[ 0.00000000e+00  2.45788696e-01  9.55176264e-02  2.09595638e-01
 -4.94278371e-02  2.65149452e-05 -1.05979587e-05  1.51020918e-04]","[ 0.          1.59239733 11.02767754  1.15170491 -4.38700342  0.61910796
 -0.88480723 -0.03104265]"
1747093071.483488,"[ 0.          0.20498318  0.3928606  -2.87551277 -2.23280438  1.14500707
  1.08019172  1.52696682]","[ 0.00000000e+00  2.44978413e-01  9.67966262e-02  2.06633204e-01
 -5.14075353e-02  2.64948971e-05 -1.85464284e-05  1.58969375e-04]","[ 0.          1.47884274 10.75956726  1.12511778 -4.13788033  0.53728873
 -0.85301739 -0.04287609]"
1747093071.4851675,"[ 0.          0.20547175  0.39305115 -2.87511276 -2.23290185  1.14500614
  1.08019172  1.52696682]","[ 0.00000000e+00  2.48507734e-01  9.64247990e-02  2.02303004e-01
 -4.86175453e-02  1.85324169e-05 -1.85464284e-05  1.58969375e-04]","[ 0.          1.49877846 10.63281345  1.12694609 -3.88822174  0.53704864
 -0.84262204 -0.04238294]"
1747093071.4868546,"[ 0.          0.205981    0.39323621 -2.87470423 -2.23299692  1.14500614
  1.08019172  1.52696682]","[ 0.00000000e+00  2.48219580e-01  9.30892147e-02  1.99939449e-01
 -4.63921663e-02  1.85464284e-05 -1.85464284e-05  1.51020918e-04]","[ 0.          1.45422614 10.44842911  1.11877167 -3.75289917  0.50585872
 -0.80355901 -0.03507482]"
1747093071.488625,"[ 0.          0.20622712  0.39333311 -2.87450529 -2.23304193  1.14500614
  1.08019172  1.52696682]","[ 0.00000000e+00  2.49570069e-01  9.12797215e-02  2.01762815e-01
 -4.56464729e-02  1.85464284e-05 -1.85464284e-05  1.50906827e-04]","[ 0.          1.3853147  10.37955666  1.11467338 -3.71100879  0.49501738
 -0.80345196 -0.04132682]"
1747093071.4903913,"[ 0.          0.2067235   0.39351218 -2.87410262 -2.23313008  1.14500614
  1.08019172  1.52696775]","[ 0.00000000e+00  2.51745622e-01  8.94022679e-02  2.05003982e-01
 -4.42959881e-02  1.85462435e-05 -1.85464284e-05  1.58969375e-04]","[ 0.          1.42721426 10.32194138  1.1199559  -3.73156762  0.49815217
 -0.78338754 -0.03871836]"
1747093071.4926307,"[ 0.          0.20724009  0.39368622 -2.87368158 -2.23321584  1.14500614
  1.08019172  1.52696775]","[ 0.00000000e+00  2.52000952e-01  8.85022110e-02  2.05814282e-01
 -4.06244918e-02  1.85464284e-05 -1.85464284e-05  1.51022414e-04]","[ 0.          1.40429306 10.25366879  1.08435738 -3.9299438   0.51701123
 -0.79898387 -0.04572077]"
1747093071.4943004,"[ 0.          0.20773647  0.39386578 -2.87327252 -2.23328987  1.14500707
  1.08019172  1.52696868]","[ 0.00000000e+00  2.52000952e-01  8.66134472e-02  2.07975055e-01
 -3.64631611e-02  1.85186086e-05 -1.05979587e-05  1.58969375e-04]","[ 0.          1.39413416 10.2277441   1.0754292  -4.15216541  0.56245321
 -0.83237875 -0.08272135]"
1747093071.496682,"[ 0.          0.20825077  0.39403063 -2.87284481 -2.23335778  1.14500707
  1.08019172  1.52696868]","[ 0.00000000e+00  2.50768458e-01  8.23797284e-02  2.08245149e-01
 -3.23491306e-02  1.85184257e-05 -1.05978530e-05  1.51020918e-04]","[ 0.          1.37490606 10.19807625  1.01330674 -4.47486067  0.61494929
 -0.82214481 -0.04700594]"
1747093071.4984262,"[ 0.          0.20874577  0.39420234 -2.87243628 -2.23341983  1.145008
  1.08019172  1.52696868]","[ 0.00000000e+00  2.51745622e-01  8.23797284e-02  2.07164771e-01
 -3.13313079e-02  2.64551545e-05 -1.05979587e-05  1.51022414e-04]","[ 0.          1.38139164 10.31469822  1.00637233 -4.79323387  0.69144022
 -0.83356363 -0.03926179]"
1747093071.5008054,"[ 0.          0.20926466  0.39436489 -2.87200458 -2.23345099  1.14500907
  1.08019079  1.52696868]","[ 0.00000000e+00  2.53025371e-01  8.34601230e-02  2.11899356e-01
 -3.16014045e-02  3.70372172e-05 -1.85464284e-05  1.51020918e-04]","[ 0.00000000e+00  1.33764982e+00  1.03674030e+01  9.32979047e-01
 -4.99970818e+00  7.80774534e-01 -8.60928833e-01 -8.43321718e-03]"
1747093071.5019805,"[ 0.          0.20976563  0.39454032 -2.87158354 -2.23351704  1.14500907
  1.08019079  1.52696975]","[ 0.00000000e+00  2.54161725e-01  8.75115816e-02  2.13647105e-01
 -3.24116962e-02  3.70368514e-05 -1.05978530e-05  1.61618866e-04]","[ 0.          1.33737433 10.47507572  0.93700373 -5.32774973  0.84516001
 -0.90222287 -0.0151231 ]"
1747093071.5037541,"[ 0.          0.21001635  0.39462664 -2.87137235 -2.23355006  1.14500907
  1.08019079  1.52696975]","[ 0.00000000e+00  2.54161725e-01  8.75115816e-02  2.14187294e-01
 -3.34581521e-02  3.70372172e-05 -1.05979587e-05  1.53671937e-04]","[ 0.00000000e+00  1.35094965e+00  1.04972820e+01  9.21547711e-01
 -5.44808626e+00  8.61690462e-01 -9.08871830e-01 -1.55970710e-03]"
1747093071.505519,"[ 0.          0.2105357   0.39480434 -2.87093506 -2.23361904  1.14500907
  1.08019079  1.52696975]","[ 0.00000000e+00  2.53351425e-01  9.12929458e-02  2.12621172e-01
 -3.38537418e-02  3.70372172e-05 -1.05979587e-05  1.53670393e-04]","[ 0.00000000e+00  1.31810796e+00  1.05556831e+01  8.99167538e-01
 -5.67337799e+00  8.73043954e-01 -9.04071331e-01 -7.86147919e-03]"
1747093071.5073133,"[ 0.          0.21103346  0.39499766 -2.87051721 -2.23368801  1.14500907
  1.08019079  1.52697068]","[ 0.00000000e+00  2.52000952e-01  9.39939238e-02  2.10732392e-01
 -3.59229638e-02  3.70368514e-05 -1.06059783e-05  1.61374851e-04]","[ 0.          1.34153652 10.56110573  0.92391688 -5.77321863  0.89015853
 -0.90601289 -0.01486426]"
1747093071.509721,"[ 0.          0.2115505   0.39518641 -2.8700935  -2.23376365  1.14500907
  1.08019079  1.52697068]","[ 0.00000000e+00  2.52000952e-01  9.69649962e-02  2.06624566e-01
 -3.76152695e-02  3.70368514e-05 -1.05978530e-05  1.53439886e-04]","[ 0.          1.34694588 10.53308487  0.93738323 -5.73150921  0.88897955
 -0.91290897 -0.01207052]"
1747093071.5114763,"[ 0.          0.21204919  0.39538292 -2.86967112 -2.23384408  1.14500907
  1.08019079  1.52697068]","[ 0.00000000e+00  2.53351425e-01  9.49779784e-02  2.05630141e-01
 -4.15950101e-02  3.70372172e-05 -1.06059783e-05  1.53439886e-04]","[ 0.          1.37292707 10.45200253  0.98614669 -5.55419683  0.84304476
 -0.88830721 -0.020048  ]"
1747093071.5131922,"[ 0.          0.21256808  0.39556614 -2.8692618  -2.23393223  1.14500907
  1.08019079  1.52697161]","[ 0.00000000e+00  2.52541141e-01  9.26434348e-02  2.08245149e-01
 -4.33829441e-02  3.70089097e-05 -1.05979587e-05  1.61374851e-04]","[ 0.          1.46593416 10.36653042  1.03189254 -5.22224426  0.78659385
 -0.87971854 -0.0131857 ]"
1747093071.514926,"[ 0.          0.2128165   0.39565569 -2.8690538  -2.23397351  1.14500907
  1.08019079  1.52697161]","[ 0.00000000e+00  2.52000952e-01  9.07527485e-02  2.10946127e-01
 -4.18651087e-02  3.70368514e-05 -1.05979587e-05  1.61374851e-04]","[ 0.          1.46197605 10.26252174  1.05042303 -5.0600462   0.76644969
 -0.86289358  0.01420516]"
1747093071.517764,"[ 0.          0.21358013  0.39592064 -2.86839946 -2.23408882  1.14500907
  1.08019079  1.52697161]","[ 0.00000000e+00  2.51534683e-01  8.61610926e-02  2.17428461e-01
 -3.56091228e-02  3.70089097e-05 -1.05979587e-05  1.50794377e-04]","[ 0.          1.53194034 10.188344    1.1468848  -4.57085085  0.66402435
 -0.85527682 -0.03925068]"
1747093071.5193698,"[ 0.          0.21407742  0.39609604 -2.86795045 -2.234153    1.145008
  1.08019079  1.52697161]","[ 0.00000000e+00  2.53351425e-01  8.52612771e-02  2.19673173e-01
 -3.21415997e-02  2.64548924e-05 -1.06059783e-05  1.50792882e-04]","[ 0.          1.55714083 10.15042305  1.13741028 -4.36072922  0.59867448
 -0.83054549 -0.04542548]"
1747093071.5217583,"[ 0.          0.2146009   0.3962563  -2.86751742 -2.23421053  1.145008
  1.08019079  1.52697161]","[ 0.00000000e+00  2.56052403e-01  8.04890505e-02  2.18778950e-01
 -2.83602355e-02  2.64548924e-05 -1.05819570e-05  1.50679132e-04]","[ 0.          1.62961733 10.17049217  1.14779735 -4.15846205  0.53601861
 -0.84864122 -0.03506925]"
1747093071.523487,"[ 0.          0.21510693  0.39641153 -2.86708679 -2.23426193  1.145008
  1.08019079  1.52697255]","[ 0.00000000e+00  2.57132797e-01  7.88684671e-02  2.17428461e-01
 -2.37685775e-02  2.64551545e-05 -1.06059783e-05  1.50794377e-04]","[ 0.          1.61726677 10.25071335  1.16517425 -4.03259611  0.53582352
 -0.84456122 -0.0359894 ]"
1747093071.5252123,"[ 0.          0.21563041  0.39656489 -2.86663805 -2.23429921  1.145008
  1.08019079  1.52697255]","[ 0.00000000e+00  2.56034593e-01  7.40067084e-02  2.19096931e-01
 -1.72862385e-02  2.64349338e-05 -1.05819570e-05  1.50679132e-04]","[ 0.          1.64181662 10.38485241  1.13590634 -4.02966499  0.54817533
 -0.83549935 -0.02359282]"
1747093071.5275085,"[ 0.          0.21613368  0.39671413 -2.86620182 -2.23432531  1.145008
  1.08019079  1.52697255]","[ 0.00000000e+00  2.54701914e-01  7.29736182e-02  2.21209833e-01
 -1.13440936e-02  2.64548924e-05 -1.05899522e-05  1.42856421e-04]","[ 0.          1.68904376 10.61691856  1.13439715 -4.16779375  0.56822282
 -0.86118031 -0.04816318]"
1747093071.529327,"[ 0.          0.21665946  0.39686154 -2.86575095 -2.23433942  1.145008
  1.08019079  1.52697255]","[ 0.00000000e+00  2.57798005e-01  7.50110197e-02  2.21209833e-01
 -5.93612365e-03  2.64349338e-05 -1.05819570e-05  1.42750067e-04]","[ 0.          1.68347239 10.81122208  1.12510729 -4.46635723  0.59641743
 -0.8727594  -0.02117541]"
1747093071.531095,"[ 0.          0.21691475  0.39693637 -2.86553177 -2.23434315  1.145008
  1.08019079  1.52697255]","[ 0.00000000e+00  2.59023475e-01  7.58973946e-02  2.22064991e-01
 -3.51075840e-03  2.64551545e-05 -1.05819570e-05  1.42857835e-04]","[ 0.          1.75722313 10.95962906  1.15198684 -4.6144309   0.60365784
 -0.91247499 -0.02066103]"
1747093071.532794,"[ 0.          0.21742768  0.39710212 -2.8650777  -2.23434555  1.14500907
  1.08018986  1.52697348]","[ 0.00000000e+00  2.60649801e-01  8.35058960e-02  2.21209833e-01
 -5.40194952e-04  3.70368514e-05 -1.85184257e-05  1.42748653e-04]","[ 0.00000000e+00  1.77205610e+00  1.11599607e+01  1.08093977e+00
 -4.94268847e+00  6.81817770e-01 -9.40964699e-01  4.88033099e-03]"
1747093071.5344806,"[ 0.          0.21796309  0.39727572 -2.86464148 -2.23434502  1.14501
  1.08018986  1.52697348]","[ 0.00000000e+00  2.61305455e-01  8.94022679e-02  2.21750022e-01
  2.60074325e-04  4.76188043e-05 -1.85186086e-05  1.42856421e-04]","[ 0.00000000e+00  1.78900182e+00  1.13792572e+01  1.08706760e+00
 -5.23344088e+00  7.14855790e-01 -9.79626238e-01 -1.06569696e-02]"
1747093071.536788,"[ 0.          0.21847785  0.3974681  -2.86418128 -2.23434555  1.14501
  1.08018986  1.52697348]","[ 0.00000000e+00  2.61184264e-01  9.50412452e-02  2.26341678e-01
 -1.80004121e-04  3.70372172e-05 -1.85324169e-05  1.42748653e-04]","[ 0.00000000e+00  1.77663291e+00  1.15224743e+01  1.06550491e+00
 -5.47512960e+00  8.17747235e-01 -9.80705678e-01 -2.38093804e-03]"
1747093071.5385277,"[ 0.          0.21901647  0.39766281 -2.86372535 -2.23434768  1.14501
  1.08018892  1.52697441]","[ 0.00000000e+00  2.63074942e-01  9.88556741e-02  2.32318311e-01
 -5.31887593e-04  3.70089097e-05 -2.64548924e-05  1.50792882e-04]","[ 0.00000000e+00  1.78727829e+00  1.15630302e+01  1.06808805e+00
 -5.65163040e+00  8.48902464e-01 -9.89531159e-01 -6.13737269e-04]"
1747093071.5402963,"[ 0.          0.21953995  0.39787081 -2.86324278 -2.23435061  1.14501
  1.08018892  1.52697441]","[ 0.00000000e+00  2.66046015e-01  1.02815071e-01  2.36474657e-01
 -8.01237631e-04  3.70368514e-05 -2.64548924e-05  1.42748653e-04]","[ 0.          1.78599954 11.49783897  1.07562423 -5.66723299  0.85862648
 -0.98659426 -0.01271205]"
1747093071.5420103,"[ 0.          0.21982328  0.39797414 -2.86300736 -2.23435194  1.14501
  1.08018892  1.52697441]","[ 0.00000000e+00  2.66566646e-01  1.04797819e-01  2.38766174e-01
 -8.69221515e-04  3.70089097e-05 -2.64551545e-05  1.42748653e-04]","[ 0.          1.71142542 11.48600674  1.06093466 -5.65057278  0.8517713
 -0.98036677 -0.01634083]"
1747093071.5437248,"[ 0.          0.2203518   0.39819455 -2.86253838 -2.23435514  1.14501
  1.08018892  1.52697441]","[ 0.00000000e+00  2.67396504e-01  1.08833515e-01  2.37386340e-01
 -1.01058641e-03  3.70372172e-05 -2.64551545e-05  1.42856421e-04]","[ 0.00000000e+00  1.67090499e+00  1.13381939e+01  1.06348467e+00
 -5.56600380e+00  8.19672585e-01 -9.46289539e-01 -1.09737832e-02]"
1747093071.5454094,"[ 0.          0.22087619  0.39841632 -2.86205715 -2.23435594  1.14501
  1.08018892  1.52697441]","[ 0.00000000e+00  2.65506625e-01  1.12630650e-01  2.34719284e-01
 -9.92632764e-04  3.70092754e-05 -2.64548924e-05  1.32274460e-04]","[ 0.00000000e+00  1.62575829e+00  1.11751785e+01  1.08768857e+00
 -5.38305235e+00  7.82382548e-01 -9.42436397e-01 -8.66905227e-03]"
1747093071.5478694,"[ 0.          0.22141941  0.39864962 -2.86159669 -2.23435567  1.14501
  1.08018892  1.52697534]","[ 0.00000000e+00  2.64157517e-01  1.14601190e-01  2.33364218e-01
 -8.83084192e-04  3.70368514e-05 -2.64548924e-05  1.42856421e-04]","[ 0.          1.61689937 10.88131237  1.10422051 -5.15098143  0.72356611
 -0.9149828   0.0110743 ]"
1747093071.5495462,"[ 0.          0.22194244  0.39887505 -2.86111359 -2.2343546   1.14501
  1.08018986  1.52697534]","[ 0.00000000e+00  2.65505826e-01  1.13981131e-01  2.36605385e-01
 -6.84446964e-04  3.70092754e-05 -1.85184257e-05  1.42748653e-04]","[ 0.          1.65752518 10.6080389   1.11030269 -4.81984854  0.69368458
 -0.90620708 -0.02202416]"
1747093071.5512586,"[ 0.          0.22248933  0.39910052 -2.86064274 -2.2343546   1.14501
  1.08018986  1.52697534]","[ 0.00000000e+00  2.67396504e-01  1.14521328e-01  2.39036268e-01
 -4.44378629e-04  3.70368514e-05 -2.91003827e-05  1.32274460e-04]","[ 0.00000000e+00  1.62926364e+00  1.02603035e+01  1.09361100e+00
 -4.58974218e+00  6.59280777e-01 -8.60212088e-01 -7.90589489e-03]"
1747093071.5536134,"[ 0.          0.22301739  0.39933012 -2.86015112 -2.2343546   1.14501
  1.08018986  1.52697534]","[ 0.00000000e+00  2.67396504e-01  1.11820358e-01  2.40236189e-01
 -2.20789351e-04  3.70089097e-05 -2.91006692e-05  1.32174673e-04]","[ 0.00000000e+00  1.66224921e+00  1.00487852e+01  1.12126589e+00
 -4.30608463e+00  6.09275699e-01 -8.20295393e-01 -4.21257596e-03]"
1747093071.555362,"[ 0.          0.2235652   0.39955053 -2.85967681 -2.23435381  1.14500907
  1.08018986  1.52697641]","[ 0.00000000e+00  2.67125577e-01  1.10739964e-01  2.41197040e-01
  1.11094657e-04  2.91006692e-05 -2.91006692e-05  1.42856421e-04]","[ 0.00000000e+00  1.68961573e+00  9.81861210e+00  1.17557478e+00
 -4.11527729e+00  5.74915707e-01 -7.87320256e-01  7.11539807e-03]"
1747093071.5576413,"[ 0.          0.22409097  0.39977553 -2.85920091 -2.23435381  1.14500907
  1.08018986  1.52697641]","[ 0.00000000e+00  2.65775920e-01  1.09929672e-01  2.41737246e-01
  1.42873456e-04  2.90784288e-05 -2.91003827e-05  1.32274460e-04]","[ 0.          1.69651806  9.60499001  1.21155369 -3.97163582  0.52881211
 -0.78831196 -0.02806006]"
1747093071.5593781,"[ 0.          0.22463925  0.39998769 -2.85865735 -2.23435407  1.14500907
  1.08018986  1.52697641]","[ 0.00000000e+00  2.68746993e-01  1.06040758e-01  2.49029880e-01
  1.32825988e-04  2.91003827e-05 -2.91006692e-05  1.32274460e-04]","[ 0.          1.73556983  9.44329071  1.21809208 -3.93270946  0.50207931
 -0.78687    -0.03246352]"
1747093071.5617464,"[ 0.          0.22516456  0.40019984 -2.85814523 -2.23435407  1.14500907
  1.08018986  1.52697734]","[ 0.00000000e+00  2.66856298e-01  1.03447330e-01  2.50016148e-01
  1.13858963e-04  2.90784288e-05 -2.91006692e-05  1.42857835e-04]","[ 0.          1.73450053  9.42422581  1.21809673 -3.92561817  0.50197822
 -0.79547685 -0.04688678]"
1747093071.563454,"[ 0.          0.22570963  0.40039728 -2.85765068 -2.23435407  1.14500907
  1.08018986  1.52697734]","[ 0.00000000e+00  2.65505826e-01  9.91257769e-02  2.50396498e-01
  3.79529876e-05  2.91006692e-05 -2.91003827e-05  1.42857835e-04]","[ 0.          1.73262846  9.44760132  1.21817768 -4.00372887  0.55075198
 -0.7865144  -0.04500229]"
1747093071.5647032,"[ 0.          0.22596952  0.40049462 -2.85740514 -2.2343546   1.14500907
  1.08018986  1.52697734]","[ 0.00000000e+00  2.63615131e-01  9.88556741e-02  2.49282697e-01
  0.00000000e+00  2.90784288e-05 -2.91003827e-05  1.42856421e-04]","[ 0.          1.7313633   9.42163754  1.18762767 -4.08632803  0.58108634
 -0.78662848 -0.01574166]"
1747093071.566542,"[ 0.          0.22651046  0.40069482 -2.85690127 -2.23435514  1.14500907
  1.08018986  1.52697734]","[ 0.00000000e+00  2.64309950e-01  9.64247990e-02  2.45518602e-01
 -3.31197745e-05  2.91003827e-05 -1.85186086e-05  1.32274460e-04]","[ 0.          1.74015641  9.53263092  1.23030031 -4.32625389  0.5967387
 -0.8167333  -0.04678215]"
1747093071.5682771,"[ 0.          0.22703438  0.40088724 -2.85641657 -2.23435567  1.14501
  1.08018986  1.52697827]","[ 0.00000000e+00  2.66856298e-01  9.32858641e-02  2.46328902e-01
 -6.24093044e-05  2.90784288e-05 -1.85046377e-05  1.42856421e-04]","[ 0.          1.77769637  9.65038681  1.22100902 -4.56725931  0.66419125
 -0.86545235 -0.04001057]"
1747093071.5699718,"[ 0.          0.22758587  0.40106494 -2.85590444 -2.23435594  1.14501
  1.08018986  1.52697827]","[ 0.00000000e+00  2.70328394e-01  8.88620706e-02  2.50650463e-01
 -7.37513407e-05  2.91003827e-05 -1.85184257e-05  1.32274460e-04]","[ 0.          1.79045391  9.88280869  1.25332785 -4.7990737   0.67970127
 -0.8654806  -0.0290202 ]"
1747093071.5724316,"[ 0.          0.2278545   0.40115036 -2.8556565  -2.23435647  1.14501
  1.08018986  1.52697827]","[ 0.00000000e+00  2.72528348e-01  8.67012899e-02  2.51460747e-01
 -1.03257602e-04  2.91003827e-05 -1.85184257e-05  1.32274460e-04]","[ 0.          1.8021059   9.97767925  1.26021576 -4.88121462  0.71304488
 -0.89148629 -0.05292419]"
1747093071.5735662,"[ 0.          0.22839313  0.40132942 -2.85513532 -2.23435753  1.14501
  1.08018892  1.52697827]","[ 0.00000000e+00  2.72528348e-01  8.74229150e-02  2.55031530e-01
 -1.46276382e-04  2.90787152e-05 -2.64551545e-05  1.32175981e-04]","[ 0.          1.77766955 10.15879536  1.2521714  -5.10205555  0.75955582
 -0.90754032 -0.01884642]"
1747093071.5753727,"[ 0.          0.22895104  0.40149843 -2.85488419 -2.23435913  1.14501093
  1.08018892  1.5269792 ]","[ 0.00000000e+00  2.72528348e-01  8.53508009e-02  2.54701914e-01
 -2.05090549e-04  3.70372172e-05 -2.64548924e-05  1.42856421e-04]","[ 0.          1.8009702  10.40465641  1.2280128  -5.22064257  0.79684669
 -0.93226355 -0.01763556]"
1747093071.5776737,"[ 0.          0.22948692  0.40167703 -2.85438192 -2.234361    1.14501093
  1.08018892  1.5269792 ]","[ 0.00000000e+00  2.71447970e-01  8.77689595e-02  2.54713682e-01
 -2.65784550e-04  3.70089097e-05 -2.64548924e-05  1.32274460e-04]","[ 0.          1.81515312 10.5672884   1.22068739 -5.33505106  0.81145632
 -0.92164391 -0.02498775]"
1747093071.5794373,"[ 0.          0.23004896  0.40184787 -2.85385781 -2.23436339  1.14501093
  1.08018892  1.5269792 ]","[ 0.00000000e+00  2.75093006e-01  8.60737992e-02  2.55782308e-01
 -3.36773137e-04  3.70368514e-05 -2.64551545e-05  1.32274460e-04]","[ 0.          1.79816282 10.77198792  1.23767459 -5.37743092  0.79080194
 -0.92981684 -0.02824305]"
1747093071.5829484,"[ 0.          0.2305931   0.40202511 -2.8533297  -2.23436472  1.14501093
  1.08018892  1.52698014]","[ 0.00000000e+00  2.76039626e-01  8.66842623e-02  2.58542275e-01
 -3.60553391e-04  3.70092754e-05 -2.64548924e-05  1.42748653e-04]","[ 0.          1.82120049 10.94990349  1.25707483 -5.32979679  0.77435523
 -0.95838165 -0.03180921]"
1747093071.5835977,"[ 0.          0.23115791  0.40219638 -2.85281971 -2.23436579  1.14501093
  1.08018892  1.52698014]","[ 0.00000000e+00  2.76039626e-01  8.67012899e-02  2.58483286e-01
 -3.71406455e-04  3.70368514e-05 -2.64548924e-05  1.32274460e-04]","[ 0.          1.7951566  11.12260056  1.21859396 -5.18666029  0.74394131
 -0.96291947 -0.02232233]"
1747093071.5853107,"[ 0.          0.23170389  0.40237867 -2.85231264 -2.23436526  1.14501093
  1.08018892  1.52698014]","[ 0.00000000e+00  2.76839224e-01  9.01917204e-02  2.57132797e-01
 -3.59620536e-04  3.70092754e-05 -2.64548924e-05  1.32274460e-04]","[ 0.          1.84944344 11.24123764  1.25792253 -4.98243427  0.71772099
 -0.95075363 -0.02814064]"
1747093071.5870578,"[ 0.          0.23197803  0.40246915 -2.85204126 -2.23436526  1.14501093
  1.08018892  1.52698107]","[ 0.00000000e+00  2.77930304e-01  9.18331430e-02  2.55533053e-01
 -3.67285414e-04  4.76192757e-05 -2.64548924e-05  1.42856421e-04]","[ 0.          1.85228288 11.21872616  1.26631832 -4.87591934  0.71331954
 -0.94792384 -0.03889962]"
1747093071.58828,"[ 0.          0.23255568  0.40265787 -2.85153899 -2.23436472  1.14501093
  1.08018892  1.52698107]","[ 0.00000000e+00  2.83062166e-01  9.64247990e-02  2.53891630e-01
 -3.40271137e-04  4.76192757e-05 -2.64548924e-05  1.42856421e-04]","[ 0.          1.89100206 11.26679134  1.25203514 -4.69327831  0.62849575
 -0.93502885 -0.03839315]"
1747093071.5900838,"[ 0.          0.23318386  0.4028682  -2.85101275 -2.23436472  1.14501
  1.08018892  1.52698107]","[ 0.00000000e+00  2.86628338e-01  1.03717433e-01  2.57789982e-01
 -3.29360531e-04  3.70368514e-05 -2.64548924e-05  1.32274460e-04]","[ 0.          1.86369812 11.18938541  1.22979867 -4.48799706  0.61890119
 -0.93105137 -0.03662867]"
1747093071.591872,"[ 0.          0.23346672  0.40297149 -2.85075522 -2.23436419  1.14501
  1.08018892  1.52698107]","[ 0.00000000e+00  2.86843522e-01  1.04797819e-01  2.61184264e-01
 -3.13294180e-04  3.70372172e-05 -2.64548924e-05  1.32274460e-04]","[ 0.          1.86299837 11.16946125  1.16670036 -4.41254473  0.5916459
 -0.90878379 -0.0257484 ]"
1747093071.5936692,"[ 0.          0.23403061  0.40319467 -2.85023537 -2.23436393  1.14501
  1.08018892  1.526982  ]","[ 0.00000000e+00  2.86323606e-01  1.10234321e-01  2.63885242e-01
 -2.97919756e-04  3.70092754e-05 -2.64548924e-05  1.42856421e-04]","[ 0.          1.8469305  11.10148907  1.1596595  -4.17374659  0.57074177
 -0.89266056 -0.03187467]"
1747093071.594929,"[ 0.          0.23461699  0.40341461 -2.84968943 -2.23436339  1.14501
  1.08018892  1.526982  ]","[ 0.00000000e+00  2.86303333e-01  1.11820358e-01  2.67569942e-01
 -2.81169929e-04  2.91440955e-05 -2.64548924e-05  1.32274460e-04]","[ 0.          1.76448262 10.95635223  1.10215807 -4.00827074  0.54682136
 -0.88757217 -0.02816291]"
1747093071.5966842,"[ 0.          0.23490076  0.40352803 -2.84942764 -2.23436339  1.14501
  1.08018892  1.526982  ]","[ 0.00000000e+00  2.87923900e-01  1.15061525e-01  2.65236813e-01
 -2.73048718e-04  2.91443860e-05 -2.64548924e-05  1.32274460e-04]","[ 0.          1.69556653 10.87110043  1.11607826 -3.94155216  0.5454123
 -0.87511158 -0.03450812]"
1747093071.5984173,"[ 0.          0.2354922   0.40376362 -2.84890726 -2.23436339  1.14501
  1.08018892  1.526982  ]","[ 0.00000000e+00  2.88613492e-01  1.15484593e-01  2.63345037e-01
 -2.57438374e-04  2.91443860e-05 -2.64551545e-05  1.32275769e-04]","[ 0.          1.56712055 10.75548649  1.07947385 -3.85216022  0.531313
 -0.87084472 -0.02773079]"
1747093071.6008134,"[ 0.          0.23606481  0.40399411 -2.8483693  -2.23436339  1.14501
  1.08018892  1.52698307]","[ 0.00000000e+00  2.89544500e-01  1.17762503e-01  2.63074942e-01
 -2.41836060e-04  2.11959173e-05 -2.64748795e-05  1.42857835e-04]","[ 0.          1.49433088 10.61178589  1.03656459 -3.86769271  0.51937389
 -0.8525666  -0.04767715]"
1747093071.6019213,"[ 0.          0.23665763  0.40423107 -2.84784971 -2.23436393  1.14501
  1.08018892  1.52698307]","[ 0.00000000e+00  2.90640657e-01  1.15353491e-01  2.63345037e-01
 -2.34546421e-04  1.05979587e-05 -1.85184257e-05  1.32274460e-04]","[ 0.          1.46793675 10.5000515   1.03681481 -3.98474264  0.52840668
 -0.8477869  -0.06467608]"
1747093071.6037712,"[ 0.          0.23694416  0.40434266 -2.84759006 -2.23436393  1.14501
  1.08018892  1.52698307]","[ 0.00000000e+00  2.90624878e-01  1.13170839e-01  2.63345037e-01
 -2.34539740e-04  1.05979587e-05 -1.85186086e-05  1.32274460e-04]","[ 0.          1.5156045  10.45040226  1.01839888 -4.02064037  0.55023754
 -0.85821021 -0.07006187]"
1747093071.6055002,"[ 0.          0.23751768  0.40455524 -2.8470513  -2.23436419  1.14501
  1.08018892  1.52698307]","[ 0.00000000e+00  2.91139900e-01  1.05608111e-01  2.62534753e-01
 -2.28629161e-04  1.05899522e-05 -1.85186086e-05  1.32574732e-04]","[ 0.          1.459396   10.36049843  0.97889531 -4.1829977   0.58750868
 -0.85534662 -0.02808738]"
1747093071.6086438,"[ 0.          0.2381151   0.4047674  -2.84653757 -2.23436472  1.14501
  1.08018892  1.526984  ]","[ 0.00000000e+00  2.91894473e-01  1.02096849e-01  2.60103870e-01
 -2.36426124e-04  1.05979587e-05 -1.85184257e-05  1.32473165e-04]","[ 0.          1.43255663 10.36533451  0.99887329 -4.38498783  0.64570528
 -0.85355043 -0.02941272]"
1747093071.6096916,"[ 0.          0.23868908  0.40497449 -2.84600255 -2.23436526  1.14501
  1.08018892  1.526984  ]","[ 0.00000000e+00  2.91165066e-01  1.01465689e-01  2.61724453e-01
 -2.30310834e-04  1.05899522e-05 -1.85184257e-05  1.32574732e-04]","[ 0.          1.34957397 10.36756802  0.94616282 -4.6510582   0.68203324
 -0.86313671 -0.01738024]"
1747093071.6113923,"[ 0.          0.23897515  0.40517516 -2.84546033 -2.23436659  1.14501093
  1.08018892  1.52698493]","[ 0.00000000e+00  2.89790775e-01  1.01016455e-01  2.66566879e-01
 -2.44925906e-04  1.85464284e-05 -1.85186086e-05  1.43072445e-04]","[ 0.          1.33615375 10.38879204  0.96623564 -4.89499283  0.71057349
 -0.8929624  -0.0310226 ]"
1747093071.6131635,"[ 0.          0.23956705  0.40538042 -2.84493355 -2.23436792  1.14501093
  1.08018892  1.52698493]","[ 0.00000000e+00  2.88383728e-01  1.00307380e-01  2.66856298e-01
 -2.65074774e-04  1.85606472e-05 -1.85184257e-05  1.43073876e-04]","[ 0.          1.35579276 10.39701366  0.91621244 -5.16138315  0.73787427
 -0.89448756 -0.0315592 ]"
1747093071.6149673,"[ 0.          0.23985083  0.40547959 -2.84467043 -2.23436845  1.14501093
  1.08018892  1.52698493]","[ 0.00000000e+00  2.87923900e-01  1.00476258e-01  2.66585921e-01
 -2.71499862e-04  1.85464284e-05 -1.85184257e-05  1.32475806e-04]","[ 0.          1.3709811  10.41166973  0.93302101 -5.26716518  0.74800152
 -0.88618439 -0.03254152]"
1747093071.6167238,"[ 0.          0.24044365  0.40567384 -2.84413274 -2.23437032  1.14501093
  1.08018892  1.52698493]","[ 0.00000000e+00  2.90139117e-01  9.87555143e-02  2.61305455e-01
 -3.01085446e-04  1.85464284e-05 -1.85186086e-05  1.32474482e-04]","[ 0.          1.38535595 10.464921    0.93811256 -5.35243368  0.80169946
 -0.90775698 -0.0208443 ]"
1747093071.6184127,"[ 0.          0.24101626  0.4058768  -2.84362621 -2.23437218  1.14501093
  1.08018892  1.52698586]","[ 0.00000000e+00  2.91139900e-01  9.89603613e-02  2.55242119e-01
 -3.28578943e-04  1.85464284e-05 -1.85186086e-05  1.43072445e-04]","[ 0.00000000e+00  1.38276505e+00  1.05082855e+01  9.25766349e-01
 -5.38211632e+00  8.23737383e-01 -9.34461415e-01 -5.26142353e-03]"
1747093071.620184,"[ 0.          0.24158794  0.40607105 -2.8431013  -2.23437405  1.14501093
  1.08018892  1.52698586]","[ 0.00000000e+00  2.89274389e-01  9.88556741e-02  2.57789982e-01
 -3.53270269e-04  2.91443860e-05 -1.85184257e-05  1.43072445e-04]","[ 0.          1.40926647 10.49138832  0.93110651 -5.36577082  0.8235414
 -0.94975674 -0.01737452]"
1747093071.6224978,"[ 0.          0.24217847  0.40627261 -2.8425929  -2.23437591  1.14501093
  1.08018892  1.52698586]","[ 0.00000000e+00  2.88194011e-01  9.77996975e-02  2.58213192e-01
 -3.64877191e-04  2.91443860e-05 -1.85464284e-05  1.43072445e-04]","[ 0.          1.43265498 10.44592285  0.94636184 -5.29929209  0.79399252
 -0.92561769 -0.01741417]"
1747093071.6242027,"[ 0.          0.24276944  0.40646316 -2.84206346 -2.23437618  1.14501093
  1.08018892  1.52698679]","[ 0.00000000e+00  2.89386807e-01  9.64247990e-02  2.58793045e-01
 -3.21195465e-04  2.91443860e-05 -1.85186086e-05  1.43072445e-04]","[ 0.          1.43503296 10.47578144  1.00295126 -5.16684055  0.7229709
 -0.89664537 -0.02354791]"
1747093071.6264668,"[ 0.          0.24334022  0.40665558 -2.84155347 -2.23437591  1.14501093
  1.08018892  1.52698679]","[ 0.00000000e+00  2.89274389e-01  9.30351025e-02  2.58745707e-01
 -2.65271959e-04  2.91661490e-05 -1.85464284e-05  1.43072445e-04]","[ 0.          1.48332608 10.49575138  1.02302384 -4.9145999   0.69783717
 -0.92642581 -0.01771648]"
1747093071.628195,"[ 0.          0.2439119   0.40683098 -2.84102616 -2.23437484  1.14501093
  1.08018892  1.52698679]","[ 0.00000000e+00  2.89274389e-01  8.75115816e-02  2.57288442e-01
 -2.14470650e-04  2.91443860e-05 -1.85324169e-05  1.43180701e-04]","[ 0.          1.55117977 10.56006432  1.03571773 -4.70047617  0.64925629
 -0.91404951 -0.02138538]"
1747093071.6299355,"[ 0.          0.24421635  0.4069164  -2.84076997 -2.23437484  1.14501093
  1.08018892  1.52698679]","[ 0.00000000e+00  2.86628338e-01  8.67012899e-02  2.59833775e-01
 -2.02855991e-04  2.91664395e-05 -1.85464284e-05  1.43180701e-04]","[ 0.          1.57461083 10.56055546  1.07667267 -4.6033802   0.64188403
 -0.90529555 -0.02134986]"
1747093071.6316738,"[ 0.          0.2447839   0.40708951 -2.84025358 -2.23437484  1.14501093
  1.08018892  1.52698773]","[ 0.00000000e+00  2.87092527e-01  8.29199257e-02  2.62268753e-01
 -1.91894784e-04  1.85466133e-05 -1.85466133e-05  1.51020918e-04]","[ 0.          1.5818572  10.62454796  1.05195796 -4.43350649  0.61442298
 -0.89450258 -0.03120496]"
1747093071.6334047,"[ 0.          0.24537304  0.40725895 -2.83971749 -2.23437484  1.14501093
  1.08018892  1.52698773]","[ 0.00000000e+00  2.88194011e-01  8.35058960e-02  2.61300728e-01
 -1.98710406e-04  1.85464284e-05 -1.05979587e-05  1.43180701e-04]","[ 0.          1.63891423 10.69079113  1.04789412 -4.33082247  0.5871622
 -0.90061599 -0.05008837]"
1747093071.6356509,"[ 0.          0.24594612  0.4074238  -2.83920563 -2.23437484  1.14501093
  1.08018892  1.52698773]","[ 0.00000000e+00  2.91165066e-01  8.34601230e-02  2.59023475e-01
 -1.95031947e-04  1.05979587e-05 -1.05979587e-05  1.43072445e-04]","[ 0.          1.61581314 10.73185158  0.99814242 -4.30469513  0.5710699
 -0.90454882 -0.03754598]"
1747093071.6373482,"[ 0.          0.24654169  0.40758911 -2.83868338 -2.23437538  1.14501093
  1.08018892  1.52698773]","[ 0.00000000e+00  2.90330432e-01  8.48106036e-02  2.54780760e-01
 -1.97633324e-04  1.05979587e-05  0.00000000e+00  1.43071015e-04]","[ 0.          1.63577294 10.82220554  1.04410481 -4.29392719  0.5696764
 -0.90543449 -0.02324064]"
1747093071.6396627,"[ 0.          0.24711245  0.40776911 -2.83818244 -2.23437538  1.14501093
  1.08018892  1.52698866]","[ 0.00000000e+00  2.89274389e-01  8.85919761e-02  2.54174025e-01
 -2.04104933e-04  1.05979587e-05  0.00000000e+00  1.43072445e-04]","[ 0.          1.68236172 10.88053894  1.06455338 -4.3142314   0.5834586
 -0.91272879 -0.03995693]"
1747093071.6413844,"[ 0.          0.24770115  0.40794728 -2.83765806 -2.23437538  1.14501093
  1.08018892  1.52698866]","[ 0.00000000e+00  2.87129878e-01  9.12929458e-02  2.57547468e-01
 -2.03804254e-04  1.06059783e-05  0.00000000e+00  1.43180701e-04]","[ 0.          1.74235713 10.90423679  1.10218525 -4.37528801  0.61383104
 -0.91211659 -0.04564705]"
1747093071.6436515,"[ 0.          0.24827008  0.40814012 -2.8371462  -2.23437538  1.14501093
  1.08018793  1.52698972]","[ 0.00000000e+00  2.88441651e-01  9.50743100e-02  2.60373964e-01
 -2.00320526e-04  1.05979587e-05 -1.05979587e-05  1.53671937e-04]","[ 0.          1.76962614 10.93146801  1.11887479 -4.48228502  0.64274716
 -0.92844659 -0.04841301]"
1747093071.6453435,"[ 0.          0.24886105  0.40833207 -2.83661171 -2.23437591  1.14501093
  1.08018793  1.52698972]","[ 0.00000000e+00  2.89274389e-01  9.86710755e-02  2.61305455e-01
 -2.16034152e-04  1.06058726e-05 -1.06059783e-05  1.53786679e-04]","[ 0.          1.76921511 10.95844078  1.10280263 -4.59880066  0.65699857
 -0.92778724 -0.03619755]"
1747093071.648256,"[ 0.          0.24942952  0.40855571 -2.83609745 -2.23437618  1.14501093
  1.08018793  1.52698972]","[ 0.00000000e+00  2.87923900e-01  1.02096849e-01  2.59833775e-01
 -2.16999385e-04  1.05979587e-05 -1.05979587e-05  1.43072445e-04]","[ 0.          1.77455175 10.94889736  1.09299374 -4.67024899  0.67399436
 -0.92808783 -0.03257527]"
1747093071.6504743,"[ 0.          0.25029924  0.40886567 -2.83531208 -2.23437618  1.14501093
  1.08018793  1.52699066]","[ 0.00000000e+00  2.87092527e-01  1.01966754e-01  2.59023475e-01
 -2.13889855e-04  1.06059783e-05 -1.85464284e-05  1.53670393e-04]","[ 0.          1.68534255 10.87580681  0.98795998 -4.80201674  0.68255836
 -0.93165237 -0.02581253]"
1747093071.652711,"[ 0.          0.25088792  0.40905851 -2.83479969 -2.23437671  1.14501093
  1.08018793  1.52699066]","[ 0.00000000e+00  2.87631418e-01  9.72350907e-02  2.59570505e-01
 -2.28848956e-04  1.06058726e-05 -1.85604623e-05  1.53786679e-04]","[ 0.00000000e+00  1.65469170e+00  1.08010168e+01  9.66225624e-01
 -4.82403564e+00  6.99766636e-01 -9.48916733e-01 -7.92859867e-03]"
1747093071.6544929,"[ 0.          0.25145502  0.40925552 -2.83427345 -2.23437724  1.14501093
  1.08018793  1.52699066]","[ 0.00000000e+00  2.87383711e-01  9.50743100e-02  2.57132797e-01
 -2.33736793e-04  1.85604623e-05 -1.85604623e-05  1.43072445e-04]","[ 0.          1.64197171 10.76795292  0.95579833 -4.85900068  0.71434462
 -0.94442004 -0.02652249]"
1747093071.6561952,"[ 0.          0.25201706  0.40943871 -2.83376745 -2.23437751  1.14501093
  1.08018793  1.52699159]","[ 0.00000000e+00  2.83602355e-01  9.25495667e-02  2.56052403e-01
 -2.34332006e-04  1.85464284e-05 -1.85464284e-05  1.51135188e-04]","[ 0.          1.63996923 10.69582272  0.95465273 -4.87944174  0.70130825
 -0.95524919 -0.02945732]"
1747093071.657977,"[ 0.          0.25231737  0.40953655 -2.83351711 -2.23437751  1.14501093
  1.08018793  1.52699159]","[ 0.00000000e+00  2.82866823e-01  9.20320229e-02  2.53634386e-01
 -2.30557889e-04  1.85604623e-05 -1.85604623e-05  1.51135188e-04]","[ 0.          1.66479135 10.68900967  0.98510057 -4.87215996  0.68885064
 -0.96558452 -0.02194017]"
1747093071.6596851,"[ 0.          0.25287024  0.40962653 -2.832997   -2.23437751  1.14501093
  1.08018793  1.52699159]","[ 0.00000000e+00  2.79010699e-01  9.12929458e-02  2.54161725e-01
 -2.30272018e-04  1.85464284e-05 -1.85604623e-05  1.51020918e-04]","[ 0.00000000e+00  1.66425979e+00  1.06498785e+01  9.88054276e-01
 -4.85441732e+00  7.02792108e-01 -9.62972105e-01 -7.17627991e-04]"
1747093071.6613674,"[ 0.          0.25344056  0.4098038  -2.83248754 -2.23437751  1.14501093
  1.08018793  1.52699252]","[ 0.00000000e+00  2.77648708e-01  8.52612771e-02  2.59563681e-01
 -2.26626540e-04  1.85604623e-05 -1.85602774e-05  1.51135188e-04]","[ 0.          1.76240849 10.65393925  1.02658784 -4.79921484  0.71774197
 -0.94594431 -0.01287959]"
1747093071.6636808,"[ 0.          0.25398882  0.40996955 -2.83195277 -2.23437751  1.14501093
  1.08018793  1.52699252]","[ 0.00000000e+00  2.78470493e-01  8.33755593e-02  2.62303807e-01
 -2.23094666e-04  1.85604623e-05 -1.85606472e-05  1.51019407e-04]","[ 0.          1.80678558 10.62271976  1.06196177 -4.7317729   0.6934666
 -0.94260377 -0.03525483]"
1747093071.665398,"[ 0.          0.2545573   0.41013576 -2.83143159 -2.23437751  1.14501093
  1.08018793  1.52699252]","[ 0.00000000e+00  2.77120004e-01  8.07474437e-02  2.64425431e-01
 -2.14934200e-04  1.85604623e-05 -1.85604623e-05  1.51020918e-04]","[ 0.          1.8395282  10.65046787  1.10099661 -4.66823101  0.66460979
 -0.94746369 -0.03363543]"
1747093071.667712,"[ 0.          0.25510329  0.41029742 -2.8308955  -2.23437751  1.14501093
  1.08018699  1.52699345]","[ 0.00000000e+00  2.76299584e-01  8.23797284e-02  2.60799204e-01
 -2.11381731e-04  1.05819570e-05 -2.91443860e-05  1.58969375e-04]","[ 0.          1.87205744 10.68449211  1.16322887 -4.62364006  0.63041627
 -0.95820981 -0.0219932 ]"
1747093071.6694674,"[ 0.          0.25566716  0.41046044 -2.83038444 -2.23437751  1.14501093
  1.08018699  1.52699345]","[ 0.00000000e+00  2.74834213e-01  8.29199257e-02  2.58483286e-01
 -2.04104933e-04  1.05900569e-05 -2.91664395e-05  1.51136700e-04]","[ 0.          1.95374906 10.69931889  1.24401867 -4.57868862  0.59045553
 -0.96221292 -0.02976354]"
1747093071.6712818,"[ 0.          0.25621176  0.41063354 -2.8298542  -2.23437751  1.14501093
  1.08018699  1.52699345]","[ 0.00000000e+00  2.76039626e-01  8.53508009e-02  2.59293570e-01
 -1.95709733e-04  1.05820616e-05 -2.91443860e-05  1.51020918e-04]","[ 0.          2.00302792 10.65307617  1.26794803 -4.49998474  0.60467106
 -0.95699102 -0.03945365]"
1747093071.673705,"[ 0.          0.25677657  0.41080159 -2.82933702 -2.23437724  1.14501093
  1.08018699  1.52699438]","[ 0.00000000e+00  2.76086881e-01  8.53508009e-02  2.62264642e-01
 -1.83691617e-04  1.05899522e-05 -1.85604623e-05  1.59089675e-04]","[ 0.          2.03932023 10.66883278  1.29601645 -4.3874011   0.6222952
 -0.95513743 -0.05155599]"
1747093071.6752856,"[ 0.          0.25732117  0.41097562 -2.82879799 -2.23437724  1.14501093
  1.08018699  1.52699438]","[ 0.00000000e+00  2.75769515e-01  8.53508009e-02  2.63808427e-01
 -1.80752095e-04  0.00000000e+00 -1.85464284e-05  1.51020918e-04]","[ 0.          2.0679872  10.70914268  1.30389798 -4.31378508  0.62102479
 -0.94542074 -0.05070445]"
1747093071.677072,"[ 0.          0.25761458  0.41106058 -2.8285378  -2.23437724  1.14501093
  1.08018699  1.52699438]","[ 0.00000000e+00  2.76346839e-01  8.60737992e-02  2.63617861e-01
 -1.72718659e-04  0.00000000e+00 -1.85604623e-05  1.50794377e-04]","[ 0.          2.05573535 10.71622658  1.30389798 -4.29888058  0.60399997
 -0.94830292 -0.05092974]"
1747093071.67884,"[ 0.          0.25816515  0.41123049 -2.82801609 -2.23437724  1.14501093
  1.08018699  1.52699438]","[ 0.00000000e+00  2.80361188e-01  8.15694367e-02  2.65505826e-01
 -1.52807954e-04  0.00000000e+00 -1.85604623e-05  1.51135188e-04]","[ 0.          2.09866571 10.71119881  1.32411885 -4.3244524   0.58613694
 -0.95317858 -0.05450507]"
1747093071.6806166,"[ 0.          0.25874649  0.41138938 -2.82746961 -2.23437724  1.14501093
  1.08018699  1.52699532]","[ 0.00000000e+00  2.85106042e-01  8.04890505e-02  2.68746993e-01
 -1.32551529e-04  0.00000000e+00 -1.85602774e-05  1.58729359e-04]","[ 0.          2.08105516 10.73300171  1.32481325 -4.37870693  0.58738023
 -0.96085918 -0.04649269]"
1747093071.682344,"[ 0.          0.25931542  0.41155236 -2.82693005 -2.23437751  1.14501093
  1.08018699  1.52699532]","[ 0.00000000e+00  2.91165066e-01  7.85983643e-02  2.74419043e-01
 -1.08574074e-04  0.00000000e+00 -1.85604623e-05  1.50792882e-04]","[ 0.          2.05961776 10.77613544  1.32684517 -4.44296169  0.60323638
 -0.96755397 -0.04379223]"
1747093071.6846752,"[ 0.          0.25989216  0.41170849 -2.82636812 -2.23437751  1.14501093
  1.08018699  1.52699638]","[ 0.00000000e+00  2.91975367e-01  7.91385615e-02  2.74689137e-01
 -8.03330498e-05  0.00000000e+00 -1.85464284e-05  1.61374851e-04]","[ 0.          2.02458787 10.82441807  1.30225837 -4.53806782  0.61148787
 -0.97575152 -0.03936169]"
1747093071.686496,"[ 0.          0.26049324  0.41187517 -2.82580646 -2.23437804  1.14501093
  1.08018699  1.52699638]","[ 0.00000000e+00  2.94406233e-01  8.18395312e-02  2.73337616e-01
 -6.01808047e-05  0.00000000e+00 -1.85606472e-05  1.53554302e-04]","[ 0.          1.97037482 10.83952427  1.27229166 -4.62721729  0.63545859
 -0.98561805 -0.03808706]"
1747093071.6887736,"[ 0.          0.26107413  0.412035   -2.82527516 -2.23437857  1.14501093
  1.08018699  1.52699638]","[ 0.00000000e+00  2.94676344e-01  8.10292395e-02  2.69014341e-01
 -4.01671304e-05  0.00000000e+00 -1.85604623e-05  1.53439886e-04]","[ 0.          1.85650218 10.86664867  1.20199215 -4.73252439  0.65731102
 -0.97001421 -0.06580731]"
1747093071.6905556,"[ 0.          0.26168392  0.41220214 -2.8247396  -2.23437937  1.14501093
  1.08018699  1.52699731]","[ 0.00000000e+00  2.98457700e-01  8.18275719e-02  2.71988159e-01
 -5.13361442e-05  1.05899522e-05 -1.85604623e-05  1.61496777e-04]","[ 0.          1.81566918 10.85880947  1.1328361  -4.83047915  0.68927449
 -0.94538611 -0.06288671]"
1747093071.6923375,"[ 0.          0.26227766  0.41235964 -2.82417847 -2.2343799   1.14501093
  1.08018699  1.52699731]","[ 0.00000000e+00  3.01428789e-01  7.85983643e-02  2.74419043e-01
 -5.74882227e-05  1.05820616e-05 -1.85602774e-05  1.61374851e-04]","[ 0.          1.77578056 10.84410191  1.07209027 -4.89346695  0.70963711
 -0.93189359 -0.03944941]"
1747093071.6946325,"[ 0.          0.26289711  0.41252402 -2.82363306 -2.23438044  1.14501093
  1.08018699  1.52699825]","[ 0.00000000e+00  3.03049356e-01  8.11725508e-02  2.77660210e-01
 -6.05272481e-05  1.05899522e-05 -1.85604623e-05  1.61496777e-04]","[ 0.          1.74728715 10.87427616  1.04541659 -4.90971422  0.72610343
 -0.94450343 -0.03052987]"
1747093071.696326,"[ 0.          0.26349497  0.41268567 -2.82306793 -2.23438044  1.14501093
  1.08018606  1.52699825]","[ 0.00000000e+00  3.03589578e-01  8.21096340e-02  2.75499421e-01
 -6.42408493e-05  1.05820616e-05 -2.91443860e-05  1.61374851e-04]","[ 0.          1.6932894  10.90114117  0.99738008 -4.90531111  0.69458562
 -0.9435609  -0.02416292]"
1747093071.6986632,"[ 0.          0.26412589  0.41285325 -2.82250255 -2.2343807   1.14501093
  1.08018606  1.52699825]","[ 0.00000000e+00  3.08405572e-01  8.67012899e-02  2.75845299e-01
 -6.61673174e-05  1.05820616e-05 -2.91664395e-05  1.61496777e-04]","[ 0.          1.64320898 10.88510036  0.98020697 -4.88373137  0.68491668
 -0.93944502 -0.0298217 ]"
1747093071.7009835,"[ 0.          0.26473754  0.41303784 -2.82195606 -2.23438124  1.14501093
  1.08018606  1.52699918]","[ 0.00000000e+00  3.11152290e-01  9.01211549e-02  2.77660210e-01
 -7.97028166e-05  1.05819570e-05 -2.91443860e-05  1.58729359e-04]","[ 0.          1.56449008 10.78906631  0.93372649 -4.81353378  0.69245076
 -0.90452325 -0.02533933]"
1747093071.7027838,"[ 0.          0.26535101  0.41321787 -2.82140879 -2.23438124  1.14501093
  1.08018606  1.52699918]","[ 0.00000000e+00  3.10071912e-01  9.23733403e-02  2.77660210e-01
 -8.57988612e-05  1.05820616e-05 -2.91223691e-05  1.58729359e-04]","[ 0.          1.53374791 10.68587971  0.92560238 -4.72014236  0.70563406
 -0.88162929 -0.02681229]"
1747093071.7043912,"[ 0.          0.26598699  0.41340659 -2.82084499 -2.2343807   1.14501093
  1.08018699  1.52699918]","[ 0.00000000e+00  3.10297382e-01  9.12929458e-02  2.74689137e-01
 -7.86479064e-05  1.05819570e-05 -1.85324169e-05  1.58729359e-04]","[ 0.          1.43617082 10.56027412  0.91006935 -4.69010878  0.69679183
 -0.88572776 -0.02937522]"
1747093071.7066917,"[ 0.          0.26659955  0.41358336 -2.82028653 -2.2343807   1.14501093
  1.08018699  1.52700011]","[ 0.00000000e+00  3.11152290e-01  8.88620706e-02  2.71326763e-01
 -7.76215799e-05  1.05899522e-05 -1.85324169e-05  1.69183583e-04]","[ 0.          1.39672256 10.51588058  0.89819074 -4.57791901  0.68588156
 -0.88216108 -0.04054711]"
1747093071.7078252,"[ 0.          0.26723828  0.41376705 -2.81975336 -2.2343807   1.14501093
  1.08018699  1.52700011]","[ 0.00000000e+00  3.12708275e-01  8.95243405e-02  2.70637670e-01
 -7.76205477e-05  1.05819570e-05 -1.85325998e-05  1.58730919e-04]","[ 0.          1.3704735  10.48920441  0.87530553 -4.49672508  0.64585763
 -0.86636966 -0.01473061]"
1747093071.7095218,"[ 0.          0.26754686  0.4138543  -2.81948518 -2.2343807   1.14501093
  1.08018699  1.52700104]","[ 0.00000000e+00  3.13042968e-01  8.85919761e-02  2.71712572e-01
 -7.66196923e-05  1.05819570e-05 -1.85324169e-05  1.69311312e-04]","[ 0.          1.29912674 10.50391579  0.8287254  -4.44190598  0.63956439
 -0.87611467 -0.03373501]"
1747093071.7112036,"[ 0.          0.26818696  0.4140288  -2.81892352 -2.2343807   1.14501093
  1.08018699  1.52700104]","[ 0.00000000e+00  3.13165707e-01  8.94022679e-02  2.75093006e-01
 -7.56443080e-05  1.05899522e-05 -1.85184257e-05  1.69311312e-04]","[ 0.          1.31358778 10.48090744  0.81138098 -4.40102768  0.63307637
 -0.8896538  -0.03909381]"
1747093071.712895,"[ 0.          0.2688055   0.4142074  -2.81837944 -2.2343807   1.14501093
  1.08018699  1.52700197]","[ 0.00000000e+00  3.13853268e-01  8.64337337e-02  2.76579815e-01
 -7.55701624e-05  0.00000000e+00 -1.85324169e-05  1.69312986e-04]","[ 0.          1.27755475 10.45156097  0.80043554 -4.40054607  0.64408815
 -0.90739459 -0.04213304]"
1747093071.7146306,"[ 0.          0.26911546  0.41429189 -2.81810593 -2.2343807   1.14501093
  1.08018699  1.52700197]","[ 0.00000000e+00  3.14393457e-01  8.56209037e-02  2.77109052e-01
 -7.46211512e-05  0.00000000e+00 -1.85324169e-05  1.69439236e-04]","[ 0.          1.34537721 10.44672394  0.84004956 -4.40985537  0.62810844
 -0.88886201 -0.04052906]"
1747093071.7163458,"[ 0.          0.26976246  0.41446044 -2.81754374 -2.2343807   1.14501093
  1.08018699  1.52700197]","[ 0.00000000e+00  3.15968251e-01  8.48106036e-02  2.73338648e-01
 -6.78374131e-05  0.00000000e+00 -1.85184257e-05  1.69311312e-04]","[ 0.          1.31785309 10.49258995  0.81626844 -4.43474245  0.65241426
 -0.91770756 -0.05051111]"
1747093071.7186186,"[ 0.          0.27038648  0.41463078 -2.81698634 -2.23438124  1.14501093
  1.08018699  1.52700197]","[ 0.00000000e+00  3.15963690e-01  8.29199257e-02  2.72334553e-01
 -7.36947583e-05  0.00000000e+00 -1.85324169e-05  1.69439236e-04]","[ 0.          1.30151379 10.57301617  0.81628096 -4.51448488  0.66202521
 -0.9399817  -0.05312076]"
1747093071.7203171,"[ 0.          0.27103212  0.41480022 -2.81644812 -2.23438177  1.14501093
  1.08018606  1.52700304]","[ 0.00000000e+00  3.15203757e-01  8.30043562e-02  2.72791868e-01
 -7.94094446e-05  0.00000000e+00 -2.91003827e-05  1.69312986e-04]","[ 0.          1.33991706 10.66280842  0.86694187 -4.64112234  0.68052906
 -0.94443947 -0.04292239]"
1747093071.7226582,"[ 0.          0.2716534   0.41496094 -2.81590989 -2.23438257  1.14501093
  1.08018606  1.52700304]","[ 0.00000000e+00  3.15743946e-01  8.10292395e-02  2.73338648e-01
 -8.71189254e-05  0.00000000e+00 -2.91223691e-05  1.69439236e-04]","[ 0.          1.37163723 10.73476791  0.92187768 -4.81680393  0.70360178
 -0.94659764 -0.03311614]"
1747093071.7242877,"[ 0.          0.27230176  0.4151212  -2.81535356 -2.23438417  1.14501093
  1.08018606  1.52700397]","[ 0.00000000e+00  3.16554246e-01  8.21096340e-02  2.71447970e-01
 -1.03992800e-04  0.00000000e+00 -2.91003827e-05  1.79893264e-04]","[ 0.          1.39576232 10.88178635  0.94048589 -4.93987083  0.72674948
 -0.96092629 -0.03365701]"
1747093071.7266195,"[ 0.          0.27292811  0.41529247 -2.81482066 -2.23438576  1.14501093
  1.08018606  1.52700397]","[ 0.00000000e+00  3.18174813e-01  8.36453791e-02  2.70363465e-01
 -1.19992702e-04  0.00000000e+00 -2.91226556e-05  1.69311312e-04]","[ 0.          1.39748359 10.94692993  0.96687037 -5.05010557  0.71713287
 -0.97367412 -0.02962756]"
1747093071.7277193,"[ 0.          0.27324173  0.4153756  -2.81455354 -2.23438736  1.14501093
  1.08018506  1.5270049 ]","[ 0.00000000e+00  3.18174813e-01  8.42704147e-02  2.70907765e-01
 -1.36893730e-04  0.00000000e+00 -3.70368514e-05  1.80030974e-04]","[ 0.          1.40072298 10.98702908  0.99381334 -5.08673382  0.71491581
 -0.99536455 -0.03430349]"
1747093071.729472,"[ 0.          0.27389057  0.41555466 -2.81399241 -2.23439056  1.14501093
  1.08018506  1.5270049 ]","[ 0.00000000e+00  3.16554246e-01  8.82704993e-02  2.75229326e-01
 -1.69576929e-04  0.00000000e+00 -3.70648338e-05  1.79893264e-04]","[ 0.          1.41965222 11.01943493  0.99618477 -5.16176224  0.75386471
 -1.01962233 -0.03312565]"
1747093071.7317038,"[ 0.          0.27451736  0.41572917 -2.81344513 -2.23439508  1.14501186
  1.08018506  1.52700584]","[ 0.00000000e+00  3.17852437e-01  8.79625630e-02  2.77390115e-01
 -2.15228441e-04  1.05899522e-05 -3.70368514e-05  1.90619136e-04]","[ 0.          1.46145892 11.01487446  1.0160172  -5.24056149  0.77608669
 -1.0066973  -0.02165305]"
1747093071.733466,"[ 0.          0.27517125  0.41591239 -2.81287788 -2.23440094  1.14501186
  1.08018506  1.52700584]","[ 0.00000000e+00  3.20065524e-01  8.99411835e-02  2.76299584e-01
 -3.58389670e-04  1.05820616e-05 -3.70644640e-05  1.79895052e-04]","[ 0.          1.45638001 10.9717598   1.02297556 -5.21537638  0.77075225
 -0.99379081 -0.02219342]"
1747093071.7351737,"[ 0.          0.27579849  0.41609146 -2.81233886 -2.2344084   1.14501186
  1.08018506  1.52700677]","[ 0.00000000e+00  3.18174813e-01  9.07527485e-02  2.72528348e-01
 -8.44501775e-04  1.05900569e-05 -3.70372172e-05  1.90619136e-04]","[ 0.          1.45677912 10.97131538  0.99548912 -5.12928963  0.74556929
 -0.99212623 -0.01159815]"
1747093071.7386408,"[ 0.          0.27644964  0.4162834  -2.81178652 -2.23441612  1.14501186
  1.08018506  1.5270077 ]","[ 0.00000000e+00  3.18497854e-01  9.56145072e-02  2.70097482e-01
 -2.76000315e-03  1.05819570e-05 -3.70368514e-05  1.98413661e-04]","[ 0.          1.47258806 10.92775154  0.97711158 -5.06386948  0.7170822
 -0.98477888 -0.01381673]"
1747093071.74027,"[ 0.          0.27741898  0.4165672  -2.81098144 -2.23442997  1.14501186
  1.08018506  1.5270077 ]","[ 0.00000000e+00  3.19795413e-01  9.58846017e-02  2.71988159e-01
 -4.43749789e-03  1.05899522e-05 -3.70372172e-05  1.90475217e-04]","[ 0.          1.4675262  10.75914097  0.91248727 -4.88234472  0.65712339
 -0.97514296 -0.02443647]"
1747093071.742547,"[ 0.          0.27805036  0.41676464 -2.81042271 -2.23444009  1.14501186
  1.08018506  1.52700877]","[ 0.00000000e+00  3.19795413e-01  9.58846017e-02  2.72798443e-01
 -4.95011323e-03  1.05819570e-05 -3.70648338e-05  2.01057187e-04]","[ 0.          1.48489714 10.634202    0.90881366 -4.73858738  0.6519627
 -0.96523845 -0.042873  ]"
1747093071.7442992,"[ 0.          0.27870242  0.41695106 -2.80988582 -2.23445154  1.14501186
  1.08018506  1.52700877]","[ 0.00000000e+00  3.17723640e-01  9.38986908e-02  2.70903104e-01
 -5.44039494e-03  1.05899522e-05 -2.91003827e-05  1.90475217e-04]","[ 0.          1.45773196 10.4659462   0.86641836 -4.65651178  0.65346664
 -0.93627942 -0.04878661]"
1747093071.7460742,"[ 0.          0.27901421  0.41705256 -2.80959793 -2.23445793  1.14501186
  1.08018506  1.5270097 ]","[ 0.00000000e+00  3.16284135e-01  9.55427850e-02  2.71080704e-01
 -5.88107424e-03  1.05819570e-05 -2.91006692e-05  1.98413661e-04]","[ 0.          1.47599971 10.45035172  0.86146277 -4.58756304  0.64882255
 -0.92281455 -0.05009443]"
1747093071.7472863,"[ 0.          0.27963734  0.41723808 -2.80905838 -2.23447232  1.14501186
  1.08018506  1.5270097 ]","[ 0.00000000e+00  3.15743946e-01  9.37238210e-02  2.74419043e-01
 -7.01857952e-03  1.05819570e-05 -2.91003827e-05  1.98561611e-04]","[ 0.          1.48487854 10.3729496   0.79721808 -4.48753595  0.64864987
 -0.92047483 -0.03923998]"
1747093071.7496922,"[ 0.          0.28028386  0.41742956 -2.80849458 -2.23448883  1.14501093
  1.08018506  1.52701063]","[ 0.00000000e+00  3.15203757e-01  9.32858641e-02  2.75343776e-01
 -8.37302164e-03  0.00000000e+00 -2.91003827e-05  2.06348155e-04]","[ 0.          1.48439896 10.35100746  0.78471589 -4.414083    0.61363345
 -0.91330975 -0.04259013]"
1747093071.750861,"[ 0.          0.28090284  0.41760816 -2.80791268 -2.2345104   1.14501093
  1.08018506  1.52701063]","[ 0.00000000e+00  3.12502779e-01  8.94930317e-02  2.73338648e-01
 -1.12845802e-02  0.00000000e+00 -2.91226556e-05  1.98563561e-04]","[ 0.          1.48945653 10.31812954  0.73288637 -4.36881685  0.615435
 -0.89938354 -0.04602901]"
1747093071.7525892,"[ 0.          0.28123394  0.41769495 -2.80762426 -2.23452318  1.14501093
  1.08018506  1.52701156]","[ 0.00000000e+00  3.11705196e-01  8.79625630e-02  2.71326763e-01
 -1.29646791e-02  0.00000000e+00 -2.91003827e-05  2.06348155e-04]","[ 0.          1.44265664 10.28375912  0.72893888 -4.36210775  0.60594052
 -0.89663249 -0.04636109]"
1747093071.754429,"[ 0.          0.28184603  0.41786992 -2.80709669 -2.23455407  1.14501093
  1.08018506  1.52701249]","[ 0.00000000e+00  3.10297382e-01  8.42704147e-02  2.66856298e-01
 -1.60491814e-02  0.00000000e+00 -2.91003827e-05  2.16930124e-04]","[ 0.          1.40614116 10.32324409  0.73940325 -4.3479948   0.62662172
 -0.88375962 -0.04867016]"
1747093071.7561884,"[ 0.          0.28248156  0.41803064 -2.80657098 -2.23459029  1.14501093
  1.08018506  1.52701343]","[ 0.00000000e+00  3.10159297e-01  8.10292395e-02  2.65775920e-01
 -1.97171168e-02  0.00000000e+00 -2.91003827e-05  2.27683970e-04]","[ 0.          1.38501883 10.42078114  0.73391509 -4.35692167  0.6340217
 -0.87717319 -0.04794008]"
1747093071.7579389,"[ 0.          0.28278689  0.41811007 -2.80628576 -2.23461187  1.14501093
  1.08018506  1.52701343]","[ 0.00000000e+00  3.09531723e-01  8.04074995e-02  2.68573022e-01
 -2.18778954e-02  0.00000000e+00 -2.91006692e-05  2.16932270e-04]","[ 0.          1.4180342  10.47230244  0.76942062 -4.35754871  0.63267845
 -0.88769192 -0.05164146]"
1747093071.7591367,"[ 0.          0.2833935   0.41827585 -2.80575366 -2.2346614   1.14501093
  1.08018506  1.52701436]","[ 0.00000000e+00  3.06020445e-01  8.10292395e-02  2.70097482e-01
 -2.51190644e-02  0.00000000e+00 -2.90784288e-05  2.27686229e-04]","[ 0.          1.43347991 10.56009674  0.79452091 -4.39079523  0.62786973
 -0.90955901 -0.03701091]"
1747093071.761534,"[ 0.          0.28401708  0.41844343 -2.80519706 -2.23471706  1.14501093
  1.08018506  1.52701542]","[ 0.00000000e+00  3.03821606e-01  8.25028247e-02  2.72083784e-01
 -2.94406258e-02  0.00000000e+00 -2.91003827e-05  2.27512077e-04]","[ 0.          1.47614384 10.66340256  0.84521627 -4.44118547  0.64181304
 -0.92518365 -0.02600713]"
1747093071.7634497,"[ 0.          0.28461266  0.41860874 -2.8046607  -2.23478311  1.14501093
  1.08018506  1.52701636]","[ 0.00000000e+00  3.01698867e-01  8.41850271e-02  2.71177859e-01
 -3.33522061e-02  0.00000000e+00 -2.90787152e-05  2.38273920e-04]","[ 0.          1.51500404 10.76382923  0.88219458 -4.45991659  0.65392578
 -0.91884327 -0.04411732]"
1747093071.7655456,"[ 0.          0.28522981  0.41877452 -2.80410729 -2.23485794  1.14501093
  1.08018506  1.52701729]","[ 0.00000000e+00  3.01428789e-01  8.42704147e-02  2.69576101e-01
 -3.91641349e-02  0.00000000e+00 -2.91003827e-05  2.46032929e-04]","[ 0.          1.57896042 10.8380518   0.92972904 -4.46410418  0.66361481
 -0.92674011 -0.04427508]"
1747093071.7679727,"[ 0.          0.28582353  0.41895039 -2.80384098 -2.23495115  1.14501093
  1.08018506  1.52701822]","[ 0.00000000e+00  3.00044079e-01  8.67012899e-02  2.70097482e-01
 -4.76909151e-02  0.00000000e+00 -1.85044548e-05  2.53966967e-04]","[ 0.          1.6242249  10.92007828  0.88559705 -4.43242836  0.66066748
 -0.94407248 -0.03177236]"
1747093071.7696593,"[ 0.          0.28643702  0.41911984 -2.80330648 -2.23505502  1.14501093
  1.08018506  1.52701915]","[ 0.00000000e+00  2.98997889e-01  8.61610926e-02  2.70637670e-01
 -5.40194971e-02  0.00000000e+00 -1.85186086e-05  2.53966967e-04]","[ 0.          1.67413116 11.03821278  0.90124303 -4.32148218  0.64027214
 -0.95777148 -0.03014366]"
1747093071.771313,"[ 0.          0.28708996  0.419298   -2.80275467 -2.235165    1.14501093
  1.08018506  1.52702008]","[ 0.00000000e+00  2.95711782e-01  8.77689595e-02  2.69557276e-01
 -5.61802737e-02  0.00000000e+00 -1.85044548e-05  2.64551537e-04]","[ 0.          1.71940291 11.08271885  0.91721082 -4.1880908   0.6412555
 -0.96031636 -0.0437408 ]"
1747093071.773684,"[ 0.          0.28762862  0.41946881 -2.80222337 -2.23528218  1.14501093
  1.08018506  1.52702208]","[ 0.00000000e+00  2.94701878e-01  8.61610926e-02  2.68746993e-01
 -5.78595424e-02  0.00000000e+00 -1.85184257e-05  2.85712842e-04]","[ 0.          1.80847788 11.07538033  0.9312287  -4.12332726  0.60647333
 -0.95188588 -0.05130787]"
1747093071.7754247,"[ 0.          0.28825403  0.41964881 -2.80167556 -2.23540495  1.14501093
  1.08018506  1.52702301]","[ 0.00000000e+00  2.94632669e-01  8.85022110e-02  2.67666598e-01
 -6.06859677e-02  0.00000000e+00 -1.85046377e-05  2.85928704e-04]","[ 0.          1.83388615 11.00470734  0.96954489 -4.10413313  0.58541071
 -0.94878799 -0.05674079]"
1747093071.7772076,"[ 0.          0.28885188  0.41982238 -2.80111843 -2.23552426  1.14501093
  1.08018506  1.52702488]","[ 0.00000000e+00  2.90870055e-01  8.75115816e-02  2.73839156e-01
 -6.05018351e-02  0.00000000e+00 -1.85186086e-05  3.02038813e-04]","[ 0.          1.88896537 11.0003891   1.00464022 -4.11094761  0.62134659
 -0.96100754 -0.05629753]"
1747093071.7789698,"[ 0.          0.28942632  0.42000194 -2.80057434 -2.2356473   1.14501093
  1.08018506  1.52702674]","[ 0.00000000e+00  2.91435178e-01  8.77689595e-02  2.76839224e-01
 -6.01844321e-02  0.00000000e+00 -1.85044548e-05  3.22749702e-04]","[ 0.          1.89793861 10.99698448  0.99445105 -4.08691597  0.64795327
 -0.9629215  -0.03981341]"
1747093071.7807314,"[ 0.          0.28973675  0.42008643 -2.80029791 -2.23570829  1.14501093
  1.08018506  1.52702874]","[ 0.00000000e+00  2.92396013e-01  8.56209037e-02  2.80361188e-01
 -6.17896524e-02  0.00000000e+00 -1.85184257e-05  3.33835695e-04]","[ 0.          1.89865434 10.98612309  1.0331918  -4.11330414  0.67161846
 -0.97743642 -0.04622261]"
1747093071.782467,"[ 0.          0.29031715  0.42025358 -2.79972826 -2.23583186  1.14501093
  1.08018506  1.5270306 ]","[ 0.00000000e+00  2.94917427e-01  8.04209485e-02  2.77851458e-01
 -6.29327103e-02  0.00000000e+00 -1.85184257e-05  3.49732641e-04]","[ 0.          1.87374365 11.00830936  1.03827846 -4.21913242  0.68942428
 -0.97914696 -0.03145048]"
1747093071.7847722,"[ 0.          0.29092512  0.42041014 -2.79918497 -2.23595942  1.14501093
  1.08018506  1.5270334 ]","[ 0.00000000e+00  2.96909871e-01  7.96787588e-02  2.74968004e-01
 -6.21905789e-02  0.00000000e+00 -1.85184257e-05  3.75648820e-04]","[ 0.          1.87721741 11.08026028  1.02855206 -4.34989166  0.693928
 -0.99238545 -0.03187864]"
1747093071.7858953,"[ 0.          0.29150602  0.42056673 -2.79862464 -2.23608619  1.14501186
  1.08018413  1.52703726]","[ 0.00000000e+00  2.93866044e-01  7.91385615e-02  2.73080488e-01
 -6.50934910e-02  1.05979587e-05 -2.91003827e-05  4.51046415e-04]","[ 0.          1.79361236 11.13711834  0.97004443 -4.52281904  0.70302886
 -0.98052126 -0.02110084]"
1747093071.7876928,"[ 0.          0.2917953   0.42065259 -2.79835433 -2.23615144  1.14501186
  1.08018413  1.52703913]","[ 0.00000000e+00  2.93325855e-01  8.07474437e-02  2.74148932e-01
 -6.61738814e-02  1.05979587e-05 -2.91003827e-05  4.92170927e-04]","[ 0.          1.76281357 11.21374512  0.94555217 -4.59010458  0.7078231
 -0.98857975 -0.01208414]"
1747093071.7894244,"[ 0.          0.29239268  0.42082203 -2.79781185 -2.23628726  1.14501186
  1.08018413  1.52704392]","[ 0.00000000e+00  2.91460677e-01  8.67012899e-02  2.74959232e-01
 -6.64439800e-02  1.05979587e-05 -2.91006692e-05  6.30642463e-04]","[ 0.          1.70013213 11.21329021  0.88183296 -4.76796103  0.76672256
 -1.0131526  -0.01642699]"
1747093071.7917924,"[ 0.          0.29268107  0.42100436 -2.79725072 -2.23641882  1.14501186
  1.08018413  1.52705058]","[ 0.00000000e+00  2.92219179e-01  9.00258803e-02  2.73338648e-01
 -6.74559521e-02  1.05980643e-05 -2.90784288e-05  8.66598210e-04]","[ 0.00000000e+00  1.66620743e+00  1.12031765e+01  8.40759099e-01
 -4.88979053e+00  8.01085413e-01 -1.01066399e+00 -5.86210890e-03]"
1747093071.7934756,"[ 0.          0.29327938  0.42118665 -2.79671116 -2.2365597   1.14501279
  1.08018413  1.52706096]","[ 0.00000000e+00  2.92396013e-01  9.31836320e-02  2.72528348e-01
 -6.86047607e-02  1.85604623e-05 -2.91006692e-05  1.41582629e-03]","[ 0.          1.63774264 11.14351082  0.79815853 -4.93350267  0.84451187
 -0.99783838 -0.01288869]"
1747093071.7951932,"[ 0.          0.29385339  0.42137903 -2.79615376 -2.236691    1.14501279
  1.08018413  1.52707907]","[ 0.00000000e+00  2.90870055e-01  9.37874039e-02  2.73338648e-01
 -6.56336883e-02  1.85464284e-05 -2.91006692e-05  3.12064795e-03]","[ 0.          1.64364922 11.07590199  0.74611634 -4.98106623  0.84417403
 -0.99018973 -0.0199818 ]"
1747093071.7969859,"[ 0.          0.29444804  0.42157098 -2.79560968 -2.23682469  1.14501279
  1.08018413  1.52712195]","[ 0.00000000e+00  2.90084689e-01  9.83154852e-02  2.75759945e-01
 -6.57013367e-02  1.85604623e-05 -1.85186086e-05  1.17621485e-02]","[ 0.          1.61377764 10.97731781  0.69315761 -4.97555685  0.81075478
 -0.95458555 -0.02656901]"
1747093071.7987113,"[ 0.          0.29473227  0.42166832 -2.79531753 -2.2368894   1.14501279
  1.08018413  1.52715524]","[ 0.00000000e+00  2.88194011e-01  9.88556741e-02  2.75093006e-01
 -6.55671883e-02  1.85462435e-05 -1.85464284e-05  2.94406258e-02]","[ 0.          1.56777978 10.93758965  0.67895621 -4.95772409  0.79377335
 -0.9396162  -0.02704994]"
1747093071.800485,"[ 0.          0.29532922  0.42187311 -2.79477717 -2.23702256  1.14501279
  1.08018413  1.52723993]","[ 0.00000000e+00  2.91392966e-01  1.00374458e-01  2.73878837e-01
 -6.49490312e-02  1.85604623e-05 -1.85464284e-05  4.21291029e-02]","[ 0.          1.51358557 10.86112595  0.67721856 -4.85651493  0.75957584
 -0.92438567 -0.02533137]"
1747093071.803405,"[ 0.          0.29590503  0.42206965 -2.79424721 -2.23715119  1.14501279
  1.08018413  1.52732448]","[ 0.00000000e+00  2.91679556e-01  9.88556741e-02  2.66856298e-01
 -6.56336883e-02  1.85464284e-05 -1.85464284e-05  4.31718095e-02]","[ 0.          1.4853251  10.78003025  0.65217805 -4.69713879  0.75113219
 -0.91354412 -0.03232113]"
1747093071.8056939,"[ 0.          0.2967867   0.42236353 -2.79344373 -2.23735918  1.14501279
  1.08018413  1.52745777]","[ 0.00000000e+00  2.88734200e-01  9.49779784e-02  2.65236813e-01
 -6.88748552e-02  1.85604623e-05 -2.91443860e-05  4.42959881e-02]","[ 0.          1.47181189 10.64135647  0.63554555 -4.44473505  0.70607513
 -0.89151365 -0.03718592]"
1747093071.8073697,"[ 0.          0.29735515  0.42254723 -2.79289965 -2.23749634  1.14501279
  1.08018413  1.5275414 ]","[ 0.00000000e+00  2.88194011e-01  8.81874586e-02  2.65775920e-01
 -7.02253442e-02  1.85464284e-05 -2.91223691e-05  4.15950101e-02]","[ 0.          1.46938348 10.58088493  0.66235918 -4.29967976  0.72520238
 -0.88983172 -0.04633124]"
1747093071.8097186,"[ 0.          0.29794431  0.42271484 -2.792375   -2.23764281  1.14501186
  1.08018413  1.52761091]","[ 0.00000000e+00  2.87631418e-01  8.37302174e-02  2.66046015e-01
 -7.17197770e-02  1.06059783e-05 -2.91440955e-05  3.18392102e-02]","[ 0.          1.41126335 10.63095474  0.66934949 -4.19246149  0.67854261
 -0.87301898 -0.05040905]"
1747093071.8113704,"[ 0.          0.29851323  0.42287599 -2.79183278 -2.23778156  1.14501186
  1.08018413  1.52765938]","[ 0.00000000e+00  2.88734200e-01  7.72478753e-02  2.63306887e-01
 -6.98843680e-02  1.05979587e-05 -2.91443860e-05  2.21479940e-02]","[ 0.          1.42318857 10.6930685   0.711555   -4.10047293  0.63402307
 -0.87999982 -0.04704778]"
1747093071.8136697,"[ 0.          0.29910055  0.42302936 -2.79131427 -2.23792111  1.14501186
  1.08018413  1.5276908 ]","[ 0.00000000e+00  2.86323606e-01  7.78670436e-02  2.62804848e-01
 -6.83346621e-02  1.06059783e-05 -2.91443860e-05  1.24244839e-02]","[ 0.          1.40287268 10.82562828  0.76483703 -4.11212254  0.61236709
 -0.89912558 -0.05564168]"
1747093071.8153515,"[ 0.          0.29966488  0.42318412 -2.79079655 -2.238054    1.14501186
  1.08018413  1.52770026]","[ 0.00000000e+00  2.86303333e-01  7.52305391e-02  2.62534753e-01
 -6.72542717e-02  1.05979587e-05 -2.91223691e-05  1.89068235e-03]","[ 0.          1.40242016 10.99171352  0.80640858 -4.21408987  0.62580514
 -0.90729803 -0.05982516]"
1747093071.8170779,"[ 0.          0.30025034  0.42333612 -2.79025699 -2.23818982  1.14501186
  1.08018413  1.52769746]","[ 0.00000000e+00  2.86126798e-01  7.77880725e-02  2.62808393e-01
 -6.61738814e-02  1.06059783e-05 -2.91443860e-05 -1.29973691e-03]","[ 0.          1.41071188 11.15760803  0.84438682 -4.3509717   0.68076634
 -0.93713731 -0.02517003]"
1747093071.8187923,"[ 0.          0.30053137  0.42341462 -2.78999787 -2.2382564   1.14501186
  1.08018413  1.52769653]","[ 0.00000000e+00  2.84952844e-01  7.96787588e-02  2.62804848e-01
 -6.75243704e-02  1.05979587e-05 -2.91443860e-05 -1.22847629e-03]","[ 0.          1.3858763  11.24600506  0.80240309 -4.4277215   0.70465326
 -0.94030917 -0.02847637]"
1747093071.8205252,"[ 0.          0.30109436  0.42357717 -2.78946603 -2.23839728  1.14501279
  1.08018413  1.52769839]","[ 0.00000000e+00  2.85493033e-01  7.94936025e-02  2.59043815e-01
 -6.92120946e-02  1.85464284e-05 -1.85462435e-05  3.51108921e-04]","[ 0.          1.43300903 11.41360569  0.86940151 -4.57720852  0.77176481
 -0.9835577  -0.0481384 ]"
1747093071.822875,"[ 0.          0.30167477  0.42374159 -2.7889587  -2.23853204  1.14501279
  1.08018413  1.52770225]","[ 0.00000000e+00  2.82792055e-01  8.48106036e-02  2.56332617e-01
 -6.77257761e-02  1.85606472e-05 -1.85466133e-05  9.57397699e-04]","[ 0.          1.44930887 11.507411    0.91237146 -4.75744152  0.78576642
 -1.02204669 -0.04441069]"
1747093071.824523,"[ 0.          0.30223037  0.42391193 -2.78843699 -2.2386636   1.14501279
  1.0801832   1.52770412]","[ 0.00000000e+00  2.81171488e-01  8.67012899e-02  2.55282300e-01
 -6.64439800e-02  1.85464284e-05 -2.91443860e-05  9.43714019e-04]","[ 0.          1.48099244 11.68768597  0.95549387 -4.90447283  0.79849756
 -1.05171096 -0.05426673]"
1747093071.826817,"[ 0.          0.30280528  0.42409699 -2.78792699 -2.23879915  1.14501279
  1.0801832   1.52770505]","[ 0.00000000e+00  2.81171488e-01  9.20099187e-02  2.60373964e-01
 -6.56336883e-02  1.85464284e-05 -2.91443860e-05  1.05983278e-03]","[ 0.          1.54741049 11.72123051  0.98221278 -5.05121756  0.80246502
 -1.05571413 -0.03962707]"
1747093071.8285513,"[ 0.          0.30336551  0.42429306 -2.7873893  -2.23892592  1.14501279
  1.0801832   1.52770598]","[ 0.00000000e+00  2.84682733e-01  9.62950864e-02  2.63059180e-01
 -6.37430062e-02  1.85462435e-05 -1.85462435e-05  1.05309530e-03]","[ 0.          1.58186913 11.72962666  1.00860298 -5.13883781  0.80256128
 -1.0749526  -0.03490378]"
1747093071.8320422,"[ 0.          0.3039551   0.42448774 -2.78686359 -2.23905482  1.14501279
  1.08018227  1.52770691]","[ 0.00000000e+00  2.89274389e-01  1.00206163e-01  2.67666598e-01
 -6.36784204e-02  1.06059783e-05 -2.64948971e-05  8.51020148e-04]","[ 0.          1.56799507 11.70638275  0.95374835 -5.19895935  0.82206446
 -1.07636797 -0.03195973]"
1747093071.8324618,"[ 0.          0.30452265  0.42468291 -2.78634055 -2.23918798  1.14501279
  1.08018227  1.52770785]","[ 0.00000000e+00  2.87092527e-01  9.83154852e-02  2.64425431e-01
 -6.39459557e-02  1.05979587e-05 -2.64948971e-05  5.54330284e-04]","[ 0.          1.53675115 11.60612965  0.94112694 -5.22651243  0.83482563
 -1.07026267 -0.03216146]"
1747093071.8347962,"[ 0.          0.30511411  0.42490103 -2.78579913 -2.23931714  1.14501279
  1.08018227  1.52770891]","[ 0.00000000e+00  2.89027347e-01  9.96930219e-02  2.65234633e-01
 -6.55671883e-02  1.05980643e-05 -2.64948971e-05  5.29025247e-04]","[ 0.          1.51075673 11.50072289  0.89898258 -5.20565462  0.82091945
 -1.06361294 -0.03023339]"
1747093071.8364964,"[ 0.          0.30568855  0.42510582 -2.78527555 -2.23945083  1.14501279
  1.08018227  1.52770984]","[ 0.00000000e+00  2.91975367e-01  9.98136964e-02  2.66046015e-01
 -6.91449538e-02  1.05979587e-05 -2.64948971e-05  5.32632218e-04]","[ 0.          1.46114397 11.37120056  0.86193264 -5.14778328  0.80091959
 -1.04020405 -0.01550337]"
1747093071.8388033,"[ 0.          0.30628916  0.42530879 -2.7847296  -2.23959304  1.14501279
  1.08018227  1.52770984]","[ 0.00000000e+00  2.93900632e-01  1.02907141e-01  2.66856298e-01
 -6.94150525e-02  1.06059783e-05 -2.64948971e-05  3.97420812e-04]","[ 0.          1.41530848 11.29306412  0.80952489 -5.005548    0.79106796
 -1.03497171 -0.0296664 ]"
1747093071.8404264,"[ 0.          0.30686726  0.42551678 -2.78418445 -2.23973499  1.14501279
  1.08018227  1.52771077]","[ 0.00000000e+00  2.92785667e-01  1.00714086e-01  2.65062259e-01
 -6.92120946e-02  1.05979587e-05 -2.64946330e-05  4.49030839e-04]","[ 0.          1.36173594 11.12351227  0.74101681 -4.83755684  0.74376035
 -0.99973273 -0.03012825]"
1747093071.8426938,"[ 0.          0.30746651  0.42571838 -2.78366327 -2.2398764   1.14501279
  1.08018227  1.52771077]","[ 0.00000000e+00  2.93148323e-01  1.02366944e-01  2.64155337e-01
 -7.26562194e-02  1.06059783e-05 -2.64948971e-05  3.41576872e-04]","[ 0.          1.33770442 10.99493599  0.72208661 -4.62792158  0.72953314
 -0.96917814 -0.03054089]"
1747093071.8444083,"[ 0.          0.30804418  0.42592088 -2.78314076 -2.24002341  1.14501279
  1.08018227  1.52771171]","[ 0.00000000e+00  2.92785667e-01  1.02907141e-01  2.65505826e-01
 -7.17197770e-02  1.05819570e-05 -2.64948971e-05  3.90076865e-04]","[ 0.          1.26015508 10.83570862  0.63051468 -4.46194124  0.70479184
 -0.9358815  -0.02970143]"
1747093071.846707,"[ 0.          0.30864985  0.426139   -2.78259028 -2.24016669  1.14501279
  1.08018227  1.52771171]","[ 0.00000000e+00  2.95878961e-01  1.06958600e-01  2.70363465e-01
 -7.31964166e-02  1.06059783e-05 -2.64948971e-05  2.46981030e-04]","[ 0.          1.20457971 10.7306118   0.53310597 -4.26956367  0.70640099
 -0.91490728 -0.0372763 ]"
1747093071.8484523,"[ 0.          0.30923531  0.42635345 -2.78203635 -2.24031822  1.14501279
  1.0801832   1.52771264]","[ 0.00000000e+00  2.97647434e-01  1.09389475e-01  2.70074096e-01
 -7.44081716e-02  1.85186086e-05 -1.85604623e-05  2.99474610e-04]","[ 0.          1.10375869 10.57782459  0.45736173 -4.18608761  0.69734699
 -0.8789739  -0.03180935]"
1747093071.8506768,"[ 0.          0.30983825  0.42657799 -2.78150931 -2.24046336  1.14501279
  1.0801832   1.52771264]","[ 0.00000000e+00  2.94402172e-01  1.08833515e-01  2.66046015e-01
 -7.42768028e-02  1.85324169e-05 -1.85464284e-05  2.31824012e-04]","[ 0.          1.03376758 10.48406506  0.39029908 -4.11582279  0.69800657
 -0.85107028 -0.01615468]"
1747093071.8523827,"[ 0.          0.31041223  0.42679427 -2.78099372 -2.2406157   1.14501279
  1.0801832   1.52771357]","[ 0.00000000e+00  2.89790775e-01  1.09389475e-01  2.59833775e-01
 -7.44782294e-02  1.85184257e-05 -1.85464284e-05  2.65490129e-04]","[ 0.00000000e+00  1.01640165e+00  1.04257994e+01  3.40397269e-01
 -4.10625982e+00  6.83452606e-01 -8.30589950e-01 -1.14196097e-03]"
1747093071.8540978,"[ 0.          0.31100918  0.42701102 -2.78046748 -2.24076217  1.14501279
  1.0801832   1.52771357]","[ 0.00000000e+00  2.91165066e-01  1.04570452e-01  2.56872273e-01
 -7.39317237e-02  1.85325998e-05 -1.85464284e-05  2.03939704e-04]","[ 0.          0.99251157 10.44018745  0.31586576 -4.1253376   0.70462513
 -0.83225232 -0.02748241]"
1747093071.8564441,"[ 0.          0.31158179  0.42711385 -2.77993831 -2.24091184  1.14501279
  1.0801832   1.52771357]","[ 0.00000000e+00  2.90084689e-01  1.04257622e-01  2.58793045e-01
 -7.29736182e-02  1.85184257e-05 -1.85464284e-05  1.94259656e-04]","[ 0.          0.99581939 10.50415802  0.28217903 -4.17136335  0.72208697
 -0.86027122 -0.04032704]"
1747093071.858716,"[ 0.          0.31217504  0.42731362 -2.77943204 -2.24105432  1.14501279
  1.0801832   1.5277145 ]","[ 0.00000000e+00  2.88613492e-01  1.01016455e-01  2.56862703e-01
 -7.13057304e-02  1.85324169e-05 -1.85466133e-05  2.48777298e-04]","[ 0.          0.98850286 10.61526966  0.24481238 -4.3004241   0.73882115
 -0.88023669 -0.02254421]"
1747093071.8610516,"[ 0.          0.31273987  0.42751931 -2.77892604 -2.24118881  1.14501373
  1.0801832   1.5277145 ]","[ 0.00000000e+00  2.86843522e-01  1.00476258e-01  2.56052403e-01
 -6.75929218e-02  2.64548924e-05 -1.85464284e-05  1.84074333e-04]","[ 0.          0.98937356 10.77466011  0.23096348 -4.47562122  0.74655861
 -0.90937614 -0.0435915 ]"
1747093071.8628523,"[ 0.          0.31332716  0.42771356 -2.77840699 -2.24132569  1.14501373
  1.0801832   1.5277145 ]","[ 0.00000000e+00  2.87383711e-01  9.77752879e-02  2.52811236e-01
 -6.72542717e-02  2.64546283e-05 -1.85464284e-05  1.75529656e-04]","[ 0.00000000e+00  9.91922796e-01  1.09389935e+01  2.45177582e-01
 -4.74335384e+00  8.01433980e-01 -9.23762202e-01 -6.63827965e-03]"
1747093071.8645635,"[ 0.          0.31389152  0.4279133  -2.77790738 -2.24145646  1.14501373
  1.0801832   1.52771557]","[ 0.00000000e+00  2.86013248e-01  9.68667505e-02  2.54431819e-01
 -6.61738814e-02  2.64548924e-05 -1.85184257e-05  2.15669674e-04]","[ 0.00000000e+00  1.01612222e+00  1.11454973e+01  2.82301962e-01
 -4.93758678e+00  8.17896605e-01 -9.42921221e-01 -6.77550631e-03]"
1747093071.8663013,"[ 0.          0.31447558  0.42809882 -2.77738487 -2.24159574  1.14501466
  1.08018227  1.52771557]","[ 0.00000000e+00  2.84103928e-01  9.39939238e-02  2.54983510e-01
 -6.90748961e-02  3.70648338e-05 -2.64551545e-05  2.05834947e-04]","[ 0.          1.01215279 11.38646793  0.32734829 -5.1215682   0.89579225
 -0.97564757  0.01556735]"
1747093071.868052,"[ 0.          0.31475342  0.42819939 -2.77713373 -2.24166631  1.14501572
  1.08018227  1.52771557]","[ 0.00000000e+00  2.81711677e-01  9.47904752e-02  2.54701914e-01
 -7.15758332e-02  4.76192757e-05 -2.64748795e-05  1.60093855e-04]","[ 0.00000000e+00  9.69988883e-01  1.14947004e+01  3.29954773e-01
 -5.20272923e+00  9.13163781e-01 -1.00323665e+00 -2.18851701e-03]"
1747093071.870327,"[ 0.          0.31560014  0.42849693 -2.77636994 -2.24189321  1.14501572
  1.08018127  1.52771557]","[ 0.00000000e+00  2.77339532e-01  1.00307380e-01  2.49299974e-01
 -7.53571974e-02  4.76547840e-05 -3.70368514e-05  1.53584845e-04]","[ 0.00000000e+00  1.15129697e+00  1.18866024e+01  4.37241048e-01
 -5.33395338e+00  9.52519476e-01 -1.05660987e+00  4.64491732e-03]"
1747093071.871529,"[ 0.          0.31587244  0.42860026 -2.77612679 -2.2419803   1.14501572
  1.08018127  1.52771557]","[ 0.00000000e+00  2.76039626e-01  1.04797819e-01  2.46598996e-01
 -7.65249269e-02  4.76188043e-05 -3.70651995e-05  1.47590278e-04]","[ 0.00000000e+00  1.13378465e+00  1.19694691e+01  4.82551157e-01
 -5.34475183e+00  9.48885024e-01 -1.06003726e+00  1.05061494e-02]"
1747093071.8738885,"[ 0.          0.31641613  0.42881654 -2.77562479 -2.24214169  1.14501572
  1.08018127  1.5277165 ]","[ 0.00000000e+00  2.75769515e-01  1.10739964e-01  2.44519767e-01
 -7.91385615e-02  4.76192757e-05 -3.70372172e-05  1.82103409e-04]","[ 0.          1.18171203 12.06823063  0.59177196 -5.25276136  0.9252972
 -1.08894169  0.03510606]"
1747093071.8756373,"[ 0.          0.31698232  0.42905073 -2.77514275 -2.24229588  1.14501572
  1.08018127  1.5277165 ]","[ 0.00000000e+00  2.76039626e-01  1.15353491e-01  2.44978413e-01
 -7.83282698e-02  4.76188043e-05 -3.70648338e-05  1.41635974e-04]","[ 0.00000000e+00  1.32760012e+00  1.20853786e+01  7.02650249e-01
 -5.06102991e+00  8.84403884e-01 -1.08269501e+00 -1.69338469e-04]"
1747093071.8773863,"[ 0.          0.3175269   0.42928076 -2.77463436 -2.24245754  1.14501572
  1.08018127  1.5277165 ]","[ 0.00000000e+00  2.76579815e-01  1.17762503e-01  2.49029880e-01
 -7.96787588e-02  4.76192757e-05 -3.70368514e-05  1.36522343e-04]","[ 0.00000000e+00  1.43065166e+00  1.20495481e+01  8.20451379e-01
 -4.83045721e+00  8.46492529e-01 -1.06983364e+00 -7.65595492e-03]"
1747093071.8791807,"[ 0.          0.31782035  0.42940889 -2.77438775 -2.24253637  1.14501572
  1.08018127  1.5277165 ]","[ 0.00000000e+00  2.76346839e-01  1.20506158e-01  2.50110258e-01
 -7.99488533e-02  4.76188043e-05 -3.70372172e-05  1.36522343e-04]","[ 0.          1.50349295 12.01928139  0.86649674 -4.69868326  0.81192273
 -1.06426072 -0.01899788]"
1747093071.8809001,"[ 0.          0.31836217  0.42965134 -2.7738908  -2.24270122  1.14501572
  1.08018127  1.5277165 ]","[ 0.00000000e+00  2.74419043e-01  1.24244837e-01  2.52541141e-01
 -8.07474437e-02  4.76188043e-05 -3.70368514e-05  1.03252400e-04]","[ 0.          1.55457485 11.95268345  0.8836059  -4.44845772  0.80620903
 -1.06536019 -0.0161196 ]"
1747093071.8827868,"[ 0.          0.31892699  0.42990298 -2.77337335 -2.24286527  1.14501572
  1.08018127  1.52771743]","[ 0.00000000e+00  2.76039626e-01  1.28026201e-01  2.52541141e-01
 -8.33755593e-02  4.76188043e-05 -3.70368514e-05  1.26998625e-04]","[ 0.          1.63258505 11.85587406  0.97654843 -4.21032619  0.73495752
 -1.05544794 -0.04455444]"
1747093071.8845308,"[ 0.          0.31946744  0.43017116 -2.77287667 -2.24303145  1.14501466
  1.08018127  1.52771743]","[ 0.00000000e+00  2.74419043e-01  1.31941389e-01  2.51460747e-01
 -7.99951423e-02  3.70368514e-05 -3.70368514e-05  1.23486419e-04]","[ 0.          1.65062451 11.65847492  0.99216038 -4.0654974   0.6714927
 -1.05069137 -0.03282716]"
1747093071.8861969,"[ 0.          0.32002904  0.43043241 -2.77235895 -2.24318671  1.14501466
  1.08018127  1.52771743]","[ 0.00000000e+00  2.73338648e-01  1.33158055e-01  2.53891630e-01
 -7.83282698e-02  2.64748795e-05 -3.70368514e-05  1.19577477e-04]","[ 0.          1.72267723 11.46134281  0.99120772 -3.91174364  0.61715227
 -1.02098799 -0.02929719]"
1747093071.888505,"[ 0.          0.3205663   0.43070748 -2.77183963 -2.24326208  1.14501466
  1.08018127  1.52771743]","[ 0.00000000e+00  2.72798443e-01  1.34508543e-01  2.53526910e-01
 -7.63601355e-02  2.64548924e-05 -2.90784288e-05  1.15638782e-04]","[ 0.          1.72602618 11.29397774  0.96855801 -3.88250852  0.62530035
 -1.00572932 -0.04086485]"
1747093071.8908207,"[ 0.          0.32112743  0.43098668 -2.77134056 -2.24340722  1.14501466
  1.08018127  1.52771743]","[ 0.00000000e+00  2.74689137e-01  1.36668808e-01  2.53351425e-01
 -6.89613247e-02  2.64748795e-05 -2.91003827e-05  1.12210717e-04]","[ 0.          1.71714711 11.09588814  0.88328409 -3.88198972  0.64582157
 -0.98607087 -0.04351845]"
1747093071.8926282,"[ 0.          0.32167341  0.43125942 -2.77084228 -2.24354038  1.14501466
  1.08018127  1.52771743]","[ 0.00000000e+00  2.77930304e-01  1.39370294e-01  2.52000952e-01
 -6.71861281e-02  2.64548924e-05 -2.91226556e-05  1.09219481e-04]","[ 0.          1.69487679 11.00215149  0.82937855 -3.99629307  0.67399275
 -0.98349375 -0.02549253]"
1747093071.8950129,"[ 0.          0.32224645  0.43153033 -2.77032989 -2.24367247  1.14501466
  1.08018127  1.52771743]","[ 0.00000000e+00  2.81111434e-01  1.37749710e-01  2.50110258e-01
 -6.37430062e-02  1.85184257e-05 -2.91003827e-05  8.56221814e-05]","[ 0.          1.65006876 10.86443138  0.72705179 -4.2190547   0.7499404
 -0.99213368 -0.03145975]"
1747093071.8966858,"[ 0.          0.32279979  0.4318123  -2.76983028 -2.24379551  1.14501572
  1.08018127  1.52771743]","[ 0.00000000e+00  2.79537472e-01  1.37479616e-01  2.54960507e-01
 -6.18523200e-02  2.91003827e-05 -2.91003827e-05  8.30444791e-05]","[ 0.          1.59542632 10.88505745  0.67331225 -4.51110506  0.7671904
 -0.98923647 -0.05124406]"
1747093071.898478,"[ 0.          0.32337424  0.43209606 -2.76930484 -2.243926    1.14501572
  1.08018127  1.52771743]","[ 0.00000000e+00  2.80361188e-01  1.38674959e-01  2.57132797e-01
 -6.48233924e-02  2.91003827e-05 -2.91000901e-05  8.09583335e-05]","[ 0.          1.53726506 10.82328796  0.5514853  -4.78009558  0.82718629
 -1.00594676 -0.02440126]"
1747093071.9001682,"[ 0.          0.32392388  0.43236747 -2.76879298 -2.2440541   1.14501666
  1.08018127  1.52771836]","[ 0.00000000e+00  2.79010699e-01  1.37479616e-01  2.60373964e-01
 -6.50275403e-02  3.70372172e-05 -2.91003827e-05  1.00304686e-04]","[ 0.          1.4928149  10.88720512  0.47657555 -5.00495577  0.87098724
 -1.01023197 -0.01977433]"
1747093071.9026082,"[ 0.          0.32449786  0.43264527 -2.76826594 -2.24418913  1.14501666
  1.08018127  1.52771836]","[ 0.00000000e+00  2.79857617e-01  1.35287576e-01  2.56592608e-01
 -6.62028724e-02  3.70368514e-05 -2.91003827e-05  7.14980974e-05]","[ 0.00000000e+00  1.41421759e+00  1.08917227e+01  3.80310565e-01
 -5.17443752e+00  9.60363269e-01 -9.98554885e-01 -5.53010264e-03]"
1747093071.9043603,"[ 0.          0.32505256  0.43291112 -2.76776766 -2.24432681  1.14501759
  1.08018127  1.52771836]","[ 0.00000000e+00  2.81171488e-01  1.33968346e-01  2.51460747e-01
 -7.07655415e-02  4.76188043e-05 -2.91226556e-05  6.97929933e-05]","[ 0.00000000e+00  1.35158336e+00  1.09178133e+01  3.41608912e-01
 -5.33896112e+00  9.79440868e-01 -9.90511239e-01  4.57955146e-04]"
1747093071.9061694,"[ 0.          0.32562381  0.43318619 -2.7672566  -2.24447249  1.14501852
  1.08018127  1.52771836]","[ 0.00000000e+00  2.78854521e-01  1.33659586e-01  2.49029880e-01
 -7.09674756e-02  5.82013384e-05 -2.91006692e-05  6.96542599e-05]","[ 0.00000000e+00  1.33224297e+00  1.09143486e+01  3.18566710e-01
 -5.41457224e+00  1.00447690e+00 -1.00011456e+00 -7.34478189e-03]"
1747093071.9079072,"[ 0.          0.32589885  0.43331705 -2.76701079 -2.24454226  1.14501852
  1.08018127  1.52771836]","[ 0.00000000e+00  2.79010699e-01  1.32617857e-01  2.49299974e-01
 -7.06938358e-02  5.82447383e-05 -2.91003827e-05  6.79014077e-05]","[ 0.00000000e+00  1.36468804e+00  1.09368849e+01  3.09543639e-01
 -5.39704037e+00  1.00252080e+00 -9.90519524e-01 -2.20492063e-03]"
1747093071.9096744,"[ 0.          0.32644759  0.43357604 -2.76649973 -2.2446906   1.14501852
  1.08018127  1.52771836]","[ 0.00000000e+00  2.78470493e-01  1.30594729e-01  2.49013085e-01
 -7.34751581e-02  6.61372301e-05 -2.91003827e-05  6.62379032e-05]","[ 0.00000000e+00  1.34429288e+00  1.10301189e+01  3.12282950e-01
 -5.32725000e+00  9.73070920e-01 -9.74377513e-01  2.39986577e-03]"
1747093071.911448,"[ 0.          0.32702433  0.43384559 -2.76601024 -2.24483574  1.14501852
  1.08018127  1.52771836]","[ 0.00000000e+00  2.81711677e-01  1.32656515e-01  2.48219580e-01
 -7.37366139e-02  6.61878551e-05 -2.91003827e-05  6.46523845e-05]","[ 0.          1.36900711 11.14313221  0.314735   -5.18707657  0.95099258
 -0.99779624 -0.01323577]"
1747093071.913928,"[ 0.          0.32758133  0.4341119  -2.7655069  -2.24498301  1.14501852
  1.08018127  1.52771836]","[ 0.00000000e+00  2.83062166e-01  1.36399221e-01  2.45251553e-01
 -7.58973946e-02  6.61372301e-05 -2.91003827e-05  6.30259406e-05]","[ 0.00000000e+00  1.37080467e+00  1.12633209e+01  3.80269855e-01
 -5.00740576e+00  9.13479745e-01 -1.01028252e+00 -2.86148954e-03]"
1747093071.9156291,"[ 0.          0.32815854  0.43439753 -2.76502727 -2.2451428   1.14501852
  1.08018127  1.52771836]","[ 0.00000000e+00  2.80901377e-01  1.40179562e-01  2.42007340e-01
 -7.80581670e-02  6.61372301e-05 -2.91006692e-05  4.41976526e-05]","[ 0.          1.46338332 11.30575848  0.4541232  -4.74734879  0.8539874
 -1.00712252 -0.01453745]"
1747093071.9174132,"[ 0.          0.32873435  0.43467992 -2.76452579 -2.24529993  1.14501759
  1.08018127  1.52771836]","[ 0.00000000e+00  2.81362204e-01  1.43961950e-01  2.46273508e-01
 -7.96787588e-02  5.82013384e-05 -2.91003827e-05  4.31121552e-05]","[ 0.00000000e+00  1.44503474e+00  1.13230953e+01  5.28101504e-01
 -4.49529648e+00  8.12668741e-01 -9.99218881e-01  9.79973283e-03]"
1747093071.9207041,"[ 0.          0.32928722  0.43496738 -2.7640371  -2.24546664  1.14501759
  1.08018127  1.52771836]","[ 0.00000000e+00  2.80901377e-01  1.46662928e-01  2.48219580e-01
 -8.21096340e-02  5.82447383e-05 -2.91003827e-05  4.21510099e-05]","[ 0.          1.50136137 11.33655262  0.59829724 -4.21634245  0.7750414
 -0.9922505  -0.01443637]"
1747093071.922378,"[ 0.          0.33014362  0.43541878 -2.76329009 -2.2457058   1.14501759
  1.08018127  1.5277193 ]","[ 0.00000000e+00  2.83062166e-01  1.49904095e-01  2.45248507e-01
 -7.69859201e-02  4.76192757e-05 -2.91003827e-05  5.75507543e-05]","[ 0.          1.42391396 11.33870411  0.7624253  -3.89775658  0.72233278
 -1.00029659 -0.03458309]"
1747093071.9247756,"[ 0.          0.33070106  0.43572688 -2.76279501 -2.24585547  1.14501759
  1.08018127  1.5277193 ]","[ 0.00000000e+00  2.82251866e-01  1.50461078e-01  2.39985419e-01
 -7.53571974e-02  4.76188043e-05 -2.91003827e-05  5.63500805e-05]","[ 0.          1.45992208 11.35990524  0.83919978 -3.77533126  0.68469268
 -1.0192256  -0.0396699 ]"
1747093071.9265704,"[ 0.          0.33128422  0.43601799 -2.76232522 -2.246007    1.14501759
  1.08018034  1.5277193 ]","[ 0.00000000e+00  2.85203780e-01  1.47203117e-01  2.38496079e-01
 -7.34751581e-02  4.76188043e-05 -2.91003827e-05  5.51973377e-05]","[ 0.          1.49949515 11.39177418  0.90201753 -3.78616095  0.6743688
 -1.05085087 -0.01221875]"
1747093071.9283607,"[ 0.          0.33184811  0.43632016 -2.76179499 -2.24615587  1.14501759
  1.08018034  1.5277193 ]","[ 0.00000000e+00  2.86843522e-01  1.48403104e-01  2.42493101e-01
 -7.64375836e-02  4.76192757e-05 -2.91003827e-05  5.40085379e-05]","[ 0.          1.56107485 11.51506042  0.97117805 -3.90920448  0.68015522
 -1.04477644 -0.02008051]"
1747093071.9307373,"[ 0.          0.33244     0.43661864 -2.76131642 -2.24630634  1.14501759
  1.0801794   1.5277193 ]","[ 0.00000000e+00  2.89386807e-01  1.52334978e-01  2.43087735e-01
 -7.67076863e-02  4.76192757e-05 -2.91003827e-05  5.30288339e-05]","[ 0.          1.55235755 11.61353779  0.98173594 -4.02107096  0.73173797
 -1.10379088 -0.02257345]"
1747093071.932504,"[ 0.          0.33301032  0.43693362 -2.76081361 -2.24645894  1.14501759
  1.0801794   1.5277193 ]","[ 0.00000000e+00  2.88981308e-01  1.54225656e-01  2.46003863e-01
 -7.40067084e-02  4.76188043e-05 -2.91003827e-05  3.71216641e-05]","[ 0.          1.59119093 11.70046043  1.01663768 -4.19470263  0.76830536
 -1.11864102 -0.02210561]"
1747093071.9342546,"[ 0.          0.33360177  0.43724082 -2.76032998 -2.2466126   1.14501759
  1.0801784   1.5277193 ]","[ 0.00000000e+00  2.88613492e-01  1.56926634e-01  2.44708318e-01
 -7.47289993e-02  4.76188043e-05 -3.70368514e-05  3.63521855e-05]","[ 0.00000000e+00  1.58451784e+00  1.17233973e+01  1.03333104e+00
 -4.39411640e+00  8.37138593e-01 -1.12723029e+00 -2.42624083e-03]"
1747093071.9366274,"[ 0.          0.33416839  0.43756549 -2.75984556 -2.24675774  1.14501852
  1.08017747  1.5277193 ]","[ 0.00000000e+00  2.87383711e-01  1.59338709e-01  2.46308612e-01
 -7.29263222e-02  5.82447383e-05 -4.76192757e-05  3.57183640e-05]","[ 0.00000000e+00  1.60653627e+00  1.17379761e+01  1.09277904e+00
 -4.64879322e+00  8.51274014e-01 -1.12715745e+00 -4.01513651e-03]"
1747093071.9384313,"[ 0.          0.33473918  0.43788094 -2.75934142 -2.24690395  1.14501852
  1.08017654  1.5277193 ]","[ 0.00000000e+00  2.89544500e-01  1.60707990e-01  2.46869091e-01
 -7.45469056e-02  5.82007654e-05 -5.82007654e-05  3.50054028e-05]","[ 0.00000000e+00  1.57741058e+00  1.17447119e+01  1.06508791e+00
 -4.85378122e+00  8.91735494e-01 -1.15928161e+00 -1.07355986e-03]"
1747093071.9401665,"[ 0.          0.33533429  0.43820651 -2.7588514  -2.24705682  1.14501852
  1.08017561  1.5277193 ]","[ 0.00000000e+00  2.91165066e-01  1.58736435e-01  2.48219580e-01
 -7.45469056e-02  5.82007654e-05 -6.61378843e-05  3.43216145e-05]","[ 0.00000000e+00  1.62792468e+00  1.18292789e+01  1.07150412e+00
 -4.97046375e+00  8.92148793e-01 -1.17774034e+00 -7.59336585e-03]"
1747093071.9419527,"[ 0.          0.33562221  0.43836264 -2.75858695 -2.24712926  1.14501852
  1.08017561  1.5277193 ]","[ 0.00000000e+00  2.91975367e-01  1.58116751e-01  2.48778827e-01
 -7.34665111e-02  5.82013384e-05 -6.61378843e-05  3.43216145e-05]","[ 0.          1.64857352 11.84780121  1.08033419 -4.98963261  0.88644981
 -1.19175482 -0.0226126 ]"
1747093071.9437375,"[ 0.          0.33619483  0.43867579 -2.75834273 -2.24728265  1.14501852
  1.08017461  1.5277193 ]","[ 0.00000000e+00  2.90624878e-01  1.59357518e-01  2.47679391e-01
 -7.53571974e-02  5.82013384e-05 -7.67199429e-05  3.37554612e-05]","[ 0.          1.60314584 11.84787846  1.06012392 -5.00783777  0.9100796
 -1.19755137 -0.02848445]"
1747093071.9455404,"[ 0.          0.33678854  0.43900733 -2.7578386  -2.24743019  1.14501852
  1.08017461  1.5277193 ]","[ 0.00000000e+00  2.89251119e-01  1.62598684e-01  2.46505403e-01
 -7.42015519e-02  5.82887721e-05 -7.67191870e-05  3.31186001e-05]","[ 0.00000000e+00  1.55545020e+00  1.18392057e+01  1.01843059e+00
 -4.97572136e+00  9.13165867e-01 -1.17846906e+00 -3.62142036e-03]"
1747093071.9472623,"[ 0.          0.33738183  0.43933613 -2.7573587  -2.24757853  1.14501852
  1.08017461  1.5277193 ]","[ 0.00000000e+00  2.89386807e-01  1.67360084e-01  2.42277435e-01
 -7.18459277e-02  5.82013384e-05 -7.67199429e-05  3.25484562e-05]","[ 0.00000000e+00  1.54503381e+00  1.17781668e+01  9.60663974e-01
 -4.89684057e+00  8.95326674e-01 -1.16996014e+00 -1.14325918e-02]"
1747093071.949652,"[ 0.          0.33795351  0.43968417 -2.75686415 -2.24772021  1.14501852
  1.08017461  1.5277193 ]","[ 0.00000000e+00  2.90624878e-01  1.70971696e-01  2.41737246e-01
 -7.21160221e-02  5.82887721e-05 -8.45917913e-05  3.19976107e-05]","[ 0.          1.476843   11.69197655  0.88845408 -4.80105972  0.85752034
 -1.13093126 -0.02267601]"
1747093071.9514472,"[ 0.          0.33852153  0.44002628 -2.75638211 -2.24786349  1.14501852
  1.08017461  1.5277193 ]","[ 0.00000000e+00  2.87383711e-01  1.73672674e-01  2.45248507e-01
 -6.93447200e-02  5.82893532e-05 -8.46556558e-05  3.19970621e-05]","[ 0.          1.49746025 11.64340019  0.8320995  -4.63695574  0.86847556
 -1.10269809 -0.01237164]"
1747093071.9537857,"[ 0.          0.33915383  0.44038168 -2.75587638 -2.24799718  1.14501852
  1.08017461  1.5277193 ]","[ 0.00000000e+00  2.87383711e-01  1.72862391e-01  2.46869091e-01
 -6.75243704e-02  5.82887721e-05 -8.46564929e-05  3.14247888e-05]","[ 0.00000000e+00  1.45744932e+00  1.15597239e+01  7.19371974e-01
 -4.48693800e+00  8.42224002e-01 -1.09213448e+00  3.50927934e-03]"
1747093071.955579,"[ 0.          0.33974112  0.4407201  -2.75538609 -2.24813486  1.14501852
  1.08017461  1.5277193 ]","[ 0.00000000e+00  2.87129878e-01  1.71241807e-01  2.49570069e-01
 -6.69551780e-02  5.82887721e-05 -8.46556558e-05  3.09110222e-05]","[ 0.          1.42776644 11.54712772  0.65405405 -4.29317141  0.81539482
 -1.06603038 -0.01425144]"
1747093071.957334,"[ 0.          0.34031054  0.44106954 -2.75488142 -2.2482635   1.14501852
  1.08017461  1.5277193 ]","[ 0.00000000e+00  2.89027347e-01  1.69891318e-01  2.45000783e-01
 -6.47577163e-02  5.82887721e-05 -8.46556558e-05  3.04515399e-05]","[ 0.          1.42274857 11.50505257  0.56195378 -4.17437601  0.7625314
 -1.02950597 -0.01835085]"
1747093071.9595735,"[ 0.          0.34089967  0.44140201 -2.75440152 -2.24839585  1.14501852
  1.08017461  1.5277193 ]","[ 0.00000000e+00  2.86859767e-01  1.68000624e-01  2.42547529e-01
 -6.49490312e-02  5.82887721e-05 -8.46556558e-05  3.04132846e-05]","[ 0.          1.4117409  11.50424576  0.51972848 -4.08344603  0.72962683
 -1.01543856 -0.02775441]"
1747093071.9613104,"[ 0.          0.34146126  0.44174732 -2.75392295 -2.24852209  1.14501852
  1.08017461  1.5277193 ]","[ 0.00000000e+00  2.84394312e-01  1.69519475e-01  2.42571614e-01
 -6.34729076e-02  4.76908124e-05 -8.46556558e-05  1.70830430e-05]","[ 0.          1.38933718 11.50707912  0.48761049 -4.03127623  0.71663105
 -1.01164079 -0.04383555]"
1747093071.9636297,"[ 0.          0.3420357   0.44208254 -2.75342814 -2.24864965  1.14501852
  1.08017461  1.5277193 ]","[ 0.00000000e+00  2.79857617e-01  1.70431507e-01  2.40952662e-01
 -6.14382733e-02  4.77269018e-05 -8.46556558e-05  1.68168671e-05]","[ 0.          1.3773762  11.46856022  0.47098669 -3.99694729  0.74846464
 -1.01054704 -0.05139523]"
1747093071.965377,"[ 0.          0.34258811  0.44243242 -2.75295276 -2.24877136  1.14501852
  1.08017461  1.5277193 ]","[ 0.00000000e+00  2.79537472e-01  1.71113743e-01  2.41197040e-01
 -6.18523200e-02  3.70928568e-05 -8.47836692e-05  1.65593722e-05]","[ 0.          1.41305792 11.50072765  0.482434   -4.02116442  0.78094059
 -1.02012181 -0.04552004]"
1747093071.9676883,"[ 0.          0.34286272  0.44276351 -2.7524646  -2.24889067  1.14501852
  1.08017461  1.5277193 ]","[ 0.00000000e+00  2.78470493e-01  1.67730529e-01  2.37415685e-01
 -5.94214448e-02  2.65149452e-05 -7.68351964e-05  1.63093950e-05]","[ 0.          1.43038034 11.55241585  0.51463044 -4.13073826  0.78980362
 -1.04988647 -0.04328005]"
1747093071.9694798,"[ 0.          0.34343073  0.4431056  -2.75200042 -2.24900652  1.14501852
  1.08017461  1.5277193 ]","[ 0.00000000e+00  2.77120004e-01  1.67262562e-01  2.35525007e-01
 -5.53699820e-02  2.64948971e-05 -6.62372408e-05  1.62901902e-05]","[ 0.          1.46508193 11.63243294  0.57536876 -4.27831554  0.80367857
 -1.06618214 -0.0435977 ]"
1747093071.971245,"[ 0.          0.34397166  0.44343623 -2.75151652 -2.24911438  1.14501852
  1.08017461  1.5277193 ]","[ 0.00000000e+00  2.73061696e-01  1.67560586e-01  2.36605385e-01
 -5.48297889e-02  2.65149452e-05 -6.62372408e-05  1.60668524e-05]","[ 0.          1.50706518 11.67131901  0.59955907 -4.481143    0.80018121
 -1.06479836 -0.0456458 ]"
1747093071.9735599,"[ 0.          0.34453185  0.44378014 -2.75104354 -2.24922703  1.14501852
  1.08017368  1.5277193 ]","[ 0.00000000e+00  2.73878837e-01  1.67262562e-01  2.40116663e-01
 -5.50998833e-02  2.64946330e-05 -7.41857136e-05  1.60484562e-05]","[ 0.          1.56305361 11.73879528  0.635795   -4.64340115  0.82458538
 -1.08820319 -0.04751172]"
1747093071.9753153,"[ 0.          0.34509115  0.44411167 -2.75054846 -2.24933382  1.14501852
  1.08017368  1.5277193 ]","[ 0.00000000e+00  2.73337616e-01  1.68000624e-01  2.41740791e-01
 -5.39647609e-02  2.65152094e-05 -7.41857136e-05  1.58135572e-05]","[ 0.          1.53386986 11.77960587  0.67737532 -4.75860071  0.85053295
 -1.11558592 -0.02371855]"
1747093071.976975,"[ 0.          0.34536023  0.44428112 -2.75031197 -2.24939188  1.14501852
  1.08017275  1.5277193 ]","[ 0.00000000e+00  2.72798443e-01  1.71781996e-01  2.39846551e-01
 -5.46675233e-02  2.65149452e-05 -8.47836692e-05  1.58311824e-05]","[ 0.          1.47947717 11.82141495  0.7310431  -4.81237173  0.86551684
 -1.11567211 -0.01357021]"
1747093071.9787912,"[ 0.          0.34589702  0.44463701 -2.74984139 -2.2495032   1.14501852
  1.08017275  1.5277193 ]","[ 0.00000000e+00  2.71988159e-01  1.74930485e-01  2.36875479e-01
 -5.75307627e-02  2.64948971e-05 -8.47836692e-05  1.55852059e-05]","[ 0.          1.50930357 11.80503845  0.75446451 -4.84471893  0.90976179
 -1.13896167 -0.01811983]"
1747093071.9805262,"[ 0.          0.34644577  0.44499241 -2.74936415 -2.2496265   1.14501852
  1.08017275  1.5277193 ]","[ 0.00000000e+00  2.66566646e-01  1.73281006e-01  2.32249285e-01
 -6.11875034e-02  2.65152094e-05 -8.47828240e-05  1.53635789e-05]","[ 0.          1.52704942 11.6739912   0.78814787 -4.84554577  0.90530324
 -1.12545931 -0.01205245]"
1747093071.9822803,"[ 0.          0.34697107  0.4453345  -2.74890769 -2.24974448  1.14501852
  1.08017175  1.5277193 ]","[ 0.00000000e+00  2.65775920e-01  1.74212880e-01  2.32318311e-01
 -5.96310647e-02  2.64948971e-05 -9.53816248e-05  1.51315966e-05]","[ 0.          1.59099782 11.61616993  0.86165875 -4.78698874  0.84665072
 -1.11779833 -0.0166554 ]"
1747093071.9854252,"[ 0.          0.34751476  0.44567798 -2.74842565 -2.24986645  1.14501852
  1.08017175  1.5277193 ]","[ 0.00000000e+00  2.66817649e-01  1.73672674e-01  2.36474657e-01
 -5.94214448e-02  3.71209245e-05 -9.54538036e-05  1.49387099e-05]","[ 0.          1.65392649 11.5680151   0.90625066 -4.66882706  0.80300844
 -1.12174368 -0.03447683]"
1747093071.9870472,"[ 0.          0.3480433   0.44603384 -2.7479572  -2.24998283  1.14501852
  1.08017175  1.5277193 ]","[ 0.00000000e+00  2.68474701e-01  1.73132485e-01  2.37714774e-01
 -5.83410544e-02  3.70928568e-05 -9.53816248e-05  1.47194926e-05]","[ 0.          1.73065662 11.5021162   0.94477093 -4.51601791  0.75636965
 -1.12414575 -0.05374439]"
1747093071.9893672,"[ 0.          0.34886385  0.44655872 -2.7472275  -2.25014715  1.14501852
  1.08017081  1.5277193 ]","[ 0.00000000e+00  2.71177859e-01  1.72867467e-01  2.41197040e-01
 -5.18587164e-02  3.71209245e-05 -1.03408291e-04  1.45214491e-05]","[ 0.          1.8346287  11.30979347  0.96369618 -4.31724882  0.74981076
 -1.12660551 -0.04921669]"
1747093071.9917002,"[ 0.          0.34939974  0.44690173 -2.74675186 -2.25024862  1.14501852
  1.08017081  1.5277193 ]","[ 0.00000000e+00  2.71988159e-01  1.74212880e-01  2.41737246e-01
 -5.13185192e-02  3.70928568e-05 -1.03331130e-04  1.43288559e-05]","[ 0.          1.85450101 11.19922447  0.96558738 -4.21485853  0.73566967
 -1.11998045 -0.0486136 ]"
1747093071.993902,"[ 0.          0.35022719  0.44742981 -2.74600191 -2.25040707  1.14501852
  1.08017081  1.5277193 ]","[ 0.00000000e+00  2.74689137e-01  1.74212880e-01  2.49840163e-01
 -5.26156451e-02  3.70928568e-05 -1.03330098e-04  1.41270514e-05]","[ 0.          1.82316554 11.10386562  0.89129114 -4.16190386  0.74633884
 -1.10475218 -0.02935237]"
1747093071.9957247,"[ 0.          0.35051741  0.44760291 -2.74575504 -2.25045847  1.14501852
  1.08017081  1.5277193 ]","[ 0.00000000e+00  2.73337616e-01  1.75385486e-01  2.50380352e-01
 -5.21288109e-02  3.71209245e-05 -1.03330098e-04  1.39447119e-05]","[ 0.          1.81997836 11.05235577  0.88144118 -4.14025545  0.74757397
 -1.1062448  -0.03868663]"
1747093071.9975235,"[ 0.          0.35105786  0.44795188 -2.74524025 -2.25057006  1.14501852
  1.08017081  1.5277193 ]","[ 0.00000000e+00  2.74419043e-01  1.77454047e-01  2.50920558e-01
 -5.53699820e-02  2.65149452e-05 -1.03330098e-04  0.00000000e+00]","[ 0.          1.7563051  11.1071558   0.82119286 -4.10424232  0.74100965
 -1.08806181 -0.05990943]"
1747093071.9992452,"[ 0.          0.35159649  0.44831557 -2.7447465  -2.25068857  1.14501852
  1.08016988  1.5277193 ]","[ 0.00000000e+00  2.72528348e-01  1.77994236e-01  2.48507734e-01
 -6.15822255e-02  1.85464284e-05 -1.13929191e-04  0.00000000e+00]","[ 0.          1.72034562 11.16652584  0.79427886 -4.07915258  0.72311455
 -1.06517434 -0.05164287]"
1747093072.0010545,"[ 0.          0.35215578  0.44866867 -2.74423996 -2.25081667  1.14501852
  1.08016988  1.5277193 ]","[ 0.00000000e+00  2.73338648e-01  1.79526802e-01  2.47409280e-01
 -6.29327103e-02  1.85604623e-05 -1.13926924e-04  0.00000000e+00]","[ 0.          1.68049514 11.200737    0.72729975 -4.06757736  0.70793712
 -1.06125677 -0.03409114]"
1747093072.002769,"[ 0.          0.35242673  0.44885926 -2.74399628 -2.25087899  1.14501852
  1.08016988  1.5277193 ]","[ 0.00000000e+00  2.74689137e-01  1.79381310e-01  2.47139185e-01
 -6.32028089e-02  1.85604623e-05 -1.13928053e-04  0.00000000e+00]","[ 0.          1.65644729 11.24685764  0.70145094 -4.04147577  0.72118676
 -1.0525074  -0.04748245]"
1747093072.005046,"[ 0.          0.35299335  0.44921146 -2.74348789 -2.25100389  1.14501852
  1.08016988  1.52771836]","[ 0.00000000e+00  2.76838475e-01  1.77994236e-01  2.50110258e-01
 -6.37430062e-02  1.06059783e-05 -1.13926924e-04 -1.26280501e-05]","[ 0.          1.63774288 11.22988987  0.65529257 -4.05538321  0.72732991
 -1.04739749 -0.04873109]"
1747093072.0068386,"[ 0.          0.35354575  0.44957282 -2.74299147 -2.25113571  1.14501852
  1.08016988  1.52771836]","[ 0.00000000e+00  2.80901377e-01  1.76791769e-01  2.52285261e-01
 -6.36784204e-02  0.00000000e+00 -1.13926924e-04 -1.26165337e-05]","[ 0.          1.58759189 11.20065594  0.62359172 -4.08755302  0.76264095
 -1.04557025 -0.03607709]"
1747093072.00799,"[ 0.          0.35409816  0.44992229 -2.74247029 -2.25125689  1.14501852
  1.08016988  1.52771836]","[ 0.00000000e+00  2.79010699e-01  1.77813890e-01  2.54780760e-01
 -6.10420282e-02  0.00000000e+00 -1.13928053e-04 -1.24709022e-05]","[ 0.          1.51186967 11.22303391  0.59108686 -4.14159155  0.78665489
 -1.0442574  -0.03759751]"
1747093072.0103672,"[ 0.          0.35466941  0.45028595 -2.74196669 -2.25137993  1.14501852
  1.08016988  1.52771836]","[ 0.00000000e+00  2.78728004e-01  1.77994236e-01  2.55242119e-01
 -6.05018351e-02  0.00000000e+00 -1.13928053e-04 -1.23285938e-05]","[ 0.          1.4608227  11.25550938  0.51710558 -4.22895908  0.79455584
 -1.03919232 -0.03597474]"
1747093072.0139387,"[ 0.          0.35521582  0.45063678 -2.74144764 -2.25149897  1.14501852
  1.08016988  1.52771836]","[ 0.00000000e+00  2.77120004e-01  1.77994236e-01  2.52824918e-01
 -6.05018351e-02  0.00000000e+00 -1.13928053e-04 -1.21896359e-05]","[ 0.          1.4223398  11.33432579  0.49490306 -4.34430075  0.79761773
 -1.04433084 -0.02813916]"
1747093072.0160985,"[ 0.          0.35606164  0.4511786  -2.74069982 -2.25167394  1.14501852
  1.08016988  1.52771836]","[ 0.00000000e+00  2.79280777e-01  1.79163014e-01  2.53621536e-01
 -5.67204709e-02  0.00000000e+00 -1.13928053e-04 -1.20431460e-05]","[ 0.          1.4425832  11.40422535  0.49213287 -4.49611425  0.82061064
 -1.0576998  -0.04282893]"
1747093072.0184615,"[ 0.          0.35690749  0.45171769 -2.73993656 -2.25184784  1.14501852
  1.08016988  1.52771836]","[ 0.00000000e+00  2.78091143e-01  1.76540999e-01  2.50666326e-01
 -5.75307627e-02  1.05979587e-05 -1.13929191e-04 -1.17607418e-05]","[ 0.          1.41377115 11.54782581  0.39058524 -4.61806297  0.86508703
 -1.06729126 -0.02735046]"
1747093072.0202093,"[ 0.          0.35745804  0.45206807 -2.7394255  -2.25195943  1.14501945
  1.08016895  1.52771836]","[ 0.00000000e+00  2.78470493e-01  1.78607195e-01  2.48511546e-01
 -5.53699820e-02  1.85604623e-05 -1.21876526e-04 -1.16342238e-05]","[ 0.          1.38064122 11.63125134  0.37797627 -4.65027618  0.87294406
 -1.07702565 -0.02567657]"
1747093072.0213535,"[ 0.          0.35775608  0.4522738  -2.73918209 -2.25201749  1.14501945
  1.08016895  1.52771836]","[ 0.00000000e+00  2.80609894e-01  1.80823245e-01  2.46869091e-01
 -5.46675233e-02  1.85324169e-05 -1.21876526e-04 -1.16244486e-05]","[ 0.          1.39582264 11.65327835  0.41664091 -4.67267799  0.89192683
 -1.09865975 -0.03390016]"
1747093072.023098,"[ 0.          0.35831491  0.45264987 -2.73869526 -2.25212348  1.14501945
  1.08016895  1.52771836]","[ 0.00000000e+00  2.83854656e-01  1.83813276e-01  2.47409280e-01
 -5.40194971e-02  1.85184257e-05 -1.21876526e-04 -1.15007061e-05]","[ 0.          1.42266488 11.68722153  0.44203252 -4.71267509  0.90190548
 -1.09254837 -0.03502357]"
1747093072.0249586,"[ 0.          0.35859594  0.45283309 -2.73843054 -2.25218127  1.14501945
  1.08016895  1.52771836]","[ 0.00000000e+00  2.84952844e-01  1.85827058e-01  2.49263855e-01
 -5.44167575e-02  1.85325998e-05 -1.21877737e-04 -1.15005822e-05]","[ 0.          1.45376587 11.67667389  0.43014446 -4.73384142  0.89681363
 -1.09770763 -0.03334104]"
1747093072.0266814,"[ 0.          0.35918047  0.45321789 -2.7379336  -2.25228513  1.14501945
  1.08016895  1.52771836]","[ 0.00000000e+00  2.84872982e-01  1.89079411e-01  2.52811236e-01
 -5.18587164e-02  1.85184257e-05 -1.13928053e-04 -1.13795714e-05]","[ 0.          1.41988432 11.69626522  0.43881926 -4.71572495  0.86122936
 -1.10389352 -0.0362918 ]"
1747093072.0279026,"[ 0.          0.35946057  0.45340431 -2.73766355 -2.25233414  1.14501945
  1.08016895  1.52771836]","[ 0.00000000e+00  2.84142544e-01  1.89068225e-01  2.54279220e-01
 -4.96979357e-02  1.85184257e-05 -1.13928053e-04 -1.13794495e-05]","[ 0.          1.40231442 11.68848228  0.48946914 -4.70264912  0.85319221
 -1.10415959 -0.03557589]"
1747093072.0296755,"[ 0.          0.3600419   0.45377808 -2.73715942 -2.25242895  1.14501945
  1.08016895  1.52771836]","[ 0.00000000e+00  2.83352317e-01  1.89068225e-01  2.55242119e-01
 -4.46367853e-02  1.85324169e-05 -1.13756038e-04 -1.12518028e-05]","[ 0.          1.3819772  11.63040638  0.54090953 -4.64690733  0.83445644
 -1.08624399 -0.02552328]"
1747093072.0308962,"[ 0.          0.36032157  0.45397692 -2.73666114 -2.25251417  1.14501945
  1.08016895  1.52771836]","[ 0.00000000e+00  2.83602355e-01  1.87324038e-01  2.51205965e-01
 -4.26321615e-02  1.85186086e-05 -1.03330098e-04 -1.11358279e-05]","[ 0.          1.44696283 11.6434927   0.59547132 -4.55273914  0.81088698
 -1.096861   -0.02754047]"
1747093072.0326056,"[ 0.          0.36088359  0.45434334 -2.73639562 -2.25255545  1.14501945
  1.08016895  1.52771836]","[ 0.00000000e+00  2.85493033e-01  1.85827058e-01  2.50016148e-01
 -4.18651087e-02  1.85324169e-05 -1.03174077e-04 -1.11445658e-05]","[ 0.          1.44822764 11.67864799  0.59964168 -4.53032875  0.80461067
 -1.10277629 -0.02981373]"
1747093072.0344303,"[ 0.          0.36147046  0.45472447 -2.7359048  -2.2526396   1.14501945
  1.08016795  1.52771836]","[ 0.00000000e+00  2.87631418e-01  1.86320958e-01  2.48219580e-01
 -4.01229520e-02  1.85184257e-05 -1.03174077e-04 -1.10221053e-05]","[ 0.          1.44495904 11.70067406  0.63727653 -4.47118425  0.76072162
 -1.08845258 -0.0118178 ]"
1747093072.036184,"[ 0.          0.36175332  0.45490906 -2.73565819 -2.25267875  1.14501945
  1.08016795  1.52771836]","[ 0.00000000e+00  2.86843522e-01  1.86987897e-01  2.49856858e-01
 -3.97043280e-02  1.05819570e-05 -9.52376087e-05 -1.10222191e-05]","[ 0.          1.4202584  11.67204475  0.66135234 -4.44532967  0.76848692
 -1.08845258 -0.0367638 ]"
1747093072.037409,"[ 0.          0.3623195   0.45509458 -2.73514367 -2.25275305  1.14501945
  1.08016795  1.52771836]","[ 0.00000000e+00  2.88194011e-01  1.88257942e-01  2.51986421e-01
 -3.72734528e-02  1.05898466e-05 -8.46564929e-05 -1.09109053e-05]","[ 0.          1.40101767 11.66878128  0.69032371 -4.37058496  0.77229011
 -1.0827198  -0.04841536]"
1747093072.039103,"[ 0.          0.36291003  0.45548261 -2.73464726 -2.25283295  1.14501945
  1.08016795  1.52771836]","[ 0.00000000e+00  2.87923900e-01  1.89831720e-01  2.52271047e-01
 -3.99744266e-02  1.05820616e-05 -7.67191870e-05 -1.08017076e-05]","[ 0.          1.39604461 11.70407963  0.66952413 -4.32413769  0.77125263
 -1.07500041 -0.0605093 ]"
1747093072.0408719,"[ 0.          0.36319655  0.45567086 -2.73437934 -2.25287343  1.14501945
  1.08016795  1.52771836]","[ 0.00000000e+00  2.90624878e-01  1.90958920e-01  2.52273077e-01
 -4.10548170e-02  1.05820616e-05 -7.67191870e-05 -1.06947815e-05]","[ 0.          1.41506004 11.6855011   0.64518857 -4.29153728  0.77257633
 -1.06908786 -0.05986716]"
1747093072.0425062,"[ 0.          0.36379073  0.45606118 -2.73388479 -2.25296477  1.14501945
  1.08016795  1.52771836]","[ 0.00000000e+00  2.90624878e-01  1.90512657e-01  2.50650463e-01
 -4.53890909e-02  1.05819570e-05 -6.61372301e-05 -1.06866277e-05]","[ 0.          1.37995803 11.67381096  0.63534951 -4.2094841   0.7701267
 -1.05523896 -0.04690983]"
1747093072.044191,"[ 0.          0.36436335  0.45643452 -2.7333716  -2.25305825  1.14501945
  1.08016795  1.52771836]","[ 0.00000000e+00  2.90084689e-01  1.89068225e-01  2.51284146e-01
 -4.72670564e-02  1.05819570e-05 -6.61378843e-05 -1.05820616e-05]","[ 0.          1.40235269 11.72176647  0.63856244 -4.11642981  0.7524426
 -1.06051946 -0.05008723]"
1747093072.046005,"[ 0.          0.36464944  0.45662277 -2.73312047 -2.25310992  1.14501945
  1.08016795  1.52771836]","[ 0.00000000e+00  2.90084689e-01  1.90958920e-01  2.54701914e-01
 -4.86490830e-02  1.05900569e-05 -6.61372301e-05 -1.05819570e-05]","[ 0.          1.39701521 11.73568726  0.65967417 -4.09133101  0.74874055
 -1.04272139 -0.06885072]"
1747093072.047786,"[ 0.          0.36524269  0.45701216 -2.73261473 -2.25320845  1.14501945
  1.08016795  1.52771836]","[ 0.00000000e+00  2.89274389e-01  1.90148620e-01  2.56322497e-01
 -5.07783261e-02  1.05819570e-05 -6.61372301e-05 -1.05819570e-05]","[ 0.          1.41663671 11.76620197  0.65809679 -4.04479551  0.72145212
 -1.04202306 -0.05508826]"
1747093072.0508237,"[ 0.          0.3658144   0.45738963 -2.73209036 -2.25331471  1.14501852
  1.08016795  1.52771836]","[ 0.00000000e+00  2.90870055e-01  1.92114549e-01  2.56034593e-01
 -5.40194971e-02  0.00000000e+00 -6.60873364e-05 -1.05739739e-05]","[ 0.          1.379197   11.70147896  0.67918444 -4.0047307   0.70810103
 -1.04124045 -0.04574822]"
1747093072.0524724,"[ 0.          0.36670383  0.45798335 -2.73134467 -2.25348089  1.14501852
  1.08016795  1.52771836]","[ 0.00000000e+00  2.94676344e-01  1.97441254e-01  2.49029880e-01
 -5.40194971e-02  0.00000000e+00 -6.60873364e-05 -1.05820616e-05]","[ 0.          1.41947305 11.69780636  0.65386593 -3.86152315  0.71623552
 -1.04116166 -0.04670819]"
1747093072.0542805,"[ 0.          0.36730444  0.45837367 -2.73083494 -2.25359621  1.14501852
  1.08016795  1.52771836]","[ 0.00000000e+00  2.92396013e-01  1.97441254e-01  2.48759769e-01
 -5.23989095e-02  0.00000000e+00 -6.61372301e-05 -1.05819570e-05]","[ 0.          1.38282752 11.64669132  0.63827461 -3.81248784  0.72716469
 -1.02597821 -0.04690187]"
1747093072.0560062,"[ 0.          0.3675933   0.45858306 -2.730587   -2.25364787  1.14501852
  1.08016795  1.52771836]","[ 0.00000000e+00  2.93055778e-01  1.97104014e-01  2.51205965e-01
 -5.23989095e-02  0.00000000e+00 -6.60873364e-05 -1.05819570e-05]","[ 0.          1.34719694 11.64142227  0.6376704  -3.82114196  0.71929675
 -1.02615631 -0.04289699]"
1747093072.0577767,"[ 0.          0.36816957  0.45897244 -2.73007141 -2.25375493  1.14501852
  1.08016795  1.52771836]","[ 0.00000000e+00  2.92515555e-01  1.97981443e-01  2.52022308e-01
 -5.24106066e-02  0.00000000e+00 -6.60879907e-05 -1.05820616e-05]","[ 0.          1.31299925 11.67099953  0.62172961 -3.86018586  0.72257793
 -1.03160894 -0.02759187]"
1747093072.058933,"[ 0.          0.36848089  0.45916622 -2.72982161 -2.25380553  1.14501852
  1.08016795  1.52771836]","[ 0.00000000e+00  2.93148323e-01  1.96630970e-01  2.53351425e-01
 -5.12665251e-02  0.00000000e+00 -6.61378843e-05 -1.05739739e-05]","[ 0.          1.33654726 11.67624187  0.61615151 -3.90765929  0.71466738
 -1.02777278 -0.03014589]"
1747093072.0606534,"[ 0.          0.36905857  0.45956616 -2.72932014 -2.25390593  1.14501852
  1.08016795  1.52771743]","[ 0.00000000e+00  2.92489024e-01  1.94740276e-01  2.54701914e-01
 -5.10484247e-02  0.00000000e+00 -6.60873364e-05 -1.85184257e-05]","[ 0.          1.32849932 11.68733597  0.61791539 -4.01761675  0.72877741
 -1.04520965 -0.04636083]"
1747093072.0624647,"[ 0.          0.36965781  0.45995052 -2.72880348 -2.25401219  1.14501852
  1.08016702  1.52771743]","[ 0.00000000e+00  2.91619901e-01  1.95550576e-01  2.51460747e-01
 -5.26690081e-02  0.00000000e+00 -7.40744343e-05 -1.85184257e-05]","[ 0.          1.36402357 11.73806381  0.6106208  -4.1467557   0.7370379
 -1.05792618 -0.07739543]"
1747093072.0635536,"[ 0.          0.36994387  0.46016038 -2.72855421 -2.25406572  1.14501852
  1.08016702  1.52771743]","[ 0.00000000e+00  2.90084689e-01  1.97605554e-01  2.52811236e-01
 -5.42895916e-02  0.00000000e+00 -7.40185509e-05 -1.85184257e-05]","[ 0.          1.3541919  11.72611332  0.59021473 -4.19396973  0.75892419
 -1.06521213 -0.05387304]"
1747093072.065273,"[ 0.          0.37051741  0.4605493  -2.72805647 -2.25417784  1.14501852
  1.08016702  1.52771743]","[ 0.00000000e+00  2.90624878e-01  1.96901065e-01  2.52271047e-01
 -5.39152177e-02  0.00000000e+00 -7.40185509e-05 -1.85044548e-05]","[ 0.          1.33268118 11.72355843  0.58848059 -4.26465654  0.77835149
 -1.04152954 -0.05456818]"
1747093072.0669408,"[ 0.          0.37111253  0.46095294 -2.72753609 -2.25428224  1.14501945
  1.08016702  1.52771743]","[ 0.00000000e+00  2.92120975e-01  1.96918592e-01  2.54174025e-01
 -5.26690081e-02  1.05819570e-05 -7.40178194e-05 -1.85184257e-05]","[ 0.          1.34121883 11.72276306  0.56635404 -4.34109545  0.82679707
 -1.06110382 -0.04573409]"
1747093072.0686598,"[ 0.          0.37140182  0.46114948 -2.72728628 -2.25433257  1.14501945
  1.08016702  1.52771743]","[ 0.00000000e+00  2.93325855e-01  1.99331932e-01  2.53608653e-01
 -5.10484247e-02  1.05819570e-05 -7.40178194e-05 -1.85184257e-05]","[ 0.          1.29481339 11.76961422  0.60036099 -4.38012028  0.8426528
 -1.06395149 -0.04361638]"
1747093072.070349,"[ 0.          0.37198132  0.46154346 -2.7267896  -2.25438637  1.14501945
  1.08016702  1.52771743]","[ 0.00000000e+00  2.93325855e-01  2.00412326e-01  2.50920558e-01
 -5.06552298e-02  1.05820616e-05 -7.40744343e-05 -1.85186086e-05]","[ 0.          1.26712561 11.74899483  0.58711159 -4.42807341  0.85287291
 -1.06629205 -0.044334  ]"
1747093072.0727286,"[ 0.          0.3725801   0.46195442 -2.72627987 -2.25448597  1.14501945
  1.08016702  1.52771743]","[ 0.00000000e+00  2.91165066e-01  2.01222626e-01  2.47679391e-01
 -4.96475811e-02  1.05819570e-05 -7.40178194e-05 -1.85184257e-05]","[ 0.          1.25853181 11.72637081  0.58684832 -4.52281332  0.84548599
 -1.07623982 -0.06006182]"
1747093072.0744734,"[ 0.          0.37315314  0.46235253 -2.72579491 -2.25458291  1.14501945
  1.08016702  1.52771743]","[ 0.00000000e+00  2.88734200e-01  2.03113304e-01  2.45227119e-01
 -4.61866702e-02  1.05820616e-05 -6.61372301e-05 -1.85184257e-05]","[ 0.          1.30187261 11.7312851   0.57473326 -4.5693326   0.82799059
 -1.07898712 -0.05498993]"
1747093072.076729,"[ 0.          0.37374643  0.46276995 -2.72528944 -2.2546684   1.14501945
  1.08016609  1.52771743]","[ 0.00000000e+00  2.90084689e-01  2.04627062e-01  2.47679391e-01
 -4.29454991e-02  1.05819570e-05 -7.40185509e-05 -1.85184257e-05]","[ 0.          1.3313061  11.71451092  0.55436659 -4.58806181  0.81438953
 -1.07039368 -0.04018105]"
1747093072.0784662,"[ 0.          0.37431811  0.46317405 -2.72479516 -2.25475495  1.14501945
  1.08016609  1.52771743]","[ 0.00000000e+00  2.89251119e-01  2.05274077e-01  2.50650463e-01
 -4.20925135e-02  1.05819570e-05 -6.61372301e-05 -1.85184257e-05]","[ 0.          1.33047783 11.67920208  0.49760276 -4.57320261  0.79689646
 -1.0729022  -0.03700243]"
1747093072.0796595,"[ 0.          0.37462624  0.46337745 -2.72452804 -2.25479676  1.14501945
  1.08016609  1.52771743]","[ 0.00000000e+00  2.90139117e-01  2.06354471e-01  2.51284146e-01
 -4.24053018e-02  1.05819570e-05 -6.60873364e-05 -1.85184257e-05]","[ 0.          1.35975659 11.62365246  0.43375576 -4.55547667  0.79730231
 -1.08168221 -0.03633913]"
1747093072.0814903,"[ 0.          0.37519472  0.46379853 -2.7240279  -2.25488145  1.14501945
  1.08016609  1.52771743]","[ 0.00000000e+00  2.87383711e-01  2.05605740e-01  2.54431819e-01
 -4.29454991e-02  1.05819570e-05 -6.60879907e-05 -1.85044548e-05]","[ 0.          1.33594942 11.59591198  0.38830066 -4.51123857  0.81418759
 -1.07493722 -0.04187249]"
1747093072.0826597,"[ 0.          0.37547758  0.46399919 -2.72377996 -2.25492646  1.14501945
  1.08016609  1.52771743]","[ 0.00000000e+00  2.86843522e-01  2.03653493e-01  2.51460747e-01
 -4.23798686e-02  1.05820616e-05 -5.55558217e-05 -1.85184257e-05]","[ 0.          1.29801834 11.6198101   0.4262225  -4.49593019  0.80606294
 -1.0603137  -0.03246547]"
1747093072.0844574,"[ 0.          0.37606534  0.46441615 -2.7232697  -2.25500715  1.14501945
  1.08016609  1.52771743]","[ 0.00000000e+00  2.86303333e-01  2.02573099e-01  2.48759769e-01
 -4.10132176e-02  1.05820616e-05 -5.55133645e-05 -1.85184257e-05]","[ 0.          1.30665517 11.53042507  0.4151338  -4.45642281  0.78907037
 -1.0685426  -0.03443205]"
1747093072.0862596,"[ 0.          0.37663243  0.46481472 -2.72278074 -2.25509211  1.14501945
  1.08016609  1.52771743]","[ 0.00000000e+00  2.87923900e-01  2.01558384e-01  2.48759769e-01
 -4.18651087e-02  1.05819570e-05 -5.55552731e-05 -1.85044548e-05]","[ 0.          1.28434193 11.52103901  0.41364741 -4.41579628  0.75963849
 -1.07173049 -0.03416763]"
1747093072.0874095,"[ 0.          0.3769369   0.46502777 -2.72253653 -2.25513445  1.14501945
  1.08016609  1.52771743]","[ 0.00000000e+00  2.86628338e-01  2.00614760e-01  2.47428438e-01
 -4.29454991e-02  1.05819570e-05 -5.55139131e-05 -1.85184257e-05]","[ 0.          1.33331978 11.51735973  0.40940621 -4.36867666  0.75473136
 -1.07698846 -0.04196462]"
1747093072.089156,"[ 0.          0.37749939  0.46542359 -2.72202947 -2.25522207  1.14501852
  1.08016609  1.52771743]","[ 0.00000000e+00  2.83602355e-01  2.00682421e-01  2.47409280e-01
 -4.45660825e-02  0.00000000e+00 -4.75833530e-05 -1.85186086e-05]","[ 0.          1.37029111 11.53334999  0.4251866  -4.24843836  0.74533224
 -1.07702541 -0.05240168]"
1747093072.0908723,"[ 0.          0.37777812  0.46562382 -2.72178526 -2.25526974  1.14501852
  1.08016609  1.52771743]","[ 0.00000000e+00  2.82792055e-01  2.03113304e-01  2.47679391e-01
 -4.48875552e-02  0.00000000e+00 -4.75833530e-05 -1.85184257e-05]","[ 0.          1.32509053 11.55976105  0.45188913 -4.21263075  0.71572667
 -1.07821906 -0.03680884]"
1747093072.09266,"[ 0.          0.37835486  0.4660435  -2.72128165 -2.25535523  1.14501852
  1.08016509  1.52771743]","[ 0.00000000e+00  2.80616751e-01  2.05186159e-01  2.44269246e-01
 -4.29454991e-02  0.00000000e+00 -5.81568575e-05 -1.85184257e-05]","[ 0.          1.38731921 11.56714439  0.45582321 -4.15503263  0.6758278
 -1.06606328 -0.04754348]"
1747093072.0937386,"[ 0.          0.3786299   0.46624694 -2.7210417  -2.25539704  1.14501852
  1.08016509  1.52771743]","[ 0.00000000e+00  2.79010699e-01  2.06354471e-01  2.43357829e-01
 -4.24053018e-02  0.00000000e+00 -5.81574305e-05 -1.85044548e-05]","[ 0.          1.43427885 11.49700737  0.46234831 -4.1326704   0.66600114
 -1.05824113 -0.03894161]"
1747093072.0953972,"[ 0.          0.37920115  0.46665517 -2.72054369 -2.25548253  1.14501852
  1.08016509  1.5277165 ]","[ 0.00000000e+00  2.79356078e-01  2.07164771e-01  2.42994641e-01
 -4.21352073e-02  0.00000000e+00 -5.81574305e-05 -2.64551545e-05]","[ 0.          1.48382378 11.41115093  0.48053804 -4.10607576  0.64996988
 -1.04839587 -0.03753182]"
1747093072.097076,"[ 0.          0.37975309  0.46707991 -2.72006059 -2.25557068  1.14501852
  1.08016509  1.5277165 ]","[ 0.00000000e+00  2.79564337e-01  2.07164771e-01  2.45248507e-01
 -4.36337140e-02  0.00000000e+00 -5.81568575e-05 -2.64548924e-05]","[ 0.          1.52673066 11.36686897  0.52021861 -4.08983612  0.65290439
 -1.0504173  -0.03496991]"
1747093072.0988333,"[ 0.          0.38002906  0.46728194 -2.71981478 -2.25561382  1.14501852
  1.08016509  1.5277165 ]","[ 0.00000000e+00  2.79537472e-01  2.05003982e-01  2.49299974e-01
 -4.37557908e-02  0.00000000e+00 -5.82007654e-05 -2.64548924e-05]","[ 0.          1.55144227 11.40130234  0.52087802 -4.06981802  0.66109854
 -1.04304612 -0.03824546]"
1747093072.099971,"[ 0.          0.38060214  0.46767915 -2.71930372 -2.25569824  1.14501852
  1.08016509  1.5277165 ]","[ 0.00000000e+00  2.79010699e-01  2.00682421e-01  2.49514625e-01
 -4.24053018e-02  0.00000000e+00 -4.75828816e-05 -2.64548924e-05]","[ 0.          1.53259683 11.43881798  0.55706292 -4.03152609  0.67173636
 -1.05670774 -0.04190471]"
1747093072.1017418,"[ 0.          0.38087764  0.46789357 -2.71905818 -2.25574245  1.14501852
  1.08016509  1.5277165 ]","[ 0.00000000e+00  2.79280777e-01  2.01868609e-01  2.49029880e-01
 -4.16275631e-02  0.00000000e+00 -4.75833530e-05 -2.64548924e-05]","[ 0.          1.55734813 11.47040558  0.55706292 -4.0087595   0.67751271
 -1.06598651 -0.04469899]"
1747093072.1034796,"[ 0.          0.3814452   0.46829218 -2.71857188 -2.25582261  1.14501852
  1.08016509  1.5277165 ]","[ 0.00000000e+00  2.77099148e-01  2.02573099e-01  2.44978413e-01
 -4.07847184e-02  0.00000000e+00 -4.75833530e-05 -2.64548924e-05]","[ 0.          1.58965337 11.50629234  0.57682627 -4.05831671  0.66223049
 -1.08676016 -0.05522311]"
1747093072.1058502,"[ 0.          0.38199071  0.46870497 -2.71807734 -2.25591263  1.14501852
  1.08016509  1.5277165 ]","[ 0.00000000e+00  2.75769515e-01  2.01828212e-01  2.40143194e-01
 -4.43860154e-02  0.00000000e+00 -4.75833530e-05 -1.85184257e-05]","[ 0.          1.61362696 11.5213232   0.60547829 -4.20559597  0.64436555
 -1.08089614 -0.0571668 ]"
1747093072.107465,"[ 0.          0.3825546   0.46910264 -2.71760569 -2.25600451  1.14501852
  1.08016416  1.5277165 ]","[ 0.00000000e+00  2.75229326e-01  2.01762815e-01  2.39846551e-01
 -4.75371550e-02  0.00000000e+00 -5.81574305e-05 -1.85186086e-05]","[ 0.          1.61194098 11.53043079  0.62034929 -4.28984165  0.68402553
 -1.09925663 -0.037235  ]"
1747093072.1092281,"[ 0.          0.38309323  0.46951314 -2.71710874 -2.25609772  1.14501852
  1.08016416  1.5277165 ]","[ 0.00000000e+00  2.72805034e-01  1.99611697e-01  2.43357829e-01
 -4.69969619e-02  0.00000000e+00 -5.81574305e-05 -1.85184257e-05]","[ 0.          1.66736639 11.57730865  0.65709484 -4.34425163  0.70661336
 -1.09912348 -0.03161156]"
1747093072.1109436,"[ 0.          0.38338208  0.46970785 -2.71687013 -2.25614725  1.14501852
  1.08016416  1.5277165 ]","[ 0.00000000e+00  2.71827820e-01  1.97241200e-01  2.42007340e-01
 -4.65990565e-02  0.00000000e+00 -5.82007654e-05 -1.85324169e-05]","[ 0.          1.67016947 11.60406399  0.65410018 -4.36895466  0.72484803
 -1.1063652  -0.05983867]"
1747093072.112767,"[ 0.          0.38391934  0.47011055 -2.71637105 -2.25624206  1.14501852
  1.08016322  1.5277165 ]","[ 0.00000000e+00  2.72798443e-01  1.95850165e-01  2.43746951e-01
 -4.86175453e-02  0.00000000e+00 -6.60873364e-05 -1.85184257e-05]","[ 0.          1.72837794 11.65013123  0.63780469 -4.38896894  0.72946239
 -1.11000967 -0.05294187]"
1747093072.114531,"[ 0.          0.38446069  0.47049857 -2.71589008 -2.25634379  1.14501852
  1.08016322  1.5277165 ]","[ 0.00000000e+00  2.75769515e-01  1.97441254e-01  2.43087735e-01
 -5.02381288e-02  0.00000000e+00 -6.61378843e-05 -1.85325998e-05]","[ 0.          1.71206701 11.72939777  0.64046288 -4.41639328  0.71088892
 -1.12920272 -0.0422674 ]"
1747093072.116196,"[ 0.          0.38502918  0.47089119 -2.71541204 -2.2564426   1.14501852
  1.08016229  1.5277165 ]","[ 0.00000000e+00  2.78728004e-01  1.99872137e-01  2.42571614e-01
 -4.96475811e-02  0.00000000e+00 -7.40178194e-05 -1.85186086e-05]","[ 0.          1.68103182 11.80680752  0.64256281 -4.45946836  0.71447688
 -1.16255617 -0.04597672]"
1747093072.1179092,"[ 0.          0.38530425  0.47110471 -2.71515265 -2.2564908   1.14501852
  1.08016129  1.5277165 ]","[ 0.00000000e+00  2.79293959e-01  2.00927115e-01  2.44478687e-01
 -4.88876440e-02  0.00000000e+00 -8.45917913e-05 -1.85464284e-05]","[ 0.          1.65128434 11.81887913  0.60922587 -4.43780851  0.70698941
 -1.1675123  -0.0493053 ]"
1747093072.1196914,"[ 0.          0.38587087  0.47150418 -2.71466556 -2.2565896   1.14501852
  1.08016129  1.5277165 ]","[ 0.00000000e+00  2.76848378e-01  2.03113304e-01  2.47679391e-01
 -4.75371550e-02  0.00000000e+00 -8.45917913e-05 -1.85464284e-05]","[ 0.          1.65277946 11.83780861  0.56559348 -4.40985441  0.69425774
 -1.15608549 -0.03976857]"
1747093072.1220243,"[ 0.          0.38641502  0.47191747 -2.71415983 -2.25668734  1.14501852
  1.08016036  1.5277165 ]","[ 0.00000000e+00  2.74689137e-01  2.00614760e-01  2.47006926e-01
 -4.76011874e-02 -1.05820616e-05 -8.45917913e-05 -1.85464284e-05]","[ 0.          1.61178601 11.84551334  0.50169712 -4.36250591  0.71810836
 -1.14993429 -0.03440917]"
1747093072.123737,"[ 0.          0.38697751  0.47231009 -2.7136754  -2.25677682  1.14501852
  1.08016036  1.5277165 ]","[ 0.00000000e+00  2.75084750e-01  1.98320496e-01  2.45518602e-01
 -4.45660825e-02 -1.05979587e-05 -8.45917913e-05 -1.85464284e-05]","[ 0.          1.51933992 11.84098911  0.49084926 -4.32489204  0.7307902
 -1.12917626 -0.05010501]"
1747093072.125559,"[ 0.          0.38752073  0.47271552 -2.71320029 -2.25685778  1.14501852
  1.08016036  1.5277165 ]","[ 0.00000000e+00  2.76039626e-01  1.96901065e-01  2.39846551e-01
 -3.97043280e-02 -1.05979587e-05 -8.45917913e-05 -1.85464284e-05]","[ 0.          1.50852382 11.82385349  0.45470124 -4.31973839  0.72059816
 -1.1332643  -0.05416121]"
1747093072.127904,"[ 0.          0.38812916  0.47310494 -2.71267458 -2.25693022  1.14501852
  1.08016036  1.5277165 ]","[ 0.00000000e+00  2.75749042e-01  1.97981443e-01  2.38225968e-01
 -3.40322817e-02 -1.05980643e-05 -8.45926284e-05 -1.85604623e-05]","[ 0.          1.45994186 11.84483051  0.45954499 -4.36175013  0.69591409
 -1.11395729 -0.05750855]"
1747093072.1297052,"[ 0.          0.38867468  0.473515   -2.71218323 -2.25699227  1.14501852
  1.08015943  1.5277165 ]","[ 0.00000000e+00  2.77090543e-01  2.01116300e-01  2.40236189e-01
 -3.07911127e-02 -1.05979587e-05 -9.51657631e-05 -1.85464284e-05]","[ 0.          1.41198981 11.87077713  0.41719681 -4.417346    0.68148959
 -1.11326373 -0.05792047]"
1747093072.1313546,"[ 0.          0.38924316  0.47391541 -2.71170146 -2.25705326  1.14501852
  1.08015843  1.52771557]","[ 0.00000000e+00  2.78352998e-01  2.03653493e-01  2.44978413e-01
 -2.91705272e-02 -1.05979587e-05 -1.05739735e-04 -2.65149452e-05]","[ 0.          1.32576227 11.87946415  0.35611558 -4.43440104  0.69585007
 -1.11681008 -0.05311771]"
1747093072.1337864,"[ 0.          0.3897997   0.4743305  -2.71119759 -2.25710972  1.14501852
  1.08015843  1.52771557]","[ 0.00000000e+00  2.83062166e-01  2.02573099e-01  2.46254633e-01
 -2.83602355e-02 -1.05980643e-05 -1.05900567e-04 -2.64951613e-05]","[ 0.          1.27591956 11.89424133  0.31273687 -4.41105032  0.72547525
 -1.09719026 -0.03955588]"
1747093072.1355264,"[ 0.          0.3903815   0.47473183 -2.71071183 -2.25716458  1.14501852
  1.08015843  1.52771557]","[ 0.00000000e+00  2.84952844e-01  2.03716976e-01  2.46328902e-01
 -2.62260531e-02 -1.05979587e-05 -9.53825757e-05 -2.65149452e-05]","[ 0.          1.19105554 11.85758877  0.25288686 -4.44985008  0.77312654
 -1.09340918 -0.01332202]"
1747093072.1378496,"[ 0.          0.39094309  0.47515062 -2.7102298  -2.25721624  1.14501852
  1.08015843  1.52771557]","[ 0.00000000e+00  2.84142544e-01  2.03923588e-01  2.44145642e-01
 -2.50768450e-02 -1.05979587e-05 -9.53095680e-05 -2.64948971e-05]","[ 0.          1.11290812 11.86646938  0.18351132 -4.5424099   0.76956785
 -1.09038484 -0.01261508]"
1747093072.1395822,"[ 0.          0.39152443  0.47555378 -2.70973232 -2.25726605  1.14501852
  1.08015843  1.52771557]","[ 0.00000000e+00  2.84142544e-01  2.04463793e-01  2.42817624e-01
 -2.48489678e-02 -1.05979587e-05 -9.53095680e-05 -2.65149452e-05]","[ 0.          1.00458634 11.79295349  0.11043406 -4.60828161  0.75529939
 -1.07064927 -0.02766397]"
1747093072.1414497,"[ 0.          0.39180453  0.47597946 -2.70925109 -2.25731771  1.14501852
  1.08015843  1.52771557]","[ 0.00000000e+00  2.84142544e-01  2.08388594e-01  2.43627924e-01
 -2.64695534e-02 -1.05979587e-05 -9.53095680e-05 -2.65149452e-05]","[ 0.          1.0452317  11.71843815  0.07602601 -4.6378417   0.75711727
 -1.06186748 -0.03601487]"
1747093072.145035,"[ 0.          0.39266826  0.47659798 -2.70875814 -2.25741065  1.14501852
  1.08015843  1.52771557]","[ 0.00000000e+00  2.84682733e-01  2.08515244e-01  2.40090064e-01
 -3.32219900e-02 -1.05979587e-05 -9.53095680e-05 -2.65149452e-05]","[ 0.          0.84105939 11.55130672  0.01785311 -4.47479916  0.7674287
 -1.0412215  -0.02321346]"
1747093072.147946,"[ 0.          0.39381255  0.47743464 -2.70780153 -2.2575566   1.14501852
  1.08015843  1.52771557]","[ 0.00000000e+00  2.84120672e-01  2.07104717e-01  2.34714707e-01
 -3.67332556e-02 -1.05979587e-05 -9.53095680e-05 -2.65149452e-05]","[ 0.          0.76409811 11.19206905 -0.11316126 -4.17993736  0.72627097
 -0.99793184 -0.03357128]"
1747093072.1514966,"[ 0.          0.39467448  0.47805499 -2.7070862  -2.25766073  1.14501759
  1.08015843  1.52771557]","[ 0.00000000e+00  2.84120672e-01  2.03113304e-01  2.37175135e-01
 -3.29518914e-02 -1.06059783e-05 -9.53816248e-05 -2.65146811e-05]","[ 0.          0.74334639 10.97530365 -0.13250588 -4.04313087  0.65080875
 -0.97340053 -0.03329597]"
1747093072.154446,"[ 0.          0.39551661  0.47866848 -2.70637434 -2.25775633  1.14501759
  1.08015843  1.52771557]","[ 0.00000000e+00  2.84682733e-01  2.01222626e-01  2.41737246e-01
 -3.10952894e-02 -1.05979587e-05 -9.53816248e-05 -2.65149452e-05]","[ 0.          0.73904508 10.88463783 -0.0847875  -3.87741947  0.60449511
 -0.98394281 -0.05070999]"
1747093072.1579819,"[ 0.          0.39637348  0.47927735 -2.70563638 -2.25784368  1.14501759
  1.08015843  1.52771557]","[ 0.00000000e+00  2.81156408e-01  2.01617839e-01  2.42031958e-01
 -2.89004307e-02 -1.05979587e-05 -9.53816248e-05 -2.64948971e-05]","[ 0.          0.70436597 10.98269939 -0.04128313 -3.79188919  0.64263988
 -0.97585791 -0.02966791]"
1747093072.160983,"[ 0.          0.39722113  0.47986834 -2.70491653 -2.25792198  1.14501759
  1.08015843  1.52771557]","[ 0.00000000e+00  2.79356078e-01  1.99331932e-01  2.35525007e-01
 -2.40143186e-02 -1.05979587e-05 -9.53816248e-05 -1.85604623e-05]","[ 0.          0.67660195 10.99811554  0.03604901 -3.91401291  0.65704328
 -0.98144126 -0.04053141]"
1747093072.1640172,"[ 0.          0.39804814  0.48047035 -2.70420573 -2.25798323  1.14501759
  1.08015843  1.52771557]","[ 0.00000000e+00  2.79550888e-01  1.97441254e-01  2.34438504e-01
 -1.80965312e-02 -1.06059783e-05 -8.47836692e-05 -1.85604623e-05]","[ 0.          0.72724473 11.20486832  0.09946477 -4.17268991  0.71176511
 -1.02107358 -0.04320746]"
1747093072.167747,"[ 0.          0.39916717  0.48126151 -2.70327708 -2.25804795  1.14501759
  1.0801575   1.52771557]","[ 0.00000000e+00  2.77120004e-01  1.97241200e-01  2.34714707e-01
 -1.55330181e-02 -1.85604623e-05 -9.54538036e-05 -1.85604623e-05]","[ 0.          0.8385188  11.57082558  0.16280209 -4.5250206   0.7838248
 -1.07115006 -0.02478657]"
1747093072.1706116,"[ 0.          0.40000197  0.48186811 -2.70256895 -2.25809669  1.14501759
  1.08015657  1.52771557]","[ 0.00000000e+00  2.74689137e-01  2.01222626e-01  2.32553934e-01
 -1.72862385e-02 -1.85604623e-05 -1.03330098e-04 -1.85604623e-05]","[ 0.          0.85133457 11.79020596  0.20248905 -4.68314028  0.82858962
 -1.10572183 -0.03427589]"
1747093072.173574,"[ 0.          0.40083357  0.48248113 -2.70186641 -2.25816033  1.14501759
  1.08015657  1.52771557]","[ 0.00000000e+00  2.74089926e-01  2.02778761e-01  2.32553934e-01
 -2.37685775e-02 -1.85464284e-05 -1.03330098e-04 -1.85604623e-05]","[ 0.          0.934677   11.89398956  0.24382235 -4.83050823  0.81559438
 -1.12618029 -0.0276657 ]"
1747093072.1771352,"[ 0.          0.40163715  0.48309736 -2.70091779 -2.25827618  1.14501759
  1.08015563  1.52771557]","[ 0.00000000e+00  2.70903104e-01  2.02370149e-01  2.35795101e-01
 -3.13313079e-02 -1.85464284e-05 -1.03330098e-04 -1.85602774e-05]","[ 0.          1.00041592 11.94797134  0.31468102 -4.55386829  0.81026602
 -1.14326668 -0.02240141]"
1747093072.1806939,"[ 0.          0.40274196  0.4838991  -2.70021019 -2.25837951  1.14501759
  1.08015563  1.52771557]","[ 0.00000000e+00  2.70579164e-01  2.05814282e-01  2.31459292e-01
 -3.46060473e-02 -1.85464284e-05 -1.03331130e-04 -1.85604623e-05]","[ 0.          1.12131774 11.96212769  0.38548413 -4.21026278  0.70351791
 -1.13231146 -0.04797978]"
1747093072.1824436,"[ 0.          0.40327829  0.48432341 -2.69976384 -2.25845115  1.14501759
  1.08015563  1.5277145 ]","[ 0.00000000e+00  2.71447970e-01  2.07164771e-01  2.25302879e-01
 -3.72734528e-02 -1.85604623e-05 -1.03330098e-04 -2.91664395e-05]","[ 0.          1.1293447  11.86330223  0.41971922 -4.03181362  0.64291942
 -1.10156953 -0.02378399]"
1747093072.1847298,"[ 0.          0.40381325  0.48473666 -2.69931883 -2.25853318  1.14501666
  1.08015563  1.5277145 ]","[ 0.00000000e+00  2.70637670e-01  2.10135844e-01  2.26881884e-01
 -4.13767973e-02 -2.65149452e-05 -1.03330098e-04 -2.91664395e-05]","[ 0.          1.23041856 11.72248936  0.45125499 -3.79187012  0.59733617
 -1.08590281 -0.06308283]"
1747093072.1864412,"[ 0.          0.40436383  0.48516463 -2.69885251 -2.25861973  1.14501666
  1.08015563  1.5277145 ]","[ 0.00000000e+00  2.68206787e-01  2.08303988e-01  2.27962262e-01
 -4.48361812e-02 -2.65149452e-05 -1.03330098e-04 -2.91664395e-05]","[ 0.          1.31571472 11.55704403  0.45206097 -3.57403398  0.56549895
 -1.06474781 -0.07160229]"
1747093072.1882262,"[ 0.          0.4048873   0.48556917 -2.6984011  -2.25871054  1.14501666
  1.08015563  1.5277145 ]","[ 0.00000000e+00  2.64697157e-01  2.04463793e-01  2.29350235e-01
 -4.41352496e-02 -1.85604623e-05 -1.03330098e-04 -2.91661490e-05]","[ 0.          1.33137    11.53145885  0.48402733 -3.29037738  0.53201574
 -1.06357145 -0.07393014]"
1747093072.1898685,"[ 0.          0.40517017  0.48578315 -2.69815716 -2.25875182  1.14501666
  1.08015563  1.5277145 ]","[ 0.00000000e+00  2.66316109e-01  2.01617839e-01  2.29703902e-01
 -4.18226896e-02 -1.85186086e-05 -1.03330098e-04 -2.91661490e-05]","[ 0.          1.32540452 11.53061676  0.44953296 -3.20036459  0.52507877
 -1.05788684 -0.08751658]"
1747093072.1916444,"[ 0.          0.40569411  0.4861776  -2.69770309 -2.25882985  1.14501666
  1.08015563  1.5277145 ]","[ 0.00000000e+00  2.65505826e-01  1.99872137e-01  2.29582862e-01
 -3.86239376e-02 -1.85604623e-05 -1.03408291e-04 -2.91664395e-05]","[ 0.          1.34151125 11.47873497  0.44399697 -3.16924977  0.49984437
 -1.01594794 -0.07127655]"
1747093072.1934214,"[ 0.          0.40623593  0.48656975 -2.6972365  -2.25890575  1.14501572
  1.08015563  1.5277145 ]","[ 0.00000000e+00  2.64812904e-01  1.98251554e-01  2.28199300e-01
 -3.64631611e-02 -2.64551545e-05 -9.52376087e-05 -2.91885255e-05]","[ 0.          1.35229897 11.48486233  0.46797866 -3.2793839   0.47379887
 -1.02154076 -0.05826378]"
1747093072.1957033,"[ 0.          0.40675345  0.48700368 -2.69678749 -2.25897633  1.14501572
  1.08015563  1.5277145 ]","[ 0.00000000e+00  2.61724453e-01  1.96811816e-01  2.27461471e-01
 -3.53827707e-02 -2.64748795e-05 -9.53095680e-05 -2.12119566e-05]","[ 0.          1.37804806 11.45302868  0.49216804 -3.4557023   0.52631682
 -1.05559027 -0.04725978]"
1747093072.1974297,"[ 0.          0.40728888  0.48740502 -2.69631958 -2.25904397  1.14501666
  1.08015563  1.5277145 ]","[ 0.00000000e+00  2.61551497e-01  1.95348625e-01  2.28700839e-01
 -3.21090342e-02 -1.85184257e-05 -9.52385514e-05 -2.12119566e-05]","[ 0.          1.3700484  11.5260458   0.49426496 -3.7172811   0.58222127
 -1.05811357 -0.02845444]"
1747093072.1991773,"[ 0.          0.40754647  0.48759513 -2.69609347 -2.2590738   1.14501666
  1.08015563  1.5277145 ]","[ 0.00000000e+00  2.61184264e-01  1.92849598e-01  2.29312751e-01
 -3.02509176e-02 -1.85325998e-05 -9.52385514e-05 -2.12280182e-05]","[ 0.          1.43893337 11.55117512  0.48384663 -3.80070376  0.65612221
 -1.08023763 -0.06350739]"
1747093072.2004137,"[ 0.          0.40806123  0.48797167 -2.6956426  -2.25913026  1.14501666
  1.08015563  1.5277145 ]","[ 0.00000000e+00  2.60649801e-01  1.90225785e-01  2.27692167e-01
 -2.63306883e-02 -1.85184257e-05 -9.52376087e-05 -2.12119566e-05]","[ 0.          1.4095366  11.66433334  0.44528374 -4.09494543  0.73689574
 -1.08448064 -0.03356397]"
1747093072.2021596,"[ 0.          0.40859479  0.48836013 -2.69517974 -2.25918086  1.14501666
  1.08015464  1.5277145 ]","[ 0.00000000e+00  2.60110161e-01  1.89068225e-01  2.25531395e-01
 -2.53634386e-02 -1.85184257e-05 -1.03174077e-04 -2.11959173e-05]","[ 0.          1.39520037 11.77081776  0.46231934 -4.41373396  0.79087281
 -1.12504315 -0.02768156]"
1747093072.2039354,"[ 0.          0.40884966  0.48854655 -2.69495843 -2.25920563  1.14501666
  1.08015464  1.5277145 ]","[ 0.00000000e+00  2.58483286e-01  1.89068225e-01  2.24451000e-01
 -2.51190644e-02 -1.85325998e-05 -1.03252035e-04 -2.11801137e-05]","[ 0.          1.34568524 11.83483601  0.45623991 -4.62372875  0.80943811
 -1.14373529 -0.01372394]"
1747093072.2066302,"[ 0.          0.40937267  0.4889355  -2.69450516 -2.25926208  1.14501666
  1.0801537   1.5277145 ]","[ 0.00000000e+00  2.55031530e-01  1.90584030e-01  2.20927006e-01
 -2.83602355e-02 -1.85184257e-05 -1.13756038e-04 -2.11801137e-05]","[ 0.          1.30267608 11.98884296  0.46506721 -4.97099686  0.78560579
 -1.14338708 -0.02527148]"
1747093072.208237,"[ 0.          0.41013676  0.48951271 -2.69385269 -2.25935716  1.14501759
  1.0801537   1.5277145 ]","[ 0.00000000e+00  2.50266918e-01  1.96630970e-01  2.22560322e-01
 -3.39978000e-02 -1.05899522e-05 -1.03252035e-04 -2.11799045e-05]","[ 0.          1.41813111 12.12515545  0.44335333 -5.07508707  0.82530743
 -1.15784347 -0.02191193]"
1747093072.209883,"[ 0.          0.41038427  0.48970692 -2.69363245 -2.25939471  1.14501759
  1.0801537   1.5277145 ]","[ 0.00000000e+00  2.50920558e-01  1.96901065e-01  2.23370606e-01
 -3.53583529e-02 -1.05819570e-05 -1.03174077e-04 -2.11801137e-05]","[ 0.          1.42377496 12.16657829  0.48083556 -5.02566385  0.84757513
 -1.15852261 -0.01861322]"
1747093072.2116237,"[ 0.          0.41087972  0.48991541 -2.69316959 -2.25946821  1.14501759
  1.08015277  1.5277145 ]","[ 0.00000000e+00  2.50650463e-01  1.96351705e-01  2.25801489e-01
 -3.78136459e-02 -1.05899522e-05 -1.13756038e-04 -2.11799045e-05]","[ 0.          1.46401286 12.18997765  0.47106647 -4.8459444   0.8585428
 -1.17163122 -0.02070589]"
1747093072.2133436,"[ 0.          0.41139404  0.49030204 -2.69272031 -2.25954252  1.14501759
  1.08015277  1.5277145 ]","[ 0.00000000e+00  2.51033626e-01  1.96431733e-01  2.28772562e-01
 -3.75435473e-02 -1.05819570e-05 -1.03174077e-04 -2.11799045e-05]","[ 0.          1.52034616 12.22033978  0.44556037 -4.60935259  0.81844884
 -1.17099011 -0.0320542 ]"
1747093072.2150722,"[ 0.          0.41188719  0.49070338 -2.6922516  -2.25962241  1.14501666
  1.08015277  1.5277145 ]","[ 0.00000000e+00  2.50650463e-01  1.95550576e-01  2.27692167e-01
 -3.91244538e-02 -1.85324169e-05 -1.03174077e-04 -2.11801137e-05]","[ 0.          1.56151915 12.15735817  0.4640215  -4.3491354   0.71997547
 -1.12292612 -0.06018593]"
1747093072.2168915,"[ 0.          0.41213333  0.49089439 -2.69202922 -2.25966156  1.14501666
  1.08015277  1.5277145 ]","[ 0.00000000e+00  2.49570069e-01  1.93659898e-01  2.25531395e-01
 -3.97043280e-02 -1.85186086e-05 -9.51657631e-05 -2.11799045e-05]","[ 0.          1.64647901 12.12576103  0.48688498 -4.19060516  0.65989262
 -1.10606718 -0.04614082]"
1747093072.218633,"[ 0.          0.4126412   0.49128977 -2.69157009 -2.25974278  1.14501572
  1.08015277  1.5277145 ]","[ 0.00000000e+00  2.47409280e-01  1.92849598e-01  2.23936228e-01
 -4.13249156e-02 -2.64548924e-05 -8.46556558e-05 -2.11799045e-05]","[ 0.          1.63986659 12.02113247  0.45436457 -3.88321757  0.61670983
 -1.0810473  -0.03456369]"
1747093072.2204413,"[ 0.          0.41315179  0.49167456 -2.69112694 -2.25982188  1.14501572
  1.08015277  1.5277145 ]","[ 0.00000000e+00  2.49514625e-01  1.95550576e-01  2.24991189e-01
 -3.72734528e-02 -2.64548924e-05 -8.46556558e-05 -2.11799045e-05]","[ 0.          1.72066534 12.00997829  0.54808587 -3.46673894  0.52467471
 -1.05719948 -0.06094895]"
1747093072.2222245,"[ 0.          0.41363945  0.49207544 -2.69066675 -2.25988873  1.14501572
  1.08015277  1.52771357]","[ 0.00000000e+00  2.47409280e-01  1.95010370e-01  2.25440847e-01
 -3.24116962e-02 -2.64546283e-05 -7.40744343e-05 -2.91220786e-05]","[ 0.          1.71125257 11.91849518  0.53091669 -3.16723418  0.51967847
 -1.07189345 -0.07191325]"
1747093072.2239532,"[ 0.          0.41412711  0.49246023 -2.69022147 -2.25994705  1.14501466
  1.08015277  1.52771357]","[ 0.00000000e+00  2.46328902e-01  1.94740276e-01  2.25801489e-01
 -2.72798451e-02 -3.70368514e-05 -7.40737029e-05 -2.91223691e-05]","[ 0.          1.71464741 11.85341263  0.55260742 -3.02720308  0.44715264
 -1.05481267 -0.07502303]"
1747093072.2257104,"[ 0.          0.41438703  0.49266826 -2.6899983  -2.25997288  1.14501466
  1.08015277  1.52771357]","[ 0.00000000e+00  2.44750014e-01  1.95850165e-01  2.26341678e-01
 -2.61994548e-02 -3.70368514e-05 -7.40737029e-05 -2.91223691e-05]","[ 0.          1.70475435 11.88353539  0.55786276 -3.02530932  0.43670732
 -1.05313337 -0.06891041]"
1747093072.2273827,"[ 0.          0.4148687   0.49305442 -2.68953917 -2.26002242  1.14501466
  1.08015277  1.52771357]","[ 0.00000000e+00  2.44168113e-01  1.95749098e-01  2.23370606e-01
 -2.38230038e-02 -3.70648338e-05 -7.40737029e-05 -2.91223691e-05]","[ 0.          1.70106435 11.7995348   0.53922307 -3.08533978  0.43397382
 -1.03890836 -0.05272647]"
1747093072.229109,"[ 0.          0.41537014  0.49344014 -2.68909868 -2.26006663  1.14501466
  1.08015277  1.52771357]","[ 0.00000000e+00  2.45502323e-01  1.95550576e-01  2.24180906e-01
 -2.18778954e-02 -3.70368514e-05 -6.61378843e-05 -2.91223691e-05]","[ 0.          1.65171242 11.76100636  0.53403223 -3.23912716  0.4554711
 -1.0561707  -0.05876188]"
1747093072.2307854,"[ 0.          0.41561352  0.4936477  -2.68886006 -2.26008713  1.14501466
  1.08015277  1.52771357]","[ 0.00000000e+00  2.46869091e-01  1.95348625e-01  2.24688538e-01
 -2.07975050e-02 -3.70368514e-05 -6.61378843e-05 -2.91223691e-05]","[ 0.          1.65318608 11.77027893  0.51195562 -3.33271599  0.47526118
 -1.06134665 -0.05694327]"
1747093072.2324886,"[ 0.          0.41610394  0.49403619 -2.68841185 -2.26012814  1.14501466
  1.08015277  1.52771357]","[ 0.00000000e+00  2.49570069e-01  1.96901065e-01  2.28502467e-01
 -1.95599403e-02 -3.70368514e-05 -5.55552731e-05 -2.11639139e-05]","[ 0.          1.62551844 11.75878716  0.44683051 -3.60621452  0.56059498
 -1.08165538 -0.04974183]"
1747093072.234886,"[ 0.          0.41686481  0.49463543 -2.68771117 -2.26017715  1.14501572
  1.08015277  1.52771357]","[ 0.00000000e+00  2.49570069e-01  1.97441254e-01  2.31208522e-01
 -1.56656540e-02 -2.64551545e-05 -5.55558217e-05 -2.11639139e-05]","[ 0.          1.61301279 11.83713913  0.40229675 -4.05069685  0.63618129
 -1.08116794 -0.06142269]"
1747093072.2372634,"[ 0.          0.41735476  0.49502755 -2.6872587  -2.26020511  1.14501572
  1.08015277  1.52771357]","[ 0.00000000e+00  2.48759769e-01  1.99331932e-01  2.29080423e-01
 -1.35048743e-02 -2.64548924e-05 -5.55558217e-05 -2.11639139e-05]","[ 0.          1.4912442  11.80665016  0.39124134 -4.41098642  0.68371248
 -1.0958674  -0.02759403]"
1747093072.2390664,"[ 0.          0.41761695  0.49523834 -2.68703473 -2.26021763  1.14501572
  1.08015277  1.52771357]","[ 0.00000000e+00  2.46524028e-01  1.98608617e-01  2.27151978e-01
 -1.26945815e-02 -2.64548924e-05 -5.55552731e-05 -2.11799045e-05]","[ 0.          1.47993112 11.7893877   0.36181018 -4.53456354  0.69577396
 -1.09740472 -0.02196233]"
1747093072.2408845,"[ 0.          0.41810048  0.4956268  -2.68658013 -2.26024106  1.14501572
  1.08015177  1.52771357]","[ 0.00000000e+00  2.45518602e-01  1.96901065e-01  2.20927006e-01
 -1.07929524e-02 -2.64548924e-05 -6.61372301e-05 -2.11641232e-05]","[ 0.          1.41757357 11.73605728  0.31039432 -4.82959795  0.78882855
 -1.12724435 -0.03315189]"
1747093072.2420485,"[ 0.          0.41860422  0.49602997 -2.68614896 -2.26026317  1.14501666
  1.08015177  1.52771357]","[ 0.00000000e+00  2.46003863e-01  1.96602475e-01  2.18778950e-01
 -1.02969324e-02 -1.85186086e-05 -6.61378843e-05 -2.11801137e-05]","[ 0.          1.42287624 11.79369545  0.31347102 -4.98616123  0.80235916
 -1.12527764 -0.04716951]"
1747093072.2438238,"[ 0.          0.41884713  0.49622331 -2.68593165 -2.26027329  1.14501666
  1.08015177  1.52771357]","[ 0.00000000e+00  2.46328902e-01  1.96090765e-01  2.20176227e-01
 -1.02637042e-02 -1.85184257e-05 -6.61372301e-05 -2.11799045e-05]","[ 0.          1.41346753 11.82870865  0.30664185 -5.04366207  0.82450366
 -1.14164758 -0.04644195]"
1747093072.2456188,"[ 0.          0.41933066  0.49662372 -2.68547891 -2.26029246  1.14501666
  1.08015177  1.52771357]","[ 0.00000000e+00  2.44978413e-01  1.94914330e-01  2.21209833e-01
 -9.72350907e-03 -1.85184257e-05 -6.61372301e-05 -2.11639139e-05]","[ 0.          1.43138325 11.83966255  0.2954874  -5.04570198  0.83655852
 -1.15811694 -0.02554363]"
1747093072.2473562,"[ 0.          0.41958965  0.4968175  -2.68526187 -2.26030152  1.14501666
  1.08015177  1.52771357]","[ 0.00000000e+00  2.43746951e-01  1.96630970e-01  2.20129439e-01
 -9.18331389e-03 -1.85184257e-05 -6.61372301e-05 -2.11639139e-05]","[ 0.          1.43318498 11.80919743  0.28941917 -5.02302408  0.82486308
 -1.16578352 -0.0123853 ]"
1747093072.2485378,"[ 0.          0.42007225  0.49721101 -2.68482511 -2.26032149  1.14501666
  1.08015177  1.52771357]","[ 0.00000000e+00  2.44168113e-01  2.00142232e-01  2.22020133e-01
 -9.98348144e-03 -1.85186086e-05 -6.61378843e-05 -2.11639139e-05]","[ 0.          1.45925772 11.79782772  0.30594641 -4.88212585  0.76629066
 -1.1569078  -0.02559766]"
1747093072.250359,"[ 0.          0.42057322  0.49762337 -2.68437237 -2.2603412   1.14501666
  1.08015177  1.52771357]","[ 0.00000000e+00  2.45733719e-01  2.01762815e-01  2.20669644e-01
 -9.72350907e-03 -1.85184257e-05 -6.61372301e-05 -2.11639139e-05]","[ 0.          1.45490146 11.70352459  0.29754934 -4.69758224  0.7500115
 -1.15226912 -0.04108623]"
1747093072.2521477,"[ 0.          0.42106411  0.49802377 -2.68394067 -2.26036224  1.14501572
  1.08015177  1.52771357]","[ 0.00000000e+00  2.49570069e-01  2.02907508e-01  2.18778950e-01
 -1.02637042e-02 -1.85044548e-05 -6.60873364e-05 -2.11641232e-05]","[ 0.          1.50993967 11.68663216  0.34910414 -4.37203741  0.67404634
 -1.11846757 -0.05851022]"
1747093072.2539544,"[ 0.          0.42132953  0.49822491 -2.68370605 -2.26037182  1.14501572
  1.08015177  1.52771357]","[ 0.00000000e+00  2.50016148e-01  2.03923588e-01  2.20927006e-01
 -9.71365745e-03 -1.85186086e-05 -6.61378843e-05 -2.11641232e-05]","[ 0.          1.54427898 11.67106438  0.31445718 -4.19689322  0.6646086
 -1.1198256  -0.05148493]"
1747093072.2556813,"[ 0.          0.42182451  0.49864    -2.68326662 -2.26039073  1.14501572
  1.08015177  1.52771357]","[ 0.00000000e+00  2.51460747e-01  2.01492721e-01  2.23910811e-01
 -9.02766461e-03 -1.85186086e-05 -6.61378843e-05 -2.11639139e-05]","[ 0.          1.52223837 11.58445549  0.34919512 -3.86243033  0.58890021
 -1.07213569 -0.03019405]"
1747093072.257417,"[ 0.          0.4223163   0.49903078 -2.68282427 -2.26039846  1.14501466
  1.08015177  1.52771357]","[ 0.00000000e+00  2.47968078e-01  1.96901065e-01  2.24451000e-01
 -7.83282698e-03 -2.91003827e-05 -6.61372301e-05 -2.11639139e-05]","[ 0.          1.56347978 11.56924534  0.33989015 -3.67865467  0.54067451
 -1.07454741 -0.05267214]"
1747093072.2607336,"[ 0.          0.42282602  0.49943854 -2.68236754 -2.26041177  1.14501466
  1.08015177  1.52771357]","[ 0.00000000e+00  2.48759769e-01  1.99331932e-01  2.23100511e-01
 -5.93612365e-03 -2.91006692e-05 -6.61378843e-05 -2.11641232e-05]","[ 0.          1.52049291 11.57061386  0.33838642 -3.42825508  0.47313961
 -1.06192482 -0.04423064]"
1747093072.262404,"[ 0.          0.42358047  0.50004055 -2.68170202 -2.26042509  1.14501373
  1.08015177  1.52771357]","[ 0.00000000e+00  2.49514625e-01  1.98608617e-01  2.17165490e-01
 -3.24116978e-03 -3.70368514e-05 -6.61372301e-05 -2.11639139e-05]","[ 0.          1.45646393 11.52157879  0.39777955 -3.21505237  0.42292982
 -1.06338036 -0.07974577]"
1747093072.2642152,"[ 0.          0.42382657  0.5002357  -2.6814895  -2.26042802  1.14501373
  1.08015177  1.52771264]","[ 0.00000000e+00  2.49317202e-01  1.97981443e-01  2.15319404e-01
 -2.97107219e-03 -3.70368514e-05 -6.61372301e-05 -2.91003827e-05]","[ 0.          1.4714787  11.55677414  0.39740017 -3.20979595  0.41425902
 -1.07776582 -0.07654268]"
1747093072.2653942,"[ 0.          0.42432022  0.50062602 -2.68104874 -2.26043068  1.14501373
  1.08015177  1.52771264]","[ 0.00000000e+00  2.51460747e-01  1.97441254e-01  2.14908578e-01
 -1.08038990e-03 -3.70648338e-05 -6.61378843e-05 -2.91003827e-05]","[ 0.          1.45473957 11.61428642  0.41232952 -3.21964025  0.40350938
 -1.08922851 -0.06885442]"
1747093072.2672255,"[ 0.          0.42483129  0.50102779 -2.68062131 -2.26043121  1.14501373
  1.08015177  1.52771264]","[ 0.00000000e+00  2.48759769e-01  1.95010370e-01  2.17208168e-01
 -2.70097476e-04 -3.70372172e-05 -6.61378843e-05 -2.91006692e-05]","[ 0.          1.42872131 11.70082283  0.42694387 -3.30529189  0.43778807
 -1.10193503 -0.07605805]"
1747093072.2689958,"[ 0.          0.42507926  0.50121837 -2.68040479 -2.26043148  1.14501373
  1.08015084  1.52771264]","[ 0.00000000e+00  2.51205965e-01  1.93389787e-01  2.19589250e-01
 -2.63244924e-04 -3.70368514e-05 -6.60879907e-05 -2.91003827e-05]","[ 0.          1.37927067 11.72008324  0.43012786 -3.37558007  0.45344689
 -1.10971618 -0.0461435 ]"
1747093072.2701693,"[ 0.          0.42559401  0.50161418 -2.67995126 -2.26043308  1.14501373
  1.08015084  1.52771264]","[ 0.00000000e+00  2.51033626e-01  1.93856506e-01  2.22180855e-01
 -5.96230143e-04 -3.70368514e-05 -6.61372301e-05 -2.91003827e-05]","[ 0.          1.35194731 11.85665989  0.45635575 -3.52552509  0.47683275
 -1.10370469 -0.04218912]"
1747093072.2719605,"[ 0.          0.42584242  0.50180476 -2.67973261 -2.26043388  1.14501373
  1.08015084  1.52771264]","[ 0.00000000e+00  2.52000952e-01  1.93193845e-01  2.21750022e-01
 -6.38392613e-04 -3.70368514e-05 -5.82007654e-05 -2.91003827e-05]","[ 0.          1.37628698 11.9300375   0.43556103 -3.60420132  0.50652593
 -1.13135552 -0.06059862]"
1747093072.2731254,"[ 0.          0.4263411   0.50219322 -2.67929239 -2.2604376   1.14501373
  1.08014991  1.52771264]","[ 0.00000000e+00  2.52271047e-01  1.96901065e-01  2.23100511e-01
 -9.81462572e-04 -3.70372172e-05 -6.60873364e-05 -2.91003827e-05]","[ 0.          1.29977882 12.01006317  0.39922494 -3.88541651  0.56268597
 -1.15435195 -0.0651496 ]"
1747093072.2749338,"[ 0.          0.42661021  0.50240444 -2.6790567  -2.26044027  1.14501373
  1.08014991  1.52771264]","[ 0.00000000e+00  2.53037887e-01  1.98859387e-01  2.21721310e-01
 -1.19231191e-03 -3.70368514e-05 -6.61372301e-05 -2.91003827e-05]","[ 0.          1.25836325 12.11478138  0.40449756 -4.00454903  0.57709259
 -1.18086243 -0.06473476]"
1747093072.2767484,"[ 0.          0.42710749  0.50280165 -2.67862287 -2.26044772  1.14501373
  1.08014891  1.52771264]","[ 0.00000000e+00  2.51205965e-01  2.02367852e-01  2.19319155e-01
 -1.70221026e-03 -3.70368514e-05 -7.67191870e-05 -2.91003827e-05]","[ 0.          1.21380401 12.22080231  0.3594088  -4.20115852  0.61855954
 -1.21485782 -0.04515368]"
1747093072.2779117,"[ 0.          0.427355    0.50300185 -2.67840742 -2.26045278  1.14501373
  1.08014798  1.52771264]","[ 0.00000000e+00  2.50920558e-01  2.03113304e-01  2.18508855e-01
 -2.13791914e-03 -3.70372172e-05 -7.67191870e-05 -2.91003827e-05]","[ 0.          1.238006   12.28204441  0.33310682 -4.28449917  0.61981243
 -1.20960009 -0.04825782]"
1747093072.2797258,"[ 0.          0.42786699  0.50341511 -2.67795735 -2.2604661   1.14501373
  1.08014798  1.52771264]","[ 0.00000000e+00  2.49570069e-01  2.01222626e-01  2.20399533e-01
 -5.16034015e-03 -3.70372172e-05 -7.67199429e-05 -2.91006692e-05]","[ 0.          1.25890923 12.28822899  0.2758128  -4.40565205  0.64880359
 -1.20526838 -0.04872094]"
1747093072.280869,"[ 0.          0.42835558  0.50382793 -2.67752618 -2.26048208  1.14501373
  1.08014798  1.52771264]","[ 0.00000000e+00  2.47119728e-01  2.01868609e-01  2.17208168e-01
 -8.09881748e-03 -3.70648338e-05 -7.67184231e-05 -2.91003827e-05]","[ 0.          1.24126577 12.30518055  0.23954578 -4.4662571   0.67849845
 -1.2128284  -0.04475893]"
1747093072.282677,"[ 0.          0.42861917  0.50402537 -2.6773118  -2.2604922   1.14501373
  1.08014798  1.52771264]","[ 0.00000000e+00  2.48027233e-01  2.00142232e-01  2.17428461e-01
 -8.97256422e-03 -3.70368514e-05 -7.67191870e-05 -1.85044548e-05]","[ 0.          1.19005144 12.27599239  0.26259983 -4.46306086  0.67337984
 -1.20522857 -0.04936186]"
1747093072.284479,"[ 0.          0.42911002  0.50441892 -2.67686652 -2.26051137  1.14501373
  1.08014705  1.52771264]","[ 0.00000000e+00  2.48759769e-01  1.99129981e-01  2.17428461e-01
 -9.72350907e-03 -2.91003827e-05 -8.46556558e-05 -1.85186086e-05]","[ 0.          1.19815457 12.26040554  0.2610108  -4.37638235  0.64142436
 -1.19422042 -0.05933841]"
1747093072.2862494,"[ 0.          0.42935523  0.50461729 -2.67665373 -2.26052203  1.14501373
  1.08014705  1.52771264]","[ 0.00000000e+00  2.48759769e-01  2.01222626e-01  2.15807877e-01
 -1.07929524e-02 -2.91003827e-05 -8.46564929e-05 -1.85186086e-05]","[ 0.          1.2173171  12.26043606  0.20342694 -4.31980085  0.62778479
 -1.19238222 -0.04240504]"
1747093072.2874503,"[ 0.          0.42986862  0.50503468 -2.67621537 -2.2605412   1.14501373
  1.08014705  1.52771264]","[ 0.00000000e+00  2.50110258e-01  2.04463793e-01  2.13704263e-01
 -8.64311923e-03 -2.91003827e-05 -8.46556558e-05 -1.85184257e-05]","[ 0.          1.20604241 12.22659588  0.19334565 -4.18060684  0.57561421
 -1.16980851 -0.01706866]"
1747093072.2899075,"[ 0.          0.43038105  0.50545622 -2.67579007 -2.26055691  1.14501373
  1.08014705  1.52771264]","[ 0.00000000e+00  2.50266918e-01  2.05687233e-01  2.16668528e-01
 -7.67219259e-03 -2.91003827e-05 -8.46556558e-05 -1.85186086e-05]","[ 0.          1.2101872  12.15968227  0.1760499  -3.97251654  0.55071121
 -1.15708745 -0.04440575]"
1747093072.2916563,"[ 0.          0.4308747   0.50586122 -2.67533733 -2.2605657   1.14501373
  1.08014705  1.52771264]","[ 0.00000000e+00  2.50650463e-01  2.05274077e-01  2.22560322e-01
 -4.45660815e-03 -2.91003827e-05 -8.46556558e-05 -1.85184257e-05]","[ 0.          1.16817439 12.08575821  0.1879826  -3.79937458  0.52245277
 -1.11917782 -0.05805495]"
1747093072.2927964,"[ 0.          0.43112404  0.50606649 -2.67511655 -2.26056703  1.14501373
  1.08014705  1.52771264]","[ 0.00000000e+00  2.52811236e-01  2.08245149e-01  2.23910811e-01
 -2.56462543e-03 -2.91006692e-05 -8.46564929e-05 -1.85186086e-05]","[ 0.          1.17395461 12.08908844  0.22491683 -3.7091074   0.50340158
 -1.11549997 -0.07767884]"
1747093072.294537,"[ 0.          0.43164428  0.50649399 -2.67465183 -2.26056517  1.14501279
  1.08014705  1.52771264]","[ 0.00000000e+00  2.54040018e-01  2.09055449e-01  2.27697760e-01
  9.10260138e-04 -2.91661490e-05 -8.47836692e-05 -1.85044548e-05]","[ 0.          1.14327276 12.01450062  0.18969975 -3.56565976  0.49509308
 -1.13016677 -0.07179674]"
1747093072.2969098,"[ 0.          0.43214849  0.50690911 -2.67420256 -2.2605633   1.14501279
  1.08014705  1.52771264]","[ 0.00000000e+00  2.56052403e-01  2.10946127e-01  2.27422073e-01
  9.27469061e-04 -2.91443860e-05 -8.47836692e-05 -1.85184257e-05]","[ 0.          1.13617051 11.97429276  0.16447835 -3.4976275   0.47438973
 -1.12325203 -0.07389291]"
1747093072.2985578,"[ 0.          0.43267103  0.50734993 -2.67374343 -2.26056517  1.14501279
  1.08014705  1.52771264]","[ 0.00000000e+00  2.54780760e-01  2.16618177e-01  2.22682395e-01
  0.00000000e+00 -3.71212943e-05 -8.47836692e-05 -1.85184257e-05]","[ 0.          1.10253894 11.8900156   0.11694717 -3.43116784  0.46353012
 -1.09584439 -0.06769961]"
1747093072.3003924,"[ 0.          0.4331757   0.5077788  -2.67330534 -2.2605657   1.14501279
  1.08014705  1.52771264]","[ 0.00000000e+00  2.56332617e-01  2.17208168e-01  2.21525351e-01
 -8.88757274e-05 -3.71209245e-05 -8.48478263e-05 -1.85464284e-05]","[ 0.          1.11348677 11.81536961  0.08976083 -3.37696481  0.47374061
 -1.08058023 -0.06636314]"
1747093072.3030863,"[ 0.          0.43370008  0.50822604 -2.67286831 -2.26056464  1.14501279
  1.08014705  1.52771171]","[ 0.00000000e+00  2.56285363e-01  2.19319155e-01  2.22020133e-01
 -1.14478915e-04 -3.71209245e-05 -7.41857136e-05 -2.64548924e-05]","[ 0.          1.11571443 11.69159794  0.08513275 -3.38051891  0.46421024
 -1.07782698 -0.06927779]"
1747093072.3059945,"[ 0.          0.43447106  0.50887213 -2.67218814 -2.26056623  1.14501279
  1.08014705  1.52771171]","[ 0.00000000e+00  2.62264642e-01  2.17968666e-01  2.24223583e-01
 -3.24487941e-04 -3.71209245e-05 -7.42418490e-05 -2.64951613e-05]","[ 0.          1.08427536 11.4710083   0.06223631 -3.46110058  0.45843515
 -1.0528518  -0.07369907]"
1747093072.3087144,"[ 0.          0.4353045   0.50953106 -2.6715077  -2.2605657   1.14501279
  1.08014705  1.52771171]","[ 0.00000000e+00  2.60914170e-01  2.16888272e-01  2.23910811e-01
 -5.27881270e-05 -4.76908124e-05 -6.62372408e-05 -2.64948971e-05]","[ 0.          1.06137538 11.41555214  0.02620147 -3.56949329  0.4971922
 -1.0832715  -0.06156114]"
1747093072.3105164,"[ 0.          0.4358367   0.50997741 -2.67106908 -2.2605657   1.14501279
  1.08014705  1.52771171]","[ 0.00000000e+00  2.59043815e-01  2.17428461e-01  2.22290228e-01
  0.00000000e+00 -4.76912879e-05 -5.82887721e-05 -2.64948971e-05]","[ 0.          1.05634248 11.40787125  0.01671199 -3.65840983  0.52088493
 -1.07550371 -0.05754774]"
1747093072.312256,"[ 0.          0.43634823  0.51040767 -2.67061554 -2.2605665   1.14501279
  1.08014705  1.52771171]","[ 0.00000000e+00  2.60914170e-01  2.18508855e-01  2.21255523e-01
 -6.12314765e-05 -4.76908124e-05 -5.83334602e-05 -2.64948971e-05]","[ 0.00000000e+00  1.07005489e+00  1.13934774e+01  4.97929612e-03
 -3.71141791e+00  5.35752952e-01 -1.07494223e+00 -6.68859407e-02]"
1747093072.3140767,"[ 0.          0.43660539  0.5106414  -2.6703937  -2.2605665   1.14501279
  1.08014705  1.52771171]","[ 0.00000000e+00  2.60914170e-01  2.20174713e-01  2.24991189e-01
 -5.69294814e-05 -4.77269018e-05 -5.83328791e-05 -2.64948971e-05]","[ 0.          1.03860521 11.33499336  0.02333472 -3.79364944  0.54985934
 -1.07519913 -0.06620283]"
1747093072.315882,"[ 0.          0.43713895  0.51107486 -2.66992792 -2.2605665   1.14501279
  1.08014705  1.52771171]","[ 0.00000000e+00  2.60914170e-01  2.20399533e-01  2.27446990e-01
 -5.29245075e-05 -3.70928568e-05 -5.82887721e-05 -2.64748795e-05]","[ 0.          1.06023562 11.32193756  0.05889986 -3.88236094  0.55991167
 -1.07294548 -0.07899426]"
1747093072.3170285,"[ 0.          0.43765277  0.51150879 -2.66948264 -2.2605665   1.14501279
  1.08014705  1.52771171]","[ 0.00000000e+00  2.60914170e-01  2.20399533e-01  2.25572707e-01
 -8.27942876e-05 -3.71205547e-05 -5.83328791e-05 -2.64948971e-05]","[ 0.          1.09316015 11.35427094  0.0559187  -3.93163896  0.57416368
 -1.09413993 -0.05380305]"
1747093072.318815,"[ 0.          0.437909    0.51174298 -2.66926026 -2.26056703  1.14501279
  1.08014705  1.52771171]","[ 0.00000000e+00  2.59833775e-01  2.20425482e-01  2.25760360e-01
 -1.49029724e-04 -2.91667301e-05 -5.82893532e-05 -2.64948971e-05]","[ 0.          1.14351642 11.40898228  0.0662863  -3.93937922  0.57747298
 -1.09228039 -0.04975433]"
1747093072.3205369,"[ 0.          0.43843754  0.51217418 -2.66880486 -2.26056703  1.14501279
  1.08014705  1.52771171]","[ 0.00000000e+00  2.58204969e-01  2.17208168e-01  2.20669644e-01
 -1.40420939e-04 -2.91664395e-05 -5.83328791e-05 -2.64948971e-05]","[ 0.          1.16795909 11.43759727  0.10513441 -3.96613097  0.57994062
 -1.08962071 -0.06350546]"
1747093072.32349,"[ 0.          0.43894724  0.51262096 -2.66837689 -2.26056703  1.14501279
  1.08014705  1.52771171]","[ 0.00000000e+00  2.58761037e-01  2.18419323e-01  2.16618177e-01
 -1.03257602e-04 -2.91446766e-05 -5.82887721e-05 -1.85466133e-05]","[ 0.          1.18123138 11.47850037  0.15389475 -3.98117661  0.57578617
 -1.08565259 -0.06643131]"
1747093072.3251653,"[ 0.          0.43947944  0.51305442 -2.66793294 -2.26056703  1.14501279
  1.08014705  1.52771171]","[ 0.00000000e+00  2.59833775e-01  2.19319155e-01  2.17211729e-01
 -4.42508053e-05 -1.85604623e-05 -5.83334602e-05 -1.85464284e-05]","[ 0.          1.22930133 11.57978439  0.20095818 -3.96007347  0.56424272
 -1.10808372 -0.06966784]"
1747093072.3269224,"[ 0.          0.4397352   0.51350536 -2.66746529 -2.2605665   1.14501279
  1.08014705  1.52771171]","[ 0.00000000e+00  2.59293570e-01  2.20174713e-01  2.20916003e-01
 -4.19593676e-05 -1.85604623e-05 -5.82887721e-05 -1.85464284e-05]","[ 0.          1.21786273 11.62226391  0.23812634 -3.90119696  0.55556798
 -1.12183166 -0.06879331]"
1747093072.328726,"[ 0.          0.44026557  0.51394069 -2.66701042 -2.2605665   1.14501186
  1.08014705  1.52771171]","[ 0.00000000e+00  2.57789982e-01  2.21209833e-01  2.22661323e-01
 -3.97427419e-05 -2.64948971e-05 -5.83328791e-05 -1.85462435e-05]","[ 0.          1.26678491 11.69441319  0.28640732 -3.80829191  0.52852863
 -1.13377869 -0.07322934]"
1747093072.3304367,"[ 0.          0.44077114  0.51439206 -2.66656674 -2.26056623  1.14501186
  1.08014705  1.52771171]","[ 0.00000000e+00  2.55512214e-01  2.19319155e-01  2.25531395e-01
 -5.05104042e-05 -2.64948971e-05 -5.82887721e-05 -1.85464284e-05]","[ 0.          1.29671597 11.72408199  0.33219063 -3.70506454  0.53676832
 -1.13791776 -0.07665958]"
1747093072.3322246,"[ 0.          0.44129508  0.51482369 -2.66610841 -2.26056623  1.14501186
  1.08014705  1.52771171]","[ 0.00000000e+00  2.55242119e-01  2.18778950e-01  2.23640717e-01
 -2.40444301e-05 -2.65149452e-05 -5.83328791e-05 -1.85464284e-05]","[ 0.          1.32603359 11.81658649  0.38929495 -3.63949299  0.53179586
 -1.13165092 -0.07297382]"
1747093072.3340046,"[ 0.          0.44154625  0.51505835 -2.66588684 -2.26056623  1.14501186
  1.08014705  1.52771171]","[ 0.00000000e+00  2.54701914e-01  2.20719179e-01  2.24493411e-01
  0.00000000e+00 -2.65149452e-05 -5.83328791e-05 -1.85464284e-05]","[ 0.          1.40434444 11.82540417  0.40701044 -3.60478783  0.5157451
 -1.13604319 -0.07403951]"
1747093072.3357215,"[ 0.          0.44206973  0.51549917 -2.66542531 -2.26056623  1.14501186
  1.08014705  1.52771171]","[ 0.00000000e+00  2.56034593e-01  2.23640717e-01  2.25691617e-01
  0.00000000e+00 -3.70928568e-05 -5.82887721e-05 -1.85464284e-05]","[ 0.          1.4722811  11.90834808  0.45432892 -3.59436727  0.4976252
 -1.15835905 -0.07447918]"
1747093072.337543,"[ 0.          0.44257669  0.51596066 -2.6649779  -2.26056623  1.14501186
  1.08014705  1.52771077]","[ 0.00000000e+00  2.57132797e-01  2.26193157e-01  2.27692167e-01
  0.00000000e+00 -3.71209245e-05 -5.83322980e-05 -2.64951613e-05]","[ 0.          1.575284   11.95182228  0.49765953 -3.60267019  0.48673379
 -1.16106212 -0.07320024]"
1747093072.3393116,"[ 0.          0.44310476  0.51640927 -2.66450971 -2.26056623  1.14501186
  1.08014705  1.52771077]","[ 0.00000000e+00  2.58040752e-01  2.26921831e-01  2.28485689e-01
  0.00000000e+00 -3.70928568e-05 -5.82887721e-05 -2.64948971e-05]","[ 0.          1.61932969 11.97200298  0.52075374 -3.59816074  0.50307178
 -1.15906096 -0.06509954]"
1747093072.341105,"[ 0.          0.4433596   0.51664989 -2.66428494 -2.26056623  1.14501186
  1.08014705  1.52771077]","[ 0.00000000e+00  2.58221381e-01  2.26694680e-01  2.27962262e-01
  0.00000000e+00 -3.71209245e-05 -4.77269018e-05 -2.64948971e-05]","[ 0.          1.64055026 12.04635143  0.51153648 -3.62639856  0.50669003
 -1.14888716 -0.06290623]"
1747093072.3422737,"[ 0.          0.44386976  0.51709301 -2.6638378  -2.2605665   1.14501186
  1.08014611  1.52771077]","[ 0.00000000e+00  2.58483286e-01  2.23910811e-01  2.26341678e-01
 -8.56239348e-06 -4.76908124e-05 -5.56392812e-05 -2.64946330e-05]","[ 0.          1.67891574 12.1012249   0.52455974 -3.66698265  0.50497299
 -1.15490162 -0.06749215]"
1747093072.3439994,"[ 0.          0.44414343  0.51731481 -2.6638378  -2.2605665   1.14501186
  1.08014611  1.52771077]","[ 0.00000000e+00  2.57789982e-01  2.24991189e-01  2.26341678e-01
  0.00000000e+00 -4.76912879e-05 -5.56398379e-05 -2.64748795e-05]","[ 0.          1.69918764 12.11733246  0.52455974 -3.70561481  0.51061773
 -1.15289962 -0.06312072]"
1747093072.345703,"[ 0.          0.44465542  0.51777721 -2.66337681 -2.2605665   1.14501186
  1.08014611  1.52771077]","[ 0.00000000e+00  2.59833775e-01  2.26481428e-01  2.23910811e-01
  0.00000000e+00 -4.77269018e-05 -5.56813848e-05 -2.64948971e-05]","[ 0.          1.69944608 12.18822098  0.50692469 -3.77608442  0.5341844
 -1.18241858 -0.06014393]"
1747093072.3475273,"[ 0.          0.44516605  0.51822721 -2.66293605 -2.2605665   1.14501186
  1.08014611  1.52771077]","[ 0.00000000e+00  2.59833775e-01  2.29042656e-01  2.23910811e-01
  0.00000000e+00 -4.76908124e-05 -5.56392812e-05 -2.65149452e-05]","[ 0.          1.71057141 12.22537041  0.46936423 -3.85937023  0.54951626
 -1.20185995 -0.07444124]"
1747093072.3492787,"[ 0.          0.44544295  0.51845405 -2.66269797 -2.26056703  1.14501186
  1.08014511  1.52771077]","[ 0.00000000e+00  2.60553861e-01  2.30123051e-01  2.24186998e-01
 -1.47192894e-05 -4.77264263e-05 -6.62867037e-05 -2.64946330e-05]","[ 0.          1.70103872 12.26833725  0.48149595 -3.90231586  0.55342585
 -1.19907522 -0.06238908]"
1747093072.3504663,"[ 0.          0.44595312  0.51892609 -2.66224629 -2.26056703  1.14501186
  1.08014511  1.52771077]","[ 0.00000000e+00  2.59023475e-01  2.30456212e-01  2.30123051e-01
 -1.43288559e-05 -4.76908124e-05 -6.62873661e-05 -2.64948971e-05]","[ 0.          1.71120536 12.24420166  0.42388275 -3.98779392  0.57351458
 -1.19234395 -0.05931379]"
1747093072.3527334,"[ 0.          0.44648575  0.51937886 -2.66177065 -2.26056757  1.14501186
  1.08014511  1.52771077]","[ 0.00000000e+00  2.60799204e-01  2.29350235e-01  2.32963895e-01
 -2.71612563e-05 -3.71209245e-05 -6.62873661e-05 -2.65149452e-05]","[ 0.          1.66267002 12.24214554  0.34422773 -4.02445173  0.59534246
 -1.19627273 -0.05736689]"
1747093072.354468,"[ 0.          0.44700144  0.51984954 -2.6613062  -2.26056757  1.14501186
  1.08014511  1.52771077]","[ 0.00000000e+00  2.62264642e-01  2.29582862e-01  2.36605385e-01
 -2.64951613e-05 -3.71209245e-05 -6.62867037e-05 -2.64946330e-05]","[ 0.          1.63158488 12.24370766  0.27611324 -4.07004642  0.60005635
 -1.20081341 -0.04561954]"
1747093072.3568528,"[ 0.          0.44754512  0.52030551 -2.66084441 -2.26056757  1.14501186
  1.08014511  1.52771077]","[ 0.00000000e+00  2.65814569e-01  2.32283823e-01  2.33364218e-01
 -2.64945009e-05 -2.64948971e-05 -6.62873661e-05 -2.65152094e-05]","[ 0.          1.59507871 12.2550993   0.2276423  -4.10372114  0.6242851
 -1.16699731 -0.05489718]"
1747093072.3580327,"[ 0.          0.44807595  0.52078535 -2.6603709  -2.26056783  1.14501186
  1.08014511  1.52771077]","[ 0.00000000e+00  2.69557276e-01  2.34498475e-01  2.30663240e-01
 -3.23261922e-05 -2.64948971e-05 -6.62873661e-05 -2.64948971e-05]","[ 0.          1.54221213 12.21947289  0.15808381 -4.13891459  0.61301041
 -1.1636436  -0.05149107]"
1747093072.3597946,"[ 0.          0.44833997  0.52101817 -2.6601432  -2.26056783  1.14501186
  1.08014511  1.52771077]","[ 0.00000000e+00  2.67395405e-01  2.36065196e-01  2.30699359e-01
 -3.15705016e-05 -2.64948971e-05 -6.62372408e-05 -2.65149452e-05]","[ 0.          1.52714753 12.20784378  0.09459632 -4.13304186  0.59624207
 -1.15849507 -0.05316055]"
1747093072.3615544,"[ 0.          0.44888825  0.52153476 -2.65967022 -2.26056783  1.14501186
  1.08014511  1.52771077]","[ 0.00000000e+00  2.67936692e-01  2.34068607e-01  2.30957752e-01
 -1.89418511e-05 -1.85464284e-05 -6.62867037e-05 -2.64948971e-05]","[ 0.          1.47090507 12.20662117  0.04905596 -4.065207    0.59949392
 -1.14567733 -0.04640285]"
1747093072.3633227,"[ 0.          0.44941356  0.52199668 -2.65921562 -2.26056757  1.14501186
  1.08014511  1.52771077]","[ 0.00000000e+00  2.65505826e-01  2.33364218e-01  2.30933334e-01
 -1.23177591e-05 -1.85186086e-05 -6.62379032e-05 -1.85604623e-05]","[ 0.          1.43025351 12.19009972  0.03362401 -3.98096466  0.58759904
 -1.13216686 -0.04571106]"
1747093072.365132,"[ 0.          0.44967668  0.52222628 -2.65897087 -2.26056757  1.14501186
  1.08014511  1.52771077]","[ 0.00000000e+00  2.66585921e-01  2.32824029e-01  2.30456212e-01
 -1.23177591e-05 -1.85184257e-05 -6.62372408e-05 -1.85464284e-05]","[ 0.          1.37909901 12.16692448  0.07267057 -3.93336129  0.58667874
 -1.12004578 -0.04963148]"
1747093072.3663187,"[ 0.          0.45022449  0.52269973 -2.65852    -2.26056757  1.14501186
  1.08014511  1.52771077]","[ 0.00000000e+00  2.67665216e-01  2.31167792e-01  2.27151978e-01
 -1.20431460e-05 -1.85184257e-05 -6.62873661e-05 -1.85604623e-05]","[ 0.          1.36521542 12.13787556  0.07890263 -3.79619026  0.57215506
 -1.12577367 -0.05320467]"
1747093072.36868,"[ 0.          0.45075163  0.52315935 -2.65805741 -2.26056757  1.14501186
  1.08014511  1.52771077]","[ 0.00000000e+00  2.67396504e-01  2.33364218e-01  2.25440847e-01
 -1.17607418e-05 -1.85186086e-05 -5.82447383e-05 -1.85186086e-05]","[ 0.          1.30179536 12.12875557  0.06245704 -3.73255324  0.56068152
 -1.126948   -0.05293105]"
1747093072.370475,"[ 0.          0.45129625  0.52363509 -2.65761479 -2.26056757  1.14501186
  1.08014511  1.52771077]","[ 0.00000000e+00  2.65505826e-01  2.32013729e-01  2.24991189e-01
 -1.15290857e-05 -1.85184257e-05 -5.82447383e-05 -1.85324169e-05]","[ 0.          1.32909667 12.05070591  0.06336199 -3.71461391  0.55347848
 -1.11459577 -0.03369948]"
1747093072.3716676,"[ 0.          0.45155797  0.52386376 -2.65739215 -2.26056757  1.14501186
  1.08014511  1.52771077]","[ 0.00000000e+00  2.65505826e-01  2.32013729e-01  2.25572707e-01
 -1.15290857e-05 -1.85184257e-05 -5.82007654e-05 -1.85324169e-05]","[ 0.          1.29614139 12.09557438  0.04011745 -3.70943904  0.54345912
 -1.10452259 -0.04959421]"
1747093072.3734565,"[ 0.          0.45210072  0.5243427  -2.6569237  -2.26056757  1.14501186
  1.08014511  1.52771077]","[ 0.00000000e+00  2.65062259e-01  2.33465434e-01  2.30123051e-01
 -2.25395547e-05 -1.85324169e-05 -4.76547840e-05 -1.85186086e-05]","[ 0.          1.27356553 12.14101505  0.03782615 -3.62539268  0.5501439
 -1.09535789 -0.0430683 ]"
1747093072.3752604,"[ 0.          0.45262973  0.52480419 -2.65647043 -2.26056703  1.14501186
  1.08014511  1.52771077]","[ 0.00000000e+00  2.68746993e-01  2.34174518e-01  2.29852956e-01
 -1.10568842e-05 -1.85186086e-05 -3.70368514e-05 -1.85325998e-05]","[ 0.          1.27670789 12.1738987   0.03468094 -3.55845046  0.55102021
 -1.11159921 -0.05972334]"
1747093072.3770118,"[ 0.          0.45318074  0.52503562 -2.65600438 -2.26056703  1.14501186
  1.08014511  1.52771077]","[ 0.00000000e+00  2.69826854e-01  2.34714707e-01  2.27422073e-01
 -1.08183818e-05 -1.85324169e-05 -2.91223691e-05 -1.85186086e-05]","[ 0.          1.22690773 12.12507057  0.03974457 -3.51162457  0.54652357
 -1.10578728 -0.05884095]"
1747093072.3788438,"[ 0.          0.45344662  0.52528449 -2.6557844  -2.26056703  1.14501186
  1.08014511  1.52771077]","[ 0.00000000e+00  2.69557276e-01  2.34217744e-01  2.22874476e-01
 -1.62275732e-05 -1.85324169e-05 -2.91223691e-05 -1.85324169e-05]","[ 0.          1.23955882 12.18510246  0.03445956 -3.49869227  0.54338396
 -1.10764146 -0.05885754]"
1747093072.3806102,"[ 0.          0.45397516  0.52575104 -2.65535297 -2.26056703  1.14501093
  1.08014511  1.52771077]","[ 0.00000000e+00  2.67396504e-01  2.36065196e-01  2.17428461e-01
 -1.58849283e-05 -2.64551545e-05 -2.91006692e-05 -1.85186086e-05]","[ 0.          1.18982291 12.20480251  0.05760012 -3.507164    0.53737295
 -1.11592424 -0.05296662]"
1747093072.3823533,"[ 0.          0.45452297  0.52623823 -2.65491435 -2.26056703  1.14501093
  1.08014511  1.52771077]","[ 0.00000000e+00  2.67319172e-01  2.38230029e-01  2.13917199e-01
 -1.56026309e-05 -2.64548924e-05 -2.91223691e-05 -1.85324169e-05]","[ 0.          1.17827189 12.23683548  0.07803643 -3.56367946  0.5249508
 -1.1176306  -0.05223073]"
1747093072.3841758,"[ 0.          0.45505104  0.52670935 -2.65448824 -2.26056757  1.14501093
  1.08014418  1.52771077]","[ 0.00000000e+00  2.67935045e-01  2.38524259e-01  2.16888272e-01
 -2.54760194e-05 -2.64548924e-05 -2.91003827e-05 -1.85184257e-05]","[ 0.          1.16517985 12.322505    0.07110393 -3.59322953  0.52265447
 -1.14127564 -0.03022742]"
1747093072.3870366,"[ 0.          0.45533527  0.52694447 -2.65425814 -2.26056703  1.14501093
  1.08014418  1.52771077]","[ 0.00000000e+00  2.67569942e-01  2.38496079e-01  2.16663951e-01
 -1.52853199e-05 -2.64548924e-05 -2.91003827e-05 -1.85184257e-05]","[ 0.          1.06323981 12.28958988  0.06698108 -3.58948278  0.52779871
 -1.14127564 -0.03535907]"
1747093072.3876247,"[ 0.          0.45586563  0.52743396 -2.65383071 -2.26056703  1.14501093
  1.08014418  1.52770984]","[ 0.00000000e+00  2.69287181e-01  2.39233109e-01  2.16888272e-01
 -1.50023163e-05 -2.64551545e-05 -2.91223691e-05 -2.64751417e-05]","[ 0.          1.06784439 12.3597126   0.05383543 -3.60722065  0.53153443
 -1.15331197 -0.03638452]"
1747093072.3893692,"[ 0.          0.45641298  0.52790601 -2.65338676 -2.26056757  1.14501093
  1.08014418  1.52770984]","[ 0.00000000e+00  2.66817649e-01  2.39306363e-01  2.17211729e-01
 -2.45493339e-05 -2.64548924e-05 -2.91003827e-05 -2.64548924e-05]","[ 0.          1.05999839 12.42682266  0.03447608 -3.67177248  0.55084056
 -1.15320396 -0.04906732]"
1747093072.391816,"[ 0.          0.45694198  0.52839919 -2.65296331 -2.26056757  1.14501093
  1.08014418  1.52770984]","[ 0.00000000e+00  2.68206787e-01  2.42242331e-01  2.13160812e-01
 -2.41114785e-05 -2.64548924e-05 -2.91003827e-05 -2.64748795e-05]","[ 0.          1.0788027  12.49662876  0.01753037 -3.72873306  0.55233032
 -1.17168438 -0.04517511]"
1747093072.3930006,"[ 0.          0.45749116  0.52888362 -2.65252762 -2.26056757  1.14501093
  1.08014418  1.52770984]","[ 0.00000000e+00  2.68573022e-01  2.46869091e-01  2.12651649e-01
 -2.40779066e-05 -2.64548924e-05 -2.91003827e-05 -2.64548924e-05]","[ 0.          1.06237411 12.49303341  0.017613   -3.78330493  0.55781674
 -1.17771244 -0.05215091]"
1747093072.3947816,"[ 0.          0.45775704  0.52914767 -2.6523167  -2.26056757  1.14501093
  1.08014418  1.52770984]","[ 0.00000000e+00  2.69557276e-01  2.48762315e-01  2.13917199e-01
 -2.41110437e-05 -2.64546283e-05 -2.91226556e-05 -2.64551545e-05]","[ 0.          1.123317   12.53566742 -0.01279156 -3.8045423   0.5575183
 -1.17307234 -0.04748378]"
1747093072.396553,"[ 0.          0.45828741  0.52964222 -2.65189246 -2.26056757  1.14501093
  1.08014418  1.52770984]","[ 0.00000000e+00  2.68474701e-01  2.51205965e-01  2.15756612e-01
 -2.36561412e-05 -1.85184257e-05 -2.91003827e-05 -2.64548924e-05]","[ 0.          1.12102997 12.53803921 -0.03606025 -3.79472041  0.56809521
 -1.16811407 -0.04490932]"
1747093072.3988729,"[ 0.          0.45883752  0.53013997 -2.65145303 -2.26056757  1.14501093
  1.08014418  1.52770984]","[ 0.00000000e+00  2.67819297e-01  2.51745622e-01  2.14187294e-01
 -1.89249138e-05 -1.85184257e-05 -2.91223691e-05 -2.64548924e-05]","[ 0.          1.14321744 12.54985332 -0.06829964 -3.73640299  0.57711357
 -1.17411578 -0.06158237]"
1747093072.4005547,"[ 0.          0.45936236  0.53065242 -2.65103412 -2.26056757  1.14501093
  1.08014418  1.52770984]","[ 0.00000000e+00  2.65775920e-01  2.50110258e-01  2.12026522e-01
 -1.85991178e-05 -1.85186086e-05 -2.91003827e-05 -2.64551545e-05]","[ 0.          1.14709783 12.59105015 -0.04644025 -3.7126236   0.56732517
 -1.16983199 -0.05105922]"
1747093072.402318,"[ 0.          0.45990422  0.53116948 -2.65060855 -2.26056757  1.14501093
  1.08014325  1.52770984]","[ 0.00000000e+00  2.64309950e-01  2.53025371e-01  2.06145396e-01
 -1.82843487e-05 -1.85184257e-05 -3.70648338e-05 -1.85184257e-05]","[ 0.          1.1432898  12.60724258 -0.03828256 -3.69562244  0.54605526
 -1.16707397 -0.05575398]"
1747093072.4040432,"[ 0.          0.4604277   0.53167045 -2.65020907 -2.26056757  1.14501093
  1.08014325  1.52770984]","[ 0.00000000e+00  2.66046015e-01  2.54161725e-01  2.02032910e-01
 -1.79800576e-05 -1.85184257e-05 -3.70368514e-05 -1.85184257e-05]","[ 0.00000000e+00  1.16958880e+00  1.25691328e+01  4.48523322e-03
 -3.68138719e+00  5.16207755e-01 -1.18476522e+00 -3.69923338e-02]"
1747093072.405789,"[ 0.          0.46068942  0.53192209 -2.64999602 -2.26056757  1.14501093
  1.08014325  1.52770984]","[ 0.00000000e+00  2.65505826e-01  2.55242119e-01  2.00614760e-01
 -1.76634415e-05 -1.85184257e-05 -3.70368514e-05 -1.85184257e-05]","[ 0.00000000e+00  1.15925753e+00  1.25321760e+01  1.10695399e-02
 -3.66617584e+00  5.26133478e-01 -1.17581284e+00 -3.84441055e-02]"
1747093072.407573,"[ 0.          0.46123633  0.53244463 -2.64960187 -2.26056703  1.14501093
  1.08014325  1.52770984]","[ 0.00000000e+00  2.67319172e-01  2.55031530e-01  1.99669621e-01
 -8.83157346e-06 -1.85046377e-05 -3.70372172e-05 -1.85046377e-05]","[ 0.          1.20052707 12.49141884  0.0260288  -3.61540461  0.54346079
 -1.17155254 -0.02798245]"
1747093072.409924,"[ 0.          0.46176071  0.53294331 -2.649204   -2.26056703  1.14501093
  1.08014325  1.52770984]","[ 0.00000000e+00  2.65506625e-01  2.52271047e-01  2.02573099e-01
  0.00000000e+00 -1.85184257e-05 -3.70368514e-05 -1.85184257e-05]","[ 0.          1.23012292 12.46392632  0.04221545 -3.54742599  0.54321963
 -1.16684115 -0.04492653]"
1747093072.411699,"[ 0.          0.46230346  0.53344385 -2.64878508 -2.26056703  1.14501093
  1.08014325  1.52770984]","[ 0.00000000e+00  2.65062259e-01  2.54431819e-01  2.05003982e-01
  0.00000000e+00 -1.85184257e-05 -3.70368514e-05 -1.85044548e-05]","[ 0.          1.28409994 12.4514904   0.03792763 -3.5434761   0.53963763
 -1.15973592 -0.05232682]"
1747093072.4135256,"[ 0.          0.46282511  0.53396916 -2.64838001 -2.26056703  1.14501093
  1.08014325  1.52770984]","[ 0.00000000e+00  2.64157517e-01  2.57132797e-01  2.05003982e-01
  0.00000000e+00 -1.85186086e-05 -3.70368514e-05 -1.85186086e-05]","[ 0.          1.25858939 12.45210361  0.05209936 -3.56400323  0.54833639
 -1.15730333 -0.04900607]"
1747093072.415723,"[ 0.          0.46336513  0.53447885 -2.64795843 -2.26056703  1.14501093
  1.08014325  1.52770984]","[ 0.00000000e+00  2.64061310e-01  2.59023475e-01  2.05687233e-01
  0.00000000e+00 -1.85184257e-05 -3.70368514e-05 -1.85044548e-05]","[ 0.          1.28120482 12.45536232  0.04646967 -3.59635425  0.5406791
 -1.16232657 -0.0426611 ]"
1747093072.417435,"[ 0.          0.46388538  0.53500416 -2.64755683 -2.26056703  1.14501093
  1.08014325  1.52770984]","[ 0.00000000e+00  2.62534753e-01  2.55792978e-01  2.03113304e-01
  0.00000000e+00 -1.85184257e-05 -3.70368514e-05 -1.85184257e-05]","[ 0.          1.27635539 12.4604826   0.02523549 -3.62092137  0.53714746
 -1.17618823 -0.04963396]"
1747093072.419747,"[ 0.          0.46441898  0.53550743 -2.6471467  -2.26056703  1.14501093
  1.08014325  1.52770984]","[ 0.00000000e+00  2.60373964e-01  2.54701914e-01  1.99862467e-01
  0.00000000e+00 -1.85044548e-05 -3.70368514e-05 -1.85186086e-05]","[ 0.          1.26462746 12.54562092  0.01393688 -3.61671543  0.53579557
 -1.19285488 -0.05216548]"
1747093072.421462,"[ 0.          0.46493097  0.53602861 -2.64675176 -2.26056703  1.14501093
  1.08014225  1.52770984]","[ 0.00000000e+00  2.59030865e-01  2.54161725e-01  2.00479088e-01
  0.00000000e+00 -1.85184257e-05 -4.76192757e-05 -1.85184257e-05]","[ 0.          1.25124764 12.63146782 -0.01453442 -3.63574767  0.55935705
 -1.19188309 -0.03547042]"
1747093072.4239023,"[ 0.          0.46546087  0.53655349 -2.6463427  -2.26056757  1.14501093
  1.08014225  1.52770984]","[ 0.00000000e+00  2.59796125e-01  2.56044280e-01  1.99360927e-01
 -7.07065185e-06 -1.85184257e-05 -4.76188043e-05 -1.85184257e-05]","[ 0.          1.28081155 12.6660881  -0.01736303 -3.65551662  0.59338605
 -1.18788779 -0.03166303]"
1747093072.4256043,"[ 0.          0.46597469  0.53705859 -2.64595521 -2.26056757  1.14501093
  1.08014225  1.52770984]","[ 0.00000000e+00  2.61184264e-01  2.55242119e-01  1.96090765e-01
 -6.97235595e-06 -1.85186086e-05 -4.76188043e-05 -1.85186086e-05]","[ 0.          1.29583025 12.68416214 -0.04776068 -3.70255899  0.60130799
 -1.20218158 -0.04418078]"
1747093072.4274032,"[ 0.          0.46650599  0.53758067 -2.64555387 -2.26056757  1.14501093
  1.08014225  1.52770984]","[ 0.00000000e+00  2.58299062e-01  2.55031530e-01  1.96090765e-01
 -6.87001467e-06 -1.85044548e-05 -4.76192757e-05 -1.85184257e-05]","[ 0.          1.33475089 12.72380543 -0.09688717 -3.74027348  0.59754342
 -1.19531322 -0.03947628]"
1747093072.4291394,"[ 0.          0.46675946  0.53783231 -2.64536239 -2.26056757  1.14501093
  1.08014225  1.52770984]","[ 0.00000000e+00  2.57132797e-01  2.55242119e-01  1.94200087e-01
  0.00000000e+00 -1.85184257e-05 -4.76188043e-05 -1.85184257e-05]","[ 0.          1.29391277 12.73908424 -0.1021807  -3.76015854  0.60316098
 -1.18717194 -0.04367261]"
1747093072.430899,"[ 0.          0.46726273  0.53833468 -2.64498448 -2.26056703  1.14501093
  1.08014132  1.52770984]","[ 0.00000000e+00  2.53891630e-01  2.54701914e-01  1.90418714e-01
  6.69320934e-06 -1.05739739e-05 -5.82007654e-05 -1.85184257e-05]","[ 0.          1.29618168 12.79120541 -0.13343593 -3.73403335  0.60746944
 -1.17381167 -0.01949476]"
1747093072.4326756,"[ 0.          0.46777792  0.53886275 -2.64459513 -2.26056703  1.14501093
  1.08014132  1.52770984]","[ 0.00000000e+00  2.51534683e-01  2.59043815e-01  1.90418714e-01
  6.61745355e-06 -1.05820616e-05 -5.82013384e-05 -1.85044548e-05]","[ 0.          1.30829275 12.83487511 -0.13049893 -3.71252322  0.60081559
 -1.20296979 -0.04994388]"
1747093072.434462,"[ 0.          0.4682757   0.53937657 -2.6442119  -2.26056703  1.14501093
  1.08014132  1.52770984]","[ 0.00000000e+00  2.51745622e-01  2.60110161e-01  1.95622265e-01
  6.61121126e-06 -1.05739739e-05 -5.82007654e-05 -1.85186086e-05]","[ 0.          1.31025827 12.83950996 -0.12741995 -3.6940608   0.62279338
 -1.21118414 -0.04382394]"
1747093072.436803,"[ 0.          0.46877254  0.53991566 -2.64380524 -2.26056703  1.14501093
  1.08014132  1.52770984]","[ 0.00000000e+00  2.52000952e-01  2.64309950e-01  1.98791743e-01
  6.53745022e-06 -1.05819570e-05 -5.82007654e-05 -1.85325998e-05]","[ 0.          1.29717958 12.76835442 -0.1453505  -3.65467787  0.64004189
 -1.21708906 -0.02187075]"
1747093072.4385583,"[ 0.          0.4692873   0.54043821 -2.64340763 -2.26056703  1.14501093
  1.08014132  1.52770984]","[ 0.00000000e+00  2.50110258e-01  2.65505826e-01  2.02843210e-01
  6.45333192e-06 -1.05739739e-05 -5.82013384e-05 -1.05819570e-05]","[ 0.          1.28611672 12.6899128  -0.16672674 -3.60176277  0.6388517
 -1.20340919 -0.02871116]"
1747093072.4402907,"[ 0.          0.46977862  0.54096445 -2.64298978 -2.2605665   1.14501093
  1.08014132  1.52770984]","[ 0.00000000e+00  2.48507734e-01  2.66856298e-01  2.04376292e-01
  1.27541445e-05 -1.05819570e-05 -5.82013384e-05 -1.05899522e-05]","[ 0.          1.24075782 12.59356594 -0.17519072 -3.54897451  0.63531613
 -1.18889081 -0.03533949]"
1747093072.4421697,"[ 0.          0.47028832  0.54151779 -2.64259296 -2.2605665   1.14501093
  1.08014132  1.52770984]","[ 0.00000000e+00  2.48759769e-01  2.71177859e-01  1.99872137e-01
  1.57425133e-05 -1.05739739e-05 -5.82007654e-05 -1.05819570e-05]","[ 0.          1.15966272 12.54476643 -0.18551375 -3.45714355  0.6286183
 -1.1692009  -0.05080718]"
1747093072.443932,"[ 0.          0.47053353  0.54178504 -2.64239829 -2.2605665   1.14501093
  1.08014132  1.52770984]","[ 0.00000000e+00  2.48759769e-01  2.71177859e-01  1.97441254e-01
  1.55609377e-05 -1.05819570e-05 -4.76183330e-05 -1.05900569e-05]","[ 0.          1.14332664 12.54831982 -0.17470613 -3.4329505   0.62547868
 -1.13726199 -0.03844396]"
1747093072.445763,"[ 0.          0.47104462  0.54234753 -2.64199828 -2.2605665   1.14501093
  1.08014132  1.52770984]","[ 0.00000000e+00  2.49013085e-01  2.75769515e-01  1.93659898e-01
  1.53836798e-05 -1.05819570e-05 -4.76188043e-05 -1.05819570e-05]","[ 0.          1.12180734 12.41972065 -0.1936672  -3.37049818  0.60529
 -1.13437438 -0.03107563]"
1747093072.4481087,"[ 0.          0.47153501  0.54289258 -2.64160253 -2.2605665   1.14501093
  1.08014132  1.52770984]","[ 0.00000000e+00  2.48219580e-01  2.77120004e-01  1.92840943e-01
  1.53836798e-05 -1.05819570e-05 -4.76192757e-05 -1.05819570e-05]","[ 0.          1.09731185 12.28480721 -0.18597236 -3.35700989  0.5998596
 -1.14030564 -0.04352566]"
1747093072.4498994,"[ 0.          0.47203691  0.54346153 -2.64121957 -2.26056623  1.14501093
  1.08014132  1.52770984]","[ 0.00000000e+00  2.43746951e-01  2.77339532e-01  1.94470181e-01
  1.80490078e-05 -1.05820616e-05 -3.70372172e-05 -1.05820616e-05]","[ 0.          1.02621162 12.19994736 -0.21827233 -3.29008126  0.58211863
 -1.13476276 -0.03410707]"
1747093072.4529479,"[ 0.          0.47251538  0.54400888 -2.64083421 -2.2605657   1.14501093
  1.08014132  1.52770984]","[ 0.00000000e+00  2.42007340e-01  2.77660210e-01  1.95550576e-01
  2.10393505e-05 -1.05820616e-05 -3.70092754e-05 -1.05819570e-05]","[ 0.00000000e+00  9.98663366e-01  1.21335239e+01 -2.53921390e-01
 -3.21493268e+00  5.77974439e-01 -1.14891171e+00 -9.39777028e-03]"
1747093072.4545476,"[ 0.          0.47324093  0.54485793 -2.64024326 -2.2605657   1.14501093
  1.08014132  1.52770984]","[ 0.00000000e+00  2.39036268e-01  2.80077128e-01  1.94200087e-01
  2.05812987e-05 -1.05819570e-05 -3.70368514e-05 -1.05819570e-05]","[ 0.          0.95831633 12.00697041 -0.2554169  -3.13324237  0.57869262
 -1.12343919 -0.02679833]"
1747093072.4568596,"[ 0.          0.47372902  0.54543144 -2.63984698 -2.2605657   1.14501093
  1.08014132  1.52770984]","[ 0.00000000e+00  2.37728506e-01  2.79857617e-01  1.92840943e-01
  2.03596686e-05 -1.05820616e-05 -3.70368514e-05 -1.05820616e-05]","[ 0.          0.95048714 11.93149757 -0.27796045 -3.15710092  0.5409677
 -1.11187732 -0.02699438]"
1747093072.458584,"[ 0.          0.47419694  0.54598155 -2.63946908 -2.2605657   1.14501093
  1.08014132  1.52770984]","[ 0.00000000e+00  2.36365667e-01  2.77930304e-01  1.90765441e-01
  2.03594472e-05 -1.05819570e-05 -3.70372172e-05 -1.05819570e-05]","[ 0.          0.95427287 11.88251877 -0.31479603 -3.19351268  0.51735401
 -1.11673415 -0.0329492 ]"
1747093072.4608967,"[ 0.          0.47466119  0.54655143 -2.63907599 -2.2605657   1.14501093
  1.08014132  1.52770984]","[ 0.00000000e+00  2.35254896e-01  2.78854521e-01  1.92849598e-01
  2.01262357e-05 -1.05820616e-05 -3.70368514e-05 -1.05819570e-05]","[ 0.          1.00153625 11.91016483 -0.32733986 -3.1970458   0.52465087
 -1.13019335 -0.05168258]"
1747093072.4633014,"[ 0.          0.47514013  0.54710473 -2.63868877 -2.26056517  1.14501093
  1.08014039  1.52770984]","[ 0.00000000e+00  2.32824029e-01  2.81171488e-01  1.97171159e-01
  2.53168234e-05 -1.05820616e-05 -4.76192757e-05 -1.05820616e-05]","[ 0.          0.97065777 11.95455647 -0.3309589  -3.19486499  0.55938476
 -1.14189494 -0.03365775]"
1747093072.465089,"[ 0.          0.47583994  0.54796251 -2.63809329 -2.2605657   1.14501093
  1.08014039  1.52770984]","[ 0.00000000e+00  2.30740488e-01  2.82866823e-01  1.95280481e-01
  1.95031931e-05 -1.05980643e-05 -4.76192757e-05 -1.05899522e-05]","[ 0.          0.92121845 12.12834167 -0.33774367 -3.20603037  0.58273613
 -1.13298345 -0.03409422]"
1747093072.4674172,"[ 0.          0.47628995  0.54851721 -2.63771032 -2.2605657   1.14501093
  1.08014039  1.52770984]","[ 0.00000000e+00  2.26881884e-01  2.80616751e-01  1.93659898e-01
  1.92888837e-05 -1.05979587e-05 -4.75828816e-05 -1.05819570e-05]","[ 0.          0.89116478 12.20704651 -0.3443127  -3.26068068  0.59439307
 -1.11812115 -0.02445079]"
1747093072.4697263,"[ 0.          0.47675327  0.54909119 -2.63732044 -2.2605657   1.14501093
  1.08014039  1.52770984]","[ 0.00000000e+00  2.25801489e-01  2.81111434e-01  1.88606849e-01
  1.90938889e-05 -1.05979587e-05 -4.76908124e-05 -1.06059783e-05]","[ 0.          0.88012761 12.37770939 -0.31869525 -3.32194614  0.59717268
 -1.13390875 -0.02869207]"
1747093072.471431,"[ 0.          0.47719133  0.54964819 -2.63695905 -2.2605657   1.14501093
  1.08014039  1.52770984]","[ 0.00000000e+00  2.20985695e-01  2.82775343e-01  1.82045703e-01
  1.88884322e-05 -1.06060839e-05 -4.76547840e-05 -1.05979587e-05]","[ 0.          0.88391417 12.59766579 -0.33515972 -3.34669256  0.59362382
 -1.16348875 -0.03268516]"
1747093072.4738843,"[ 0.          0.47763951  0.55023182 -2.63658754 -2.2605657   1.14501093
  1.08014039  1.52770984]","[ 0.00000000e+00  2.18419323e-01  2.85607116e-01  1.82585892e-01
  1.87160558e-05 -1.05979587e-05 -4.76908124e-05 -1.06059783e-05]","[ 0.00000000e+00  8.93824875e-01  1.27988586e+01 -3.32188189e-01
 -3.37449431e+00  6.01038396e-01 -1.18686974e+00 -9.07854643e-03]"
1747093072.475552,"[ 0.          0.47807021  0.55079341 -2.63622774 -2.2605657   1.14501093
  1.08014039  1.52770984]","[ 0.00000000e+00  2.18508855e-01  2.84952844e-01  1.83396192e-01
  1.32274462e-05 -1.06059783e-05 -4.76908124e-05 -1.05978530e-05]","[ 0.00000000e+00  9.22394872e-01  1.28757601e+01 -2.99391538e-01
 -3.37836576e+00  6.16149485e-01 -1.16930485e+00 -7.11202435e-03]"
1747093072.4793086,"[ 0.          0.47851885  0.55135774 -2.63585117 -2.2605657   1.14501093
  1.08014039  1.52770984]","[ 0.00000000e+00  2.19171633e-01  2.85493033e-01  1.83936381e-01
  1.32274462e-05 -1.05979587e-05 -4.76908124e-05 -1.06059783e-05]","[ 0.          0.9630577  13.0256815  -0.26700756 -3.37760973  0.62630153
 -1.1474278  -0.02287612]"
1747093072.4809096,"[ 0.          0.47917502  0.5522426  -2.63530363 -2.26056517  1.14501093
  1.08013946  1.52770984]","[ 0.00000000e+00  2.22560322e-01  2.94107959e-01  1.85556964e-01
  1.85186086e-05 -1.06059783e-05 -5.56392812e-05 -1.05979587e-05]","[ 0.00000000e+00  9.40483153e-01  1.31891384e+01 -2.59425908e-01
 -3.36528277e+00  6.16277456e-01 -1.21835947e+00 -1.30247222e-02]"
1747093072.4826531,"[ 0.          0.47962869  0.55284874 -2.63492306 -2.26056517  1.14501093
  1.08013946  1.52770984]","[ 0.00000000e+00  2.20669644e-01  2.95656022e-01  1.84829305e-01
  1.85324169e-05  0.00000000e+00 -5.56392812e-05 -1.06058726e-05]","[ 0.00000000e+00  9.03714240e-01  1.32694674e+01 -2.80549854e-01
 -3.34463787e+00  6.08955622e-01 -1.20939302e+00 -2.32571061e-03]"
1747093072.4844203,"[ 0.          0.48006035  0.55343513 -2.63456273 -2.26056517  1.14501093
  1.08013946  1.52770984]","[ 0.00000000e+00  2.18778950e-01  2.97885487e-01  1.82315797e-01
  2.38094022e-05  0.00000000e+00 -5.56392812e-05 -1.05979587e-05]","[ 0.          0.90228987 13.34807777 -0.31794736 -3.29995012  0.61561
 -1.18032336 -0.02527158]"
1747093072.4868102,"[ 0.          0.48050437  0.55404723 -2.63418963 -2.26056517  1.14501093
  1.08013946  1.52770984]","[ 0.00000000e+00  2.15537783e-01  2.99166767e-01  1.81775608e-01
  1.85186086e-05  0.00000000e+00 -4.76908124e-05 -1.06059783e-05]","[ 0.          0.88229793 13.38449478 -0.30645135 -3.24051404  0.6177718
 -1.17672408 -0.03048639]"
1747093072.4885323,"[ 0.          0.48092728  0.55464235 -2.63383383 -2.26056464  1.14501093
  1.08013846  1.52770984]","[ 0.00000000e+00  2.13970280e-01  3.03049356e-01  1.80155025e-01
  2.38094022e-05  0.00000000e+00 -5.82887721e-05  0.00000000e+00]","[ 0.          0.85841638 13.41318035 -0.27940819 -3.18234897  0.60386276
 -1.19587469 -0.02044222]"
1747093072.4903002,"[ 0.          0.48113943  0.55494172 -2.63364181 -2.26056464  1.14501093
  1.08013846  1.52770984]","[ 0.00000000e+00  2.15486234e-01  3.03589578e-01  1.80633978e-01
  2.91003827e-05  0.00000000e+00 -5.82887721e-05  0.00000000e+00]","[ 0.          0.85997391 13.31261921 -0.30252475 -3.14995956  0.60161066
 -1.20055676 -0.03403378]"
1747093072.4920032,"[ 0.          0.48157796  0.5555667  -2.63328522 -2.26056464  1.14501093
  1.08013846  1.52770984]","[ 0.00000000e+00  2.13647105e-01  3.05710387e-01  1.80781949e-01
  2.91003827e-05  0.00000000e+00 -5.83328791e-05  0.00000000e+00]","[ 0.          0.83905125 13.20252895 -0.31557196 -3.12972379  0.59798026
 -1.17157698 -0.02886783]"
1747093072.4938056,"[ 0.          0.4819995   0.55617143 -2.63293075 -2.26056437  1.14501093
  1.08013846  1.52770984]","[ 0.00000000e+00  2.12836805e-01  3.06830745e-01  1.78804536e-01
  3.17458709e-05  0.00000000e+00 -5.82887721e-05  0.00000000e+00]","[ 0.          0.81646836 13.04486942 -0.32920834 -3.07112217  0.59795356
 -1.15226376 -0.03480791]"
1747093072.495504,"[ 0.          0.48243206  0.5568019  -2.63257069 -2.26056437  1.14501093
  1.08013846  1.52770984]","[ 0.00000000e+00  2.10946127e-01  3.08181234e-01  1.74036362e-01
  3.17458709e-05  0.00000000e+00 -5.83328791e-05  0.00000000e+00]","[ 0.          0.82632351 12.91776848 -0.32259008 -3.05375361  0.59432483
 -1.17838895 -0.01681621]"
1747093072.4977763,"[ 0.          0.48287884  0.5574117  -2.63222954 -2.26056437  1.14501093
  1.08013846  1.52770984]","[ 0.00000000e+00  2.09448964e-01  3.09261612e-01  1.72322185e-01
  3.17698567e-05  0.00000000e+00 -5.82887721e-05  0.00000000e+00]","[ 0.          0.8447535  12.75795937 -0.34245133 -3.03787565  0.59281123
 -1.17994058 -0.01391251]"
1747093072.4995399,"[ 0.          0.48327512  0.5580486  -2.63188226 -2.26056437  1.14501093
  1.08013846  1.52770984]","[ 0.00000000e+00  2.09055449e-01  3.11203656e-01  1.67730529e-01
  3.17458709e-05  0.00000000e+00 -5.83328791e-05  0.00000000e+00]","[ 0.          0.83603191 12.67727089 -0.33225167 -3.00808144  0.59128267
 -1.16236401 -0.02106814]"
1747093072.5017924,"[ 0.          0.48374257  0.55866022 -2.6315539  -2.26056384  1.14501093
  1.08013846  1.52770984]","[ 0.00000000e+00  2.12651649e-01  3.10612101e-01  1.65671823e-01
  3.70651995e-05  0.00000000e+00 -5.82893532e-05  0.00000000e+00]","[ 0.          0.83901131 12.59296131 -0.32034376 -2.95344257  0.56402254
 -1.15756166 -0.01341362]"
1747093072.503513,"[ 0.          0.48416412  0.55929299 -2.63121594 -2.26056384  1.14501093
  1.08013846  1.52770984]","[ 0.00000000e+00  2.13970280e-01  3.08484935e-01  1.65839851e-01
  3.70368514e-05  0.00000000e+00 -4.77269018e-05  0.00000000e+00]","[ 0.          0.82892227 12.54989052 -0.32666877 -2.93454862  0.57070577
 -1.16706634 -0.01673356]"
1747093072.5053108,"[ 0.          0.48437487  0.55959839 -2.63105029 -2.26056384  1.14501093
  1.08013846  1.52770984]","[ 0.00000000e+00  2.13647105e-01  3.09487914e-01  1.68000624e-01
  3.70368514e-05  0.00000000e+00 -4.76908124e-05  0.00000000e+00]","[ 0.          0.85526133 12.58551025 -0.32269862 -2.94560027  0.55843866
 -1.15992606 -0.01904306]"
1747093072.5084124,"[ 0.          0.48502052  0.56054428 -2.63053151 -2.26056384  1.14501093
  1.08013846  1.52770984]","[ 0.00000000e+00  2.10405938e-01  3.12457505e-01  1.72147598e-01
  3.70368514e-05  0.00000000e+00 -4.77269018e-05  0.00000000e+00]","[ 0.          0.74835706 12.45656109 -0.43599355 -2.97742462  0.57152069
 -1.13913071 -0.01683769]"
1747093072.5107362,"[ 0.          0.48543331  0.56147232 -2.63002311 -2.26056384  1.14501093
  1.08013846  1.52770984]","[ 0.00000000e+00  2.08515244e-01  3.12995630e-01  1.72322185e-01
  3.17701716e-05  0.00000000e+00 -4.76903370e-05  0.00000000e+00]","[ 0.          0.66757625 12.42905045 -0.48187378 -3.03372765  0.59687519
 -1.14118457 -0.01840946]"
1747093072.5124207,"[ 0.          0.48585945  0.56210968 -2.62966811 -2.26056384  1.14501093
  1.08013846  1.52770984]","[ 0.00000000e+00  2.07164771e-01  3.11454426e-01  1.73132485e-01
  3.17461838e-05  0.00000000e+00 -4.76908124e-05  0.00000000e+00]","[ 0.          0.60888922 12.45301914 -0.54710537 -3.05451298  0.59340209
 -1.15317762 -0.01986918]"
1747093072.5141547,"[ 0.          0.48628283  0.56272774 -2.62933601 -2.2605633   1.14501093
  1.08013846  1.52770984]","[ 0.00000000e+00  2.06633204e-01  3.13853268e-01  1.66920246e-01
  3.70648338e-05  0.00000000e+00 -4.76903370e-05  0.00000000e+00]","[ 0.          0.59444278 12.49791908 -0.59384137 -3.08131242  0.61285955
 -1.14085531 -0.01364659]"
1747093072.5159254,"[ 0.          0.48668966  0.56334812 -2.62900232 -2.2605633   1.14501093
  1.08013846  1.52770984]","[ 0.00000000e+00  2.05605740e-01  3.14933646e-01  1.62058479e-01
  3.70368514e-05  0.00000000e+00 -4.76908124e-05  0.00000000e+00]","[ 0.          0.53241378 12.58702087 -0.63367712 -3.09816289  0.60193813
 -1.16885269 -0.01350289]"
1747093072.5176764,"[ 0.          0.48690777  0.56368288 -2.62882096 -2.2605633   1.14501093
  1.08013846  1.52770984]","[ 0.00000000e+00  2.05572950e-01  3.14919431e-01  1.59368420e-01
  3.70368514e-05  0.00000000e+00 -4.76908124e-05  0.00000000e+00]","[ 0.00000000e+00  5.51311255e-01  1.25948277e+01 -6.36477411e-01
 -3.10245371e+00  6.06973827e-01 -1.17299509e+00 -3.36554204e-03]"
1747093072.5194423,"[ 0.          0.48731234  0.5643     -2.62849712 -2.2605633   1.14501093
  1.08013846  1.52770984]","[ 0.00000000e+00  2.03923588e-01  3.12772890e-01  1.58166319e-01
  3.70368514e-05  0.00000000e+00 -4.77264263e-05  0.00000000e+00]","[ 0.00000000e+00  5.29574037e-01  1.26330776e+01 -6.46503448e-01
 -3.08147001e+00  6.06409311e-01 -1.18126237e+00 -1.29447016e-03]"
1747093072.5211744,"[ 0.          0.48772513  0.56494428 -2.62818952 -2.26056304  1.14501093
  1.08013846  1.52770984]","[ 0.00000000e+00  2.00614760e-01  3.15215941e-01  1.54339223e-01
  3.96823397e-05  0.00000000e+00 -3.70928568e-05  0.00000000e+00]","[ 0.00000000e+00  5.08304775e-01  1.26812286e+01 -6.16108537e-01
 -3.08226180e+00  6.02556467e-01 -1.16246986e+00 -5.96091803e-03]"
1747093072.5230725,"[ 0.          0.48812417  0.56557013 -2.62787367 -2.26056304  1.14501093
  1.08013846  1.52770984]","[ 0.00000000e+00  2.01762815e-01  3.18122282e-01  1.53685467e-01
  3.97127115e-05  0.00000000e+00 -3.71209245e-05  0.00000000e+00]","[ 0.00000000e+00  4.87270981e-01  1.27643232e+01 -6.33580685e-01
 -3.01106238e+00  6.10727012e-01 -1.16700804e+00 -7.40490109e-03]"
1747093072.524887,"[ 0.          0.48832254  0.56588425 -2.62772294 -2.26056304  1.14501093
  1.08013752  1.52770984]","[ 0.00000000e+00  2.01018745e-01  3.18715035e-01  1.52875167e-01
  4.49737631e-05  0.00000000e+00 -4.76908124e-05  0.00000000e+00]","[ 0.00000000e+00  4.61338073e-01  1.28446550e+01 -6.21525705e-01
 -2.99388075e+00  6.04765415e-01 -1.18791401e+00 -5.12861880e-03]"
1747093072.526606,"[ 0.          0.4887326   0.56653492 -2.62741082 -2.26056251  1.14501093
  1.08013752  1.52770984]","[ 0.00000000e+00  2.00614760e-01  3.17634624e-01  1.52467221e-01
  5.03022715e-05  0.00000000e+00 -4.76908124e-05  0.00000000e+00]","[ 0.          0.47840327 12.97594833 -0.62430567 -2.9505384   0.59892982
 -1.19000947 -0.01406495]"
1747093072.5283716,"[ 0.          0.48912795  0.5671603  -2.62711414 -2.26056251  1.14501093
  1.08013752  1.52770984]","[ 0.00000000e+00  2.00479088e-01  3.16554246e-01  1.49752211e-01
  5.03403034e-05  0.00000000e+00 -4.76908124e-05  0.00000000e+00]","[ 0.00000000e+00  4.95505810e-01  1.31060085e+01 -6.43818557e-01
 -2.92968130e+00  5.65885663e-01 -1.19877839e+00 -5.46556851e-03]"
1747093072.530063,"[ 0.          0.48953571  0.56781417 -2.62696953 -2.26056251  1.14501093
  1.08013752  1.52770984]","[ 0.00000000e+00  1.98672317e-01  3.19525302e-01  1.46662928e-01
  4.50754075e-05  0.00000000e+00 -3.70928568e-05  0.00000000e+00]","[ 0.00000000e+00  4.99340832e-01  1.31384954e+01 -6.53742015e-01
 -2.93921614e+00  5.64565182e-01 -1.21142757e+00 -2.91012297e-03]"
1747093072.5318942,"[ 0.          0.48972996  0.56813056 -2.6268156  -2.26056251  1.14501093
  1.08013752  1.52770984]","[ 0.00000000e+00  1.96901065e-01  3.20875791e-01  1.44944174e-01
  4.50749605e-05  0.00000000e+00 -3.71209245e-05  0.00000000e+00]","[ 0.00000000e+00  5.06313264e-01  1.31765718e+01 -6.62654877e-01
 -2.93095112e+00  5.68540990e-01 -1.21656454e+00 -9.64692328e-03]"
1747093072.5336604,"[ 0.          0.49011429  0.56878536 -2.62653543 -2.26056197  1.14501093
  1.08013752  1.52770984]","[ 0.00000000e+00  1.93659898e-01  3.19479030e-01  1.41927328e-01
  5.03403034e-05  0.00000000e+00 -3.70932266e-05  0.00000000e+00]","[ 0.00000000e+00  5.23397088e-01  1.32820301e+01 -6.64648235e-01
 -2.93778491e+00  5.62670827e-01 -1.20936513e+00 -7.95890694e-04]"
1747093072.535406,"[ 0.          0.4905069   0.5694172  -2.62624675 -2.26056197  1.14501093
  1.08013752  1.52770984]","[ 0.00000000e+00  1.90958920e-01  3.21201562e-01  1.41064713e-01
  5.03783961e-05  0.00000000e+00 -3.71209245e-05  0.00000000e+00]","[ 0.00000000e+00  5.34002721e-01  1.33704472e+01 -6.55577064e-01
 -2.88328218e+00  5.82762003e-01 -1.23332644e+00  6.26062229e-03]"
1747093072.5371792,"[ 0.          0.49087748  0.57007893 -2.62596845 -2.26056144  1.14501093
  1.08013659  1.52770984]","[ 0.00000000e+00  1.87177547e-01  3.24243624e-01  1.40990877e-01
  5.56392812e-05  0.00000000e+00 -4.76188043e-05  0.00000000e+00]","[ 0.00000000e+00  5.54878175e-01  1.34755898e+01 -6.73954248e-01
 -2.89320421e+00  5.94864547e-01 -1.24089551e+00  1.07729097e-03]"
1747093072.5389488,"[ 0.          0.49125492  0.57072268 -2.6256755  -2.26056144  1.14501093
  1.08013659  1.52770984]","[ 0.00000000e+00  1.84476569e-01  3.26817936e-01  1.43961950e-01
  5.56808321e-05  0.00000000e+00 -4.76547840e-05  0.00000000e+00]","[ 0.00000000e+00  5.55547893e-01  1.35423841e+01 -7.01618433e-01
 -2.89243460e+00  5.96271992e-01 -1.24727976e+00  1.13931391e-03]"
1747093072.540813,"[ 0.          0.49143768  0.57104599 -2.62553222 -2.26056144  1.14501093
  1.08013659  1.52770984]","[ 0.00000000e+00  1.85286870e-01  3.27566118e-01  1.45312439e-01
  5.56392812e-05  0.00000000e+00 -4.76188043e-05  0.00000000e+00]","[ 0.00000000e+00  5.10996461e-01  1.35318317e+01 -7.15718210e-01
 -2.87567735e+00  5.63652456e-01 -1.24624383e+00  3.41862184e-03]"
1747093072.5437849,"[ 0.          0.49181375  0.57172003 -2.62523235 -2.26056144  1.14501093
  1.08013659  1.52770984]","[ 0.00000000e+00  1.82559443e-01  3.29248836e-01  1.46311008e-01
  5.03403034e-05  0.00000000e+00 -4.76188043e-05  0.00000000e+00]","[ 0.00000000e+00  5.05794585e-01  1.35179996e+01 -7.28078604e-01
 -2.86978722e+00  5.76960862e-01 -1.24998248e+00 -2.44824402e-03]"
1747093072.5453646,"[ 0.          0.49235514  0.57269721 -2.62480811 -2.26056117  1.14501093
  1.08013659  1.52770984]","[ 0.00000000e+00  1.83936381e-01  3.31679703e-01  1.40990877e-01
  5.29897943e-05  0.00000000e+00 -4.76192757e-05  0.00000000e+00]","[ 0.00000000e+00  5.21835983e-01  1.35496101e+01 -7.41465569e-01
 -2.88423681e+00  6.12327933e-01 -1.23871124e+00 -4.17314470e-03]"
1747093072.5472505,"[ 0.          0.49253423  0.57304988 -2.62465924 -2.26056117  1.14501093
  1.08013559  1.52770984]","[ 0.00000000e+00  1.81505497e-01  3.32017425e-01  1.40179562e-01
  5.29897943e-05  0.00000000e+00 -5.82007654e-05  0.00000000e+00]","[ 0.00000000e+00  5.24744093e-01  1.34295034e+01 -7.31607437e-01
 -2.88281417e+00  6.08129144e-01 -1.24360836e+00 -5.25233045e-04]"
1747093072.5490024,"[ 0.          0.49289882  0.57370881 -2.62439159 -2.26056064  1.14501093
  1.08013559  1.52770984]","[ 0.00000000e+00  1.76913841e-01  3.34581516e-01  1.33698252e-01
  5.56392812e-05  0.00000000e+00 -5.82007654e-05  0.00000000e+00]","[ 0.00000000e+00  5.14953256e-01  1.33484659e+01 -7.89596021e-01
 -2.81165004e+00  6.04759037e-01 -1.26267540e+00  3.60995112e-03]"
1747093072.5508146,"[ 0.          0.49324413  0.57439624 -2.62413806 -2.26056064  1.14501093
  1.08013559  1.52770984]","[ 0.00000000e+00  1.74482974e-01  3.36531283e-01  1.26135523e-01
  5.56808321e-05  0.00000000e+00 -5.82007654e-05  0.00000000e+00]","[ 0.00000000e+00  5.15463889e-01  1.33246422e+01 -8.14498842e-01
 -2.75277829e+00  5.86625993e-01 -1.24878407e+00 -1.90064730e-03]"
1747093072.5525215,"[ 0.          0.49359587  0.57505884 -2.62389198 -2.26056011  1.14501093
  1.08013466  1.52770984]","[ 0.00000000e+00  1.71274864e-01  3.35731170e-01  1.18302692e-01
  5.56813848e-05  0.00000000e+00 -6.61378843e-05  0.00000000e+00]","[ 0.00000000e+00  5.31656146e-01  1.32894402e+01 -7.94716239e-01
 -2.69174075e+00  5.60440719e-01 -1.24717939e+00  1.27142174e-02]"
1747093072.5543401,"[ 0.          0.49393063  0.57580226 -2.62366055 -2.26055958  1.14501093
  1.08013466  1.52770984]","[ 0.00000000e+00  1.69449350e-01  3.38489073e-01  1.10588888e-01
  6.09843734e-05  0.00000000e+00 -6.61378843e-05  0.00000000e+00]","[ 0.00000000e+00  5.71732998e-01  1.32458076e+01 -7.60941327e-01
 -2.62499571e+00  5.72975993e-01 -1.25860786e+00  3.32579599e-03]"
1747093072.5560884,"[ 0.          0.49409641  0.57613748 -2.62355216 -2.26055931  1.14501093
  1.08013466  1.52770984]","[ 0.00000000e+00  1.68000624e-01  3.39708168e-01  1.09818294e-01
  6.36358718e-05  0.00000000e+00 -6.61372301e-05  0.00000000e+00]","[ 0.00000000e+00  5.80572486e-01  1.32728806e+01 -7.72477627e-01
 -2.58907008e+00  5.79975426e-01 -1.26935911e+00 -1.07285595e-02]"
1747093072.557266,"[ 0.          0.49443803  0.57683403 -2.62333778 -2.26055878  1.14501093
  1.08013373  1.52770984]","[ 0.00000000e+00  1.66380040e-01  3.40292799e-01  1.08579183e-01
  6.88867318e-05  0.00000000e+00 -7.40737029e-05  0.00000000e+00]","[ 0.00000000e+00  5.99400640e-01  1.32172041e+01 -7.58432388e-01
 -2.50336766e+00  5.58995366e-01 -1.27122200e+00 -1.09148966e-02]"
1747093072.559062,"[ 0.          0.49476496  0.57750262 -2.62311034 -2.26055798  1.14501093
  1.08013373  1.52770984]","[ 0.00000000e+00  1.65299662e-01  3.38162037e-01  1.12093499e-01
  7.68933393e-05  0.00000000e+00 -7.40737029e-05  0.00000000e+00]","[ 0.00000000e+00  6.12132609e-01  1.31007671e+01 -7.42655039e-01
 -2.42385864e+00  5.56870818e-01 -1.25578904e+00  1.14106492e-03]"
1747093072.5608482,"[ 0.          0.49493993  0.57783645 -2.62299929 -2.26055798  1.14501093
  1.08013373  1.52770984]","[ 0.00000000e+00  1.64599884e-01  3.38702226e-01  1.12630650e-01
  7.68933393e-05  0.00000000e+00 -7.40737029e-05  0.00000000e+00]","[ 0.00000000e+00  6.01758540e-01  1.30198374e+01 -7.48951793e-01
 -2.38843441e+00  5.60343742e-01 -1.25914705e+00 -1.05603430e-02]"
1747093072.5626717,"[ 0.          0.49525768  0.57853306 -2.62277532 -2.26055691  1.14501093
  1.08013373  1.52770984]","[ 0.00000000e+00  1.59627612e-01  3.39708168e-01  1.13440942e-01
  8.21963279e-05  0.00000000e+00 -7.40737029e-05  0.00000000e+00]","[ 0.          0.62507242 13.00142002 -0.75094599 -2.28213215  0.5517472
 -1.25356436 -0.02211036]"
1747093072.5644593,"[ 0.          0.49556671  0.57920624 -2.62254469 -2.26055611  1.14501093
  1.08013373  1.52770984]","[ 0.00000000e+00  1.55576145e-01  3.40863015e-01  1.11820358e-01
  9.54538036e-05  0.00000000e+00 -6.61372301e-05  0.00000000e+00]","[ 0.          0.6305303  12.99545574 -0.7795915  -2.22064638  0.55318701
 -1.24887228 -0.01387033]"
1747093072.5662222,"[ 0.          0.49588539  0.57990193 -2.62232285 -2.26055611  1.14501093
  1.08013373  1.52770984]","[ 0.00000000e+00  1.55035956e-01  3.38972337e-01  1.13015369e-01
  9.54538036e-05  0.00000000e+00 -6.61372301e-05  0.00000000e+00]","[ 0.          0.5847311  13.08321095 -0.7712329  -2.18857932  0.53580952
 -1.25735343 -0.03197675]"
1747093072.567927,"[ 0.          0.49603692  0.58023576 -2.62220434 -2.26055611  1.14501093
  1.08013373  1.52770984]","[ 0.00000000e+00  1.53529755e-01  3.38359077e-01  1.11591967e-01
  9.54528527e-05  0.00000000e+00 -6.61372301e-05  0.00000000e+00]","[ 0.          0.55567545 13.17723179 -0.76459599 -2.1545074   0.52465498
 -1.25243509 -0.0165244 ]"
1747093072.5707724,"[ 0.          0.49634369  0.58093184 -2.6219817  -2.26055558  1.14501093
  1.08013373  1.52770984]","[ 0.00000000e+00  1.49207229e-01  3.40543568e-01  1.13711036e-01
  1.00681614e-04  0.00000000e+00 -6.61372301e-05  0.00000000e+00]","[ 0.          0.55905074 13.26271248 -0.77901262 -2.14519048  0.51632541
 -1.24347305 -0.01349823]"
1747093072.5723972,"[ 0.          0.4967868   0.58160455 -2.62164827 -2.26055505  1.14501093
  1.0801328   1.52770984]","[ 0.00000000e+00  1.50291868e-01  3.41403204e-01  1.07729002e-01
  1.06059781e-04  0.00000000e+00 -7.40744343e-05  0.00000000e+00]","[ 0.          0.50846022 13.28122044 -0.86423796 -2.15831375  0.56157094
 -1.24047029 -0.01543088]"
1747093072.5746384,"[ 0.          0.49709353  0.5823021  -2.62144507 -2.26055452  1.14501093
  1.0801328   1.52770984]","[ 0.00000000e+00  1.48553606e-01  3.39791259e-01  1.01286549e-01
  1.11278562e-04  0.00000000e+00 -7.40744343e-05  0.00000000e+00]","[ 0.          0.44613639 13.36812592 -0.89232433 -2.13186145  0.59386367
 -1.24188924 -0.02326483]"
1747093072.5770144,"[ 0.          0.49738648  0.58297342 -2.62124107 -2.26055452  1.14501093
  1.0801328   1.52770984]","[ 0.00000000e+00  1.48013417e-01  3.39512526e-01  9.95550785e-02
  1.11361664e-04  0.00000000e+00 -7.40178194e-05  0.00000000e+00]","[ 0.00000000e+00  3.91056925e-01  1.34677877e+01 -9.31169927e-01
 -2.14473295e+00  6.08475387e-01 -1.22597253e+00  6.36633812e-03]"
1747093072.5788562,"[ 0.          0.49768589  0.58367783 -2.62104959 -2.26055452  1.14501093
  1.0801328   1.52770984]","[ 0.00000000e+00  1.45165216e-01  3.45184559e-01  9.63271025e-02
  1.11362770e-04  0.00000000e+00 -7.40744343e-05  0.00000000e+00]","[ 0.00000000e+00  3.70707005e-01  1.36103191e+01 -9.89784718e-01
 -2.18497944e+00  5.92578411e-01 -1.21838117e+00 -2.35613342e-03]"
1747093072.5805929,"[ 0.          0.49796415  0.58435926 -2.62084852 -2.26055452  1.14501093
  1.0801318   1.52770984]","[ 0.00000000e+00  1.39640388e-01  3.45724782e-01  9.84592959e-02
  1.06059781e-04  0.00000000e+00 -7.66620682e-05  0.00000000e+00]","[ 0.          0.41017416 13.72659111 -1.03245437 -2.19204283  0.57434237
 -1.25201142 -0.02902472]"
1747093072.582398,"[ 0.          0.49824195  0.58506733 -2.62065571 -2.26055425  1.14501093
  1.0801318   1.52770984]","[ 0.00000000e+00  1.33968346e-01  3.45104665e-01  9.77752879e-02
  1.08711279e-04  0.00000000e+00 -7.67191870e-05  0.00000000e+00]","[ 0.00000000e+00  4.00390863e-01  1.38667774e+01 -1.04497635e+00
 -2.22506833e+00  5.83485186e-01 -1.26045012e+00 -1.15064327e-02]"
1747093072.5847764,"[ 0.          0.49850141  0.5857515  -2.62045437 -2.26055372  1.14501093
  1.0801318   1.52770984]","[ 0.00000000e+00  1.29376690e-01  3.48425760e-01  9.77076936e-02
  1.14014268e-04  0.00000000e+00 -7.66613124e-05  0.00000000e+00]","[ 0.00000000e+00  3.60373557e-01  1.39115953e+01 -1.09087408e+00
 -2.25071979e+00  5.87794423e-01 -1.23475349e+00  1.53261307e-03]"
1747093072.5859966,"[ 0.          0.49875624  0.58646602 -2.62026609 -2.26055372  1.14501093
  1.0801318   1.52770984]","[ 0.00000000e+00  1.23849133e-01  3.49320449e-01  9.49779784e-02
  1.14014268e-04  0.00000000e+00 -7.67199429e-05  0.00000000e+00]","[ 0.00000000e+00  3.30183953e-01  1.38901711e+01 -1.08189607e+00
 -2.26905847e+00  6.02534413e-01 -1.23667574e+00 -7.30354758e-03]"
1747093072.5876913,"[ 0.          0.49887655  0.5868127  -2.62016622 -2.26055318  1.14501093
  1.0801318   1.52770984]","[ 0.00000000e+00  1.22084056e-01  3.51666927e-01  9.40381738e-02
  1.14013130e-04  0.00000000e+00 -7.66613124e-05  0.00000000e+00]","[ 0.00000000e+00  2.99404502e-01  1.39691706e+01 -1.09209728e+00
 -2.26932955e+00  5.98687112e-01 -1.23371792e+00  1.93507702e-03]"
1747093072.589538,"[ 0.          0.49912636  0.58751438 -2.61998646 -2.26055292  1.14501093
  1.0801318   1.52770984]","[ 0.00000000e+00  1.22375007e-01  3.56798771e-01  9.04826541e-02
  1.16665758e-04  0.00000000e+00 -6.61372301e-05  0.00000000e+00]","[ 0.00000000e+00  2.77812213e-01  1.38829641e+01 -1.12630880e+00
 -2.27044559e+00  6.11513853e-01 -1.21635914e+00 -2.50902260e-03]"
1747093072.5918524,"[ 0.          0.49936697  0.5882518  -2.61980696 -2.26055239  1.14501093
  1.0801318   1.52770984]","[ 0.00000000e+00  1.21960361e-01  3.60850238e-01  8.75181896e-02
  1.21968747e-04  0.00000000e+00 -6.60873364e-05  0.00000000e+00]","[ 0.00000000e+00  2.73939699e-01  1.37782211e+01 -1.14572215e+00
 -2.27169418e+00  6.24739766e-01 -1.21330488e+00  1.00290999e-02]"
1747093072.5930312,"[ 0.          0.49961584  0.58900075 -2.61964024 -2.26055185  1.14501093
  1.0801318   1.52770984]","[ 0.00000000e+00  1.20118094e-01  3.67125012e-01  8.34601230e-02
  1.24620245e-04  0.00000000e+00 -6.60873364e-05  0.00000000e+00]","[ 0.          0.28846696 13.67128181 -1.14228737 -2.23306227  0.62494016
 -1.17960632  0.01631359]"
1747093072.5947638,"[ 0.          0.49973296  0.58936534 -2.61956088 -2.26055132  1.14501093
  1.0801318   1.52770984]","[ 0.00000000e+00  1.18842890e-01  3.69388799e-01  8.04890505e-02
  1.30020315e-04  0.00000000e+00 -6.61372301e-05  0.00000000e+00]","[ 0.00000000e+00  2.97501832e-01  1.35190897e+01 -1.13920546e+00
 -2.18973374e+00  6.20173156e-01 -1.16693151e+00  5.43470820e-03]"
1747093072.5965059,"[ 0.          0.49996851  0.59009731 -2.61940109 -2.26055052  1.14501093
  1.0801318   1.52770984]","[ 0.00000000e+00  1.19112984e-01  3.72194306e-01  7.64843803e-02
  1.37877721e-04  0.00000000e+00 -6.60873364e-05  0.00000000e+00]","[ 0.          0.3092424  13.46445179 -1.10712814 -2.13131857  0.6190449
 -1.16271853  0.01605844]"
1747093072.5988297,"[ 0.          0.50021372  0.59086463 -2.61926021 -2.26054972  1.14501093
  1.0801318   1.52770984]","[ 0.00000000e+00  1.20071597e-01  3.75651156e-01  6.88050721e-02
  1.45942626e-04  0.00000000e+00 -6.61378843e-05  0.00000000e+00]","[ 0.00000000e+00  3.13670725e-01  1.32905989e+01 -1.09462607e+00
 -2.08502245e+00  6.05457067e-01 -1.14451444e+00 -4.99012880e-03]"
1747093072.6006541,"[ 0.          0.50044652  0.59161032 -2.61913052 -2.26054866  1.14501093
  1.0801318   1.52770984]","[ 0.00000000e+00  1.16952203e-01  3.80567351e-01  6.21224186e-02
  1.56436625e-04  0.00000000e+00 -6.60873364e-05  0.00000000e+00]","[ 0.00000000e+00  3.21807355e-01  1.30946350e+01 -1.07836485e+00
 -2.05732799e+00  5.97434103e-01 -1.11950743e+00 -5.32843126e-03]"
1747093072.602422,"[ 0.          0.50068164  0.59236526 -2.61901733 -2.26054786  1.14501093
  1.0801318   1.52770984]","[ 0.00000000e+00  1.13848880e-01  3.83268329e-01  5.56400806e-02
  1.59089675e-04  0.00000000e+00 -6.60873364e-05  0.00000000e+00]","[ 0.00000000e+00  3.63697052e-01  1.28478937e+01 -1.05595624e+00
 -1.98013246e+00  5.78781605e-01 -1.12550223e+00 -9.04437155e-03]"
1747093072.6048086,"[ 0.          0.50090112  0.59315275 -2.61891214 -2.26054733  1.14501093
  1.0801318   1.52770984]","[ 0.00000000e+00  1.11167410e-01  3.83808518e-01  4.96054449e-02
  1.64392656e-04  0.00000000e+00 -6.60879907e-05  0.00000000e+00]","[ 0.00000000e+00  4.15330917e-01  1.26784554e+01 -9.97882783e-01
 -1.88813853e+00  6.05148673e-01 -1.10965848e+00 -4.15266911e-03]"
1747093072.6065016,"[ 0.          0.50113025  0.59393885 -2.61881919 -2.26054626  1.14501093
  1.0801318   1.52770984]","[ 0.00000000e+00  1.11280161e-01  3.84316949e-01  4.67268633e-02
  1.74996894e-04  0.00000000e+00 -6.61372301e-05  0.00000000e+00]","[ 0.00000000e+00  4.43806082e-01  1.25545502e+01 -9.43152070e-01
 -1.81195545e+00  6.15797818e-01 -1.09780407e+00  8.58709496e-03]"
1747093072.6090772,"[ 0.          0.50135159  0.59469885 -2.61872279 -2.26054546  1.14501093
  1.0801318   1.52770984]","[ 0.00000000e+00  1.12360547e-01  3.85159007e-01  4.76460075e-02
  1.88651739e-04  0.00000000e+00 -6.60873364e-05  0.00000000e+00]","[ 0.          0.47962031 12.49775791 -0.88475698 -1.78414989  0.60186547
 -1.10529184 -0.01831349]"
1747093072.61078,"[ 0.          0.50158026  0.59545785 -2.61862878 -2.26054493  1.14501093
  1.0801318   1.52770984]","[ 0.00000000e+00  1.11167410e-01  3.84078596e-01  4.74889892e-02
  2.03384738e-04  0.00000000e+00 -6.60873364e-05  0.00000000e+00]","[ 0.          0.51728392 12.38367653 -0.83221251 -1.78059995  0.58466882
 -1.1310432  -0.02252005]"
1747093072.6125417,"[ 0.          0.50180526  0.59624262 -2.6185337  -2.26054466  1.14501093
  1.0801318   1.52770984]","[ 0.00000000e+00  1.14521328e-01  3.83116695e-01  4.60979910e-02
  2.13631926e-04  0.00000000e+00 -6.60873364e-05  0.00000000e+00]","[ 0.          0.55477071 12.36039639 -0.77629626 -1.79934776  0.58984846
 -1.09526622  0.01257658]"
1747093072.6143005,"[ 0.          0.50204129  0.59700169 -2.61844235 -2.26054413  1.14501093
  1.0801318   1.52770984]","[ 0.00000000e+00  1.15353491e-01  3.84618818e-01  4.69969619e-02
  2.24863951e-04  0.00000000e+00 -6.61372301e-05  0.00000000e+00]","[ 0.00000000e+00  5.60456634e-01  1.24112062e+01 -7.61546016e-01
 -1.80359280e+00  6.22277081e-01 -1.09912145e+00  3.72289517e-03]"
1747093072.6167388,"[ 0.          0.50226905  0.59779012 -2.61834222 -2.26054413  1.14501093
  1.0801318   1.52770984]","[ 0.00000000e+00  1.15061525e-01  3.83926496e-01  4.96989552e-02
  2.23934007e-04  0.00000000e+00 -6.60879907e-05  0.00000000e+00]","[ 0.          0.55811733 12.55854702 -0.7542184  -1.8220576   0.65627766
 -1.13212526 -0.02352806]"
1747093072.6184857,"[ 0.          0.50249589  0.59854452 -2.61824262 -2.2605436   1.14501093
  1.0801318   1.52770984]","[ 0.00000000e+00  1.15061525e-01  3.81530883e-01  5.07783261e-02
  2.36389860e-04  0.00000000e+00 -6.60873364e-05  0.00000000e+00]","[ 0.00000000e+00  5.28741121e-01  1.26963482e+01 -7.56926000e-01
 -1.92096829e+00  6.76499844e-01 -1.14514625e+00 -1.04484353e-02]"
1747093072.6209106,"[ 0.          0.50273191  0.59932882 -2.61813636 -2.2605436   1.14501093
  1.0801318   1.52770984]","[ 0.00000000e+00  1.15061525e-01  3.83174219e-01  5.24106066e-02
  2.35261577e-04  0.00000000e+00 -6.60879907e-05  0.00000000e+00]","[ 0.          0.49740681 12.85912895 -0.80186963 -2.02589846  0.67568606
 -1.13146913 -0.01384402]"
1747093072.6226904,"[ 0.          0.50295372  0.60008603 -2.6180285  -2.2605436   1.14501186
  1.0801318   1.52770984]","[ 0.00000000e+00  1.10739964e-01  3.83808518e-01  5.64503723e-02
  2.32105884e-04  1.05740785e-05 -6.60873364e-05  0.00000000e+00]","[ 0.          0.46225727 13.08898926 -0.81380332 -2.11070228  0.71049041
 -1.1262567  -0.01377554]"
1747093072.6243813,"[ 0.          0.50317043  0.6008437  -2.61790493 -2.26054306  1.14501186
  1.0801318   1.52770984]","[ 0.00000000e+00  1.04797819e-01  3.84229098e-01  6.14382733e-02
  2.36671244e-04  1.05819570e-05 -6.60873364e-05  0.00000000e+00]","[ 0.00000000e+00  4.24841911e-01  1.33657913e+01 -8.96639943e-01
 -2.16278815e+00  7.35340774e-01 -1.15548646e+00 -9.74441785e-03]"
1747093072.6262069,"[ 0.          0.50337846  0.60163492 -2.61777923 -2.2605428   1.14501186
  1.0801318   1.52770984]","[ 0.00000000e+00  1.00307380e-01  3.87589874e-01  6.42831993e-02
  2.28479228e-04  1.05819570e-05 -5.81568575e-05  0.00000000e+00]","[ 0.00000000e+00  3.58305514e-01  1.36429701e+01 -9.42797780e-01
 -2.22581601e+00  7.72491932e-01 -1.16915560e+00 -9.89369815e-04]"
1747093072.6279237,"[ 0.          0.50347533  0.60201922 -2.61771451 -2.2605428   1.14501186
  1.0801318   1.52770984]","[ 0.00000000e+00  9.83154852e-02  3.89750663e-01  6.56336883e-02
  2.28476107e-04  1.05820616e-05 -5.81568575e-05  0.00000000e+00]","[ 0.00000000e+00  3.03994119e-01  1.37189102e+01 -1.00036466e+00
 -2.20500565e+00  7.81199872e-01 -1.17126620e+00 -2.68352753e-03]"
1747093072.629673,"[ 0.          0.50366958  0.60282236 -2.61757203 -2.2605428   1.14501186
  1.0801318   1.52770984]","[ 0.00000000e+00  9.83154852e-02  3.93455719e-01  7.04954387e-02
  2.17599263e-04  1.05820616e-05 -5.82013384e-05  0.00000000e+00]","[ 0.00000000e+00  2.66288072e-01  1.39084024e+01 -1.10026753e+00
 -2.27211857e+00  7.81313658e-01 -1.18693495e+00 -3.65489069e-03]"
1747093072.6313639,"[ 0.          0.50386382  0.60360067 -2.61742796 -2.26054227  1.14501279
  1.0801318   1.52770984]","[ 0.00000000e+00  9.31836320e-02  3.95561714e-01  6.97136303e-02
  2.21873422e-04  1.85044548e-05 -5.81568575e-05  0.00000000e+00]","[ 0.00000000e+00  2.34056115e-01  1.40054121e+01 -1.19419158e+00
 -2.29645228e+00  7.82337487e-01 -1.18628931e+00  6.99595688e-03]"
1747093072.6348948,"[ 0.          0.50404382  0.60441666 -2.61729214 -2.26054173  1.14501279
  1.0801318   1.52770984]","[ 0.00000000e+00  8.94022679e-02  4.00014352e-01  6.83346621e-02
  2.22893645e-04  1.85184257e-05 -5.82007654e-05  0.00000000e+00]","[ 0.00000000e+00  1.42689034e-01  1.40631475e+01 -1.29642475e+00
 -2.28293610e+00  7.77368307e-01 -1.16780055e+00  9.97990835e-03]"
1747093072.6354446,"[ 0.          0.50421922  0.60521155 -2.61715711 -2.26054093  1.14501279
  1.0801318   1.52770984]","[ 0.00000000e+00  8.46800005e-02  4.04606008e-01  6.77944648e-02
  2.23494546e-04  1.85046377e-05 -5.81574305e-05  0.00000000e+00]","[ 0.00000000e+00  1.30251750e-01  1.41335964e+01 -1.35736597e+00
 -2.16760254e+00  8.12106907e-01 -1.15308654e+00  1.03112441e-02]"
1747093072.6384447,"[ 0.          0.50446996  0.60645045 -2.61696244 -2.26053907  1.14501279
  1.0801318   1.52770984]","[ 0.00000000e+00  8.42704147e-02  4.09862356e-01  6.26626158e-02
  2.32371923e-04  1.85044548e-05 -4.76552554e-05  0.00000000e+00]","[ 0.00000000e+00  6.92086145e-02  1.42890501e+01 -1.41193163e+00
 -2.07708859e+00  7.97087610e-01 -1.13604832e+00 -1.39019918e-04]"
1747093072.6401975,"[ 0.          0.50455857  0.60685632 -2.61690038 -2.260538    1.14501279
  1.0801318   1.52770984]","[ 0.00000000e+00  8.35058960e-02  4.11628564e-01  6.29327103e-02
  2.43093520e-04  1.85044548e-05 -4.76547840e-05  0.00000000e+00]","[ 0.00000000e+00  4.71021011e-02  1.41996355e+01 -1.43105423e+00
 -2.00962877e+00  7.92581439e-01 -1.14835656e+00  7.77980546e-03]"
1747093072.641952,"[ 0.          0.50472435  0.60770813 -2.61677362 -2.26053641  1.14501279
  1.0801318   1.52770984]","[ 0.00000000e+00  8.42704147e-02  4.17278727e-01  6.10420282e-02
  2.76937479e-04  1.85186086e-05 -4.76908124e-05  0.00000000e+00]","[ 0.00000000e+00 -1.33430418e-02  1.41597595e+01 -1.42926931e+00
 -1.89846206e+00  7.63353705e-01 -1.14750504e+00  2.76661925e-02]"
1747093072.643718,"[ 0.          0.5048924   0.60853471 -2.6166607  -2.26053481  1.14501279
  1.0801318   1.52770984]","[ 0.00000000e+00  8.07474437e-02  4.19306192e-01  5.59101792e-02
  3.29260533e-04  1.85462435e-05 -4.76547840e-05  0.00000000e+00]","[ 0.00000000e+00 -2.14042626e-02  1.40371408e+01 -1.44375992e+00
 -1.80907989e+00  7.26249278e-01 -1.13725436e+00  8.20541289e-03]"
1747093072.6454878,"[ 0.          0.50504946  0.60939611 -2.61655284 -2.26053348  1.14501279
  1.0801318   1.52770984]","[ 0.00000000e+00  7.91385615e-02  4.21040242e-01  5.19090710e-02
  3.56456342e-04  1.85464284e-05 -4.76908124e-05  0.00000000e+00]","[ 0.00000000e+00 -1.01723215e-02  1.38355026e+01 -1.45732701e+00
 -1.74836123e+00  7.07673848e-01 -1.11069751e+00 -6.58735493e-03]"
1747093072.6472404,"[ 0.          0.50521155  0.61023141 -2.61645537 -2.26053161  1.14501279
  1.0801318   1.52770984]","[ 0.00000000e+00  7.82489076e-02  4.24323121e-01  4.82984612e-02
  3.74163145e-04  1.85462435e-05 -3.70648338e-05  0.00000000e+00]","[ 0.         -0.02490666 13.6994276  -1.44038248 -1.59769261  0.7036193
 -1.10897779 -0.01533996]"
1747093072.648983,"[ 0.          0.50528685  0.61068321 -2.6164077  -2.26053028  1.14501279
  1.0801318   1.52770984]","[ 0.00000000e+00  7.65151897e-02  4.25303297e-01  4.48875552e-02
  3.84957790e-04  1.85464284e-05 -3.70648338e-05  0.00000000e+00]","[ 0.00000000e+00 -2.93456148e-02  1.36521511e+01 -1.42528820e+00
 -1.54183209e+00  7.16758132e-01 -1.11607444e+00 -9.33325849e-03]"
1747093072.6507895,"[ 0.          0.50544068  0.61151991 -2.61632914 -2.26052762  1.14501279
  1.0801318   1.52770984]","[ 0.00000000e+00  7.52305391e-02  4.23512854e-01  3.80837445e-02
  4.30365174e-04  1.85464284e-05 -3.70928568e-05  0.00000000e+00]","[ 0.00000000e+00 -3.39909084e-02  1.35133877e+01 -1.36863637e+00
 -1.43003690e+00  6.86249435e-01 -1.11673272e+00 -2.12394213e-03]"
1747093072.6525068,"[ 0.          0.50558532  0.61235514 -2.61626149 -2.26052442  1.14501279
  1.0801318   1.52770984]","[ 0.00000000e+00  7.21160221e-02  4.23782932e-01  3.15968251e-02
  5.42335624e-04  1.85464284e-05 -2.91223691e-05  0.00000000e+00]","[ 0.00000000e+00 -1.24592576e-02  1.34265137e+01 -1.31935954e+00
 -1.40749407e+00  6.46542132e-01 -1.13641274e+00  5.11745876e-03]"
1747093072.6543286,"[ 0.          0.50572078  0.6132244  -2.61620557 -2.26052149  1.14501279
  1.0801318   1.52770984]","[ 0.00000000e+00  6.79956001e-02  4.24593232e-01  2.69823804e-02
  7.86666447e-04  1.85462435e-05 -2.91223691e-05  0.00000000e+00]","[ 0.00000000e+00  2.44282242e-02  1.33780165e+01 -1.24836874e+00
 -1.36290324e+00  6.05303645e-01 -1.15596759e+00 -1.07791123e-03]"
1747093072.6566255,"[ 0.          0.50585809  0.6140583  -2.61615736 -2.26051936  1.14501279
  1.0801318   1.52770984]","[ 0.00000000e+00  6.61738814e-02  4.23402067e-01  2.32283823e-02
  1.09222686e-03  1.85464284e-05 -2.91226556e-05  0.00000000e+00]","[ 0.00000000e+00  4.90943268e-02  1.32982349e+01 -1.15532303e+00
 -1.35584235e+00  6.00242555e-01 -1.14434516e+00 -9.74338967e-03]"
1747093072.6583436,"[ 0.          0.5059839   0.61492476 -2.61611342 -2.26051697  1.14501279
  1.0801318   1.52770984]","[ 0.00000000e+00  6.32028089e-02  4.23782932e-01  2.02573099e-02
  1.18788220e-03  1.85464284e-05 -1.85464284e-05  0.00000000e+00]","[ 0.          0.13067815 13.2690382  -1.08800876 -1.30668771  0.61141771
 -1.1480701  -0.01456406]"
1747093072.6602194,"[ 0.          0.50604864  0.61534354 -2.61609451 -2.26051563  1.14501279
  1.0801318   1.52771077]","[ 0.00000000e+00  6.09367377e-02  4.24593232e-01  1.91769216e-02
  1.26457682e-03  1.85466133e-05 -1.85324169e-05  1.05979587e-05]","[ 0.          0.15812244 13.27670574 -1.06399524 -1.29371607  0.62307459
 -1.14306605 -0.01519527]"
1747093072.662954,"[ 0.          0.50616849  0.6162096  -2.61606362 -2.26051297  1.14501279
  1.0801318   1.52771077]","[ 0.00000000e+00  6.10420282e-02  4.22544096e-01  1.48553612e-02
  1.32668205e-03  1.85464284e-05 -1.85462435e-05  1.06059783e-05]","[ 0.          0.24128161 13.34493542 -0.96847826 -1.29318702  0.64337546
 -1.16502118 -0.01700072]"
1747093072.6636295,"[ 0.          0.50629292  0.61703978 -2.61604258 -2.26051057  1.14501279
  1.0801318   1.52771077]","[ 0.00000000e+00  6.04351978e-02  4.20541765e-01  9.18331389e-03
  1.29880598e-03  1.85464284e-05 -1.85324169e-05  1.05979587e-05]","[ 0.00000000e+00  2.80502707e-01  1.33906422e+01 -8.95955980e-01
 -1.31932783e+00  6.17007911e-01 -1.17180169e+00 -8.91453214e-03]"
1747093072.665821,"[ 0.          0.50640497  0.61790397 -2.61603193 -2.26050791  1.14501279
  1.0801318   1.52771077]","[ 0.00000000e+00  5.59101792e-02  4.22043322e-01  3.78136470e-03
  1.26545054e-03  1.85466133e-05 -1.85464284e-05  1.06059783e-05]","[ 0.00000000e+00  3.39822888e-01  1.35229845e+01 -8.34781706e-01
 -1.35450745e+00  5.93214393e-01 -1.18866646e+00 -1.10482117e-02]"
1747093072.6675565,"[ 0.          0.5065138   0.61873694 -2.6160306  -2.26050498  1.14501279
  1.0801318   1.52771077]","[ 0.00000000e+00  5.26118376e-02  4.22972632e-01 -5.40194952e-04
  1.25812242e-03  1.85462435e-05 -1.85325998e-05  1.05979587e-05]","[ 0.00000000e+00  3.98618966e-01  1.35564775e+01 -7.72514701e-01
 -1.39165545e+00  5.78444421e-01 -1.19942844e+00 -1.30692497e-02]"
1747093072.6693597,"[ 0.          0.5066162   0.61960394 -2.61603379 -2.26050232  1.14501279
  1.0801318   1.52771077]","[ 0.00000000e+00  5.15886178e-02  4.23798711e-01 -1.26045490e-03
  1.30627154e-03  1.85464284e-05 -1.85464284e-05  1.06059783e-05]","[ 0.00000000e+00  4.53901291e-01  1.37112751e+01 -6.90442681e-01
 -1.40476644e+00  5.85967481e-01 -1.20057356e+00  5.75794373e-04]"
1747093072.671127,"[ 0.          0.50666533  0.62002272 -2.61603512 -2.26050045  1.14501279
  1.08013087  1.52771077]","[ 0.00000000e+00  4.96979357e-02  4.24593232e-01 -1.25870798e-03
  1.35968756e-03  1.85464284e-05 -1.85324169e-05  1.05979587e-05]","[ 0.00000000e+00  4.82153654e-01  1.36579094e+01 -6.71375573e-01
 -1.42421710e+00  5.86636186e-01 -1.21218014e+00  7.53113208e-03]"
1747093072.6728826,"[ 0.          0.5067636   0.62086441 -2.61603432 -2.26049673  1.14501279
  1.08013087  1.52771077]","[ 0.00000000e+00  4.78517201e-02  4.27564288e-01 -5.96081836e-04
  1.45720971e-03  1.85464284e-05 -1.85464284e-05  1.05979587e-05]","[ 0.00000000e+00  5.45619845e-01  1.37710514e+01 -6.67563319e-01
 -1.43463790e+00  5.89536786e-01 -1.22721910e+00 -6.42293878e-03]"
1747093072.67469,"[ 0.          0.50685681  0.62174006 -2.61603166 -2.26049273  1.14501279
  1.08013087  1.52771077]","[ 0.00000000e+00  4.80773522e-02  4.27560227e-01  4.19147908e-04
  1.61097683e-03  1.85604623e-05 -1.85464284e-05  1.05979587e-05]","[ 0.          0.60762227 13.83137131 -0.67618543 -1.47728777  0.62500894
 -1.22973943 -0.02231051]"
1747093072.676447,"[ 0.          0.50696334  0.62258727 -2.61603166 -2.26048794  1.14501279
  1.08013087  1.52771077]","[ 0.00000000e+00  5.26613765e-02  4.30805488e-01  3.01988489e-04
  1.83501214e-03  1.85464284e-05 -1.85464284e-05  1.06059783e-05]","[ 0.          0.63775212 13.92085648 -0.71971071 -1.55353677  0.62383533
 -1.22030652 -0.01707072]"
1747093072.678272,"[ 0.          0.50701707  0.62301385 -2.61603193 -2.26048581  1.14501279
  1.08013087  1.52771077]","[ 0.00000000e+00  5.45596902e-02  4.32696166e-01  4.57915660e-04
  1.97642651e-03  1.85464284e-05 -1.85464284e-05  1.06059783e-05]","[ 0.          0.64792466 14.03728485 -0.76078069 -1.60379601  0.61215967
 -1.22811878 -0.01950398]"
1747093072.6800241,"[ 0.          0.50712589  0.62390787 -2.61603299 -2.26048155  1.14501279
  1.08013087  1.52771077]","[ 0.00000000e+00  5.53138808e-02  4.37828011e-01  2.64925248e-04
  2.11966557e-03  1.85464284e-05 -1.05979587e-05  1.05979587e-05]","[ 0.          0.68038112 14.05699253 -0.83040828 -1.67286408  0.64248598
 -1.23010302 -0.01943801]"
1747093072.6818395,"[ 0.          0.50724071  0.62477207 -2.61603299 -2.26047702  1.14501279
  1.08013087  1.52771077]","[ 0.00000000e+00  5.64503723e-02  4.37654240e-01 -6.62395490e-05
  2.21902488e-03  1.85464284e-05 -1.05980643e-05  1.06059783e-05]","[ 0.          0.64429796 14.11934757 -0.89762443 -1.66693687  0.63962072
 -1.22960091 -0.02836607]"
1747093072.6836896,"[ 0.          0.50735276  0.62567667 -2.61603246 -2.26047116  1.14501279
  1.08013087  1.52771077]","[ 0.00000000e+00  5.62010006e-02  4.42419667e-01  0.00000000e+00
  2.37815942e-03  1.85464284e-05 -1.05979587e-05  1.05979587e-05]","[ 0.          0.57786834 14.12430382 -0.99157602 -1.63872802  0.66408968
 -1.21764028 -0.01674039]"
1747093072.6854534,"[ 0.          0.5074712   0.62655512 -2.61603353 -2.26046477  1.14501279
  1.08013087  1.52771077]","[ 0.00000000e+00  5.26690081e-02  4.45660834e-01 -8.83157386e-05
  2.79958542e-03  1.85464284e-05 -1.05979587e-05  1.06059783e-05]","[ 0.          0.54229814 14.19079208 -1.04731524 -1.60221541  0.66745651
 -1.21691239 -0.02085679]"
1747093072.6873057,"[ 0.          0.50752034  0.62699454 -2.61603353 -2.26046104  1.14501279
  1.08013087  1.52771077]","[ 0.00000000e+00  4.96979357e-02  4.45209295e-01 -8.16419714e-05
  3.02781546e-03  1.85604623e-05 -1.05979587e-05  1.05980643e-05]","[ 0.00000000e+00  5.34559786e-01  1.41405287e+01 -1.08058774e+00
 -1.62218583e+00  6.93092406e-01 -1.20990729e+00 -1.24934651e-02]"
1747093072.6890032,"[ 0.          0.50761585  0.6279134  -2.61603353 -2.26045305  1.14501279
  1.08013087  1.52771077]","[ 0.00000000e+00  4.61398734e-02  4.49796290e-01 -1.32835457e-04
  3.61755792e-03  1.85464284e-05 -1.05979587e-05  1.05979587e-05]","[ 0.00000000e+00  4.88411546e-01  1.40912151e+01 -1.17587900e+00
 -1.62232959e+00  6.69368267e-01 -1.20255172e+00  1.24809006e-02]"
1747093072.6907358,"[ 0.          0.50770816  0.62880562 -2.61603353 -2.26044479  1.14501279
  1.08013087  1.52771077]","[ 0.00000000e+00  4.69969619e-02  4.53223579e-01 -1.59566278e-04
  4.04111523e-03  1.85602774e-05 -1.05739739e-05  1.05978530e-05]","[ 0.00000000e+00  4.72032398e-01  1.40127735e+01 -1.24894273e+00
 -1.61820281e+00  6.65937781e-01 -1.15911341e+00  4.50057443e-03]"
1747093072.6924698,"[ 0.          0.5078032   0.62973274 -2.61603379 -2.26043388  1.14501279
  1.08013087  1.52771077]","[ 0.00000000e+00  4.64567646e-02  4.53223579e-01 -1.23482331e-04
  5.17885640e-03  1.85464284e-05 -1.05819570e-05  1.06059783e-05]","[ 0.00000000e+00  4.30603206e-01  1.39668512e+01 -1.33971345e+00
 -1.52847338e+00  6.81511283e-01 -1.15643525e+00  6.49352139e-03]"
1747093072.694891,"[ 0.          0.50789322  0.63062769 -2.61603379 -2.26042109  1.14501279
  1.08013087  1.52771077]","[ 0.00000000e+00  4.50605775e-02  4.54574068e-01 -5.31922987e-05
  6.21224196e-03  1.85464284e-05 -1.05740785e-05  1.06059783e-05]","[ 0.00000000e+00  3.86552930e-01  1.39497967e+01 -1.38552034e+00
 -1.45757949e+00  6.73951507e-01 -1.15647900e+00  3.65587231e-03]"
1747093072.696608,"[ 0.          0.50798643  0.63155893 -2.61603432 -2.26040485  1.14501279
  1.08013087  1.52771077]","[ 0.00000000e+00  4.61866702e-02  4.54033845e-01 -7.80162021e-05
  7.92839545e-03  1.85464284e-05 -1.05820616e-05  1.05979587e-05]","[ 0.00000000e+00  3.33319515e-01  1.39705496e+01 -1.42471933e+00
 -1.41308177e+00  7.03263700e-01 -1.15334415e+00 -1.34845814e-02]"
1747093072.7000647,"[ 0.          0.50807734  0.63249244 -2.61603432 -2.26038647  1.14501279
  1.08013087  1.52771077]","[ 0.00000000e+00  4.61866702e-02  4.55646290e-01 -7.80116345e-05
  9.45341148e-03  1.85604623e-05 -1.05979587e-05  1.06059783e-05]","[ 0.00000000e+00  2.94951260e-01  1.40585451e+01 -1.42469835e+00
 -1.37572706e+00  6.87383235e-01 -1.13290942e+00 -9.74190701e-03]"
1747093072.7027774,"[ 0.          0.50821143  0.63430259 -2.61603486 -2.2603388   1.14501279
  1.08013087  1.52771077]","[ 0.00000000e+00  4.15950101e-02  4.60516213e-01 -1.24881205e-04
  1.34911902e-02  1.85464284e-05 -1.05819570e-05  1.06059783e-05]","[ 0.00000000e+00  2.01363444e-01  1.42126398e+01 -1.44580424e+00
 -1.31775272e+00  6.49533033e-01 -1.16135824e+00  9.02399793e-03]"
1747093072.7045116,"[ 0.          0.50828583  0.63524395 -2.61603486 -2.26030711  1.14501279
  1.08013087  1.52771077]","[ 0.00000000e+00  3.61930625e-02  4.60246101e-01 -9.23838050e-05
  1.67460433e-02  1.85462435e-05 -1.05819570e-05  1.05978530e-05]","[ 0.          0.18604542 14.22205734 -1.45970881 -1.27149868  0.66330647
 -1.17227185  0.02166331]"
1747093072.7069068,"[ 0.          0.50835331  0.63615402 -2.61603486 -2.26026982  1.14501279
  1.08013087  1.52771077]","[ 0.00000000e+00  3.26486822e-02  4.62335584e-01 -6.57408321e-05
  2.02573099e-02  1.85604623e-05 -1.05739739e-05  1.05979587e-05]","[ 0.00000000e+00  1.58991590e-01  1.42883387e+01 -1.40538764e+00
 -1.23602211e+00  6.54905200e-01 -1.16208172e+00  1.38315251e-02]"
1747093072.709295,"[ 0.          0.50844379  0.63756509 -2.61603486 -2.26019419  1.14501279
  1.08013087  1.52771077]","[ 0.00000000e+00  2.85876049e-02  4.66188246e-01 -6.26891647e-05
  2.69823804e-02  1.85184257e-05 -1.05819570e-05  1.06059783e-05]","[ 0.          0.18942767 14.25728321 -1.34907973 -1.27092552  0.65347761
 -1.19598413  0.0167715 ]"
1747093072.7116666,"[ 0.          0.50849522  0.6385207  -2.61603486 -2.26013267  1.14501279
  1.08013087  1.52771077]","[ 0.00000000e+00  2.51190644e-02  4.67538735e-01 -5.99055526e-05
  3.05937517e-02  1.85186086e-05 -1.05819570e-05  1.05978530e-05]","[ 0.00000000e+00  1.67191625e-01  1.43631430e+01 -1.26987457e+00
 -1.36489844e+00  6.47580326e-01 -1.21525502e+00 -3.31073161e-03]"
1747093072.7140427,"[ 0.          0.50853747  0.63944642 -2.61603486 -2.26007009  1.14501279
  1.08013087  1.52771077]","[ 0.00000000e+00  1.99872133e-02  4.69969602e-01 -5.97041006e-05
  3.18715031e-02  1.85184257e-05 -1.05819570e-05  1.06059783e-05]","[ 0.          0.17125632 14.42954826 -1.22326303 -1.39829135  0.64305055
 -1.207443   -0.01801092]"
1747093072.7163713,"[ 0.          0.50858614  0.64087587 -2.61603486 -2.25997794  1.14501279
  1.08013087  1.52771077]","[ 0.00000000e+00  1.40450684e-02  4.72130391e-01 -4.57411002e-05
  2.91705272e-02  1.85184257e-05 -1.05819570e-05  1.05978530e-05]","[ 0.00000000e+00  1.48640469e-01  1.45831184e+01 -1.25023377e+00
 -1.39286578e+00  6.51240349e-01 -1.21383393e+00 -8.06402229e-03]"
1747093072.718772,"[ 0.          0.50860817  0.64181263 -2.61603486 -2.25992148  1.14501279
  1.08012993  1.52771077]","[ 0.00000000e+00  1.00307380e-02  4.75911747e-01 -4.57391334e-05
  2.83602355e-02  1.85046377e-05 -1.85186086e-05  1.06059783e-05]","[ 0.00000000e+00  1.61556080e-01  1.47084494e+01 -1.21425855e+00
 -1.33489823e+00  6.73684418e-01 -1.22979259e+00  1.13436319e-02]"
1747093072.7217174,"[ 0.          0.50862698  0.6432568  -2.61603432 -2.25983227  1.14501279
  1.08012993  1.52771077]","[ 0.00000000e+00  4.76460065e-03  4.75911747e-01  0.00000000e+00
  3.02509176e-02  1.85184257e-05 -1.85184257e-05  1.06058726e-05]","[ 0.00000000e+00  1.35084212e-01  1.47094259e+01 -1.16634333e+00
 -1.26747847e+00  6.42258823e-01 -1.23854113e+00  8.73958971e-03]"
1747093072.724595,"[ 0.          0.50863298  0.64470736 -2.61603486 -2.25973639  1.14501279
  1.08012993  1.52771077]","[ 0.00000000e+00  1.07929525e-03  4.78666188e-01 -1.95569025e-05
  3.23491306e-02  1.05820616e-05 -1.85184257e-05  1.05979587e-05]","[ 0.00000000e+00  1.42238215e-01  1.47393379e+01 -1.11684501e+00
 -1.27121019e+00  5.96490562e-01 -1.25027502e+00 -1.34391943e-03]"
1747093072.7290938,"[ 0.          0.50863251  0.64564958 -2.61603486 -2.25967248  1.14501279
  1.08012993  1.52771077]","[ 0.00000000e+00 -2.60201372e-04  4.77802425e-01 -1.95031931e-05
  3.21415997e-02  1.05819570e-05 -1.85046377e-05  1.06059783e-05]","[ 0.00000000e+00  1.36639908e-01  1.47846851e+01 -1.11029184e+00
 -1.22929502e+00  6.01098061e-01 -1.24453497e+00 -2.85326096e-04]"
1747093072.731301,"[ 0.          0.50863341  0.64805029 -2.61603486 -2.25951455  1.14501279
  1.08012993  1.52771077]","[ 0.00000000e+00  1.59534402e-04  4.78882836e-01 -1.81891269e-05
  3.26817948e-02  0.00000000e+00 -1.85186086e-05  1.05819570e-05]","[ 0.          0.09231818 14.85901165 -1.18190312 -1.10249877  0.61623001
 -1.17660201 -0.02308552]"
1747093072.7343419,"[ 0.          0.50863341  0.64950131 -2.61603512 -2.25940723  1.14501279
  1.08012993  1.52771077]","[ 0.00000000e+00  1.31644146e-04  4.77802425e-01 -8.54152150e-06
  3.67332556e-02  0.00000000e+00 -1.85044548e-05  1.05899522e-05]","[ 0.          0.03033807 14.73091793 -1.26336646 -1.11386454  0.55616182
 -1.1932497  -0.0364156 ]"
1747093072.7373161,"[ 0.          0.50863341  0.6504472  -2.61603512 -2.2593292   1.14501279
  1.08012993  1.52771077]","[ 0.00000000e+00  0.00000000e+00  4.79207076e-01 -8.22115565e-06
  3.80837445e-02  0.00000000e+00 -1.85184257e-05  1.05820616e-05]","[ 0.         -0.02412563 14.71839714 -1.29666471 -1.14868629  0.56044757
 -1.18277216 -0.02015109]"
1747093072.7395675,"[ 0.          0.50863341  0.65190009 -2.61603566 -2.25920935  1.14501279
  1.08012993  1.52771077]","[ 0.00000000e+00  0.00000000e+00  4.79693103e-01 -2.40995517e-05
  3.96214163e-02  0.00000000e+00 -1.85182388e-05  1.05819570e-05]","[ 0.         -0.07337184 14.75784683 -1.37293589 -1.20607913  0.58146077
 -1.16548312 -0.02041316]"
1747093072.7419643,"[ 0.          0.50863341  0.65284285 -2.61603619 -2.25912786  1.14501279
  1.08012993  1.52771077]","[ 0.00000000e+00  0.00000000e+00  4.77532347e-01 -3.89203097e-05
  4.18651087e-02  0.00000000e+00 -1.85184257e-05  1.05819570e-05]","[ 0.00000000e+00 -7.69477114e-02  1.47232361e+01 -1.43319297e+00
 -1.20129025e+00  6.04232788e-01 -1.17782605e+00 -8.08780640e-03]"
1747093072.7449899,"[ 0.          0.50863341  0.65428695 -2.61603699 -2.25898831  1.14501279
  1.08012993  1.52771077]","[ 0.00000000e+00  0.00000000e+00  4.75911747e-01 -5.87553820e-05
  4.76011874e-02  0.00000000e+00 -1.85186086e-05  1.05820616e-05]","[ 0.00000000e+00 -1.38226017e-01  1.45738373e+01 -1.54085708e+00
 -1.29622817e+00  6.21206224e-01 -1.14741457e+00 -1.44690517e-02]"
1747093072.747332,"[ 0.          0.50863341  0.65573478 -2.61603699 -2.2588413   1.14501279
  1.08012993  1.52771077]","[ 0.00000000e+00  0.00000000e+00  4.76992158e-01 -5.58343938e-05
  4.81475432e-02  0.00000000e+00 -1.85184257e-05  1.05819570e-05]","[ 0.00000000e+00 -1.49798468e-01  1.46590004e+01 -1.61125183e+00
 -1.47104323e+00  6.25613809e-01 -1.14431739e+00 -9.38720815e-03]"
1747093072.749714,"[ 0.          0.50863341  0.65667014 -2.61603699 -2.25874596  1.14501279
  1.08012993  1.52771077]","[ 0.00000000e+00  0.00000000e+00  4.73540801e-01 -5.57219523e-05
  4.83474467e-02  0.00000000e+00 -1.85184257e-05  1.05820616e-05]","[ 0.00000000e+00 -1.03361823e-01  1.47164373e+01 -1.64155817e+00
 -1.49297094e+00  5.96321702e-01 -1.16567123e+00  2.45022401e-03]"
1747093072.7525864,"[ 0.          0.50863341  0.65811338 -2.61603805 -2.2585947   1.14501279
  1.08012993  1.52771077]","[ 0.00000000e+00  0.00000000e+00  4.77389202e-01 -8.16419714e-05
  4.94013885e-02  0.00000000e+00 -1.85184257e-05  1.05819570e-05]","[ 0.00000000e+00 -1.32348418e-01  1.47708654e+01 -1.64264083e+00
 -1.42614579e+00  6.26542807e-01 -1.15878761e+00 -2.35849526e-03]"
1747093072.7549453,"[ 0.          0.50863387  0.65916446 -2.61603805 -2.25850122  1.14501279
  1.08012993  1.52771077]","[ 0.00000000e+00  2.20798490e-05  4.79469298e-01 -7.94854838e-05
  4.64567646e-02  0.00000000e+00 -1.85184257e-05  1.05819570e-05]","[ 0.00000000e+00 -1.25116408e-01  1.47845211e+01 -1.65140164e+00
 -1.43585026e+00  6.13798141e-01 -1.16558921e+00 -8.74032546e-03]"
1747093072.756612,"[ 0.          0.50863341  0.66011867 -2.61603805 -2.258412    1.14501279
  1.08012993  1.52771077]","[ 0.00000000e+00  0.00000000e+00  4.85095059e-01 -7.75828614e-05
  4.28814084e-02  0.00000000e+00 -1.85186086e-05  1.05820616e-05]","[ 0.00000000e+00 -1.07772686e-01  1.47484903e+01 -1.66273177e+00
 -1.38030469e+00  6.04923785e-01 -1.17886639e+00 -1.02436906e-02]"
1747093072.758376,"[ 0.          0.50863341  0.66111469 -2.61603805 -2.25832811  1.14501279
  1.08012993  1.52771077]","[ 0.00000000e+00  0.00000000e+00  4.86490822e-01 -7.56311255e-05
  4.26754004e-02  0.00000000e+00 -1.85184257e-05  1.05819570e-05]","[ 0.00000000e+00 -1.03864945e-01  1.47786541e+01 -1.65039313e+00
 -1.27905452e+00  5.76282263e-01 -1.16750956e+00 -3.59477894e-03]"
1747093072.7607508,"[ 0.          0.50863387  0.66208036 -2.61603805 -2.25823703  1.14501279
  1.08012993  1.52771077]","[ 0.00000000e+00  1.82846616e-05  4.91037204e-01 -7.40366829e-05
  4.46367853e-02  0.00000000e+00 -1.85184257e-05  0.00000000e+00]","[ 0.         -0.09423035 14.75328445 -1.62743461 -1.13481176  0.54832321
 -1.14825356 -0.01701487]"
1747093072.7639463,"[ 0.          0.50863341  0.66305334 -2.61603805 -2.25814515  1.14501279
  1.08012993  1.52771077]","[ 0.00000000e+00  0.00000000e+00  4.94239455e-01 -7.22588717e-05
  4.67268633e-02  0.00000000e+00 -1.85186086e-05  0.00000000e+00]","[ 0.         -0.09175289 14.71970081 -1.58707941 -1.01417744  0.52775687
 -1.15947068 -0.0224872 ]"
1747093072.7648714,"[ 0.          0.50863341  0.66407047 -2.61603805 -2.25804795  1.14501279
  1.08012993  1.52771077]","[ 0.00000000e+00  0.00000000e+00  4.96979349e-01 -7.06830651e-05
  5.02381288e-02  0.00000000e+00 -1.85186086e-05  0.00000000e+00]","[ 0.         -0.03644096 14.6980257  -1.53970492 -0.94990176  0.4848775
 -1.16409683 -0.03335711]"
1747093072.76668,"[ 0.          0.50863341  0.66509539 -2.61603832 -2.25793503  1.14501279
  1.08012993  1.52771077]","[ 0.00000000e+00  0.00000000e+00  5.01035376e-01 -7.32551027e-05
  5.72026487e-02  0.00000000e+00 -1.85184257e-05  0.00000000e+00]","[ 0.00000000e+00 -2.98836827e-02  1.46495132e+01 -1.50622869e+00
 -9.77056682e-01  4.53079998e-01 -1.15614200e+00 -9.20472667e-03]"
1747093072.7684045,"[ 0.          0.50863387  0.66559173 -2.61603832 -2.25781066  1.14501279
  1.08012993  1.52771077]","[ 0.00000000e+00  1.51320274e-05  5.03461682e-01 -7.17565382e-05
  6.45532979e-02  0.00000000e+00 -1.85184257e-05  0.00000000e+00]","[ 0.00000000e+00 -5.04571460e-02  1.45853729e+01 -1.44976974e+00
 -1.08915138e+00  4.39284861e-01 -1.16988170e+00 -9.58701316e-03]"
1747093072.7708359,"[ 0.          0.50863341  0.66658682 -2.61603832 -2.25767404  1.14501279
  1.08012993  1.52771077]","[ 0.00000000e+00  0.00000000e+00  5.05352394e-01 -8.11378661e-05
  6.80645635e-02  0.00000000e+00 -1.85186086e-05  0.00000000e+00]","[ 0.         -0.08022109 14.46296978 -1.4386301  -1.22554195  0.46736223
 -1.1744411  -0.03825637]"
1747093072.7726028,"[ 0.          0.50863341  0.66762552 -2.61603832 -2.25753316  1.14501279
  1.08012993  1.52771077]","[ 0.00000000e+00  0.00000000e+00  5.07783261e-01 -7.95448377e-05
  7.26562194e-02  0.00000000e+00 -1.05819570e-05  0.00000000e+00]","[ 0.         -0.09562077 14.38036251 -1.43042719 -1.42778599  0.48651525
 -1.1673739  -0.03342042]"
1747093072.774398,"[ 0.          0.50863387  0.66867155 -2.61603885 -2.25738083  1.14501279
  1.08012993  1.52771077]","[ 0.00000000e+00  1.32726697e-05  5.11567646e-01 -7.94262194e-05
  7.48170001e-02  0.00000000e+00 -1.05819570e-05  0.00000000e+00]","[ 0.         -0.07486092 14.27475929 -1.40809679 -1.58123076  0.52465069
 -1.18102252 -0.04285792]"
1747093072.7761464,"[ 0.          0.50863341  0.66968315 -2.61603885 -2.25723515  1.14501279
  1.08012993  1.52771077]","[ 0.00000000e+00  0.00000000e+00  5.13725405e-01 -7.80131543e-05
  7.40067084e-02  0.00000000e+00 -1.05819570e-05  0.00000000e+00]","[ 0.         -0.1340934  14.20430851 -1.39080501 -1.77156603  0.55080068
 -1.21078742 -0.02599989]"
1747093072.777958,"[ 0.          0.50863341  0.67019055 -2.61603885 -2.25715473  1.14501279
  1.08012993  1.52771077]","[ 0.00000000e+00  0.00000000e+00  5.14014358e-01 -7.65393456e-05
  7.56608310e-02  0.00000000e+00 -1.05819570e-05  0.00000000e+00]","[ 0.         -0.12256916 14.30309677 -1.40194285 -1.82008243  0.55047035
 -1.21605492 -0.02413483]"
1747093072.7797022,"[ 0.          0.50863341  0.67124989 -2.61603885 -2.25700239  1.14501279
  1.08012993  1.52771077]","[ 0.00000000e+00  0.00000000e+00  5.17586090e-01 -7.50115796e-05
  7.77880725e-02  0.00000000e+00 -1.05739739e-05  0.00000000e+00]","[ 0.         -0.16694619 14.18456364 -1.41814232 -1.94538534  0.5804922
 -1.22009742 -0.02747028]"
1747093072.7814364,"[ 0.          0.50863341  0.67226974 -2.61603938 -2.25683941  1.14501279
  1.08012993  1.52771077]","[ 0.00000000e+00  0.00000000e+00  5.17506761e-01 -8.34677419e-05
  8.04890505e-02  0.00000000e+00 -1.05819570e-05  0.00000000e+00]","[ 0.         -0.20425256 14.07449055 -1.38872278 -2.04406857  0.55987692
 -1.19898009 -0.03050043]"
1747093072.7838042,"[ 0.          0.50863298  0.67333328 -2.61603938 -2.25667536  1.14501279
  1.08012993  1.52771077]","[ 0.00000000e+00 -1.12697774e-05  5.19353996e-01 -8.19775485e-05
  8.40003119e-02  0.00000000e+00 -1.05820616e-05  0.00000000e+00]","[ 0.         -0.2314052  13.96023941 -1.41124439 -2.10935569  0.5569905
 -1.1905154  -0.02258661]"
1747093072.7855613,"[ 0.          0.50863341  0.67435726 -2.61603992 -2.25650411  1.14501279
  1.08012993  1.52771077]","[ 0.00000000e+00  0.00000000e+00  5.18317061e-01 -8.84631845e-05
  8.40074359e-02  0.00000000e+00 -1.05819570e-05  0.00000000e+00]","[ 0.00000000e+00 -2.48673812e-01  1.38590164e+01 -1.41996181e+00
 -2.11250448e+00  5.52603066e-01 -1.18381929e+00 -3.13017284e-03]"
1747093072.787274,"[ 0.          0.50863298  0.67541933 -2.61603992 -2.25633847  1.14501279
  1.08012993  1.52771077]","[ 0.00000000e+00 -1.06059783e-05  5.18839940e-01 -8.68506587e-05
  8.42704147e-02  0.00000000e+00 -1.05739739e-05  0.00000000e+00]","[ 0.00000000e+00 -2.94608086e-01  1.38442984e+01 -1.41031408e+00
 -2.02857518e+00  5.43788731e-01 -1.15052342e+00 -8.91929399e-03]"
1747093072.790889,"[ 0.          0.50863298  0.67644285 -2.61604018 -2.25617442  1.14501279
  1.08012993  1.52771077]","[ 0.00000000e+00 -1.04017539e-05  5.18331542e-01 -8.98987623e-05
  8.29199257e-02  0.00000000e+00 -1.05820616e-05  0.00000000e+00]","[ 0.         -0.32965097 13.83878708 -1.4669677  -1.90796721  0.54218864
 -1.14777029 -0.02216765]"
1747093072.793157,"[ 0.          0.50863298  0.67853084 -2.61604125 -2.25583779  1.14501279
  1.08012993  1.52771077]","[ 0.00000000e+00 -1.01902129e-05  5.19680666e-01 -1.04401864e-04
  8.17505150e-02  0.00000000e+00 -1.05979587e-05  0.00000000e+00]","[ 0.00000000e+00 -3.92230004e-01  1.38516264e+01 -1.56148398e+00
 -1.62568271e+00  4.78522748e-01 -1.12134922e+00 -6.03480788e-04]"
1747093072.7948656,"[ 0.          0.50863251  0.67904283 -2.61604125 -2.25575896  1.14501279
  1.08012993  1.52771077]","[ 0.00000000e+00 -1.52853199e-05  5.19654401e-01 -1.02747060e-04
  7.99488533e-02  0.00000000e+00 -1.05979587e-05  0.00000000e+00]","[ 0.00000000e+00 -4.02334541e-01  1.38980865e+01 -1.57880092e+00
 -1.52730477e+00  4.43230093e-01 -1.07108092e+00 -3.92129365e-03]"
1747093072.796605,"[ 0.          0.50863204  0.6801049  -2.61604178 -2.25559757  1.14501279
  1.08013087  1.52771077]","[ 0.00000000e+00 -2.45149879e-05  5.18338400e-01 -1.09442673e-04
  8.25660831e-02  0.00000000e+00  0.00000000e+00  0.00000000e+00]","[ 0.         -0.39853099 13.97943687 -1.6228075  -1.3086375   0.41890973
 -1.04352713 -0.03083024]"
1747093072.7989585,"[ 0.          0.50863251  0.68113075 -2.61604258 -2.25542687  1.14501279
  1.08013087  1.52771077]","[ 0.00000000e+00 -1.47296010e-05  5.20207739e-01 -1.16052714e-04
  8.34601230e-02  0.00000000e+00  0.00000000e+00  0.00000000e+00]","[ 0.00000000e+00 -4.26649243e-01  1.41483097e+01 -1.66950798e+00
 -1.19052744e+00  3.88294071e-01 -1.06184542e+00 -9.58439428e-03]"
1747093072.8007312,"[ 0.          0.50863204  0.68219881 -2.61604311 -2.25525802  1.14501186
  1.08012993  1.52771077]","[ 0.00000000e+00 -2.40779066e-05  5.21347639e-01 -1.22318587e-04
  8.64311954e-02 -1.05899522e-05 -1.05979587e-05  0.00000000e+00]","[ 0.         -0.42587239 14.20098591 -1.6970613  -1.09375334  0.38652912
 -1.08212185 -0.03386872]"
1747093072.8024518,"[ 0.          0.50863204  0.68322925 -2.61604338 -2.25506308  1.14501186
  1.08013087  1.52771077]","[ 0.00000000e+00 -2.36561412e-05  5.22378915e-01 -1.24660996e-04
  8.90645291e-02 -1.05819570e-05  0.00000000e+00  0.00000000e+00]","[ 0.         -0.45710504 14.23700619 -1.71907198 -1.10790324  0.36878753
 -1.05850577 -0.04641691]"
1747093072.8047888,"[ 0.          0.50863204  0.6843033  -2.61604391 -2.25488411  1.14501186
  1.08013087  1.52771077]","[ 0.00000000e+00 -2.32488973e-05  5.23989095e-01 -1.22693493e-04
  9.20099187e-02 -1.05819570e-05  0.00000000e+00  0.00000000e+00]","[ 0.         -0.45152381 14.22314262 -1.77014816 -1.15652812  0.36826298
 -1.01981997 -0.03156656]"
1747093072.8066201,"[ 0.          0.50863158  0.68533741 -2.61604444 -2.25469024  1.14501186
  1.08012993  1.52771077]","[ 0.00000000e+00 -3.14645680e-05  5.24529284e-01 -1.28721073e-04
  9.55427850e-02 -1.05820616e-05 -1.05979587e-05  0.00000000e+00]","[ 0.         -0.435278   14.38752365 -1.8150475  -1.25962722  0.37794381
 -1.04939973 -0.02573154]"
1747093072.8084097,"[ 0.          0.50863158  0.68642291 -2.61604498 -2.25449556  1.14501186
  1.08012993  1.52771077]","[ 0.00000000e+00 -3.09105081e-05  5.30743438e-01 -1.32546449e-04
  1.00206163e-01 -1.05899522e-05 -1.05979587e-05  0.00000000e+00]","[ 0.00000000e+00 -4.47218359e-01  1.45002642e+01 -1.83244538e+00
 -1.42979896e+00  4.04282212e-01 -1.08841741e+00 -1.07771633e-02]"
1747093072.8108408,"[ 0.          0.50863158  0.687474   -2.61604578 -2.25428544  1.14501186
  1.08012993  1.52771077]","[ 0.00000000e+00 -3.04137824e-05  5.33172407e-01 -1.41917748e-04
  1.02907141e-01 -1.05979587e-05 -1.05979587e-05  0.00000000e+00]","[ 0.         -0.41434214 14.6378479  -1.84794927 -1.61822546  0.43136013
 -1.10946238 -0.02637226]"
1747093072.8124206,"[ 0.          0.50863158  0.68857195 -2.61604578 -2.25407877  1.14501186
  1.08012993  1.52771077]","[ 0.00000000e+00 -3.04515399e-05  5.37493985e-01 -1.39833252e-04
  1.05067922e-01 -1.06059783e-05 -1.05979587e-05  0.00000000e+00]","[ 0.         -0.40572199 14.63158226 -1.83109963 -1.81719148  0.44400364
 -1.09140706 -0.02390731]"
1747093072.8148427,"[ 0.          0.50863158  0.68963675 -2.61604684 -2.25396852  1.14501186
  1.08012993  1.52771077]","[ 0.00000000e+00 -2.99318078e-05  5.39647617e-01 -1.45365098e-04
  1.03818142e-01 -1.05979587e-05 -1.06059783e-05  0.00000000e+00]","[ 0.         -0.35544845 14.73472023 -1.84232891 -1.89284754  0.46513996
 -1.10158396 -0.02973361]"
1747093072.817715,"[ 0.          0.50863114  0.69074942 -2.61604711 -2.25376878  1.14501186
  1.08012993  1.52771077]","[ 0.00000000e+00 -4.20428311e-05  5.44516508e-01 -1.46870766e-04
  1.01016455e-01 -1.06059783e-05 -1.05979587e-05  0.00000000e+00]","[ 0.00000000e+00 -3.57285857e-01  1.47268925e+01 -1.87420142e+00
 -2.04295707e+00  5.10440886e-01 -1.13835990e+00 -1.33058187e-02]"
1747093072.8199208,"[ 0.          0.50863114  0.69237215 -2.61604711 -2.25346758  1.14501186
  1.08012993  1.52771077]","[ 0.00000000e+00 -4.08203599e-05  5.49378275e-01 -1.34476274e-04
  9.84856945e-02 -1.06059783e-05  0.00000000e+00  0.00000000e+00]","[ 0.         -0.31269652 14.74239731 -1.81903148 -2.06427407  0.51910043
 -1.15579784 -0.02514216]"
1747093072.8221717,"[ 0.          0.50863114  0.69404501 -2.61604764 -2.2531733   1.14501186
  1.08012993  1.52771077]","[ 0.00000000e+00 -3.21332191e-05  5.52889520e-01 -1.39585987e-04
  9.57034402e-02 -1.05979587e-05  0.00000000e+00  0.00000000e+00]","[ 0.00000000e+00 -2.88166732e-01  1.47252893e+01 -1.74028325e+00
 -1.98811078e+00  4.54046756e-01 -1.14136660e+00 -1.11419652e-02]"
1747093072.8244245,"[ 0.          0.50863114  0.69517872 -2.61604764 -2.25299007  1.14501186
  1.08012993  1.52771077]","[ 0.00000000e+00 -3.16628361e-05  5.54198297e-01 -1.37670198e-04
  9.26434348e-02 -1.05979587e-05  0.00000000e+00  0.00000000e+00]","[ 0.         -0.21274108 14.64795876 -1.70135009 -1.88398206  0.41284505
 -1.14814639 -0.0222293 ]"
1747093072.8267353,"[ 0.          0.50863114  0.69627621 -2.61604764 -2.25280445  1.14501186
  1.08012993  1.52771077]","[ 0.00000000e+00 -3.95779564e-05  5.56916352e-01 -1.36068213e-04
  9.00258803e-02 -1.05979587e-05  0.00000000e+00  0.00000000e+00]","[ 0.00000000e+00 -1.82557285e-01  1.46397038e+01 -1.65256608e+00
 -1.69879770e+00  3.85906249e-01 -1.15083158e+00  5.97405992e-03]"
1747093072.828427,"[ 0.          0.50863114  0.69741864 -2.61604764 -2.25261989  1.14501093
  1.08012993  1.52771077]","[ 0.00000000e+00 -3.89630147e-05  5.57709042e-01 -1.34377527e-04
  9.12797215e-02 -1.85464284e-05  0.00000000e+00  0.00000000e+00]","[ 0.         -0.11994985 14.59568977 -1.62655222 -1.43559098  0.36330685
 -1.15010905 -0.02085448]"
1747093072.8307245,"[ 0.          0.50863114  0.69851846 -2.61604764 -2.25243347  1.14501093
  1.08012993  1.52771077]","[ 0.00000000e+00 -3.84094993e-05  5.57481175e-01 -1.27536385e-04
  9.52478066e-02 -1.85464284e-05  0.00000000e+00  0.00000000e+00]","[ 0.00000000e+00 -1.47149891e-01  1.44726639e+01 -1.58991039e+00
 -1.23282063e+00  3.17479312e-01 -1.11873543e+00 -1.90128444e-03]"
1747093072.8324292,"[ 0.          0.50863114  0.69966275 -2.61604764 -2.25222814  1.14501093
  1.08012993  1.52771077]","[ 0.00000000e+00 -3.07608739e-05  5.58687587e-01 -1.19339534e-04
  1.02564301e-01 -1.85464284e-05  0.00000000e+00  0.00000000e+00]","[ 0.         -0.11846017 14.39429188 -1.55691731 -1.12780321  0.25506192
 -1.10418355 -0.01950139]"
1747093072.8346972,"[ 0.          0.50863114  0.70076477 -2.61604817 -2.25202015  1.14501
  1.08012993  1.52771077]","[ 0.00000000e+00 -3.02963304e-05  5.58291476e-01 -1.24442192e-04
  1.06148308e-01 -2.64948971e-05  0.00000000e+00  0.00000000e+00]","[ 0.         -0.10343684 14.34294128 -1.52944183 -1.11326599  0.23557884
 -1.13499284 -0.03086544]"
1747093072.837026,"[ 0.          0.50863114  0.70190999 -2.61604817 -2.2518047   1.14501
  1.08012993  1.52771077]","[ 0.00000000e+00 -2.98774198e-05  5.59464432e-01 -1.22951462e-04
  1.10897590e-01 -2.65149452e-05  0.00000000e+00  0.00000000e+00]","[ 0.         -0.08966424 14.41433525 -1.50646234 -1.13537216  0.2401714
 -1.13740039 -0.0299006 ]"
1747093072.8386798,"[ 0.          0.50863068  0.70301208 -2.61604817 -2.25157514  1.14501
  1.08012993  1.52771077]","[ 0.00000000e+00 -3.63036206e-05  5.58831664e-01 -1.22836550e-04
  1.12360547e-01 -2.64951613e-05  0.00000000e+00  0.00000000e+00]","[ 0.         -0.0812229  14.46835613 -1.50517106 -1.18620074  0.2602275
 -1.14017868 -0.03228441]"
1747093072.8404136,"[ 0.          0.50863068  0.70415817 -2.61604844 -2.2513493   1.14501
  1.08012993  1.52771077]","[ 0.00000000e+00 -3.58221418e-05  5.60216708e-01 -1.24693302e-04
  1.14521328e-01 -2.65149452e-05  0.00000000e+00  0.00000000e+00]","[ 0.         -0.14724091 14.55498028 -1.50624907 -1.31571555  0.29482061
 -1.16216302 -0.01952709]"
1747093072.8427184,"[ 0.          0.50863021  0.70526438 -2.61604897 -2.25111468  1.14501
  1.08012993  1.52771077]","[ 0.00000000e+00 -4.94945620e-05  5.60722376e-01 -1.29437512e-04
  1.14521328e-01 -2.64948971e-05  0.00000000e+00  0.00000000e+00]","[ 0.         -0.14072852 14.68876266 -1.54424727 -1.46813822  0.32920399
 -1.18425488 -0.03397638]"
1747093072.8444178,"[ 0.          0.50862975  0.70641233 -2.61604897 -2.25088005  1.14501
  1.08012993  1.52771077]","[ 0.00000000e+00 -5.58336623e-05  5.60718248e-01 -1.27940573e-04
  1.13096579e-01 -2.65149452e-05  0.00000000e+00  0.00000000e+00]","[ 0.00000000e+00 -2.13909015e-01  1.48386993e+01 -1.55809653e+00
 -1.69240355e+00  3.41051131e-01 -1.19200814e+00 -1.37193995e-02]"
1747093072.8467157,"[ 0.          0.50862975  0.70752087 -2.6160495  -2.25066061  1.14501
  1.08012993  1.52771077]","[ 0.00000000e+00 -5.50680767e-05  5.62072865e-01 -1.31037075e-04
  1.09659578e-01 -2.64948971e-05  0.00000000e+00  0.00000000e+00]","[ 0.         -0.26551756 14.95930481 -1.60023105 -1.85278022  0.36747178
 -1.20880091 -0.02765889]"
1747093072.84854,"[ 0.          0.50862975  0.70862982 -2.6160503  -2.25044462  1.14501093
  1.08012993  1.52771077]","[ 0.00000000e+00 -4.75782937e-05  5.62613020e-01 -1.38615275e-04
  1.03065841e-01 -1.85604623e-05  0.00000000e+00  0.00000000e+00]","[ 0.         -0.34219572 15.15242863 -1.63948226 -1.96045315  0.4024224
 -1.20514107 -0.02454689]"
1747093072.8503273,"[ 0.          0.50862928  0.70978649 -2.61605137 -2.25024675  1.14501093
  1.08012993  1.52771077]","[ 0.00000000e+00 -5.36988544e-05  5.66394376e-01 -1.47254749e-04
  9.91257769e-02 -1.85462435e-05  0.00000000e+00  0.00000000e+00]","[ 0.00000000e+00 -3.90770704e-01  1.52883167e+01 -1.67917562e+00
 -1.92409086e+00  4.11372781e-01 -1.21092844e+00 -9.10209492e-03]"
1747093072.8520498,"[ 0.          0.50862928  0.71034396 -2.61605163 -2.25014928  1.14501093
  1.08012993  1.52771077]","[ 0.00000000e+00 -5.30397936e-05  5.64741219e-01 -1.48579763e-04
  9.88556741e-02 -1.85464284e-05  0.00000000e+00  0.00000000e+00]","[ 0.00000000e+00 -4.03775990e-01  1.53818359e+01 -1.69633245e+00
 -1.88690472e+00  4.09838051e-01 -1.20123041e+00  1.20643172e-02]"
1747093072.855154,"[ 0.          0.50862885  0.71145796 -2.61605217 -2.24994688  1.14501093
  1.08012993  1.52771077]","[ 0.00000000e+00 -5.56715060e-05  5.65043887e-01 -1.51022918e-04
  9.96659659e-02 -1.85464284e-05  0.00000000e+00  0.00000000e+00]","[ 0.         -0.46371159 15.31757069 -1.76122785 -1.77724683  0.39686263
 -1.15560734  0.02089563]"
1747093072.855433,"[ 0.          0.50862885  0.7126169  -2.61605323 -2.24974901  1.14501
  1.08012993  1.52771077]","[ 0.00000000e+00 -6.14190226e-05  5.66124332e-01 -1.60852979e-04
  1.00374458e-01 -2.64948971e-05  0.00000000e+00  0.00000000e+00]","[ 0.         -0.46330938 15.25883865 -1.78014302 -1.66060591  0.34925646
 -1.11869669 -0.02654195]"
1747093072.8577719,"[ 0.          0.50862885  0.71373503 -2.6160535  -2.24954155  1.14501
  1.08012993  1.52771077]","[ 0.00000000e+00 -6.06919117e-05  5.66629999e-01 -1.61855273e-04
  1.02062761e-01 -2.64951613e-05  0.00000000e+00  0.00000000e+00]","[ 0.         -0.4877277  15.14508343 -1.83456087 -1.49425316  0.316596
 -1.12560046 -0.03846789]"
1747093072.8594427,"[ 0.          0.50862838  0.71489683 -2.61605403 -2.24934261  1.14501
  1.08013087  1.52771077]","[ 0.00000000e+00 -6.62375862e-05  5.67744865e-01 -1.64046676e-04
  1.00206163e-01 -2.64948971e-05  1.05820616e-05  0.00000000e+00]","[ 0.         -0.52739215 15.02736473 -1.85841668 -1.30973816  0.2412795
 -1.08730555 -0.01662866]"
1747093072.8612027,"[ 0.          0.50862838  0.71601543 -2.6160551  -2.24914154  1.14501
  1.08013087  1.52771077]","[ 0.00000000e+00 -5.92902289e-05  5.67204709e-01 -1.73094109e-04
  1.02366944e-01 -2.64948971e-05  1.05979587e-05  0.00000000e+00]","[ 0.00000000e+00 -5.48152208e-01  1.49665298e+01 -1.90291905e+00
 -1.07889378e+00  2.52323061e-01 -1.05972707e+00 -1.31763443e-02]"
1747093072.8629367,"[ 0.          0.50862838  0.7166165  -2.61605536 -2.24903128  1.14501
  1.08013087  1.52771077]","[ 0.00000000e+00 -5.92367836e-05  5.65984383e-01 -1.74055815e-04
  1.03720479e-01 -2.64948971e-05  1.05819570e-05  0.00000000e+00]","[ 0.         -0.55234677 15.05002117 -1.91137421 -1.01152241  0.23400703
 -1.04434061 -0.01933801]"
1747093072.8647132,"[ 0.          0.50862838  0.71773689 -2.6160559  -2.24882196  1.14500907
  1.08013087  1.52771077]","[ 0.00000000e+00 -5.85608220e-05  5.69095354e-01 -1.78641185e-04
  1.07498797e-01 -3.71209245e-05  1.05819570e-05  0.00000000e+00]","[ 0.         -0.55397505 14.93371677 -1.92044091 -0.89358288  0.22428441
 -1.04811287 -0.03404063]"
1747093072.8663948,"[ 0.          0.50862792  0.71890143 -2.61605669 -2.24859879  1.14500907
  1.08013087  1.52771077]","[ 0.00000000e+00 -6.40505562e-05  5.68825310e-01 -1.96614743e-04
  1.08582745e-01 -3.70928568e-05  1.05820616e-05  0.00000000e+00]","[ 0.         -0.55366039 14.83000755 -1.91602588 -0.88023728  0.19624336
 -1.07444131 -0.02156701]"
1747093072.868069,"[ 0.          0.50862792  0.71945929 -2.61605669 -2.2484904   1.14500907
  1.08013087  1.52771077]","[ 0.00000000e+00 -6.39948515e-05  5.65854221e-01 -2.01898446e-04
  1.09929672e-01 -3.70928568e-05  1.05819570e-05  0.00000000e+00]","[ 0.         -0.54933429 14.68469143 -1.90259194 -0.90974259  0.17632051
 -1.07247448 -0.03695762]"
1747093072.8698788,"[ 0.          0.50862792  0.72057882 -2.61605723 -2.24827441  1.14500907
  1.08013087  1.52771077]","[ 0.00000000e+00 -5.79001032e-05  5.67169622e-01 -2.05018671e-04
  1.09119380e-01 -3.71205547e-05  1.05819570e-05  0.00000000e+00]","[ 0.         -0.50598133 14.6944418  -1.88847256 -0.98698419  0.18776092
 -1.05817735 -0.02033933]"
1747093072.8716705,"[ 0.          0.50862792  0.7217369  -2.61605776 -2.24804964  1.14500907
  1.08013087  1.52771077]","[ 0.00000000e+00 -5.71564816e-05  5.64503732e-01 -2.13350282e-04
  1.10199767e-01 -3.70928568e-05  1.05820616e-05  0.00000000e+00]","[ 0.00000000e+00 -4.95442986e-01  1.46287193e+01 -1.86494052e+00
 -1.05394161e+00  2.37342760e-01 -1.07817256e+00 -1.30805830e-02]"
1747093072.8734226,"[ 0.          0.50862745  0.72285276 -2.61605856 -2.24783233  1.14500907
  1.08013087  1.52771077]","[ 0.00000000e+00 -6.55620716e-05  5.65854221e-01 -2.12662890e-04
  1.10469869e-01 -3.70928568e-05  1.05820616e-05  0.00000000e+00]","[ 0.         -0.40515658 14.64299965 -1.84962273 -1.12805474  0.24776952
 -1.1038574  -0.02873374]"
1747093072.875804,"[ 0.          0.50862745  0.72400851 -2.61605909 -2.2476041   1.14500907
  1.08013087  1.52771077]","[ 0.00000000e+00 -6.25294953e-05  5.63423354e-01 -2.15474163e-04
  1.12093499e-01 -3.70932266e-05  1.05739739e-05  0.00000000e+00]","[ 0.         -0.34552491 14.61944866 -1.84092879 -1.23949635  0.28294879
 -1.11386597 -0.02688607]"
1747093072.877507,"[ 0.          0.50862745  0.72511698 -2.61605962 -2.24738359  1.14500907
  1.08013087  1.52771077]","[ 0.00000000e+00 -6.25826764e-05  5.61503348e-01 -2.17290051e-04
  1.12360547e-01 -3.71209245e-05  1.05820616e-05  0.00000000e+00]","[ 0.         -0.28988215 14.68157768 -1.77698052 -1.46164477  0.28275916
 -1.10038638 -0.02490316]"
1747093072.8793857,"[ 0.          0.50862745  0.72571299 -2.61606016 -2.24726348  1.14500907
  1.08013087  1.52771077]","[ 0.00000000e+00 -6.18997050e-05  5.61219788e-01 -2.17500776e-04
  1.13096579e-01 -3.70928568e-05  1.05820616e-05  0.00000000e+00]","[ 0.         -0.25802907 14.73962593 -1.76978099 -1.53444409  0.29648039
 -1.12364447 -0.03001724]"
1747093072.8809698,"[ 0.          0.50862745  0.72681741 -2.61606042 -2.24704244  1.14500907
  1.08013087  1.52771077]","[ 0.00000000e+00 -5.58635221e-05  5.59371887e-01 -2.18151596e-04
  1.11820358e-01 -3.70928568e-05  1.05820616e-05  0.00000000e+00]","[ 0.00000000e+00 -2.28319556e-01  1.48198376e+01 -1.74253404e+00
 -1.69922447e+00  3.09654146e-01 -1.14236724e+00 -1.42317154e-02]"
1747093072.882733,"[ 0.          0.50862745  0.72792129 -2.61606042 -2.2468142   1.14500907
  1.08013087  1.52771077]","[ 0.00000000e+00 -5.52619580e-05  5.59074944e-01 -2.11958657e-04
  1.11341198e-01 -3.70372172e-05  1.05819570e-05  0.00000000e+00]","[ 0.00000000e+00 -1.56491458e-01  1.49783983e+01 -1.70140135e+00
 -1.78181219e+00  3.33925933e-01 -1.16924381e+00 -8.26237071e-03]"
1747093072.8845973,"[ 0.          0.50862745  0.72906785 -2.61606149 -2.24659769  1.14500907
  1.08013087  1.52771077]","[ 0.00000000e+00 -6.04276355e-05  5.59371887e-01 -2.21507773e-04
  1.09659578e-01 -3.70089097e-05  1.05819570e-05  0.00000000e+00]","[ 0.00000000e+00 -1.11786678e-01  1.50814323e+01 -1.68300128e+00
 -1.83162785e+00  3.47801775e-01 -1.17697394e+00  2.48908158e-03]"
1747093072.886418,"[ 0.          0.50862745  0.73016993 -2.61606175 -2.24638277  1.14500907
  1.08012993  1.52771077]","[ 0.00000000e+00 -5.97912905e-05  5.58831664e-01 -2.14102320e-04
  1.07607937e-01 -3.70368514e-05  0.00000000e+00  0.00000000e+00]","[ 0.00000000e+00 -5.69181964e-02  1.50978041e+01 -1.67993319e+00
 -1.88419378e+00  3.71346861e-01 -1.16428232e+00  3.16067203e-03]"
1747093072.8875248,"[ 0.          0.50862745  0.73076408 -2.61606175 -2.24626879  1.14500907
  1.08012993  1.52771077]","[ 0.00000000e+00 -5.40529659e-05  5.59464432e-01 -2.11439240e-04
  1.07227937e-01 -3.70368514e-05  0.00000000e+00  0.00000000e+00]","[ 0.00000000e+00 -4.20827931e-03  1.52538128e+01 -1.66941786e+00
 -1.88841712e+00  3.56402606e-01 -1.16738343e+00 -5.50612528e-03]"
1747093072.889363,"[ 0.          0.50862745  0.73186849 -2.61606229 -2.24606266  1.14500907
  1.08012993  1.52771077]","[ 0.00000000e+00 -4.83631777e-05  5.59912042e-01 -2.08083062e-04
  1.03447330e-01 -3.70372172e-05  0.00000000e+00  0.00000000e+00]","[ 0.00000000e+00  1.74488816e-02  1.52300663e+01 -1.66688812e+00
 -1.83237219e+00  3.35011929e-01 -1.16036701e+00 -1.26468875e-02]"
1747093072.8911023,"[ 0.          0.50862745  0.73301552 -2.61606282 -2.24585999  1.14500907
  1.08012993  1.52771077]","[ 0.00000000e+00 -4.78585807e-05  5.60182153e-01 -2.11561377e-04
  9.83012373e-02 -3.70368514e-05  0.00000000e+00  0.00000000e+00]","[ 0.00000000e+00  1.71762251e-03  1.52912683e+01 -1.63838136e+00
 -1.70094192e+00  2.95620888e-01 -1.14882553e+00 -2.35831272e-02]"
1747093072.8929257,"[ 0.          0.50862698  0.73356885 -2.61606282 -2.24576359  1.145008
  1.08012993  1.52771077]","[ 0.00000000e+00 -5.91194210e-05  5.60693880e-01 -2.09003449e-04
  9.76762183e-02 -4.76188043e-05  0.00000000e+00  0.00000000e+00]","[ 0.00000000e+00  2.79262736e-02  1.51540232e+01 -1.65777111e+00
 -1.58119130e+00  2.75947541e-01 -1.12699795e+00 -1.28061026e-02]"
1747093072.8947325,"[ 0.          0.50862698  0.73471455 -2.61606362 -2.24557317  1.145008
  1.08012993  1.52771077]","[ 0.00000000e+00 -5.84630950e-05  5.59740734e-01 -2.08253151e-04
  9.64247990e-02 -4.76192757e-05  0.00000000e+00  0.00000000e+00]","[ 0.00000000e+00  3.52991149e-02  1.51346989e+01 -1.62750292e+00
 -1.38488805e+00  2.32469231e-01 -1.13611448e+00  2.14004191e-03]"
1747093072.8965116,"[ 0.          0.50862698  0.73581749 -2.61606415 -2.2453721   1.14500707
  1.08013087  1.52771077]","[ 0.00000000e+00 -5.29372390e-05  5.59371887e-01 -2.12266520e-04
  9.80453824e-02 -5.82007654e-05  0.00000000e+00  0.00000000e+00]","[ 0.00000000e+00  7.27932900e-03  1.50668182e+01 -1.61915469e+00
 -1.18262851e+00  1.95174769e-01 -1.10897434e+00 -2.60565318e-02]"
1747093072.898889,"[ 0.          0.50862698  0.73692091 -2.61606468 -2.24518089  1.14500707
  1.08013087  1.52771077]","[ 0.00000000e+00 -5.23555421e-05  5.58831664e-01 -2.18172678e-04
  9.69649962e-02 -5.82007654e-05  0.00000000e+00  0.00000000e+00]","[ 0.         -0.03477708 14.99633121 -1.63272989 -1.02244616  0.16187453
 -1.08364499 -0.01880624]"
1747093072.9006028,"[ 0.          0.50862698  0.73806021 -2.61606495 -2.24498301  1.14500707
  1.08013087  1.52771077]","[ 0.00000000e+00 -5.18267988e-05  5.56130686e-01 -2.23278343e-04
  9.69649962e-02 -4.76188043e-05  1.05899522e-05  0.00000000e+00]","[ 0.         -0.07003129 14.98895454 -1.63522208 -0.89661568  0.15552132
 -1.06418705 -0.02866688]"
1747093072.9028392,"[ 0.          0.50862655  0.73915583 -2.61606548 -2.24478594  1.14500707
  1.08013087  1.52771077]","[ 0.00000000e+00 -5.67532770e-05  5.55320420e-01 -2.36389860e-04
  9.65458563e-02 -4.75833530e-05  0.00000000e+00  0.00000000e+00]","[ 0.         -0.12498868 14.93679714 -1.66243601 -0.83505136  0.15780751
 -1.05507922 -0.04409827]"
1747093072.9045053,"[ 0.          0.50862608  0.74028768 -2.61606655 -2.244591    1.14500707
  1.08013087  1.52771077]","[ 0.00000000e+00 -5.88212987e-05  5.52349331e-01 -2.64442030e-04
  9.96659659e-02 -4.76188043e-05  0.00000000e+00  0.00000000e+00]","[ 0.         -0.17810461 14.95221329 -1.68991923 -0.79399872  0.17297748
 -1.05089283 -0.01542502]"
1747093072.9067688,"[ 0.          0.50862608  0.74137598 -2.61606681 -2.24439073  1.14500707
  1.08013087  1.52771077]","[ 0.00000000e+00 -5.61481694e-05  5.50998842e-01 -2.80526798e-04
  1.02907141e-01 -4.76188043e-05  0.00000000e+00  0.00000000e+00]","[ 0.         -0.24932176 14.94746685 -1.6993897  -0.8626703   0.18010372
 -1.0433315  -0.02635676]"
1747093072.908508,"[ 0.          0.50862562  0.74249917 -2.61606788 -2.24417528  1.14500614
  1.08013087  1.52771077]","[ 0.00000000e+00 -5.82007654e-05  5.47427543e-01 -2.95528665e-04
  1.05878214e-01 -5.82007654e-05  1.05899522e-05  0.00000000e+00]","[ 0.         -0.3202396  14.99049759 -1.72943568 -1.04066753  0.18798175
 -1.03045022 -0.02732646]"
1747093072.911581,"[ 0.          0.50862515  0.74357921 -2.61606868 -2.24396675  1.14500614
  1.08013087  1.52771077]","[ 0.00000000e+00 -6.35397134e-05  5.48567975e-01 -2.91788309e-04
  1.06418402e-01 -5.82013384e-05  1.05820616e-05  0.00000000e+00]","[ 0.         -0.33319113 15.02289677 -1.70663881 -1.23716211  0.19725575
 -1.01930046 -0.01791893]"
1747093072.9138525,"[ 0.          0.50862469  0.74525341 -2.61607054 -2.24364318  1.14500614
  1.08013087  1.52771171]","[ 0.00000000e+00 -6.87827183e-05  5.54240009e-01 -3.09362311e-04
  1.06958600e-01 -5.81568575e-05  1.05819570e-05  1.05899522e-05]","[ 0.         -0.41268399 14.87099075 -1.75005126 -1.52469182  0.27366596
 -1.03117216 -0.01674072]"
1747093072.9162447,"[ 0.          0.50862469  0.74635409 -2.61607187 -2.24342959  1.14500614
  1.08013087  1.52771171]","[ 0.00000000e+00 -6.88353671e-05  5.59912042e-01 -3.22201173e-04
  1.08579183e-01 -5.82013384e-05  1.05819570e-05  1.05819570e-05]","[ 0.         -0.44889361 14.71455097 -1.78159833 -1.62612402  0.31477991
 -1.03997469 -0.02480854]"
1747093072.9186485,"[ 0.          0.50862379  0.74806084 -2.61607374 -2.24309483  1.14500614
  1.08013087  1.52771171]","[ 0.00000000e+00 -7.41303991e-05  5.63963509e-01 -3.30707391e-04
  1.11707058e-01 -5.81568575e-05  1.05819570e-05  1.05819570e-05]","[ 0.00000000e+00 -5.09504139e-01  1.46150713e+01 -1.78342056e+00
 -1.73954654e+00  3.41095597e-01 -1.04209471e+00 -4.86880960e-03]"
1747093072.9210346,"[ 0.          0.50862379  0.74922631 -2.61607427 -2.24286846  1.14500614
  1.0801318   1.52771171]","[ 0.00000000e+00 -7.40744343e-05  5.70986065e-01 -3.35308333e-04
  1.10839658e-01 -5.82007654e-05  1.85324169e-05  1.05820616e-05]","[ 0.00000000e+00 -4.96449471e-01  1.44001570e+01 -1.79701078e+00
 -1.73926663e+00  3.45278025e-01 -1.01990771e+00 -8.21635220e-03]"
1747093072.9233718,"[ 0.          0.50862379  0.75096662 -2.61607507 -2.24253823  1.14500614
  1.0801318   1.52771171]","[ 0.00000000e+00 -7.41296676e-05  5.75012099e-01 -3.37056488e-04
  1.06576594e-01 -5.82007654e-05  1.85184257e-05  1.05819570e-05]","[ 0.00000000e+00 -4.93097305e-01  1.40502310e+01 -1.74904597e+00
 -1.58198631e+00  2.97123164e-01 -9.87434864e-01 -4.79875831e-03]"
1747093072.9256613,"[ 0.          0.50862379  0.75210632 -2.61607507 -2.24232811  1.14500614
  1.0801318   1.52771171]","[ 0.00000000e+00 -7.40737029e-05  5.78232460e-01 -3.21500012e-04
  1.06688505e-01 -5.81568575e-05  1.85184257e-05  1.05819570e-05]","[ 0.00000000e+00 -4.44795251e-01  1.38814850e+01 -1.74630189e+00
 -1.35175800e+00  2.69528627e-01 -9.92679238e-01 -1.88320060e-03]"
1747093072.9285533,"[ 0.          0.50862332  0.75386227 -2.6160756  -2.24199921  1.14500614
  1.0801318   1.52771171]","[ 0.00000000e+00 -7.67191870e-05  5.80278234e-01 -3.14986646e-04
  1.10338126e-01 -5.81574305e-05  1.85324169e-05  1.05820616e-05]","[ 0.         -0.35879114 13.61036205 -1.68058527 -0.9919197   0.17968555
 -0.95646    -0.03385984]"
1747093072.9309206,"[ 0.          0.50862379  0.75500657 -2.6160756  -2.24177923  1.1450052
  1.0801328   1.52771171]","[ 0.00000000e+00 -7.41296676e-05  5.79899266e-01 -3.05268351e-04
  1.11820358e-01 -5.81568575e-05  2.91003827e-05  1.05819570e-05]","[ 0.         -0.35961646 13.41977119 -1.62164652 -0.82235599  0.15508431
 -0.93139297 -0.04050376]"
1747093072.9326472,"[ 0.          0.50862379  0.75618988 -2.61607614 -2.241547    1.1450052
  1.0801328   1.52771171]","[ 0.00000000e+00 -7.41303991e-05  5.76883303e-01 -3.03566685e-04
  1.12845809e-01 -5.81568575e-05  2.91223691e-05  1.05819570e-05]","[ 0.         -0.27675694 13.32205486 -1.56964743 -0.673994    0.12681441
 -0.9128682  -0.03665746]"
1747093072.9354286,"[ 0.          0.50862379  0.75802486 -2.61607614 -2.24120772  1.1450052
  1.0801328   1.52771171]","[ 0.00000000e+00 -7.41296676e-05  5.75012099e-01 -2.88142912e-04
  1.16800570e-01 -4.76192757e-05  2.91006692e-05  1.05819570e-05]","[ 0.         -0.16268207 13.42106819 -1.46357238 -0.60460907  0.11441103
 -0.92760664 -0.01867552]"
1747093072.9379,"[ 0.          0.50862379  0.7591595  -2.61607614 -2.24096244  1.1450052
  1.0801328   1.52771171]","[ 0.00000000e+00 -7.40737029e-05  5.76117910e-01 -2.83734522e-04
  1.21003670e-01 -4.75828816e-05  2.91003827e-05  1.05819570e-05]","[ 0.         -0.10826387 13.62658691 -1.42787647 -0.5926581   0.10270243
 -0.92699224 -0.0191946 ]"
1747093072.940205,"[ 0.          0.50862379  0.76033642 -2.61607614 -2.2407113   1.1450052
  1.0801328   1.52771171]","[ 0.00000000e+00 -6.88353671e-05  5.74259756e-01 -2.78766095e-04
  1.22625777e-01 -4.76188043e-05  2.91003827e-05  1.05820616e-05]","[ 0.         -0.01405196 13.84736061 -1.39635265 -0.69993204  0.13065411
 -0.97738135 -0.03004446]"
1747093072.9425638,"[ 0.          0.50862379  0.76203538 -2.61607614 -2.24035018  1.14500427
  1.0801328   1.52771171]","[ 0.00000000e+00 -6.88346925e-05  5.75307643e-01 -2.59516775e-04
  1.21273765e-01 -5.82007654e-05  2.91006692e-05  1.05819570e-05]","[ 0.          0.11028177 14.01450348 -1.31822026 -0.98290771  0.12793009
 -0.99660039 -0.04232759]"
1747093072.9466107,"[ 0.          0.50862379  0.76321503 -2.61607614 -2.24010597  1.14500427
  1.0801328   1.52771171]","[ 0.00000000e+00 -6.35403432e-05  5.76388021e-01 -2.50419131e-04
  1.18302692e-01 -5.81568575e-05  2.91003827e-05  1.05819570e-05]","[ 0.          0.19354321 14.25756931 -1.26675606 -1.18463504  0.17993124
 -1.01173234 -0.04320289]"
1747093072.948916,"[ 0.          0.50862425  0.7655413  -2.61607614 -2.23963991  1.14500427
  1.0801318   1.52771171]","[ 0.00000000e+00 -5.55972507e-05  5.80278234e-01 -2.41800252e-04
  1.14099650e-01 -6.60879907e-05  1.85324169e-05  1.05819570e-05]","[ 0.00000000e+00  3.70939106e-01  1.46934786e+01 -1.21654153e+00
 -1.33426070e+00  2.73314774e-01 -1.11753917e+00 -1.11649111e-02]"
1747093072.9506876,"[ 0.          0.50862425  0.76668746 -2.61607614 -2.23941434  1.14500427
  1.0801318   1.52771171]","[ 0.00000000e+00 -5.55552731e-05  5.82060088e-01 -2.32844690e-04
  1.14251234e-01 -6.60873364e-05  1.85184257e-05  1.05820616e-05]","[ 0.          0.40984032 14.82970333 -1.18780935 -1.37045169  0.27005363
 -1.12206686 -0.02541982]"
1747093072.9524612,"[ 0.          0.50862425  0.76788502 -2.61607614 -2.23918451  1.14500427
  1.0801318   1.52771171]","[ 0.00000000e+00 -5.02642966e-05  5.84742957e-01 -2.20793024e-04
  1.11842729e-01 -6.60879907e-05  1.85324169e-05  1.05819570e-05]","[ 0.          0.47259068 15.01556206 -1.13132048 -1.37611771  0.25110987
 -1.10520375 -0.04886772]"
1747093072.9548285,"[ 0.          0.50862425  0.76846219 -2.61607614 -2.23896267  1.14500427
  1.0801328   1.52771171]","[ 0.00000000e+00 -4.49733161e-05  5.85301222e-01 -2.11957763e-04
  1.12516534e-01 -6.61378843e-05  2.91003827e-05  1.05819570e-05]","[ 0.          0.49953306 15.17103577 -1.1235981  -1.36925507  0.23472241
 -1.08871913 -0.04382144]"
1747093072.956584,"[ 0.          0.50862425  0.76962027 -2.61607614 -2.23872938  1.14500427
  1.0801328   1.52771171]","[ 0.00000000e+00 -4.49733161e-05  5.88272311e-01 -2.07541977e-04
  1.13992316e-01 -5.82007654e-05  2.91223691e-05  1.05819570e-05]","[ 0.          0.53649366 15.33693123 -1.10356104 -1.30837429  0.18622954
 -1.08353591 -0.0348209 ]"
1747093072.9583,"[ 0.          0.50862425  0.77082661 -2.61607614 -2.23849981  1.14500427
  1.0801328   1.52771171]","[ 0.00000000e+00 -4.49737631e-05  5.89082578e-01 -1.89878834e-04
  1.16412014e-01 -5.82007654e-05  2.91003827e-05  1.05820616e-05]","[ 0.          0.56283247 15.3376236  -1.12066042 -1.21970713  0.17036371
 -1.07491422 -0.02670846]"
1747093072.9600945,"[ 0.          0.50862425  0.77198968 -2.61607614 -2.23826652  1.14500427
  1.0801328   1.52771171]","[ 0.00000000e+00 -4.23598089e-05  5.90973289e-01 -1.86824457e-04
  1.18302692e-01 -5.82013384e-05  1.85604623e-05  1.05820616e-05]","[ 0.          0.58654469 15.34775543 -1.15838981 -1.11956215  0.15599559
 -1.04539669 -0.03373417]"
1747093072.961857,"[ 0.          0.50862425  0.77261785 -2.61607614 -2.23814215  1.14500427
  1.0801328   1.52771171]","[ 0.00000000e+00 -4.23282464e-05  5.91562780e-01 -1.82479704e-04
  1.16998700e-01 -5.81568575e-05  1.85186086e-05  1.05739739e-05]","[ 0.          0.58296937 15.31202793 -1.18250501 -1.07842147  0.15847175
 -1.04533553 -0.03348823]"
1747093072.9636216,"[ 0.          0.50862425  0.77378192 -2.61607614 -2.23791072  1.14500427
  1.0801328   1.52771171]","[ 0.00000000e+00 -4.23602275e-05  5.89622800e-01 -1.79590847e-04
  1.17762503e-01 -5.82007654e-05  1.85464284e-05  1.05820616e-05]","[ 0.          0.54802728 15.23772144 -1.19277179 -0.97237051  0.15936966
 -1.03516281 -0.02554841]"
1747093072.9654522,"[ 0.          0.50862425  0.774991   -2.61607614 -2.23766864  1.14500427
  1.0801328   1.52771171]","[ 0.00000000e+00 -4.23278279e-05  5.90363359e-01 -1.70830438e-04
  1.18842890e-01 -4.75833530e-05  1.85464284e-05  1.05739739e-05]","[ 0.          0.56356072 15.19641113 -1.20221245 -0.84492439  0.16434957
 -1.03534222 -0.01815985]"
1747093072.9671316,"[ 0.          0.50862425  0.77615779 -2.61607614 -2.23743269  1.14500427
  1.0801328   1.52771171]","[ 0.00000000e+00 -3.70368514e-05  5.92053667e-01 -1.53935002e-04
  1.18992301e-01 -4.76188043e-05  1.85464284e-05  1.05819570e-05]","[ 0.          0.57828671 15.00873089 -1.19533837 -0.72905469  0.14939585
 -1.04226446 -0.01946405]"
1747093072.9689908,"[ 0.          0.50862425  0.77673909 -2.61607614 -2.23731604  1.14500427
  1.0801328   1.52771171]","[ 0.00000000e+00 -3.70648338e-05  5.89622800e-01 -1.49476629e-04
  1.18302692e-01 -4.76188043e-05  1.85604623e-05  1.05739739e-05]","[ 0.          0.57603139 14.76775646 -1.19861627 -0.72041982  0.14889
 -1.03760731 -0.02669162]"
1747093072.9708028,"[ 0.          0.50862469  0.77794997 -2.61607614 -2.23707396  1.14500427
  1.0801328   1.52771171]","[ 0.00000000e+00 -3.17461838e-05  5.91061240e-01 -1.32555145e-04
  1.17762503e-01 -4.75833530e-05  1.85464284e-05  1.05740785e-05]","[ 0.          0.58167094 14.59471989 -1.17735052 -0.72119766  0.15997027
 -0.99793279 -0.03955872]"
1747093072.9729908,"[ 0.          0.50862469  0.77911177 -2.61607614 -2.2368412   1.14500427
  1.08013373  1.52771171]","[ 0.00000000e+00 -3.18176189e-05  5.88812467e-01 -1.19727231e-04
  1.19112984e-01 -4.76192757e-05  2.91664395e-05  1.05820616e-05]","[ 0.          0.59385842 14.37672901 -1.15800321 -0.73215449  0.16345154
 -0.96575081 -0.03766049]"
1747093072.9747248,"[ 0.          0.50862469  0.78031479 -2.61607614 -2.23659406  1.14500334
  1.08013373  1.52771171]","[ 0.00000000e+00 -2.64551545e-05  5.88052068e-01 -1.02623338e-04
  1.21543868e-01 -5.82007654e-05  2.91440955e-05  1.05819570e-05]","[ 0.          0.62609124 14.28297424 -1.10921025 -0.79717147  0.1243348
 -0.97966623 -0.0310801 ]"
1747093072.9770648,"[ 0.          0.50862469  0.78147473 -2.61607614 -2.23634931  1.14500334
  1.08013373  1.52771171]","[ 0.00000000e+00 -2.64546283e-05  5.87732089e-01 -8.11457577e-05
  1.24514940e-01 -5.81568575e-05  2.91664395e-05  1.05819570e-05]","[ 0.          0.65820843 14.10843468 -1.11958003 -0.85369325  0.11654403
 -0.97830898 -0.03815857]"
1747093072.9789271,"[ 0.          0.50862469  0.78267228 -2.61607614 -2.23609445  1.14500334
  1.08013373  1.52771171]","[ 0.00000000e+00 -2.64548924e-05  5.84290486e-01 -5.98636156e-05
  1.25174954e-01 -5.81574305e-05  2.91443860e-05  1.05740785e-05]","[ 0.          0.68354499 14.03156662 -1.07312346 -0.91560227  0.12075173
 -0.93666363 -0.04753223]"
1747093072.9806712,"[ 0.          0.50862515  0.78382117 -2.61607614 -2.23582174  1.14500334
  1.08013373  1.52771171]","[ 0.00000000e+00 -2.38454062e-05  5.81789977e-01 -3.84837506e-05
  1.23512551e-01 -5.81568575e-05  2.91661490e-05  1.05739739e-05]","[ 0.          0.71908963 13.8759985  -1.05818975 -0.94070601  0.13704643
 -0.93482959 -0.05232661]"
1747093072.982417,"[ 0.          0.50862562  0.78500588 -2.61607614 -2.23557966  1.14500334
  1.08013373  1.52771171]","[ 0.00000000e+00 -1.85464284e-05  5.78021271e-01 -2.99318078e-05
  1.22084056e-01 -5.82887721e-05  2.91443860e-05  1.05820616e-05]","[ 0.          0.77583176 13.82700825 -1.02549815 -0.92351246  0.13937706
 -0.96160358 -0.0464116 ]"
1747093072.984721,"[ 0.          0.50862515  0.78614425 -2.61607614 -2.23533039  1.14500334
  1.08013373  1.52771171]","[ 0.00000000e+00 -2.38634509e-05  5.76073835e-01 -2.13798610e-05
  1.21622705e-01 -5.82893532e-05  2.91664395e-05  1.05819570e-05]","[ 0.          0.82142967 13.81569767 -0.98933572 -0.89081496  0.15663099
 -0.97986728 -0.04846556]"
1747093072.9864347,"[ 0.          0.50862562  0.78731564 -2.61607614 -2.2350939   1.14500334
  1.08013373  1.52771171]","[ 0.00000000e+00 -1.85464284e-05  5.70247504e-01 -1.68171322e-05
  1.19653181e-01 -5.82887721e-05  3.70928568e-05  1.05819570e-05]","[ 0.          0.85478735 13.87715816 -0.96154135 -0.89663428  0.16046377
 -0.96313381 -0.04006157]"
1747093072.9882157,"[ 0.          0.50862562  0.78843836 -2.6160756  -2.23485235  1.14500241
  1.08013373  1.52771171]","[ 0.00000000e+00 -1.85604623e-05  5.68555198e-01 -8.41853378e-06
  1.16748172e-01 -6.62372408e-05  3.71209245e-05  1.05820616e-05]","[ 0.          0.90483141 14.0131197  -0.88928407 -0.92547649  0.11978438
 -0.97720885 -0.04150708]"
1747093072.9899578,"[ 0.          0.50862608  0.78899669 -2.6160756  -2.2347389   1.14500241
  1.08013373  1.52771171]","[ 0.00000000e+00 -1.32473165e-05  5.66124332e-01  0.00000000e+00
  1.15061525e-01 -6.61872009e-05  3.70928568e-05  1.05819570e-05]","[ 0.          0.92472994 14.09224033 -0.89576006 -0.89985591  0.10502198
 -0.98596591 -0.0413404 ]"
1747093072.991688,"[ 0.          0.50862608  0.79015251 -2.6160756  -2.23462598  1.14500241
  1.08013373  1.52771171]","[ 0.00000000e+00 -1.32574726e-05  5.64007851e-01  0.00000000e+00
  1.14521328e-01 -6.62372408e-05  3.70928568e-05  1.05819570e-05]","[ 0.          1.00677156 14.34590054 -0.86322761 -0.86893719  0.12966834
 -1.00773287 -0.06143647]"
1747093072.9933681,"[ 0.          0.50862608  0.79126511 -2.6160756  -2.23438923  1.14500241
  1.08013373  1.52771171]","[ 0.00000000e+00 -7.94846874e-06  5.64503732e-01  0.00000000e+00
  1.16105801e-01 -5.55972507e-05  3.70932266e-05  1.05739739e-05]","[ 0.          1.06826222 14.56076241 -0.84766823 -0.81692433  0.14671905
 -1.02940345 -0.06237929]"
1747093072.9945402,"[ 0.          0.50862608  0.79182031 -2.6160756  -2.23427151  1.14500241
  1.08013373  1.52771171]","[ 0.00000000e+00 -7.95448397e-06  5.63153243e-01  0.00000000e+00
  1.19383087e-01 -5.56392812e-05  3.70928568e-05  1.05819570e-05]","[ 0.          1.07259333 14.74436569 -0.85815001 -0.81193173  0.12629211
 -1.04939544 -0.05805512]"
1747093072.9967787,"[ 0.          0.50862608  0.79297193 -2.6160756  -2.2340313   1.14500241
  1.08013373  1.52771171]","[ 0.00000000e+00 -7.95448397e-06  5.63184202e-01  0.00000000e+00
  1.22624254e-01 -5.55972507e-05  2.91664395e-05  1.05820616e-05]","[ 0.          1.09348154 14.90094566 -0.84782517 -0.89026892  0.14580248
 -1.06083393 -0.06458776]"
1747093072.998618,"[ 0.          0.50862608  0.79408273 -2.6160756  -2.23377696  1.14500241
  1.08013373  1.52771171]","[ 0.00000000e+00 -7.95448397e-06  5.63963509e-01  0.00000000e+00
  1.24244837e-01 -4.76908124e-05  2.91440955e-05  1.05979587e-05]","[ 0.          1.11777794 15.01831245 -0.81920332 -1.00500095  0.15532258
 -1.03526831 -0.0731529 ]"
1747093073.000356,"[ 0.          0.50862655  0.79523754 -2.6160756  -2.23352263  1.14500241
  1.08013373  1.52771171]","[ 0.00000000e+00 -5.30298914e-06  5.64503732e-01  0.00000000e+00
  1.24264145e-01 -4.76547840e-05  2.91443860e-05  1.05819570e-05]","[ 0.          1.15053916 15.21865559 -0.82047951 -1.10948503  0.19021596
 -1.01887429 -0.04563649]"
1747093073.0020876,"[ 0.          0.50862655  0.79579455 -2.6160756  -2.23339906  1.14500241
  1.08013373  1.52771171]","[ 0.00000000e+00  0.00000000e+00  5.65043887e-01  0.00000000e+00
  1.25325232e-01 -4.76547840e-05  2.91443860e-05  1.05899522e-05]","[ 0.          1.15523005 15.15954876 -0.85153252 -1.13183165  0.20434898
 -1.03115499 -0.04960957]"
1747093073.003804,"[ 0.          0.50862655  0.79695542 -2.6160756  -2.23315059  1.14500241
  1.0801328   1.52771171]","[ 0.00000000e+00  5.30298914e-06  5.66736726e-01  0.00000000e+00
  1.25865421e-01 -4.76908124e-05  1.85464284e-05  1.05979587e-05]","[ 0.          1.16713178 15.35622215 -0.91227698 -1.14336765  0.23889156
 -1.06469822 -0.05670679]"
1747093073.0055866,"[ 0.          0.50862655  0.79807441 -2.6160756  -2.23289493  1.14500241
  1.08013373  1.52771171]","[ 0.00000000e+00  5.30298914e-06  5.68285087e-01  0.00000000e+00
  1.23974743e-01 -4.76547840e-05  2.91443860e-05  1.05899522e-05]","[ 0.          1.09239805 15.42335224 -0.92425621 -1.19615781  0.2393415
 -1.05295742 -0.05516727]"
1747093073.007302,"[ 0.          0.50862698  0.79924214 -2.6160756  -2.23265391  1.14500241
  1.08013373  1.52771171]","[ 0.00000000e+00  7.95440473e-06  5.71250584e-01  0.00000000e+00
  1.20881065e-01 -4.76908124e-05  2.91443860e-05  1.05979587e-05]","[ 0.          1.0659821  15.4654789  -0.91966301 -1.22454333  0.22294818
 -1.01663446 -0.03697049]"
1747093073.0089865,"[ 0.          0.50862698  0.79980653 -2.6160756  -2.23253673  1.14500241
  1.08013373  1.52771171]","[ 0.00000000e+00  1.32574726e-05  5.72336554e-01  0.00000000e+00
  1.18842890e-01 -3.70648338e-05  2.91443860e-05  1.05979587e-05]","[ 0.          1.03538895 15.56131077 -0.94744939 -1.21169865  0.23455152
 -1.01984763 -0.04375999]"
1747093073.0119653,"[ 0.          0.50862655  0.80093385 -2.6160756  -2.23229838  1.14500241
  1.08013373  1.52771171]","[ 0.00000000e+00  1.32574726e-05  5.72336554e-01  0.00000000e+00
  1.15601723e-01 -3.70924870e-05  2.91443860e-05  1.05979587e-05]","[ 0.          0.96657991 15.50807285 -0.97436345 -1.15203989  0.2261982
 -1.04148078 -0.04949111]"
1747093073.0135853,"[ 0.          0.50862698  0.80267003 -2.6160756  -2.23196229  1.14500241
  1.08013373  1.52771171]","[ 0.00000000e+00  2.38634509e-05  5.72066443e-01  0.00000000e+00
  1.13711036e-01 -3.70928568e-05  2.91664395e-05  0.00000000e+00]","[ 0.          0.93598789 15.2776041  -0.97359478 -0.8877418   0.19824667
 -1.03325367 -0.03760655]"
1747093073.0159287,"[ 0.          0.50862698  0.80384275 -2.6160756  -2.23173033  1.14500241
  1.08013373  1.52771171]","[ 0.00000000e+00  2.38451685e-05  5.72216379e-01  0.00000000e+00
  1.13711036e-01 -3.70928568e-05  2.91443860e-05  0.00000000e+00]","[ 0.          0.8548314  15.10134983 -1.00607443 -0.76839846  0.18850954
 -0.97563791 -0.03341513]"
1747093073.0176198,"[ 0.          0.50862698  0.8049692  -2.6160756  -2.23150582  1.14500241
  1.08013373  1.52771171]","[ 0.00000000e+00  2.65149452e-05  5.70445843e-01  0.00000000e+00
  1.14251234e-01 -3.70928568e-05  2.91667301e-05  0.00000000e+00]","[ 0.          0.86529946 15.01617718 -1.02516544 -0.65958077  0.16319421
 -0.97055209 -0.05994376]"
1747093073.0198982,"[ 0.          0.50862698  0.80609053 -2.61607507 -2.2312712   1.14500134
  1.08013373  1.52771171]","[ 0.00000000e+00  3.17938749e-05  5.68555198e-01  5.69903917e-06
  1.15061525e-01 -4.76908124e-05  1.85464284e-05  0.00000000e+00]","[ 0.          0.84373599 14.8062315  -0.99726427 -0.58266789  0.13960794
 -0.94489169 -0.05269323]"
1747093073.0215552,"[ 0.          0.50862698  0.80725086 -2.61607507 -2.23104243  1.14500134
  1.08013466  1.52771171]","[ 0.00000000e+00  3.18179359e-05  5.65280909e-01  5.69897821e-06
  1.16412014e-01 -4.76908124e-05  2.91664395e-05  0.00000000e+00]","[ 0.          0.86957049 14.5762291  -0.95328814 -0.4784624   0.11542745
 -0.92085469 -0.06410452]"
1747093073.0238945,"[ 0.          0.50862698  0.80836167 -2.61607507 -2.23079875  1.14500134
  1.08013466  1.52771171]","[ 0.00000000e+00  3.17938749e-05  5.62883131e-01  5.63948265e-06
  1.20193379e-01 -4.76912879e-05  2.91443860e-05  0.00000000e+00]","[ 0.          0.87820888 14.4750948  -0.96276283 -0.47306731  0.10465828
 -0.88009953 -0.07325199]"
1747093073.0255501,"[ 0.          0.50862745  0.80951009 -2.61607507 -2.23055028  1.14500134
  1.08013466  1.52771171]","[ 0.00000000e+00  3.71209245e-05  5.60182153e-01  5.58115794e-06
  1.21873475e-01 -4.76908124e-05  2.91664395e-05  0.00000000e+00]","[ 0.          0.83235055 14.33605576 -0.96328175 -0.51784283  0.11199056
 -0.89128488 -0.08640829]"
1747093073.0279536,"[ 0.          0.50862698  0.81060665 -2.61607507 -2.23031113  1.14500134
  1.08013466  1.52771171]","[ 0.00000000e+00  3.17941919e-05  5.54218104e-01  1.10481686e-05
  1.20341417e-01 -4.76908124e-05  2.91443860e-05  0.00000000e+00]","[ 0.          0.81965858 14.25819683 -0.95101464 -0.5827744   0.14709277
 -0.93865931 -0.08115049]"
1747093073.0297313,"[ 0.          0.50862698  0.81173902 -2.61607507 -2.23006079  1.14500134
  1.08013466  1.52771171]","[ 0.00000000e+00  3.71209245e-05  5.52693677e-01  1.09278060e-05
  1.22375007e-01 -4.76912879e-05  1.85604623e-05  0.00000000e+00]","[ 0.          0.71496969 14.1516161  -0.94983566 -0.72028935  0.17690629
 -0.932414   -0.04569057]"
1747093073.03147,"[ 0.          0.50862745  0.81282686 -2.6160748  -2.22981684  1.14500134
  1.08013466  1.52771171]","[ 0.00000000e+00  3.70928568e-05  5.50998842e-01  1.35231141e-05
  1.24785034e-01 -3.70928568e-05  1.85464284e-05  0.00000000e+00]","[ 0.          0.7286647  14.23589134 -0.94547337 -0.87277472  0.20987992
 -0.92772228 -0.0499028 ]"
1747093073.0332615,"[ 0.          0.50862745  0.81394998 -2.6160748  -2.2295745   1.14500134
  1.08013466  1.52771171]","[ 0.00000000e+00  3.71212943e-05  5.47678313e-01  1.33889097e-05
  1.22354159e-01 -3.70928568e-05  1.85464284e-05  0.00000000e+00]","[ 0.          0.70634115 14.31840038 -0.91592914 -1.08355463  0.22866398
 -0.95306379 -0.04869524]"
1747093073.035,"[ 0.          0.50862745  0.81449    -2.6160748  -2.22944587  1.14500134
  1.08013466  1.52771171]","[ 0.00000000e+00  3.70928568e-05  5.47202705e-01  1.32474486e-05
  1.21121166e-01 -3.70928568e-05  1.85604623e-05  0.00000000e+00]","[ 0.          0.72932673 14.3325367  -0.92633057 -1.1741097   0.23244938
 -0.97490716 -0.0464419 ]"
1747093073.037366,"[ 0.          0.50862745  0.81556545 -2.6160748  -2.22921231  1.14500134
  1.08013466  1.52771171]","[ 0.00000000e+00  3.70928568e-05  5.43976319e-01  1.32574726e-05
  1.17222306e-01 -3.70648338e-05  1.85464284e-05  0.00000000e+00]","[ 0.          0.71162218 14.38370419 -0.96649194 -1.31004477  0.24841656
 -1.00532913 -0.05268679]"
1747093073.0385299,"[ 0.          0.50862745  0.81667852 -2.6160748  -2.22897289  1.14500134
  1.08013466  1.52771171]","[ 0.00000000e+00  3.71209245e-05  5.43666027e-01  1.32474486e-05
  1.16412014e-01 -3.70928568e-05  1.85604623e-05  0.00000000e+00]","[ 0.          0.77825803 14.48210335 -0.97738153 -1.41690922  0.25549939
 -0.9872244  -0.07010827]"
1747093073.040823,"[ 0.          0.50862745  0.81775024 -2.6160748  -2.22874599  1.14500134
  1.08013466  1.52771171]","[ 0.00000000e+00  3.70928568e-05  5.42076054e-01  1.32574726e-05
  1.14944945e-01 -2.91443860e-05  1.85184257e-05  0.00000000e+00]","[ 0.          0.81053859 14.60786438 -0.94515741 -1.475788    0.24653192
 -0.99165612 -0.0482731 ]"
1747093073.0419989,"[ 0.          0.50862745  0.81881558 -2.6160748  -2.22851189  1.14500134
  1.08013373  1.52771171]","[ 0.00000000e+00  3.71209245e-05  5.39654741e-01  1.32474486e-05
  1.13848880e-01 -2.91443860e-05  1.05899522e-05  0.00000000e+00]","[ 0.          0.81492823 14.7542057  -0.95680326 -1.40477502  0.22745942
 -1.04088902 -0.05565763]"
1747093073.0437849,"[ 0.          0.50862745  0.81938955 -2.6160748  -2.22840217  1.14500134
  1.08013373  1.52771171]","[ 0.00000000e+00  3.70928568e-05  5.40406019e-01  1.32574726e-05
  1.11280161e-01 -2.91443860e-05  1.05818513e-05  0.00000000e+00]","[ 0.          0.82069826 14.90125465 -0.95865506 -1.39610255  0.20835288
 -1.03856146 -0.05205301]"
1747093073.0455728,"[ 0.          0.50862745  0.82045169 -2.6160748  -2.22818326  1.14500134
  1.08013466  1.52771171]","[ 0.00000000e+00  3.71209245e-05  5.37758870e-01  1.32574726e-05
  1.10311653e-01 -2.91006692e-05  1.85184257e-05  0.00000000e+00]","[ 0.          0.83635873 15.00586987 -0.97052157 -1.28289211  0.18901609
 -1.00795388 -0.05706127]"
1747093073.0479538,"[ 0.          0.50862792  0.8215533  -2.6160748  -2.22796142  1.14500134
  1.08013466  1.52771171]","[ 0.00000000e+00  3.71209245e-05  5.37392319e-01  1.32474486e-05
  1.08579183e-01 -2.90787152e-05  2.91003827e-05  0.00000000e+00]","[ 0.          0.85931021 15.22110939 -0.97971779 -1.17069662  0.17118193
 -1.01686454 -0.05503171]"
1747093073.049705,"[ 0.          0.50862792  0.82261724 -2.6160748  -2.2277497   1.14500134
  1.08013373  1.52771171]","[ 0.00000000e+00  3.71209245e-05  5.39384663e-01  1.32574726e-05
  1.06958600e-01 -2.91006692e-05  1.85325998e-05  0.00000000e+00]","[ 0.          0.89909005 15.35937595 -0.97800785 -1.01436162  0.1784727
 -1.05092883 -0.05980917]"
1747093073.051498,"[ 0.          0.50862792  0.82371972 -2.6160748  -2.22752919  1.14500134
  1.08013373  1.52771171]","[ 0.00000000e+00  3.70924870e-05  5.38304285e-01  1.32474486e-05
  1.08038994e-01 -2.91003827e-05  1.85324169e-05  0.00000000e+00]","[ 0.          0.87051207 15.40287399 -0.98755974 -0.90224034  0.16155511
 -1.07321441 -0.04964858]"
1747093073.0531812,"[ 0.          0.50862792  0.82478186 -2.6160748  -2.22731747  1.14500134
  1.08013466  1.52771171]","[ 0.00000000e+00  3.71209245e-05  5.38304285e-01  1.32574726e-05
  1.06688505e-01 -2.91003827e-05  1.85324169e-05  0.00000000e+00]","[ 0.          0.89682841 15.37746048 -0.99125838 -0.84398711  0.15800203
 -1.04117203 -0.04567942]"
1747093073.0549543,"[ 0.          0.50862792  0.82535443 -2.6160748  -2.22720508  1.14500134
  1.08013466  1.52771171]","[ 0.00000000e+00  3.71209245e-05  5.39152202e-01  1.32574726e-05
  1.05824293e-01 -2.91003827e-05  1.85324169e-05  0.00000000e+00]","[ 0.          0.87747306 15.45051861 -0.98790687 -0.8139118   0.16505802
 -1.02405977 -0.04486304]"
1747093073.0567305,"[ 0.          0.50862792  0.8264179  -2.61607427 -2.22700215  1.14500134
  1.08013466  1.52771171]","[ 0.00000000e+00  3.70648338e-05  5.38844474e-01  1.85604623e-05
  1.01556652e-01 -2.90787152e-05  1.85184257e-05  0.00000000e+00]","[ 0.          0.87442398 15.45262527 -1.00386763 -0.75370961  0.14233263
 -1.02240074 -0.06801584]"
1747093073.0584657,"[ 0.          0.50862838  0.82752185 -2.6160748  -2.22679788  1.14500134
  1.08013466  1.52771171]","[ 0.00000000e+00  4.23593863e-05  5.38844474e-01  1.32474486e-05
  9.90253425e-02 -2.91003827e-05  1.85324169e-05  0.00000000e+00]","[ 0.          0.88277614 15.43921852 -1.06367683 -0.67642933  0.13007718
 -1.05022144 -0.07578469]"
1747093073.0602815,"[ 0.          0.50862838  0.82858392 -2.6160748  -2.22660347  1.14500041
  1.08013466  1.52771171]","[ 0.00000000e+00  4.23278279e-05  5.38034174e-01  1.32574726e-05
  9.83154852e-02 -3.70372172e-05  1.85324169e-05  0.00000000e+00]","[ 0.          0.85833305 15.41384506 -1.10167706 -0.60943496  0.11669085
 -1.03837013 -0.08843054]"
1747093073.0620117,"[ 0.          0.50862838  0.82911202 -2.6160748  -2.2265044   1.14500041
  1.08013466  1.52771171]","[ 0.00000000e+00  4.23598089e-05  5.35603307e-01  1.32574726e-05
  1.00476258e-01 -3.70089097e-05  1.85184257e-05  0.00000000e+00]","[ 0.          0.8469525  15.27704906 -1.08394456 -0.59247369  0.12654506
 -1.01542425 -0.07442641]"
1747093073.0638263,"[ 0.          0.50862838  0.83021084 -2.61607427 -2.22629641  1.14500041
  1.08013559  1.52771171]","[ 0.00000000e+00  4.23278279e-05  5.36413574e-01  1.85464284e-05
  1.01556652e-01 -3.70368514e-05  2.64748795e-05  0.00000000e+00]","[ 0.          0.77774286 15.12214851 -1.08598185 -0.59667981  0.10198526
 -0.9604913  -0.06292795]"
1747093073.0661333,"[ 0.          0.50862838  0.83126419 -2.61607427 -2.22609481  1.14500041
  1.08013559  1.52771171]","[ 0.00000000e+00  4.23602275e-05  5.32632218e-01  1.85604623e-05
  1.02907141e-01 -3.70368514e-05  2.64548924e-05  0.00000000e+00]","[ 0.          0.67134845 15.10337639 -1.10157812 -0.61587209  0.08818651
 -0.96174341 -0.07666416]"
1747093073.0679603,"[ 0.          0.50862838  0.83235249 -2.61607427 -2.22588682  1.14500041
  1.08013466  1.52771171]","[ 0.00000000e+00  4.23598089e-05  5.31281729e-01  1.85604623e-05
  1.01016455e-01 -3.70372172e-05  1.85324169e-05  0.00000000e+00]","[ 0.          0.63320661 15.0702343  -1.15160799 -0.62317848  0.09851079
 -0.98942387 -0.08478806]"
1747093073.0690818,"[ 0.          0.50862792  0.83339944 -2.61607427 -2.22568415  1.14500041
  1.08013559  1.52771171]","[ 0.00000000e+00  3.70648338e-05  5.31011651e-01  1.85604623e-05
  1.03342518e-01 -3.70089097e-05  2.64548924e-05  0.00000000e+00]","[ 0.          0.56429815 15.05593014 -1.17330086 -0.65378118  0.12616372
 -0.98650175 -0.04972805]"
1747093073.070884,"[ 0.          0.50862792  0.83396517 -2.61607427 -2.22558189  1.14500041
  1.08013559  1.52771171]","[ 0.00000000e+00  3.17698567e-05  5.32632218e-01  1.85606472e-05
  1.03822728e-01 -3.70368514e-05  2.64748795e-05  0.00000000e+00]","[ 0.          0.5353505  15.03401089 -1.17662263 -0.6588316   0.13962597
 -0.97100037 -0.05433761]"
1747093073.0725725,"[ 0.          0.50862838  0.83501765 -2.61607427 -2.22536271  1.14500041
  1.08013559  1.52771171]","[ 0.00000000e+00  3.70368514e-05  5.35603307e-01  1.85184257e-05
  1.07768891e-01 -3.70368514e-05  2.64548924e-05  0.00000000e+00]","[ 0.          0.50329751 14.94884777 -1.20814073 -0.70540917  0.17393772
 -0.93896216 -0.03674828]"
1747093073.074857,"[ 0.          0.50862792  0.83611787 -2.61607427 -2.22514965  1.14500041
  1.08013559  1.52771171]","[ 0.00000000e+00  3.17698567e-05  5.37493985e-01  1.85604623e-05
  1.07659702e-01 -2.91006692e-05  1.85324169e-05  0.00000000e+00]","[ 0.          0.47011942 14.79336166 -1.18967509 -0.88001513  0.17617889
 -0.96081871 -0.03699818]"
1747093073.0765877,"[ 0.          0.50862792  0.83717994 -2.61607427 -2.22492888  1.14500041
  1.08013559  1.52771171]","[ 0.00000000e+00  3.17941919e-05  5.39654741e-01  1.85324169e-05
  1.08038994e-01 -2.91003827e-05  1.85182388e-05  0.00000000e+00]","[ 0.          0.42901438 14.62200451 -1.2010442  -0.92180783  0.15221295
 -0.92722487 -0.04722333]"
1747093073.0777836,"[ 0.          0.50862838  0.83775305 -2.61607427 -2.22482422  1.14500041
  1.08013559  1.52771171]","[ 0.00000000e+00  3.70648338e-05  5.39146044e-01  1.85325998e-05
  1.06148308e-01 -2.91003827e-05  1.85186086e-05  0.00000000e+00]","[ 0.          0.43336055 14.64985371 -1.18568933 -0.92439443  0.15793745
 -0.90831286 -0.05264869]"
1747093073.0794787,"[ 0.          0.50862838  0.83882297 -2.61607427 -2.22461569  1.14500041
  1.08013559  1.52771171]","[ 0.00000000e+00  3.70651995e-05  5.42895941e-01  1.85184257e-05
  1.05608111e-01 -2.91003827e-05  1.85324169e-05  0.00000000e+00]","[ 0.          0.4355396  14.40880489 -1.18838704 -0.84754437  0.16698374
 -0.88986272 -0.04768637]"
1747093073.0813386,"[ 0.          0.50862838  0.83989423 -2.61607427 -2.22440344  1.14500041
  1.08013559  1.52771171]","[ 0.00000000e+00  3.17698567e-05  5.43436130e-01  1.85324169e-05
  1.03177236e-01 -2.91226556e-05  1.85186086e-05  0.00000000e+00]","[ 0.          0.42391425 14.17168617 -1.16361034 -0.64583826  0.15191227
 -0.89219517 -0.05016851]"
1747093073.0831048,"[ 0.          0.50862838  0.84047233 -2.61607427 -2.2243025   1.14500041
  1.08013559  1.52771171]","[ 0.00000000e+00  3.17698567e-05  5.44418337e-01  1.85324169e-05
  1.02263222e-01 -2.91006692e-05  1.85325998e-05  0.00000000e+00]","[ 0.          0.41930854 13.90706444 -1.16169775 -0.59777111  0.15141587
 -0.89617759 -0.04080419]"
1747093073.0848768,"[ 0.          0.50862838  0.84154499 -2.61607427 -2.22409051  1.14499948
  1.08013659  1.52771171]","[ 0.00000000e+00  2.64746154e-05  5.43436130e-01  1.85184257e-05
  1.03177236e-01 -3.70368514e-05  2.91003827e-05  0.00000000e+00]","[ 0.          0.39046261 13.6100893  -1.13512981 -0.43659422  0.11512383
 -0.84995973 -0.03679466]"
1747093073.086681,"[ 0.          0.50862838  0.84265533 -2.61607427 -2.22388465  1.14499948
  1.08013752  1.52771171]","[ 0.00000000e+00  3.17701716e-05  5.42085641e-01  1.85324169e-05
  1.05338016e-01 -3.70372172e-05  3.70648338e-05  0.00000000e+00]","[ 0.          0.36665717 13.43445015 -1.12820292 -0.28642178  0.064218
 -0.84421211 -0.06633314]"
1747093073.0884194,"[ 0.          0.50862838  0.84372525 -2.61607374 -2.2236676   1.14499948
  1.08013752  1.52771171]","[ 0.00000000e+00  2.64748795e-05  5.42625830e-01  1.85184257e-05
  1.05724741e-01 -3.70368514e-05  3.70368514e-05  0.00000000e+00]","[ 0.00000000e+00  3.67719084e-01  1.32414856e+01 -1.10650480e+00
 -1.72531337e-01  7.41377706e-03 -8.32720518e-01 -3.62542979e-02]"
1747093073.090141,"[ 0.          0.50862838  0.84426022 -2.61607374 -2.22356081  1.14499855
  1.08013752  1.52771171]","[ 0.00000000e+00  2.64748795e-05  5.42625830e-01  1.85186086e-05
  1.08309089e-01 -3.70368514e-05  3.70368514e-05  0.00000000e+00]","[ 0.00000000e+00  3.81863296e-01  1.32786407e+01 -1.09228301e+00
 -1.53781369e-01 -4.07808227e-03 -8.26920033e-01 -5.56998625e-02]"
1747093073.0919209,"[ 0.          0.50862838  0.8453641  -2.61607374 -2.22333311  1.14499855
  1.08013752  1.52771171]","[ 0.00000000e+00  2.38273920e-05  5.38844474e-01  1.85324169e-05
  1.12093499e-01 -3.70368514e-05  3.70648338e-05  0.00000000e+00]","[ 0.00000000e+00  4.17471677e-01  1.31506042e+01 -1.06272805e+00
 -1.10911392e-01  1.96664172e-04 -8.22233379e-01 -6.43300712e-02]"
1747093073.093741,"[ 0.          0.50862838  0.8464221  -2.61607374 -2.22310594  1.14499855
  1.08013846  1.52771171]","[ 0.00000000e+00  2.38273920e-05  5.35603307e-01  1.85184257e-05
  1.16412014e-01 -3.70651995e-05  4.76183330e-05  0.00000000e+00]","[ 0.          0.42678902 13.07902145 -1.06490684 -0.14153208  0.03790545
 -0.81367052 -0.05018246]"
1747093073.0954962,"[ 0.          0.50862838  0.84751313 -2.61607374 -2.222862    1.14499855
  1.08013846  1.52771171]","[ 0.00000000e+00  2.38273920e-05  5.31821918e-01  1.85184257e-05
  1.19365785e-01 -3.70368514e-05  4.76547840e-05  0.00000000e+00]","[ 0.          0.48297903 13.0185709  -1.02373278 -0.24547738  0.04391678
 -0.8263821  -0.0436504 ]"
1747093073.0973113,"[ 0.          0.50862838  0.84803704 -2.61607347 -2.22274269  1.14499855
  1.08013846  1.52771171]","[ 0.00000000e+00  2.38273920e-05  5.30743438e-01  2.11641232e-05
  1.21003670e-01 -3.70368514e-05  4.76188043e-05  0.00000000e+00]","[ 0.          0.50635904 12.97792625 -1.032897   -0.33909005  0.07152817
 -0.86070061 -0.05384235]"
1747093073.0990424,"[ 0.          0.50862838  0.84912162 -2.61607347 -2.222507    1.14499855
  1.08013846  1.52771171]","[ 0.00000000e+00  2.38273920e-05  5.28580751e-01  2.11639139e-05
  1.18842890e-01 -3.70368514e-05  4.76547840e-05  0.00000000e+00]","[ 0.          0.56019706 13.15062141 -1.01456392 -0.5445959   0.09001619
 -0.86768711 -0.05465339]"
1747093073.102088,"[ 0.          0.50862838  0.85015712 -2.61607347 -2.22226598  1.14499855
  1.08013846  1.52771171]","[ 0.00000000e+00  1.85324169e-05  5.24529284e-01  2.11639139e-05
  1.17108872e-01 -3.70368514e-05  4.76188043e-05  0.00000000e+00]","[ 0.          0.64988297 13.35732269 -1.00125861 -0.6693995   0.12418217
 -0.88226748 -0.0550159 ]"
1747093073.1030185,"[ 0.          0.50862838  0.85123117 -2.61607347 -2.22203589  1.14499855
  1.08013752  1.52771171]","[ 0.00000000e+00  1.85324169e-05  5.23989095e-01  2.11799045e-05
  1.16412014e-01 -3.70368514e-05  3.70651995e-05  0.00000000e+00]","[ 0.          0.63805264 13.70963383 -1.02590001 -0.72829443  0.1654375
 -0.88524169 -0.03454475]"
1747093073.1047897,"[ 0.          0.50862885  0.85226202 -2.61607347 -2.22180233  1.14499855
  1.08013752  1.52771171]","[ 0.00000000e+00  2.38273920e-05  5.21839258e-01  2.11641232e-05
  1.13096579e-01 -3.70368514e-05  4.76188043e-05  0.00000000e+00]","[ 0.          0.70093822 14.1058569  -0.99089986 -0.82949334  0.1761065
 -0.94718671 -0.04686273]"
1747093073.1066177,"[ 0.          0.50862885  0.85333474 -2.61607347 -2.22158421  1.14499855
  1.08013752  1.52771171]","[ 0.00000000e+00  2.38273920e-05  5.23989095e-01  2.11639139e-05
  1.10088114e-01 -3.70372172e-05  3.70651995e-05  0.00000000e+00]","[ 0.          0.7345916  14.50123405 -0.99880421 -0.87373245  0.18783954
 -0.98418206 -0.05211428]"
1747093073.1089714,"[ 0.          0.50862885  0.85436971 -2.61607347 -2.22136477  1.14499855
  1.08013752  1.52771171]","[ 0.00000000e+00  1.85325998e-05  5.24799395e-01  2.11801137e-05
  1.06576594e-01 -3.70368514e-05  3.70648338e-05  0.00000000e+00]","[ 0.          0.79359269 14.80586052 -1.00150061 -0.88769084  0.19525711
 -1.00822639 -0.04981963]"
1747093073.1100795,"[ 0.          0.50862928  0.85544789 -2.61607347 -2.22115198  1.14499855
  1.08013752  1.52771171]","[ 0.00000000e+00  2.64748795e-05  5.26613774e-01  2.11639139e-05
  1.08038994e-01 -3.70368514e-05  3.70368514e-05  0.00000000e+00]","[ 0.          0.86539823 14.92880058 -0.99913114 -0.8190819   0.19766477
 -1.01338625 -0.03875556]"
1747093073.1125593,"[ 0.          0.50862928  0.85649072 -2.61607347 -2.22092482  1.14499855
  1.08013752  1.52771171]","[ 0.00000000e+00  2.64748795e-05  5.29391051e-01  2.11799045e-05
  1.11591967e-01 -3.70368514e-05  3.70368514e-05  0.00000000e+00]","[ 0.          0.85851616 15.08010483 -1.00604701 -0.72381723  0.18866849
 -0.9981342  -0.0395676 ]"
1747093073.1142955,"[ 0.          0.50862928  0.85701423 -2.61607347 -2.2208127   1.14499855
  1.08013752  1.52771171]","[ 0.00000000e+00  2.38273920e-05  5.31011651e-01  2.11639139e-05
  1.13595821e-01 -3.70372172e-05  3.70372172e-05  0.00000000e+00]","[ 0.          0.92943984 14.97840214 -0.99362123 -0.68114805  0.19608776
 -0.9776448  -0.04761803]"
1747093073.1160445,"[ 0.          0.50862975  0.85810526 -2.61607347 -2.22058713  1.14499855
  1.08013752  1.52771171]","[ 0.00000000e+00  2.64748795e-05  5.32632218e-01  2.11801137e-05
  1.14791431e-01 -3.70368514e-05  3.70648338e-05  0.00000000e+00]","[ 0.          0.95752025 15.02218246 -1.04160964 -0.59956867  0.18298866
 -0.96192718 -0.05612773]"
1747093073.1177502,"[ 0.          0.50862975  0.8591614  -2.61607347 -2.22034851  1.14499855
  1.08013752  1.52771171]","[ 0.00000000e+00  2.64748795e-05  5.36413574e-01  2.11639139e-05
  1.16952203e-01 -3.70372172e-05  3.70368514e-05  0.00000000e+00]","[ 0.          1.00339997 15.09563351 -1.05316877 -0.48379156  0.1397813
 -0.96023327 -0.06150154]"
1747093073.1195111,"[ 0.          0.50863021  0.86026162 -2.61607347 -2.22011655  1.14499855
  1.08013752  1.52771171]","[ 0.00000000e+00  3.17458709e-05  5.37396813e-01  1.58849283e-05
  1.18302692e-01 -3.70372172e-05  3.70648338e-05  0.00000000e+00]","[ 0.          1.00569272 15.17004204 -1.10702491 -0.35029677  0.13083358
 -0.95496559 -0.0711419 ]"
1747093073.121872,"[ 0.          0.50862975  0.86132462 -2.61607294 -2.21987553  1.14499855
  1.08013752  1.52771171]","[ 0.00000000e+00  2.64751417e-05  5.39107994e-01  2.11641232e-05
  1.17762503e-01 -2.64548924e-05  2.91003827e-05  0.00000000e+00]","[ 0.          0.96083111 15.14812183 -1.10465348 -0.24484347  0.12500775
 -0.92818129 -0.06205319]"
1747093073.1235442,"[ 0.          0.50863021  0.86243542 -2.61607294 -2.21964224  1.14499855
  1.08013752  1.52771171]","[ 0.00000000e+00  3.17461838e-05  5.43164487e-01  2.11799045e-05
  1.18302692e-01 -2.64551545e-05  2.91003827e-05  0.00000000e+00]","[ 0.          0.91864395 15.07572556 -1.10563362 -0.15373541  0.13282858
 -0.95227075 -0.04741779]"
1747093073.1253536,"[ 0.          0.50862975  0.86296852 -2.61607294 -2.21952639  1.14499855
  1.08013752  1.52771171]","[ 0.00000000e+00  2.64748795e-05  5.40735152e-01  2.11799045e-05
  1.17492401e-01 -2.64548924e-05  2.91006692e-05  0.00000000e+00]","[ 0.          0.8950001  15.09836292 -1.09737253 -0.10121429  0.11717949
 -0.95487487 -0.04720949]"
1747093073.128221,"[ 0.          0.50862975  0.86416102 -2.61607294 -2.2192891   1.14499855
  1.08013752  1.52771171]","[ 0.00000000e+00  2.38273920e-05  5.42065135e-01  2.11641232e-05
  1.14944945e-01 -2.64551545e-05  2.91006692e-05  0.00000000e+00]","[ 0.          0.80410683 14.97622585 -1.07159209 -0.06759716  0.10203194
 -0.96599841 -0.04481676]"
1747093073.1298666,"[ 0.          0.50863021  0.86576225 -2.61607294 -2.21895061  1.14499855
  1.08013752  1.52771171]","[ 0.00000000e+00  3.17701716e-05  5.40354919e-01  2.11801137e-05
  1.11090428e-01 -2.64548924e-05  2.91003827e-05  0.00000000e+00]","[ 0.00000000e+00  7.26090372e-01  1.47200260e+01 -1.07143283e+00
 -7.29338964e-03  1.02382325e-01 -9.37931776e-01 -6.15998618e-02]"
1747093073.1315844,"[ 0.          0.50862975  0.86686839 -2.61607241 -2.21873037  1.14499855
  1.08013752  1.52771171]","[ 0.00000000e+00  2.38094022e-05  5.39654741e-01  2.64748795e-05
  1.12744991e-01 -2.64551545e-05  2.91003827e-05  0.00000000e+00]","[ 0.00000000e+00  6.92730248e-01  1.44924049e+01 -1.03988481e+00
  6.29860675e-03  8.92168954e-02 -9.14505541e-01 -6.53341189e-02]"
1747093073.1333485,"[ 0.          0.50863021  0.86792779 -2.61607241 -2.21849521  1.14499855
  1.08013846  1.52771171]","[ 0.00000000e+00  2.64748795e-05  5.36413574e-01  2.38276277e-05
  1.15244976e-01 -2.64748795e-05  3.70368514e-05  0.00000000e+00]","[ 0.          0.64557976 14.358922   -1.02617037  0.03839064  0.09072354
 -0.89282656 -0.0763716 ]"
1747093073.1350377,"[ 0.          0.50863021  0.86849531 -2.61607241 -2.21838123  1.14499855
  1.08013846  1.52771171]","[ 0.00000000e+00  2.64748795e-05  5.33884869e-01  2.38094022e-05
  1.15601723e-01 -2.64548924e-05  3.70368514e-05  0.00000000e+00]","[ 0.00000000e+00  6.66907668e-01  1.42263451e+01 -1.00583994e+00
  1.14362501e-02  7.62389153e-02 -8.77942979e-01 -7.42156506e-02]"
1747093073.136804,"[ 0.          0.50863021  0.86954507 -2.61607241 -2.21815087  1.14499855
  1.08013846  1.52771171]","[ 0.00000000e+00  2.64748795e-05  5.31551840e-01  2.38273920e-05
  1.16682109e-01 -2.64551545e-05  3.70651995e-05  0.00000000e+00]","[ 0.          0.66457766 14.01153851 -0.9668684  -0.02420108  0.07828145
 -0.87199575 -0.07459933]"
1747093073.1384706,"[ 0.          0.50863021  0.87062777 -2.61607187 -2.21791198  1.14499855
  1.08013846  1.52771171]","[ 0.00000000e+00  2.64748795e-05  5.27115313e-01  2.91223691e-05
  1.16833709e-01 -2.64748795e-05  3.70372172e-05  0.00000000e+00]","[ 0.          0.65048718 13.87668037 -0.91996372 -0.08578771  0.08474997
 -0.88484377 -0.06628761]"
1747093073.1407645,"[ 0.          0.50863021  0.87166328 -2.61607161 -2.21767043  1.14499855
  1.08013846  1.52771171]","[ 0.00000000e+00  2.64746154e-05  5.23989095e-01  3.17701716e-05
  1.18613483e-01 -2.64548924e-05  3.71209245e-05  0.00000000e+00]","[ 0.          0.63602328 13.7059145  -0.89053661 -0.07993437  0.110436
 -0.88109958 -0.03811137]"
1747093073.1425028,"[ 0.          0.50863021  0.8721794  -2.61607161 -2.21743394  1.14499855
  1.08013846  1.52771171]","[ 0.00000000e+00  2.64748795e-05  5.22918538e-01  3.17698567e-05
  1.19653181e-01 -2.64548924e-05  4.76908124e-05  0.00000000e+00]","[ 0.          0.57861954 13.81932831 -0.85939419 -0.10721862  0.10234333
 -0.88501054 -0.03534028]"
1747093073.144755,"[ 0.          0.50863021  0.8732424  -2.61607161 -2.21719799  1.14499855
  1.08013846  1.52771171]","[ 0.00000000e+00  2.64748795e-05  5.17776872e-01  3.17698567e-05
  1.20071597e-01 -2.64551545e-05  4.77273772e-05  0.00000000e+00]","[ 0.          0.62186122 13.82012939 -0.87381196 -0.16090798  0.09217167
 -0.91121376 -0.0624735 ]"
1747093073.146548,"[ 0.          0.50863021  0.87429901 -2.61607161 -2.21695644  1.14499855
  1.08013846  1.52771171]","[ 0.00000000e+00  2.64748795e-05  5.15329194e-01  3.17698567e-05
  1.17762503e-01 -2.64946330e-05  3.70928568e-05  0.00000000e+00]","[ 0.          0.58625489 13.83559036 -0.85076159 -0.22791782  0.08834218
 -0.93538058 -0.07592712]"
1747093073.148841,"[ 0.          0.50863021  0.87531474 -2.61607108 -2.21671622  1.14499855
  1.08013846  1.52771171]","[ 0.00000000e+00  2.38094022e-05  5.14014358e-01  3.70651995e-05
  1.16858102e-01 -2.65149452e-05  3.71209245e-05  0.00000000e+00]","[ 0.          0.57661802 13.92989731 -0.82423848 -0.22386485  0.11267417
 -0.93426615 -0.05319814]"
1747093073.1506274,"[ 0.          0.50863021  0.87636216 -2.61607108 -2.21648612  1.14499855
  1.08013846  1.52771171]","[ 0.00000000e+00  2.38273920e-05  5.10063060e-01  3.70648338e-05
  1.16412014e-01 -2.64946330e-05  4.76908124e-05  0.00000000e+00]","[ 0.          0.60704154 13.94759369 -0.8354311  -0.24466619  0.12034948
 -0.93577754 -0.06075987]"
1747093073.1529927,"[ 0.          0.50863021  0.87736823 -2.61607108 -2.21624617  1.14499855
  1.08013846  1.52771171]","[ 0.00000000e+00  2.38456439e-05  5.10484239e-01  3.70644640e-05
  1.17108872e-01 -2.64948971e-05  4.76908124e-05  0.00000000e+00]","[ 0.          0.63071334 14.08560467 -0.83814359 -0.28033328  0.12849632
 -0.96111286 -0.07162395]"
1747093073.1547372,"[ 0.          0.50863021  0.8784074  -2.61607108 -2.21599397  1.14499855
  1.08013846  1.52771171]","[ 0.00000000e+00  2.38273920e-05  5.06301511e-01  3.70648338e-05
  1.18722481e-01 -2.64948971e-05  3.70928568e-05  0.00000000e+00]","[ 0.          0.65547478 14.14318657 -0.85859811 -0.29223558  0.13856021
 -0.96872431 -0.07339635]"
1747093073.1564803,"[ 0.          0.50863021  0.87940569 -2.61607054 -2.21575056  1.14499855
  1.08013846  1.52771171]","[ 0.00000000e+00  2.38273920e-05  5.06189459e-01  3.70648338e-05
  1.19118319e-01 -2.64948971e-05  3.70928568e-05  0.00000000e+00]","[ 0.          0.67127883 14.22952938 -0.84881097 -0.28403068  0.11699071
 -0.96746624 -0.0666345 ]"
1747093073.1582258,"[ 0.          0.50863021  0.87990483 -2.61607054 -2.21563258  1.14499855
  1.08013846  1.52771171]","[ 0.00000000e+00  2.38815200e-05  5.06162660e-01  3.70648338e-05
  1.19653181e-01 -2.65146811e-05  3.70928568e-05  0.00000000e+00]","[ 0.          0.7200318  14.23665333 -0.84720266 -0.27298266  0.11813671
 -0.96796972 -0.06054271]"
1747093073.1599205,"[ 0.          0.50863068  0.880938   -2.61607054 -2.21539742  1.14499855
  1.08013752  1.52771171]","[ 0.00000000e+00  2.38634509e-05  5.03461682e-01  4.23922572e-05
  1.19774663e-01 -2.64948971e-05  2.91443860e-05  0.00000000e+00]","[ 0.          0.76294869 14.38909435 -0.86305511 -0.27060708  0.13031799
 -0.9912281  -0.06724947]"
1747093073.1617053,"[ 0.          0.50863068  0.88192983 -2.61607054 -2.21515055  1.14499855
  1.08013752  1.52771171]","[ 0.00000000e+00  2.38634509e-05  5.02381305e-01  4.23598089e-05
  1.20463473e-01 -1.85604623e-05  2.91664395e-05  0.00000000e+00]","[ 0.          0.79060787 14.60232735 -0.83568972 -0.27058521  0.12243529
 -1.01614261 -0.08179414]"
1747093073.1634552,"[ 0.          0.50863114  0.88295794 -2.61607001 -2.21491353  1.14499855
  1.08013752  1.52771171]","[ 0.00000000e+00  2.65149452e-05  5.01571005e-01  4.76547840e-05
  1.20193379e-01 -1.85464284e-05  1.85466133e-05  0.00000000e+00]","[ 0.          0.85243809 14.80551529 -0.86072296 -0.24177293  0.12615979
 -1.02751923 -0.08641808]"
1747093073.1665204,"[ 0.          0.50863158  0.88394658 -2.61607001 -2.21467331  1.14499855
  1.08013752  1.52771171]","[ 0.00000000e+00  3.18420273e-05  5.01571005e-01  4.23602275e-05
  1.16294061e-01 -1.85604623e-05  1.85464284e-05  0.00000000e+00]","[ 0.          0.94037658 15.06925392 -0.86807084 -0.25503376  0.10106964
 -1.01123357 -0.07554293]"
1747093073.167646,"[ 0.          0.50863158  0.88497702 -2.61607001 -2.21444508  1.14499855
  1.08013752  1.52771171]","[ 0.00000000e+00  3.18176189e-05  5.02921494e-01  4.23598089e-05
  1.15601723e-01 -1.85464284e-05  2.91443860e-05  0.00000000e+00]","[ 0.          0.95897222 15.25924301 -0.90516526 -0.24194829  0.0931542
 -1.03260219 -0.09061778]"
1747093073.1694472,"[ 0.          0.50863158  0.88597118 -2.61607001 -2.21432257  1.14499855
  1.08013752  1.52771171]","[ 0.00000000e+00  3.71490329e-05  5.03491244e-01  4.23598089e-05
  1.15353491e-01 -1.85604623e-05  1.85464284e-05  0.00000000e+00]","[ 0.          1.0062021  15.42367935 -0.89085299 -0.22232282  0.09339646
 -1.06402683 -0.09201255]"
1747093073.1718552,"[ 0.          0.50863204  0.88700342 -2.61607001 -2.21409487  1.14499855
  1.08013752  1.52771171]","[ 0.00000000e+00  4.24239132e-05  5.04271983e-01  4.23598089e-05
  1.14675117e-01 -1.85464284e-05  1.85464284e-05  0.00000000e+00]","[ 0.          1.00874996 15.40679359 -0.93171692 -0.17523403  0.09816014
 -1.04048002 -0.07947241]"
1747093073.173636,"[ 0.          0.50863251  0.88803799 -2.61607001 -2.21386238  1.14499855
  1.08013752  1.52771171]","[ 0.00000000e+00  4.24560364e-05  5.06050741e-01  4.24239132e-05
  1.13347340e-01 -1.85464284e-05  1.85464284e-05  0.00000000e+00]","[ 0.          1.04966736 15.37362099 -0.95927113 -0.14858395  0.09159561
 -0.99458778 -0.07497528]"
1747093073.1759362,"[ 0.          0.50863251  0.88903581 -2.61607001 -2.21364187  1.14499855
  1.08013752  1.52771171]","[ 0.00000000e+00  4.50754075e-05  5.05622472e-01  4.23598089e-05
  1.11010067e-01 -1.85462435e-05  1.85464284e-05  0.00000000e+00]","[ 0.          1.05431163 15.26882839 -0.98408788 -0.08610607  0.0851047
 -1.00503755 -0.09583724]"
1747093073.1777282,"[ 0.          0.50863251  0.89006992 -2.61607001 -2.21341337  1.14499855
  1.08013752  1.52771171]","[ 0.00000000e+00  4.50754075e-05  5.05549201e-01  4.24239132e-05
  1.11976886e-01 -1.85604623e-05  1.85602774e-05  0.00000000e+00]","[ 0.          1.04270852 15.20728016 -0.99665838 -0.03227896  0.05823376
 -1.00177431 -0.09049715]"
1747093073.1795447,"[ 0.          0.50863298  0.89106634 -2.61606974 -2.21318966  1.14499855
  1.08013752  1.52771171]","[ 0.00000000e+00  4.50749605e-05  5.05352394e-01  4.50758585e-05
  1.13595821e-01 -1.85464284e-05  1.85464284e-05  0.00000000e+00]","[ 0.00000000e+00  1.01748228e+00  1.50700893e+01 -9.96177673e-01
 -6.54843228e-04  5.14052361e-02 -9.85052407e-01 -8.91586244e-02]"
1747093073.181293,"[ 0.          0.50863298  0.8920559  -2.61606974 -2.21295184  1.14499855
  1.08013752  1.52771171]","[ 0.00000000e+00  4.51095382e-05  5.01030816e-01  4.50754075e-05
  1.16412014e-01 -1.85464284e-05  1.85604623e-05  0.00000000e+00]","[ 0.00000000e+00  9.94521379e-01  1.49103565e+01 -1.03174400e+00
  1.17190853e-02  5.06153107e-02 -9.54699934e-01 -8.10054019e-02]"
1747093073.1830602,"[ 0.          0.50863298  0.892589   -2.61606974 -2.21283759  1.14499855
  1.08013752  1.52771171]","[ 0.00000000e+00  4.51095382e-05  5.02038456e-01  4.50754075e-05
  1.15871817e-01 -1.85462435e-05  1.85464284e-05  0.00000000e+00]","[ 0.          0.98126996 14.7888813  -1.02155113  0.01620618  0.04092344
 -0.94652098 -0.07713344]"
1747093073.1849444,"[ 0.          0.50863298  0.89357537 -2.61606974 -2.21259684  1.14499855
  1.08013752  1.52771171]","[ 0.00000000e+00  4.50758585e-05  4.99680327e-01  4.51099892e-05
  1.17610404e-01 -1.05979587e-05  1.06059783e-05  0.00000000e+00]","[ 0.00000000e+00  9.65214789e-01  1.46306667e+01 -1.01007843e+00
  5.30895265e-03  2.23786831e-02 -9.53120470e-01 -7.01270550e-02]"
1747093073.1867769,"[ 0.          0.50863251  0.89459016 -2.61606921 -2.21236488  1.14499855
  1.08013752  1.52771077]","[ 0.00000000e+00  4.24234905e-05  4.94047408e-01  5.03783961e-05
  1.18842890e-01 -1.05979587e-05  0.00000000e+00 -1.05979587e-05]","[ 0.          0.84111822 14.59326553 -0.96395719 -0.04474504  0.01943475
 -0.96699673 -0.08032922]"
1747093073.1884348,"[ 0.          0.50863298  0.89556229 -2.61606921 -2.21212999  1.14499855
  1.08013752  1.52771077]","[ 0.00000000e+00  4.50754075e-05  4.92117615e-01  4.51095382e-05
  1.19112984e-01 -1.05979587e-05  0.00000000e+00 -1.05900569e-05]","[ 0.          0.78685522 14.52773094 -0.95351726 -0.09449253  0.06301571
 -0.95617163 -0.07923674]"
1747093073.1908345,"[ 0.          0.50863251  0.89656283 -2.61606921 -2.21188179  1.14499855
  1.08013752  1.52771077]","[ 0.00000000e+00  4.24556138e-05  4.87243131e-01  4.50754075e-05
  1.21543868e-01  0.00000000e+00  0.00000000e+00 -1.05979587e-05]","[ 0.          0.72312891 14.51670265 -0.92187244 -0.20495294  0.0789671
 -0.97175634 -0.06279251]"
1747093073.1935308,"[ 0.          0.50863298  0.89751751 -2.61606868 -2.21164317  1.14499855
  1.08013752  1.52771077]","[ 0.00000000e+00  4.50754075e-05  4.82984637e-01  5.04165417e-05
  1.21126517e-01  0.00000000e+00 -1.06059783e-05 -1.05979587e-05]","[ 0.          0.65405965 14.40145302 -0.91660637 -0.35471615  0.09011194
 -0.9875102  -0.07736357]"
1747093073.1952584,"[ 0.          0.50863298  0.89850295 -2.61606841 -2.21139975  1.14499855
  1.08013752  1.52771077]","[ 0.00000000e+00  4.50754075e-05  4.79693103e-01  5.30298904e-05
  1.17492401e-01  0.00000000e+00 -1.05978530e-05 -1.05979587e-05]","[ 0.          0.59977275 14.43886662 -0.89453393 -0.44045037  0.10052691
 -0.98921466 -0.08379113]"
1747093073.197071,"[ 0.          0.50863298  0.89944058 -2.61606841 -2.21117338  1.14499855
  1.08013752  1.52771077]","[ 0.00000000e+00  4.50754075e-05  4.74021069e-01  5.04165417e-05
  1.13981131e-01  0.00000000e+00 -1.06059783e-05 -1.05979587e-05]","[ 0.          0.59000033 14.50818729 -0.86095881 -0.49410564  0.10698876
 -0.9774009  -0.07254772]"
1747093073.198859,"[ 0.          0.50863298  0.90040578 -2.61606841 -2.21094196  1.14499761
  1.08013752  1.52771077]","[ 0.00000000e+00  4.50754075e-05  4.70509791e-01  5.03783961e-05
  1.12344269e-01 -1.05979587e-05 -1.05979587e-05 -1.05979587e-05]","[ 0.          0.56425351 14.58345509 -0.82307798 -0.4829101   0.09532406
 -0.98836946 -0.0708593 ]"
1747093073.2005966,"[ 0.          0.50863251  0.90132876 -2.61606788 -2.21071798  1.14499761
  1.08013752  1.52771077]","[ 0.00000000e+00  4.24239132e-05  4.68078924e-01  5.57235493e-05
  1.13170839e-01 -1.05979587e-05 -1.06059783e-05 -1.05899522e-05]","[ 0.          0.52902389 14.5753231  -0.83297169 -0.42443201  0.0578657
 -0.99581879 -0.06624875]"
1747093073.202404,"[ 0.          0.50863251  0.90227838 -2.61606788 -2.21048469  1.14499761
  1.08013752  1.52771077]","[ 0.00000000e+00  4.24239132e-05  4.61866668e-01  5.56813848e-05
  1.13981131e-01 -1.05979587e-05  0.00000000e+00 -1.05979587e-05]","[ 0.          0.51713604 14.53512287 -0.84761071 -0.33859301  0.03075739
 -0.98386919 -0.0909377 ]"
1747093073.204784,"[ 0.          0.50863298  0.90318712 -2.61606735 -2.21026338  1.14499761
  1.08013752  1.52771077]","[ 0.00000000e+00  4.24239132e-05  4.60246101e-01  6.10299433e-05
  1.11280161e-01 -1.05979587e-05  0.00000000e+00 -1.05899522e-05]","[ 0.00000000e+00  4.90489095e-01  1.44518566e+01 -8.28427494e-01
 -2.77199775e-01  8.81681032e-03 -9.51625586e-01 -9.10974815e-02]"
1747093073.206578,"[ 0.          0.50863251  0.90412155 -2.61606735 -2.21003515  1.14499761
  1.08013752  1.52771077]","[ 0.00000000e+00  3.71209245e-05  4.54466043e-01  6.09843734e-05
  1.12090453e-01 -1.05979587e-05  0.00000000e+00 -1.05980643e-05]","[ 0.00000000e+00  4.86821443e-01  1.44113960e+01 -7.96108544e-01
 -1.42005891e-01  6.16707141e-03 -9.63366926e-01 -8.02257657e-02]"
1747093073.2084067,"[ 0.          0.50863251  0.90501145 -2.61606681 -2.20981198  1.14499761
  1.08013752  1.52771077]","[ 0.00000000e+00  3.71490329e-05  4.50252490e-01  6.62867037e-05
  1.13440942e-01 -1.05979587e-05  0.00000000e+00 -1.05899522e-05]","[ 0.00000000e+00  4.84431177e-01  1.45023146e+01 -7.86903322e-01
 -2.97307614e-02 -6.47610193e-03 -9.86008465e-01 -6.99136108e-02]"
1747093073.210193,"[ 0.          0.50863251  0.9059303  -2.61606655 -2.20957549  1.14499761
  1.08013752  1.52771077]","[ 0.00000000e+00  3.18179359e-05  4.48902001e-01  6.89388604e-05
  1.15331620e-01 -1.05979587e-05  0.00000000e+00 -1.05979587e-05]","[ 0.          0.48191488 14.55491161 -0.80994296  0.04322816 -0.01959973
 -0.98658347 -0.08076066]"
1747093073.2125628,"[ 0.          0.50863251  0.90681148 -2.61606655 -2.20934912  1.14499761
  1.08013752  1.52771077]","[ 0.00000000e+00  3.18420273e-05  4.45748951e-01  6.89388604e-05
  1.15061525e-01 -1.05980643e-05  0.00000000e+00 -1.05980643e-05]","[ 0.          0.46036631 14.53673458 -0.81469941  0.03627846 -0.01916418
 -0.99728853 -0.09027776]"
1747093073.213719,"[ 0.          0.50863251  0.90724864 -2.61606655 -2.20923647  1.14499761
  1.08013752  1.52771077]","[ 0.00000000e+00  3.18179359e-05  4.43500045e-01  6.89910622e-05
  1.14251234e-01 -1.06059783e-05  0.00000000e+00 -1.05898466e-05]","[ 0.00000000e+00  4.65066046e-01  1.44441719e+01 -7.96154737e-01
 -7.45552080e-03 -2.29338296e-02 -1.00048506e+00 -9.40104201e-02]"
1747093073.2155035,"[ 0.          0.50863251  0.90814958 -2.61606602 -2.20900797  1.14499761
  1.08013752  1.52771077]","[ 0.00000000e+00  2.65350217e-05  4.39178500e-01  7.42418490e-05
  1.11167410e-01 -1.05820616e-05  0.00000000e+00 -1.05979587e-05]","[ 0.          0.47082809 14.49328518 -0.82055652 -0.02227286 -0.02725279
 -1.00502813 -0.09290552]"
1747093073.2178812,"[ 0.          0.50863251  0.909045   -2.61606602 -2.20878506  1.14499761
  1.08013752  1.52771077]","[ 0.00000000e+00  2.65149452e-05  4.35926647e-01  7.42418490e-05
  1.07830435e-01 -1.05899522e-05  0.00000000e+00 -1.05979587e-05]","[ 0.          0.47838485 14.52907848 -0.85629594 -0.01792823 -0.0185246
 -0.99452239 -0.07917273]"
1747093073.2208297,"[ 0.          0.50863251  0.90990181 -2.61606602 -2.20857494  1.14499668
  1.08013752  1.52771077]","[ 0.00000000e+00  2.38815200e-05  4.33506433e-01  7.42418490e-05
  1.06958600e-01 -1.85184257e-05  0.00000000e+00 -1.05978530e-05]","[ 0.          0.49657679 14.56289196 -0.8975789   0.06012161  0.02026349
 -0.99760133 -0.07015567]"
1747093073.2224836,"[ 0.          0.50863251  0.91122567 -2.61606602 -2.20825163  1.14499668
  1.08013752  1.52771077]","[ 0.00000000e+00  2.38634509e-05  4.38343266e-01  6.89395431e-05
  1.06726871e-01 -1.85184257e-05  0.00000000e+00 -1.05819570e-05]","[ 0.00000000e+00  5.54183781e-01  1.45341330e+01 -9.46574569e-01
 -1.06087290e-02  1.32663343e-02 -9.77780521e-01 -6.63038641e-02]"
1747093073.2248435,"[ 0.          0.50863298  0.91209173 -2.61606602 -2.20803858  1.14499668
  1.08013752  1.52771077]","[ 0.00000000e+00  3.18420273e-05  4.39178500e-01  6.89388604e-05
  1.08038994e-01 -1.85184257e-05  0.00000000e+00 -1.05739739e-05]","[ 0.00000000e+00  5.71026027e-01  1.44698353e+01 -9.63761747e-01
 -6.70491308e-02 -1.87512289e-03 -9.52136576e-01 -7.59518296e-02]"
1747093073.226082,"[ 0.          0.50863298  0.91299174 -2.61606602 -2.20781354  1.14499668
  1.08013752  1.52771077]","[ 0.00000000e+00  3.18179359e-05  4.39847885e-01  6.89388604e-05
  1.10588888e-01 -1.85184257e-05  0.00000000e+00 -1.05820616e-05]","[ 0.00000000e+00  6.12801194e-01  1.44742403e+01 -1.04593647e+00
 -6.61500171e-02  5.58311399e-03 -9.54031944e-01 -9.81186405e-02]"
1747093073.2278552,"[ 0.          0.50863298  0.9134275  -2.61606602 -2.20770329  1.14499668
  1.08013752  1.52771077]","[ 0.00000000e+00  2.65146811e-05  4.41879478e-01  6.89388604e-05
  1.11820358e-01 -1.85186086e-05  0.00000000e+00 -1.05820616e-05]","[ 0.          0.63142419 14.44153118 -1.06417489 -0.05560471  0.02376917
 -0.97715664 -0.08620479]"
1747093073.229578,"[ 0.          0.50863298  0.91430089 -2.61606602 -2.20747638  1.14499668
  1.08013752  1.52771077]","[ 0.00000000e+00  2.65347576e-05  4.42959856e-01  6.89381696e-05
  1.16952203e-01 -1.85184257e-05  0.00000000e+00 -1.05819570e-05]","[ 0.          0.67764372 14.42068481 -1.08584726 -0.05235041  0.03933951
 -0.96628171 -0.07602523]"
1747093073.2312787,"[ 0.          0.50863298  0.91520962 -2.61606602 -2.20723271  1.14499668
  1.08013752  1.52771077]","[ 0.00000000e+00  3.18420273e-05  4.43770156e-01  6.36358718e-05
  1.19616554e-01 -1.85184257e-05  0.00000000e+00 -1.05819570e-05]","[ 0.          0.69428742 14.42458916 -1.11849797 -0.11164467  0.02870798
 -0.95376581 -0.08258413]"
1747093073.232886,"[ 0.          0.50863298  0.91564725 -2.61606602 -2.20711286  1.14499668
  1.08013752  1.52771077]","[ 0.00000000e+00  2.65350217e-05  4.43770156e-01  6.36358718e-05
  1.21543868e-01 -1.85184257e-05 -1.05819570e-05 -1.05740785e-05]","[ 0.          0.6971224  14.3544569  -1.1506114  -0.15645558  0.02482435
 -0.9532128  -0.08252677]"
1747093073.2347498,"[ 0.          0.50863298  0.91652522 -2.61606602 -2.20687211  1.14499668
  1.08013752  1.52771077]","[ 0.00000000e+00  2.65146811e-05  4.45120645e-01  6.36358718e-05
  1.21420713e-01 -1.85184257e-05 -1.05899522e-05 -1.05819570e-05]","[ 0.          0.66892999 14.34993172 -1.18674731 -0.26660615  0.03355389
 -0.94675016 -0.0760241 ]"
1747093073.2364385,"[ 0.          0.50863298  0.91743809 -2.61606602 -2.20662337  1.14499668
  1.08013752  1.52771077]","[ 0.00000000e+00  2.65350217e-05  4.45120645e-01  6.36358718e-05
  1.21813962e-01 -1.85184257e-05 -1.05819570e-05 -1.05739739e-05]","[ 0.          0.69790673 14.25815582 -1.20100212 -0.33081374  0.03293468
 -0.96846384 -0.08570839]"
1747093073.2387977,"[ 0.          0.50863298  0.91831786 -2.61606602 -2.20638449  1.14499668
  1.08013752  1.52771077]","[ 0.00000000e+00  2.65149452e-05  4.46201023e-01  5.83770511e-05
  1.21003670e-01 -1.85184257e-05 -1.05899522e-05 -1.05820616e-05]","[ 0.          0.66687465 14.15028477 -1.19695854 -0.36457482  0.04628599
 -0.98171902 -0.07883439]"
1747093073.2405624,"[ 0.          0.50863341  0.91923259 -2.61606602 -2.20613788  1.14499668
  1.08013752  1.52771077]","[ 0.00000000e+00  3.18420273e-05  4.46741212e-01  5.56808321e-05
  1.18992301e-01 -1.85184257e-05 -1.05820616e-05 -1.05819570e-05]","[ 0.          0.62982315 13.98628712 -1.21383703 -0.36764207  0.06537958
 -0.9625091  -0.064637  ]"
1747093073.24235,"[ 0.          0.50863298  0.92011517 -2.61606602 -2.20590752  1.14499668
  1.08013752  1.52771077]","[ 0.00000000e+00  2.65149452e-05  4.47011323e-01  5.56813848e-05
  1.16412014e-01 -1.85044548e-05 -1.05819570e-05 -1.05819570e-05]","[ 0.          0.6267339  13.84905815 -1.22079778 -0.2838695   0.07082052
 -0.93668532 -0.04052321]"
1747093073.2440915,"[ 0.          0.50863298  0.92058901 -2.61606548 -2.20578528  1.14499668
  1.08013752  1.52771077]","[ 0.00000000e+00  2.65149452e-05  4.46117100e-01  6.09843734e-05
  1.15102721e-01 -1.85184257e-05 -1.05819570e-05 -1.05819570e-05]","[ 0.          0.62197137 13.85352993 -1.20861924 -0.2664378   0.07933934
 -0.93905902 -0.0550793 ]"
1747093073.2458997,"[ 0.          0.50863341  0.92146745 -2.61606548 -2.20555971  1.14499668
  1.08013752  1.52771077]","[ 0.00000000e+00  3.18420273e-05  4.45120645e-01  6.09843734e-05
  1.15061525e-01 -1.85184257e-05 -1.05819570e-05 -1.05820616e-05]","[ 0.          0.57321072 13.72922421 -1.18643153 -0.17388722  0.04829259
 -0.9269852  -0.07734116]"
1747093073.2476692,"[ 0.          0.50863298  0.92237892 -2.61606548 -2.20532189  1.14499668
  1.08013752  1.52771077]","[ 0.00000000e+00  2.65149452e-05  4.44361710e-01  5.56392812e-05
  1.17108872e-01 -1.85184257e-05 -1.05819570e-05 -1.05819570e-05]","[ 0.00000000e+00  5.11248469e-01  1.36649990e+01 -1.16988814e+00
 -6.37750402e-02 -4.73801373e-03 -9.13931131e-01 -9.22459736e-02]"
1747093073.2494788,"[ 0.          0.50863298  0.92325051 -2.61606548 -2.20508593  1.14499668
  1.08013752  1.52771077]","[ 0.00000000e+00  2.65350217e-05  4.40082643e-01  5.56813848e-05
  1.19653181e-01 -1.85184257e-05 -1.05819570e-05 -1.05739739e-05]","[ 0.          0.44723347 13.60672379 -1.13172066  0.02314574 -0.03623071
 -0.89136612 -0.07607929]"
1747093073.2512536,"[ 0.          0.50863298  0.92368487 -2.61606548 -2.20496742  1.14499575
  1.08013752  1.52771077]","[ 0.00000000e+00  2.65350217e-05  4.40528989e-01  5.56392812e-05
  1.20193379e-01 -2.64351959e-05 -1.05899522e-05 -1.05819570e-05]","[ 0.          0.43704206 13.50247288 -1.08942819  0.03064334 -0.06554479
 -0.90112257 -0.0918078 ]"
1747093073.2530646,"[ 0.          0.50863298  0.92458535 -2.61606495 -2.20471868  1.14499575
  1.08013752  1.52771077]","[ 0.00000000e+00  2.65149452e-05  4.39988800e-01  6.09849829e-05
  1.21257761e-01 -2.64548924e-05 -1.05820616e-05 -1.05740785e-05]","[ 0.          0.39450195 13.42462921 -1.05492961  0.06319458 -0.06423506
 -0.90156955 -0.08247355]"
1747093073.2547882,"[ 0.          0.50863298  0.9254803  -2.61606495 -2.2044774   1.14499575
  1.08013752  1.52771077]","[ 0.00000000e+00  2.65350217e-05  4.35334060e-01  6.09382630e-05
  1.22624254e-01 -2.64349338e-05 -1.05899522e-05 -1.05819570e-05]","[ 0.          0.35151932 13.40008926 -1.02843308  0.0551753  -0.05983449
 -0.9005484  -0.086444  ]"
1747093073.2565732,"[ 0.          0.50863298  0.92633351 -2.61606495 -2.20422813  1.14499575
  1.08013752  1.52771077]","[ 0.00000000e+00  2.65149452e-05  4.32155977e-01  5.56813848e-05
  1.21622705e-01 -2.64548924e-05 -1.05819570e-05 -1.05739739e-05]","[ 0.00000000e+00  3.15739512e-01  1.34311781e+01 -1.01929450e+00
 -1.94616849e-03 -6.60234466e-02 -8.85556221e-01 -6.99955896e-02]"
1747093073.2588851,"[ 0.          0.50863298  0.92721742 -2.61606468 -2.20398711  1.14499575
  1.08013752  1.52771077]","[ 0.00000000e+00  2.38812822e-05  4.31070972e-01  5.83322980e-05
  1.22769837e-01 -2.64551545e-05 -1.05900569e-05 -1.05820616e-05]","[ 0.          0.28371719 13.55980301 -1.00165188 -0.02499195 -0.05362122
 -0.91746527 -0.0655567 ]"
1747093073.2606673,"[ 0.          0.50863251  0.92806191 -2.61606415 -2.20373811  1.14499575
  1.08013752  1.52771077]","[ 0.00000000e+00  1.85604623e-05  4.27564288e-01  6.36358718e-05
  1.21508289e-01 -2.64548924e-05  0.00000000e+00 -1.05739739e-05]","[ 0.          0.27625832 13.68838024 -0.97370511 -0.1231555  -0.04844817
 -0.94381499 -0.09827055]"
1747093073.2624295,"[ 0.          0.50863251  0.92890173 -2.61606415 -2.20350455  1.14499575
  1.08013752  1.52771077]","[ 0.00000000e+00  1.85745164e-05  4.25673610e-01  6.36358718e-05
  1.16412014e-01 -2.64548924e-05  0.00000000e+00 -1.05819570e-05]","[ 0.          0.25305673 13.85412693 -0.96042389 -0.22618333 -0.03604456
 -0.95237553 -0.08632757]"
1747093073.2636206,"[ 0.          0.50863251  0.92935447 -2.61606415 -2.20338976  1.14499575
  1.08013752  1.52771077]","[ 0.00000000e+00  1.32673788e-05  4.26306377e-01  5.83328791e-05
  1.16412014e-01 -2.64748795e-05  0.00000000e+00 -1.05819570e-05]","[ 0.          0.24236818 13.94385624 -0.97056282 -0.26039767 -0.0419779
 -0.94210458 -0.08865293]"
1747093073.2659838,"[ 0.          0.50863251  0.93019203 -2.61606362 -2.20315221  1.14499575
  1.08013752  1.52771077]","[ 0.00000000e+00  1.06058726e-05  4.24323121e-01  6.36352378e-05
  1.15719085e-01 -2.64551545e-05  0.00000000e+00 -1.05820616e-05]","[ 0.          0.24912965 14.09356689 -0.94086111 -0.2442853  -0.03429332
 -0.94925666 -0.09784485]"
1747093073.26776,"[ 0.          0.50863251  0.9310567  -2.61606362 -2.20291812  1.14499575
  1.08013752  1.52771077]","[ 0.00000000e+00  1.05979587e-05  4.21541782e-01  6.36358718e-05
  1.20193379e-01 -2.64548924e-05  0.00000000e+00 -1.05819570e-05]","[ 0.          0.24560009 14.25865841 -0.95450729 -0.19766372 -0.02737525
 -0.94866115 -0.0811545 ]"
1747093073.2695296,"[ 0.          0.50863251  0.9318892  -2.61606335 -2.20266885  1.14499575
  1.08013752  1.52771077]","[ 0.00000000e+00  1.05899522e-05  4.21464783e-01  6.61872009e-05
  1.21813962e-01 -2.64548924e-05  0.00000000e+00 -1.05820616e-05]","[ 0.          0.25459167 14.37838745 -0.94240135 -0.24899115 -0.03527725
 -0.96635711 -0.06694709]"
1747093073.2719584,"[ 0.          0.50863251  0.93275293 -2.61606335 -2.2024241   1.14499575
  1.08013752  1.52771077]","[ 0.00000000e+00  5.29897933e-06  4.21352065e-01  6.62867037e-05
  1.23579305e-01 -2.64551545e-05  0.00000000e+00 -1.05819570e-05]","[ 0.          0.28402981 14.40648365 -0.90979934 -0.32534325 -0.04744272
 -0.97295111 -0.0821294 ]"
1747093073.273114,"[ 0.          0.50863251  0.9335841  -2.61606335 -2.20217137  1.14499575
  1.08013752  1.52771077]","[ 0.00000000e+00  0.00000000e+00  4.21081954e-01  6.62873661e-05
  1.23434545e-01 -2.64548924e-05  0.00000000e+00 -1.05819570e-05]","[ 0.          0.31486058 14.38736248 -0.91714346 -0.35793892 -0.04974002
 -0.95616078 -0.09641185]"
1747093073.2749052,"[ 0.          0.50863251  0.93399969 -2.61606282 -2.20204966  1.14499575
  1.08013752  1.52771077]","[ 0.00000000e+00  0.00000000e+00  4.20925160e-01  7.14821760e-05
  1.23434545e-01 -2.64548924e-05  0.00000000e+00 -1.05819570e-05]","[ 0.          0.31392318 14.46813869 -0.93819016 -0.36281911 -0.04651623
 -0.95541525 -0.09474733]"
1747093073.277134,"[ 0.          0.50863298  0.93486249 -2.61606282 -2.20179586  1.14499575
  1.08013752  1.52771077]","[ 0.00000000e+00  5.29897933e-06  4.21352065e-01  7.14821760e-05
  1.24130388e-01 -2.64551545e-05  0.00000000e+00 -1.05820616e-05]","[ 0.          0.31708828 14.46326923 -0.94672114 -0.34980065 -0.02242038
 -0.97574639 -0.10172836]"
1747093073.2789674,"[ 0.          0.50863251  0.93569226 -2.61606229 -2.20155298  1.14499575
  1.08013752  1.52771077]","[ 0.00000000e+00 -5.29497611e-06  4.20541765e-01  7.41296676e-05
  1.22354159e-01 -2.64548924e-05  0.00000000e+00 -1.05820616e-05]","[ 0.00000000e+00  3.60306442e-01  1.44478750e+01 -9.57394838e-01
 -2.41052762e-01 -8.39083083e-03 -9.76960540e-01 -8.96905735e-02]"
1747093073.2806923,"[ 0.          0.50863251  0.93655093 -2.61606229 -2.20130531  1.14499575
  1.08013752  1.52771077]","[ 0.00000000e+00 -5.29897933e-06  4.19306192e-01  7.41296676e-05
  1.20368864e-01 -2.64548924e-05  0.00000000e+00 -1.05819570e-05]","[ 0.          0.39379984 14.4797554  -0.97976613 -0.15554956 -0.02391374
 -0.96197742 -0.08367634]"
1747093073.282455,"[ 0.          0.50863298  0.93738024 -2.61606229 -2.20107388  1.14499469
  1.08013752  1.52771077]","[ 0.00000000e+00  0.00000000e+00  4.21352065e-01  7.41296676e-05
  1.17492401e-01 -3.70368514e-05  0.00000000e+00 -1.05820616e-05]","[ 0.          0.41723892 14.41762066 -0.9778192  -0.09487795 -0.07007007
 -0.94473445 -0.11457649]"
1747093073.2844062,"[ 0.          0.50863251  0.93824397 -2.61606229 -2.20083899  1.14499469
  1.08013752  1.52771077]","[ 0.00000000e+00 -5.29897933e-06  4.21541782e-01  7.41296676e-05
  1.14350420e-01 -3.70372172e-05  0.00000000e+00 -1.05818513e-05]","[ 0.          0.46260104 14.37502098 -0.95591563 -0.02177967 -0.0879578
 -0.94737667 -0.11610551]"
1747093073.2867322,"[ 0.          0.50863298  0.93907095 -2.61606175 -2.20061395  1.14499469
  1.08013752  1.52771077]","[ 0.00000000e+00  5.29897933e-06  4.17687256e-01  7.41296676e-05
  1.13981131e-01 -3.70368514e-05  0.00000000e+00 -1.05819570e-05]","[ 0.          0.52387965 14.2672205  -1.01499438  0.12040034 -0.10737651
 -0.90817416 -0.10790385]"
1747093073.2885022,"[ 0.          0.50863298  0.93993008 -2.61606175 -2.20038652  1.14499469
  1.08013846  1.52771077]","[ 0.00000000e+00  0.00000000e+00  4.19284853e-01  7.41296676e-05
  1.15601723e-01 -3.70372172e-05  1.05819570e-05  0.00000000e+00]","[ 0.          0.52918166 14.1952486  -1.02549613  0.26111412 -0.08579805
 -0.88046306 -0.10465379]"
1747093073.2896543,"[ 0.          0.50863251  0.94034334 -2.61606175 -2.20026268  1.14499469
  1.08013846  1.52771077]","[ 0.00000000e+00 -5.29892650e-06  4.19191276e-01  7.40737029e-05
  1.16607332e-01 -3.70372172e-05  1.05820616e-05  0.00000000e+00]","[ 0.          0.549142   14.12326908 -0.98720664  0.32688308 -0.10836808
 -0.85817438 -0.11460724]"
1747093073.2914023,"[ 0.          0.50863298  0.94125947 -2.61606175 -2.20003072  1.14499469
  1.08013846  1.52771077]","[ 0.00000000e+00  5.29897933e-06  4.15049461e-01  7.41296676e-05
  1.17882054e-01 -3.70089097e-05  1.05819570e-05  0.00000000e+00]","[ 0.          0.56263536 14.08534431 -0.99509376  0.38238052 -0.11390346
 -0.87619191 -0.10959363]"
1747093073.2937877,"[ 0.          0.50863298  0.94201481 -2.61606149 -2.19978597  1.14499469
  1.08013846  1.52771077]","[ 0.00000000e+00  0.00000000e+00  4.15409920e-01  7.14821760e-05
  1.19616554e-01 -3.70368514e-05  1.05819570e-05  0.00000000e+00]","[ 0.          0.57383156 13.96490288 -0.991373    0.36178976 -0.11300912
 -0.90269256 -0.10953639]"
1747093073.295017,"[ 0.          0.50863251  0.94292587 -2.61606149 -2.19954682  1.14499469
  1.08013846  1.52771077]","[ 0.00000000e+00 -5.29897933e-06  4.13767948e-01  6.88346925e-05
  1.21813962e-01 -3.70648338e-05  1.05900569e-05  0.00000000e+00]","[ 0.          0.61459154 13.87805653 -0.97509331  0.23386392 -0.1472266
 -0.87943679 -0.10904633]"
1747093073.2973645,"[ 0.          0.50863298  0.94373587 -2.61606096 -2.19929356  1.14499469
  1.08013846  1.52771077]","[ 0.00000000e+00  0.00000000e+00  4.09737886e-01  7.41289280e-05
  1.23262014e-01 -3.70372172e-05  1.05820616e-05  0.00000000e+00]","[ 0.          0.64330542 13.8503809  -0.96260458  0.09685499 -0.13602996
 -0.86756104 -0.12014424]"
1747093073.299067,"[ 0.          0.50863298  0.94457024 -2.61606096 -2.19904988  1.14499469
  1.08013846  1.52771077]","[ 0.00000000e+00  0.00000000e+00  4.07247964e-01  7.41296676e-05
  1.23434545e-01 -2.91003827e-05  1.05899522e-05  0.00000000e+00]","[ 0.          0.64025021 13.96935177 -0.98224872 -0.04947932 -0.08425038
 -0.89821947 -0.11410745]"
1747093073.300825,"[ 0.          0.50863298  0.94497065 -2.61606096 -2.19893003  1.14499469
  1.08013846  1.52771077]","[ 0.00000000e+00  0.00000000e+00  4.06226608e-01  6.88346925e-05
  1.21543868e-01 -2.91003827e-05  1.05819570e-05  0.00000000e+00]","[ 0.          0.69963723 14.05183315 -0.99906111 -0.11554071 -0.05782987
 -0.91822529 -0.10619254]"
1747093073.302585,"[ 0.          0.50863298  0.94576733 -2.61606096 -2.19868343  1.14499469
  1.08013846  1.52771077]","[ 0.00000000e+00  5.29897933e-06  4.02985442e-01  6.87827183e-05
  1.20733576e-01 -2.91006692e-05  1.05899522e-05  0.00000000e+00]","[ 0.00000000e+00  6.81689978e-01  1.40987787e+01 -1.03245628e+00
 -2.85284758e-01 -6.95831981e-03 -9.46365237e-01 -9.86224711e-02]"
1747093073.3048668,"[ 0.          0.50863341  0.94658925 -2.61606042 -2.19844561  1.14499469
  1.08013846  1.52771077]","[ 0.00000000e+00  5.29497611e-06  4.00554541e-01  6.88353671e-05
  1.20341417e-01 -2.91003827e-05  1.05819570e-05  0.00000000e+00]","[ 0.00000000e+00  6.97591662e-01  1.42377052e+01 -9.92366374e-01
 -4.02093172e-01 -7.07786810e-03 -9.31659043e-01 -1.05169348e-01]"
1747093073.306611,"[ 0.          0.50863298  0.94737954 -2.61606042 -2.19820272  1.14499469
  1.08013752  1.52771077]","[ 0.00000000e+00  5.29897933e-06  4.01364841e-01  6.88346925e-05
  1.17222306e-01 -2.91003827e-05  0.00000000e+00  0.00000000e+00]","[ 0.00000000e+00  6.95716321e-01  1.43120775e+01 -9.46762383e-01
 -5.63248396e-01  1.38694271e-02 -9.53459859e-01 -1.03111476e-01]"
1747093073.307834,"[ 0.          0.50863298  0.94780425 -2.61606016 -2.19808821  1.14499469
  1.08013752  1.52771077]","[ 0.00000000e+00  5.29497611e-06  3.99599432e-01  7.14821760e-05
  1.16141912e-01 -2.91223691e-05  0.00000000e+00  0.00000000e+00]","[ 0.00000000e+00  6.91885352e-01  1.44087496e+01 -9.20807958e-01
 -5.85241497e-01  8.84916447e-03 -9.63712573e-01 -1.05387650e-01]"
1747093073.3095543,"[ 0.          0.50863341  0.94819873 -2.61605962 -2.19785651  1.14499469
  1.08013752  1.52771077]","[ 0.00000000e+00  7.94238493e-06  4.00014352e-01  7.14828831e-05
  1.11737517e-01 -2.91006692e-05  0.00000000e+00  0.00000000e+00]","[ 0.00000000e+00  7.22857475e-01  1.43779020e+01 -9.27037358e-01
 -6.20267332e-01  9.88556445e-03 -9.82721627e-01 -1.06722265e-01]"
1747093073.3126445,"[ 0.          0.50863298  0.94940321 -2.61605909 -2.19753028  1.14499469
  1.08013752  1.52771077]","[ 0.00000000e+00  5.29497611e-06  3.95712615e-01  7.41296676e-05
  1.09659578e-01 -2.91003827e-05  0.00000000e+00  0.00000000e+00]","[ 0.00000000e+00  7.32776284e-01  1.43827744e+01 -9.15889502e-01
 -5.24169862e-01 -1.17495481e-03 -9.54732776e-01 -1.09013624e-01]"
1747093073.3158593,"[ 0.          0.50863341  0.95018199 -2.61605909 -2.19730497  1.14499469
  1.08013752  1.52771077]","[ 0.00000000e+00  7.94846874e-06  3.94072208e-01  7.40737029e-05
  1.10739964e-01 -2.91003827e-05  0.00000000e+00  0.00000000e+00]","[ 0.          0.76009279 14.3651619  -0.90568894 -0.44511503 -0.03964818
 -0.96743721 -0.10786264]"
1747093073.3183653,"[ 0.          0.50863298  0.95137675 -2.61605856 -2.19697208  1.14499375
  1.08013752  1.52771077]","[ 0.00000000e+00  5.29502843e-06  3.92991830e-01  7.41296676e-05
  1.09335047e-01 -3.70928568e-05  0.00000000e+00  0.00000000e+00]","[ 0.          0.74567783 14.12944984 -0.90562761 -0.28802091 -0.07015999
 -0.95142972 -0.10788888]"
1747093073.3195632,"[ 0.          0.50863341  0.95214594 -2.61605829 -2.19675769  1.14499375
  1.08013752  1.52771077]","[ 0.00000000e+00  7.94246417e-06  3.88546281e-01  7.67771511e-05
  1.08038994e-01 -3.71209245e-05  0.00000000e+00  0.00000000e+00]","[ 0.          0.75293326 14.10723305 -0.89226085 -0.16913493 -0.09384405
 -0.92890328 -0.12501517]"
1747093073.323114,"[ 0.          0.50863341  0.95294029 -2.61605829 -2.19653532  1.14499375
  1.08013752  1.52771077]","[ 0.00000000e+00  7.94246417e-06  3.87072788e-01  7.67771511e-05
  1.09084277e-01 -2.91440955e-05  0.00000000e+00  0.00000000e+00]","[ 0.          0.75681138 14.05848503 -0.88066304 -0.06530837 -0.11239611
 -0.93257856 -0.12601569]"
1747093073.3247426,"[ 0.          0.50863341  0.95407959 -2.61605776 -2.19621254  1.14499375
  1.08013752  1.52771077]","[ 0.00000000e+00  5.29497611e-06  3.83808518e-01  8.20729389e-05
  1.09929672e-01 -2.91667301e-05  0.00000000e+00  0.00000000e+00]","[ 0.          0.73754209 14.09328461 -0.90170425  0.12388085 -0.10298452
 -0.95268101 -0.12692197]"
1747093073.3264923,"[ 0.          0.50863341  0.9548565  -2.61605723 -2.19598511  1.14499375
  1.08013752  1.52771077]","[ 0.00000000e+00  5.29897933e-06  3.78676673e-01  8.74331602e-05
  1.10469869e-01 -2.91664395e-05  0.00000000e+00  0.00000000e+00]","[ 0.          0.73479342 14.12449169 -0.88405955  0.12315388 -0.11564129
 -0.94808418 -0.12910353]"
1747093073.3288424,"[ 0.          0.50863341  0.95560365 -2.61605723 -2.19576753  1.14499375
  1.08013752  1.52771077]","[ 0.00000000e+00  5.29502843e-06  3.78136451e-01  8.73671094e-05
  1.10357942e-01 -2.91443860e-05  0.00000000e+00  0.00000000e+00]","[ 0.          0.70139533 14.12890339 -0.86303216  0.06264787 -0.12440252
 -0.93915397 -0.11566621]"
1747093073.3306785,"[ 0.          0.50863341  0.95637457 -2.61605723 -2.19554942  1.14499375
  1.08013752  1.52771077]","[ 0.00000000e+00  5.29097849e-06  3.75705584e-01  8.73671094e-05
  1.04797819e-01 -2.91443860e-05  0.00000000e+00  0.00000000e+00]","[ 0.00000000e+00  6.77853823e-01  1.41743164e+01 -8.62192214e-01
 -2.87710992e-03 -1.20841123e-01 -9.48896289e-01 -1.06213100e-01]"
1747093073.3317995,"[ 0.          0.50863341  0.95674242 -2.61605669 -2.19544662  1.14499375
  1.08013752  1.52771077]","[ 0.00000000e+00  5.29497611e-06  3.73004606e-01  9.26620845e-05
  1.04257622e-01 -2.91664395e-05  0.00000000e+00  0.00000000e+00]","[ 0.00000000e+00  6.68076932e-01  1.41489716e+01 -8.67617011e-01
 -2.40813271e-04 -1.19062304e-01 -9.63327229e-01 -1.19490378e-01]"
1747093073.3335176,"[ 0.          0.50863341  0.95749916 -2.61605643 -2.19524582  1.14499375
  1.08013752  1.52771077]","[ 0.00000000e+00  5.29497611e-06  3.68783928e-01  9.53095680e-05
  1.01286549e-01 -2.91443860e-05  0.00000000e+00  0.00000000e+00]","[ 0.          0.66534257 14.22698116 -0.87258601  0.037067   -0.07418693
 -0.96249485 -0.14267187]"
1747093073.3353171,"[ 0.          0.50863387  0.95822467 -2.61605643 -2.19503756  1.14499375
  1.08013752  1.52771077]","[ 0.00000000e+00  7.94254290e-06  3.67332572e-01  9.53105108e-05
  1.02366944e-01 -2.91664395e-05  0.00000000e+00  0.00000000e+00]","[ 0.          0.66646099 14.31241608 -0.88019699  0.0443021  -0.0482218
 -0.95221984 -0.12333786]"
1747093073.3370528,"[ 0.          0.50863387  0.95858559 -2.6160559  -2.19493636  1.14499375
  1.08013752  1.52771077]","[ 0.00000000e+00  7.94254290e-06  3.65982083e-01  1.00604543e-04
  1.02637038e-01 -2.91664395e-05  0.00000000e+00  0.00000000e+00]","[ 0.          0.67640376 14.36844826 -0.89100468  0.01464448 -0.05274527
 -0.96030068 -0.11167955]"
1747093073.3388276,"[ 0.          0.50863341  0.95932855 -2.6160559  -2.19471185  1.14499375
  1.08013752  1.52771077]","[ 0.00000000e+00  5.29497611e-06  3.60766881e-01  1.00604543e-04
  1.02226770e-01 -2.91443860e-05  0.00000000e+00  0.00000000e+00]","[ 0.          0.70862097 14.45639324 -0.90156186 -0.07385004 -0.06339213
 -0.9539122  -0.12328248]"
1747093073.34046,"[ 0.          0.50863387  0.96003801 -2.6160559  -2.19452863  1.14499375
  1.08013752  1.52771077]","[ 0.00000000e+00  5.29497611e-06  3.59499749e-01  1.00604543e-04
  1.00785492e-01 -2.91664395e-05  0.00000000e+00  0.00000000e+00]","[ 0.          0.70396709 14.54625225 -0.88808775 -0.14863354 -0.08344245
 -0.96296054 -0.13420364]"
1747093073.3428304,"[ 0.          0.50863341  0.96077411 -2.61605536 -2.19431291  1.14499282
  1.08013752  1.52771077]","[ 0.00000000e+00  0.00000000e+00  3.59601981e-01  1.05820618e-04
  9.79200141e-02 -3.71209245e-05  0.00000000e+00  0.00000000e+00]","[ 0.          0.66580766 14.68282509 -0.90519959 -0.13658249 -0.09200053
 -0.97746611 -0.12860917]"
1747093073.3445368,"[ 0.          0.50863341  0.96147898 -2.61605536 -2.19411823  1.14499282
  1.08013752  1.52771077]","[ 0.00000000e+00  5.29497611e-06  3.56798771e-01  1.00604543e-04
  9.85855797e-02 -3.71209245e-05  0.00000000e+00  0.00000000e+00]","[ 0.          0.64672232 14.79007244 -0.91139174 -0.08461387 -0.06932963
 -0.96255702 -0.13520722]"
1747093073.3463342,"[ 0.          0.50863341  0.96217786 -2.6160551  -2.1939193   1.14499282
  1.08013752  1.52771077]","[ 0.00000000e+00  0.00000000e+00  3.53827682e-01  1.03174077e-04
  1.02096849e-01 -3.71209245e-05  0.00000000e+00  0.00000000e+00]","[ 0.          0.63975495 14.86080933 -0.8854512  -0.05446091 -0.05575045
 -0.97117811 -0.13252643]"
1747093073.3486753,"[ 0.          0.50863341  0.96255117 -2.61605456 -2.19381091  1.14499282
  1.08013752  1.52771077]","[ 0.00000000e+00  5.29097849e-06  3.51577378e-01  1.08465062e-04
  1.02062761e-01 -3.71212943e-05  0.00000000e+00  0.00000000e+00]","[ 0.          0.63506794 14.9339056  -0.88997757 -0.05636369 -0.0628214
 -0.98137575 -0.1218833 ]"
1747093073.350441,"[ 0.          0.50863387  0.96324499 -2.61605456 -2.19361037  1.14499282
  1.08013752  1.52771077]","[ 0.00000000e+00  7.94246417e-06  3.51126704e-01  1.08547010e-04
  1.01556652e-01 -3.71209245e-05  0.00000000e+00  0.00000000e+00]","[ 0.          0.65987515 14.96066761 -0.86699694 -0.11529846 -0.06939761
 -0.97327864 -0.11687922]"
1747093073.351603,"[ 0.          0.50863341  0.96396178 -2.61605403 -2.19340424  1.14499282
  1.08013752  1.52771077]","[ 0.00000000e+00  5.29097849e-06  3.50231316e-01  1.13841985e-04
  1.00307380e-01 -2.91664395e-05  0.00000000e+00  0.00000000e+00]","[ 0.          0.67613941 14.97261906 -0.857306   -0.17493236 -0.06757525
 -0.96504045 -0.12322618]"
1747093073.3540003,"[ 0.          0.50863387  0.96465061 -2.6160535  -2.1932109   1.14499282
  1.08013752  1.52770984]","[ 0.00000000e+00  7.94246417e-06  3.49236026e-01  1.13841985e-04
  9.72350907e-02 -2.91661490e-05  0.00000000e+00 -1.05979587e-05]","[ 0.          0.68643743 14.91004753 -0.84565866 -0.17512424 -0.0747794
 -0.95879132 -0.12890345]"
1747093073.3557546,"[ 0.          0.50863387  0.96536234 -2.6160535  -2.19301382  1.14499282
  1.08013752  1.52770984]","[ 0.00000000e+00  7.93646773e-06  3.47565093e-01  1.13841985e-04
  9.50412452e-02 -2.91664395e-05  0.00000000e+00 -1.05979587e-05]","[ 0.          0.67800438 14.83449173 -0.84453583 -0.12421024 -0.09302538
 -0.95689172 -0.11842834]"
1747093073.357477,"[ 0.          0.50863387  0.96604651 -2.6160527  -2.19283113  1.14499282
  1.08013752  1.52770984]","[ 0.00000000e+00  7.94246417e-06  3.46453789e-01  1.21784452e-04
  9.21032375e-02 -2.91664395e-05  0.00000000e+00 -1.05979587e-05]","[ 0.          0.69909245 14.71965981 -0.84502387 -0.05989176 -0.07883888
 -0.96026587 -0.12233891]"
1747093073.3592935,"[ 0.          0.50863387  0.96638679 -2.61605217 -2.19274058  1.14499282
  1.08013752  1.52770984]","[ 0.00000000e+00  7.94246417e-06  3.45535031e-01  1.24431935e-04
  9.18331430e-02 -2.91664395e-05  0.00000000e+00 -1.05979587e-05]","[ 0.          0.70507962 14.54545975 -0.83123064 -0.03184395 -0.06478914
 -0.95701927 -0.13227914]"
1747093073.3611243,"[ 0.          0.50863387  0.96708747 -2.61605163 -2.19256188  1.14499282
  1.08013752  1.52770984]","[ 0.00000000e+00  7.93646773e-06  3.40863015e-01  1.29725618e-04
  8.99424568e-02 -2.91664395e-05  0.00000000e+00 -1.05979587e-05]","[ 0.00000000e+00  6.98533416e-01  1.43736877e+01 -8.08237195e-01
 -5.03726630e-03 -7.36889616e-02 -9.54104364e-01 -1.28101408e-01]"
1747093073.3628175,"[ 0.          0.50863387  0.96777902 -2.61605137 -2.19237839  1.14499282
  1.08013752  1.52770984]","[ 0.00000000e+00  1.32374398e-05  3.36531283e-01  1.27079427e-04
  8.94022679e-02 -2.91664395e-05  0.00000000e+00 -1.05979587e-05]","[ 0.00000000e+00  7.26580381e-01  1.41636515e+01 -8.06125700e-01
 -3.80948209e-03 -1.20909527e-01 -9.34557378e-01 -1.35879174e-01]"
1747093073.3645537,"[ 0.          0.50863434  0.96843796 -2.61605084 -2.19229051  1.14499282
  1.08013752  1.52770984]","[ 0.00000000e+00  1.85186086e-05  3.33502237e-01  1.32274460e-04
  8.91321651e-02 -2.91664395e-05  0.00000000e+00 -1.05979587e-05]","[ 0.          0.73349154 14.04409504 -0.78241307  0.02162457 -0.15240391
 -0.89298671 -0.15360874]"
1747093073.366281,"[ 0.          0.50863434  0.96909416 -2.6160503  -2.19211234  1.14499282
  1.08013752  1.52770984]","[ 0.00000000e+00  1.85324169e-05  3.32219892e-01  1.32374402e-04
  8.65151183e-02 -2.91664395e-05  0.00000000e+00 -1.05979587e-05]","[ 0.          0.73357952 13.89697647 -0.79676354  0.02196284 -0.13899906
 -0.87314343 -0.14512539]"
1747093073.3680663,"[ 0.          0.50863434  0.96944497 -2.6160503  -2.19202606  1.14499282
  1.08013752  1.52770984]","[ 0.00000000e+00  1.85325998e-05  3.30262069e-01  1.32375710e-04
  8.74229150e-02 -2.91664395e-05  0.00000000e+00 -1.05979587e-05]","[ 0.          0.75037146 13.91734219 -0.78727436  0.03326515 -0.12206484
 -0.87807393 -0.14534399]"
1747093073.3698218,"[ 0.          0.50863434  0.97009012 -2.6160495  -2.19184709  1.14499282
  1.08013752  1.52770984]","[ 0.00000000e+00  1.85184257e-05  3.25677337e-01  1.37877721e-04
  8.77689595e-02 -2.91664395e-05  0.00000000e+00 -1.05979587e-05]","[ 0.          0.77974284 13.79726887 -0.79497784  0.03462288 -0.093142
 -0.87224722 -0.13855785]"
1747093073.371551,"[ 0.          0.50863434  0.97075364 -2.61604897 -2.19167159  1.14499282
  1.08013752  1.52770984]","[ 0.00000000e+00  1.85464284e-05  3.24116958e-01  1.43072445e-04
  8.99424568e-02 -2.91661490e-05  0.00000000e+00 -1.05980643e-05]","[ 0.00000000e+00  7.79904187e-01  1.36864033e+01 -7.95752227e-01
  5.99967781e-03 -9.23073292e-02 -8.67375076e-01 -1.25263214e-01]"
1747093073.3750408,"[ 0.          0.50863481  0.97139194 -2.61604844 -2.19148437  1.14499282
  1.08013752  1.52770984]","[ 0.00000000e+00  2.38634509e-05  3.23576769e-01  1.48483698e-04
  9.15304914e-02 -2.91664395e-05  0.00000000e+00 -1.05979587e-05]","[ 0.          0.78577685 13.52167034 -0.79586726 -0.07075644 -0.09508388
 -0.86948389 -0.13469197]"
1747093073.3757322,"[ 0.          0.50863481  0.9720518  -2.61604817 -2.19130194  1.14499282
  1.08013752  1.52770984]","[ 0.00000000e+00  2.38454062e-05  3.21090342e-01  1.45721936e-04
  9.21032375e-02 -2.91664395e-05  0.00000000e+00 -1.05979587e-05]","[ 0.          0.82411969 13.40403366 -0.79732567 -0.15529539 -0.09169489
 -0.86878908 -0.15493271]"
1747093073.3774557,"[ 0.          0.50863527  0.97267904 -2.61604817 -2.19111366  1.14499282
  1.08013752  1.52770984]","[ 0.00000000e+00  2.38454062e-05  3.17094435e-01  1.45832208e-04
  9.07527485e-02 -2.91664395e-05  0.00000000e+00 -1.05979587e-05]","[ 0.          0.87729794 13.31104851 -0.76515549 -0.24468949 -0.07395828
 -0.85413462 -0.15706389]"
1747093073.3797877,"[ 0.          0.50863527  0.97332699 -2.61604711 -2.19093922  1.14499282
  1.08013752  1.52770984]","[ 0.00000000e+00  2.64946330e-05  3.15968251e-01  1.51135188e-04
  8.80517789e-02 -2.91661490e-05  0.00000000e+00 -1.05980643e-05]","[ 0.          0.90744597 13.23916626 -0.75390065 -0.27368733 -0.06395648
 -0.8479684  -0.14305782]"
1747093073.3815384,"[ 0.          0.50863571  0.97395057 -2.61604711 -2.19075999  1.14499282
  1.08013752  1.52770984]","[ 0.00000000e+00  3.17938749e-05  3.16284135e-01  1.51020918e-04
  8.75181896e-02 -2.91664395e-05  0.00000000e+00 -1.05979587e-05]","[ 0.          0.9291417  13.22153187 -0.76430476 -0.23200084 -0.05129658
 -0.86031413 -0.13741753]"
1747093073.3833482,"[ 0.          0.50863571  0.97426282 -2.61604711 -2.1906761   1.14499282
  1.08013752  1.52770984]","[ 0.00000000e+00  2.65149452e-05  3.16554246e-01  1.51135188e-04
  8.50807064e-02 -1.85464284e-05  0.00000000e+00 -1.05979587e-05]","[ 0.          0.94080549 13.20862961 -0.7625944  -0.21277849 -0.04599507
 -0.86082047 -0.13198592]"
1747093073.3851547,"[ 0.          0.50863571  0.97490291 -2.61604684 -2.19050619  1.14499282
  1.08013846  1.52770984]","[ 0.00000000e+00  3.17938749e-05  3.11152290e-01  1.53786679e-04
  8.61610926e-02 -1.85604623e-05  1.05819570e-05 -1.05980643e-05]","[ 0.          0.9137606  13.24724007 -0.76171052 -0.20360033 -0.07769489
 -0.88073444 -0.12359925]"
1747093073.3869667,"[ 0.          0.50863617  0.97551225 -2.61604631 -2.19033442  1.14499282
  1.08013846  1.52770984]","[ 0.00000000e+00  3.70928568e-05  3.07370934e-01  1.53668865e-04
  8.33755593e-02 -1.85464284e-05  1.05819570e-05 -1.05820616e-05]","[ 0.          0.9155727  13.30330753 -0.76138788 -0.25505313 -0.07491004
 -0.84995508 -0.14237054]"
1747093073.3887575,"[ 0.          0.50863664  0.97613995 -2.61604524 -2.19017542  1.14499282
  1.08013846  1.52770984]","[ 0.00000000e+00  3.70928568e-05  3.06519855e-01  1.64392656e-04
  8.02189477e-02 -1.85604623e-05  0.00000000e+00 -1.05739739e-05]","[ 0.          0.92703676 13.32839584 -0.75519991 -0.19828351 -0.05058602
 -0.8491739  -0.14328349]"
1747093073.390516,"[ 0.          0.50863664  0.97674103 -2.61604498 -2.1900143   1.14499282
  1.08013846  1.52770984]","[ 0.00000000e+00  4.23922572e-05  3.04129767e-01  1.67044162e-04
  7.79889914e-02 -1.85464284e-05  0.00000000e+00 -1.05820616e-05]","[ 0.          0.92961496 13.41847229 -0.7515561  -0.08219812 -0.05922502
 -0.88591772 -0.14175661]"
1747093073.3928668,"[ 0.          0.5086371   0.97735955 -2.61604444 -2.18986277  1.14499282
  1.08013846  1.52770984]","[ 0.00000000e+00  4.23918346e-05  3.01698867e-01  1.72215106e-04
  7.68997835e-02 -1.85325998e-05  0.00000000e+00 -1.05740785e-05]","[ 0.          0.89379603 13.55884266 -0.77385843  0.04833129 -0.06937413
 -0.87671202 -0.14697818]"
1747093073.3946335,"[ 0.          0.5086371   0.97795057 -2.61604444 -2.18970085  1.14499282
  1.08013846  1.52770984]","[ 0.00000000e+00  4.23918346e-05  2.98997889e-01  1.69695653e-04
  7.99951423e-02 -1.85186086e-05  0.00000000e+00 -1.05820616e-05]","[ 0.          0.86680156 13.732934   -0.73466486  0.07197022 -0.082458
 -0.86250675 -0.1465095 ]"
1747093073.397023,"[ 0.          0.5086371   0.9785631  -2.61604391 -2.18953946  1.14499282
  1.08013846  1.52770984]","[ 0.00000000e+00  4.23918346e-05  2.99166767e-01  1.71379764e-04
  8.21096340e-02 -1.85324169e-05  0.00000000e+00 -1.05819570e-05]","[ 0.          0.86990029 13.88187504 -0.78217769  0.01761678 -0.09633218
 -0.88752437 -0.156106  ]"
1747093073.3987536,"[ 0.          0.5086371   0.97915498 -2.61604338 -2.18936183  1.14499282
  1.08013846  1.52770984]","[ 0.00000000e+00  4.23922572e-05  2.99268000e-01  1.78503297e-04
  8.71853277e-02 -1.85186086e-05  0.00000000e+00 -1.05820616e-05]","[ 0.          0.81846601 13.99662304 -0.81109154 -0.09733692 -0.08761712
 -0.92472202 -0.15328406]"
1747093073.400465,"[ 0.          0.5086371   0.97976851 -2.61604311 -2.18918686  1.14499282
  1.08013846  1.52770984]","[ 0.00000000e+00  4.23918346e-05  2.99668307e-01  1.79532736e-04
  8.91321651e-02 -1.85324169e-05  0.00000000e+00 -1.05819570e-05]","[ 0.          0.78701204 14.10545635 -0.80249566 -0.19391486 -0.06406827
 -0.93376362 -0.14325579]"
1747093073.4022362,"[ 0.          0.50863757  0.98006372 -2.61604311 -2.18909924  1.14499282
  1.08013846  1.52770984]","[ 0.00000000e+00  4.50413255e-05  2.98964799e-01  1.79393207e-04
  8.88620706e-02 -1.85324169e-05  0.00000000e+00 -1.05819570e-05]","[ 0.          0.7707656  14.08081913 -0.80588317 -0.22922489 -0.02884503
 -0.94127136 -0.14159536]"
1747093073.4039893,"[ 0.          0.50863757  0.98065241 -2.61604258 -2.18891548  1.14499282
  1.08013846  1.52770984]","[ 0.00000000e+00  4.24239132e-05  2.98187623e-01  1.83042634e-04
  8.94022679e-02 -1.85325998e-05  0.00000000e+00 -1.05819570e-05]","[ 0.          0.72211766 14.11987019 -0.84826052 -0.27825609  0.0266409
 -0.93157887 -0.1024606 ]"
1747093073.4057448,"[ 0.          0.50863757  0.98126547 -2.61604205 -2.18874158  1.14499282
  1.08013752  1.52770984]","[ 0.00000000e+00  4.50413255e-05  2.99538112e-01  1.84031648e-04
  8.74229150e-02 -1.85325998e-05 -1.05820616e-05 -1.05820616e-05]","[ 0.          0.6584872  14.08250237 -0.86047828 -0.32512063  0.04136119
 -0.93239886 -0.09419724]"
1747093073.407441,"[ 0.          0.5086371   0.98185596 -2.61604205 -2.18856341  1.14499282
  1.08013752  1.52770984]","[ 0.00000000e+00  4.23918346e-05  2.99808189e-01  1.80463445e-04
  8.67658882e-02 -1.85184257e-05  0.00000000e+00 -1.05819570e-05]","[ 0.          0.5784781  14.05762291 -0.8494724  -0.38468367  0.0338623
 -0.94566417 -0.10372937]"
1747093073.4092495,"[ 0.          0.5086371   0.98217554 -2.61604205 -2.18847979  1.14499282
  1.08013752  1.52770984]","[ 0.00000000e+00  3.70928568e-05  3.00639062e-01  1.78456809e-04
  8.48106036e-02 -1.85324169e-05  0.00000000e+00 -1.05819570e-05]","[ 0.          0.56552058 14.13386631 -0.86988592 -0.42080513  0.01704518
 -0.93985271 -0.10983653]"
1747093073.4104543,"[ 0.          0.50863757  0.98276836 -2.61604178 -2.18831228  1.14499282
  1.08013752  1.52770984]","[ 0.00000000e+00  4.23922572e-05  3.00888600e-01  1.79534606e-04
  8.14997534e-02 -1.85324169e-05  0.00000000e+00 -1.05819570e-05]","[ 0.00000000e+00  5.21081388e-01  1.40882177e+01 -8.82471502e-01
 -4.23513770e-01  9.62038804e-03 -9.16161895e-01 -1.26414299e-01]"
1747093073.4127562,"[ 0.          0.50863757  0.98338275 -2.61604125 -2.18815275  1.14499282
  1.08013752  1.52770984]","[ 0.00000000e+00  4.50413255e-05  2.99668307e-01  1.83183579e-04
  8.07591450e-02 -1.85324169e-05  0.00000000e+00 -1.05820616e-05]","[ 0.          0.48358127 13.97301579 -0.89433551 -0.33902723 -0.01892596
 -0.92103195 -0.13446887]"
1747093073.4151363,"[ 0.          0.50863757  0.98397098 -2.61604125 -2.18799589  1.14499282
  1.08013752  1.52770984]","[ 0.00000000e+00  4.23918346e-05  2.98155298e-01  1.78598923e-04
  7.59828405e-02 -1.85324169e-05  0.00000000e+00 -1.05819570e-05]","[ 0.          0.46138427 13.83883667 -0.88706082 -0.20865637 -0.03318785
 -0.90072829 -0.11569066]"
1747093073.416908,"[ 0.          0.5086371   0.98455874 -2.61604072 -2.18785022  1.14499282
  1.08013846  1.52770984]","[ 0.00000000e+00  3.70928568e-05  2.97647434e-01  1.86102929e-04
  7.26562194e-02 -1.05819570e-05  1.05739739e-05 -1.05819570e-05]","[ 0.          0.4014155  13.64448833 -0.9066335  -0.04424011 -0.02725138
 -0.87963724 -0.10596088]"
1747093073.4186325,"[ 0.          0.50863757  0.98516308 -2.61604018 -2.1877144   1.14499282
  1.08013846  1.52770984]","[ 0.00000000e+00  4.23918346e-05  2.93866044e-01  1.82367303e-04
  6.69841731e-02 -1.05819570e-05  1.05818513e-05 -1.05819570e-05]","[ 0.          0.40313846 13.4196701  -0.93321455  0.11644774 -0.03678806
 -0.83414048 -0.10795861]"
1747093073.4210029,"[ 0.          0.5086371   0.98573472 -2.61603992 -2.1875847   1.14499282
  1.08013846  1.52770984]","[ 0.00000000e+00  3.70928568e-05  2.88486592e-01  1.83283187e-04
  6.23925172e-02 -1.05819570e-05  1.05739739e-05 -1.05819570e-05]","[ 0.          0.34677806 13.14640141 -0.95193797  0.31833306 -0.06330159
 -0.81681854 -0.14591959]"
1747093073.4227824,"[ 0.          0.5086371   0.98631562 -2.61603992 -2.1874622   1.14499282
  1.08013846  1.52770984]","[ 0.00000000e+00  3.70928568e-05  2.82792055e-01  1.81389537e-04
  6.23925172e-02 -1.05900569e-05  1.05819570e-05 -1.05739739e-05]","[ 0.          0.33459166 13.03532028 -0.95079577  0.51024604 -0.11482131
 -0.77772069 -0.13251621]"
1747093073.4244897,"[ 0.          0.5086371   0.98686936 -2.61603885 -2.18733543  1.14499282
  1.08013946  1.52770984]","[ 0.00000000e+00  3.70932266e-05  2.79820999e-01  1.94562155e-04
  6.23925172e-02 -1.05820616e-05  1.85046377e-05 -1.05819570e-05]","[ 0.          0.34786153 12.99815083 -0.94583684  0.68045002 -0.13330549
 -0.76420498 -0.14312004]"
1747093073.4269311,"[ 0.          0.5086371   0.98743835 -2.61603832 -2.1872084   1.14499282
  1.08013946  1.52770984]","[ 0.00000000e+00  3.70928568e-05  2.76839224e-01  1.96521263e-04
  6.59037828e-02 -1.05819570e-05  1.85184257e-05 -1.05819570e-05]","[ 0.          0.38199747 12.97336769 -0.94262284  0.77130961 -0.14708503
 -0.76531512 -0.14971875]"
1747093073.4287097,"[ 0.          0.5086371   0.98797604 -2.61603805 -2.18706405  1.14499282
  1.08013946  1.52770984]","[ 0.00000000e+00  3.70928568e-05  2.71447970e-01  1.98079303e-04
  7.18459277e-02 -1.05819570e-05  1.85044548e-05 -1.05819570e-05]","[ 0.          0.3975336  12.92574215 -0.94627589  0.77655965 -0.17349246
 -0.78550941 -0.14664383]"
1747093073.4305148,"[ 0.          0.5086371   0.98851926 -2.61603805 -2.18691705  1.14499282
  1.08013946  1.52770984]","[ 0.00000000e+00  3.71209245e-05  2.63074942e-01  1.95867192e-04
  7.50110197e-02 -1.05820616e-05  1.85184257e-05 -1.05819570e-05]","[ 0.          0.40247115 12.98713303 -0.92341489  0.67089182 -0.15425964
 -0.77631485 -0.14464228]"
1747093073.4322715,"[ 0.          0.5086371   0.98877732 -2.61603805 -2.18684195  1.14499282
  1.08013946  1.52770984]","[ 0.00000000e+00  3.71209245e-05  2.61459269e-01  1.95869419e-04
  7.61674891e-02 -1.05819570e-05  1.85184257e-05 -1.05820616e-05]","[ 0.          0.41919339 13.02284145 -0.92138898  0.58194524 -0.13750343
 -0.78027636 -0.12896693]"
1747093073.4340076,"[ 0.          0.5086371   0.98928798 -2.61603699 -2.18667976  1.14499282
  1.08013946  1.52770984]","[ 0.00000000e+00  3.70928568e-05  2.59023475e-01  2.07401797e-04
  7.91385615e-02 -1.05899522e-05  1.85184257e-05 -1.05739739e-05]","[ 0.          0.45055336 13.19790936 -0.92689192  0.41268486 -0.11589782
 -0.7920723  -0.13508634]"
1747093073.4357302,"[ 0.          0.5086371   0.98981369 -2.61603672 -2.18652583  1.14499282
  1.08013846  1.52770984]","[ 0.00000000e+00  3.18176189e-05  2.56592608e-01  2.05205811e-04
  7.68997835e-02 -1.05820616e-05  1.05819570e-05 -1.05819570e-05]","[ 0.          0.42775479 13.41485119 -0.9003824   0.1655547  -0.0312501
 -0.84862185 -0.12022962]"
1747093073.4375293,"[ 0.          0.50863757  0.9903133  -2.61603619 -2.1863679   1.14499282
  1.08013846  1.52770984]","[ 0.00000000e+00  4.23918346e-05  2.52000952e-01  2.02834990e-04
  7.77880725e-02 -1.05820616e-05  1.05819570e-05 -1.05739739e-05]","[ 0.00000000e+00  4.80694979e-01  1.36714010e+01 -8.76500964e-01
 -5.90002239e-02  8.54691025e-03 -8.66438448e-01 -1.17641248e-01]"
1747093073.440041,"[ 0.          0.5086371   0.99057921 -2.61603566 -2.18629254  1.14499282
  1.08013846  1.52770984]","[ 0.00000000e+00  3.70928568e-05  2.50031495e-01  2.06503939e-04
  7.64375836e-02 -1.05819570e-05  1.05820616e-05 -1.05820616e-05]","[ 0.          0.48555225 13.82122326 -0.88320774 -0.18367235  0.04795469
 -0.87221712 -0.14173843]"
1747093073.4412644,"[ 0.          0.5086371   0.99107097 -2.61603512 -2.1861434   1.14499282
  1.08013846  1.52770984]","[ 0.00000000e+00  3.18179359e-05  2.48759769e-01  2.06885127e-04
  7.50870946e-02 -1.05819570e-05  1.05819570e-05 -1.05819570e-05]","[ 0.          0.54099393 14.07542419 -0.85625261 -0.34682453  0.07586276
 -0.86500376 -0.12463822]"
1747093073.443014,"[ 0.          0.50863757  0.99158116 -2.61603486 -2.18598814  1.14499282
  1.08013846  1.52770984]","[ 0.00000000e+00  4.23914120e-05  2.49514625e-01  2.07441133e-04
  7.58973946e-02 -1.05740785e-05  1.05819570e-05 -1.05820616e-05]","[ 0.          0.57452881 14.34600163 -0.83104843 -0.46800989  0.08058202
 -0.91354871 -0.12150877]"
1747093073.4448156,"[ 0.          0.50863757  0.99207704 -2.61603379 -2.18583527  1.14499282
  1.08013846  1.52770984]","[ 0.00000000e+00  4.24239132e-05  2.52271047e-01  2.11519847e-04
  7.34751581e-02  0.00000000e+00  1.05819570e-05 -1.05820616e-05]","[ 0.          0.60361093 14.49971485 -0.84865284 -0.53865021  0.08673959
 -0.9470039  -0.12702504]"
1747093073.4459932,"[ 0.          0.50863757  0.99259456 -2.61603299 -2.18569625  1.14499282
  1.08013846  1.52770984]","[ 0.00000000e+00  4.23918346e-05  2.52022308e-01  2.15273190e-04
  7.02253442e-02  0.00000000e+00  1.05819570e-05 -1.05899522e-05]","[ 0.          0.64077425 14.62792587 -0.84810346 -0.50397021  0.08159841
 -0.93926823 -0.12681463]"
1747093073.4477866,"[ 0.          0.50863757  0.99284163 -2.61603299 -2.18562808  1.14499282
  1.08013846  1.52770984]","[ 0.00000000e+00  4.24234905e-05  2.50650463e-01  2.15267826e-04
  6.90748961e-02  0.00000000e+00  1.05819570e-05 -1.05819570e-05]","[ 0.          0.65976632 14.64839935 -0.84359413 -0.42683098  0.07496223
 -0.93311441 -0.12710874]"
1747093073.449541,"[ 0.          0.50863757  0.99333665 -2.61603193 -2.18549092  1.14499282
  1.08013846  1.52770984]","[ 0.00000000e+00  3.70928568e-05  2.51190652e-01  2.14795418e-04
  6.61405960e-02  0.00000000e+00  1.05740785e-05 -1.05900569e-05]","[ 0.          0.65892172 14.71709824 -0.8037526  -0.2487935   0.08064296
 -0.93121815 -0.11681599]"
1747093073.4519465,"[ 0.          0.50863757  0.99384491 -2.61603113 -2.18536469  1.14499282
  1.08013846  1.52770984]","[ 0.00000000e+00  4.24239132e-05  2.47930843e-01  2.22104140e-04
  6.32028089e-02  0.00000000e+00  1.05819570e-05 -1.05819570e-05]","[ 0.00000000e+00  7.13750005e-01  1.47146368e+01 -7.94941783e-01
 -6.25628838e-03  3.34182195e-02 -9.26279128e-01 -1.33400425e-01]"
1747093073.4531655,"[ 0.          0.50863757  0.99433627 -2.61603006 -2.1852342   1.14499282
  1.08013846  1.52770984]","[ 0.00000000e+00  3.70928568e-05  2.50110258e-01  2.37296171e-04
  6.39459557e-02  0.00000000e+00  1.05820616e-05 -1.05899522e-05]","[ 0.00000000e+00  7.11025476e-01  1.46652546e+01 -7.84060597e-01
  1.89942881e-01 -2.75923358e-03 -9.20002580e-01 -1.51135549e-01]"
1747093073.4549587,"[ 0.          0.50863757  0.99458241 -2.6160298  -2.18517214  1.14499282
  1.08013846  1.52770984]","[0.00000000e+00 3.70372172e-05 2.49570069e-01 2.35973546e-04
 6.29327103e-02 0.00000000e+00 1.05819570e-05 0.00000000e+00]","[ 0.          0.72582245 14.54548836 -0.76570773  0.28150436 -0.04809838
 -0.89837891 -0.13634573]"
1747093073.4567342,"[ 0.          0.50863757  0.99509027 -2.61602847 -2.18504325  1.14499282
  1.08013846  1.52770984]","[0.00000000e+00 3.70648338e-05 2.47428438e-01 2.49691150e-04
 6.26921145e-02 0.00000000e+00 1.05820616e-05 0.00000000e+00]","[ 0.          0.71801019 14.41346455 -0.77931362  0.49190667 -0.08803626
 -0.89042467 -0.17211035]"
1747093073.457923,"[ 0.          0.508638    0.99533502 -2.61602793 -2.1849804   1.14499282
  1.08013846  1.52770984]","[0.00000000e+00 4.23278279e-05 2.48219580e-01 2.48839895e-04
 6.37430062e-02 0.00000000e+00 1.05819570e-05 0.00000000e+00]","[ 0.          0.71747035 14.42693138 -0.77624691  0.55671912 -0.10850187
 -0.89831638 -0.16849637]"
1747093073.4596832,"[ 0.          0.508638    0.99584149 -2.6160266  -2.1848499   1.14499282
  1.08013846  1.52770984]","[0.00000000e+00 4.23598089e-05 2.46328902e-01 2.64578585e-04
 6.69163041e-02 0.00000000e+00 1.05819570e-05 0.00000000e+00]","[ 0.          0.74509883 14.23969555 -0.77012402  0.68643874 -0.13731304
 -0.87881613 -0.14023633]"
1747093073.4614825,"[ 0.          0.508638    0.99632598 -2.61602554 -2.18471062  1.14499282
  1.08013846  1.52770984]","[0.00000000e+00 4.23282464e-05 2.44978413e-01 2.76719960e-04
 6.79956001e-02 0.00000000e+00 1.05819570e-05 0.00000000e+00]","[ 0.          0.74308109 14.02861309 -0.76734859  0.68840516 -0.12626882
 -0.85769963 -0.14509954]"
1747093073.4626029,"[ 0.          0.508638    0.996567   -2.61602474 -2.18464244  1.14499282
  1.08013846  1.52770984]","[0.00000000e+00 4.23282464e-05 2.44190550e-01 2.93595305e-04
 6.91449538e-02 0.00000000e+00 1.05820616e-05 0.00000000e+00]","[ 0.          0.71921784 13.84721088 -0.77689642  0.68855745 -0.12002068
 -0.85865158 -0.1568553 ]"
1747093073.4650292,"[ 0.          0.508638    0.99706434 -2.61602367 -2.18450076  1.14499282
  1.08013846  1.52770984]","[0.00000000e+00 3.70648338e-05 2.41492318e-01 3.26014577e-04
 7.26562194e-02 0.00000000e+00 1.05819570e-05 0.00000000e+00]","[ 0.          0.71976662 13.66943455 -0.74671161  0.54751199 -0.11607121
 -0.84737098 -0.15143695]"
1747093073.4667854,"[ 0.          0.508638    0.99753772 -2.61602234 -2.18435109  1.14499282
  1.08013846  1.52770984]","[0.00000000e+00 3.70372172e-05 2.39846551e-01 3.60710508e-04
 7.31222559e-02 0.00000000e+00 1.05820616e-05 0.00000000e+00]","[ 0.          0.69980621 13.47337914 -0.77311307  0.39778897 -0.06232905
 -0.84312797 -0.1550445 ]"
1747093073.4685776,"[ 0.          0.50863847  0.99802222 -2.61602101 -2.18420249  1.14499282
  1.08013846  1.52770984]","[0.00000000e+00 4.23278279e-05 2.35016543e-01 4.05074767e-04
 7.21533730e-02 0.00000000e+00 1.05820616e-05 0.00000000e+00]","[ 0.          0.72410899 13.46062851 -0.75716567  0.23137788 -0.04628699
 -0.8566708  -0.13457921]"
1747093073.4707844,"[ 0.          0.50863847  0.99848094 -2.61601968 -2.18405868  1.14499282
  1.08013846  1.52770984]","[0.00000000e+00 4.23598089e-05 2.31473540e-01 4.34098216e-04
 7.26562194e-02 0.00000000e+00 1.05819570e-05 0.00000000e+00]","[ 0.          0.77235776 13.39303875 -0.78743303  0.11438784 -0.01610292
 -0.86908239 -0.13253471]"
1747093073.4724793,"[ 0.          0.50863847  0.9989484  -2.61601835 -2.18391274  1.14499282
  1.08013846  1.52770984]","[0.00000000e+00 4.23598089e-05 2.27446990e-01 5.05705260e-04
 7.00303425e-02 0.00000000e+00 1.05819570e-05 0.00000000e+00]","[ 0.          0.72121817 13.42078495 -0.75307345 -0.04480006  0.02283378
 -0.86955935 -0.12349381]"
1747093073.474175,"[ 0.          0.50863847  0.99916924 -2.61601728 -2.18384323  1.14499282
  1.08013846  1.52770984]","[0.00000000e+00 4.23602275e-05 2.23910811e-01 5.35909805e-04
 7.04954387e-02 0.00000000e+00 1.05899522e-05 0.00000000e+00]","[ 0.          0.74574482 13.46617222 -0.76485294 -0.09849562  0.01846507
 -0.8736456  -0.12897286]"
1747093073.4752927,"[ 0.          0.50863847  0.99962704 -2.61601648 -2.18370421  1.14499282
  1.08013846  1.52770984]","[0.00000000e+00 3.70372172e-05 2.22973978e-01 5.69969333e-04
 7.13057304e-02 0.00000000e+00 1.05820616e-05 0.00000000e+00]","[ 0.          0.74673766 13.47329712 -0.77233124 -0.22584154  0.03002274
 -0.87603563 -0.13325965]"
1747093073.4769535,"[ 0.          0.50863847  0.99984748 -2.61601542 -2.18362937  1.14499282
  1.08013846  1.52770984]","[0.00000000e+00 3.70648338e-05 2.23640717e-01 5.99791146e-04
 7.04659358e-02 0.00000000e+00 1.05819570e-05 0.00000000e+00]","[ 0.          0.72682357 13.46866989 -0.78009981 -0.3009921   0.03193453
 -0.86213386 -0.13229509]"
1747093073.4786768,"[ 0.          0.50863847  1.00028783 -2.61601355 -2.18349702  1.14499282
  1.08013846  1.52770984]","[0.00000000e+00 3.17458709e-05 2.22560322e-01 6.64959075e-04
 6.67140745e-02 0.00000000e+00 1.05819570e-05 0.00000000e+00]","[ 0.          0.7171101  13.4702692  -0.75352639 -0.3516849   0.04822113
 -0.86025971 -0.13505523]"
1747093073.4803712,"[ 0.          0.50863847  1.00052386 -2.61601275 -2.18343044  1.14499282
  1.08013846  1.52770984]","[0.00000000e+00 3.17458709e-05 2.22180855e-01 6.79791959e-04
 6.75243704e-02 0.00000000e+00 1.05820616e-05 0.00000000e+00]","[ 0.          0.73306847 13.4775238  -0.76394773 -0.34496981  0.0641914
 -0.86131412 -0.11535311]"
1747093073.4814491,"[ 0.          0.50863847  1.00095962 -2.61601036 -2.18329861  1.14499282
  1.08013846  1.52770891]","[ 0.00000000e+00  2.64751417e-05  2.20176227e-01  7.62156913e-04
  6.36951900e-02  0.00000000e+00  1.05900569e-05 -1.05899522e-05]","[ 0.          0.74797696 13.45504951 -0.78144902 -0.33751363  0.0714528
 -0.86892575 -0.09868389]"
1747093073.4831698,"[ 0.          0.50863847  1.00138759 -2.61600769 -2.18318196  1.14499282
  1.08013846  1.52770891]","[ 0.00000000e+00  2.64548924e-05  2.14997594e-01  8.49109122e-04
  5.75307627e-02  0.00000000e+00  1.05819570e-05 -1.05819570e-05]","[ 0.          0.7648769  13.46816349 -0.7682845  -0.19759916  0.06929941
 -0.86621964 -0.10785291]"
1747093073.4849126,"[ 0.          0.50863847  1.00161216 -2.61600583 -2.18312337  1.14499282
  1.08013846  1.52770891]","[ 0.00000000e+00  2.64548924e-05  2.11397816e-01  9.14083036e-04
  5.51690631e-02  0.00000000e+00  1.06059783e-05 -1.05819570e-05]","[ 0.          0.77540523 13.46562481 -0.777583   -0.11438856  0.07771186
 -0.85978109 -0.10903609]"
1747093073.48658,"[ 0.          0.50863893  1.00202681 -2.61600263 -2.18301552  1.14499282
  1.08013846  1.52770891]","[ 0.00000000e+00  2.64748795e-05  2.10676033e-01  1.07656050e-03
  5.47742328e-02  0.00000000e+00  0.00000000e+00 -1.06059783e-05]","[ 0.          0.77071089 13.55411625 -0.77060086  0.06725615  0.03180508
 -0.84775829 -0.09712242]"
1747093073.4883294,"[ 0.          0.50863893  1.00223294 -2.6160013  -2.18296225  1.14499282
  1.08013846  1.52770891]","[ 0.00000000e+00  2.64551545e-05  2.09055449e-01  1.13718747e-03
  5.40194971e-02  0.00000000e+00  0.00000000e+00 -1.05978530e-05]","[ 0.00000000e+00  7.93421686e-01  1.36073799e+01 -7.47255743e-01
  1.73750058e-01 -4.41671396e-03 -8.28426182e-01 -1.27897397e-01]"
1747093073.4893954,"[ 0.          0.50863893  1.00268894 -2.61599757 -2.18285067  1.14499282
  1.08013846  1.52770891]","[ 0.00000000e+00  2.38273920e-05  2.06874720e-01  1.35958392e-03
  5.40194971e-02  0.00000000e+00  0.00000000e+00 -1.06059783e-05]","[ 0.          0.79925185 13.78024292 -0.7855714   0.35985133 -0.05555424
 -0.84089965 -0.14076802]"
1747093073.4911206,"[ 0.          0.50863893  1.00289234 -2.61599571 -2.18279634  1.14499282
  1.08013846  1.52770891]","[ 0.00000000e+00  2.38273920e-05  2.06145396e-01  1.47928859e-03
  5.50998833e-02  0.00000000e+00  0.00000000e+00 -1.05979587e-05]","[ 0.          0.78635627 13.82042217 -0.77294731  0.42551729 -0.0977105
 -0.84239763 -0.12986359]"
1747093073.4928136,"[ 0.          0.5086394   1.00331025 -2.61599118 -2.18267916  1.14499282
  1.08013846  1.52770891]","[ 0.00000000e+00  2.64548924e-05  2.03113304e-01  1.76857758e-03
  5.79275154e-02  0.00000000e+00  0.00000000e+00 -1.05979587e-05]","[ 0.          0.79220557 13.88365269 -0.78487819  0.51000738 -0.09433
 -0.84769326 -0.15089056]"
1747093073.4939694,"[ 0.          0.5086394   1.00350999 -2.61598932 -2.18262057  1.14499282
  1.08013846  1.52770891]","[ 0.00000000e+00  2.38276277e-05  2.02573099e-01  1.82913472e-03
  5.94214448e-02  0.00000000e+00  0.00000000e+00 -1.06059783e-05]","[ 0.          0.77755868 13.96163559 -0.78583884  0.53164154 -0.09321701
 -0.8498503  -0.15698355]"
1747093073.4956737,"[ 0.          0.5086394   1.00391406 -2.61598426 -2.18250206  1.14499282
  1.08013846  1.52770891]","[ 0.00000000e+00  2.38273920e-05  1.95850165e-01  2.11966557e-03
  5.99616379e-02  0.00000000e+00  0.00000000e+00 -1.05978530e-05]","[ 0.          0.75880402 14.01399803 -0.7979666   0.52505267 -0.08488479
 -0.8681106  -0.14693736]"
1747093073.4973137,"[ 0.          0.5086394   1.00429935 -2.6159792  -2.18238275  1.14499282
  1.08013846  1.52770891]","[ 0.00000000e+00  2.38273920e-05  1.95010370e-01  2.34041067e-03
  5.80709558e-02  0.00000000e+00  0.00000000e+00 -1.05979587e-05]","[ 0.          0.74513167 14.10806179 -0.80780309  0.52924699 -0.04591534
 -0.86669087 -0.12522724]"
1747093073.4990146,"[ 0.          0.5086394   1.00449083 -2.615976   -2.18232522  1.14499282
  1.08013846  1.52770891]","[ 0.00000000e+00  2.38273920e-05  1.94200087e-01  2.52915363e-03
  5.82819447e-02  0.00000000e+00  0.00000000e+00 -1.05979587e-05]","[ 0.00000000e+00  7.31192410e-01  1.41716499e+01 -8.06877255e-01
  4.74871725e-01 -1.03391353e-02 -8.66690874e-01 -1.44316003e-01]"
1747093073.5007484,"[ 0.          0.50863987  1.00489304 -2.61596961 -2.18220592  1.14499375
  1.08013846  1.52770891]","[ 0.00000000e+00  2.64948971e-05  1.96630970e-01  2.85182005e-03
  5.79275154e-02  1.05979587e-05  0.00000000e+00 -1.05979587e-05]","[ 0.          0.72218359 14.31274986 -0.8120597   0.32205141  0.02193685
 -0.87964094 -0.12163979]"
1747093073.5024717,"[ 0.          0.50863987  1.00508732 -2.61596535 -2.18215026  1.14499375
  1.08013846  1.52770891]","[ 0.00000000e+00  2.64748795e-05  1.97171159e-01  3.15508830e-03
  5.64503723e-02  1.05979587e-05  0.00000000e+00 -1.05979587e-05]","[ 0.          0.73827261 14.37799931 -0.82539791  0.28125641  0.01886865
 -0.88998437 -0.13295628]"
1747093073.5036728,"[ 0.          0.50863987  1.00528246 -2.61595576 -2.18204479  1.14499375
  1.08013846  1.52770891]","[ 0.00000000e+00  2.38273920e-05  1.97780857e-01  4.37126684e-03
  5.28854690e-02  1.06059783e-05  0.00000000e+00 -1.05979587e-05]","[ 0.          0.71072245 14.38815594 -0.84912479  0.13473682  0.03501199
 -0.91700166 -0.11826785]"
1747093073.505896,"[ 0.          0.50863987  1.00568839 -2.61594191 -2.18193827  1.14499375
  1.08013846  1.52770891]","[ 0.00000000e+00  2.38276277e-05  1.98107077e-01  6.40562647e-03
  5.16097067e-02  1.05979587e-05  1.06059783e-05 -1.05979587e-05]","[ 0.          0.72407448 14.42851257 -0.84521461  0.06715421  0.05589753
 -0.92740464 -0.11009745]"
1747093073.5075731,"[ 0.          0.50863987  1.00607315 -2.6159222  -2.18183254  1.14499375
  1.08013846  1.52770891]","[ 0.00000000e+00  2.64751417e-05  1.94200087e-01  9.99867707e-03
  5.40194971e-02  1.06059783e-05  1.05979587e-05 -1.05979587e-05]","[ 0.00000000e+00  6.83501661e-01  1.43705826e+01 -8.62993360e-01
 -9.69793461e-03  8.01644847e-02 -9.13919508e-01 -1.04191050e-01]"
1747093073.5086517,"[ 0.          0.5086403   1.00627748 -2.61590889 -2.18177981  1.14499375
  1.08013846  1.52770891]","[ 0.00000000e+00  3.17698567e-05  1.92339403e-01  1.34911902e-02
  5.34792999e-02  1.05979587e-05  1.06059783e-05 -1.05979587e-05]","[ 0.          0.67504567 14.37316322 -0.86894798 -0.05268361  0.08177488
 -0.91649193 -0.11050588]"
1747093073.5103679,"[ 0.          0.5086403   1.00665359 -2.61587347 -2.18167169  1.14499375
  1.08013846  1.52770891]","[ 0.00000000e+00  2.64748795e-05  1.89068225e-01  1.86367264e-02
  5.26690081e-02  1.05979587e-05  1.06059783e-05 -1.06059783e-05]","[ 0.          0.64134836 14.27580357 -0.9093194  -0.0574235   0.10280634
 -0.89506471 -0.10705508]"
1747093073.5120728,"[ 0.          0.50863987  1.00683954 -2.61585243 -2.18161895  1.14499375
  1.08013846  1.52770891]","[ 0.00000000e+00  2.38273920e-05  1.88528036e-01  2.13377002e-02
  5.34251129e-02  1.06059783e-05  1.05979587e-05 -1.05980643e-05]","[ 0.          0.62634432 14.22090435 -0.93285233 -0.04569702  0.10995981
 -0.88406754 -0.10999616]"
1747093073.5137668,"[ 0.          0.50863987  1.00722663 -2.6157973  -2.18150231  1.14499375
  1.08013846  1.52770891]","[ 0.00000000e+00  2.38273920e-05  1.90148620e-01  2.85876049e-02
  5.79275154e-02  1.05979587e-05  1.06058726e-05 -1.06060839e-05]","[ 0.          0.58926195 14.12666702 -0.94372559 -0.09277144  0.11909553
 -0.87353629 -0.10833818]"
1747093073.515478,"[ 0.          0.50863987  1.00760227 -2.61573072 -2.18138753  1.14499375
  1.08013846  1.52770891]","[ 0.00000000e+00  2.38273920e-05  1.90765441e-01  3.53827707e-02
  5.78008613e-02  1.06059783e-05  0.00000000e+00 -1.05979587e-05]","[ 0.          0.56360334 13.97859192 -0.98896223 -0.10515205  0.13137954
 -0.85878128 -0.10052568]"
1747093073.5166333,"[ 0.          0.50863987  1.0078048  -2.61569211 -2.18133107  1.14499375
  1.08013846  1.52770891]","[ 0.00000000e+00  2.64748795e-05  1.90763660e-01  3.91641349e-02
  5.72606640e-02  1.05979587e-05  0.00000000e+00 -1.05979587e-05]","[ 0.          0.54659837 13.91227245 -1.02034163 -0.11069144  0.12305574
 -0.848813   -0.09902553]"
1747093073.5183442,"[ 0.          0.50863987  1.00817858 -2.61560263 -2.18121442  1.14499375
  1.08013846  1.52770891]","[ 0.00000000e+00  2.64748795e-05  1.88528036e-01  4.51062798e-02
  5.72606640e-02  1.06059783e-05  0.00000000e+00 -1.05980643e-05]","[ 0.          0.46180961 13.75142765 -1.07889676 -0.05405767  0.11469168
 -0.82969928 -0.09659948]"
1747093073.5194712,"[ 0.          0.50863987  1.0083622  -2.61555496 -2.18115743  1.14499375
  1.08013846  1.52770891]","[ 0.00000000e+00  2.38276277e-05  1.86367264e-01  4.83474467e-02
  5.78008613e-02  1.06059783e-05  0.00000000e+00 -1.05979587e-05]","[ 0.00000000e+00  4.28303748e-01  1.36975756e+01 -1.11377370e+00
 -9.84647498e-03  1.29470214e-01 -8.15569520e-01 -9.43592489e-02]"
1747093073.5211608,"[ 0.          0.50863987  1.00874337 -2.61544976 -2.18103812  1.14499469
  1.08013946  1.52770891]","[ 0.00000000e+00  2.64748795e-05  1.86178429e-01  5.53699820e-02
  5.79275154e-02  1.85464284e-05  1.06059783e-05 -1.05979587e-05]","[ 0.          0.38294497 13.58352566 -1.21310937  0.04507603  0.15161537
 -0.80626744 -0.08645956]"
1747093073.5228488,"[ 0.          0.50863987  1.0089252  -2.61538638 -2.18098166  1.14499469
  1.08013946  1.52770891]","[ 0.00000000e+00  2.64748795e-05  1.84663873e-01  5.96828923e-02
  5.72606640e-02  1.85464284e-05  1.06059783e-05 -1.05979587e-05]","[ 0.          0.33984774 13.51277924 -1.26421976  0.08096348  0.14252521
 -0.78763646 -0.08221795]"
1747093073.5245416,"[ 0.          0.5086394   1.00930037 -2.61525881 -2.18086874  1.14499469
  1.08013946  1.52770891]","[ 0.00000000e+00  2.38273920e-05  1.82559443e-01  6.61738814e-02
  5.78008613e-02  1.85462435e-05  0.00000000e+00 -1.05979587e-05]","[ 0.          0.25270331 13.39493179 -1.34230971  0.13489205  0.13703272
 -0.78125656 -0.08630806]"
1747093073.5262852,"[ 0.          0.5086394   1.00965763 -2.61512006 -2.18074943  1.14499469
  1.08013946  1.52770891]","[ 0.00000000e+00  2.38273920e-05  1.80512138e-01  6.82090192e-02
  5.88812517e-02  1.85604623e-05  0.00000000e+00 -1.05979587e-05]","[ 0.          0.14668515 13.24571228 -1.4351536   0.18259931  0.12346601
 -0.7500248  -0.07365754]"
1747093073.5279703,"[ 0.          0.5086394   1.00983713 -2.61505162 -2.18069058  1.14499469
  1.08013946  1.52770891]","[ 0.00000000e+00  2.38273920e-05  1.82230526e-01  6.94150525e-02
  5.96915434e-02  1.85604623e-05  0.00000000e+00 -1.05979587e-05]","[ 0.          0.11350793 13.21506119 -1.46015608  0.1979146   0.12669834
 -0.73988438 -0.07705544]"
1747093073.5296502,"[ 0.          0.50863893  1.01020864 -2.6149134  -2.18055822  1.14499469
  1.08014039  1.52770891]","[ 0.00000000e+00  1.85324169e-05  1.80804054e-01  6.99552497e-02
  6.01571389e-02  1.85462435e-05  1.06059783e-05 -1.06059783e-05]","[ 0.          0.01409068 13.08601475 -1.53988647  0.22358136  0.12897195
 -0.73625356 -0.0705289 ]"
1747093073.531917,"[ 0.          0.50863847  1.01055805 -2.61477518 -2.18044636  1.14499469
  1.08014039  1.52770891]","[ 0.00000000e+00  1.32375708e-05  1.76643747e-01  6.67140745e-02
  6.25125217e-02  1.85606472e-05  1.05979587e-05 -1.05979587e-05]","[ 0.         -0.08469684 12.98378754 -1.58453739  0.27713826  0.13100922
 -0.71146119 -0.08112945]"
1747093073.533078,"[ 0.          0.50863847  1.01074314 -2.61470967 -2.18038192  1.14499469
  1.08014039  1.52770891]","[ 0.00000000e+00  1.32374398e-05  1.74284086e-01  6.63766561e-02
  6.53635897e-02  1.85466133e-05  1.05978530e-05 -1.05979587e-05]","[ 0.         -0.10769038 12.93564034 -1.61569214  0.26490811  0.14513339
 -0.71952391 -0.09276722]"
1747093073.53477,"[ 0.          0.50863847  1.01108336 -2.61457092 -2.18023544  1.14499469
  1.08014039  1.52770891]","[ 0.00000000e+00  1.32374398e-05  1.70971696e-01  6.82090192e-02
  6.66887120e-02  1.85464284e-05  1.06059783e-05 -1.06059783e-05]","[ 0.         -0.15275595 12.90060425 -1.66994739  0.20896991  0.16363585
 -0.71189755 -0.09819973]"
1747093073.5364335,"[ 0.          0.50863847  1.01142777 -2.61443723 -2.18010495  1.14499469
  1.08014039  1.52770891]","[ 0.00000000e+00  1.32375708e-05  1.67011792e-01  6.80645635e-02
  6.62862418e-02  1.85464284e-05  1.85464284e-05 -1.05979587e-05]","[ 0.         -0.20011903 12.87432861 -1.65336549  0.12813166  0.1762975
 -0.70827788 -0.07874338]"
1747093073.5381293,"[ 0.          0.508638    1.01159082 -2.61436878 -2.1800389   1.14499469
  1.08014039  1.52770891]","[ 0.00000000e+00  5.29497611e-06  1.65299662e-01  6.94150525e-02
  6.69163041e-02  1.85462435e-05  1.85606472e-05 -1.06058726e-05]","[ 0.         -0.17768602 12.93749428 -1.66481209  0.09764961  0.17864254
 -0.70834458 -0.07142582]"
1747093073.539817,"[ 0.          0.508638    1.01190993 -2.61422151 -2.17990335  1.14499575
  1.08014039  1.52770891]","[ 0.00000000e+00  7.94246417e-06  1.60707990e-01  7.24720868e-02
  6.53635897e-02  2.91664395e-05  1.85604623e-05 -1.05979587e-05]","[ 0.00000000e+00 -1.94577813e-01  1.29750319e+01 -1.66208732e+00
 -4.09267470e-03  1.98834747e-01 -7.28820980e-01 -5.16892411e-02]"
1747093073.541578,"[ 0.          0.508638    1.01223551 -2.6140785  -2.17978404  1.14499575
  1.08014039  1.52770891]","[ 0.00000000e+00  7.94246417e-06  1.58086041e-01  7.23861249e-02
  5.91513461e-02  2.91443860e-05  1.85604623e-05 -1.05979587e-05]","[ 0.         -0.2231276  13.09100914 -1.61481607 -0.03946595  0.22200628
 -0.74368018 -0.05416756]"
1747093073.5426261,"[ 0.          0.508638    1.01239163 -2.61400872 -2.17972252  1.14499575
  1.08014039  1.52770891]","[ 0.00000000e+00  5.29497611e-06  1.58277123e-01  7.07655415e-02
  5.78730205e-02  2.91664395e-05  1.85604623e-05 -1.06059783e-05]","[ 0.         -0.25204974 13.1301384  -1.60412514 -0.03363919  0.24152613
 -0.75760704 -0.06995057]"
1747093073.5443704,"[ 0.          0.50863757  1.0126993  -2.61386518 -2.17961226  1.14499575
  1.08014039  1.52770891]","[ 0.00000000e+00  0.00000000e+00  1.55576145e-01  6.98985826e-02
  5.56400806e-02  2.91667301e-05  1.85464284e-05 -1.05978530e-05]","[ 0.         -0.29017222 13.18687153 -1.5773561  -0.03603402  0.25788727
 -0.7848627  -0.06278411]"
1747093073.546015,"[ 0.          0.50863757  1.01286321 -2.61379754 -2.179559    1.14499575
  1.08014039  1.52770891]","[ 0.00000000e+00  0.00000000e+00  1.54473363e-01  6.86047607e-02
  5.40194971e-02  2.91443860e-05  1.85602774e-05 -1.05979587e-05]","[ 0.         -0.30670604 13.2081461  -1.56559634 -0.03640537  0.25777718
 -0.78298914 -0.0663483 ]"
1747093073.5477607,"[ 0.          0.50863757  1.01316808 -2.61366864 -2.17945167  1.14499575
  1.08014039  1.52770891]","[ 0.00000000e+00  0.00000000e+00  1.55418519e-01  6.45532979e-02
  5.15886178e-02  2.91664395e-05  1.85604623e-05 -1.06059783e-05]","[ 0.00000000e+00 -2.98331797e-01  1.32644224e+01 -1.49406791e+00
 -1.11815520e-02  2.53161758e-01 -7.95462847e-01 -5.44507504e-02]"
1747093073.548897,"[ 0.          0.5086371   1.01332101 -2.61359913 -2.17940027  1.14499575
  1.08014039  1.52770891]","[ 0.00000000e+00 -5.29502843e-06  1.55035956e-01  6.54505668e-02
  5.21288109e-02  2.91443860e-05  1.85464284e-05 -1.05979587e-05]","[ 0.00000000e+00 -3.07647735e-01  1.32760162e+01 -1.45400453e+00
  5.42327855e-03  2.50969291e-01 -8.02216470e-01 -5.37949502e-02]"
1747093073.5505838,"[ 0.          0.5086371   1.0136342  -2.61346917 -2.17929401  1.14499575
  1.08014039  1.52770891]","[ 0.00000000e+00 -5.29497611e-06  1.52875167e-01  6.66464801e-02
  5.45596902e-02  2.91661490e-05  1.85604623e-05 -1.05978530e-05]","[ 0.         -0.2908195  13.31009579 -1.39987338  0.07607982  0.24702981
 -0.80808496 -0.05383233]"
1747093073.552254,"[ 0.          0.5086371   1.01393267 -2.61333068 -2.17923356  1.14499668
  1.08014039  1.52770891]","[ 0.00000000e+00 -5.29497611e-06  1.51254584e-01  6.81448536e-02
  5.69244400e-02  3.71209245e-05  1.85606472e-05 -1.05979587e-05]","[ 0.         -0.24270567 13.33314323 -1.33129954  0.0985073   0.22328246
 -0.80096835 -0.0514178 ]"
1747093073.553995,"[ 0.          0.5086371   1.01409246 -2.61326277 -2.1791771   1.14499668
  1.08014039  1.52770891]","[ 0.00000000e+00 -5.29497611e-06  1.50461078e-01  6.88748552e-02
  5.72606640e-02  3.70928568e-05  1.85604623e-05 -1.05979587e-05]","[ 0.         -0.23397599 13.3544302  -1.28911412  0.10935934  0.20864075
 -0.80447638 -0.05807827]"
1747093073.5556757,"[ 0.          0.5086371   1.01438588 -2.61311204 -2.17905912  1.14499668
  1.08014039  1.52770891]","[ 0.00000000e+00 -5.30298914e-06  1.48013417e-01  7.52305391e-02
  5.74259756e-02  3.71209245e-05  1.85602774e-05 -1.06060839e-05]","[ 0.         -0.18807735 13.41400814 -1.23012662  0.14118624  0.2070013
 -0.81913006 -0.06103656]"
1747093073.557346,"[ 0.          0.5086371   1.01453009 -2.61303401 -2.17900213  1.14499668
  1.08014039  1.52770891]","[ 0.00000000e+00 -5.30298914e-06  1.46392833e-01  7.90583754e-02
  5.78008613e-02  3.70932266e-05  1.85464284e-05 -1.05978530e-05]","[ 0.         -0.17452759 13.40096664 -1.22306561  0.17770313  0.22379074
 -0.81982738 -0.05750341]"
1747093073.5590124,"[ 0.          0.50863664  1.0148207  -2.61287289 -2.17888602  1.14499668
  1.08014039  1.52770984]","[ 0.00000000e+00 -1.32574726e-05  1.40180594e-01  8.29199257e-02
  5.94214448e-02  3.70928568e-05  1.85604623e-05  0.00000000e+00]","[ 0.         -0.16056469 13.40383053 -1.21069539  0.22658251  0.22500564
 -0.83059371 -0.03860569]"
1747093073.5607543,"[ 0.          0.50863664  1.01509394 -2.61269099 -2.17876698  1.14499668
  1.08014039  1.52770984]","[ 0.00000000e+00 -1.32574726e-05  1.37749710e-01  9.02125596e-02
  5.67204709e-02  3.70928568e-05  1.85604623e-05  0.00000000e+00]","[ 0.         -0.18438917 13.41105938 -1.1948787   0.24848354  0.22709899
 -0.83968806 -0.03319073]"
1747093073.5623994,"[ 0.          0.50863617  1.01537637 -2.6125083  -2.17865912  1.14499668
  1.08014039  1.52770984]","[ 0.00000000e+00 -1.85602774e-05  1.37749710e-01  9.33590428e-02
  5.39647609e-02  3.71209245e-05  1.85604623e-05  0.00000000e+00]","[ 0.         -0.17582606 13.46189022 -1.18279934  0.26082659  0.24173707
 -0.83314627 -0.02865346]"
1747093073.5641284,"[ 0.          0.50863617  1.01564315 -2.61231016 -2.17854806  1.14499668
  1.08014039  1.52770984]","[ 0.00000000e+00 -1.85604623e-05  1.34508543e-01  9.77076936e-02
  5.42895916e-02  3.70372172e-05  1.85186086e-05  0.00000000e+00]","[ 0.         -0.17676792 13.46817875 -1.19754672  0.30565616  0.25252712
 -0.83053726 -0.02185942]"
1747093073.5658147,"[ 0.          0.50863617  1.01578503 -2.61221242 -2.1784932   1.14499668
  1.08014039  1.52770984]","[ 0.00000000e+00 -1.85464284e-05  1.33533852e-01  9.91257769e-02
  5.56400806e-02  3.70372172e-05  1.85186086e-05  0.00000000e+00]","[ 0.         -0.19329277 13.48988438 -1.19542253  0.34517425  0.25670236
 -0.83287233 -0.02758736]"
1747093073.5691793,"[ 0.          0.50863617  1.01604449 -2.61201561 -2.17838348  1.14499761
  1.08014039  1.52770984]","[ 0.00000000e+00 -1.85604623e-05  1.30727179e-01  1.01016455e-01
  5.53699820e-02  4.76192757e-05  1.85324169e-05  0.00000000e+00]","[ 0.         -0.19473241 13.47351933 -1.19921052  0.3483305   0.25187498
 -0.8158434  -0.01687227]"
1747093073.5697277,"[ 0.          0.50863571  1.01630848 -2.61180709 -2.17826737  1.14499761
  1.08014039  1.52770984]","[ 0.00000000e+00 -2.64948971e-05  1.27390380e-01  1.01930127e-01
  5.77422967e-02  4.76192757e-05  1.85186086e-05  0.00000000e+00]","[ 0.         -0.18116798 13.41869926 -1.23209298  0.35000283  0.26022655
 -0.80157089 -0.02482972]"
1747093073.5720139,"[ 0.          0.50863617  1.01655782 -2.61160762 -2.17814939  1.14499761
  1.08014039  1.52770984]","[ 0.00000000e+00 -2.38634509e-05  1.26007717e-01  1.01286549e-01
  6.04405325e-02  4.76552554e-05  1.85184257e-05  0.00000000e+00]","[ 0.         -0.17005159 13.37581825 -1.28885043  0.35060534  0.27019736
 -0.77264798 -0.02534859]"
1747093073.57371,"[ 0.          0.50863571  1.01680902 -2.61141081 -2.17802342  1.14499761
  1.08014039  1.52770984]","[ 0.00000000e+00 -2.64948971e-05  1.21371935e-01  9.45397053e-02
  6.07719338e-02  4.76188043e-05  1.85184257e-05  0.00000000e+00]","[ 0.00000000e+00 -1.32114932e-01  1.33306704e+01 -1.28372085e+00
  3.18424612e-01  2.79726595e-01 -7.66531408e-01 -1.23515557e-02]"
1747093073.5754144,"[ 0.          0.50863571  1.01703818 -2.61123398 -2.17790598  1.14499855
  1.08014039  1.52770984]","[ 0.00000000e+00 -2.65149452e-05  1.13711036e-01  8.83218733e-02
  5.96310647e-02  5.82447383e-05  1.85324169e-05  0.00000000e+00]","[ 0.00000000e+00 -9.05259848e-02  1.33008051e+01 -1.28803945e+00
  3.11037898e-01  3.00574571e-01 -7.54717231e-01 -4.17207554e-03]"
1747093073.5776656,"[ 0.          0.50863571  1.01726222 -2.61106353 -2.17778374  1.14499855
  1.08014039  1.52770984]","[ 0.00000000e+00 -2.64948971e-05  1.08582745e-01  8.09982136e-02
  5.96915434e-02  5.82013384e-05  1.85186086e-05  0.00000000e+00]","[ 0.00000000e+00 -4.26338464e-02  1.33358383e+01 -1.30867541e+00
  3.21900785e-01  3.15748155e-01 -7.55853772e-01 -8.98564607e-03]"
1747093073.5793703,"[ 0.          0.50863571  1.01747208 -2.6109088  -2.17766496  1.14499855
  1.08014039  1.52770984]","[ 0.00000000e+00 -2.65149452e-05  1.06040758e-01  7.77880725e-02
  5.69244400e-02  5.82007654e-05  1.85324169e-05  0.00000000e+00]","[ 0.00000000e+00  1.02971587e-02  1.33818712e+01 -1.30432916e+00
  3.38808060e-01  3.12972605e-01 -7.71803617e-01  9.08986945e-03]"
1747093073.5810394,"[ 0.          0.50863571  1.01757861 -2.61082811 -2.17761036  1.14499855
  1.08014039  1.52770984]","[ 0.00000000e+00 -2.65149452e-05  1.08038994e-01  7.59828405e-02
  5.53699820e-02  5.82007654e-05  1.85184257e-05  0.00000000e+00]","[ 0.00000000e+00  1.22107044e-02  1.33638306e+01 -1.29516613e+00
  3.39509755e-01  3.09769571e-01 -7.66772091e-01  7.60064740e-03]"
1747093073.582773,"[ 0.          0.50863571  1.01779812 -2.61068563 -2.1775065   1.14499855
  1.08014132  1.52770984]","[ 0.00000000e+00 -2.64951613e-05  1.07328904e-01  7.13057304e-02
  5.20759971e-02  5.82001802e-05  2.91226556e-05  1.05820616e-05]","[ 0.00000000e+00  6.72260895e-02  1.33876705e+01 -1.22723007e+00
  3.52072507e-01  3.05008054e-01 -7.66130269e-01  9.49225947e-03]"
1747093073.5850246,"[ 0.          0.50863571  1.01800844 -2.61054848 -2.17739997  1.14499855
  1.08014132  1.52770984]","[ 0.00000000e+00 -2.65149452e-05  1.06580406e-01  6.96851469e-02
  5.19090710e-02  5.81568575e-05  2.91223691e-05  1.05819570e-05]","[ 0.          0.12135898 13.35070515 -1.19818676  0.3784456   0.3203007
 -0.76911819  0.02618363]"
1747093073.5866838,"[ 0.          0.50863571  1.01821277 -2.61040973 -2.1773017   1.14499948
  1.08014132  1.52770984]","[ 0.00000000e+00 -3.17938749e-05  1.02907141e-01  6.75243704e-02
  4.88381092e-02  6.61372301e-05  2.91003827e-05  1.05819570e-05]","[ 0.          0.13565528 13.248703   -1.14988172  0.45148131  0.35642263
 -0.76527798  0.03072203]"
1747093073.588987,"[ 0.          0.50863571  1.01842309 -2.61027737 -2.1772053   1.14499948
  1.08014132  1.52770984]","[ 0.00000000e+00 -3.18179359e-05  1.02096849e-01  6.74559521e-02
  4.65990565e-02  6.60879907e-05  2.91223691e-05  1.05820616e-05]","[ 0.          0.21304576 13.1984129  -1.12327421  0.55062294  0.34502989
 -0.75869334  0.03491122]"
1747093073.5906663,"[ 0.          0.50863571  1.0186205  -2.61013223 -2.17711528  1.14499948
  1.08014132  1.52770984]","[ 0.00000000e+00 -3.17938749e-05  9.91257769e-02  7.23861249e-02
  4.61866702e-02  6.61372301e-05  2.91003827e-05  1.05820616e-05]","[ 0.          0.28160024 13.10489273 -1.0828315   0.62071574  0.34925449
 -0.76074857  0.05290367]"
1747093073.5923557,"[ 0.          0.50863571  1.01881984 -2.60998495 -2.17702074  1.14499948
  1.08014132  1.52771077]","[ 0.00000000e+00 -3.71205547e-05  9.50743100e-02  7.58973946e-02
  4.88876440e-02  6.60873364e-05  2.91223691e-05  1.85324169e-05]","[ 0.          0.33405197 13.01142597 -1.04522967  0.68672389  0.32482997
 -0.75132668  0.04948662]"
1747093073.5950243,"[ 0.          0.50863571  1.01891072 -2.60990266 -2.17696881  1.14499948
  1.08014132  1.52771077]","[ 0.00000000e+00 -3.70928568e-05  9.21032375e-02  7.74145559e-02
  4.88998487e-02  6.60873364e-05  2.91003827e-05  1.85184257e-05]","[ 0.          0.35087332 12.94844913 -0.99896508  0.68901789  0.31137067
 -0.75333005  0.04883628]"
1747093073.595817,"[ 0.          0.50863571  1.01909215 -2.60974207 -2.17687294  1.14499948
  1.08014132  1.52771077]","[ 0.00000000e+00 -3.70928568e-05  8.70166581e-02  8.23797284e-02
  4.88381092e-02  6.61372301e-05  2.91006692e-05  1.85324169e-05]","[ 0.          0.38222545 12.85977268 -0.9838205   0.68213958  0.29898435
 -0.74869722  0.02898283]"
1747093073.598642,"[ 0.          0.50863571  1.01932171 -2.60948907 -2.17672087  1.14499948
  1.08014132  1.52771077]","[ 0.00000000e+00 -3.70928568e-05  7.26562194e-02  8.42704147e-02
  5.14075353e-02  6.61372301e-05  2.91003827e-05  1.85184257e-05]","[ 0.          0.40744287 12.84109211 -0.96914649  0.65287328  0.32621264
 -0.76264578  0.03931503]"
1747093073.6008737,"[ 0.          0.50863571  1.01945946 -2.60932049 -2.17661381  1.14500041
  1.08014132  1.52771077]","[ 0.00000000e+00 -4.23918346e-05  6.56336883e-02  8.57078226e-02
  5.53699820e-02  7.40178194e-05  2.91003827e-05  1.85184257e-05]","[ 0.          0.36695439 12.91892433 -0.96147114  0.61393261  0.35716459
 -0.76445156  0.04975886]"
1747093073.6025996,"[ 0.          0.50863571  1.01957564 -2.60914499 -2.17650036  1.14500041
  1.08014132  1.52771077]","[ 0.00000000e+00 -4.23918346e-05  5.67780535e-02  8.58909982e-02
  5.54198288e-02  6.61378843e-05  2.91006692e-05  1.85184257e-05]","[ 0.          0.39585862 13.0845747  -0.95657665  0.55066425  0.39148456
 -0.7685135   0.05952778]"
1747093073.6048875,"[ 0.          0.50863571  1.01968077 -2.60897162 -2.1763901   1.14500041
  1.08014132  1.52771077]","[ 0.00000000e+00 -4.23918346e-05  5.01065104e-02  8.83218733e-02
  5.59101792e-02  6.60873364e-05  2.91003827e-05  1.85184257e-05]","[ 0.          0.34692207 13.23481274 -0.9511959   0.4069334   0.44619277
 -0.80335003  0.08650027]"
1747093073.6059809,"[ 0.          0.50863571  1.01972858 -2.60887921 -2.17633471  1.14500134
  1.08014132  1.52771077]","[ 0.00000000e+00 -4.23918346e-05  4.86175453e-02  8.69347992e-02
  5.61233528e-02  7.40737029e-05  2.91003827e-05  1.85184257e-05]","[ 0.          0.36071524 13.3616581  -0.95604968  0.32670146  0.44505519
 -0.81373727  0.08198889]"
1747093073.6076822,"[ 0.          0.50863571  1.01982179 -2.6087069  -2.17621194  1.14500134
  1.08014132  1.52771077]","[ 0.00000000e+00 -4.23914120e-05  4.69969619e-02  8.85022110e-02
  6.15822255e-02  7.40744343e-05  2.91006692e-05  1.85324169e-05]","[ 0.          0.35339811 13.5659771  -0.94552803  0.18593349  0.46252003
 -0.81940222  0.08859026]"
1747093073.6093903,"[ 0.          0.50863527  1.01991453 -2.60853247 -2.17609503  1.14500241
  1.08014132  1.52771077]","[ 0.00000000e+00 -5.03783961e-05  4.45947947e-02  8.47597373e-02
  5.94214448e-02  8.46556558e-05  2.91003827e-05  1.85184257e-05]","[ 0.          0.36544231 13.73084927 -0.94923103  0.06286466  0.49350888
 -0.83132249  0.0960201 ]"
1747093073.6110935,"[ 0.          0.50863527  1.01995634 -2.60844858 -2.17602925  1.14500241
  1.08014132  1.52771077]","[ 0.00000000e+00 -5.03403034e-05  4.24053018e-02  8.50807064e-02
  6.19398090e-02  8.46556558e-05  2.91003827e-05  1.85184257e-05]","[ 0.          0.36122772 13.77300644 -0.98042762  0.02295518  0.51351327
 -0.8390891   0.09389286]"
1747093073.6127946,"[ 0.          0.50863571  1.02004263 -2.6082776  -2.17590301  1.14500334
  1.08014132  1.52771171]","[ 0.00000000e+00 -4.24234905e-05  4.18783330e-02  8.35058960e-02
  6.48233924e-02  9.51667059e-05  2.91003827e-05  2.64748795e-05]","[ 0.          0.37960321 13.88457012 -0.98941898 -0.03845173  0.55571812
 -0.84863108  0.08261966]"
1747093073.6144793,"[ 0.          0.50863571  1.02012805 -2.60811648 -2.17577172  1.14500334
  1.08014132  1.52771171]","[ 0.00000000e+00 -4.23918346e-05  4.37557908e-02  8.11115062e-02
  6.64439800e-02  9.52385514e-05  2.91006692e-05  2.64548924e-05]","[ 0.          0.36029297 13.97481346 -0.97183466 -0.0967911   0.551741
 -0.81983292  0.07674413]"
1747093073.6156182,"[ 0.          0.50863527  1.02017306 -2.60803605 -2.17570061  1.14500334
  1.08014132  1.52771171]","[ 0.00000000e+00 -4.50413255e-05  4.56002254e-02  8.14867955e-02
  6.69551780e-02  9.51667059e-05  2.91006692e-05  2.64751417e-05]","[ 0.          0.37684107 14.00071621 -0.97305518 -0.08928038  0.5530051
 -0.81652188  0.09034448]"
1747093073.6172872,"[ 0.          0.50863571  1.0202658  -2.60786614 -2.17556559  1.14500334
  1.08014132  1.52771171]","[ 0.00000000e+00 -4.23918346e-05  4.51062798e-02  8.40074359e-02
  6.88748552e-02  9.52376087e-05  2.91003827e-05  2.64548924e-05]","[ 0.          0.36095193 13.995368   -0.99614298 -0.06974658  0.55167168
 -0.83951378  0.11274896]"
1747093073.6189985,"[ 0.          0.50863571  1.02030988 -2.60778225 -2.17549209  1.14500334
  1.08014132  1.52771171]","[ 0.00000000e+00 -4.23918346e-05  4.48361812e-02  8.49945032e-02
  6.91469845e-02  9.52376087e-05  2.91003827e-05  2.64548924e-05]","[ 0.          0.36046812 13.97465229 -1.00557828 -0.02267473  0.55312985
 -0.83682847  0.11737842]"
1747093073.6207247,"[ 0.          0.50863527  1.02039943 -2.60760782 -2.17536026  1.14500427
  1.08014132  1.52771171]","[ 0.00000000e+00 -4.50413255e-05  4.36337140e-02  8.96723623e-02
  6.61068321e-02  1.05740783e-04  2.91223691e-05  2.64551545e-05]","[ 0.          0.33631206 13.93938828 -1.02230787  0.0886436   0.53874713
 -0.81619132  0.12115715]"
1747093073.6230006,"[ 0.          0.50863527  1.02048804 -2.60741474 -2.17523403  1.14500427
  1.08014132  1.52771171]","[ 0.00000000e+00 -4.50413255e-05  4.56464729e-02  9.52920151e-02
  6.37430062e-02  9.52385514e-05  1.85184257e-05  2.64548924e-05]","[ 0.          0.28139278 13.87580872 -1.06885338  0.26208782  0.55119807
 -0.802858    0.12431065]"
1747093073.6246362,"[ 0.          0.50863527  1.02058265 -2.60722485 -2.17510353  1.14500427
  1.08014132  1.52771171]","[ 0.00000000e+00 -4.23918346e-05  4.58906265e-02  9.65969224e-02
  6.36784204e-02  9.51657631e-05  1.85184257e-05  2.64748795e-05]","[ 0.          0.24334875 13.73349667 -1.09696972  0.45883816  0.51824212
 -0.80010456  0.12858908]"
1747093073.6269705,"[ 0.          0.50863481  1.02067034 -2.60702964 -2.1749741   1.14500427
  1.08014132  1.52771171]","[ 0.00000000e+00 -4.50417726e-05  4.37114575e-02  9.45397053e-02
  6.26921145e-02  9.52385514e-05  1.85184257e-05  2.64548924e-05]","[ 0.          0.16029856 13.49328327 -1.10787189  0.54485136  0.4995003
 -0.79743886  0.12210056]"
1747093073.6286442,"[ 0.          0.50863481  1.02074937 -2.60684855 -2.1748492   1.14500427
  1.08014132  1.52771171]","[ 0.00000000e+00 -4.24239132e-05  3.91641349e-02  9.12929458e-02
  6.37430062e-02  9.51657631e-05  1.85044548e-05  2.64548924e-05]","[ 0.          0.12666875 13.30224228 -1.12721133  0.6532172   0.44781736
 -0.74742723  0.1059088 ]"
1747093073.6303747,"[ 0.          0.50863434  1.0208274  -2.60666319 -2.17472243  1.14500427
  1.08014132  1.52771171]","[ 0.00000000e+00 -4.49733161e-05  3.78136459e-02  8.94401264e-02
  6.42831993e-02  9.52385514e-05  1.05819570e-05  2.64548924e-05]","[ 0.          0.05246997 13.05144978 -1.16196704  0.73452157  0.43523118
 -0.74192989  0.11060538]"
1747093073.632061,"[ 0.          0.50863434  1.02086508 -2.60657637 -2.17465532  1.14500427
  1.08014132  1.52771171]","[ 0.00000000e+00 -4.23278279e-05  3.83538432e-02  8.81411695e-02
  6.31342034e-02  9.51657631e-05  1.05819570e-05  2.64548924e-05]","[ 0.          0.02354681 12.93994617 -1.19269669  0.78885204  0.43087468
 -0.73811477  0.11567416]"
1747093073.6337593,"[ 0.          0.50863434  1.02094125 -2.6064038  -2.17453601  1.14500427
  1.08014132  1.52771171]","[ 0.00000000e+00 -4.23278279e-05  3.66960379e-02  8.69713844e-02
  5.99616379e-02  9.52376087e-05  1.05820616e-05  2.64548924e-05]","[ 0.00000000e+00  5.55125624e-03  1.27636023e+01 -1.18390429e+00
  8.37618172e-01  4.30726737e-01 -7.49600887e-01  1.36487454e-01]"
1747093073.6354966,"[ 0.          0.50863434  1.02100649 -2.60623416 -2.17441297  1.14500427
  1.08014132  1.52771264]","[ 0.00000000e+00 -4.23278279e-05  3.16014045e-02  8.09220139e-02
  6.01844321e-02  9.51657631e-05  1.05819570e-05  3.70368514e-05]","[ 0.         -0.03468163 12.57967949 -1.19890773  0.88985753  0.45821577
 -0.71863961  0.11953078]"
1747093073.6371925,"[ 0.          0.50863387  1.02103446 -2.60615719 -2.17435518  1.14500427
  1.08014225  1.52771264]","[ 0.00000000e+00 -4.49733161e-05  2.83602355e-02  7.80581670e-02
  5.86111530e-02  9.52376087e-05  1.85184257e-05  3.70368514e-05]","[ 0.         -0.04547342 12.52902031 -1.15121579  0.86681336  0.45175967
 -0.71008962  0.12434886]"
1747093073.6388516,"[ 0.          0.50863387  1.021079   -2.60600832 -2.17424306  1.14500427
  1.08014225  1.52771264]","[ 0.00000000e+00 -4.23282464e-05  1.94470181e-02  7.03996481e-02
  5.58535288e-02  9.52385514e-05  1.85184257e-05  3.70372172e-05]","[ 0.         -0.04580941 12.41065598 -1.11488664  0.79362589  0.43676382
 -0.71462899  0.13799171]"
1747093073.640588,"[ 0.          0.50863387  1.02110476 -2.60588022 -2.17413015  1.1450052
  1.08014225  1.52771264]","[ 0.00000000e+00 -4.23282464e-05  1.08148673e-02  6.34729076e-02
  5.53699820e-02  9.51657631e-05  1.85186086e-05  3.70651995e-05]","[ 0.         -0.07860394 12.41232109 -1.07773662  0.70450491  0.44691381
 -0.7360425   0.13590209]"
1747093073.6422734,"[ 0.          0.50863341  1.02111528 -2.60575772 -2.17401616  1.1450052
  1.08014225  1.52771264]","[ 0.00000000e+00 -4.49733161e-05  3.24116978e-03  5.91813566e-02
  5.86111530e-02  9.52376087e-05  1.85184257e-05  3.70368514e-05]","[ 0.         -0.04895933 12.5118866  -1.03028238  0.64871269  0.44505391
 -0.76463544  0.13304695]"
1747093073.643967,"[ 0.          0.50863341  1.02111575 -2.60569966 -2.17395784  1.1450052
  1.08014225  1.52771264]","[ 0.00000000e+00 -4.23282464e-05  5.40194952e-04  5.88812517e-02
  5.91513461e-02  9.51657631e-05  1.85184257e-05  3.70368514e-05]","[ 0.         -0.07694613 12.53010082 -1.01368892  0.58095074  0.46359324
 -0.76118785  0.1430638 ]"
1747093073.645661,"[ 0.          0.50863341  1.02111116 -2.60558648 -2.17383587  1.1450052
  1.08014225  1.52771264]","[ 0.00000000e+00 -4.22958956e-05 -2.21063176e-03  5.72026487e-02
  5.99616379e-02  9.51657631e-05  1.85186086e-05  3.70372172e-05]","[ 0.         -0.04518381 12.66570187 -0.9476549   0.46451521  0.48068908
 -0.78066695  0.14154436]"
1747093073.647893,"[ 0.          0.50863341  1.02111116 -2.6054701  -2.17371096  1.14500614
  1.08014132  1.52771264]","[ 0.00000000e+00 -4.23282464e-05 -7.89734739e-04  5.76767455e-02
  6.40131007e-02  1.03096242e-04  1.05819570e-05  3.70368514e-05]","[ 0.         -0.03826217 12.8267765  -0.89987284  0.32063097  0.51662958
 -0.8220762   0.12449772]"
1747093073.6495903,"[ 0.          0.50863298  1.02111528 -2.60535132 -2.17357594  1.14500707
  1.08014132  1.52771264]","[ 0.00000000e+00 -4.23278279e-05  1.05970099e-03  6.13121269e-02
  6.56336883e-02  1.11110546e-04  1.05819570e-05  3.70368514e-05]","[ 0.         -0.01600051 12.91793633 -0.8433668   0.1212644   0.55799842
 -0.84055573  0.16460165]"
1747093073.6513205,"[ 0.          0.50863298  1.02111575 -2.60528794 -2.17351069  1.14500707
  1.08014132  1.52771264]","[ 0.00000000e+00 -4.22958956e-05  9.04208924e-04  6.42180684e-02
  6.61068321e-02  1.11110546e-04  1.05819570e-05  3.70368514e-05]","[ 0.         -0.01510193 12.952528   -0.82084215  0.04420023  0.55691522
 -0.83204681  0.1863353 ]"
1747093073.6530035,"[ 0.          0.50863298  1.02111528 -2.6051404  -2.17337647  1.145008
  1.08014132  1.52771357]","[ 0.00000000e+00 -4.23282464e-05  8.33883721e-04  6.86047607e-02
  6.57013367e-02  1.11026729e-04  1.05740785e-05  4.75828816e-05]","[ 0.         -0.05656562 13.00890732 -0.8175993  -0.04332884  0.61591429
 -0.83727735  0.19888125]"
1747093073.6546984,"[ 0.          0.50863251  1.02111482 -2.6049894  -2.17324651  1.145008
  1.08014132  1.52771357]","[ 0.00000000e+00 -4.49393886e-05  2.22189315e-04  7.57320789e-02
  6.56336883e-02  1.11110546e-04  1.05819570e-05  4.76188043e-05]","[ 0.         -0.03877802 13.09610176 -0.81834376 -0.07702483  0.63073438
 -0.8408345   0.20080337]"
1747093073.6563802,"[ 0.          0.50863251  1.02111528 -2.60491137 -2.17318233  1.14500907
  1.08014132  1.52771357]","[ 0.00000000e+00 -4.49733161e-05  0.00000000e+00  7.91385615e-02
  6.50934910e-02  1.21692507e-04  1.05819570e-05  4.76188043e-05]","[ 0.         -0.04587159 13.1370573  -0.81635576 -0.09267327  0.62271833
 -0.83697736  0.20219813]"
1747093073.657547,"[ 0.          0.50863251  1.02111575 -2.60475051 -2.1730529   1.14500907
  1.08014132  1.52771357]","[ 0.00000000e+00 -4.49733161e-05  6.62395490e-05  8.26498312e-02
  6.25991244e-02  1.21692507e-04  1.05819570e-05  4.76192757e-05]","[ 0.         -0.04219742 13.21437263 -0.86912274 -0.0338369   0.61158657
 -0.8462289   0.19934684]"
1747093073.6608286,"[ 0.          0.50863204  1.02111528 -2.60457421 -2.17292799  1.14500907
  1.08014132  1.52771357]","[ 0.00000000e+00 -4.49733161e-05 -5.89978078e-05  8.75181896e-02
  6.32028089e-02  1.21693710e-04  1.05820616e-05  3.70372172e-05]","[ 0.         -0.02172027 13.23871422 -0.89660287  0.04109918  0.57164478
 -0.81050408  0.183174  ]"
1747093073.6624155,"[ 0.          0.50863158  1.02111528 -2.60431029 -2.17274024  1.14500907
  1.08014132  1.52771357]","[ 0.00000000e+00 -5.02642966e-05  0.00000000e+00  9.07527485e-02
  6.07103565e-02  1.21692507e-04  1.05819570e-05  3.70368514e-05]","[ 0.         -0.12710729 13.14876366 -0.97781754  0.22870654  0.55143577
 -0.79321271  0.19810826]"
1747093073.6641357,"[ 0.          0.50863114  1.02111482 -2.60411881 -2.17261374  1.14500907
  1.08014132  1.5277145 ]","[ 0.00000000e+00 -5.02642966e-05 -4.44378637e-05  9.38986908e-02
  6.24413446e-02  1.21601904e-04  1.05740785e-05  4.76188043e-05]","[ 0.         -0.2013627  13.05695248 -1.050596    0.44017714  0.53200817
 -0.77931315  0.21803117]"
1747093073.6659,"[ 0.          0.50863114  1.02111482 -2.60402507 -2.17255196  1.14500907
  1.08014132  1.5277145 ]","[ 0.00000000e+00 -5.02647924e-05 -4.08178567e-05  9.50743100e-02
  6.26626158e-02  1.21875307e-04  1.05979587e-05  4.75828816e-05]","[ 0.         -0.21985129 12.98316002 -1.10489666  0.53162581  0.53536189
 -0.78557134  0.21734804]"
1747093073.6676497,"[ 0.          0.50863114  1.02111442 -2.60382852 -2.17242546  1.14500907
  1.08014132  1.5277145 ]","[ 0.00000000e+00 -5.02642966e-05 -3.79529876e-05  9.65458563e-02
  6.40131007e-02  1.13841985e-04  1.05979587e-05  4.76908124e-05]","[ 0.         -0.30697292 12.8470211  -1.2117244   0.61456782  0.54268086
 -0.75591654  0.21712898]"
1747093073.669413,"[ 0.          0.50863021  1.02111395 -2.60364317 -2.17229416  1.14501
  1.08014225  1.5277145 ]","[ 0.00000000e+00 -5.55133645e-05 -5.31922987e-05  9.25495667e-02
  6.43484634e-02  1.21876526e-04  1.85464284e-05  4.76908124e-05]","[ 0.         -0.3446734  12.68598652 -1.30030024  0.64304179  0.53970915
 -0.75219262  0.22725032]"
1747093073.6706126,"[ 0.          0.50862975  1.02111395 -2.60355395 -2.17222998  1.14501
  1.08014225  1.5277145 ]","[ 0.00000000e+00 -5.82013384e-05 -4.96796617e-05  9.04826541e-02
  6.50275403e-02  1.21876526e-04  1.85464284e-05  4.76908124e-05]","[ 0.         -0.38172621 12.60595131 -1.34002876  0.65661979  0.5409888
 -0.74676657  0.21882434]"
1747093073.6729393,"[ 0.          0.50862928  1.02111349 -2.60345861 -2.17209682  1.14501
  1.08014225  1.5277145 ]","[ 0.00000000e+00 -6.87834010e-05 -1.09216279e-04  8.97751104e-02
  6.44474955e-02  1.21783233e-04  1.85606472e-05  4.76903370e-05]","[ 0.         -0.45490023 12.53763294 -1.36903965  0.66057682  0.52945018
 -0.71655256  0.22492447]"
1747093073.6747224,"[ 0.          0.50862928  1.02111302 -2.60328817 -2.17197512  1.14501
  1.08014225  1.52771557]","[ 0.00000000e+00 -6.34917418e-05 -1.46884404e-04  8.48106036e-02
  6.09801805e-02  1.21876526e-04  1.85464284e-05  5.82887721e-05]","[ 0.         -0.4930771  12.43379784 -1.41301429  0.65250254  0.53607577
 -0.71644264  0.23638591]"
1747093073.6764588,"[ 0.          0.50862885  1.02111255 -2.60311453 -2.17185101  1.14501093
  1.08014225  1.52771557]","[ 0.00000000e+00 -6.87827183e-05 -1.66508279e-04  8.47246751e-02
  6.07719338e-02  1.21784452e-04  1.85464284e-05  5.82887721e-05]","[ 0.         -0.5690394  12.36305618 -1.46967149  0.66273832  0.5474816
 -0.70048481  0.24096683]"
1747093073.6775277,"[ 0.          0.50862838  1.02111255 -2.60303144 -2.17179056  1.14501093
  1.08014225  1.52771557]","[ 0.00000000e+00 -7.40178194e-05 -1.57777990e-04  8.42704147e-02
  6.13121269e-02  1.21877737e-04  1.85464284e-05  5.82893532e-05]","[ 0.         -0.57672846 12.33774662 -1.46706498  0.66991812  0.55207348
 -0.71652764  0.24737456]"
1747093073.679342,"[ 0.          0.50862792  1.02111209 -2.60286473 -2.17166193  1.14501093
  1.08014225  1.52771557]","[ 0.00000000e+00 -7.67199429e-05 -1.50453989e-04  8.04890505e-02
  6.31936502e-02  1.21875307e-04  1.85464284e-05  5.82887721e-05]","[ 0.         -0.61098135 12.2250433  -1.47989643  0.64519346  0.58753431
 -0.70118642  0.24829517]"
1747093073.6811147,"[ 0.          0.50862745  1.02111162 -2.60278536 -2.17159801  1.14501186
  1.08014225  1.52771557]","[ 0.00000000e+00 -8.20101635e-05 -1.75529656e-04  8.04890505e-02
  6.48233924e-02  1.32374402e-04  1.85324169e-05  5.82887721e-05]","[ 0.         -0.63637072 12.2250433  -1.50313962  0.59599793  0.586191
 -0.71307665  0.26673326]"
1747093073.6828685,"[ 0.          0.50862698  1.02111162 -2.6026293  -2.17146272  1.14501186
  1.08014225  1.5277165 ]","[ 0.00000000e+00 -8.73020096e-05 -1.43289835e-04  7.91385615e-02
  7.01541879e-02  1.32475806e-04  1.85464284e-05  6.62372408e-05]","[ 0.         -0.6890583  12.16171551 -1.49600899  0.49576044  0.5820421
 -0.69256568  0.28602856]"
1747093073.6845472,"[ 0.          0.50862608  1.02111116 -2.60247164 -2.17131146  1.14501279
  1.08014225  1.5277165 ]","[ 0.00000000e+00 -9.52376087e-05 -1.60617986e-04  7.63601355e-02
  7.44782294e-02  1.43072445e-04  1.05900569e-05  6.62880244e-05]","[ 0.         -0.75442892 12.15413284 -1.48793006  0.34291849  0.62213439
 -0.70600498  0.29410285]"
1747093073.6869297,"[ 0.          0.50862515  1.02111116 -2.60231691 -2.17116152  1.14501373
  1.08014225  1.5277165 ]","[ 0.00000000e+00 -1.05739735e-04 -1.75525527e-04  7.85983643e-02
  7.72478753e-02  1.43072445e-04  1.05979587e-05  6.62372408e-05]","[ 0.         -0.7949785  12.16499043 -1.42502677  0.21182513  0.64132047
 -0.74170434  0.29106376]"
1747093073.689194,"[ 0.          0.50862469  1.02111116 -2.60215579 -2.17100066  1.14501466
  1.08014225  1.52771743]","[ 0.00000000e+00 -1.08465062e-04 -1.68674601e-04  7.83282698e-02
  7.81661582e-02  1.51020918e-04  1.05899522e-05  7.42418490e-05]","[ 0.         -0.86393601 12.22679806 -1.43157601  0.10490163  0.68552166
 -0.78986055  0.31465217]"
1747093073.6909616,"[ 0.          0.50862425  1.02111116 -2.60199973 -2.1708478   1.14501572
  1.08014225  1.52771743]","[ 0.00000000e+00 -1.13757160e-04 -1.41635974e-04  7.93282036e-02
  7.67076863e-02  1.61618866e-04  1.05980643e-05  7.41857136e-05]","[ 0.         -0.84803408 12.32063007 -1.40437543  0.05550052  0.70875812
 -0.79705346  0.31113416]"
1747093073.6919777,"[ 0.          0.50862379  1.02111116 -2.60183994 -2.17069041  1.14501666
  1.08014225  1.52771836]","[ 0.00000000e+00 -1.19047015e-04 -1.36903336e-04  7.72478753e-02
  7.67351502e-02  1.69567338e-04  1.05899522e-05  7.41857136e-05]","[ 0.         -0.90887898 12.36804676 -1.35268521  0.02377054  0.71523726
 -0.82344818  0.31323639]"
1747093073.6937582,"[ 0.          0.50862332  1.02111116 -2.60176537 -2.17061371  1.14501759
  1.08014225  1.52771836]","[ 0.00000000e+00 -1.21693710e-04 -1.17345714e-04  7.56272918e-02
  7.77880725e-02  1.80165302e-04  1.05979587e-05  7.42418490e-05]","[ 0.00000000e+00 -9.26011801e-01  1.24094439e+01 -1.33071876e+00
 -1.54787477e-03  7.06771672e-01 -8.24231207e-01  3.19428235e-01]"
1747093073.6955264,"[ 0.          0.50862286  1.02111069 -2.60161437 -2.17046058  1.14501759
  1.08014225  1.52771836]","[ 0.00000000e+00 -1.26984735e-04 -1.36522343e-04  7.34751581e-02
  7.77880725e-02  1.80167090e-04  1.05979587e-05  7.41857136e-05]","[ 0.         -0.95230305 12.45839405 -1.31241632 -0.01302061  0.67652881
 -0.81983143  0.30015826]"
1747093073.696719,"[ 0.          0.50862239  1.02111069 -2.60154327 -2.17037749  1.14501759
  1.08014225  1.52771836]","[ 0.00000000e+00 -1.32275769e-04 -1.31765105e-04  7.20429600e-02
  7.82397613e-02  1.80301630e-04  1.05979587e-05  7.42411095e-05]","[ 0.         -0.9502188  12.4780159  -1.30362368  0.01471499  0.66453677
 -0.81974524  0.30652538]"
1747093073.6985083,"[ 0.          0.50862149  1.02111069 -2.60140904 -2.17022142  1.14501759
  1.08014225  1.5277193 ]","[ 0.00000000e+00 -1.40105160e-04 -1.27323888e-04  6.75243704e-02
  7.91385615e-02  1.80165302e-04  1.05979587e-05  8.47836692e-05]","[ 0.         -0.97100633 12.51158524 -1.27654469  0.11889407  0.6617521
 -0.84807152  0.31957954]"
1747093073.6996243,"[ 0.          0.50862102  1.02111069 -2.60134379 -2.17013887  1.14501759
  1.08014225  1.5277193 ]","[ 0.00000000e+00 -1.45501913e-04 -1.08852248e-04  6.61738814e-02
  7.77382215e-02  1.69567338e-04  1.05979587e-05  8.47836692e-05]","[ 0.         -0.98790056 12.53876495 -1.2516669   0.2223106   0.66019231
 -0.85274065  0.35776618]"
1747093073.7013865,"[ 0.          0.50862056  1.02111022 -2.60120931 -2.1699868   1.14501759
  1.08014225  1.5277193 ]","[ 0.00000000e+00 -1.50794377e-04 -1.23176369e-04  6.56336883e-02
  7.71696116e-02  1.69567338e-04  1.05979587e-05  8.48478263e-05]","[ 0.         -0.98711491 12.60850239 -1.26960063  0.39270782  0.64832425
 -0.85274965  0.36747691]"
1747093073.7030945,"[ 0.          0.50862009  1.02111022 -2.60114592 -2.16991063  1.14501852
  1.08014225  1.52772023]","[ 0.00000000e+00 -1.55967662e-04 -1.19290534e-04  6.42180684e-02
  7.72478753e-02  1.80165302e-04  1.05979587e-05  9.53816248e-05]","[ 0.         -0.99438894 12.62150383 -1.26005399  0.44333023  0.65331489
 -0.86567551  0.36339167]"
1747093073.7049336,"[ 0.          0.50861919  1.02111022 -2.60102102 -2.1697567   1.14501852
  1.08014132  1.52772023]","[ 0.00000000e+00 -1.64020327e-04 -1.02004255e-04  6.01844321e-02
  7.50870946e-02  1.80165302e-04  0.00000000e+00  9.54538036e-05]","[ 0.         -0.95365286 12.70532703 -1.20228708  0.60706115  0.59746653
 -0.85139465  0.36087617]"
1747093073.7061348,"[ 0.          0.50861873  1.02111022 -2.60090437 -2.16961023  1.14501852
  1.08014132  1.52772116]","[ 0.00000000e+00 -1.69311312e-04 -8.26016863e-05  5.91513461e-02
  7.44713717e-02  1.69567338e-04  0.00000000e+00  1.03330098e-04]","[ 0.         -0.92003959 12.7522707  -1.23131025  0.7555936   0.58186263
 -0.86068135  0.37033346]"
1747093073.707919,"[ 0.          0.50861873  1.02110982 -2.60084712 -2.16953726  1.14501852
  1.08014132  1.52772116]","[ 0.00000000e+00 -1.69312986e-04 -9.88889222e-05  5.80709558e-02
  7.40067084e-02  1.69567338e-04  0.00000000e+00  1.03330098e-04]","[ 0.         -0.90382916 12.77441406 -1.23139596  0.78096062  0.55441725
 -0.86048537  0.37590337]"
1747093073.7090898,"[ 0.          0.50861826  1.02110982 -2.60073553 -2.16938626  1.14501852
  1.08014132  1.52772223]","[ 0.00000000e+00 -1.70855779e-04 -9.59611192e-05  5.29391068e-02
  7.34665111e-02  1.58970968e-04  0.00000000e+00  1.13929191e-04]","[ 0.         -0.865026   12.7937727  -1.21117544  0.86597854  0.54963624
 -0.86400849  0.37598246]"
1747093073.7108927,"[ 0.          0.50861826  1.02110982 -2.6006844  -2.16931329  1.14501852
  1.08014132  1.52772223]","[ 0.00000000e+00 -1.70986044e-04 -9.29955892e-05  5.18587164e-02
  7.40067084e-02  1.58969375e-04  0.00000000e+00  1.13928053e-04]","[ 0.         -0.84815514 12.80358219 -1.21555519  0.89466888  0.53850317
 -0.86576247  0.37532535]"
1747093073.7126687,"[ 0.          0.50861783  1.02110936 -2.60058027 -2.16915509  1.14501852
  1.08014132  1.52772316]","[ 0.00000000e+00 -1.79002819e-04 -9.07895819e-05  5.06552298e-02
  7.74145559e-02  1.51135188e-04  0.00000000e+00  1.13928053e-04]","[ 0.         -0.81394899 12.87021542 -1.20359659  0.92635703  0.53553373
 -0.87037915  0.40758774]"
1747093073.7148376,"[ 0.          0.50861736  1.02110936 -2.60048146 -2.1690001   1.14501945
  1.08014132  1.52772409]","[ 0.00000000e+00 -1.90133285e-04 -8.85016105e-05  5.04570531e-02
  7.91385615e-02  1.58969375e-04  0.00000000e+00  1.21876526e-04]","[ 0.         -0.79848617 12.89310551 -1.21216452  0.87940806  0.54913342
 -0.89280444  0.40152484]"
1747093073.716564,"[ 0.          0.50861736  1.02110889 -2.60038426 -2.16883232  1.14501945
  1.08014132  1.52772502]","[ 0.00000000e+00 -1.96185686e-04 -8.83157386e-05  4.65990565e-02
  8.26498312e-02  1.59088082e-04  0.00000000e+00  1.32574732e-04]","[ 0.         -0.77125907 12.91892624 -1.25264633  0.80221367  0.59043944
 -0.89708716  0.41692352]"
1747093073.7188237,"[ 0.          0.5086169   1.02110889 -2.60029504 -2.16865415  1.14502038
  1.08014132  1.52772595]","[ 0.00000000e+00 -2.03421799e-04 -7.16442836e-05  4.48361812e-02
  8.34601230e-02  1.69567338e-04  0.00000000e+00  1.43072445e-04]","[ 0.         -0.73399287 12.93940067 -1.2634573   0.68769079  0.62380421
 -0.91107601  0.40928677]"
1747093073.7205403,"[ 0.          0.50861643  1.02110843 -2.60020236 -2.16847918  1.14502238
  1.08014039  1.52772795]","[ 0.00000000e+00 -2.11329440e-04 -8.37515887e-05  4.58906265e-02
  8.58909982e-02  1.80301630e-04 -1.05899522e-05  1.61741166e-04]","[ 0.         -0.70472825 12.93434334 -1.28750765  0.52291024  0.69450468
 -0.93620628  0.43952888]"
1747093073.722304,"[ 0.          0.50861643  1.02110843 -2.60010676 -2.16830927  1.14502331
  1.08014039  1.52772888]","[ 0.00000000e+00 -2.15931975e-04 -8.16419714e-05  4.94278371e-02
  8.62485691e-02  1.90761348e-04 -1.05980643e-05  1.69567338e-04]","[ 0.         -0.65068781 12.98512363 -1.30782819  0.39360246  0.72243309
 -0.9303323   0.45399296]"
1747093073.7240033,"[ 0.          0.50861596  1.02110843 -2.60005669 -2.16823737  1.14502425
  1.08014039  1.52772982]","[ 0.00000000e+00 -2.18582360e-04 -7.94835008e-05  5.07268771e-02
  8.61141877e-02  1.98862094e-04 -1.05979587e-05  1.80165302e-04]","[ 0.         -0.62552851 12.97586346 -1.34455764  0.33575624  0.736287
 -0.94929582  0.44033524]"
1747093073.725743,"[ 0.          0.50861553  1.02110843 -2.59994803 -2.16804296  1.14502611
  1.08014039  1.52773168]","[ 0.00000000e+00 -2.27155824e-04 -7.75809758e-05  5.40194971e-02
  8.94022679e-02  2.17258159e-04 -1.05979587e-05  1.98711722e-04]","[ 0.         -0.65862757 12.97411537 -1.37150669  0.19818671  0.75743175
 -0.9536531   0.45291141]"
1747093073.7274413,"[ 0.          0.50861507  1.02110796 -2.59983218 -2.16786133  1.14502704
  1.08014039  1.52773354]","[ 0.00000000e+00 -2.40008339e-04 -7.75828614e-05  6.05632584e-02
  8.85212692e-02  2.28028536e-04 -1.05979587e-05  2.17255981e-04]","[ 0.         -0.6724661  12.97320175 -1.42096245  0.06294954  0.77674806
 -0.93916166  0.46671429]"
1747093073.7291386,"[ 0.          0.5086146   1.02110796 -2.5996953  -2.16768663  1.14502904
  1.08014039  1.52773554]","[ 0.00000000e+00 -2.49944723e-04 -7.57692005e-05  6.94150525e-02
  8.85919761e-02  2.46402543e-04 -1.05979587e-05  2.38634513e-04]","[ 0.         -0.69230253 12.98641586 -1.48583424  0.01599833  0.79717022
 -0.9240402   0.46792555]"
1747093073.7308319,"[ 0.          0.50861413  1.02110796 -2.59962659 -2.16760034  1.14502997
  1.08014039  1.52773647]","[ 0.00000000e+00 -2.57339953e-04 -7.40366829e-05  6.96851469e-02
  8.75115816e-02  2.54351000e-04 -1.05820616e-05  2.46402543e-04]","[ 0.00000000e+00 -7.28636444e-01  1.29908838e+01 -1.54088807e+00
  1.84084068e-03  8.17129910e-01 -9.05001700e-01  4.74805057e-01]"
1747093073.733093,"[ 0.          0.50861323  1.02110703 -2.59947905 -2.16742777  1.14503184
  1.08014039  1.52773834]","[ 0.00000000e+00 -2.69119775e-04 -9.63451677e-05  7.27228567e-02
  8.36453791e-02  2.75130873e-04 -1.05819570e-05  2.64548920e-04]","[ 0.         -0.79737097 12.97041607 -1.64932358  0.07409056  0.84907979
 -0.87688589  0.48037598]"
1747093073.734857,"[ 0.          0.5086123   1.02110656 -2.59933258 -2.16734361  1.1450337
  1.08014039  1.52773927]","[ 0.00000000e+00 -2.77482693e-04 -1.00134337e-04  7.44713717e-02
  8.53508009e-02  2.91006688e-04 -1.05819570e-05  2.64551537e-04]","[ 0.         -0.88890624 12.92984104 -1.74391603  0.15578529  0.88372475
 -0.86346692  0.49644879]"
1747093073.736548,"[ 0.          0.50861094  1.0211061  -2.59918584 -2.16716917  1.1450337
  1.08014039  1.52774127]","[ 0.00000000e+00 -2.95857724e-04 -1.09346438e-04  7.07167057e-02
  8.52612771e-02  2.91223687e-04 -1.05820616e-05  2.85500134e-04]","[ 0.         -0.95407993 12.89053154 -1.82658064  0.26633778  0.86120194
 -0.82191467  0.48976311]"
1747093073.7382927,"[ 0.          0.50861001  1.0211061  -2.59911579 -2.16708342  1.1450337
  1.08014132  1.52774313]","[ 0.00000000e+00 -3.06257609e-04 -1.07062888e-04  7.10356359e-02
  8.69713844e-02  2.91003827e-04 -1.05819570e-05  3.01585764e-04]","[ 0.         -1.00230217 12.84509563 -1.84229982  0.31396815  0.85020375
 -0.80891287  0.49823704]"
1747093073.7399824,"[ 0.          0.50860817  1.0211057  -2.59897758 -2.16690099  1.1450337
  1.08014132  1.52774406]","[ 0.00000000e+00 -3.23603786e-04 -1.10394675e-04  6.99552497e-02
  8.90228007e-02  2.91003827e-04 -1.05819570e-05  3.12167733e-04]","[ 0.         -1.14248216 12.77789497 -1.94706059  0.41874075  0.81005383
 -0.78649819  0.50611949]"
1747093073.7417402,"[ 0.          0.50860588  1.02110476 -2.5988367  -2.16672709  1.14503463
  1.08014132  1.52774593]","[ 0.00000000e+00 -3.52074252e-04 -1.29823219e-04  6.75243704e-02
  8.83218733e-02  2.91006688e-04 -1.05819570e-05  3.30686162e-04]","[ 0.         -1.23385727 12.74375534 -2.00354528  0.51667708  0.8136785
 -0.77731818  0.49682671]"
1747093073.7434864,"[ 0.          0.50860405  1.02110476 -2.59869794 -2.16654386  1.14503463
  1.08014132  1.52774793]","[ 0.00000000e+00 -3.86215997e-04 -1.27274279e-04  6.79582534e-02
  8.97751104e-02  2.91223687e-04 -1.05820616e-05  3.48941137e-04]","[ 0.         -1.3449434  12.72831345 -2.08620572  0.608293    0.81532127
 -0.77914858  0.5051778 ]"
1747093073.7451758,"[ 0.          0.50860175  1.0211043  -2.59856665 -2.16636783  1.1450357
  1.08014132  1.52774979]","[ 0.00000000e+00 -4.27531697e-04 -1.32475303e-04  6.61738814e-02
  8.94022679e-02  3.01585764e-04 -1.05819570e-05  3.85777674e-04]","[ 0.         -1.43555284 12.71538067 -2.17297435  0.73623824  0.82695055
 -0.78433913  0.51737553]"
1747093073.7468722,"[ 0.          0.50860082  1.0211043  -2.59850513 -2.16627781  1.1450357
  1.08014132  1.52775072]","[ 0.00000000e+00 -4.44634445e-04 -1.32475303e-04  6.23293004e-02
  9.12004509e-02  2.93652196e-04 -1.05820616e-05  4.11280855e-04]","[ 0.         -1.49445009 12.72144032 -2.23300457  0.77201289  0.84271121
 -0.7843948   0.52464998]"
1747093073.7485743,"[ 0.          0.50859852  1.02110383 -2.59838822 -2.16608633  1.1450357
  1.08014132  1.52775259]","[ 0.         -0.00051584 -0.00013729  0.05516906  0.09420024  0.00029387
  0.          0.00047902]","[ 0.         -1.61822438 12.72562885 -2.24641609  0.77523261  0.83527493
 -0.78504723  0.50010794]"
1747093073.751761,"[ 0.          0.50859622  1.02110337 -2.59829021 -2.16589672  1.14503663
  1.08014132  1.52775352]","[ 0.         -0.00069479 -0.00013748  0.04807735  0.09777529  0.00029365
  0.          0.00052144]","[ 0.         -1.70023096 12.73966026 -2.21437931  0.69325137  0.80173594
 -0.78300399  0.50293875]"
1747093073.7539637,"[ 0.          0.50859163  1.02110337 -2.5981741  -2.16559684  1.14503663
  1.08014132  1.52775552]","[ 0.         -0.00112337 -0.00013484  0.03268179  0.09885567  0.00028593
  0.          0.00065971]","[ 0.         -1.83579361 12.82043934 -2.18157387  0.49291381  0.81563371
 -0.81864482  0.55028552]"
1747093073.75565,"[ 0.          0.50858843  1.02110337 -2.59812776 -2.16540084  1.14503756
  1.08014132  1.52775738]","[ 0.         -0.00125245 -0.00013266  0.0210676   0.09912578  0.00029365
  0.          0.00075497]","[ 0.         -1.86052704 12.92973328 -2.15537333  0.42205209  0.84386623
 -0.81708157  0.54300469]"
1747093073.7579691,"[ 0.          0.50858474  1.02110337 -2.59810193 -2.1652003   1.14503849
  1.08014132  1.52775924]","[ 0.         -0.00141305 -0.00013019  0.01003074  0.09754893  0.00029122
  0.          0.00081475]","[ 0.         -1.9039551  12.98845959 -2.06747246  0.27891308  0.89137542
 -0.86900979  0.58086097]"
1747093073.7596586,"[ 0.          0.50858061  1.02110337 -2.5980966  -2.16500749  1.14503943
  1.08014039  1.52776124]","[ 0.00000000e+00 -1.62225470e-03 -1.18848269e-04  2.70097476e-04
  9.76762183e-02  3.01585764e-04 -1.05819570e-05  8.54100599e-04]","[ 0.         -1.89909375 13.03319168 -1.9946388   0.17707399  0.92192787
 -0.87199062  0.58546019]"
1747093073.7613816,"[ 0.          0.50857648  1.02110337 -2.59810486 -2.16481095  1.14504036
  1.08014039  1.52776217]","[ 0.00000000e+00 -1.82893199e-03 -1.18846229e-04 -4.03115204e-03
  9.57935549e-02  3.12170821e-04 -1.05820616e-05  8.44651903e-04]","[ 0.         -1.90362573 13.07342911 -1.90737343  0.05722161  0.97117645
 -0.89364326  0.58656305]"
1747093073.7631173,"[ 0.          0.50857419  1.02110337 -2.59810939 -2.16471587  1.14504129
  1.08014039  1.52776311]","[ 0.00000000e+00 -1.94714344e-03 -1.16868397e-04 -4.21330706e-03
  9.64247990e-02  3.20104193e-04 -1.05820616e-05  8.71025716e-04]","[ 0.         -1.88577092 13.08477116 -1.84359813 -0.01682204  0.98277426
 -0.91468096  0.58580887]"
1747093073.764808,"[ 0.          0.50856869  1.02110337 -2.59811445 -2.16452332  1.14504129
  1.08014039  1.52776497]","[ 0.00000000e+00 -2.20676238e-03 -1.14810453e-04 -3.71384030e-03
  9.30351025e-02  3.20346062e-04 -1.05739739e-05  8.71047302e-04]","[ 0.         -1.86623824 13.12964249 -1.75475585 -0.07555123  0.99547213
 -0.91563952  0.5671407 ]"
1747093073.766504,"[ 0.          0.50856134  1.02110337 -2.59811125 -2.16434436  1.14504236
  1.08014039  1.52776683]","[ 0.00000000e+00 -2.89617130e-03 -1.12965478e-04 -4.63619188e-04
  8.98513268e-02  3.30689413e-04 -1.05819570e-05  8.71047302e-04]","[ 0.         -1.80009162 13.18284607 -1.67681026 -0.11423782  0.98358756
 -0.92650008  0.56709033]"
1747093073.7688336,"[ 0.          0.50855215  1.02110337 -2.59810566 -2.16417631  1.14504329
  1.08013946  1.5277679 ]","[ 0.00000000e+00 -3.82959080e-03 -1.11175280e-04  1.48958272e-03
  8.31900202e-02  3.38878471e-04 -1.85046377e-05  8.51250769e-04]","[ 0.         -1.76754975 13.22552586 -1.62943006 -0.02523002  1.00656593
 -0.94511521  0.59494942]"
1747093073.7704988,"[ 0.          0.50853747  1.0211029  -2.59810379 -2.16401226  1.14504329
  1.08013946  1.52776976]","[ 0.00000000e+00 -6.31996059e-03 -1.11175280e-04  1.75496607e-03
  7.91385615e-02  3.30686162e-04 -2.64548924e-05  8.48713809e-04]","[ 0.         -1.75889587 13.20387936 -1.64109302  0.14741492  0.99872231
 -0.94204307  0.60419333]"
1747093073.772232,"[ 0.          0.5085168   1.0211029  -2.59810566 -2.16385247  1.14504329
  1.08013946  1.5277707 ]","[ 0.00000000e+00 -1.10627764e-02 -1.09311360e-04  1.10662952e-03
  7.74145559e-02  3.30939280e-04 -2.64351959e-05  8.24508107e-04]","[ 0.         -1.68125176 13.17159367 -1.60059011  0.30659771  0.95617485
 -0.94116932  0.61160177]"
1747093073.7745051,"[ 0.          0.50850255  1.02110243 -2.59810672 -2.16377578  1.14504329
  1.08013946  1.52777163]","[ 0.00000000e+00 -1.45852636e-02 -1.17859475e-04  6.48713857e-04
  7.77880725e-02  3.30689413e-04 -2.64349338e-05  8.28979955e-04]","[ 0.         -1.65027869 13.13752651 -1.61661887  0.36465546  0.93469727
 -0.94899786  0.60900795]"
1747093073.777178,"[ 0.          0.50846629  1.02110197 -2.59810752 -2.16361865  1.14504329
  1.08013946  1.52777349]","[ 0.00000000e+00 -1.80965312e-02 -1.22461076e-04 -2.64239936e-04
  8.07591450e-02  3.30686162e-04 -2.64548924e-05  8.31942396e-04]","[ 0.         -1.5904454  13.07124329 -1.598827    0.43445319  0.89616209
 -0.94803989  0.57876927]"
1747093073.7783864,"[ 0.          0.50842678  1.0211015  -2.59810619 -2.16345114  1.14504329
  1.08013946  1.52777549]","[ 0.00000000e+00 -1.94470181e-02 -1.22320465e-04 -2.29667703e-04
  8.15694367e-02  3.22993554e-04 -2.64349338e-05  8.47824030e-04]","[ 0.         -1.5018878  13.03623772 -1.6071775   0.50736386  0.83410561
 -0.92676985  0.57010466]"
1747093073.7794845,"[ 0.          0.50838547  1.0211011  -2.59810619 -2.16328549  1.14504422
  1.08013946  1.52777735]","[ 0.00000000e+00 -2.05274085e-02 -1.24518109e-04 -2.65519566e-04
  8.49945032e-02  3.30686162e-04 -2.64551545e-05  8.53411467e-04]","[ 0.         -1.43361998 13.00560665 -1.61529469  0.61117244  0.83831394
 -0.9511705   0.57695955]"
1747093073.7818005,"[ 0.          0.50834412  1.0211011  -2.59810699 -2.16311052  1.14504515
  1.08013846  1.52777922]","[ 0.00000000e+00 -1.98107082e-02 -1.22553239e-04 -2.90553086e-04
  8.50105072e-02  3.30935996e-04 -3.70372172e-05  8.46224508e-04]","[ 0.         -1.36967731 13.01826572 -1.67091942  0.68503273  0.90028059
 -0.95708472  0.62199837]"
1747093073.782936,"[ 0.          0.50832392  1.0211011  -2.59810752 -2.16302583  1.14504515
  1.08013846  1.52778015]","[ 0.00000000e+00 -2.05274085e-02 -1.14776074e-04 -2.88559226e-04
  8.58909982e-02  3.30686162e-04 -3.70368514e-05  8.47824030e-04]","[ 0.         -1.33369374 13.0689373  -1.66890097  0.69076759  0.94095403
 -0.95402604  0.61590213]"
1747093073.7846408,"[ 0.          0.50828443  1.0211011  -2.59810699 -2.162845    1.14504608
  1.08013846  1.52778215]","[ 0.00000000e+00 -2.05066088e-02 -1.13118523e-04 -2.40444301e-05
  8.90228007e-02  3.38625972e-04 -3.70089097e-05  8.49450860e-04]","[ 0.         -1.29710257 13.12005329 -1.718624    0.61221439  1.01212752
 -0.94179434  0.61096954]"
1747093073.7868502,"[ 0.          0.50824036  1.0211011  -2.59810672 -2.16266683  1.14504702
  1.08013846  1.52778494]","[ 0.00000000e+00 -2.23953767e-02 -1.12994403e-04  6.62368019e-05
  9.12929458e-02  3.38625972e-04 -3.70368514e-05  8.74340298e-04]","[ 0.         -1.27783918 13.18932152 -1.76367307  0.43812653  1.02450204
 -0.93191099  0.63483858]"
1747093073.788567,"[ 0.          0.50819259  1.0211011  -2.59810752 -2.16248228  1.14504795
  1.08013846  1.52778681]","[ 0.00000000e+00 -2.45788713e-02 -1.11506558e-04 -6.62422960e-05
  9.39939238e-02  3.30686162e-04 -3.70368514e-05  8.69138031e-04]","[ 0.         -1.26084149 13.25438595 -1.80877745  0.2152604   1.00581622
 -0.95565569  0.61907679]"
1747093073.789723,"[ 0.          0.50816552  1.0211011  -2.59810805 -2.16238268  1.14504795
  1.08013846  1.52778787]","[ 0.00000000e+00 -2.75499417e-02 -1.09822634e-04 -1.02052466e-04
  9.36991784e-02  3.30686162e-04 -3.70368514e-05  8.75950548e-04]","[ 0.         -1.24812829 13.31078339 -1.83572805  0.08485503  1.03496742
 -0.97307938  0.63122594]"
1747093073.791465,"[ 0.          0.5081072   1.0211011  -2.59810805 -2.16219998  1.14504995
  1.08013846  1.52779067]","[ 0.00000000e+00 -2.88711484e-02 -1.06037154e-04 -1.32825988e-04
  9.26434348e-02  3.38625972e-04 -3.70368514e-05  9.23482707e-04]","[ 0.         -1.18411267 13.4481163  -1.90261805 -0.07510722  1.06712615
 -0.9505946   0.6406939 ]"
1747093073.7937531,"[ 0.          0.50805254  1.0211011  -2.59810805 -2.1620125   1.14505181
  1.08013846  1.52779347]","[ 0.00000000e+00 -2.70097486e-02 -1.04458178e-04 -1.59576892e-04
  9.02766419e-02  3.49204592e-04 -3.70372172e-05  9.43800168e-04]","[ 0.         -1.19188762 13.53451157 -1.9536351  -0.19275574  1.12513292
 -0.95888948  0.66327482]"
1747093073.7954798,"[ 0.          0.50799974  1.0211011  -2.59810805 -2.16183859  1.14505367
  1.08013752  1.5277964 ]","[ 0.00000000e+00 -2.51190644e-02 -1.03144770e-04 -1.15919207e-04
  8.80517789e-02  3.66975276e-04 -4.76188043e-05  9.71473117e-04]","[ 0.         -1.17326462 13.59404659 -1.97632182 -0.25176865  1.15828931
 -0.99327683  0.65273315]"
1747093073.7972007,"[ 0.          0.50797634  1.0211011  -2.59810859 -2.16175364  1.14505474
  1.08013752  1.52779826]","[ 0.00000000e+00 -2.37685775e-02 -1.03144770e-04 -1.15912006e-04
  8.61610926e-02  3.89753983e-04 -4.76188043e-05  1.02894857e-03]","[ 0.         -1.17822111 13.60837841 -1.99609101 -0.27772242  1.16405785
 -1.00788271  0.64313293]"
1747093073.7989495,"[ 0.          0.5079327   1.0211011  -2.59810859 -2.16158559  1.14505567
  1.08013752  1.52780119]","[ 0.00000000e+00 -2.07942031e-02 -1.01651529e-04 -6.62354325e-05
  8.04074995e-02  4.33246700e-04 -4.76192757e-05  1.06041223e-03]","[ 0.         -1.25162566 13.58935261 -2.01677084 -0.32602099  1.20362282
 -0.98343337  0.66443193]"
1747093073.8006775,"[ 0.          0.50789551  1.0211011  -2.59810859 -2.161429    1.1450566
  1.08013752  1.52780399]","[ 0.00000000e+00 -1.86367264e-02 -9.32328745e-05 -6.24129617e-05
  7.91385615e-02  4.29375916e-04 -4.76188043e-05  1.13019953e-03]","[ 0.         -1.28926051 13.60053635 -2.04690433 -0.25625783  1.2041049
 -0.95238233  0.68119586]"
1747093073.8024101,"[ 0.          0.50785833  1.02110064 -2.59810939 -2.16127081  1.14505754
  1.08013752  1.52780785]","[ 0.00000000e+00 -1.85568669e-02 -9.89891239e-05 -1.32195958e-04
  7.65151897e-02  4.18660497e-04 -4.76188043e-05  1.24331444e-03]","[ 0.         -1.3657409  13.56465626 -2.08967948 -0.13450764  1.19523561
 -0.96191263  0.66733897]"
1747093073.8041692,"[ 0.          0.50783995  1.02110064 -2.59810939 -2.16119784  1.14505754
  1.08013752  1.52780971]","[ 0.00000000e+00 -1.86178429e-02 -9.89891239e-05 -1.25377671e-04
  7.39317237e-02  4.05330875e-04 -4.76188043e-05  1.28691694e-03]","[ 0.         -1.40353608 13.55837822 -2.08535695 -0.07458023  1.20519018
 -0.96601546  0.66541421]"
1747093073.8058696,"[ 0.          0.50780001  1.02110064 -2.59810992 -2.16104417  1.14505847
  1.08013752  1.5278145 ]","[ 0.00000000e+00 -2.10676037e-02 -9.77089081e-05 -1.59574243e-04
  7.52305391e-02  4.13402802e-04 -3.70372172e-05  1.43806044e-03]","[ 0.         -1.45386159 13.53438473 -2.09796095  0.08467658  1.18227792
 -0.96292758  0.66068125]"
1747093073.8076112,"[ 0.          0.50775546  1.02110064 -2.59811018 -2.16089796  1.1450594
  1.08013752  1.5278201 ]","[ 0.00000000e+00 -2.24180906e-02 -9.07308864e-05 -1.64166603e-04
  7.36619039e-02  3.99853709e-04 -3.70368514e-05  1.67684092e-03]","[ 0.         -1.55653834 13.505826   -2.13139319  0.20868939  1.17417574
 -0.94567263  0.67427248]"
1747093073.80931,"[ 0.          0.50773203  1.02110017 -2.59811018 -2.16082606  1.1450594
  1.08013752  1.52782396]","[ 0.00000000e+00 -2.37685775e-02 -9.07308864e-05 -1.56826850e-04
  7.30003580e-02  3.94899359e-04 -3.70368514e-05  1.85466127e-03]","[ 0.         -1.57671916 13.45679379 -2.14693737  0.27994916  1.16140485
 -0.92823166  0.67658198]"
1747093073.8110507,"[ 0.          0.507676    1.02110017 -2.59811018 -2.16067266  1.14506033
  1.08013752  1.52783355]","[ 0.00000000e+00 -2.61266423e-02 -8.94844720e-05 -1.20636037e-04
  7.58204875e-02  3.90066300e-04 -3.70368514e-05  2.41774351e-03]","[ 0.         -1.68740654 13.41256428 -2.14461851  0.39619288  1.16989958
 -0.94710922  0.68082178]"
1747093073.8127995,"[ 0.          0.50762091  1.02110017 -2.59811072 -2.16052246  1.1450614
  1.08013752  1.52784686]","[ 0.00000000e+00 -2.88711484e-02 -8.26822606e-05 -1.15103987e-04
  7.64375836e-02  3.76839050e-04 -3.70368514e-05  3.55500328e-03]","[ 0.         -1.78476226 13.39824009 -2.12838769  0.44188398  1.17590141
 -0.97467822  0.68545175]"
1747093073.8157825,"[ 0.          0.50755616  1.0210997  -2.59811125 -2.16036134  1.14506233
  1.08013752  1.52786777]","[ 0.00000000e+00 -3.34920866e-02 -8.72606415e-05 -1.32892275e-04
  7.96787588e-02  3.72977986e-04 -3.70368514e-05  6.75699260e-03]","[ 0.         -1.83597326 13.37274551 -2.12864423  0.45679647  1.18340206
 -0.98873794  0.67486578]"
1747093073.8169558,"[ 0.          0.50747993  1.0210997  -2.59811125 -2.16019862  1.14506326
  1.08013752  1.5278972 ]","[ 0.00000000e+00 -4.05557531e-02 -8.05492935e-05 -1.27271744e-04
  8.29199257e-02  3.76933229e-04 -3.70368514e-05  1.38650034e-02]","[ 0.         -1.86826658 13.32303429 -2.11483192  0.49045321  1.2071408
 -1.00794315  0.64677846]"
1747093073.8186605,"[ 0.          0.50738076  1.0210997  -2.59811125 -2.16002604  1.14506513
  1.08013659  1.5279438 ]","[ 0.00000000e+00 -5.07783261e-02 -7.28607894e-05 -1.22462953e-04
  8.48106036e-02  3.84808832e-04 -4.76183330e-05  2.40737716e-02]","[ 0.         -1.90456891 13.3319006  -2.08599806  0.44571975  1.23777843
 -1.02735102  0.66438001]"
1747093073.8209023,"[ 0.          0.50726917  1.0210997  -2.59811125 -2.15985028  1.14506699
  1.08013659  1.52799999]","[ 0.00000000e+00 -5.83410544e-02 -7.20454807e-05 -1.22462953e-04
  8.55120470e-02  3.94515001e-04 -3.70368514e-05  2.91705272e-02]","[ 0.         -1.94228983 13.34346104 -2.06238246  0.39359239  1.29110098
 -1.0410229   0.6685881 ]"
1747093073.8227167,"[ 0.          0.50714427  1.0210997  -2.59811125 -2.15968489  1.14506992
  1.08013659  1.52806271]","[ 0.00000000e+00 -6.15822255e-02 -6.21629977e-05 -1.17999972e-04
  8.33755593e-02  4.28967210e-04 -3.70368514e-05  3.05937517e-02]","[ 0.         -1.8714956  13.40902233 -2.04706669  0.35709697  1.32454956
 -1.02559924  0.68641549]"
1747093073.82499,"[ 0.          0.50701617  1.02109924 -2.59811125 -2.15952058  1.14507085
  1.08013659  1.52812077]","[ 0.00000000e+00 -6.56336883e-02 -6.78841818e-05 -9.46262471e-05
  8.31900202e-02  4.48589622e-04 -3.70372172e-05  2.88711484e-02]","[ 0.         -1.7770319  13.44571686 -2.00733757  0.37492475  1.33808351
 -1.02805865  0.68462622]"
1747093073.826707,"[ 0.          0.50694959  1.02109924 -2.59811125 -2.15935147  1.14507272
  1.08013559  1.52817883]","[ 0.00000000e+00 -6.75243704e-02 -6.14757310e-05 -9.14233099e-05
  8.29199257e-02  4.86683587e-04 -4.76188043e-05  2.78091130e-02]","[ 0.         -1.75942254 13.48997211 -1.93963957  0.39342138  1.32963181
 -1.05120754  0.70428008]"
1747093073.8290462,"[ 0.          0.50681181  1.02109924 -2.59811178 -2.15918608  1.14507365
  1.08013559  1.52823116]","[ 0.00000000e+00 -6.75243704e-02 -6.14190226e-05 -1.06112600e-04
  8.40003119e-02  4.84741287e-04 -4.76188043e-05  2.70097486e-02]","[ 0.         -1.72789419 13.55476856 -1.90653634  0.42827535  1.33595455
 -1.09570515  0.72386581]"
1747093073.8307455,"[ 0.          0.50667039  1.02109924 -2.59811178 -2.15901671  1.14507565
  1.08013466  1.52828535]","[ 0.00000000e+00 -6.99644043e-02 -5.43032875e-05 -1.02748718e-04
  8.23797284e-02  5.06990775e-04 -5.82007654e-05  2.68069842e-02]","[ 0.         -1.62460649 13.53910255 -1.88974679  0.47295889  1.32729149
 -1.11323953  0.71208447]"
1747093073.8325553,"[ 0.          0.50652205  1.02109924 -2.59811178 -2.15885612  1.14507751
  1.08013466  1.52833861]","[ 0.00000000e+00 -7.64375836e-02 -5.36685801e-05 -9.93562351e-05
  8.10292395e-02  5.22429015e-04 -5.82887721e-05  2.70371687e-02]","[ 0.         -1.55127585 13.61026764 -1.84837055  0.56233948  1.333884
 -1.09237969  0.71213192]"
1747093073.8343244,"[ 0.          0.50644492  1.02109924 -2.59811178 -2.15876877  1.14507844
  1.08013466  1.52836711]","[ 0.00000000e+00 -7.83282698e-02 -5.36692141e-05 -9.10737212e-05
  8.22520548e-02  5.46264729e-04 -5.83328791e-05  2.68069842e-02]","[ 0.         -1.48573625 13.61800098 -1.87278223  0.60493922  1.3269105
 -1.07181525  0.70970398]"
1747093073.8355055,"[ 0.          0.50627688  1.02109924 -2.59811205 -2.15860818  1.14508137
  1.08013466  1.52841571]","[ 0.00000000e+00 -8.34601230e-02 -4.98841899e-05 -8.29929600e-05
  8.12169673e-02  6.41963563e-04 -5.82887721e-05  2.43087727e-02]","[ 0.         -1.40569758 13.67683315 -1.87122738  0.70089442  1.36403251
 -1.06976533  0.70665926]"
1747093073.8378396,"[ 0.          0.50609961  1.02109924 -2.59811205 -2.15844359  1.14508324
  1.08013466  1.52846139]","[ 0.00000000e+00 -8.65151183e-02 -4.99280287e-05 -6.39740822e-05
  8.48106036e-02  6.99994598e-04 -5.83322980e-05  2.15660871e-02]","[ 0.         -1.29080117 13.74046993 -1.87329972  0.77163488  1.34793627
 -1.09852195  0.72306401]"
1747093073.8396168,"[ 0.          0.50592604  1.0210997  -2.59811205 -2.1582641   1.14508417
  1.08013373  1.52849747]","[ 0.00000000e+00 -8.85919761e-02 -4.31500772e-05 -6.21344708e-05
  8.91321651e-02  7.04361115e-04 -7.41857136e-05  1.72862385e-02]","[ 0.         -1.19501543 13.81913662 -1.8355087   0.80337036  1.31044483
 -1.10565686  0.72586197]"
1747093073.8425713,"[ 0.          0.50574697  1.0210997  -2.59811205 -2.15808061  1.1450851
  1.08013373  1.52852797]","[ 0.00000000e+00 -9.18331430e-02 -4.26637261e-05 -5.43660751e-05
  9.45341127e-02  6.91069627e-04 -7.42418490e-05  1.45445703e-02]","[ 0.         -1.12556052 13.90738392 -1.81892395  0.76353073  1.28479147
 -1.10026789  0.7112273 ]"
1747093073.8448489,"[ 0.          0.50546272  1.02110017 -2.59811258 -2.1577842   1.14508896
  1.0801328   1.52856405]","[ 0.00000000e+00 -9.57874546e-02 -3.65684860e-05 -6.79474124e-05
  9.88556741e-02  7.14013189e-04 -8.47828240e-05  1.20193381e-02]","[ 0.         -1.00820613 14.10120583 -1.80332553  0.71184009  1.31384766
 -1.15156555  0.70966876]"
1747093073.8466308,"[ 0.          0.50527353  1.02110064 -2.59811258 -2.1575786   1.14509269
  1.0801328   1.52858695]","[ 0.00000000e+00 -9.56145072e-02 -3.01337555e-05 -6.59615539e-05
  1.00808920e-01  7.68453442e-04 -8.47836692e-05  1.11777375e-02]","[ 0.         -0.95163441 14.18035793 -1.80445421  0.68790287  1.3813014
 -1.16385782  0.75419348]"
1747093073.8478525,"[ 0.          0.50517067  1.02110064 -2.59811258 -2.157479    1.14509562
  1.0801318   1.52859827]","[ 0.00000000e+00 -9.67966262e-02 -3.01078659e-05 -6.42172598e-05
  1.00914106e-01  8.42306488e-04 -9.53816248e-05  1.10739970e-02]","[ 0.         -0.91339546 14.21474266 -1.82100332  0.68043035  1.4003861
 -1.17312288  0.76301104]"
1747093073.8496346,"[ 0.          0.50497735  1.02110064 -2.59811258 -2.15727234  1.14510321
  1.0801318   1.52862211]","[ 0.00000000e+00 -9.76762183e-02 -2.98009416e-05 -4.99467540e-05
  1.01059690e-01  1.16765401e-03 -9.54528527e-05  1.15865941e-02]","[ 0.         -0.87978828 14.29736614 -1.8311584   0.57876426  1.44312167
 -1.17182159  0.74499047]"
1747093073.8520257,"[ 0.          0.50477668  1.02110064 -2.59811311 -2.15707713  1.14511652
  1.0801318   1.52864688]","[ 0.00000000e+00 -9.85520072e-02 -2.94512758e-05 -6.09946301e-05
  9.88556741e-02  1.73938047e-03 -9.53816248e-05  1.25531666e-02]","[ 0.         -0.84418225 14.37334824 -1.80536342  0.48496139  1.43440187
 -1.17232966  0.73190832]"
1747093073.8538237,"[ 0.          0.50458014  1.0211011  -2.59811311 -2.15688325  1.14514222
  1.0801318   1.52867164]","[ 0.00000000e+00 -9.96659659e-02 -2.33068837e-05 -4.74414743e-05
  9.80453824e-02  4.13687563e-03 -9.54538036e-05  1.25595322e-02]","[ 0.         -0.83050728 14.40673923 -1.79375243  0.44031346  1.43375957
 -1.18768358  0.73850793]"
1747093073.8556602,"[ 0.          0.50437674  1.0211011  -2.59811338 -2.15668777  1.14520401
  1.08013087  1.528702  ]","[ 0.00000000e+00 -9.92108899e-02 -2.33066297e-05 -5.27907440e-05
  9.45341127e-02  2.54470077e-02 -1.03331130e-04  1.48242365e-02]","[ 0.         -0.82045227 14.42612839 -1.80066168  0.45821473  1.42492723
 -1.20162654  0.7239098 ]"
1747093073.856831,"[ 0.          0.50427754  1.0211011  -2.59811338 -2.15659509  1.14525062
  1.08013087  1.52871825]","[ 0.00000000e+00 -1.00476258e-01 -2.30203021e-05 -5.15317567e-05
  9.39939238e-02  4.72670564e-02 -1.03408291e-04  1.59357516e-02]","[ 0.         -0.82698202 14.41773319 -1.81083822  0.48844561  1.40966737
 -1.19542098  0.72660267]"
1747093073.8586068,"[ 0.          0.5040801   1.0211011  -2.59811338 -2.15641719  1.14535821
  1.08013087  1.52875726]","[ 0.00000000e+00 -1.00476258e-01 -2.30011643e-05 -5.03314161e-05
  8.85919761e-02  5.69905654e-02 -1.03330098e-04  1.89761588e-02]","[ 0.         -0.82277453 14.37858677 -1.80444765  0.56360054  1.38500452
 -1.1697439   0.72600794]"
1747093073.8604114,"[ 0.          0.50386565  1.0211011  -2.59811338 -2.15624009  1.14549136
  1.08013087  1.52879721]","[ 0.00000000e+00 -1.06325824e-01 -2.27588990e-05 -5.03302295e-05
  8.60737992e-02  6.72059479e-02 -9.54538036e-05  2.02573099e-02]","[ 0.         -0.83597195 14.29220867 -1.78171158  0.73461932  1.34188044
 -1.17855942  0.7414639 ]"
1747093073.8628013,"[ 0.          0.50365167  1.02110064 -2.59811391 -2.15606912  1.14563691
  1.08013087  1.52884182]","[ 0.00000000e+00 -1.09818294e-01 -2.81295069e-05 -6.14807374e-05
  8.67012899e-02  7.61674891e-02 -9.53816248e-05  2.15660871e-02]","[ 0.         -0.84036165 14.14010143 -1.78672659  0.9235512   1.32114506
 -1.19272733  0.72375304]"
1747093073.8645828,"[ 0.          0.50343172  1.02110064 -2.59811391 -2.15588589  1.14580522
  1.08013087  1.52889135]","[ 0.00000000e+00 -1.11280161e-01 -2.78617035e-05 -6.01124336e-05
  9.18331430e-02  8.42582058e-02 -9.54538036e-05  2.59293582e-02]","[ 0.         -0.88435161 14.03052616 -1.78006911  1.10345602  1.3272965
 -1.17219484  0.73155814]"
1747093073.8663666,"[ 0.          0.50319846  1.02110017 -2.59811391 -2.15569122  1.1459746
  1.08013087  1.52894835]","[ 0.00000000e+00 -1.15061525e-01 -2.75555473e-05 -5.88024067e-05
  9.60443165e-02  8.69713844e-02 -9.53816248e-05  2.95906783e-02]","[ 0.         -0.87545788 13.87152481 -1.75491428  1.14920247  1.29603398
 -1.1599952   0.72261518]"
1747093073.8687685,"[ 0.          0.50295372  1.02110017 -2.59811391 -2.15549521  1.14614957
  1.08013087  1.52901026]","[ 0.00000000e+00 -1.20619626e-01 -2.72772637e-05 -5.87051917e-05
  1.00206163e-01  8.48106036e-02 -8.48478263e-05  3.29853473e-02]","[ 0.         -0.88630795 13.74067402 -1.73191321  1.11468267  1.27450097
 -1.15072489  0.72511798]"
1747093073.8709803,"[ 0.          0.50270528  1.02110017 -2.59811391 -2.15528642  1.14631801
  1.08012993  1.52908443]","[ 0.00000000e+00 -1.27486012e-01 -2.70042690e-05 -5.74563880e-05
  1.01966754e-01  8.48106036e-02 -9.54538036e-05  3.76152695e-02]","[ 0.         -0.88523662 13.68877506 -1.69600952  1.05433214  1.27536607
 -1.17634654  0.72545105]"
1747093073.8727388,"[ 0.          0.50244998  1.02110017 -2.59811391 -2.15508189  1.14649405
  1.08012894  1.52916526]","[ 0.00000000e+00 -1.29376690e-01 -1.89031813e-05 -5.62584206e-05
  1.04421814e-01  8.58909982e-02 -1.06059781e-04  4.15950101e-02]","[ 0.         -0.83827662 13.65137768 -1.6564045   0.97787845  1.33395708
 -1.23642659  0.71545774]"
1747093073.8745017,"[ 0.          0.50218363  1.02110064 -2.59811445 -2.1548651   1.14667381
  1.080128    1.5292586 ]","[ 0.00000000e+00 -1.29785253e-01 -1.35022716e-05 -6.61326341e-05
  1.06576594e-01  9.26434348e-02 -1.14014268e-04  4.65990565e-02]","[ 0.         -0.87819791 13.68632507 -1.64096057  0.85392302  1.37819457
 -1.228616    0.72801155]"
1747093073.876834,"[ 0.          0.50192284  1.02110064 -2.59811445 -2.15465179  1.14687075
  1.080128    1.52935181]","[ 0.00000000e+00 -1.32617857e-01 -8.10128069e-06 -6.47105111e-05
  1.08199350e-01  9.57935549e-02 -1.14014268e-04  4.83474467e-02]","[ 0.         -0.83272618 13.76827335 -1.61701381  0.69169766  1.40528977
 -1.21342242  0.73436874]"
1747093073.878545,"[ 0.          0.501651    1.02110017 -2.59811445 -2.15443394  1.14707142
  1.08012707  1.52944782]","[ 0.00000000e+00 -1.32617857e-01 -1.33684766e-05 -6.34425797e-05
  1.05573523e-01  1.03177236e-01 -1.21968747e-04  4.66429321e-02]","[ 0.         -0.89097267 13.80627823 -1.58342493  0.40885225  1.40696383
 -1.24317884  0.76065832]"
1747093073.8810098,"[ 0.          0.50139107  1.02110064 -2.59811445 -2.15422914  1.14730165
  1.08012514  1.5295401 ]","[ 0.00000000e+00 -1.31674025e-01 -5.34331387e-06 -5.28698675e-05
  1.02637038e-01  1.15484593e-01 -1.43180701e-04  4.64567646e-02]","[ 0.         -0.88461488 13.79751873 -1.58521998  0.24308768  1.3840487
 -1.30903196  0.76638871]"
1747093073.882782,"[ 0.          0.5011188   1.02110064 -2.59811445 -2.1540326   1.14754426
  1.08012514  1.52963624]","[ 0.00000000e+00 -1.33158055e-01 -5.29497611e-06 -5.18548421e-05
  9.88556741e-02  1.25325232e-01 -1.32574732e-04  4.76011874e-02]","[ 0.         -0.9313795  13.80681801 -1.55514073  0.14622255  1.39592564
 -1.32130539  0.76155728]"
1747093073.884549,"[ 0.          0.50085568  1.02110064 -2.59811445 -2.1538334   1.14780871
  1.08012514  1.52972852]","[ 0.00000000e+00 -1.33698252e-01 -5.29097849e-06 -5.08780598e-05
  9.63271025e-02  1.31267377e-01 -1.32574732e-04  4.72670564e-02]","[ 0.         -0.93646109 13.88243008 -1.55782115  0.24440397  1.42685735
 -1.28898752  0.75761443]"
1747093073.886967,"[ 0.          0.50058014  1.02110064 -2.59811445 -2.15364511  1.14807889
  1.08012328  1.52982546]","[ 0.00000000e+00 -1.34913427e-01 -5.29497611e-06 -5.08780598e-05
  9.56145072e-02  1.38019813e-01 -1.51135188e-04  4.73952376e-02]","[ 0.         -0.9559775  13.89040756 -1.58886838  0.43220788  1.47758508
 -1.31370831  0.76706052]"
1747093073.8887346,"[ 0.          0.500306    1.02110064 -2.59811445 -2.1534483   1.14837477
  1.08012228  1.5299168 ]","[ 0.00000000e+00 -1.39640388e-01 -5.29103081e-06 -4.98663260e-05
  9.58846017e-02  1.45704856e-01 -1.61620475e-04  4.64567646e-02]","[ 0.         -0.99776775 13.8704195  -1.58144271  0.55893809  1.4672277
 -1.32626593  0.77689767]"
1747093073.8905025,"[ 0.          0.50001489  1.02110064 -2.59811445 -2.15325629  1.14867158
  1.08012228  1.53000535]","[ 0.00000000e+00 -1.42185721e-01 -5.29497611e-06 -4.48796934e-05
  9.76762183e-02  1.52334978e-01 -1.61741166e-04  4.21291029e-02]","[ 0.         -1.0211308  13.86810684 -1.58304703  0.68085438  1.43376064
 -1.28955972  0.7548874 ]"
1747093073.8921347,"[ 0.          0.49987484  1.02110064 -2.59811445 -2.15313591  1.14883989
  1.08012228  1.5300453 ]","[ 0.00000000e+00 -1.42071272e-01 -5.29097849e-06 -4.40661322e-05
  9.92373301e-02  1.58485665e-01 -1.61618866e-04  4.05146197e-02]","[ 0.         -1.07745361 13.85652828 -1.60416305  0.7344805   1.39257932
 -1.27668118  0.75923812]"
1747093073.8938432,"[ 0.          0.49959334  1.02110064 -2.59811445 -2.15295402  1.14916533
  1.08012228  1.53011667]","[ 0.00000000e+00 -1.42736796e-01 -5.29097849e-06 -4.33998786e-05
  1.00206163e-01  1.67830415e-01 -1.61739556e-04  3.48425735e-02]","[ 0.         -1.12683058 13.88845253 -1.61077273  0.84754086  1.3679142
 -1.29340076  0.76479548]"
1747093073.8955913,"[ 0.          0.49929533  1.02110064 -2.59811445 -2.15272872  1.14952099
  1.08012135  1.5301766 ]","[ 0.00000000e+00 -1.46392833e-01 -5.29502843e-06 -4.26386248e-05
  1.02313531e-01  1.75372786e-01 -1.61618866e-04  2.78352994e-02]","[ 0.         -1.15655947 13.90602779 -1.64755917  1.00078309  1.38556576
 -1.33495688  0.75552791]"
1747093073.8979564,"[ 0.          0.49900605  1.0211011  -2.59811498 -2.15251966  1.14987306
  1.08012135  1.53022227]","[ 0.00000000e+00 -1.46662928e-01  0.00000000e+00 -5.11475741e-05
  1.07041740e-01  1.78534425e-01 -1.61618866e-04  2.21479940e-02]","[ 0.         -1.17776728 13.97116089 -1.64693058  1.1600734   1.40077782
 -1.32425237  0.76861727]"
1747093073.8995962,"[ 0.          0.49870621  1.0211011  -2.59811498 -2.15229462  1.15022886
  1.08012041  1.53025742]","[ 0.00000000e+00 -1.46514323e-01  0.00000000e+00 -5.02819573e-05
  1.10562864e-01  1.72027157e-01 -1.69567338e-04  1.54111868e-02]","[ 0.         -1.21655047 14.0297451  -1.69166207  1.25899053  1.42455065
 -1.33106434  0.77736861]"
1747093073.9019837,"[ 0.          0.49841003  1.0211011  -2.59811498 -2.15208982  1.15056655
  1.08011848  1.53028126]","[ 0.00000000e+00 -1.51254584e-01  0.00000000e+00 -4.94451600e-05
  1.13040652e-01  1.69621207e-01 -1.90763250e-04  1.07929524e-02]","[ 0.         -1.29298663 14.05935383 -1.72161865  1.25717199  1.43703604
 -1.39696586  0.7805149 ]"
1747093073.9036944,"[ 0.          0.49809272  1.0211011  -2.59811498 -2.15185067  1.15089479
  1.08011562  1.5302983 ]","[ 0.00000000e+00 -1.55576145e-01  5.29097849e-06 -4.04551302e-05
  1.11707058e-01  1.65029551e-01 -2.17258159e-04  7.02565146e-03]","[ 0.         -1.33843768 14.09638786 -1.71864498  1.14039779  1.46112835
 -1.44428492  0.78002566]"
1747093073.9054651,"[ 0.          0.49778003  1.0211015  -2.59811524 -2.15162004  1.1512382
  1.08011562  1.53030975]","[ 0.00000000e+00 -1.59627612e-01  7.93646773e-06 -4.34475494e-05
  1.12786354e-01  1.69081018e-01 -2.17422558e-04  6.75243714e-03]","[ 0.         -1.41722929 14.15742302 -1.73928964  0.93277198  1.52150476
 -1.40949738  0.80825979]"
1747093073.907829,"[ 0.          0.4974462   1.0211015  -2.59811631 -2.15138728  1.1516149
  1.08011562  1.53032214]","[ 0.00000000e+00 -1.63949173e-01  7.94246417e-06 -5.98636156e-05
  1.14099650e-01  1.73030237e-01 -2.16932270e-04  5.98170948e-03]","[ 0.         -1.39800692 14.31104088 -1.76887858  0.75319886  1.55581582
 -1.34402192  0.8194561 ]"
1747093073.909508,"[ 0.          0.4971197   1.0211015  -2.59811684 -2.15116544  1.15196205
  1.08011376  1.53033918]","[ 0.00000000e+00 -1.66380040e-01  1.32274462e-05 -6.62364606e-05
  1.11280161e-01  1.77274250e-01 -2.35626445e-04  7.28544439e-03]","[ 0.         -1.41195261 14.36969185 -1.82360399  0.55448312  1.61904478
 -1.392205    0.83274418]"
1747093073.9111617,"[ 0.          0.49677991  1.02110197 -2.59811764 -2.15094919  1.1523265
  1.08011183  1.53035916]","[ 0.00000000e+00 -1.66481290e-01  1.85325998e-05 -7.75586826e-05
  1.09119380e-01  1.79048681e-01 -2.53966967e-04  9.20615258e-03]","[ 0.         -1.41534483 14.40837765 -1.83640826  0.41307768  1.67813396
 -1.42152715  0.82576358]"
1747093073.912964,"[ 0.          0.49661643  1.02110197 -2.59811764 -2.150844    1.1525044
  1.08011089  1.53037154]","[ 0.00000000e+00 -1.65839851e-01  1.85184257e-05 -7.63163969e-05
  1.06688505e-01  1.80425119e-01 -2.64551537e-04  1.07088225e-02]","[ 0.         -1.41028666 14.41800976 -1.84517968  0.31895435  1.70968866
 -1.40745306  0.80540687]"
1747093073.9147167,"[ 0.          0.49627894  1.02110197 -2.59811817 -2.15062881  1.15286965
  1.08011089  1.5303991 ]","[ 0.00000000e+00 -1.64253340e-01  2.11799045e-05 -8.31137076e-05
  1.05067922e-01  1.87987848e-01 -2.64748804e-04  1.35172642e-02]","[ 0.         -1.44539618 14.47604084 -1.88201463  0.22975193  1.72757053
 -1.36370146  0.8022455 ]"
1747093073.916321,"[ 0.          0.4959529   1.02110197 -2.59811897 -2.15042269  1.15326353
  1.08011089  1.53043146]","[ 0.00000000e+00 -1.66650135e-01  2.11639139e-05 -9.36166954e-05
  1.04797819e-01  1.95010370e-01 -2.64548920e-04  1.64759457e-02]","[ 0.         -1.43877769 14.51747704 -1.91396308  0.20310435  1.68668044
 -1.37972939  0.83381337]"
1747093073.9181647,"[ 0.          0.49560666  1.02110197 -2.59812004 -2.15020724  1.15366208
  1.08010896  1.53047048]","[ 0.00000000e+00 -1.69360001e-01  2.11801137e-05 -1.06037154e-04
  1.05608111e-01  2.03653493e-01 -2.75341468e-04  1.89854257e-02]","[ 0.         -1.47680318 14.47358131 -1.93753147  0.25506482  1.61287713
 -1.40754676  0.79268873]"
1747093073.9199553,"[ 0.          0.49543997  1.02110197 -2.59812004 -2.15010311  1.15388285
  1.08010896  1.53049138]","[ 0.00000000e+00 -1.69081018e-01  2.11801137e-05 -1.04570969e-04
  1.05608111e-01  2.07691495e-01 -2.75133604e-04  2.10462568e-02]","[ 0.         -1.49903393 14.44300079 -1.94423854  0.28671813  1.59308708
 -1.39596069  0.76860547]"
1747093073.9217153,"[ 0.          0.49510155  1.02110197 -2.5981203  -2.15000004  1.15409111
  1.08010896  1.53051522]","[ 0.00000000e+00 -1.73402580e-01  2.11639139e-05 -1.06716322e-04
  1.04527725e-01  2.11430656e-01 -2.75130873e-04  2.43334527e-02]","[ 0.         -1.53420854 14.39386749 -1.92812741  0.32130226  1.49335778
 -1.37343204  0.78544205]"
1747093073.92368,"[ 0.          0.49474063  1.02110197 -2.59812084 -2.14978433  1.15451256
  1.08010803  1.53056848]","[ 0.00000000e+00 -1.76913841e-01  2.11639139e-05 -1.12657948e-04
  1.05501110e-01  2.14187294e-01 -2.83067334e-04  2.80901368e-02]","[ 0.         -1.56497586 14.3007555  -1.94223487  0.43421549  1.42734337
 -1.38180459  0.76804024]"
1747093073.9254591,"[ 0.          0.49439119  1.02110197 -2.59812137 -2.14956888  1.15494732
  1.08010803  1.53063133]","[ 0.00000000e+00 -1.77274250e-01  2.64551545e-05 -1.12541231e-04
  1.05573523e-01  2.12296616e-01 -2.83067334e-04  3.07911127e-02]","[ 0.         -1.56376922 14.20599461 -1.95961785  0.55291992  1.39913487
 -1.38892376  0.75901246]"
1747093073.926658,"[ 0.          0.49421625  1.0211015  -2.59812137 -2.14946341  1.15515185
  1.0801071   1.53066262]","[ 0.00000000e+00 -1.77454047e-01  2.11639139e-05 -1.11048632e-04
  1.06958600e-01  2.07224692e-01 -2.83067334e-04  3.18715031e-02]","[ 0.         -1.52609468 14.13979626 -1.98437715  0.59246284  1.47957778
 -1.39169455  0.76210999]"
1747093073.9289908,"[ 0.          0.49384934  1.02110197 -2.5981219  -2.14924983  1.15557036
  1.0801071   1.53072827]","[ 0.00000000e+00 -1.79884914e-01  2.64548924e-05 -1.16548172e-04
  1.09389475e-01  2.03653493e-01 -2.83281212e-04  3.18715031e-02]","[ 0.         -1.56669283 14.05028915 -1.9905349   0.63800722  1.46027899
 -1.40024543  0.77830338]"
1747093073.9307284,"[ 0.          0.49349394  1.02110197 -2.59812217 -2.1490224   1.1559709
  1.08010617  1.53079205]","[ 0.00000000e+00 -1.80155025e-01  2.64551545e-05 -1.18528500e-04
  1.11591967e-01  2.02573099e-01 -2.91003827e-04  3.18715031e-02]","[ 0.         -1.56097138 14.0244627  -1.93688166  0.6266343   1.43642628
 -1.38406301  0.77903736]"
1747093073.9324424,"[ 0.          0.4931197   1.02110197 -2.59812217 -2.14880109  1.15638942
  1.08010517  1.53085477]","[ 0.00000000e+00 -1.83396192e-01  2.64548924e-05 -1.17134713e-04
  1.13170839e-01  2.06354471e-01 -2.93871179e-04  2.97107224e-02]","[ 0.         -1.5910486  13.97202206 -1.91506207  0.53591019  1.39712071
 -1.37780952  0.75204831]"
1747093073.9364605,"[ 0.          0.49275328  1.02110197 -2.5981227  -2.14857392  1.15679475
  1.0801033   1.53091576]","[ 0.00000000e+00 -1.86367264e-01  2.64548924e-05 -1.18945740e-04
  1.09836586e-01  2.03653493e-01 -3.12170821e-04  3.07911127e-02]","[ 0.         -1.64726925 13.97535229 -1.87319767  0.47834533  1.39301312
 -1.41736317  0.75434667]"
1747093073.9367394,"[ 0.          0.49236432  1.02110243 -2.5981227  -2.14835953  1.1572142
  1.0801023   1.53097754]","[ 0.00000000e+00 -1.90905807e-01  3.17458709e-05 -1.17353850e-04
  1.08738998e-01  2.05274077e-01 -3.22993554e-04  2.97107224e-02]","[ 0.         -1.62058091 14.07240295 -1.81669402  0.45242524  1.39014757
 -1.44096875  0.78070968]"
1747093073.9391024,"[ 0.          0.49198506  1.02110243 -2.5981227  -2.14813956  1.15763858
  1.08009944  1.53103653]","[ 0.00000000e+00 -1.91499109e-01  3.17458709e-05 -1.15914891e-04
  1.07498797e-01  2.08639363e-01 -3.49208038e-04  2.97107224e-02]","[ 0.         -1.65140617 14.15798378 -1.79267979  0.42702243  1.45058835
 -1.48431849  0.80384362]"
1747093073.9408314,"[ 0.          0.49159104  1.02110243 -2.5981227  -2.14792464  1.15805802
  1.08009565  1.53109738]","[ 0.00000000e+00 -1.92339403e-01  2.64548924e-05 -1.14617803e-04
  1.09389475e-01  2.13970280e-01 -3.86161056e-04  2.89004307e-02]","[ 0.         -1.63127279 14.26256084 -1.74134278  0.38344091  1.49989522
 -1.51337612  0.80070144]"
1747093073.9425874,"[ 0.          0.49120854  1.0211029  -2.5981227  -2.1477004   1.15851089
  1.08009278  1.53115824]","[ 0.00000000e+00 -1.94542969e-01  3.17458709e-05 -1.14512205e-04
  1.09929672e-01  2.23183935e-01 -4.61407646e-04  3.18715031e-02]","[ 0.         -1.65026808 14.31402969 -1.67319191  0.28843266  1.55180526
 -1.53498018  0.81697863]"
1747093073.9449193,"[ 0.          0.49081137  1.0211029  -2.5981227  -2.14748708  1.15895511
  1.08009092  1.53122961]","[ 0.00000000e+00 -1.94200087e-01  2.64551545e-05 -1.13140304e-04
  1.07498797e-01  2.24721095e-01 -5.53231990e-04  3.56528652e-02]","[ 0.         -1.66560626 14.36123562 -1.65940523  0.19123863  1.59603381
 -1.51082444  0.82879043]"
1747093073.94665,"[ 0.          0.49042012  1.0211029  -2.5981227  -2.14727057  1.15941184
  1.08008806  1.53130857]","[ 0.00000000e+00 -1.99872137e-01  2.64548924e-05 -1.05413529e-04
  1.05573523e-01  2.23725572e-01 -5.82996391e-04  4.15950101e-02]","[ 0.         -1.66515696 14.40660572 -1.65061498  0.12156536  1.6332314
 -1.5440433   0.83179563]"
1747093073.9484515,"[ 0.          0.49000639  1.02110337 -2.5981227  -2.14706098  1.1598494
  1.08008426  1.53140378]","[ 0.00000000e+00 -2.02871689e-01  2.64548924e-05 -1.04180183e-04
  1.06148308e-01  2.20939739e-01 -6.51964526e-04  4.72670564e-02]","[ 0.         -1.66429174 14.45978737 -1.6088903   0.14549576  1.70512664
 -1.59328949  0.81544429]"
1747093073.9507787,"[ 0.          0.4896      1.02110383 -2.5981227  -2.14684739  1.16029361
  1.08007947  1.53150458]","[ 0.00000000e+00 -2.07164771e-01  3.17461838e-05 -1.04087637e-04
  1.08309089e-01  2.25801489e-01 -7.81406834e-04  5.21288109e-02]","[ 0.         -1.65134883 14.52523327 -1.63690007  0.24751337  1.77305329
 -1.61151302  0.82832408]"
1747093073.9525583,"[ 0.          0.48917159  1.02110383 -2.59812323 -2.14662608  1.16076459
  1.08007567  1.53161963]","[ 0.00000000e+00 -2.10135844e-01  3.17458709e-05 -1.07781635e-04
  1.06958600e-01  2.31743634e-01 -9.02519026e-04  5.78008613e-02]","[ 0.         -1.65960217 14.59733963 -1.60792518  0.2653963   1.77264094
 -1.57885802  0.83484501]"
1747093073.954925,"[ 0.          0.48875418  1.02110383 -2.59812323 -2.1464133   1.16122399
  1.08007095  1.53173668]","[ 0.00000000e+00 -2.12081516e-01  2.64548924e-05 -1.06658090e-04
  1.07120054e-01  2.34444612e-01 -1.07450813e-03  5.99616379e-02]","[ 0.         -1.65388608 14.63245964 -1.59158719  0.26713055  1.7567879
 -1.6000098   0.82888663]"
1747093073.9566374,"[ 0.          0.48831931  1.0211043  -2.59812323 -2.14619758  1.16170722
  1.08006336  1.53186411]","[ 0.00000000e+00 -2.12400879e-01  3.17461838e-05 -1.05468144e-04
  1.05231290e-01  2.38225968e-01 -1.64304465e-03  6.26626158e-02]","[ 0.         -1.64121723 14.66885567 -1.57993877  0.32544428  1.72432804
 -1.64129555  0.80057973]"
1747093073.959013,"[ 0.          0.48789597  1.02110476 -2.59812323 -2.14599225  1.16217527
  1.08005284  1.5319954 ]","[ 0.00000000e+00 -2.14727500e-01  3.70928568e-05 -1.05377525e-04
  1.03987527e-01  2.38467833e-01 -2.48398314e-03  6.85352481e-02]","[ 0.         -1.63661325 14.6921463  -1.58400285  0.53614968  1.69589961
 -1.63422072  0.78718823]"
1747093073.9607747,"[ 0.          0.48745605  1.02110476 -2.59812323 -2.14577973  1.16266436
  1.08003766  1.5321448 ]","[ 0.00000000e+00 -2.14187294e-01  3.70928568e-05 -1.04304458e-04
  1.04257622e-01  2.38225968e-01 -3.97053106e-03  7.42768028e-02]","[ 0.         -1.65066957 14.70802689 -1.58953643  0.7684418   1.68538773
 -1.63041449  0.79789841]"
1747093073.9624624,"[ 0.          0.48702901  1.02110476 -2.59812323 -2.14556881  1.16315132
  1.0800053   1.53229514]","[ 0.00000000e+00 -2.17428461e-01  4.23914120e-05 -1.03079467e-04
  1.07228694e-01  2.37226966e-01 -1.06377515e-02  7.61674891e-02]","[ 0.         -1.64035237 14.62591076 -1.64454162  1.02547264  1.653193
 -1.61901128  0.79486209]"
1747093073.9647443,"[ 0.          0.48658084  1.02110476 -2.59812323 -2.14534244  1.16360512
  1.07994538  1.53245213]","[ 0.00000000e+00 -2.18670093e-01  4.23918346e-05 -1.01967617e-04
  1.11820358e-01  2.27692167e-01 -3.45374480e-02  7.61674891e-02]","[ 0.         -1.66432142 14.49173737 -1.67326117  1.1452986   1.6523912
 -1.60579598  0.79083425]"
1747093073.9664698,"[ 0.          0.48614967  1.0211043  -2.5981235  -2.1451158   1.16406172
  1.07985403  1.53259661]","[ 0.00000000e+00 -2.19636588e-01  4.23918346e-05 -1.02581604e-04
  1.15331620e-01  2.18464381e-01 -4.73952376e-02  7.23861249e-02]","[ 0.         -1.62881517 14.40390587 -1.68551373  1.17165124  1.67194939
 -1.56564677  0.7926783 ]"
1747093073.9688501,"[ 0.          0.4856992   1.0211043  -2.5981235  -2.1448692   1.1644841
  1.07974464  1.53274122]","[ 0.00000000e+00 -2.19967585e-01  4.23918346e-05 -9.68039063e-05
  1.21003670e-01  2.13377011e-01 -5.88812517e-02  7.02253442e-02]","[ 0.         -1.6137768  14.25239563 -1.73551476  1.15231717  1.70244575
 -1.55201447  0.80975473]"
1747093073.9706454,"[ 0.          0.48526251  1.0211043  -2.59812403 -2.14461939  1.16491886
  1.07961242  1.5328801 ]","[ 0.00000000e+00 -2.21750022e-01  4.23918346e-05 -1.01510691e-04
  1.28566399e-01  2.11950538e-01 -6.62028724e-02  7.02253442e-02]","[ 0.         -1.61048329 14.18179989 -1.75180602  1.07300961  1.73474264
 -1.57213247  0.83228815]"
1747093073.9729888,"[ 0.          0.48480378  1.0211043  -2.59812457 -2.14434935  1.16534323
  1.07947067  1.53302471]","[ 0.00000000e+00 -2.24437768e-01  4.23918346e-05 -1.05958734e-04
  1.33158055e-01  2.15859043e-01 -7.23861249e-02  7.02253442e-02]","[ 0.         -1.57175756 14.14678097 -1.79427981  0.94693172  1.7524457
 -1.54313064  0.8445012 ]"
1747093073.9747179,"[ 0.          0.4843524   1.0211043  -2.5981259  -2.14408356  1.16578838
  1.07932133  1.53316559]","[ 0.00000000e+00 -2.29889891e-01  3.70928568e-05 -1.17473915e-04
  1.34372256e-01  2.18670093e-01 -7.24720868e-02  7.13057304e-02]","[ 0.         -1.59389508 14.15510941 -1.84213102  0.76639718  1.82711291
 -1.52954078  0.86343169]"
1747093073.97651,"[ 0.          0.48388219  1.0211043  -2.59812696 -2.14380793  1.16622887
  1.07917859  1.53330821]","[ 0.00000000e+00 -2.29954672e-01  3.70932266e-05 -1.25855753e-04
  1.35048741e-01  2.23910811e-01 -7.34665111e-02  6.94150525e-02]","[ 0.         -1.58323109 14.16948414 -1.90283811  0.62887901  1.85861886
 -1.54372644  0.86452818]"
1747093073.9777215,"[ 0.          0.48365396  1.0211043  -2.59812723 -2.14367557  1.16645524
  1.07910728  1.53337678]","[ 0.00000000e+00 -2.31473540e-01  4.23922572e-05 -1.27175500e-04
  1.34238449e-01  2.29350235e-01 -7.23127798e-02  6.96851469e-02]","[ 0.         -1.60020685 14.15210438 -1.94605446  0.5106203   1.92701674
 -1.57908785  0.84535486]"
1747093073.9800432,"[ 0.          0.48319889  1.0211043  -2.59812776 -2.14340153  1.16694619
  1.07895981  1.53352232]","[ 0.00000000e+00 -2.30663240e-01  3.71209245e-05 -1.32475806e-04
  1.34034917e-01  2.43087735e-01 -7.23861249e-02  7.17197770e-02]","[ 0.         -1.6535182  14.19465446 -1.96493626  0.36531305  2.02006793
 -1.55734324  0.86665237]"
1747093073.9818366,"[ 0.          0.48272871  1.0211043  -2.59812829 -2.14314533  1.1674418
  1.07881234  1.53367066]","[ 0.00000000e+00 -2.30663240e-01  3.70928568e-05 -1.37773464e-04
  1.29376690e-01  2.53891630e-01 -7.53571974e-02  7.61674891e-02]","[ 0.         -1.71222734 14.17103672 -1.9687469   0.27173531  2.0569272
 -1.51450956  0.88056183]"
1747093073.9830341,"[ 0.          0.48249954  1.0211043  -2.59812856 -2.14288594  1.16796498
  1.07865062  1.53383525]","[ 0.00000000e+00 -2.32283823e-01  3.70932266e-05 -1.40422954e-04
  1.25384229e-01  2.55042149e-01 -8.10292395e-02  8.14997534e-02]","[ 0.         -1.75972891 14.16952038 -1.97321403  0.24898155  2.07868958
 -1.51212847  0.86559236]"
1747093073.984836,"[ 0.          0.482022    1.0211043  -2.59812963 -2.14276184  1.16821519
  1.07856879  1.53391514]","[ 0.00000000e+00 -2.34174518e-01  3.71209245e-05 -1.51019407e-04
  1.25865421e-01  2.53891630e-01 -8.28359113e-02  8.10292395e-02]","[ 0.         -1.82184482 14.1576128  -2.00804496  0.24755314  2.08402228
 -1.51483881  0.85689759]"
1747093073.9865727,"[ 0.          0.48155592  1.0211043  -2.59813042 -2.14251177  1.1687136
  1.07840041  1.53407786]","[ 0.00000000e+00 -2.37175135e-01  3.70928568e-05 -1.58969375e-04
  1.26817193e-01  2.52811236e-01 -8.58909982e-02  8.29199257e-02]","[ 0.         -1.82613671 14.1488142  -2.01825666  0.31536445  2.03632903
 -1.50407684  0.85482854]"
1747093073.9883795,"[ 0.          0.48106966  1.0211043  -2.59813096 -2.14224492  1.16923598
  1.07821113  1.53425576]","[ 0.00000000e+00 -2.38005924e-01  3.71209245e-05 -1.64392656e-04
  1.30457085e-01  2.56592608e-01 -9.34537265e-02  8.77816761e-02]","[ 0.         -1.89136124 14.08609104 -2.04414654  0.40091905  2.01940131
 -1.4586935   0.85591853]"
1747093073.9901595,"[ 0.          0.48083407  1.0211043  -2.59813176 -2.14211575  1.16948991
  1.07811219  1.53434511]","[ 0.00000000e+00 -2.39036268e-01  3.70928568e-05 -1.72216829e-04
  1.30997274e-01  2.57411913e-01 -1.00476258e-01  9.07527485e-02]","[ 0.         -1.87662745 14.07959938 -2.03801966  0.46164954  2.02182984
 -1.43313575  0.8472662 ]"
1747093073.991917,"[ 0.          0.48036112  1.0211043  -2.59813229 -2.14184358  1.17002547
  1.07789434  1.53453353]","[ 0.00000000e+00 -2.40386757e-01  3.71209245e-05 -1.77514040e-04
  1.33158055e-01  2.63345037e-01 -1.09008818e-01  9.22827928e-02]","[ 0.         -1.87973869 14.02130413 -2.05594969  0.49889243  1.99980187
 -1.41600251  0.82666326]"
1747093073.9937136,"[ 0.          0.47985875  1.0211043  -2.59813282 -2.14158099  1.17053919
  1.07766411  1.53471236]","[ 0.00000000e+00 -2.46869091e-01  3.70928568e-05 -1.84911073e-04
  1.33292960e-01  2.60373964e-01 -1.18842890e-01  8.96723623e-02]","[ 0.         -1.86664736 14.04567432 -2.0213306   0.55116868  1.99313915
 -1.42042339  0.81983501]"
1747093073.9955034,"[ 0.          0.4793679   1.02110476 -2.59813335 -2.14130775  1.17107103
  1.07740632  1.5348808 ]","[ 0.00000000e+00 -2.50650463e-01  4.23914120e-05 -1.98711121e-04
  1.33910356e-01  2.59563681e-01 -1.28296304e-01  8.40003119e-02]","[ 0.         -1.8535037  14.12350845 -2.00094604  0.61823034  1.96531224
 -1.40640068  0.81551296]"
1747093073.9979048,"[ 0.          0.47911716  1.02110476 -2.59813335 -2.14117459  1.17132975
  1.07727602  1.53496922]","[ 0.00000000e+00 -2.54431819e-01  4.24239132e-05 -1.88939348e-04
  1.35048741e-01  2.62534753e-01 -1.31943844e-01  8.32551261e-02]","[ 0.         -1.88047063 14.18329716 -1.97543144  0.62487447  1.86687672
 -1.4287833   0.83220232]"
1747093074.0007477,"[ 0.          0.47809041  1.0211057  -2.59813362 -2.14063583  1.17239329
  1.0767404   1.53527935]","[ 0.00000000e+00 -2.55782308e-01  4.50754075e-05 -1.80647187e-04
  1.31807566e-01  2.63345037e-01 -1.32347763e-01  7.42768028e-02]","[ 0.         -1.85568774 14.41517162 -1.882375    0.6747672   1.78145206
 -1.50741386  0.83845192]"
1747093074.0024989,"[ 0.          0.4775651   1.0211061  -2.59813362 -2.14037538  1.17289756
  1.07647308  1.53541636]","[ 0.00000000e+00 -2.57694358e-01  5.03403034e-05 -1.74625622e-04
  1.32347763e-01  2.54972025e-01 -1.29775865e-01  6.86047607e-02]","[ 0.         -1.8612901  14.52943325 -1.8223455   0.6781987   1.8170799
 -1.53268456  0.84898859]"
1747093074.0047648,"[ 0.          0.47705677  1.02110656 -2.59813362 -2.14010054  1.17340555
  1.07622288  1.53554766]","[ 0.00000000e+00 -2.58221381e-01  5.30298904e-05 -1.69721026e-04
  1.35665737e-01  2.47949485e-01 -1.26405618e-01  6.26921145e-02]","[ 0.         -1.85816872 14.68406773 -1.76157486  0.62363833  1.8283323
 -1.4928453   0.83837807]"
1747093074.006535,"[ 0.          0.4764782   1.02110703 -2.59813362 -2.1398281   1.17391821
  1.07596988  1.53566564]","[ 0.00000000e+00 -2.64559072e-01  5.56813848e-05 -1.57812532e-04
  1.38289908e-01  2.50768458e-01 -1.22625777e-01  5.99616379e-02]","[ 0.         -1.85234416 14.74972343 -1.70255208  0.51034129  1.90267098
 -1.50506163  0.85850054]"
1747093074.0088167,"[ 0.          0.47595566  1.02110749 -2.59813362 -2.13954128  1.17442248
  1.0757254   1.53578162]","[ 0.00000000e+00 -2.64697157e-01  5.83328791e-05 -1.51857350e-04
  1.39427261e-01  2.58753381e-01 -1.24388781e-01  5.78008613e-02]","[ 0.         -1.79710078 14.78931904 -1.6532768   0.41685396  1.89862013
 -1.49203765  0.85369414]"
1747093074.0105186,"[ 0.          0.47540555  1.02110749 -2.59813362 -2.13926564  1.17495325
  1.07548279  1.53590625]","[ 0.00000000e+00 -2.68206787e-01  5.56392812e-05 -1.47254749e-04
  1.39640388e-01  2.61551497e-01 -1.21667263e-01  6.15822255e-02]","[ 0.         -1.71442175 14.87769413 -1.60989845  0.30602196  1.9146415
 -1.52376306  0.84943664]"
1747093074.012799,"[ 0.          0.47487378  1.02110796 -2.59813362 -2.13897775  1.17548215
  1.07524017  1.53603848]","[ 0.00000000e+00 -2.70903104e-01  5.83328791e-05 -1.45666443e-04
  1.40990877e-01  2.70097482e-01 -1.18842890e-01  6.62028724e-02]","[ 0.         -1.64726198 14.92034435 -1.53586972  0.19107184  1.95081663
 -1.49293053  0.84317875]"
1747093074.0150898,"[ 0.          0.47431452  1.02110843 -2.59813362 -2.13870025  1.1760578
  1.07501001  1.53617363]","[ 0.00000000e+00 -2.72798443e-01  6.36358718e-05 -1.39725126e-04
  1.40180594e-01  2.83117593e-01 -1.15601723e-01  6.96851469e-02]","[ 0.         -1.60192728 14.9484911  -1.50272739  0.17861786  2.01318312
 -1.53320098  0.86826676]"
1747093074.0168102,"[ 0.          0.47377313  1.02110889 -2.59813362 -2.13841716  1.17663038
  1.07479216  1.53632677]","[ 0.00000000e+00 -2.75229326e-01  6.89388604e-05 -1.32474083e-04
  1.37792904e-01  2.93623663e-01 -1.03177236e-01  7.62336104e-02]","[ 0.         -1.55633962 14.93945026 -1.43995321  0.20864058  2.10754895
 -1.58149135  0.85858214]"
1747093074.019071,"[ 0.          0.4732106   1.02110889 -2.59813335 -2.13814897  1.17723158
  1.0746076   1.53648469]","[ 0.00000000e+00 -2.74834213e-01  6.89388604e-05 -1.29382946e-04
  1.35318835e-01  2.94652942e-01 -9.07527485e-02  8.21096340e-02]","[ 0.         -1.50173807 14.94148922 -1.38235557  0.26440701  2.10698819
 -1.6267668   0.8734718 ]"
1747093074.0208216,"[ 0.          0.47267151  1.02110936 -2.59813335 -2.13787387  1.17781295
  1.07443443  1.53666166]","[ 0.00000000e+00 -2.72798443e-01  7.42418490e-05 -1.23732782e-04
  1.33968346e-01  2.94406233e-01 -8.21096340e-02  8.77689595e-02]","[ 0.         -1.43208444 14.95182991 -1.30863047  0.37385622  2.0925231
 -1.59504735  0.86361581]"
1747093074.0230188,"[ 0.          0.47210626  1.02110936 -2.59813282 -2.13760835  1.17839512
  1.07428223  1.53683756]","[ 0.00000000e+00 -2.76346839e-01  7.42418490e-05 -1.13795716e-04
  1.35048741e-01  2.94406233e-01 -7.42015519e-02  8.95815069e-02]","[ 0.         -1.36537683 14.90656281 -1.23937201  0.50874764  2.05706215
 -1.5986526   0.84837133]"
1747093074.0253403,"[ 0.          0.47155981  1.02110936 -2.59813282 -2.13719743  1.17929407
  1.07407011  1.53709828]","[ 0.00000000e+00 -2.77648708e-01  7.42411095e-05 -1.12518028e-04
  1.35588930e-01  2.95216533e-01 -6.86047607e-02  8.31900202e-02]","[ 0.         -1.29659247 14.76737499 -1.11898184  0.64438117  2.09584665
 -1.59999323  0.84280294]"
1747093074.0270414,"[ 0.          0.4712843   1.02110936 -2.59813282 -2.13706241  1.17958422
  1.07400446  1.53717725]","[ 0.00000000e+00 -2.79280777e-01  7.95448377e-05 -1.12518028e-04
  1.36939419e-01  2.94406233e-01 -6.64439800e-02  7.99488533e-02]","[ 0.         -1.23295701 14.7341423  -1.10605121  0.65170926  2.03995371
 -1.60384071  0.82049459]"
1747093074.028816,"[ 0.          0.47071169  1.02110936 -2.59813229 -2.13678197  1.18018636
  1.07386938  1.53733704]","[ 0.00000000e+00 -2.79356078e-01  7.42418490e-05 -1.00302134e-04
  1.37209521e-01  2.94652942e-01 -6.55671883e-02  7.70584829e-02]","[ 0.         -1.1485287  14.6013155  -1.04233265  0.65697277  2.0512073
 -1.57697964  0.8079896 ]"
1747093074.0305645,"[ 0.          0.47016205  1.02110936 -2.59813176 -2.13650687  1.18077998
  1.07373808  1.53748351]","[ 0.00000000e+00 -2.78728004e-01  7.42418490e-05 -9.46535468e-05
  1.39100199e-01  3.03049356e-01 -6.75243704e-02  7.42768028e-02]","[ 0.         -1.00365102 14.52719784 -0.98258734  0.6518203   2.0159924
 -1.56979513  0.79716736]"
1747093074.0317738,"[ 0.          0.46986724  1.02110936 -2.59813176 -2.136358    1.18107879
  1.07366485  1.53755395]","[ 0.00000000e+00 -2.77862327e-01  7.42418490e-05 -9.47307888e-05
  1.40179562e-01  3.03049356e-01 -6.89613247e-02  7.13057304e-02]","[ 0.         -0.90282959 14.4673214  -0.9218334   0.63985682  1.9928267
 -1.54417861  0.79077607]"
1747093074.0336235,"[ 0.          0.46932082  1.02110936 -2.59813176 -2.13608449  1.18169238
  1.07351644  1.5376947 ]","[ 0.00000000e+00 -2.77120004e-01  7.42411095e-05 -9.37625971e-05
  1.38289908e-01  2.98414457e-01 -7.62448206e-02  6.86047607e-02]","[ 0.         -0.80409455 14.3693018  -0.88171852  0.55440408  1.97307909
 -1.56577611  0.78561795]"
1747093074.035964,"[ 0.          0.46877301  1.02110936 -2.59813149 -2.13581312  1.18226789
  1.07335092  1.5378212 ]","[ 0.00000000e+00 -2.78470493e-01  7.42418490e-05 -9.00149668e-05
  1.38289908e-01  2.91435178e-01 -8.22520548e-02  6.26626158e-02]","[ 0.         -0.73186916 14.32060242 -0.81829369  0.47339299  1.97395754
 -1.55889976  0.80869693]"
1747093074.0371668,"[ 0.          0.46820772  1.02110936 -2.59813096 -2.13552842  1.18286337
  1.07318155  1.53794211]","[ 0.00000000e+00 -2.75229326e-01  6.89388604e-05 -8.37132358e-05
  1.39100199e-01  2.90354800e-01 -8.77816761e-02  5.88812517e-02]","[ 0.         -0.63845718 14.22932911 -0.81045061  0.41801342  2.03351378
 -1.51406956  0.80927789]"
1747093074.0389128,"[ 0.          0.46793681  1.02110936 -2.59813096 -2.1353918   1.18314966
  1.07309313  1.53800203]","[ 0.00000000e+00 -2.74410820e-01  6.89388604e-05 -8.36487780e-05
  1.38560002e-01  2.90354800e-01 -8.96723623e-02  6.07719338e-02]","[ 0.         -0.64169389 14.22153282 -0.7741465   0.38075632  2.08064437
 -1.51841497  0.81447792]"
1747093074.0406575,"[ 0.          0.46737845  1.02110936 -2.59813042 -2.13511084  1.18372237
  1.07289426  1.53812373]","[ 0.00000000e+00 -2.71988159e-01  6.89910622e-05 -7.83123780e-05
  1.37170348e-01  2.89544500e-01 -1.00374458e-01  6.26626158e-02]","[ 0.         -0.63805139 14.14980507 -0.73883235  0.31665418  2.07794452
 -1.51663458  0.82094735]"
1747093074.042417,"[ 0.          0.46684212  1.02110936 -2.59813042 -2.13484373  1.18432172
  1.07269073  1.53825689]","[ 0.00000000e+00 -2.72528348e-01  6.36358718e-05 -7.83131744e-05
  1.35456221e-01  2.93325855e-01 -1.04257622e-01  6.53635897e-02]","[ 0.         -0.64651531 14.10829926 -0.71356052  0.23188801  2.11037755
 -1.52863872  0.83409852]"
1747093074.0441523,"[ 0.          0.46628602  1.02110936 -2.59813016 -2.13456596  1.18491254
  1.07247854  1.53838819]","[ 0.00000000e+00 -2.71447970e-01  6.35397134e-05 -7.48063973e-05
  1.35164197e-01  3.00888600e-01 -1.03065841e-01  6.44474955e-02]","[ 0.         -0.66625047 14.04436207 -0.64182234  0.13568231  2.12971449
 -1.52102804  0.82786453]"
1747093074.0458825,"[ 0.          0.4660183   1.02110936 -2.59813016 -2.13443094  1.18523785
  1.07237581  1.53845197]","[ 0.00000000e+00 -2.71172933e-01  6.35403432e-05 -7.48634673e-05
  1.36939419e-01  3.06439061e-01 -1.04151994e-01  6.48233924e-02]","[ 0.         -0.65080774 13.97159004 -0.64366519  0.1131144   2.12091088
 -1.52718818  0.84014863]"
1747093074.0476668,"[ 0.          0.46548567  1.02110889 -2.59812963 -2.13416355  1.18585623
  1.07215989  1.53857088]","[ 0.00000000e+00 -2.68746993e-01  5.56392812e-05 -6.87827183e-05
  1.35048741e-01  3.13583157e-01 -1.05824293e-01  5.99616379e-02]","[ 0.         -0.68218547 13.89922428 -0.63152719  0.05815142  2.10790324
 -1.55250013  0.8331486 ]"
1747093074.0494688,"[ 0.          0.46520324  1.02110889 -2.59812963 -2.13401974  1.18618726
  1.07205523  1.53863173]","[ 0.00000000e+00 -2.65814569e-01  5.57235493e-05 -6.87827183e-05
  1.35287576e-01  3.11705196e-01 -1.06148308e-01  5.71752099e-02]","[ 0.         -0.71491164 13.85978413 -0.61721575  0.05224604  2.20804095
 -1.55607212  0.82568169]"
1747093074.0505836,"[ 0.          0.46468436  1.02110889 -2.59812909 -2.13375716  1.18680458
  1.07184404  1.53873826]","[ 0.00000000e+00 -2.62801286e-01  5.03022715e-05 -6.35397134e-05
  1.33023140e-01  3.13313079e-01 -1.06958600e-01  5.29391068e-02]","[ 0.         -0.75834942 13.80362511 -0.63119012  0.1046433   2.15712905
 -1.54663837  0.80888057]"
1747093074.0529337,"[ 0.          0.46414803  1.02110843 -2.59812909 -2.1334959   1.18745346
  1.07162526  1.53884106]","[ 0.00000000e+00 -2.61551497e-01  4.50077435e-05 -5.82007654e-05
  1.32347763e-01  3.19278127e-01 -1.06850226e-01  4.91506186e-02]","[ 0.         -0.80089283 13.69382381 -0.65282047  0.12428355  2.13219452
 -1.54191673  0.80459166]"
1747093074.0546694,"[ 0.          0.46363421  1.02110843 -2.59812856 -2.13322586  1.18809369
  1.07140355  1.53892761]","[ 0.00000000e+00 -2.60914170e-01  4.50072964e-05 -5.29492308e-05
  1.32347763e-01  3.26756650e-01 -1.14675117e-01  4.24053018e-02]","[ 0.         -0.83341336 13.62357903 -0.63546383  0.1618661   2.06639814
 -1.56756902  0.78741884]"
1747093074.0564203,"[ 0.          0.46312082  1.02110843 -2.59812829 -2.13296913  1.18876627
  1.07116194  1.53899991]","[ 0.00000000e+00 -2.59293570e-01  4.23598089e-05 -5.02647924e-05
  1.29916888e-01  3.28757449e-01 -1.19115015e-01  3.41045096e-02]","[ 0.         -0.91206777 13.56229496 -0.6300208   0.17997004  2.0511775
 -1.57195461  0.77273875]"
1747093074.058228,"[ 0.          0.46284625  1.02110843 -2.59812829 -2.13283384  1.18909251
  1.07104117  1.53902841]","[ 0.00000000e+00 -2.58299062e-01  4.23602275e-05 -5.02642966e-05
  1.27390380e-01  3.30869403e-01 -1.22624254e-01  2.89004307e-02]","[ 0.         -0.94332516 13.50819397 -0.62642103  0.23382583  2.01868176
 -1.59879327  0.77527165]"
1747093074.0599744,"[ 0.          0.46233975  1.02110843 -2.59812829 -2.13258909  1.18975177
  1.07077765  1.53907129]","[ 0.00000000e+00 -2.56592608e-01  3.70648338e-05 -5.03022715e-05
  1.23579305e-01  3.36200485e-01 -1.30901134e-01  1.94273149e-02]","[ 0.         -1.01039863 13.4852438  -0.61551088  0.39760739  1.96224535
 -1.59697139  0.75180751]"
1747093074.0628455,"[ 0.          0.4618149   1.02110796 -2.59812776 -2.13233876  1.19043487
  1.0705046   1.53909605]","[ 0.00000000e+00 -2.56044280e-01  3.17698567e-05 -4.49728691e-05
  1.22084056e-01  3.31139514e-01 -1.40990877e-01  1.08038994e-02]","[ 0.         -1.09327471 13.43760204 -0.61011314  0.57959968  1.8935293
 -1.62331748  0.74239719]"
1747093074.065159,"[ 0.          0.46105953  1.02110749 -2.59812723 -2.13195899  1.19142224
  1.07007557  1.53910831]","[ 0.00000000e+00 -2.55782308e-01  2.64751417e-05 -3.97123214e-05
  1.25885769e-01  3.23491315e-01 -1.39910499e-01  1.88876664e-03]","[ 0.         -1.16914213 13.35446072 -0.66053808  0.81061977  1.97716141
 -1.64976215  0.74063402]"
1747093074.0669162,"[ 0.          0.46053882  1.02110749 -2.59812643 -2.13170732  1.19205967
  1.06979967  1.53910937]","[ 0.00000000e+00 -2.53891630e-01  3.17698567e-05 -2.91223691e-05
  1.27896489e-01  3.22226280e-01 -1.40990877e-01  0.00000000e+00]","[ 0.         -1.24333572 13.27260399 -0.6489045   0.83927482  1.99233866
 -1.67100751  0.72864687]"
1747093074.0686135,"[ 0.          0.4600415   1.02110703 -2.59812643 -2.13145565  1.1927208
  1.0695181   1.53910937]","[ 0.00000000e+00 -2.52000952e-01  2.64748795e-05 -2.91226556e-05
  1.28566399e-01  3.21485155e-01 -1.35048741e-01  0.00000000e+00]","[ 0.         -1.32090342 13.21374702 -0.61328065  0.80614936  1.95683599
 -1.66448045  0.726785  ]"
1747093074.0709984,"[ 0.          0.45953041  1.02110749 -2.59812643 -2.13118907  1.19335623
  1.06925552  1.53911123]","[ 0.00000000e+00 -2.48507734e-01  3.17695397e-05 -2.38273920e-05
  1.31267377e-01  3.23036580e-01 -1.33968346e-01  3.72395680e-04]","[ 0.         -1.3361975  13.22352505 -0.62237215  0.75935167  1.97737741
 -1.70278585  0.74435866]"
1747093074.0727081,"[ 0.          0.45903909  1.02110749 -2.5981259  -2.1309129   1.19399272
  1.06898154  1.53911696]","[ 0.00000000e+00 -2.50110258e-01  3.17941919e-05 -1.85324169e-05
  1.34913427e-01  3.22553416e-01 -1.33968346e-01  1.03481136e-03]","[ 0.         -1.34256124 13.30555248 -0.6141597   0.71507812  2.06626821
 -1.72834289  0.74454564]"
1747093074.0745065,"[ 0.          0.45877507  1.02110749 -2.5981259  -2.13077974  1.19438461
  1.06884745  1.53912069]","[ 0.00000000e+00 -2.48511546e-01  3.17698567e-05 -1.32474486e-05
  1.34911904e-01  3.22913742e-01 -1.36129127e-01  1.36539021e-03]","[ 0.         -1.35868776 13.35558224 -0.60314357  0.66787767  2.07063961
 -1.71875954  0.75076777]"
1747093074.0763319,"[ 0.          0.45828325  1.02110749 -2.59812536 -2.13051449  1.19501444
  1.06856869  1.53913028]","[ 0.00000000e+00 -2.49570069e-01  3.17698567e-05  5.29497611e-06
  1.33968346e-01  3.16554246e-01 -1.36919578e-01  2.04354714e-03]","[ 0.         -1.41208029 13.4165287  -0.59067941  0.60147578  2.1495626
 -1.74248528  0.75890845]"
1747093074.0781345,"[ 0.          0.45777356  1.02110749 -2.5981251  -2.13024258  1.19565267
  1.06829664  1.53914266]","[ 0.00000000e+00 -2.48759769e-01  3.17938749e-05  1.85324169e-05
  1.31807566e-01  3.09531723e-01 -1.38830105e-01  2.72574434e-03]","[ 0.         -1.39358687 13.50975037 -0.60149056  0.51613331  2.18088555
 -1.7978121   0.7556684 ]"
1747093074.0798643,"[ 0.          0.45728453  1.02110749 -2.59812457 -2.12996801  1.19625774
  1.06801315  1.53915691]","[ 0.00000000e+00 -2.46869091e-01  3.17698567e-05  2.64751417e-05
  1.28243607e-01  3.06830745e-01 -1.37922649e-01  4.58488149e-03]","[ 0.         -1.40675783 13.61200619 -0.60785723  0.4618957   2.18074155
 -1.8104496   0.74849719]"
1747093074.0816002,"[ 0.          0.45678126  1.02110749 -2.59812403 -2.12970755  1.19688944
  1.06774677  1.53917022]","[ 0.00000000e+00 -2.46235725e-01  3.17698567e-05  4.23918346e-05
  1.26900833e-01  3.07911123e-01 -1.35048741e-01  6.64859467e-03]","[ 0.         -1.41667593 13.70476246 -0.60808486  0.42365873  2.25485349
 -1.81272292  0.72236192]"
1747093074.0833616,"[ 0.          0.45629866  1.02110749 -2.5981235  -2.12946015  1.19749065
  1.06748518  1.53918168]","[ 0.00000000e+00 -2.44168113e-01  3.17698567e-05  5.03022715e-05
  1.25325232e-01  3.03859656e-01 -1.30186982e-01  6.48902866e-03]","[ 0.         -1.42055595 13.75932407 -0.61586893  0.43831837  2.29993176
 -1.84256423  0.7252562 ]"
1747093074.0851188,"[ 0.          0.45605941  1.02110749 -2.5981235  -2.12932832  1.19781409
  1.06732725  1.53918634]","[ 0.00000000e+00 -2.42547529e-01  3.17701716e-05  5.55972507e-05
  1.24130388e-01  3.04146512e-01 -1.30086864e-01  5.76328398e-03]","[ 0.         -1.36712658 13.77453041 -0.61059207  0.42122653  2.29607821
 -1.8761158   0.73153841]"
1747093074.0868566,"[ 0.          0.4555612   1.02110749 -2.59812323 -2.12908491  1.19842009
  1.0670666   1.53919206]","[ 0.00000000e+00 -2.43627924e-01  3.17698567e-05  6.88867318e-05
  1.23434545e-01  3.08408602e-01 -1.26387300e-01  4.36234941e-03]","[ 0.         -1.30905926 13.83614159 -0.61336726  0.42342329  2.26070523
 -1.84575403  0.74597639]"
1747093074.089936,"[ 0.          0.45508546  1.02110796 -2.5981227  -2.12883883  1.19905646
  1.06681832  1.53919299]","[ 0.00000000e+00 -2.39603538e-01  3.70648338e-05  8.20721262e-05
  1.25198249e-01  3.10952886e-01 -1.24514940e-01  3.40408059e-03]","[ 0.         -1.27412713 13.88657761 -0.65451932  0.45547348  2.23524308
 -1.78501725  0.74632615]"
1747093074.0916257,"[ 0.          0.45436178  1.02110796 -2.59812217 -2.1284532   1.19965487
  1.06644255  1.53919592]","[ 0.00000000e+00 -2.37415685e-01  3.70648338e-05  9.53095680e-05
  1.28026201e-01  3.01968978e-01 -1.22510420e-01  1.32971893e-03]","[ 0.         -1.30576003 13.98269749 -0.6731208   0.50874555  2.19902062
 -1.76985896  0.73395199]"
1747093074.0934098,"[ 0.          0.45389526  1.02110796 -2.59812217 -2.12819195  1.20025901
  1.06619901  1.53919592]","[ 0.00000000e+00 -2.36065196e-01  3.70368514e-05  1.00680607e-04
  1.26638070e-01  2.93624163e-01 -1.24514940e-01  5.76441803e-04]","[ 0.         -1.2610364  14.05748558 -0.69614905  0.44100419  2.17226648
 -1.83284366  0.73360217]"
1747093074.0952013,"[ 0.          0.45340943  1.02110843 -2.59812217 -2.12794108  1.20083931
  1.06594121  1.53919965]","[ 0.00000000e+00 -2.37175135e-01  3.70648338e-05  1.05899518e-04
  1.27087013e-01  2.94406233e-01 -1.25384229e-01  9.57397699e-04]","[ 0.         -1.25478435 14.14755154 -0.73497969  0.44159025  2.20670748
 -1.83721876  0.73402143]"
1747093074.096923,"[ 0.          0.45317341  1.02110843 -2.59812217 -2.12781564  1.20115316
  1.06581844  1.53920258]","[ 0.00000000e+00 -2.39306363e-01  3.70648338e-05  1.11194501e-04
  1.27215910e-01  2.95405252e-01 -1.24514940e-01  1.22867876e-03]","[ 0.         -1.21057427 14.22363663 -0.75463998  0.43142417  2.24116969
 -1.82754791  0.72695237]"
1747093074.0987434,"[ 0.          0.45268299  1.02110843 -2.5981219  -2.12755252  1.20174585
  1.06557682  1.53920924]","[ 0.00000000e+00 -2.38731569e-01  3.70368514e-05  1.13928053e-04
  1.28296304e-01  3.00888600e-01 -1.22500009e-01  1.78846781e-03]","[ 0.         -1.21990407 14.29178619 -0.76786363  0.36518818  2.21520686
 -1.82028568  0.72061801]"
1747093074.1004329,"[ 0.          0.45221141  1.02110843 -2.5981219  -2.12742735  1.20237369
  1.06532096  1.53921776]","[ 0.00000000e+00 -2.39306363e-01  3.17698567e-05  1.16489477e-04
  1.26817193e-01  3.08656109e-01 -1.26405618e-01  2.27011440e-03]","[ 0.         -1.25563741 14.35877609 -0.78928399  0.34101674  2.18074679
 -1.8614651   0.71301663]"
1747093074.1022115,"[ 0.          0.45172465  1.02110843 -2.59812137 -2.12716929  1.20299487
  1.06519439  1.53922722]","[ 0.00000000e+00 -2.36976196e-01  2.64548924e-05  1.21876526e-04
  1.24882689e-01  3.18174813e-01 -1.28296304e-01  2.67155109e-03]","[ 0.         -1.25170171 14.3986721  -0.79918343  0.27902967  2.16700888
 -1.87778938  0.70631027]"
1747093074.1039784,"[ 0.          0.45149093  1.02110843 -2.59812084 -2.12704652  1.20331458
  1.06506976  1.53923201]","[ 0.00000000e+00 -2.37145590e-01  2.38273920e-05  1.27079427e-04
  1.24514940e-01  3.24116958e-01 -1.26277545e-01  2.83705849e-03]","[ 0.         -1.29477584 14.41344357 -0.79689056  0.2895534   2.10943818
 -1.89095104  0.68205887]"
1747093074.1057472,"[ 0.          0.45102118  1.02110889 -2.59812084 -2.12679725  1.2039881
  1.06480724  1.5392416 ]","[ 0.00000000e+00 -2.38766174e-01  2.38273920e-05  1.27079427e-04
  1.27215910e-01  3.28231242e-01 -1.28166309e-01  4.17067541e-03]","[ 0.         -1.29005086 14.48784447 -0.82666588  0.35171178  2.16113758
 -1.83234227  0.67573142]"
1747093074.1069427,"[ 0.          0.45078516  1.02110889 -2.59812084 -2.1266609   1.20431247
  1.06467787  1.53924626]","[ 0.00000000e+00 -2.39306363e-01  1.85184257e-05  1.27079427e-04
  1.28393451e-01  3.28645397e-01 -1.31267377e-01  4.60307629e-03]","[ 0.         -1.25585175 14.46529865 -0.82393092  0.39231521  2.18155336
 -1.79441535  0.67014641]"
1747093074.1093163,"[ 0.          0.45005275  1.02110843 -2.59812004 -2.12626915  1.20530277
  1.0642764   1.5392605 ]","[ 0.00000000e+00 -2.42547529e-01  1.05899522e-05  1.35021893e-04
  1.33158055e-01  3.26277747e-01 -1.33158055e-01  4.71857009e-03]","[ 0.         -1.31431329 14.34061813 -0.81901956  0.36019415  2.20858598
 -1.84027624  0.68188852]"
1747093074.1110177,"[ 0.          0.44979606  1.02110843 -2.59812004 -2.12612693  1.20562714
  1.06414797  1.5392653 ]","[ 0.00000000e+00 -2.41740791e-01  1.05899522e-05  1.35021893e-04
  1.33910356e-01  3.28978725e-01 -1.30186982e-01  4.71857009e-03]","[ 0.         -1.31321943 14.29181004 -0.84873676  0.36987698  2.25569296
 -1.81531692  0.68148392]"
1747093074.1128592,"[ 0.          0.44931805  1.02110843 -2.59811951 -2.12586195  1.20631397
  1.06387593  1.53927382]","[ 0.00000000e+00 -2.42547529e-01  1.05899522e-05  1.40318258e-04
  1.33968346e-01  3.35026664e-01 -1.33023140e-01  4.56692856e-03]","[ 0.         -1.32862413 14.19464302 -0.82433134  0.34283867  2.29745007
 -1.79496336  0.6702593 ]"
1747093074.1140516,"[ 0.          0.44881844  1.02110843 -2.59811844 -2.12559643  1.20698748
  1.06361714  1.53928061]","[ 0.00000000e+00 -2.46003863e-01  0.00000000e+00  1.51020918e-04
  1.34508543e-01  3.44374293e-01 -1.30186982e-01  4.19009022e-03]","[ 0.         -1.33901215 14.14762974 -0.81755799  0.32869932  2.31659937
 -1.77860308  0.6747753 ]"
1747093074.116002,"[ 0.          0.44857463  1.02110843 -2.59811844 -2.12545422  1.2073566
  1.06348018  1.53928434]","[ 0.00000000e+00 -2.47409280e-01  0.00000000e+00  1.50906827e-04
  1.33910356e-01  3.47565093e-01 -1.28894991e-01  4.08308108e-03]","[ 0.         -1.38235736 14.14293003 -0.79800314  0.33524081  2.22788835
 -1.81251562  0.66831106]"
1747093074.1181924,"[ 0.          0.44808238  1.02110843 -2.59811764 -2.12518817  1.20805781
  1.06322998  1.539291  ]","[ 0.00000000e+00 -2.50650463e-01 -5.29497611e-06  1.58970968e-04
  1.34238449e-01  3.58149260e-01 -1.27486012e-01  3.62386186e-03]","[ 0.         -1.3501755  14.11867332 -0.76610416  0.3430858   2.17254782
 -1.84012306  0.65301436]"
1747093074.119975,"[ 0.          0.44756256  1.02110843 -2.59811684 -2.12491653  1.20878938
  1.0629598   1.53929672]","[ 0.00000000e+00 -2.54040018e-01 -5.29497611e-06  1.64391030e-04
  1.32077668e-01  3.56257284e-01 -1.32656515e-01  3.28172889e-03]","[ 0.         -1.34489977 14.10011005 -0.73016518  0.38599822  2.14573002
 -1.84439921  0.65226972]"
1747093074.1216903,"[ 0.          0.44706435  1.02110843 -2.59811524 -2.12466379  1.20949232
  1.06269056  1.53930338]","[ 0.00000000e+00 -2.52811236e-01 -1.05899522e-05  1.76868763e-04
  1.27756107e-01  3.54908093e-01 -1.38830105e-01  3.24637620e-03]","[ 0.         -1.242746   14.07516575 -0.67549807  0.50199002  2.15170932
 -1.81773686  0.65784115]"
1747093074.1234517,"[ 0.          0.4465496   1.02110843 -2.59811391 -2.1244012   1.21022575
  1.06239661  1.53930818]","[ 0.00000000e+00 -2.51269998e-01 -1.05899522e-05  1.96107029e-04
  1.28894991e-01  3.59100442e-01 -1.45809951e-01  2.98040911e-03]","[ 0.         -1.22457302 13.99208736 -0.64946765  0.60376209  2.16202092
 -1.82341158  0.64951229]"
1747093074.125229,"[ 0.          0.44605412  1.02110749 -2.59811311 -2.12414235  1.21094121
  1.06209221  1.5393139 ]","[ 0.00000000e+00 -2.50666326e-01 -1.85325998e-05  2.02832616e-04
  1.32077668e-01  3.62643212e-01 -1.57037455e-01  2.84794650e-03]","[ 0.         -1.24110186 13.83571434 -0.61375225  0.65581805  2.16033792
 -1.84489083  0.64996839]"
1747093074.1270213,"[ 0.          0.44580618  1.02110749 -2.59811258 -2.12401132  1.21129981
  1.06192956  1.5393167 ]","[ 0.00000000e+00 -2.51460747e-01 -1.85325998e-05  2.09073620e-04
  1.32753312e-01  3.63551216e-01 -1.65029551e-01  2.83189471e-03]","[ 0.         -1.2191788  13.76984787 -0.60168165  0.66015333  2.21137023
 -1.86702204  0.64961207]"
1747093074.1287963,"[ 0.          0.44528819  1.02110749 -2.59811125 -2.12373595  1.21205987
  1.06156897  1.53932242]","[ 0.00000000e+00 -2.53891630e-01 -1.85464284e-05  2.28734117e-04
  1.34411896e-01  3.73274717e-01 -1.79344725e-01  2.82416478e-03]","[ 0.         -1.18638575 13.62601185 -0.52999485  0.62543052  2.24552393
 -1.8486836   0.64435136]"
1747093074.1306043,"[ 0.          0.44476654  1.02110749 -2.59810992 -2.12347096  1.21281048
  1.06120751  1.53932722]","[ 0.00000000e+00 -2.55031530e-01 -1.85324169e-05  2.54178180e-04
  1.35048741e-01  3.82610162e-01 -1.82131074e-01  2.76609175e-03]","[ 0.         -1.14061308 13.53755569 -0.49991882  0.62533367  2.21385479
 -1.79282892  0.62805259]"
1747093074.132346,"[ 0.          0.44426191  1.02110703 -2.59810859 -2.1231916   1.21359345
  1.06081935  1.53933281]","[ 0.00000000e+00 -2.57672986e-01 -2.38273920e-05  2.69115712e-04
  1.37041310e-01  3.82998218e-01 -1.90958920e-01  2.66340322e-03]","[ 0.         -1.09072638 13.49160194 -0.46586224  0.64745879  2.21445584
 -1.80825675  0.61402243]"
1747093074.1340954,"[ 0.          0.44400934  1.02110703 -2.59810805 -2.12305524  1.21397016
  1.06062528  1.53933574]","[ 0.00000000e+00 -2.56052403e-01 -2.38456439e-05  2.85649157e-04
  1.38289908e-01  3.81917840e-01 -1.96901065e-01  2.74106505e-03]","[ 0.         -1.07429993 13.44804478 -0.46756506  0.65051556  2.27756381
 -1.83855605  0.61821049]"
1747093074.1358497,"[ 0.          0.4434845   1.02110703 -2.59810672 -2.12278307  1.21476631
  1.06020956  1.53934053]","[ 0.00000000e+00 -2.57288442e-01 -2.38273920e-05  3.14994090e-04
  1.38289908e-01  3.90446480e-01 -2.06131681e-01  2.69385350e-03]","[ 0.         -1.07300746 13.39859295 -0.44193047  0.64316553  2.26770973
 -1.84669769  0.61786121]"
1747093074.1376216,"[ 0.          0.44297434  1.02110703 -2.59810486 -2.1225021   1.21553983
  1.05978811  1.53934333]","[ 0.00000000e+00 -2.58483286e-01 -2.38273920e-05  3.51562361e-04
  1.36919578e-01  3.91244530e-01 -2.15267688e-01  2.44428644e-03]","[ 0.         -1.0325712  13.38021088 -0.39468765  0.63062578  2.28926516
 -1.83587134  0.62917286]"
1747093074.1388314,"[ 0.          0.44271951  1.02110703 -2.59810379 -2.12236788  1.21592798
  1.05957506  1.53934519]","[ 0.00000000e+00 -2.58221381e-01 -2.38273920e-05  3.84052569e-04
  1.35991200e-01  3.93802130e-01 -2.16077989e-01  2.36244599e-03]","[ 0.         -1.04947495 13.34994793 -0.37733904  0.62832379  2.27663922
 -1.83030283  0.63622206]"
1747093074.1405392,"[ 0.          0.44218957  1.02110656 -2.59810193 -2.12209917  1.21674797
  1.05912791  1.53934812]","[ 0.00000000e+00 -2.58483286e-01 -2.64751417e-05  4.84892877e-04
  1.36669324e-01  4.01364841e-01 -2.17968666e-01  2.13301752e-03]","[ 0.         -0.99663681 13.32129574 -0.3381803   0.61474591  2.1598289
 -1.87208009  0.60621107]"
1747093074.1423712,"[ 0.          0.44168217  1.0211061  -2.5980998  -2.12181874  1.21754798
  1.05871413  1.53935092]","[ 0.00000000e+00 -2.57132797e-01 -3.17698567e-05  6.54361046e-04
  1.36939419e-01  4.05815017e-01 -2.07224692e-01  2.05300722e-03]","[ 0.         -0.94656229 13.29496288 -0.31878716  0.62068677  2.02305031
 -1.96712327  0.6077953 ]"
1747093074.1441333,"[ 0.          0.44115963  1.0211061  -2.5980966  -2.12154417  1.21837756
  1.058306    1.53935385]","[ 0.00000000e+00 -2.54701914e-01 -3.17698567e-05  8.05693160e-04
  1.39498908e-01  4.03607955e-01 -1.96100935e-01  1.83694436e-03]","[ 0.         -0.91257155 13.33334446 -0.25007892  0.6370275   1.99326885
 -1.97106707  0.62169045]"
1747093074.1459146,"[ 0.          0.44090616  1.02110656 -2.59809527 -2.12139476  1.21877703
  1.05811764  1.53935478]","[ 0.00000000e+00 -2.57132797e-01 -2.65149452e-05  8.58717633e-04
  1.40681102e-01  4.05146197e-01 -1.90958920e-01  1.67353212e-03]","[ 0.         -0.88204199 13.36121273 -0.23281172  0.64386743  2.06720042
 -1.93337667  0.61860746]"
1747093074.147704,"[ 0.          0.44037992  1.0211061  -2.59809181 -2.12111513  1.2196142
  1.05773521  1.53935758]","[ 0.00000000e+00 -2.56285363e-01 -2.65149452e-05  1.04726911e-03
  1.42611461e-01  4.09254123e-01 -1.85568665e-01  1.53078695e-03]","[ 0.         -0.83271575 13.38743019 -0.18323591  0.6622411   2.06892991
 -1.89314473  0.61319661]"
1747093074.1494792,"[ 0.          0.43987112  1.0211061  -2.59808728 -2.12082192  1.22042566
  1.05737755  1.53936051]","[ 0.00000000e+00 -2.57943097e-01 -2.64548924e-05  1.38528407e-03
  1.43941094e-01  4.11481325e-01 -1.80242310e-01  1.38780718e-03]","[ 0.         -0.76445299 13.41874123 -0.10316117  0.55961436  2.03716946
 -1.87845862  0.6128462 ]"
1747093074.1512508,"[ 0.          0.43961582  1.0211061  -2.59808462 -2.12067997  1.22083286
  1.05719965  1.53936144]","[ 0.00000000e+00 -2.59023475e-01 -2.65149452e-05  1.58968325e-03
  1.43961950e-01  4.12979053e-01 -1.80425119e-01  1.38780718e-03]","[ 0.         -0.74326366 13.43928051 -0.07016613  0.48910254  2.06738138
 -1.91395664  0.61405373]"
1747093074.1542559,"[ 0.          0.43908775  1.0211061  -2.59807769 -2.12039475  1.22169186
  1.0568334   1.53936423]","[ 0.00000000e+00 -2.57672986e-01 -2.65149452e-05  2.30116962e-03
  1.43961950e-01  4.20037163e-01 -1.76643747e-01  1.37594597e-03]","[ 0.         -0.6447345  13.50370884 -0.02837459  0.38112959  2.09466219
 -1.94796896  0.60688859]"
1747093074.154805,"[ 0.          0.43858448  1.0211061  -2.59806891 -2.12010606  1.22251385
  1.05648899  1.5393661 ]","[ 0.00000000e+00 -2.54431819e-01 -2.38634509e-05  3.46615331e-03
  1.40931872e-01  4.15528664e-01 -1.75385486e-01  1.25888444e-03]","[ 0.         -0.52520633 13.61248112  0.0186849   0.29585153  2.14677262
 -1.9524473   0.59511489]"
1747093074.1570797,"[ 0.          0.43806743  1.02110656 -2.59805559 -2.11982856  1.22336526
  1.05613039  1.53936716]","[ 0.00000000e+00 -2.52000952e-01 -1.85604623e-05  5.49719881e-03
  1.41117860e-01  4.15528664e-01 -1.75563352e-01  1.12898135e-03]","[ 0.         -0.44615161 13.7119751   0.07050943  0.27708116  2.15661979
 -1.95467627  0.61193258]"
1747093074.1588821,"[ 0.          0.43757428  1.02110656 -2.59803642 -2.11954173  1.22418711
  1.05577839  1.5393681 ]","[ 0.00000000e+00 -2.50110258e-01 -1.85602774e-05  9.72350907e-03
  1.38959260e-01  4.16338132e-01 -1.80425119e-01  1.05976692e-03]","[ 0.         -0.35333243 13.79954624  0.09565391  0.27050665  2.24410057
 -1.9663229   0.61830068]"
1747093074.1606336,"[ 0.          0.43706318  1.02110656 -2.59800526 -2.11927009  1.22504425
  1.0553931   1.53936996]","[ 0.00000000e+00 -2.48762315e-01 -1.85604623e-05  1.67460433e-02
  1.37479616e-01  4.18651087e-01 -1.90958920e-01  9.93593219e-04]","[ 0.         -0.30451486 13.85347843  0.1109362   0.19519015  2.23547244
 -1.98286784  0.61124361]"
1747093074.1623938,"[ 0.          0.43657965  1.02110656 -2.59796052 -2.11899286  1.22586903
  1.05500021  1.53937089]","[ 0.00000000e+00 -2.44190550e-01 -1.32574726e-05  2.48237906e-02
  1.35588930e-01  4.18226912e-01 -2.01697285e-01  8.98423831e-04]","[ 0.         -0.24870764 13.8947773   0.13585679  0.18615319  2.23179984
 -1.93815958  0.6157608 ]"
1747093074.164781,"[ 0.          0.43608281  1.02110656 -2.59789953 -2.11872574  1.22671378
  1.05456832  1.53937182]","[ 0.00000000e+00 -2.41513391e-01 -1.06139034e-05  3.20983628e-02
  1.35859032e-01  4.11260283e-01 -2.14187294e-01  7.61707504e-04]","[ 0.         -0.25384942 13.90890026  0.11468867  0.17649519  2.13506031
 -1.91437292  0.60095787]"
1747093074.166482,"[ 0.          0.43561353  1.02110656 -2.59782656 -2.11844451  1.22751193
  1.05414501  1.53937182]","[ 0.00000000e+00 -2.38496079e-01 -1.06059783e-05  3.80837445e-02
  1.37170348e-01  4.03656425e-01 -2.14997594e-01  6.42797882e-04]","[ 0.         -0.28631905 13.91483593  0.08507035  0.15716085  2.17736149
 -1.95675659  0.5817557 ]"
1747093074.1688695,"[ 0.          0.43512723  1.0211061  -2.59774427 -2.11817367  1.22833871
  1.05370452  1.53937276]","[ 0.00000000e+00 -2.36976196e-01 -1.06140091e-05  4.24053018e-02
  1.37479616e-01  4.03926236e-01 -2.15049576e-01  5.29883460e-04]","[ 0.00000000e+00 -3.20098668e-01  1.38892956e+01  1.18141072e-02
  1.69249967e-01  2.29471922e+00 -1.98592389e+00  5.85929394e-01]"
1747093074.1706579,"[ 0.          0.43465932  1.0211061  -2.59764893 -2.11789271  1.22913686
  1.05327648  1.53937382]","[ 0.00000000e+00 -2.37145590e-01 -1.32576047e-05  4.83474467e-02
  1.37291838e-01  4.04335931e-01 -2.17968666e-01  4.80206891e-04]","[ 0.         -0.38746327 13.85652637 -0.10345523  0.16369532  2.3316431
 -2.02212238  0.60165977]"
1747093074.171828,"[ 0.          0.43442745  1.0211061  -2.59759699 -2.11775635  1.22956962
  1.05304525  1.53937382]","[ 0.00000000e+00 -2.35254896e-01 -1.32574726e-05  5.26690081e-02
  1.38289908e-01  4.07498734e-01 -2.17667030e-01  4.50461767e-04]","[ 0.         -0.40236878 13.84030914 -0.13615687  0.16194144  2.36759877
 -1.97646427  0.61302048]"
1747093074.1740842,"[ 0.          0.43395125  1.0211061  -2.59747582 -2.11746926  1.23038202
  1.0526029   1.53937475]","[ 0.00000000e+00 -2.31473540e-01 -1.32675109e-05  6.09367377e-02
  1.41433411e-01  4.13789320e-01 -2.26881884e-01  4.72034770e-04]","[ 0.         -0.49634778 13.79758739 -0.23712638  0.101904    2.42959332
 -1.91740775  0.59759474]"
1747093074.1758084,"[ 0.          0.43350217  1.0211061  -2.59734426 -2.11719203  1.23118883
  1.05212919  1.53937475]","[ 0.00000000e+00 -2.26112347e-01 -1.32574726e-05  6.86047607e-02
  1.40990877e-01  4.06894296e-01 -2.30991008e-01  3.90063894e-04]","[ 0.         -0.55533051 13.78497219 -0.26414812  0.01688379  2.49155045
 -1.87000406  0.58690399]"
1747093074.1775713,"[ 0.          0.43304298  1.0211061  -2.59719432 -2.1169076   1.23202306
  1.05166207  1.53937475]","[ 0.00000000e+00 -2.23936228e-01 -1.32474486e-05  7.54813090e-02
  1.37671888e-01  4.08927586e-01 -2.38225968e-01  3.48271316e-04]","[ 0.         -0.63916022 13.78790951 -0.3514055   0.03096385  2.47489429
 -1.88564348  0.59014183]"
1747093074.1797807,"[ 0.          0.43260445  1.0211061  -2.59703533 -2.11663995  1.23286302
  1.0511598   1.53937569]","[ 0.00000000e+00 -2.21750022e-01 -1.32574726e-05  8.18395312e-02
  1.35048741e-01  4.12764869e-01 -2.48778827e-01  3.52319925e-04]","[ 0.         -0.74587899 13.77795124 -0.42791077  0.06470282  2.39210606
 -1.88412988  0.58686131]"
1747093074.181493,"[ 0.          0.43215125  1.0211057  -2.59685983 -2.11637284  1.23367262
  1.05065846  1.53937569]","[ 0.00000000e+00 -2.21220253e-01 -1.85604623e-05  8.71530952e-02
  1.35859032e-01  4.09592544e-01 -2.55253321e-01  2.77807233e-04]","[ 0.         -0.87767512 13.74737263 -0.52023429  0.09094884  2.45167732
 -1.83639038  0.61724514]"
1747093074.1833107,"[ 0.          0.43171363  1.02110523 -2.5966798  -2.11609481  1.23451645
  1.0501257   1.53937662]","[ 0.00000000e+00 -2.21750022e-01 -2.12119566e-05  9.29135292e-02
  1.35048741e-01  4.13015639e-01 -2.62534753e-01  3.00568938e-04]","[ 0.         -0.98675382 13.66330147 -0.59678489  0.12768473  2.38503504
 -1.80684996  0.61769843]"
1747093074.185131,"[ 0.          0.43149688  1.02110523 -2.59658766 -2.11596138  1.23492258
  1.04987077  1.53937662]","[ 0.00000000e+00 -2.19859344e-01 -2.12119566e-05  9.34537265e-02
  1.35318835e-01  4.11898642e-01 -2.58483286e-01  2.87759985e-04]","[ 0.         -1.08775842 13.5961237  -0.64684111  0.1243282   2.43253994
 -1.84538949  0.6071263 ]"
1747093074.1869342,"[ 0.          0.43104687  1.02110476 -2.59638552 -2.11569134  1.23572645
  1.04934472  1.53937662]","[ 0.00000000e+00 -2.19859344e-01 -2.65149452e-05  1.00104638e-01
  1.31402673e-01  4.04065819e-01 -2.56044280e-01  2.07869996e-04]","[ 0.         -1.19590271 13.51311302 -0.70866328  0.11337315  2.31659937
 -1.84413433  0.60394579]"
1747093074.188705,"[ 0.          0.43061617  1.02110476 -2.5961738  -2.11543088  1.23654458
  1.04884904  1.53937662]","[ 0.00000000e+00 -2.17968666e-01 -3.18179359e-05  1.03818142e-01
  1.32213664e-01  3.98393786e-01 -2.49029880e-01  2.07178231e-04]","[ 0.         -1.26352191 13.5414257  -0.76998508  0.10855542  2.33817911
 -1.78411436  0.59587175]"
1747093074.1904256,"[ 0.          0.43016799  1.02110476 -2.59596208 -2.11515764  1.2373342
  1.04835536  1.53937662]","[ 0.00000000e+00 -2.19171633e-01 -3.18179359e-05  1.08579183e-01
  1.33659586e-01  4.01364841e-01 -2.37226966e-01  1.99338404e-04]","[ 0.         -1.39747715 13.55347919 -0.80673271  0.1126534   2.35892034
 -1.71541405  0.59569275]"
1747093074.1921756,"[ 0.          0.42995218  1.02110476 -2.59585715 -2.11502741  1.23775938
  1.04812606  1.53937662]","[ 0.00000000e+00 -2.18778950e-01 -3.18179359e-05  1.06418402e-01
  1.32077668e-01  4.00226473e-01 -2.32553934e-01  1.90907607e-04]","[ 0.         -1.42576993 13.57780838 -0.81539553  0.12133837  2.28819704
 -1.66965866  0.61674953]"
1747093074.19339,"[ 0.          0.42951732  1.02110476 -2.5956385  -2.11475816  1.23855753
  1.04769037  1.53937755]","[ 0.00000000e+00 -2.20985695e-01 -3.18420273e-05  1.06580406e-01
  1.31028524e-01  4.06624485e-01 -2.16938339e-01  1.83694430e-04]","[ 0.         -1.50282788 13.64067364 -0.8241244   0.14997791  2.28014827
 -1.72331679  0.60316902]"
1747093074.1951904,"[ 0.          0.42906501  1.02110523 -2.59542758 -2.11450463  1.23939948
  1.04726706  1.53937755]","[ 0.00000000e+00 -2.20399533e-01 -3.18179359e-05  1.07228694e-01
  1.28296304e-01  4.12764869e-01 -2.03653493e-01  1.77006504e-04]","[ 0.         -1.58030975 13.71844292 -0.76890135  0.13104835  2.32961893
 -1.7881279   0.60664958]"
1747093074.1969647,"[ 0.          0.42884966  1.02110523 -2.59532026 -2.11437973  1.23980575
  1.04706919  1.53937755]","[ 0.00000000e+00 -2.18508855e-01 -3.18179359e-05  1.08849286e-01
  1.26675712e-01  4.12168753e-01 -2.00682421e-01  1.76511160e-04]","[ 0.         -1.58923709 13.7443161  -0.77030212  0.13568524  2.43032598
 -1.80128944  0.60236228]"
1747093074.1987653,"[ 0.          0.42840059  1.02110523 -2.59509309 -2.11412273  1.24061908
  1.04666678  1.53937755]","[ 0.00000000e+00 -2.18464381e-01 -3.18179359e-05  1.11393137e-01
  1.25384229e-01  4.10671857e-01 -1.96100935e-01  1.37671726e-04]","[ 0.         -1.61692762 13.81046391 -0.70931679  0.15224965  2.43029976
 -1.78384149  0.59799701]"
1747093074.200504,"[ 0.          0.42797308  1.02110523 -2.5948582  -2.11387692  1.24146197
  1.04627483  1.53937755]","[ 0.00000000e+00 -2.16618177e-01 -3.18179359e-05  1.15604261e-01
  1.25055129e-01  4.11751136e-01 -1.98590325e-01  1.32830718e-04]","[ 0.         -1.64879084 13.90133095 -0.69677603  0.17285894  2.44694686
 -1.77185881  0.60553914]"
1747093074.2023234,"[ 0.          0.42754142  1.02110523 -2.59462224 -2.11362206  1.24227051
  1.04586104  1.53937755]","[ 0.00000000e+00 -2.19859344e-01 -3.18423443e-05  1.20733576e-01
  1.23879618e-01  4.10007964e-01 -2.03373229e-01  9.14201808e-05]","[ 0.         -1.66540313 13.98584843 -0.65534836  0.1573756   2.47546315
 -1.78464651  0.61597604]"
1747093074.2040975,"[ 0.          0.42727557  1.02110523 -2.59449867 -2.11350089  1.24270527
  1.04565838  1.53937755]","[ 0.00000000e+00 -2.18932015e-01 -3.18179359e-05  1.25325232e-01
  1.22894348e-01  4.09254123e-01 -2.05544171e-01  9.14201808e-05]","[ 0.         -1.67208505 14.01347542 -0.61492902  0.14075355  2.41141343
 -1.81959665  0.61416763]"
1747093074.2058961,"[ 0.          0.42687423  1.02110523 -2.59423049 -2.11325588  1.24351766
  1.04524366  1.53937755]","[ 0.00000000e+00 -2.21026408e-01 -3.71209245e-05  1.32782258e-01
  1.22894348e-01  4.13789320e-01 -2.11216222e-01  8.84271724e-05]","[ 0.         -1.65720558 14.0202055  -0.62084645  0.07868411  2.38382649
 -1.86989021  0.62257636]"
1747093074.2076569,"[ 0.          0.42643754  1.02110523 -2.59395912 -2.11299808  1.24436721
  1.04480124  1.53937755]","[ 0.00000000e+00 -2.21664302e-01 -3.71209245e-05  1.38560002e-01
  1.26405618e-01  4.14380842e-01 -2.18238761e-01  8.56239369e-05]","[ 0.         -1.6286577  14.08825588 -0.62165034  0.02743863  2.33633542
 -1.88643277  0.61762232]"
1747093074.2093575,"[ 0.          0.42595171  1.02110523 -2.59367309 -2.11274828  1.24517388
  1.04435509  1.53937755]","[ 0.00000000e+00 -2.20669644e-01 -3.18179359e-05  1.40681102e-01
  1.26675712e-01  4.08117286e-01 -2.28772562e-01  8.27968639e-05]","[ 0.00000000e+00 -1.57501698e+00  1.41428633e+01 -5.98094761e-01
 -7.64489174e-03  2.31944251e+00 -1.89623880e+00  6.31679356e-01]"
1747093074.2105076,"[ 0.          0.42573453  1.02110523 -2.59353487 -2.11261485  1.24557722
  1.04410682  1.53937755]","[ 0.00000000e+00 -2.20399533e-01 -3.17938749e-05  1.40180594e-01
  1.25634999e-01  4.08927586e-01 -2.33716204e-01  5.79578031e-05]","[ 0.         -1.53647828 14.18480873 -0.61093277 -0.05253442  2.32225418
 -1.90611243  0.62487161]"
1747093074.2129748,"[ 0.          0.42528682  1.0211057  -2.59323687 -2.11237277  1.24641345
  1.04363018  1.53937755]","[ 0.00000000e+00 -2.18965454e-01 -2.65149452e-05  1.40301967e-01
  1.21960361e-01  4.08117286e-01 -2.43920722e-01  5.62322872e-05]","[ 0.         -1.50489879 14.2252636  -0.61181188 -0.12504521  2.36446595
 -1.94482636  0.61649525]"
1747093074.2141628,"[ 0.          0.42485745  1.0211057  -2.5929551  -2.11212803  1.2472164
  1.04312984  1.53937755]","[ 0.00000000e+00 -2.17208168e-01 -2.65149452e-05  1.36808075e-01
  1.18842890e-01  4.07306986e-01 -2.43746951e-01  5.46097404e-05]","[ 0.         -1.49125528 14.25350475 -0.60045886 -0.15727285  2.3260808
 -2.00737834  0.60972595]"
1747093074.2159166,"[ 0.          0.42464486  1.0211057  -2.59282168 -2.11201191  1.24765116
  1.04289102  1.53937755]","[ 0.00000000e+00 -2.15537783e-01 -2.64948971e-05  1.35181732e-01
  1.17762503e-01  4.09254123e-01 -2.42277435e-01  5.46097404e-05]","[ 0.         -1.53578973 14.26631832 -0.60348064 -0.15578493  2.33645511
 -1.9994663   0.59830266]"
1747093074.2188888,"[ 0.          0.42420221  1.0211057  -2.59255084 -2.11178208  1.24846728
  1.04241445  1.53937755]","[ 0.00000000e+00 -2.16618177e-01 -2.65149452e-05  1.31807566e-01
  1.15061525e-01  4.15950109e-01 -2.42007340e-01  5.29605888e-05]","[ 0.         -1.52510965 14.28986263 -0.57548457 -0.09123018  2.42938519
 -2.05504441  0.58509129]"
1747093074.2205458,"[ 0.          0.4235506   1.0211057  -2.59215749 -2.11144519  1.24971071
  1.04166197  1.53937755]","[ 0.00000000e+00 -2.12952669e-01 -2.65149452e-05  1.30777996e-01
  1.08849286e-01  4.08117519e-01 -2.51730841e-01  2.94385789e-05]","[ 0.         -1.39150572 14.24785805 -0.57291007  0.05853678  2.29342222
 -2.01940846  0.59403718]"
1747093074.222858,"[ 0.          0.42313182  1.02110523 -2.59189197 -2.11122442  1.25052031
  1.04113873  1.53937755]","[ 0.00000000e+00 -2.12296616e-01 -3.18179359e-05  1.36939419e-01
  1.07579666e-01  4.12979053e-01 -2.56285363e-01  2.86584819e-05]","[ 0.         -1.34143329 14.18732452 -0.57711697  0.12162526  2.29707384
 -2.00523901  0.59738487]"
1747093074.2246141,"[ 0.          0.42270112  1.02110476 -2.59160275 -2.11100843  1.2513688
  1.04063552  1.53937755]","[ 0.00000000e+00 -2.10645506e-01 -3.17938749e-05  1.41684181e-01
  1.09389475e-01  4.15774108e-01 -2.54443853e-01  2.86577118e-05]","[ 0.         -1.3091861  13.9758358  -0.56253058  0.20375167  2.29725242
 -2.0121367   0.59040904]"
1747093074.2268577,"[ 0.          0.42249446  1.02110476 -2.59145974 -2.11077834  1.25218878
  1.04012466  1.53937755]","[ 0.00000000e+00 -2.09595638e-01 -2.64948971e-05  1.45042344e-01
  1.13240714e-01  4.15528664e-01 -2.49013085e-01  2.79171969e-05]","[ 0.         -1.34578156 13.82259274 -0.60185719  0.27123326  2.22020388
 -1.98741198  0.58870417]"
1747093074.2285693,"[ 0.          0.42208121  1.02110476 -2.59117185 -2.1105549   1.25304406
  1.03964709  1.53937755]","[ 0.00000000e+00 -2.09055449e-01 -2.64948971e-05  1.46662928e-01
  1.13440942e-01  4.16760409e-01 -2.41197040e-01  2.71612563e-05]","[ 0.         -1.23898292 13.70201397 -0.63182247  0.29606926  2.12009716
 -1.99335349  0.57133299]"
1747093074.230858,"[ 0.          0.42164957  1.0211043  -2.59086559 -2.11032054  1.25385073
  1.03916386  1.53937755]","[ 0.00000000e+00 -2.11486316e-01 -3.18179359e-05  1.50444300e-01
  1.14601190e-01  4.06894296e-01 -2.34498475e-01  2.72139905e-05]","[ 0.         -1.17604399 13.59157085 -0.60799962  0.3230212   2.1184063
 -1.95986712  0.56867266]"
1747093074.2326105,"[ 0.          0.42121931  1.0211043  -2.5905516  -2.1100955   1.25474022
  1.03871199  1.53937755]","[ 0.00000000e+00 -2.09140903e-01 -2.64548924e-05  1.53470300e-01
  1.14135469e-01  4.04978485e-01 -2.25801489e-01  0.00000000e+00]","[ 0.         -1.14282393 13.5232563  -0.62674564  0.39796779  2.18713546
 -1.99431491  0.56162888]"
1747093074.2348995,"[ 0.          0.42081061  1.0211043  -2.59024933 -2.10986327  1.25547566
  1.03826771  1.53937755]","[ 0.00000000e+00 -2.06954864e-01 -2.64551545e-05  1.52875167e-01
  1.12630650e-01  4.03625366e-01 -2.14156268e-01  0.00000000e+00]","[ 0.         -1.10134935 13.49407291 -0.65654802  0.39348087  2.2359848
 -2.03501225  0.55263573]"
1747093074.2366183,"[ 0.          0.42040837  1.0211043  -2.58993721 -2.10964197  1.25636222
  1.03786051  1.53937755]","[ 0.00000000e+00 -2.03113304e-01 -2.64548924e-05  1.53470300e-01
  1.11820358e-01  4.03255519e-01 -2.03447148e-01  0.00000000e+00]","[ 0.         -1.13071632 13.51680946 -0.64648086  0.26425961  2.26789474
 -2.0631125   0.56092072]"
1747093074.2388973,"[ 0.          0.42000108  1.0211043  -2.58963308 -2.1094164   1.257187
  1.03744958  1.53937755]","[ 0.00000000e+00 -1.98791743e-01 -2.64548924e-05  1.55576145e-01
  1.09500537e-01  4.03235679e-01 -1.99611697e-01  0.00000000e+00]","[ 0.         -1.15053451 13.52487469 -0.6356796   0.16398531  2.2588191
 -2.06531906  0.56223047]"
1747093074.2406468,"[ 0.          0.41960939  1.0211043  -2.58932016 -2.10920334  1.25798702
  1.03705577  1.53937755]","[ 0.00000000e+00 -1.98791743e-01 -2.11639139e-05  1.60167801e-01
  1.07228694e-01  4.04735704e-01 -1.99602043e-01  0.00000000e+00]","[ 0.         -1.22173917 13.62561893 -0.59939647  0.12737572  2.34875417
 -2.0275681   0.55215138]"
1747093074.2429163,"[ 0.          0.4192021   1.0211043  -2.58898753 -2.10898976  1.25879276
  1.03664857  1.53937755]","[ 0.00000000e+00 -1.98791743e-01 -1.85324169e-05  1.63138873e-01
  1.04527725e-01  4.08927586e-01 -2.07434866e-01  0.00000000e+00]","[ 0.         -1.26062286 13.6313591  -0.58685631  0.17742006  2.38623595
 -2.00491166  0.54907429]"
1747093074.245752,"[ 0.          0.41880765  1.02110383 -2.58866528 -2.10878336  1.25964803
  1.03621481  1.53937755]","[ 0.00000000e+00 -2.00142232e-01 -2.11639139e-05  1.63408968e-01
  1.05067922e-01  4.20811876e-01 -2.13106916e-01  0.00000000e+00]","[ 0.         -1.28547525 13.57076645 -0.62839347  0.2164768   2.40721965
 -2.02599716  0.56175756]"
1747093074.2474253,"[ 0.          0.41819875  1.0211029  -2.58816781 -2.10845073  1.26094845
  1.03550987  1.53937755]","[ 0.00000000e+00 -2.01222626e-01 -3.17461838e-05  1.63513231e-01
  1.11280161e-01  4.32826361e-01 -2.27692167e-01  0.00000000e+00]","[ 0.         -1.2798562  13.46913242 -0.59738153  0.16770799  2.44738674
 -2.0850966   0.54877013]"
1747093074.2498147,"[ 0.          0.41780387  1.0211029  -2.58783731 -2.1082257   1.26182277
  1.03508463  1.53937755]","[ 0.00000000e+00 -2.00142232e-01 -3.17698567e-05  1.59990285e-01
  1.14791431e-01  4.45660834e-01 -2.36973483e-01  0.00000000e+00]","[ 0.         -1.24921525 13.36103249 -0.53061616  0.0533347   2.37123966
 -2.0530138   0.53327721]"
1747093074.2516012,"[ 0.          0.41739058  1.0211029  -2.58752598 -2.10799081  1.26226219
  1.03454048  1.53937755]","[ 0.00000000e+00 -2.03113304e-01 -3.17698567e-05  1.56926634e-01
  1.14521328e-01  4.45209295e-01 -2.51475794e-01  0.00000000e+00]","[ 0.         -1.23912585 13.33956146 -0.49743971  0.05254705  2.37125492
 -2.04740357  0.54494351]"
1747093074.253378,"[ 0.          0.41696814  1.0211029  -2.58720214 -2.10776098  1.26317352
  1.03402962  1.53937755]","[ 0.00000000e+00 -2.07134744e-01 -3.17461838e-05  1.58234895e-01
  1.18032598e-01  4.45660834e-01 -2.61189457e-01  0.00000000e+00]","[ 0.         -1.18943238 13.36822701 -0.47050583  0.16026279  2.35023904
 -2.05963445  0.55506843]"
1747093074.2550902,"[ 0.          0.41676424  1.0211029  -2.58704608 -2.10763448  1.26361215
  1.03374426  1.53937755]","[ 0.00000000e+00 -2.06894660e-01 -3.17698567e-05  1.58277123e-01
  1.19115015e-01  4.44850534e-01 -2.68823791e-01  0.00000000e+00]","[ 0.         -1.15498817 13.39106941 -0.42687494  0.21574424  2.29800487
 -2.05028582  0.53574121]"
1747093074.2568061,"[ 0.          0.41635005  1.0211029  -2.5867289  -2.10739452  1.26452441
  1.03320104  1.53937755]","[ 0.00000000e+00 -2.10946127e-01 -3.17458709e-05  1.61518290e-01
  1.22624254e-01  4.46117100e-01 -2.76849910e-01  0.00000000e+00]","[ 0.         -1.06332076 13.43471241 -0.37616482  0.30072874  2.30127668
 -2.01723361  0.57356417]"
1747093074.2584867,"[ 0.          0.41591842  1.0211029  -2.58638588 -2.10714525  1.26540632
  1.03262453  1.53937662]","[ 0.00000000e+00 -2.10645506e-01 -3.70368514e-05  1.69179539e-01
  1.21622705e-01  4.47367887e-01 -2.81097519e-01 -1.60301026e-05]","[ 0.         -0.96940541 13.49394703 -0.28551719  0.25256267  2.22530389
 -1.99291658  0.57069749]"
1747093074.2608178,"[ 0.          0.41550789  1.0211029  -2.58604367 -2.10690743  1.2663319
  1.03207472  1.53937662]","[ 0.00000000e+00 -2.07704960e-01 -3.70368514e-05  1.74845830e-01
  1.19653181e-01  4.53389360e-01 -2.76849910e-01 -1.57955014e-05]","[ 0.         -0.94294149 13.5643692  -0.25923643  0.14333776  2.28840876
 -2.03384137  0.55457604]"
1747093074.2625442,"[ 0.          0.41508545  1.0211029  -2.58567722 -2.10666508  1.26721847
  1.03153723  1.53937662]","[ 0.00000000e+00 -2.05379371e-01 -3.70368514e-05  1.80425119e-01
  1.17750303e-01  4.48631923e-01 -2.69017087e-01 -1.55506241e-05]","[ 0.         -0.89359891 13.64563465 -0.26420954  0.11622863  2.34879804
 -2.11362362  0.54292971]"
1747093074.264894,"[ 0.          0.41468228  1.0211029  -2.58531716 -2.10643445  1.26809092
  1.03099208  1.53937662]","[ 0.00000000e+00 -2.04463793e-01 -3.70648338e-05  1.84206475e-01
  1.16952203e-01  4.42328087e-01 -2.64425431e-01 -1.53299724e-05]","[ 0.         -0.87016898 13.7356348  -0.2957347   0.14442773  2.33719444
 -2.08000898  0.55665541]"
1747093074.2666087,"[ 0.          0.41428004  1.02110337 -2.58493712 -2.10620249  1.26899839
  1.03073242  1.53937662]","[ 0.00000000e+00 -2.03923588e-01 -3.17461838e-05  1.85827058e-01
  1.17492401e-01  4.43320514e-01 -2.63345037e-01 -1.51154944e-05]","[ 0.         -0.80167127 13.85630703 -0.29798225  0.21021271  2.42089033
 -2.06318307  0.55644375]"
1747093074.2688944,"[ 0.          0.4138585   1.0211029  -2.58455789 -2.10595961  1.26991265
  1.03019393  1.53937662]","[ 0.00000000e+00 -2.06354471e-01 -3.70648338e-05  1.85067125e-01
  1.18965154e-01  4.46869409e-01 -2.63306887e-01 -1.49069341e-05]","[ 0.         -0.73448968 13.89307404 -0.34144667  0.2503705   2.42231059
 -1.99655926  0.56226331]"
1747093074.270739,"[ 0.          0.41343512  1.0211029  -2.58419144 -2.10569942  1.27080401
  1.02967648  1.53937662]","[ 0.00000000e+00 -2.06131681e-01 -3.17458709e-05  1.86097153e-01
  1.18362713e-01  4.55384334e-01 -2.61189457e-01 -1.48910970e-05]","[ 0.         -0.68630689 13.90168762 -0.36911955  0.20887311  2.39246964
 -1.98260999  0.55721748]"
1747093074.2728982,"[ 0.          0.41302875  1.0211029  -2.58381886 -2.1054648   1.27172959
  1.02914372  1.53937662]","[ 0.00000000e+00 -2.06685036e-01 -3.17701716e-05  1.90148620e-01
  1.18572795e-01  4.51383234e-01 -2.60373964e-01 -1.46886423e-05]","[ 0.         -0.5951305  13.91456032 -0.41334006  0.20597292  2.33629441
 -2.0524025   0.55263489]"
1747093074.2745664,"[ 0.          0.41262099  1.0211029  -2.58342951 -2.10521712  1.27261723
  1.02863192  1.53937662]","[ 0.00000000e+00 -2.06354471e-01 -3.17458709e-05  1.89608431e-01
  1.21622705e-01  4.50522601e-01 -2.60373964e-01 -1.44916187e-05]","[ 0.         -0.56396824 13.96391773 -0.42385581  0.25008142  2.29117393
 -2.02998972  0.5494439 ]"
1747093074.2768967,"[ 0.          0.41220174  1.02110337 -2.5830572  -2.10497344  1.27354094
  1.02809536  1.53937662]","[ 0.00000000e+00 -2.05274077e-01 -2.64748795e-05  1.88528036e-01
  1.23704640e-01  4.52386314e-01 -2.62534753e-01 -1.44914217e-05]","[ 0.         -0.50147021 14.07389164 -0.49915361  0.36003044  2.27231503
 -1.9868238   0.5392189 ]"
1747093074.2786298,"[ 0.          0.41179581  1.02110337 -2.58266678 -2.10471725  1.2744323
  1.02757691  1.53937662]","[ 0.00000000e+00 -2.05814282e-01 -2.64748795e-05  1.89955957e-01
  1.24882689e-01  4.53142951e-01 -2.61454359e-01 -1.42996189e-05]","[ 0.         -0.47442833 14.19847584 -0.50715709  0.35989442  2.28551531
 -2.00239277  0.53409457]"
1747093074.280385,"[ 0.          0.41157863  1.02110337 -2.58247956 -2.10459448  1.27488411
  1.02730201  1.53937662]","[ 0.00000000e+00 -2.04627062e-01 -2.64751417e-05  1.89878525e-01
  1.24514940e-01  4.57621190e-01 -2.58793045e-01 -1.42998109e-05]","[ 0.         -0.4581053  14.24256706 -0.50659382  0.37197164  2.33628535
 -2.03632259  0.52076292]"
1747093074.2821872,"[ 0.          0.41117499  1.02110337 -2.5820934  -2.10434414  1.27583166
  1.02679973  1.53937569]","[ 0.00000000e+00 -2.04463793e-01 -2.38094022e-05  1.87447642e-01
  1.27215910e-01  4.63921663e-01 -2.52811236e-01 -2.43793104e-05]","[ 0.         -0.46373463 14.33528328 -0.52957654  0.34506184  2.41297555
 -2.12340236  0.5225715 ]"
1747093074.283889,"[ 0.          0.41075941  1.02110383 -2.58171949 -2.10421711  1.27674779
  1.02630505  1.53937569]","[ 0.00000000e+00 -2.01828212e-01 -1.85324169e-05  1.90765441e-01
  1.28836493e-01  4.64636622e-01 -2.49587030e-01 -2.43551052e-05]","[ 0.         -0.5076291  14.44385529 -0.51781982  0.32865205  2.38937354
 -2.14016962  0.53653491]"
1747093074.2855482,"[ 0.          0.41036223  1.0211043  -2.58132002 -2.10394893  1.27770759
  1.02578753  1.53937569]","[ 0.00000000e+00 -2.01222626e-01 -1.05819570e-05  1.96918592e-01
  1.30727179e-01  4.69969602e-01 -2.54701914e-01 -2.43547862e-05]","[ 0.         -0.53494006 14.5844965  -0.50871313  0.2845206   2.38225603
 -2.12999225  0.53875035]"
1747093074.2879436,"[ 0.          0.40995583  1.02110476 -2.58092614 -2.10367888  1.2786389
  1.02525956  1.53937569]","[ 0.00000000e+00 -1.96901065e-01  0.00000000e+00  2.00142232e-01
  1.32347763e-01  4.72670580e-01 -2.58040752e-01 -2.40450519e-05]","[ 0.         -0.5344103  14.69217968 -0.49659753  0.29309869  2.42419553
 -2.16156745  0.54032433]"
1747093074.2897098,"[ 0.          0.40956461  1.02110476 -2.58050776 -2.10341816  1.27961788
  1.02473918  1.53937569]","[ 0.00000000e+00 -1.98590325e-01  0.00000000e+00  2.05687233e-01
  1.33158055e-01  4.79769835e-01 -2.66316109e-01 -2.37427906e-05]","[ 0.         -0.55222368 14.74580956 -0.5311591   0.30376714  2.35341215
 -2.16650772  0.54709703]"
1747093074.2909245,"[ 0.          0.40935339  1.02110476 -2.58030376 -2.10328527  1.28009445
  1.0244738   1.53937569]","[ 0.00000000e+00 -1.98859387e-01  0.00000000e+00  2.07104717e-01
  1.34642084e-01  4.83474492e-01 -2.69017087e-01 -2.37427906e-05]","[ 0.         -0.57599157 14.76276112 -0.55016965  0.28059852  2.38314772
 -2.15107179  0.55528742]"
1747093074.2926512,"[ 0.          0.40896031  1.02110476 -2.57989709 -2.1030067   1.28108661
  1.02390015  1.53937569]","[ 0.00000000e+00 -1.99331932e-01  0.00000000e+00  2.05274077e-01
  1.36800676e-01  4.83481583e-01 -2.82521944e-01 -2.34486263e-05]","[ 0.         -0.57488495 14.7810421  -0.53293252  0.23224697  2.38770056
 -2.09316516  0.54284108]"
1747093074.2949834,"[ 0.          0.40856173  1.02110476 -2.57948244 -2.1027252   1.28204362
  1.02332171  1.53937569]","[ 0.00000000e+00 -2.02573099e-01  0.00000000e+00  2.01492721e-01
  1.36919578e-01  4.86175470e-01 -2.95996706e-01 -2.31613762e-05]","[ 0.         -0.62867296 14.75863266 -0.54482198  0.14319558  2.29680204
 -2.02533698  0.55730242]"
1747093074.2967522,"[ 0.          0.40814342  1.02110476 -2.57908643 -2.10245516  1.2830463
  1.02270526  1.53937569]","[ 0.00000000e+00 -2.03716976e-01 -5.29497611e-06  2.00209277e-01
  1.35859032e-01  4.90001567e-01 -3.00583735e-01 -2.28594705e-05]","[ 0.         -0.65217197 14.72964382 -0.57121992  0.11139057  2.26021504
 -2.02333283  0.56244236]"
1747093074.2990003,"[ 0.          0.40774161  1.02110476 -2.57867736 -2.10218618  1.28401955
  1.02211643  1.53937475]","[ 0.00000000e+00 -2.04463793e-01 -5.29097849e-06  2.00412326e-01
  1.36399221e-01  4.95396532e-01 -2.98187623e-01 -3.22662674e-05]","[ 0.         -0.66574055 14.65104771 -0.56667525  0.12154599  2.29580092
 -2.05977392  0.54132444]"
1747093074.3008308,"[ 0.          0.40732653  1.02110476 -2.57827709 -2.10190495  1.28504127
  1.02151809  1.53937475]","[ 0.00000000e+00 -2.02573099e-01 -5.29497611e-06  2.03923588e-01
  1.38019813e-01  4.99029250e-01 -2.90354800e-01 -3.18563741e-05]","[ 0.         -0.66311407 14.62170124 -0.55198908  0.19161832  2.44502783
 -2.05990386  0.55953211]"
1747093074.3025155,"[ 0.          0.40691324  1.02110476 -2.57785818 -2.10162319  1.28602398
  1.0209501   1.53937475]","[ 0.00000000e+00 -2.01428172e-01 -5.29097849e-06  2.05003982e-01
  1.37421118e-01  4.98364592e-01 -2.88756970e-01 -3.15133441e-05]","[ 0.         -0.68853623 14.66699409 -0.53776014  0.22761676  2.54797792
 -2.00552678  0.56620026]"
1747093074.3047674,"[ 0.          0.40651606  1.02110476 -2.57745311 -2.10135501  1.28704756
  1.02037646  1.53937475]","[ 0.00000000e+00 -2.01222626e-01 -5.29502843e-06  2.05814282e-01
  1.34911904e-01  4.99561916e-01 -2.78603751e-01 -3.14850265e-05]","[ 0.         -0.73574406 14.63297272 -0.53047711  0.16853033  2.52495074
 -2.02703834  0.55062783]"
1747093074.3064783,"[ 0.          0.40631629  1.02110476 -2.57723473 -2.10109322  1.288034
  1.01982851  1.53937475]","[ 0.00000000e+00 -2.02573099e-01 -5.29103081e-06  2.05630141e-01
  1.32347763e-01  4.99680327e-01 -2.76849910e-01 -3.11499045e-05]","[ 0.         -0.77951825 14.58798504 -0.53383708  0.11401971  2.49847054
 -2.06103277  0.54768699]"
1747093074.3076265,"[ 0.          0.40589844  1.02110476 -2.57682966 -2.1009526   1.28852495
  1.01952891  1.53937475]","[ 0.00000000e+00 -2.04877832e-01 -5.29497611e-06  2.05274077e-01
  1.32405745e-01  4.98059760e-01 -2.82114513e-01 -3.07677151e-05]","[ 0.         -0.82719249 14.50802135 -0.52334249  0.12492522  2.48972726
 -2.10516882  0.54790133]"
1747093074.3100219,"[ 0.          0.40549664  1.02110476 -2.57640995 -2.10068735  1.28953709
  1.01896758  1.53937475]","[ 0.00000000e+00 -2.03923588e-01 -5.29103081e-06  2.05186159e-01
  1.35181732e-01  4.91618971e-01 -2.85473592e-01 -3.07673596e-05]","[ 0.         -0.85215056 14.46619511 -0.51041609  0.17179692  2.36074138
 -2.06133842  0.53746313]"
1747093074.3117464,"[ 0.          0.40508062  1.02110476 -2.57599609 -2.10040852  1.29049503
  1.01837303  1.53937382]","[ 0.00000000e+00 -2.03623982e-01 -5.29497611e-06  2.11486316e-01
  1.37479616e-01  4.85095059e-01 -2.90389887e-01 -4.20787011e-05]","[ 0.         -0.88417077 14.39550209 -0.537826    0.17491561  2.43234921
 -2.00306773  0.5370878 ]"
1747093074.3135183,"[ 0.          0.40468158  1.0211043  -2.57555854 -2.10014087  1.29148918
  1.01779845  1.53937382]","[ 0.00000000e+00 -2.01222626e-01 -1.32274462e-05  2.14509936e-01
  1.35859032e-01  4.85095059e-01 -2.91435178e-01 -4.16160735e-05]","[ 0.         -0.92095315 14.27179527 -0.51077497  0.10200283  2.51122832
 -1.99561763  0.5495885 ]"
1747093074.31527,"[ 0.          0.40448184  1.0211043  -2.57534815 -2.0999952   1.29196669
  1.01751023  1.53937382]","[ 0.00000000e+00 -2.02573099e-01 -1.32275773e-05  2.13377011e-01
  1.37170348e-01  4.84284759e-01 -2.91949367e-01 -4.16509398e-05]","[ 0.         -0.90479058 14.19452095 -0.53352529  0.07727113  2.50686836
 -1.98570228  0.54702985]"
1747093074.317583,"[ 0.          0.40386056  1.0211043  -2.5747026  -2.09958347  1.29344315
  1.01662266  1.53937382]","[ 0.00000000e+00 -2.06354471e-01 -1.32375708e-05  2.11899356e-01
  1.40450688e-01  4.87255848e-01 -2.90354800e-01 -4.07193373e-05]","[ 0.         -0.98357171 14.06023407 -0.53522235 -0.09702165  2.69382453
 -2.01867509  0.5519563 ]"
1747093074.3202424,"[ 0.          0.40343718  1.0211043  -2.57429247 -2.09929878  1.29439549
  1.01603664  1.53937382]","[ 0.00000000e+00 -2.07164771e-01 -1.32374398e-05  2.06084377e-01
  1.39176499e-01  4.81313703e-01 -2.83869903e-01 -4.02855292e-05]","[ 0.         -1.02218258 13.99940014 -0.5502975  -0.11419693  2.7281189
 -1.94329834  0.55573541]"
1747093074.3233485,"[ 0.          0.40282279  1.0211043  -2.57366956 -2.09889505  1.29586236
  1.01518902  1.53937382]","[ 0.00000000e+00 -2.07164771e-01 -1.32274462e-05  2.06438827e-01
  1.34911904e-01  4.85682852e-01 -2.89251119e-01 -3.98604337e-05]","[ 0.         -1.00880146 14.02640438 -0.55365884 -0.02747261  2.70542073
 -1.9709512   0.56184947]"
1747093074.3260298,"[ 0.          0.40220287  1.0211043  -2.57303359 -2.09849477  1.29732643
  1.01429193  1.53937382]","[ 0.00000000e+00 -2.03113304e-01 -5.29497611e-06  2.10896276e-01
  1.31267377e-01  4.82394081e-01 -2.98187623e-01 -3.98285014e-05]","[ 0.00000000e+00 -1.03680038e+00  1.40293636e+01 -5.54045618e-01
  1.06639825e-02  2.69052911e+00 -1.91656089e+00  5.52985191e-01]"
1747093074.3284745,"[ 0.          0.40179098  1.0211043  -2.57261415 -2.09823005  1.29827013
  1.01368313  1.53937276]","[ 0.00000000e+00 -2.01617839e-01 -5.29497611e-06  2.13160812e-01
  1.29396523e-01  4.77048517e-01 -2.96408331e-01 -5.01112266e-05]","[ 0.         -1.02312768 14.00883102 -0.53288037  0.06166334  2.55362558
 -1.9089098   0.56116563]"
1747093074.3302448,"[ 0.          0.40139287  1.02110383 -2.57217286 -2.09797812  1.29922806
  1.01310183  1.53937276]","[ 0.00000000e+00 -2.02032910e-01 -1.05900569e-05  2.16413181e-01
  1.26945815e-01  4.65107868e-01 -2.94406233e-01 -5.01510668e-05]","[ 0.         -1.06118429 13.94812965 -0.5333094   0.10331591  2.52057743
 -1.91583025  0.56232691]"
1747093074.331989,"[ 0.          0.40098234  1.0211043  -2.57174968 -2.09771686  1.30014512
  1.0124959   1.53937276]","[ 0.00000000e+00 -2.01116300e-01  0.00000000e+00  2.14727500e-01
  1.27390380e-01  4.66188246e-01 -2.94652942e-01 -4.95999855e-05]","[ 0.         -1.05860925 13.94589138 -0.55849528  0.15113321  2.53904986
 -1.90192902  0.55501515]"
1747093074.333774,"[ 0.          0.40058287  1.0211043  -2.57132571 -2.097462    1.30109547
  1.01192412  1.53937276]","[ 0.00000000e+00 -2.03113304e-01  0.00000000e+00  2.14727500e-01
  1.29916888e-01  4.64027457e-01 -2.86573411e-01 -4.90985704e-05]","[ 0.         -1.05396569 13.95710754 -0.56319225  0.20861644  2.56322956
 -1.85895348  0.54662842]"
1747093074.3365595,"[ 0.          0.40017234  1.0211043  -2.57088549 -2.09719275  1.30202012
  1.01135713  1.53937276]","[ 0.00000000e+00 -1.99360927e-01  0.00000000e+00  2.14997594e-01
  1.31279061e-01  4.68889224e-01 -2.73595244e-01 -4.86081758e-05]","[ 0.         -1.07652175 13.9593811  -0.60453552  0.17596261  2.55969572
 -1.89699984  0.57031989]"
1747093074.3389106,"[ 0.          0.39958505  1.0211043  -2.57022822 -2.09680526  1.30344518
  1.01056184  1.53937276]","[ 0.00000000e+00 -1.98251554e-01  0.00000000e+00  2.16663951e-01
  1.29916888e-01  4.67334837e-01 -2.68206787e-01 -4.81270018e-05]","[ 0.         -1.12118375 14.00230885 -0.61484009  0.13949138  2.61083913
 -2.02429628  0.55601031]"
1747093074.3412986,"[ 0.          0.39918142  1.0211043  -2.56980398 -2.09654028  1.30440312
  1.01001676  1.53937276]","[ 0.00000000e+00 -1.97241200e-01  0.00000000e+00  2.14187294e-01
  1.29646785e-01  4.66992687e-01 -2.65235714e-01 -4.76188043e-05]","[ 0.         -1.15230179 14.0765152  -0.6303097   0.21740596  2.57862258
 -1.98819578  0.54050535]"
1747093074.3436763,"[ 0.          0.39858447  1.02110476 -2.56915976 -2.09614906  1.3057845
  1.00922147  1.53937276]","[ 0.00000000e+00 -1.96630970e-01  5.29897933e-06  2.11486316e-01
  1.28142681e-01  4.66998546e-01 -2.59796125e-01 -4.76188043e-05]","[ 0.         -1.20342696 14.31581879 -0.69676077  0.32369834  2.6637063
 -1.8979826   0.54835373]"
1747093074.3460608,"[ 0.          0.39819508  1.02110476 -2.5687475  -2.09590112  1.30674723
  1.00870682  1.53937276]","[ 0.00000000e+00 -1.97441254e-01  1.06059783e-05  2.08303988e-01
  1.25865421e-01  4.71050013e-01 -2.61454359e-01 -4.76192757e-05]","[ 0.         -1.2576617  14.34093475 -0.71440613  0.32100925  2.54148245
 -1.97793913  0.56779772]"
1747093074.3484006,"[ 0.          0.39779374  1.02110476 -2.568319   -2.09564732  1.30816843
  1.00789628  1.53937182]","[ 0.00000000e+00 -1.95348625e-01  1.32474486e-05  2.10405938e-01
  1.23628848e-01  4.66680099e-01 -2.70903104e-01 -5.82007654e-05]","[ 0.         -1.28075075 14.41905499 -0.71470445  0.34052479  2.50085187
 -2.0493753   0.55182016]"
1747093074.3507524,"[ 0.          0.3972216   1.02110523 -2.56766732 -2.09527288  1.30908935
  1.00735313  1.53937182]","[ 0.00000000e+00 -1.92849598e-01  2.38634509e-05  2.16618177e-01
  1.28566399e-01  4.67808813e-01 -2.74959232e-01 -5.82453112e-05]","[ 0.         -1.32271087 14.50191975 -0.78950888  0.4372769   2.49473071
 -1.96837509  0.5525018 ]"
1747093074.3531475,"[ 0.          0.39664346  1.02110476 -2.56702603 -2.09487713  1.31050669
  1.00651976  1.53937182]","[ 0.00000000e+00 -1.90148620e-01  1.85604623e-05  2.18017635e-01
  1.30997274e-01  4.68889224e-01 -2.73878837e-01 -5.82007654e-05]","[ 0.         -1.37562466 14.47720337 -0.93352926  0.44528762  2.56510091
 -2.02196217  0.54723746]"
1747093074.3560581,"[ 0.          0.39626692  1.02110476 -2.56658049 -2.09461854  1.31144279
  1.00595278  1.53937182]","[ 0.00000000e+00 -1.91769203e-01  1.85464284e-05  2.16077989e-01
  1.30997274e-01  4.76451936e-01 -2.77851458e-01 -5.82887721e-05]","[ 0.         -1.4587853  14.45193005 -0.99714476  0.44916773  2.55252504
 -2.09240413  0.55915391]"
1747093074.3584344,"[ 0.          0.39587434  1.02110523 -2.56616184 -2.09435009  1.31241218
  1.00540769  1.53937182]","[ 0.00000000e+00 -1.92309409e-01  2.38634509e-05  2.11756427e-01
  1.30727179e-01  4.72670580e-01 -2.74959232e-01 -5.82887721e-05]","[ 0.         -1.50884545 14.5132513  -1.00621784  0.38748536  2.50894594
 -2.04697514  0.55510831]"
1747093074.3607278,"[ 0.          0.39528794  1.02110523 -2.56552614 -2.09396527  1.31382299
  1.00458957  1.53937089]","[ 0.00000000e+00 -1.93389787e-01  2.38634509e-05  2.09595638e-01
  1.29916888e-01  4.80503403e-01 -2.64812904e-01 -5.82887721e-05]","[ 0.         -1.59765017 14.58002472 -0.97041106  0.36827588  2.57704902
 -2.02251554  0.56560904]"
1747093074.3631172,"[ 0.          0.39490405  1.02110523 -2.5651011  -2.09370348  1.31481621
  1.00407112  1.53937089]","[ 0.00000000e+00 -1.94003329e-01  2.38634509e-05  2.07704960e-01
  1.27486012e-01  4.85365170e-01 -2.62534753e-01 -5.83328791e-05]","[ 0.         -1.63092756 14.60891724 -0.99371183  0.36521506  2.58331037
 -2.05460024  0.5461551 ]"
1747093074.36577,"[ 0.          0.39431492  1.02110523 -2.56449124 -2.09333197  1.31629254
  1.00329388  1.53937089]","[ 0.00000000e+00 -1.93389787e-01  1.85604623e-05  2.05274077e-01
  1.21873475e-01  4.84484662e-01 -2.53634386e-01 -5.82887721e-05]","[ 0.         -1.72551477 14.63328362 -1.01172924  0.43490461  2.41101623
 -1.98038626  0.55911636]"
1747093074.3685563,"[ 0.          0.39372576  1.0211057  -2.56387685 -2.09296312  1.31771573
  1.00254713  1.53937089]","[ 0.00000000e+00 -1.94094792e-01  2.64948971e-05  2.00142232e-01
  1.23378078e-01  4.79693103e-01 -2.41740791e-01 -5.83328791e-05]","[ 0.         -1.73640776 14.5861845  -0.98192394  0.53977823  2.49356627
 -1.96099281  0.57031888]"
1747093074.3709555,"[ 0.          0.39334467  1.02110523 -2.56348456 -2.09271891  1.31870136
  1.00207714  1.53937089]","[ 0.00000000e+00 -1.92849598e-01  2.38634509e-05  1.99331932e-01
  1.23974743e-01  4.80503403e-01 -2.36095839e-01 -5.82887721e-05]","[ 0.         -1.74338794 14.46662331 -0.97219747  0.59289664  2.45726347
 -1.99787605  0.56096029]"
1747093074.3733222,"[ 0.          0.39294792  1.02110523 -2.5630763  -2.09246404  1.31965065
  1.00159771  1.53937089]","[ 0.00000000e+00 -1.94094792e-01  2.38454062e-05  1.99669621e-01
  1.24013617e-01  4.80233325e-01 -2.32963895e-01 -5.83328791e-05]","[ 0.         -1.72302318 14.38885212 -0.95788556  0.59058934  2.49852729
 -2.00240469  0.55513656]"
1747093074.3750103,"[ 0.          0.39256403  1.02110523 -2.56267683 -2.09221983  1.32063149
  1.00115343  1.53937089]","[ 0.00000000e+00 -1.94200087e-01  2.38634509e-05  2.03113304e-01
  1.24244837e-01  4.76460059e-01 -2.22830417e-01 -5.83328791e-05]","[ 0.         -1.70898426 14.30532742 -0.96403503  0.56437016  2.63942027
 -1.93307853  0.55979556]"
1747093074.3779805,"[ 0.          0.39197993  1.02110523 -2.56205604 -2.0918414   1.32205748
  1.00050089  1.53936996]","[ 0.00000000e+00 -1.92114549e-01  1.85604623e-05  2.03923588e-01
  1.25767341e-01  4.66992687e-01 -2.10135844e-01 -6.62372408e-05]","[ 0.         -1.66748893 14.26954842 -0.97136986  0.60750437  2.61873031
 -1.93661308  0.55439007]"
1747093074.3796756,"[ 0.          0.39158778  1.02110523 -2.5616579  -2.09159665  1.3229784
  1.00008896  1.53936996]","[ 0.00000000e+00 -1.91085570e-01  1.85604623e-05  2.01762815e-01
  1.23434545e-01  4.65715901e-01 -2.08515244e-01 -6.62873661e-05]","[ 0.         -1.63885641 14.28161621 -0.99224824  0.64278001  2.74864316
 -1.97883511  0.54508251]"
1747093074.382618,"[ 0.          0.39101886  1.0211057  -2.56106641 -2.09122621  1.32438815
  0.99945153  1.53936996]","[ 0.00000000e+00 -1.92849598e-01  1.85604623e-05  1.91499109e-01
  1.20463473e-01  4.65927789e-01 -2.12296616e-01 -5.82887721e-05]","[ 0.         -1.64008868 14.39400864 -0.9952631   0.62524426  2.7200489
 -1.938797    0.56048393]"
1747093074.3850055,"[ 0.          0.39059272  1.0211057  -2.56065282 -2.09098839  1.32529575
  0.99902157  1.53936996]","[ 0.00000000e+00 -1.94740276e-01  1.85464284e-05  1.86903891e-01
  1.19801769e-01  4.57621190e-01 -2.22830417e-01 -5.83328791e-05]","[ 0.         -1.63625574 14.39397049 -0.96377289  0.65334255  2.65313101
 -1.9761405   0.58166891]"
1747093074.3873487,"[ 0.          0.38999671  1.02110523 -2.56008078 -2.09062194  1.3266533
  0.99832428  1.53936996]","[ 0.00000000e+00 -1.95850165e-01  5.30293632e-06  1.89831720e-01
  1.21003670e-01  4.42959856e-01 -2.30663240e-01 -5.83328791e-05]","[ 0.         -1.49925399 14.34459591 -0.93893158  0.69116825  2.66794157
 -1.97803593  0.55893213]"
1747093074.389753,"[ 0.          0.38961234  1.02110523 -2.55970767 -2.09037053  1.32752468
  0.99783719  1.53936996]","[ 0.00000000e+00 -1.94740276e-01  5.30298914e-06  1.88798131e-01
  1.23309485e-01  4.40799067e-01 -2.39233109e-01 -5.83328791e-05]","[ 0.         -1.47305036 14.30241013 -0.98272592  0.72213858  2.67094398
 -1.92232978  0.56739765]"
1747093074.3920944,"[ 0.          0.38921607  1.02110523 -2.55932124 -2.09012632  1.32841698
  0.99735296  1.53936996]","[ 0.00000000e+00 -1.91907937e-01  5.30298914e-06  1.88327118e-01
  1.24514940e-01  4.34686147e-01 -2.47949485e-01 -5.83328791e-05]","[ 0.         -1.42759216 14.25836849 -1.01307666  0.69514418  2.66907072
 -1.89957392  0.58530968]"
1747093074.3943279,"[ 0.          0.38884322  1.02110523 -2.5589468  -2.08987013  1.32931127
  0.99682978  1.53936903]","[ 0.00000000e+00 -1.88528036e-01  5.30298914e-06  1.89608431e-01
  1.24785034e-01  4.36337107e-01 -2.57037672e-01 -6.62372408e-05]","[ 0.         -1.40429473 14.17159081 -1.01728654  0.58096969  2.69827271
 -1.89447355  0.57858634]"
1747093074.3965733,"[ 0.          0.38827337  1.02110523 -2.55838221 -2.08949648  1.33056415
  0.99607158  1.53936903]","[ 0.00000000e+00 -1.87574808e-01  5.29897933e-06  1.84746681e-01
  1.26675712e-01  4.16607977e-01 -2.53067898e-01 -6.62873661e-05]","[ 0.         -1.40480888 14.18459797 -1.06990576  0.49039355  2.63495708
 -1.97363496  0.55949342]"
1747093074.3989506,"[ 0.          0.38790326  1.0211057  -2.55801603 -2.08923869  1.33141263
  0.99557597  1.53936903]","[ 0.00000000e+00 -1.87527553e-01  1.06059783e-05  1.85827058e-01
  1.25325232e-01  4.12764869e-01 -2.39306363e-01 -5.82887721e-05]","[ 0.         -1.35093212 14.26628876 -1.09457612  0.54108417  2.67401886
 -1.98778057  0.55170023]"
1747093074.4020007,"[ 0.          0.38733201  1.0211057  -2.55744718 -2.08887703  1.33266166
  0.99488341  1.53936903]","[ 0.00000000e+00 -1.88577888e-01  1.06059783e-05  1.87177547e-01
  1.21003670e-01  4.10257203e-01 -2.24688538e-01 -5.83334602e-05]","[ 0.         -1.40740907 14.45170307 -1.16467428  0.52468997  2.78938603
 -1.97656429  0.56880385]"
1747093074.404919,"[ 0.          0.3869633   1.0211061  -2.55689697 -2.08850952  1.33387459
  0.99424033  1.5393681 ]","[ 0.00000000e+00 -1.86987897e-01  1.32574726e-05  1.84829305e-01
  1.21003670e-01  4.08927586e-01 -2.14997594e-01 -6.62873661e-05]","[ 0.         -1.41493857 14.57518578 -1.16893315  0.50308168  2.631639
 -1.94047868  0.55779397]"
1747093074.4072428,"[ 0.          0.38658263  1.0211061  -2.55652253 -2.08826717  1.33476409
  0.99381602  1.5393681 ]","[ 0.00000000e+00 -1.85286870e-01  1.32574726e-05  1.82315797e-01
  1.17610404e-01  4.01364841e-01 -2.04463793e-01 -6.62372408e-05]","[ 0.         -1.46584356 14.61248302 -1.17887175  0.43725818  2.55370831
 -1.98806524  0.54895502]"
1747093074.4096076,"[ 0.          0.38601874  1.0211061  -2.55617445 -2.08792442  1.33596651
  0.99321954  1.5393681 ]","[ 0.00000000e+00 -1.87574808e-01  1.32574726e-05  1.74482974e-01
  1.14135469e-01  3.95422697e-01 -2.00075054e-01 -6.62873661e-05]","[ 0.         -1.47299552 14.6152277  -1.18712771  0.5438447   2.61387444
 -2.0474565   0.53734469]"
1747093074.4119234,"[ 0.          0.38564497  1.0211061  -2.55582158 -2.08768766  1.33674761
  0.99280289  1.5393681 ]","[ 0.00000000e+00 -1.90148620e-01  1.32574726e-05  1.71938307e-01
  1.16356562e-01  3.95022057e-01 -2.06354471e-01 -5.83328791e-05]","[ 0.         -1.44316781 14.6697216  -1.17421401  0.63537169  2.60403967
 -2.01265812  0.54689687]"
1747093074.4136734,"[ 0.          0.38525372  1.0211061  -2.55548603 -2.08745304  1.33757812
  0.99236147  1.5393681 ]","[ 0.00000000e+00 -1.92088633e-01  1.85604623e-05  1.69891318e-01
  1.19653181e-01  4.10257203e-01 -2.19422403e-01 -5.83322980e-05]","[ 0.         -1.41235447 14.64942646 -1.1613276   0.65065515  2.60830164
 -1.98202705  0.56614316]"
1747093074.416046,"[ 0.          0.38486663  1.0211061  -2.55513555 -2.08720137  1.33841808
  0.99190394  1.5393681 ]","[ 0.00000000e+00 -1.96901065e-01  1.85604623e-05  1.72052091e-01
  1.23434545e-01  4.31345677e-01 -2.36095839e-01 -5.83328791e-05]","[ 0.         -1.36378694 14.69224548 -1.1378051   0.57529247  2.53995872
 -1.898049    0.58155316]"
1747093074.417807,"[ 0.          0.38446575  1.02110656 -2.55478987 -2.0869537   1.33931889
  0.99136258  1.53936716]","[ 0.00000000e+00 -1.95097855e-01  2.11957060e-05  1.76194954e-01
  1.26405618e-01  4.42941546e-01 -2.47873768e-01 -6.62873661e-05]","[ 0.         -1.33311796 14.70778751 -1.10527945  0.48090568  2.53035593
 -1.89050138  0.5334999 ]"
1747093074.4201815,"[ 0.          0.38408096  1.02110703 -2.55442342 -2.08669164  1.34021505
  0.99090219  1.53936716]","[ 0.00000000e+00 -1.95010370e-01  2.64748795e-05  1.79550221e-01
  1.29145753e-01  4.60246101e-01 -2.54701914e-01 -6.62372408e-05]","[ 0.         -1.30994618 14.73303318 -1.09179735  0.46130082  2.48160791
 -2.00612164  0.51709867]"
1747093074.422565,"[ 0.          0.38349227  1.02110749 -2.55387108 -2.08629616  1.34117871
  0.99005836  1.53936716]","[ 0.00000000e+00 -1.94094792e-01  3.17698567e-05  1.83311736e-01
  1.36129127e-01  4.73750958e-01 -2.71177859e-01 -6.62372408e-05]","[ 0.         -1.30275214 14.85080242 -1.10502875  0.5490455   2.50119853
 -2.06426978  0.54154068]"
1747093074.4249964,"[ 0.          0.3831093   1.02110749 -2.55350863 -2.08601254  1.34213958
  0.98954657  1.5393661 ]","[ 0.00000000e+00 -1.95010370e-01  3.18179359e-05  1.83666286e-01
  1.39045571e-01  4.92117615e-01 -2.85156209e-01 -7.68933393e-05]","[ 0.         -1.31663036 14.87997532 -1.10935545  0.50744015  2.53819966
 -2.02402139  0.52050346]"
1747093074.4280205,"[ 0.          0.38251189  1.02110749 -2.55295815 -2.08559229  1.34367596
  0.98860861  1.5393661 ]","[ 0.00000000e+00 -1.98791743e-01  3.17698567e-05  1.80155025e-01
  1.37291838e-01  5.11564616e-01 -3.00888600e-01 -6.62867037e-05]","[ 0.         -1.42337811 14.82278347 -1.18800223  0.30425313  2.4208262
 -2.06196284  0.51250029]"
1747093074.430915,"[ 0.          0.38189843  1.02110749 -2.55240981 -2.08518642  1.34525321
  0.98764488  1.5393661 ]","[ 0.00000000e+00 -2.02907508e-01  3.17701716e-05  1.82229494e-01
  1.38289908e-01  5.26156442e-01 -3.23306691e-01 -6.62372408e-05]","[ 0.         -1.46327925 14.73605251 -1.21297169  0.2066627   2.30064654
 -1.98837233  0.54823345]"
1747093074.4326742,"[ 0.          0.3814939   1.02110703 -2.55205161 -2.08490173  1.34634524
  0.9869952   1.5393661 ]","[ 0.00000000e+00 -2.06894660e-01  2.64748795e-05  1.81235403e-01
  1.39176499e-01  5.36644503e-01 -3.28978725e-01 -6.62867037e-05]","[ 0.         -1.48072278 14.63721561 -1.22765958  0.24398375  2.36710262
 -1.89594185  0.54554743]"
1747093074.4350252,"[ 0.          0.38106912  1.02110703 -2.55168569 -2.08462663  1.34742409
  0.98631596  1.53936517]","[ 0.00000000e+00 -2.07704960e-01  2.64748795e-05  1.78547141e-01
  1.38830105e-01  5.49918464e-01 -3.31515918e-01 -7.40744343e-05]","[ 0.         -1.47232866 14.46769238 -1.22408223  0.24547195  2.43956375
 -1.86391056  0.52890342]"
1747093074.4374483,"[ 0.          0.38065587  1.02110656 -2.55133256 -2.08435445  1.34855806
  0.98566521  1.53936517]","[ 0.00000000e+00 -2.10192752e-01  2.11799045e-05  1.79884914e-01
  1.38560002e-01  5.54449067e-01 -3.30059103e-01 -7.41296676e-05]","[ 0.         -1.40551043 14.33841515 -1.24026227  0.17441337  2.49775767
 -1.84579909  0.54662311]"
1747093074.4392273,"[ 0.          0.38000656  1.02110656 -2.5507946  -2.08392648  1.35021242
  0.98469589  1.53936517]","[ 0.00000000e+00 -2.14727500e-01  2.11799045e-05  1.75788689e-01
  1.41927328e-01  5.61532642e-01 -3.12502779e-01 -7.41303991e-05]","[ 0.         -1.37415075 14.19809341 -1.17315364  0.21341914  2.60022283
 -1.8429724   0.54168189]"
1747093074.4414861,"[ 0.          0.37958088  1.02110656 -2.55044732 -2.08363673  1.35136064
  0.98409841  1.53936517]","[ 0.00000000e+00 -2.16077989e-01  2.11799045e-05  1.75925126e-01
  1.42071272e-01  5.60722376e-01 -3.01968978e-01 -7.41296676e-05]","[ 0.         -1.38125408 14.149333   -1.10361266  0.21280496  2.56681943
 -1.83074296  0.52668422]"
1747093074.4438066,"[ 0.          0.37913916  1.02110656 -2.55007901 -2.0833587   1.35245933
  0.98377976  1.53936423]","[ 0.00000000e+00 -2.15267688e-01  1.85325998e-05  1.81305594e-01
  1.41260972e-01  5.54780231e-01 -2.99919077e-01 -8.47196178e-05]","[ 0.         -1.29862964 14.08817005 -1.01881051  0.23735873  2.48086238
 -1.83572435  0.53980011]"
1747093074.446076,"[ 0.          0.37871486  1.02110656 -2.54971176 -2.08307374  1.35359051
  0.98318521  1.53936423]","[ 0.00000000e+00 -2.14727500e-01  1.85324169e-05  1.87717753e-01
  1.38689440e-01  5.52079253e-01 -3.01968978e-01 -8.47196178e-05]","[ 0.         -1.24538243 14.04491138 -0.95005393  0.27629799  2.54060125
 -1.92727506  0.55388743]"
1747093074.4484365,"[ 0.          0.37806188  1.02110656 -2.54912906 -2.08266441  1.35522289
  0.98226529  1.53936423]","[ 0.00000000e+00 -2.16398700e-01  1.85324169e-05  1.94003329e-01
  1.38019813e-01  5.52079253e-01 -3.05249627e-01 -7.41296676e-05]","[ 0.         -1.17778075 14.00649929 -0.81997538  0.22738911  2.55190015
 -1.83371866  0.53678298]"
1747093074.450833,"[ 0.          0.37763395  1.02110656 -2.5487413  -2.08238078  1.3563578
  0.98165736  1.5393633 ]","[ 0.00000000e+00 -2.16618177e-01  1.32275773e-05  1.97171159e-01
  1.38830105e-01  5.53699820e-01 -3.10612101e-01 -8.46556558e-05]","[ 0.         -1.13971472 13.94374657 -0.70165551  0.14611419  2.63998652
 -1.88176739  0.51864433]"
1747093074.4532044,"[ 0.          0.3771876   1.02110656 -2.54834183 -2.08207505  1.35747939
  0.98100861  1.5393633 ]","[ 0.00000000e+00 -2.18508855e-01  1.85324169e-05  1.94596332e-01
  1.39081058e-01  5.46424463e-01 -3.19255224e-01 -8.47204549e-05]","[ 0.         -1.08861279 13.90789318 -0.6710009   0.13625215  2.64264202
 -1.96731758  0.53041816]"
1747093074.4555209,"[ 0.          0.37651672  1.02110656 -2.54777484 -2.08165534  1.35910139
  0.98003443  1.5393633 ]","[ 0.00000000e+00 -2.20425482e-01  1.85186086e-05  1.90765441e-01
  1.43421761e-01  5.46663049e-01 -3.21035148e-01 -8.46556558e-05]","[ 0.         -0.91757327 13.86964417 -0.65082192  0.12022283  2.57546711
 -2.00151658  0.54037523]"
1747093074.457865,"[ 0.          0.37608325  1.0211061  -2.54738442 -2.0813576   1.36021911
  0.97940279  1.5393633 ]","[ 0.00000000e+00 -2.19319155e-01  7.94246417e-06  1.90688826e-01
  1.45312439e-01  5.45583736e-01 -3.21415980e-01 -8.47196178e-05]","[ 0.         -0.81835371 13.85724163 -0.61432481  0.07385034  2.44543481
 -2.03270864  0.53896338]"
1747093074.460251,"[ 0.          0.37563691  1.02110656 -2.54698814 -2.08107291  1.36132832
  0.97873114  1.53936237]","[ 0.00000000e+00 -2.17165490e-01  1.32274462e-05  1.94345562e-01
  1.43816092e-01  5.39152202e-01 -3.30512839e-01 -9.52376087e-05]","[ 0.         -0.70542246 13.88162899 -0.57461065  0.02136546  2.33647442
 -2.10974336  0.51975799]"
1747093074.4627345,"[ 0.          0.37499955  1.02110703 -2.54640598 -2.08063774  1.36289999
  0.97774184  1.53936237]","[ 0.00000000e+00 -2.14187294e-01  1.85184257e-05  1.97441254e-01
  1.43421761e-01  5.29394313e-01 -3.32760081e-01 -8.46556558e-05]","[ 0.         -0.62434947 14.08451176 -0.49816728 -0.07552929  2.4280076
 -1.99635053  0.53520095]"
1747093074.4662037,"[ 0.          0.37455873  1.02110703 -2.54599905 -2.08034932  1.36398442
  0.97706826  1.53936237]","[ 0.00000000e+00 -2.15537783e-01  1.85184257e-05  1.99360927e-01
  1.39678039e-01  5.29661162e-01 -3.27088047e-01 -8.46564929e-05]","[ 0.         -0.57173079 14.21696663 -0.50302666 -0.10596431  2.4433012
 -1.97220838  0.54209447]"
1747093074.469044,"[ 0.          0.37370325  1.02110703 -2.54519504 -2.07994373  1.36613053
  0.97576118  1.53936237]","[ 0.00000000e+00 -2.12026522e-01  1.32274462e-05  2.00614760e-01
  1.36669324e-01  5.31013249e-01 -3.20335602e-01 -8.46556558e-05]","[ 0.         -0.51684582 14.47046375 -0.51322591 -0.07248683  2.51335883
 -2.07089806  0.53127551]"
1747093074.4713848,"[ 0.          0.37329136  1.02110749 -2.5447937  -2.07966196  1.36717516
  0.9751438   1.53936144]","[ 0.00000000e+00 -2.08245149e-01  2.11799045e-05  2.05814282e-01
  1.37749710e-01  5.28850862e-01 -3.10612101e-01 -9.53105108e-05]","[ 0.         -0.54178083 14.56923676 -0.56067264 -0.07896426  2.50033593
 -2.10924077  0.51730376]"
1747093074.4737391,"[ 0.          0.37266778  1.02110749 -2.54415641 -2.07923772  1.36876853
  0.97421815  1.53936144]","[ 0.00000000e+00 -2.05814282e-01  2.11799045e-05  2.10946127e-01
  1.39498908e-01  5.24799395e-01 -3.03049356e-01 -9.52376087e-05]","[ 0.         -0.54409015 14.6799612  -0.59565073 -0.04428618  2.48230696
 -2.20715356  0.53061503]"
1747093074.4761162,"[ 0.          0.37224717  1.02110796 -2.54374175 -2.07896208  1.36984924
  0.97361787  1.53936144]","[ 0.00000000e+00 -2.05379371e-01  2.64548924e-05  2.10405938e-01
  1.39640388e-01  5.28122621e-01 -3.01968978e-01 -9.52376087e-05]","[ 0.         -0.64161712 14.70615673 -0.64992619 -0.03767422  2.45820951
 -2.2207756   0.51985759]"
1747093074.4785066,"[ 0.          0.3716415   1.02110843 -2.54311005 -2.07854237  1.371396
  0.97269802  1.53936051]","[ 0.00000000e+00 -2.03923588e-01  3.17698567e-05  2.05605740e-01
  1.37479616e-01  5.21828339e-01 -3.03859656e-01 -9.52376087e-05]","[ 0.00000000e+00 -7.54985988e-01  1.48078842e+01 -7.14761615e-01
 -1.46235554e-02  2.39532161e+00 -2.13182616e+00  5.13577163e-01]"
1747093074.4809408,"[ 0.          0.37122731  1.02110843 -2.54269619 -2.07826034  1.3724606
  0.97206631  1.53936051]","[ 0.00000000e+00 -2.00682421e-01  3.17458709e-05  2.01617839e-01
  1.37922649e-01  5.18046950e-01 -3.10612101e-01 -9.52376087e-05]","[ 0.00000000e+00 -7.96773612e-01  1.48894196e+01 -7.31941581e-01
  3.24422703e-03  2.37141275e+00 -2.20881772e+00  5.08115590e-01]"
1747093074.4832966,"[ 0.          0.37083516  1.02110843 -2.54229752 -2.07799216  1.37348325
  0.97144034  1.53936051]","[ 0.00000000e+00 -1.97981443e-01  2.64748795e-05  2.02573099e-01
  1.35588930e-01  5.18601354e-01 -3.19255224e-01 -9.52385514e-05]","[ 0.         -0.85527545 14.90814686 -0.77452171  0.05171053  2.41529465
 -2.20296383  0.50240207]"
1747093074.4851751,"[ 0.          0.3702465   1.02110936 -2.5416762  -2.07759135  1.37506238
  0.97045197  1.53936051]","[ 0.00000000e+00 -1.94003329e-01  3.70648338e-05  2.06084377e-01
  1.31807566e-01  5.16966572e-01 -3.28978725e-01 -9.52376087e-05]","[ 0.         -1.01394641 14.97471809 -0.7820105   0.14190057  2.51297212
 -2.11900949  0.49113142]"
1747093074.4875255,"[ 0.          0.36984789  1.02110936 -2.54126847 -2.07732877  1.37612404
  0.9697718   1.53935944]","[ 0.00000000e+00 -1.94740276e-01  3.70368514e-05  2.07434866e-01
  1.34238449e-01  5.18589170e-01 -3.31515918e-01 -1.05819570e-04]","[ 0.         -1.12682867 14.99737072 -0.84034324  0.22956942  2.48836684
 -2.13519669  0.49184591]"
1747093074.4906352,"[ 0.          0.3694654   1.02110889 -2.5408421  -2.07704647  1.37715043
  0.96912206  1.53935944]","[ 0.00000000e+00 -1.94740276e-01  3.70372172e-05  2.08515244e-01
  1.38173419e-01  5.21828339e-01 -3.27898347e-01 -1.05819570e-04]","[ 0.         -1.22715211 14.98271751 -0.88401645  0.23726784  2.35538411
 -2.21989346  0.49800536]"
1747093074.4929554,"[ 0.          0.36886755  1.02110936 -2.54021652 -2.07662889  1.37873541
  0.96815646  1.53935944]","[ 0.00000000e+00 -1.96901065e-01  4.23278279e-05  2.06023224e-01
  1.41260972e-01  5.22610909e-01 -3.13265442e-01 -1.05819570e-04]","[ 0.         -1.48925269 14.92206764 -0.94965237  0.23289846  2.21582532
 -2.12528396  0.49123237]"
1747093074.4959006,"[ 0.          0.36827014  1.02110936 -2.53959388 -2.07619186  1.38026033
  0.96720704  1.53935944]","[ 0.00000000e+00 -1.97104014e-01  4.23278279e-05  2.04877832e-01
  1.45582533e-01  5.15345972e-01 -3.12708275e-01 -9.52385514e-05]","[ 0.         -1.59841418 14.88096619 -0.98133492  0.16154452  2.27593541
 -2.00904202  0.52990663]"
1747093074.4983847,"[ 0.          0.36788075  1.02110889 -2.53918801 -2.07590424  1.38131441
  0.96660104  1.53935851]","[ 0.00000000e+00 -1.97441254e-01  3.70648338e-05  2.05605740e-01
  1.45852644e-01  5.15345972e-01 -3.04940034e-01 -1.05820618e-04]","[ 0.         -1.67347693 14.8099823  -1.01155901  0.10461158  2.33665204
 -2.03359413  0.53431958]"
1747093074.5007155,"[ 0.          0.36727508  1.02110889 -2.5385675  -2.07546961  1.38287835
  0.96568019  1.53935851]","[ 0.00000000e+00 -2.00682421e-01  3.17458709e-05  2.03373229e-01
  1.40990877e-01  5.16426383e-01 -3.03049356e-01 -1.05819570e-04]","[ 0.         -1.77482414 14.70675659 -1.08119476 -0.03597525  2.37011957
 -2.0615232   0.52948266]"
1747093074.503093,"[ 0.          0.36686133  1.02110936 -2.53817361 -2.07518386  1.38388956
  0.96508371  1.53935851]","[ 0.00000000e+00 -2.03122459e-01  3.70648338e-05  1.98791743e-01
  1.38925729e-01  5.11564616e-01 -3.03049356e-01 -1.05819570e-04]","[ 0.         -1.78347182 14.70494652 -1.07346642 -0.07534993  2.48418045
 -2.02744269  0.54605168]"
1747093074.5055068,"[ 0.          0.36625705  1.02110889 -2.5375784  -2.07477852  1.38543632
  0.96419235  1.53935851]","[ 0.00000000e+00 -2.03653493e-01  2.64548924e-05  1.94200087e-01
  1.36261028e-01  5.11294505e-01 -2.88756970e-01 -9.52376087e-05]","[ 0.         -1.82502639 14.64080524 -1.03652489 -0.05623547  2.59391022
 -2.00758028  0.58515048]"
1747093074.5078673,"[ 0.          0.36584104  1.02110889 -2.53719783 -2.07450049  1.38648095
  0.96363488  1.53935851]","[ 0.00000000e+00 -2.03623982e-01  2.64751417e-05  1.93389787e-01
  1.35588930e-01  5.10564599e-01 -2.80901377e-01 -9.52376087e-05]","[ 0.         -1.81361961 14.55253315 -1.02952194 -0.03111126  2.60724258
 -2.10218501  0.56604064]"
1747093074.5108697,"[ 0.          0.36524409  1.02110889 -2.53659995 -2.07410288  1.38798963
  0.96278254  1.53935758]","[ 0.00000000e+00 -2.00682421e-01  2.64748795e-05  1.99129981e-01
  1.34102436e-01  5.08323450e-01 -2.81711677e-01 -1.05819570e-04]","[ 0.         -1.77372313 14.44922447 -1.02105105 -0.0254483   2.50462413
 -2.13119173  0.52931345]"
1747093074.5131903,"[ 0.          0.3648308   1.02110889 -2.53618903 -2.07382565  1.38901428
  0.96220603  1.53935758]","[ 0.00000000e+00 -2.02370149e-01  2.64548924e-05  2.00614760e-01
  1.35859032e-01  4.98364592e-01 -2.81711677e-01 -1.05819570e-04]","[ 0.         -1.77971089 14.38559055 -1.03690553  0.05322115  2.47080374
 -2.03594756  0.54991674]"
1747093074.5149143,"[ 0.          0.36442903  1.02110889 -2.53578849 -2.07355693  1.3899874
  0.96164383  1.53935758]","[ 0.00000000e+00 -2.03383399e-01  2.64748795e-05  2.04193699e-01
  1.36399221e-01  4.93197993e-01 -2.87383711e-01 -1.05820618e-04]","[ 0.         -1.71176457 14.24715805 -1.0413835   0.05978101  2.47324657
 -2.04110384  0.55618262]"
1747093074.517211,"[ 0.          0.36401025  1.02110843 -2.53538688 -2.0732797   1.39099008
  0.9610369   1.53935758]","[ 0.00000000e+00 -2.04877832e-01  2.38094022e-05  2.03113304e-01
  1.35048741e-01  4.89146526e-01 -2.99774267e-01 -1.05819570e-04]","[ 0.         -1.66414356 14.11298275 -1.05984473  0.02299356  2.41331315
 -2.11367083  0.53528243]"
1747093074.5200725,"[ 0.          0.36340364  1.02110843 -2.53478527 -2.07286904  1.39245987
  0.96009507  1.53935758]","[ 0.00000000e+00 -2.03923588e-01  1.85325998e-05  1.96090765e-01
  1.36167277e-01  4.80973917e-01 -3.13460585e-01 -9.52376087e-05]","[ 0.         -1.62958729 13.96994495 -1.03625333  0.03522771  2.34398603
 -1.98604238  0.54562598]"
1747093074.52172,"[ 0.          0.3629844   1.02110843 -2.53438314 -2.07259819  1.39338732
  0.95948627  1.53935664]","[ 0.00000000e+00 -2.03923588e-01  1.32274462e-05  1.96100935e-01
  1.36939419e-01  4.65918135e-01 -3.07911123e-01 -1.05820618e-04]","[ 0.         -1.5764823  13.91834068 -1.01387334  0.04136616  2.35040951
 -1.94703877  0.5468834 ]"
1747093074.5240679,"[ 0.          0.36258675  1.02110796 -2.53399511 -2.07231803  1.39433581
  0.95886409  1.53935664]","[ 0.00000000e+00 -2.01492721e-01  5.30298914e-06  1.96360859e-01
  1.36668808e-01  4.62166274e-01 -3.01925236e-01 -1.05820618e-04]","[ 0.         -1.51507568 13.85049725 -0.97565448  0.08674577  2.40858316
 -2.04845548  0.52646953]"
1747093074.5269635,"[ 0.          0.36197739  1.02110889 -2.53339803 -2.07191616  1.39569149
  0.95798512  1.53935664]","[ 0.00000000e+00 -1.99872137e-01  1.32474486e-05  1.96901065e-01
  1.36939419e-01  4.56464746e-01 -2.94406233e-01 -9.52376087e-05]","[ 0.         -1.43616891 13.95560265 -0.89096564  0.18738152  2.46430516
 -2.14312959  0.54159224]"
1747093074.529252,"[ 0.          0.361588    1.02110889 -2.53299456 -2.0716352   1.39662559
  0.95739716  1.53935664]","[ 0.00000000e+00 -1.97441254e-01  1.32574726e-05  1.96602475e-01
  1.38424189e-01  4.55897059e-01 -2.86573411e-01 -9.52385514e-05]","[ 0.         -1.3922044  14.07416534 -0.8115263   0.20053087  2.38024187
 -2.0766747   0.54993755]"
1747093074.5309587,"[ 0.          0.361183    1.02110843 -2.53261107 -2.07136329  1.39751123
  0.9568321   1.53935571]","[ 0.00000000e+00 -1.97981443e-01  1.05979587e-05  1.94200087e-01
  1.37340324e-01  4.47551512e-01 -2.89544500e-01 -1.03174077e-04]","[ 0.         -1.33235049 14.13705444 -0.77712709  0.15047961  2.29103136
 -2.12741494  0.5366565 ]"
1747093074.5338905,"[ 0.          0.36059248  1.02110843 -2.53202091 -2.0709473   1.39884507
  0.95593595  1.53935571]","[ 0.00000000e+00 -1.93463673e-01  1.32574726e-05  1.95550576e-01
  1.36668808e-01  4.38098122e-01 -2.99268000e-01 -1.03175101e-04]","[ 0.         -1.32223153 14.17503166 -0.75428325  0.1196118   2.29877687
 -2.15210557  0.54926521]"
1747093074.5362473,"[ 0.          0.36021318  1.02110889 -2.53163103 -2.07067832  1.39971073
  0.95534333  1.53935571]","[ 0.00000000e+00 -1.91769203e-01  1.85604623e-05  1.99061837e-01
  1.36399221e-01  4.38098122e-01 -3.00888600e-01 -9.54538036e-05]","[ 0.         -1.28359878 14.20864296 -0.75145519  0.09816283  2.3078475
 -2.0616622   0.56220567]"
1747093074.5390947,"[ 0.          0.35963554  1.02110843 -2.53101344 -2.0702642   1.40105589
  0.95442054  1.53935571]","[ 0.00000000e+00 -1.90148620e-01  1.85464284e-05  2.04463793e-01
  1.35318835e-01  4.46741212e-01 -3.06830745e-01 -9.53816248e-05]","[ 0.         -1.22706354 14.21094418 -0.72105068  0.08579009  2.47393107
 -2.17508578  0.55424082]"
1747093074.54089,"[ 0.          0.3592613   1.02110889 -2.53059506 -2.06999788  1.40197096
  0.95378984  1.53935571]","[ 0.00000000e+00 -1.89068225e-01  2.38634509e-05  2.04125522e-01
  1.33832608e-01  4.46741212e-01 -3.07911123e-01 -9.53816248e-05]","[ 0.00000000e+00 -1.24656796e+00  1.42582712e+01 -7.13953912e-01
  5.22842351e-03  2.42307878e+00 -2.21292233e+00  5.48403382e-01]"
1747093074.5432017,"[ 0.          0.35886821  1.02110936 -2.53019745 -2.06972997  1.402851
  0.95318763  1.53935478]","[ 0.00000000e+00 -1.92309409e-01  2.65146811e-05  2.00412326e-01
  1.30864548e-01  4.46741212e-01 -3.03551795e-01 -1.03330098e-04]","[ 0.         -1.20224893 14.39044762 -0.7303915   0.06762619  2.41005969
 -2.13313222  0.53445262]"
1747093074.546108,"[ 0.          0.35828688  1.02110936 -2.5296025  -2.06934514  1.404218
  0.9522506   1.53935478]","[ 0.00000000e+00 -1.90584030e-01  2.65149452e-05  1.93091713e-01
  1.31537471e-01  4.51602979e-01 -3.13583157e-01 -9.53816248e-05]","[ 0.         -1.26417804 14.5619812  -0.71735483  0.26386422  2.50517035
 -2.09901953  0.55645311]"
1747093074.548408,"[ 0.          0.35772851  1.02110936 -2.52903205 -2.06894354  1.40560404
  0.95127175  1.53935478]","[ 0.00000000e+00 -1.87177547e-01  2.65149452e-05  1.94542969e-01
  1.32617857e-01  4.60246101e-01 -3.24690203e-01 -9.53816248e-05]","[ 0.         -1.26333404 14.62444401 -0.72664171  0.34108785  2.34389806
 -2.12888384  0.5424726 ]"
1747093074.550754,"[ 0.          0.35735244  1.02110936 -2.52862884 -2.06867296  1.40650778
  0.95063053  1.53935478]","[ 0.00000000e+00 -1.82559443e-01  2.65146811e-05  1.97171159e-01
  1.31904213e-01  4.57621190e-01 -3.24116958e-01 -9.53816248e-05]","[ 0.         -1.34457147 14.65875244 -0.68282872  0.31600535  2.21334171
 -2.10241342  0.52798796]"
1747093074.553109,"[ 0.          0.35699245  1.02110936 -2.52823949 -2.06840984  1.40743629
  0.94996561  1.53935478]","[ 0.00000000e+00 -1.82585892e-01  2.65149452e-05  1.97981443e-01
  1.34238449e-01  4.52683356e-01 -3.27088047e-01 -8.47836692e-05]","[ 0.         -1.39273536 14.66310501 -0.70234293  0.35079965  2.20224118
 -2.08260822  0.52008295]"
1747093074.5553648,"[ 0.          0.35661957  1.02110936 -2.52783123 -2.06812968  1.40833245
  0.94932345  1.53935385]","[ 0.00000000e+00 -1.81556363e-01  2.64948971e-05  2.00412326e-01
  1.37542375e-01  4.53493656e-01 -3.26756650e-01 -9.54538036e-05]","[ 0.         -1.39498305 14.61889744 -0.76011044  0.37153506  2.27955151
 -2.07683182  0.54505867]"
1747093074.557677,"[ 0.          0.35607865  1.02110936 -2.52724453 -2.06772354  1.40971756
  0.94836738  1.53935385]","[ 0.00000000e+00 -1.83396192e-01  3.18182529e-05  1.96360859e-01
  1.36669324e-01  4.60551433e-01 -3.09801801e-01 -9.53816248e-05]","[ 0.         -1.47656012 14.57128906 -0.79972959  0.27879882  2.43057799
 -2.08628345  0.53634763]"
1747093074.5600362,"[ 0.          0.35570301  1.02110936 -2.52684    -2.06744418  1.41072783
  0.9477414   1.53935385]","[ 0.00000000e+00 -1.83126081e-01  2.65149452e-05  1.97711348e-01
  1.36039179e-01  4.57545123e-01 -3.04432902e-01 -8.48486716e-05]","[ 0.         -1.50469446 14.5190773  -0.83200318  0.22522865  2.54289794
 -2.13009095  0.5349226 ]"
1747093074.561769,"[ 0.          0.35534119  1.02110936 -2.52644505 -2.06718212  1.41162385
  0.9471364   1.53935385]","[ 0.00000000e+00 -1.83210370e-01  2.38454062e-05  2.00479088e-01
  1.31674025e-01  4.53223579e-01 -3.06519855e-01 -8.47836692e-05]","[ 0.         -1.56014824 14.46672153 -0.84321451  0.12935968  2.55945396
 -2.19418788  0.54121423]"
1747093074.5636063,"[ 0.          0.35496742  1.02110936 -2.52603093 -2.06691288  1.41255422
  0.94651142  1.53935385]","[ 0.00000000e+00 -1.82585892e-01  2.38634509e-05  2.01492721e-01
  1.31151904e-01  4.52764350e-01 -3.03680592e-01 -8.48478263e-05]","[ 0.         -1.56715691 14.4587841  -0.83441657  0.1475419   2.56099725
 -2.1117444   0.54687756]"
1747093074.565413,"[ 0.          0.35460602  1.02110936 -2.52563305 -2.06665482  1.41344665
  0.9459178   1.53935385]","[ 0.00000000e+00 -1.84559494e-01  2.38454062e-05  2.01222626e-01
  1.30997274e-01  4.51602979e-01 -3.00078300e-01 -8.47836692e-05]","[ 0.         -1.59223306 14.4199934  -0.88411534  0.23403499  2.60187316
 -2.08514047  0.54104382]"
1747093074.5677469,"[ 0.          0.35422123  1.02110936 -2.52522266 -2.06638903  1.41436837
  0.94529848  1.53935385]","[ 0.00000000e+00 -1.89068225e-01  2.38634509e-05  2.00682421e-01
  1.29647292e-01  4.49442190e-01 -3.02677546e-01 -8.48478263e-05]","[ 0.         -1.64052689 14.30543995 -0.91062069  0.22884078  2.54680061
 -2.1444459   0.55206269]"
1747093074.570067,"[ 0.          0.35384789  1.02110889 -2.52483783 -2.06613177  1.41523976
  0.94468582  1.53935278]","[ 0.00000000e+00 -1.90148620e-01  1.32574726e-05  1.94200087e-01
  1.30997274e-01  4.39906775e-01 -3.12772890e-01 -8.47836692e-05]","[ 0.         -1.63760185 14.21015358 -0.89753556  0.16924389  2.52834773
 -2.20503736  0.53729272]"
1747093074.5718677,"[ 0.          0.35342039  1.02110889 -2.52444475 -2.0658596   1.41612552
  0.94404846  1.53935278]","[ 0.00000000e+00 -1.95407697e-01  1.32574726e-05  1.91769203e-01
  1.33910356e-01  4.32155977e-01 -3.10952886e-01 -8.48478263e-05]","[ 0.         -1.58346665 14.12569618 -0.87347615  0.14320327  2.5219605
 -2.15803051  0.55133682]"
1747093074.5736678,"[ 0.          0.35302411  1.02110889 -2.52402451 -2.06559381  1.41697494
  0.94344153  1.53935278]","[ 0.00000000e+00 -1.92659531e-01  1.32574726e-05  1.91336340e-01
  1.35318835e-01  4.30265266e-01 -3.07911123e-01 -8.47836692e-05]","[ 0.         -1.47862649 14.04479694 -0.88954043  0.14949617  2.57850909
 -2.12167549  0.5558629 ]"
1747093074.5752923,"[ 0.          0.35264714  1.02110843 -2.52364394 -2.0653291   1.41785405
  0.94280989  1.53935278]","[ 0.00000000e+00 -1.90493250e-01  5.30298914e-06  1.94003562e-01
  1.33698252e-01  4.27940559e-01 -3.08194450e-01 -8.48478263e-05]","[ 0.         -1.38791287 13.92320442 -0.88630915  0.13534124  2.5631578
 -2.19065166  0.54340833]"
1747093074.5770934,"[ 0.          0.35245978  1.02110843 -2.52345059 -2.06518768  1.41827922
  0.94250543  1.53935278]","[ 0.00000000e+00 -1.90148620e-01  5.30293632e-06  1.96090765e-01
  1.33158055e-01  4.31513223e-01 -3.08721423e-01 -8.47836692e-05]","[ 0.         -1.35928679 13.87439728 -0.85963315  0.12015864  2.59578657
 -2.17846417  0.53756362]"
1747093074.5787866,"[ 0.          0.35207589  1.02110843 -2.52304366 -2.06492643  1.41870453
  0.94190515  1.53935278]","[ 0.00000000e+00 -1.87177547e-01  0.00000000e+00  1.99331932e-01
  1.32347763e-01  4.30908619e-01 -3.03049356e-01 -7.68941114e-05]","[ 0.         -1.29078448 13.82011604 -0.82329035  0.08850471  2.63172531
 -2.15540266  0.54829788]"
1747093074.580958,"[ 0.          0.35170854  1.02110843 -2.52264738 -2.06465691  1.41958444
  0.94130015  1.53935185]","[ 0.00000000e+00 -1.85827058e-01  0.00000000e+00  2.00748917e-01
  1.31151904e-01  4.27309457e-01 -2.93325855e-01 -8.48478263e-05]","[ 0.         -1.22076285 13.79819775 -0.81084424  0.08857529  2.71055245
 -2.02061582  0.53342086]"
1747093074.5826426,"[ 0.          0.35132741  1.02110843 -2.5222314  -2.06440338  1.42041681
  0.94073123  1.53935185]","[ 0.00000000e+00 -1.86367264e-01  0.00000000e+00  2.03113304e-01
  1.28296304e-01  4.21622176e-01 -2.87383711e-01 -8.47836692e-05]","[ 0.         -1.23385298 13.77765083 -0.79676241  0.1197992   2.66126013
 -2.03086853  0.51970959]"
1747093074.585031,"[ 0.          0.3509564   1.02110843 -2.52181781 -2.06414532  1.42127967
  0.94014999  1.53935185]","[ 0.00000000e+00 -1.89068225e-01 -5.30298914e-06  2.02370149e-01
  1.25865421e-01  4.22861312e-01 -2.82114513e-01 -8.48478263e-05]","[ 0.         -1.21908271 13.76504326 -0.78171128  0.16553807  2.64068556
 -2.09911489  0.52036393]"
1747093074.5867386,"[ 0.          0.35075619  1.02110843 -2.52161994 -2.06389365  1.42210831
  0.93960491  1.53935185]","[ 0.00000000e+00 -1.88577888e-01 -1.06059783e-05  2.00682421e-01
  1.28166309e-01  4.18651087e-01 -2.74680649e-01 -7.41849740e-05]","[ 0.         -1.19096828 13.79563713 -0.82165176  0.25876519  2.53283715
 -2.07749963  0.52968854]"
1747093074.5884054,"[ 0.          0.35038561  1.02110843 -2.52122366 -2.06362334  1.42296439
  0.93905503  1.53935185]","[ 0.00000000e+00 -1.86987897e-01 -5.30298914e-06  2.01492721e-01
  1.32617857e-01  4.18651087e-01 -2.66817649e-01 -7.42418490e-05]","[ 0.         -1.16040647 13.82842541 -0.82695812  0.26177183  2.48514986
 -2.0277741   0.53589541]"
1747093074.5901847,"[ 0.          0.34999712  1.02110843 -2.52080608 -2.06336155  1.42378344
  0.93853658  1.53935185]","[ 0.00000000e+00 -1.90148620e-01 -1.06059783e-05  2.03653493e-01
  1.33158055e-01  4.13370072e-01 -2.61454359e-01 -7.41857136e-05]","[ 0.         -1.11406434 13.83550644 -0.820553    0.157839    2.40187383
 -1.99994445  0.51714611]"
1747093074.5919003,"[ 0.          0.3498107   1.02110843 -2.52060501 -2.06322973  1.42421541
  0.93828352  1.53935092]","[ 0.00000000e+00 -1.89068225e-01 -1.05979587e-05  2.03923588e-01
  1.33698252e-01  4.06746458e-01 -2.56332617e-01 -8.48478263e-05]","[ 0.         -1.10819662 13.85052013 -0.76672208  0.13343382  2.4205749
 -2.05372691  0.50419682]"
1747093074.5936267,"[ 0.          0.34942681  1.02110843 -2.52019142 -2.06295702  1.42500024
  0.93777079  1.53935092]","[ 0.00000000e+00 -1.87574808e-01 -1.06059783e-05  2.01678709e-01
  1.33158055e-01  3.96503108e-01 -2.47949485e-01 -8.47836692e-05]","[ 0.         -1.09250975 13.93378353 -0.76571876  0.11813098  2.42602658
 -2.09185076  0.5281195 ]"
1747093074.5959,"[ 0.          0.34905397  1.02110843 -2.51978955 -2.0626947   1.42582209
  0.93724662  1.53935092]","[ 0.00000000e+00 -1.90418714e-01 -1.06059783e-05  2.03177337e-01
  1.32887960e-01  4.04740298e-01 -2.48296479e-01 -8.48478263e-05]","[ 0.         -0.99264938 14.04208183 -0.77291256  0.09837378  2.4833076
 -2.08245707  0.54383141]"
1747093074.59772,"[ 0.          0.34866594  1.02110889 -2.51937383 -2.06242172  1.42664128
  0.93672337  1.53935092]","[ 0.00000000e+00 -1.89330181e-01  0.00000000e+00  2.02871689e-01
  1.33292960e-01  4.19731465e-01 -2.59563681e-01 -7.41849740e-05]","[ 0.         -0.92249787 14.13054466 -0.75648355  0.05675822  2.50517225
 -2.05405664  0.52293342]"
1747093074.5989406,"[ 0.          0.34847812  1.02110889 -2.51917329 -2.0622907   1.42706739
  0.93645992  1.53935092]","[ 0.00000000e+00 -1.90418714e-01  0.00000000e+00  2.03383399e-01
  1.32887960e-01  4.32155977e-01 -2.67126409e-01 -7.41864532e-05]","[ 0.         -0.90135205 14.17257786 -0.78398496  0.04730665  2.39868212
 -2.05886817  0.52808148]"
1747093074.6006734,"[ 0.          0.34810115  1.02110889 -2.51876636 -2.06202385  1.42798538
  0.93587768  1.53935092]","[ 0.00000000e+00 -1.90765441e-01  0.00000000e+00  2.08034160e-01
  1.29106596e-01  4.55384334e-01 -2.88112451e-01 -7.42418490e-05]","[ 0.00000000e+00 -8.74825597e-01  1.42748919e+01 -7.48988628e-01
 -2.55880877e-03  2.42931461e+00 -2.09971642e+00  5.24383605e-01]"
1747093074.6024687,"[ 0.          0.34771177  1.02110889 -2.51832694 -2.06177564  1.42890244
  0.93528313  1.53934999]","[ 0.00000000e+00 -1.89878525e-01 -5.30298914e-06  2.16663951e-01
  1.25468077e-01  4.68889224e-01 -3.05440542e-01 -8.47836692e-05]","[ 0.         -0.84440064 14.37657166 -0.72574764  0.06909084  2.41414976
 -2.06310105  0.50167972]"
1747093074.6043055,"[ 0.          0.34733613  1.02110936 -2.51789258 -2.06151518  1.42988608
  0.93463146  1.53934999]","[ 0.00000000e+00 -1.89608431e-01  0.00000000e+00  2.21750022e-01
  1.27641150e-01  4.82394081e-01 -3.22488235e-01 -8.48478263e-05]","[ 0.         -0.81072754 14.47353268 -0.68713468  0.21032816  2.41345882
 -2.02974463  0.50902343]"
1747093074.6060379,"[ 0.          0.34715017  1.02110936 -2.51765289 -2.06138762  1.4303713
  0.93430136  1.53934999]","[ 0.00000000e+00 -1.88528036e-01  5.30298914e-06  2.25691617e-01
  1.29376690e-01  4.92117615e-01 -3.34920870e-01 -8.48478263e-05]","[ 0.         -0.78956527 14.44143009 -0.65515608  0.29799113  2.44555616
 -2.01940656  0.50961787]"
1747093074.6078603,"[ 0.          0.34675985  1.02110889 -2.51720282 -2.06112636  1.43135774
  0.93361832  1.53934999]","[ 0.00000000e+00 -1.91574909e-01  0.00000000e+00  2.28540767e-01
  1.33158055e-01  5.03461682e-01 -3.48882192e-01 -8.48478263e-05]","[ 0.         -0.80584478 14.45491219 -0.69727677  0.4231621   2.4594593
 -2.08903241  0.49376968]"
1747093074.6096034,"[ 0.          0.34636447  1.02110889 -2.51673863 -2.06085019  1.43241182
  0.93290014  1.53934999]","[ 0.00000000e+00 -1.93593252e-01  0.00000000e+00  2.26193157e-01
  1.34238449e-01  5.18601354e-01 -3.49236026e-01 -7.42411095e-05]","[ 0.         -0.81436199 14.45579338 -0.71754932  0.42566124  2.35902596
 -2.09880066  0.49746749]"
1747093074.611877,"[ 0.          0.34597921  1.02110889 -2.51629335 -2.06058068  1.43348587
  0.93221517  1.53934905]","[ 0.00000000e+00 -1.96090765e-01  0.00000000e+00  2.25261300e-01
  1.37479616e-01  5.24106074e-01 -3.46264971e-01 -8.48478263e-05]","[ 0.         -0.86786306 14.41604328 -0.73151982  0.37498197  2.22073054
 -2.09933519  0.50450206]"
1747093074.6135824,"[ 0.          0.3455848   1.02110936 -2.51584727 -2.06029412  1.4345313
  0.93184892  1.53934905]","[ 0.00000000e+00 -2.01018745e-01  5.29502843e-06  2.26652003e-01
  1.41260972e-01  5.31551840e-01 -3.44806624e-01 -8.48478263e-05]","[ 0.         -0.86236018 14.46638203 -0.75531089  0.38116446  2.22388268
 -2.06899285  0.50753599]"
1747093074.6159525,"[ 0.          0.34517244  1.02110936 -2.51537669 -2.06001183  1.43563105
  0.93116302  1.53934905]","[ 0.00000000e+00 -2.01222626e-01  1.05819570e-05  2.30933334e-01
  1.43421761e-01  5.38907358e-01 -3.47345348e-01 -8.48469811e-05]","[ 0.         -0.78634197 14.58888531 -0.79148245  0.39030358  2.26989961
 -2.04195857  0.51199532]"
1747093074.6176856,"[ 0.          0.34477477  1.02110936 -2.51491942 -2.05971595  1.4367079
  0.93045715  1.53934905]","[ 0.00000000e+00 -2.01762815e-01  1.05899522e-05  2.31743634e-01
  1.44502155e-01  5.48838086e-01 -3.44374293e-01 -8.47196178e-05]","[ 0.         -0.77139533 14.66600132 -0.81918877  0.33610332  2.28238606
 -2.07512093  0.49569091]"
1747093074.6200066,"[ 0.          0.34436241  1.02110936 -2.51444139 -2.05941954  1.43783907
  0.92976653  1.53934812]","[ 0.00000000e+00 -2.01018745e-01  1.05899522e-05  2.33364218e-01
  1.45194943e-01  5.50938321e-01 -3.52207115e-01 -9.53095680e-05]","[ 0.         -0.74982184 14.75815582 -0.82910788  0.25747645  2.29374814
 -2.11104918  0.48577589]"
1747093074.6217535,"[ 0.          0.34395052  1.02110982 -2.51397986 -2.05913059  1.4389359
  0.9290245   1.53934812]","[ 0.00000000e+00 -2.01116300e-01  1.32374398e-05  2.34174518e-01
  1.47203117e-01  5.58561553e-01 -3.64262147e-01 -8.47196178e-05]","[ 0.         -0.75193685 14.81009483 -0.83377862  0.06143767  2.27636576
 -2.0971024   0.4845663 ]"
1747093074.6241007,"[ 0.          0.34355334  1.02111022 -2.51349809 -2.05882619  1.44009078
  0.92829766  1.53934812]","[ 0.00000000e+00 -2.01492721e-01  2.11799045e-05  2.36065196e-01
  1.49457999e-01  5.66235186e-01 -3.67602650e-01 -8.47196178e-05]","[ 0.         -0.76532769 14.86689377 -0.83771968 -0.04838899  2.28710318
 -2.06522751  0.49203557]"
1747093074.625843,"[ 0.          0.34315154  1.02111022 -2.51302379 -2.05853138  1.44121623
  0.92754425  1.53934812]","[ 0.00000000e+00 -2.04463793e-01  1.85325998e-05  2.42277435e-01
  1.49904095e-01  5.73146821e-01 -3.69118987e-01 -8.47204549e-05]","[ 0.         -0.77691281 14.87124252 -0.89728022 -0.12402599  2.26642776
 -2.1534853   0.49969867]"
1747093074.6275792,"[ 0.          0.34273182  1.02110982 -2.51252471 -2.05822325  1.44238815
  0.92680316  1.53934812]","[ 0.00000000e+00 -2.05003982e-01  1.05900569e-05  2.43087735e-01
  1.50461078e-01  5.71501320e-01 -3.78832634e-01 -8.46556558e-05]","[ 0.         -0.81050926 14.81392193 -0.92095172 -0.16480818  2.20675015
 -2.25706697  0.49762893]"
1747093074.6293507,"[ 0.          0.34253072  1.02111022 -2.51228502 -2.05807491  1.44295328
  0.9263951   1.53934812]","[ 0.00000000e+00 -2.03923588e-01  1.32274462e-05  2.43087735e-01
  1.50444300e-01  5.72566119e-01 -3.84177266e-01 -8.47196178e-05]","[ 0.         -0.81857449 14.82503223 -0.94900924 -0.19513763  2.29458523
 -2.22249532  0.47605255]"
1747093074.630545,"[ 0.          0.34211054  1.02111022 -2.51178808 -2.0577769   1.44408632
  0.92562358  1.53934812]","[ 0.00000000e+00 -2.04877832e-01  1.85324169e-05  2.41740791e-01
  1.50444300e-01  5.75847799e-01 -3.93532019e-01 -7.40737029e-05]","[ 0.         -0.88300222 14.81890392 -0.95945656 -0.25447148  2.34551382
 -2.15607953  0.48886046]"
1747093074.6322424,"[ 0.          0.34170737  1.02111022 -2.51131936 -2.05747304  1.4452669
  0.92479594  1.53934719]","[ 0.00000000e+00 -2.04256633e-01  1.85325998e-05  2.36365667e-01
  1.46662928e-01  5.76928177e-01 -4.06363795e-01 -8.47196178e-05]","[ 0.         -0.94960839 14.81919765 -1.0147028  -0.31945619  2.35160685
 -2.09738088  0.49404415]"
1747093074.6339674,"[ 0.          0.34150444  1.02111022 -2.51106903 -2.05733003  1.44583854
  0.92438974  1.53934719]","[ 0.00000000e+00 -2.05814282e-01  1.85186086e-05  2.35722347e-01
  1.45042344e-01  5.79629155e-01 -4.11898642e-01 -8.47196178e-05]","[ 0.         -0.99479604 14.80464935 -1.04544461 -0.34805137  2.33564377
 -2.09666324  0.49876273]"
1747093074.6356838,"[ 0.          0.34107783  1.02111022 -2.51059924 -2.05704533  1.44701726
  0.92357541  1.53934719]","[ 0.00000000e+00 -2.09055449e-01  1.32374398e-05  2.38496079e-01
  1.44648862e-01  5.75262836e-01 -4.13789320e-01 -8.46564929e-05]","[ 0.         -1.05730176 14.79659176 -1.04768372 -0.38423291  2.46339607
 -2.09639263  0.49439597]"
1747093074.637972,"[ 0.          0.34066135  1.02111069 -2.51012414 -2.05675159  1.44815217
  0.92273066  1.53934719]","[ 0.00000000e+00 -2.11541876e-01  1.85324169e-05  2.41197040e-01
  1.42881572e-01  5.76928177e-01 -4.11088342e-01 -8.47196178e-05]","[ 0.         -1.13226008 14.75554466 -1.03856432 -0.34347355  2.52129936
 -2.03210711  0.4803144 ]"
1747093074.6391602,"[ 0.          0.34022465  1.02111069 -2.50962639 -2.05646183  1.44928521
  0.92193058  1.53934719]","[ 0.00000000e+00 -2.13654728e-01  2.11799045e-05  2.43898018e-01
  1.40931872e-01  5.75847799e-01 -4.00958177e-01 -8.46556558e-05]","[ 0.         -1.18499267 14.74313259 -1.02968025 -0.24880315  2.54056787
 -2.00363135  0.46908888]"
1747093074.6420333,"[ 0.          0.33980358  1.02111069 -2.50914329 -2.05618593  1.45046472
  0.92112484  1.53934719]","[ 0.00000000e+00 -2.12512149e-01  1.85324169e-05  2.43898018e-01
  1.39640388e-01  5.76928177e-01 -3.92201870e-01 -8.47196178e-05]","[ 0.         -1.20242178 14.71735573 -1.001001   -0.18261325  2.53139853
 -2.01096487  0.482355  ]"
1747093074.6443074,"[ 0.          0.33936965  1.02111069 -2.50864076 -2.05590763  1.45158631
  0.92035046  1.53934613]","[ 0.00000000e+00 -2.11397816e-01  1.32375708e-05  2.46058807e-01
  1.41531083e-01  5.66124332e-01 -3.92721719e-01 -8.46556558e-05]","[ 0.         -1.23426318 14.63263512 -0.99001098 -0.18634221  2.39892125
 -2.00378704  0.47584581]"
1747093074.6460414,"[ 0.          0.33895453  1.02111069 -2.50815553 -2.05559151  1.4527336
  0.91954092  1.53934613]","[ 0.00000000e+00 -2.10946127e-01  1.32375708e-05  2.46618970e-01
  1.43421761e-01  5.58047164e-01 -3.97180649e-01 -8.47196178e-05]","[ 0.         -1.21967971 14.55937672 -0.98908043 -0.16170064  2.38690472
 -1.96894932  0.46710387]"
1747093074.6477451,"[ 0.          0.33852106  1.02111069 -2.50764713 -2.0552959   1.45382763
  0.91875609  1.53934613]","[ 0.00000000e+00 -2.11756427e-01  1.32374398e-05  2.48762315e-01
  1.44442634e-01  5.53138825e-01 -4.00284464e-01 -8.46556558e-05]","[ 0.         -1.24738419 14.47679996 -0.95091766 -0.17432027  2.39386535
 -1.9603138   0.46526131]"
1747093074.6501658,"[ 0.          0.33810368  1.02111069 -2.50715524 -2.05501121  1.45495881
  0.91792938  1.53934613]","[ 0.00000000e+00 -2.12296616e-01  1.32374398e-05  2.49299974e-01
  1.44625560e-01  5.52889520e-01 -4.05743378e-01 -8.47204549e-05]","[ 0.         -1.26377022 14.37716103 -0.93809354 -0.16233675  2.42490339
 -2.00011277  0.46595505]"
1747093074.6519897,"[ 0.          0.33766469  1.02111022 -2.50664738 -2.05471134  1.45603086
  0.91713316  1.53934613]","[ 0.00000000e+00 -2.13970280e-01  7.94254290e-06  2.48201221e-01
  1.46950316e-01  5.40194963e-01 -4.03255519e-01 -8.46564929e-05]","[ 0.         -1.28580391 14.26645565 -0.90841651 -0.21516992  2.48391747
 -2.01758146  0.47186837]"
1747093074.6537585,"[ 0.          0.33724361  1.02111022 -2.50616162 -2.05442105  1.45712768
  0.91630365  1.53934613]","[ 0.00000000e+00 -2.13377011e-01  7.94254290e-06  2.45518602e-01
  1.46392833e-01  5.34522896e-01 -4.06226608e-01 -8.47196178e-05]","[ 0.         -1.31490767 14.18531036 -0.93268424 -0.32405028  2.51661086
 -2.08517814  0.47680148]"
1747093074.65549,"[ 0.          0.33680739  1.02111022 -2.50565988 -2.05413317  1.4581779
  0.91548932  1.53934613]","[ 0.00000000e+00 -2.12651649e-01  7.94246417e-06  2.45000783e-01
  1.44772250e-01  5.31551840e-01 -4.15950109e-01 -7.67199429e-05]","[ 0.         -1.31147957 14.15894699 -0.92855084 -0.35880524  2.54679537
 -2.07937956  0.49041733]"
1747093074.6571953,"[ 0.          0.33638767  1.02111022 -2.50516879 -2.05384208  1.45927006
  0.91464743  1.53934519]","[ 0.00000000e+00 -2.13160812e-01  5.29097849e-06  2.50110258e-01
  1.41531083e-01  5.33712596e-01 -4.08927586e-01 -8.46556558e-05]","[ 0.         -1.28665674 14.1317482  -0.91168439 -0.41369191  2.52062273
 -1.97033143  0.47002199]"
1747093074.658957,"[ 0.          0.33617735  1.02111022 -2.50491899 -2.05370387  1.45979231
  0.91424689  1.53934519]","[ 0.00000000e+00 -2.13377011e-01  7.93646773e-06  2.53351425e-01
  1.40180594e-01  5.29661162e-01 -4.05815017e-01 -8.46556558e-05]","[ 0.         -1.29548454 14.15816879 -0.86337793 -0.43143925  2.36912799
 -1.97289646  0.44949386]"
1747093074.6607633,"[ 0.          0.33574066  1.02111022 -2.50439887 -2.05341411  1.46082828
  0.91342118  1.53934519]","[ 0.00000000e+00 -2.13377011e-01  7.94246417e-06  2.55242119e-01
  1.41433411e-01  5.22908717e-01 -4.03235679e-01 -8.46556558e-05]","[ 0.         -1.30604351 14.17201328 -0.8852073  -0.429912    2.28106117
 -1.94456375  0.45676863]"
1747093074.662414,"[ 0.          0.33531775  1.02111022 -2.50389101 -2.0532759   1.46190047
  0.91263728  1.53934519]","[ 0.00000000e+00 -2.14187294e-01  7.94246417e-06  2.57402892e-01
  1.40038564e-01  5.23989095e-01 -3.94612396e-01 -8.46556558e-05]","[ 0.         -1.30007672 14.12883186 -0.90672934 -0.41968122  2.28068829
 -2.03905559  0.48123759]"
1747093074.6641817,"[ 0.          0.33509045  1.02111022 -2.50363881 -2.05313635  1.46241606
  0.91225298  1.53934519]","[ 0.00000000e+00 -2.13954800e-01  7.94238493e-06  2.55782308e-01
  1.41531083e-01  5.22908717e-01 -3.89750663e-01 -8.46556558e-05]","[ 0.         -1.28161991 14.10788727 -0.94303274 -0.41550225  2.35666633
 -2.06321025  0.4732587 ]"
1747093074.6659794,"[ 0.          0.33467213  1.02111022 -2.50311763 -2.05285485  1.46349291
  0.91146815  1.53934519]","[ 0.00000000e+00 -2.11486316e-01  7.94246417e-06  2.53891630e-01
  1.37421118e-01  5.27235722e-01 -3.80666520e-01 -8.47196178e-05]","[ 0.         -1.27342641 14.0743866  -0.94650346 -0.38185352  2.3425045
 -2.02766037  0.47709608]"
1747093074.6677377,"[ 0.          0.33424003  1.02110982 -2.50261482 -2.05258214  1.46454126
  0.9107204   1.53934519]","[ 0.00000000e+00 -2.10645506e-01  5.29497611e-06  2.55242119e-01
  1.38149792e-01  5.32632218e-01 -3.77326184e-01 -8.46564929e-05]","[ 0.         -1.31161618 14.01962662 -0.94461894 -0.3146919   2.42614007
 -2.04487371  0.45866343]"
1747093074.6695523,"[ 0.          0.33382861  1.02110982 -2.50209151 -2.05229638  1.46563049
  0.90994702  1.53934519]","[ 0.00000000e+00 -2.08303988e-01  1.05900569e-05  2.55253321e-01
  1.39427261e-01  5.32632218e-01 -3.77511240e-01 -8.47204549e-05]","[ 0.         -1.26870775 14.01076889 -0.91588718 -0.2449228   2.37819028
 -2.1580224   0.45707983]"
1747093074.671366,"[ 0.          0.33340064  1.02110982 -2.50156474 -2.05202288  1.46668457
  0.90919547  1.53934519]","[ 0.00000000e+00 -2.09642426e-01  1.05899522e-05  2.57288442e-01
  1.38289908e-01  5.35333196e-01 -3.82998218e-01 -7.40737029e-05]","[ 0.         -1.25985754 13.98388481 -0.901703   -0.15757774  2.35590219
 -2.18522835  0.45269132]"
1747093074.6748464,"[ 0.          0.33298692  1.02110982 -2.5010606  -2.05174218  1.46778233
  0.90840205  1.53934519]","[ 0.00000000e+00 -2.10135844e-01  1.05899522e-05  2.55512214e-01
  1.36668808e-01  5.37493985e-01 -3.86935735e-01 -7.41303991e-05]","[ 0.         -1.23567975 14.01443291 -0.8778159  -0.13673814  2.30003333
 -2.10724044  0.47260287]"
1747093074.6770687,"[ 0.          0.33234726  1.02110982 -2.50028509 -2.05133552  1.46941484
  0.90723672  1.53934426]","[ 0.00000000e+00 -2.10405938e-01  1.32375708e-05  2.56592608e-01
  1.33283323e-01  5.36644503e-01 -3.97180649e-01 -8.46556558e-05]","[ 0.         -1.15155327 14.06273556 -0.91989601 -0.0535106   2.12397528
 -2.0910306   0.42584741]"
1747093074.6788993,"[ 0.          0.3319326   1.02110982 -2.4997711  -2.05107266  1.47046413
  0.90643191  1.53934426]","[ 0.00000000e+00 -2.10405938e-01  1.32274462e-05  2.61724453e-01
  1.33698252e-01  5.31013249e-01 -3.90831041e-01 -8.47196178e-05]","[ 0.         -1.13820469 14.08719349 -0.95903933  0.06521949  2.10586262
 -2.12931681  0.44146165]"
1747093074.6806018,"[ 0.          0.33150786  1.02111022 -2.49923021 -2.05080821  1.47155243
  0.90567471  1.53934426]","[ 0.00000000e+00 -2.06894660e-01  1.85324169e-05  2.63808427e-01
  1.34508543e-01  5.30375289e-01 -3.81107540e-01 -8.46564929e-05]","[ 0.         -1.18065536 14.15837288 -0.95276749  0.15399489  2.04379916
 -2.13181758  0.43644416]"
1747093074.6823828,"[ 0.          0.33110193  1.02111022 -2.49871169 -2.05053098  1.47260172
  0.90490033  1.53934426]","[ 0.00000000e+00 -2.06563979e-01  1.85186086e-05  2.63345037e-01
  1.36800676e-01  5.33712596e-01 -3.78136451e-01 -7.41296676e-05]","[ 0.         -1.21317279 14.2266283  -0.97147596  0.16696553  2.11237001
 -2.05395317  0.42455757]"
1747093074.6842272,"[ 0.          0.33088382  1.02111022 -2.49845523 -2.05039782  1.47312876
  0.90452835  1.53934426]","[ 0.00000000e+00 -2.05186159e-01  1.85186086e-05  2.60103870e-01
  1.35048741e-01  5.33981309e-01 -3.77326184e-01 -7.40737029e-05]","[ 0.         -1.22798574 14.28852654 -0.9802227   0.14182499  2.10423255
 -2.00694442  0.432419  ]"
1747093074.6859407,"[ 0.          0.33048294  1.02111069 -2.49792899 -2.05011126  1.47421413
  0.90376256  1.53934426]","[ 0.00000000e+00 -2.02573099e-01  2.11799045e-05  2.55512214e-01
  1.40430332e-01  5.27616853e-01 -3.71638870e-01 -7.40737029e-05]","[ 0.         -1.23150373 14.38090897 -1.00501204  0.02726392  2.17823815
 -1.95161736  0.43612781]"
1747093074.6876862,"[ 0.          0.33008254  1.02111069 -2.49742379 -2.0498319   1.47525489
  0.90303765  1.53934426]","[ 0.00000000e+00 -2.03716976e-01  2.11639139e-05  2.57132797e-01
  1.42071272e-01  5.27770484e-01 -3.65711972e-01 -7.40744343e-05]","[ 0.         -1.24988902 14.54066181 -1.05918086 -0.05973225  2.22671342
 -1.97608626  0.43794283]"
1747093074.689473,"[ 0.          0.32966742  1.02111069 -2.49689515 -2.04954321  1.47633174
  0.90228231  1.53934426]","[ 0.00000000e+00 -2.02032910e-01  2.11799045e-05  2.57951569e-01
  1.40047702e-01  5.25879773e-01 -3.68783928e-01 -7.40737029e-05]","[ 0.         -1.26962161 14.67259121 -1.0963912  -0.1647571   2.36565423
 -2.02134109  0.43012607]"
1747093074.6912997,"[ 0.          0.32946998  1.02111069 -2.49664082 -2.04940499  1.47684919
  0.90192178  1.53934426]","[ 0.00000000e+00 -2.00142232e-01  2.11639139e-05  2.57943097e-01
  1.40180594e-01  5.24267662e-01 -3.65711972e-01 -7.41296676e-05]","[ 0.         -1.29338217 14.7461586  -1.11206818 -0.21270745  2.39691472
 -2.05708432  0.46652353]"
1747093074.6929967,"[ 0.          0.32906085  1.02111162 -2.49611138 -2.04912935  1.47791659
  0.90121684  1.53934426]","[ 0.00000000e+00 -1.98672317e-01  3.17698567e-05  2.59043815e-01
  1.40180594e-01  5.19592249e-01 -3.54097793e-01 -6.61378843e-05]","[ 0.         -1.27335227 14.89957047 -1.17607462 -0.30068904  2.32242417
 -2.05357814  0.47580907]"
1747093074.6947982,"[ 0.          0.32866823  1.02111209 -2.49560538 -2.04884839  1.47892499
  0.90050145  1.53934333]","[ 0.00000000e+00 -1.98590325e-01  3.70368514e-05  2.55523149e-01
  1.35588930e-01  5.09403827e-01 -3.48425760e-01 -7.41296676e-05]","[ 0.         -1.32059371 14.98082924 -1.18007314 -0.4495067   2.37738323
 -2.14591026  0.46350503]"
1747093074.6971643,"[ 0.          0.32826047  1.02111255 -2.49507834 -2.04858527  1.47996948
  0.89980896  1.53934333]","[ 0.00000000e+00 -1.98859387e-01  4.23602275e-05  2.58213192e-01
  1.31807566e-01  5.10564599e-01 -3.52207115e-01 -7.40737029e-05]","[ 0.         -1.28786898 15.06414795 -1.19979131 -0.50425911  2.36674905
 -2.14639759  0.47631758]"
1747093074.6989267,"[ 0.          0.32786602  1.02111349 -2.49456568 -2.04831815  1.48097789
  0.89909071  1.53934333]","[ 0.00000000e+00 -2.00142232e-01  4.49733161e-05  2.60373964e-01
  1.30186982e-01  5.13185217e-01 -3.50046326e-01 -7.41303991e-05]","[ 0.         -1.29563856 15.13193512 -1.25209773 -0.4303402   2.46276855
 -2.05349493  0.47123063]"
1747093074.7006145,"[ 0.          0.32744907  1.02111349 -2.49403438 -2.04804891  1.48203383
  0.8983867   1.53934333]","[ 0.00000000e+00 -2.04627062e-01  4.50077435e-05  2.58800136e-01
  1.31780127e-01  5.16833781e-01 -3.59769827e-01 -7.40737029e-05]","[ 0.         -1.35062599 15.15255833 -1.27802289 -0.3221845   2.62110019
 -2.04797673  0.45838442]"
1747093074.7023199,"[ 0.          0.32704867  1.02111349 -2.49352758 -2.04778579  1.4830441
  0.89763236  1.53934333]","[ 0.00000000e+00 -2.02573099e-01  4.49733161e-05  2.55512214e-01
  1.33158055e-01  5.11294505e-01 -3.71384039e-01 -7.41296676e-05]","[ 0.         -1.33446074 15.10346603 -1.29927599 -0.2515496   2.6329484
 -2.08154631  0.46152967]"
1747093074.704017,"[ 0.          0.32684983  1.02111349 -2.49327831 -2.04765449  1.48354837
  0.89726038  1.53934333]","[ 0.00000000e+00 -2.01762815e-01  4.49733161e-05  2.52811236e-01
  1.33158055e-01  5.11046299e-01 -3.77326184e-01 -6.61872009e-05]","[ 0.         -1.32983756 15.03050327 -1.29470575 -0.26636276  2.60542393
 -2.10624528  0.47451183]"
1747093074.7057765,"[ 0.          0.32643657  1.02111349 -2.49276485 -2.04738445  1.48459579
  0.89650125  1.53934333]","[ 0.00000000e+00 -2.00682421e-01  4.23598089e-05  2.50650463e-01
  1.31279061e-01  5.11564616e-01 -3.69131171e-01 -6.61378843e-05]","[ 0.         -1.29446042 15.01518822 -1.27199137 -0.30787054  2.56271744
 -1.992293    0.51054972]"
1747093074.7074864,"[ 0.          0.32604579  1.02111395 -2.4922711  -2.04712639  1.48559741
  0.89578779  1.53934333]","[ 0.00000000e+00 -1.96901065e-01  5.03403034e-05  2.50904928e-01
  1.30324901e-01  5.08323450e-01 -3.59405307e-01 -6.61872009e-05]","[ 0.         -1.27296054 15.00198364 -1.25187385 -0.29131442  2.49102187
 -1.99241984  0.4528378 ]"
1747093074.7091966,"[ 0.          0.32564262  1.02111395 -2.49175179 -2.04686194  1.48663538
  0.89508471  1.53934333]","[ 0.00000000e+00 -1.96853244e-01  5.03778963e-05  2.54701914e-01
  1.28975785e-01  5.05622472e-01 -3.55178171e-01 -6.61372301e-05]","[ 0.         -1.25335324 15.00164318 -1.2634728  -0.19081792  2.38322854
 -2.07956386  0.41840655]"
1747093074.7120562,"[ 0.          0.32544747  1.02111395 -2.49150012 -2.04673464  1.48712713
  0.8947128   1.53934333]","[ 0.00000000e+00 -1.97981443e-01  5.03783961e-05  2.55242119e-01
  1.29106596e-01  4.98599949e-01 -3.50072758e-01 -6.61378843e-05]","[ 0.         -1.30011892 15.0073843  -1.29138529 -0.10376403  2.30123663
 -2.04200149  0.47920242]"
1747093074.7149282,"[ 0.          0.32465125  1.02111442 -2.49046894 -2.04622544  1.48910399
  0.89330772  1.53934333]","[ 0.00000000e+00 -1.98859387e-01  5.03783961e-05  2.56052403e-01
  1.23849133e-01  4.89146526e-01 -3.49993995e-01 -5.82007654e-05]","[ 0.         -1.25867367 14.95619583 -1.28033864 -0.14011236  2.31847262
 -1.86179531  0.47005311]"
1747093074.7166626,"[ 0.          0.32426047  1.02111442 -2.4899664  -2.04597218  1.4901124
  0.89261037  1.5393424 ]","[ 0.00000000e+00 -1.97441254e-01  5.03789000e-05  2.54431819e-01
  1.23628848e-01  4.94515392e-01 -3.53287493e-01 -6.61378843e-05]","[ 0.         -1.27463007 14.79717731 -1.26388836 -0.21658261  2.30147791
 -1.89429629  0.46378443]"
1747093074.7190268,"[ 0.          0.32385637  1.02111395 -2.48944309 -2.04572184  1.49108738
  0.89188553  1.5393424 ]","[ 0.00000000e+00 -1.97241200e-01  4.50754075e-05  2.55792978e-01
  1.28026201e-01  4.94818560e-01 -3.53739032e-01 -6.62379032e-05]","[ 0.         -1.29964137 14.70909405 -1.28821754 -0.20465633  2.43854642
 -1.96007383  0.5065074 ]"
1747093074.7213771,"[ 0.          0.32347111  1.02111442 -2.48894082 -2.04545552  1.49210058
  0.89119104  1.5393424 ]","[ 0.00000000e+00 -1.94740276e-01  5.03403034e-05  2.53621536e-01
  1.30901134e-01  4.93512312e-01 -3.50770973e-01 -5.82887721e-05]","[ 0.         -1.25727725 14.63076401 -1.3100059  -0.17022139  2.62956262
 -1.96746874  0.52164465]"
1747093074.7236793,"[ 0.          0.32286867  1.02111395 -2.48817063 -2.04506617  1.493558
  0.89013889  1.5393424 ]","[ 0.00000000e+00 -1.99872137e-01  4.24239132e-05  2.52811236e-01
  1.31807566e-01  4.92117615e-01 -3.44374293e-01 -5.83328791e-05]","[ 0.         -1.22879338 14.53938007 -1.27785194 -0.20975535  2.64262581
 -1.96269846  0.49017972]"
1747093074.7260287,"[ 0.          0.32247469  1.02111395 -2.48767555 -2.04479506  1.49456734
  0.8894245   1.5393424 ]","[ 0.00000000e+00 -2.00682421e-01  3.71205547e-05  2.51190652e-01
  1.32405745e-01  4.94008293e-01 -3.50072758e-01 -5.82887721e-05]","[ 0.         -1.20466232 14.44367218 -1.31726789 -0.35604757  2.60995889
 -1.93838966  0.49188054]"
1747093074.727788,"[ 0.          0.3220591   1.02111395 -2.48715863 -2.04453487  1.49554711
  0.88872335  1.5393424 ]","[ 0.00000000e+00 -2.03653493e-01  4.24239132e-05  2.53777680e-01
  1.31807566e-01  4.96979349e-01 -3.57068849e-01 -5.83328791e-05]","[ 0.         -1.16533828 14.42376137 -1.29969263 -0.44564649  2.45907235
 -1.88145006  0.4904651 ]"
1747093074.7301383,"[ 0.          0.32166192  1.02111395 -2.4866521  -2.04426855  1.49663541
  0.88802414  1.5393424 ]","[ 0.00000000e+00 -2.00142232e-01  3.71209245e-05  2.57402892e-01
  1.29647292e-01  4.94818560e-01 -3.54097793e-01 -5.82887721e-05]","[ 0.         -1.13872015 14.41287613 -1.28594172 -0.38232079  2.47405195
 -1.80374801  0.47837526]"
1747093074.732486,"[ 0.          0.32106128  1.02111395 -2.48586274 -2.04389598  1.49813757
  0.88695868  1.5393424 ]","[ 0.00000000e+00 -1.96630970e-01  3.70928568e-05  2.59833775e-01
  1.24785034e-01  4.94515392e-01 -3.51850252e-01 -4.76908124e-05]","[ 0.         -1.13493407 14.26713943 -1.32712781 -0.19751839  2.51058412
 -1.83444405  0.5044896 ]"
1747093074.7348986,"[ 0.          0.32066134  1.02111395 -2.48535541 -2.04364617  1.49911548
  0.88624808  1.5393424 ]","[ 0.00000000e+00 -1.95010370e-01  3.71209245e-05  2.56052403e-01
  1.21543868e-01  4.96979349e-01 -3.44482251e-01 -4.77269018e-05]","[ 0.         -1.15868986 14.16347122 -1.29972148 -0.15642744  2.51084685
 -1.80445969  0.48596236]"
1747093074.7381961,"[ 0.          0.32027884  1.02111349 -2.48483636 -2.04339743  1.50013534
  0.88558881  1.5393424 ]","[ 0.00000000e+00 -1.94200087e-01  3.18179359e-05  2.52285261e-01
  1.20619626e-01  4.96979349e-01 -3.30059103e-01 -4.76908124e-05]","[ 0.         -1.20370221 14.09282207 -1.27711129 -0.10196981  2.57478166
 -1.7308408   0.48614845]"
1747093074.739418,"[ 0.          0.31988256  1.02111349 -2.48433968 -2.04315855  1.50110846
  0.88492196  1.5393424 ]","[ 0.00000000e+00 -1.93411125e-01  2.65149452e-05  2.51745622e-01
  1.21150893e-01  4.92927882e-01 -3.24116958e-01 -4.77269018e-05]","[ 0.         -1.2138083  14.0094986  -1.2814889   0.02144706  2.50767279
 -1.81749642  0.48734835]"
1747093074.741821,"[ 0.          0.31928791  1.02111349 -2.48357242 -2.04278757  1.50261448
  0.88393446  1.5393424 ]","[ 0.00000000e+00 -1.95850165e-01  2.64948971e-05  2.52271047e-01
  1.23127317e-01  4.98870027e-01 -3.25246704e-01 -4.76908124e-05]","[ 0.         -1.21183467 13.96862125 -1.29929483  0.26431897  2.40617156
 -1.81283319  0.47967216]"
1747093074.7441008,"[ 0.          0.31890219  1.02111349 -2.48307627 -2.04254096  1.50359811
  0.88330189  1.5393424 ]","[ 0.00000000e+00 -1.95550576e-01  2.65149452e-05  2.50396498e-01
  1.25325232e-01  4.99174060e-01 -3.20335602e-01 -3.71209245e-05]","[ 0.         -1.20102012 14.02698803 -1.32045007  0.41581964  2.36915517
 -1.81988966  0.47047025]"
1747093074.7458518,"[ 0.          0.3185128   1.02111349 -2.48256335 -2.04227651  1.50461691
  0.88264928  1.5393424 ]","[ 0.00000000e+00 -1.97441254e-01  2.65149452e-05  2.49840163e-01
  1.30324901e-01  4.95898971e-01 -3.18677418e-01 -3.70928568e-05]","[ 0.         -1.20218515 14.06306744 -1.29450786  0.39976564  2.23417592
 -1.90559232  0.47375014]"
1747093074.7481964,"[ 0.          0.31808117  1.02111349 -2.48207199 -2.04201712  1.50510107
  0.8820062   1.5393424 ]","[ 0.00000000e+00 -1.95641706e-01  2.65149452e-05  2.49840163e-01
  1.32617857e-01  4.91037204e-01 -3.28978725e-01 -3.71209245e-05]","[ 0.         -1.2603265  13.98549271 -1.2660147   0.30200809  2.31660223
 -1.99290359  0.46342036]"
1747093074.7505577,"[ 0.          0.31750946  1.02111349 -2.48130261 -2.04161524  1.50658139
  0.88100824  1.53934146]","[ 0.00000000e+00 -1.98791743e-01  3.18179359e-05  2.53364557e-01
  1.33562788e-01  4.87255848e-01 -3.28231242e-01 -4.77269018e-05]","[ 0.         -1.23593688 14.03413486 -1.28882957  0.18768777  2.25800991
 -2.00981665  0.48411074]"
1747093074.7529325,"[ 0.          0.31708748  1.02111349 -2.48078409 -2.0413476   1.50759645
  0.88035377  1.53934146]","[ 0.00000000e+00 -1.98590325e-01  3.18179359e-05  2.53025371e-01
  1.36939419e-01  4.99029250e-01 -3.32760081e-01 -4.77269018e-05]","[ 0.         -1.18362975 14.17715073 -1.31673992  0.11741671  2.36220694
 -1.970258    0.50470132]"
1747093074.7552903,"[ 0.          0.31667742  1.02111395 -2.48028874 -2.04106557  1.50860286
  0.87965363  1.53934146]","[ 0.00000000e+00 -1.99331932e-01  3.71209245e-05  2.50110258e-01
  1.37479616e-01  5.14265594e-01 -3.44374293e-01 -4.77269018e-05]","[ 0.         -1.21597731 14.30794525 -1.29336703 -0.122017    2.40767646
 -1.98893094  0.47622469]"
1747093074.7570314,"[ 0.          0.31628161  1.02111442 -2.47978354 -2.04079552  1.50967119
  0.87896773  1.53934146]","[ 0.00000000e+00 -2.00142232e-01  4.24239132e-05  2.46273508e-01
  1.36669324e-01  5.22378915e-01 -3.48425760e-01 -3.71212943e-05]","[ 0.         -1.19792151 14.48078728 -1.29584074 -0.321908    2.47773218
 -1.96163595  0.46774852]"
1747093074.7593458,"[ 0.          0.31567271  1.02111442 -2.47899178 -2.0403806   1.51130078
  0.87790699  1.53934146]","[ 0.00000000e+00 -2.00479088e-01  4.24239132e-05  2.49643922e-01
  1.37209521e-01  5.45672153e-01 -3.49961471e-01 -3.71209245e-05]","[ 0.         -1.21573257 14.67422104 -1.34785938 -0.4119598   2.57061505
 -1.7661736   0.48126221]"
1747093074.7616649,"[ 0.          0.31527367  1.02111442 -2.47849697 -2.04009538  1.51239667
  0.87718494  1.53934146]","[ 0.00000000e+00 -2.03923588e-01  4.23918346e-05  2.51730841e-01
  1.40179562e-01  5.57995632e-01 -3.53834307e-01 -3.70924870e-05]","[ 0.         -1.18710136 14.73759174 -1.37187493 -0.4082056   2.6453855
 -1.82015669  0.46817398]"
1747093074.764565,"[ 0.          0.31485352  1.02111442 -2.47797898 -2.03982027  1.51356579
  0.87643626  1.53934146]","[ 0.00000000e+00 -2.04796272e-01  4.24243358e-05  2.53276140e-01
  1.39782168e-01  5.73256676e-01 -3.52903932e-01 -3.71209245e-05]","[ 0.         -1.19545197 14.71105576 -1.34489596 -0.36692715  2.59315515
 -1.84768736  0.49151853]"
1747093074.7673264,"[ 0.          0.31421892  1.02111442 -2.47723356 -2.03939843  1.51526582
  0.87536987  1.53934146]","[ 0.00000000e+00 -2.11397816e-01  4.24239132e-05  2.53081330e-01
  1.39640388e-01  5.75037532e-01 -3.49236026e-01 -3.71209245e-05]","[ 0.         -1.1315701  14.71689224 -1.33314395 -0.34669995  2.51430058
 -1.79583204  0.47044072]"
1747093074.7689946,"[ 0.          0.3140086   1.02111442 -2.47671664 -2.03912279  1.51645306
  0.87469442  1.53934146]","[ 0.00000000e+00 -2.13377011e-01  4.50754075e-05  2.52811236e-01
  1.39640388e-01  5.80121174e-01 -3.41673315e-01 -3.71209245e-05]","[ 0.         -1.12814641 14.70760822 -1.31285083 -0.26017931  2.50092793
 -1.76805604  0.48436564]"
1747093074.7707124,"[ 0.          0.31358892  1.02111442 -2.47621464 -2.03883251  1.51760608
  0.87399141  1.53934146]","[ 0.00000000e+00 -2.12621172e-01  4.51095382e-05  2.54701914e-01
  1.41117860e-01  5.87732089e-01 -3.44374293e-01 -3.71209245e-05]","[ 0.         -1.04482043 14.6926899  -1.32541156 -0.13852717  2.48370099
 -1.89468455  0.50294459]"
1747093074.7731197,"[ 0.          0.31315266  1.02111442 -2.47569452 -2.03855394  1.51880277
  0.87327509  1.53934146]","[ 0.00000000e+00 -2.13377011e-01  4.50754075e-05  2.53276140e-01
  1.40450688e-01  5.83287406e-01 -3.53081997e-01 -3.70928568e-05]","[ 0.         -0.95736802 14.74204922 -1.26863444 -0.05537022  2.54976392
 -1.92053115  0.49859846]"
1747093074.7749023,"[ 0.          0.31273527  1.02111482 -2.47519758 -2.03826765  1.51994433
  0.87257208  1.53934146]","[ 0.00000000e+00 -2.11486316e-01  5.04165417e-05  2.51460747e-01
  1.39370294e-01  5.78008621e-01 -3.54908093e-01 -2.65146811e-05]","[ 0.         -0.87355387 14.78268051 -1.23818874  0.08134758  2.56937861
 -1.82111192  0.48373523]"
1747093074.7766452,"[ 0.          0.31230407  1.02111482 -2.47468732 -2.03797896  1.5211297
  0.87185955  1.53934146]","[ 0.00000000e+00 -2.10405938e-01  5.03778963e-05  2.48528290e-01
  1.41550890e-01  5.79088999e-01 -3.62740916e-01 -2.65149452e-05]","[ 0.         -0.86591667 14.76085091 -1.24321806  0.13266304  2.56477666
 -1.83961785  0.48687366]"
1747093074.7784615,"[ 0.          0.31187291  1.02111482 -2.47419703 -2.03769374  1.52227034
  0.87109469  1.53934146]","[ 0.00000000e+00 -2.11198944e-01  5.03783961e-05  2.48507734e-01
  1.44772250e-01  5.79899266e-01 -3.75055107e-01 -2.64948971e-05]","[ 0.         -0.81978393 14.73346233 -1.23607445  0.13736275  2.56894422
 -1.90500522  0.49549642]"
1747093074.78014,"[ 0.          0.31166305  1.02111482 -2.47394776 -2.03754913  1.522883
  0.87072085  1.53934146]","[ 0.00000000e+00 -2.12836805e-01  5.03783961e-05  2.52811236e-01
  1.46662928e-01  5.76767455e-01 -3.79216862e-01 -2.65149452e-05]","[ 0.         -0.77501708 14.70607471 -1.29570711  0.15784872  2.46975589
 -1.90092194  0.49489799]"
1747093074.7819607,"[ 0.          0.3112475   1.02111482 -2.47367718 -2.03724873  1.5240159
  0.87032224  1.53934146]","[ 0.00000000e+00 -2.10135844e-01  4.50749605e-05  2.54780760e-01
  1.47451856e-01  5.73375587e-01 -3.75400386e-01 -2.65149452e-05]","[ 0.         -0.78819376 14.71943855 -1.28395021  0.17228384  2.47403479
 -1.92739344  0.48742232]"
1747093074.7837312,"[ 0.          0.31081816  1.02111482 -2.47317357 -2.03695178  1.52519555
  0.86959733  1.53934146]","[ 0.00000000e+00 -2.09642426e-01  4.50754075e-05  2.55792978e-01
  1.51794789e-01  5.76767455e-01 -3.64631594e-01 -2.65149452e-05]","[ 0.         -0.84326518 14.72361183 -1.29457843  0.15106133  2.49823403
 -1.86212671  0.50862288]"
1747093074.785489,"[ 0.          0.3104081   1.02111482 -2.47264254 -2.0366362   1.52633618
  0.86885631  1.53934146]","[ 0.00000000e+00 -2.07704960e-01  4.24239132e-05  2.59545355e-01
  1.54473363e-01  5.80709599e-01 -3.60103521e-01 -2.65149452e-05]","[ 0.         -0.85387701 14.68829346 -1.30717337 -0.02601683  2.50725055
 -1.83303893  0.54122901]"
1747093074.787263,"[ 0.          0.31019042  1.02111482 -2.47238927 -2.03648466  1.52691263
  0.86850144  1.53934146]","[ 0.00000000e+00 -2.04877832e-01  4.24239132e-05  2.56862703e-01
  1.53685467e-01  5.84490955e-01 -3.59405307e-01 -2.64948971e-05]","[ 0.         -0.89549935 14.74825096 -1.33246553 -0.21261816  2.54953647
 -1.88304472  0.50072652]"
1747093074.7890255,"[ 0.          0.30978266  1.02111528 -2.4718854  -2.03618453  1.52810852
  0.86780416  1.53934146]","[ 0.00000000e+00 -2.07164771e-01  4.50754075e-05  2.54443853e-01
  1.51640975e-01  5.83359112e-01 -3.52207115e-01 -2.65152094e-05]","[ 0.         -0.90037465 14.82160854 -1.26632941 -0.36260277  2.5575695
 -1.84360731  0.50532168]"
1747093074.7907844,"[ 0.          0.30937353  1.02111622 -2.47136209 -2.03587773  1.52926713
  0.86708783  1.53934146]","[ 0.00000000e+00 -2.07704960e-01  5.57235493e-05  2.55792978e-01
  1.48553606e-01  5.88542422e-01 -3.51126704e-01 -2.64948971e-05]","[ 0.         -1.01839745 14.8338089  -1.27980006 -0.42353252  2.54956675
 -1.77459514  0.51273596]"
1747093074.7924962,"[ 0.          0.30894603  1.02111622 -2.47085689 -2.03558798  1.53047434
  0.86638669  1.53934146]","[ 0.00000000e+00 -2.09595638e-01  4.50754075e-05  2.56592608e-01
  1.46662928e-01  5.90433067e-01 -3.56707092e-01 -2.65149452e-05]","[ 0.         -1.00388396 14.77777004 -1.27304792 -0.46082243  2.54128361
 -1.78036082  0.5229764 ]"
1747093074.794214,"[ 0.          0.30853597  1.02111575 -2.47033145 -2.03528944  1.53164826
  0.8656466   1.53934146]","[ 0.00000000e+00 -2.07704960e-01  3.71490329e-05  2.56592608e-01
  1.45696483e-01  5.96375245e-01 -3.60484620e-01 -1.85186086e-05]","[ 0.         -1.01975095 14.67446041 -1.25996888 -0.44926322  2.43331337
 -1.78716445  0.51675785]"
1747093074.7965682,"[ 0.          0.30811446  1.02111528 -2.46982785 -2.03500608  1.53286506
  0.86494073  1.53934146]","[ 0.00000000e+00 -2.05066100e-01  2.65146811e-05  2.54161725e-01
  1.43421761e-01  5.92593889e-01 -3.57879149e-01 -1.85324169e-05]","[ 0.         -1.08771682 14.44171619 -1.22005939 -0.51367444  2.2873354
 -1.80173552  0.5099557 ]"
1747093074.7989662,"[ 0.          0.30771585  1.02111528 -2.46930533 -2.03472378  1.53403698
  0.86420343  1.53934146]","[ 0.00000000e+00 -2.01222626e-01  1.85745164e-05  2.55533053e-01
  1.43421761e-01  5.93404156e-01 -3.62298066e-01 -1.85184257e-05]","[ 0.         -1.10532928 14.27100754 -1.20233238 -0.54215556  2.24415827
 -1.84882021  0.48251545]"
1747093074.8007364,"[ 0.          0.30730396  1.02111528 -2.46879747 -2.03442844  1.53525471
  0.86347858  1.53934146]","[ 0.00000000e+00 -2.01762815e-01  1.85604623e-05  2.58483286e-01
  1.44355748e-01  5.95294867e-01 -3.68412950e-01 -1.85325998e-05]","[ 0.         -1.13683152 14.13045788 -1.17607033 -0.39345333  2.28008246
 -1.87013543  0.48464549]"
1747093074.8036857,"[ 0.          0.30690861  1.02111482 -2.46825924 -2.0341315   1.53643329
  0.86271086  1.53934146]","[ 0.00000000e+00 -1.99534315e-01  1.32375708e-05  2.63560253e-01
  1.44693404e-01  5.97995779e-01 -3.77326184e-01 -1.85184257e-05]","[ 0.         -1.17773807 14.02560425 -1.20047295 -0.16973583  2.34286809
 -1.82642817  0.4695037 ]"
1747093074.8048012,"[ 0.          0.30649762  1.02111482 -2.46773939 -2.0338468   1.53765196
  0.86195459  1.53934053]","[ 0.00000000e+00 -2.00682421e-01  1.32374398e-05  2.63615131e-01
  1.44232044e-01  5.95294867e-01 -3.84888896e-01 -2.64748795e-05]","[ 0.         -1.17875707 13.90474892 -1.22095239 -0.02567969  2.31638122
 -1.77830946  0.47373429]"
1747093074.8070116,"[ 0.          0.30609997  1.02111442 -2.46720437 -2.03356211  1.53882108
  0.86115737  1.53934053]","[ 0.00000000e+00 -2.01762815e-01  1.05819570e-05  2.59545355e-01
  1.44919223e-01  5.92533103e-01 -3.87467002e-01 -2.64551545e-05]","[ 0.         -1.22158372 13.78819752 -1.23361313  0.05778871  2.37474966
 -1.74147177  0.48553023]"
1747093074.8087642,"[ 0.          0.30568855  1.02111395 -2.4666989  -2.03326757  1.54002736
  0.86039158  1.53934053]","[ 0.00000000e+00 -2.00682421e-01  0.00000000e+00  2.55242119e-01
  1.43421761e-01  5.88542422e-01 -3.87859985e-01 -2.64748795e-05]","[ 0.         -1.25711548 13.63184738 -1.28000832  0.05277451  2.25999522
 -1.739429    0.46908247]"
1747093074.8104358,"[ 0.          0.30549064  1.02111395 -2.46644829 -2.03312722  1.54060007
  0.85998252  1.53934053]","[ 0.00000000e+00 -2.00479088e-01  0.00000000e+00  2.54161725e-01
  1.42341366e-01  5.80709599e-01 -3.85180345e-01 -2.64748795e-05]","[ 0.         -1.27105868 13.58496952 -1.31135833  0.09044892  2.28373456
 -1.63234735  0.47202596]"
1747093074.8121185,"[ 0.          0.30508195  1.02111395 -2.46592232 -2.03283507  1.54177772
  0.85923956  1.53934053]","[ 0.00000000e+00 -1.99360927e-01 -5.29097849e-06  2.57672986e-01
  1.42611461e-01  5.71501320e-01 -3.73274717e-01 -2.64548924e-05]","[ 0.         -1.29152477 13.52687359 -1.33265197  0.22640893  2.30625272
 -1.57757092  0.45227423]"
1747093074.8137584,"[ 0.          0.30468797  1.02111349 -2.46541445 -2.03254665  1.54290318
  0.85849654  1.53934053]","[ 0.00000000e+00 -1.99872137e-01 -1.05899522e-05  2.58213192e-01
  1.47743322e-01  5.69365465e-01 -3.60103521e-01 -2.64751417e-05]","[ 0.         -1.34503901 13.46209621 -1.345842    0.35540542  2.30056429
 -1.58757365  0.45785284]"
1747093074.815489,"[ 0.          0.30427791  1.02111349 -2.46488688 -2.03223532  1.54407044
  0.85778788  1.53934053]","[ 0.00000000e+00 -1.99924984e-01 -1.05819570e-05  2.58048525e-01
  1.53415373e-01  5.70749044e-01 -3.59769827e-01 -2.64551545e-05]","[ 0.         -1.35550523 13.42850113 -1.43513191  0.4058781   2.38926697
 -1.7007513   0.48504794]"
1747093074.8171706,"[ 0.          0.3038798   1.02111302 -2.46438275 -2.03192959  1.54519389
  0.85707721  1.53934053]","[ 0.00000000e+00 -2.02032910e-01 -1.32373077e-05  2.54161725e-01
  1.55576145e-01  5.67204709e-01 -3.60850238e-01 -1.85324169e-05]","[ 0.         -1.35874045 13.38894081 -1.47264624  0.32684714  2.49433398
 -1.71187019  0.47666281]"
1747093074.8188639,"[ 0.          0.30367913  1.02111302 -2.46413054 -2.03174051  1.5457485
  0.85669192  1.53934053]","[ 0.00000000e+00 -2.03653493e-01 -1.05899522e-05  2.55782308e-01
  1.55753245e-01  5.62342976e-01 -3.62861957e-01 -1.85184257e-05]","[ 0.         -1.37582409 13.36678982 -1.45725286  0.21151406  2.49179387
 -1.66000593  0.47609827]"
1747093074.8205462,"[ 0.          0.3032686   1.02111302 -2.46360484 -2.03143265  1.54690058
  0.85597273  1.53934053]","[ 0.00000000e+00 -1.99872137e-01 -1.05819570e-05  2.57943097e-01
  1.55576145e-01  5.62342976e-01 -3.67602650e-01 -1.85184257e-05]","[ 0.         -1.38055921 13.37133789 -1.44488037  0.05913738  2.39494586
 -1.68230176  0.43243146]"
1747093074.8228078,"[ 0.          0.30287555  1.02111302 -2.46309484 -2.03112772  1.54800313
  0.85521267  1.53934053]","[ 0.00000000e+00 -1.99129981e-01 -1.32374398e-05  2.58753381e-01
  1.54765862e-01  5.56670909e-01 -3.73274717e-01 -1.85184257e-05]","[ 0.         -1.39296162 13.41494846 -1.43918669 -0.04809096  2.38548756
 -1.73367405  0.42951763]"
1747093074.8244395,"[ 0.          0.30247421  1.02111302 -2.46256807 -2.03081559  1.54914469
  0.85447637  1.53934053]","[ 0.00000000e+00 -1.95010370e-01 -1.05819570e-05  2.57132797e-01
  1.51794789e-01  5.55297417e-01 -3.72896515e-01 -1.85184257e-05]","[ 0.         -1.33011413 13.53599548 -1.48009872 -0.05819904  2.29588699
 -1.69382715  0.43125194]"
1747093074.8261836,"[ 0.          0.30228227  1.02111302 -2.46231587 -2.030659    1.54969078
  0.85408348  1.53934053]","[ 0.00000000e+00 -1.94740276e-01 -1.05899522e-05  2.55782308e-01
  1.47451856e-01  5.54261980e-01 -3.69883481e-01 -1.85324169e-05]","[ 0.         -1.33091784 13.56284428 -1.48953855 -0.06680254  2.13922095
 -1.73504257  0.44167906]"
1747093074.827856,"[ 0.          0.30188003  1.02111302 -2.46182185 -2.03037164  1.55076762
  0.85334712  1.53934053]","[ 0.00000000e+00 -1.97104014e-01 -1.05900569e-05  2.48777562e-01
  1.44693404e-01  5.43976319e-01 -3.75435506e-01 -1.85184257e-05]","[ 0.         -1.37005305 13.66398811 -1.51845431 -0.11862036  2.20314765
 -1.74117267  0.4500961 ]"
1747093074.8328264,"[ 0.          0.30149201  1.02111302 -2.46131319 -2.03008456  1.5518787
  0.85257088  1.53934053]","[ 0.00000000e+00 -1.96901065e-01 -1.05819570e-05  2.47679391e-01
  1.45312439e-01  5.41275341e-01 -3.80308425e-01 -1.85324169e-05]","[ 0.         -1.41156638 13.76053143 -1.47742152 -0.17305373  2.11486292
 -1.76037157  0.45538959]"
1747093074.8349817,"[ 0.          0.30049512  1.02111302 -2.46005857 -2.02935805  1.55459752
  0.85071106  1.53934053]","[ 0.00000000e+00 -1.99872137e-01 -1.05899522e-05  2.53351425e-01
  1.44625560e-01  5.41275341e-01 -3.66372736e-01 -1.85184257e-05]","[ 0.         -1.44673669 13.95129871 -1.42163253 -0.09506774  2.2945497
 -1.66794479  0.43118122]"
1747093074.8366644,"[ 0.          0.30008642  1.02111349 -2.45955896 -2.02920385  1.55570393
  0.84999567  1.53934053]","[ 0.00000000e+00 -1.99360927e-01 -5.29097849e-06  2.53891630e-01
  1.45194943e-01  5.38399893e-01 -3.59769827e-01 -1.85184257e-05]","[ 0.00000000e+00 -1.37130523e+00  1.40828686e+01 -1.48257005e+00
  4.75216378e-03  2.32763886e+00 -1.73454988e+00  4.53690052e-01]"
1747093074.838921,"[ 0.          0.29969704  1.02111349 -2.45903965 -2.02891303  1.55676373
  0.84927461  1.53934053]","[ 0.00000000e+00 -1.97441254e-01  0.00000000e+00  2.52811236e-01
  1.47743322e-01  5.36949402e-01 -3.48568172e-01 -1.85184257e-05]","[ 0.         -1.32471883 14.22060013 -1.46273339  0.11747507  2.3656311
 -1.72748923  0.44825619]"
1747093074.84059,"[ 0.          0.29930625  1.02111349 -2.45854323 -2.02861183  1.55786442
  0.84859631  1.53934053]","[ 0.00000000e+00 -1.97441254e-01  0.00000000e+00  2.52000952e-01
  1.47053980e-01  5.39384663e-01 -3.41403204e-01 -1.85186086e-05]","[ 0.         -1.30284035 14.26390171 -1.45680988  0.04999665  2.24633813
 -1.71839249  0.42942053]"
1747093074.8423114,"[ 0.          0.29909826  1.02111349 -2.45827505 -2.02846828  1.55839705
  0.84825955  1.53934053]","[ 0.00000000e+00 -1.95850165e-01  0.00000000e+00  2.52523831e-01
  1.45582533e-01  5.40194963e-01 -3.41403204e-01 -1.85324169e-05]","[ 0.         -1.3339417  14.29272556 -1.50938833  0.0292604   2.17291212
 -1.78098416  0.41349113]"
1747093074.8439872,"[ 0.          0.29871253  1.02111349 -2.45777491 -2.02818119  1.55945206
  0.84756606  1.53934053]","[ 0.00000000e+00 -1.95550576e-01  0.00000000e+00  2.53351425e-01
  1.45312439e-01  5.33981309e-01 -3.38537409e-01 -1.85184257e-05]","[ 0.         -1.29508543 14.34958458 -1.55538726  0.05127391  2.17260647
 -1.7883445   0.440779  ]"
1747093074.8456545,"[ 0.          0.29831119  1.02111395 -2.45726065 -2.02788265  1.56054036
  0.84689921  1.53934053]","[ 0.00000000e+00 -1.95550576e-01  5.29097849e-06  2.51190652e-01
  1.46392833e-01  5.31551840e-01 -3.39512526e-01 -1.85324169e-05]","[ 0.         -1.29498327 14.44939518 -1.53098214  0.15330964  2.15262628
 -1.81128597  0.44481885]"
1747093074.8473558,"[ 0.          0.2979296   1.02111395 -2.45676584 -2.02759157  1.56158206
  0.84619806  1.53934053]","[ 0.00000000e+00 -1.92309409e-01  5.29502843e-06  2.49840163e-01
  1.48403104e-01  5.28850862e-01 -3.45454671e-01 -1.85184257e-05]","[ 0.         -1.24416137 14.50567532 -1.5896976   0.23692146  2.19424605
 -1.8549397   0.42462689]"
1747093074.8490613,"[ 0.          0.29774041  1.02111395 -2.45652109 -2.02743418  1.56214332
  0.84585558  1.53934053]","[ 0.00000000e+00 -1.91769203e-01  5.29097849e-06  2.48219580e-01
  1.48204166e-01  5.28122621e-01 -3.46993412e-01 -1.85184257e-05]","[ 0.         -1.17335355 14.54293537 -1.57118833  0.23683694  2.22135973
 -1.82831383  0.42058823]"
1747093074.8507314,"[ 0.          0.29735102  1.02111395 -2.4560127  -2.02713937  1.56319074
  0.84513546  1.53934053]","[ 0.00000000e+00 -1.90148620e-01  5.29097849e-06  2.48759769e-01
  1.49904095e-01  5.28315034e-01 -3.53081997e-01 -1.05819570e-05]","[ 0.         -1.15698993 14.57727814 -1.58155286  0.19837888  2.23578715
 -1.81752145  0.43155655]"
1747093074.8523946,"[ 0.          0.29697908  1.02111395 -2.45551522 -2.02684349  1.56426945
  0.84442959  1.53933947]","[ 0.00000000e+00 -1.89068225e-01  5.29103081e-06  2.53891630e-01
  1.50291868e-01  5.25610694e-01 -3.59769827e-01 -2.11639139e-05]","[ 0.         -1.15045905 14.58778    -1.61953461  0.14716327  2.18731761
 -1.81179738  0.43211234]"
1747093074.854078,"[ 0.          0.29677934  1.02111395 -2.45524624 -2.0266829   1.56479183
  0.84407766  1.53933947]","[ 0.00000000e+00 -1.87899414e-01  5.29103081e-06  2.53037887e-01
  1.51355900e-01  5.29931240e-01 -3.57068849e-01 -2.11639139e-05]","[ 0.         -1.1687727  14.58703136 -1.63620567  0.16111261  2.33835912
 -1.85858059  0.43749514]"
1747093074.855773,"[ 0.          0.29640787  1.02111395 -2.45474104 -2.02638383  1.56583725
  0.84335747  1.53933947]","[ 0.00000000e+00 -1.87987848e-01  0.00000000e+00  2.56592608e-01
  1.51524678e-01  5.30471429e-01 -3.49236026e-01 -2.11639139e-05]","[ 0.         -1.19960725 14.57781601 -1.66370833  0.14301528  2.25620079
 -1.8606168   0.42988762]"
1747093074.857469,"[ 0.          0.29601755  1.02111395 -2.45421666 -2.02609141  1.56692369
  0.84268302  1.53933947]","[ 0.00000000e+00 -1.91085570e-01 -5.29097849e-06  2.55230884e-01
  1.47743322e-01  5.30741540e-01 -3.41403204e-01 -2.11639139e-05]","[ 0.         -1.19632351 14.58055115 -1.67526686  0.06078354  2.14621425
 -1.89639151  0.42750883]"
1747093074.8591588,"[ 0.          0.29564054  1.02111395 -2.45372131 -2.02578834  1.56795766
  0.84199333  1.53933947]","[ 0.00000000e+00 -1.90225785e-01 -5.29497611e-06  2.49856858e-01
  1.47863447e-01  5.21828339e-01 -3.35731170e-01 -2.11639139e-05]","[ 0.         -1.23642111 14.59104919 -1.65887725 -0.09367169  2.10382152
 -1.80435884  0.41013464]"
1747093074.8608356,"[ 0.          0.29545319  1.02111395 -2.45347604 -2.0256424   1.56850854
  0.84166224  1.53933947]","[ 0.00000000e+00 -1.90148620e-01 -5.29497611e-06  2.48759769e-01
  1.48013417e-01  5.18589170e-01 -3.35731170e-01 -2.11639139e-05]","[ 0.         -1.18790698 14.59552193 -1.64616549 -0.12409382  1.96388018
 -1.74493158  0.41367322]"
1747093074.8625035,"[ 0.          0.2950661   1.02111395 -2.45296924 -2.025342    1.56952733
  0.84098586  1.53933947]","[ 0.00000000e+00 -1.89330181e-01 -5.29497611e-06  2.47679391e-01
  1.46392833e-01  5.16156272e-01 -3.28005140e-01 -2.11801137e-05]","[ 0.         -1.20825708 14.58359051 -1.67301023 -0.08719438  2.04719305
 -1.64396536  0.39093554]"
1747093074.8647733,"[ 0.          0.29469875  1.02111349 -2.45247922 -2.02505597  1.57058234
  0.84034943  1.53933947]","[ 0.00000000e+00 -1.85286870e-01 -1.05899522e-05  2.48759769e-01
  1.44772250e-01  5.15078424e-01 -3.21415980e-01 -2.11641232e-05]","[ 0.         -1.26574421 14.4356451  -1.68536425 -0.11873087  2.16870117
 -1.68787646  0.41137856]"
1747093074.866485,"[ 0.          0.29432221  1.02111349 -2.45197188 -2.0247585   1.57159461
  0.83969023  1.53933947]","[ 0.00000000e+00 -1.84064046e-01 -1.05819570e-05  2.47139185e-01
  1.45696483e-01  5.12374916e-01 -3.21182720e-01 -2.11639139e-05]","[ 0.         -1.29306901 14.29284    -1.72533524 -0.20047055  2.20817375
 -1.71099651  0.41748083]"
1747093074.8686454,"[ 0.          0.29395899  1.02111349 -2.45148586 -2.02446901  1.57259622
  0.83906232  1.53933947]","[ 0.00000000e+00 -1.84476569e-01 -1.05899522e-05  2.46328902e-01
  1.47203117e-01  5.06432772e-01 -3.15473868e-01 -2.11639139e-05]","[ 0.         -1.31638551 14.25029945 -1.73454344 -0.29369953  2.29163265
 -1.64766073  0.42561671]"
1747093074.8709424,"[ 0.          0.29358015  1.02111349 -2.45098625 -2.02416888  1.57362367
  0.83846018  1.53933947]","[ 0.00000000e+00 -1.85099133e-01 -1.05819570e-05  2.43768173e-01
  1.46311008e-01  5.02651416e-01 -3.03049356e-01 -2.11641232e-05]","[ 0.         -1.36416483 14.23529148 -1.73294246 -0.34757426  2.33365464
 -1.63434494  0.43540335]"
1747093074.8726494,"[ 0.          0.29321374  1.02111349 -2.45050608 -2.02387912  1.57464633
  0.83785418  1.53933947]","[ 0.00000000e+00 -1.86367264e-01 -1.05899522e-05  2.44438224e-01
  1.47203117e-01  4.99029250e-01 -2.94406233e-01 -2.11639139e-05]","[ 0.         -1.3507123  14.22505188 -1.72653723 -0.3535569   2.39267063
 -1.77978361  0.42441565]"
1747093074.875,"[ 0.          0.29283214  1.02111349 -2.44999955 -2.02358751  1.5756281
  0.83727295  1.53933947]","[ 0.00000000e+00 -1.86367264e-01 -1.32275773e-05  2.47759236e-01
  1.48013417e-01  4.98870027e-01 -2.95216533e-01 -2.11639139e-05]","[ 0.         -1.36873758 14.22510529 -1.73150373 -0.33404779  2.44137335
 -1.85400224  0.41935834]"
1747093074.8767776,"[ 0.          0.29246572  1.02111349 -2.44951512 -2.02328178  1.57664223
  0.83667074  1.53933947]","[ 0.00000000e+00 -1.85827058e-01 -1.32374398e-05  2.45518602e-01
  1.49363906e-01  4.91756956e-01 -2.93325855e-01 -2.11639139e-05]","[ 0.         -1.38652253 14.26710033 -1.72644627 -0.35216054  2.29281545
 -1.73713541  0.41836163]"
1747093074.879048,"[ 0.          0.29208642  1.02111349 -2.44901684 -2.02298723  1.57759631
  0.83609143  1.53933947]","[ 0.00000000e+00 -1.84893021e-01 -1.32275773e-05  2.42242331e-01
  1.48403104e-01  4.82394081e-01 -2.94917427e-01 -2.11639139e-05]","[ 0.         -1.40108693 14.23992825 -1.70503128 -0.39006642  2.26208568
 -1.67848825  0.44548419]"
1747093074.8808215,"[ 0.          0.2917186   1.02111302 -2.44854892 -2.02268736  1.57857049
  0.83547305  1.53933947]","[ 0.00000000e+00 -1.87717753e-01 -1.85324169e-05  2.35795101e-01
  1.46392833e-01  4.75707782e-01 -3.05750334e-01 -2.11639139e-05]","[ 0.         -1.43061149 14.16681099 -1.6702131  -0.42368305  2.31390381
 -1.73956406  0.4349187 ]"
1747093074.8825386,"[ 0.          0.29132739  1.02111349 -2.44807062 -2.02238988  1.57949608
  0.83485373  1.53933947]","[ 0.00000000e+00 -1.91769203e-01 -1.32275773e-05  2.33716204e-01
  1.45696483e-01  4.68889224e-01 -3.16554246e-01 -2.11639139e-05]","[ 0.         -1.43993986 14.17444038 -1.69471192 -0.3431181   2.33032632
 -1.69538069  0.40133372]"
1747093074.8848693,"[ 0.          0.29094809  1.02111349 -2.44760776 -2.02209933  1.58045401
  0.83420119  1.53933947]","[ 0.00000000e+00 -1.93463673e-01 -1.32373077e-05  2.34746714e-01
  1.47473228e-01  4.67432409e-01 -3.16971330e-01 -2.11639139e-05]","[ 0.         -1.41191459 14.15418053 -1.70225823 -0.28023323  2.36733413
 -1.61522102  0.43552348]"
1747093074.8865855,"[ 0.          0.29054585  1.02111302 -2.44712546 -2.02179706  1.58136069
  0.8335866   1.53933947]","[ 0.00000000e+00 -1.97104014e-01 -1.85184257e-05  2.35722347e-01
  1.46699546e-01  4.57545123e-01 -3.09801801e-01 -2.11639139e-05]","[ 0.         -1.36691797 14.13491249 -1.67975545 -0.31050846  2.34665489
 -1.60060322  0.45079511]"
1747093074.8888843,"[ 0.          0.29015966  1.02111302 -2.44665808 -2.02151104  1.58227295
  0.83296349  1.53933947]","[ 0.00000000e+00 -1.95010370e-01 -2.11799045e-05  2.37175135e-01
  1.45312439e-01  4.43358631e-01 -3.02928316e-01 -2.11641232e-05]","[ 0.         -1.29932821 14.13350677 -1.66377652 -0.36861613  2.32214737
 -1.68260348  0.4341116 ]"
1747093074.890584,"[ 0.          0.28976474  1.02111349 -2.44617578 -2.0212117   1.58313675
  0.83237373  1.53933947]","[ 0.00000000e+00 -1.92088633e-01 -2.11639139e-05  2.34970054e-01
  1.46950316e-01  4.37017711e-01 -2.98997889e-01 -2.11479478e-05]","[ 0.         -1.23129702 14.18612003 -1.61548889 -0.28446481  2.37260771
 -1.69256771  0.43748358]"
1747093074.8940642,"[ 0.          0.2893896   1.02111349 -2.44571292 -2.02092381  1.58398816
  0.83178197  1.53933947]","[ 0.00000000e+00 -1.89608431e-01 -2.64748795e-05  2.34714707e-01
  1.45582533e-01  4.30265266e-01 -2.86628338e-01 -2.11959173e-05]","[ 0.         -1.17391801 14.29116154 -1.58676004 -0.16654214  2.40980315
 -1.68133283  0.43500024]"
1747093074.895128,"[ 0.          0.28900341  1.02111349 -2.44523329 -2.0206274   1.58486527
  0.83121499  1.53933947]","[ 0.00000000e+00 -1.88577888e-01 -2.11639139e-05  2.34719284e-01
  1.43690324e-01  4.28338336e-01 -2.88464088e-01 -2.11479478e-05]","[ 0.         -1.12694037 14.33833027 -1.58050847 -0.15672089  2.34782028
 -1.7287544   0.42541799]"
1747093074.8968742,"[ 0.          0.28863423  1.02111349 -2.44476856 -2.02034831  1.58579472
  0.83061571  1.53933947]","[ 0.00000000e+00 -1.86987897e-01 -2.11801137e-05  2.36065196e-01
  1.40720783e-01  4.20753120e-01 -2.93900632e-01 -2.11957060e-05]","[ 0.         -1.1165812  14.3506813  -1.52945554 -0.20402223  2.23226976
 -1.77276409  0.43227074]"
1747093074.8985596,"[ 0.          0.28824761  1.02111349 -2.44428627 -2.02006415  1.58661284
  0.83002875  1.53933947]","[ 0.00000000e+00 -1.89079411e-01 -1.85464284e-05  2.34719284e-01
  1.38674959e-01  4.12979053e-01 -2.98187623e-01 -2.11959173e-05]","[ 0.         -1.10116684 14.38311672 -1.49564981 -0.17951262  2.24449325
 -1.69747603  0.42501035]"
1747093074.9008694,"[ 0.          0.28787243  1.02111349 -2.44382794 -2.01979224  1.58745853
  0.82941895  1.53933947]","[ 0.00000000e+00 -1.90418714e-01 -1.85324169e-05  2.31778655e-01
  1.38289908e-01  4.13767948e-01 -2.98414457e-01 -2.11959173e-05]","[ 0.         -1.10002077 14.401968   -1.49203718 -0.05429992  2.3182745
 -1.69485354  0.42355761]"
1747093074.9032514,"[ 0.          0.28749866  1.02111302 -2.44335682 -2.01951767  1.58827092
  0.8288282   1.53933947]","[ 0.00000000e+00 -1.89800928e-01 -1.85464284e-05  2.28986763e-01
  1.39498908e-01  4.10671857e-01 -3.00078300e-01 -2.11957060e-05]","[ 0.         -1.08132327 14.39081192 -1.49116123  0.03912857  2.28722095
 -1.85964227  0.43080994]"
1747093074.9051003,"[ 0.          0.28710651  1.02111302 -2.44290835 -2.01922845  1.58912234
  0.82823364  1.53933947]","[ 0.00000000e+00 -1.91769203e-01 -1.85604623e-05  2.27151978e-01
  1.41531083e-01  4.16526417e-01 -3.01663014e-01 -2.11961286e-05]","[ 0.         -1.01921201 14.30904961 -1.49705815  0.04550604  2.29749179
 -1.91838729  0.44682029]"
1747093074.906863,"[ 0.          0.2867318   1.02111302 -2.4424391  -2.01894375  1.58995098
  0.82762098  1.53933947]","[ 0.00000000e+00 -1.89068225e-01 -1.32474486e-05  2.30933334e-01
  1.45312439e-01  4.20811876e-01 -2.97107211e-01 -1.05899522e-05]","[ 0.         -0.98744905 14.26572323 -1.48523974 -0.08016016  2.21100998
 -1.84298348  0.46331739]"
1747093074.9092352,"[ 0.          0.28633919  1.02111302 -2.4419789  -2.01864149  1.59081664
  0.82700832  1.53933947]","[ 0.00000000e+00 -1.92114549e-01 -1.06059783e-05  2.33937247e-01
  1.48553606e-01  4.24903224e-01 -3.01925236e-01 -1.05979587e-05]","[ 0.         -0.95511943 14.28324318 -1.45847869 -0.3204      2.18517971
 -1.8073231   0.39389846]"
1747093074.9109504,"[ 0.          0.28595762  1.02111349 -2.44149634 -2.01833655  1.59168044
  0.82638521  1.53933947]","[ 0.00000000e+00 -1.93659898e-01 -5.29892650e-06  2.36474657e-01
  1.48565806e-01  4.43770156e-01 -3.20335602e-01 -1.05899522e-05]","[ 0.         -0.95802027 14.2944994  -1.49326968 -0.40935552  2.21988201
 -1.76123977  0.36954904]"
1747093074.9126992,"[ 0.          0.28555951  1.02111349 -2.44102549 -2.01804147  1.59212665
  0.82570031  1.53933947]","[ 0.00000000e+00 -1.95010370e-01 -5.30298914e-06  2.38496079e-01
  1.48823717e-01  4.52683356e-01 -3.37534363e-01 -1.05979587e-05]","[ 0.         -0.90601325 14.3521471  -1.51774085 -0.39593965  2.26113105
 -1.72803211  0.39029858]"
1747093074.9150422,"[ 0.          0.28517425  1.02111302 -2.44054213 -2.01774427  1.59307979
  0.82502107  1.53933947]","[ 0.00000000e+00 -1.94812797e-01 -5.30298914e-06  2.35500605e-01
  1.50984489e-01  4.70779902e-01 -3.45454671e-01 -1.05899522e-05]","[ 0.         -0.93202209 14.35986614 -1.53601837 -0.41762027  2.32359242
 -1.68891776  0.38026533]"
1747093074.9168022,"[ 0.          0.28477245  1.02111302 -2.44007687 -2.0174412   1.59404253
  0.82429709  1.53933947]","[ 0.00000000e+00 -1.96351705e-01 -5.30304197e-06  2.36065196e-01
  1.48013417e-01  4.94008293e-01 -3.56257284e-01 -1.05979587e-05]","[ 0.         -0.9929139  14.26935863 -1.52543986 -0.53498262  2.29242039
 -1.64106953  0.38605952]"
1747093074.9191563,"[ 0.          0.28438765  1.02111302 -2.43959031 -2.01714319  1.59507663
  0.82358743  1.53933947]","[ 0.00000000e+00 -1.95010370e-01  0.00000000e+00  2.37728506e-01
  1.44944174e-01  5.07513149e-01 -3.62740916e-01 -1.05979587e-05]","[ 0.         -0.95348686 14.16122627 -1.50986946 -0.63674092  2.17700315
 -1.61063719  0.39536819]"
1747093074.9231727,"[ 0.          0.28359646  1.02111302 -2.43862598 -2.01654771  1.59718945
  0.82214905  1.53933854]","[ 0.00000000e+00 -1.99331932e-01  0.00000000e+00  2.40236189e-01
  1.49317400e-01  5.36413574e-01 -3.57879149e-01 -2.11959173e-05]","[ 0.         -0.90439868 14.07176399 -1.44445431 -0.45957369  2.05651522
 -1.62588549  0.38883135]"
1747093074.9253917,"[ 0.          0.28318823  1.02111255 -2.43815381 -2.0162505   1.59831011
  0.8214318   1.53933854]","[ 0.00000000e+00 -2.00113237e-01 -5.30298914e-06  2.39036268e-01
  1.50984489e-01  5.51690598e-01 -3.65711972e-01 -2.11959173e-05]","[ 0.         -0.89119697 13.970047   -1.45612788 -0.36605623  2.10027814
 -1.66569841  0.38014787]"
1747093074.9272094,"[ 0.          0.28278829  1.02111209 -2.43766192 -2.01595116  1.59941079
  0.82067832  1.53933854]","[ 0.00000000e+00 -2.03923588e-01 -1.05979587e-05  2.40926946e-01
  1.51794789e-01  5.59641998e-01 -3.67602650e-01 -2.11796931e-05]","[ 0.         -0.8555268  13.90899181 -1.44427681 -0.28921488  2.23405242
 -1.64393842  0.39290214]"
1747093074.9289725,"[ 0.          0.28236998  1.02111209 -2.43718228 -2.01563877  1.60056474
  0.81995248  1.53933854]","[ 0.00000000e+00 -2.03923588e-01 -1.06059783e-05  2.44730206e-01
  1.52875167e-01  5.66235186e-01 -3.68683061e-01 -2.11959173e-05]","[ 0.         -0.84134126 13.82413387 -1.41643417 -0.30144259  2.20966482
 -1.61404181  0.37104502]"
1747093074.930765,"[ 0.          0.28196864  1.02111162 -2.43667389 -2.01532425  1.60168527
  0.81918669  1.53933854]","[ 0.00000000e+00 -2.03653493e-01 -1.32474486e-05  2.49514625e-01
  1.53470300e-01  5.70175799e-01 -3.76800975e-01 -2.11959173e-05]","[ 0.         -0.77977014 13.72239685 -1.41716969 -0.31627947  2.17846274
 -1.72069824  0.37332883]"
1747093074.9331326,"[ 0.          0.28155352  1.02111116 -2.43618173 -2.01502278  1.60285546
  0.81843514  1.53933854]","[ 0.00000000e+00 -2.01678709e-01 -1.85604623e-05  2.49570069e-01
  1.51794789e-01  5.71501320e-01 -3.81107540e-01 -2.11959173e-05]","[ 0.         -0.7577188  13.58827496 -1.41263771 -0.27630121  2.17573762
 -1.75525248  0.39095926]"
1747093074.934916,"[ 0.          0.28115448  1.02111116 -2.43567334 -2.01471093  1.60397319
  0.81765417  1.53933854]","[ 0.00000000e+00 -2.02573099e-01 -1.85604623e-05  2.46888782e-01
  1.52610932e-01  5.66629999e-01 -3.81107540e-01 -2.11959173e-05]","[ 0.         -0.72654676 13.55155277 -1.41643012 -0.23178495  2.13272643
 -1.7522577   0.36905745]"
1747093074.9367006,"[ 0.          0.28074169  1.02111116 -2.4351929  -2.0144036   1.60508333
  0.81689883  1.53933854]","[ 0.00000000e+00 -2.01617839e-01 -2.38634509e-05  2.42817624e-01
  1.57466823e-01  5.63423354e-01 -3.82998218e-01 -2.11959173e-05]","[ 0.         -0.69660294 13.57752037 -1.43092847 -0.16191253  2.21454406
 -1.76470423  0.35671449]"
1747093074.9384186,"[ 0.          0.28054102  1.02111116 -2.43495428 -2.01424674  1.6056836
  0.81649163  1.53933854]","[ 0.00000000e+00 -2.03653493e-01 -2.38634509e-05  2.42007340e-01
  1.59087406e-01  5.65232106e-01 -3.83424989e-01 -2.11959173e-05]","[ 0.         -0.67774534 13.58563709 -1.43741894 -0.17063393  2.17440867
 -1.82741272  0.35652867]"
1747093074.9401903,"[ 0.          0.28010752  1.02111069 -2.43445334 -2.01391544  1.60679667
  0.81573916  1.53933854]","[ 0.00000000e+00 -2.04066466e-01 -2.65149452e-05  2.45539674e-01
  1.62247197e-01  5.64741219e-01 -3.81107540e-01 -2.11959173e-05]","[ 0.         -0.68098313 13.60400963 -1.42511523 -0.25835195  2.23640013
 -1.81098449  0.37223804]"
1747093074.94188,"[ 0.          0.27969243  1.02111069 -2.43394814 -2.01359506  1.60795728
  0.81490865  1.53933854]","[ 0.00000000e+00 -2.02259844e-01 -2.65146811e-05  2.46505403e-01
  1.63243403e-01  5.65076844e-01 -3.76878973e-01 -2.11799045e-05]","[ 0.         -0.68266106 13.6739378  -1.42115116 -0.33740002  2.36412215
 -1.74699295  0.36477146]"
1747093074.943624,"[ 0.          0.27929386  1.02111116 -2.4334219  -2.01325977  1.60906555
  0.81417428  1.53933854]","[ 0.00000000e+00 -2.01762815e-01 -2.38632132e-05  2.48062453e-01
  1.63949173e-01  5.61773192e-01 -3.71484008e-01 -2.11959173e-05]","[ 0.         -0.71313721 13.71575451 -1.40843463 -0.40546724  2.35991859
 -1.7259903   0.37723991]"
1747093074.9446886,"[ 0.          0.27908126  1.02111069 -2.43321391 -2.01309785  1.60966197
  0.8138109   1.53933854]","[ 0.00000000e+00 -2.00113237e-01 -3.18179359e-05  2.49391937e-01
  1.64219268e-01  5.61721327e-01 -3.68412950e-01 -2.11959173e-05]","[ 0.         -0.75786841 13.72583866 -1.42318189 -0.4435671   2.26747227
 -1.71335804  0.38506582]"
1747093074.946521,"[ 0.          0.27868681  1.02111069 -2.43266982 -2.0127772   1.61076931
  0.81306601  1.53933854]","[ 0.00000000e+00 -2.00682421e-01 -3.18179359e-05  2.47434663e-01
  1.62058479e-01  5.60722376e-01 -3.63716732e-01 -2.11799045e-05]","[ 0.         -0.76655447 13.7538166  -1.44440317 -0.53193742  2.21798134
 -1.7245785   0.3843599 ]"
1747093074.9482305,"[ 0.          0.27848844  1.02111069 -2.43242455 -2.01260783  1.61132112
  0.81271214  1.53933854]","[ 0.00000000e+00 -2.01018745e-01 -3.17935580e-05  2.48759769e-01
  1.59338709e-01  5.59074944e-01 -3.58959560e-01 -2.11959173e-05]","[ 0.         -0.74926287 13.78617573 -1.4499383  -0.53715301  2.26555896
 -1.77160549  0.36317164]"
1747093074.9500642,"[ 0.          0.27807333  1.02111069 -2.43196622 -2.0122965   1.61246082
  0.81199675  1.53933854]","[ 0.00000000e+00 -2.03113304e-01 -3.18179359e-05  2.52904513e-01
  1.57466823e-01  5.54699837e-01 -3.45809703e-01 -2.11959173e-05]","[ 0.         -0.77554458 13.90873241 -1.46237183 -0.54936236  2.09166431
 -1.68276846  0.3541131 ]"
1747093074.9512217,"[ 0.          0.27767199  1.02111069 -2.43140775 -2.011974    1.61353767
  0.81132131  1.53933854]","[ 0.00000000e+00 -2.03923588e-01 -3.17938749e-05  2.53891630e-01
  1.57482586e-01  5.44246430e-01 -3.41057292e-01 -2.11959173e-05]","[ 0.         -0.78944427 13.93435574 -1.4951297  -0.50942391  2.05081129
 -1.68039453  0.3771311 ]"
1747093074.9529717,"[ 0.          0.27747088  1.02111069 -2.43115768 -2.01181927  1.61407323
  0.81098362  1.53933854]","[ 0.00000000e+00 -2.03923588e-01 -3.18179359e-05  2.53621536e-01
  1.56767643e-01  5.43166019e-01 -3.42483615e-01 -1.05979587e-05]","[ 0.         -0.81348568 13.95099831 -1.50393999 -0.47271997  2.0248239
 -1.67762339  0.3795248 ]"
1747093074.9547734,"[ 0.          0.27705439  1.02111069 -2.43064103 -2.01149649  1.61518243
  0.81027009  1.53933854]","[ 0.00000000e+00 -2.01828212e-01 -3.18179359e-05  2.50920558e-01
  1.57835504e-01  5.41275341e-01 -3.50316438e-01 -1.05899522e-05]","[ 0.         -0.81249315 13.99320602 -1.50249553 -0.49128553  1.95985198
 -1.71408355  0.37856734]"
1747093074.9565246,"[ 0.          0.27665994  1.02111069 -2.43015101 -2.01118384  1.6162955
  0.80957474  1.53933854]","[ 0.00000000e+00 -1.99872137e-01 -3.17938749e-05  2.47949485e-01
  1.58277123e-01  5.43666027e-01 -3.53017416e-01 -1.05819570e-05]","[ 0.         -0.85927004 14.02707481 -1.50923288 -0.50519443  2.01208258
 -1.65488529  0.3639459 ]"
1747093074.9595468,"[ 0.          0.27625816  1.02111069 -2.42964367 -2.01086745  1.61736383
  0.80919797  1.53933854]","[ 0.00000000e+00 -1.96351705e-01 -3.17938749e-05  2.47409280e-01
  1.61354639e-01  5.40726929e-01 -3.54837387e-01 -1.05820616e-05]","[ 0.         -0.87656069 14.06512737 -1.50400126 -0.46863076  2.15301013
 -1.6270349   0.35584325]"
1747093074.9617872,"[ 0.          0.27567865  1.02111069 -2.42915046 -2.01037876  1.61899914
  0.80809635  1.53933854]","[ 0.00000000e+00 -1.95010370e-01 -3.18179359e-05  2.51190652e-01
  1.60437895e-01  5.39152202e-01 -3.66372736e-01 -1.05740785e-05]","[ 0.         -0.90515816 14.09366131 -1.54955459 -0.39653593  2.20169449
 -1.62845612  0.34867588]"
1747093074.9641955,"[ 0.          0.27528099  1.02111069 -2.42863114 -2.01005971  1.62005975
  0.80737623  1.53933854]","[ 0.00000000e+00 -1.94740276e-01 -3.17938749e-05  2.54431819e-01
  1.62598684e-01  5.39114552e-01 -3.61930616e-01 -1.05819570e-05]","[ 0.         -0.91190284 14.1755352  -1.59162796 -0.31518832  2.24772692
 -1.68786621  0.36808571]"
1747093074.9660037,"[ 0.          0.27508768  1.02111069 -2.42810623 -2.00972549  1.62117668
  0.80665232  1.53933854]","[ 0.00000000e+00 -1.96090765e-01 -2.64946330e-05  2.56786903e-01
  1.62868779e-01  5.46424463e-01 -3.51075838e-01 -1.05739739e-05]","[ 0.         -0.93198603 14.34129524 -1.64923084 -0.34168321  2.11718488
 -1.64590847  0.34361362]"
1747093074.968402,"[ 0.          0.27468817  1.02111116 -2.4275989  -2.00940484  1.62224594
  0.80596929  1.53933854]","[ 0.00000000e+00 -1.94094792e-01 -2.38451685e-05  2.57393854e-01
  1.62598684e-01  5.41275341e-01 -3.46264971e-01 -1.05819570e-05]","[ 0.         -0.95578152 14.44900227 -1.6602658  -0.42628115  2.02241921
 -1.59085679  0.3164928 ]"
1747093074.9702015,"[ 0.          0.27411879  1.02111116 -2.42682232 -2.00891216  1.62388311
  0.80493425  1.53933854]","[ 0.00000000e+00 -1.91769203e-01 -2.38634509e-05  2.56536133e-01
  1.62598684e-01  5.37647583e-01 -3.37279765e-01 -1.05739739e-05]","[ 0.         -1.02093053 14.59368038 -1.77075148 -0.41648164  2.03810763
 -1.55151749  0.33219916]"
1747093074.9725492,"[ 0.          0.27372617  1.02111116 -2.42631552 -2.0085742   1.62494758
  0.80427025  1.53933854]","[ 0.00000000e+00 -1.91305081e-01 -2.38454062e-05  2.56052403e-01
  1.64910159e-01  5.40194963e-01 -3.38702226e-01 -1.05820616e-05]","[ 0.         -1.05031908 14.60647011 -1.89029229 -0.39227843  2.1403749
 -1.61483181  0.36862528]"
1747093074.9749422,"[ 0.          0.27334827  1.02111116 -2.42579248 -2.00824877  1.62606251
  0.80357104  1.53933854]","[ 0.00000000e+00 -1.91769203e-01 -2.38632132e-05  2.54791612e-01
  1.64759457e-01  5.43666027e-01 -3.42483615e-01 -1.05740785e-05]","[ 0.         -1.17430151 14.64522648 -2.00202417 -0.42495292  2.30323839
 -1.60894096  0.38129637]"
1747093074.9772942,"[ 0.          0.27295657  1.02111116 -2.42529154 -2.00792492  1.6271327
  0.80288894  1.53933854]","[ 0.00000000e+00 -1.91499109e-01 -2.38634509e-05  2.52811236e-01
  1.63949173e-01  5.42355719e-01 -3.44374293e-01 -1.05819570e-05]","[ 0.         -1.21492612 14.64865208 -2.0711112  -0.54967982  2.27113581
 -1.51946664  0.35434508]"
1747093074.9790988,"[ 0.          0.27237202  1.02111116 -2.42453147 -2.00742825  1.62879665
  0.80185297  1.53933854]","[ 0.00000000e+00 -1.93193845e-01 -1.85602774e-05  2.50650463e-01
  1.63408968e-01  5.49918464e-01 -3.41403204e-01 -1.05820616e-05]","[ 0.         -1.28159595 14.73978996 -2.15265679 -0.5995003   2.15647554
 -1.65329361  0.35894248]"
1747093074.9815207,"[ 0.          0.27199503  1.02111162 -2.42401349 -2.00711     1.62992676
  0.801169    1.53933854]","[ 0.00000000e+00 -1.90418714e-01 -1.32574726e-05  2.53526910e-01
  1.60167801e-01  5.52693677e-01 -3.48882192e-01 -1.05739739e-05]","[ 0.         -1.32431328 14.81205463 -2.21457338 -0.55937791  2.12179518
 -1.73120844  0.36562729]"
1747093074.985682,"[ 0.          0.27160518  1.02111162 -2.42351068 -2.00678749  1.63100547
  0.80044502  1.53933854]","[ 0.00000000e+00 -1.90418714e-01 -1.85604623e-05  2.55242119e-01
  1.56926634e-01  5.46137108e-01 -3.54586617e-01 -1.05739739e-05]","[ 0.         -1.38395035 14.85046864 -2.23079538 -0.47039607  2.07555246
 -1.66665292  0.36190239]"
1747093074.9879131,"[ 0.          0.27084476  1.02111162 -2.42249602 -2.00615339  1.63320591
  0.79897809  1.53933854]","[ 0.00000000e+00 -1.89079411e-01 -1.32374398e-05  2.48219580e-01
  1.59237975e-01  5.48838086e-01 -3.71384039e-01 -1.05739739e-05]","[ 0.         -1.52727437 14.80560303 -2.26236272 -0.28574637  2.20294809
 -1.64428377  0.38272312]"
1747093074.990333,"[ 0.          0.27046731  1.02111162 -2.42201239 -2.00584153  1.63433123
  0.79823993  1.53933854]","[ 0.00000000e+00 -1.91769203e-01 -1.85324169e-05  2.44438224e-01
  1.57846923e-01  5.49935242e-01 -3.73274717e-01 -1.05739739e-05]","[ 0.         -1.63595188 14.7115469  -2.2381556  -0.3298406   2.32629538
 -1.65617621  0.39180595]"
1747093074.9920535,"[ 0.          0.27008665  1.02111162 -2.42151544 -2.0055161   1.63540528
  0.797476    1.53933854]","[ 0.00000000e+00 -1.93463673e-01 -1.85324169e-05  2.42841426e-01
  1.59488745e-01  5.42615677e-01 -3.72464417e-01 -1.05820616e-05]","[ 0.         -1.64011848 14.67876339 -2.20317388 -0.40526366  2.35088062
 -1.55181193  0.40383181]"
1747093074.9937558,"[ 0.          0.26968714  1.02111162 -2.4210366  -2.00519652  1.63651356
  0.79674922  1.53933854]","[ 0.00000000e+00 -1.95550576e-01 -1.85324169e-05  2.42841426e-01
  1.62598684e-01  5.42662948e-01 -3.67602650e-01 -1.05740785e-05]","[ 0.         -1.59996247 14.70113945 -2.14057207 -0.42814356  2.37294292
 -1.51057315  0.38229156]"
1747093074.9955668,"[ 0.          0.26928582  1.02111162 -2.42054205 -2.00486362  1.63757709
  0.79601672  1.53933854]","[ 0.00000000e+00 -1.95850165e-01 -1.85324169e-05  2.40926946e-01
  1.62345102e-01  5.39114552e-01 -3.54097793e-01 -1.05819570e-05]","[ 0.         -1.64808297 14.73174953 -2.13194871 -0.43174264  2.49802113
 -1.52952695  0.37741247]"
1747093074.9973125,"[ 0.          0.26909157  1.02111162 -2.42030557 -2.00470383  1.63810892
  0.79567137  1.53933854]","[ 0.00000000e+00 -1.96901065e-01 -1.85324169e-05  2.39846551e-01
  1.62058479e-01  5.39384663e-01 -3.50316438e-01 -1.05819570e-05]","[ 0.         -1.65931261 14.72012424 -2.10052276 -0.40742895  2.44702101
 -1.51304364  0.38419572]"
1747093074.9990573,"[ 0.          0.26870631  1.02111162 -2.41981661 -2.00438771  1.63921533
  0.79498548  1.5393376 ]","[ 0.00000000e+00 -1.94812797e-01 -1.85325998e-05  2.38230029e-01
  1.59897707e-01  5.39932275e-01 -3.47345348e-01 -1.85046377e-05]","[ 0.         -1.6359514  14.66891766 -2.07352424 -0.46561727  2.4296391
 -1.52420187  0.40020931]"
1747093075.0002766,"[ 0.          0.2683082   1.02111116 -2.41935056 -2.00406308  1.64026835
  0.79427488  1.5393376 ]","[ 0.00000000e+00 -1.95097855e-01 -2.38273920e-05  2.36605385e-01
  1.58234895e-01  5.32632218e-01 -3.45914132e-01 -1.85184257e-05]","[ 0.         -1.6574986  14.52329159 -2.03560734 -0.51280171  2.40685034
 -1.53001416  0.38929963]"
1747093075.002033,"[ 0.          0.26811579  1.02111116 -2.4191154  -2.00390755  1.64078873
  0.7939324   1.5393376 ]","[ 0.00000000e+00 -1.95010370e-01 -2.38273920e-05  2.38496079e-01
  1.57577111e-01  5.27770484e-01 -3.47697984e-01 -1.85044548e-05]","[ 0.         -1.66729772 14.46562767 -2.02225637 -0.5263837   2.43696308
 -1.48852921  0.38509429]"
1747093075.0038178,"[ 0.          0.26773329  1.02111069 -2.41862165 -2.00360075  1.64186558
  0.79321987  1.5393376 ]","[ 0.00000000e+00 -1.93193845e-01 -2.38276277e-05  2.41467152e-01
  1.54765862e-01  5.23458194e-01 -3.50316438e-01 -1.85186086e-05]","[ 0.         -1.66345274 14.32198811 -2.01288462 -0.52534765  2.42895484
 -1.5425427   0.38082907]"
1747093075.004999,"[ 0.          0.26752803  1.02111069 -2.41838516 -2.00343643  1.64238223
  0.79287359  1.5393376 ]","[ 0.00000000e+00 -1.93342482e-01 -2.38271543e-05  2.39846551e-01
  1.54724133e-01  5.23989095e-01 -3.51126704e-01 -1.85186086e-05]","[ 0.         -1.69539428 14.21504211 -1.96623504 -0.5139088   2.29353356
 -1.57325029  0.38973999]"
1747093075.0066383,"[ 0.          0.26714232  1.02111069 -2.41791405 -2.00312964  1.64345429
  0.79214395  1.5393376 ]","[ 0.00000000e+00 -1.96630970e-01 -2.38273920e-05  2.38254431e-01
  1.55576145e-01  5.24106074e-01 -3.56592743e-01 -1.85046377e-05]","[ 0.         -1.68735838 14.15925598 -1.93096185 -0.41792771  2.352983
 -1.60757864  0.39714479]"
1747093075.0084043,"[ 0.          0.26694899  1.02111069 -2.41766238 -2.00296292  1.64396521
  0.79179388  1.5393376 ]","[ 0.00000000e+00 -1.96090765e-01 -2.38273920e-05  2.36976196e-01
  1.56833374e-01  5.17522074e-01 -3.54908093e-01 -1.85186086e-05]","[ 0.         -1.66980195 14.11535549 -1.92258561 -0.35579538  2.48315072
 -1.61216378  0.40423626]"
1747093075.0101395,"[ 0.          0.26655088  1.02111069 -2.41720565 -2.00265266  1.64497162
  0.79110132  1.5393376 ]","[ 0.00000000e+00 -1.94740276e-01 -2.38273920e-05  2.29350235e-01
  1.57037455e-01  5.07808427e-01 -3.51126704e-01 -1.85044548e-05]","[ 0.         -1.64691579 14.06123829 -1.90654898 -0.29829744  2.45429039
 -1.5819447   0.36366951]"
1747093075.0119355,"[ 0.          0.26616699  1.02111069 -2.41673586 -2.00233388  1.6460028
  0.79037827  1.5393376 ]","[ 0.00000000e+00 -1.94812797e-01 -2.64751417e-05  2.28986763e-01
  1.55225673e-01  5.04295385e-01 -3.53834307e-01 -1.85186086e-05]","[ 0.         -1.60940278 13.96497059 -1.9037621  -0.22591974  2.47407842
 -1.57381737  0.37189111]"
1747093075.0142152,"[ 0.          0.26596036  1.02111022 -2.41650896 -2.00218102  1.64649562
  0.79002541  1.5393376 ]","[ 0.00000000e+00 -1.94596332e-01 -3.17698567e-05  2.30123051e-01
  1.55035956e-01  4.99680327e-01 -3.57879149e-01 -1.85184257e-05]","[ 0.         -1.6348561  13.927845   -1.88924217 -0.1410197   2.35906243
 -1.59492719  0.35213578]"
1747093075.0159354,"[ 0.          0.26538179  1.02110982 -2.41580509 -2.00170884  1.64800629
  0.78895801  1.5393376 ]","[ 0.00000000e+00 -1.96090765e-01 -3.17458709e-05  2.32283823e-01
  1.54974903e-01  4.96979349e-01 -3.46562013e-01 -1.85184257e-05]","[ 0.         -1.56830513 13.82399464 -1.91519952 -0.02199264  2.36940408
 -1.46438599  0.35559544]"
1747093075.0176797,"[ 0.          0.26497677  1.02110982 -2.4153441  -2.00138207  1.64897475
  0.78828922  1.5393376 ]","[ 0.00000000e+00 -1.98357847e-01 -3.17458709e-05  2.34174518e-01
  1.53685467e-01  4.89146526e-01 -3.36811548e-01 -1.85186086e-05]","[ 0.         -1.57715499 13.72395134 -1.91942918  0.02983287  2.28774166
 -1.44221222  0.3295756 ]"
1747093075.0194094,"[ 0.          0.26477933  1.02110936 -2.41509642 -2.00122867  1.64945319
  0.78795913  1.5393376 ]","[ 0.00000000e+00 -1.99939449e-01 -3.70372172e-05  2.33214664e-01
  1.55576145e-01  4.85095059e-01 -3.34581516e-01 -1.85044548e-05]","[ 0.         -1.577039   13.67260647 -1.91956913  0.0609595   2.24083757
 -1.45557451  0.33150041]"
1747093075.021118,"[ 0.          0.26438074  1.02110936 -2.41464022 -2.00090403  1.65044349
  0.78728941  1.5393376 ]","[ 0.00000000e+00 -2.01762815e-01 -3.70648338e-05  2.30933334e-01
  1.60707990e-01  4.84284759e-01 -3.22979089e-01 -1.05819570e-05]","[ 0.         -1.54873455 13.61598873 -1.95541978  0.10337361  2.21799564
 -1.47591484  0.34765482]"
1747093075.0229118,"[ 0.          0.26397023  1.02110936 -2.41418456 -2.00058392  1.65143285
  0.78667581  1.5393376 ]","[ 0.00000000e+00 -2.00142232e-01 -3.70368514e-05  2.30429531e-01
  1.62433935e-01  4.82729273e-01 -3.07911123e-01 -1.05739739e-05]","[ 0.         -1.50228524 13.607831   -1.95056236  0.1057812   2.19677615
 -1.46996582  0.35323441]"
1747093075.0246994,"[ 0.          0.26357533  1.02110889 -2.41371025 -2.00024836  1.65239372
  0.78606888  1.5393376 ]","[ 0.00000000e+00 -1.99129981e-01 -4.23602275e-05  2.32013729e-01
  1.63650583e-01  4.88336226e-01 -2.94406233e-01 -1.05819570e-05]","[ 0.         -1.44650626 13.62316322 -1.92572761  0.05767152  2.27344298
 -1.46942234  0.35539094]"
1747093075.025895,"[ 0.          0.26336639  1.02110889 -2.41348148 -2.00008564  1.65287508
  0.78578539  1.5393376 ]","[ 0.00000000e+00 -1.96853244e-01 -3.70648338e-05  2.32013729e-01
  1.65029551e-01  4.88336226e-01 -2.87092527e-01 -1.05820616e-05]","[ 0.         -1.37385178 13.67101383 -1.91979063  0.04628928  2.32564306
 -1.43701863  0.35395911]"
1747093075.027733,"[ 0.          0.26298022  1.02110936 -2.41300824 -1.99976234  1.65387204
  0.78520222  1.5393376 ]","[ 0.00000000e+00 -1.95550576e-01 -2.64748795e-05  2.30706982e-01
  1.63949173e-01  4.85095059e-01 -2.83117593e-01 -1.05820616e-05]","[ 0.00000000e+00 -1.36078715e+00  1.37545700e+01 -1.93111408e+00
 -9.35722142e-03  2.27769232e+00 -1.45505142e+00  3.43225449e-01]"
1747093075.029466,"[ 0.          0.26257843  1.02110936 -2.4125587  -1.99942731  1.65483091
  0.78465428  1.5393376 ]","[ 0.00000000e+00 -1.95892093e-01 -2.64748795e-05  2.27692167e-01
  1.63408968e-01  4.86175470e-01 -2.76849910e-01 -1.05820616e-05]","[ 0.00000000e+00 -1.34037447e+00  1.38979664e+01 -1.93249738e+00
  4.95238369e-03  2.26863980e+00 -1.42714381e+00  3.46955389e-01]"
1747093075.0312324,"[ 0.          0.26238465  1.02110936 -2.41233579 -1.99926885  1.65534663
  0.7843851   1.5393376 ]","[ 0.00000000e+00 -1.96630970e-01 -2.11801137e-05  2.26071584e-01
  1.60707990e-01  4.85487742e-01 -2.73068554e-01 -1.05820616e-05]","[ 0.00000000e+00 -1.33276105e+00  1.39689436e+01 -1.91313446e+00
 -7.56096514e-03  2.35516548e+00 -1.46333063e+00  3.42169940e-01]"
1747093075.0330913,"[ 0.          0.26199709  1.02110936 -2.41187906 -1.99910161  1.65630457
  0.78381904  1.5393376 ]","[ 0.00000000e+00 -1.97441254e-01 -1.85324169e-05  2.22020133e-01
  1.57482586e-01  4.86175470e-01 -2.76849910e-01 -1.05819570e-05]","[ 0.         -1.3078711  14.07332993 -1.94671643 -0.01692438  2.33075428
 -1.53465664  0.32954562]"
1747093075.0348473,"[ 0.          0.26159301  1.02110936 -2.41144336 -1.99879454  1.65730432
  0.78325971  1.5393376 ]","[ 0.00000000e+00 -1.97441254e-01 -1.85324169e-05  2.20669644e-01
  1.55418519e-01  4.87995408e-01 -2.86573411e-01 -1.05819570e-05]","[ 0.00000000e+00 -1.26793611e+00  1.41407156e+01 -1.98490715e+00
  1.23934187e-02  2.27090478e+00 -1.58635557e+00  3.42468977e-01]"
1747093075.0366304,"[ 0.          0.26119352  1.02110936 -2.4109837  -1.99847203  1.6582604
  0.78266416  1.5393376 ]","[ 0.00000000e+00 -1.95281746e-01 -1.85324169e-05  2.25261300e-01
  1.58116751e-01  4.82394081e-01 -2.92897553e-01 -1.05819570e-05]","[ 0.         -1.21033716 14.19425583 -2.02267909  0.1185111   2.25680971
 -1.60570419  0.34196156]"
1747093075.0384212,"[ 0.          0.26100157  1.02110936 -2.41076    -1.99831517  1.65873417
  0.78237215  1.5393376 ]","[ 0.00000000e+00 -1.94542969e-01 -1.85324169e-05  2.26881884e-01
  1.59087406e-01  4.80503403e-01 -2.96026833e-01 -1.05819570e-05]","[ 0.         -1.22021699 14.19892597 -2.07082677  0.14663473  2.12356424
 -1.58537006  0.33928373]"
1747093075.0401587,"[ 0.          0.26062136  1.02110936 -2.41029581 -1.99798681  1.65971688
  0.78178039  1.5393376 ]","[ 0.00000000e+00 -1.92309409e-01 -1.85184257e-05  2.27446990e-01
  1.59627612e-01  4.78466218e-01 -3.00078300e-01 -1.05819570e-05]","[ 0.         -1.18042541 14.23627377 -2.07860231  0.1006308   2.06969929
 -1.51811254  0.35044283]"
1747093075.0413187,"[ 0.          0.26022278  1.02110936 -2.4098444  -1.99766936  1.66065484
  0.78116207  1.5393376 ]","[ 0.00000000e+00 -1.95348625e-01 -1.32374398e-05  2.28502467e-01
  1.61788384e-01  4.75641669e-01 -3.00078300e-01 -1.05819570e-05]","[ 0.         -1.14368534 14.30761528 -2.09460068  0.04979631  2.02162457
 -1.50301194  0.31375232]"
1747093075.0431023,"[ 0.          0.260029    1.02110982 -2.40960472 -1.9975093   1.66112769
  0.78086906  1.5393376 ]","[ 0.00000000e+00 -1.96431733e-01 -7.93654595e-06  2.25479297e-01
  1.62164107e-01  4.79693103e-01 -2.97107211e-01 -1.05819570e-05]","[ 0.         -1.150599   14.33540726 -2.10990739  0.0382753   2.09064269
 -1.57551348  0.29948556]"
1747093075.0442746,"[ 0.          0.25964236  1.02110982 -2.40916556 -1.99717268  1.66210081
  0.78027923  1.5393376 ]","[ 0.00000000e+00 -1.96630970e-01 -1.32374398e-05  2.21750022e-01
  1.64219268e-01  4.73750958e-01 -2.83315000e-01 -1.05819570e-05]","[ 0.         -1.15212417 14.43960381 -2.18354034  0.09439859  2.18655157
 -1.56041455  0.31032974]"
1747093075.046088,"[ 0.          0.25943114  1.02110982 -2.40894852 -1.99701049  1.6625642
  0.7800034   1.5393376 ]","[ 0.00000000e+00 -1.98859387e-01 -7.94246417e-06  2.20129439e-01
  1.64489362e-01  4.69969602e-01 -2.79820999e-01 -1.05819570e-05]","[ 0.         -1.08216095 14.52704716 -2.22178173  0.12082402  2.12609839
 -1.50484729  0.30489478]"
1747093075.0471966,"[ 0.          0.25903899  1.02110982 -2.40849764 -1.99667493  1.66352493
  0.77946591  1.5393376 ]","[ 0.00000000e+00 -1.97981443e-01 -7.93646773e-06  2.19923943e-01
  1.63949173e-01  4.69438568e-01 -2.70097482e-01 -1.05819570e-05]","[ 0.         -1.02252698 14.62031364 -2.22158575  0.1463944   2.20502472
 -1.47924185  0.29415941]"
1747093075.0500777,"[ 0.          0.25884521  1.02110982 -2.40828113 -1.99651275  1.66398539
  0.77918048  1.5393376 ]","[ 0.00000000e+00 -1.96630970e-01 -7.94254290e-06  2.19366759e-01
  1.64489362e-01  4.66998546e-01 -2.68823791e-01 -1.05820616e-05]","[ 0.         -1.02748895 14.64517403 -2.19699597  0.13068594  2.28312683
 -1.45912528  0.31983441]"
1747093075.0519,"[ 0.          0.25825837  1.02110982 -2.40761853 -1.99601181  1.66535905
  0.7783814   1.5393376 ]","[ 0.00000000e+00 -1.91499109e-01 -7.93646773e-06  2.17968666e-01
  1.66008712e-01  4.62136779e-01 -2.59551730e-01 -1.05819570e-05]","[ 0.00000000e+00 -1.05270231e+00  1.46946716e+01 -2.16904020e+00
  8.71358253e-03  2.27764797e+00 -1.38677800e+00  3.26251924e-01]"
1747093075.053611,"[ 0.          0.25806965  1.02110982 -2.40719296 -1.99568424  1.66629702
  0.77787813  1.5393376 ]","[ 0.00000000e+00 -1.91499109e-01 -7.94246417e-06  2.14187294e-01
  1.66380040e-01  4.56002254e-01 -2.54701914e-01 -1.05820616e-05]","[ 0.         -1.07704771 14.69942284 -2.17656374 -0.0584851   2.17854261
 -1.40610051  0.32507563]"
1747093075.054794,"[ 0.          0.25768118  1.02111022 -2.4069831  -1.99550767  1.66674137
  0.77762986  1.5393376 ]","[ 0.00000000e+00 -1.88651008e-01 -5.29502843e-06  2.12836805e-01
  1.66259482e-01  4.50522601e-01 -2.51730841e-01 -1.05818513e-05]","[ 0.         -1.06053865 14.71609688 -2.15999198 -0.04419707  2.28922105
 -1.42603147  0.33088654]"
1747093075.0565763,"[ 0.          0.25730923  1.02111022 -2.40655114 -1.99517744  1.66765749
  0.77711427  1.5393376 ]","[ 0.00000000e+00 -1.88257942e-01 -5.29492328e-06  2.09865733e-01
  1.68000624e-01  4.46741212e-01 -2.51730841e-01 -1.05819570e-05]","[ 0.00000000e+00 -1.08380306e+00  1.47822218e+01 -2.19405937e+00
  1.61093660e-03  2.37806749e+00 -1.43619502e+00  3.19179147e-01]"
1747093075.0583425,"[ 0.          0.25712371  1.02111022 -2.40634341 -1.99501206  1.66809984
  0.77686786  1.5393376 ]","[ 0.00000000e+00 -1.88257942e-01 -5.29497611e-06  2.10676033e-01
  1.67730529e-01  4.48631923e-01 -2.49587030e-01 -1.05979587e-05]","[ 0.00000000e+00 -1.07718503e+00  1.47974892e+01 -2.19645000e+00
 -1.45048779e-02  2.35548377e+00 -1.37825108e+00  3.13328832e-01]"
1747093075.0595336,"[ 0.          0.25673386  1.02111022 -2.40591012 -1.99466638  1.66901784
  0.77635793  1.5393376 ]","[ 0.00000000e+00 -1.90765441e-01 -5.29497611e-06  2.11950538e-01
  1.68265642e-01  4.48875535e-01 -2.47257696e-01 -1.05979587e-05]","[ 0.         -1.07222509 14.76339054 -2.2126925  -0.01925907  2.38444972
 -1.31193388  0.31224364]"
1747093075.0613296,"[ 0.          0.25654559  1.02111022 -2.40569733 -1.99450233  1.66946964
  0.77611445  1.5393376 ]","[ 0.00000000e+00 -1.90958920e-01 -5.29502843e-06  2.16026989e-01
  1.66211462e-01  4.58085312e-01 -2.46869091e-01 -1.05979587e-05]","[ 0.         -1.04664779 14.71789742 -2.19137025 -0.02822932  2.3939867
 -1.33027267  0.29559526]"
1747093075.0625336,"[ 0.          0.25615482  1.02110982 -2.40527042 -1.99415798  1.67040095
  0.77562829  1.5393376 ]","[ 0.00000000e+00 -1.90584030e-01 -7.94246417e-06  2.16077989e-01
  1.68767181e-01  4.76451936e-01 -2.46058807e-01 -1.06058726e-05]","[ 0.         -1.01124799 14.63594437 -2.19880152 -0.08827058  2.4406817
 -1.34800386  0.29321393]"
1747093075.0642858,"[ 0.          0.25596472  1.02110982 -2.40503979 -1.99398993  1.67091374
  0.77536763  1.5393376 ]","[ 0.00000000e+00 -1.92849598e-01 -7.94246417e-06  2.17165490e-01
  1.70431507e-01  4.82980043e-01 -2.45502323e-01 -1.05979587e-05]","[ 0.         -1.00856066 14.60023308 -2.18473077 -0.10872453  2.44974756
 -1.35222495  0.29731369]"
1747093075.065495,"[ 0.          0.2555822   1.02110982 -2.40461635 -1.99365438  1.67188313
  0.77487868  1.5393376 ]","[ 0.00000000e+00 -1.93659898e-01 -7.94246417e-06  2.13917199e-01
  1.70431507e-01  4.96979349e-01 -2.49840163e-01 -1.05979587e-05]","[ 0.         -1.01766539 14.52609921 -2.19860649 -0.07713701  2.46946979
 -1.35377586  0.27193075]"
1747093075.0672834,"[ 0.          0.25537741  1.02110982 -2.40440809 -1.99348633  1.67238061
  0.77462847  1.5393376 ]","[ 0.00000000e+00 -1.92659531e-01 -7.94254290e-06  2.11002220e-01
  1.70258818e-01  5.04542094e-01 -2.53891630e-01 -1.06059783e-05]","[ 0.00000000e+00 -1.02170002e+00  1.44994879e+01 -2.17180920e+00
  9.44019202e-03  2.47368670e+00 -1.33779216e+00  2.81471789e-01]"
1747093075.0691075,"[ 0.          0.25499306  1.02110982 -2.40398332 -1.9931316   1.67344428
  0.77409005  1.5393376 ]","[ 0.00000000e+00 -1.95010370e-01 -1.32374398e-05  2.06354471e-01
  1.73942769e-01  5.21788192e-01 -2.65062259e-01 -1.05979587e-05]","[ 0.         -1.03146851 14.37386227 -2.14919877  0.10376427  2.3146565
 -1.31245017  0.27707842]"
1747093075.070273,"[ 0.          0.25458806  1.02110936 -2.40356573 -1.99278086  1.67457812
  0.77355449  1.5393376 ]","[ 0.00000000e+00 -1.97605554e-01 -1.85324169e-05  2.04125522e-01
  1.78804536e-01  5.38304285e-01 -2.73601353e-01 -1.06059783e-05]","[ 0.         -1.03515887 14.21735382 -2.15440512  0.11088724  2.23416281
 -1.29714978  0.27705026]"
1747093075.0720496,"[ 0.          0.2543929   1.02110936 -2.40336254 -1.99258885  1.67515376
  0.77325481  1.5393376 ]","[ 0.00000000e+00 -1.97981443e-01 -1.85324169e-05  2.06084377e-01
  1.80804054e-01  5.42161408e-01 -2.82114513e-01 -1.05979587e-05]","[ 0.         -1.03328633 14.15902138 -2.14787769  0.09241731  2.29050779
 -1.30196238  0.28515914]"
1747093075.0738518,"[ 0.          0.25398652  1.02110936 -2.40295188 -1.99222905  1.67622302
  0.77267544  1.5393376 ]","[ 0.00000000e+00 -1.99862467e-01 -1.85325998e-05  2.08245149e-01
  1.83210370e-01  5.42355719e-01 -2.98187623e-01 -1.06059783e-05]","[ 0.         -0.99289197 14.0801363  -2.12685394  0.05577805  2.20271587
 -1.26083004  0.26783136]"
1747093075.0769982,"[ 0.          0.25359484  1.02110936 -2.40252391 -1.99184423  1.67734927
  0.77203902  1.5393376 ]","[ 0.00000000e+00 -1.98791743e-01 -1.85186086e-05  2.09055449e-01
  1.89330181e-01  5.52619442e-01 -3.14463665e-01 -1.05979587e-05]","[ 0.         -1.00870645 14.03745174 -2.12914276  0.08380882  2.2469511
 -1.20485008  0.27063179]"
1747093075.0793464,"[ 0.          0.25299468  1.02110889 -2.40190312 -1.99127324  1.67901028
  0.7710858   1.5393376 ]","[ 0.00000000e+00 -1.96417518e-01 -2.11799045e-05  2.10135844e-01
  1.93929992e-01  5.65313998e-01 -3.21415980e-01 -1.06059783e-05]","[ 0.         -0.98028797 13.90750122 -2.15027142  0.0556636   2.21085644
 -1.18056345  0.27171841]"
1747093075.081088,"[ 0.          0.25260391  1.02110889 -2.40147648 -1.99087537  1.68018048
  0.77043513  1.5393376 ]","[ 0.00000000e+00 -1.97981443e-01 -2.11639139e-05  2.08034160e-01
  1.94470181e-01  5.72647212e-01 -3.15473868e-01 -1.06059783e-05]","[ 0.         -0.98645043 13.83027458 -2.16157222 -0.09851344  2.31509089
 -1.13278663  0.25797471]"
1747093075.0828757,"[ 0.          0.25219202  1.02110843 -2.40106503 -1.99048575  1.68131338
  0.76982153  1.5393376 ]","[ 0.00000000e+00 -2.01868609e-01 -3.17698567e-05  2.09595638e-01
  1.97981443e-01  5.75037532e-01 -3.09801801e-01 -1.06059783e-05]","[ 0.         -0.9552021  13.76471043 -2.16235733 -0.20381039  2.37967825
 -1.09263873  0.27358967]"
1747093075.0846446,"[ 0.          0.25179344  1.02110843 -2.40062933 -1.99007802  1.68249969
  0.76919556  1.5393376 ]","[ 0.00000000e+00 -2.03113304e-01 -3.17458709e-05  2.13654728e-01
  1.98107077e-01  5.81789977e-01 -3.03049356e-01 -1.06059783e-05]","[ 0.         -0.96576923 13.73325825 -2.12417531 -0.23552665  2.35949898
 -1.10665882  0.2797778 ]"
1747093075.086341,"[ 0.          0.25159186  1.02110843 -2.40041761 -1.98988121  1.68307427
  0.76889875  1.5393376 ]","[ 0.00000000e+00 -2.04256633e-01 -3.17458709e-05  2.14509936e-01
  1.99602043e-01  5.82279799e-01 -3.00888600e-01 -1.06059783e-05]","[ 0.         -0.95154476 13.73507214 -2.10037231 -0.26123181  2.39193726
 -1.15221488  0.27759722]"
1747093075.0880778,"[ 0.          0.25116618  1.02110843 -2.3999955  -1.9894844   1.6836555
  0.76828422  1.5393376 ]","[ 0.00000000e+00 -2.08388594e-01 -3.17698567e-05  2.13593642e-01
  2.01492721e-01  5.89352689e-01 -3.01925236e-01 -1.06059783e-05]","[ 0.         -0.93739444 13.75158882 -2.08603644 -0.33589542  2.32000232
 -1.16611874  0.27287227]"
1747093075.089351,"[ 0.          0.25075659  1.02110796 -2.39955768 -1.98907214  1.68486178
  0.76768681  1.5393376 ]","[ 0.00000000e+00 -2.07164771e-01 -3.70928568e-05  2.13647105e-01
  2.00682421e-01  5.87732089e-01 -3.03859656e-01 -1.06059783e-05]","[ 0.         -0.90395868 13.78442192 -2.05515671 -0.38865164  2.27754879
 -1.14349675  0.26193979]"
1747093075.0905027,"[ 0.          0.25055224  1.02110796 -2.39935048 -1.98887507  1.68544115
  0.76738527  1.5393376 ]","[ 0.00000000e+00 -2.06954864e-01 -3.71209245e-05  2.10135844e-01
  1.99872137e-01  5.87732089e-01 -3.05750334e-01 -1.06059783e-05]","[ 0.         -0.838929   13.79177189 -2.02667904 -0.38272175  2.19521809
 -1.07507038  0.25963005]"
1747093075.0923004,"[ 0.          0.25012887  1.02110796 -2.39892491 -1.9884676   1.68664264
  0.7667593   1.5393376 ]","[ 0.00000000e+00 -2.05880911e-01 -3.70928568e-05  2.07385514e-01
  1.98860153e-01  5.84241950e-01 -3.04940034e-01 -1.05979587e-05]","[ 0.         -0.76875633 13.77043152 -1.99276173 -0.34946001  2.14343619
 -1.01117051  0.24218753]"
1747093075.0940292,"[ 0.          0.24992637  1.02110796 -2.39872091 -1.98827213  1.68722014
  0.76645869  1.5393376 ]","[ 0.00000000e+00 -2.05274077e-01 -3.70924870e-05  2.06685036e-01
  1.98251554e-01  5.85571333e-01 -3.04940034e-01 -1.06059783e-05]","[ 0.         -0.77318633 13.74075699 -1.97378695 -0.30314884  2.16360807
 -1.0545243   0.24056715]"
1747093075.095277,"[ 0.          0.24972571  1.02110749 -2.39851745 -1.98807559  1.68779845
  0.76615902  1.5393376 ]","[ 0.00000000e+00 -2.03383399e-01 -4.24239132e-05  2.06354471e-01
  1.99331932e-01  5.86651711e-01 -3.03551795e-01 -1.06059783e-05]","[ 0.         -0.70285034 13.71970749 -1.964975   -0.26593295  2.19280457
 -1.04482293  0.2423559 ]"
1747093075.0964541,"[ 0.          0.24931059  1.02110703 -2.39809081 -1.98766466  1.68900379
  0.76553877  1.5393376 ]","[ 0.00000000e+00 -2.01868609e-01 -4.50413255e-05  2.08890133e-01
  2.01492721e-01  5.87801264e-01 -3.01968978e-01 -1.05979587e-05]","[ 0.         -0.64153093 13.69524002 -1.96182311 -0.15012676  2.19771099
 -1.02537966  0.21573506]"
1747093075.098264,"[ 0.          0.24910992  1.02110656 -2.39788255 -1.98746386  1.6895793
  0.76524483  1.5393376 ]","[ 0.00000000e+00 -2.03447148e-01 -5.03403034e-05  2.11216222e-01
  2.03653493e-01  5.83680622e-01 -2.98187623e-01 -1.06059783e-05]","[ 0.         -0.64565986 13.64706135 -1.92851579 -0.1186777   2.28705692
 -1.07835615  0.2245966 ]"
1747093075.0999644,"[ 0.          0.24870952  1.02110656 -2.3974599  -1.98705613  1.69073711
  0.76464455  1.5393376 ]","[ 0.00000000e+00 -2.03653493e-01 -5.03783961e-05  2.14727500e-01
  2.07704960e-01  5.86057293e-01 -2.91142197e-01  0.00000000e+00]","[ 0.         -0.59351748 13.64920139 -1.92302787 -0.12893677  2.22268581
 -1.01456022  0.23198368]"
1747093075.1012018,"[ 0.          0.24849691  1.02110656 -2.39724605 -1.98683482  1.69136202
  0.76435726  1.53933667]","[ 0.00000000e+00 -2.00113237e-01 -5.03398035e-05  2.16888272e-01
  2.08192552e-01  5.88857274e-01 -2.91139900e-01 -1.05979587e-05]","[ 0.         -0.53542548 13.6315136  -1.95404255 -0.1300277   2.06975532
 -0.95422441  0.20771664]"
1747093075.1029172,"[ 0.          0.24810338  1.02110656 -2.39680024 -1.98642443  1.69252076
  0.76378075  1.53933667]","[ 0.00000000e+00 -1.99331932e-01 -4.50413255e-05  2.18778950e-01
  2.08515244e-01  5.87732089e-01 -2.94406233e-01 -1.06059783e-05]","[ 0.         -0.52456641 13.68213654 -1.95737565 -0.10727745  1.99453115
 -0.98721623  0.22359727]"
1747093075.104157,"[ 0.          0.24790777  1.02110656 -2.39658372 -1.98620205  1.69309721
  0.76348867  1.53933667]","[ 0.00000000e+00 -1.98050685e-01 -4.50754075e-05  2.19589250e-01
  2.09391657e-01  5.84490955e-01 -2.96296945e-01 -1.06059783e-05]","[ 0.         -0.56474376 13.72587013 -1.94366407 -0.1109589   1.99974513
 -0.9836356   0.19379729]"
1747093075.105922,"[ 0.          0.24750737  1.02110656 -2.39613791 -1.98579059  1.69427872
  0.76287701  1.53933667]","[ 0.00000000e+00 -1.94094792e-01 -4.23918346e-05  2.17917783e-01
  2.08573800e-01  5.75264367e-01 -2.98997889e-01 -1.06058726e-05]","[ 0.         -0.55452937 13.81393528 -2.00443721 -0.10038748  1.99291158
 -0.95825034  0.18544199]"
1747093075.1071103,"[ 0.          0.24731634  1.02110656 -2.39592433 -1.98558633  1.69484477
  0.76258399  1.53933667]","[ 0.00000000e+00 -1.93659898e-01 -4.23918346e-05  2.16618177e-01
  2.07164771e-01  5.74227266e-01 -2.96806208e-01 -1.06059783e-05]","[ 0.         -0.56553364 13.83962727 -2.0626297  -0.11147188  1.86337721
 -0.97764182  0.17850275]"
1747093075.1088474,"[ 0.          0.24693384  1.0211061  -2.39549795 -1.98515729  1.69597395
  0.76198751  1.53933667]","[ 0.00000000e+00 -1.94740276e-01 -4.50413255e-05  2.16348083e-01
  2.10143966e-01  5.70986065e-01 -2.91139900e-01 -1.06059783e-05]","[ 0.         -0.62460476 13.89478397 -2.1514411  -0.15457956  1.87150919
 -0.92728519  0.18206671]"
1747093075.110594,"[ 0.          0.24653618  1.0211061  -2.39505054 -1.98473918  1.69713935
  0.76141773  1.53933667]","[ 0.00000000e+00 -1.94542969e-01 -4.50754075e-05  2.18287463e-01
  2.11756427e-01  5.68285087e-01 -2.89544500e-01 -1.06059783e-05]","[ 0.         -0.70149237 13.96543407 -2.22503161 -0.2277582   1.9887476
 -0.85791457  0.15916499]"
1747093075.1123495,"[ 0.          0.24634377  1.0211061  -2.39483802 -1.98452932  1.69769582
  0.76111806  1.53933667]","[ 0.00000000e+00 -1.95010370e-01 -4.50754075e-05  2.15756612e-01
  2.12621172e-01  5.64503732e-01 -2.82114513e-01 -1.06059783e-05]","[ 0.         -0.77687711 14.00586605 -2.21449184 -0.28941122  2.09748602
 -0.83585352  0.16973129]"
1747093075.1148627,"[ 0.          0.24595806  1.0211061  -2.39439754 -1.98409443  1.69883645
  0.7605311   1.53933667]","[ 0.00000000e+00 -1.95010370e-01 -4.23918346e-05  2.14908578e-01
  2.12296616e-01  5.54449067e-01 -2.71698591e-01 -1.05979587e-05]","[ 0.         -0.8256104  14.08185863 -2.33156538 -0.32391316  2.1370399
 -0.86249155  0.15531412]"
1747093075.1165073,"[ 0.          0.24537166  1.0211061  -2.39376717 -1.98345074  1.70051744
  0.75974433  1.53933667]","[ 0.00000000e+00 -1.92114549e-01 -3.70928568e-05  2.11272048e-01
  2.11648586e-01  5.51690598e-01 -2.54443853e-01 -1.06059783e-05]","[ 0.         -0.90732491 14.08151722 -2.58903122 -0.24993944  2.24620247
 -1.01979065  0.15742096]"
1747093075.1177619,"[ 0.          0.24517008  1.0211061  -2.39354453 -1.98324222  1.70106059
  0.75949799  1.53933667]","[ 0.00000000e+00 -1.89831720e-01 -3.71209245e-05  2.09642426e-01
  2.11486316e-01  5.50440576e-01 -2.49840163e-01 -1.06059783e-05]","[ 0.         -0.96303672 14.07013702 -2.6081624  -0.21420471  2.20092344
 -1.02365994  0.15134384]"
1747093075.1194367,"[ 0.          0.24480181  1.0211061  -2.39313174 -1.98282064  1.70214516
  0.75898806  1.53933667]","[ 0.00000000e+00 -1.85827058e-01 -3.18179359e-05  2.09865733e-01
  2.14997594e-01  5.47217486e-01 -2.47949485e-01 -1.06059783e-05]","[ 0.         -1.00522304 14.07416534 -2.64229894 -0.19149338  2.11894703
 -0.98727709  0.16607611]"
1747093075.1206002,"[ 0.          0.24461814  1.0211061  -2.39292188 -1.98259001  1.70271974
  0.75874551  1.53933667]","[ 0.00000000e+00 -1.86367264e-01 -3.17938749e-05  2.12836805e-01
  2.17165490e-01  5.41158328e-01 -2.46058807e-01 -1.06059783e-05]","[ 0.         -1.01227295 14.07196426 -2.64680839 -0.24756196  2.07423854
 -0.99056256  0.10932264]"
1747093075.1229055,"[ 0.          0.24423517  1.0211061  -2.39248272 -1.98216204  1.70376903
  0.75826415  1.53933574]","[ 0.00000000e+00 -1.86320958e-01 -3.18179359e-05  2.14706394e-01
  2.17158366e-01  5.28850862e-01 -2.41762130e-01 -1.85604623e-05]","[ 0.         -1.09047985 14.09359264 -2.70412898 -0.31929243  1.97255254
 -0.92385685  0.11243405]"
1747093075.1240373,"[ 0.          0.24405288  1.0211061  -2.39227074 -1.98194632  1.70429034
  0.75800915  1.53933574]","[ 0.00000000e+00 -1.84746681e-01 -3.18179359e-05  2.15215873e-01
  2.18557292e-01  5.28315034e-01 -2.40236189e-01 -1.85604623e-05]","[ 0.         -1.1356585  14.10545635 -2.70803976 -0.34544778  1.75779581
 -0.87329447  0.11293217]"
1747093075.1258137,"[ 0.          0.24368507  1.0211061  -2.39184356 -1.98149731  1.70535574
  0.75753923  1.53933574]","[ 0.00000000e+00 -1.86367264e-01 -2.64948971e-05  2.16618177e-01
  2.19319155e-01  5.18046950e-01 -2.38225968e-01 -1.85462435e-05]","[ 0.         -1.15956259 14.16255474 -2.77697754 -0.25240609  1.72789001
 -0.87915945  0.11137544]"
1747093075.1269453,"[ 0.          0.24348578  1.0211061  -2.39158284 -1.98128053  1.7058676
  0.75730521  1.53933574]","[ 0.00000000e+00 -1.87574808e-01 -2.65149452e-05  2.14763968e-01
  2.19859344e-01  5.19127361e-01 -2.37415685e-01 -1.85604623e-05]","[ 0.         -1.18716109 14.159091   -2.80395126 -0.21576564  1.89091766
 -0.94267404  0.13549849]"
1747093075.128641,"[ 0.          0.24311613  1.0211057  -2.39116899 -1.9808499   1.70691502
  0.75681432  1.53933574]","[ 0.00000000e+00 -1.86448257e-01 -3.70928568e-05  2.08245149e-01
  2.17698572e-01  5.08809210e-01 -2.41197040e-01 -1.85604623e-05]","[ 0.         -1.27573073 14.17635536 -2.84084344 -0.13485652  1.93295097
 -0.952268    0.14878713]"
1747093075.1304,"[ 0.          0.24293246  1.0211057  -2.39095141 -1.98061687  1.70740584
  0.75657364  1.53933574]","[ 0.00000000e+00 -1.86367264e-01 -3.70928568e-05  2.04877832e-01
  2.19215991e-01  4.97789649e-01 -2.44168113e-01 -1.85464284e-05]","[ 0.         -1.3326242  14.16817951 -2.86344481 -0.15980591  1.87510872
 -0.96197939  0.14290403]"
1747093075.131533,"[ 0.          0.24255086  1.02110523 -2.39055459 -1.98018357  1.70837336
  0.75631112  1.53933574]","[ 0.00000000e+00 -1.86367264e-01 -4.24239132e-05  2.00209277e-01
  2.19319155e-01  4.88336226e-01 -2.47257696e-01 -1.85604623e-05]","[ 0.         -1.40877593 14.1319809  -2.87081289 -0.2598699   1.85630417
 -0.94135636  0.14343888]"
1747093075.133223,"[ 0.          0.24236718  1.02110523 -2.39035965 -1.97996733  1.70888895
  0.7560685   1.53933574]","[ 0.00000000e+00 -1.86367264e-01 -4.23918346e-05  1.97711348e-01
  2.19319155e-01  4.85487742e-01 -2.46058807e-01 -1.85604623e-05]","[ 0.         -1.41756511 14.10168076 -2.8408916  -0.36138329  1.89821005
 -0.9293685   0.1040628 ]"
1747093075.1348965,"[ 0.          0.24198607  1.02110523 -2.38995512 -1.97951725  1.70983544
  0.75559093  1.53933574]","[ 0.00000000e+00 -1.86646746e-01 -4.23918346e-05  1.96901065e-01
  2.20129439e-01  4.79423025e-01 -2.40952662e-01 -1.85604623e-05]","[ 0.         -1.48316896 14.04183578 -2.82818651 -0.43288621  1.89026093
 -0.86788225  0.11296943]"
1747093075.1360817,"[ 0.          0.24180193  1.02110523 -2.38976017 -1.97929994  1.71030442
  0.75535691  1.53933574]","[ 0.00000000e+00 -1.86637359e-01 -4.24239132e-05  1.97711348e-01
  2.20176227e-01  4.75641669e-01 -2.37415685e-01 -1.85324169e-05]","[ 0.         -1.53487039 14.04738808 -2.84495974 -0.37869453  1.78858757
 -0.88935864  0.06692452]"
1747093075.1377919,"[ 0.          0.24143181  1.02110523 -2.38937588 -1.97884853  1.71127381
  0.75488413  1.53933481]","[ 0.00000000e+00 -1.88257942e-01 -4.23922572e-05  1.94003329e-01
  2.19967585e-01  4.71257873e-01 -2.29582862e-01 -2.64551545e-05]","[ 0.         -1.53184485 14.15256691 -2.90298271 -0.15524991  1.75438023
 -0.86600894  0.08334045]"
1747093075.138923,"[ 0.          0.24123116  1.02110523 -2.38917162 -1.97863015  1.71173521
  0.75465963  1.53933481]","[ 0.00000000e+00 -1.88828657e-01 -4.23918346e-05  1.92339403e-01
  2.21479928e-01  4.67334837e-01 -2.27692167e-01 -2.64748795e-05]","[ 0.         -1.54258919 14.17939186 -2.88963604 -0.1167974   1.79113567
 -0.80828536  0.10007294]"
1747093075.140671,"[ 0.          0.24082476  1.02110523 -2.38879558 -1.97817182  1.71264561
  0.75420396  1.53933481]","[ 0.00000000e+00 -1.91499109e-01 -4.23918346e-05  1.89608431e-01
  2.23434705e-01  4.60246101e-01 -2.21177776e-01 -2.64748795e-05]","[ 0.         -1.55084229 14.18174458 -2.8874867  -0.11335009  1.80958772
 -0.80832231  0.08718835]"
1747093075.142436,"[ 0.          0.24043584  1.02110523 -2.38860995 -1.97773     1.7135893
  0.75377586  1.53933481]","[ 0.00000000e+00 -1.89608431e-01 -4.50754075e-05  1.88257942e-01
  2.23910811e-01  4.60246101e-01 -2.14187294e-01 -2.64751417e-05]","[ 0.         -1.5650568  14.21336174 -2.8817699  -0.20281549  1.7761029
 -0.82519257  0.09216788]"
1747093075.1440783,"[ 0.          0.24024849  1.02110523 -2.38841155 -1.9775079   1.7140403
  0.75355515  1.53933481]","[ 0.00000000e+00 -1.89955957e-01 -4.50749605e-05  1.86822498e-01
  2.25261300e-01  4.57081534e-01 -2.07887054e-01 -2.64751417e-05]","[ 0.         -1.52871954 14.20784664 -2.85939884 -0.19985057  1.6436342
 -0.84790599  0.11993912]"
1747093075.1459286,"[ 0.          0.23987516  1.02110523 -2.38804749 -1.97704344  1.7149792
  0.75316226  1.53933481]","[ 0.00000000e+00 -1.89608431e-01 -4.50413255e-05  1.83936381e-01
  2.27196220e-01  4.58355424e-01 -1.96901065e-01 -2.64548924e-05]","[ 0.         -1.48839951 14.17940426 -2.80197883 -0.1893619   1.61207712
 -0.75121486  0.07807948]"
1747093075.1470141,"[ 0.          0.23967679  1.02110523 -2.38785282 -1.97681894  1.71543394
  0.75297391  1.53933481]","[ 0.00000000e+00 -1.86822498e-01 -4.50413255e-05  1.83311736e-01
  2.27692167e-01  4.61326479e-01 -1.90765441e-01 -2.64548924e-05]","[ 0.         -1.4677707  14.17417049 -2.77807403 -0.1910719   1.67958915
 -0.73476213  0.07290243]"
1747093075.1487496,"[ 0.          0.23930899  1.02110523 -2.3874845  -1.9763686   1.71636618
  0.75259528  1.53933481]","[ 0.00000000e+00 -1.86637359e-01 -4.50754075e-05  1.88257942e-01
  2.28502467e-01  4.53389360e-01 -1.82131074e-01 -2.64748795e-05]","[ 0.         -1.36756885 14.18987751 -2.77377129 -0.05756215  1.62315083
 -0.73906392  0.07781883]"
1747093075.1504412,"[ 0.          0.2389228   1.02110476 -2.38711486 -1.97589748  1.71725474
  0.75224807  1.53933387]","[ 0.00000000e+00 -1.88400488e-01 -5.03783961e-05  1.87717753e-01
  2.29852956e-01  4.50522601e-01 -1.72862391e-01 -3.70372172e-05]","[ 0.         -1.30445611 14.17249393 -2.77181554  0.02467043  1.59891915
 -0.71711826  0.07713506]"
1747093075.152108,"[ 0.          0.23873776  1.02110476 -2.38691885 -1.97567245  1.71769523
  0.75206824  1.53933387]","[ 0.00000000e+00 -1.87717753e-01 -5.03783961e-05  1.84565586e-01
  2.28232373e-01  4.46741212e-01 -1.69268705e-01 -3.70372172e-05]","[ 0.         -1.25086832 14.1795063  -2.78072691  0.0273621   1.66276824
 -0.70939332  0.07713506]"
1747093075.1539547,"[ 0.          0.23855132  1.02110476 -2.38655799 -1.97520826  1.71859791
  0.75174579  1.53933387]","[ 0.00000000e+00 -1.89068225e-01 -5.03403034e-05  1.82045703e-01
  2.25942387e-01  4.39718689e-01 -1.60167801e-01 -3.70648338e-05]","[ 0.         -1.22094119 14.10745049 -2.74013782 -0.13696934  1.57460248
 -0.64763606  0.05820881]"
1747093075.155014,"[ 0.          0.23836535  1.0211043  -2.38636544 -1.97498349  1.71902987
  0.7515926   1.53933387]","[ 0.00000000e+00 -1.88528036e-01 -5.82887721e-05  1.81305594e-01
  2.27731299e-01  4.38098122e-01 -1.55148691e-01 -3.70368514e-05]","[ 0.         -1.19881368 14.07780933 -2.71539974 -0.22105302  1.4717592
 -0.64787155  0.06827538]"
1747093075.1567333,"[ 0.          0.23797779  1.0211043  -2.3860187  -1.97453448  1.7199203
  0.75129199  1.53933387]","[ 0.00000000e+00 -1.89068225e-01 -5.82887721e-05  1.74036362e-01
  2.27692167e-01  4.33578671e-01 -1.44191864e-01 -3.70648338e-05]","[ 0.         -1.10264885 14.10199738 -2.70072436 -0.23344149  1.2904278
 -0.66486663  0.03541196]"
1747093075.1584687,"[ 0.          0.23777851  1.0211043  -2.38585252 -1.97429213  1.72034454
  0.75115218  1.53933387]","[ 0.00000000e+00 -1.87574808e-01 -5.82887721e-05  1.68540829e-01
  2.28199300e-01  4.30265266e-01 -1.41801177e-01 -3.70368514e-05]","[ 0.         -1.07018447 14.17335987 -2.72789097 -0.19644856  1.33622086
 -0.6874063   0.04050879]"
1747093075.159688,"[ 0.          0.23740886  1.02110476 -2.38551456 -1.973837    1.72117119
  0.75088486  1.53933387]","[ 0.00000000e+00 -1.87177547e-01 -5.30298904e-05  1.63949173e-01
  2.31473540e-01  4.16760409e-01 -1.32211758e-01 -3.70368514e-05]","[ 0.         -0.97547442 14.27861595 -2.72269154 -0.16453554  1.27067661
 -0.69740188  0.05913631]"
1747093075.1614418,"[ 0.          0.23704472  1.02110476 -2.38519285 -1.97336349  1.72201501
  0.75062134  1.53933387]","[ 0.00000000e+00 -1.83210370e-01 -5.03398035e-05  1.63679062e-01
  2.30957752e-01  4.11260283e-01 -1.27486012e-01 -3.70368514e-05]","[ 0.         -0.93063098 14.33389854 -2.70045209 -0.23171353  1.26697481
 -0.6905278   0.04517256]"
1747093075.1630647,"[ 0.          0.23685094  1.02110476 -2.385032   -1.97313765  1.72241555
  0.75049864  1.53933387]","[ 0.00000000e+00 -1.82559443e-01 -5.02647924e-05  1.62973591e-01
  2.28810595e-01  4.05815017e-01 -1.24514940e-01 -3.70372172e-05]","[ 0.         -0.86983776 14.3268137  -2.67892098 -0.290335    1.15630102
 -0.67032814  0.04568354]"
1747093075.1648495,"[ 0.          0.23649232  1.02110476 -2.38469537 -1.9726905   1.72320424
  0.75025602  1.53933281]","[ 0.00000000e+00 -1.80695214e-01 -5.02647924e-05  1.63408968e-01
  2.26611789e-01  3.98663863e-01 -1.16356562e-01 -4.76547840e-05]","[ 0.         -0.7871201  14.36502075 -2.69780874 -0.43985781  1.1201601
 -0.62879246  0.05515373]"
1747093075.1660469,"[ 0.          0.23630222  1.02110476 -2.38453345 -1.97245082  1.72362462
  0.7501457   1.53933281]","[ 0.00000000e+00 -1.79048681e-01 -5.02642966e-05  1.64219268e-01
  2.25691617e-01  3.95712615e-01 -1.11820358e-01 -4.76188043e-05]","[ 0.         -0.77761823 14.41148853 -2.71632957 -0.46066827  1.14755929
 -0.62796897  0.03274522]"
1747093075.1688406,"[ 0.          0.23595414  1.02110476 -2.3841971  -1.972009    1.72440187
  0.7499421   1.53933281]","[ 0.00000000e+00 -1.76103558e-01 -5.03022715e-05  1.64504110e-01
  2.23910811e-01  3.91641341e-01 -1.00476258e-01 -4.76188043e-05]","[ 0.         -0.72057414 14.46100712 -2.7231648  -0.46703464  1.25383115
 -0.61059195  0.02378028]"
1747093075.1704047,"[ 0.          0.23542332  1.02110476 -2.38371267 -1.97132883  1.72554729
  0.74965388  1.53933281]","[ 0.00000000e+00 -1.73132485e-01 -4.49737631e-05  1.62973591e-01
  2.24180906e-01  3.70573739e-01 -9.15630403e-02 -4.76188043e-05]","[ 0.         -0.5804354  14.48278618 -2.81346917 -0.41759023  1.18512905
 -0.59000331  0.03128138]"
1747093075.1721618,"[ 0.          0.23525388  1.02110476 -2.38354196 -1.97110939  1.72590868
  0.74956919  1.53933281]","[ 0.00000000e+00 -1.71781996e-01 -4.49733161e-05  1.60742578e-01
  2.22560322e-01  3.66522272e-01 -8.58039710e-02 -4.76192757e-05]","[ 0.         -0.60756606 14.51861763 -2.83739853 -0.44470841  1.2677803
 -0.58198094  0.0472705 ]"
1747093075.1733222,"[ 0.          0.23492188  1.02110476 -2.38323143 -1.97065771  1.72664505
  0.74940934  1.53933281]","[ 0.00000000e+00 -1.67730529e-01 -4.49733161e-05  1.56656540e-01
  2.20425482e-01  3.56592743e-01 -7.53571974e-02 -4.76188043e-05]","[ 0.         -0.58139473 14.48682785 -2.86097312 -0.53980547  1.22603679
 -0.52289617  0.02656771]"
1747093075.1750424,"[ 0.          0.2347451   1.02110476 -2.38307777 -1.97044226  1.72699325
  0.74934089  1.53933281]","[ 0.00000000e+00 -1.66510252e-01 -4.49737631e-05  1.55846240e-01
  2.18287463e-01  3.52929531e-01 -6.94150525e-02 -4.76188043e-05]","[ 0.         -0.58470154 14.4560585  -2.86628413 -0.55651778  1.17440093
 -0.51013529  0.02623435]"
1747093075.1768315,"[ 0.          0.23442321  1.02110476 -2.38276325 -1.97001563  1.72767622
  0.74921532  1.53933188]","[ 0.00000000e+00 -1.61518290e-01 -4.49737631e-05  1.52450459e-01
  2.15537783e-01  3.44374293e-01 -5.91813566e-02 -5.82453112e-05]","[ 0.         -0.54145354 14.41919041 -2.92394066 -0.50653815  1.22142959
 -0.48370615  0.03321987]"
1747093075.1779714,"[ 0.          0.23425193  1.02110476 -2.38261358 -1.96978686  1.72801018
  0.7491592   1.53933188]","[ 0.00000000e+00 -1.61244118e-01 -4.49733161e-05  1.51794789e-01
  2.15410101e-01  3.38702226e-01 -5.69905654e-02 -5.82007654e-05]","[ 0.         -0.55835003 14.43497372 -2.91688848 -0.42321196  1.22784293
 -0.49897096  0.03109854]"
1747093075.179752,"[ 0.          0.23393693  1.02110476 -2.38230492 -1.96935729  1.72869035
  0.74904788  1.53933188]","[ 0.00000000e+00 -1.59357518e-01 -4.23278279e-05  1.50461078e-01
  2.18017635e-01  3.28978725e-01 -5.59669420e-02 -5.82007654e-05]","[ 0.         -0.4947972  14.47859859 -2.92114305 -0.27072719  1.17225277
 -0.51249433  0.03209382]"
1747093075.1814346,"[ 0.          0.2337808   1.02110476 -2.38215791 -1.96914238  1.72900621
  0.74898889  1.53933188]","[ 0.00000000e+00 -1.58277123e-01 -4.23282464e-05  1.49093811e-01
  2.17968666e-01  3.20011029e-01 -5.56182260e-02 -5.82447383e-05]","[ 0.         -0.49002996 14.47416973 -2.9606123  -0.19391176  1.10140204
 -0.49617344  0.02233358]"
1747093075.1826284,"[ 0.          0.23345983  1.02110476 -2.38186497 -1.96869683  1.72963697
  0.74888043  1.53933188]","[ 0.00000000e+00 -1.56981062e-01 -3.70368514e-05  1.47863447e-01
  2.17165490e-01  3.01925236e-01 -5.50998833e-02 -5.82013384e-05]","[ 0.         -0.46697918 14.46559429 -3.00928974 -0.11311321  1.0545541
 -0.50689429  0.01722069]"
1747093075.184404,"[ 0.          0.23330416  1.02110476 -2.38172089 -1.96848378  1.72992806
  0.74882624  1.53933188]","[ 0.00000000e+00 -1.57736934e-01 -3.70368514e-05  1.46122739e-01
  2.16077989e-01  2.95216533e-01 -5.50998833e-02 -5.82007654e-05]","[ 0.00000000e+00 -4.92846340e-01  1.44676943e+01 -2.99402785e+00
 -1.33307397e-01  1.10325551e+00 -5.05832493e-01  1.28533896e-02]"
1747093075.1855114,"[ 0.          0.23299376  1.02110476 -2.38142954 -1.9680622   1.73051502
  0.74871019  1.53933188]","[ 0.00000000e+00 -1.56926634e-01 -3.70368514e-05  1.40720783e-01
  2.12296616e-01  2.83869903e-01 -5.59669420e-02 -5.82007654e-05]","[ 0.         -0.46436611 14.44266415 -2.98835659 -0.20986824  1.08150077
 -0.50528723  0.01874954]"
1747093075.1872194,"[ 0.          0.23283027  1.02110476 -2.38129425 -1.96783902  1.73079079
  0.74865307  1.53933188]","[ 0.00000000e+00 -1.53971840e-01 -3.70368514e-05  1.37209521e-01
  2.10143966e-01  2.79820999e-01 -5.77422967e-02 -5.82007654e-05]","[ 0.         -0.45734823 14.43435097 -3.0006876  -0.20633397  1.05188155
 -0.50032604  0.03075893]"
1747093075.1889503,"[ 0.          0.23253226  1.02110476 -2.38101835 -1.96742996  1.73133314
  0.74853229  1.53933188]","[ 0.00000000e+00 -1.49904095e-01 -3.70372172e-05  1.33910356e-01
  2.07164771e-01  2.73878837e-01 -5.99336622e-02 -5.82013384e-05]","[ 0.         -0.46575582 14.43894482 -3.03896141 -0.12920506  1.05103779
 -0.46259525  0.02084774]"
1747093075.1901135,"[ 0.          0.23238486  1.02110476 -2.38088918 -1.96719161  1.73162423
  0.74846851  1.53933095]","[ 0.00000000e+00 -1.49634000e-01 -3.17458709e-05  1.30997274e-01
  2.09448964e-01  2.74089926e-01 -6.48233924e-02 -6.60879907e-05]","[ 0.         -0.48337671 14.41310978 -3.02856112 -0.11701932  1.0363822
 -0.44652367  0.02860407]"
1747093075.1918344,"[ 0.          0.23208364  1.02110476 -2.38063698 -1.96676044  1.73217696
  0.74832962  1.53933095]","[ 0.00000000e+00 -1.45852644e-01 -3.17458709e-05  1.26405618e-01
  2.10946127e-01  2.83602355e-01 -7.23127798e-02 -6.61372301e-05]","[ 0.         -0.46980396 14.42327499 -3.0422821  -0.14239459  1.05939782
 -0.43319958  0.02964209]"
1747093075.1930192,"[ 0.          0.23194267  1.02110476 -2.38050569 -1.96655245  1.73246232
  0.74824593  1.53933095]","[ 0.00000000e+00 -1.42881572e-01 -3.17458709e-05  1.23628848e-01
  2.10946127e-01  2.89251119e-01 -7.87412928e-02 -6.61372301e-05]","[ 0.         -0.48005423 14.38763142 -3.07737541 -0.18843298  1.09253919
 -0.43226504  0.03441202]"
1747093075.1946948,"[ 0.          0.23165888  1.02110476 -2.38026707 -1.96611995  1.73307299
  0.74807469  1.53933095]","[ 0.00000000e+00 -1.37792904e-01 -3.17461838e-05  1.20071597e-01
  2.11700001e-01  3.00922156e-01 -8.96723623e-02 -6.61372301e-05]","[ 0.00000000e+00 -5.28416753e-01  1.43639698e+01 -3.09342909e+00
 -2.75285929e-01  1.09755933e+00 -4.26393270e-01  2.69248546e-03]"
1747093075.1964185,"[ 0.          0.23152204  1.02110476 -2.38014989 -1.96591196  1.73336979
  0.74798335  1.53933095]","[ 0.00000000e+00 -1.38830105e-01 -2.64548924e-05  1.18842890e-01
  2.10946127e-01  3.00888600e-01 -9.26434348e-02 -6.61378843e-05]","[ 0.         -0.54922163 14.34104347 -3.09557438 -0.3040792   1.07157922
 -0.40145054 -0.01505218]"
1747093075.1975367,"[ 0.          0.23124975  1.0211043  -2.37990701 -1.96549731  1.73396341
  0.74777502  1.53933095]","[ 0.00000000e+00 -1.38830105e-01 -2.64748795e-05  1.19653181e-01
  2.09865733e-01  3.00888600e-01 -1.05067922e-01 -6.61372301e-05]","[ 0.00000000e+00 -6.02551281e-01  1.42909946e+01 -3.11062717e+00
 -3.11290324e-01  1.06257665e+00 -3.45061332e-01  6.73516234e-03]"
1747093075.1997812,"[ 0.          0.23110373  1.0211043  -2.3797885  -1.9652744   1.73426115
  0.74766563  1.53933095]","[ 0.00000000e+00 -1.37421118e-01 -2.11639139e-05  1.20193379e-01
  2.09893196e-01  3.01663014e-01 -1.11010067e-01 -6.61372301e-05]","[ 0.00000000e+00 -6.04950488e-01  1.42553549e+01 -3.15935040e+00
 -2.87974834e-01  1.05278420e+00 -3.50845307e-01 -5.50649595e-03]"
1747093075.2009966,"[ 0.          0.2308328   1.0211043  -2.37953417 -1.96485948  1.73489099
  0.74742302  1.53933095]","[ 0.00000000e+00 -1.37749710e-01 -2.11639139e-05  1.24264145e-01
  2.10946127e-01  3.08721423e-01 -1.20870396e-01 -6.61372301e-05]","[ 0.00000000e+00 -6.94922626e-01  1.41701517e+01 -3.19780183e+00
 -1.87869400e-01  1.06551862e+00 -3.57820988e-01 -1.32804625e-02]"
1747093075.2026842,"[ 0.          0.23054949  1.02110383 -2.37928676 -1.96444056  1.73553787
  0.74718047  1.53933001]","[ 0.00000000e+00 -1.38674959e-01 -2.64551545e-05  1.26135523e-01
  2.12836805e-01  3.17974410e-01 -1.21543868e-01 -6.61372301e-05]","[ 0.00000000e+00 -7.67184317e-01  1.40945673e+01 -3.29114342e+00
 -1.78343967e-01  1.03311753e+00 -3.10484618e-01  3.47157312e-03]"
1747093075.205589,"[ 0.          0.23027488  1.02110337 -2.37903269 -1.96400301  1.73616665
  0.74693499  1.53933001]","[ 0.00000000e+00 -1.39370294e-01 -3.17458709e-05  1.23127317e-01
  2.14187294e-01  3.18931750e-01 -1.20870396e-01 -6.61372301e-05]","[ 0.         -0.84043837 13.98150826 -3.35826015 -0.32909414  0.97908419
 -0.28465819  0.01827226]"
1747093075.2071612,"[ 0.          0.22998973  1.0211029  -2.37878848 -1.9635793   1.73682112
  0.74669624  1.53933001]","[ 0.00000000e+00 -1.38925729e-01 -3.70372172e-05  1.22894348e-01
  2.14779747e-01  3.21182720e-01 -1.20463473e-01 -6.61378843e-05]","[ 0.00000000e+00 -9.04297888e-01  1.39121447e+01 -3.40722513e+00
 -3.94318014e-01  9.07500625e-01 -2.81117678e-01  1.79923407e-03]"
1747093075.2088745,"[ 0.          0.22971514  1.02110243 -2.37853442 -1.96314068  1.73746134
  0.7464489   1.53933001]","[ 0.00000000e+00 -1.39640388e-01 -4.23282464e-05  1.23628848e-01
  2.14187294e-01  3.25197369e-01 -1.20118094e-01 -6.61372301e-05]","[ 0.00000000e+00 -9.39107299e-01  1.38475847e+01 -3.49541688e+00
 -3.77513528e-01  8.05435717e-01 -2.11706042e-01 -8.48130381e-04]"
1747093075.2105727,"[ 0.          0.2294433   1.02110243 -2.3782966  -1.96271856  1.73811501
  0.74621581  1.53933001]","[ 0.00000000e+00 -1.37479616e-01 -3.70368514e-05  1.19112984e-01
  2.14134380e-01  3.15921546e-01 -1.17762503e-01 -6.61372301e-05]","[ 0.         -0.94474477 13.81364059 -3.56929064 -0.3698054   0.78431505
 -0.16157609  0.02298913]"
1747093075.2123017,"[ 0.          0.22929774  1.02110243 -2.37817356 -1.96271856  1.73842128
  0.7460969   1.53933001]","[ 0.00000000e+00 -1.37041310e-01 -3.70368514e-05  1.15855031e-01
  2.14134380e-01  3.10927453e-01 -1.20463473e-01 -6.61372301e-05]","[ 0.         -0.98535091 13.77929211 -3.57602048 -0.3698054   0.7725184
 -0.19161686  0.02802016]"
1747093075.21398,"[ 0.          0.22902634  1.0211015  -2.37795811 -1.96228287  1.73901969
  0.74584769  1.53933001]","[ 0.00000000e+00 -1.38830105e-01 -4.50077435e-05  1.06688505e-01
  2.12026522e-01  3.01968978e-01 -1.21873475e-01 -6.61378843e-05]","[ 0.         -0.99844259 13.72720432 -3.58206153 -0.41432601  0.83857447
 -0.17153196  0.01688213]"
1747093075.2151663,"[ 0.          0.22887666  1.0211015  -2.37785638 -1.96207435  1.73933927
  0.74572685  1.53933001]","[ 0.00000000e+00 -1.40931872e-01 -4.49737631e-05  1.03281989e-01
  2.11486316e-01  3.00922156e-01 -1.22624254e-01 -6.61372301e-05]","[ 0.         -0.99977249 13.68364334 -3.56397104 -0.51096278  0.83507591
 -0.14140691  0.01866099]"
1747093075.216912,"[ 0.          0.22859333  1.0211011  -2.37765318 -1.96164052  1.73992716
  0.74549382  1.53933001]","[ 0.00000000e+00 -1.44232044e-01 -5.02642966e-05  9.72981660e-02
  2.12150109e-01  2.98997889e-01 -1.16800570e-01 -6.61372301e-05]","[ 0.         -0.95315695 13.65297318 -3.53444242 -0.58407837  0.81564432
 -0.12668116  0.02134009]"
1747093075.218586,"[ 0.          0.22845145  1.0211011  -2.3775605  -1.96143146  1.74021918
  0.74537105  1.53933001]","[ 0.00000000e+00 -1.43961950e-01 -5.03022715e-05  9.39939238e-02
  2.12026522e-01  2.96026833e-01 -1.15495504e-01 -6.61372301e-05]","[ 0.         -0.93258053 13.63913822 -3.54026985 -0.58596337  0.73318368
 -0.14612174  0.03037295]"
1747093075.219772,"[ 0.          0.22815434  1.02110064 -2.37736955 -1.96101281  1.74082811
  0.74515607  1.53933001]","[ 0.00000000e+00 -1.45559414e-01 -5.29103091e-05  9.20320229e-02
  2.12296616e-01  2.98187623e-01 -1.08038994e-01 -6.61372301e-05]","[ 0.         -0.89233357 13.65210152 -3.50295925 -0.58643126  0.73358148
 -0.17693731  0.03237424]"
1747093075.221518,"[ 0.          0.22786046  1.02110064 -2.37719005 -1.96057419  1.7414208
  0.74496299  1.53933001]","[ 0.00000000e+00 -1.49904095e-01 -5.29103091e-05  9.07527485e-02
  2.15267688e-01  3.01968978e-01 -9.05274118e-02 -6.61372301e-05]","[ 0.         -0.81806612 13.67333508 -3.45186901 -0.57855052  0.75327402
 -0.19047154  0.01817027]"
1747093075.223231,"[ 0.          0.22771352  1.02110064 -2.37710137 -1.96036167  1.74173944
  0.74488403  1.53933001]","[ 0.00000000e+00 -1.49093811e-01 -5.29097849e-05  8.99424568e-02
  2.15537783e-01  2.99919077e-01 -7.98678516e-02 -5.82007654e-05]","[ 0.         -0.77307892 13.69261742 -3.40983582 -0.59138983  0.84992105
 -0.20632169  0.03052669]"
1747093075.2249618,"[ 0.          0.22741275  1.02110064 -2.37692054 -1.95992171  1.74233399
  0.7447518   1.53932908]","[ 0.00000000e+00 -1.45852644e-01 -5.29097849e-05  8.72674280e-02
  2.14156268e-01  2.98964799e-01 -6.26626158e-02 -6.61372301e-05]","[ 0.         -0.68550318 13.72261238 -3.33401465 -0.62971991  0.84044141
 -0.1887641   0.05567092]"
1747093075.226672,"[ 0.          0.22713219  1.02110017 -2.3767501  -1.95949934  1.74293906
  0.7446538   1.53932908]","[ 0.00000000e+00 -1.41531083e-01 -5.82013384e-05  8.61610926e-02
  2.14727500e-01  2.95656022e-01 -4.34856922e-02 -6.61378843e-05]","[ 0.         -0.60145074 13.71223831 -3.25596428 -0.694444    0.86077303
 -0.20409288  0.056838  ]"
1747093075.2284112,"[ 0.          0.22684796  1.02110017 -2.37657513 -1.95905885  1.74351551
  0.74459194  1.53932908]","[ 0.00000000e+00 -1.37749710e-01 -5.82007654e-05  8.47597373e-02
  2.15807877e-01  2.92245478e-01 -2.80901368e-02 -6.61372301e-05]","[ 0.         -0.54090309 13.76355076 -3.19901657 -0.6945892   0.90401399
 -0.21986961  0.04653797]"
1747093075.2300987,"[ 0.          0.22671387  1.02110017 -2.37649284 -1.95884819  1.74380086
  0.74457104  1.53932908]","[ 0.00000000e+00 -1.36129127e-01 -5.55972507e-05  8.34601230e-02
  2.13647105e-01  2.89544500e-01 -1.95599403e-02 -6.61372301e-05]","[ 0.         -0.51455504 13.78711605 -3.17067599 -0.69748807  0.90503711
 -0.23133141  0.08730636]"
1747093075.2326999,"[ 0.          0.22644294  1.0210997  -2.37632799 -1.9584101   1.74439834
  0.74454627  1.53932908]","[ 0.00000000e+00 -1.31807566e-01 -5.82007654e-05  8.41850271e-02
  2.13905498e-01  2.91139900e-01 -9.72350907e-03 -6.61378843e-05]","[ 0.         -0.47717458 13.81545734 -3.13080812 -0.7169866   0.91137433
 -0.23644604  0.08585513]"
1747093075.2342844,"[ 0.          0.22618535  1.0210997  -2.37615808 -1.95798986  1.74496626
  0.74454248  1.53932908]","[ 0.00000000e+00 -1.29916888e-01 -5.55552731e-05  8.26498312e-02
  2.12296616e-01  2.87383711e-01  0.00000000e+00 -6.61372301e-05]","[ 0.         -0.46540657 13.84348869 -3.07921743 -0.9299072   0.91569322
 -0.24037053  0.05871952]"
1747093075.236007,"[ 0.          0.22592131  1.0210997  -2.37599616 -1.95757707  1.74554936
  0.74454627  1.53932908]","[ 0.00000000e+00 -1.28894991e-01 -5.55552731e-05  8.12993422e-02
  2.08245149e-01  2.84604968e-01  1.22847629e-03 -6.61372301e-05]","[ 0.         -0.46812457 13.89094543 -3.08929849 -1.11204457  0.85115045
 -0.22522998  0.06594481]"
1747093075.237146,"[ 0.          0.22579457  1.0210997  -2.37591573 -1.95735895  1.74583006
  0.7445482   1.53932908]","[ 0.00000000e+00 -1.28436137e-01 -5.55552731e-05  8.15694367e-02
  2.05379371e-01  2.84682733e-01  1.45708890e-03 -6.62372408e-05]","[ 0.         -0.49196985 13.91963959 -3.08783722 -1.1890012   0.84860414
 -0.18676393  0.06723995]"
1747093075.2389371,"[ 0.          0.2255388   1.0210997  -2.37575727 -1.95695708  1.74639798
  0.74454727  1.53932908]","[ 0.00000000e+00 -1.29916888e-01 -5.55552731e-05  7.58204875e-02
  2.02907508e-01  2.88464088e-01  9.43082818e-04 -5.83328791e-05]","[ 0.         -0.4764792  14.00140667 -3.12185144 -1.18483078  0.76614606
 -0.16167746  0.07933734]"
1747093075.240661,"[ 0.          0.22526926  1.0210997  -2.37561533 -1.95654163  1.74697828
  0.74454341  1.53932908]","[ 0.00000000e+00 -1.32347763e-01 -5.55552731e-05  7.13057304e-02
  2.02871689e-01  2.81711677e-01 -5.85193174e-04 -5.82881910e-05]","[ 0.         -0.50686187 14.00852966 -3.14092875 -1.20337641  0.72835207
 -0.14833224  0.08587769]"
1747093075.241775,"[ 0.          0.22513884  1.02109924 -2.37554289 -1.95634242  1.74724939
  0.74454248  1.53932908]","[ 0.00000000e+00 -1.32347763e-01 -5.82447383e-05  6.82090192e-02
  2.02032910e-01  2.74959232e-01 -6.14440613e-04 -5.82887721e-05]","[ 0.         -0.51388466 13.99768066 -3.13647032 -1.21868014  0.76598847
 -0.1580386   0.0984086 ]"
1747093075.2434921,"[ 0.          0.22487023  1.02109877 -2.37541532 -1.95594242  1.74779454
  0.74454154  1.53932908]","[ 0.00000000e+00 -1.30777996e-01 -6.34917418e-05  6.31387724e-02
  2.02573099e-01  2.63615131e-01 -5.96155957e-04 -5.82887721e-05]","[ 0.         -0.55192548 13.92085552 -3.15512681 -1.28024852  0.75082964
 -0.17375675  0.0900148 ]"
1747093075.2458606,"[ 0.          0.22461215  1.02109831 -2.37529069 -1.9555283   1.74830627
  0.74454341  1.53932908]","[ 0.00000000e+00 -1.31674025e-01 -6.88353671e-05  6.04405325e-02
  2.00479088e-01  2.56428907e-01 -5.31039133e-04 -5.82887721e-05]","[ 0.         -0.57760924 13.87344933 -3.1664536  -1.36051667  0.74371183
 -0.14057095  0.08407827]"
1747093075.247513,"[ 0.          0.22433802  1.02109784 -2.37517058 -1.95513654  1.74885807
  0.74454341  1.53932908]","[ 0.00000000e+00 -1.33659586e-01 -7.40737029e-05  6.07719338e-02
  1.97441254e-01  2.49205182e-01 -4.78698850e-04 -5.82887721e-05]","[ 0.         -0.61318696 13.81238365 -3.22951722 -1.42608023  0.71650523
 -0.1358408   0.11012191]"
1747093075.2493076,"[ 0.          0.22420715  1.02109784 -2.37510719 -1.9549432   1.74906167
  0.74454341  1.53932908]","[ 0.00000000e+00 -1.32617857e-01 -7.40737029e-05  5.96828923e-02
  1.96090765e-01  2.43671250e-01 -3.72321299e-04 -5.82887721e-05]","[ 0.         -0.63535315 13.82861042 -3.26540232 -1.42136419  0.70180655
 -0.12809508  0.10395724]"
1747093075.2510579,"[ 0.          0.22393899  1.02109784 -2.37499268 -1.95454958  1.74953159
  0.74454341  1.53932908]","[ 0.00000000e+00 -1.30148832e-01 -7.40744343e-05  5.77422967e-02
  1.90765441e-01  2.38225968e-01  0.00000000e+00 -4.76908124e-05]","[ 0.         -0.62554562 13.82126713 -3.32410574 -1.36010027  0.72461462
 -0.1229846   0.10847514]"
1747093075.25287,"[ 0.          0.22367908  1.02109737 -2.37487657 -1.95417861  1.75004811
  0.74454341  1.53932908]","[ 0.00000000e+00 -1.32347763e-01 -7.40744343e-05  5.71752099e-02
  1.88257942e-01  2.35764109e-01  0.00000000e+00 -4.76908124e-05]","[ 0.         -0.70152831 13.80131721 -3.37932205 -1.35855532  0.69838345
 -0.10598608  0.11102027]"
1747093075.2546704,"[ 0.          0.22354867  1.02109737 -2.37482091 -1.95397993  1.75051243
  0.74454441  1.53932908]","[ 0.00000000e+00 -1.32347763e-01 -7.41296676e-05  5.64503723e-02
  1.87073268e-01  2.35525007e-01  7.54917744e-05 -4.76908124e-05]","[ 0.         -0.69202256 13.80173874 -3.39807606 -1.37781405  0.6580525
 -0.10223494  0.10905615]"
1747093075.2558994,"[ 0.          0.223275    1.02109691 -2.37470985 -1.95361109  1.7507597
  0.74454441  1.53932908]","[ 0.00000000e+00 -1.33032786e-01 -7.40737029e-05  5.59101792e-02
  1.86367264e-01  2.32713125e-01  7.05613341e-05 -4.76908124e-05]","[ 0.         -0.69575918 13.78662014 -3.46298862 -1.43020225  0.69583815
 -0.09490193  0.09911688]"
1747093075.2576094,"[ 0.          0.22301279  1.02109651 -2.37459613 -1.95323318  1.75121537
  0.74454534  1.53932908]","[ 0.00000000e+00 -1.32617857e-01 -7.67199429e-05  5.56182260e-02
  1.83640370e-01  2.27461471e-01  1.83012255e-04 -4.77273772e-05]","[ 0.         -0.73356026 13.74674034 -3.52022314 -1.51483572  0.6688087
 -0.07511464  0.10220639]"
1747093075.2593849,"[ 0.          0.22288055  1.02109651 -2.37453994 -1.95305315  1.75143708
  0.74454534  1.53932908]","[ 0.00000000e+00 -1.34238449e-01 -7.67191870e-05  5.69905654e-02
  1.82585892e-01  2.24721095e-01  1.72393176e-04 -4.77269018e-05]","[ 0.         -0.7613982  13.74979305 -3.5530901  -1.52436292  0.58480543
 -0.08412553  0.10097403]"
1747093075.2610786,"[ 0.          0.22260734  1.02109604 -2.37442276 -1.95269949  1.75188036
  0.74454534  1.53932908]","[ 0.00000000e+00 -1.33784388e-01 -8.73011481e-05  6.02317365e-02
  1.79074630e-01  2.14187294e-01  2.06503761e-04 -4.76908124e-05]","[ 0.         -0.81329018 13.74545765 -3.64755893 -1.52262533  0.55980796
 -0.06254949  0.09800475]"
1747093075.2628517,"[ 0.          0.22234514  1.02109558 -2.37430026 -1.95234102  1.75228849
  0.74454627  1.53932908]","[ 0.00000000e+00 -1.32483492e-01 -8.99475262e-05  5.96915434e-02
  1.74036362e-01  2.05335929e-01  2.51756206e-04 -4.77269018e-05]","[ 0.         -0.85110724 13.73584461 -3.76466227 -1.50904369  0.53758109
 -0.03580133  0.14254782]"
1747093075.264592,"[ 0.          0.22207513  1.02109558 -2.37417855 -1.95200893  1.75269849
  0.74454727  1.53932908]","[ 0.00000000e+00 -1.31267377e-01 -8.99466322e-05  5.91813566e-02
  1.66650135e-01  1.98791743e-01  1.95031947e-04 -3.70932266e-05]","[ 0.00000000e+00 -9.01705861e-01  1.37305498e+01 -3.85547853e+00
 -1.59231114e+00  5.10577917e-01 -1.00519992e-02  1.52671561e-01]"
1747093075.2663229,"[ 0.          0.22181569  1.02109511 -2.37406004 -1.95167284  1.75289343
  0.7445482   1.53932908]","[ 0.00000000e+00 -1.30997274e-01 -9.53825757e-05  6.02317365e-02
  1.63501030e-01  1.97711348e-01  2.39349425e-04 -3.71205547e-05]","[ 0.         -0.93350434 13.77107048 -3.895684   -1.6556567   0.54506779
  0.02365831  0.12434839]"
1747093075.267939,"[ 0.          0.22168804  1.02109511 -2.37400278 -1.95151118  1.7530885
  0.7445482   1.53932908]","[ 0.00000000e+00 -1.29245605e-01 -9.53816248e-05  5.80709558e-02
  1.63949173e-01  1.97711348e-01  2.28118863e-04 -3.71209245e-05]","[ 0.         -0.94487643 13.78281593 -3.93525028 -1.68469799  0.48396161
  0.03963907  0.12064481]"
1747093075.2708716,"[ 0.          0.22142492  1.02109511 -2.37389333 -1.95117882  1.75348904
  0.74454913  1.53932908]","[ 0.00000000e+00 -1.28026201e-01 -9.54538036e-05  5.16097067e-02
  1.62149110e-01  1.93593252e-01  2.65411294e-04 -3.71212943e-05]","[ 0.         -0.99197716 13.85145092 -3.99902248 -1.70506918  0.42074877
  0.06746545  0.13335505]"
1747093075.273078,"[ 0.          0.2210291   1.02109511 -2.37375617 -1.95071037  1.75406269
  0.74454913  1.53932908]","[ 0.00000000e+00 -1.31904213e-01 -9.53816248e-05  4.42959881e-02
  1.57466823e-01  1.87177547e-01  2.53228779e-04 -3.71209245e-05]","[ 0.         -1.08274627 14.00343609 -4.09667206 -1.63712537  0.4407829
  0.06903509  0.11476913]"
1747093075.2746942,"[ 0.          0.22076552  1.02109511 -2.37367628 -1.95039132  1.75442515
  0.74455007  1.53932908]","[ 0.00000000e+00 -1.34372256e-01 -9.54538036e-05  3.67332556e-02
  1.55576145e-01  1.82585892e-01  2.65149464e-04 -3.71209245e-05]","[ 0.         -1.12640071 14.05513    -4.12151384 -1.64651406  0.45319378
  0.06613162  0.12092493]"
1747093075.2764785,"[ 0.          0.2204914   1.02109511 -2.37361609 -1.95009145  1.75479319
  0.744552    1.53932908]","[ 0.00000000e+00 -1.34411896e-01 -9.53825757e-05  2.78200403e-02
  1.50291868e-01  1.78264330e-01  3.26567886e-04 -2.64948971e-05]","[ 0.         -1.13480985 14.0869112  -4.09944344 -1.71298063  0.43778607
  0.10112911  0.11821885]"
1747093075.2783213,"[ 0.          0.22022     1.02109511 -2.37357534 -1.94979211  1.75514047
  0.74455293  1.53932908]","[ 0.00000000e+00 -1.38830105e-01 -9.54538036e-05  1.75563360e-02
  1.44232044e-01  1.73672674e-01  3.41576872e-04 -2.65149452e-05]","[ 0.         -1.15266371 14.10963249 -4.07109118 -1.783831    0.42807925
  0.113709    0.11988146]"
1747093075.2800179,"[ 0.          0.22008087  1.02109511 -2.37356283 -1.9496523   1.75532223
  0.74455293  1.53932908]","[ 0.00000000e+00 -1.40848032e-01 -9.53816248e-05  1.26945815e-02
  1.41801177e-01  1.71024094e-01  3.41564714e-04 -2.65149452e-05]","[ 0.         -1.12043869 14.13523865 -4.05353498 -1.79324615  0.37953416
  0.10323207  0.12334611]"
1747093075.2817714,"[ 0.          0.21978837  1.02109511 -2.37355031 -1.9493708   1.75563995
  0.74455293  1.53932908]","[ 0.00000000e+00 -1.43054095e-01 -9.54538036e-05  4.00852089e-03
  1.36540244e-01  1.57037455e-01  3.40654486e-04 -2.65149452e-05]","[ 0.         -1.04103899 14.17346287 -4.00968981 -1.75851536  0.3547931
  0.09338087  0.11014543]"
1747093075.2840993,"[ 0.          0.21950872  1.02109511 -2.37355324 -1.94910821  1.75593383
  0.74455293  1.53932908]","[ 0.00000000e+00 -1.40990877e-01 -9.53825757e-05 -1.48553609e-03
  1.32347763e-01  1.38925729e-01  2.93319854e-04 -2.65152094e-05]","[ 0.         -0.94535297 14.23562908 -3.94108033 -1.68442607  0.35624462
  0.07830451  0.10092993]"
1747093075.285325,"[ 0.          0.21921897  1.02109511 -2.3735615  -1.9488419   1.75619069
  0.74455293  1.53932908]","[ 0.00000000e+00 -1.41433411e-01 -9.54538036e-05 -2.78240725e-03
  1.29396523e-01  1.27486012e-01  2.92544572e-04 -2.65149452e-05]","[ 0.         -0.84876937 14.27011013 -3.85980606 -1.6863488   0.39062083
  0.04805526  0.10782758]"
1747093075.287042,"[ 0.          0.21908075  1.02109511 -2.37356336 -1.94871753  1.7563096
  0.74455293  1.53932908]","[ 0.00000000e+00 -1.40180594e-01 -9.54538036e-05 -2.60676969e-03
  1.26135523e-01  1.20463473e-01  2.82966945e-04 -2.65149452e-05]","[ 0.         -0.84510314 14.23926258 -3.78595519 -1.69818342  0.40723124
  0.04823877  0.11523543]"
1747093075.2888336,"[ 0.          0.21880755  1.02109511 -2.3735623  -1.94847278  1.75653317
  0.74455393  1.53932908]","[ 0.00000000e+00 -1.37479616e-01 -9.53816248e-05 -1.99970381e-03
  1.22769837e-01  1.06040758e-01  2.73328688e-04 -2.64946330e-05]","[ 0.         -0.72018462 14.21735954 -3.70653963 -1.72572637  0.37704608
  0.07898063  0.11170954]"
1747093075.2911253,"[ 0.          0.21852743  1.02109511 -2.37355777 -1.94822697  1.75673104
  0.74455486  1.53932908]","[ 0.00000000e+00 -1.36399221e-01 -9.54538036e-05 -8.77627637e-05
  1.19923276e-01  9.92951623e-02  2.98068713e-04 -1.85604623e-05]","[ 0.         -0.65080732 14.17677593 -3.64872003 -1.76133919  0.38646832
  0.07298998  0.12378471]"
1747093075.292818,"[ 0.          0.21826065  1.02109511 -2.37355644 -1.94798702  1.75692798
  0.74455672  1.53932908]","[ 0.00000000e+00 -1.34372256e-01 -9.53816248e-05  7.25033123e-04
  1.15855031e-01  9.45341127e-02  3.45437318e-04 -1.85604623e-05]","[ 0.         -0.61702895 14.16635609 -3.64688468 -1.73540843  0.42772242
  0.0995988   0.1341247 ]"
1747093075.2944708,"[ 0.          0.21798651  1.02109511 -2.3735583  -1.94776332  1.75711068
  0.74455772  1.53932908]","[ 0.00000000e+00 -1.33158055e-01 -9.53816248e-05  6.29197490e-04
  1.11820358e-01  9.07527485e-02  3.58864013e-04 -1.85602774e-05]","[ 0.         -0.58889747 14.13871956 -3.63250589 -1.7579695   0.4411737
  0.094325    0.13589212]"
1747093075.296963,"[ 0.          0.21772247  1.02109464 -2.37356016 -1.94755213  1.75729324
  0.74455772  1.53932908]","[ 0.00000000e+00 -1.34238449e-01 -1.00680607e-04  2.64958196e-04
  1.05608111e-01  8.76863932e-02  3.23939704e-04 -1.85462435e-05]","[ 0.         -0.5657143  14.10144043 -3.62353683 -1.81584847  0.39919943
  0.10758886  0.12602405]"
1747093075.2992022,"[ 0.          0.21744512  1.02109464 -2.3735591  -1.94733987  1.75746648
  0.74455959  1.53932908]","[ 0.00000000e+00 -1.35665737e-01 -9.54538036e-05 -1.65598881e-04
  1.02637038e-01  8.80517789e-02  3.66443001e-04 -1.85604623e-05]","[ 0.         -0.5087952  14.10067749 -3.63615012 -1.79102004  0.35764349
  0.11404996  0.10843904]"
1747093075.3011487,"[ 0.          0.21718293  1.02109418 -2.37355857 -1.94714014  1.75764717
  0.74456059  1.53932908]","[ 0.00000000e+00 -1.32617857e-01 -1.00680607e-04 -1.77013039e-04
  1.00746360e-01  8.77816761e-02  3.85303559e-04 -1.85464284e-05]","[ 0.         -0.43495145 14.01641273 -3.64624643 -1.79410732  0.32284349
  0.11894078  0.1083355 ]"
1747093075.302617,"[ 0.          0.2169166   1.02109371 -2.37355963 -1.94693854  1.75781748
  0.74456152  1.53932908]","[ 0.00000000e+00 -1.28894991e-01 -1.00755793e-04 -2.42105546e-04
  9.64247990e-02  8.58039710e-02  3.86299351e-04 -1.06060839e-05]","[ 0.         -0.44764721 13.9477005  -3.67334127 -1.799631    0.29853234
  0.13812509  0.11299535]"
1747093075.304403,"[ 0.          0.21666129  1.02109278 -2.37356016 -1.94675345  1.75798579
  0.74456245  1.53932908]","[ 0.00000000e+00 -1.29245605e-01 -1.05979589e-04 -2.42105563e-04
  9.29135292e-02  8.10292395e-02  3.76124723e-04 -1.05979587e-05]","[ 0.         -0.47107726 13.87885857 -3.72683811 -1.82560372  0.30618483
  0.16057208  0.11054622]"
1747093075.3061204,"[ 0.          0.21653594  1.02109278 -2.37356016 -1.94665704  1.75806475
  0.74456338  1.53932908]","[ 0.00000000e+00 -1.27215910e-01 -1.00756792e-04 -2.85746912e-04
  9.07781817e-02  7.99488533e-02  3.95930586e-04 -1.05979587e-05]","[ 0.         -0.45822087 13.83104897 -3.74338794 -1.82465935  0.30498406
  0.156783    0.11673502]"
1747093075.3078933,"[ 0.          0.21628154  1.02109238 -2.37355963 -1.94648766  1.75822654
  0.74456338  1.53932908]","[ 0.00000000e+00 -1.22894348e-01 -1.05979589e-04 -1.68069912e-04
  8.48106036e-02  7.97443724e-02  3.67163765e-04 -1.06058726e-05]","[ 0.         -0.44128609 13.72367668 -3.77854085 -1.80783105  0.31519797
  0.15915917  0.12514962]"
1747093075.3091006,"[ 0.          0.21616261  1.02109191 -2.37355963 -1.94639898  1.75830457
  0.74456438  1.53932908]","[ 0.00000000e+00 -1.20733576e-01 -1.05978532e-04 -9.38658223e-05
  8.34273411e-02  7.91385615e-02  3.92929653e-04 -1.06060839e-05]","[ 0.         -0.46903431 13.68242168 -3.79918361 -1.77120018  0.31658772
  0.1819763   0.12250201]"
1747093075.3113954,"[ 0.          0.21592429  1.02109098 -2.37356043 -1.94623733  1.75845677
  0.74456724  1.53932908]","[ 0.00000000e+00 -1.21003670e-01 -1.14015406e-04 -1.86731252e-05
  8.10292395e-02  7.72478753e-02  4.41896187e-04 -1.06059783e-05]","[ 0.         -0.53099507 13.63794804 -3.82447219 -1.80194068  0.30056643
  0.20282114  0.10005365]"
1747093075.313173,"[ 0.          0.21567587  1.02109052 -2.37356096 -1.9460826   1.75861084
  0.74457011  1.53932908]","[ 0.00000000e+00 -1.22084056e-01 -1.13928053e-04 -8.73282120e-05
  7.83282698e-02  7.42768028e-02  4.81382557e-04 -1.06058726e-05]","[ 0.         -0.58932519 13.56782722 -3.86016703 -1.83439624  0.28614312
  0.19938536  0.09598153]"
1747093075.3149588,"[ 0.          0.21543572  1.02109005 -2.37356096 -1.94592387  1.75875252
  0.74457197  1.53932908]","[ 0.00000000e+00 -1.21543868e-01 -1.14014268e-04 -1.14833851e-04
  7.67076863e-02  7.01541879e-02  4.99907943e-04 -1.05900569e-05]","[ 0.         -0.62721139 13.54774475 -3.86824989 -1.84005988  0.27427563
  0.18607095  0.11946438]"
1747093075.3168178,"[ 0.          0.21518545  1.02108958 -2.37356096 -1.94577314  1.75889047
  0.74457197  1.53932908]","[ 0.00000000e+00 -1.22624254e-01 -1.13928053e-04 -1.39181522e-04
  7.22213169e-02  6.64439800e-02  4.89713518e-04 -1.05899522e-05]","[ 0.         -0.6384154  13.55229282 -3.85634232 -1.8114816   0.29588494
  0.18301879  0.12470295]"
1747093075.3179529,"[ 0.          0.2150656   1.02108958 -2.37356096 -1.94570389  1.75895332
  0.74457197  1.53932908]","[ 0.00000000e+00 -1.21543868e-01 -1.13928053e-04 -1.31644146e-04
  7.02253442e-02  6.37430062e-02  4.73950543e-04 -1.05819570e-05]","[ 0.         -0.6334185  13.56488895 -3.83241343 -1.7927624   0.31790584
  0.17750612  0.12791312]"
1747093075.319662,"[ 0.          0.21479697  1.02108912 -2.37356096 -1.945571    1.75908275
  0.7445729   1.53932908]","[ 0.00000000e+00 -1.22290243e-01 -1.13928053e-04 -1.01964269e-04
  6.66464801e-02  6.26921145e-02  4.89713518e-04 -1.05899522e-05]","[ 0.         -0.63252378 13.54309654 -3.79124951 -1.76874208  0.34677142
  0.17166962  0.11100441]"
1747093075.3214166,"[ 0.          0.21469549  1.02108865 -2.3735615  -1.94550815  1.75914267
  0.7445729   1.53932908]","[ 0.00000000e+00 -1.21516687e-01 -1.19227035e-04 -1.01969852e-04
  6.38077210e-02  6.07103565e-02  4.79198843e-04 -1.05900569e-05]","[ 0.         -0.65804368 13.53619576 -3.77765608 -1.74697602  0.34516144
  0.16940689  0.11534565]"
1747093075.3238132,"[ 0.          0.21443239  1.02108819 -2.3735615  -1.94538884  1.75925492
  0.74457483  1.53932908]","[ 0.00000000e+00 -1.19557066e-01 -1.24620245e-04 -6.91048041e-05
  5.64503723e-02  5.50998833e-02  5.07560858e-04 -1.05899522e-05]","[ 0.         -0.69545847 13.5195303  -3.74472857 -1.7592231   0.33513689
  0.15739755  0.11286021]"
1747093075.3250046,"[ 0.          0.21420371  1.02108779 -2.3735615  -1.94528232  1.75936052
  0.74457577  1.53932908]","[ 0.00000000e+00 -1.15840483e-01 -1.27175500e-04 -6.62379032e-05
  5.34792999e-02  5.02381288e-02  5.17782234e-04  0.00000000e+00]","[ 0.         -0.7004897  13.52024937 -3.66147017 -1.69363201  0.36184984
  0.15362763  0.10721804]"
1747093075.3266761,"[ 0.          0.21397502  1.02108732 -2.3735615  -1.94517952  1.75945173
  0.74457577  1.53932908]","[ 0.00000000e+00 -1.10338126e-01 -1.27271744e-04 -6.57408321e-05
  4.91079332e-02  4.42959881e-02  4.87721218e-04  0.00000000e+00]","[ 0.         -0.72134429 13.47997856 -3.6304214  -1.56461787  0.35555395
  0.12164627  0.11461814]"
1747093075.3288467,"[ 0.          0.21386803  1.02108732 -2.3735615  -1.94513318  1.75949554
  0.74457676  1.53932908]","[ 0.00000000e+00 -1.08689421e-01 -1.27174232e-04 -9.30849735e-05
  4.69969619e-02  4.10873408e-02  5.08042938e-04  0.00000000e+00]","[ 0.         -0.7349996  13.50348759 -3.6209383  -1.52981806  0.36769247
  0.09764474  0.11017451]"
1747093075.3314674,"[ 0.          0.21356039  1.02108639 -2.3735615  -1.94499896  1.75962683
  0.74457676  1.53932908]","[ 0.00000000e+00 -1.02096849e-01 -1.32574732e-04 -8.83974020e-05
  4.29454991e-02  4.53304014e-02  4.63756832e-04  0.00000000e+00]","[ 0.         -0.77201265 13.47793007 -3.53033471 -1.30724013  0.357465
  0.08425889  0.09752812]"
1747093075.3340828,"[ 0.          0.21324492  1.02108546 -2.37356096 -1.94486713  1.75976958
  0.74457676  1.53932908]","[ 0.00000000e+00 -1.04257622e-01 -1.43180701e-04 -2.41283000e-05
  4.56464729e-02  4.91577426e-02  4.48159199e-04  0.00000000e+00]","[ 0.         -0.77547973 13.46936035 -3.43906927 -1.17009079  0.3233442
  0.06431182  0.11405846]"
1747093075.3352656,"[ 0.          0.21303047  1.02108452 -2.3735615  -1.94477205  1.75987411
  0.74457676  1.53932908]","[ 0.00000000e+00 -1.05071983e-01 -1.51135188e-04 -4.60396087e-05
  4.67268633e-02  5.11567654e-02  4.40661322e-04  0.00000000e+00]","[ 0.         -0.82278007 13.43015289 -3.39418101 -1.11939454  0.30601582
  0.06050315  0.10576547]"
1747093075.3370745,"[ 0.          0.21292762  1.02108406 -2.3735615  -1.94472678  1.75992364
  0.74457676  1.53932908]","[ 0.00000000e+00 -1.04257622e-01 -1.56438185e-04 -2.30198043e-05
  4.59165715e-02  5.02381288e-02  4.32815367e-04  0.00000000e+00]","[ 0.         -0.81568986 13.43361759 -3.36175609 -1.10243845  0.31065235
  0.05231402  0.11182527]"
1747093075.3382018,"[ 0.          0.21272603  1.02108406 -2.37356096 -1.9446357   1.76001872
  0.74457676  1.53932908]","[ 0.         -0.10226322 -0.00015644  0.          0.04413525  0.04726706
  0.00043221  0.        ]","[ 0.         -0.80288881 13.43201351 -3.31978822 -1.11089492  0.33008733
  0.03902387  0.11288843]"
1747093075.3399255,"[ 0.          0.21262317  1.02108359 -2.37356096 -1.94459123  1.76006159
  0.74457676  1.53932908]","[ 0.         -0.10425762 -0.00015909  0.          0.04506058  0.04348569
  0.00043221  0.        ]","[ 0.         -0.79293215 13.44344807 -3.30799007 -1.11045825  0.34043223
  0.03613339  0.10289016]"
1747093075.341635,"[ 0.          0.21240735  1.02108319 -2.37356096 -1.94450308  1.76014242
  0.7445777   1.53932908]","[ 0.         -0.10614831 -0.00015897  0.          0.04456608  0.03862394
  0.00043883  0.        ]","[ 0.         -0.77602941 13.42167664 -3.28739953 -1.13999605  0.40130204
  0.02401578  0.09869966]"
1747093075.343416,"[ 0.          0.21240735  1.02108273 -2.37356096 -1.94445674  1.76017757
  0.7445777   1.53932908]","[ 0.         -0.10614831 -0.00016439  0.          0.04363371  0.03565287
  0.00043129  0.        ]","[ 0.         -0.77602941 13.40490818 -3.25899982 -1.16366947  0.41828695
  0.0199652   0.10131849]"
1747093075.3446088,"[ 0.          0.21218511  1.02108179 -2.37356096 -1.94437711  1.76024136
  0.7445777   1.53932908]","[ 0.         -0.10858275 -0.0001697   0.          0.03889404  0.03075991
  0.00043071  0.        ]","[ 0.00000000e+00 -7.38556147e-01  1.33909292e+01 -3.19899368e+00
 -1.25884843e+00  4.05993730e-01  1.32546704e-02  9.98133793e-02]"
1747093075.3463655,"[ 0.          0.21207904  1.02108133 -2.37356096 -1.94434142  1.76026892
  0.7445777   1.53932908]","[ 0.         -0.10760794 -0.0001697   0.          0.03615639  0.02811866
  0.00041219  0.        ]","[ 0.         -0.73502231 13.39498806 -3.1762321  -1.29603219  0.4041926
  0.0180428   0.09642009]"
1747093075.3480642,"[ 0.          0.21186918  1.02108086 -2.37356096 -1.94427724  1.76032125
  0.74457863  1.53932908]","[ 0.         -0.10560811 -0.00016944  0.          0.03009222  0.02505326
  0.000424    0.        ]","[ 0.         -0.67326087 13.4097929  -3.1520288  -1.27301908  0.40961596
  0.01709172  0.10019003]"
1747093075.3499067,"[ 0.          0.21165796  1.0210804  -2.37356096 -1.94422531  1.76037172
  0.74457863  1.53932908]","[ 0.         -0.10209685 -0.00017687  0.          0.02509361  0.02511906
  0.00039852  0.        ]","[ 0.00000000e+00 -6.44839048e-01  1.33923531e+01 -3.13698769e+00
 -1.19921339e+00  4.12932634e-01 -8.75162892e-03  1.16801336e-01]"
1747093075.3511326,"[ 0.          0.21155739  1.02107993 -2.37356096 -1.94420134  1.76039555
  0.74457863  1.53932908]","[ 0.         -0.1019934  -0.0001785   0.          0.02433345  0.02430877
  0.00039852  0.        ]","[ 0.         -0.62009084 13.37127686 -3.1611495  -1.16964936  0.41731393
 -0.01774582  0.1075651 ]"
1747093075.352918,"[ 0.          0.21135076  1.0210786  -2.37356096 -1.9441542   1.76044309
  0.74457956  1.53932908]","[ 0.         -0.10010464 -0.00019058  0.          0.02322838  0.02212555
  0.00038509  0.        ]","[ 0.00000000e+00 -6.13884389e-01  1.33114481e+01 -3.14626908e+00
 -1.13723338e+00  4.12984222e-01 -1.44332065e-03  1.00759357e-01]"
1747093075.3547046,"[ 0.          0.21115422  1.02107673 -2.37356096 -1.94410946  1.76048304
  0.74457956  1.53932908]","[ 0.         -0.09966597 -0.00021105  0.          0.02241809  0.02025731
  0.00037881  0.        ]","[ 0.         -0.56387722 13.20151043 -3.11588383 -1.06812942  0.38702202
  0.03202738  0.11449495]"
1747093075.3570848,"[ 0.          0.21095493  1.02107447 -2.37356096 -1.94406232  1.76051726
  0.74458149  1.53932908]","[ 0.         -0.09679663 -0.0002752   0.          0.02322838  0.01604918
  0.00039621  0.        ]","[ 0.         -0.55138004 13.14170933 -3.12094355 -1.02750707  0.38700613
  0.02749567  0.11173251]"
1747093075.3588078,"[ 0.          0.21076345  1.02107261 -2.37356096 -1.94401731  1.76054669
  0.74458242  1.53932908]","[ 0.         -0.09713657 -0.00038373  0.          0.02214799  0.01457049
  0.00039006  0.        ]","[ 0.         -0.50706512 13.06059742 -3.18779516 -0.98481244  0.37336811
  0.03705878  0.10778299]"
1747093075.3615065,"[ 0.          0.21066841  1.02107167 -2.3735615  -1.94399388  1.76056
  0.74458242  1.53932908]","[ 0.00000000e+00 -9.64247990e-02 -4.05056919e-04 -1.17802494e-05
  2.20676248e-02  1.25384225e-02  3.84097854e-04  0.00000000e+00]","[ 0.         -0.53282285 13.01112652 -3.18143058 -0.98181689  0.36456564
  0.04749196  0.11021765]"
1747093075.3632042,"[ 0.          0.21038004  1.02106941 -2.3735615  -1.94392437  1.76059143
  0.74458529  1.53932908]","[ 0.00000000e+00 -9.45341127e-02 -4.79660995e-04 -1.12879287e-05
  2.35500610e-02  9.72350907e-03  4.16300290e-04  0.00000000e+00]","[ 0.         -0.50187171 12.95605755 -3.23062611 -1.00108492  0.36753547
  0.06326956  0.11313032]"
1747093075.3650308,"[ 0.          0.21018901  1.02106801 -2.3735615  -1.9438759   1.7606114
  0.74458722  1.53932908]","[ 0.00000000e+00 -9.30351025e-02 -5.35909805e-04 -1.10568842e-05
  2.51190644e-02  9.75278720e-03  4.31051608e-04  0.00000000e+00]","[ 0.         -0.48484251 12.93339443 -3.26880312 -1.06365013  0.35411209
  0.04340461  0.10229275]"
1747093075.3661487,"[ 0.          0.21009763  1.02106801 -2.3735615  -1.94384874  1.76062006
  0.74458815  1.53932908]","[ 0.00000000e+00 -9.25495667e-02 -5.35909805e-04 -1.10394673e-05
  2.75499417e-02  9.17865960e-03  4.36426889e-04  0.00000000e+00]","[ 0.         -0.48934865 12.93339443 -3.28071856 -1.12788332  0.35622698
  0.05700598  0.11511119]"
1747093075.3678167,"[ 0.          0.20991442  1.02106708 -2.37356203 -1.94378775  1.7606371
  0.74459008  1.53932908]","[ 0.00000000e+00 -9.26434348e-02 -5.61005482e-04 -2.16367636e-05
  3.05937517e-02  8.32237841e-03  4.54178457e-04  0.00000000e+00]","[ 0.         -0.50023347 12.95774841 -3.30126739 -1.23692656  0.35471112
  0.05611221  0.1084481 ]"
1747093075.369546,"[ 0.          0.20981615  1.02106661 -2.37356203 -1.94375499  1.76064469
  0.74459101  1.53932908]","[ 0.00000000e+00 -9.25335627e-02 -5.61005482e-04 -2.16702157e-05
  3.32219900e-02  7.80222976e-03  4.59013759e-04  0.00000000e+00]","[ 0.         -0.49859002 12.97075367 -3.32514262 -1.32208824  0.35734189
  0.06838484  0.1129747 ]"
1747093075.3706684,"[ 0.          0.2096343   1.02106615 -2.37356203 -1.94367563  1.76065614
  0.74459288  1.53932908]","[ 0.00000000e+00 -9.21032375e-02 -5.70890387e-04 -2.12123792e-05
  3.71042214e-02  5.80709558e-03  4.71406496e-04  0.00000000e+00]","[ 0.         -0.53586775 13.04430199 -3.36114359 -1.46746886  0.40159404
  0.07674306  0.12610802]"
1747093075.372396,"[ 0.          0.20954569  1.02106568 -2.37356203 -1.94363941  1.76066094
  0.74459387  1.53932908]","[ 0.00000000e+00 -8.99424568e-02 -5.79253337e-04 -1.06057670e-05
  3.66960379e-02  5.39921165e-03  4.87181109e-04  0.00000000e+00]","[ 0.         -0.50355947 13.09368896 -3.38022828 -1.53782773  0.41433534
  0.08381476  0.11113384]"
1747093075.3740804,"[ 0.          0.20936844  1.02106528 -2.3735623  -1.94356777  1.7606676
  0.74459481  1.53932908]","[ 0.00000000e+00 -8.56209037e-02 -5.80688622e-04 -1.56026309e-05
  3.56528652e-02  3.25092907e-03  4.66337647e-04  0.00000000e+00]","[ 0.         -0.54024929 13.13696575 -3.41193843 -1.75237203  0.42600179
  0.1097694   0.10477388]"
1747093075.3758805,"[ 0.          0.20920542  1.02106482 -2.3735623  -1.9434964   1.76066946
  0.74459767  1.53932908]","[ 0.00000000e+00 -8.15694367e-02 -5.61681675e-04 -1.53078691e-05
  3.45724769e-02  9.45341174e-04  4.99889446e-04  0.00000000e+00]","[ 0.         -0.54522079 13.23798084 -3.40662766 -1.87592852  0.42597538
  0.10756839  0.1301332 ]"
1747093075.376989,"[ 0.          0.20912001  1.02106435 -2.3735623  -1.94346311  1.76066946
  0.74459953  1.53932908]","[ 0.00000000e+00 -8.04966738e-02 -5.61005482e-04 -1.50240386e-05
  3.37621852e-02  0.00000000e+00  5.22361688e-04  0.00000000e+00]","[ 0.         -0.56326658 13.25957203 -3.44129324 -1.92393959  0.41940147
  0.10890824  0.12860663]"
1747093075.378719,"[ 0.          0.20896206  1.02106388 -2.37356283 -1.94339653  1.76066946
  0.7446024   1.53932908]","[ 0.00000000e+00 -8.02189477e-02 -5.46657376e-04 -2.45493339e-05
  3.34581521e-02  0.00000000e+00  5.13550597e-04  0.00000000e+00]","[ 0.         -0.61178082 13.3055687  -3.47217655 -1.99781752  0.41695136
  0.10699498  0.11895125]"
1747093075.3804176,"[ 0.          0.20879859  1.02106342 -2.37356336 -1.94332889  1.76066946
  0.74460433  1.53932908]","[ 0.00000000e+00 -7.94936025e-02 -5.44022693e-04 -3.37554612e-05
  3.26817948e-02  0.00000000e+00  5.02089122e-04  0.00000000e+00]","[ 0.         -0.65751374 13.35989666 -3.50256872 -2.00809479  0.38498616
  0.08488882  0.13492133]"
1747093075.382118,"[ 0.          0.20872282  1.02106342 -2.37356363 -1.94329773  1.76066946
  0.74460619  1.53932908]","[ 0.00000000e+00 -7.67076863e-02 -5.44005333e-04 -3.85246513e-05
  3.16014045e-02  0.00000000e+00  5.13542860e-04  0.00000000e+00]","[ 0.         -0.6916678  13.38859558 -3.50661397 -1.97819674  0.35968882
  0.09625713  0.14858207]"
1747093075.383255,"[ 0.          0.20857495  1.02106249 -2.37356416 -1.94323834  1.76066946
  0.74460812  1.53932908]","[ 0.00000000e+00 -7.44713717e-02 -5.43889080e-04 -4.73122824e-05
  2.80860672e-02  0.00000000e+00  5.45647508e-04  0.00000000e+00]","[ 0.         -0.71858138 13.41173077 -3.535465   -1.88229883  0.33600223
  0.10417487  0.12874508]"
1747093075.3848994,"[ 0.          0.20849782  1.02106202 -2.37356416 -1.94321331  1.76066946
  0.74461005  1.53932908]","[ 0.00000000e+00 -7.27228567e-02 -5.43889080e-04 -4.64969819e-05
  2.53891630e-02  0.00000000e+00  5.72469363e-04  0.00000000e+00]","[ 0.         -0.75122219 13.42771053 -3.5460701  -1.79977977  0.33955553
  0.10410817  0.09976024]"
1747093075.387196,"[ 0.          0.20836051  1.02106116 -2.37356469 -1.9431683   1.76066946
  0.74461285  1.53932908]","[ 0.00000000e+00 -6.88748552e-02 -5.14556337e-04 -5.48521053e-05
  2.18778954e-02  0.00000000e+00  6.21657220e-04  0.00000000e+00]","[ 0.         -0.76782966 13.45271206 -3.57260394 -1.61332107  0.29355231
  0.09555672  0.0956338 ]"
1747093075.3889875,"[ 0.          0.2082177   1.02106022 -2.37356469 -1.94312542  1.76066853
  0.74461571  1.53932908]","[ 0.00000000e+00 -7.03996481e-02 -4.80221780e-04 -5.39401709e-05
  2.05274085e-02 -7.54971222e-05  7.59313195e-04  0.00000000e+00]","[ 0.         -0.86539203 13.42695141 -3.57780337 -1.41205096  0.25211522
  0.08637833  0.10932171]"
1747093075.3907506,"[ 0.          0.20807627  1.02105882 -2.37356522 -1.94308361  1.76066853
  0.74461858  1.53932908]","[ 0.00000000e+00 -7.21160221e-02 -4.56461260e-04 -6.08275648e-05
  2.16077989e-02 -7.05613341e-05  1.01854709e-03  0.00000000e+00]","[ 0.         -0.88873667 13.35490704 -3.59951186 -1.17193043  0.18105277
  0.09240773  0.09970373]"
1747093075.3924575,"[ 0.          0.2080051   1.02105789 -2.37356549 -1.94308361  1.76066853
  0.74462051  1.53932908]","[ 0.00000000e+00 -7.21160221e-02 -4.55382731e-04 -6.51713262e-05
  2.16077989e-02 -7.09230650e-05  1.13900318e-03  0.00000000e+00]","[ 0.         -0.94295686 13.3227129  -3.61565542 -1.17193043  0.16781802
  0.06695333  0.09386162]"
1747093075.3936186,"[ 0.          0.20785082  1.02105656 -2.37356602 -1.94303514  1.7606676
  0.74462337  1.53932908]","[ 0.00000000e+00 -7.64375836e-02 -4.38809755e-04 -8.12434725e-05
  2.45788713e-02 -1.09222683e-04  1.24331444e-03  0.00000000e+00]","[ 0.         -0.97416717 13.32013798 -3.5944159  -1.00962675  0.12206268
  0.073286    0.09865601]"
1747093075.3960001,"[ 0.          0.20769882  1.02105516 -2.37356602 -1.94298028  1.7606676
  0.74462623  1.53932908]","[ 0.00000000e+00 -7.67855588e-02 -4.57905290e-04 -7.99773332e-05
  2.88711484e-02 -1.03251880e-04  1.29441514e-03  0.00000000e+00]","[ 0.         -1.00462472 13.28471661 -3.63563442 -0.90645498  0.08242166
  0.05412398  0.10094815]"
1747093075.3971896,"[ 0.          0.20761801  1.02105423 -2.37356602 -1.94294859  1.7606676
  0.74462716  1.53932908]","[ 0.00000000e+00 -7.59113679e-02 -4.67043684e-04 -7.87488314e-05
  2.98695737e-02 -1.02819084e-04  1.31647673e-03  0.00000000e+00]","[ 0.         -1.018332   13.28600788 -3.65495229 -0.90070468  0.07604419
  0.05277024  0.10691836]"
1747093075.3989506,"[ 0.          0.2074628   1.02105237 -2.37356656 -1.94288387  1.7606676
  0.74463096  1.53932908]","[ 0.00000000e+00 -7.91385615e-02 -4.93109828e-04 -8.56230104e-05
  3.34920866e-02 -9.75159736e-05  1.44235556e-03  0.00000000e+00]","[ 0.         -1.00404763 13.28592968 -3.657408   -0.93205708  0.09254701
  0.05901009  0.10110804]"
1747093075.4001322,"[ 0.          0.20729795  1.02105104 -2.37356736 -1.9428133   1.7606676
  0.74463382  1.53932908]","[ 0.00000000e+00 -8.04209485e-02 -4.84211093e-04 -8.83676885e-05
  3.48568151e-02 -9.30849735e-05  1.42409132e-03  0.00000000e+00]","[ 0.         -0.99318832 13.28851795 -3.66464543 -1.02362883  0.10744998
  0.06550355  0.0914672 ]"
1747093075.4019578,"[ 0.          0.20721759  1.02105057 -2.37356736 -1.94277788  1.7606676
  0.74463569  1.53932908]","[ 0.00000000e+00 -8.16522527e-02 -4.85258834e-04 -8.69745679e-05
  3.59229638e-02 -9.27330604e-05  1.46181497e-03  0.00000000e+00]","[ 0.         -1.00073767 13.31007385 -3.68331265 -1.10496557  0.15268356
  0.07439031  0.07180182]"
1747093075.403636,"[ 0.          0.20705367  1.02104964 -2.37356842 -1.94270304  1.76066666
  0.74463855  1.53932908]","[ 0.         -0.08364538 -0.00048527 -0.00010142  0.03862394 -0.00012628
  0.00147327  0.        ]","[ 0.         -0.99209207 13.43703365 -3.66028714 -1.31897402  0.17527337
  0.06713685  0.11410078]"
1747093075.4048152,"[ 0.          0.20697054  1.02104917 -2.37356869 -1.9426631   1.76066666
  0.74464048  1.53932908]","[ 0.         -0.08427041 -0.00050042 -0.00010382  0.04051462 -0.00012022
  0.00148973  0.        ]","[ 0.         -0.97239476 13.47493935 -3.68728304 -1.41917419  0.15831339
  0.07326899  0.12416948]"
1747093075.40662,"[ 0.          0.2067988   1.0210487  -2.37356922 -1.94257867  1.76066666
  0.74464428  1.53932908]","[ 0.         -0.08346012 -0.00049927 -0.00010982  0.04132492 -0.0001151
  0.00156541  0.        ]","[ 0.         -0.98397493 13.53784561 -3.64976096 -1.7443645   0.17636079
  0.09415378  0.11856709]"
1747093075.40847,"[ 0.          0.20671431  1.0210487  -2.37356922 -1.94253899  1.76066666
  0.74464621  1.53932908]","[ 0.         -0.08553415 -0.00048369 -0.00010831  0.04024453 -0.00011548
  0.0015562   0.        ]","[ 0.         -0.90898418 13.61033535 -3.62317777 -1.87680256  0.15481111
  0.10206661  0.11995794]"
1747093075.409598,"[ 0.          0.20654212  1.02104824 -2.37356975 -1.94246203  1.7606656
  0.74465     1.53932908]","[ 0.         -0.0835059  -0.00048369 -0.00011419  0.03673326 -0.00015455
  0.00162904  0.        ]","[ 0.         -0.88521671 13.66736603 -3.62503171 -2.10862255  0.17696577
  0.11761558  0.11973509]"
1747093075.411379,"[ 0.          0.20637957  1.02104824 -2.37357055 -1.94239865  1.7606656
  0.7446538   1.53932908]","[ 0.         -0.08237973 -0.00046807 -0.00013069  0.03079111 -0.00014848
  0.00166684  0.        ]","[ 0.         -0.81105876 13.78402615 -3.6299088  -2.25631881  0.17951378
  0.1079668   0.14354363]"
1747093075.4131615,"[ 0.          0.20629095  1.02104784 -2.37357055 -1.94236908  1.7606656
  0.74465566  1.53932908]","[ 0.         -0.0835059  -0.00046908 -0.00012896  0.0278353  -0.00014287
  0.00169561  0.        ]","[ 0.         -0.79523611 13.80743504 -3.6283505  -2.3027091   0.16538991
  0.10060322  0.1340756 ]"
1747093075.414961,"[ 0.          0.20613345  1.02104784 -2.37357108 -1.94232141  1.7606656
  0.74465952  1.53932908]","[ 0.         -0.07859836 -0.00044251 -0.00013434  0.02320485 -0.00011226
  0.00174868  0.        ]","[ 0.         -0.76215273 13.83437347 -3.59669709 -2.33449793  0.15747683
  0.09525088  0.12241053]"
1747093075.416638,"[ 0.          0.20598191  1.02104691 -2.37357162 -1.94228093  1.76066467
  0.74466232  1.53932908]","[ 0.         -0.07643758 -0.00045946 -0.00013959  0.01969714 -0.00013767
  0.00174136  0.        ]","[ 0.         -0.74945557 13.78487206 -3.5794251  -2.25816751  0.13577539
  0.09923263  0.11539896]"
1747093075.418891,"[ 0.          0.20583084  1.02104551 -2.37357162 -1.94224525  1.76066373
  0.74466518  1.53932908]","[ 0.         -0.07265622 -0.00048574 -0.00013945  0.01674604 -0.00017033
  0.00174136  0.        ]","[ 0.         -0.69027942 13.70255947 -3.58957911 -2.11510015  0.07650948
  0.11086942  0.10482553]"
1747093075.420624,"[ 0.          0.20569124  1.02104411 -2.37357162 -1.94221675  1.7606628
  0.74466711  1.53932908]","[ 0.         -0.07123348 -0.00049817 -0.00013781  0.01404507 -0.00020009
  0.00164384  0.        ]","[ 0.         -0.7080127  13.59242916 -3.53793693 -1.94464076  0.09047618
  0.10754004  0.11017127]"
1747093075.42171,"[ 0.          0.20561548  1.02104325 -2.37357188 -1.94220397  1.7606628
  0.74466804  1.53932908]","[ 0.         -0.07121825 -0.00051489 -0.00013947  0.01203689 -0.00016371
  0.00164384  0.        ]","[ 0.         -0.65074712 13.56101608 -3.52554822 -1.78998852  0.06036676
  0.0988598   0.12234968]"
1747093075.4234567,"[ 0.          0.20547496  1.02104092 -2.37357242 -1.9421832   1.76066187
  0.74466997  1.53932908]","[ 0.         -0.07076554 -0.00053824 -0.00014432  0.00972351 -0.00019356
  0.00156321  0.        ]","[ 0.00000000e+00 -6.31913185e-01  1.34278126e+01 -3.53569794e+00
 -1.51145065e+00  5.28212637e-03  6.34867325e-02  1.21077538e-01]"
1747093075.425098,"[ 0.          0.20540609  1.02103952 -2.37357242 -1.94217441  1.76066094
  0.74467184  1.53932908]","[ 0.         -0.06995525 -0.00055474 -0.00014254  0.00891322 -0.00021302
  0.00156314  0.        ]","[ 0.00000000e+00 -6.20948911e-01  1.33785362e+01 -3.53450108e+00
 -1.41950262e+00 -5.01764566e-03  6.92964122e-02  1.02924682e-01]"
1747093075.4267259,"[ 0.          0.20526512  1.02103586 -2.37357242 -1.94216083  1.76065894
  0.74467377  1.53932908]","[ 0.         -0.06833466 -0.00061015 -0.00014068  0.00594214 -0.0002559
  0.00154064  0.        ]","[ 0.         -0.57043308 13.28614712 -3.50924206 -1.19629169 -0.07014015
  0.07593502  0.0912165 ]"
1747093075.4284854,"[ 0.          0.20519761  1.02103446 -2.37357242 -1.94215603  1.76065801
  0.7446747   1.53932908]","[ 0.         -0.06860476 -0.00062453 -0.00014068  0.00486175 -0.00027961
  0.00143955  0.        ]","[ 0.         -0.57451713 13.22345734 -3.48702621 -1.1219058  -0.0851537
  0.06249817  0.09717612]"
1747093075.4296985,"[ 0.          0.20506583  1.02102993 -2.37357295 -1.94215017  1.76065708
  0.74467663  1.53932908]","[ 0.         -0.06319365 -0.00076136 -0.00014375  0.00225479 -0.00029315
  0.00135115  0.        ]","[ 0.         -0.54417783 13.15530586 -3.4701345  -1.00133693 -0.12263903
  0.06054631  0.08429935]"
1747093075.4314468,"[ 0.          0.20494736  1.02102487 -2.37357295 -1.94214884  1.76065614
  0.7446795   1.53932908]","[ 0.         -0.05969154 -0.00126852 -0.00014375  0.00054019 -0.00030682
  0.00131333  0.        ]","[ 0.         -0.55305862 13.08825397 -3.45734715 -0.93263471 -0.12775673
  0.06857823  0.07537714]"
1747093075.4332557,"[ 0.          0.20488903  1.02102161 -2.37357295 -1.94214884  1.76065614
  0.74468136  1.53932908]","[ 0.         -0.05915135 -0.0017553  -0.00014206  0.         -0.00030682
  0.0013134   0.        ]","[ 0.         -0.56617808 13.06874847 -3.45390987 -0.90846211 -0.12294462
  0.06190123  0.07834731]"
1747093075.4344594,"[ 0.          0.20476919  1.02101382 -2.37357348 -1.94214964  1.76065614
  0.74468329  1.53932908]","[ 0.         -0.05855177 -0.00294439 -0.00014653 -0.00026324 -0.00029893
  0.00125467  0.        ]","[ 0.         -0.60721785 13.04472351 -3.4481113  -0.96539825 -0.10360083
  0.06607111  0.08702534]"
1747093075.436191,"[ 0.          0.2047118   1.02100922 -2.37357348 -1.94214964  1.76065614
  0.74468515  1.53932908]","[ 0.         -0.05834105 -0.00367002 -0.00014653 -0.00019869 -0.00029142
  0.00125037  0.        ]","[ 0.         -0.6098597  13.02047729 -3.44795489 -1.03559637 -0.10632815
  0.05495892  0.08388842]"
1747093075.4379594,"[ 0.          0.20459056  1.02099637 -2.37357375 -1.94214964  1.76065521
  0.74468802  1.53932908]","[ 0.         -0.05918136 -0.00579139 -0.00014794 -0.00015957 -0.00030412
  0.00123562  0.        ]","[ 0.         -0.64004374 12.99511051 -3.43237472 -1.22505498 -0.09110808
  0.08432472  0.10375092]"
1747093075.43915,"[ 0.          0.20452904  1.02097846 -2.37357375 -1.94215017  1.76065521
  0.74469281  1.53932908]","[ 0.         -0.0623293  -0.00904827 -0.00014627 -0.00013331 -0.00030355
  0.00130266  0.        ]","[ 0.         -0.65576267 13.0601511  -3.40400767 -1.52941728 -0.07290863
  0.10044963  0.0965359 ]"
1747093075.440876,"[ 0.          0.20439863  1.02096608 -2.37357428 -1.9421507   1.76065521
  0.74469468  1.53932908]","[ 0.         -0.06394596 -0.01153535 -0.00015067 -0.00017775 -0.00030355
  0.00132575  0.        ]","[ 0.         -0.6045109  13.07659626 -3.41569686 -1.62603402 -0.06950759
  0.10367692  0.10322956]"
1747093075.4427252,"[ 0.          0.20427741  1.02093758 -2.37357481 -1.9421515   1.76065521
  0.7447004   1.53932908]","[ 0.         -0.06050184 -0.01539556 -0.00015483 -0.00023184 -0.00029576
  0.00143806  0.        ]","[ 0.         -0.63764703 13.19214058 -3.40111732 -1.92828929 -0.02752973
  0.11046249  0.12532058]"
1747093075.4444845,"[ 0.          0.20415572  1.02090543 -2.37357481 -1.94215257  1.76065521
  0.74470513  1.53932908]","[ 0.         -0.05918136 -0.01620585 -0.00015315 -0.00032452 -0.0002894
  0.00159988  0.        ]","[ 0.00000000e+00 -5.72298110e-01  1.33526163e+01 -3.39539576e+00
 -2.16958165e+00  1.03804199e-02  1.14527456e-01  1.34223223e-01]"
1747093075.4462476,"[ 0.          0.20409831  1.02088938 -2.37357534 -1.94215284  1.76065428
  0.74470706  1.53932908]","[ 0.         -0.05834105 -0.01504611 -0.00015719 -0.00031916 -0.000314
  0.00166692  0.        ]","[ 0.00000000e+00 -5.59900463e-01  1.34083862e+01 -3.37558961e+00
 -2.32965755e+00  6.58607250e-03  1.08097777e-01  1.10778123e-01]"
1747093075.4479713,"[ 0.          0.20399087  1.02086415 -2.37357561 -1.9421539   1.76065428
  0.74471279  1.53932908]","[ 0.         -0.0532092  -0.01215439 -0.00015839 -0.00038737 -0.00028232
  0.00193639  0.        ]","[ 0.         -0.52899861 13.5295639  -3.34370828 -2.60086179  0.06934848
  0.11138137  0.1309284 ]"
1747093075.4497838,"[ 0.          0.20388938  1.0208467  -2.37357561 -1.9421547   1.76065428
  0.74471944  1.53932908]","[ 0.         -0.04888764 -0.00727229 -0.00015672 -0.00039007 -0.00027604
  0.00230168  0.        ]","[ 0.         -0.5112071  13.55444717 -3.39200687 -2.79796457  0.07307732
  0.1384124   0.12431691]"
1747093075.450976,"[ 0.          0.20384209  1.02084164 -2.37357614 -1.9421547   1.76065428
  0.74472324  1.53932908]","[ 0.         -0.04807735 -0.00513185 -0.00016073 -0.0003878  -0.00027604
  0.00252257  0.        ]","[ 0.         -0.50097305 13.5412693  -3.41204906 -2.87589002  0.09370744
  0.14329478  0.13906297]"
1747093075.45275,"[ 0.          0.20374291  1.02083519 -2.37357668 -1.9421547   1.76065428
  0.74473183  1.53932908]","[ 0.         -0.04835278 -0.00243088 -0.00016465 -0.00034698 -0.00027004
  0.00309105  0.        ]","[ 0.         -0.50139493 13.47040558 -3.43468428 -2.88631225  0.10761712
  0.15600559  0.15712801]"
1747093075.4543648,"[ 0.          0.20364785  1.02083385 -2.37357694 -1.94215443  1.76065335
  0.74474321  1.53932908]","[ 0.         -0.04807735 -0.00050107 -0.00016559 -0.00026424 -0.00028681
  0.00377473  0.        ]","[ 0.         -0.42043754 13.38991356 -3.46032524 -2.76275229  0.07648271
  0.15203969  0.13570105]"
1747093075.4560752,"[ 0.          0.20360193  1.02083425 -2.37357748 -1.94215443  1.76065228
  0.74474894  1.53932908]","[ 0.         -0.04645676  0.00054019 -0.00016938 -0.00020873 -0.00030331
  0.00427136  0.        ]","[ 0.         -0.39151236 13.34646511 -3.43457985 -2.70276165  0.06349618
  0.14344171  0.12994365]"
1747093075.4572744,"[ 0.          0.20351284  1.02083425 -2.37357748 -1.94215443  1.76065135
  0.74476225  1.53932908]","[ 0.         -0.0432156   0.         -0.00016228 -0.00019504 -0.00031865
  0.00557131  0.        ]","[ 0.         -0.33764461 13.28151894 -3.40141463 -2.51746225  0.0321818
  0.12619187  0.14189115]"
1747093075.4589338,"[ 0.          0.20347107  1.02083385 -2.37357801 -1.9421539   1.76065042
  0.74476984  1.53932908]","[ 0.         -0.0424053  -0.00017555 -0.00016756 -0.00012349 -0.00032845
  0.00627504  0.        ]","[ 0.00000000e+00 -3.34673584e-01  1.32415514e+01 -3.41850710e+00
 -2.40444183e+00 -9.89924301e-04  1.26937434e-01  9.89169478e-02]"
1747093075.4606428,"[ 0.          0.20338932  1.02083246 -2.37357854 -1.94215337  1.76064855
  0.74478316  1.53932908]","[ 0.00000000e+00 -4.13249156e-02 -3.72321299e-04 -1.71378041e-04
 -3.52806670e-05 -3.52098764e-04  6.80680152e-03  0.00000000e+00]","[ 0.         -0.3278518  13.22178078 -3.42712402 -2.16780949 -0.07314377
  0.11963689  0.08767118]"
1747093075.4623325,"[ 0.          0.20334616  1.02083152 -2.37357854 -1.94215337  1.76064762
  0.74478982  1.53932908]","[ 0.         -0.04062449 -0.00043881 -0.0001697   0.         -0.00036526
  0.00680952  0.        ]","[ 0.         -0.27425504 13.21949768 -3.41989875 -2.01299167 -0.07466747
  0.12080593  0.1254442 ]"
1747093075.463976,"[ 0.          0.20326948  1.02082966 -2.37357854 -1.94215257  1.76064562
  0.74480406  1.53932908]","[ 0.00000000e+00 -3.78136459e-02 -5.63036142e-04 -1.69567338e-04
  4.68097212e-05 -3.86263005e-04  6.80816119e-03  0.00000000e+00]","[ 0.         -0.29446784 13.15501499 -3.44242525 -1.70977688 -0.14692849
  0.09677174  0.11508101]"
1747093075.4656208,"[ 0.          0.20319738  1.02082693 -2.37357881 -1.94215204  1.76064376
  0.74481552  1.53932908]","[ 0.         -0.03407243 -0.00073911 -0.00017235  0.00010325 -0.0004058
  0.00649032  0.        ]","[ 0.         -0.29799455 13.14182758 -3.40984416 -1.47431827 -0.15643685
  0.09111895  0.11429964]"
1747093075.4667616,"[ 0.          0.20316479  1.02082513 -2.37357881 -1.94215204  1.76064376
  0.74482124  1.53932908]","[ 0.00000000e+00 -3.29518914e-02 -8.17584473e-04 -1.66917848e-04
  9.75159736e-05 -3.98295474e-04  6.00292322e-03  0.00000000e+00]","[ 0.         -0.29663491 13.10766697 -3.42116857 -1.38734913 -0.17472577
  0.1039523   0.10052663]"
1747093075.4684849,"[ 0.          0.20310278  1.0208214  -2.37357934 -1.94215257  1.76064283
  0.74482883  1.53932908]","[ 0.00000000e+00 -3.16014045e-02 -9.79703624e-04 -1.72216829e-04
  9.27330604e-05 -3.92090523e-04  4.94655437e-03  0.00000000e+00]","[ 0.         -0.30399048 13.07107162 -3.43252254 -1.33162582 -0.20346785
  0.12136446  0.09262524]"
1747093075.4701521,"[ 0.          0.20306928  1.02081961 -2.37357934 -1.94215257  1.7606419
  0.74483263  1.53932908]","[ 0.         -0.03159683 -0.00104371 -0.00017209  0.00010598 -0.00040577
  0.00437585  0.        ]","[ 0.         -0.26470006 13.06040096 -3.43236327 -1.32284319 -0.20259884
  0.13594936  0.09101312]"
1747093075.4718585,"[ 0.          0.20300268  1.02081501 -2.37357987 -1.94215257  1.76064003
  0.74483742  1.53932908]","[ 0.         -0.0339978  -0.00136631 -0.00017837  0.00010102 -0.00042286
  0.00324451  0.        ]","[ 0.         -0.24145435 13.06133938 -3.41535401 -1.38782823 -0.18549506
  0.13806695  0.07426296]"
1747093075.4736304,"[ 0.          0.20296871  1.02081268 -2.37357987 -1.94215284  1.76063897
  0.74483929  1.53932908]","[ 0.00000000e+00 -3.45724769e-02 -1.63397664e-03 -1.80308798e-04
  8.83932083e-05 -4.33407816e-04  2.87219297e-03  0.00000000e+00]","[ 0.         -0.24548496 13.06967926 -3.40409374 -1.41532683 -0.18677451
  0.12295339  0.08254956]"
1747093075.4757414,"[ 0.          0.20289754  1.02080809 -2.3735804  -1.94215337  1.76063897
  0.74484308  1.53933001]","[ 0.00000000e+00 -3.51075830e-02 -2.11940198e-03 -1.78456809e-04
  6.03180183e-05 -4.26037602e-04  2.07436166e-03  1.06059783e-05]","[ 0.         -0.248873   13.13476372 -3.37485075 -1.5805459  -0.18196693
  0.11988783  0.10639802]"
1747093075.4780617,"[ 0.          0.20283232  1.02080396 -2.37358067 -1.9421539   1.76063803
  0.74484501  1.53933001]","[ 0.00000000e+00 -3.26486822e-02 -2.18590520e-03 -1.79393207e-04
  2.41283000e-05 -4.36205598e-04  1.48928519e-03  1.05979587e-05]","[ 0.         -0.19497386 13.24773216 -3.36112046 -1.75816655 -0.14480406
  0.12535958  0.11253517]"
1747093075.4792757,"[ 0.          0.20276987  1.02080076 -2.3735812  -1.9421547   1.76063803
  0.74484787  1.53933001]","[ 0.00000000e+00 -2.98133748e-02 -2.03842225e-03 -1.82153099e-04
 -1.10743559e-05 -4.29528775e-04  1.30983716e-03  1.06059783e-05]","[ 0.         -0.20965146 13.30555725 -3.3146534  -2.04556894 -0.09365312
  0.1338338   0.1159183 ]"
1747093075.4809234,"[ 0.          0.20271157  1.0207989  -2.3735812  -1.94215576  1.76063803
  0.74484974  1.53933001]","[ 0.00000000e+00 -2.97107224e-02 -1.72201413e-03 -1.78456809e-04
 -5.10262331e-05 -4.23053282e-04  1.11696396e-03  1.06060839e-05]","[ 0.         -0.16596137 13.3485508  -3.33283019 -2.28492689 -0.07901344
  0.13148238  0.12300843]"
1747093075.4820485,"[ 0.          0.20268217  1.02079803 -2.3735812  -1.94215603  1.76063803
  0.74485074  1.53933001]","[ 0.00000000e+00 -2.97107224e-02 -1.50461072e-03 -1.76633314e-04
 -5.90021682e-05 -4.06788234e-04  1.17038635e-03  1.06059783e-05]","[ 0.         -0.18384196 13.3772583  -3.36025357 -2.42128825 -0.07707313
  0.12581922  0.10705635]"
1747093075.4837592,"[ 0.          0.20262019  1.02079664 -2.3735812  -1.9421571   1.76063803
  0.74485353  1.53933001]","[ 0.00000000e+00 -3.02202662e-02 -1.19231191e-03 -1.71113529e-04
 -9.14201808e-05 -3.91425481e-04  1.20795395e-03  1.06059783e-05]","[ 0.         -0.15847443 13.49769878 -3.30905604 -2.58790207 -0.01984578
  0.13017127  0.13276875]"
1747093075.485452,"[ 0.          0.20259126  1.02079617 -2.37358174 -1.9421571   1.76063803
  0.74485353  1.53933001]","[ 0.00000000e+00 -2.94406258e-02 -9.60473468e-04 -1.74574484e-04
 -8.84271724e-05 -3.90516684e-04  1.20795395e-03  1.06059783e-05]","[ 0.00000000e+00 -1.34234726e-01  1.35415878e+01 -3.30609751e+00
 -2.64348722e+00  1.16907270e-03  1.30171269e-01  1.37922585e-01]"
1747093075.4865773,"[ 0.          0.20253385  1.02079524 -2.37358174 -1.94215763  1.76063803
  0.7448564   1.53933001]","[ 0.00000000e+00 -2.73337616e-02 -6.95428798e-04 -1.72694245e-04
 -1.02748718e-04 -3.78746922e-04  1.19216367e-03  1.06059783e-05]","[ 0.         -0.12694477 13.5952692  -3.28522205 -2.73663354  0.02383853
  0.12770221  0.15722124]"
1747093075.488329,"[ 0.          0.20248518  1.02079431 -2.37358174 -1.94215763  1.76063803
  0.74485926  1.53933001]","[ 0.00000000e+00 -2.37444946e-02 -5.63036142e-04 -1.67426472e-04
 -1.02498258e-04 -3.73548687e-04  1.26859340e-03  1.06059783e-05]","[ 0.         -0.08227207 13.6445961  -3.2579639  -2.75487518  0.0594971
  0.13204847  0.15279184]"
1747093075.4901044,"[ 0.          0.20246268  1.02079391 -2.37358174 -1.94215763  1.7606371
  0.74486019  1.53933001]","[ 0.00000000e+00 -2.26881871e-02 -5.29916392e-04 -1.65769115e-04
 -9.93562351e-05 -3.79948368e-04  1.26845283e-03  1.06140091e-05]","[ 0.         -0.04484078 13.65214825 -3.24770164 -2.73940158  0.06205641
  0.14119384  0.15984108]"
1747093075.491901,"[ 0.          0.20241905  1.02079251 -2.373582   -1.9421579   1.7606371
  0.74486305  1.53933001]","[ 0.00000000e+00 -2.08137815e-02 -5.29850496e-04 -1.65644394e-04
 -1.20497758e-04 -3.74044941e-04  1.31970321e-03  1.06059783e-05]","[ 0.         -0.03595505 13.5709753  -3.25956631 -2.70895934  0.03697697
  0.1443987   0.13392222]"
1747093075.4931207,"[ 0.          0.20239886  1.02079111 -2.37358254 -1.9421579   1.76063617
  0.74486498  1.53933001]","[ 0.00000000e+00 -2.05274085e-02 -6.19476952e-04 -1.69311312e-04
 -1.36568247e-04 -3.74044941e-04  1.42527947e-03  1.06058726e-05]","[ 0.         -0.01842904 13.54086018 -3.26976943 -2.6845665   0.02438932
  0.13336292  0.11972848]"
1747093075.49476,"[ 0.          0.20235936  1.02078838 -2.37358254 -1.9421579   1.76063524
  0.74486785  1.53933001]","[ 0.00000000e+00 -1.99872133e-02 -7.50527169e-04 -1.64020327e-04
 -1.32623659e-04 -3.68322168e-04  1.40408862e-03  1.06140091e-05]","[ 0.          0.04436056 13.46042538 -3.26956868 -2.49912405 -0.01485663
  0.14404117  0.10090466]"
1747093075.4961507,"[ 0.          0.20233733  1.02078652 -2.37358254 -1.94215763  1.76063431
  0.74486971  1.53933001]","[ 0.00000000e+00 -2.07942031e-02 -8.44319398e-04 -1.64020327e-04
 -1.21056219e-04 -3.67517368e-04  1.41316898e-03  1.06059783e-05]","[ 0.          0.04467056 13.39996719 -3.2695601  -2.38459325 -0.04501094
  0.14163472  0.11074717]"
1747093075.497869,"[ 0.          0.20229508  1.02078192 -2.37358307 -1.9421571   1.76063337
  0.74487164  1.53933001]","[ 0.00000000e+00 -2.13160808e-02 -1.04363275e-03 -1.64021952e-04
 -1.21314709e-04 -3.53357199e-04  1.38791355e-03  1.05979587e-05]","[ 0.          0.12880731 13.34329319 -3.25824237 -2.16012192 -0.03614575
  0.13285907  0.12754235]"
1747093075.4996073,"[ 0.          0.20224916  1.0207764  -2.37358307 -1.9421571   1.76063138
  0.74487451  1.53933001]","[ 0.00000000e+00 -2.32283823e-02 -1.36621009e-03 -1.58729359e-04
 -1.25113964e-04 -3.63158328e-04  1.39367862e-03  1.05900569e-05]","[ 0.          0.16969466 13.24474144 -3.29566288 -1.91026735 -0.08717524
  0.13568045  0.10793769]"
1747093075.5007658,"[ 0.          0.20222391  1.02077273 -2.37358307 -1.9421571   1.76063044
  0.74487544  1.53933001]","[ 0.00000000e+00 -2.38005937e-02 -1.78839369e-03 -1.56083866e-04
 -1.21795277e-04 -3.73064916e-04  1.32311266e-03  1.05899522e-05]","[ 0.          0.18513738 13.21783638 -3.29566288 -1.84593236 -0.11070465
  0.1342551   0.09698293]"
1747093075.5025494,"[ 0.          0.20217799  1.02076401 -2.3735836  -1.9421571   1.76062765
  0.74487737  1.53933001]","[ 0.00000000e+00 -2.32519659e-02 -3.17087923e-03 -1.56201794e-04
 -1.18644981e-04 -3.99339835e-04  1.30823107e-03  1.05899522e-05]","[ 0.          0.24335793 13.198699   -3.29614019 -1.68975341 -0.15624477
  0.11955098  0.09462471]"
1747093075.5043547,"[ 0.          0.20215365  1.02075809 -2.37358387 -1.9421571   1.76062565
  0.7448783   1.53933001]","[ 0.00000000e+00 -2.27984628e-02 -4.20275116e-03 -1.53439886e-04
 -1.32343103e-04 -4.22263859e-04  1.24191433e-03  1.05899522e-05]","[ 0.          0.24973783 13.19285011 -3.27257419 -1.61382926 -0.17854828
  0.11345286  0.09672601]"
1747093075.505516,"[ 0.          0.20210819  1.02074104 -2.37358387 -1.9421571   1.76062285
  0.74488023  1.53933001]","[ 0.00000000e+00 -2.05938648e-02 -7.54635407e-03 -1.50792882e-04
 -1.29266457e-04 -4.46224929e-04  1.23258377e-03  1.05899522e-05]","[ 0.          0.29175004 13.25111961 -3.27285743 -1.51207376 -0.17996545
  0.10686637  0.08961195]"
1747093075.5072937,"[ 0.          0.20209028  1.02073052 -2.3735844  -1.9421571   1.76062192
  0.7448821   1.53933001]","[ 0.00000000e+00 -1.80965312e-02 -9.72350907e-03 -1.50906827e-04
 -1.26090364e-04 -4.54305764e-04  1.27379385e-03  1.05899522e-05]","[ 0.          0.29481018 13.28843403 -3.29816747 -1.48137379 -0.17590462
  0.11179103  0.10120732]"
1747093075.5090237,"[ 0.          0.20205768  1.02070203 -2.3735844  -1.9421571   1.76062006
  0.74488403  1.53933001]","[ 0.00000000e+00 -1.48553612e-02 -1.53955564e-02 -1.50792882e-04
 -1.12601625e-04 -4.80319763e-04  1.20958904e-03  1.05899522e-05]","[ 0.          0.31524271 13.39439201 -3.31992698 -1.51163137 -0.15100467
  0.12255004  0.09888453]"
1747093075.5102558,"[ 0.          0.20204481  1.02068185 -2.3735844  -1.94215763  1.76061899
  0.74488496  1.53933001]","[ 0.00000000e+00 -1.29515433e-02 -1.90584026e-02 -1.45503344e-04
 -1.25852014e-04 -5.00462747e-04  1.20952207e-03  1.05979587e-05]","[ 0.          0.31195197 13.43195629 -3.34688687 -1.60037136 -0.14371656
  0.12331728  0.08093089]"
1747093075.5120227,"[ 0.          0.20202094  1.02063498 -2.37358493 -1.94215843  1.76061899
  0.74488875  1.53933001]","[ 0.00000000e+00 -1.16141912e-02 -2.51190644e-02 -1.45611844e-04
 -1.38906900e-04 -5.30198117e-04  1.20445205e-03  1.05900569e-05]","[ 0.          0.28403315 13.60950184 -3.35044599 -1.8311826  -0.0807172
  0.11978897  0.08930198]"
1747093075.5131793,"[ 0.          0.20200946  1.02060789 -2.37358546 -1.94215896  1.76061899
  0.74489068  1.53933001]","[ 0.00000000e+00 -1.07830435e-02 -2.75499417e-02 -1.48259335e-04
 -1.47813113e-04 -5.38210032e-04  1.25377671e-03  1.05899522e-05]","[ 0.          0.27302492 13.69964314 -3.36016655 -1.93915308 -0.08313425
  0.1293841   0.10157756]"
1747093075.5149274,"[ 0.          0.20198925  1.02054823 -2.37358626 -1.94216029  1.76061899
  0.74489634  1.53933001]","[ 0.00000000e+00 -1.02637042e-02 -2.91705272e-02 -1.50792882e-04
 -1.70813615e-04 -5.55632021e-04  1.39663086e-03  1.05899522e-05]","[ 0.          0.20356405 13.9161005  -3.39199018 -2.27231288 -0.05971508
  0.14138407  0.12128317]"
1747093075.516099,"[ 0.          0.20197043  1.0204917  -2.37358706 -1.94216216  1.76061899
  0.74490207  1.53933001]","[ 0.00000000e+00 -8.90418548e-03 -2.83602355e-02 -1.53554302e-04
 -2.02855991e-04 -5.43103265e-04  1.51930713e-03  1.05900569e-05]","[ 0.00000000e+00  2.20785066e-01  1.41935730e+01 -3.42041397e+00
 -2.56742454e+00 -1.18514048e-02  1.61192790e-01  1.15061238e-01]"
1747093075.5184448,"[ 0.          0.20196217  1.02046374 -2.3735876  -1.94216349  1.76061899
  0.74490586  1.53933001]","[ 0.00000000e+00 -8.37302164e-03 -2.63059188e-02 -1.58729359e-04
 -2.26309087e-04 -5.43103265e-04  1.64065001e-03  1.05900569e-05]","[ 0.00000000e+00  1.86675996e-01  1.42967539e+01 -3.44664216e+00
 -2.74859047e+00  3.95090831e-03  1.57203838e-01  1.26198530e-01]"
1747093075.5195498,"[ 0.          0.2019539   1.02041873 -2.37358893 -1.94216615  1.76061899
  0.74491539  1.53933001]","[ 0.00000000e+00 -8.37302164e-03 -2.13377002e-02 -1.72086727e-04
 -2.70452445e-04 -5.21668622e-04  2.08962789e-03  1.05899522e-05]","[ 0.          0.15858869 14.49202538 -3.473068   -3.0397861   0.0980643
  0.17564769  0.13058329]"
1747093075.5213618,"[ 0.          0.20194609  1.02039989 -2.37358999 -1.94216722  1.76061899
  0.74492111  1.53933001]","[ 0.00000000e+00 -7.80222976e-03 -1.91769216e-02 -1.82676677e-04
 -2.85624319e-04 -5.04564737e-04  2.59990217e-03  1.05899522e-05]","[ 0.          0.16672081 14.53417873 -3.50078106 -3.15802073  0.10381739
  0.18639287  0.13625872]"
1747093075.5231056,"[ 0.          0.20193233  1.02036634 -2.37359212 -1.94216935  1.76061899
  0.74493443  1.53933001]","[ 0.00000000e+00 -7.02253421e-03 -1.50461080e-02 -2.10393513e-04
 -3.15048641e-04 -4.74632945e-04  4.32862635e-03  1.05899522e-05]","[ 0.          0.07275256 14.5978756  -3.58300686 -3.39970088  0.12425423
  0.23061199  0.14097273]"
1747093075.5242918,"[ 0.          0.20191854  1.02033931 -2.37359452 -1.94217041  1.76061899
  0.74494967  1.53933001]","[ 0.00000000e+00 -6.75863211e-03 -1.29646791e-02 -2.54077450e-04
 -3.28500823e-04 -4.44701121e-04  6.48792803e-03  1.05900569e-05]","[ 0.          0.04005126 14.59352779 -3.63419223 -3.53237772  0.15134855
  0.24246404  0.13595065]"
1747093075.5261145,"[ 0.          0.20191212  1.02032732 -2.37359585 -1.94217095  1.76061899
  0.74495726  1.53933001]","[ 0.00000000e+00 -6.48233955e-03 -1.21543863e-02 -2.68248266e-04
 -3.40058884e-04 -4.27597236e-04  7.23367139e-03  1.05899522e-05]","[ 0.          0.01701514 14.59955597 -3.67456222 -3.54215932  0.15547025
  0.24465726  0.13531017]"
1747093075.527238,"[ 0.          0.20190017  1.02030482 -2.37359878 -1.94217095  1.76061899
  0.7449763   1.53933001]","[ 0.00000000e+00 -6.07411285e-03 -1.05322757e-02 -3.25055878e-04
 -3.32849623e-04 -3.97180763e-04  8.54596482e-03  1.05899522e-05]","[ 0.         -0.05696696 14.58813381 -3.75559855 -3.46762848  0.15638319
  0.27335811  0.13113317]"
1747093075.5296204,"[ 0.          0.20189466  1.02029476 -2.37360011 -1.94217095  1.76061899
  0.74498583  1.53933001]","[ 0.00000000e+00 -5.59159799e-03 -1.02637042e-02 -3.69010813e-04
 -3.22454387e-04 -3.97665444e-04  9.00745891e-03  1.05899522e-05]","[ 0.         -0.09598318 14.56801414 -3.80000973 -3.40831327  0.1431839
  0.25242445  0.12871704]"
1747093075.5313475,"[ 0.          0.20188594  1.02027499 -2.37360331 -1.94217041  1.76061806
  0.7450058   1.53933001]","[ 0.00000000e+00 -4.45434966e-03 -9.52920130e-03 -5.44265928e-04
 -2.96449978e-04 -3.91468003e-04  9.99022881e-03  1.05899522e-05]","[ 0.         -0.1288853  14.51065254 -3.8219943  -3.20831513  0.10133959
  0.26096404  0.14581932]"
1747093075.5331714,"[ 0.          0.20187951  1.02025755 -2.37360704 -1.94217041  1.76061713
  0.74502577  1.53933001]","[ 0.00000000e+00 -3.12089190e-03 -8.91321630e-03 -9.01508182e-04
 -2.80431123e-04 -3.97424940e-04  1.00066041e-02  1.05899522e-05]","[ 0.         -0.1957192  14.425457   -3.89194846 -2.9610877   0.06749308
  0.26983905  0.13286206]"
1747093075.534851,"[ 0.          0.20187583  1.02023964 -2.37361103 -1.94216988  1.7606162
  0.74504382  1.53933001]","[ 0.00000000e+00 -1.89068235e-03 -8.52612739e-03 -1.49106813e-03
 -2.49642094e-04 -3.91425481e-04  9.36021436e-03  1.05899522e-05]","[ 0.         -0.24279037 14.27931309 -3.93122578 -2.6748147   0.03135864
  0.288131    0.14564773]"
1747093075.5365498,"[ 0.          0.20187445  1.02022173 -2.37361662 -1.94216935  1.76061526
  0.74505999  1.53933001]","[ 0.00000000e+00 -6.49868457e-04 -9.18331389e-03 -1.94158357e-03
 -2.28838586e-04 -3.85598613e-04  8.42383756e-03  1.05900569e-05]","[ 0.00000000e+00 -3.55287641e-01  1.40558376e+01 -4.00641108e+00
 -2.44532394e+00  8.34484585e-03  2.79734552e-01  1.13845825e-01]"
1747093075.538212,"[ 0.          0.201874    1.02021254 -2.37361929 -1.94216908  1.76061433
  0.74506665  1.53933001]","[ 0.00000000e+00 -3.90111488e-04 -9.18331389e-03 -2.15251764e-03
 -2.23306269e-04 -3.85598613e-04  7.54884194e-03  1.05899522e-05]","[ 0.00000000e+00 -3.66835684e-01  1.39612370e+01 -4.01148319e+00
 -2.28432560e+00  1.22016938e-02  2.77727574e-01  1.09369010e-01]"
1747093075.5393329,"[ 0.          0.20187354  1.02019237 -2.37362568 -1.94216908  1.76061233
  0.74507904  1.53933001]","[ 0.00000000e+00 -2.70097476e-04 -1.02815069e-02 -2.64239936e-03
 -2.19408584e-04 -4.05215369e-04  6.48014817e-03  1.05819570e-05]","[ 0.         -0.39501023 13.68471718 -4.07395744 -2.03304958 -0.02844087
  0.29517281  0.10961491]"
1747093075.54102,"[ 0.          0.20187354  1.02018178 -2.37362941 -1.94216908  1.7606114
  0.74508663  1.53933001]","[ 0.00000000e+00 -1.75554461e-04 -1.07929524e-02 -3.06570101e-03
 -2.19093764e-04 -4.14810616e-04  6.58112306e-03  1.05899522e-05]","[ 0.         -0.4493337  13.60303307 -4.09848785 -1.96303761 -0.02903775
  0.2890065   0.11281468]"
1747093075.543947,"[ 0.          0.20187309  1.02015974 -2.37363766 -1.94216935  1.76060954
  0.74510087  1.53933001]","[ 0.00000000e+00 -1.98693940e-04 -1.10739970e-02 -3.67002428e-03
 -2.19093764e-04 -4.25747229e-04  6.80816119e-03  1.05900569e-05]","[ 0.         -0.53397655 13.44238377 -4.14774895 -1.80425012 -0.05307833
  0.29706311  0.14439994]"
1747093075.545533,"[ 0.          0.20187032  1.02012439 -2.37365151 -1.94216935  1.76060767
  0.74512371  1.53933001]","[ 0.00000000e+00 -5.28479871e-04 -1.14956597e-02 -4.56996050e-03
 -2.11124274e-04 -4.37030099e-04  7.55224788e-03  1.05899522e-05]","[ 0.         -0.63479811 13.22192097 -4.19590139 -1.7657479  -0.08304266
  0.29260805  0.11360325]"
1747093075.54783,"[ 0.          0.20186849  1.02009909 -2.37366243 -1.94216935  1.76060568
  0.74513703  1.53933001]","[ 0.00000000e+00 -6.14373123e-04 -1.13440936e-02 -5.26663408e-03
 -2.07354984e-04 -4.47313438e-04  7.08675020e-03  1.05899522e-05]","[ 0.         -0.70818746 13.19720078 -4.18215895 -1.82596707 -0.05967278
  0.30187824  0.0987301 ]"
1747093075.5495443,"[ 0.          0.20186711  1.02007752 -2.37367362 -1.94216988  1.76060474
  0.74514941  1.53933001]","[ 0.00000000e+00 -6.25155155e-04 -1.07929524e-02 -5.49198172e-03
 -2.12905279e-04 -4.52521719e-04  6.35820608e-03  1.05900569e-05]","[ 0.         -0.75467283 13.15635204 -4.19045305 -1.91360414 -0.058664
  0.29145962  0.09079889]"
1747093075.551301,"[ 0.          0.20186573  1.0200656  -2.37367894 -1.94217041  1.76060381
  0.7451542   1.53933001]","[ 0.00000000e+00 -6.97288459e-04 -1.12845802e-02 -5.44039494e-03
 -2.22367742e-04 -4.60633762e-04  5.96081823e-03  1.05900569e-05]","[ 0.         -0.833983   13.20608902 -4.19107819 -2.00384593 -0.0448161
  0.29235566  0.08491799]"
1747093075.5529897,"[ 0.          0.20186343  1.02004403 -2.37368826 -1.94217095  1.76060381
  0.74516086  1.53933001]","[ 0.00000000e+00 -7.71107305e-04 -1.10739970e-02 -4.82615660e-03
 -2.32797860e-04 -4.52065646e-04  4.42126353e-03  1.05899522e-05]","[ 0.         -0.89036345 13.26708221 -4.14535236 -2.16690445 -0.02030832
  0.28889078  0.1041179 ]"
1747093075.5546749,"[ 0.          0.20186069  1.02002152 -2.37369519 -1.94217174  1.76060288
  0.74516466  1.53933001]","[ 0.00000000e+00 -8.46792120e-04 -1.07830435e-02 -3.68542874e-03
 -2.38231723e-04 -4.60633762e-04  2.58302127e-03  1.05899522e-05]","[ 0.         -0.98799974 13.31308937 -4.12723255 -2.38158584  0.03290347
  0.29960427  0.11638158]"
1747093075.556483,"[ 0.          0.20185792  1.01999902 -2.37369865 -1.94217308  1.76060288
  0.74516652  1.53933001]","[ 0.00000000e+00 -9.16456734e-04 -1.16024244e-02 -2.19370769e-03
 -2.52308636e-04 -4.72852249e-04  1.39085760e-03  1.05898466e-05]","[ 0.         -1.04848993 13.36528683 -4.07174444 -2.53557014  0.07204603
  0.30894539  0.13377921]"
1747093075.558251,"[ 0.          0.20185656  1.01998797 -2.37369971 -1.94217414  1.76060288
  0.74516652  1.53933001]","[ 0.00000000e+00 -9.40060170e-04 -1.13440936e-02 -1.53055236e-03
 -2.65434197e-04 -4.79207815e-04  7.28725658e-04  1.05899522e-05]","[ 0.         -1.08728862 13.36624336 -4.06003714 -2.62783027  0.08010791
  0.31403509  0.13488762]"
1747093075.5600166,"[ 0.          0.20185288  1.01997512 -2.37370025 -1.94217601  1.76060288
  0.74516845  1.53933001]","[ 0.00000000e+00 -1.19223779e-03 -1.20368858e-02 -5.26663382e-04
 -2.98857941e-04 -4.92977418e-04  7.28544452e-04  1.05899522e-05]","[ 0.         -1.15191591 13.41133785 -4.04639244 -2.78482628  0.14456028
  0.34096134  0.16040942]"
1747093075.5611982,"[ 0.          0.2018492   1.01994802 -2.37369971 -1.9421776   1.76060288
  0.74517131  1.53933095]","[ 0.00000000e+00 -1.40832406e-03 -1.45704862e-02  0.00000000e+00
 -3.84864878e-04 -4.84734395e-04  9.65390434e-04  1.85324169e-05]","[ 0.         -1.17117167 13.47738457 -4.08370686 -2.91069007  0.1546949
  0.35506341  0.14146838]"
1747093075.5629723,"[ 0.          0.20184737  1.01993151 -2.37370025 -1.94217867  1.76060288
  0.74517225  1.53933095]","[ 0.00000000e+00 -1.52344648e-03 -1.55622983e-02 -1.04786977e-04
 -3.36309880e-04 -4.78031987e-04  9.43714019e-04  1.85324169e-05]","[ 0.         -1.21468472 13.50620842 -4.1019454  -2.9650898   0.15823689
  0.35483241  0.12852316]"
1747093075.5647523,"[ 0.          0.20184369  1.01989296 -2.37370158 -1.94218107  1.76060288
  0.74517511  1.53933095]","[ 0.00000000e+00 -1.68922006e-03 -2.05274085e-02 -2.64239936e-04
 -3.28749064e-04 -4.66337647e-04  1.05970099e-03  1.85324169e-05]","[ 0.         -1.24902391 13.56286144 -4.14152002 -3.05098701  0.22178657
  0.36440247  0.15241741]"
1747093075.5665197,"[ 0.          0.20183956  1.01984609 -2.37370371 -1.94218373  1.76060288
  0.7451789   1.53933095]","[ 0.00000000e+00 -1.88792985e-03 -2.33214660e-02 -4.38789729e-04
 -3.34626971e-04 -4.40685736e-04  1.22334151e-03  1.85324169e-05]","[ 0.         -1.33360004 13.68633652 -4.18238258 -3.14256644  0.23796624
  0.37561664  0.15018509]"
1747093075.568325,"[ 0.          0.20183727  1.01982225 -2.37370531 -1.94218506  1.76060288
  0.74518177  1.53933095]","[ 0.00000000e+00 -1.94692771e-03 -2.43087727e-02 -5.54275343e-04
 -3.56237295e-04 -4.40685736e-04  1.38000157e-03  1.85325998e-05]","[ 0.         -1.36985672 13.75624943 -4.21552086 -3.17761636  0.26238179
  0.3783291   0.17535947]"
1747093075.5704992,"[ 0.          0.20183314  1.01977585 -2.37370983 -1.94218826  1.76060288
  0.74518749  1.53933095]","[ 0.00000000e+00 -1.98718644e-03 -2.32048487e-02 -8.38999513e-04
 -3.96449076e-04 -4.19505543e-04  1.61230529e-03  1.85324169e-05]","[ 0.         -1.41116178 13.97794247 -4.33705473 -3.32648396  0.27191517
  0.40683877  0.17707533]"
1747093075.5722127,"[ 0.          0.20182625  1.01971573 -2.37372022 -1.94219438  1.76060288
  0.74519701  1.53933095]","[ 0.00000000e+00 -2.18590520e-03 -1.80965312e-02 -1.46119002e-03
 -8.09497397e-04 -3.82706814e-04  1.89667251e-03  1.85324169e-05]","[ 0.         -1.4600004  14.24500465 -4.54270792 -3.48937583  0.25249147
  0.46905127  0.16959362]"
1747093075.5740595,"[ 0.          0.20182395  1.01970008 -2.37372448 -1.94219651  1.76060288
  0.74520081  1.53933095]","[ 0.00000000e+00 -2.22716521e-03 -1.59196051e-02 -2.20316035e-03
 -1.20357534e-03 -3.67982251e-04  2.01270012e-03  1.85322320e-05]","[ 0.         -1.51466167 14.28184605 -4.626266   -3.52417517  0.26554403
  0.47264549  0.16117428]"
1747093075.575839,"[ 0.          0.20181889  1.01967391 -2.37373513 -1.94220024  1.76060288
  0.74520747  1.53933095]","[ 0.00000000e+00 -2.34041067e-03 -1.15353491e-02 -4.45344669e-03
 -1.73119892e-03 -3.16801802e-04  2.53549945e-03  1.05900569e-05]","[ 0.         -1.58439851 14.39211082 -4.78194809 -3.50417948  0.25061288
  0.49831408  0.15654153]"
1747093075.5776079,"[ 0.          0.2018143   1.01965507 -2.37374792 -1.9422029   1.76060288
  0.74521413  1.53933095]","[ 0.00000000e+00 -2.34041067e-03 -8.91321630e-03 -6.23218342e-03
 -1.82893199e-03 -2.75990484e-04  3.09105097e-03  1.05979587e-05]","[ 0.         -1.60911798 14.47106838 -4.93271065 -3.50631237  0.25846976
  0.50091267  0.15776138]"
1747093075.5788376,"[ 0.          0.20181155  1.01964868 -2.37375564 -1.94220344  1.76060288
  0.74521699  1.53933095]","[ 0.00000000e+00 -2.49105196e-03 -6.48233955e-03 -7.42768060e-03
 -1.66740100e-03 -2.64950865e-04  3.17386488e-03  1.05900569e-05]","[ 0.         -1.63363397 14.52103901 -5.00400734 -3.48742366  0.21380338
  0.52618688  0.16253132]"
1747093075.5806081,"[ 0.          0.20180558  1.01963856 -2.37377535 -1.94220423  1.76060288
  0.74522172  1.53933095]","[ 0.00000000e+00 -2.58900142e-03 -4.32155961e-03 -9.61805309e-03
 -1.56344188e-03 -2.35511882e-04  3.13813691e-03  1.05900569e-05]","[ 0.         -1.71846533 14.51586056 -5.19851542 -3.44359779  0.22186504
  0.54788673  0.1721614 ]"
1747093075.5817661,"[ 0.          0.20180283  1.01963583 -2.3737868  -1.94220477  1.76060288
  0.74522458  1.53933095]","[ 0.00000000e+00 -2.66627184e-03 -2.70097486e-03 -1.16141912e-02
 -1.35694963e-03 -2.20789334e-04  3.00892314e-03  1.05898466e-05]","[ 0.         -1.76238227 14.49126625 -5.26737642 -3.43382311  0.21817189
  0.54715288  0.1659058 ]"
1747093075.583555,"[ 0.          0.20179547  1.01963257 -2.37381343 -1.9422061   1.76060195
  0.74522931  1.53933095]","[ 0.00000000e+00 -3.15508830e-03 -1.00307384e-03 -1.37749708e-02
 -1.05321103e-03 -2.32584144e-04  2.90937605e-03  1.05899522e-05]","[ 0.         -1.85629749 14.50058365 -5.39369774 -3.40965796  0.20474467
  0.60371476  0.1460776 ]"
1747093075.5853817,"[ 0.          0.20179089  1.0196321  -2.37383021 -1.94220663  1.76060195
  0.74523124  1.53933095]","[ 0.00000000e+00 -3.51105436e-03 -5.40194952e-04 -1.57984125e-02
 -8.55562997e-04 -2.32587314e-04  2.76025438e-03  1.05899522e-05]","[ 0.         -1.89825213 14.53655338 -5.46619415 -3.37880468  0.19909205
  0.59687245  0.14785375]"
1747093075.5871706,"[ 0.          0.20178124  1.01963257 -2.37386643 -1.9422085   1.76060195
  0.74523503  1.53933095]","[ 0.00000000e+00 -4.56996050e-03  2.70097476e-04 -1.96971389e-02
 -7.66971474e-04 -2.29261694e-04  2.50062062e-03  1.05820616e-05]","[ 0.         -1.95834267 14.5323019  -5.55027866 -3.32512331  0.19874601
  0.58848864  0.1651962 ]"
1747093075.588326,"[ 0.          0.20177069  1.01963257 -2.3739141  -1.94221089  1.76060195
  0.74523789  1.53933095]","[ 0.00000000e+00 -5.31012163e-03  1.75496610e-04 -2.45753093e-02
 -8.26060815e-04 -2.26032823e-04  2.14014759e-03  1.05899522e-05]","[ 0.         -1.99763083 14.57487869 -5.60852385 -3.23689175  0.21033262
  0.56872052  0.18557264]"
1747093075.5901062,"[ 0.          0.20176333  1.0196321  -2.3739418  -1.94221169  1.76060195
  0.74523883  1.53933095]","[ 0.00000000e+00 -5.88107424e-03 -1.75496610e-04 -2.80901368e-02
 -8.24508107e-04 -2.26032823e-04  1.97164323e-03  1.05899522e-05]","[ 0.         -2.01891947 14.59421825 -5.60159492 -3.22772574  0.21764749
  0.56832308  0.17984469]"
1747093075.591839,"[ 0.          0.20174863  1.01963257 -2.37400651 -1.94221489  1.76060195
  0.74524076  1.53933095]","[ 0.00000000e+00 -7.42768060e-03  0.00000000e+00 -3.45724769e-02
 -9.61777221e-04 -2.23334649e-04  1.73119892e-03  1.05900569e-05]","[ 0.         -2.06610632 14.62530994 -5.5651722  -3.23718262  0.21785471
  0.56421691  0.17205901]"
1747093075.593566,"[ 0.          0.20173027  1.01963257 -2.37408641 -1.94221915  1.76060195
  0.74524262  1.53933095]","[ 0.00000000e+00 -8.96818457e-03  0.00000000e+00 -4.02445253e-02
 -1.14298765e-03 -2.20269462e-04  1.37053253e-03  1.05899522e-05]","[ 0.         -2.07803583 14.64953518 -5.51229668 -3.26177168  0.21716051
  0.5517869   0.15283054]"
1747093075.594818,"[ 0.          0.20171971  1.01963257 -2.37412715 -1.94222128  1.76060195
  0.74524262  1.53933095]","[ 0.00000000e+00 -1.08038994e-02  0.00000000e+00 -4.13249156e-02
 -1.21449560e-03 -2.17076952e-04  1.20233011e-03  1.05900569e-05]","[ 0.         -2.07422733 14.63040066 -5.47733402 -3.26293612  0.25070629
  0.52752775  0.1550857 ]"
1747093075.5965674,"[ 0.          0.20169537  1.01963257 -2.37421211 -1.94222634  1.76060195
  0.74524362  1.53933095]","[ 0.00000000e+00 -1.29646791e-02  0.00000000e+00 -4.11260274e-02
 -1.55119745e-03 -2.14180017e-04  9.44211606e-04  1.05899522e-05]","[ 0.         -2.04198217 14.613204   -5.34231091 -3.29048991  0.26238427
  0.50077003  0.17665668]"
1747093075.5988839,"[ 0.          0.20166599  1.01963257 -2.37429333 -1.94223193  1.76060195
  0.74524455  1.53933095]","[ 0.00000000e+00 -1.53799571e-02  0.00000000e+00 -4.07847184e-02
 -2.24191662e-03 -2.11958657e-04  7.69491269e-04  1.05978530e-05]","[ 0.         -1.99956548 14.6223917  -5.1882019  -3.29800749  0.30654737
  0.46146917  0.15084009]"
1747093075.600621,"[ 0.          0.20163247  1.01963303 -2.37437882 -1.94223779  1.76060195
  0.74524455  1.53933095]","[ 0.00000000e+00 -1.80965312e-02  4.08178567e-05 -4.15884063e-02
 -2.72064558e-03 -2.09000880e-04  5.55473311e-04  1.06058726e-05]","[ 0.         -1.96130145 14.58888435 -5.00307178 -3.28237629  0.32309586
  0.43563327  0.17429109]"
1747093075.601867,"[ 0.          0.20161135  1.01963303 -2.37442116 -1.94224072  1.76060195
  0.74524455  1.53933095]","[ 0.00000000e+00 -1.98107082e-02  4.08209857e-05 -4.29454991e-02
 -2.84402328e-03 -2.09000880e-04  4.85736558e-04  1.06059783e-05]","[ 0.         -1.95054114 14.61534786 -4.89071989 -3.24342585  0.32193524
  0.42179567  0.18788083]"
1747093075.6035597,"[ 0.          0.20156726  1.01963303 -2.37450426 -1.94224711  1.76060195
  0.74524455  1.53933095]","[ 0.00000000e+00 -2.32048487e-02  7.59059752e-05 -4.24053018e-02
 -2.98701656e-03 -2.06504118e-04  3.09105097e-04  1.06059783e-05]","[ 0.         -1.86312056 14.61652851 -4.71583319 -3.19509292  0.33451679
  0.35021523  0.21558085]"
1747093075.6047573,"[ 0.          0.20154247  1.01963303 -2.3745474  -1.94224977  1.76060195
  0.74524455  1.53933095]","[ 0.00000000e+00 -2.51190644e-02  7.05660073e-05 -4.05862754e-02
 -2.88164199e-03 -2.03880797e-04  2.85746912e-04  1.06059783e-05]","[ 0.         -1.80476689 14.57990456 -4.59902239 -3.20760322  0.35723951
  0.32425001  0.20750628]"
1747093075.6084473,"[ 0.          0.20148553  1.0196335  -2.37462223 -1.94225537  1.76060195
  0.74524455  1.53933095]","[ 0.00000000e+00 -2.83602355e-02  8.27942876e-05 -3.72734528e-02
 -2.92538181e-03 -2.01504173e-04  1.42873456e-04  1.06059783e-05]","[ 0.         -1.66495645 14.62664032 -4.40729237 -3.19359493  0.37574458
  0.26996383  0.19635718]"
1747093075.6094894,"[ 0.          0.20142676  1.0196335  -2.3746976  -1.94226043  1.76060195
  0.74524362  1.53933095]","[ 0.00000000e+00 -3.02509176e-02  6.24093044e-05 -3.68629640e-02
 -2.65943787e-03 -1.99182327e-04  7.59005625e-05  1.06059783e-05]","[ 0.         -1.51370955 14.67268848 -4.22407007 -3.16283488  0.34489205
  0.22166634  0.20278156]"
1747093075.6144242,"[ 0.          0.20127429  1.01963397 -2.37488935 -1.94226735  1.76060195
  0.74524262  1.53933188]","[ 0.00000000e+00 -3.13313079e-02  6.96506188e-05 -3.86239376e-02
 -1.38290777e-03 -1.94524428e-04 -6.21362832e-05  1.85604623e-05]","[ 0.         -1.11502433 14.69082928 -3.73413992 -2.87198925  0.33327585
  0.07348074  0.20464858]"
1747093075.6187305,"[ 0.          0.20113424  1.0196335  -2.37503955 -1.94226682  1.76060195
  0.74524169  1.53933188]","[ 0.00000000e+00 -3.78520370e-02  5.29903226e-05 -3.72356859e-02
  0.00000000e+00 -1.90242776e-04 -1.53239385e-04  1.85604623e-05]","[ 0.         -0.78477466 14.48917294 -3.45574689 -2.53287888  0.29647887
 -0.01581507  0.19320916]"
1747093075.6227872,"[ 0.          0.20094506  1.01963303 -2.37523103 -1.94226682  1.76060195
  0.74524076  1.53933188]","[ 0.00000000e+00 -3.40724268e-02  0.00000000e+00 -3.85848058e-02
  0.00000000e+00 -1.76263228e-04 -1.76794804e-04  1.85464284e-05]","[ 0.         -0.27281505 14.21290207 -3.11796284 -2.12482119  0.29727277
 -0.06558512  0.21458155]"
1747093075.626387,"[ 0.          0.20085598  1.01963303 -2.37534182 -1.94226629  1.76060195
  0.74523982  1.53933188]","[ 0.00000000e+00 -2.73337616e-02  0.00000000e+00 -3.51126721e-02
  8.83157386e-05 -1.65648392e-04 -2.07869996e-04  1.85604623e-05]","[ 0.00000000e+00 -1.26898848e-03  1.40567179e+01 -2.99358988e+00
 -1.98808050e+00  2.91127384e-01 -1.10097192e-01  2.10035846e-01]"
1747093075.6294706,"[ 0.          0.20078434  1.01963257 -2.37544648 -1.94226629  1.76060195
  0.74523982  1.53933188]","[ 0.00000000e+00 -2.24180906e-02 -1.89764938e-05 -3.51126721e-02
  9.43647180e-05 -1.55130564e-04 -2.07860991e-04  1.85604623e-05]","[ 0.          0.1539631  13.95094299 -2.87975359 -1.81258941  0.29208842
 -0.13986863  0.2295443 ]"
1747093075.632361,"[ 0.          0.20073062  1.01963257 -2.37555887 -1.94226629  1.76060195
  0.74523883  1.53933188]","[ 0.00000000e+00 -1.53955564e-02 -1.82840358e-05 -3.94342335e-02
  7.09183430e-05 -1.23632589e-04 -2.33322219e-04  1.85602774e-05]","[ 0.          0.25868148 13.79992771 -2.847646   -1.74552596  0.3251929
 -0.17847611  0.24440885]"
1747093075.6351435,"[ 0.          0.20070399  1.01963164 -2.37568244 -1.94226682  1.76060195
  0.74523883  1.53933188]","[ 0.00000000e+00 -5.67204678e-03 -4.42135862e-05 -4.13249156e-02
  0.00000000e+00 -9.20046573e-05 -1.83161017e-04  1.85464284e-05]","[ 0.          0.34053245 13.6633997  -2.80873513 -1.78782654  0.30921856
 -0.18203972  0.2489931 ]"
1747093075.6380439,"[ 0.          0.20070306  1.01963124 -2.3758116  -1.94226682  1.76060195
  0.74523883  1.53933188]","[ 0.00000000e+00  9.44862052e-04 -6.85013422e-05 -4.40258894e-02
  0.00000000e+00 -6.32538835e-05 -1.76511160e-04  1.85606472e-05]","[ 0.          0.30011427 13.56135845 -2.76010323 -1.86350608  0.36700571
 -0.18781418  0.25041175]"
1747093075.6398282,"[ 0.          0.20070627  1.01963077 -2.37590295 -1.94226682  1.76060195
  0.74523883  1.53933188]","[ 0.00000000e+00  1.25808211e-03 -8.27968639e-05 -4.69969619e-02
  0.00000000e+00 -5.17526207e-05 -1.37281403e-04  1.85604623e-05]","[ 0.          0.27010849 13.50927353 -2.76330304 -1.89363575  0.40327689
 -0.17869548  0.28429461]"
1747093075.6416168,"[ 0.          0.20070306  1.01963031 -2.37600148 -1.94226682  1.76060195
  0.74523883  1.53933281]","[ 0.00000000e+00  0.00000000e+00 -9.66226264e-05 -4.78072536e-02
  0.00000000e+00 -4.02524713e-05 -1.32472035e-04  2.65149452e-05]","[ 0.          0.24520706 13.44001675 -2.75421286 -1.92173362  0.42952436
 -0.17840841  0.28612989]"
1747093075.6439712,"[ 0.          0.20070261  1.01962984 -2.3760915  -1.94226682  1.76060195
  0.74523883  1.53933281]","[ 0.00000000e+00 -8.77627637e-05 -1.24818609e-04 -4.45660825e-02
  0.00000000e+00 -2.84489290e-05 -1.27988248e-04  2.64948971e-05]","[ 0.          0.22365873 13.41838074 -2.7290442  -1.94692421  0.44397482
 -0.17234693  0.31418538]"
1747093075.6457655,"[ 0.          0.20070399  1.01962937 -2.37617938 -1.94226682  1.76060195
  0.74523789  1.53933281]","[ 0.00000000e+00 -1.90798181e-04 -1.25113964e-04 -4.24053018e-02
  0.00000000e+00 -1.99140374e-05 -1.63283943e-04  2.65149452e-05]","[ 0.          0.18036728 13.37523842 -2.71798491 -1.96852434  0.44765711
 -0.17545344  0.32757393]"
1747093075.6468608,"[ 0.          0.20070399  1.01962891 -2.3762196  -1.94226682  1.76060195
  0.74523789  1.53933281]","[ 0.00000000e+00 -3.39785220e-04 -1.39833252e-04 -4.07847184e-02
  0.00000000e+00 -1.97064737e-05 -1.57978183e-04  2.64948971e-05]","[ 0.          0.17747721 13.3674202  -2.72876978 -1.96727014  0.45471013
 -0.17093833  0.32014132]"
1747093075.6486073,"[ 0.          0.20070261  1.01962844 -2.37630109 -1.94226682  1.76060288
  0.74523789  1.53933281]","[ 0.00000000e+00 -4.13030408e-04 -1.50452981e-04 -3.91244538e-02
  0.00000000e+00 -1.12608424e-05 -1.23176369e-04  2.65149452e-05]","[ 0.          0.13523351 13.34941387 -2.74787164 -1.93232119  0.46874332
 -0.17517401  0.32158744]"
1747093075.6504228,"[ 0.          0.20070261  1.01962844 -2.37633784 -1.94226682  1.76060288
  0.74523789  1.53933281]","[ 0.00000000e+00 -3.72358489e-04 -1.46565276e-04 -3.72734528e-02
  0.00000000e+00  0.00000000e+00 -9.65422228e-05  2.65149452e-05]","[ 0.          0.11570819 13.34941387 -2.7223568  -1.86933112  0.47242588
 -0.16469309  0.31789801]"
1747093075.652099,"[ 0.          0.20070353  1.01962797 -2.37640762 -1.94226682  1.76060288
  0.74523789  1.53933281]","[ 0.00000000e+00  5.31887593e-05 -1.49673132e-04 -3.28506684e-02
  0.00000000e+00  0.00000000e+00 -9.35039045e-05  2.64948971e-05]","[ 0.          0.07189719 13.32628345 -2.72948432 -1.81686676  0.47025365
 -0.16390857  0.3277663 ]"
1747093075.6532829,"[ 0.          0.20070306  1.01962797 -2.37646221 -1.94226682  1.76060288
  0.74523789  1.53933281]","[ 0.00000000e+00  4.84211093e-05 -1.45999371e-04 -2.61994548e-02
  0.00000000e+00  0.00000000e+00 -9.06481746e-05  2.65149452e-05]","[ 0.          0.01992137 13.34151459 -2.74731541 -1.74983609  0.48800683
 -0.18792491  0.32133332]"
1747093075.655027,"[ 0.          0.20070306  1.01962751 -2.37648591 -1.94226682  1.76060288
  0.74523789  1.53933281]","[ 0.00000000e+00  4.41578693e-05 -1.58970968e-04 -2.40143186e-02
  0.00000000e+00  0.00000000e+00 -9.06481746e-05  2.64948971e-05]","[ 0.00000000e+00 -5.34193171e-03  1.33657684e+01 -2.76469660e+00
 -1.68988943e+00  5.07505238e-01 -1.79237664e-01  3.29976559e-01]"
1747093075.6569064,"[ 0.          0.20070306  1.01962751 -2.37652879 -1.94226682  1.76060288
  0.74523789  1.53933281]","[ 0.00000000e+00  4.08209857e-05 -1.55161952e-04 -2.00426050e-02
  0.00000000e+00  0.00000000e+00 -8.77640804e-05  2.64948971e-05]","[ 0.         -0.05533303 13.42403793 -2.82773852 -1.59447086  0.51514328
 -0.15475321  0.3360371 ]"
1747093075.658668,"[ 0.          0.20070353  1.01962751 -2.37656501 -1.94226629  1.76060288
  0.74523696  1.53933387]","[ 0.00000000e+00  0.00000000e+00 -1.42231788e-04 -1.80965312e-02
  1.29301630e-05  0.00000000e+00 -8.77640804e-05  3.70928568e-05]","[ 0.         -0.11934693 13.4490242  -2.86711597 -1.52945566  0.52516341
 -0.14543943  0.34414732]"
1747093075.6610377,"[ 0.          0.20070306  1.01962704 -2.37660176 -1.94226629  1.76060288
  0.74523696  1.53933387]","[ 0.00000000e+00 -3.31177162e-05 -1.51534809e-04 -1.80553292e-02
  1.26279007e-05  0.00000000e+00 -8.54348953e-05  3.71209245e-05]","[ 0.         -0.16475739 13.45947075 -2.94859767 -1.46950841  0.51076764
 -0.14466028  0.3468498 ]"
1747093075.663089,"[ 0.          0.20070261  1.01962704 -2.37663851 -1.94226629  1.76060288
  0.74523696  1.53933387]","[ 0.00000000e+00 -7.76658251e-05 -1.47816526e-04 -1.86367264e-02
  1.23177591e-05  0.00000000e+00 -8.28659543e-05  2.91443860e-05]","[ 0.         -0.21529742 13.50358105 -3.01079035 -1.4422344   0.49560848
 -0.14040448  0.34973279]"
1747093075.6646683,"[ 0.          0.20070306  1.01962704 -2.37665769 -1.94226629  1.76060381
  0.74523696  1.53933387]","[ 0.00000000e+00 -6.24093044e-05 -1.48073366e-04 -1.94470181e-02
  1.20431460e-05  1.05819570e-05 -8.06196761e-05  2.91443860e-05]","[ 0.         -0.24463588 13.51553154 -3.01622772 -1.43023813  0.47603729
 -0.10752492  0.36224848]"
1747093075.6664195,"[ 0.          0.20070306  1.01962704 -2.37669684 -1.94226629  1.76060381
  0.74523696  1.53933387]","[ 0.00000000e+00  0.00000000e+00 -1.32702648e-04 -1.91769216e-02
  1.18003463e-05  1.05819570e-05 -8.06196761e-05  2.91664395e-05]","[ 0.         -0.28860417 13.56946373 -3.04466677 -1.40839076  0.48394108
 -0.12086998  0.35642761]"
1747093075.6680398,"[ 0.          0.20070306  1.01962704 -2.37673359 -1.94226575  1.76060381
  0.74523696  1.53933387]","[ 0.00000000e+00  0.00000000e+00 -1.29585617e-04 -1.81149029e-02
  2.30576716e-05  1.05820616e-05 -7.84877575e-05  2.91443860e-05]","[ 0.         -0.3340548  13.6242981  -3.0582006  -1.39006686  0.51086479
 -0.12759544  0.36448297]"
1747093075.6691642,"[ 0.          0.20070306  1.01962704 -2.3767509  -1.94226575  1.76060381
  0.74523596  1.53933387]","[ 0.00000000e+00  0.00000000e+00 -1.29582748e-04 -1.75385470e-02
  2.30576716e-05  1.05820616e-05 -9.73225189e-05  2.91443860e-05]","[ 0.         -0.36336192 13.63842106 -3.08025599 -1.39981186  0.5298987
 -0.13678715  0.36146355]"
1747093075.6708324,"[ 0.          0.20070261  1.01962704 -2.37678365 -1.94226629  1.76060474
  0.74523596  1.53933387]","[ 0.00000000e+00 -2.30198043e-05 -1.26817191e-04 -1.48553612e-02
  0.00000000e+00  1.85184257e-05 -9.46973855e-05  2.91443860e-05]","[ 0.         -0.41734028 13.70403004 -3.09156609 -1.40745771  0.55436581
 -0.15312149  0.36894965]"
1747093075.6725528,"[ 0.          0.20070261  1.01962751 -2.37680922 -1.94226629  1.76060474
  0.74523503  1.53933387]","[ 0.00000000e+00  0.00000000e+00 -1.21055398e-04 -1.24244839e-02
  0.00000000e+00  1.85184257e-05 -9.23838050e-05  2.91443860e-05]","[ 0.         -0.4508135  13.79645443 -3.09026527 -1.44174993  0.58427233
 -0.16940285  0.39454967]"
1747093075.6742,"[ 0.          0.20070261  1.01962751 -2.37682041 -1.94226629  1.76060474
  0.74523503  1.53933387]","[ 0.00000000e+00  0.00000000e+00 -1.18525769e-04 -1.05223669e-02
  0.00000000e+00  1.85184257e-05 -9.00172749e-05  2.91667301e-05]","[ 0.         -0.47517315 13.83759499 -3.08160686 -1.45972323  0.58990425
 -0.17129312  0.40134621]"
1747093075.675843,"[ 0.          0.20070261  1.01962751 -2.37683825 -1.94226629  1.76060474
  0.74523503  1.53933481]","[ 0.00000000e+00  0.00000000e+00 -1.07062888e-04 -8.37302164e-03
  0.00000000e+00  1.85184257e-05 -9.01805772e-05  3.70924870e-05]","[ 0.         -0.54568046 13.89142609 -3.06598091 -1.54260898  0.6100595
 -0.16024159  0.40677926]"
1747093075.6770036,"[ 0.          0.20070261  1.01962751 -2.37684704 -1.94226629  1.76060568
  0.74523503  1.53933481]","[ 0.00000000e+00  0.00000000e+00 -1.07235325e-04 -7.23923490e-03
  0.00000000e+00  2.64548924e-05 -8.80799813e-05  3.70928568e-05]","[ 0.         -0.55855709 13.92976093 -3.06771207 -1.57608521  0.63336331
 -0.16435616  0.41008833]"
1747093075.6786754,"[ 0.          0.20070261  1.01962751 -2.37685796 -1.94226629  1.76060568
  0.74523503  1.53933481]","[ 0.00000000e+00  0.00000000e+00 -1.05040403e-04 -5.13185212e-03
  0.00000000e+00  2.64548924e-05 -8.79221162e-05  3.70368514e-05]","[ 0.         -0.62028706 13.98570251 -3.07726502 -1.63091767  0.65011251
 -0.16753168  0.3899703 ]"
1747093075.6803844,"[ 0.          0.20070261  1.01962751 -2.37686222 -1.94226629  1.76060568
  0.7452341   1.53933481]","[ 0.00000000e+00  0.00000000e+00 -1.02774628e-04 -4.32155961e-03
  0.00000000e+00  2.64548924e-05 -1.10471503e-04  3.70368514e-05]","[ 0.         -0.6374315  14.01104355 -3.05962992 -1.63336158  0.66528189
 -0.18579867  0.40652165]"
1747093075.6821504,"[ 0.          0.20070214  1.01962751 -2.37686941 -1.94226629  1.76060674
  0.7452341   1.53933481]","[ 0.00000000e+00 -1.59935205e-05 -1.00756792e-04 -3.24116978e-03
  0.00000000e+00  3.70368514e-05 -1.07832415e-04  3.70372172e-05]","[ 0.         -0.7040686  14.03742027 -3.07136297 -1.65683711  0.69551963
 -0.20331208  0.4100965 ]"
1747093075.6833045,"[ 0.          0.20070214  1.01962797 -2.37687447 -1.94226682  1.76060767
  0.74523317  1.53933481]","[ 0.00000000e+00 -1.59571051e-05 -8.48478263e-05 -2.70097486e-03
 -8.83157346e-06  5.82007654e-05 -1.23280903e-04  3.70368514e-05]","[ 0.         -0.7315017  14.06537247 -3.06340241 -1.688761    0.71501732
 -0.21692884  0.4163028 ]"
1747093075.6850572,"[ 0.          0.20070214  1.01962797 -2.37687687 -1.94226682  1.76060767
  0.74523317  1.53933481]","[ 0.00000000e+00 -2.33004266e-05 -8.32140313e-05 -2.47070609e-03
 -8.68936868e-06  5.82007654e-05 -1.20460901e-04  3.70368514e-05]","[ 0.         -0.78394324 14.06048298 -3.05722404 -1.70244479  0.730959
 -0.21956061  0.41493657]"
1747093075.6868536,"[ 0.          0.20070214  1.01962797 -2.37688086 -1.94226629  1.76060767
  0.74523317  1.53933574]","[ 0.00000000e+00 -3.76674098e-05 -7.27043709e-05 -2.02573101e-03
  0.00000000e+00  5.82013384e-05 -1.17955800e-04  4.76188043e-05]","[ 0.         -0.82454455 14.04181767 -3.02070546 -1.69916344  0.71511161
 -0.23222983  0.44617623]"
1747093075.6880307,"[ 0.          0.20070214  1.01962797 -2.37688326 -1.94226629  1.76060767
  0.74523317  1.53933574]","[ 0.00000000e+00 -3.76663451e-05 -7.27043709e-05 -2.15968463e-03
  0.00000000e+00  5.82007654e-05 -1.17955800e-04  4.76188043e-05]","[ 0.         -0.83370942 14.03920174 -3.0142889  -1.69221699  0.72782516
 -0.23730497  0.4556503 ]"
1747093075.6898205,"[ 0.          0.2007017   1.01962797 -2.37688725 -1.94226629  1.76060861
  0.74523217  1.53933574]","[ 0.00000000e+00 -3.66453095e-05 -6.11412795e-05 -2.05317067e-03
  0.00000000e+00  6.61372301e-05 -1.34609139e-04  4.76188043e-05]","[ 0.         -0.85695451 14.02700329 -3.01235557 -1.66059637  0.70893419
 -0.24750121  0.44904289]"
1747093075.6916227,"[ 0.          0.2007017   1.01962797 -2.37688912 -1.94226629  1.76060861
  0.74523124  1.53933574]","[ 0.00000000e+00 -3.56772113e-05 -6.00103950e-05 -2.05317067e-03
  0.00000000e+00  6.61372301e-05 -1.47812625e-04  4.76188043e-05]","[ 0.         -0.89480609 14.01573563 -3.02570772 -1.57223368  0.71834332
 -0.24743718  0.46021071]"
1747093075.6927729,"[ 0.          0.2007017   1.01962797 -2.37689151 -1.94226629  1.76060861
  0.74523124  1.53933574]","[ 0.00000000e+00 -2.14063276e-05 -5.00086598e-05 -2.12755037e-03
  0.00000000e+00  6.61378843e-05 -1.44765107e-04  4.76188043e-05]","[ 0.         -0.92460293 13.98197174 -2.99361658 -1.53125739  0.7195552
 -0.26217899  0.46109605]"
1747093075.6950216,"[ 0.          0.2007017   1.01962797 -2.37689471 -1.94226575  1.76060954
  0.7452303   1.53933574]","[ 0.00000000e+00 -3.46892255e-05 -4.90299758e-05 -1.88689944e-03
  7.58227698e-06  7.40744343e-05 -1.62573745e-04  4.76192757e-05]","[ 0.         -0.93393129 13.92131233 -2.97808647 -1.49062181  0.73912466
 -0.27367884  0.45446214]"
1747093075.696178,"[ 0.          0.2007017   1.01962797 -2.37689604 -1.94226575  1.76060954
  0.7452303   1.53933574]","[ 0.00000000e+00 -3.46892255e-05 -4.41269774e-05 -1.71137384e-03
  7.58227698e-06  7.41857136e-05 -1.62573745e-04  4.75828816e-05]","[ 0.         -0.92701316 13.89798737 -2.97622538 -1.469293    0.73120511
 -0.27908301  0.45708561]"
1747093075.698714,"[ 0.          0.20070123  1.01962797 -2.37689897 -1.94226575  1.76060954
  0.7452303   1.53933574]","[ 0.00000000e+00 -4.73486928e-05 -4.33998786e-05 -1.66093672e-03
  7.46935494e-06  7.41857136e-05 -1.59345491e-04  4.76188043e-05]","[ 0.         -0.96139258 13.827075   -2.98300576 -1.42811453  0.72503459
 -0.28695759  0.45110941]"
1747093075.6998792,"[ 0.          0.20070123  1.01962797 -2.3769011  -1.94226549  1.76061047
  0.74522931  1.53933667]","[ 0.00000000e+00 -5.93910605e-05 -2.40783434e-05 -1.35894817e-03
  1.10510721e-05  8.46564929e-05 -1.72885757e-04  5.82013384e-05]","[ 0.         -1.00688946 13.77458191 -2.97267318 -1.32886052  0.73913133
 -0.27698311  0.45014855]"
1747093075.7016156,"[ 0.          0.20070076  1.01962797 -2.37690296 -1.94226495  1.76061047
  0.74522931  1.53933667]","[ 0.00000000e+00 -5.79718228e-05 -2.36881263e-05 -1.18294872e-03
  1.81708831e-05  8.47845145e-05 -1.70094558e-04  5.82013384e-05]","[ 0.         -1.0465802  13.70378971 -2.99968314 -1.26889122  0.76321781
 -0.27586305  0.45597216]"
1747093075.703313,"[ 0.          0.20070076  1.01962751 -2.37690376 -1.94226495  1.76061047
  0.74522931  1.53933667]","[ 0.00000000e+00 -5.78668503e-05 -2.36881263e-05 -1.09470823e-03
  1.79296398e-05  8.47836692e-05 -1.51399310e-04  5.81574305e-05]","[ 0.         -1.0459764  13.66835785 -3.00662994 -1.26598907  0.78070748
 -0.27161279  0.44514352]"
1747093075.7050464,"[ 0.          0.20070031  1.01962751 -2.37690536 -1.94226549  1.7606114
  0.74522837  1.53933667]","[ 0.00000000e+00 -5.65213639e-05 -2.32488973e-05 -9.15831320e-04
  1.07577835e-05  9.53816248e-05 -1.67392061e-04  5.82007654e-05]","[ 0.         -1.07318616 13.61424255 -3.01269388 -1.27740073  0.78237081
 -0.27743524  0.46764293]"
1747093075.7061942,"[ 0.          0.20070031  1.01962751 -2.37690616 -1.94226549  1.7606114
  0.74522837  1.53933667]","[ 0.00000000e+00 -5.66228416e-05 -2.28554353e-05 -8.39511989e-04
  1.07466419e-05  9.53816248e-05 -1.67167324e-04  5.82007654e-05]","[ 0.         -1.09999967 13.57816505 -3.01707387 -1.28671789  0.77982664
 -0.27912059  0.47224176]"
1747093075.7079408,"[ 0.          0.20069985  1.01962751 -2.37690749 -1.94226495  1.7606114
  0.74522744  1.53933667]","[ 0.00000000e+00 -6.00094888e-05 -1.82602146e-05 -7.94775760e-04
  2.47722745e-05  9.53806739e-05 -1.78040137e-04  5.81574305e-05]","[ 0.         -1.15040278 13.53820992 -3.03612852 -1.30592036  0.76744044
 -0.26567537  0.4781661 ]"
1747093075.7091155,"[ 0.          0.2006994   1.01962751 -2.37690856 -1.94226495  1.7606114
  0.74522744  1.53933667]","[ 0.00000000e+00 -8.40132884e-05 -9.14217433e-06 -7.94874588e-04
  2.44515785e-05  9.53816248e-05 -1.78272400e-04  5.82007654e-05]","[ 0.         -1.16159344 13.51505852 -3.03433537 -1.31325126  0.78720891
 -0.27100846  0.4946737 ]"
1747093075.7107966,"[ 0.          0.20069893  1.01962751 -2.37691042 -1.94226495  1.76061233
  0.74522744  1.5393376 ]","[ 0.00000000e+00 -9.37712121e-05 -8.98987643e-06 -8.18297077e-04
  2.44272270e-05  1.03330098e-04 -1.75080979e-04  6.60873364e-05]","[ 0.         -1.20169795 13.47061443 -3.05998635 -1.2979641   0.82021284
 -0.28120714  0.49475315]"
1747093075.7124512,"[ 0.          0.20069847  1.01962751 -2.37691122 -1.94226495  1.7606134
  0.74522744  1.5393376 ]","[ 0.00000000e+00 -9.75159654e-05 -8.97851139e-06 -8.17584473e-04
  2.44515785e-05  1.13928053e-04 -1.72215675e-04  5.82007654e-05]","[ 0.         -1.24006999 13.45569611 -3.08862185 -1.30945158  0.8365981
 -0.29107389  0.48829266]"
1747093075.7136285,"[ 0.          0.20069802  1.01962751 -2.37691308 -1.94226495  1.76061526
  0.74522644  1.5393376 ]","[ 0.00000000e+00 -1.06719663e-04 -8.83157346e-06 -8.39069083e-04
  2.41393918e-05  1.32475806e-04 -1.86824457e-04  5.82001802e-05]","[ 0.         -1.29794776 13.43275356 -3.09586644 -1.32855725  0.86915338
 -0.29106116  0.50163937]"
1747093075.7153335,"[ 0.          0.20069755  1.01962704 -2.37691388 -1.94226495  1.76061526
  0.74522644  1.5393376 ]","[ 0.00000000e+00 -1.15369223e-04 -8.84271703e-06 -8.38999513e-04
  2.38119379e-05  1.32474482e-04 -1.86593104e-04  5.81574305e-05]","[ 0.         -1.31237495 13.39070892 -3.10777235 -1.35874784  0.8835808
 -0.28679705  0.51433313]"
1747093075.7170224,"[ 0.          0.20069619  1.01962704 -2.37691575 -1.94226549  1.7606162
  0.74522644  1.5393376 ]","[ 0.00000000e+00 -1.37254583e-04 -8.68950989e-06 -8.36830233e-04
  1.67969795e-05  1.43072445e-04 -1.83866810e-04  5.82007654e-05]","[ 0.         -1.33926511 13.35428143 -3.14817739 -1.40077162  0.91406244
 -0.27854526  0.53584886]"
1747093075.7181764,"[ 0.          0.20069525  1.01962704 -2.37691681 -1.94226549  1.7606162
  0.74522551  1.5393376 ]","[ 0.00000000e+00 -1.50156854e-04 -8.68965212e-06 -8.77651174e-04
  1.67808915e-05  1.43072445e-04 -1.96454993e-04  5.82007654e-05]","[ 0.         -1.35291886 13.34711742 -3.1799407  -1.4275806   0.90622318
 -0.26863509  0.5385294 ]"
1747093075.7198884,"[ 0.          0.20069389  1.01962704 -2.37691868 -1.94226495  1.76061713
  0.74522551  1.53933854]","[ 0.00000000e+00 -1.69304582e-04 -8.55194479e-06 -8.87091157e-04
  2.32049102e-05  1.51022414e-04 -1.93397022e-04  6.61372301e-05]","[ 0.         -1.38917303 13.38698196 -3.18669271 -1.49402022  0.91438216
 -0.27631289  0.53059286]"
1747093075.7216356,"[ 0.          0.20069296  1.01962704 -2.37691948 -1.94226495  1.76061806
  0.74522551  1.53933854]","[ 0.00000000e+00 -1.85793977e-04 -8.40856612e-06 -8.82075103e-04
  2.32268824e-05  1.58970968e-04 -1.90432776e-04  6.61378843e-05]","[ 0.         -1.38906455 13.4110899  -3.17860651 -1.49273992  0.91790026
 -0.27572867  0.55942482]"
1747093075.7227418,"[ 0.          0.20069159  1.01962704 -2.37692134 -1.94226495  1.76061899
  0.74522458  1.53933854]","[ 0.00000000e+00 -2.02894937e-04 -8.28947951e-06 -8.77673996e-04
  2.29235606e-05  1.69567338e-04 -2.03867436e-04  6.60873364e-05]","[ 0.         -1.39672542 13.4414053  -3.19719481 -1.47602749  0.94891846
 -0.27106893  0.56969106]"
1747093075.724974,"[ 0.          0.20068974  1.01962751 -2.37692267 -1.94226495  1.76062006
  0.74522365  1.53933854]","[ 0.00000000e+00 -2.27663424e-04  8.15469752e-06 -8.89384687e-04
  2.26489546e-05  1.80165302e-04 -2.16899224e-04  6.61372301e-05]","[ 0.         -1.44923246 13.47291088 -3.20627642 -1.44276595  0.97422075
 -0.30851415  0.57637179]"
1747093075.7260473,"[ 0.          0.20068838  1.01962751 -2.37692374 -1.94226442  1.76062099
  0.74522365  1.53933854]","[ 0.00000000e+00 -2.46278032e-04  8.15457256e-06 -8.89384687e-04
  2.91200833e-05  1.90761348e-04 -2.13479848e-04  6.61372301e-05]","[ 0.         -1.47396123 13.52026081 -3.2318356  -1.43716669  0.97124523
 -0.32871377  0.56992579]"
1747093075.7278001,"[ 0.          0.20068608  1.01962751 -2.37692507 -1.94226442  1.76062192
  0.74522365  1.53933947]","[ 0.00000000e+00 -2.77033869e-04  8.03330478e-06 -8.66617976e-04
  2.87753771e-05  1.98711722e-04 -1.97669458e-04  7.40185509e-05]","[ 0.         -1.47382176 13.5417881  -3.21830273 -1.43784642  0.98644352
 -0.30518672  0.59416473]"
1747093075.7293925,"[ 0.          0.2006847   1.01962751 -2.37692587 -1.94226442  1.76062192
  0.74522365  1.53933947]","[ 0.00000000e+00 -2.93965943e-04  8.03330478e-06 -8.55515598e-04
  2.84383960e-05  1.98862094e-04 -1.94817938e-04  7.40737029e-05]","[ 0.         -1.48763096 13.56538582 -3.20970798 -1.43550348  0.99401146
 -0.31327677  0.59416473]"
1747093075.7305753,"[ 0.          0.20068194  1.01962751 -2.3769272  -1.94226442  1.76062285
  0.74522265  1.53933947]","[ 0.00000000e+00 -3.81366586e-04  7.91559118e-06 -8.35851183e-04
  2.80845161e-05  2.06660195e-04 -2.10400275e-04  7.40178194e-05]","[ 0.         -1.54336798 13.60376358 -3.20732975 -1.37034333  1.01378989
 -0.34583271  0.59868616]"
1747093075.7322924,"[ 0.          0.20068057  1.01962751 -2.37692826 -1.94226416  1.76062379
  0.74522265  1.53933947]","[ 0.00000000e+00 -4.76310035e-04  7.80127734e-06 -8.35807491e-04
  3.12050179e-05  2.17258159e-04 -2.07408315e-04  7.40737029e-05]","[ 0.         -1.54146838 13.62818909 -3.20196986 -1.32655609  1.02339005
 -0.35725349  0.60046428]"
1747093075.7339506,"[ 0.          0.20067734  1.01962751 -2.37692906 -1.94226362  1.76062565
  0.74522172  1.53933947]","[ 0.00000000e+00 -8.26030387e-04  7.77531206e-06 -7.97228000e-04
  3.66003167e-05  2.35804579e-04 -2.15861349e-04  7.40744343e-05]","[ 0.         -1.56287551 13.70478916 -3.1926837  -1.28153372  1.05137956
 -0.35004637  0.61455363]"
1747093075.7351356,"[ 0.          0.20067551  1.01962797 -2.3769296  -1.94226309  1.76062565
  0.74522172  1.53934053]","[ 0.00000000e+00 -1.06076886e-03  1.53299724e-05 -7.66196907e-04
  4.26998805e-05  2.35804579e-04 -2.15628322e-04  8.45917913e-05]","[ 0.         -1.57807827 13.75645351 -3.19603062 -1.24116766  1.05408168
 -0.35178089  0.61612332]"
1747093075.736846,"[ 0.          0.20067139  1.01962797 -2.37693066 -1.94226309  1.76062672
  0.74522078  1.53934053]","[ 0.00000000e+00 -1.46955544e-03  1.50992113e-05 -7.24404329e-04
  4.21867823e-05  2.46589000e-04 -2.27569602e-04  8.46556558e-05]","[ 0.         -1.56914973 13.83886147 -3.24239635 -1.18306136  1.03019869
 -0.37105027  0.63077021]"
1747093075.7379408,"[ 0.          0.20066954  1.01962797 -2.37693093 -1.94226309  1.76062672
  0.74522078  1.53934053]","[ 0.00000000e+00 -1.58693244e-03  1.51154944e-05 -6.99322826e-04
  4.17213183e-05  2.46589000e-04 -2.24469159e-04  8.46564929e-05]","[ 0.         -1.57249248 13.88852692 -3.26009321 -1.17155659  1.02167392
 -0.37398666  0.62449908]"
1747093075.7397678,"[ 0.          0.20066588  1.01962797 -2.37693199 -1.94226309  1.76062765
  0.74522078  1.53934053]","[ 0.00000000e+00 -1.74200813e-03  1.49069341e-05 -6.54715853e-04
  4.12664686e-05  2.54351000e-04 -2.21455125e-04  8.46564929e-05]","[ 0.         -1.55354381 13.95481873 -3.23854327 -1.15974832  1.02308488
 -0.36736098  0.63392293]"
1747093075.74154,"[ 0.          0.20066403  1.01962797 -2.37693226 -1.94226256  1.76062765
  0.74521978  1.53934053]","[ 0.00000000e+00 -1.78200132e-03  1.46886423e-05 -6.15404058e-04
  4.71616790e-05  2.54543487e-04 -2.32346355e-04  8.46556558e-05]","[ 0.         -1.56359184 14.00997353 -3.22157359 -1.13740849  1.03222477
 -0.36523277  0.64095962]"
1747093075.7426689,"[ 0.          0.20066037  1.01962844 -2.37693386 -1.94226229  1.76062858
  0.74521978  1.53934146]","[ 0.00000000e+00 -1.88813908e-03  1.81145242e-05 -6.22636270e-04
  4.95677973e-05  2.64948963e-04 -2.18291889e-04  8.46556558e-05]","[ 0.         -1.54401302 14.09480953 -3.18608165 -1.1078372   1.05674028
 -0.38300073  0.64888358]"
1747093075.7443955,"[ 0.          0.20065622  1.01962844 -2.37693466 -1.94226176  1.76063044
  0.74521885  1.53934146]","[ 0.00000000e+00 -1.88813908e-03  1.78565467e-05 -5.96141133e-04
  5.41843563e-05  2.83498212e-04 -2.26260859e-04  8.46564929e-05]","[ 0.         -1.53403473 14.14578724 -3.21061945 -1.0218246   1.09828842
 -0.39493671  0.6652323 ]"
1747093075.7461085,"[ 0.          0.20065439  1.01962844 -2.37693546 -1.94226176  1.76063044
  0.74521885  1.53934146]","[ 0.00000000e+00 -1.88792985e-03  1.42996189e-05 -5.80669376e-04
  5.41843563e-05  2.83712741e-04 -2.26260859e-04  8.46564929e-05]","[ 0.         -1.51294518 14.16603851 -3.21426725 -1.00292087  1.109635
 -0.39827985  0.67246252]"
1747093075.7478926,"[ 0.          0.20064935  1.01962891 -2.37693705 -1.94226176  1.76063231
  0.74521792  1.5393424 ]","[ 0.00000000e+00 -2.05342607e-03  1.76410345e-05 -5.96141133e-04
  5.36182314e-05  2.91443873e-04 -2.37060104e-04  9.52376087e-05]","[ 0.         -1.47334123 14.20888042 -3.2363112  -1.00292039  1.11097646
 -0.41469419  0.67526227]"
1747093075.7496095,"[ 0.          0.2006475   1.01962891 -2.37693732 -1.94226176  1.76063231
  0.74521792  1.5393424 ]","[ 0.00000000e+00 -2.05342607e-03  1.76410345e-05 -5.80897201e-04
  5.30632572e-05  2.91443873e-04 -2.34036301e-04  9.52376087e-05]","[ 0.         -1.46861541 14.25036335 -3.24795771 -1.00689495  1.10264826
 -0.43155587  0.68060321]"
1747093075.750789,"[ 0.          0.20064246  1.01962937 -2.37693892 -1.94226123  1.76063337
  0.74521699  1.5393424 ]","[ 0.00000000e+00 -2.25141870e-03  2.43547862e-05 -5.66228424e-04
  5.80492436e-05  3.02041836e-04 -2.34036301e-04  9.52385514e-05]","[ 0.         -1.45537233 14.3241291  -3.23662257 -1.03117633  1.08966792
 -0.45413673  0.68661726]"
1747093075.7530715,"[ 0.          0.2006374   1.01962937 -2.37693972 -1.94226123  1.76063431
  0.74521699  1.5393424 ]","[ 0.00000000e+00 -2.41590791e-03  2.40686434e-05 -5.66989337e-04
  5.74163365e-05  3.12876370e-04 -2.31094568e-04  9.52385514e-05]","[ 0.         -1.40716159 14.39553547 -3.22032881 -1.02249229  1.11162341
 -0.45491704  0.7048859 ]"
1747093075.7541971,"[ 0.          0.20063235  1.01962937 -2.37694105 -1.94226096  1.76063524
  0.74521599  1.53934333]","[ 0.00000000e+00 -2.44221677e-03  2.37660998e-05 -5.53046817e-04
  5.95470645e-05  3.23237731e-04 -2.41416658e-04  1.05819570e-04]","[ 0.         -1.32739604 14.39808083 -3.19622231 -1.0085063   1.12266004
 -0.49208575  0.69265872]"
1747093075.755936,"[ 0.          0.20062914  1.01962984 -2.37694158 -1.94226096  1.76063617
  0.74521599  1.53934333]","[ 0.00000000e+00 -2.60465061e-03  3.05268355e-05 -5.52499166e-04
  5.89112031e-05  3.31186220e-04 -2.38453485e-04  1.05819570e-04]","[ 0.         -1.30465829 14.41772366 -3.19820619 -0.99060434  1.13509595
 -0.51922899  0.67504019]"
1747093075.7576509,"[ 0.          0.20062455  1.01962984 -2.37694238 -1.94226043  1.7606371
  0.74521506  1.53934333]","[ 0.00000000e+00 -2.53295826e-03  3.01478564e-05 -5.51973360e-04
  6.36840546e-05  3.39394686e-04 -2.45380256e-04  1.05820618e-04]","[ 0.         -1.27041221 14.4021492  -3.19054079 -0.98708141  1.16594923
 -0.54176778  0.70211267]"
1747093075.7592661,"[ 0.          0.20062133  1.01962984 -2.37694291 -1.94226043  1.76063803
  0.74521506  1.53934333]","[ 0.00000000e+00 -2.66627184e-03  2.97504507e-05 -5.51973360e-04
  5.83764700e-05  3.49732641e-04 -2.45380256e-04  1.05820618e-04]","[ 0.         -1.23176146 14.37876225 -3.20058155 -1.02036238  1.16789854
 -0.54631275  0.70897228]"
1747093075.7609782,"[ 0.          0.20061583  1.01962984 -2.37694344 -1.94226043  1.76063897
  0.74521506  1.53934426]","[ 0.00000000e+00 -2.72064558e-03  2.93907496e-05 -5.30298929e-04
  5.83328791e-05  3.68360269e-04 -2.42443513e-04  1.03174077e-04]","[ 0.         -1.1830703  14.35534191 -3.1686089  -1.06574655  1.19250071
 -0.56530362  0.72077602]"
1747093075.7626681,"[ 0.          0.20060938  1.01963031 -2.37694398 -1.94225989  1.7606419
  0.74521413  1.53934426]","[ 0.00000000e+00 -2.93240954e-03  3.22662674e-05 -5.10242777e-04
  6.36840546e-05  4.06855691e-04 -2.46022412e-04  1.03174077e-04]","[ 0.         -1.14636207 14.32201862 -3.13201928 -1.04247797  1.22051346
 -0.57364798  0.72131062]"
1747093075.7643442,"[ 0.          0.20060572  1.01963031 -2.37694398 -1.94225989  1.76064283
  0.74521413  1.53934426]","[ 0.00000000e+00 -3.13813691e-03  3.18849802e-05 -4.98585921e-04
  6.36840546e-05  4.36486674e-04 -2.36562810e-04  1.03253051e-04]","[ 0.         -1.09725344 14.3195715  -3.13390517 -1.02400947  1.23752618
 -0.56089008  0.72006983]"
1747093075.7661073,"[ 0.          0.20059792  1.01963031 -2.37694424 -1.9422591   1.76064469
  0.74521313  1.53934519]","[ 0.00000000e+00 -3.56364685e-03  3.15133441e-05 -4.69441342e-04
  7.14821760e-05  4.73184884e-04 -2.46522535e-04  1.11110546e-04]","[ 0.         -1.06659639 14.27390957 -3.11884212 -0.94990814  1.26222742
 -0.59051943  0.72605586]"
1747093075.7679076,"[ 0.          0.20058919  1.01963031 -2.37694424 -1.94225856  1.76064669
  0.74521219  1.53934519]","[ 0.00000000e+00 -4.10736292e-03  3.11222391e-05 -4.18415117e-04
  7.14821760e-05  5.36549035e-04 -2.52736166e-04  1.11110546e-04]","[ 0.         -1.01684427 14.21107388 -3.08005357 -0.87362385  1.27802682
 -0.62922567  0.71309167]"
1747093075.7691162,"[ 0.          0.20058413  1.01963031 -2.37694424 -1.94225803  1.76064669
  0.74521219  1.53934519]","[ 0.00000000e+00 -4.43749789e-03  2.80096879e-05 -3.98004614e-04
  7.67771511e-05  5.36960440e-04 -2.49884662e-04  1.11110546e-04]","[ 0.         -1.00791943 14.18956757 -3.07967257 -0.85731691  1.27364254
 -0.64710552  0.7212016 ]"
1747093075.77087,"[ 0.          0.20057358  1.01963031 -2.37694424 -1.9422575   1.76064762
  0.74521219  1.53934613]","[ 0.00000000e+00 -5.17714979e-03  2.76909424e-05 -3.67374783e-04
  8.73671094e-05  5.70422708e-04 -2.47096795e-04  1.21693710e-04]","[ 0.         -0.98468852 14.14943409 -3.05378675 -0.7872752   1.26931584
 -0.63818747  0.72797745]"
1747093075.7726033,"[ 0.          0.20056071  1.01963031 -2.37694478 -1.9422567   1.76064855
  0.74521126  1.53934613]","[ 0.00000000e+00 -6.05463328e-03  2.76906234e-05 -3.36773137e-04
  9.53095680e-05  5.60429482e-04 -2.47093999e-04  1.21693710e-04]","[ 0.         -0.96164888 14.09122849 -3.02802253 -0.68961573  1.25360835
 -0.67022192  0.74256629]"
1747093075.773803,"[ 0.          0.20055337  1.01963031 -2.37694478 -1.94225617  1.76064949
  0.74521126  1.53934613]","[ 0.00000000e+00 -7.15204394e-03  2.73787475e-05 -2.95952131e-04
  1.00605543e-04  5.73156154e-04 -2.44367721e-04  1.21692507e-04]","[ 0.         -0.97426486 14.0258913  -3.00703788 -0.64301729  1.2597692
 -0.69467312  0.74274391]"
1747093075.7755558,"[ 0.          0.20053638  1.01963031 -2.37694478 -1.9422543   1.76065042
  0.74521033  1.53934719]","[ 0.00000000e+00 -8.63873854e-03  2.70735117e-05 -2.65336409e-04
  1.19136960e-04  5.63809083e-04 -2.53278177e-04  1.21693710e-04]","[ 0.         -0.99759078 13.91936874 -2.93357038 -0.5107044   1.26404357
 -0.69718945  0.75268298]"
1747093075.7773342,"[ 0.          0.20052536  1.01963031 -2.37694478 -1.9422535   1.76065042
  0.74521033  1.53934719]","[ 0.00000000e+00 -9.98854145e-03  2.70741213e-05 -2.24506821e-04
  1.27079427e-04  5.54762007e-04 -2.50546275e-04  1.21693710e-04]","[ 0.         -1.00426865 13.87180901 -2.91112065 -0.4473395   1.25773025
 -0.70758301  0.75626236]"
1747093075.7790368,"[ 0.          0.20049826  1.01962984 -2.37694478 -1.94225217  1.76065228
  0.74521033  1.53934719]","[ 0.00000000e+00 -1.43151660e-02  2.08254699e-05 -1.93899681e-04
  1.40422954e-04  5.89425039e-04 -2.47872662e-04  1.21692507e-04]","[ 0.         -1.01397288 13.76715755 -2.86172271 -0.3085075   1.27838492
 -0.71061438  0.76178455]"
1747093075.7802086,"[ 0.          0.20046244  1.01962984 -2.37694424 -1.94225164  1.76065335
  0.74520933  1.53934812]","[ 0.00000000e+00 -1.94470181e-02  2.05812987e-05 -1.22462953e-04
  1.45611844e-04  5.91057330e-04 -2.56454026e-04  1.32474482e-04]","[ 0.         -0.95982754 13.67452145 -2.84985232 -0.2352694   1.28718531
 -0.74657774  0.77049094]"
1747093075.7819333,"[ 0.          0.20043766  1.01962984 -2.37694424 -1.94225111  1.76065428
  0.74520933  1.53934812]","[ 0.00000000e+00 -2.33214660e-02  2.03596686e-05 -1.02052466e-04
  1.50906827e-04  6.08978402e-04 -2.45255501e-04  1.32474482e-04]","[ 0.         -0.98305124 13.5870409  -2.82267213 -0.19038089  1.27245545
 -0.75998396  0.76558065]"
1747093075.7831311,"[ 0.          0.20041148  1.01962984 -2.37694424 -1.94225031  1.76065521
  0.7452084   1.53934812]","[ 0.00000000e+00 -2.64427345e-02  2.03596686e-05 -8.16388424e-05
  1.58849285e-04  6.11337211e-04 -2.53810923e-04  1.32474482e-04]","[ 0.         -0.99285191 13.57676697 -2.79227519 -0.12942502  1.29922342
 -0.76995212  0.75014907]"
1747093075.7848763,"[ 0.          0.20034903  1.01962984 -2.37694398 -1.94224844  1.76065708
  0.7452084   1.53934812]","[ 0.00000000e+00 -3.34920866e-02  2.01425452e-05 -4.08209857e-05
  1.82676677e-04  6.30685245e-04 -2.50956981e-04  1.32474482e-04]","[ 0.         -0.99237531 13.5121479  -2.71849895  0.03233922  1.32358861
 -0.79273093  0.76656175]"
1747093075.7860727,"[ 0.          0.20030954  1.01962984 -2.37694398 -1.94224764  1.76065801
  0.74520747  1.53934905]","[ 0.00000000e+00 -3.71137339e-02  1.99302168e-05 -4.08209857e-05
  1.95031931e-04  6.33914458e-04 -2.59523845e-04  1.43072445e-04]","[ 0.         -0.99587083 13.44913673 -2.68368101  0.10272849  1.3000046
 -0.79518396  0.77191472]"
1747093075.78781,"[ 0.          0.20022827  1.01962984 -2.37694344 -1.94224578  1.76066001
  0.74520647  1.53934905]","[ 0.00000000e+00 -4.23623375e-02  1.97064737e-05  0.00000000e+00
  2.41182851e-04  6.43275638e-04 -2.56670277e-04  1.32474482e-04]","[ 0.         -0.96767396 13.38596153 -2.56489348  0.21792424  1.29051864
 -0.83320349  0.7765618 ]"
1747093075.789599,"[ 0.          0.20013276  1.01962984 -2.37694291 -1.94224392  1.76066187
  0.74520647  1.53934999]","[ 0.00000000e+00 -4.83474467e-02  1.95031931e-05  1.82840358e-05
  3.28448288e-04  6.57300146e-04 -2.54272360e-04  1.43072445e-04]","[ 0.         -0.93197262 13.32025337 -2.47611833  0.23956306  1.27361584
 -0.85570663  0.76653498]"
1747093075.7913015,"[ 0.          0.20008178  1.01962984 -2.37694291 -1.94224338  1.7606628
  0.74520647  1.53934999]","[ 0.00000000e+00 -5.15886178e-02  1.95187142e-05  1.76854341e-05
  3.69010813e-04  6.77218328e-04 -2.46070022e-04  1.43072445e-04]","[ 0.         -0.90146703 13.32649899 -2.44074392  0.26149508  1.29278398
 -0.85152584  0.75900835]"
1747093075.7923605,"[ 0.          0.19996239  1.01962984 -2.37694238 -1.94224205  1.76066467
  0.74520554  1.53934999]","[ 0.00000000e+00 -6.01844321e-02  1.93040656e-05  3.41660860e-05
  4.54171110e-04  7.33385800e-04 -2.51527373e-04  1.43072445e-04]","[ 0.         -0.83685523 13.3298378  -2.3721745   0.31575644  1.3372134
 -0.88341075  0.76792425]"
1747093075.7942376,"[ 0.          0.19990178  1.01962984 -2.37694211 -1.94224152  1.76066666
  0.7452046   1.53935092]","[ 0.00000000e+00 -6.15822255e-02  1.93040656e-05  4.13984320e-05
  5.06475860e-04  7.62665618e-04 -2.59641171e-04  1.51020918e-04]","[ 0.         -0.79146361 13.30862617 -2.32271504  0.34066141  1.33605599
 -0.90011126  0.76480639]"
1747093075.7953067,"[ 0.          0.19977826  1.01962937 -2.37694158 -1.94223965  1.76067039
  0.7452046   1.53935092]","[ 0.00000000e+00 -6.28689484e-02  1.36492573e-05  7.23008331e-05
  6.54361046e-04  8.53105164e-04 -2.57067053e-04  1.51020918e-04]","[ 0.         -0.75468051 13.28276634 -2.21608472  0.35899687  1.37835979
 -0.91794825  0.75278348]"
1747093075.796991,"[ 0.          0.1997103   1.01962937 -2.37694158 -1.94223832  1.76067332
  0.7452046   1.53935092]","[ 0.00000000e+00 -6.39459557e-02  1.36384917e-05  7.00565542e-05
  7.55188221e-04  9.23815147e-04 -2.54543487e-04  1.51020918e-04]","[ 0.         -0.73745859 13.29177189 -2.1448667   0.3499881   1.41056919
 -0.92403519  0.77263892]"
1747093075.798819,"[ 0.          0.19957806  1.01962937 -2.37694052 -1.94223646  1.76067798
  0.74520367  1.53935185]","[ 0.00000000e+00 -6.80645635e-02  1.35125476e-05  9.85710057e-05
  8.08204827e-04  1.02894857e-03 -2.54540951e-04  1.51135188e-04]","[ 0.         -0.67269093 13.27193165 -2.0642395   0.29502067  1.40669358
 -0.92424613  0.78546977]"
1747093075.8004632,"[ 0.          0.1995101   1.01962937 -2.37694052 -1.94223593  1.76067998
  0.74520267  1.53935185]","[ 0.00000000e+00 -6.88050721e-02  1.35126848e-05  9.58793990e-05
  8.08204827e-04  1.06038024e-03 -2.64948963e-04  1.51135188e-04]","[ 0.         -0.61426389 13.26545238 -2.02432537  0.27909011  1.39089704
 -0.94632822  0.78629392]"
1747093075.801683,"[ 0.          0.19936637  1.01962937 -2.37693972 -1.94223433  1.76068464
  0.74520267  1.53935185]","[ 0.00000000e+00 -7.03996481e-02  1.33684766e-05  1.14630847e-04
  8.23762604e-04  1.19017267e-03 -2.65149464e-04  1.51020918e-04]","[ 0.         -0.53981596 13.29535389 -1.9613148   0.20935109  1.40575731
 -0.95183182  0.77592087]"
1747093075.8034284,"[ 0.          0.19922079  1.01962937 -2.37693892 -1.94223273  1.76069037
  0.74520174  1.53935278]","[ 0.00000000e+00 -7.53571974e-02  1.85184257e-05  1.29266457e-04
  8.21350024e-04  1.52628350e-03 -2.64948963e-04  1.58969375e-04]","[ 0.         -0.46866116 13.29892921 -1.9173764   0.19406071  1.41696894
 -0.97220844  0.78191954]"
1747093075.805145,"[ 0.          0.19914596  1.01962937 -2.37693892 -1.94223193  1.76069329
  0.74520081  1.53935278]","[ 0.00000000e+00 -7.58973946e-02  1.85324169e-05  1.25852014e-04
  8.24425793e-04  1.72509524e-03 -2.75546927e-04  1.58969375e-04]","[ 0.         -0.45743939 13.30801201 -1.87576199  0.18611582  1.43542075
 -0.97781414  0.782489  ]"
1747093075.8068857,"[ 0.          0.19899213  1.01962937 -2.37693785 -1.9422306   1.76070088
  0.74520081  1.53935385]","[ 0.00000000e+00 -7.50870946e-02  1.85324169e-05  1.55165723e-04
  7.68321454e-04  2.27793952e-03 -2.65149464e-04  1.69695653e-04]","[ 0.         -0.4034864  13.30891037 -1.78223443  0.18270326  1.4414376
 -0.98929131  0.79044694]"
1747093075.8086252,"[ 0.          0.19891911  1.01962937 -2.37693732 -1.94222953  1.76070568
  0.74520081  1.53935385]","[ 0.00000000e+00 -7.40067084e-02  1.85325998e-05  1.64162718e-04
  8.08102423e-04  2.71679128e-03 -2.64948963e-04  1.69695653e-04]","[ 0.         -0.37490088 13.28641891 -1.75230086  0.18267637  1.44044375
 -0.98998427  0.77430165]"
1747093075.8097587,"[ 0.          0.19877217  1.01962937 -2.37693652 -1.94222767  1.76071793
  0.74519981  1.53935385]","[ 0.00000000e+00 -7.34665111e-02  1.85324169e-05  1.74625622e-04
  8.11127933e-04  3.63191350e-03 -2.75755442e-04  1.69567338e-04]","[ 0.         -0.32188833 13.2892952  -1.68797362  0.13950551  1.46547079
 -0.98575097  0.79683167]"
1747093075.8116083,"[ 0.          0.19869595  1.01962937 -2.37693599 -1.94222634  1.76072752
  0.74519981  1.53935385]","[ 0.00000000e+00 -7.17197770e-02  1.85324169e-05  1.82597907e-04
  8.33461230e-04  4.70967659e-03 -2.75755442e-04  1.61741166e-04]","[ 0.         -0.30972046 13.29691219 -1.69565189  0.13525702  1.48020959
 -0.98659873  0.78362679]"
1747093075.8126826,"[ 0.          0.19855727  1.01962937 -2.37693519 -1.94222368  1.76075228
  0.74519888  1.53935478]","[ 0.00000000e+00 -7.02253442e-02  1.85324169e-05  1.91586222e-04
  9.37043307e-04  9.30803305e-03 -2.75546927e-04  1.69567338e-04]","[ 0.         -0.28954521 13.28290939 -1.68094051  0.12609507  1.50650132
 -0.99240011  0.78491312]"
1747093075.8144083,"[ 0.          0.19841354  1.01962937 -2.37693466 -1.94222101  1.76079223
  0.74519888  1.53935571]","[ 0.00000000e+00 -6.99644043e-02  1.85325998e-05  1.94730879e-04
  9.54748582e-04  1.95055744e-02 -2.75755442e-04  1.80299842e-04]","[ 0.         -0.27145341 13.2381773  -1.67539084  0.13826485  1.50620639
 -0.99232608  0.79526258]"
1747093075.817906,"[ 0.          0.19828038  1.01962891 -2.37693386 -1.94221808  1.76084549
  0.74519795  1.53935571]","[ 0.00000000e+00 -6.67140745e-02  1.85184257e-05  2.06816581e-04
  1.04535588e-03  2.91409724e-02 -2.83067334e-04  1.80165302e-04]","[ 0.         -0.2950114  13.21102524 -1.67659926  0.11868789  1.51774383
 -1.02820635  0.79333961]"
1747093075.8201501,"[ 0.          0.19808844  1.01962891 -2.37693279 -1.94221356  1.76094816
  0.74519701  1.53935664]","[ 0.00000000e+00 -6.18523200e-02  1.85324169e-05  2.19089570e-04
  1.21726358e-03  3.67332556e-02 -2.83067334e-04  1.80165302e-04]","[ 0.         -0.30722651 13.1994381  -1.67401063  0.12214986  1.52111924
 -1.04168642  0.76405603]"
1747093075.8218107,"[ 0.          0.19796353  1.01962891 -2.37693199 -1.94220983  1.76103285
  0.74519602  1.53935664]","[ 0.00000000e+00 -5.96828923e-02  1.85324169e-05  2.25537885e-04
  1.47002630e-03  4.53763743e-02 -2.93871179e-04  1.80165302e-04]","[ 0.         -0.34986672 13.19807625 -1.6995461   0.16604371  1.52203906
 -1.03469086  0.75201225]"
1747093075.8235748,"[ 0.          0.1978469   1.01962891 -2.37693093 -1.9422053   1.76113751
  0.74519602  1.53935664]","[ 0.00000000e+00 -5.96915434e-02  1.85324169e-05  2.36561428e-04
  1.65921555e-03  5.29121464e-02 -2.83067334e-04  1.80165302e-04]","[ 0.         -0.41703334 13.16704845 -1.73734999  0.19368948  1.54463708
 -1.04007959  0.74926323]"
1747093075.8252003,"[ 0.          0.19778537  1.01962891 -2.37693093 -1.9422029   1.76119557
  0.74519602  1.53935664]","[ 0.00000000e+00 -6.23925172e-02  1.32374398e-05  2.32180866e-04
  1.80859834e-03  5.88812517e-02 -2.75133604e-04  1.80165302e-04]","[ 0.         -0.44216898 13.15457535 -1.76109648  0.20184246  1.54810667
 -1.04288948  0.76207882]"
1747093075.8264232,"[ 0.          0.19765129  1.01962844 -2.37693093 -1.94219891  1.76132872
  0.74519508  1.53935758]","[ 0.00000000e+00 -6.66464801e-02  1.05899522e-05  2.28550440e-04
  1.97642651e-03  7.04954387e-02 -2.83281212e-04  1.80165302e-04]","[ 0.         -0.46630815 13.16524601 -1.77428639  0.24704027  1.5544802
 -1.05173874  0.77871937]"
1747093075.8281999,"[ 0.          0.19758425  1.01962844 -2.37693093 -1.94219651  1.76140383
  0.74519508  1.53935758]","[ 0.00000000e+00 -6.80645635e-02  1.05899522e-05  2.28550440e-04
  2.11966557e-03  7.61674891e-02 -2.83067334e-04  1.80165302e-04]","[ 0.         -0.44655037 13.16801167 -1.7840507   0.26265281  1.57487452
 -1.0678252   0.77671784]"
1747093075.829921,"[ 0.          0.19744373  1.01962844 -2.37693013 -1.94219198  1.76157041
  0.74519415  1.53935851]","[ 0.00000000e+00 -6.91469845e-02  1.05899522e-05  2.34036692e-04
  2.24019831e-03  8.31900202e-02 -2.93871179e-04  1.90763250e-04]","[ 0.         -0.45642295 13.18202782 -1.79927278  0.29785812  1.58781004
 -1.07973647  0.77176517]"
1747093075.831064,"[ 0.          0.19737303  1.01962844 -2.3769296  -1.94218932  1.76165603
  0.74519415  1.53935851]","[ 0.00000000e+00 -7.19188733e-02  1.05899522e-05  2.38961524e-04
  2.26459277e-03  8.69713844e-02 -2.83284008e-04  1.90907607e-04]","[ 0.         -0.47025421 13.18915939 -1.80468822  0.30121282  1.58958304
 -1.08918762  0.78996122]"
1747093075.8327627,"[ 0.          0.19723343  1.01962844 -2.37692773 -1.94218373  1.76184817
  0.74519315  1.53935944]","[ 0.00000000e+00 -7.07655415e-02  1.05819570e-05  2.60974540e-04
  2.44186697e-03  9.66948934e-02 -2.93649303e-04  1.98713706e-04]","[ 0.         -0.4824841  13.22639942 -1.7824235   0.29751247  1.61952984
 -1.07297516  0.79995453]"
1747093075.8345094,"[ 0.          0.19716455  1.01962844 -2.3769272  -1.94218053  1.76194804
  0.74519315  1.53935944]","[ 0.00000000e+00 -6.99552497e-02  1.06060839e-05  2.64945842e-04
  2.60465061e-03  1.01286549e-01 -2.83067334e-04  1.98711722e-04]","[ 0.         -0.4635286  13.25945377 -1.76834488  0.30767539  1.62845516
 -1.06159401  0.80593324]"
1747093075.8356326,"[ 0.          0.19702359  1.01962891 -2.37692587 -1.94217441  1.76216296
  0.74519222  1.53936051]","[ 0.00000000e+00 -6.94150525e-02  1.06059783e-05  2.98862688e-04
  2.89617130e-03  1.11820358e-01 -2.93649303e-04  1.98711722e-04]","[ 0.         -0.39972132 13.30392838 -1.76818526  0.28954512  1.68024695
 -1.07200027  0.78137118]"
1747093075.8373456,"[ 0.          0.19695424  1.01962891 -2.3769256  -1.94217121  1.76228387
  0.74519222  1.53936144]","[ 0.00000000e+00 -7.02253442e-02  1.06059783e-05  3.29118272e-04
  3.02177472e-03  1.13848880e-01 -2.93649303e-04  2.06660195e-04]","[ 0.         -0.40852985 13.3222971  -1.76988471  0.28969544  1.72342288
 -1.09010267  0.80184293]"
1747093075.8390357,"[ 0.          0.19680867  1.01962844 -2.37692454 -1.94216482  1.76251024
  0.74519129  1.53936237]","[ 0.00000000e+00 -7.12334838e-02  5.30293632e-06  3.73234160e-04
  3.13813691e-03  1.15601723e-01 -2.93649303e-04  2.17422558e-04]","[ 0.         -0.38702127 13.35789871 -1.74161649  0.23942161  1.78286076
 -1.0703553   0.8114143 ]"
1747093075.840207,"[ 0.          0.19673796  1.01962844 -2.37692374 -1.94216216  1.76263394
  0.74519129  1.5393633 ]","[ 0.00000000e+00 -7.18459277e-02  5.30293632e-06  3.97744832e-04
  3.08494807e-03  1.16356562e-01 -2.93649303e-04  2.27856106e-04]","[ 0.         -0.37374136 13.37594318 -1.72946024  0.20584966  1.80832601
 -1.06835675  0.8114143 ]"
1747093075.8418965,"[ 0.          0.19659056  1.01962891 -2.37692214 -1.94215656  1.7628699
  0.74519036  1.53936423]","[ 0.00000000e+00 -7.50870946e-02  1.06059783e-05  4.34878992e-04
  2.92596594e-03  1.20463473e-01 -2.91003827e-04  2.27856106e-04]","[ 0.         -0.32170793 13.4250679  -1.72090864  0.12547545  1.84482741
 -1.07474375  0.82765728]"
1747093075.843084,"[ 0.          0.19651021  1.01962891 -2.37692134 -1.94215443  1.76299253
  0.74519036  1.53936423]","[ 0.00000000e+00 -7.57320789e-02  5.30298914e-06  4.43793949e-04
  2.71316844e-03  1.24244837e-01 -2.91003827e-04  2.27856106e-04]","[ 0.         -0.30448583 13.46625423 -1.71553826  0.09851958  1.87056112
 -1.10087407  0.83378679]"
1747093075.8447561,"[ 0.          0.19636693  1.01962891 -2.37692001 -1.9421507   1.76325605
  0.74518936  1.53936517]","[ 0.00000000e+00 -7.17731318e-02  5.30298914e-06  4.65700335e-04
  2.28711676e-03  1.29106596e-01 -2.93652196e-04  2.35448538e-04]","[ 0.         -0.30257311 13.56005955 -1.71797192  0.05017148  1.89761639
 -1.10758996  0.84827656]"
1747093075.8470666,"[ 0.          0.19622689  1.01962891 -2.37691868 -1.94214751  1.76352716
  0.74518936  1.5393661 ]","[ 0.00000000e+00 -6.79582534e-02  5.30298914e-06  4.76645303e-04
  1.78137857e-03  1.39768736e-01 -2.93649303e-04  2.43753052e-04]","[ 0.         -0.2849485  13.69267559 -1.72070885  0.0355295   1.93889391
 -1.11920083  0.83923781]"
1747093075.848887,"[ 0.          0.1961029   1.01962891 -2.37691735 -1.94214325  1.76383063
  0.74518749  1.53936716]","[ 0.         -0.06104203  0.          0.00050709  0.00186161  0.15110134
 -0.00030159  0.00024603]","[ 0.         -0.31297067 13.75862026 -1.73702753  0.03113558  1.94564235
 -1.15777624  0.84997833]"
1747093075.850037,"[ 0.          0.19604642  1.01962937 -2.37691681 -1.94214112  1.76398376
  0.74518749  1.53936716]","[ 0.00000000e+00 -5.72606640e-02  5.29897933e-06  5.05964002e-04
  1.91082809e-03  1.55306051e-01 -3.01588754e-04  2.46032929e-04]","[ 0.         -0.32562712 13.81216526 -1.75806308  0.05122133  1.91948342
 -1.17069864  0.84912032]"
1747093075.8518784,"[ 0.          0.1959376   1.01962937 -2.37691548 -1.94213499  1.76430161
  0.74518749  1.5393681 ]","[ 0.         -0.05140754  0.          0.00053818  0.00218563  0.16313887
 -0.00029365  0.00025397]","[ 0.         -0.37422314 13.83734512 -1.76482141  0.08793201  1.90594947
 -1.1628077   0.82753271]"
1747093075.8542442,"[ 0.          0.19583703  1.01962937 -2.37691442 -1.94212674  1.76463637
  0.74518649  1.53936903]","[ 0.         -0.05077833  0.          0.00054389  0.00315509  0.16313887
 -0.00030159  0.00025397]","[ 0.         -0.43267772 13.8417263  -1.80288672  0.17952687  1.8932184
 -1.15459645  0.82510102]"
1747093075.8553772,"[ 0.          0.19578836  1.01962937 -2.37691442 -1.94212114  1.7647943
  0.74518556  1.53936903]","[ 0.         -0.04942784  0.          0.00052741  0.00392951  0.16000551
 -0.00031217  0.00025397]","[ 0.         -0.46698198 13.85239315 -1.83666217  0.21866497  1.893381
 -1.16097999  0.81652242]"
1747093075.8565295,"[ 0.          0.1956933   1.01962937 -2.37691388 -1.94210836  1.76510535
  0.74518463  1.53936996]","[ 0.00000000e+00 -4.56928161e-02 -5.30304197e-06  5.28650805e-04
  6.05463328e-03  1.57196729e-01 -3.12170821e-04  2.64548920e-04]","[ 0.         -0.55903882 13.84506321 -1.90071785  0.32463858  1.92017102
 -1.16483319  0.82559013]"
1747093075.8589315,"[ 0.          0.19560835  1.01962937 -2.37691308 -1.94209052  1.7654212
  0.74518463  1.53937089]","[ 0.00000000e+00 -4.32155977e-02 -5.30298914e-06  5.52146895e-04
  8.71248989e-03  1.53415373e-01 -3.01585764e-04  2.75130873e-04]","[ 0.         -0.71747941 13.83093548 -1.96883881  0.39583123  1.94460607
 -1.17102194  0.82932746]"
1747093075.8601162,"[ 0.          0.19555738  1.01962937 -2.37691308 -1.94207986  1.76556874
  0.7451837   1.53937182]","[ 0.00000000e+00 -4.18998130e-02 -5.30298914e-06  5.62369637e-04
  1.01428987e-02  1.49634000e-01 -3.12167733e-04  2.82856609e-04]","[ 0.         -0.7679655  13.82572651 -1.99764144  0.44511878  1.91050446
 -1.18105948  0.82524586]"
1747093075.86187,"[ 0.          0.19547473  1.01962937 -2.37691229 -1.9420543   1.76587687
  0.7451827   1.53937182]","[ 0.00000000e+00 -4.15950101e-02 -5.30298914e-06  5.53848886e-04
  1.37749708e-02  1.50444300e-01 -3.22749702e-04  2.75130873e-04]","[ 0.         -0.86399209 13.79797268 -2.05132818  0.47544932  1.88693607
 -1.20046556  0.83714151]"
1747093075.8636646,"[ 0.          0.19539253  1.01962937 -2.37691069 -1.94201781  1.76617568
  0.7451827   1.53937276]","[ 0.00000000e+00 -3.97043280e-02 -1.06060839e-05  5.44022693e-04
  1.91574909e-02  1.51524678e-01 -3.12170821e-04  2.83067334e-04]","[ 0.         -1.00245476 13.77377129 -2.11406732  0.48542944  1.83058774
 -1.20429325  0.82470876]"
1747093075.8660073,"[ 0.          0.19531861  1.01962937 -2.37690989 -1.94197201  1.76648767
  0.74518177  1.53937382]","[ 0.00000000e+00 -3.67332556e-02 -1.05979587e-05  5.28303541e-04
  2.45788713e-02  1.53415373e-01 -3.22749702e-04  2.85712842e-04]","[ 0.         -1.10707319 13.79722595 -2.16631508  0.52690816  1.85150778
 -1.17996228  0.83208132]"
1747093075.867178,"[ 0.          0.19528095  1.01962937 -2.37690936 -1.94194165  1.76664466
  0.74518177  1.53937475]","[ 0.00000000e+00 -3.53583529e-02 -1.05979587e-05  5.27005152e-04
  2.85876049e-02  1.59357518e-01 -3.12167733e-04  2.93649303e-04]","[ 0.         -1.19292378 13.82617569 -2.16564655  0.52894467  1.88339353
 -1.18590844  0.84191293]"
1747093075.8689435,"[ 0.          0.19521024  1.01962937 -2.37690936 -1.9418724   1.76698049
  0.74518084  1.53937569]","[ 0.00000000e+00 -3.61930625e-02 -1.06060839e-05  5.02740478e-04
  3.72734528e-02  1.65757959e-01 -3.12170821e-04  3.01585764e-04]","[ 0.         -1.34463441 13.83168793 -2.21737409  0.50332457  1.91538763
 -1.17461002  0.84355766]"
1747093075.8701198,"[ 0.          0.19517304  1.01962937 -2.37690936 -1.94183139  1.767146
  0.74518084  1.53937662]","[ 0.00000000e+00 -3.78136459e-02 -1.06059783e-05  4.85698425e-04
  4.15528656e-02  1.68000624e-01 -3.12170821e-04  3.12167733e-04]","[ 0.         -1.42532206 13.84442234 -2.26971984  0.44653928  1.88966608
 -1.16850924  0.85499346]"
1747093075.8717897,"[ 0.          0.19508947  1.01962984 -2.37690936 -1.94173871  1.76749035
  0.74518084  1.53937755]","[ 0.00000000e+00 -4.18389348e-02 -5.30298914e-06  4.42004345e-04
  4.61866702e-02  1.75563352e-01 -3.12167733e-04  3.11932235e-04]","[ 0.         -1.59727967 13.83104515 -2.34292626  0.30195665  1.85887253
 -1.15221381  0.84869599]"
1747093075.8740041,"[ 0.          0.1950013   1.01962984 -2.37690882 -1.94164044  1.76786798
  0.74517984  1.53937848]","[ 0.00000000e+00 -4.51062798e-02 -5.30298914e-06  4.00475352e-04
  5.12665251e-02  1.86897283e-01 -3.12170821e-04  3.22749702e-04]","[ 0.         -1.69625211 13.86357689 -2.40727854  0.11638694  1.89933121
 -1.13461137  0.84085691]"
1747093075.8757412,"[ 0.          0.19495171  1.01962984 -2.37690856 -1.94152699  1.76825428
  0.74517984  1.53937941]","[ 0.00000000e+00 -4.66429321e-02 -5.30304197e-06  3.65503580e-04
  5.72606640e-02  1.98791743e-01 -3.11935324e-04  3.30436686e-04]","[ 0.         -1.73900151 13.89047909 -2.47952247 -0.01664638  1.91411817
 -1.14325643  0.84488535]"
1747093075.8774307,"[ 0.          0.19485391  1.01963031 -2.37690856 -1.94140342  1.76868238
  0.7451789   1.53937941]","[ 0.00000000e+00 -5.07268771e-02  5.30298914e-06  3.32319982e-04
  6.48233924e-02  2.11216222e-01 -3.12167733e-04  3.20104193e-04]","[ 0.         -1.82729387 13.95044613 -2.49604702 -0.08994607  1.95647681
 -1.14208007  0.85265845]"
1747093075.8791997,"[ 0.          0.19480156  1.01963031 -2.37690856 -1.94133285  1.7688973
  0.7451789   1.53938048]","[ 0.00000000e+00 -5.32092012e-02  5.29897933e-06  3.23788569e-04
  6.64536423e-02  2.17747824e-01 -3.12167733e-04  3.30689413e-04]","[ 0.         -1.8544085  13.95200443 -2.54926848 -0.10124266  1.997756
 -1.14077401  0.85430616]"
1747093075.8815296,"[ 0.          0.19468264  1.01963031 -2.37690802 -1.94119356  1.76934537
  0.74517797  1.53938048]","[ 0.00000000e+00 -5.96915434e-02  5.30298914e-06  2.97502922e-04
  7.23861249e-02  2.17667030e-01 -3.12170821e-04  3.30436686e-04]","[ 0.         -1.92003429 13.94966984 -2.59178996 -0.11623023  2.00630069
 -1.14741945  0.83132452]"
1747093075.88268,"[ 0.          0.19456186  1.01963031 -2.37690802 -1.94103484  1.76977161
  0.74517797  1.53938141]","[ 0.00000000e+00 -6.18523200e-02  5.29897933e-06  2.47109718e-04
  7.94936025e-02  2.15267688e-01 -3.12170821e-04  3.30686162e-04]","[ 0.         -1.96717548 13.97507286 -2.638587   -0.15413168  2.00532222
 -1.1474402   0.82249862]"
1747093075.8844273,"[ 0.          0.19442686  1.01963031 -2.37690749 -1.94087052  1.77019492
  0.74517697  1.53938141]","[ 0.00000000e+00 -6.75243704e-02  5.30298914e-06  2.47229953e-04
  8.42704147e-02  2.05128601e-01 -3.12167733e-04  3.30439970e-04]","[ 0.         -1.99718535 13.95922852 -2.70226002 -0.18724376  2.01959991
 -1.13194466  0.8158955 ]"
1747093075.8856602,"[ 0.          0.19435706  1.01963031 -2.37690723 -1.94078397  1.77039559
  0.74517604  1.53938141]","[ 0.00000000e+00 -7.06938358e-02  5.30298914e-06  2.38981566e-04
  8.77816761e-02  2.03653493e-01 -3.22749702e-04  3.30689413e-04]","[ 0.         -2.00334811 13.92753792 -2.70932078 -0.20657383  2.01206636
 -1.12679243  0.82589835]"
1747093075.8873718,"[ 0.          0.19420508  1.01963031 -2.37690723 -1.94059222  1.77081317
  0.74517604  1.53938234]","[ 0.00000000e+00 -7.85983643e-02  5.30298914e-06  2.24080981e-04
  9.54529033e-02  2.01617839e-01 -3.11935324e-04  3.30436686e-04]","[ 0.         -1.98175979 13.9090662  -2.71278191 -0.20605786  2.07140112
 -1.13371885  0.80835557]"
1747093075.8891158,"[ 0.          0.19411921  1.01963031 -2.37690669 -1.94049395  1.77101398
  0.74517604  1.53938234]","[ 0.00000000e+00 -8.07474437e-02  5.30293632e-06  2.32969363e-04
  9.96659659e-02  2.03653493e-01 -3.01585764e-04  3.30686162e-04]","[ 0.         -1.95198131 13.91477299 -2.70136881 -0.22015503  2.09795642
 -1.1248287   0.80945754]"
1747093075.8909104,"[ 0.          0.19394792  1.01963031 -2.37690616 -1.94028543  1.77142397
  0.74517511  1.53938328]","[ 0.00000000e+00 -8.93116788e-02  5.29897933e-06  2.35047243e-04
  1.08038994e-01  2.09113456e-01 -3.12167733e-04  3.30686162e-04]","[ 0.         -1.84306502 13.94449711 -2.67838001 -0.26491067  2.09259105
 -1.12596619  0.80841929]"
1747093075.892166,"[ 0.          0.19385196  1.01963077 -2.37690563 -1.94016612  1.77164275
  0.74517418  1.53938328]","[ 0.00000000e+00 -9.02766419e-02  1.05979587e-05  2.33537934e-04
  1.12344269e-01  2.06325959e-01 -3.20104193e-04  3.30439970e-04]","[ 0.         -1.80141914 13.97993469 -2.68494725 -0.31102288  2.04832077
 -1.13031924  0.80713165]"
1747093075.8939185,"[ 0.          0.1936715   1.01963077 -2.37690483 -1.93993362  1.7720566
  0.74517318  1.53938328]","[ 0.00000000e+00 -9.18331430e-02  1.06059783e-05  2.50227928e-04
  1.19531949e-01  2.11216222e-01 -3.22752888e-04  3.30686162e-04]","[ 0.         -1.70549631 14.07187653 -2.65533257 -0.34511292  2.03709078
 -1.15246582  0.80055821]"
1747093075.895092,"[ 0.          0.19358012  1.01963124 -2.3769043  -1.93981378  1.77226593
  0.74517318  1.53938328]","[ 0.00000000e+00 -9.26434348e-02  1.32473165e-05  2.57919414e-04
  1.21543868e-01  2.12296616e-01 -3.12170821e-04  3.22749702e-04]","[ 0.         -1.64659452 14.12174797 -2.61066318 -0.36149865  2.08982873
 -1.15215087  0.79282796]"
1747093075.8968763,"[ 0.          0.19338817  1.01963164 -2.37690243 -1.93955945  1.7727168
  0.74517225  1.53938421]","[ 0.00000000e+00 -9.37238210e-02  2.12119566e-05  2.91983494e-04
  1.25384229e-01  2.22020133e-01 -3.22749702e-04  3.30686162e-04]","[ 0.         -1.51841998 14.20009136 -2.58505464 -0.38942668  2.06796265
 -1.19027328  0.76479584]"
1747093075.8985507,"[ 0.          0.19329358  1.01963164 -2.37690217 -1.93943348  1.77293944
  0.74517131  1.53938421]","[ 0.00000000e+00 -9.57874546e-02  2.12119566e-05  2.91439516e-04
  1.27756107e-01  2.25801489e-01 -3.30686162e-04  3.30689413e-04]","[ 0.         -1.47287071 14.24730301 -2.5694921  -0.35815543  2.01231813
 -1.19550908  0.75711775]"
1747093075.8997664,"[ 0.          0.1930975   1.01963164 -2.37690057 -1.93916504  1.77341788
  0.74517032  1.53938421]","[ 0.00000000e+00 -1.00476258e-01  2.11959173e-05  3.17374551e-04
  1.32030655e-01  2.36474657e-01 -3.30689413e-04  3.22506207e-04]","[ 0.         -1.31550097 14.31319237 -2.49311972 -0.37139326  1.99276638
 -1.21725619  0.75256908]"
1747093075.9019775,"[ 0.          0.19289271  1.0196321  -2.37689844 -1.93889952  1.773885
  0.74516938  1.53938421]","[ 0.00000000e+00 -9.96659659e-02  2.65152094e-05  3.51674226e-04
  1.34508543e-01  2.38225968e-01 -3.30686162e-04  3.22749702e-04]","[ 0.         -1.19710171 14.35782909 -2.44459414 -0.35644105  1.96135354
 -1.23997653  0.76830095]"
1747093075.9031737,"[ 0.          0.19279399  1.0196321  -2.37689711 -1.9387645   1.77411909
  0.74516845  1.53938421]","[ 0.00000000e+00 -1.00206163e-01  2.65149452e-05  3.73971698e-04
  1.36939419e-01  2.37415685e-01 -3.38622623e-04  3.22749702e-04]","[ 0.         -1.15001643 14.37458611 -2.3806963  -0.34263864  1.95123911
 -1.24399567  0.75313008]"
1747093075.905028,"[ 0.          0.19259332  1.01963257 -2.37689471 -1.9384822   1.77460805
  0.74516652  1.53938514]","[ 0.00000000e+00 -9.69649962e-02  3.18179359e-05  4.15488533e-04
  1.38674959e-01  2.37984602e-01 -3.49204592e-04  3.22752888e-04]","[ 0.         -1.01608479 14.41941738 -2.29867911 -0.29491821  1.96155155
 -1.2575407   0.76480806]"
1747093075.9061522,"[ 0.          0.19249688  1.01963257 -2.37689338 -1.93834159  1.774842
  0.74516559  1.53938514]","[ 0.00000000e+00 -9.77752879e-02  3.18179359e-05  4.23034687e-04
  1.42611461e-01  2.37145590e-01 -3.52662280e-04  3.22752888e-04]","[ 0.         -0.95581579 14.42658234 -2.29330516 -0.24596187  1.96717906
 -1.27746248  0.77295864]"
1747093075.9078772,"[ 0.          0.19230082  1.01963303 -2.37689018 -1.93803719  1.77533669
  0.74516366  1.53938514]","[ 0.00000000e+00 -9.96659659e-02  3.70928568e-05  4.88902606e-04
  1.51464158e-01  2.41740791e-01 -3.67486192e-04  3.11932235e-04]","[ 0.         -0.85073841 14.48701096 -2.23703623 -0.20874584  1.99634159
 -1.27771366  0.74294597]"
1747093075.9115052,"[ 0.          0.19219474  1.01963303 -2.37688778 -1.93788485  1.77557744
  0.74516273  1.53938514]","[ 0.00000000e+00 -9.97119553e-02  3.71209245e-05  5.97715103e-04
  1.54495751e-01  2.44168113e-01 -3.82868645e-04  3.11932235e-04]","[ 0.         -0.78652221 14.4938097  -2.18231249 -0.19832619  2.00768852
 -1.30710399  0.729083  ]"
1747093075.915678,"[ 0.          0.19149585  1.0196349  -2.37686488 -1.93673996  1.77738586
  0.74515514  1.53938514]","[ 0.00000000e+00 -9.72066281e-02  5.82887721e-05  3.67002428e-03
  1.70431507e-01  2.68823791e-01 -4.80797975e-04  2.91006688e-04]","[ 0.         -0.47077078 14.65948486 -1.94957054 -0.33608595  1.94079912
 -1.38483     0.69328547]"
1747093075.920045,"[ 0.          0.19111977  1.0196349  -2.37683452 -1.9360502   1.77851983
  0.74514941  1.53938621]","[ 0.00000000e+00 -9.39939238e-02  5.82013384e-05  8.91321630e-03
  1.72226761e-01  2.84872982e-01 -5.54510906e-04  3.01358264e-04]","[ 0.         -0.34528226 14.69823265 -1.84000468 -0.31794211  2.05964661
 -1.39754069  0.69445425]"
1747093075.9241889,"[ 0.          0.19075059  1.0196349  -2.37677407 -1.93533221  1.77966326
  0.74514089  1.53938621]","[ 0.00000000e+00 -8.72674280e-02  5.82007654e-05  1.80965312e-02
  1.82585892e-01  2.92245478e-01 -7.74236390e-04  2.93430678e-04]","[ 0.         -0.30953002 14.6677475  -1.76427817 -0.36124769  2.03261542
 -1.42192364  0.67355961]"
1747093075.9272285,"[ 0.          0.19049573  1.0196349  -2.37670696 -1.93477428  1.78056887
  0.74512657  1.53938621]","[ 0.00000000e+00 -8.56209037e-02  6.34923676e-05  2.32283823e-02
  1.84746681e-01  2.99268000e-01 -1.46909471e-03  2.85712842e-04]","[ 0.         -0.37477845 14.63126755 -1.80137575 -0.37005773  2.00422454
 -1.41670239  0.68646991]"
1747093075.9300938,"[ 0.          0.1902496   1.0196349  -2.37663532 -1.93420516  1.7814774
  0.74506572  1.53938621]","[ 0.00000000e+00 -7.91385615e-02  6.35397134e-05  2.37685775e-02
  1.88257942e-01  3.00382966e-01 -9.93593258e-03  2.85715671e-04]","[ 0.         -0.42664173 14.5276432  -1.83394349 -0.30652207  2.01111913
 -1.39066434  0.64247632]"
1747093075.9329002,"[ 0.          0.19001451  1.0196349  -2.37656954 -1.93363392  1.78240298
  0.74487164  1.53938621]","[ 0.00000000e+00 -7.52305391e-02  6.35403432e-05  2.10676037e-02
  1.89608431e-01  3.06502711e-01 -7.34751581e-02  2.64349346e-04]","[ 0.         -0.55353278 14.34983158 -1.92510116 -0.18902285  1.86698008
 -1.30625248  0.6439904 ]"
1747093075.9353127,"[ 0.          0.1897863   1.01963443 -2.37651121 -1.93306613  1.78337051
  0.74462051  1.53938621]","[ 0.00000000e+00 -7.90583754e-02  5.55977993e-05  1.96971389e-02
  1.93659898e-01  3.00922156e-01 -9.07527485e-02  2.53777893e-04]","[ 0.         -0.71694344 14.10560894 -2.00924373 -0.07201612  1.84534013
 -1.32295728  0.62425888]"
1747093075.937626,"[ 0.          0.18962145  1.01963443 -2.37646993 -1.93266239  1.78394882
  0.7444207   1.53938621]","[ 0.00000000e+00 -8.04890505e-02  5.55972507e-05  1.99872133e-02
  1.98320496e-01  2.92245478e-01 -1.00476258e-01  2.46030507e-04]","[ 0.         -0.74740601 14.00484848 -2.06060696  0.03595498  1.81340027
 -1.3316195   0.62688041]"
1747093075.939975,"[ 0.          0.18945154  1.01963443 -2.37642679 -1.93222297  1.7845435
  0.74421331  1.53938621]","[ 0.00000000e+00 -8.37566660e-02  5.82447383e-05  2.24180906e-02
  2.00997423e-01  2.89386807e-01 -1.06148308e-01  2.37914416e-04]","[ 0.         -0.77835202 13.94732094 -2.08940578  0.11528898  1.77231503
 -1.26924133  0.63305372]"
1747093075.942248,"[ 0.          0.18928531  1.01963443 -2.37637619 -1.93185466  1.78513699
  0.7439926   1.53938621]","[ 0.00000000e+00 -8.42704147e-02  5.55558217e-05  2.56592596e-02
  2.02573099e-01  2.88383728e-01 -1.07929522e-01  2.27514320e-04]","[ 0.         -0.85361934 13.92720795 -2.10811663  0.10915936  1.74959671
 -1.21842444  0.61858845]"
1747093075.9440556,"[ 0.          0.18911312  1.01963397 -2.37632346 -1.93145705  1.78570211
  0.74376716  1.53938621]","[ 0.00000000e+00 -8.47597373e-02  5.03022715e-05  2.70097486e-02
  2.01889931e-01  2.86358726e-01 -1.15871817e-01  2.16766472e-04]","[ 0.         -0.92258137 13.86117554 -2.14975834  0.05691123  1.70411289
 -1.2334429   0.61501014]"
1747093075.9463806,"[ 0.          0.18893863  1.01963443 -2.376267   -1.93101017  1.78626723
  0.74352362  1.53938621]","[ 0.00000000e+00 -8.94022679e-02  5.55552731e-05  2.75499417e-02
  2.03113304e-01  2.87383711e-01 -1.19531949e-01  2.09309686e-04]","[ 0.         -0.97723907 13.84323692 -2.18239856  0.05732473  1.73860455
 -1.20848739  0.60664165]"
1747093075.9480023,"[ 0.          0.18875036  1.01963443 -2.37621454 -1.93059525  1.78683888
  0.74328486  1.53938621]","[ 0.00000000e+00 -9.37874039e-02  5.55972507e-05  2.67125564e-02
  2.02119379e-01  2.90354800e-01 -1.21543868e-01  2.00907497e-04]","[ 0.         -0.99363518 13.84335518 -2.19489026  0.06514511  1.82669485
 -1.16470146  0.62056035]"
1747093075.9497404,"[ 0.          0.18855658  1.01963397 -2.37616287 -1.93019231  1.78742877
  0.74302607  1.53938621]","[ 0.00000000e+00 -9.91257769e-02  5.02642966e-05  2.51190644e-02
  2.05003982e-01  2.85763144e-01 -1.27486012e-01  1.90763250e-04]","[ 0.         -0.9978587  13.83616066 -2.18916869  0.0143533   1.88502026
 -1.19184124  0.64091337]"
1747093075.950931,"[ 0.          0.18845923  1.01963397 -2.37613757 -1.92998858  1.7877084
  0.74289771  1.53938621]","[ 0.00000000e+00 -9.88556741e-02  4.50072964e-05  2.56592596e-02
  2.06624566e-01  2.83315000e-01 -1.30186982e-01  1.90761348e-04]","[ 0.         -0.99365336 13.81418037 -2.19060731  0.0227115   1.82498074
 -1.22263002  0.63611233]"
1747093075.9525967,"[ 0.          0.18825719  1.01963443 -2.37608644 -1.92956194  1.78827832
  0.74263039  1.53938621]","[ 0.00000000e+00 -9.85520072e-02  5.03022715e-05  2.61994548e-02
  2.08515244e-01  2.77120004e-01 -1.29898062e-01  1.80165302e-04]","[ 0.         -0.9110859  13.80307961 -2.16772676  0.01439901  1.85226035
 -1.26548338  0.64065403]"
1747093075.954372,"[ 0.          0.18816122  1.01963443 -2.37605794 -1.92935581  1.78855129
  0.74250196  1.53938621]","[ 0.00000000e+00 -9.71365704e-02  5.02642966e-05  2.68322260e-02
  2.09055449e-01  2.76849910e-01 -1.30186982e-01  1.80165302e-04]","[ 0.         -0.86790717 13.79324055 -2.16774797 -0.02542583  1.91226315
 -1.24490786  0.6335547 ]"
1747093075.956127,"[ 0.          0.18797204  1.01963443 -2.37600255 -1.9289337   1.7890983
  0.74223844  1.53938714]","[ 0.00000000e+00 -9.58846017e-02  5.03022715e-05  2.89004307e-02
  2.15807877e-01  2.77648708e-01 -1.35048741e-01  1.80029186e-04]","[ 0.         -0.8310886  13.81905174 -2.11233521 -0.02136808  1.92213368
 -1.21393085  0.64109415]"
1747093075.9573023,"[ 0.          0.18787009  1.01963443 -2.37597299 -1.92870467  1.7890983
  0.74209476  1.53938714]","[ 0.00000000e+00 -9.60443165e-02  5.03022715e-05  2.99808189e-02
  2.15660871e-01  2.77648708e-01 -1.35414967e-01  1.69567338e-04]","[ 0.00000000e+00 -8.05280566e-01  1.38472719e+01 -2.10588956e+00
 -5.22401463e-03  1.92213368e+00 -1.22967434e+00  6.36671424e-01]"
1747093075.9589794,"[ 0.          0.1876855   1.0196349  -2.375912   -1.92827723  1.78966236
  0.74182079  1.53938714]","[ 0.00000000e+00 -9.21032375e-02  5.55552731e-05  2.99504423e-02
  2.16077989e-01  2.74959232e-01 -1.40990877e-01  1.61618866e-04]","[ 0.00000000e+00 -7.63171732e-01  1.38923149e+01 -2.07951784e+00
 -2.83222599e-03  1.94352424e+00 -1.27375185e+00  6.43156052e-01]"
1747093075.960116,"[ 0.          0.18759412  1.0196349  -2.37588404 -1.92806365  1.78993547
  0.74167811  1.53938714]","[ 0.00000000e+00 -9.25495667e-02  5.55977993e-05  2.83602355e-02
  2.16618177e-01  2.77120004e-01 -1.44772250e-01  1.61618866e-04]","[ 0.         -0.72210574 13.92982864 -2.07659554 -0.0535798   1.94580245
 -1.27373517  0.64389938]"
1747093075.9618838,"[ 0.          0.18741182  1.0196349  -2.37583157 -1.92761411  1.79050046
  0.74136226  1.53938714]","[ 0.00000000e+00 -8.75115816e-02  5.55552731e-05  2.56592596e-02
  2.19923943e-01  2.75845299e-01 -1.56730293e-01  1.53671937e-04]","[ 0.         -0.6635465  14.00926876 -2.03831315 -0.07565507  1.9766407
 -1.25206792  0.63234961]"
1747093075.9630373,"[ 0.          0.1873287   1.0196349  -2.37580654 -1.92739599  1.7907717
  0.74119961  1.53938714]","[ 0.00000000e+00 -8.42704147e-02  5.55552731e-05  2.35722359e-02
  2.20985695e-01  2.74959232e-01 -1.65029551e-01  1.43073876e-04]","[ 0.         -0.66551441 14.08546066 -2.0314579  -0.03853304  1.96014452
 -1.22929597  0.63596469]"
1747093075.9647818,"[ 0.          0.18715834  1.01963537 -2.3757642  -1.92717841  1.79131485
  0.74084667  1.53938714]","[ 0.00000000e+00 -8.34601230e-02  5.82447383e-05  2.05274085e-02
  2.20669644e-01  2.74959232e-01 -1.75537919e-01  1.32474482e-04]","[ 0.         -0.67193115 14.17507458 -1.99383914 -0.01533365  1.91907585
 -1.22729588  0.6353904 ]"
1747093075.9664984,"[ 0.          0.187078    1.01963537 -2.37574502 -1.92695844  1.79158303
  0.74066498  1.53938714]","[ 0.00000000e+00 -8.15694367e-02  5.82447383e-05  1.94273149e-02
  2.23100511e-01  2.71988159e-01 -1.84019837e-01  1.32474482e-04]","[ 0.         -0.66230917 14.19892979 -1.99890804  0.01484976  1.88572323
 -1.23353589  0.64806837]"
1747093075.9676397,"[ 0.          0.18691544  1.01963537 -2.37570721 -1.92649718  1.79212911
  0.74028728  1.53938714]","[ 0.00000000e+00 -7.82397613e-02  5.82447383e-05  1.80965312e-02
  2.26071584e-01  2.67396504e-01 -1.92849598e-01  1.14015406e-04]","[ 0.         -0.65372252 14.23454952 -1.98579979  0.05445704  1.88126647
 -1.25789857  0.63823771]"
1747093075.9693053,"[ 0.          0.18683874  1.01963537 -2.3756883  -1.92627427  1.79238411
  0.74008275  1.53938714]","[ 0.00000000e+00 -7.77880725e-02  5.82447383e-05  1.91769216e-02
  2.26071584e-01  2.58491209e-01 -1.92590173e-01  1.13928053e-04]","[ 0.         -0.66141587 14.25863552 -1.98474658  0.0477301   1.97253299
 -1.27445757  0.63674027]"
1747093075.971996,"[ 0.          0.18668721  1.01963583 -2.37564835 -1.92580902  1.79290636
  0.73969745  1.53938714]","[ 0.00000000e+00 -7.58973946e-02  6.34917418e-05  1.95415395e-02
  2.27151978e-01  2.54279220e-01 -1.94812797e-01  1.05979589e-04]","[ 0.         -0.68215984 14.28420258 -1.98672819  0.08404778  2.00803137
 -1.29811633  0.6478529 ]"
1747093075.972528,"[ 0.          0.18653476  1.01963623 -2.3756076  -1.92535841  1.79340863
  0.7393103   1.53938714]","[ 0.00000000e+00 -7.44081716e-02  6.35403432e-05  2.13160808e-02
  2.29312751e-01  2.55512214e-01 -1.97711348e-01  9.53816248e-05]","[ 0.         -0.69732106 14.32947254 -2.00314736  0.10632266  2.01909184
 -1.39441013  0.6325562 ]"
1747093075.97425,"[ 0.          0.18646037  1.01963623 -2.37558417 -1.92511233  1.79368067
  0.73909818  1.53938714]","[ 0.00000000e+00 -7.53571974e-02  6.35397134e-05  2.20676248e-02
  2.31710062e-01  2.56044280e-01 -1.99611697e-01  8.47836692e-05]","[ 0.         -0.70681131 14.34314156 -2.00553775  0.09955733  2.00737095
 -1.37775719  0.62778163]"
1747093075.9759283,"[ 0.          0.1863015   1.0196367  -2.37553916 -1.92465187  1.79418587
  0.73869764  1.53938714]","[ 0.00000000e+00 -7.74874516e-02  6.88346925e-05  2.32283823e-02
  2.34174518e-01  2.56592608e-01 -2.05335929e-01  7.68933393e-05]","[ 0.         -0.74926561 14.39128494 -2.02568245  0.10561549  2.02686501
 -1.39139056  0.62155282]"
1747093075.9777405,"[ 0.          0.18614767  1.01963716 -2.37549282 -1.92418076  1.79471478
  0.73826481  1.53938714]","[ 0.00000000e+00 -7.85187274e-02  7.41296676e-05  2.37685775e-02
  2.40116663e-01  2.58793045e-01 -2.14156268e-01  7.68351964e-05]","[ 0.         -0.80433196 14.42112064 -2.03732395  0.0950551   2.00557423
 -1.37048709  0.61622018]"
1747093075.979483,"[ 0.          0.18606869  1.01963716 -2.37546752 -1.92392483  1.79497457
  0.73805075  1.53938714]","[ 0.00000000e+00 -8.02189477e-02  6.87834010e-05  2.38005937e-02
  2.40988482e-01  2.63615131e-01 -2.17158366e-01  6.62372408e-05]","[ 0.         -0.80636275 14.45498657 -2.05634952  0.09027153  2.01013851
 -1.41108513  0.61998832]"
1747093075.9806182,"[ 0.          0.18590567  1.01963763 -2.37541985 -1.92344679  1.7955072
  0.73760934  1.53938714]","[ 0.00000000e+00 -7.92428326e-02  7.41296676e-05  2.45788713e-02
  2.42817624e-01  2.71988159e-01 -2.26881884e-01  6.62372408e-05]","[ 0.         -0.83524805 14.49097252 -2.10325718  0.02263068  2.04119229
 -1.42194843  0.61522287]"
1747093075.9829316,"[ 0.          0.1857546   1.01963809 -2.37536659 -1.92294718  1.79606846
  0.73713656  1.53938714]","[ 0.00000000e+00 -7.58973946e-02  7.67191870e-05  2.68322260e-02
  2.44499244e-01  2.73878837e-01 -2.33364218e-01  5.82887721e-05]","[ 0.         -0.85005713 14.53288174 -2.17071557  0.01614836  2.12389326
 -1.39634347  0.61821598]"
1747093075.9840846,"[ 0.          0.18567975  1.01963809 -2.37533756 -1.92270617  1.79633771
  0.73689874  1.53938714]","[ 0.00000000e+00 -7.58973946e-02  7.67771511e-05  2.94406258e-02
  2.44190550e-01  2.73068554e-01 -2.41197040e-01  5.82887721e-05]","[ 0.         -0.84901339 14.54863167 -2.19166827  0.02391479  2.1355648
 -1.3587445   0.62118953]"
1747093075.9858108,"[ 0.          0.18552822  1.01963856 -2.37527338 -1.92221641  1.79686754
  0.73635745  1.53938714]","[ 0.00000000e+00 -7.31964166e-02  8.20729389e-05  3.39978000e-02
  2.49840163e-01  2.68206787e-01 -2.47669587e-01  5.82887721e-05]","[ 0.         -0.93173528 14.55757618 -2.26730275  0.02869938  2.14315844
 -1.2988106   0.60440904]"
1747093075.987584,"[ 0.          0.1854566   1.01963856 -2.37523343 -1.92194903  1.79715104
  0.73614719  1.53938714]","[ 0.00000000e+00 -7.26562194e-02  8.20101635e-05  3.76152695e-02
  2.51771538e-01  2.66817649e-01 -2.52265854e-01  4.76912879e-05]","[ 0.00000000e+00 -9.89787936e-01  1.45562086e+01 -2.33178043e+00
  2.45181192e-03  2.13832283e+00 -1.33272529e+00  6.16932154e-01]"
1747093075.9887571,"[ 0.          0.1853046   1.01963856 -2.37515247 -1.92145049  1.79768474
  0.73559639  1.53938714]","[ 0.00000000e+00 -7.47289993e-02  8.20721262e-05  4.18651087e-02
  2.52555090e-01  2.71177859e-01 -2.49013085e-01  4.76908124e-05]","[ 0.         -1.07304668 14.5425539  -2.44232798 -0.09221102  2.11456656
 -1.319677    0.62638795]"
1747093075.9904428,"[ 0.          0.18522974  1.01963903 -2.37510986 -1.92120095  1.79795398
  0.73535191  1.53938714]","[ 0.00000000e+00 -7.58973946e-02  8.73679709e-05  4.32155977e-02
  2.53338275e-01  2.73068554e-01 -2.47949485e-01  4.76908124e-05]","[ 0.         -1.09848833 14.55565739 -2.46006894 -0.16940418  2.12549376
 -1.27942991  0.63495147]"
1747093075.9916103,"[ 0.          0.18508189  1.01963949 -2.37501798 -1.92068216  1.79852283
  0.73487247  1.53938714]","[ 0.00000000e+00 -7.44713717e-02  9.00145929e-05  4.56002254e-02
  2.53351425e-01  2.77660210e-01 -2.41762130e-01  3.71209245e-05]","[ 0.         -1.14625287 14.61204815 -2.57534742 -0.23507644  2.13747621
 -1.20861757  0.64121634]"
1747093075.993364,"[ 0.          0.18500291  1.01963996 -2.37497244 -1.92043316  1.79879594
  0.73463845  1.53938714]","[ 0.00000000e+00 -7.44782294e-02  9.00145929e-05  4.61866702e-02
  2.52541141e-01  2.77120004e-01 -2.37415685e-01  3.70928568e-05]","[ 0.         -1.22399187 14.64415455 -2.62180924 -0.24102409  2.08426023
 -1.20823956  0.64054012]"
1747093075.9950876,"[ 0.          0.18485735  1.01964082 -2.37487097 -1.91991065  1.79936386
  0.73416846  1.53938714]","[ 0.00000000e+00 -7.34665111e-02  1.00528593e-04  5.11567654e-02
  2.56536133e-01  2.77120004e-01 -2.25801489e-01  3.70928568e-05]","[ 0.         -1.2772994  14.72735596 -2.74898767 -0.1698585   2.04363871
 -1.19576716  0.64876223]"
1747093075.9969013,"[ 0.          0.18471637  1.01964129 -2.37476684 -1.91939879  1.79991753
  0.7337385   1.53938714]","[ 0.00000000e+00 -7.02253442e-02  1.00605543e-04  5.34251129e-02
  2.59840333e-01  2.81711677e-01 -2.12296616e-01  2.91664395e-05]","[ 0.         -1.38854837 14.7851429  -2.87338209 -0.18185428  2.00208139
 -1.20759928  0.63286418]"
1747093075.998584,"[ 0.          0.1845699   1.01964176 -2.37465659 -1.91886056  1.80049211
  0.7333285   1.53938714]","[ 0.00000000e+00 -7.26562194e-02  1.00604543e-04  5.64503723e-02
  2.63074942e-01  2.80901377e-01 -1.95916461e-01  2.91443860e-05]","[ 0.         -1.49508202 14.82813549 -2.95093298 -0.23270594  1.96425247
 -1.16907966  0.61242831]"
1747093076.000834,"[ 0.          0.1844156   1.01964222 -2.37453408 -1.91833938  1.80103153
  0.73295746  1.53938714]","[ 0.00000000e+00 -7.57320789e-02  1.05899518e-04  6.18523200e-02
  2.63885242e-01  2.69560572e-01 -1.87177547e-01  2.91664395e-05]","[ 0.         -1.60081041 14.84117985 -2.99295878 -0.26589683  1.94544268
 -1.1438452   0.61293268]"
1747093076.0026112,"[ 0.          0.18425856  1.01964269 -2.37439773 -1.91779929  1.80156709
  0.73258555  1.53938714]","[ 0.00000000e+00 -8.09471475e-02  1.05899518e-04  6.77074835e-02
  2.64309950e-01  2.58753381e-01 -1.81807133e-01  2.91443860e-05]","[ 0.         -1.66134012 14.8791914  -3.08831072 -0.20819043  1.99664581
 -1.13257968  0.65052181]"
1747093076.0050418,"[ 0.          0.18408315  1.01964315 -2.37425898 -1.91727545  1.80207416
  0.73222975  1.53938714]","[ 0.00000000e+00 -8.70166581e-02  1.05899518e-04  7.13057304e-02
  2.65775920e-01  2.56592608e-01 -1.80425119e-01  2.12119566e-05]","[ 0.         -1.70122099 14.95264816 -3.14562678 -0.07238431  2.03036571
 -1.13352549  0.65780962]"
1747093076.0068681,"[ 0.          0.18390912  1.01964409 -2.3741133  -1.91672897  1.8025992
  0.73205092  1.53938714]","[ 0.00000000e+00 -8.94022679e-02  1.13841985e-04  7.50870946e-02
  2.67319172e-01  2.57037672e-01 -1.81505497e-01  2.11959173e-05]","[ 0.00000000e+00 -1.73055398e+00  1.49540634e+01 -3.20107150e+00
  5.07809455e-03  2.04499650e+00 -1.15049851e+00  6.63908243e-01]"
1747093076.0085244,"[ 0.          0.18372727  1.01964409 -2.37395644 -1.91619767  1.80310347
  0.73167608  1.53938714]","[ 0.00000000e+00 -9.37238210e-02  1.11194501e-04  7.60903157e-02
  2.69284169e-01  2.53891630e-01 -1.83396192e-01  2.12119566e-05]","[ 0.         -1.75316131 14.9524231  -3.23343849 -0.04762996  1.98336661
 -1.10935903  0.66840035]"
1747093076.0111597,"[ 0.          0.18362626  1.01964409 -2.37388241 -1.91593135  1.80337551
  0.73149245  1.53938714]","[ 0.00000000e+00 -9.49518378e-02  1.11194501e-04  7.51633276e-02
  2.70097482e-01  2.56285363e-01 -1.86178429e-01  2.11959173e-05]","[ 0.         -1.7382015  14.95295715 -3.25220513 -0.10601152  2.0274055
 -1.08635283  0.62441868]"
1747093076.0146184,"[ 0.          0.18322493  1.01964588 -2.37358999 -1.91483573  1.80443332
  0.73072094  1.53938714]","[ 0.00000000e+00 -1.00808920e-01  1.19136960e-04  7.02253442e-02
  2.73601353e-01  2.66817649e-01 -1.95010370e-01  2.11959173e-05]","[ 0.         -1.67046213 15.09375286 -3.31662631 -0.09625189  2.0667758
 -1.13186455  0.63072461]"
1747093076.0189734,"[ 0.          0.18272211  1.01964728 -2.37327308 -1.91344902  1.80580325
  0.72965647  1.53938621]","[ 0.00000000e+00 -9.91257769e-02  1.21784452e-04  5.96915434e-02
  2.79010699e-01  2.74680649e-01 -2.17968666e-01  0.00000000e+00]","[ 0.         -1.57269955 15.182868   -3.23053885 -0.02648856  2.10348177
 -1.23185837  0.64516324]"
1747093076.0232577,"[ 0.          0.18233181  1.01964775 -2.37306562 -1.91230706  1.80690859
  0.72876697  1.53938621]","[ 0.00000000e+00 -9.50743100e-02  1.27271744e-04  4.64096974e-02
  2.78592200e-01  2.77600688e-01 -2.19636588e-01  0.00000000e+00]","[ 0.         -1.44935572 15.20658207 -3.13394594 -0.10494146  2.06645441
 -1.23864186  0.64926201]"
1747093076.0262876,"[ 0.          0.18205767  1.01964775 -2.37293565 -1.91147215  1.80773337
  0.72810298  1.53938621]","[ 0.00000000e+00 -8.85919761e-02  1.27368109e-04  4.07847184e-02
  2.83062166e-01  2.79537472e-01 -2.20425482e-01  0.00000000e+00]","[ 0.         -1.34199929 15.213871   -3.08443809 -0.08908159  2.17186642
 -1.28986919  0.64996028]"
1747093076.029319,"[ 0.          0.18179087  1.01964821 -2.37283632 -1.91060343  1.80859145
  0.72742561  1.53938621]","[ 0.00000000e+00 -9.12929458e-02  1.32675113e-04  2.85607112e-02
  2.86552904e-01  2.87383711e-01 -2.33364218e-01  0.00000000e+00]","[ 0.         -1.23573244 15.17350864 -2.9497242  -0.04581147  2.09462357
 -1.28892624  0.65041089]"
1747093076.032253,"[ 0.          0.18150114  1.01964821 -2.37277027 -1.90973045  1.80949905
  0.72669597  1.53938621]","[ 0.00000000e+00 -9.12682616e-02  1.32574732e-04  1.94470181e-02
  2.87882188e-01  3.03551795e-01 -2.41197040e-01  0.00000000e+00]","[ 0.         -1.14289081 15.062356   -2.77175593 -0.15568653  2.00171328
 -1.26173139  0.64159876]"
1747093076.0353646,"[ 0.          0.18123342  1.01964821 -2.37272154 -1.90885027  1.81042849
  0.72597299  1.53938621]","[ 0.00000000e+00 -8.69713844e-02  1.32573407e-04  1.48403102e-02
  2.91894473e-01  3.06439061e-01 -2.37477736e-01  0.00000000e+00]","[ 0.         -1.00809753 14.95084286 -2.62303972 -0.11056186  2.02457929
 -1.32745147  0.6600908 ]"
1747093076.038716,"[ 0.          0.18096571  1.01964821 -2.37267892 -1.90797809  1.81135501
  0.72528329  1.53938621]","[ 0.00000000e+00 -8.85919761e-02  1.37877721e-04  1.40450684e-02
  2.94946456e-01  3.16554246e-01 -2.31473540e-01  0.00000000e+00]","[ 0.         -0.88258964 14.8908186  -2.48573375 -0.12442447  2.08679986
 -1.30827618  0.63932657]"
1747093076.0417194,"[ 0.          0.18060525  1.01964868 -2.37261607 -1.90679431  1.8126545
  0.72437482  1.53938621]","[ 0.00000000e+00 -8.85022110e-02  1.43180701e-04  1.67460433e-02
  2.95216533e-01  3.27898347e-01 -2.19271435e-01  0.00000000e+00]","[ 0.         -0.70328152 14.87871838 -2.30507755 -0.16104108  2.05218577
 -1.41098726  0.64607674]"
1747093076.043941,"[ 0.          0.18043627  1.01964915 -2.37258145 -1.90618312  1.8133376
  0.72393813  1.53938621]","[ 0.00000000e+00 -8.42704147e-02  1.51135188e-04  1.78821364e-02
  2.98727811e-01  3.36811548e-01 -2.11216222e-01  0.00000000e+00]","[ 0.         -0.61278814 14.8867445  -2.2204721  -0.06004609  2.05208254
 -1.454059    0.65398955]"
1747093076.0463808,"[ 0.          0.18026866  1.01964915 -2.37254151 -1.90559216  1.81401204
  0.72353673  1.53938621]","[ 0.00000000e+00 -8.04890505e-02  1.45832208e-04  1.83666278e-02
  2.99234611e-01  3.45104665e-01 -2.02573099e-01  0.00000000e+00]","[ 0.         -0.52518886 14.89008999 -2.16725731  0.02522823  2.04159856
 -1.49642122  0.6421622 ]"
1747093076.048731,"[ 0.          0.18011806  1.01964915 -2.37248611 -1.90468429  1.81504708
  0.72292979  1.53938621]","[ 0.00000000e+00 -7.58204875e-02  1.45832208e-04  1.80965312e-02
  2.98727811e-01  3.41403204e-01 -1.97711348e-01  0.00000000e+00]","[ 0.         -0.49349108 14.84693336 -2.08445001  0.10903502  2.11831784
 -1.52669477  0.6499027 ]"
1747093076.051065,"[ 0.          0.17996652  1.01964915 -2.37245016 -1.90409333  1.81572339
  0.72252073  1.53938621]","[ 0.00000000e+00 -7.33920758e-02  1.51135188e-04  1.80965312e-02
  3.00888600e-01  3.45184559e-01 -2.00614760e-01  0.00000000e+00]","[ 0.         -0.40733275 14.77796936 -2.07732773  0.11652178  2.05429673
 -1.51474094  0.6446954 ]"
1747093076.0528443,"[ 0.          0.17982692  1.01964915 -2.37241021 -1.90347814  1.81644071
  0.72212498  1.53938621]","[ 0.00000000e+00 -6.99552497e-02  1.45833654e-04  1.99872133e-02
  3.00348378e-01  3.52207115e-01 -2.00682421e-01  0.00000000e+00]","[ 0.         -0.37552997 14.75920391 -2.09717441  0.1550445   2.05228662
 -1.50205541  0.61801052]"
1747093076.0545516,"[ 0.          0.17968641  1.01964955 -2.37236707 -1.90286242  1.81713806
  0.72172638  1.53938621]","[ 0.00000000e+00 -6.80645635e-02  1.51135188e-04  2.29350247e-02
  3.00420617e-01  3.54097793e-01 -2.02367852e-01  0.00000000e+00]","[ 0.         -0.33713213 14.76083565 -2.10249043  0.15705702  2.03682375
 -1.51766574  0.60650969]"
1747093076.056332,"[ 0.          0.17962074  1.01964955 -2.37234044 -1.90256654  1.81751756
  0.72150946  1.53938621]","[ 0.00000000e+00 -6.66464801e-02  1.51135188e-04  2.50768450e-02
  3.00078300e-01  3.57008895e-01 -2.04125522e-01 -1.05819570e-05]","[ 0.         -0.3346521  14.76192856 -2.11087799  0.1823111   2.02329922
 -1.49321151  0.61242825]"
1747093076.0581326,"[ 0.          0.17949263  1.01965001 -2.37231381 -1.90197372  1.81822729
  0.72109088  1.53938621]","[ 0.00000000e+00 -6.10420282e-02  1.53786679e-04  2.70097486e-02
  3.01428789e-01  3.60850238e-01 -2.14187294e-01 -1.05899522e-05]","[ 0.         -0.35268947 14.77750301 -2.11099625  0.24140896  1.91634524
 -1.52967882  0.60851568]"
1747093076.0592508,"[ 0.          0.17943477  1.01965001 -2.37228345 -1.90167625  1.81860879
  0.7208759   1.53938621]","[ 0.00000000e+00 -5.86111530e-02  1.51135188e-04  3.07911127e-02
  3.01698867e-01  3.59100442e-01 -2.17968666e-01 -1.05820616e-05]","[ 0.         -0.36268717 14.7994051  -2.14234161  0.26070791  1.97595656
 -1.52807915  0.61111569]"
1747093076.0615942,"[ 0.          0.17931446  1.01965048 -2.37221047 -1.90105547  1.81930601
  0.72041164  1.53938621]","[ 0.00000000e+00 -5.86798210e-02  1.53786679e-04  3.72734528e-02
  3.03589578e-01  3.53017416e-01 -2.30429531e-01 -1.05819570e-05]","[ 0.         -0.36120638 14.82227421 -2.21953893  0.25274813  1.96484244
 -1.51392853  0.63993251]"
1747093076.0627904,"[ 0.          0.17920013  1.01965094 -2.37212685 -1.90045705  1.82002719
  0.71994645  1.53938621]","[ 0.00000000e+00 -5.78008613e-02  1.59210139e-04  4.37557908e-02
  3.02779278e-01  3.53501445e-01 -2.37415685e-01 -1.05899522e-05]","[ 0.         -0.42693177 14.86288261 -2.33153582  0.18968885  2.03238058
 -1.47547829  0.66011369]"
1747093076.0651102,"[ 0.          0.17908901  1.01965141 -2.37202831 -1.89983734  1.82072641
  0.71944704  1.53938621]","[ 0.00000000e+00 -5.59101792e-02  1.59089675e-04  4.96979357e-02
  3.02202671e-01  3.55988471e-01 -2.45502323e-01 -1.05819570e-05]","[ 0.         -0.54579318 14.90583706 -2.45658255  0.07237423  2.04820704
 -1.4256649   0.64750028]"
1747093076.0668294,"[ 0.          0.17897466  1.01965234 -2.37191699 -1.89924398  1.8214617
  0.71895809  1.53938621]","[ 0.00000000e+00 -5.64503723e-02  1.69824146e-04  5.88812517e-02
  3.00348378e-01  3.60103521e-01 -2.47949485e-01 -1.05819570e-05]","[ 0.         -0.64782536 15.00266075 -2.58349252 -0.06442106  2.06159782
 -1.35653496  0.63942492]"
1747093076.0685139,"[ 0.          0.17891819  1.01965281 -2.37184908 -1.8986272   1.82218182
  0.71846813  1.53938621]","[ 0.00000000e+00 -5.72606640e-02  1.74998649e-04  6.39459557e-02
  3.01428789e-01  3.66792383e-01 -2.46058807e-01 -1.05819570e-05]","[ 0.         -0.68122548 15.03572655 -2.67674565 -0.26042283  2.09588504
 -1.37096262  0.63336623]"
1747093076.0696497,"[ 0.          0.1788043   1.01965414 -2.3717138  -1.89833025  1.82254521
  0.71820841  1.53938621]","[ 0.00000000e+00 -5.49182932e-02  1.86761242e-04  6.96851469e-02
  3.01158678e-01  3.68412950e-01 -2.44499244e-01 -1.05900569e-05]","[ 0.         -0.79382628 15.14034271 -2.84363174 -0.28369069  2.06368184
 -1.34919536  0.63301909]"
1747093076.071981,"[ 0.          0.17869961  1.01965554 -2.37156253 -1.89771213  1.82330341
  0.71774229  1.53938621]","[ 0.00000000e+00 -5.32092012e-02  1.98874578e-04  7.49797692e-02
  3.02176006e-01  3.70573739e-01 -2.33127779e-01 -1.05820616e-05]","[ 0.         -0.86588782 15.33028316 -3.02965403 -0.37645558  2.18018126
 -1.35985339  0.63465834]"
1747093076.073638,"[ 0.          0.17864543  1.019656   -2.37148743 -1.89741413  1.82366587
  0.71750353  1.53938621]","[ 0.00000000e+00 -5.47742328e-02  2.01124383e-04  7.61674891e-02
  3.02239089e-01  3.67602650e-01 -2.24688538e-01 -1.05819570e-05]","[ 0.         -0.91760617 15.41534138 -3.12423301 -0.44083169  2.27017999
 -1.39389145  0.6608057 ]"
1747093076.07486,"[ 0.          0.17852971  1.0196574  -2.37133483 -1.89682211  1.82438799
  0.71707923  1.53938514]","[ 0.00000000e+00 -5.74259756e-02  2.09586844e-04  7.68997835e-02
  3.00078300e-01  3.65711972e-01 -2.13377011e-01 -2.11639139e-05]","[ 0.         -1.05476677 15.55343628 -3.26225948 -0.42720339  2.26243615
 -1.30131352  0.67504865]"
1747093076.0766702,"[ 0.          0.17841353  1.0196592  -2.37117957 -1.89620692  1.82514712
  0.71665498  1.53938514]","[ 0.00000000e+00 -5.91513461e-02  2.22104140e-04  7.58973946e-02
  3.01140136e-01  3.72464417e-01 -2.06131681e-01 -2.11641232e-05]","[ 0.         -1.18431818 15.70655155 -3.38046098 -0.3994703   2.30358624
 -1.26031423  0.66337687]"
1747093076.0778477,"[ 0.          0.17835523  1.01965967 -2.3711042  -1.89591104  1.82551237
  0.71645518  1.53938514]","[ 0.00000000e+00 -5.91513461e-02  2.24512558e-04  7.64375836e-02
  3.00078300e-01  3.70573739e-01 -2.02573099e-01 -2.11799045e-05]","[ 0.         -1.2181077  15.72881222 -3.43130684 -0.36420235  2.30644941
 -1.24330723  0.64414316]"
1747093076.0795631,"[ 0.          0.17822803  1.01966153 -2.37094787 -1.89531822  1.82627244
  0.71605944  1.53938514]","[ 0.00000000e+00 -6.26331380e-02  2.44183849e-04  7.59828405e-02
  3.00888600e-01  3.70635791e-01 -2.01492721e-01 -2.11639139e-05]","[ 0.         -1.30403483 15.85931301 -3.53314757 -0.34739438  2.33609176
 -1.21468472  0.64886856]"
1747093076.0807228,"[ 0.          0.1781642   1.01966246 -2.3708725  -1.8949997   1.82664248
  0.71586249  1.53938514]","[ 0.00000000e+00 -6.48233924e-02  2.57692743e-04  7.63601355e-02
  2.99919077e-01  3.75435506e-01 -1.99872137e-01 -2.11639139e-05]","[ 0.         -1.34674811 15.92759228 -3.57710361 -0.35940614  2.30138922
 -1.18500531  0.64889181]"
1747093076.0824833,"[ 0.          0.17803655  1.01966426 -2.37071857 -1.89441008  1.8273883
  0.71546295  1.53938514]","[ 0.00000000e+00 -6.37430062e-02  2.61218392e-04  7.88684671e-02
  2.97917511e-01  3.78832634e-01 -1.92849598e-01 -2.11641232e-05]","[ 0.         -1.36187899 16.00056076 -3.59710574 -0.34557626  2.22050977
 -1.19798374  0.64422482]"
1747093076.084219,"[ 0.          0.17797454  1.01966519 -2.37064134 -1.8940937   1.82775742
  0.71527274  1.53938514]","[ 0.00000000e+00 -6.29327103e-02  2.69115712e-04  7.83282698e-02
  2.97912917e-01  3.74355095e-01 -1.92849598e-01 -2.11639139e-05]","[ 0.         -1.3794328  16.05303192 -3.62425184 -0.34782499  2.2284584
 -1.21139598  0.64811856]"
1747093076.086019,"[ 0.          0.17785057  1.01966792 -2.37048714 -1.89350274  1.82851282
  0.71487979  1.53938514]","[ 0.00000000e+00 -5.99616379e-02  3.38260437e-04  7.39317237e-02
  2.99808189e-01  3.66792383e-01 -1.90148620e-01 -2.11799045e-05]","[ 0.         -1.42370522 16.1987915  -3.64364195 -0.24743934  2.20086551
 -1.24333954  0.64928561]"
1747093076.0871904,"[ 0.          0.17779087  1.01966932 -2.3704155  -1.89320473  1.82887328
  0.71469337  1.53938514]","[ 0.00000000e+00 -6.04405325e-02  4.10869288e-04  7.26562194e-02
  3.02239089e-01  3.65711972e-01 -1.89068225e-01 -2.11639139e-05]","[ 0.         -1.43675137 16.28222275 -3.67541957 -0.20945057  2.20320916
 -1.243487    0.66278952]"
1747093076.0888896,"[ 0.          0.17766873  1.01967298 -2.37027542 -1.89258235  1.8296163
  0.71429855  1.53938514]","[ 0.00000000e+00 -5.86798210e-02  7.06941508e-04  6.72059479e-02
  3.04182132e-01  3.62373367e-01 -1.93593252e-01 -2.11641232e-05]","[ 0.         -1.46228921 16.43406487 -3.66231585 -0.17004102  2.09936857
 -1.20763052  0.67834395]"
1747093076.0905938,"[ 0.          0.17755531  1.01967711 -2.37015345 -1.89198288  1.8303307
  0.71391426  1.53938514]","[ 0.00000000e+00 -5.83410544e-02  1.18577677e-03  6.05018351e-02
  3.04399845e-01  3.61930616e-01 -1.95010370e-01 -2.11639139e-05]","[ 0.         -1.47878945 16.5159874  -3.58462477 -0.31142509  2.08459091
 -1.22099769  0.68183452]"
1747093076.092322,"[ 0.          0.17749561  1.01967991 -2.37009539 -1.8916838   1.83071512
  0.71372111  1.53938514]","[ 0.00000000e+00 -6.05018351e-02  1.44221356e-03  5.88812517e-02
  3.03319467e-01  3.62109647e-01 -1.95622265e-01 -2.11639139e-05]","[ 0.         -1.48210514 16.56715202 -3.55168962 -0.38753012  2.17796111
 -1.18748057  0.6762985 ]"
1747093076.094065,"[ 0.          0.17736566  1.01968537 -2.36997555 -1.89106222  1.83143045
  0.71332444  1.53938514]","[ 0.00000000e+00 -6.36784204e-02  2.02137464e-03  5.88751514e-02
  3.03931362e-01  3.64631594e-01 -1.92039298e-01 -2.11799045e-05]","[ 0.         -1.52194333 16.65502167 -3.5028491  -0.48755658  2.19096756
 -1.20901382  0.67801362]"
1747093076.0952394,"[ 0.          0.1773023   1.01968909 -2.36991882 -1.89076128  1.83179197
  0.71313988  1.53938514]","[ 0.00000000e+00 -6.42831993e-02  2.45086320e-03  5.75307627e-02
  3.04900919e-01  3.66420739e-01 -1.87177547e-01 -2.11639139e-05]","[ 0.         -1.5171982  16.69286919 -3.44389629 -0.53501916  2.13433433
 -1.24694359  0.70234007]"
1747093076.0969737,"[ 0.          0.17717831  1.01970008 -2.36980671 -1.8901373   1.83253393
  0.7127679   1.53938514]","[ 0.00000000e+00 -6.29327103e-02  3.98268875e-03  5.61802737e-02
  3.04432902e-01  3.60850238e-01 -1.79048681e-01 -2.11639139e-05]","[ 0.         -1.43721795 16.79213142 -3.36661482 -0.63817638  2.24444079
 -1.28807318  0.71255404]"
1747093076.0987456,"[ 0.          0.17711173  1.019707   -2.36974652 -1.88983797  1.83288307
  0.7125948   1.53938514]","[ 0.00000000e+00 -6.26331380e-02  5.36473620e-03  5.66736701e-02
  3.03589578e-01  3.54097793e-01 -1.75385486e-01 -2.11639139e-05]","[ 0.         -1.42379856 16.84541702 -3.33101964 -0.71473736  2.306844
 -1.32451618  0.70202094]"
1747093076.1012857,"[ 0.          0.17699004  1.01972811 -2.36962907 -1.88924222  1.83359467
  0.71223807  1.53938514]","[ 0.00000000e+00 -6.11040008e-02  1.06688501e-02  6.04405325e-02
  3.01428789e-01  3.46562013e-01 -1.73782546e-01 -2.11639139e-05]","[ 0.         -1.36962831 16.88954163 -3.24961662 -0.84057009  2.31959152
 -1.3122412   0.74343383]"
1747093076.101853,"[ 0.          0.17686882  1.01976346 -2.36950044 -1.88862569  1.83427777
  0.71189365  1.53938514]","[ 0.00000000e+00 -5.86798210e-02  1.94470181e-02  6.34444201e-02
  3.02176006e-01  3.46993412e-01 -1.75563352e-01 -2.11639139e-05]","[ 0.         -1.34329057 16.82871628 -3.20735216 -0.90978885  2.37905264
 -1.28476644  0.72724956]"
1747093076.1035905,"[ 0.          0.17675495  1.019814   -2.36937181 -1.88802781  1.83498071
  0.71152361  1.53938514]","[ 0.00000000e+00 -5.85517687e-02  2.75499417e-02  6.56336883e-02
  3.03049356e-01  3.44054314e-01 -1.82638239e-01 -2.11639139e-05]","[ 0.         -1.34616077 16.60243416 -3.15835786 -0.95161188  2.40859914
 -1.26511729  0.72794783]"
1747093076.1052349,"[ 0.          0.1766948   1.01984516 -2.36930576 -1.88772848  1.83532226
  0.71134098  1.53938514]","[ 0.00000000e+00 -6.11040008e-02  2.93399105e-02  6.69841731e-02
  3.03589578e-01  3.46264971e-01 -1.85474989e-01 -2.11639139e-05]","[ 0.         -1.33241749 16.50588036 -3.17220592 -0.96166652  2.32597494
 -1.23733079  0.74173665]"
1747093076.106932,"[ 0.          0.17656438  1.01990395 -2.36916142 -1.88710796  1.83601188
  0.71097093  1.53938514]","[ 0.00000000e+00 -6.42180684e-02  2.97107224e-02  7.04659358e-02
  3.02779278e-01  3.51850252e-01 -1.87987848e-01 -2.11481571e-05]","[ 0.         -1.29635131 16.21393585 -3.17971587 -1.00323975  2.27666187
 -1.22005904  0.72834766]"
1747093076.108163,"[ 0.          0.17649964  1.01993197 -2.36909271 -1.88681182  1.83638965
  0.71076733  1.53938514]","[ 0.00000000e+00 -6.56336883e-02  2.83602355e-02  6.96851469e-02
  3.00044079e-01  3.55589663e-01 -1.91587110e-01 -2.11641232e-05]","[ 0.         -1.28139901 16.07288551 -3.16793919 -1.01101851  2.26631403
 -1.24089801  0.71386808]"
1747093076.1104956,"[ 0.          0.17635821  1.01998843 -2.36895769 -1.88619876  1.8370878
  0.71037825  1.53938514]","[ 0.00000000e+00 -7.04659358e-02  2.75499417e-02  6.77944648e-02
  2.99668307e-01  3.53827682e-01 -1.98791743e-01 -2.11639139e-05]","[ 0.         -1.26369548 15.87090111 -3.18261456 -0.88667077  2.15864062
 -1.20330977  0.71959525]"
1747093076.1121292,"[ 0.          0.17621401  1.02004263 -2.36881814 -1.88560913  1.83778235
  0.70995494  1.53938421]","[ 0.00000000e+00 -7.35410963e-02  2.75499417e-02  6.74559521e-02
  2.99538112e-01  3.50316438e-01 -2.10394736e-01 -2.91003827e-05]","[ 0.         -1.21038425 15.75137901 -3.19749022 -0.76940715  2.14573407
 -1.19874489  0.70071876]"
1747093076.1138184,"[ 0.          0.17606294  1.02010142 -2.36868498 -1.88499581  1.83850434
  0.70952111  1.53938421]","[ 0.00000000e+00 -7.39766979e-02  2.89004307e-02  6.41967256e-02
  2.99668307e-01  3.52207115e-01 -2.22830417e-01 -2.91006692e-05]","[ 0.         -1.09665036 15.61531734 -3.22535253 -0.64542693  2.11884046
 -1.19696975  0.69028229]"
1747093076.1150706,"[ 0.          0.17598901  1.02013125 -2.3686232  -1.88469913  1.83885441
  0.70929567  1.53938421]","[ 0.00000000e+00 -7.50870946e-02  3.02509176e-02  6.26626158e-02
  3.00583735e-01  3.54908093e-01 -2.28502467e-01 -2.91226556e-05]","[ 0.         -1.07926965 15.55642605 -3.24423361 -0.57485992  2.06390476
 -1.19278848  0.66216362]"
1747093076.1168327,"[ 0.          0.17583152  1.02019876 -2.36850122 -1.88410711  1.83963352
  0.70881617  1.53938421]","[ 0.00000000e+00 -7.77382215e-02  3.07372253e-02  6.18523200e-02
  3.00348378e-01  3.53739032e-01 -2.35722347e-01 -2.11959173e-05]","[ 0.         -1.00772977 15.39134502 -3.22576284 -0.54079241  2.03434706
 -1.16597712  0.67387319]"
1747093076.1180196,"[ 0.          0.17575528  1.02022858 -2.36844157 -1.88381017  1.83998652
  0.7085888   1.53938421]","[ 0.00000000e+00 -7.71696116e-02  3.02202662e-02  6.04405325e-02
  3.01158678e-01  3.58149260e-01 -2.30429531e-01 -2.11639139e-05]","[ 0.         -0.95563221 15.30131245 -3.20707536 -0.56889421  2.06217265
 -1.17047477  0.66850853]"
1747093076.1198173,"[ 0.          0.17559962  1.02028737 -2.36832306 -1.88319524  1.84073047
  0.70812648  1.53938421]","[ 0.00000000e+00 -7.96787588e-02  2.80860672e-02  5.61802737e-02
  3.00653310e-01  3.65276479e-01 -2.23936228e-01 -2.11959173e-05]","[ 0.         -0.90244979 15.13647652 -3.20044661 -0.59199315  2.15813017
 -1.21305454  0.67036396]"
1747093076.121589,"[ 0.          0.17552064  1.02031401 -2.36826926 -1.8828991   1.84109386
  0.70791342  1.53938421]","[ 0.00000000e+00 -8.02189477e-02  2.70097486e-02  5.45596902e-02
  3.00044079e-01  3.68412950e-01 -2.16077989e-01 -2.11959173e-05]","[ 0.         -0.86602229 15.11676502 -3.23541451 -0.55348575  2.17367673
 -1.17831886  0.6774525 ]"
1747093076.122778,"[ 0.          0.17535671  1.02036454 -2.3681654  -1.88228338  1.84181491
  0.70750436  1.53938421]","[ 0.00000000e+00 -7.91385615e-02  2.51190644e-02  5.26690081e-02
  3.00420617e-01  3.65711972e-01 -2.03447148e-01 -2.11961286e-05]","[ 0.         -0.75112665 15.10492325 -3.22758794 -0.62447304  2.19005203
 -1.16876721  0.66229111]"
1747093076.124485,"[ 0.          0.17520151  1.02041687 -2.36806447 -1.88169056  1.84256073
  0.70710482  1.53938421]","[ 0.00000000e+00 -7.83282698e-02  2.59030865e-02  4.80773522e-02
  3.00888600e-01  3.63551216e-01 -1.92590173e-01 -2.11959173e-05]","[ 0.         -0.64737833 15.19303989 -3.14301181 -0.7294988   2.17295241
 -1.1485076   0.66205192]"
1747093076.1273143,"[ 0.          0.17511794  1.0204435  -2.36801999 -1.88139574  1.84292225
  0.7069164   1.53938421]","[ 0.00000000e+00 -7.87412928e-02  2.70097486e-02  4.51062798e-02
  2.98997889e-01  3.66792383e-01 -1.91229014e-01 -2.12119566e-05]","[ 0.         -0.59533012 15.22700787 -3.09211302 -0.77678221  2.12693453
 -1.20469809  0.64817685]"
1747093076.1289916,"[ 0.          0.17489751  1.02053625 -2.36790574 -1.88049347  1.84402667
  0.70636846  1.53938421]","[ 0.00000000e+00 -7.34665111e-02  3.21415997e-02  3.37621852e-02
  2.97891313e-01  3.63551216e-01 -1.76643747e-01 -2.11959173e-05]","[ 0.         -0.42871854 15.47108459 -2.9894352  -0.79737687  2.17306447
 -1.24923611  0.6430909 ]"
1747093076.1301982,"[ 0.          0.1748213   1.02056934 -2.36787405 -1.88013341  1.84402667
  0.70619629  1.53938421]","[ 0.00000000e+00 -7.17197770e-02  3.34581521e-02  3.21415997e-02
  2.96589260e-01  3.63551216e-01 -1.74306190e-01 -2.11959173e-05]","[ 0.         -0.3596631  15.52326679 -2.93167853 -0.81413388  2.17306447
 -1.32141519  0.63204455]"
1747093076.1319516,"[ 0.          0.17468261  1.02060376 -2.36781413 -1.87954831  1.84477342
  0.70585094  1.53938421]","[ 0.00000000e+00 -6.88748552e-02  3.48425735e-02  2.86013244e-02
  2.97647434e-01  3.66372736e-01 -1.74753069e-01 -2.11959173e-05]","[ 0.         -0.29747397 15.53820229 -2.80679297 -0.81607985  2.1586256
 -1.34397435  0.64986354]"
1747093076.1336746,"[ 0.          0.17455083  1.02067633 -2.3677606  -1.87894138  1.84549926
  0.70548282  1.53938328]","[ 0.00000000e+00 -6.29327103e-02  3.53827707e-02  2.70097486e-02
  2.96157561e-01  3.69118987e-01 -1.82315797e-01 -2.91443860e-05]","[ 0.         -0.22909272 15.64797401 -2.66257238 -0.81726342  2.08294296
 -1.34821403  0.63236773]"
1747093076.1348467,"[ 0.          0.17449113  1.02071168 -2.3677353  -1.87865216  1.84586172
  0.70530113  1.53938328]","[ 0.00000000e+00 -6.05018351e-02  3.59229638e-02  2.56592596e-02
  2.93325855e-01  3.67602650e-01 -1.84206475e-01 -2.91443860e-05]","[ 0.         -0.21828544 15.68318748 -2.58765006 -0.80237025  1.98237801
 -1.32251108  0.62632293]"
1747093076.136543,"[ 0.          0.17437956  1.02078791 -2.36768576 -1.87807532  1.84660474
  0.70491111  1.53938328]","[ 0.00000000e+00 -5.47742328e-02  3.86183408e-02  2.37444946e-02
  2.91679556e-01  3.59405307e-01 -1.92849598e-01 -2.91443860e-05]","[ 0.         -0.23074035 15.75197792 -2.45740008 -0.80783546  1.95192432
 -1.309268    0.62388986]"
1747093076.138281,"[ 0.          0.17432445  1.02082926 -2.36766313 -1.87776612  1.84695961
  0.70471796  1.53938328]","[ 0.00000000e+00 -5.19090710e-02  4.18651087e-02  2.29582858e-02
  2.91142197e-01  3.59769827e-01 -1.95820670e-01 -2.91443860e-05]","[ 0.         -0.1969239  15.76525974 -2.41052628 -0.80406153  2.01293421
 -1.32824552  0.62717146]"
1747093076.1399903,"[ 0.          0.17423215  1.02092107 -2.36761759 -1.87719008  1.84769677
  0.70430318  1.53938328]","[ 0.00000000e+00 -4.51062798e-02  4.80773522e-02  2.20676248e-02
  2.92785667e-01  3.61106568e-01 -2.03373229e-01 -2.91440955e-05]","[ 0.         -0.16251656 15.83447742 -2.334728   -0.7484889   1.99670947
 -1.33003819  0.63173449]"
1747093076.1411734,"[ 0.          0.17418944  1.02102574 -2.36757551 -1.8766159   1.84840371
  0.70389698  1.53938328]","[ 0.00000000e+00 -4.32155977e-02  5.15886178e-02  2.13377002e-02
  2.90624878e-01  3.58959560e-01 -2.07434866e-01 -2.91443860e-05]","[ 0.         -0.18730807 15.88068962 -2.27989864 -0.68931741  1.9203887
 -1.3818897   0.62701035]"
1747093076.142898,"[ 0.          0.17410083  1.02107813 -2.36755394 -1.87630937  1.84875658
  0.70369058  1.53938328]","[ 0.00000000e+00 -4.37557908e-02  5.31552930e-02  2.18557287e-02
  2.88634497e-01  3.57879149e-01 -2.09113456e-01 -2.91443860e-05]","[ 0.         -0.23456439 15.87447739 -2.26531076 -0.6662885   1.91398966
 -1.35734975  0.61637557]"
1747093076.1446044,"[ 0.          0.17401587  1.02118513 -2.36750387 -1.87574159  1.84949574
  0.70325675  1.53938328]","[ 0.00000000e+00 -4.32155977e-02  5.50998833e-02  2.51190644e-02
  2.86843522e-01  3.62611187e-01 -2.13377011e-01 -2.91443860e-05]","[ 0.         -0.25430802 15.83748817 -2.25914001 -0.56572515  1.95150411
 -1.37309003  0.61989206]"
1747093076.146303,"[ 0.          0.17397409  1.02124525 -2.36747671 -1.87545929  1.8498554
  0.70304557  1.53938328]","[ 0.00000000e+00 -4.24053018e-02  5.66736701e-02  2.75499417e-02
  2.86303333e-01  3.64631594e-01 -2.14187294e-01 -2.91443860e-05]","[ 0.         -0.28706655 15.82482815 -2.27557039 -0.52571183  2.04572868
 -1.42843354  0.61874783]"
1747093076.1480534,"[ 0.          0.17389097  1.02135963 -2.36741066 -1.8751525   1.85056686
  0.70260894  1.53938234]","[ 0.00000000e+00 -3.97043280e-02  5.77422967e-02  3.36029739e-02
  2.88885267e-01  3.59769827e-01 -2.12150109e-01 -3.70928568e-05]","[ 0.         -0.36382887 15.77927303 -2.32423472 -0.46297374  2.07271743
 -1.41650891  0.60293436]"
1747093076.1497717,"[ 0.          0.17381567  1.02147255 -2.36733796 -1.87456021  1.8512927
  0.70218943  1.53938234]","[ 0.00000000e+00 -3.77753338e-02  5.45044088e-02  3.78136459e-02
  2.89136037e-01  3.53017416e-01 -2.11216222e-01 -3.70928568e-05]","[ 0.         -0.46637794 15.74048901 -2.3711133  -0.39632618  2.0803287
 -1.4082644   0.6095745 ]"
1747093076.1509416,"[ 0.          0.17377664  1.02152488 -2.36729614 -1.87427445  1.85164184
  0.7019839   1.53938234]","[ 0.00000000e+00 -3.68629640e-02  5.29391068e-02  3.93706464e-02
  2.89814577e-01  3.54097793e-01 -2.08515244e-01 -3.70928568e-05]","[ 0.         -0.51343417 15.71758175 -2.39351177 -0.33979106  1.97787821
 -1.34946692  0.59597975]"
1747093076.152721,"[ 0.          0.17370363  1.0216342  -2.36721731 -1.87370507  1.8523621
  0.70155486  1.53938234]","[ 0.00000000e+00 -3.67332556e-02  5.36644520e-02  4.05146197e-02
  2.88464088e-01  3.50770973e-01 -2.10405938e-01 -3.70932266e-05]","[ 0.         -0.61018133 15.76643085 -2.49987006 -0.22749211  1.99318993
 -1.36834264  0.57728004]"
1747093076.1538475,"[ 0.          0.17366781  1.0216884  -2.36717603 -1.87342224  1.85270551
  0.70134847  1.53938234]","[ 0.00000000e+00 -3.61930625e-02  5.50998833e-02  4.18651087e-02
  2.86843522e-01  3.48425760e-01 -2.09325544e-01 -3.70928568e-05]","[ 0.         -0.67143989 15.80856133 -2.56842375 -0.18868017  2.05570865
 -1.34472394  0.5733313 ]"
1747093076.1555655,"[ 0.          0.17359756  1.02179952 -2.36708495 -1.87283688  1.85341511
  0.70092223  1.53938141]","[ 0.00000000e+00 -3.29518914e-02  5.63931768e-02  4.58474583e-02
  2.86303333e-01  3.44806624e-01 -2.17158366e-01 -4.76908124e-05]","[ 0.         -0.77768421 15.84266758 -2.72487116 -0.05889406  2.04132533
 -1.31953478  0.57362425]"
1747093076.1595798,"[ 0.          0.17356771  1.02185458 -2.36703808 -1.87255405  1.85375373
  0.70068634  1.53938141]","[ 0.00000000e+00 -3.02509176e-02  5.59101792e-02  4.75371550e-02
  2.86843522e-01  3.43563993e-01 -2.22180855e-01 -4.76908124e-05]","[ 0.         -0.83944696 15.83357525 -2.79228234 -0.03779457  1.96186066
 -1.32299018  0.58497727]"
1747093076.1613045,"[ 0.          0.17347127  1.02210671 -2.36683435 -1.87140223  1.85510275
  0.69976928  1.53938141]","[ 0.00000000e+00 -2.13377002e-02  6.51998011e-02  5.15886178e-02
  2.86033222e-01  3.30059103e-01 -2.27233022e-01 -4.76908124e-05]","[ 0.         -1.10021544 15.74847221 -3.17021012 -0.14362727  1.88017416
 -1.23511267  0.56783348]"
1747093076.1624749,"[ 0.          0.17342811  1.02223481 -2.36672996 -1.87081873  1.85573632
  0.69929743  1.53938141]","[ 0.00000000e+00 -2.10645514e-02  6.53635897e-02  5.36949369e-02
  2.84103928e-01  3.20335602e-01 -2.21795180e-01 -4.76547840e-05]","[ 0.         -1.23151553 15.72585869 -3.34631491 -0.171342    1.92798233
 -1.19651449  0.56569868]"
1747093076.1641662,"[ 0.          0.17340746  1.02229953 -2.36667003 -1.87053857  1.85605124
  0.69911574  1.53938141]","[ 0.00000000e+00 -2.10676037e-02  6.56336883e-02  5.64229043e-02
  2.84142544e-01  3.19255224e-01 -2.17778883e-01 -4.76908124e-05]","[ 0.         -1.30583692 15.72156334 -3.42514229 -0.17647678  2.05751634
 -1.16857028  0.56532162]"
1747093076.1653674,"[ 0.          0.17336292  1.02244054 -2.36655152 -1.86995587  1.85670571
  0.6986391   1.53938141]","[ 0.00000000e+00 -2.32283823e-02  7.12182455e-02  6.10420282e-02
  2.84622212e-01  3.18931750e-01 -2.17158366e-01 -4.76908124e-05]","[ 0.         -1.44711065 15.72964287 -3.59580803 -0.21841314  2.06865048
 -1.10991108  0.59011298]"
1747093076.1670392,"[ 0.          0.17333903  1.02250985 -2.36649027 -1.86967571  1.85701956
  0.69843077  1.53938141]","[ 0.00000000e+00 -2.43087727e-02  7.02253442e-02  6.21224186e-02
  2.84142544e-01  3.18174813e-01 -2.11216222e-01 -4.77269018e-05]","[ 0.         -1.50744939 15.7307415  -3.66141486 -0.20817469  2.05747843
 -1.07993233  0.56504184]"
1747093076.1682103,"[ 0.          0.17328347  1.02265452 -2.36636031 -1.86911591  1.85767031
  0.6980084   1.53938141]","[ 0.00000000e+00 -2.77918524e-02  7.50870946e-02  6.42180684e-02
  2.83872433e-01  3.18174813e-01 -2.04935639e-01 -4.76908124e-05]","[ 0.         -1.60525453 15.83676147 -3.81950212 -0.24439593  2.08179879
 -1.02198589  0.55858958]"
1747093076.1700327,"[ 0.          0.17325363  1.02273076 -2.36629533 -1.86883867  1.85798616
  0.69781532  1.53938141]","[ 0.00000000e+00 -3.02509176e-02  7.71696116e-02  6.59037828e-02
  2.81171488e-01  3.20335602e-01 -1.95820670e-01 -4.76908124e-05]","[ 0.         -1.70111287 15.8946104  -3.87724233 -0.29307884  2.05928874
 -1.02178991  0.57589716]"
1747093076.17117,"[ 0.          0.17322193  1.02281891 -2.36622502 -1.86854013  1.85830481
  0.69762976  1.53938141]","[ 0.00000000e+00 -3.21415997e-02  8.30043562e-02  6.62028724e-02
  2.81111434e-01  3.23036580e-01 -1.88257942e-01 -4.77269018e-05]","[ 0.         -1.74402809 15.90118027 -3.94092917 -0.25045976  2.07532382
 -1.04301381  0.57789648]"
1747093076.172906,"[ 0.          0.1731503   1.02299295 -2.36609692 -1.86798726  1.85897166
  0.69726351  1.53938048]","[ 0.00000000e+00 -3.59229638e-02  8.94022679e-02  6.37430062e-02
  2.80361188e-01  3.27088047e-01 -1.76540999e-01 -5.82887721e-05]","[ 0.         -1.83649349 15.92531776 -4.05337381 -0.20981263  2.15635562
 -1.10605419  0.57240283]"
1747093076.174049,"[ 0.          0.17311173  1.02308383 -2.3660354  -1.86771056  1.8592971
  0.69709134  1.53938048]","[ 0.00000000e+00 -3.91244538e-02  9.21032375e-02  6.23293004e-02
  2.80346940e-01  3.30059103e-01 -1.74482974e-01 -5.82887721e-05]","[ 0.         -1.86001015 15.93255806 -4.08423758 -0.25014287  2.19106126
 -1.11081076  0.57240283]"
1747093076.1757767,"[ 0.          0.17301943  1.02328822 -2.36590944 -1.86712946  1.8599782
  0.69675551  1.53938048]","[ 0.00000000e+00 -4.71444719e-02  1.01556652e-01  6.14382733e-02
  2.85222922e-01  3.35026664e-01 -1.69891318e-01 -4.77269018e-05]","[ 0.         -1.89500356 15.88029861 -4.12455368 -0.31786731  2.14495587
 -1.05612457  0.57366312]"
1747093076.1775298,"[ 0.          0.17296847  1.02338876 -2.36585031 -1.86684663  1.86031496
  0.69657482  1.53938048]","[ 0.00000000e+00 -5.15886178e-02  1.02096849e-01  5.99616379e-02
  2.86843522e-01  3.41403204e-01 -1.70021014e-01 -4.76903370e-05]","[ 0.         -1.89674282 15.84894562 -4.14581299 -0.30586466  2.13933873
 -1.04036343  0.58555043]"
1747093076.1786492,"[ 0.          0.17285642  1.02360913 -2.36573766 -1.86625541  1.86100658
  0.69623327  1.53938048]","[ 0.00000000e+00 -5.83410544e-02  1.08582745e-01  5.59101792e-02
  2.90139117e-01  3.54908093e-01 -1.74482974e-01 -4.77269018e-05]","[ 0.         -1.86312211 15.7598877  -4.10950279 -0.34756717  2.15287232
 -1.05525053  0.57114822]"
1747093076.1803849,"[ 0.          0.1727926   1.02371613 -2.3656804  -1.86596699  1.86139088
  0.69623327  1.53938048]","[ 0.00000000e+00 -6.01278150e-02  1.08469170e-01  5.39152177e-02
  2.92219179e-01  3.61858877e-01 -1.74482974e-01 -4.77269018e-05]","[ 0.         -1.81827414 15.67839336 -4.05755854 -0.41865432  2.02582169
 -1.05525053  0.58332974]"
1747093076.1821082,"[ 0.          0.17267229  1.02393058 -2.36557521 -1.86536591  1.86211286
  0.69586795  1.53938048]","[ 0.00000000e+00 -6.10420282e-02  1.09818294e-01  5.34792999e-02
  2.93148323e-01  3.67332572e-01 -1.80051761e-01 -4.76908124e-05]","[ 0.         -1.72027361 15.61371803 -3.9857862  -0.44763291  1.99711394
 -1.04856193  0.57863444]"
1747093076.1832693,"[ 0.          0.17261076  1.02404676 -2.36552301 -1.86507509  1.86248104
  0.69568725  1.53938048]","[ 0.00000000e+00 -6.23925172e-02  1.09335047e-01  5.29391068e-02
  2.94946456e-01  3.73274717e-01 -1.83126081e-01 -4.77269018e-05]","[ 0.         -1.67194307 15.63436317 -3.95073676 -0.41692913  2.08251262
 -0.99335134  0.57568705]"
1747093076.1849709,"[ 0.          0.17247989  1.02426394 -2.36541808 -1.86448733  1.86326308
  0.69530669  1.53937941]","[ 0.00000000e+00 -6.39459557e-02  1.11280161e-01  5.05082274e-02
  2.98997889e-01  3.83387073e-01 -1.87073268e-01 -5.82887721e-05]","[ 0.         -1.54025388 15.65233707 -3.82094407 -0.39051422  1.97417557
 -0.97155237  0.5744254 ]"
1747093076.186647,"[ 0.          0.17241789  1.02438425 -2.36537148 -1.86419172  1.86364072
  0.69512213  1.53937941]","[ 0.00000000e+00 -6.28689484e-02  1.13240714e-01  4.72191652e-02
  2.99504423e-01  3.82610162e-01 -1.87177547e-01 -5.82887721e-05]","[ 0.         -1.4749707  15.63872814 -3.77317572 -0.41074437  1.87015104
 -1.00419784  0.55257136]"
1747093076.1878588,"[ 0.          0.17228933  1.02460655 -2.365278   -1.86357094  1.86441796
  0.69474256  1.53937941]","[ 0.00000000e+00 -6.31936502e-02  1.12630650e-01  4.46367853e-02
  3.03281950e-01  3.78911131e-01 -1.93929992e-01 -5.82007654e-05]","[ 0.         -1.33193624 15.6478405  -3.60873127 -0.48317659  1.91579354
 -1.10385609  0.57549196]"
1747093076.1896465,"[ 0.          0.17215937  1.02483059 -2.36519225 -1.8629712   1.86516378
  0.6943335   1.53937941]","[ 0.00000000e+00 -6.67140745e-02  1.12630650e-01  4.29454991e-02
  3.03589578e-01  3.78136451e-01 -2.02573099e-01 -5.82007654e-05]","[ 0.         -1.18675339 15.6545105  -3.46687937 -0.57328117  1.86350513
 -1.14673162  0.57772905]"
1747093076.1908224,"[ 0.          0.17209325  1.0249509  -2.36515043 -1.86264869  1.86554141
  0.69412897  1.53937941]","[ 0.00000000e+00 -6.69841731e-02  1.13347340e-01  4.24053018e-02
  3.03680592e-01  3.82610162e-01 -2.07434866e-01 -5.82453112e-05]","[ 0.         -1.15831745 15.73224163 -3.39798403 -0.65811849  1.97037244
 -1.15307736  0.5668909 ]"
1747093076.1929035,"[ 0.          0.17195642  1.0251782  -2.36507054 -1.86204681  1.86632811
  0.69368755  1.53937848]","[ 0.00000000e+00 -6.67140745e-02  1.15754413e-01  3.81168052e-02
  3.06250043e-01  3.85699196e-01 -2.19422403e-01 -6.61372301e-05]","[ 0.         -1.02621734 15.79762554 -3.23478889 -0.74951565  1.96220005
 -1.14599824  0.57307583]"
1747093076.1945772,"[ 0.          0.17182509  1.02542162 -2.36500396 -1.86141724  1.86710442
  0.69323761  1.53937848]","[ 0.00000000e+00 -6.67140745e-02  1.21003670e-01  3.26817948e-02
  3.08721423e-01  3.97583486e-01 -2.29350235e-01 -6.61872009e-05]","[ 0.         -0.89343768 15.82705307 -3.1195662  -0.86750168  1.99342811
 -1.21014941  0.5669651 ]"
1747093076.1963532,"[ 0.          0.17175941  1.02554372 -2.3649736  -1.86111231  1.86752866
  0.69301117  1.53937848]","[ 0.00000000e+00 -6.67140745e-02  1.23704640e-01  3.07911127e-02
  3.09261612e-01  3.99474164e-01 -2.29582862e-01 -6.61872009e-05]","[ 0.         -0.76443797 15.76175308 -3.03569055 -0.93462324  1.92317677
 -1.23471439  0.56048357]"
1747093076.1980739,"[ 0.          0.17162855  1.02579446 -2.36491528 -1.86047901  1.86832881
  0.69253367  1.53937848]","[ 0.00000000e+00 -6.29327103e-02  1.28026201e-01  2.80901368e-02
  3.09197497e-01  4.06226608e-01 -2.32963895e-01 -6.61378843e-05]","[ 0.         -0.60263366 15.72187805 -2.93622303 -1.08437741  2.02171683
 -1.26509643  0.54340881]"
1747093076.1992793,"[ 0.          0.17156748  1.02593268 -2.36488838 -1.86017568  1.86873122
  0.6923053   1.53937755]","[ 0.00000000e+00 -6.17896524e-02  1.30026393e-01  2.72798451e-02
  3.07329322e-01  4.08117286e-01 -2.31743634e-01 -7.41303991e-05]","[ 0.         -0.54620337 15.73832798 -2.88446689 -1.16204083  2.04409981
 -1.24543285  0.54126871]"
1747093076.2010045,"[ 0.          0.1714389   1.02619027 -2.36483512 -1.85956901  1.86957024
  0.69182587  1.53937755]","[ 0.00000000e+00 -6.31936502e-02  1.31807566e-01  2.72798451e-02
  3.07911123e-01  4.08927586e-01 -2.34498475e-01 -7.40737029e-05]","[ 0.         -0.39277729 15.6691761  -2.76779437 -1.20796275  2.01449561
 -1.23887241  0.51614612]"
1747093076.202761,"[ 0.          0.17131355  1.02646438 -2.36477866 -1.85893571  1.87038544
  0.69136068  1.53937755]","[ 0.00000000e+00 -6.29327103e-02  1.34913427e-01  2.72798451e-02
  3.09197497e-01  4.12708942e-01 -2.36335290e-01 -7.41303991e-05]","[ 0.         -0.28135344 15.62709141 -2.66612697 -1.18727279  2.03717637
 -1.30342591  0.51693851]"
1747093076.2039487,"[ 0.          0.17125248  1.02660033 -2.36475229 -1.85863051  1.87082313
  0.69112666  1.53937662]","[ 0.00000000e+00 -6.17896524e-02  1.37749710e-01  2.67396499e-02
  3.09531723e-01  4.11875506e-01 -2.37415685e-01 -8.47204549e-05]","[ 0.         -0.1840106  15.59205532 -2.59514928 -1.16943204  1.9853729
 -1.3590852   0.51766533]"
1747093076.2056036,"[ 0.          0.17112757  1.02687583 -2.36470143 -1.85802331  1.87164125
  0.69064722  1.53937662]","[ 0.00000000e+00 -6.08794131e-02  1.40038564e-01  2.40511243e-02
  3.07599134e-01  4.15950109e-01 -2.32963895e-01 -8.46564929e-05]","[ 0.         -0.0726787  15.539258   -2.4697535  -1.15236104  1.95288694
 -1.34735453  0.53596258]"
1747093076.207354,"[ 0.          0.17106787  1.02701592 -2.36467879 -1.85769681  1.87205404
  0.69041985  1.53937662]","[ 0.00000000e+00 -6.05018351e-02  1.42071272e-01  2.29582858e-02
  3.07442141e-01  4.18651087e-01 -2.30663240e-01 -8.47196178e-05]","[ 0.         -0.05144763 15.53869343 -2.45915794 -1.17092204  1.93552125
 -1.29504204  0.49063244]"
1747093076.2091045,"[ 0.          0.17095171  1.02730933 -2.36463884 -1.85708934  1.87290745
  0.68995373  1.53937662]","[ 0.00000000e+00 -5.83410544e-02  1.43961950e-01  1.97171168e-02
  3.09261612e-01  4.14771028e-01 -2.27446990e-01 -8.47196178e-05]","[ 0.00000000e+00  1.52124539e-02  1.54799452e+01 -2.37010312e+00
 -1.15624177e+00  1.78495014e+00 -1.31006861e+00  4.86074626e-01]"
1747093076.2103047,"[ 0.          0.170892    1.02745307 -2.3646202  -1.85675937  1.87331358
  0.68973202  1.53937569]","[ 0.00000000e+00 -5.61721344e-02  1.45852644e-01  1.89068230e-02
  3.10702116e-01  4.11898642e-01 -2.24721095e-01 -9.52385514e-05]","[ 0.          0.08568142 15.40720367 -2.34226775 -1.12502563  1.79751158
 -1.31592822  0.48181018]"
1747093076.2119842,"[ 0.          0.17078456  1.02775195 -2.36458345 -1.85614445  1.87415075
  0.68929254  1.53937569]","[ 0.00000000e+00 -5.46150798e-02  1.46950316e-01  1.75563360e-02
  3.12502779e-01  4.08501814e-01 -2.19859344e-01 -9.52385514e-05]","[ 0.          0.16728717 15.34304047 -2.28915596 -1.04800642  1.82712793
 -1.30976558  0.49440324]"
1747093076.2131596,"[ 0.          0.17073038  1.02789802 -2.36456534 -1.85583579  1.87455222
  0.68905665  1.53937569]","[ 0.00000000e+00 -5.48297889e-02  1.48013417e-01  1.83666278e-02
  3.13042968e-01  4.07306986e-01 -2.22180855e-01 -8.47196178e-05]","[ 0.          0.17920309 15.35385609 -2.28674865 -1.00890493  1.80377877
 -1.30587494  0.48276275]"
1747093076.214919,"[ 0.          0.1706165   1.0281937  -2.36452699 -1.8551961   1.8753485
  0.68862661  1.53937475]","[ 0.00000000e+00 -5.53699820e-02  1.50714395e-01  1.93091704e-02
  3.11962590e-01  4.03525630e-01 -2.15859043e-01 -9.52376087e-05]","[ 0.          0.2398582  15.25781822 -2.27355766 -0.89149612  1.77202332
 -1.3128171   0.46487206]"
1747093076.216064,"[ 0.          0.17056277  1.02835262 -2.36450568 -1.8548877   1.87577554
  0.68841735  1.53937382]","[ 0.00000000e+00 -5.45596902e-02  1.49708768e-01  2.16077989e-02
  3.12772890e-01  4.01854231e-01 -2.12296616e-01 -1.03174077e-04]","[ 0.          0.28761759 15.17259502 -2.23447394 -0.86895186  1.76913691
 -1.32361388  0.44898704]"
1747093076.2178874,"[ 0.          0.17045533  1.02864877 -2.36445855 -1.85426905  1.87657276
  0.68798353  1.53937382]","[ 0.00000000e+00 -5.18602394e-02  1.49752211e-01  2.50936146e-02
  3.12995630e-01  4.04065819e-01 -2.11216222e-01 -1.03174077e-04]","[ 0.          0.3698442  15.08879185 -2.22922182 -0.88258237  1.78717542
 -1.31404269  0.45202914]"
1747093076.2200434,"[ 0.          0.17035429  1.02895962 -2.36439969 -1.8536235   1.87739474
  0.6875726   1.53937382]","[ 0.00000000e+00 -5.13185192e-02  1.52323793e-01  2.97107224e-02
  3.15743946e-01  3.98721854e-01 -2.08303988e-01 -1.03252035e-04]","[ 0.          0.39601469 15.08403873 -2.22728777 -0.87991714  1.80385172
 -1.30430913  0.43680194]"
1747093076.2217093,"[ 0.          0.17025328  1.02925723 -2.36433551 -1.85297609  1.87817385
  0.68715402  1.53937276]","[ 0.00000000e+00 -4.83983131e-02  1.50984489e-01  3.34920866e-02
  3.15968251e-01  3.94212589e-01 -2.02573099e-01 -1.13756038e-04]","[ 0.          0.4176001  15.0480299  -2.25029254 -0.92437333  1.7985121
 -1.27723467  0.42922381]"
1747093076.2235131,"[ 0.          0.17020965  1.02940371 -2.36429689 -1.8526629   1.87856294
  0.68695708  1.53937276]","[ 0.00000000e+00 -4.42959881e-02  1.48553606e-01  3.63272192e-02
  3.17634624e-01  3.94612396e-01 -1.99872137e-01 -1.13756038e-04]","[ 0.          0.40013802 15.09459877 -2.30478668 -0.98901135  1.66435897
 -1.22888768  0.41037354]"
1747093076.224686,"[ 0.          0.17013435  1.02970904 -2.36422019 -1.85203865  1.87937534
  0.68655754  1.53937182]","[ 0.00000000e+00 -3.59229638e-02  1.49093811e-01  3.99744266e-02
  3.16503346e-01  3.97583486e-01 -1.93411125e-01 -1.21692507e-04]","[ 0.          0.38234979 15.18457985 -2.4058609  -1.07110691  1.71744025
 -1.21965051  0.42461163]"
1747093076.22642,"[ 0.          0.17010174  1.02985551 -2.36417891 -1.85172653  1.87976722
  0.68637205  1.53937182]","[ 0.00000000e+00 -3.29518914e-02  1.48553606e-01  4.18651087e-02
  3.16554246e-01  3.97583486e-01 -1.88178696e-01 -1.21692507e-04]","[ 0.          0.37209502 15.21890068 -2.45236349 -1.07926261  1.75988328
 -1.23418856  0.43642592]"
1747093076.2281845,"[ 0.          0.17004435  1.03016224 -2.36408144 -1.85107672  1.88057962
  0.68600386  1.53937182]","[ 0.00000000e+00 -2.68322260e-02  1.49457999e-01  4.93777572e-02
  3.17634624e-01  3.96715695e-01 -1.86367264e-01 -1.21784452e-04]","[ 0.          0.32769972 15.40708733 -2.55591679 -1.13280296  1.74748611
 -1.20217633  0.43326744]"
1747093076.2293754,"[ 0.          0.16999843  1.03045752 -2.36397412 -1.85045194  1.88136259
  0.68562243  1.53937089]","[ 0.00000000e+00 -2.24180906e-02  1.49904095e-01  5.59101792e-02
  3.16773158e-01  3.95422697e-01 -1.87177547e-01 -1.32275769e-04]","[ 0.          0.22067799 15.59200764 -2.63076091 -1.2105546   1.65763688
 -1.19846082  0.42749086]"
1747093076.2310357,"[ 0.          0.16997914  1.03060493 -2.3639134  -1.85014009  1.88174595
  0.68543595  1.53937089]","[ 0.00000000e+00 -1.94470181e-02  1.49482400e-01  5.71214223e-02
  3.16284135e-01  3.88940363e-01 -1.89068225e-01 -1.32275769e-04]","[ 0.          0.14312899 15.67192459 -2.71246409 -1.26363957  1.54864252
 -1.21095264  0.43068793]"
1747093076.2328086,"[ 0.          0.1699447   1.03091765 -2.36379169 -1.849498    1.88253172
  0.68503927  1.53936996]","[ 0.00000000e+00 -1.40412713e-02  1.53470300e-01  5.73351909e-02
  3.13042968e-01  3.81107540e-01 -1.95348625e-01 -1.42964352e-04]","[ 0.00000000e+00  1.12780277e-02  1.58105326e+01 -2.88804197e+00
 -1.25642455e+00  1.56602907e+00 -1.19742382e+00  3.98919702e-01]"
1747093076.2345128,"[ 0.          0.16993276  1.03107284 -2.36374295 -1.84918961  1.88291042
  0.68483853  1.53936996]","[ 0.00000000e+00 -1.21543863e-02  1.57466823e-01  5.84362707e-02
  3.12772890e-01  3.84078596e-01 -2.03653493e-01 -1.42856421e-04]","[ 0.         -0.07450556 15.85712147 -2.96555138 -1.20888817  1.67082429
 -1.18312752  0.42627841]"
1747093076.2356222,"[ 0.          0.16991624  1.03139062 -2.36361672 -1.84857202  1.88369139
  0.68442661  1.53936903]","[ 0.00000000e+00 -6.48233955e-03  1.61518290e-01  5.78008613e-02
  3.12772890e-01  3.81669600e-01 -2.12296616e-01 -1.42965766e-04]","[ 0.         -0.23337986 15.87343025 -3.17068148 -1.15579069  1.67923915
 -1.09504271  0.42088103]"
1747093076.2373352,"[ 0.          0.16991164  1.03155361 -2.36356266 -1.84823752  1.88406623
  0.68420403  1.53936903]","[ 0.00000000e+00 -4.59165694e-03  1.65132166e-01  5.48297889e-02
  3.14668895e-01  3.80297240e-01 -2.09642426e-01 -1.42964352e-04]","[ 0.         -0.33471319 15.84822464 -3.27837229 -1.17384982  1.64181912
 -1.09554124  0.42051214]"
1747093076.2390997,"[ 0.          0.16990705  1.03189709 -2.36346013 -1.84761941  1.88481871
  0.68378066  1.53936903]","[ 0.00000000e+00 -1.35048743e-03  1.69081018e-01  4.88538468e-02
  3.13583157e-01  3.81107540e-01 -2.16297350e-01 -1.42856421e-04]","[ 0.         -0.46156338 15.77370739 -3.42353868 -1.18430698  1.617419
 -1.02982581  0.42408788]"
1747093076.2402558,"[ 0.          0.16990705  1.03206467 -2.36341379 -1.84728891  1.88522297
  0.68356474  1.53936903]","[ 0.00000000e+00  0.00000000e+00  1.69891318e-01  4.69969619e-02
  3.11203656e-01  3.80666520e-01 -2.18827120e-01 -1.42964352e-04]","[ 0.         -0.5746538  15.69766998 -3.51011825 -1.1684624   1.65468383
 -0.98608726  0.39300945]"
1747093076.2419376,"[ 0.          0.1699075   1.03240356 -2.36332431 -1.84667638  1.88596786
  0.68310908  1.5393681 ]","[ 0.00000000e+00  1.75554461e-04  1.72322185e-01  4.51062798e-02
  3.10837038e-01  3.75435506e-01 -2.24721095e-01 -1.50794377e-04]","[ 0.         -0.76826197 15.63051796 -3.6346097  -1.03551126  1.76502335
 -0.95851922  0.4176527 ]"
1747093076.2436574,"[ 0.          0.16990658  1.0327553  -2.36323429 -1.84604122  1.88672513
  0.682661    1.53936716]","[ 0.00000000e+00 -1.35014506e-04  1.70971696e-01  4.31718095e-02
  3.10451346e-01  3.66372736e-01 -2.27923330e-01 -1.58849285e-04]","[ 0.         -0.88917428 15.63596535 -3.78613019 -0.83489102  1.78785276
 -0.90875769  0.41549194]"
1747093076.244797,"[ 0.          0.16990613  1.03292154 -2.36319328 -1.84573362  1.88708372
  0.68241938  1.53936716]","[ 0.00000000e+00 -1.59566278e-04  1.68540829e-01  4.15950101e-02
  3.11962590e-01  3.63551216e-01 -2.27233022e-01 -1.58849285e-04]","[ 0.         -0.94648266 15.66890907 -3.8265903  -0.74876678  1.74098599
 -0.89636999  0.4051412 ]"
1747093076.2465537,"[ 0.          0.16990428  1.03326636 -2.36311392 -1.84512109  1.88779918
  0.68198269  1.5393661 ]","[ 0.00000000e+00 -3.81596362e-04  1.68014872e-01  3.81168052e-02
  3.10612101e-01  3.63452679e-01 -2.17968666e-01 -1.69311312e-04]","[ 0.         -1.10293627 15.7205677  -3.88983703 -0.61675543  1.76908958
 -0.96841836  0.40884915]"
1747093076.2477872,"[ 0.          0.16990292  1.03343447 -2.36307636 -1.84481563  1.88815498
  0.6817753   1.5393661 ]","[ 0.00000000e+00 -5.34972724e-04  1.70431507e-01  3.80837445e-02
  3.09801801e-01  3.60850238e-01 -2.10405938e-01 -1.61374851e-04]","[ 0.         -1.16131222 15.75261879 -3.94528437 -0.55064744  1.77528548
 -0.99083847  0.40951565]"
1747093076.2495546,"[ 0.          0.16990016  1.03377289 -2.36300153 -1.84418393  1.88888549
  0.68137103  1.53936517]","[ 0.00000000e+00 -6.91453887e-04  1.72497138e-01  3.80837445e-02
  3.08181234e-01  3.57068849e-01 -1.92849598e-01 -1.69311312e-04]","[ 0.         -1.27085948 15.79627895 -3.95790815 -0.4628523   1.80950737
 -0.97343445  0.39476457]"
1747093076.251341,"[ 0.          0.16989878  1.03395658 -2.36300153 -1.84387713  1.88923556
  0.68118934  1.53936517]","[ 0.00000000e+00 -7.50527169e-04  1.72867467e-01  3.80837445e-02
  3.11152290e-01  3.54908093e-01 -1.84206475e-01 -1.69311312e-04]","[ 0.         -1.31356955 15.84651566 -3.95790815 -0.43338588  1.8551693
 -0.94787323  0.4015874 ]"
1747093076.2530534,"[ 0.          0.16989511  1.03430046 -2.36292164 -1.84323691  1.8899662
  0.68084306  1.53936423]","[ 0.00000000e+00 -9.18472180e-04  1.74482974e-01  3.88691107e-02
  3.12708275e-01  3.57068849e-01 -1.72592280e-01 -1.80030974e-04]","[ 0.         -1.38435209 15.82927418 -3.92852736 -0.36988652  1.78385317
 -0.93337333  0.38560012]"
1747093076.2547743,"[ 0.          0.16989143  1.03466045 -2.36284866 -1.84262092  1.89065968
  0.6805053   1.5393633 ]","[ 0.00000000e+00 -1.04604553e-03  1.76039459e-01  3.56167419e-02
  3.11646506e-01  3.50046326e-01 -1.62058479e-01 -1.90475217e-04]","[ 0.         -1.37578404 15.77706432 -3.88947868 -0.31447381  1.7480092
 -0.94062704  0.39317039]"
1747093076.2559633,"[ 0.          0.1698896   1.03483409 -2.36281218 -1.84231412  1.891024
  0.68034838  1.5393633 ]","[ 0.00000000e+00 -1.09807359e-03  1.75925126e-01  3.43876598e-02
  3.11152290e-01  3.43051268e-01 -1.59087406e-01 -1.90475217e-04]","[ 0.         -1.39387679 15.70586681 -3.86744881 -0.30555123  1.72371376
 -0.92996645  0.40843585]"
1747093076.2576787,"[ 0.          0.16988822  1.03517844 -2.36275226 -1.84168029  1.891689
  0.68003159  1.5393633 ]","[ 0.00000000e+00 -1.27653022e-03  1.73132485e-01  2.91705272e-02
  3.09197497e-01  3.36541470e-01 -1.53259927e-01 -1.80029186e-04]","[ 0.         -1.41263449 15.66501999 -3.83031917 -0.19744627  1.714957
 -0.89195341  0.43000376]"
1747093076.2593946,"[ 0.          0.16988637  1.0353626  -2.36272589 -1.84137376  1.89201723
  0.67988605  1.53936237]","[ 0.00000000e+00 -1.51037644e-03  1.73531776e-01  2.67396499e-02
  3.10882179e-01  3.32422925e-01 -1.47473228e-01 -1.90475217e-04]","[ 0.         -1.40310907 15.66055202 -3.80238557 -0.15859333  1.78763604
 -0.92288029  0.41951892]"
1747093076.2611032,"[ 0.          0.16988409  1.03570242 -2.36267875 -1.8407607   1.89269554
  0.67960635  1.53936237]","[ 0.00000000e+00 -1.59566275e-03  1.73226894e-01  2.18778954e-02
  3.10612101e-01  3.31139514e-01 -1.40990877e-01 -1.90619136e-04]","[ 0.         -1.33463001 15.62495327 -3.73768878 -0.10652271  1.78013229
 -0.95394009  0.42609915]"
1747093076.2622757,"[ 0.          0.16988271  1.03587366 -2.36265878 -1.84042994  1.89301991
  0.67945602  1.53936144]","[ 0.00000000e+00 -1.58380089e-03  1.73672674e-01  2.02573099e-02
  3.11161445e-01  3.28978725e-01 -1.41433411e-01 -1.98561611e-04]","[ 0.         -1.30428863 15.61122417 -3.68366504 -0.15172571  1.60274458
 -0.94698793  0.42006257]"
1747093076.2639792,"[ 0.          0.16988042  1.03623365 -2.36262123 -1.83981741  1.8936592
  0.67918304  1.53936144]","[ 0.00000000e+00 -1.46269090e-03  1.76791769e-01  1.78213414e-02
  3.10071912e-01  3.24116958e-01 -1.37879972e-01 -1.98561611e-04]","[ 0.         -1.25098109 15.67644501 -3.58333564 -0.19296734  1.58044624
 -0.97177303  0.3980948 ]"
1747093076.26571,"[ 0.          0.1698795   1.03640955 -2.36260525 -1.83951194  1.89400262
  0.67904696  1.53936051]","[ 0.00000000e+00 -1.38290777e-03  1.78083718e-01  1.61894291e-02
  3.09801801e-01  3.23491315e-01 -1.38019813e-01 -2.06504069e-04]","[ 0.         -1.2042371  15.75197124 -3.51242566 -0.17737745  1.66566396
 -0.96040392  0.39405885]"
1747093076.2668443,"[ 0.          0.16987812  1.03676588 -2.36257622 -1.83887651  1.89464191
  0.67875874  1.53936051]","[ 0.00000000e+00 -1.13505720e-03  1.81419410e-01  1.40450684e-02
  3.10612101e-01  3.23788590e-01 -1.43691855e-01 -2.06348155e-04]","[ 0.         -1.11446631 15.7967062  -3.38162255 -0.10097312  1.71135724
 -0.98323941  0.38896561]"
1747093076.2686083,"[ 0.          0.16987765  1.03714106 -2.36255199 -1.83826319  1.89528972
  0.67846193  1.53935944]","[ 0.00000000e+00 -8.77702149e-04  1.83126081e-01  1.05338018e-02
  3.11422401e-01  3.12772890e-01 -1.51524678e-01 -2.17094020e-04]","[ 0.         -1.01268375 15.80336285 -3.26508451 -0.08710884  1.7254746
 -0.99115044  0.39152187]"
1747093076.269715,"[ 0.          0.1698772   1.03731922 -2.3625424  -1.83795586  1.89559133
  0.67829355  1.53935944]","[ 0.00000000e+00 -8.18215998e-04  1.80695214e-01  9.71365745e-03
  3.11692479e-01  3.05750334e-01 -1.58485665e-01 -2.16930124e-04]","[ 0.         -0.96923447 15.75879765 -3.21769118 -0.12784214  1.71607363
 -0.98424     0.39484382]"
1747093076.2713883,"[ 0.          0.1698772   1.037687   -2.36252802 -1.83731856  1.89617536
  0.67796917  1.53935851]","[ 0.00000000e+00 -5.58481980e-04  1.78547141e-01  6.01844290e-03
  3.11152290e-01  2.94917427e-01 -1.66751119e-01 -2.27514320e-04]","[ 0.         -0.85057551 15.73876953 -3.12296939 -0.15046543  1.67730284
 -0.92598587  0.40096924]"
1747093076.2731872,"[ 0.          0.1698772   1.03786291 -2.36252349 -1.8370123   1.89648175
  0.67779793  1.53935851]","[ 0.00000000e+00 -4.25510074e-04  1.78264330e-01  4.59165694e-03
  3.10612101e-01  2.88383728e-01 -1.73672674e-01 -2.27514320e-04]","[ 0.         -0.79709673 15.78155041 -3.06856728 -0.12087315  1.72702086
 -0.89893788  0.40129712]"
1747093076.2748866,"[ 0.          0.1698772   1.03821138 -2.36251897 -1.8363766   1.89704967
  0.67743355  1.53935758]","[ 0.00000000e+00 -2.37570126e-04  1.75385486e-01  1.62058489e-03
  3.09801801e-01  2.88464088e-01 -1.78880253e-01 -2.27512077e-04]","[ 0.         -0.68876964 15.78855324 -3.01887655 -0.23672016  1.74940169
 -0.95033574  0.39482757]"
1747093076.2765274,"[ 0.          0.1698772   1.03839647 -2.36251843 -1.83607141  1.89734928
  0.67725944  1.53935758]","[ 0.00000000e+00 -1.84758442e-04  1.74284086e-01  5.01065112e-04
  3.09531723e-01  2.82114513e-01 -1.76643747e-01 -2.27512077e-04]","[ 0.         -0.64453721 15.80990219 -3.0056622  -0.35964891  1.69281983
 -0.951877    0.38743418]"
1747093076.2776887,"[ 0.          0.1698772   1.03874175 -2.36251976 -1.83546021  1.89794583
  0.67689798  1.53935664]","[ 0.00000000e+00 -5.31887593e-05  1.75563352e-01 -6.75243714e-04
  3.09261612e-01  2.80825410e-01 -1.75537919e-01 -2.38096387e-04]","[ 0.         -0.4898546  15.87909508 -2.94137692 -0.51006687  1.68440235
 -1.01883066  0.36632034]"
1747093076.2793887,"[ 0.          0.1698772   1.03908936 -2.3625203  -1.83482505  1.8985232
  0.67655643  1.53935664]","[ 0.00000000e+00  0.00000000e+00  1.76734594e-01 -4.38886152e-04
  3.10027571e-01  2.82343379e-01 -1.72862391e-01 -2.38096387e-04]","[ 0.         -0.36332443 15.94153881 -2.90538788 -0.65089428  1.65027666
 -1.03030753  0.36089855]"
1747093076.2811482,"[ 0.          0.16987765  1.03927764 -2.36251976 -1.83452011  1.8988019
  0.67638712  1.53935571]","[ 0.00000000e+00  4.84255143e-05  1.77293308e-01  0.00000000e+00
  3.09261612e-01  2.82235720e-01 -1.71607942e-01 -2.46030507e-04]","[ 0.         -0.29864934 15.94191551 -2.86241961 -0.66268468  1.66426194
 -1.04878509  0.36004603]"
1747093076.2832754,"[ 0.          0.16987765  1.03962572 -2.36251843 -1.83389161  1.89935943
  0.67603705  1.53935571]","[ 0.00000000e+00  4.41578693e-05  1.75023163e-01  2.65943796e-04
  3.06188291e-01  2.79820999e-01 -1.70701602e-01 -2.46030507e-04]","[ 0.         -0.18649445 15.94804096 -2.88226867 -0.77046275  1.58807325
 -1.07714713  0.35715884]"
1747093076.2855406,"[ 0.          0.16987812  1.03998252 -2.3625179  -1.8332868   1.89992735
  0.67569457  1.53935478]","[ 0.00000000e+00  6.12314765e-05  1.73531776e-01  3.94932421e-04
  3.06830745e-01  2.74959232e-01 -1.74482974e-01 -2.43568903e-04]","[ 0.         -0.06128662 15.95821571 -2.89928675 -0.79855025  1.54063034
 -1.07443178  0.33687907]"
1747093076.286653,"[ 0.          0.16987812  1.04032646 -2.36251843 -1.83268493  1.90046105
  0.67532739  1.53935478]","[ 0.00000000e+00  5.66228416e-05  1.74576002e-01  2.67117463e-04
  3.04940034e-01  2.68206787e-01 -1.80425119e-01 -2.43568903e-04]","[ 0.          0.0795681  15.95666599 -2.91935754 -0.78656495  1.52394021
 -1.03793848  0.35998735]"
1747093076.2883742,"[ 0.          0.16987812  1.0404977  -2.36251843 -1.83236109  1.90074454
  0.67515135  1.53935385]","[ 0.00000000e+00  5.29245075e-05  1.73672674e-01  2.34021185e-04
  3.04934442e-01  2.66566646e-01 -1.78534425e-01 -2.53966967e-04]","[ 0.          0.12336662 16.00370407 -2.97718716 -0.79546976  1.52997053
 -0.99648392  0.34424633]"
1747093076.2900906,"[ 0.          0.16987857  1.04085084 -2.3625179  -1.83176587  1.90126772
  0.67477658  1.53935385]","[ 0.00000000e+00  8.27942876e-05  1.72322185e-01  1.32462624e-04
  3.00618489e-01  2.64425431e-01 -1.84565586e-01 -2.54158853e-04]","[ 0.          0.21538375 16.00403786 -2.99457526 -0.81182837  1.49010623
 -1.01197159  0.33145031]"
1747093076.2912045,"[ 0.          0.16987857  1.04102075 -2.3625179  -1.83144816  1.90153031
  0.67459295  1.53935385]","[ 0.00000000e+00  7.80116345e-05  1.72322185e-01  6.62395490e-05
  2.98885337e-01  2.66316109e-01 -1.86367264e-01 -2.54351000e-04]","[ 0.          0.27172652 15.96558666 -3.00893998 -0.80648953  1.47931147
 -1.03171909  0.34498417]"
1747093076.29296,"[ 0.          0.16987903  1.04137795 -2.3625179  -1.83085853  1.90207253
  0.67421718  1.53935278]","[ 0.00000000e+00  1.03251880e-04  1.75023163e-01  5.95053307e-05
  2.99538112e-01  2.64425431e-01 -1.92849598e-01 -2.54540951e-04]","[ 0.          0.33885938 15.93965912 -3.02578306 -0.81335795  1.4706223
 -0.98765206  0.33839148]"
1747093076.2946303,"[ 0.          0.16987903  1.04155198 -2.3625179  -1.83056479  1.90233312
  0.67400885  1.53935278]","[ 0.00000000e+00  9.79051910e-05  1.76643747e-01  0.00000000e+00
  2.97917511e-01  2.64155337e-01 -1.95916461e-01 -2.54543487e-04]","[ 0.          0.36520633 15.95927811 -3.06188488 -0.81309819  1.40712738
 -0.92336184  0.33350646]"
1747093076.295785,"[ 0.          0.16987903  1.04189826 -2.3625179  -1.8299504   1.90259198
  0.67361597  1.53935278]","[ 0.00000000e+00  9.75159736e-05  1.74753069e-01  0.00000000e+00
  2.99919077e-01  2.62534753e-01 -2.00479088e-01 -2.54351000e-04]","[ 0.          0.43545946 15.86331844 -3.11401653 -0.86872143  1.41636837
 -0.89445925  0.31497893]"
1747093076.2980483,"[ 0.          0.1698795   1.04225506 -2.3625179  -1.82936264  1.90313793
  0.67320311  1.53935185]","[ 0.00000000e+00  1.13653805e-04  1.74212880e-01  0.00000000e+00
  2.96806208e-01  2.68206787e-01 -2.02370149e-01 -2.65149464e-04]","[ 0.          0.46330062 15.71682644 -3.14864302 -0.95344961  1.43766546
 -0.9033283   0.3141008 ]"
1747093076.2991896,"[ 0.          0.1698795   1.04242816 -2.3625179  -1.82907049  1.90340344
  0.67300524  1.53935185]","[ 0.00000000e+00  1.13245683e-04  1.75385486e-01  0.00000000e+00
  2.96597749e-01  2.69014341e-01 -2.00682421e-01 -2.64946330e-04]","[ 0.          0.4811137  15.63855362 -3.17023277 -0.97706431  1.42193747
 -0.89625108  0.31170979]"
1747093076.300944,"[ 0.          0.1698795   1.04278536 -2.3625179  -1.82846435  1.90397229
  0.67261522  1.53935092]","[ 0.00000000e+00  1.08572432e-04  1.74284086e-01  0.00000000e+00
  2.95756722e-01  2.78458176e-01 -1.96431733e-01 -2.65149464e-04]","[ 0.          0.51011574 15.59148693 -3.21068406 -1.01451325  1.45820975
 -0.8517729   0.29581034]"
1747093076.3027172,"[ 0.          0.16987995  1.04312884 -2.3625179  -1.82787633  1.90452503
  0.67221755  1.53935092]","[ 0.00000000e+00  1.15099022e-04  1.74212880e-01  0.00000000e+00
  2.98457700e-01  2.81711677e-01 -1.92039298e-01 -2.64948963e-04]","[ 0.          0.5067482  15.55342293 -3.21650219 -1.01787889  1.46387625
 -0.79581654  0.30205405]"
1747093076.3038192,"[ 0.          0.16987995  1.043313   -2.3625179  -1.82755835  1.90482371
  0.67203112  1.53935092]","[ 0.00000000e+00  1.03589115e-04  1.73531776e-01  0.00000000e+00
  2.99417537e-01  2.81362204e-01 -1.89068225e-01 -2.64948963e-04]","[ 0.          0.49405447 15.62175083 -3.21562076 -1.02334273  1.39701986
 -0.76053536  0.29118139]"
1747093076.3055394,"[ 0.          0.16987995  1.04365508 -2.36251737 -1.82696659  1.90538404
  0.67165249  1.53935092]","[ 0.00000000e+00  9.93552029e-05  1.74212880e-01  2.53477479e-05
  3.00348378e-01  2.86573411e-01 -1.82810213e-01 -2.54543487e-04]","[ 0.          0.49254405 15.59317875 -3.21478271 -1.07770228  1.36381102
 -0.75107038  0.27382058]"
1747093076.3072765,"[ 0.          0.16987995  1.04382732 -2.36251737 -1.82666991  1.90566939
  0.67147839  1.53934999]","[ 0.00000000e+00  9.96692020e-05  1.74753069e-01  5.06930820e-05
  3.00888600e-01  2.89251119e-01 -1.76643747e-01 -2.64946330e-04]","[ 0.          0.47273231 15.56459332 -3.21563578 -1.13059461  1.40018308
 -0.78557783  0.27656779]"
1747093076.3089626,"[ 0.          0.16988042  1.04418545 -2.36251737 -1.82605632  1.90626687
  0.67114449  1.53934999]","[ 0.00000000e+00  1.06059781e-04  1.74534856e-01  4.82544138e-05
  3.00078300e-01  2.92245478e-01 -1.66920246e-01 -2.64948963e-04]","[ 0.          0.40287411 15.53643322 -3.20423579 -1.22796166  1.3717922
 -0.76545858  0.28133506]"
1747093076.310678,"[ 0.          0.16988042  1.04435809 -2.36251737 -1.82575831  1.90655409
  0.67097511  1.53934999]","[ 0.00000000e+00  1.02052466e-04  1.75023163e-01  4.61913295e-05
  3.02239089e-01  2.91165066e-01 -1.59488745e-01 -2.54543487e-04]","[ 0.          0.40460151 15.56013489 -3.20242929 -1.23363614  1.3703295
 -0.7045542   0.29528654]"
1747093076.3118136,"[ 0.          0.16988042  1.04470663 -2.36251737 -1.82516017  1.90715917
  0.67068689  1.53934905]","[ 0.00000000e+00  9.18472148e-05  1.77724141e-01  4.41578693e-05
  3.03049356e-01  2.96408331e-01 -1.43691855e-01 -2.64946330e-04]","[ 0.          0.36111    15.53992653 -3.18200731 -1.2896539   1.38779747
 -0.75804085  0.28523421]"
1747093076.3135478,"[ 0.          0.16988042  1.04507122 -2.3625171  -1.82453885  1.90775651
  0.67041292  1.53934905]","[ 0.00000000e+00  8.84999769e-05  1.78547141e-01  5.31908846e-05
  3.03589578e-01  3.04669956e-01 -1.31653443e-01 -2.54543487e-04]","[ 0.          0.34596482 15.4878521  -3.16975379 -1.34369445  1.30779445
 -0.78318518  0.28522134]"
1747093076.3152277,"[ 0.          0.16988087  1.04527375 -2.36251657 -1.82419397  1.90806104
  0.67028642  1.53934905]","[ 0.00000000e+00  9.80581391e-05  1.77856101e-01  5.30298904e-05
  3.03057446e-01  3.08991501e-01 -1.28296304e-01 -2.54351000e-04]","[ 0.          0.32568485 15.45093441 -3.16006279 -1.36923659  1.30525899
 -0.7807281   0.29198074]"
1747093076.3170083,"[ 0.          0.16988087  1.04563974 -2.36251657 -1.82362273  1.90869554
  0.67004474  1.53934812]","[ 0.00000000e+00  9.46262471e-05  1.78547141e-01  5.10262331e-05
  3.00761767e-01  3.09531723e-01 -1.20463473e-01 -2.54353535e-04]","[ 0.          0.30908969 15.41455364 -3.07424617 -1.37436378  1.26113009
 -0.73431426  0.27810729]"
1747093076.3181252,"[ 0.          0.16988087  1.04581604 -2.36251604 -1.82327971  1.90899994
  0.66991824  1.53934812]","[ 0.00000000e+00  9.14233099e-05  1.78804536e-01  7.14367280e-05
  3.01684386e-01  3.08721423e-01 -1.19115015e-01 -2.54543487e-04]","[ 0.          0.29903314 15.43951893 -3.03714156 -1.3219769   1.14204395
 -0.7038148   0.26426533]"
1747093076.3198287,"[ 0.          0.16988087  1.04616458 -2.36251577 -1.82266079  1.90962206
  0.66967849  1.53934812]","[ 0.00000000e+00  8.22781619e-05  1.76643747e-01  7.56983059e-05
  3.02677546e-01  3.01925236e-01 -1.22500009e-01 -2.54351000e-04]","[ 0.          0.3023676  15.3407135  -2.98825264 -1.22271967  1.09827876
 -0.74648964  0.25784159]"
1747093076.3224974,"[ 0.          0.16988133  1.04652271 -2.36251417 -1.82206345  1.91021767
  0.66942069  1.53934812]","[ 0.00000000e+00  8.56239369e-05  1.74534856e-01  1.27988248e-04
  3.03049356e-01  3.00888600e-01 -1.27139610e-01 -2.43937494e-04]","[ 0.          0.27426738 15.32557774 -2.94745302 -1.11448133  1.08218241
 -0.74425709  0.2550672 ]"
1747093076.3235686,"[ 0.          0.16988133  1.04669541 -2.36251391 -1.8217649   1.91051728
  0.66929226  1.53934719]","[ 0.00000000e+00  8.56239369e-05  1.75023163e-01  1.32640759e-04
  3.02779278e-01  3.03859656e-01 -1.30186982e-01 -2.54353535e-04]","[ 0.          0.27189952 15.29637241 -2.93844819 -1.09218884  1.09970784
 -0.71083462  0.26437762]"
1747093076.324714,"[ 0.          0.1698818   1.04705494 -2.36251284 -1.82114359  1.91112994
  0.66902595  1.53934719]","[ 0.00000000e+00  8.27942876e-05  1.75537919e-01  1.57309158e-04
  3.03645472e-01  2.97885487e-01 -1.36939419e-01 -2.43937494e-04]","[ 0.          0.24414115 15.31359768 -2.91828108 -1.09895575  1.06226802
 -0.69584763  0.22862837]"
1747093076.3264234,"[ 0.          0.1698818   1.04740022 -2.36251204 -1.82054518  1.9117169
  0.66873386  1.53934719]","[ 0.00000000e+00  8.03318388e-05  1.75023163e-01  1.71244363e-04
  3.03319467e-01  2.96806208e-01 -1.43691855e-01 -2.43937494e-04]","[ 0.          0.23407772 15.27089787 -2.88117766 -1.09228039  1.05198181
 -0.6824156   0.21195076]"
1747093076.3281724,"[ 0.          0.1698818   1.04757199 -2.36251151 -1.82024531  1.91203368
  0.66858832  1.53934719]","[ 0.00000000e+00  8.03342608e-05  1.74212880e-01  1.81579164e-04
  3.04129767e-01  2.98414457e-01 -1.47473228e-01 -2.43753052e-04]","[ 0.          0.24322324 15.30283833 -2.86104655 -1.03421032  1.06063759
 -0.70239305  0.20486405]"
1747093076.3293746,"[ 0.          0.1698818   1.04775568 -2.36251018 -1.81961946  1.91262823
  0.66825629  1.53934613]","[ 0.00000000e+00  7.80139183e-05  1.73030237e-01  2.07768404e-04
  3.06250043e-01  3.01968978e-01 -1.52023938e-01 -2.46586546e-04]","[ 0.          0.2444564  15.26720142 -2.84320951 -0.98703802  1.07633245
 -0.70578641  0.2229446 ]"
1747093076.3311622,"[ 0.          0.16988225  1.04792599 -2.36250964 -1.81931826  1.91292211
  0.66810409  1.53934613]","[ 0.00000000e+00  9.09860274e-05  1.72862391e-01  2.16358269e-04
  3.05480256e-01  2.97885487e-01 -1.54495751e-01 -2.46586546e-04]","[ 0.          0.25571054 15.3142128  -2.83792353 -1.01372123  1.14253843
 -0.69395959  0.23254183]"
1747093076.3328876,"[ 0.          0.16988225  1.04826401 -2.36250831 -1.81869162  1.91352146
  0.66779304  1.53934613]","[ 0.00000000e+00  7.35964502e-05  1.71511902e-01  2.38450510e-04
  3.05686751e-01  2.91165066e-01 -1.58926219e-01 -2.38454070e-04]","[ 0.          0.25583926 15.31344986 -2.86774397 -1.05693984  1.15919864
 -0.70090371  0.20838687]"
1747093076.3340704,"[ 0.          0.16988225  1.04844351 -2.36250778 -1.81839174  1.91380309
  0.66765795  1.53934613]","[ 0.00000000e+00  7.35964502e-05  1.69017935e-01  2.45673100e-04
  3.04129767e-01  2.85763144e-01 -1.61897208e-01 -2.38634513e-04]","[ 0.          0.25948203 15.28775787 -2.91033173 -1.05949259  1.05951989
 -0.73277366  0.20329943]"
1747093076.3367348,"[ 0.          0.16988271  1.04876768 -2.36250698 -1.81779333  1.91436155
  0.6672869   1.53934519]","[ 0.00000000e+00  8.37515887e-05  1.63408968e-01  2.52514062e-04
  3.04129767e-01  2.81981755e-01 -1.69719178e-01 -2.38454070e-04]","[ 0.          0.26604781 15.35184193 -2.94381237 -1.01165044  1.06811523
 -0.74742144  0.19436261]"
1747093076.3389492,"[ 0.          0.16988316  1.04926456 -2.36250592 -1.81717122  1.91520151
  0.66675993  1.53934519]","[ 0.00000000e+00  9.52465325e-05  1.64592527e-01  2.65501898e-04
  3.03589578e-01  2.73601353e-01 -1.75563352e-01 -2.38454070e-04]","[ 0.          0.29071999 15.51193237 -2.98913908 -1.05440164  1.10543609
 -0.72356004  0.2118829 ]"
1747093076.3411362,"[ 0.          0.16988363  1.0495906  -2.36250565 -1.81656961  1.91575518
  0.66641745  1.53934519]","[ 0.00000000e+00  1.05980645e-04  1.65839851e-01  2.65168970e-04
  3.05480256e-01  2.69017087e-01 -1.71781996e-01 -2.27856106e-04]","[ 0.          0.30065623 15.56919384 -3.0124898  -1.1227361   1.13227153
 -0.7119171   0.19441108]"
1747093076.3429303,"[ 0.          0.16988363  1.04992949 -2.36250565 -1.8159475   1.91627743
  0.66608069  1.53934519]","[ 0.00000000e+00  9.05133423e-05  1.66380040e-01  2.59627875e-04
  3.03589578e-01  2.63345037e-01 -1.63138873e-01 -2.27856106e-04]","[ 0.          0.36387029 15.55937767 -3.08998585 -1.2415154   1.10059488
 -0.71513355  0.1823855 ]"
1747093076.344673,"[ 0.          0.16988409  1.05027064 -2.36250565 -1.81535494  1.9168054
  0.66577629  1.53934519]","[ 0.00000000e+00  1.01023206e-04  1.67011792e-01  2.59622365e-04
  3.00044079e-01  2.55253321e-01 -1.52334978e-01 -2.17258159e-04]","[ 0.          0.42891249 15.51275826 -3.13477993 -1.2507298   1.08981967
 -0.69335812  0.19398208]"
1747093076.3458292,"[ 0.          0.16988409  1.05043456 -2.36250565 -1.81503749  1.9170556
  0.66561737  1.53934426]","[ 0.00000000e+00  1.01023206e-04  1.66380040e-01  2.54308331e-04
  2.98915997e-01  2.53891630e-01 -1.49567937e-01 -2.17258159e-04]","[ 0.          0.44362345 15.47695923 -3.16535354 -1.26109993  1.01387715
 -0.69137895  0.18794551]"
1747093076.3483531,"[ 0.          0.16988454  1.0507592  -2.36250565 -1.81444787  1.91755215
  0.66533201  1.53934426]","[ 0.00000000e+00  1.04885301e-04  1.63949173e-01  2.49207477e-04
  2.99268000e-01  2.38230029e-01 -1.43691855e-01 -2.17258159e-04]","[ 0.          0.48891217 15.5192585  -3.20835924 -1.18857944  1.02609873
 -0.67088509  0.16212642]"
1747093076.3500252,"[ 0.          0.16988546  1.0510871  -2.36250512 -1.81385878  1.91800782
  0.6650352   1.53934426]","[ 0.00000000e+00  1.26453030e-04  1.59357518e-01  2.59646438e-04
  2.96806208e-01  2.25801489e-01 -1.45947236e-01 -2.06816581e-04]","[ 0.          0.54562771 15.56796169 -3.22068954 -1.14436531  1.02016997
 -0.67412537  0.16366763]"
1747093076.3517873,"[ 0.          0.16988593  1.05139563 -2.36250512 -1.81325105  1.91845589
  0.66489059  1.53934426]","[ 0.00000000e+00  1.29585617e-04  1.56227987e-01  2.65149464e-04
  2.96026833e-01  2.15911641e-01 -1.46662928e-01 -1.98711722e-04]","[ 0.          0.56075788 15.66928482 -3.19243264 -1.13992512  1.02677929
 -0.64128745  0.15260808]"
1747093076.354177,"[ 0.          0.16988593  1.05171434 -2.36250458 -1.81267048  1.91887548
  0.66459571  1.53934333]","[ 0.00000000e+00  1.26819946e-04  1.56116334e-01  2.64950605e-04
  2.93325855e-01  2.11216222e-01 -1.49482400e-01 -2.06816581e-04]","[ 0.          0.58573991 15.78907204 -3.15735221 -1.10615993  1.02130234
 -0.63168406  0.14947377]"
1747093076.355917,"[ 0.          0.16988593  1.05202014 -2.36250405 -1.81206647  1.91930824
  0.66428079  1.53934333]","[ 0.00000000e+00  1.18525769e-04  1.55576145e-01  2.60416681e-04
  2.94946456e-01  2.10645506e-01 -1.54495751e-01 -1.98713706e-04]","[ 0.          0.65927237 15.82349396 -3.15377092 -1.11048639  1.01529717
 -0.63417274  0.15750869]"
1747093076.3576527,"[ 0.          0.16988637  1.05233792 -2.36250379 -1.81148484  1.91972116
  0.66398112  1.53934333]","[ 0.00000000e+00  1.21434140e-04  1.54339223e-01  2.60222958e-04
  2.94406233e-01  2.08515244e-01 -1.50444300e-01 -1.98711722e-04]","[ 0.          0.67471689 15.84673309 -3.13615036 -1.09964657  1.05246747
 -0.63547409  0.16402809]"
1747093076.3599737,"[ 0.          0.16988731  1.05264465 -2.36250325 -1.81088776  1.92014634
  0.66368431  1.53934333]","[ 0.00000000e+00  1.40422190e-04  1.55576145e-01  2.55577055e-04
  2.91165066e-01  2.07636284e-01 -1.42881572e-01 -1.90763250e-04]","[ 0.          0.72252375 15.83238792 -3.12222266 -1.01696622  1.0519129
 -0.63087213  0.15981905]"
1747093076.3617034,"[ 0.          0.16988731  1.05295963 -2.36250272 -1.8103205   1.92055833
  0.66341893  1.53934333]","[ 0.00000000e+00  1.37877721e-04  1.52334978e-01  2.60217561e-04
  2.86552904e-01  2.09325544e-01 -1.31267377e-01 -1.80165302e-04]","[ 0.          0.74194455 15.76880646 -3.08662581 -0.93131298  1.04337204
 -0.6341899   0.16677095]"
1747093076.3640902,"[ 0.          0.16988776  1.05325538 -2.36250245 -1.80973088  1.92099682
  0.663164    1.5393424 ]","[ 0.00000000e+00  1.42662975e-04  1.49634000e-01  2.60392169e-04
  2.88171840e-01  2.15660871e-01 -1.21543868e-01 -1.90477103e-04]","[ 0.          0.77394402 15.8036108  -3.07546043 -0.85920835  1.0156548
 -0.64549118  0.13967679]"
1747093076.3663888,"[ 0.          0.16988822  1.05355984 -2.36250139 -1.80916309  1.92142212
  0.66293949  1.5393424 ]","[ 0.00000000e+00  1.45022385e-04  1.49207229e-01  2.74265216e-04
  2.87923900e-01  2.14997594e-01 -1.11820358e-01 -1.80029186e-04]","[ 0.          0.75532788 15.90018845 -3.05244303 -0.77893639  1.02530515
 -0.65516955  0.11823965]"
1747093076.3681502,"[ 0.          0.16988822  1.05384999 -2.36250059 -1.8085724   1.92185489
  0.66272065  1.5393424 ]","[ 0.00000000e+00  1.42388775e-04  1.46122739e-01  2.78550233e-04
  2.88464088e-01  2.07440958e-01 -1.04257622e-01 -1.69311312e-04]","[ 0.          0.73257905 15.98104954 -2.9828732  -0.70672733  1.01445866
 -0.63433981  0.12639908]"
1747093076.3704162,"[ 0.          0.16988867  1.05415033 -2.36249952 -1.80798491  1.92225356
  0.66252757  1.5393424 ]","[ 0.00000000e+00  1.46668087e-04  1.46448776e-01  2.95857724e-04
  2.86108190e-01  2.00682421e-01 -9.64247990e-02 -1.69439236e-04]","[ 0.          0.72561431 16.043396   -2.92096758 -0.59728903  0.99137712
 -0.64258707  0.12494013]"
1747093076.3721209,"[ 0.          0.16988867  1.05444281 -2.36249873 -1.80741872  1.922634
  0.66234108  1.5393424 ]","[ 0.00000000e+00  1.37205624e-04  1.49093811e-01  3.17420876e-04
  2.87383711e-01  1.90958920e-01 -8.96723623e-02 -1.58729359e-04]","[ 0.          0.71683729 16.05959892 -2.88527131 -0.55449325  1.00233436
 -0.66274959  0.14088273]"
1747093076.3755133,"[ 0.          0.16988914  1.05475141 -2.36249739 -1.806852    1.92302215
  0.66216984  1.53934146]","[ 0.00000000e+00  1.44143171e-04  1.51464158e-01  3.35058012e-04
  2.86843522e-01  1.89068225e-01 -8.68832670e-02 -1.58730919e-04]","[ 0.          0.69162565 16.04541588 -2.89440322 -0.6219703   0.97614706
 -0.66709548  0.15573016]"
1747093076.3765943,"[ 0.          0.1698896   1.05519869 -2.36249553 -1.80598062  1.92359007
  0.66192729  1.53934146]","[ 0.00000000e+00  1.50845872e-04  1.50444300e-01  3.27169665e-04
  2.85763144e-01  1.86367264e-01 -7.72478753e-02 -1.50792882e-04]","[ 0.          0.66667128 15.94439125 -2.86473227 -0.76724005  0.87234563
 -0.64230365  0.10762376]"
1747093076.3783128,"[ 0.          0.1698896   1.05535528 -2.36249446 -1.80569939  1.92377662
  0.66185785  1.53934146]","[ 0.00000000e+00  1.48335472e-04  1.47451856e-01  3.43257863e-04
  2.85222922e-01  1.89068225e-01 -7.04954387e-02 -1.50906827e-04]","[ 0.          0.64175969 15.94006062 -2.86680079 -0.75855947  0.90723348
 -0.64892876  0.09970554]"
1747093076.3800514,"[ 0.          0.16989005  1.05564224 -2.36249313 -1.80511722  1.92415905
  0.66172656  1.53934146]","[ 0.00000000e+00  1.50328698e-04  1.44772250e-01  3.39391305e-04
  2.83602355e-01  1.84565586e-01 -6.07103565e-02 -1.50792882e-04]","[ 0.          0.61493224 15.9606638  -2.84993625 -0.84797096  0.89453548
 -0.66715705  0.08778195]"
1747093076.3818643,"[ 0.          0.16989005  1.05593658 -2.36249127 -1.80456062  1.92451858
  0.6616181   1.53934146]","[ 0.00000000e+00  1.43376911e-04  1.43439554e-01  3.49997299e-04
  2.82235720e-01  1.82315797e-01 -5.29391068e-02 -1.42857835e-04]","[ 0.          0.62580156 16.04047394 -2.85750175 -0.84383947  0.88080639
 -0.6745255   0.08357115]"
1747093076.3835928,"[ 0.          0.16989052  1.05607573 -2.36249074 -1.80426075  1.92469555
  0.66156863  1.53934146]","[ 0.00000000e+00  1.47721664e-04  1.40990877e-01  3.46188218e-04
  2.82365283e-01  1.79344725e-01 -5.02381288e-02 -1.42857835e-04]","[ 0.          0.59885007 16.02459526 -2.87631965 -0.87600517  0.82541507
 -0.68926656  0.08554905]"
1747093076.384852,"[ 0.          0.16989052  1.05634891 -2.3624894  -1.80370574  1.92505228
  0.66147828  1.53934053]","[ 0.00000000e+00  1.45383059e-04  1.36939419e-01  3.57558570e-04
  2.80901377e-01  1.73030237e-01 -4.23623375e-02 -1.50792882e-04]","[ 0.          0.52231711 16.04688454 -2.86504483 -0.91807765  0.7649979
 -0.68196362  0.08453191]"
1747093076.3865585,"[ 0.          0.16989097  1.05662581 -2.36248754 -1.80312837  1.92538904
  0.66139739  1.53934053]","[ 0.00000000e+00  1.51533606e-04  1.34786511e-01  3.80869519e-04
  2.82365283e-01  1.69621207e-01 -3.86183408e-02 -1.42748653e-04]","[ 0.          0.48379138 16.01543617 -2.8760674  -1.01462746  0.72424579
 -0.65941077  0.08928588]"
1747093076.388326,"[ 0.          0.16989097  1.05675763 -2.36248727 -1.80285087  1.9255688
  0.66136217  1.53934053]","[ 0.00000000e+00  1.49208314e-04  1.33833990e-01  4.06418603e-04
  2.81156408e-01  1.69109481e-01 -3.56528652e-02 -1.42750067e-04]","[ 0.          0.45048252 16.01811028 -2.86875224 -1.01042569  0.73761398
 -0.64534038  0.08933721]"
1747093076.3899903,"[ 0.          0.16989097  1.05702395 -2.36248621 -1.80228042  1.92589424
  0.66129938  1.53934053]","[ 0.00000000e+00  1.40921159e-04  1.35588930e-01  4.94545276e-04
  2.78352998e-01  1.64219268e-01 -3.07911127e-02 -1.32275769e-04]","[ 0.          0.43413013 15.96923447 -2.92077756 -1.05196404  0.72616494
 -0.63357979  0.07917579]"
1747093076.3916516,"[ 0.          0.16989143  1.05730218 -2.36248541 -1.80173128  1.92621661
  0.66124805  1.53934053]","[ 0.00000000e+00  1.44601666e-04  1.35588930e-01  5.38239551e-04
  2.78200399e-01  1.53971840e-01 -2.32048487e-02 -1.32274460e-04]","[ 0.          0.43773189 15.91378689 -2.98364949 -1.00286591  0.6881718
 -0.63220882  0.08484994]"
1747093076.392778,"[ 0.          0.16989188  1.05743448 -2.36248488 -1.8014591   1.92636122
  0.66122994  1.53933947]","[ 0.00000000e+00  1.52632794e-04  1.34238449e-01  5.54738991e-04
  2.76039626e-01  1.46662928e-01 -1.83666278e-02 -1.42856421e-04]","[ 0.          0.41700619 15.86944389 -2.99475765 -0.98985773  0.68135554
 -0.62986082  0.09518754]"
1747093076.3944263,"[ 0.          0.16989235  1.05769573 -2.36248434 -1.80089344  1.92662674
  0.66120238  1.53933947]","[ 0.00000000e+00  1.58311826e-04  1.32617857e-01  5.82150239e-04
  2.76086881e-01  1.31134377e-01 -1.24244839e-02 -1.32175981e-04]","[ 0.          0.41179693 15.81744957 -3.06037426 -0.95552438  0.66906142
 -0.63348269  0.08251575]"
1747093076.3960977,"[ 0.          0.16989235  1.05783488 -2.36248434 -1.80062234  1.92675697
  0.66119286  1.53933947]","[ 0.00000000e+00  1.56025545e-04  1.31024513e-01  5.66805139e-04
  2.74959232e-01  1.22625777e-01 -9.02766461e-03 -1.32274460e-04]","[ 0.          0.41468275 15.81744957 -3.10773134 -0.92689061  0.6541394
 -0.60278332  0.08657926]"
1747093076.3978515,"[ 0.          0.16989282  1.05809434 -2.36248408 -1.80006414  1.92697295
  0.66118147  1.53933947]","[ 0.00000000e+00  1.57649481e-04  1.31807566e-01  5.48521069e-04
  2.71331474e-01  1.05338016e-01 -4.86175453e-03 -1.21692507e-04]","[ 0.          0.41027409 15.74135399 -3.15634966 -0.85113323  0.64186555
 -0.56580412  0.08357685]"
1747093076.3990905,"[ 0.          0.16989282  1.0582229  -2.36248408 -1.79979622  1.92706803
  0.66117861  1.53933947]","[ 0.00000000e+00  1.55268696e-04  1.30457085e-01  5.30255171e-04
  2.71718065e-01  9.64247990e-02 -2.96806183e-03 -1.21600701e-04]","[ 0.          0.40121678 15.65989304 -3.16528511 -0.85245448  0.62086719
 -0.55218881  0.07417189]"
1747093076.4007506,"[ 0.          0.16989327  1.05848829 -2.36248408 -1.79926253  1.92724979
  0.66117768  1.53933947]","[ 0.00000000e+00  1.55268696e-04  1.29245605e-01  5.02810991e-04
  2.70363465e-01  8.68832670e-02  0.00000000e+00 -1.21693710e-04]","[ 0.          0.39230064 15.60209465 -3.21128035 -0.82305825  0.62794042
 -0.53528762  0.06680992]"
1747093076.4026005,"[ 0.          0.16989327  1.05861412 -2.36248408 -1.79899408  1.92733261
  0.66117768  1.53933947]","[ 0.00000000e+00  1.53121782e-04  1.27486012e-01  4.83266145e-04
  2.72258254e-01  8.40003119e-02  0.00000000e+00 -1.13756038e-04]","[ 0.          0.38898176 15.60738564 -3.22930646 -0.84634113  0.627967
 -0.54689533  0.0773984 ]"
1747093076.404388,"[ 0.          0.16989373  1.05887451 -2.36248355 -1.79843535  1.92749906
  0.66117768  1.53933854]","[ 0.00000000e+00  1.58234551e-04  1.27139610e-01  4.57100880e-04
  2.72798443e-01  8.07474437e-02  0.00000000e+00 -1.21692507e-04]","[ 0.          0.38810292 15.56465054 -3.26967859 -0.89881986  0.62713403
 -0.5203467   0.07299939]"
1747093076.4061115,"[ 0.          0.16989418  1.05912012 -2.36248355 -1.79790005  1.92765312
  0.66117768  1.53933854]","[ 0.00000000e+00  1.63537954e-04  1.24244837e-01  4.11390802e-04
  2.71177859e-01  7.83282698e-02  0.00000000e+00 -1.21693710e-04]","[ 0.          0.40832999 15.57054043 -3.31815696 -1.00396895  0.61068374
 -0.48726168  0.05658863]"
1747093076.4071934,"[ 0.          0.16989418  1.05924323 -2.36248355 -1.79761456  1.92772929
  0.66117768  1.53933854]","[ 0.00000000e+00  1.61199626e-04  1.24785034e-01  3.74822726e-04
  2.68570908e-01  7.72478753e-02  0.00000000e+00 -1.21693710e-04]","[ 0.          0.40402192 15.55744171 -3.3120296  -1.06322598  0.60739523
 -0.47929493  0.06748698]"
1747093076.4089396,"[ 0.          0.16989511  1.05949809 -2.36248355 -1.79708992  1.92788522
  0.66117768  1.53933854]","[ 0.00000000e+00  1.69695636e-04  1.24785034e-01  3.29112648e-04
  2.65235714e-01  7.61618964e-02  0.00000000e+00 -1.13756038e-04]","[ 0.          0.44741929 15.64700222 -3.31479263 -1.13285887  0.62289667
 -0.46058539  0.05027606]"
1747093076.410664,"[ 0.          0.16989511  1.05962113 -2.36248355 -1.79682893  1.92796325
  0.66117768  1.53933854]","[ 0.00000000e+00  1.67503177e-04  1.24785034e-01  3.00901573e-04
  2.64695526e-01  7.91385615e-02  0.00000000e+00 -1.13756038e-04]","[ 0.          0.48187551 15.70205498 -3.33307576 -1.13592792  0.62954211
 -0.45580465  0.04418257]"
1747093076.4123852,"[ 0.          0.16989556  1.05987094 -2.36248355 -1.79628511  1.92813262
  0.66117768  1.53933854]","[ 0.00000000e+00  1.67334357e-04  1.22259883e-01  2.46842930e-04
  2.65235714e-01  8.42582058e-02  0.00000000e+00 -1.05819570e-04]","[ 0.          0.49632332 15.71134281 -3.37943196 -1.17963159  0.62982076
 -0.47216767  0.04832934]"
1747093076.4151926,"[ 0.          0.16989648  1.06022727 -2.36248355 -1.79548776  1.92838749
  0.66117768  1.5393376 ]","[ 0.00000000e+00  1.72085524e-04  1.20193379e-01  1.73698343e-04
  2.60914170e-01  8.48106036e-02  0.00000000e+00 -1.13757160e-04]","[ 0.          0.55919844 15.68679428 -3.3805449  -1.28168154  0.56183821
 -0.44965515  0.05515711]"
1747093076.4168403,"[ 0.          0.16989741  1.06047201 -2.36248355 -1.79497697  1.92854928
  0.66117768  1.5393376 ]","[ 0.00000000e+00  1.81233639e-04  1.18302692e-01  1.27992629e-04
  2.58213192e-01  7.79889914e-02  0.00000000e+00 -1.13756038e-04]","[ 0.          0.58854276 15.66939259 -3.35421944 -1.32334578  0.55284828
 -0.44246233  0.04957087]"
1747093076.4179451,"[ 0.          0.16989741  1.06058773 -2.36248355 -1.7947261   1.92862544
  0.66117768  1.5393376 ]","[ 0.00000000e+00  1.79009304e-04  1.17222306e-01  1.09422493e-04
  2.54431819e-01  7.72478753e-02  0.00000000e+00 -1.05819570e-04]","[ 0.          0.5845961  15.70627594 -3.34780598 -1.33657289  0.58596617
 -0.4389081   0.04032677]"
1747093076.4197152,"[ 0.          0.16989833  1.06082188 -2.36248355 -1.79420252  1.92878137
  0.66117768  1.5393376 ]","[ 0.00000000e+00  1.86488993e-04  1.13240714e-01  7.27589946e-05
  2.56052403e-01  7.90583754e-02  0.00000000e+00 -1.05820618e-04]","[ 0.          0.64264083 15.70493793 -3.34791803 -1.38498878  0.61352628
 -0.44661885  0.03786273]"
1747093076.4214296,"[ 0.          0.16989833  1.06093254 -2.36248301 -1.79395058  1.9288594
  0.66117768  1.5393376 ]","[ 0.00000000e+00  1.84257068e-04  1.12360547e-01  8.16419714e-05
  2.55512214e-01  7.91385615e-02  0.00000000e+00 -1.05819570e-04]","[ 0.          0.67159295 15.68520069 -3.33709335 -1.40534127  0.58252895
 -0.43386063  0.05888831]"
1747093076.423165,"[ 0.          0.16989924  1.06115158 -2.36248301 -1.79343127  1.92902678
  0.66117861  1.5393376 ]","[ 0.00000000e+00  1.91138244e-04  1.10199767e-01  6.15881847e-05
  2.53891630e-01  8.21096340e-02  4.60415958e-05 -1.05739735e-04]","[ 0.          0.72757727 15.74002934 -3.30421782 -1.46396446  0.57192689
 -0.43786186  0.06306723]"
1747093076.4243777,"[ 0.          0.16989969  1.06126683 -2.36248301 -1.79318306  1.92910774
  0.66117861  1.5393376 ]","[ 0.00000000e+00  1.95558581e-04  1.08582745e-01  6.15902206e-05
  2.51730841e-01  8.21096340e-02  4.61913295e-05 -9.52376087e-05]","[ 0.          0.75283682 15.81793213 -3.2906642  -1.46034479  0.58445042
 -0.43539432  0.06293438]"
1747093076.426071,"[ 0.          0.16990016  1.06148175 -2.36248248 -1.79267227  1.92928085
  0.66117861  1.53933667]","[ 0.00000000e+00  1.97257501e-04  1.07929522e-01  5.95024821e-05
  2.48027233e-01  8.48967153e-02  4.41578693e-05 -1.05820618e-04]","[ 0.          0.83356887 15.92775726 -3.25638819 -1.46460378  0.5651536
 -0.42793912  0.01608828]"
1747093076.4271522,"[ 0.          0.16990062  1.06158694 -2.36248248 -1.79243045  1.9293646
  0.66117861  1.53933667]","[ 0.00000000e+00  1.96911098e-04  1.06688505e-01  5.76869885e-05
  2.45248507e-01  8.47246751e-02  4.41578693e-05 -1.05820618e-04]","[ 0.          0.86691713 15.96276665 -3.2205317  -1.43799615  0.54142332
 -0.43752095  0.01976532]"
1747093076.428953,"[ 0.          0.16990154  1.06180412 -2.36248221 -1.79194895  1.92954623
  0.66117861  1.53933667]","[ 0.00000000e+00  2.05589372e-04  1.05824293e-01  6.59259481e-05
  2.43087735e-01  9.02766419e-02  4.24256036e-05 -1.05819570e-04]","[ 0.          0.97055423 16.06698227 -3.21631384 -1.40646911  0.53873163
 -0.43752083  0.03454023]"
1747093076.4300978,"[ 0.          0.16990199  1.06190652 -2.36248221 -1.79171033  1.92963664
  0.66117861  1.53933667]","[ 0.00000000e+00  2.10949682e-04  1.03717433e-01  6.39740822e-05
  2.42007340e-01  9.17400989e-02  4.07024487e-05 -1.05819570e-04]","[ 0.          0.99603754 16.15080833 -3.2019825  -1.39103007  0.54800689
 -0.44116983  0.04884221]"
1747093076.43187,"[ 0.          0.16990337  1.06211911 -2.36248115 -1.79121871  1.92981641
  0.66117861  1.53933667]","[ 0.00000000e+00  2.18172678e-04  1.04570452e-01  8.54348953e-05
  2.39549326e-01  9.17400989e-02  3.93347788e-05 -9.51667059e-05]","[ 0.          1.06134748 16.19288254 -3.14167857 -1.3406651   0.53984189
 -0.44692898  0.05045178]"
1747093076.4330976,"[ 0.          0.16990384  1.06222384 -2.36248062 -1.79098329  1.92991534
  0.66117861  1.53933667]","[ 0.00000000e+00  2.24434049e-04  1.06040758e-01  9.79324907e-05
  2.38524259e-01  9.32858641e-02  3.93347788e-05 -9.52376087e-05]","[ 0.          1.06482959 16.14987183 -3.10113907 -1.33785546  0.51376301
 -0.4525764   0.03242983]"
1747093076.434859,"[ 0.          0.16990522  1.06243503 -2.36247982 -1.79049806  1.93009418
  0.66117861  1.53933667]","[ 0.00000000e+00  2.42731318e-04  1.09119380e-01  1.14164014e-04
  2.36223887e-01  9.07527485e-02  3.78491530e-05 -9.51657631e-05]","[ 0.          1.13444948 16.12940979 -3.05550671 -1.39035523  0.5248524
 -0.44146201  0.0455663 ]"
1747093076.4365704,"[ 0.          0.16990658  1.06266326 -2.36247928 -1.79003361  1.93028725
  0.66117861  1.53933574]","[ 0.00000000e+00  2.64442030e-04  1.11820358e-01  1.25128951e-04
  2.35525007e-01  9.57935549e-02  3.65680715e-05 -9.52376087e-05]","[ 0.          1.19123042 16.06782913 -3.04019856 -1.46032858  0.53544211
 -0.42581815  0.04793561]"
1747093076.4395595,"[ 0.          0.16990705  1.06277485 -2.36247902 -1.78980085  1.93038246
  0.66117768  1.53933574]","[ 0.00000000e+00  2.76519280e-04  1.13056173e-01  1.28517882e-04
  2.36065196e-01  9.65969224e-02  0.00000000e+00 -9.52385514e-05]","[ 0.          1.20153892 16.05797958 -3.01590037 -1.51041234  0.53669798
 -0.41690204  0.04951227]"
1747093076.441151,"[ 0.          0.16990843  1.06312752 -2.36247715 -1.78908659  1.93067261
  0.66117768  1.53933574]","[ 0.00000000e+00  3.14589675e-04  1.16858102e-01  1.63573243e-04
  2.35525007e-01  9.22827928e-02  0.00000000e+00 -9.52376087e-05]","[ 0.          1.28081727 15.93723297 -3.00290775 -1.56243992  0.52635133
 -0.42045322  0.03430303]"
1747093076.4428785,"[ 0.          0.16991073  1.06336214 -2.36247582 -1.78860349  1.93084958
  0.66117768  1.53933574]","[ 0.00000000e+00  3.72803216e-04  1.19383087e-01  1.86029409e-04
  2.36065196e-01  8.88620706e-02  0.00000000e+00 -9.52385514e-05]","[ 0.          1.3562696  15.85780048 -2.96707463 -1.64984417  0.51622742
 -0.4048036   0.03008874]"
1747093076.4445753,"[ 0.          0.16991256  1.06360782 -2.36247422 -1.78813903  1.9310408
  0.66117768  1.53933574]","[ 0.00000000e+00  4.52170911e-04  1.20619626e-01  2.12588638e-04
  2.34207075e-01  8.68708167e-02  0.00000000e+00 -9.52385514e-05]","[ 0.          1.36448765 15.83296299 -2.90470004 -1.72593045  0.51069379
 -0.39571932  0.01935554]"
1747093076.4462967,"[ 0.          0.16991439  1.06384657 -2.36247289 -1.78765807  1.93120631
  0.66117768  1.53933574]","[ 0.00000000e+00  5.50223905e-04  1.20463473e-01  2.31105540e-04
  2.34719284e-01  8.37795858e-02  0.00000000e+00 -8.46556558e-05]","[ 0.          1.42787266 15.73445415 -2.87192059 -1.81561625  0.49025336
 -0.4090032   0.02416946]"
1747093076.44854,"[ 0.          0.16991485  1.06397473 -2.36247236 -1.7874285   1.93127382
  0.66117768  1.53933481]","[ 0.00000000e+00  5.69505556e-04  1.20619626e-01  2.37271870e-04
  2.32824029e-01  8.11082604e-02  0.00000000e+00 -9.52376087e-05]","[ 0.          1.4292053  15.73234558 -2.86261749 -1.89486039  0.48949006
 -0.41071472  0.02153996]"
1747093076.4496653,"[ 0.          0.16991624  1.06420383 -2.36247076 -1.78697523  1.9314432
  0.66117768  1.53933481]","[ 0.00000000e+00  6.30590123e-04  1.14521328e-01  2.58891117e-04
  2.28270939e-01  7.52441711e-02  0.00000000e+00 -9.52376087e-05]","[ 0.          1.43746865 15.64661694 -2.8185358  -1.95497203  0.49329737
 -0.39346352  0.02003213]"
1747093076.4513772,"[ 0.          0.16991807  1.06442288 -2.36246837 -1.78650971  1.93158395
  0.66117768  1.53933481]","[ 0.00000000e+00  6.77829308e-04  1.09929672e-01  2.94211324e-04
  2.27483558e-01  6.72059479e-02  0.00000000e+00 -9.52385514e-05]","[ 0.00000000e+00  1.45992339e+00  1.56126080e+01 -2.81443191e+00
 -1.97197855e+00  4.98764962e-01 -3.88734132e-01  1.05711455e-02]"
1747093076.4530778,"[ 0.          0.16991898  1.06453906 -2.36246703 -1.78628494  1.93165053
  0.66117768  1.53933481]","[ 0.00000000e+00  7.31841674e-04  1.09335047e-01  3.13353379e-04
  2.27962262e-01  6.74559521e-02  0.00000000e+00 -9.52376087e-05]","[ 0.00000000e+00  1.46379304e+00  1.55862265e+01 -2.79736066e+00
 -1.96945345e+00  4.98764962e-01 -3.90038908e-01  6.03437657e-03]"
1747093076.4548254,"[ 0.          0.16992083  1.06475717 -2.3624641  -1.78582155  1.93177996
  0.66117768  1.53933481]","[ 0.00000000e+00  7.93466220e-04  1.10739964e-01  3.81032228e-04
  2.26193157e-01  6.48233924e-02  0.00000000e+00 -8.46556558e-05]","[ 0.00000000e+00  1.50304866e+00  1.55320368e+01 -2.79930878e+00
 -2.01837444e+00  4.87881005e-01 -4.01723832e-01  1.37875341e-02]"
1747093076.4566345,"[ 0.          0.16992174  1.06487561 -2.36246277 -1.78559785  1.93184267
  0.66117768  1.53933481]","[ 0.00000000e+00  8.08204827e-04  1.11591967e-01  4.57900478e-04
  2.26881884e-01  6.37430062e-02  0.00000000e+00 -8.47204549e-05]","[ 0.          1.51556349 15.52552414 -2.77987838 -2.08397627  0.50264919
 -0.37856713  0.02244888]"
1747093076.457697,"[ 0.          0.16992449  1.06509326 -2.36246011 -1.78515043  1.93196824
  0.66117861  1.53933481]","[ 0.00000000e+00  8.87543751e-04  1.10199767e-01  7.40918528e-04
  2.25801489e-01  6.07719338e-02  2.11799045e-05 -8.46564929e-05]","[ 0.00000000e+00  1.54413772e+00  1.54911900e+01 -2.77027202e+00
 -2.11441875e+00  4.75896865e-01 -3.37921023e-01  8.98201857e-03]"
1747093076.4599545,"[ 0.          0.16992817  1.06530818 -2.36245771 -1.78469237  1.93208342
  0.66117954  1.53933387]","[ 0.00000000e+00  1.04287925e-03  1.08579183e-01  1.01695225e-03
  2.23183935e-01  5.88812517e-02  3.63514784e-05 -9.53095680e-05]","[ 0.00000000e+00  1.57308769e+00  1.54169044e+01 -2.80689120e+00
 -2.12680340e+00  4.76158023e-01 -3.20529968e-01 -4.70906543e-03]"
1747093076.4616947,"[ 0.          0.1699323   1.06552995 -2.36245558 -1.784262    1.9321994
  0.66117954  1.53933387]","[ 0.00000000e+00  1.18796139e-03  1.08579183e-01  1.14798602e-03
  2.17698572e-01  5.59101792e-02  3.56664263e-05 -9.52376087e-05]","[ 0.00000000e+00  1.60962963e+00  1.53490620e+01 -2.82732701e+00
 -2.10528469e+00  5.01053989e-01 -3.17617536e-01 -7.09419372e-03]"
1747093076.462813,"[ 0.          0.16993506  1.06563608 -2.36245398 -1.78404842  1.9322536
  0.66117954  1.53933387]","[ 0.00000000e+00  1.36630749e-03  1.07389874e-01  1.21726358e-03
  2.16398700e-01  5.50998833e-02  3.50060611e-05 -9.52385514e-05]","[ 0.00000000e+00  1.61912262e+00  1.53285265e+01 -2.81468034e+00
 -2.05788708e+00  4.83052433e-01 -3.22370946e-01  3.88711737e-03]"
1747093076.4645102,"[ 0.          0.16994149  1.06585326 -2.36245239 -1.78361059  1.932307
  0.66117954  1.53933387]","[ 0.00000000e+00  2.07456881e-03  1.06325824e-01  1.22462953e-03
  2.12836805e-01  5.40194971e-02  3.43690700e-05 -8.47828240e-05]","[ 0.00000000e+00  1.65020204e+00  1.53366852e+01 -2.82310557e+00
 -1.96955025e+00  4.67433512e-01 -3.23111951e-01 -1.12567162e-02]"
1747093076.4675002,"[ 0.          0.1699447   1.06595659 -2.36245079 -1.7834018   1.93236492
  0.66117954  1.53933387]","[ 0.00000000e+00  2.51710283e-03  1.04797819e-01  1.24513548e-03
  2.11756427e-01  5.46160952e-02  3.43697039e-05 -8.47836692e-05]","[ 0.00000000e+00  1.64901578e+00  1.53734331e+01 -2.81341076e+00
 -1.94205570e+00  4.55095738e-01 -3.22818309e-01  2.62171123e-03]"
1747093076.4678483,"[ 0.          0.1699525   1.06615859 -2.36244866 -1.78296771  1.9324781
  0.66117954  1.53933387]","[ 0.00000000e+00  3.51045801e-03  1.02366944e-01  1.21440900e-03
  2.11648586e-01  5.78008613e-02  3.37090704e-05 -8.47836692e-05]","[ 0.00000000e+00  1.66757512e+00  1.54499550e+01 -2.79983878e+00
 -1.89620221e+00  4.16661531e-01 -3.29358041e-01  5.34150610e-03]"
1747093076.4696586,"[ 0.          0.16996214  1.06636339 -2.36244626 -1.78255332  1.93259235
  0.66117954  1.53933387]","[ 0.00000000e+00  4.37235395e-03  9.83154852e-02  1.17020534e-03
  2.09595638e-01  5.56705988e-02  3.31633755e-05 -8.47836692e-05]","[ 0.00000000e+00  1.68450546e+00  1.55968237e+01 -2.81584477e+00
 -1.80268085e+00  3.93617928e-01 -3.34351569e-01 -6.58465736e-03]"
1747093076.4713926,"[ 0.          0.16997409  1.06655074 -2.36244413 -1.78212828  1.93269888
  0.66117954  1.53933281]","[ 0.00000000e+00  5.58012767e-03  9.45341127e-02  1.13858966e-03
  2.06894660e-01  5.28854690e-02  3.25490211e-05 -9.53816248e-05]","[ 0.00000000e+00  1.68937540e+00  1.57403202e+01 -2.83509374e+00
 -1.67812109e+00  3.99841934e-01 -3.69727492e-01 -2.28938647e-03]"
1747093076.473441,"[ 0.          0.16998143  1.06664302 -2.36244253 -1.78192481  1.93275308
  0.66117954  1.53933281]","[ 0.00000000e+00  6.31787791e-03  9.34537265e-02  1.17645869e-03
  2.06354471e-01  5.11567654e-02  3.19976107e-05 -9.53816248e-05]","[ 0.00000000e+00  1.66881430e+00  1.58844481e+01 -2.85175371e+00
 -1.64392912e+00  3.90911669e-01 -3.77322346e-01 -5.32437023e-03]"
1747093076.475228,"[ 0.          0.16999796  1.06682998 -2.36243987 -1.78152321  1.93284722
  0.66117954  1.53933281]","[ 0.00000000e+00  8.37302164e-03  9.12004509e-02  1.20795395e-03
  2.02367852e-01  4.64567646e-02  3.14651004e-05 -8.48478263e-05]","[ 0.          1.71749258 16.07765579 -2.85674262 -1.66264427  0.38186792
 -0.38881108 -0.01676456]"
1747093076.4763925,"[ 0.          0.17001817  1.06701227 -2.36243747 -1.78110829  1.93292911
  0.66117954  1.53933281]","[ 0.00000000e+00  1.02815069e-02  9.31836320e-02  1.17654257e-03
  2.02907508e-01  3.86183408e-02  3.14651004e-05 -8.47836692e-05]","[ 0.          1.72028148 16.17875671 -2.89120412 -1.69313812  0.38393122
 -0.38558036 -0.01899903]"
1747093076.4780903,"[ 0.          0.17002874  1.06710455 -2.36243587 -1.78090749  1.93296426
  0.66117954  1.53933281]","[ 0.00000000e+00  1.07929524e-02  9.34537265e-02  1.23347206e-03
  2.03653493e-01  3.56528652e-02  3.09495091e-05 -8.47836692e-05]","[ 0.00000000e+00  1.69554353e+00  1.62376308e+01 -2.89826679e+00
 -1.70064330e+00  3.99407029e-01 -3.71507376e-01 -1.23098260e-02]"
1747093076.4798985,"[ 0.          0.17005216  1.06730016 -2.36243295 -1.78049523  1.93302618
  0.66118047  1.53933281]","[ 0.00000000e+00  1.21543863e-02  9.64247990e-02  1.30627154e-03
  2.00614760e-01  2.99504423e-02  4.34475494e-05 -8.47836692e-05]","[ 0.          1.69397271 16.2661953  -2.94538283 -1.78228176  0.37988925
 -0.32344219 -0.01718163]"
1747093076.4810805,"[ 0.          0.17006454  1.06739796 -2.36243161 -1.78029869  1.93305561
  0.66118047  1.53933281]","[ 0.00000000e+00  1.24244839e-02  9.91257769e-02  1.30627154e-03
  1.99331932e-01  2.75845316e-02  4.34475494e-05 -8.47836692e-05]","[ 0.          1.7030834  16.26623344 -2.97585082 -1.80299449  0.38815275
 -0.30566522 -0.02180918]"
1747093076.4828339,"[ 0.          0.17009255  1.06760462 -2.36242842 -1.77991093  1.93310794
  0.66118147  1.53933281]","[ 0.00000000e+00  1.43006622e-02  1.01453754e-01  1.36889393e-03
  1.95550576e-01  2.59293582e-02  5.88599644e-05 -8.47836692e-05]","[ 0.          1.70319831 16.27920914 -3.01499009 -1.84028649  0.42488688
 -0.30435589 -0.02993451]"
1747093076.48455,"[ 0.          0.17012469  1.06781075 -2.36242575 -1.77951732  1.93315841
  0.6611824   1.53933281]","[ 0.00000000e+00  1.72862385e-02  1.04797819e-01  1.39097294e-03
  1.91229014e-01  2.50936146e-02  5.89297375e-05 -7.68351964e-05]","[ 0.          1.70785403 16.31123734 -3.05688047 -1.83936536  0.45379606
 -0.30154639 -0.02402859]"
1747093076.4862847,"[ 0.          0.17014445  1.06791548 -2.36242416 -1.77933356  1.93318397
  0.6611824   1.53933281]","[ 0.00000000e+00  1.85568669e-02  1.06148308e-01  1.40420422e-03
  1.86367264e-01  2.40964626e-02  5.80254550e-05 -7.68351964e-05]","[ 0.00000000e+00  1.72842252e+00  1.63547249e+01 -3.08867311e+00
 -1.81208301e+00  4.69692051e-01 -3.01864535e-01 -9.52441618e-03]"
1747093076.4880247,"[ 0.          0.17018715  1.06814045 -2.36242096 -1.77895805  1.93323165
  0.6611824   1.53933188]","[ 0.00000000e+00  2.26881871e-02  1.11707058e-01  1.45720971e-03
  1.82559443e-01  2.32283823e-02  5.70820069e-05 -8.48478263e-05]","[ 0.00000000e+00  1.67892706e+00  1.63756065e+01 -3.10712028e+00
 -1.78294706e+00  4.29468781e-01 -2.84815371e-01 -4.69502498e-04]"
1747093076.4898024,"[ 0.          0.17024134  1.06836043 -2.3624183  -1.77859746  1.93328011
  0.6611824   1.53933188]","[ 0.00000000e+00  2.75585803e-02  1.11820358e-01  1.44266583e-03
  1.83126081e-01  2.43087727e-02  5.62339817e-05 -8.47828240e-05]","[ 0.00000000e+00  1.59192121e+00  1.63648319e+01 -3.13908219e+00
 -1.71817005e+00  3.89899701e-01 -3.03797692e-01 -6.06316607e-03]"
1747093076.491477,"[ 0.          0.1702698   1.0684798  -2.36241697 -1.77841796  1.93330102
  0.6611824   1.53933188]","[ 0.00000000e+00  2.89004307e-02  1.12344269e-01  1.44279613e-03
  1.82045703e-01  2.10462568e-02  5.61687518e-05 -8.48478263e-05]","[ 0.00000000e+00  1.58085704e+00  1.63296528e+01 -3.13908219e+00
 -1.68595517e+00  3.83664966e-01 -3.06972206e-01 -1.39050698e-02]"
1747093076.4931545,"[ 0.          0.17032904  1.06869519 -2.36241377 -1.77802115  1.9333419
  0.6611824   1.53933188]","[ 0.00000000e+00  2.97107224e-02  1.08579183e-01  1.45263331e-03
  1.79884015e-01  1.95599403e-02  5.54091398e-05 -7.41857136e-05]","[ 0.00000000e+00  1.48066866e+00  1.62877407e+01 -3.16497612e+00
 -1.51676655e+00  3.67826104e-01 -3.15825701e-01 -1.48722529e-02]"
1747093076.494839,"[ 0.          0.17038737  1.0689151  -2.36241084 -1.77766695  1.93337719
  0.6611824   1.53933188]","[ 0.00000000e+00  2.80901368e-02  1.06726871e-01  1.45720971e-03
  1.79728270e-01  1.83666278e-02  5.46089398e-05 -7.42411095e-05]","[ 0.00000000e+00  1.42144012e+00  1.62350216e+01 -3.18504286e+00
 -1.35359681e+00  3.60863656e-01 -3.05781245e-01 -3.24440934e-03]"
1747093076.496562,"[ 0.          0.17043742  1.06912269 -2.36240738 -1.77730316  1.93341141
  0.66118334  1.53933188]","[ 0.00000000e+00  2.33214660e-02  1.05338016e-01  1.52540367e-03
  1.77724141e-01  1.60491814e-02  6.91361024e-05 -7.41857136e-05]","[ 0.00000000e+00  1.38094664e+00  1.61403427e+01 -3.20310545e+00
 -1.32307899e+00  3.47296834e-01 -3.15792978e-01 -6.43947301e-03]"
1747093076.4982839,"[ 0.          0.17045854  1.06922649 -2.36240498 -1.77713059  1.93342659
  0.66118334  1.53933188]","[ 0.00000000e+00  2.13377002e-02  1.05338016e-01  1.58707574e-03
  1.75023163e-01  1.53799571e-02  6.91351027e-05 -7.41857136e-05]","[ 0.00000000e+00  1.34962225e+00  1.60732517e+01 -3.20653725e+00
 -1.33273494e+00  3.41881007e-01 -3.13630462e-01  7.78051326e-03]"
1747093076.5000205,"[ 0.          0.17049664  1.06943355 -2.36239939 -1.77678971  1.93345522
  0.66118434  1.53933095]","[ 0.00000000e+00  1.86367264e-02  9.95649904e-02  1.88820098e-03
  1.72707628e-01  1.45852636e-02  8.33149076e-05 -8.48478263e-05]","[ 0.00000000e+00  1.34051645e+00  1.59813471e+01 -3.20774055e+00
 -1.31222117e+00  3.12624931e-01 -2.90453166e-01 -1.35284057e-02]"
1747093076.5011427,"[ 0.          0.1705141   1.06953089 -2.36239673 -1.77660701  1.93346947
  0.66118434  1.53933095]","[ 0.00000000e+00  1.78264326e-02  9.89560420e-02  2.03564999e-03
  1.72027157e-01  1.40440136e-02  8.21629084e-05 -8.47836692e-05]","[ 0.          1.36755013 15.9227953  -3.22443891 -1.33177781  0.31566605
 -0.27826247 -0.02598105]"
1747093076.50396,"[ 0.          0.17054854  1.06974307 -2.362389   -1.77626826  1.9334941
  0.66118527  1.53933095]","[ 0.00000000e+00  1.62058481e-02  9.52069104e-02  2.86848431e-03
  1.72147598e-01  1.24181870e-02  9.20922698e-05 -7.42425886e-05]","[ 0.          1.37918901 15.9142313  -3.23752356 -1.32474029  0.32765293
 -0.27801225 -0.0234658 ]"
1747093076.5047183,"[ 0.          0.17058297  1.06993269 -2.36237915 -1.77593057  1.93352073
  0.66118527  1.53933095]","[ 0.00000000e+00  1.78264326e-02  9.72350907e-02  4.04234564e-03
  1.71781996e-01  1.30037163e-02  9.07590557e-05 -7.41857136e-05]","[ 0.          1.43221593 15.92358494 -3.24381018 -1.34321046  0.34129727
 -0.27515048 -0.0201919 ]"
1747093076.506418,"[ 0.          0.17060272  1.07002863 -2.36237276 -1.77574894  1.93354363
  0.66118527  1.53933095]","[ 0.00000000e+00  1.85568669e-02  9.72350907e-02  5.03357992e-03
  1.71024094e-01  1.16141912e-02  8.95553504e-05 -7.41857136e-05]","[ 0.          1.46152306 15.96565247 -3.21461177 -1.33500743  0.34049708
 -0.26809326 -0.01909105]"
1747093076.5080855,"[ 0.          0.17064175  1.07022883 -2.36235571 -1.77541125  1.93355509
  0.66118527  1.53933095]","[ 0.00000000e+00  1.99872133e-02  9.82158663e-02  8.32237841e-03
  1.71068302e-01  1.16141912e-02  8.95565532e-05 -7.42418490e-05]","[ 0.          1.51529086 15.97196102 -3.22037244 -1.43001199  0.3166061
 -0.26541916 -0.01730082]"
1747093076.5098014,"[ 0.          0.17068399  1.07042491 -2.36233388 -1.77506185  1.93357413
  0.66118527  1.53933095]","[ 0.00000000e+00  2.02931377e-02  9.96659659e-02  1.21420713e-02
  1.70021014e-01  1.00033064e-02  8.83831467e-05 -7.41857136e-05]","[ 0.          1.52157116 16.02761078 -3.21446395 -1.49609697  0.33120036
 -0.24724512 -0.02069071]"
1747093076.5115542,"[ 0.          0.1707042   1.07052964 -2.36231923 -1.77489726  1.93358265
  0.6611862   1.53933095]","[ 0.00000000e+00  2.05274085e-02  9.85520072e-02  1.37922658e-02
  1.66920246e-01  9.12582394e-03  9.89891239e-05 -7.42418490e-05]","[ 0.00000000e+00  1.54360771e+00  1.60582180e+01 -3.21452260e+00
 -1.55872619e+00  3.33206683e-01 -2.60234892e-01 -3.14848381e-03]"
1747093076.5126739,"[ 0.          0.17074461  1.07072571 -2.36228381 -1.77457183  1.93359597
  0.6611862   1.53933095]","[ 0.00000000e+00  2.05274085e-02  9.91257769e-02  1.89068230e-02
  1.64219268e-01  7.19773276e-03  9.76129813e-05 -6.62372408e-05]","[ 0.00000000e+00  1.56080806e+00  1.61394024e+01 -3.20867062e+00
 -1.62109935e+00  3.63689333e-01 -2.77170420e-01 -8.73690192e-03]"
1747093076.5144675,"[ 0.          0.17076665  1.07082165 -2.36226117 -1.77439766  1.93360169
  0.66118713  1.53933095]","[ 0.00000000e+00  2.08137815e-02  9.72350907e-02  2.29582858e-02
  1.63848290e-01  6.31996059e-03  1.25627383e-04 -6.62379032e-05]","[ 0.00000000e+00  1.60499573e+00  1.61777096e+01 -3.19989848e+00
 -1.62004244e+00  3.59905392e-01 -2.89845645e-01 -4.30750335e-03]"
1747093076.5155885,"[ 0.          0.17080706  1.071015   -2.36220471 -1.77408021  1.93360928
  0.66118713  1.53933095]","[ 0.00000000e+00  2.10462568e-02  9.37874039e-02  2.94406258e-02
  1.60437895e-01  4.50162441e-03  1.23901570e-04 -6.62873661e-05]","[ 0.00000000e+00  1.63476086e+00  1.62181301e+01 -3.20263863e+00
 -1.60594237e+00  3.68050605e-01 -2.83794194e-01 -1.49395922e-02]"
1747093076.5173478,"[ 0.          0.17082863  1.07110681 -2.36217222 -1.77392468  1.93361208
  0.66118813  1.53933095]","[ 0.00000000e+00  2.18778954e-02  9.31836320e-02  3.29518914e-02
  1.57736934e-01  3.42218385e-03  1.34226700e-04 -6.62372408e-05]","[ 0.          1.64244604 16.26161575 -3.22348619 -1.63531518  0.35248902
 -0.28516015 -0.02597176]"
1747093076.5190408,"[ 0.          0.17087685  1.07128731 -2.36209685 -1.77375956  1.93361501
  0.66118813  1.53933001]","[ 0.00000000e+00  2.43087727e-02  9.12004509e-02  3.80837445e-02
  1.55476443e-01  1.93046267e-03  1.32155037e-04 -7.41857136e-05]","[ 0.          1.64785802 16.3626461  -3.23631787 -1.61166906  0.31994742
 -0.3001785  -0.03767777]"
1747093076.5202725,"[ 0.          0.17090349  1.07138558 -2.36205744 -1.77360723  1.93361594
  0.66118813  1.53933001]","[ 0.00000000e+00  2.70097486e-02  9.25335627e-02  3.99744266e-02
  1.54495751e-01  1.26045490e-03  1.32282953e-04 -7.42418490e-05]","[ 0.          1.64284325 16.37711716 -3.24526572 -1.66976154  0.31829283
 -0.29234526 -0.02673108]"
1747093076.521915,"[ 0.          0.1709664   1.07147879 -2.36197062 -1.7733031   1.93361594
  0.66118906  1.53933001]","[ 0.00000000e+00  3.40322817e-02  9.45341127e-02  4.56464729e-02
  1.54495751e-01  3.50993221e-04  1.44041564e-04 -7.41857136e-05]","[ 0.          1.66014314 16.42246437 -3.28681302 -1.67273021  0.30818176
 -0.26228094 -0.02943702]"
1747093076.5236669,"[ 0.          0.1710068   1.0715706  -2.36191922 -1.77313905  1.93361594
  0.66118906  1.53933001]","[ 0.00000000e+00  3.80809482e-02  9.31836320e-02  4.83983131e-02
  1.54473363e-01  0.00000000e+00  1.42277024e-04 -7.42425886e-05]","[ 0.          1.64204955 16.43614006 -3.31323552 -1.66830218  0.30640885
 -0.25515091 -0.01919244]"
1747093076.5248618,"[ 0.          0.17109084  1.07176115 -2.36181163 -1.77283704  1.93361687
  0.66118999  1.53933001]","[ 0.00000000e+00  4.42959881e-02  9.32858641e-02  5.64503723e-02
  1.53415373e-01  2.09573954e-04  1.50219385e-04 -6.62873661e-05]","[ 0.00000000e+00  1.59334481e+00  1.64409218e+01 -3.40048814e+00
 -1.70954037e+00  2.95354754e-01 -2.20215693e-01 -7.27237202e-03]"
1747093076.5265422,"[ 0.          0.17118773  1.07194484 -2.3616854  -1.77252599  1.93361687
  0.66119193  1.53933001]","[ 0.00000000e+00  4.83527814e-02  9.20099187e-02  6.31936502e-02
  1.51794789e-01  1.77751455e-04  1.74237851e-04 -6.62372408e-05]","[ 0.00000000e+00  1.46221077e+00  1.64036884e+01 -3.51056433e+00
 -1.74807072e+00  3.05953473e-01 -2.17876002e-01 -8.38284008e-03]"
1747093076.5282023,"[ 0.          0.17123823  1.07204265 -2.36162148 -1.77237685  1.93361687
  0.66119286  1.53933001]","[ 0.00000000e+00  5.13185192e-02  9.21187671e-02  6.47577163e-02
  1.51101335e-01  1.52616685e-04  1.81581342e-04 -6.62873661e-05]","[ 0.00000000e+00  1.40350020e+00  1.64065571e+01 -3.54849052e+00
 -1.78288770e+00  3.28058869e-01 -2.08135247e-01 -4.77820449e-03]"
1747093076.529998,"[ 0.          0.17134477  1.0722268  -2.36148433 -1.77207644  1.93361687
  0.66119379  1.53933001]","[ 0.00000000e+00  5.53699820e-02  9.39939238e-02  7.15758332e-02
  1.52334978e-01  1.50994244e-04  1.86733431e-04 -6.62372408e-05]","[ 0.00000000e+00  1.29359198e+00  1.64297161e+01 -3.67135859e+00
 -1.79269493e+00  3.36753428e-01 -1.72159061e-01 -5.94372116e-03]"
1747093076.5316715,"[ 0.          0.171466    1.07242148 -2.3613304  -1.77176592  1.93361687
  0.66119572  1.53933001]","[ 0.00000000e+00  5.99008845e-02  9.56145072e-02  7.64375836e-02
  1.51794789e-01  1.32479098e-04  2.09218043e-04 -6.62873661e-05]","[ 0.00000000e+00  1.13814974e+00  1.64919205e+01 -3.76729798e+00
 -1.78947198e+00  3.11804742e-01 -1.56826094e-01  2.67497171e-03]"
1747093076.5334954,"[ 0.          0.17152523  1.07251975 -2.3612553  -1.77161945  1.93361687
  0.66119572  1.53933001]","[ 0.00000000e+00  6.00225161e-02  9.96659659e-02  7.61674891e-02
  1.48553606e-01  1.17023450e-04  2.06861639e-04 -6.62379032e-05]","[ 0.00000000e+00  1.07932174e+00  1.64803581e+01 -3.78135180e+00
 -1.74962831e+00  2.90655702e-01 -1.50708482e-01 -1.12669989e-02]"
1747093076.5352516,"[ 0.          0.17165197  1.07273101 -2.36109497 -1.7713217   1.93361687
  0.66119765  1.53933001]","[ 0.00000000e+00  6.21905789e-02  1.03915996e-01  7.88155118e-02
  1.44378485e-01  0.00000000e+00  2.25615127e-04 -6.61878551e-05]","[ 0.          0.87453324 16.4963131  -3.89212036 -1.71950543  0.27869838
 -0.15313558 -0.02322033]"
1747093076.5364478,"[ 0.          0.17178376  1.0729404  -2.36093705 -1.77103834  1.93361687
  0.66119858  1.53933001]","[ 0.00000000e+00  6.86047607e-02  1.07228694e-01  7.99488533e-02
  1.43691855e-01  0.00000000e+00  2.31858390e-04 -5.82007654e-05]","[ 0.          0.69362789 16.41754913 -3.97805166 -1.63218069  0.26004183
 -0.12716487 -0.03325494]"
1747093076.5382292,"[ 0.          0.17185355  1.07304506 -2.36085342 -1.77088548  1.93361687
  0.66119858  1.53932908]","[ 0.00000000e+00  7.07655415e-02  1.06148308e-01  7.87412928e-02
  1.43941094e-01  0.00000000e+00  2.29334466e-04 -6.61372301e-05]","[ 0.          0.55649149 16.37424278 -4.03640652 -1.61585164  0.27246249
 -0.12495319 -0.02897309]"
1747093076.5399623,"[ 0.          0.17200187  1.07326044 -2.36069736 -1.77060265  1.93361687
  0.66119952  1.53932908]","[ 0.00000000e+00  7.29736182e-02  1.04973138e-01  7.94086560e-02
  1.43296992e-01  0.00000000e+00  2.38498982e-04 -6.61878551e-05]","[ 0.00000000e+00  3.56610328e-01  1.62834244e+01 -4.07381248e+00
 -1.49315608e+00  2.89786756e-01 -1.20815031e-01 -2.53566029e-03]"
1747093076.5411577,"[ 0.          0.17207488  1.07336424 -2.3606196  -1.7704631   1.93361687
  0.66120045  1.53932908]","[ 0.00000000e+00  7.40067084e-02  1.05338016e-01  7.87885556e-02
  1.41387672e-01  0.00000000e+00  2.49925640e-04 -6.61378843e-05]","[ 0.          0.28945026 16.22800255 -4.07125711 -1.44344401  0.2777279
 -0.11716441 -0.02155255]"
1747093076.5429547,"[ 0.          0.17222411  1.07357823 -2.36046274 -1.77017708  1.93361687
  0.66120145  1.53932908]","[ 0.00000000e+00  7.58973946e-02  1.04570452e-01  7.59828405e-02
  1.40430332e-01  0.00000000e+00  2.56098081e-04 -6.61372301e-05]","[ 0.          0.04584892 16.15019608 -4.12796068 -1.3576833   0.26100254
 -0.11418261 -0.01641795]"
1747093076.5446768,"[ 0.          0.17237841  1.07378529 -2.36031786 -1.76989958  1.93361687
  0.66120238  1.53932908]","[ 0.00000000e+00  7.53571974e-02  1.04257622e-01  7.23861249e-02
  1.41387672e-01  0.00000000e+00  2.61814580e-04 -6.61372301e-05]","[ 0.00000000e+00 -9.56367031e-02  1.60714378e+01 -4.12032366e+00
 -1.26332653e+00  2.47657210e-01 -1.27947018e-01 -6.02518395e-03]"
1747093076.5459332,"[ 0.          0.1724528   1.07388629 -2.36024942 -1.76976003  1.93361687
  0.66120331  1.53932908]","[ 0.00000000e+00  7.52808479e-02  1.02366944e-01  6.94150525e-02
  1.41674760e-01  0.00000000e+00  2.70260217e-04 -6.61378843e-05]","[ 0.00000000e+00 -1.88504621e-01  1.60474415e+01 -4.12322664e+00
 -1.23138392e+00  2.42812976e-01 -1.30678922e-01 -4.62066568e-03]"
1747093076.5476892,"[ 0.          0.17261352  1.07409481 -2.36012132 -1.76947347  1.93361687
  0.66120431  1.53932908]","[ 0.00000000e+00  7.87412928e-02  1.01561229e-01  5.96310647e-02
  1.40308376e-01  0.00000000e+00  2.78617039e-04 -5.82007654e-05]","[ 0.00000000e+00 -3.07776153e-01  1.59834051e+01 -4.08540964e+00
 -1.14746869e+00  2.42497995e-01 -1.22229733e-01 -1.13582453e-02]"
1747093076.5494254,"[ 0.          0.1726902   1.07419262 -2.36006779 -1.76933658  1.93361687
  0.66120524  1.53932908]","[ 0.00000000e+00  7.77880725e-02  9.91257769e-02  5.42895916e-02
  1.38830105e-01  0.00000000e+00  2.86574729e-04 -5.82007654e-05]","[ 0.00000000e+00 -3.47797930e-01  1.59654083e+01 -4.03844595e+00
 -1.12730002e+00  2.56557137e-01 -1.25845358e-01  2.22392660e-03]"
1747093076.5511909,"[ 0.          0.1728454   1.07438683 -2.35996846 -1.76905376  1.93361687
  0.66120711  1.53932908]","[ 0.00000000e+00  7.91385615e-02  9.91257769e-02  4.67268633e-02
  1.37421118e-01  0.00000000e+00  2.97046946e-04 -5.82007654e-05]","[ 0.00000000e+00 -4.26990509e-01  1.59687366e+01 -3.99561572e+00
 -1.08227861e+00  2.80479670e-01 -1.39523029e-01  7.00187264e-03]"
1747093076.5523787,"[ 0.          0.17300291  1.07458477 -2.35988909 -1.76878584  1.93361687
  0.66120711  1.53932908]","[ 0.00000000e+00  7.62336104e-02  9.55176264e-02  3.81224103e-02
  1.35991200e-01  0.00000000e+00  2.93882264e-04 -5.82447383e-05]","[ 0.00000000e+00 -4.68934864e-01  1.59862556e+01 -3.92583656e+00
 -1.04504657e+00  2.97730058e-01 -1.60937235e-01 -1.44815666e-03]"
1747093076.5541718,"[ 0.          0.17307546  1.07467844 -2.35985554 -1.76865109  1.93361687
  0.66120711  1.53932908]","[ 0.00000000e+00  7.34665111e-02  9.50743100e-02  3.39978000e-02
  1.36669324e-01  0.00000000e+00  2.94109439e-04 -5.82013384e-05]","[ 0.00000000e+00 -5.04127622e-01  1.59976864e+01 -3.89903736e+00
 -1.05432928e+00  2.90170789e-01 -1.74324185e-01  9.35988210e-04]"
1747093076.5558774,"[ 0.          0.17321413  1.07487312 -2.35979988 -1.76837305  1.93361687
  0.66120711  1.53932908]","[ 0.00000000e+00  6.88748552e-02  9.50743100e-02  2.53891630e-02
  1.36669324e-01  0.00000000e+00  2.91226548e-04 -5.82007654e-05]","[ 0.00000000e+00 -4.93416280e-01  1.60097218e+01 -3.79038286e+00
 -1.07496989e+00  3.03227633e-01 -1.75731927e-01 -3.91838420e-03]"
1747093076.5576785,"[ 0.          0.17328806  1.0749668  -2.35977831 -1.76823776  1.93361687
  0.66120711  1.53932908]","[ 0.00000000e+00  6.96480499e-02  9.50743100e-02  2.18778954e-02
  1.37209521e-01  0.00000000e+00  2.91003827e-04 -5.82007654e-05]","[ 0.         -0.46986106 15.99579716 -3.7084465  -1.1058588   0.3355546
 -0.1925569  -0.01685154]"
1747093076.5598729,"[ 0.          0.17342169  1.07515642 -2.35974129 -1.767956    1.93361687
  0.66120711  1.53932908]","[ 0.00000000e+00  6.75243704e-02  9.71365704e-02  1.72867461e-02
  1.38424189e-01  0.00000000e+00  2.83281212e-04 -5.82007654e-05]","[ 0.00000000e+00 -3.85726810e-01  1.60588608e+01 -3.55932760e+00
 -1.17740023e+00  3.51970255e-01 -1.88635603e-01 -8.71941354e-03]"
1747093076.5609117,"[ 0.          0.17355944  1.07535342 -2.3597104  -1.7676817   1.93361687
  0.66120711  1.53932908]","[ 0.00000000e+00  6.79582534e-02  9.58846017e-02  1.53799571e-02
  1.39910499e-01  0.00000000e+00  2.75341468e-04 -4.76188043e-05]","[ 0.00000000e+00 -2.70387888e-01  1.60815468e+01 -3.45847535e+00
 -1.24291182e+00  3.90653491e-01 -2.30862349e-01 -1.02914479e-02]"
1747093076.5626223,"[ 0.          0.17370087  1.0755495  -2.35968163 -1.76739141  1.93361687
  0.6612081   1.53932908]","[ 0.00000000e+00  7.21160221e-02  9.62950864e-02  1.40430336e-02
  1.41934951e-01  0.00000000e+00  2.83281212e-04 -4.76188043e-05]","[ 0.00000000e+00 -9.29554701e-02  1.61016617e+01 -3.33916044e+00
 -1.29585540e+00  3.78561974e-01 -2.39489481e-01  1.14015043e-02]"
1747093076.5643373,"[ 0.          0.17377251  1.07564364 -2.35966778 -1.76724973  1.93361687
  0.6612081   1.53932908]","[ 0.00000000e+00  7.25826079e-02  9.56145072e-02  1.40450684e-02
  1.43691855e-01  0.00000000e+00  2.83281212e-04 -4.76188043e-05]","[ 0.00000000e+00 -1.94794070e-02  1.61347752e+01 -3.28033423e+00
 -1.33592606e+00  3.64622563e-01 -2.55292386e-01  1.06846858e-02]"
1747093076.56608,"[ 0.          0.17392128  1.07583372 -2.35963849 -1.76697223  1.93361687
  0.6612081   1.53932908]","[ 0.00000000e+00  7.31964166e-02  9.67930642e-02  1.45445703e-02
  1.40052529e-01  0.00000000e+00  2.83070162e-04 -4.76192757e-05]","[ 0.00000000e+00  1.29176348e-01  1.61783752e+01 -3.19224286e+00
 -1.40636194e+00  3.88508946e-01 -2.60900438e-01  6.48363354e-03]"
1747093076.5672586,"[ 0.          0.1739943   1.07594025 -2.35962358 -1.76683321  1.93361687
  0.6612081   1.53932908]","[ 0.00000000e+00  7.40067084e-02  1.00213021e-01  1.51254588e-02
  1.40848032e-01  0.00000000e+00  2.83067334e-04 -4.76188043e-05]","[ 0.00000000e+00  2.12627813e-01  1.61460381e+01 -3.19462776e+00
 -1.46104515e+00  3.92500937e-01 -2.58961231e-01  1.36563380e-03]"
1747093076.569005,"[ 0.          0.17414216  1.07613912 -2.35959508 -1.76654772  1.93361687
  0.6612081   1.53932908]","[ 0.00000000e+00  7.50870946e-02  1.01016455e-01  1.45852636e-02
  1.39910499e-01  0.00000000e+00  2.83070162e-04 -4.76547840e-05]","[ 0.00000000e+00  3.50599289e-01  1.61341591e+01 -3.19221902e+00
 -1.50098562e+00  3.89031261e-01 -2.61434078e-01 -4.66791308e-03]"
1747093076.5702431,"[ 0.          0.17422022  1.07623966 -2.35958017 -1.76640977  1.93361687
  0.6612081   1.53932908]","[ 0.00000000e+00  7.34060407e-02  1.02096849e-01  1.40430336e-02
  1.39910499e-01  0.00000000e+00  2.83067334e-04 -4.76547840e-05]","[ 0.          0.41218325 16.1763649  -3.15840387 -1.49277449  0.38524166
 -0.26831397 -0.01776198]"
1747093076.5720375,"[ 0.          0.17437129  1.07644858 -2.35955194 -1.76612801  1.93361687
  0.66120904  1.53932908]","[ 0.00000000e+00  7.77092596e-02  1.02062761e-01  1.35185844e-02
  1.37291838e-01  0.00000000e+00  2.93871179e-04 -4.76188043e-05]","[ 0.          0.59836555 16.13248062 -3.16934252 -1.48806787  0.37790975
 -0.26356936 -0.017309  ]"
1747093076.5736916,"[ 0.          0.17445073  1.07665111 -2.35952637 -1.76585956  1.93361687
  0.66120904  1.53932908]","[ 0.00000000e+00  8.04890505e-02  1.03447330e-01  1.24244839e-02
  1.35588930e-01  0.00000000e+00  2.93649303e-04 -3.70368514e-05]","[ 0.00000000e+00  6.61071002e-01  1.60470772e+01 -3.16236854e+00
 -1.44084704e+00  3.63474935e-01 -2.73319751e-01 -1.31112337e-03]"
1747093076.574888,"[ 0.          0.17462292  1.07675258 -2.35951385 -1.76571309  1.93361687
  0.66120904  1.53932815]","[ 0.00000000e+00  8.56209037e-02  1.02907141e-01  1.17861180e-02
  1.37922649e-01  0.00000000e+00  2.93649303e-04 -4.76192757e-05]","[ 0.00000000e+00  7.97763705e-01  1.59889317e+01 -3.20054364e+00
 -1.42824042e+00  3.52151960e-01 -2.90087491e-01 -6.84718974e-03]"
1747093076.5766556,"[ 0.          0.17479926  1.07696384 -2.35949521 -1.76543612  1.93361687
  0.66120904  1.53932815]","[ 0.00000000e+00  9.07527485e-02  1.03447330e-01  8.64311923e-03
  1.42071272e-01  0.00000000e+00  2.93649303e-04 -4.76547840e-05]","[ 0.          0.90883368 15.94951153 -3.23776031 -1.41382778  0.32938251
 -0.27807602 -0.0174437 ]"
1747093076.5778284,"[ 0.          0.17489706  1.07706623 -2.35948776 -1.76529391  1.93361687
  0.66120997  1.53932815]","[ 0.00000000e+00  9.19454452e-02  1.03717433e-01  7.02151680e-03
  1.44085920e-01  0.00000000e+00  3.01585764e-04 -4.76188043e-05]","[ 0.          0.94116455 15.97075558 -3.21688533 -1.39693844  0.33747908
 -0.27316582 -0.02012509]"
1747093076.5796256,"[ 0.          0.17498844  1.07716677 -2.3594827  -1.76515116  1.93361687
  0.66120997  1.53932815]","[ 0.00000000e+00  9.26434348e-02  1.01993402e-01  5.12665220e-03
  1.44772250e-01  0.00000000e+00  3.01588754e-04 -4.76188043e-05]","[ 0.00000000e+00  1.00507462e+00  1.58877897e+01 -3.25115347e+00
 -1.40414989e+00  3.27642411e-01 -2.68537968e-01 -1.55918505e-02]"
1747093076.5807598,"[ 0.          0.17517763  1.07737157 -2.35947684 -1.76485129  1.93361594
  0.66121097  1.53932815]","[ 0.00000000e+00  9.72350907e-02  9.96659659e-02  2.16077981e-03
  1.46933022e-01 -1.89505006e-05  3.01588754e-04 -4.76547840e-05]","[ 0.00000000e+00  1.11588919e+00  1.58753242e+01 -3.29418349e+00
 -1.46124411e+00  3.34540457e-01 -2.53923237e-01 -3.29221552e-03]"
1747093076.582533,"[ 0.          0.17528141  1.07746844 -2.35947577 -1.76470588  1.93361594
  0.66121097  1.53932815]","[ 0.00000000e+00  9.77076936e-02  9.83154852e-02  1.08038990e-03
  1.47473228e-01 -1.85991178e-05  3.01585764e-04 -4.76188043e-05]","[ 0.00000000e+00  1.16329360e+00  1.59357986e+01 -3.28509831e+00
 -1.49745905e+00  3.40267807e-01 -2.43743941e-01 -9.67185106e-03]"
1747093076.5836425,"[ 0.          0.17547885  1.07766318 -2.3594771  -1.76440388  1.93361594
  0.6612119   1.53932815]","[ 0.00000000e+00  1.00206163e-01  9.42002438e-02 -6.50185813e-04
  1.46950316e-01 -1.82843487e-05  3.01813654e-04 -4.76188043e-05]","[ 0.00000000e+00  1.28752351e+00  1.59584093e+01 -3.31503534e+00
 -1.59543467e+00  3.28269124e-01 -2.49041498e-01 -1.57097541e-02]"
1747093076.5853424,"[ 0.          0.17557988  1.07775639 -2.35947843 -1.76425847  1.93361594
  0.66121283  1.53932815]","[ 0.00000000e+00  1.02366944e-01  9.45341127e-02 -8.77483036e-04
  1.47323808e-01 -1.82602146e-05  3.12170821e-04 -4.76188043e-05]","[ 0.          1.32558513 15.94536018 -3.33695054 -1.65115643  0.33579049
 -0.2490415  -0.02801796]"
1747093076.5870562,"[ 0.          0.17579157  1.07794281 -2.35947843 -1.76396765  1.93361594
  0.66121376  1.53932815]","[ 0.00000000e+00  1.03818142e-01  9.45341127e-02 -5.29850496e-04
  1.46392833e-01 -1.79570228e-05  3.12170821e-04 -4.76188043e-05]","[ 0.          1.41696239 16.05316925 -3.33737135 -1.76999331  0.34177575
 -0.23758261 -0.02838217]"
1747093076.5882401,"[ 0.          0.17589488  1.07804428 -2.35947764 -1.76381266  1.93361594
  0.66121476  1.53932815]","[ 0.00000000e+00  1.04797819e-01  9.55427850e-02 -1.27637725e-04
  1.45947236e-01 -1.79800576e-05  3.22749702e-04 -3.70368514e-05]","[ 0.00000000e+00  1.41446400e+00  1.61317120e+01 -3.32905197e+00
 -1.83086264e+00  3.51394027e-01 -2.40932196e-01 -1.49318026e-02]"
1747093076.5900424,"[ 0.          0.17610472  1.07823803 -2.3594763  -1.76353356  1.93361594
  0.66121569  1.53932815]","[ 0.00000000e+00  1.07120054e-01  9.88556741e-02  4.13053294e-04
  1.40990877e-01 -1.76634415e-05  3.30686162e-04 -3.70648338e-05]","[ 0.00000000e+00  1.45405996e+00  1.62183647e+01 -3.34678984e+00
 -1.90128613e+00  3.64620209e-01 -2.31389970e-01 -1.85410492e-04]"
1747093076.591139,"[ 0.          0.17621952  1.07833496 -2.3594763  -1.76338442  1.93361594
  0.66121569  1.53932815]","[ 0.00000000e+00  1.08081205e-01  9.82158663e-02  3.42528744e-04
  1.40298239e-01 -1.73790198e-05  3.30686162e-04 -3.70372172e-05]","[ 0.00000000e+00  1.48057497e+00  1.62336769e+01 -3.32545328e+00
 -1.94146895e+00  3.60309094e-01 -2.20085055e-01  4.10189526e-03]"
1747093076.5928233,"[ 0.          0.17643993  1.0785379  -2.35947684 -1.76310585  1.93361594
  0.66121663  1.53932815]","[ 0.00000000e+00  1.12246706e-01  9.98058484e-02  3.05233371e-04
  1.42071272e-01 -1.71038896e-05  3.38625972e-04 -3.70368514e-05]","[ 0.00000000e+00  1.50995195e+00  1.63098717e+01 -3.30013156e+00
 -2.00888681e+00  3.76997262e-01 -2.04817355e-01  1.28979841e-02]"
1747093076.5954885,"[ 0.          0.17667183  1.07873584 -2.35947684 -1.76281184  1.93361594
  0.66121762  1.53932815]","[ 0.00000000e+00  1.14493382e-01  1.00206163e-01  1.13245683e-04
  1.43941094e-01 -1.71038896e-05  3.52658704e-04 -3.70368514e-05]","[ 0.00000000e+00  1.51223505e+00  1.63626480e+01 -3.29403567e+00
 -2.06546760e+00  3.65905315e-01 -2.22506732e-01  1.02362260e-02]"
1747093076.600224,"[ 0.          0.17714938  1.07914357 -2.3594763  -1.76224352  1.93361501
  0.66122049  1.53932815]","[ 0.00000000e+00  1.24130388e-01  1.01556652e-01  0.00000000e+00
  1.44232044e-01 -2.89789016e-05  3.71603884e-04 -3.70368514e-05]","[ 0.00000000e+00  1.49024212e+00  1.64837322e+01 -3.25847602e+00
 -1.95185411e+00  3.69071394e-01 -2.32493877e-01  8.16329848e-03]"
1747093076.604553,"[ 0.          0.17781199  1.07966521 -2.3594763  -1.76150476  1.93361501
  0.66122049  1.53932815]","[ 0.00000000e+00  1.37479616e-01  1.04257622e-01  0.00000000e+00
  1.44772250e-01 -2.77045699e-05  3.79283911e-04 -2.64546283e-05]","[ 0.00000000e+00  1.38289928e+00  1.66400394e+01 -3.22735834e+00
 -1.74413788e+00  3.09230953e-01 -2.46468261e-01 -7.30020972e-03]"
1747093076.608054,"[ 0.          0.17839011  1.08007388 -2.3594763  -1.76093484  1.93361408
  0.66122142  1.53932815]","[ 0.00000000e+00  1.45704856e-01  1.00374458e-01  0.00000000e+00
  1.40931872e-01 -3.84089467e-05  3.75199606e-04 -2.64548924e-05]","[ 0.00000000e+00  1.22958016e+00  1.67928829e+01 -3.20298004e+00
 -1.54958308e+00  3.04633409e-01 -3.05571496e-01 -9.46294889e-03]"
1747093076.6110544,"[ 0.          0.17883599  1.08038846 -2.35947577 -1.76051619  1.93361408
  0.66122142  1.53932815]","[ 0.00000000e+00  1.46950316e-01  1.06688505e-01  2.93768803e-05
  1.42071272e-01 -3.78704140e-05  3.59983925e-04 -2.64751417e-05]","[ 0.          1.07739615 16.8351078  -3.24473405 -1.36274374  0.26153442
 -0.32637015 -0.02184498]"
1747093076.61395,"[ 0.          0.17927728  1.0807149  -2.35947577 -1.7600821   1.93361408
  0.66122142  1.53932815]","[ 0.00000000e+00  1.49482400e-01  1.12360547e-01  5.27907440e-05
  1.43691855e-01 -3.77480287e-05  3.56186125e-04 -2.64748795e-05]","[ 0.          0.9512372  16.75827789 -3.28604221 -1.29346561  0.24916512
 -0.32779768 -0.03590612]"
1747093076.6163845,"[ 0.          0.17958354  1.08094633 -2.3594763  -1.75978596  1.93361408
  0.66122235  1.53932815]","[ 0.00000000e+00  1.49093811e-01  1.12744991e-01  2.64951613e-05
  1.44442634e-01 -3.72673342e-05  3.57197847e-04 -2.64548924e-05]","[ 0.          0.85577714 16.67324257 -3.3468647  -1.22285914  0.24740107
 -0.30388737 -0.04337006]"
1747093076.6186583,"[ 0.          0.17991509  1.08117409 -2.3594763  -1.75949514  1.93361408
  0.66122328  1.53932815]","[ 0.00000000e+00  1.50461078e-01  1.16412014e-01  0.00000000e+00
  1.47473228e-01 -3.67216048e-05  3.56913618e-04 -2.64748795e-05]","[ 0.          0.79122663 16.52073669 -3.39049006 -1.23388231  0.25879019
 -0.27640498 -0.03719569]"
1747093076.6206288,"[ 0.          0.18021172  1.08141378 -2.3594763  -1.75919207  1.93361408
  0.66122328  1.53932815]","[ 0.00000000e+00  1.50444300e-01  1.17103537e-01  0.00000000e+00
  1.48454936e-01 -3.62285526e-05  3.53262955e-04 -1.85184257e-05]","[ 0.00000000e+00  7.38242984e-01  1.64260311e+01 -3.45411181e+00
 -1.25717890e+00  2.79897869e-01 -2.74312973e-01 -9.51003563e-03]"
1747093076.6227078,"[ 0.          0.18066953  1.08177058 -2.35947684 -1.75875425  1.93361408
  0.66122428  1.53932815]","[ 0.00000000e+00  1.51101335e-01  1.16858102e-01 -2.03512243e-05
  1.49634000e-01 -3.52470443e-05  3.48090369e-04 -1.85186086e-05]","[ 0.00000000e+00  7.17062175e-01  1.64181080e+01 -3.54138732e+00
 -1.26151967e+00  2.75915742e-01 -2.54226297e-01 -1.09835062e-02]"
1747093076.624992,"[ 0.          0.18081832  1.08188629 -2.35947684 -1.75859499  1.93361408
  0.66122521  1.53932815]","[ 0.00000000e+00  1.50984489e-01  1.17222306e-01 -1.96123512e-05
  1.49959538e-01 -3.52825363e-05  3.57010235e-04 -1.85182388e-05]","[ 0.00000000e+00  6.59004331e-01  1.64552040e+01 -3.54709196e+00
 -1.25977314e+00  2.82796144e-01 -2.56803125e-01 -4.00775997e-03]"
1747093076.626842,"[ 0.          0.18126418  1.08222245 -2.35947684 -1.75814864  1.93361408
  0.66122615  1.53932815]","[ 0.00000000e+00  1.44944174e-01  1.11280161e-01 -1.89245765e-05
  1.50561696e-01 -3.43500723e-05  3.38074419e-04 -1.85184257e-05]","[ 0.00000000e+00  6.49605215e-01  1.65414734e+01 -3.59390068e+00
 -1.32903445e+00  3.03457648e-01 -2.65460223e-01  2.94719031e-03]"
1747093076.627967,"[ 0.          0.18140608  1.08233956 -2.35947684 -1.75798992  1.93361408
  0.66122715  1.53932815]","[ 0.00000000e+00  1.43961950e-01  1.10234321e-01 -1.89245765e-05
  1.49457999e-01 -3.43500723e-05  3.38074419e-04 -1.85184257e-05]","[ 0.00000000e+00  6.47980094e-01  1.65998878e+01 -3.61818647e+00
 -1.32555902e+00  3.12385529e-01 -2.68948764e-01 -1.16514275e-02]"
1747093076.6296113,"[ 0.          0.18169124  1.08255168 -2.3594771  -1.75769218  1.93361408
  0.66122808  1.53932815]","[ 0.00000000e+00  1.43961950e-01  1.06958600e-01 -2.74260526e-05
  1.51254584e-01 -3.38859067e-05  3.45170092e-04 -1.85324169e-05]","[ 0.00000000e+00  6.34880602e-01  1.67238560e+01 -3.66012359e+00
 -1.33024645e+00  2.97828585e-01 -2.72239625e-01 -2.74142623e-03]"
1747093076.630817,"[ 0.          0.18184413  1.08265774 -2.3594771  -1.75754251  1.93361408
  0.66122808  1.53932815]","[ 0.00000000e+00  1.43941094e-01  1.07498797e-01 -2.64622538e-05
  1.51794789e-01 -3.38854739e-05  3.41780771e-04 -1.85184257e-05]","[ 0.00000000e+00  6.35664344e-01  1.67577343e+01 -3.67239571e+00
 -1.39065540e+00  3.11432481e-01 -2.71994948e-01 -9.65468027e-03]"
1747093076.632489,"[ 0.          0.18212195  1.08287679 -2.3594771  -1.75723039  1.93361408
  0.66122901  1.53932815]","[ 0.00000000e+00  1.40180594e-01  1.06580406e-01 -8.84271703e-06
  1.51965681e-01 -3.34980384e-05  3.31436834e-04 -1.85184257e-05]","[ 0.00000000e+00  7.06328988e-01  1.68305511e+01 -3.68642569e+00
 -1.45791686e+00  3.20130765e-01 -2.67154157e-01 -8.64383020e-03]"
1747093076.6342661,"[ 0.          0.18226109  1.08298285 -2.3594771  -1.75708018  1.93361408
  0.66122901  1.53932815]","[ 0.00000000e+00  1.40990877e-01  1.07498797e-01 -8.56239348e-06
  1.52334978e-01 -3.34660472e-05  3.31186220e-04 -1.85324169e-05]","[ 0.00000000e+00  7.19502151e-01  1.68857841e+01 -3.72478938e+00
 -1.46567476e+00  3.35197598e-01 -2.53363788e-01 -1.94504845e-03]"
1747093076.6359375,"[ 0.          0.18241309  1.08320742 -2.3594771  -1.75678244  1.93361408
  0.66123094  1.53932815]","[ 0.00000000e+00  1.43054095e-01  1.09389475e-01 -2.48398309e-05
  1.51254584e-01 -3.30564647e-05  3.31189504e-04 -1.85462435e-05]","[ 0.00000000e+00  7.33409286e-01  1.69565659e+01 -3.78116751e+00
 -1.50204313e+00  3.37051332e-01 -2.24747106e-01  1.24450866e-03]"
1747093076.637008,"[ 0.          0.18255588  1.08331667 -2.35947764 -1.75662319  1.93361408
  0.66123187  1.53932815]","[ 0.00000000e+00  1.44772250e-01  1.10739964e-01 -4.13984320e-05
  1.49959538e-01 -3.30564647e-05  3.31440118e-04 -1.85184257e-05]","[ 0.00000000e+00  7.73982763e-01  1.69361496e+01 -3.79324222e+00
 -1.51496446e+00  3.54719549e-01 -2.13910818e-01 -4.12919838e-03]"
1747093076.6387186,"[ 0.          0.18284518  1.0835495  -2.35947817 -1.75632811  1.93361408
  0.66123474  1.53932815]","[ 0.00000000e+00  1.46662928e-01  1.14099650e-01 -5.46081393e-05
  1.49634000e-01 -3.26563871e-05  3.49736119e-04 -1.05979587e-05]","[ 0.00000000e+00  8.26938152e-01  1.69193554e+01 -3.81798077e+00
 -1.51099777e+00  3.53803396e-01 -2.24882528e-01  3.40136490e-03]"
1747093076.640381,"[ 0.          0.18300176  1.08366202 -2.35947817 -1.7561795   1.93361408
  0.66123567  1.53932815]","[ 0.00000000e+00  1.47451856e-01  1.13865650e-01 -7.00565542e-05
  1.50561696e-01 -3.22662674e-05  3.53467210e-04 -1.05979587e-05]","[ 0.00000000e+00  8.22839558e-01  1.69878159e+01 -3.82041073e+00
 -1.45632684e+00  3.61607134e-01 -2.30072320e-01  1.13992393e-02]"
1747093076.6421123,"[ 0.          0.18329656  1.08389525 -2.35947817 -1.7558743   1.93361408
  0.6612366   1.53932815]","[ 0.00000000e+00  1.48942743e-01  1.19112984e-01 -6.82414630e-05
  1.48553606e-01 -3.22365865e-05  3.49693402e-04 -1.06059783e-05]","[ 0.00000000e+00  8.77811015e-01  1.69898663e+01 -3.84732628e+00
 -1.35662353e+00  3.40874881e-01 -2.38157466e-01 -6.37385109e-03]"
1747093076.6431653,"[ 0.          0.18344488  1.08402201 -2.35947817 -1.75572996  1.93361408
  0.6612376   1.53932815]","[ 0.00000000e+00  1.50444300e-01  1.19365785e-01 -6.62368019e-05
  1.46392833e-01 -3.18563741e-05  3.52425385e-04 -1.05979587e-05]","[ 0.00000000e+00  8.80326986e-01  1.69898663e+01 -3.86061358e+00
 -1.35565221e+00  3.28920066e-01 -2.23775506e-01 -2.08927202e-03]"
1747093076.6448739,"[ 0.          0.18374886  1.0842599  -2.35947817 -1.75544341  1.93361301
  0.66123946  1.53932815]","[ 0.00000000e+00  1.47743322e-01  1.20193379e-01 -5.15175135e-05
  1.45312439e-01 -4.40790384e-05  3.60617596e-04 -1.05979587e-05]","[ 0.00000000e+00  9.07773376e-01  1.70595570e+01 -3.84512448e+00
 -1.20858300e+00  3.05566847e-01 -2.28737950e-01  3.45942401e-03]"
1747093076.646532,"[ 0.          0.18389442  1.08437788 -2.35947817 -1.75528841  1.93361301
  0.66123946  1.53932815]","[ 0.00000000e+00  1.47743322e-01  1.19653181e-01 -5.15175135e-05
  1.45947236e-01 -4.40790384e-05  3.44983358e-04 -1.06059783e-05]","[ 0.00000000e+00  9.02958632e-01  1.71454983e+01 -3.84998178e+00
 -1.09094012e+00  2.76284039e-01 -2.46960014e-01 -1.77196681e-03]"
1747093076.648183,"[ 0.          0.18418326  1.08462262 -2.35947843 -1.75499386  1.93361208
  0.66123946  1.53932815]","[ 0.00000000e+00  1.45974684e-01  1.20118094e-01 -5.57234111e-05
  1.49634000e-01 -5.60200300e-05  3.36707241e-04 -1.05980643e-05]","[ 0.00000000e+00  9.18681145e-01  1.72791710e+01 -3.83555484e+00
 -9.48978126e-01  2.66708195e-01 -2.88192004e-01 -4.01097612e-04]"
1747093076.6493442,"[ 0.          0.18433709  1.08486004 -2.35947843 -1.75469399  1.93361208
  0.66123946  1.53932815]","[ 0.00000000e+00  1.44944174e-01  1.21543868e-01 -6.80332410e-05
  1.52334978e-01 -5.53326657e-05  3.33298089e-04 -1.06059783e-05]","[ 0.00000000e+00  9.21076000e-01  1.73968658e+01 -3.81124353e+00
 -8.76728952e-01  2.63257205e-01 -3.13176483e-01  4.70702210e-03]"
1747093076.6512048,"[ 0.          0.1846181   1.08499087 -2.35947843 -1.7545326   1.93361208
  0.66123946  1.53932815]","[ 0.00000000e+00  1.42611461e-01  1.23127317e-01 -6.80332410e-05
  1.51965681e-01 -5.53333037e-05  3.33298089e-04 -1.05979587e-05]","[ 0.00000000e+00  9.07916903e-01  1.74380779e+01 -3.79534936e+00
 -8.81222248e-01  2.55943716e-01 -3.15910906e-01  1.92533096e-03]"
1747093076.6522996,"[ 0.          0.18490877  1.08523335 -2.35947843 -1.75422687  1.93361208
  0.66124046  1.53932815]","[ 0.00000000e+00  1.43421761e-01  1.22769837e-01 -6.62379032e-05
  1.55958159e-01 -5.47099950e-05  3.34722744e-04 -1.05979587e-05]","[ 0.00000000e+00  9.18948054e-01  1.74622631e+01 -3.76920795e+00
 -9.29091394e-01  2.46835127e-01 -3.13782305e-01 -7.01764133e-03]"
1747093076.653989,"[ 0.          0.18505205  1.08535685 -2.35947843 -1.75405803  1.93361208
  0.66124046  1.53932815]","[ 0.00000000e+00  1.45312439e-01  1.25325232e-01 -6.46523845e-05
  1.58987205e-01 -5.41011894e-05  3.34467123e-04 -1.06059783e-05]","[ 0.00000000e+00  9.15361166e-01  1.74433651e+01 -3.75559497e+00
 -9.69614148e-01  2.66397208e-01 -2.87144691e-01  3.56400036e-03]"
1747093076.6557224,"[ 0.          0.18533765  1.08561771 -2.35947897 -1.75374165  1.93361208
  0.66124046  1.53932815]","[ 0.00000000e+00  1.45852644e-01  1.27891911e-01 -7.57692005e-05
  1.60978101e-01 -5.35057817e-05  3.31182904e-04 -1.05979587e-05]","[ 0.00000000e+00  9.27736282e-01  1.74355068e+01 -3.75304008e+00
 -1.08038652e+00  2.92636305e-01 -2.77983874e-01  1.52418409e-02]"
1747093076.6568143,"[ 0.          0.18549148  1.08574807 -2.35947897 -1.75358452  1.93361208
  0.66124139  1.53932815]","[ 0.00000000e+00  1.44944174e-01  1.32347763e-01 -7.40383978e-05
  1.59357518e-01 -5.34604313e-05  3.42042796e-04 -1.05979587e-05]","[ 0.00000000e+00  9.41322267e-01  1.74324207e+01 -3.76568222e+00
 -1.17190814e+00  3.04992467e-01 -2.61620939e-01 -1.09716523e-02]"
1747093076.6597083,"[ 0.          0.18577756  1.08601532 -2.35947897 -1.75325855  1.93361208
  0.66124233  1.53932815]","[ 0.00000000e+00  1.45312439e-01  1.36939419e-01 -6.16972330e-05
  1.58978550e-01 -5.28789660e-05  3.49732641e-04 -1.05979587e-05]","[ 0.          0.96570832 17.33603668 -3.75435495 -1.29244947  0.3518796
 -0.25581539  0.02604888]"
1747093076.6608222,"[ 0.          0.18607833  1.08630374 -2.35947897 -1.75295175  1.93361208
  0.66124326  1.53932815]","[ 0.00000000e+00  1.47953396e-01  1.42071272e-01 -6.02157318e-05
  1.54495751e-01 -5.23100169e-05  3.57010235e-04 -1.05979587e-05]","[ 0.          0.87049258 17.29483032 -3.78210545 -1.40657008  0.34500867
 -0.23386504  0.02495416]"
1747093076.663088,"[ 0.          0.18636533  1.08658704 -2.3594795  -1.7526359   1.93361208
  0.66124519  1.53932815]","[ 0.00000000e+00  1.44502155e-01  1.43421761e-01 -6.90594130e-05
  1.53955562e-01 -5.17526207e-05  3.96083217e-04 -1.06059783e-05]","[ 0.          0.81663227 17.20748711 -3.77607393 -1.45770979  0.3521885
 -0.22193372  0.03069452]"
1747093076.664288,"[ 0.          0.18650721  1.0867395  -2.3594795  -1.75248463  1.93361208
  0.66124612  1.53932815]","[ 0.00000000e+00  1.43961950e-01  1.43439554e-01 -6.90609084e-05
  1.53259927e-01 -5.17526207e-05  4.18499316e-04 -1.05979587e-05]","[ 0.00000000e+00  7.89365530e-01  1.71595459e+01 -3.76876616e+00
 -1.44879282e+00  3.38980347e-01 -2.21530646e-01  1.49908056e-02]"
1747093076.666034,"[ 0.          0.18679697  1.08702233 -2.3594795  -1.75218476  1.93361115
  0.66124805  1.53932815]","[ 0.00000000e+00  1.41531083e-01  1.42881572e-01 -6.77290109e-05
  1.52334978e-01 -6.18849132e-05  4.27229165e-04 -1.06059783e-05]","[ 0.00000000e+00  7.07246304e-01  1.71997814e+01 -3.76339221e+00
 -1.40915906e+00  3.20755422e-01 -2.34383926e-01  7.26442738e-03]"
1747093076.6677923,"[ 0.          0.18693748  1.08716561 -2.3594795  -1.75202284  1.93361115
  0.66124898  1.53932815]","[ 0.00000000e+00  1.42466968e-01  1.45312439e-01 -6.63426847e-05
  1.52467221e-01 -6.18855675e-05  4.37164720e-04 -1.05980643e-05]","[ 0.00000000e+00  7.10629463e-01  1.72107792e+01 -3.76241040e+00
 -1.37417150e+00  2.95845479e-01 -2.43122637e-01  1.08877355e-02]"
1747093076.6689563,"[ 0.          0.18722815  1.08746275 -2.3594795  -1.75171658  1.93361115
  0.66124992  1.53932815]","[ 0.00000000e+00  1.42185721e-01  1.44772250e-01 -6.62368019e-05
  1.56656540e-01 -6.12476946e-05  4.29590835e-04 -1.05979587e-05]","[ 0.          0.65016574 17.17952919 -3.75191665 -1.2585696   0.30335048
 -0.23777303  0.02119671]"
1747093076.6706862,"[ 0.          0.18750641  1.08774651 -2.3594795  -1.75139487  1.93361115
  0.66125091  1.53932815]","[ 0.00000000e+00  1.40990877e-01  1.43276452e-01 -6.49102929e-05
  1.57577111e-01 -6.06222036e-05  4.32532764e-04 -1.05979587e-05]","[ 0.00000000e+00  5.46169102e-01  1.71480675e+01 -3.73793507e+00
 -1.20442057e+00  2.89824575e-01 -2.60307282e-01  5.12256287e-03]"
1747093076.6724281,"[ 0.          0.18764738  1.08789804 -2.35948003 -1.7512404   1.93361115
  0.66125091  1.53932815]","[ 0.00000000e+00  1.42881572e-01  1.42687261e-01 -6.49102929e-05
  1.56656540e-01 -6.00099805e-05  4.27229165e-04 -1.05978530e-05]","[ 0.00000000e+00  4.90744084e-01  1.70697823e+01 -3.72477341e+00
 -1.16624904e+00  2.86281705e-01 -2.51617730e-01  1.25197656e-02]"
1747093076.674245,"[ 0.          0.18793943  1.08818001 -2.35948003 -1.75093041  1.93361021
  0.66125185  1.53932815]","[ 0.00000000e+00  1.42687261e-01  1.43421761e-01 -6.36358718e-05
  1.57037455e-01 -6.74593748e-05  4.31863950e-04 -1.06059783e-05]","[ 0.          0.43067124 16.96507072 -3.76845503 -1.10561872  0.25079483
 -0.23405546  0.03652231]"
1747093076.6753674,"[ 0.          0.18821769  1.08847841 -2.3594803  -1.75060817  1.93361021
  0.66125278  1.53932815]","[ 0.00000000e+00  1.40720783e-01  1.46448776e-01 -6.75111987e-05
  1.57577111e-01 -6.67914226e-05  4.19527584e-04  0.00000000e+00]","[ 0.          0.35591173 16.86857033 -3.82274437 -1.09482574  0.23556702
 -0.21777678  0.04451179]"
1747093076.677094,"[ 0.          0.18835683  1.08862309 -2.3594803  -1.75045317  1.93361021
  0.66125378  1.53932815]","[ 0.00000000e+00  1.40990877e-01  1.46662928e-01 -6.62376513e-05
  1.57196729e-01 -6.67914226e-05  4.32532764e-04  0.00000000e+00]","[ 0.          0.37100577 16.86729813 -3.82942271 -1.0796994   0.22879376
 -0.22949859  0.03601044]"
1747093076.678751,"[ 0.          0.1886429   1.08892389 -2.35948083 -1.75013466  1.93360928
  0.66125564  1.53932815]","[ 0.00000000e+00  1.39370294e-01  1.46060487e-01 -7.50129938e-05
  1.55418519e-01 -7.40737029e-05  4.42591658e-04  0.00000000e+00]","[ 0.          0.36675054 16.78908157 -3.8901999  -1.04014826  0.20836791
 -0.23216876  0.02663938]"
1747093076.6805108,"[ 0.          0.18891751  1.08923428 -2.35948136 -1.74980656  1.93360928
  0.66125657  1.53932815]","[ 0.00000000e+00  1.31904213e-01  1.46029212e-01 -8.34692861e-05
  1.54922023e-01 -7.40737029e-05  4.68072603e-04  0.00000000e+00]","[ 0.          0.33968803 16.75926018 -3.92609811 -0.99354142  0.19907708
 -0.22064222  0.02395584]"
1747093076.6822197,"[ 0.          0.18904562  1.08938029 -2.35948136 -1.74964038  1.93360835
  0.66125757  1.53932815]","[ 0.00000000e+00  1.29916888e-01  1.48013417e-01 -8.19775485e-05
  1.56479523e-01 -7.40178194e-05  4.86690088e-04  0.00000000e+00]","[ 0.00000000e+00  3.22315067e-01  1.67446880e+01 -3.94695401e+00
 -9.73575652e-01  1.80640325e-01 -2.17117429e-01  1.59523413e-02]"
1747093076.6833696,"[ 0.          0.18929449  1.08968609 -2.3594819  -1.74932559  1.93360835
  0.6612585   1.53932815]","[ 0.00000000e+00  1.25325232e-01  1.49093811e-01 -8.98933414e-05
  1.59357518e-01 -7.40737029e-05  5.29897016e-04  0.00000000e+00]","[ 0.00000000e+00  3.46976608e-01  1.67945557e+01 -3.97736216e+00
 -9.54615235e-01  1.83921725e-01 -2.27080822e-01  1.28547158e-02]"
1747093076.6861012,"[ 0.          0.18941757  1.08983443 -2.3594819  -1.74916687  1.93360835
  0.6612585   1.53932815]","[ 0.00000000e+00  1.24785034e-01  1.50444300e-01 -8.98933414e-05
  1.60814999e-01 -7.40737029e-05  5.38210032e-04  0.00000000e+00]","[ 0.          0.38862595 16.84563065 -3.98979592 -0.94106162  0.186612
 -0.23430152  0.018799  ]"
1747093076.6877725,"[ 0.          0.18979042  1.09029456 -2.35948216 -1.74867631  1.93360742
  0.66126044  1.53932815]","[ 0.00000000e+00  1.21003670e-01  1.52875167e-01 -8.83442655e-05
  1.62058479e-01 -8.46556558e-05  5.55623243e-04  0.00000000e+00]","[ 0.00000000e+00  4.24342543e-01  1.69705524e+01 -4.00839472e+00
 -9.82922375e-01  1.67586491e-01 -2.28971571e-01  1.55705092e-02]"
1747093076.6918576,"[ 0.          0.18990797  1.09044469 -2.35948216 -1.74851706  1.93360742
  0.66126137  1.53932815]","[ 0.00000000e+00  1.19112984e-01  1.52334978e-01 -8.68491714e-05
  1.61518290e-01 -8.46556558e-05  5.63063190e-04  0.00000000e+00]","[ 0.00000000e+00  4.71056253e-01  1.70566273e+01 -3.99927950e+00
 -1.00390434e+00  1.65479526e-01 -2.17718765e-01 -3.89562105e-03]"
1747093076.693038,"[ 0.          0.19037865  1.09107426 -2.3594827  -1.74787204  1.93360742
  0.66126137  1.53932815]","[ 0.00000000e+00  1.17222306e-01  1.58817312e-01 -9.27330685e-05
  1.58277123e-01 -8.45926284e-05  5.28757533e-04  0.00000000e+00]","[ 0.00000000e+00  5.96895933e-01  1.72531853e+01 -3.96956158e+00
 -1.07194495e+00  1.60567835e-01 -2.35069841e-01  7.04320427e-03]"
1747093076.6942723,"[ 0.          0.19062293  1.09138971 -2.3594827  -1.74755512  1.93360635
  0.6612623   1.53932815]","[ 0.00000000e+00  1.19867324e-01  1.60978101e-01 -9.12398518e-05
  1.53955562e-01 -9.52385514e-05  5.41759787e-04  0.00000000e+00]","[ 0.00000000e+00  6.74737632e-01  1.73238659e+01 -3.96246815e+00
 -1.08278513e+00  1.52457595e-01 -2.37971753e-01  2.98698666e-03]"
1747093076.6959653,"[ 0.          0.19074049  1.09156095 -2.35948323 -1.74740279  1.93360635
  0.6612623   1.53932815]","[ 0.00000000e+00  1.19112984e-01  1.61092434e-01 -9.82274963e-05
  1.54495751e-01 -9.52376087e-05  5.33203796e-04  0.00000000e+00]","[ 0.00000000e+00  7.17459023e-01  1.73152161e+01 -3.96886373e+00
 -1.09087813e+00  1.64226726e-01 -2.42630601e-01  6.29897276e-03]"
1747093076.697747,"[ 0.          0.19097696  1.09188473 -2.35948323 -1.74708481  1.93360635
  0.6612623   1.53932815]","[ 0.00000000e+00  1.21126517e-01  1.64489362e-01 -9.68146669e-05
  1.56479523e-01 -8.46556558e-05  5.03336341e-04  0.00000000e+00]","[ 0.          0.80739188 17.37676811 -3.95328188 -1.06118882  0.14236099
 -0.25972578  0.03348564]"
1747093076.6995485,"[ 0.          0.19110463  1.09204818 -2.35948323 -1.74708481  1.93360635
  0.6612623   1.53932815]","[ 0.00000000e+00  1.20005093e-01  1.65839851e-01 -9.52163882e-05
  1.56479523e-01 -8.46564929e-05  4.85682886e-04  0.00000000e+00]","[ 0.          0.84892863 17.43426514 -3.93865752 -1.06118882  0.14580768
 -0.25613794  0.03181062]"
1747093076.7007394,"[ 0.          0.19134431  1.09222362 -2.35948323 -1.74677801  1.93360635
  0.6612623   1.53932815]","[ 0.00000000e+00  1.22354159e-01  1.65256419e-01 -9.37775839e-05
  1.55576145e-01 -8.45917913e-05  4.43618464e-04  0.00000000e+00]","[ 0.          0.93702531 17.38361359 -3.93980026 -1.07863152  0.12991294
 -0.2726272   0.03215132]"
1747093076.7024765,"[ 0.          0.19146371  1.0923866  -2.35948323 -1.74661503  1.93360542
  0.66126323  1.53932815]","[ 0.00000000e+00  1.21003670e-01  1.65299662e-01 -8.56230104e-05
  1.53470300e-01 -9.51657631e-05  4.43079103e-04  0.00000000e+00]","[ 0.          0.96718884 17.42739296 -3.95272684 -1.08663023  0.14988536
 -0.25701186  0.02190447]"
1747093076.703633,"[ 0.          0.19171304  1.09271537 -2.35948349 -1.74631089  1.93360542
  0.66126323  1.53932815]","[ 0.00000000e+00  1.21960361e-01  1.66380040e-01 -8.14521984e-05
  1.53955562e-01 -9.52376087e-05  4.26556223e-04  0.00000000e+00]","[ 0.          1.02358174 17.4366436  -3.88729954 -1.07681394  0.1363847
 -0.27636999  0.03184317]"
1747093076.7053638,"[ 0.          0.1918329   1.09289353 -2.35948349 -1.74615856  1.93360542
  0.66126323  1.53932815]","[ 0.00000000e+00  1.21543868e-01  1.67606276e-01 -8.02422839e-05
  1.54339223e-01 -9.51667059e-05  4.19924490e-04  0.00000000e+00]","[ 0.          1.06695962 17.39561081 -3.85750079 -1.04768944  0.13852142
 -0.28185812  0.02848007]"
1747093076.7071266,"[ 0.          0.19208316  1.09322556 -2.35948349 -1.74584271  1.93360449
  0.66126323  1.53932815]","[ 0.00000000e+00  1.22876547e-01  1.68370054e-01 -7.90666098e-05
  1.53470300e-01 -1.05819570e-04  3.90068478e-04  0.00000000e+00]","[ 0.          1.09721816 17.43215561 -3.81928468 -1.00204468  0.11829685
 -0.29965627  0.02735974]"
1747093076.7083364,"[ 0.          0.19220485  1.09339174 -2.35948349 -1.74569197  1.93360449
  0.66126323  1.53932815]","[ 0.00000000e+00  1.23434545e-01  1.68540829e-01 -7.90666098e-05
  1.52875167e-01 -9.51657631e-05  3.73291343e-04  0.00000000e+00]","[ 0.00000000e+00  1.12394106e+00  1.75113506e+01 -3.80500293e+00
 -1.01566744e+00  1.21044859e-01 -3.00943285e-01  7.06305401e-03]"
1747093076.710087,"[ 0.          0.19244638  1.09374215 -2.35948349 -1.74538092  1.93360449
  0.66126323  1.53932815]","[ 0.00000000e+00  1.22624254e-01  1.72147598e-01 -7.79260294e-05
  1.51965681e-01 -9.52376087e-05  3.73732787e-04  0.00000000e+00]","[ 0.00000000e+00  1.16429162e+00  1.75835533e+01 -3.77474499e+00
 -1.02451336e+00  1.28879979e-01 -2.96235681e-01  7.14772381e-04]"
1747093076.7112157,"[ 0.          0.19257587  1.09391526 -2.35948403 -1.74523178  1.93360356
  0.66126423  1.53932815]","[ 0.00000000e+00  1.21758826e-01  1.75563352e-01 -8.44996843e-05
  1.51254584e-01 -1.05820618e-04  3.84097854e-04  0.00000000e+00]","[ 0.00000000e+00  1.17462075e+00  1.75582542e+01 -3.76141977e+00
 -1.01590633e+00  1.06012926e-01 -3.12677532e-01  1.36396596e-02]"
1747093076.714529,"[ 0.          0.19282062  1.09427252 -2.35948403 -1.74492871  1.93360356
  0.66126423  1.53932815]","[ 0.00000000e+00  1.25865421e-01  1.82585892e-01 -8.33160942e-05
  1.53955562e-01 -1.05900567e-04  3.78313053e-04  0.00000000e+00]","[ 0.00000000e+00  1.19227004e+00  1.75182285e+01 -3.73292422e+00
 -1.00419128e+00  9.54840034e-02 -3.19215536e-01  1.10282563e-02]"
1747093076.7161288,"[ 0.          0.1932123   1.09484283 -2.35948403 -1.7444536   1.93360356
  0.66126423  1.53932815]","[ 0.00000000e+00  1.30594729e-01  1.90418714e-01 -8.20754259e-05
  1.57736934e-01 -1.05979589e-04  3.72268536e-04  0.00000000e+00]","[ 0.00000000e+00  1.17669642e+00  1.73751907e+01 -3.71058440e+00
 -1.05551136e+00  1.09552480e-01 -3.20558101e-01  1.40355593e-02]"
1747093076.717785,"[ 0.          0.19346715  1.09523865 -2.35948403 -1.74413722  1.93360356
  0.66126516  1.53932815]","[ 0.00000000e+00  1.29106596e-01  1.94596332e-01 -8.09560904e-05
  1.61354639e-01 -1.05979589e-04  3.79097665e-04  0.00000000e+00]","[ 0.00000000e+00  1.14998996e+00  1.72469635e+01 -3.70926762e+00
 -1.11543894e+00  1.26466438e-01 -2.76001722e-01  1.54949920e-02]"
1747093076.7194564,"[ 0.          0.19359618  1.09543106 -2.35948403 -1.74396678  1.93360356
  0.66126609  1.53932815]","[ 0.00000000e+00  1.30727179e-01  1.95010370e-01 -7.73575069e-05
  1.60491808e-01 -1.05978532e-04  3.94893409e-04  0.00000000e+00]","[ 0.00000000e+00  1.14339888e+00  1.71178036e+01 -3.70526409e+00
 -1.19425273e+00  1.26466438e-01 -2.84467310e-01  1.32133448e-02]"
1747093076.7205431,"[ 0.          0.19386894  1.09581216 -2.35948403 -1.74364454  1.93360356
  0.66126609  1.53932815]","[ 0.00000000e+00  1.33698252e-01  1.92849598e-01 -7.72773390e-05
  1.63138873e-01 -1.05899518e-04  3.73214979e-04  0.00000000e+00]","[ 0.          1.08392859 16.98741531 -3.68448186 -1.23816001  0.12140972
 -0.28907347  0.01895271]"
1747093076.7222085,"[ 0.          0.19400256  1.09600138 -2.35948403 -1.74348262  1.93360356
  0.66126609  1.53932815]","[ 0.00000000e+00  1.35588930e-01  1.91769203e-01 -7.62386509e-05
  1.64219268e-01 -1.05979589e-04  3.73214979e-04  0.00000000e+00]","[ 0.          1.07549572 17.01818657 -3.66167641 -1.23602438  0.12377807
 -0.27968624  0.01895271]"
1747093076.7239068,"[ 0.          0.19427762  1.09639992 -2.35948456 -1.74315025  1.93360262
  0.66126709  1.53932815]","[ 0.00000000e+00  1.33910356e-01  1.95010370e-01 -8.23078836e-05
  1.61342971e-01 -1.13841985e-04  3.83249297e-04  0.00000000e+00]","[ 0.          1.07453871 17.01745224 -3.66804433 -1.26982009  0.10966581
 -0.26994771  0.0338954 ]"
1747093076.7250004,"[ 0.          0.19440895  1.0965928  -2.35948456 -1.742991    1.93360262
  0.66126709  1.53932815]","[ 0.00000000e+00  1.33158055e-01  1.95352437e-01 -8.12316229e-05
  1.61518290e-01 -1.13841985e-04  3.77887344e-04  0.00000000e+00]","[ 0.          1.00796366 16.96171761 -3.66421533 -1.33428121  0.10396686
 -0.27588525  0.02413865]"
1747093076.7267764,"[ 0.          0.19468217  1.09699507 -2.35948456 -1.74267088  1.93360262
  0.66126709  1.53932815]","[ 0.00000000e+00  1.32656515e-01  1.97441254e-01 -8.13124978e-05
  1.62598684e-01 -1.13928053e-04  3.72668140e-04  0.00000000e+00]","[ 0.          0.93041778 17.02685356 -3.64505243 -1.3675673   0.10170081
 -0.29541865  0.02206209]"
1747093076.7285395,"[ 0.          0.19481626  1.09718975 -2.35948456 -1.74250044  1.93360262
  0.66126709  1.53932815]","[ 0.00000000e+00  1.36129127e-01  1.97441254e-01 -8.01820929e-05
  1.60491808e-01 -1.13841985e-04  3.72277411e-04  0.00000000e+00]","[ 0.          0.8821463  17.0098896  -3.62365699 -1.34019518  0.11299716
 -0.29554406  0.01864645]"
1747093076.729696,"[ 0.          0.19508442  1.09758143 -2.35948456 -1.74218566  1.93360169
  0.66126709  1.53932908]","[ 0.00000000e+00  1.36399221e-01  1.98251554e-01 -7.91603584e-05
  1.58817312e-01 -1.21876526e-04  3.57766434e-04  1.05739739e-05]","[ 0.          0.8444652  16.91766357 -3.62494493 -1.35684931  0.11981805
 -0.2900416   0.01963612]"
1747093076.7314117,"[ 0.          0.1952309   1.09779175 -2.35948456 -1.74202906  1.93360169
  0.66126803  1.53932908]","[ 0.00000000e+00  1.37922649e-01  1.98107077e-01 -7.91603584e-05
  1.58656407e-01 -1.21877737e-04  3.67601307e-04  1.05740785e-05]","[ 0.00000000e+00  7.89395928e-01  1.68215084e+01 -3.64265847e+00
 -1.41896510e+00  1.13064699e-01 -2.88717389e-01  1.28497081e-02]"
1747093076.7326045,"[ 0.          0.19550595  1.09817838 -2.35948456 -1.74170043  1.93360169
  0.66126803  1.53932908]","[ 0.00000000e+00  1.40180594e-01  1.95550576e-01 -7.80876169e-05
  1.61494887e-01 -1.21784452e-04  3.47798858e-04  1.05819570e-05]","[ 0.00000000e+00  7.49363244e-01  1.67422581e+01 -3.65235996e+00
 -1.37940586e+00  9.94695723e-02 -2.81203896e-01 -2.38735345e-03]"
1747093076.7343233,"[ 0.          0.19564602  1.09836893 -2.35948456 -1.74154011  1.93360169
  0.66126803  1.53932908]","[ 0.00000000e+00  1.42071272e-01  1.93389787e-01 -7.71182467e-05
  1.62598684e-01 -1.21876526e-04  3.47794112e-04  1.05820616e-05]","[ 0.00000000e+00  7.34202027e-01  1.67260170e+01 -3.65946746e+00
 -1.34281564e+00  8.77938718e-02 -2.70640582e-01  1.07480502e-02]"
1747093076.7360942,"[ 0.          0.19594081  1.0987684  -2.35948509 -1.74121733  1.93360076
  0.66126803  1.53932908]","[ 0.00000000e+00  1.44232044e-01  1.94812797e-01 -7.62447058e-05
  1.64759457e-01 -1.32374402e-04  3.22434134e-04  1.05740785e-05]","[ 0.          0.65794873 16.65418625 -3.67978024 -1.31790984  0.08258495
 -0.26449877  0.02683063]"
1747093076.73724,"[ 0.          0.19608454  1.09896128 -2.35948509 -1.74104316  1.93360076
  0.66126803  1.53932908]","[ 0.00000000e+00  1.45852644e-01  1.95550576e-01 -7.61726408e-05
  1.63848290e-01 -1.32374402e-04  3.11565563e-04  1.05820616e-05]","[ 0.          0.63661546 16.6407299  -3.68843412 -1.31971908  0.07647234
 -0.26243904  0.02356511]"
1747093076.7390215,"[ 0.          0.19638761  1.09935117 -2.35948536 -1.74071612  1.93359969
  0.66126896  1.53932908]","[ 0.00000000e+00  1.49207229e-01  1.97981443e-01 -7.85216809e-05
  1.66380040e-01 -1.43072445e-04  3.07441792e-04  1.05739739e-05]","[ 0.00000000e+00  5.94793439e-01  1.66693153e+01 -3.73467374e+00
 -1.26366222e+00  6.38106018e-02 -2.60497183e-01  1.42758223e-03]"
1747093076.7402222,"[ 0.          0.19653546  1.09956236 -2.35948536 -1.74054888  1.93359969
  0.66126896  1.53932908]","[ 0.00000000e+00  1.49904095e-01  1.98859387e-01 -7.85216809e-05
  1.69621207e-01 -1.43073876e-04  2.93146124e-04  1.05819570e-05]","[ 0.00000000e+00  5.54791152e-01  1.66961346e+01 -3.73876572e+00
 -1.22733998e+00  5.75256534e-02 -2.82791972e-01 -4.52328641e-05]"
1747093076.7419584,"[ 0.          0.19682843  1.0999573  -2.35948589 -1.7402      1.93359876
  0.66126996  1.53932908]","[ 0.00000000e+00  1.47743322e-01  2.00615792e-01 -8.29774449e-05
  1.70701602e-01 -1.53670393e-04  2.82417473e-04  1.05739739e-05]","[ 0.00000000e+00  4.84255582e-01  1.67409954e+01 -3.75304341e+00
 -1.20546770e+00  4.52436209e-02 -2.83065826e-01 -1.35830851e-04]"
1747093076.7436135,"[ 0.          0.19712414  1.1003623  -2.35948696 -1.73986498  1.93359876
  0.66127089  1.53932908]","[ 0.00000000e+00  1.43421761e-01  1.97605554e-01 -9.47103730e-05
  1.69081018e-01 -1.42964352e-04  2.89021963e-04  1.05820616e-05]","[ 0.00000000e+00  4.10317898e-01  1.68438663e+01 -3.81353569e+00
 -1.17699373e+00  3.31036784e-02 -2.67066777e-01 -1.40910791e-02]"
1747093076.7453232,"[ 0.          0.19726512  1.10055512 -2.35948696 -1.73968548  1.93359783
  0.66127089  1.53932908]","[ 0.00000000e+00  1.42881572e-01  1.95550576e-01 -9.36150537e-05
  1.69017935e-01 -1.50906827e-04  2.85298934e-04  1.05819570e-05]","[ 0.00000000e+00  4.02322948e-01  1.68778706e+01 -3.85501337e+00
 -1.16456997e+00  3.79098430e-02 -2.74858475e-01 -1.23288929e-02]"
1747093076.7470877,"[ 0.          0.19754568  1.10094181 -2.35948722 -1.73935099  1.93359783
  0.66127089  1.53932908]","[ 0.00000000e+00  1.41134022e-01  1.95010370e-01 -9.55466014e-05
  1.70161413e-01 -1.51020918e-04  2.75134352e-04  1.05739739e-05]","[ 0.00000000e+00  3.85333121e-01  1.70623989e+01 -3.89318991e+00
 -1.15574670e+00  4.04647738e-02 -2.78982133e-01 -1.11044385e-02]"
1747093076.7481873,"[ 0.          0.19769445  1.10114887 -2.35948776 -1.7391683   1.93359783
  0.66127089  1.53932908]","[ 0.00000000e+00  1.40047702e-01  1.95097855e-01 -9.55477067e-05
  1.72027157e-01 -1.42964352e-04  2.71365582e-04  1.05739739e-05]","[ 0.00000000e+00  3.55179459e-01  1.71811142e+01 -3.91195226e+00
 -1.15129423e+00  4.82566990e-02 -2.84304202e-01 -6.80346694e-03]"
1747093076.7508945,"[ 0.          0.19796308  1.10153503 -2.35948829 -1.73883114  1.9335969
  0.66127089  1.53932908]","[ 0.00000000e+00  1.34508543e-01  1.96630970e-01 -1.00564500e-04
  1.69989006e-01 -1.51022414e-04  2.57625547e-04  1.05740785e-05]","[ 0.00000000e+00  3.56339842e-01  1.73467922e+01 -3.94366932e+00
 -1.16727114e+00  5.57445027e-02 -3.01083982e-01  1.79454172e-03]"
1747093076.752573,"[ 0.          0.19837589  1.10214116 -2.35948855 -1.73831022  1.9335969
  0.66127182  1.53932908]","[ 0.00000000e+00  1.36939419e-01  2.01222626e-01 -1.01238230e-04
  1.73030237e-01 -1.51020918e-04  2.61031903e-04  1.05819570e-05]","[ 0.00000000e+00  4.03174102e-01  1.75401497e+01 -3.98332405e+00
 -1.23271799e+00  6.22521639e-02 -3.00559402e-01  3.45327682e-03]"
1747093076.7543135,"[ 0.          0.19851228  1.1023409  -2.35948909 -1.73813925  1.9335969
  0.66127182  1.53932908]","[ 0.00000000e+00  1.38149792e-01  2.02573099e-01 -1.06024598e-04
  1.73402580e-01 -1.51020918e-04  2.57837231e-04  1.05739739e-05]","[ 0.00000000e+00  4.35030401e-01  1.75558167e+01 -4.03125381e+00
 -1.22508919e+00  6.21284433e-02 -2.89296091e-01 -4.42313682e-03]"
1747093076.7554624,"[ 0.          0.19879284  1.10275422 -2.35948962 -1.73779783  1.93359597
  0.66127182  1.53932908]","[ 0.00000000e+00  1.36939419e-01  2.02370149e-01 -1.10706488e-04
  1.72862391e-01 -1.58849285e-04  2.38006547e-04  1.05820616e-05]","[ 0.00000000e+00  4.84649152e-01  1.76176758e+01 -4.07835340e+00
 -1.22833145e+00  6.98449388e-02 -2.69671053e-01  1.15521206e-02]"
1747093076.7571642,"[ 0.          0.19893013  1.10295442 -2.35949015 -1.73761461  1.93359597
  0.66127182  1.53932908]","[ 0.00000000e+00  1.39370294e-01  2.03113304e-01 -1.15290859e-04
  1.72528697e-01 -1.58969375e-04  2.38003605e-04  1.05820616e-05]","[ 0.00000000e+00  5.48496127e-01  1.76702175e+01 -4.08487606e+00
 -1.25729942e+00  7.59248137e-02 -2.60581285e-01  1.23353135e-02]"
1747093076.7589102,"[ 0.          0.19920518  1.10337454 -2.35949095 -1.73727798  1.93359503
  0.66127275  1.53932908]","[ 0.00000000e+00  1.39640388e-01  2.05379371e-01 -1.21248877e-04
  1.70701602e-01 -1.69567338e-04  2.24996215e-04  1.05739739e-05]","[ 0.00000000e+00  5.98401546e-01  1.77259541e+01 -4.14730930e+00
 -1.20737052e+00  4.83087786e-02 -2.73112595e-01  2.06530746e-03]"
1747093076.7606187,"[ 0.          0.1993535   1.10357707 -2.35949095 -1.73692911  1.93359503
  0.66127275  1.53932908]","[ 0.00000000e+00  1.39546637e-01  2.05066100e-01 -1.19996148e-04
  1.69861075e-01 -1.69567338e-04  2.11558760e-04  1.05820616e-05]","[ 0.          0.58507407 17.74684715 -4.15409803 -1.17886794  0.02612165
 -0.2866599   0.02045741]"
1747093076.7617438,"[ 0.          0.19962673  1.1039876  -2.35949148 -1.7367608   1.9335941
  0.66127275  1.53932908]","[ 0.00000000e+00  1.39370294e-01  2.08515244e-01 -1.24195300e-04
  1.70701602e-01 -1.80163498e-04  2.09000880e-04  1.05740785e-05]","[ 0.00000000e+00  6.07359171e-01  1.78240128e+01 -4.17214012e+00
 -1.16357589e+00  7.52196973e-03 -2.97475159e-01  3.59898582e-02]"
1747093076.763483,"[ 0.          0.19977367  1.10419699 -2.35949175 -1.73659249  1.93359304
  0.66127275  1.53932908]","[ 0.00000000e+00  1.38424189e-01  2.12296616e-01 -1.26755520e-04
  1.70701602e-01 -1.90763250e-04  1.99206416e-04  1.05740785e-05]","[ 0.00000000e+00  5.99487662e-01  1.78770046e+01 -4.16987181e+00
 -1.13274479e+00  7.42194382e-03 -2.97597587e-01  2.36310698e-02]"
1747093076.76526,"[ 0.          0.20004781  1.10463827 -2.35949175 -1.7362548   1.9335921
  0.66127275  1.53932908]","[ 0.00000000e+00  1.39370294e-01  2.16077989e-01 -1.25474126e-04
  1.71781996e-01 -1.90763250e-04  1.86141404e-04  1.05819570e-05]","[ 0.00000000e+00  6.41929090e-01  1.78433094e+01 -4.16908312e+00
 -1.07031870e+00 -2.29546409e-02 -3.01492840e-01  8.65732227e-03]"
1747093076.7669883,"[ 0.          0.2003302   1.10506624 -2.35949282 -1.73589474  1.9335921
  0.66127375  1.53932908]","[ 0.00000000e+00  1.37291838e-01  2.17747824e-01 -1.35022714e-04
  1.75563352e-01 -1.90763250e-04  1.94500697e-04  1.05739739e-05]","[ 0.00000000e+00  6.66948259e-01  1.77582016e+01 -4.20487928e+00
 -1.02691948e+00 -3.54423523e-02 -2.71758705e-01 -8.08915496e-03]"
1747093076.7687013,"[ 0.          0.20046612  1.10529947 -2.35949335 -1.7357195   1.9335921
  0.66127375  1.53932908]","[ 0.00000000e+00  1.37749710e-01  2.19880217e-01 -1.39033556e-04
  1.77544062e-01 -1.90763250e-04  1.81581342e-04  1.05819570e-05]","[ 0.00000000e+00  7.07510412e-01  1.76525307e+01 -4.22839308e+00
 -1.04779041e+00 -2.96656322e-02 -2.70850360e-01 -9.51831113e-04]"
1747093076.7698507,"[ 0.          0.20074256  1.10573343 -2.35949361 -1.73535571  1.93359117
  0.66127375  1.53932908]","[ 0.00000000e+00  1.41531083e-01  2.20399533e-01 -1.40210929e-04
  1.77183952e-01 -1.98711722e-04  1.79464662e-04  1.05739739e-05]","[ 0.00000000e+00  6.93144441e-01  1.75697460e+01 -4.23398066e+00
 -1.08361554e+00 -5.26925251e-02 -2.64520347e-01  3.95133859e-03]"
1747093076.771548,"[ 0.          0.20103827  1.10616919 -2.35949468 -1.73500524  1.93359024
  0.66127468  1.53933001]","[ 0.00000000e+00  1.44944174e-01  2.20669644e-01 -1.45611844e-04
  1.77724141e-01 -2.06660195e-04  1.79623925e-04  1.85186086e-05]","[ 0.00000000e+00  6.95754707e-01  1.74529438e+01 -4.23375082e+00
 -1.08325875e+00 -6.32080436e-02 -2.62380928e-01 -1.51440443e-03]"
1747093076.7733693,"[ 0.          0.20118338  1.10640475 -2.35949468 -1.73481562  1.93359024
  0.66127468  1.53933001]","[ 0.00000000e+00  1.47053980e-01  2.21679315e-01 -1.45611844e-04
  1.78379179e-01 -1.98413661e-04  1.77394682e-04  1.85186086e-05]","[ 0.00000000e+00  6.85963631e-01  1.74495831e+01 -4.23396730e+00
 -1.08871377e+00 -6.24580979e-02 -2.58558780e-01  2.55422667e-03]"
1747093076.7752275,"[ 0.          0.20147313  1.10684603 -2.35949521 -1.73446835  1.93358931
  0.66127562  1.53933001]","[ 0.00000000e+00  1.47743322e-01  2.24451000e-01 -1.50792882e-04
  1.76103558e-01 -2.06660195e-04  1.75375968e-04  1.85046377e-05]","[ 0.00000000e+00  6.61833704e-01  1.73479958e+01 -4.22322559e+00
 -1.17057407e+00 -6.03127517e-02 -2.55218565e-01  3.09029914e-04]"
1747093076.7774389,"[ 0.          0.20177849  1.10730749 -2.35949521 -1.7341232   1.93358838
  0.66127661  1.53933001]","[ 0.00000000e+00  1.49567937e-01  2.25691617e-01 -1.48259335e-04
  1.75563352e-01 -2.17422558e-04  1.73549385e-04  1.85184257e-05]","[ 0.00000000e+00  5.79380691e-01  1.72344837e+01 -4.23362589e+00
 -1.21691775e+00 -6.68333992e-02 -2.51357526e-01  7.83139654e-03]"
1747093076.7790592,"[ 0.          0.20207329  1.10775797 -2.35949548 -1.73376048  1.93358744
  0.66127755  1.53933001]","[ 0.00000000e+00  1.48403104e-01  2.28270939e-01 -1.45501913e-04
  1.78623358e-01 -2.17258159e-04  1.83815917e-04  1.85044548e-05]","[ 0.00000000e+00  5.35563409e-01  1.71724720e+01 -4.20225906e+00
 -1.25545025e+00 -6.52313754e-02 -2.56512523e-01  6.74521492e-04]"
1747093076.7802596,"[ 0.          0.20221885  1.1079848  -2.35949548 -1.73358471  1.93358744
  0.66127755  1.53933001]","[ 0.00000000e+00  1.47743322e-01  2.30356677e-01 -1.45501913e-04
  1.78445309e-01 -2.16930124e-04  1.81787776e-04  1.85044548e-05]","[ 0.00000000e+00  5.32160640e-01  1.70676632e+01 -4.21004534e+00
 -1.25451994e+00 -6.50954470e-02 -2.55943596e-01 -1.06708584e-02]"
1747093076.7819598,"[ 0.          0.20251364  1.10845685 -2.35949601 -1.73322092  1.93358638
  0.66127755  1.53933001]","[ 0.00000000e+00  1.42881572e-01  2.30663240e-01 -1.45501913e-04
  1.76875991e-01 -2.16932270e-04  1.81633292e-04  1.85044548e-05]","[ 0.00000000e+00  4.68156815e-01  1.69778709e+01 -4.17864704e+00
 -1.28427064e+00 -6.62321895e-02 -2.59229273e-01 -3.40533839e-03]"
1747093076.7837608,"[ 0.          0.20279376  1.10893029 -2.35949654 -1.73287098  1.93358545
  0.66127848  1.53933001]","[ 0.00000000e+00  1.41531083e-01  2.30456212e-01 -1.45501913e-04
  1.76643747e-01 -2.27514320e-04  1.88486088e-04  1.85046377e-05]","[ 0.00000000e+00  3.99054706e-01  1.68727417e+01 -4.15405655e+00
 -1.29747200e+00 -8.71823356e-02 -2.59533465e-01 -7.57742021e-03]"
1747093076.784953,"[ 0.          0.20294346  1.10915759 -2.35949654 -1.73269841  1.93358451
  0.66127848  1.53933001]","[ 0.00000000e+00  1.40799296e-01  2.30429531e-01 -1.45501913e-04
  1.75023163e-01 -2.38094030e-04  1.86455070e-04  1.85184257e-05]","[ 0.00000000e+00  3.53700519e-01  1.68742065e+01 -4.13745785e+00
 -1.25183892e+00 -8.92506167e-02 -2.57081717e-01 -1.01394011e-02]"
1747093076.786753,"[ 0.          0.20321667  1.10961219 -2.35949654 -1.73233942  1.93358358
  0.66127848  1.53933001]","[ 0.00000000e+00  1.37479616e-01  2.31473540e-01 -1.45501913e-04
  1.75023163e-01 -2.38096387e-04  1.77713045e-04  1.85046377e-05]","[ 0.00000000e+00  3.48649681e-01  1.68047829e+01 -4.10865068e+00
 -1.20050108e+00 -1.10985234e-01 -2.59571165e-01  6.10499084e-03]"
1747093076.7878997,"[ 0.          0.20335306  1.10984043 -2.35949681 -1.73216844  1.93358265
  0.66127848  1.53933001]","[ 0.00000000e+00  1.38289908e-01  2.31473540e-01 -1.48147406e-04
  1.73402580e-01 -2.46032929e-04  1.77713045e-04  1.85186086e-05]","[ 0.00000000e+00  3.69850397e-01  1.67240238e+01 -4.09071684e+00
 -1.17336154e+00 -1.06292933e-01 -2.78180271e-01 -6.57974451e-04]"
1747093076.7896879,"[ 0.          0.20363453  1.11031613 -2.35949681 -1.73182916  1.93358172
  0.66127848  1.53933001]","[ 0.00000000e+00  1.36939419e-01  2.32283823e-01 -1.45503344e-04
  1.71781996e-01 -2.53966967e-04  1.75674062e-04  1.85044548e-05]","[ 0.00000000e+00  3.50359768e-01  1.66637764e+01 -4.05634022e+00
 -1.09892929e+00 -1.34060085e-01 -2.96731919e-01  1.35978144e-02]"
1747093076.7914982,"[ 0.          0.20390361  1.110773   -2.35949734 -1.73147016  1.93357972
  0.66127848  1.53933001]","[ 0.00000000e+00  1.35185844e-01  2.31239015e-01 -1.45501913e-04
  1.76103558e-01 -2.75130873e-04  1.73818838e-04  1.85184257e-05]","[ 0.00000000e+00  3.40661347e-01  1.66221561e+01 -4.01303959e+00
 -1.04239941e+00 -1.46781221e-01 -3.07414085e-01 -1.45275872e-02]"
1747093076.7932684,"[ 0.          0.20404781  1.11101734 -2.35949734 -1.73129439  1.93357879
  0.66127848  1.53933001]","[ 0.00000000e+00  1.35538113e-01  2.30205442e-01 -1.45501913e-04
  1.78264330e-01 -2.85928704e-04  1.71865924e-04  1.85186086e-05]","[ 0.          0.32093507 16.63508606 -3.98934031 -1.01537073 -0.15815234
 -0.29723191 -0.01874555]"
1747093076.7950451,"[ 0.          0.20431735  1.11146868 -2.35949734 -1.73092688  1.93357692
  0.66127848  1.53933001]","[ 0.00000000e+00  1.36399221e-01  2.27151978e-01 -1.45503344e-04
  1.79550221e-01 -3.01585764e-04  1.70227098e-04  1.85044548e-05]","[ 0.00000000e+00  3.28090012e-01  1.65656242e+01 -3.94001770e+00
 -1.02145588e+00 -1.55289218e-01 -3.07388157e-01 -2.90328288e-03]"
1747093076.7968607,"[ 0.          0.204597    1.11193201 -2.35949788 -1.73056895  1.93357599
  0.66127848  1.53933001]","[ 0.00000000e+00  1.36129127e-01  2.26481428e-01 -1.45611844e-04
  1.82585892e-01 -3.01585764e-04  1.68351881e-04  1.85184257e-05]","[ 0.          0.35040081 16.62222481 -3.9255302  -1.03687394 -0.16497408
 -0.32017106 -0.01709692]"
1747093076.798616,"[ 0.          0.20485874  1.11238155 -2.35949841 -1.73019344  1.93357506
  0.66127848  1.53933001]","[ 0.00000000e+00  1.32347763e-01  2.28001127e-01 -1.50792882e-04
  1.83060983e-01 -3.12167733e-04  1.66649044e-04  1.85044548e-05]","[ 0.          0.39935929 16.75365257 -3.95253682 -1.06653535 -0.13951665
 -0.31753117 -0.01990691]"
1747093076.8004348,"[ 0.          0.20499832  1.11260659 -2.35949841 -1.73001395  1.93357506
  0.66127848  1.53933001]","[ 0.00000000e+00  1.31402673e-01  2.28232373e-01 -1.50906827e-04
  1.82045703e-01 -3.12167733e-04  1.55844354e-04  1.85186086e-05]","[ 0.00000000e+00  4.25102472e-01  1.67606030e+01 -3.95496988e+00
 -1.08085597e+00 -1.28036231e-01 -3.07235628e-01 -1.46167586e-02]"
1747093076.802264,"[ 0.          0.20526053  1.11307816 -2.35949841 -1.72965815  1.93357413
  0.66127848  1.53933001]","[ 0.00000000e+00  1.33562788e-01  2.30456212e-01 -1.50792882e-04
  1.79344725e-01 -3.20346062e-04  1.55722851e-04  1.85186086e-05]","[ 0.00000000e+00  4.44739670e-01  1.68480320e+01 -3.93724918e+00
 -1.16049290e+00 -1.48053035e-01 -3.02825063e-01  1.79030481e-04]"
1747093076.8034065,"[ 0.          0.20555349  1.1135323  -2.35949867 -1.72929223  1.93357306
  0.66127848  1.53933001]","[ 0.00000000e+00  1.32656515e-01  2.30897431e-01 -1.53438374e-04
  1.79048681e-01 -3.22749702e-04  1.54043047e-04  1.85184257e-05]","[ 0.00000000e+00  5.06340683e-01  1.69289131e+01 -3.92725587e+00
 -1.16500080e+00 -1.48978934e-01 -3.14834476e-01  3.59284342e-03]"
1747093076.8052309,"[ 0.          0.20568435  1.11375641 -2.35949867 -1.72911699  1.93357213
  0.66127848  1.53933001]","[ 0.00000000e+00  1.32617857e-01  2.27191643e-01 -1.50906827e-04
  1.77544062e-01 -3.30686162e-04  1.54043047e-04  1.85184257e-05]","[ 0.00000000e+00  5.27124882e-01  1.70158596e+01 -3.92681336e+00
 -1.14683092e+00 -1.59288377e-01 -3.27941060e-01 -2.47027678e-03]"
1747093076.8069644,"[ 0.          0.20594426  1.1142188  -2.35949921 -1.72875374  1.9335712
  0.66127848  1.53933001]","[ 0.00000000e+00  1.32280094e-01  2.25261300e-01 -1.56085411e-04
  1.77042538e-01 -3.38622623e-04  1.52633574e-04  1.85046377e-05]","[ 0.00000000e+00  5.74268639e-01  1.71663074e+01 -3.92679095e+00
 -1.10662544e+00 -1.70844615e-01 -3.32520366e-01 -1.07173081e-02]"
1747093076.8086991,"[ 0.          0.20621702  1.11466421 -2.35949974 -1.72840486  1.93357027
  0.66127848  1.53933095]","[ 0.00000000e+00  1.33158055e-01  2.25801489e-01 -1.61496777e-04
  1.76643747e-01 -3.38881820e-04  1.51019407e-04  2.64948971e-05]","[ 0.          0.63073254 17.31606865 -3.95154691 -1.07138336 -0.19594455
 -0.33659703 -0.02529383]"
1747093076.8104446,"[ 0.          0.2064838   1.11512933 -2.35950027 -1.72803894  1.9335684
  0.66127848  1.53933095]","[ 0.00000000e+00  1.35048741e-01  2.26921831e-01 -1.66665819e-04
  1.78880253e-01 -3.63345353e-04  1.51020918e-04  2.64748795e-05]","[ 0.          0.69651121 17.44354439 -3.99354815 -1.04022372 -0.21716815
 -0.33933324 -0.035221  ]"
1747093076.812124,"[ 0.          0.20662708  1.11535483 -2.35950027 -1.72786264  1.93356747
  0.66127848  1.53933095]","[ 0.00000000e+00  1.34786511e-01  2.28772562e-01 -1.61374851e-04
  1.78804536e-01 -3.74755464e-04  1.43072445e-04  2.64948971e-05]","[ 0.          0.70863897 17.47281647 -3.98410296 -1.06731844 -0.20068058
 -0.35371518 -0.02596324]"
1747093076.8133428,"[ 0.          0.20689295  1.11582408 -2.35950054 -1.72751217  1.9335664
  0.66127848  1.53933095]","[ 0.00000000e+00  1.34238449e-01  2.29042656e-01 -1.64144252e-04
  1.77724141e-01 -3.99529949e-04  1.43072445e-04  2.64948971e-05]","[ 0.00000000e+00  7.82583058e-01  1.75488930e+01 -3.99792290e+00
 -1.10509670e+00 -1.93567589e-01 -3.69748414e-01 -1.11718336e-02]"
1747093076.8157372,"[ 0.          0.2070261   1.11604819 -2.35950107 -1.72732309  1.93356547
  0.66127941  1.53933095]","[ 0.00000000e+00  1.35048741e-01  2.27422073e-01 -1.69311312e-04
  1.78045601e-01 -4.25527044e-04  1.51020918e-04  2.64748795e-05]","[ 0.00000000e+00  8.07603896e-01  1.76112766e+01 -4.02656078e+00
 -1.07249188e+00 -1.89579114e-01 -3.63959044e-01 -1.56647898e-02]"
1747093076.8180397,"[ 0.          0.20743157  1.11674021 -2.35950187 -1.72678992  1.93356361
  0.66127941  1.53933095]","[ 0.00000000e+00  1.33023140e-01  2.28199300e-01 -1.79002819e-04
  1.79884914e-01 -4.73178707e-04  1.43072445e-04  2.64948971e-05]","[ 0.00000000e+00  8.69362056e-01  1.77457523e+01 -4.06971931e+00
 -1.07523060e+00 -1.80363968e-01 -3.33535641e-01 -5.25600649e-03]"
1747093076.819125,"[ 0.          0.20756198  1.11696611 -2.35950187 -1.72660031  1.93356268
  0.66127941  1.53933095]","[ 0.00000000e+00  1.32347763e-01  2.29042656e-01 -1.82757658e-04
  1.78547141e-01 -4.78223434e-04  1.32474482e-04  2.64748795e-05]","[ 0.00000000e+00  8.87585163e-01  1.78260174e+01 -4.09294891e+00
 -1.06204450e+00 -1.89209759e-01 -3.24505329e-01  3.98336351e-03]"
1747093076.820893,"[ 0.          0.20770158  1.11742391 -2.35950294 -1.7262461   1.93356174
  0.66127941  1.53933095]","[ 0.00000000e+00  1.31402673e-01  2.33904407e-01 -1.96297599e-04
  1.79344725e-01 -4.99937754e-04  1.32475806e-04  2.64948971e-05]","[ 0.00000000e+00  9.22625184e-01  1.79358768e+01 -4.11745262e+00
 -1.10953414e+00 -1.98145285e-01 -3.16873372e-01 -1.09752212e-02]"
1747093076.822613,"[ 0.          0.20783153  1.11767372 -2.35950294 -1.72606874  1.93356081
  0.66127941  1.53933095]","[ 0.00000000e+00  1.31807566e-01  2.35220807e-01 -2.07565920e-04
  1.79884914e-01 -5.21219051e-04  1.32474482e-04  2.64948971e-05]","[ 0.00000000e+00  9.54438448e-01  1.79609699e+01 -4.10896635e+00
 -1.16226053e+00 -2.17807412e-01 -3.15515339e-01 -4.52071661e-03]"
1747093076.823776,"[ 0.          0.20809097  1.11814163 -2.35950347 -1.72569909  1.93355975
  0.66127941  1.53933095]","[ 0.00000000e+00  1.30324901e-01  2.36905306e-01 -2.15532159e-04
  1.80383441e-01 -5.45171149e-04  1.21876526e-04  2.64948971e-05]","[ 0.00000000e+00  9.59031761e-01  1.80465736e+01 -4.11604166e+00
 -1.19718397e+00 -2.21157894e-01 -3.23928773e-01 -8.04346427e-03]"
1747093076.825475,"[ 0.          0.20835684  1.11862659 -2.35950373 -1.72534489  1.93355788
  0.66127941  1.53933095]","[ 0.00000000e+00  1.29508042e-01  2.36976196e-01 -2.08255735e-04
  1.78804536e-01 -5.62378609e-04  1.21876526e-04  2.64948971e-05]","[ 0.          0.92818767 18.07841682 -4.10177135 -1.18100905 -0.21112788
 -0.32817304 -0.01870562]"
1747093076.8272324,"[ 0.          0.2084845   1.11886069 -2.35950373 -1.72515474  1.93355695
  0.66127941  1.53933095]","[ 0.00000000e+00  1.29245605e-01  2.37415685e-01 -2.05546216e-04
  1.79048681e-01 -5.80116458e-04  1.21877737e-04  2.64948971e-05]","[ 0.00000000e+00  9.50956583e-01  1.80965290e+01 -4.10705614e+00
 -1.15154266e+00 -2.10358545e-01 -3.21685433e-01 -1.60273612e-02]"
1747093076.828434,"[ 0.          0.20875679  1.1193282  -2.35950427 -1.72480107  1.93355602
  0.66127941  1.53933095]","[ 0.00000000e+00  1.33659586e-01  2.36605385e-01 -2.06504118e-04
  1.79884914e-01 -6.01823692e-04  1.21876526e-04  2.64948971e-05]","[ 0.          0.94280267 18.13638878 -4.10845518 -1.11983657 -0.20973504
 -0.32095319 -0.01835148]"
1747093076.8302512,"[ 0.          0.20888903  1.11958027 -2.3595048  -1.72462477  1.93355509
  0.66127941  1.53933095]","[ 0.00000000e+00  1.34238449e-01  2.37003793e-01 -2.12957375e-04
  1.78623358e-01 -6.20050156e-04  1.21876526e-04  1.85464284e-05]","[ 0.          0.92540377 18.18531418 -4.11569262 -1.14708269 -0.21020226
 -0.33545408 -0.0250294 ]"
1747093076.831898,"[ 0.          0.20915492  1.12005365 -2.35950507 -1.72426312  1.93355309
  0.66127941  1.53933095]","[ 0.00000000e+00  1.34238449e-01  2.41197040e-01 -2.05735241e-04
  1.75563352e-01 -6.45401421e-04  1.13928053e-04  1.85464284e-05]","[ 0.          0.89770931 18.19212341 -4.11443377 -1.15532207 -0.21706733
 -0.3483392  -0.03774109]"
1747093076.83363,"[ 0.          0.20928716  1.12031038 -2.35950507 -1.72409107  1.93355216
  0.66127941  1.53933095]","[ 0.00000000e+00  1.34238449e-01  2.41740791e-01 -2.05737777e-04
  1.74482974e-01 -6.67741935e-04  1.13928053e-04  1.85466133e-05]","[ 0.          0.88241053 18.09188843 -4.09672832 -1.10447145 -0.22735906
 -0.34396112 -0.04260287]"
1747093076.8347657,"[ 0.          0.20956634  1.12078842 -2.3595056  -1.72374699  1.93355029
  0.66127941  1.53933095]","[ 0.00000000e+00  1.36399221e-01  2.42547529e-01 -2.09537804e-04
  1.75023163e-01 -6.85484986e-04  1.13928053e-04  1.85464284e-05]","[ 0.          0.85160601 17.99047661 -4.05294609 -1.06914353 -0.21626222
 -0.33811915 -0.02512609]"
1747093076.8370442,"[ 0.          0.20983727  1.12127098 -2.35950613 -1.7233864   1.93354843
  0.66127941  1.53933095]","[ 0.00000000e+00  1.36800676e-01  2.44978413e-01 -2.10443383e-04
  1.76643747e-01 -7.14013189e-04  1.13928053e-04  1.85464284e-05]","[ 0.00000000e+00  7.98678160e-01  1.78378944e+01 -4.04432154e+00
 -9.83950913e-01 -2.24475279e-01 -3.44043165e-01 -4.72346088e-03]"
1747093076.83812,"[ 0.          0.20998145  1.1215309  -2.35950613 -1.7232133   1.9335475
  0.66127941  1.53933095]","[ 0.00000000e+00  1.35665737e-01  2.44750014e-01 -2.06506621e-04
  1.75563352e-01 -7.27458966e-04  1.03330098e-04  1.85464284e-05]","[ 0.00000000e+00  7.57879615e-01  1.78564301e+01 -4.04726887e+00
 -9.68134403e-01 -2.34406039e-01 -3.47553760e-01  1.41103333e-03]"
1747093076.8399258,"[ 0.          0.21024548  1.12201493 -2.35950666 -1.72285057  1.93354457
  0.66127941  1.53933095]","[ 0.00000000e+00  1.32617857e-01  2.44978413e-01 -1.99864404e-04
  1.77544062e-01 -7.43821088e-04  1.03252035e-04  1.85464284e-05]","[ 0.00000000e+00  6.87630355e-01  1.77275505e+01 -4.00771999e+00
 -8.99728298e-01 -2.60367215e-01 -3.62277925e-01 -1.56093463e-02]"
1747093076.8423917,"[ 0.          0.21051641  1.12252133 -2.35950666 -1.72249478  1.9335427
  0.66127941  1.53933095]","[ 0.00000000e+00  1.31807566e-01  2.47759236e-01 -1.90195865e-04
  1.80781949e-01 -7.37861484e-04  9.53816248e-05  1.85604623e-05]","[ 0.          0.63576227 17.56114578 -3.97251749 -0.87574005 -0.26235014
 -0.34490159 -0.02053885]"
1747093076.8440237,"[ 0.          0.2107754   1.12301136 -2.35950666 -1.72213685  1.93353977
  0.66127941  1.53933095]","[ 0.00000000e+00  1.30997274e-01  2.48759769e-01 -1.87952610e-04
  1.81505497e-01 -7.77513716e-04  8.47836692e-05  1.85464284e-05]","[ 0.          0.62080604 17.40024185 -3.93264031 -0.84417772 -0.27184385
 -0.34445244 -0.03320188]"
1747093076.8451574,"[ 0.          0.21090397  1.12325836 -2.35950666 -1.7219435   1.93353791
  0.66127941  1.53933095]","[ 0.00000000e+00  1.30457085e-01  2.50650463e-01 -1.81581342e-04
  1.82057903e-01 -8.18933934e-04  8.47836692e-05  1.85466133e-05]","[ 0.00000000e+00  6.17335200e-01  1.72364445e+01 -3.92793846e+00
 -8.20812583e-01 -2.68345326e-01 -3.45283628e-01 -1.62470490e-02]"
1747093076.846801,"[ 0.          0.21116847  1.12377089 -2.35950693 -1.72158504  1.93353511
  0.66127941  1.53933188]","[ 0.00000000e+00  1.29376690e-01  2.50266918e-01 -1.82611009e-04
  1.82045703e-01 -9.00813003e-04  8.47836692e-05  2.64948971e-05]","[ 0.          0.57685506 17.14210129 -3.92483258 -0.80691856 -0.27723056
 -0.34166685 -0.02629471]"
1747093076.848488,"[ 0.          0.21129612  1.1240179  -2.35950693 -1.72140501  1.93353418
  0.66127941  1.53933188]","[ 0.00000000e+00  1.29376690e-01  2.50396498e-01 -1.79785610e-04
  1.82585892e-01 -9.21267524e-04  8.47836692e-05  2.64948971e-05]","[ 0.          0.55887455 17.16351318 -3.91161728 -0.7929039  -0.2757673
 -0.3397001  -0.0212177 ]"
1747093076.8502376,"[ 0.          0.21154958  1.12451112 -2.35950693 -1.72102737  1.93353218
  0.66127941  1.53933188]","[ 0.00000000e+00  1.28975785e-01  2.49570069e-01 -1.79949717e-04
  1.84206475e-01 -9.45704498e-04  8.47836692e-05  2.64948971e-05]","[ 0.00000000e+00  5.44481277e-01  1.70487709e+01 -3.86028266e+00
 -7.39790618e-01 -2.92892188e-01 -3.61299127e-01 -7.73114432e-03]"
1747093076.8513458,"[ 0.          0.21168597  1.1247765  -2.35950693 -1.72084468  1.93353125
  0.66127941  1.53933188]","[ 0.00000000e+00  1.28393451e-01  2.49765378e-01 -1.77712427e-04
  1.85286870e-01 -9.44017200e-04  7.41864532e-05  2.64948971e-05]","[ 0.00000000e+00  5.47951996e-01  1.69148846e+01 -3.80978060e+00
 -7.44667649e-01 -2.92726219e-01 -3.62456411e-01 -9.53961629e-03]"
1747093076.8530989,"[ 0.          0.21193852  1.12527012 -2.35950746 -1.72045959  1.93352845
  0.66127941  1.53933188]","[ 0.00000000e+00  1.28566399e-01  2.50650463e-01 -1.75682466e-04
  1.89079411e-01 -1.00087484e-03  7.41857136e-05  2.64948971e-05]","[ 0.00000000e+00  5.43684900e-01  1.68082962e+01 -3.80818725e+00
 -7.80008674e-01 -2.99583197e-01 -3.47474724e-01 -5.62138332e-04]"
1747093076.8542197,"[ 0.          0.21207536  1.12551939 -2.35950746 -1.72027104  1.93352646
  0.66127941  1.53933188]","[ 0.00000000e+00  1.28894991e-01  2.52811236e-01 -1.69518168e-04
  1.91229014e-01 -1.06095819e-03  7.41857136e-05  2.64948971e-05]","[ 0.00000000e+00  5.35599947e-01  1.68327293e+01 -3.80536246e+00
 -8.20866108e-01 -2.98142850e-01 -3.29393208e-01 -6.10451330e-04]"
1747093076.8558855,"[ 0.          0.21233021  1.12603924 -2.35950746 -1.71989234  1.93352273
  0.66127941  1.53933188]","[ 0.00000000e+00  1.29106596e-01  2.53891630e-01 -1.60271713e-04
  1.92849598e-01 -1.16164694e-03  7.41857136e-05  2.64948971e-05]","[ 0.00000000e+00  5.12146413e-01  1.67231045e+01 -3.81525445e+00
 -8.40211391e-01 -2.90039510e-01 -3.36452544e-01 -3.99381900e-03]"
1747093076.8575904,"[ 0.          0.21245557  1.12628997 -2.35950746 -1.71968887  1.93352073
  0.66127941  1.53933188]","[ 0.00000000e+00  1.27215910e-01  2.54431819e-01 -1.60273566e-04
  1.91587110e-01 -1.20264948e-03  7.41857136e-05  2.64946330e-05]","[ 0.00000000e+00  5.29600441e-01  1.66255836e+01 -3.82348371e+00
 -8.26914310e-01 -2.89664239e-01 -3.39487970e-01 -1.15204519e-02]"
1747093076.8587575,"[ 0.          0.21271087  1.12681115 -2.359508   -1.7193091   1.933517
  0.66127941  1.53933188]","[ 0.00000000e+00  1.24130388e-01  2.53538945e-01 -1.62584310e-04
  1.92849598e-01 -1.33363981e-03  6.62365825e-05  2.64951613e-05]","[ 0.00000000e+00  5.54883838e-01  1.64931679e+01 -3.80866218e+00
 -8.36250305e-01 -2.84446567e-01 -3.23446900e-01 -1.36798117e-02]"
1747093076.8606102,"[ 0.          0.21283165  1.12705963 -2.359508   -1.71911949  1.93351607
  0.66127941  1.53933188]","[ 0.00000000e+00  1.22624254e-01  2.52256782e-01 -1.56560891e-04
  1.92309409e-01 -1.34709255e-03  6.62873661e-05  2.64948971e-05]","[ 0.          0.56013608 16.51633263 -3.79768538 -0.80668658 -0.29107422
 -0.32011905 -0.01791794]"
1747093076.861662,"[ 0.          0.21307456  1.12755085 -2.359508   -1.71872694  1.93351128
  0.66127941  1.53933188]","[ 0.00000000e+00  1.23974743e-01  2.49029880e-01 -1.50539326e-04
  1.91587110e-01 -1.50611239e-03  6.62372408e-05  2.64948971e-05]","[ 0.00000000e+00  5.84372640e-01  1.64491768e+01 -3.78498268e+00
 -7.42806673e-01 -3.02986771e-01 -3.30312371e-01 -1.16389170e-02]"
1747093076.8633697,"[ 0.          0.21320589  1.12781636 -2.359508   -1.71853679  1.93350848
  0.66127941  1.53933188]","[ 0.00000000e+00  1.23512551e-01  2.50016148e-01 -1.48753363e-04
  1.92849598e-01 -1.56534666e-03  6.62372408e-05  2.64948971e-05]","[ 0.          0.60549915 16.44708824 -3.78179121 -0.68916899 -0.31707907
 -0.33534217 -0.03158821]"
1747093076.8651428,"[ 0.          0.21344742  1.12830718 -2.35950853 -1.71814796  1.93350276
  0.66127941  1.53933188]","[ 0.00000000e+00  1.22354159e-01  2.49029880e-01 -1.53146636e-04
  1.98791743e-01 -1.74859360e-03  6.61378843e-05  2.64951613e-05]","[ 0.          0.65102327 16.46806717 -3.7759788  -0.62322736 -0.35241741
 -0.34276786 -0.03801541]"
1747093076.866289,"[ 0.          0.21356681  1.12855286 -2.35950853 -1.71795142  1.93349889
  0.66127941  1.53933188]","[ 0.00000000e+00  1.21003670e-01  2.49029880e-01 -1.51493099e-04
  1.99331932e-01 -1.90215800e-03  5.55558217e-05  2.64551545e-05]","[ 0.          0.64748949 16.48004532 -3.77032518 -0.58997941 -0.36086315
 -0.3527782  -0.02372675]"
1747093076.8680625,"[ 0.          0.21381385  1.12906019 -2.35950853 -1.71753757  1.9334913
  0.66127941  1.53933188]","[ 0.00000000e+00  1.21003670e-01  2.47158610e-01 -1.45545427e-04
  2.03113304e-01 -2.36791665e-03  5.55972507e-05  2.64548924e-05]","[ 0.          0.64465779 16.51503563 -3.77762508 -0.49663872 -0.36455137
 -0.35211027 -0.03666159]"
1747093076.8696742,"[ 0.          0.21405906  1.12954143 -2.35950879 -1.71713437  1.93348371
  0.66127941  1.53933188]","[ 0.00000000e+00  1.24244837e-01  2.43087735e-01 -1.46873432e-04
  2.04733888e-01 -2.83705849e-03  5.55552731e-05  2.64551545e-05]","[ 0.          0.7082842  16.55022812 -3.74270129 -0.44378814 -0.36872417
 -0.36427337 -0.0318753 ]"
1747093076.8713932,"[ 0.          0.21419222  1.12979776 -2.35950879 -1.71691599  1.93347985
  0.66127941  1.53933188]","[ 0.00000000e+00  1.25384229e-01  2.41239252e-01 -1.44113572e-04
  2.05630141e-01 -3.09105097e-03  5.55552731e-05  1.85186086e-05]","[ 0.          0.73187822 16.5368309  -3.74238348 -0.44004482 -0.37687907
 -0.35586619 -0.03372442]"
1747093076.8730743,"[ 0.          0.21444432  1.13031201 -2.35950879 -1.71651172  1.93347226
  0.66127941  1.53933188]","[ 0.00000000e+00  1.26675712e-01  2.41737246e-01 -1.38233828e-04
  2.03986804e-01 -3.61683570e-03  4.76552554e-05  1.85186086e-05]","[ 0.00000000e+00  7.66851604e-01  1.66177616e+01 -3.74941254e+00
 -4.19797033e-01 -3.83462071e-01 -3.64459783e-01 -1.36082852e-02]"
1747093076.8742487,"[ 0.          0.21457197  1.13051495 -2.35950879 -1.71631092  1.93346747
  0.66127941  1.53933188]","[ 0.00000000e+00  1.29376690e-01  2.43033373e-01 -1.38347529e-04
  2.03653493e-01 -3.89428689e-03  3.70368514e-05  1.85184257e-05]","[ 0.00000000e+00  8.00330400e-01  1.66721001e+01 -3.75092292e+00
 -4.12850618e-01 -3.88223588e-01 -3.63168269e-01 -8.02928489e-03]"
1747093076.8759544,"[ 0.          0.21483784  1.13105131 -2.35950933 -1.71585871  1.93345895
  0.66127941  1.53933188]","[ 0.00000000e+00  1.29916888e-01  2.44438224e-01 -1.42474453e-04
  2.06406686e-01 -4.04061250e-03  2.64548924e-05  1.85184257e-05]","[ 0.00000000e+00  8.11762452e-01  1.68343277e+01 -3.78741145e+00
 -4.16759819e-01 -3.91003191e-01 -3.63541603e-01 -1.07816039e-02]"
1747093076.8782437,"[ 0.          0.21509362  1.13153294 -2.35950933 -1.71543207  1.93344856
  0.66127941  1.53933188]","[ 0.00000000e+00  1.29106596e-01  2.44168113e-01 -1.35347588e-04
  2.08639363e-01 -4.37126684e-03  2.64551545e-05  1.85044548e-05]","[ 0.00000000e+00  8.22667003e-01  1.69508438e+01 -3.80983114e+00
 -4.58444476e-01 -4.02468652e-01 -3.50455910e-01 -7.55998492e-03]"
1747093076.879377,"[ 0.          0.21535489  1.13202842 -2.35951013 -1.71502035  1.93343897
  0.66127941  1.53933281]","[ 0.00000000e+00  1.27641150e-01  2.41762130e-01 -1.42321009e-04
  2.09055449e-01 -4.71857009e-03  1.85184257e-05  2.64548924e-05]","[ 0.00000000e+00  8.79015684e-01  1.71133785e+01 -3.84519291e+00
 -4.59301084e-01 -3.93792719e-01 -3.59641582e-01 -4.68961056e-03]"
1747093076.881194,"[ 0.          0.21547888  1.13226584 -2.35951013 -1.71481209  1.93343524
  0.66127941  1.53933281]","[ 0.00000000e+00  1.25865421e-01  2.41171557e-01 -1.40865617e-04
  2.11002220e-01 -4.56757614e-03  1.85184257e-05  2.64548924e-05]","[ 0.00000000e+00  8.62821162e-01  1.71832714e+01 -3.85322356e+00
 -4.46183145e-01 -3.98375660e-01 -3.66318583e-01  2.73414096e-03]"
1747093076.8823087,"[ 0.          0.21572545  1.13275906 -2.35951066 -1.71438012  1.93342752
  0.66127941  1.53933281]","[ 0.00000000e+00  1.24785034e-01  2.40511260e-01 -1.44907904e-04
  2.11216222e-01 -4.45433042e-03  1.85186086e-05  2.64548924e-05]","[ 0.00000000e+00  8.22392762e-01  1.73683891e+01 -3.85192990e+00
 -4.19844955e-01 -4.06755000e-01 -3.49490821e-01 -1.38311600e-03]"
1747093076.8841176,"[ 0.          0.21585541  1.13299688 -2.35951066 -1.71417187  1.93342379
  0.66127941  1.53933281]","[ 0.00000000e+00  1.22375007e-01  2.41197040e-01 -1.43343557e-04
  2.11216222e-01 -4.30333595e-03  1.05820616e-05  2.64548924e-05]","[ 0.00000000e+00  8.37906659e-01  1.74593296e+01 -3.88641787e+00
 -4.02512401e-01 -4.06506360e-01 -3.48310143e-01 -1.19224200e-02]"
1747093076.8858964,"[ 0.          0.21609189  1.13347532 -2.35951066 -1.7137383   1.93341807
  0.66127941  1.53933281]","[ 0.00000000e+00  1.19112984e-01  2.43087735e-01 -1.41922445e-04
  2.12150109e-01 -3.66332528e-03  1.05818513e-05  2.64548924e-05]","[ 0.00000000e+00  8.52711976e-01  1.75235157e+01 -3.90989161e+00
 -4.08974916e-01 -4.04032320e-01 -3.53263706e-01 -1.68804377e-02]"
1747093076.8871255,"[ 0.          0.21621817  1.1337146  -2.35951119 -1.71352791  1.93341514
  0.66127941  1.53933281]","[ 0.00000000e+00  1.18864253e-01  2.42301786e-01 -1.44600219e-04
  2.13377011e-01 -3.43436729e-03  1.05819570e-05  2.64548924e-05]","[ 0.          0.84789711 17.54455948 -3.93258715 -0.46002519 -0.40880817
 -0.36522004 -0.02458177]"
1747093076.8889413,"[ 0.          0.21645281  1.13420875 -2.35951119 -1.71310287  1.93340954
  0.66127941  1.53933281]","[ 0.00000000e+00  1.19653181e-01  2.41467152e-01 -1.43180701e-04
  2.16077989e-01 -3.09538199e-03  1.05819570e-05  2.64548924e-05]","[ 0.          0.87011057 17.64787102 -3.93773627 -0.50907338 -0.41793653
 -0.35898101 -0.01905807]"
1747093076.890608,"[ 0.          0.21657174  1.1344475  -2.35951172 -1.71287331  1.93340755
  0.66127941  1.53933281]","[ 0.00000000e+00  1.20733576e-01  2.42007340e-01 -1.48483698e-04
  2.16162411e-01 -2.86197283e-03  1.05900569e-05  2.64551545e-05]","[ 0.00000000e+00  8.98651123e-01  1.76531429e+01 -3.92250204e+00
 -4.90839958e-01 -4.12808985e-01 -3.54149789e-01 -1.21188313e-02]"
1747093076.891917,"[ 0.          0.21682063  1.13494392 -2.35951199 -1.71265866  1.93340289
  0.66127941  1.53933281]","[ 0.00000000e+00  1.21873475e-01  2.42242331e-01 -1.45721936e-04
  2.17698572e-01 -2.59485543e-03  1.05820616e-05  2.64548924e-05]","[ 0.00000000e+00  9.17385161e-01  1.76688423e+01 -3.94808125e+00
 -5.14629066e-01 -4.04370487e-01 -3.48780274e-01  6.98456401e-03]"
1747093076.8935862,"[ 0.          0.21694002  1.1351836  -2.35951252 -1.71244347  1.93339996
  0.66127941  1.53933281]","[ 0.00000000e+00  1.20881065e-01  2.42841426e-01 -1.51135188e-04
  2.18017635e-01 -2.56690212e-03  1.05819570e-05  2.64548924e-05]","[ 0.00000000e+00  9.07012761e-01  1.77004623e+01 -3.97142768e+00
 -5.00038981e-01 -3.98253918e-01 -3.47697526e-01  6.68398617e-03]"
1747093076.8947873,"[ 0.          0.21717742  1.13542515 -2.35951306 -1.71199713  1.93339516
  0.66127941  1.53933281]","[ 0.00000000e+00  1.21543868e-01  2.44978413e-01 -1.56319884e-04
  2.17165490e-01 -2.48398314e-03  1.05819570e-05  2.64548924e-05]","[ 0.00000000e+00  8.67778897e-01  1.76785069e+01 -4.00947380e+00
 -5.23222089e-01 -4.06315237e-01 -3.56048256e-01 -4.23305156e-03]"
1747093076.8965924,"[ 0.          0.21730599  1.13566843 -2.35951359 -1.71178301  1.93339237
  0.66127941  1.53933281]","[ 0.00000000e+00  1.21121166e-01  2.46869091e-01 -1.56321444e-04
  2.17158366e-01 -2.50768476e-03  1.05819570e-05  2.64551545e-05]","[ 0.00000000e+00  8.77869904e-01  1.77152710e+01 -4.02914238e+00
 -5.54768980e-01 -4.03737396e-01 -3.53138298e-01 -1.41795315e-02]"
1747093076.8977563,"[ 0.          0.21754661  1.13617629 -2.35951439 -1.71135371  1.93338664
  0.66127941  1.53933281]","[ 0.00000000e+00  1.22624254e-01  2.48219580e-01 -1.64392656e-04
  2.17158366e-01 -2.55306045e-03  1.05900569e-05  2.64551545e-05]","[ 0.00000000e+00  8.28120649e-01  1.76975689e+01 -4.09862041e+00
 -6.08406246e-01 -4.14046258e-01 -3.46663117e-01 -6.60159392e-03]"
1747093076.8994985,"[ 0.          0.21766553  1.13642104 -2.35951492 -1.71113906  1.93338291
  0.66127941  1.53933281]","[ 0.00000000e+00  1.20733576e-01  2.48219580e-01 -1.64392656e-04
  2.17698572e-01 -2.66316109e-03  1.05819570e-05  2.64349338e-05]","[ 0.00000000e+00  8.05855334e-01  1.75922546e+01 -4.12737608e+00
 -5.93037069e-01 -4.32078719e-01 -3.23810995e-01  3.07713752e-03]"
1747093076.9006808,"[ 0.          0.21790753  1.13693077 -2.35951572 -1.71069484  1.93337519
  0.66127941  1.53933281]","[ 0.00000000e+00  1.17222306e-01  2.48762315e-01 -1.72347143e-04
  2.16938339e-01 -2.84818265e-03  1.05819570e-05  2.64548924e-05]","[ 0.00000000e+00  7.66788542e-01  1.74312458e+01 -4.16931915e+00
 -6.32313251e-01 -4.64416027e-01 -3.05023879e-01 -5.17871347e-04]"
1747093076.902487,"[ 0.          0.21802141  1.13717511 -2.35951625 -1.71047859  1.93337053
  0.66127941  1.53933281]","[ 0.00000000e+00  1.15601723e-01  2.47949485e-01 -1.77651911e-04
  2.19319155e-01 -3.06897196e-03  1.05898466e-05  2.64548924e-05]","[ 0.00000000e+00  7.63389766e-01  1.74168224e+01 -4.18652868e+00
 -6.41870797e-01 -4.70269740e-01 -2.96117544e-01  3.44788213e-03]"
1747093076.9037101,"[ 0.          0.21824457  1.13767965 -2.35951678 -1.71002586  1.93336187
  0.66127941  1.53933281]","[ 0.00000000e+00  1.13711036e-01  2.46254633e-01 -1.80308798e-04
  2.22020133e-01 -3.51045801e-03  1.05819570e-05  2.64551545e-05]","[ 0.00000000e+00  7.28818715e-01  1.72296429e+01 -4.19117069e+00
 -6.21205270e-01 -4.99142528e-01 -2.92710751e-01  1.25390943e-02]"
1747093076.9054687,"[ 0.          0.21836396  1.13792173 -2.35951705 -1.70980694  1.93335721
  0.66127941  1.53933281]","[ 0.00000000e+00  1.12344269e-01  2.45518602e-01 -1.79393207e-04
  2.22020133e-01 -3.86134951e-03  1.05899522e-05  2.64551545e-05]","[ 0.00000000e+00  7.02335775e-01  1.70709324e+01 -4.20581818e+00
 -5.63000083e-01 -4.93953854e-01 -2.96601415e-01  9.98692680e-03]"
1747093076.9071603,"[ 0.          0.21858575  1.13840523 -2.35951812 -1.70934782  1.93334669
  0.66127941  1.53933281]","[ 0.00000000e+00  1.12360547e-01  2.44438224e-01 -1.85953289e-04
  2.24688538e-01 -4.50428914e-03  1.05819570e-05  2.64349338e-05]","[ 0.00000000e+00  6.60001874e-01  1.68782425e+01 -4.19574928e+00
 -5.89460373e-01 -5.09529829e-01 -2.94473708e-01  9.67887603e-03]"
1747093076.9088192,"[ 0.          0.2188135   1.1389035  -2.35951891 -1.7089004   1.93333338
  0.66127941  1.53933281]","[ 0.00000000e+00  1.10588888e-01  2.44168113e-01 -1.90915767e-04
  2.27422073e-01 -5.28479871e-03  1.05899522e-05  1.85184257e-05]","[ 0.00000000e+00  6.16620481e-01  1.66890392e+01 -4.20854425e+00
 -6.08145595e-01 -5.22410870e-01 -2.89862454e-01 -1.21546937e-02]"
1747093076.9105275,"[ 0.          0.21892141  1.13914319 -2.35951945 -1.70867723  1.93332672
  0.66127941  1.53933281]","[ 0.00000000e+00  1.09389475e-01  2.43087735e-01 -1.92279694e-04
  2.26341678e-01 -5.79234260e-03  1.05900569e-05  1.85186086e-05]","[ 0.00000000e+00  5.92460096e-01  1.66799412e+01 -4.22615433e+00
 -6.29804373e-01 -5.20467579e-01 -2.91382968e-01 -6.33383496e-03]"
1747093076.9121888,"[ 0.          0.21914091  1.13961843 -2.35951998 -1.70821331  1.93330861
  0.66127941  1.53933281]","[ 0.00000000e+00  1.11280161e-01  2.40926946e-01 -1.88329881e-04
  2.26694680e-01 -7.49226901e-03  1.05820616e-05  1.85184257e-05]","[ 0.00000000e+00  5.34112811e-01  1.65496712e+01 -4.21041203e+00
 -6.53144062e-01 -5.15045226e-01 -2.72814512e-01  3.92951025e-03]"
1747093076.9132895,"[ 0.          0.21936821  1.14010792 -2.35952025 -1.7077611   1.93328864
  0.66127941  1.53933387]","[ 0.00000000e+00  1.11280161e-01  2.38254431e-01 -1.83539702e-04
  2.30123051e-01 -9.47343408e-03  1.05899522e-05  2.91003827e-05]","[ 0.00000000e+00  4.75536495e-01  1.64408913e+01 -4.21512651e+00
 -6.25256062e-01 -5.21498322e-01 -2.28300437e-01  5.79005806e-04]"
1747093076.9150114,"[ 0.          0.21947705  1.14034028 -2.35952078 -1.70753474  1.93327918
  0.66127941  1.53933387]","[ 0.00000000e+00  1.10469869e-01  2.35525007e-01 -1.89366374e-04
  2.29582862e-01 -9.90357413e-03  1.05819570e-05  2.90784288e-05]","[ 0.00000000e+00  4.36692297e-01  1.63800507e+01 -4.20000887e+00
 -5.98595977e-01 -5.11904299e-01 -2.16767609e-01 -4.25129198e-03]"
1747093076.916669,"[ 0.          0.21969929  1.14079754 -2.35952131 -1.70706229  1.93325734
  0.66128041  1.53933387]","[ 0.00000000e+00  1.08582745e-01  2.31203445e-01 -1.90071501e-04
  2.31743634e-01 -1.03542996e-02  1.05899522e-05  2.91006692e-05]","[ 0.          0.39476883 16.32230186 -4.19907093 -0.60626656 -0.50779766
 -0.23753464 -0.02058543]"
1747093076.918356,"[ 0.          0.21980628  1.14104282 -2.35952184 -1.70683326  1.93324776
  0.66128041  1.53933387]","[ 0.00000000e+00  1.08469170e-01  2.30957752e-01 -1.98106351e-04
  2.32283823e-01 -1.03542996e-02  1.05900569e-05  2.91003827e-05]","[ 0.          0.36639041 16.3598671  -4.19248629 -0.64958858 -0.52728122
 -0.24098432 -0.02727908]"
1747093076.9200766,"[ 0.          0.22001797  1.14149369 -2.35952264 -1.70637679  1.93323071
  0.66128041  1.53933387]","[ 0.00000000e+00  1.06688505e-01  2.27731299e-01 -1.98711901e-04
  2.31203445e-01 -9.00324883e-03  1.05819570e-05  2.91003827e-05]","[ 0.          0.3118878  16.31336975 -4.16725779 -0.71587473 -0.52884567
 -0.23337096 -0.03599147]"
1747093076.9217308,"[ 0.          0.22013     1.14171687 -2.35952264 -1.70613285  1.93322392
  0.66128041  1.53933387]","[ 0.00000000e+00  1.05573523e-01  2.26341678e-01 -2.00954230e-04
  2.29703902e-01 -7.89995060e-03  1.05899522e-05  2.91006692e-05]","[ 0.          0.28806797 16.26801109 -4.15815687 -0.69741172 -0.53159958
 -0.22985345 -0.02809724]"
1747093076.9229076,"[ 0.          0.220327    1.14217426 -2.35952318 -1.70568117  1.9332126
  0.66128041  1.53933387]","[ 0.00000000e+00  9.77752879e-02  2.22560322e-01 -1.99357064e-04
  2.29042656e-01 -5.96688472e-03  1.05820616e-05  2.90787152e-05]","[ 0.00000000e+00  3.06221843e-01  1.62787609e+01 -4.12066174e+00
 -6.56050563e-01 -5.05688190e-01 -2.39940926e-01 -4.89915069e-03]"
1747093076.9245846,"[ 0.          0.22051986  1.14260676 -2.35952344 -1.70520926  1.93320208
  0.66128041  1.53933387]","[ 0.00000000e+00  9.30351025e-02  2.17428461e-01 -2.00339641e-04
  2.30489951e-01 -5.00165319e-03  1.05900569e-05  2.91003827e-05]","[ 0.00000000e+00  2.84438044e-01  1.62756653e+01 -4.09629011e+00
 -6.34329438e-01 -5.15204489e-01 -2.62815952e-01  1.04191589e-04]"
1747093076.9263253,"[ 0.          0.22060849  1.14283366 -2.35952344 -1.70498076  1.93319836
  0.66128041  1.53933387]","[ 0.00000000e+00  8.99424568e-02  2.13453743e-01 -1.94177587e-04
  2.31743634e-01 -4.73997057e-03  1.05899522e-05  2.91003827e-05]","[ 0.00000000e+00  2.66399920e-01  1.63502636e+01 -4.08128834e+00
 -6.09056413e-01 -5.33414304e-01 -2.61345476e-01 -8.60055350e-03]"
1747093076.928044,"[ 0.          0.22078113  1.14324965 -2.35952397 -1.70451791  1.9331897
  0.66128041  1.53933387]","[ 0.00000000e+00  8.69713844e-02  2.10946127e-01 -1.97907199e-04
  2.36065196e-01 -4.03775273e-03  1.05819570e-05  2.91006692e-05]","[ 0.          0.28744689 16.42783546 -4.05685139 -0.64298004 -0.54283106
 -0.25656748 -0.02604662]"
1747093076.9291074,"[ 0.          0.22087389  1.14345724 -2.35952397 -1.70428461  1.93318504
  0.66128041  1.53933387]","[ 0.00000000e+00  8.72674280e-02  2.10676033e-01 -1.98079303e-04
  2.36605385e-01 -4.38741538e-03  1.05899522e-05  2.91006692e-05]","[ 0.          0.30354139 16.43896675 -4.03546476 -0.64144146 -0.53983486
 -0.25893489 -0.02725165]"
1747093076.930855,"[ 0.          0.2210415   1.14388561 -2.35952451 -1.70379939  1.93317545
  0.66128041  1.53933387]","[ 0.00000000e+00  8.36453791e-02  2.08192552e-01 -2.06322456e-04
  2.36365667e-01 -4.57423352e-03  1.05900569e-05  2.91003827e-05]","[ 0.          0.37450865 16.54327774 -4.00750256 -0.69718641 -0.5371139
 -0.25476483 -0.02103165]"
1747093076.9324086,"[ 0.          0.22120957  1.14429574 -2.35952504 -1.70333227  1.93316507
  0.66128041  1.53933387]","[ 0.00000000e+00  8.17505150e-02  2.07704960e-01 -2.17017932e-04
  2.36065196e-01 -4.71857009e-03  1.05899522e-05  2.91003827e-05]","[ 0.00000000e+00  4.40272510e-01  1.66825924e+01 -3.98828435e+00
 -7.47660398e-01 -5.25428534e-01 -2.52232581e-01  9.16231330e-03]"
1747093076.9340959,"[ 0.          0.22128808  1.1445     -2.35952504 -1.70308086  1.93315934
  0.66128041  1.53933387]","[ 0.00000000e+00  7.96787588e-02  2.07164771e-01 -2.18582360e-04
  2.36725427e-01 -4.98281029e-03  1.05899522e-05  2.91003827e-05]","[ 0.00000000e+00  4.70888287e-01  1.68382835e+01 -3.97181749e+00
 -7.47561932e-01 -5.02403617e-01 -2.59332120e-01  4.88461182e-03]"
1747093076.9358673,"[ 0.          0.22143916  1.14492025 -2.35952531 -1.70261268  1.93314882
  0.66128041  1.53933387]","[ 0.00000000e+00  7.53571974e-02  2.04463793e-01 -2.20255581e-04
  2.38225968e-01 -5.24366796e-03  1.05819570e-05  2.91003827e-05]","[ 0.00000000e+00  5.35764992e-01  1.70161724e+01 -3.94336820e+00
 -7.43224800e-01 -4.84903276e-01 -2.74429142e-01 -4.31991648e-03]"
1747093076.9375591,"[ 0.          0.22151906  1.14511812 -2.35952531 -1.70235862  1.9331431
  0.66128041  1.53933387]","[ 0.00000000e+00  7.51597656e-02  2.00479088e-01 -2.20896404e-04
  2.39233109e-01 -5.35352856e-03  1.05819570e-05  2.91003827e-05]","[ 0.00000000e+00  5.88774800e-01  1.70694790e+01 -3.94345856e+00
 -7.61973560e-01 -4.90709543e-01 -2.74542361e-01 -7.50329671e-03]"
1747093076.938717,"[ 0.          0.22166921  1.14552452 -2.35952584 -1.70188617  1.93313178
  0.66128041  1.53933387]","[ 0.00000000e+00  7.67076863e-02  1.97419649e-01 -2.24866780e-04
  2.39306363e-01 -5.55473298e-03  1.05899522e-05  2.91003827e-05]","[ 0.00000000e+00  6.60359442e-01  1.72247353e+01 -3.95066309e+00
 -8.39302242e-01 -5.23139060e-01 -2.81190842e-01  6.27087848e-03]"
1747093076.9403784,"[ 0.          0.22174589  1.1457196  -2.35952584 -1.70165021  1.93312512
  0.66128041  1.53933387]","[ 0.00000000e+00  7.77880725e-02  1.97711348e-01 -2.30371302e-04
  2.39306363e-01 -5.68804656e-03  1.05819570e-05  2.91006692e-05]","[ 0.00000000e+00  7.08828628e-01  1.73800278e+01 -3.94992685e+00
 -8.40258121e-01 -5.35245359e-01 -2.79919505e-01 -2.35213572e-03]"
1747093076.9421313,"[ 0.          0.22190891  1.14612427 -2.35952637 -1.70116073  1.93311274
  0.66128041  1.53933387]","[ 0.00000000e+00  8.04890505e-02  1.97605554e-01 -2.39108450e-04
  2.38766174e-01 -6.06351846e-03  1.05899522e-05  2.91006692e-05]","[ 0.00000000e+00  7.58514047e-01  1.75864525e+01 -3.95177865e+00
 -8.63746881e-01 -5.40671766e-01 -2.91482121e-01  3.24625056e-04]"
1747093076.9432578,"[ 0.          0.22198972  1.14631987 -2.35952637 -1.70092637  1.93310608
  0.66128041  1.53933387]","[ 0.00000000e+00  8.17566153e-02  1.98251554e-01 -2.42359265e-04
  2.37685779e-01 -6.27627382e-03  1.05819570e-05  2.90784288e-05]","[ 0.00000000e+00  7.81774879e-01  1.76010036e+01 -3.97051978e+00
 -8.33401561e-01 -5.34912348e-01 -3.00774902e-01 -1.19926622e-02]"
1747093076.9449384,"[ 0.          0.22215779  1.14671202 -2.3595269  -1.70044167  1.93309463
  0.66128041  1.53933387]","[ 0.00000000e+00  8.17505150e-02  1.98791743e-01 -2.52944550e-04
  2.36725427e-01 -5.97285759e-03  1.05899522e-05  2.91003827e-05]","[ 0.00000000e+00  8.40590000e-01  1.76249790e+01 -3.98211956e+00
 -8.53459716e-01 -5.23070276e-01 -3.14418554e-01 -4.36738040e-03]"
1747093076.946646,"[ 0.          0.22223815  1.14690803 -2.35952717 -1.70020572  1.93308983
  0.66128041  1.53933481]","[ 0.00000000e+00  8.15694367e-02  1.98791743e-01 -2.56777038e-04
  2.39306363e-01 -5.69119710e-03  1.05899522e-05  3.70368514e-05]","[ 0.00000000e+00  8.68806422e-01  1.76880550e+01 -4.00182772e+00
 -8.42200339e-01 -5.15880406e-01 -3.02134812e-01 -1.81204255e-03]"
1747093076.9477897,"[ 0.          0.22240208  1.14731164 -2.3595277  -1.69973061  1.93307838
  0.66128041  1.53933481]","[ 0.00000000e+00  8.34601230e-02  1.95550576e-01 -2.60332416e-04
  2.41467152e-01 -5.73248442e-03  1.05820616e-05  2.91006692e-05]","[ 0.          0.86571318 17.65884781 -4.02919483 -0.82242966 -0.52039367
 -0.2792064  -0.01971416]"
1747093076.95,"[ 0.          0.22257197  1.14769513 -2.3595285  -1.69923526  1.93306706
  0.66128041  1.53933481]","[ 0.00000000e+00  8.24633683e-02  1.93929992e-01 -2.72543946e-04
  2.42014448e-01 -5.61681688e-03  1.05899522e-05  2.91003827e-05]","[ 0.00000000e+00  8.91988039e-01  1.76583595e+01 -4.04687786e+00
 -8.40455413e-01 -5.53918302e-01 -2.82658398e-01 -1.11819943e-03]"
1747093076.9511447,"[ 0.          0.22265417  1.14790086 -2.35952903 -1.69899611  1.93306134
  0.66128041  1.53933481]","[ 0.00000000e+00  8.33755593e-02  1.93411125e-01 -2.76715669e-04
  2.42547529e-01 -5.55473298e-03  1.05819570e-05  2.91223691e-05]","[ 0.00000000e+00  8.88238430e-01  1.76505833e+01 -4.05916023e+00
 -8.54024470e-01 -5.79131186e-01 -2.74489135e-01  6.73104776e-03]"
1747093076.9528193,"[ 0.          0.22282546  1.14827823 -2.35952957 -1.69851993  1.93304709
  0.66128041  1.53933481]","[ 0.00000000e+00  8.30043562e-02  1.90958920e-01 -2.81904541e-04
  2.40926946e-01 -6.09850730e-03  1.05899522e-05  2.91003827e-05]","[ 0.00000000e+00  8.92063379e-01  1.76567802e+01 -4.09844398e+00
 -8.39112222e-01 -5.63386679e-01 -2.79477924e-01 -3.68088763e-03]"
1747093076.9545732,"[ 0.          0.22298663  1.14867318 -2.35953037 -1.69802991  1.93303178
  0.66128041  1.53933481]","[ 0.00000000e+00  8.10292395e-02  1.93273706e-01 -2.86664909e-04
  2.38766174e-01 -7.02091603e-03  1.05819570e-05  2.91003827e-05]","[ 0.00000000e+00  8.63399029e-01  1.76750088e+01 -4.11664963e+00
 -7.38992631e-01 -5.41885078e-01 -2.78497815e-01 -2.40593660e-03]"
1747093076.9562776,"[ 0.          0.22306652  1.14886559 -2.3595309  -1.69779396  1.93302232
  0.66128041  1.53933481]","[ 0.00000000e+00  8.09471475e-02  1.94812797e-01 -2.86664909e-04
  2.39063898e-01 -8.27891374e-03  1.05819570e-05  2.91006692e-05]","[ 0.00000000e+00  8.68821919e-01  1.76834354e+01 -4.11664963e+00
 -7.08788335e-01 -5.56417763e-01 -2.71517783e-01 -5.27818827e-03]"
1747093076.9579651,"[ 0.          0.22323046  1.14925308 -2.3595309  -1.69730553  1.93299662
  0.66128041  1.53933481]","[ 0.00000000e+00  7.99951423e-02  1.97711348e-01 -2.81904541e-04
  2.38766174e-01 -1.10338124e-02  1.05899522e-05  2.91006692e-05]","[ 0.00000000e+00  8.73143137e-01  1.76363792e+01 -4.11758900e+00
 -7.01275527e-01 -5.77984214e-01 -2.57308871e-01 -4.36304079e-04]"
1747093076.9597156,"[ 0.          0.22330761  1.14944549 -2.35953143 -1.69706958  1.93298331
  0.66128041  1.53933481]","[ 0.00000000e+00  7.83282698e-02  1.95010370e-01 -2.81904541e-04
  2.39306363e-01 -1.22040657e-02  1.05819570e-05  2.91003827e-05]","[ 0.00000000e+00  8.51214826e-01  1.75782394e+01 -4.11198044e+00
 -7.22770154e-01 -5.89270771e-01 -2.56836355e-01 -4.40932252e-03]"
1747093076.9614375,"[ 0.          0.2234628   1.14984137 -2.3595317  -1.69657796  1.93295095
  0.66128134  1.53933481]","[ 0.00000000e+00  7.92189058e-02  1.91769203e-01 -2.72705209e-04
  2.40236189e-01 -1.58645338e-02  1.85184257e-05  2.91006692e-05]","[ 0.00000000e+00  8.21907938e-01  1.73957977e+01 -4.09022427e+00
 -7.42680311e-01 -6.03396952e-01 -2.54522085e-01 -3.52945132e-03]"
1747093076.9631975,"[ 0.          0.22362078  1.15023299 -2.35953223 -1.69610551  1.93291579
  0.66128134  1.53933481]","[ 0.00000000e+00  7.58973946e-02  1.89903676e-01 -2.72995988e-04
  2.39306363e-01 -1.78173987e-02  1.85324169e-05  2.91003827e-05]","[ 0.00000000e+00  7.96488404e-01  1.72702503e+01 -4.09090328e+00
 -7.06973135e-01 -5.83228588e-01 -2.18789697e-01  3.19443294e-03]"
1747093076.9644186,"[ 0.          0.22376587  1.15060131 -2.35953276 -1.695632    1.93287491
  0.66128134  1.53933481]","[ 0.00000000e+00  7.26562194e-02  1.85286870e-01 -2.64143318e-04
  2.40386757e-01 -1.95599403e-02  1.85184257e-05  2.91003827e-05]","[ 0.00000000e+00  7.52138436e-01  1.71270943e+01 -4.05988884e+00
 -6.89992726e-01 -5.84325194e-01 -2.29731336e-01  2.92428560e-03]"
1747093076.9661744,"[ 0.          0.22384302  1.15078227 -2.35953276 -1.69537634  1.93285494
  0.66128134  1.53933481]","[ 0.00000000e+00  7.27228567e-02  1.83666286e-01 -2.64143318e-04
  2.40737728e-01 -2.02573099e-02  1.85604623e-05  2.91003827e-05]","[ 0.00000000e+00  7.43045151e-01  1.70304585e+01 -4.05209303e+00
 -6.76458240e-01 -5.81021845e-01 -2.36158162e-01  5.92099689e-03]"
1747093076.9679363,"[ 0.          0.22397939  1.15115458 -2.3595333  -1.69490549  1.9328102
  0.66128134  1.53933481]","[ 0.00000000e+00  6.80645635e-02  1.82057903e-01 -2.64321306e-04
  2.38766174e-01 -2.32048487e-02  1.85466133e-05  2.91003827e-05]","[ 0.00000000e+00  7.32041240e-01  1.69206505e+01 -4.03454161e+00
 -6.79662049e-01 -5.86101890e-01 -2.43362010e-01  8.96851299e-04]"
1747093076.9697375,"[ 0.          0.22411761  1.1515133  -2.35953356 -1.69443198  1.93275973
  0.66128134  1.53933481]","[ 0.00000000e+00  6.79582534e-02  1.81505497e-01 -2.56065231e-04
  2.40386757e-01 -2.51190644e-02  1.85604623e-05  2.91443860e-05]","[ 0.00000000e+00  7.35036194e-01  1.68143978e+01 -4.01736593e+00
 -7.09163785e-01 -6.01052165e-01 -2.28788108e-01  5.68021834e-03]"
1747093076.9715037,"[ 0.          0.22425629  1.15188149 -2.35953409 -1.69393823  1.93273696
  0.66128134  1.53933481]","[ 0.00000000e+00  7.07655415e-02  1.78804536e-01 -2.48097480e-04
  2.40926946e-01 -2.32283823e-02  1.85464284e-05  2.91443860e-05]","[ 0.00000000e+00  7.17715144e-01  1.67314968e+01 -3.94706154e+00
 -8.65451634e-01 -5.97748578e-01 -2.00937554e-01  1.24407541e-02]"
1747093076.973185,"[ 0.          0.22433114  1.15205739 -2.35953409 -1.69370121  1.93271406
  0.66128134  1.53933481]","[ 0.00000000e+00  7.04659358e-02  1.78264330e-01 -2.44356603e-04
  2.40386757e-01 -2.32283823e-02  1.85464284e-05  2.91443860e-05]","[ 0.00000000e+00  7.12392986e-01  1.67153568e+01 -3.91807914e+00
 -9.27240074e-01 -6.10335052e-01 -1.96762428e-01  1.39593740e-03]"
1747093076.9748955,"[ 0.          0.22447164  1.15241146 -2.35953409 -1.69322291  1.93267132
  0.66128227  1.53933481]","[ 0.00000000e+00  7.18459277e-02  1.79702654e-01 -2.31869281e-04
  2.42547529e-01 -2.02367869e-02  2.91443860e-05  2.91664395e-05]","[ 0.00000000e+00  7.05067754e-01  1.66230183e+01 -3.88829088e+00
 -9.98458505e-01 -5.78581929e-01 -1.95643738e-01 -7.66313775e-03]"
1747093076.9771278,"[ 0.          0.22461215  1.15277604 -2.35953409 -1.69272916  1.93263603
  0.66128227  1.53933481]","[ 0.00000000e+00  7.13057304e-02  1.77724141e-01 -2.23733522e-04
  2.40386757e-01 -1.64759457e-02  2.91443860e-05  2.91443860e-05]","[ 0.          0.70758969 16.53348541 -3.84762263 -1.00782323 -0.53453493
 -0.20921622  0.02919234]"
1747093076.978816,"[ 0.          0.22474992  1.15313837 -2.35953463 -1.69225565  1.93260753
  0.66128227  1.53933481]","[ 0.00000000e+00  6.61738814e-02  1.77042538e-01 -2.24835863e-04
  2.40386757e-01 -1.24244839e-02  2.91443860e-05  2.91664395e-05]","[ 0.          0.67942244 16.43473625 -3.83631945 -0.99123025 -0.53880554
 -0.22202365  0.03539538]"
1747093076.980497,"[ 0.          0.22481329  1.15331094 -2.35953463 -1.69199892  1.93259515
  0.66128227  1.53933481]","[ 0.00000000e+00  6.42180684e-02  1.75023163e-01 -2.17188150e-04
  2.41740791e-01 -1.24244839e-02  2.91443860e-05  2.11959173e-05]","[ 0.          0.69282019 16.33379936 -3.80504203 -0.98649555 -0.53731811
 -0.22735116  0.02603712]"
1747093076.9821978,"[ 0.          0.22494598  1.15365542 -2.35953463 -1.69152168  1.93257424
  0.66128227  1.53933481]","[ 0.00000000e+00  6.48879324e-02  1.74036362e-01 -2.13002400e-04
  2.42007340e-01 -1.01379479e-02  2.91443860e-05  2.11959173e-05]","[ 0.          0.69460475 16.27553177 -3.78672743 -0.97254884 -0.57319671
 -0.23041849  0.02234772]"
1747093076.983869,"[ 0.          0.22507365  1.15401028 -2.35953463 -1.69103858  1.93255613
  0.66128227  1.53933481]","[ 0.00000000e+00  6.48233924e-02  1.72322185e-01 -2.05344577e-04
  2.45788696e-01 -9.18331389e-03  2.91443860e-05  2.11959173e-05]","[ 0.00000000e+00  6.86118841e-01  1.61964779e+01 -3.73997188e+00
 -9.42787528e-01 -6.13202155e-01 -2.37818196e-01  1.59391295e-02]"
1747093076.9861677,"[ 0.          0.22520636  1.15434651 -2.35953463 -1.69053418  1.93253909
  0.66128227  1.53933481]","[ 0.00000000e+00  6.51384652e-02  1.69621207e-01 -1.94382802e-04
  2.46328902e-01 -8.64311923e-03  2.91446766e-05  2.11959173e-05]","[ 0.00000000e+00  7.18889713e-01  1.61458435e+01 -3.71555138e+00
 -9.17953372e-01 -6.16742909e-01 -2.26360083e-01  9.60573927e-03]"
1747093076.9877586,"[ 0.          0.22533722  1.15469312 -2.35953463 -1.69003138  1.93252098
  0.66128227  1.53933481]","[ 0.00000000e+00  6.66464801e-02  1.67830415e-01 -1.82922789e-04
  2.44750014e-01 -8.77483075e-03  2.91443860e-05  2.11959173e-05]","[ 0.00000000e+00  7.36087382e-01  1.61455860e+01 -3.71708322e+00
 -8.93252671e-01 -5.90188503e-01 -2.16204345e-01  4.62919148e-03]"
1747093076.9900181,"[ 0.          0.22546488  1.15502055 -2.35953463 -1.68954615  1.93250766
  0.66128227  1.53933481]","[ 0.00000000e+00  6.32028089e-02  1.64759457e-01 -1.74944521e-04
  2.45788696e-01 -7.38016918e-03  2.91443860e-05  2.11959173e-05]","[ 0.          0.76067716 16.15134621 -3.69163489 -0.90998906 -0.5699966
 -0.22239606  0.02249349]"
1747093076.9917502,"[ 0.          0.22559023  1.15535212 -2.35953463 -1.68904228  1.93249808
  0.66128327  1.53933574]","[ 0.00000000e+00  6.06715367e-02  1.61745657e-01 -1.64799575e-04
  2.46756156e-01 -5.35264638e-03  3.70928568e-05  2.91446766e-05]","[ 0.          0.78553325 16.22698975 -3.686836   -0.96203095 -0.56626338
 -0.21051981  0.02915518]"
1747093076.993959,"[ 0.          0.22570916  1.15566477 -2.35953516 -1.68855439  1.93249142
  0.66128327  1.53933574]","[ 0.00000000e+00  5.99616379e-02  1.58277123e-01 -1.70049305e-04
  2.47949485e-01 -3.77317704e-03  3.70928568e-05  2.91443860e-05]","[ 0.          0.80405992 16.29846573 -3.69207788 -1.05198121 -0.57673609
 -0.19099717  0.02205356]"
1747093076.9956465,"[ 0.          0.22577988  1.1558195  -2.35953516 -1.68831151  1.93248956
  0.66128327  1.53933574]","[ 0.00000000e+00  5.83526225e-02  1.56926634e-01 -1.67703012e-04
  2.46079314e-01 -2.88103966e-03  3.70928568e-05  2.91664395e-05]","[ 0.00000000e+00  7.97838926e-01  1.63952484e+01 -3.68104815e+00
 -1.08116996e+00 -5.78238964e-01 -1.93573222e-01  6.91054482e-03]"
1747093076.9983995,"[ 0.          0.22588917  1.15613589 -2.35953516 -1.6878103   1.93248476
  0.66128327  1.53933574]","[ 0.00000000e+00  5.50998833e-02  1.53685467e-01 -1.63976277e-04
  2.44750014e-01 -2.19443069e-03  3.70928568e-05  2.91443860e-05]","[ 0.          0.90147084 16.56613541 -3.71609473 -1.07438231 -0.57703733
 -0.20345299  0.03135621]"
1747093077.0006697,"[ 0.          0.22606366  1.15659928 -2.35953516 -1.68709338  1.93247917
  0.66128327  1.53933574]","[ 0.00000000e+00  5.96915434e-02  1.52824867e-01 -1.54230739e-04
  2.40926946e-01 -1.85447675e-03  3.70928568e-05  2.91443860e-05]","[ 0.          1.00917065 16.79261398 -3.74827886 -1.04605281 -0.57647562
 -0.22182061  0.04066985]"
1747093077.002367,"[ 0.          0.22618167  1.1569074  -2.35953516 -1.6865959   1.93247438
  0.66128327  1.53933574]","[ 0.00000000e+00  5.99616379e-02  1.56926634e-01 -1.52319486e-04
  2.44168113e-01 -2.07436166e-03  3.70932266e-05  2.91443860e-05]","[ 0.          1.03395951 16.9063282  -3.76928973 -1.0434655  -0.60832316
 -0.23782353  0.03390248]"
1747093077.004033,"[ 0.          0.22630702  1.15723058 -2.35953516 -1.68611493  1.93246772
  0.66128327  1.53933574]","[ 0.00000000e+00  6.19398090e-02  1.58817312e-01 -1.44914210e-04
  2.44168113e-01 -2.41590791e-03  3.70932266e-05  2.91443860e-05]","[ 0.          1.01744819 16.8889904  -3.79125762 -1.03254604 -0.63233393
 -0.23394801  0.01935589]"
1747093077.0056782,"[ 0.          0.2264356   1.1575447  -2.35953543 -1.68561745  1.93246199
  0.6612842   1.53933574]","[ 0.00000000e+00  6.55671883e-02  1.59897707e-01 -1.46720784e-04
  2.42547529e-01 -2.53718681e-03  4.76908124e-05  2.91443860e-05]","[ 0.          1.02741134 16.86956787 -3.82907271 -1.01888716 -0.61781806
 -0.23012251  0.02691771]"
1747093077.00736,"[ 0.          0.22650586  1.15770222 -2.35953543 -1.68537883  1.9324592
  0.6612842   1.53933574]","[ 0.00000000e+00  6.62028724e-02  1.59735703e-01 -1.46571095e-04
  2.42007340e-01 -2.55306045e-03  4.76908124e-05  2.91443860e-05]","[ 0.          1.02307272 16.89008141 -3.84661317 -0.97240168 -0.59726018
 -0.21574757  0.02629278]"
1747093077.0090623,"[ 0.          0.22663857  1.15803059 -2.35953543 -1.68490586  1.93245347
  0.6612842   1.53933574]","[ 0.00000000e+00  6.75243704e-02  1.60707990e-01 -1.39423164e-04
  2.38225968e-01 -2.60531432e-03  4.76908124e-05  2.91443860e-05]","[ 0.          1.03269196 16.89218712 -3.90897131 -0.88269949 -0.60417998
 -0.22663409  0.05217811]"
1747093077.0107896,"[ 0.          0.2267079   1.15834511 -2.35953596 -1.68442276  1.93244868
  0.6612842   1.53933574]","[ 0.00000000e+00  7.02253442e-02  1.58817312e-01 -1.42651336e-04
  2.35525007e-01 -2.61254308e-03  4.76908124e-05  2.91443860e-05]","[ 0.          1.02504814 16.90788841 -3.91522026 -0.82326907 -0.62862945
 -0.24209578  0.05472706]"
1747093077.0124059,"[ 0.          0.22678551  1.15850903 -2.35953596 -1.68418893  1.93244588
  0.6612842   1.53933574]","[ 0.00000000e+00  7.29736182e-02  1.54328055e-01 -1.42649467e-04
  2.37145590e-01 -2.69439160e-03  4.76903370e-05  2.91443860e-05]","[ 0.          0.98429811 16.93353653 -3.92350602 -0.79525214 -0.65632522
 -0.24488057  0.02953075]"
1747093077.0141027,"[ 0.          0.2269352   1.1588093  -2.35953649 -1.68372235  1.93243922
  0.6612842   1.53933574]","[ 0.00000000e+00  7.66299637e-02  1.51254584e-01 -1.46273960e-04
  2.35525007e-01 -2.90937605e-03  4.76908124e-05  1.85464284e-05]","[ 0.00000000e+00  9.35354590e-01  1.70193443e+01 -3.93914509e+00
 -7.31322169e-01 -6.87367082e-01 -2.39162341e-01  9.48462542e-03]"
1747093077.01585,"[ 0.          0.22709683  1.15912062 -2.35953649 -1.68323872  1.9324315
  0.6612842   1.53933574]","[ 0.00000000e+00  7.99951423e-02  1.52334978e-01 -1.44270315e-04
  2.36065196e-01 -3.00555388e-03  3.70928568e-05  1.85464284e-05]","[ 0.          0.84652299 17.11191177 -3.9377954  -0.65345913 -0.67926306
 -0.23894982  0.02697784]"
1747093077.0169442,"[ 0.          0.2271772   1.15926989 -2.35953676 -1.68300489  1.9324287
  0.6612842   1.53933574]","[ 0.00000000e+00  8.15694367e-02  1.51254584e-01 -1.40833482e-04
  2.37145590e-01 -3.00555388e-03  3.70932266e-05  1.85464284e-05]","[ 0.          0.7930218  17.14757156 -3.97964668 -0.62724602 -0.68756258
 -0.23797718  0.02097177]"
1747093077.019163,"[ 0.          0.22734158  1.15956883 -2.35953729 -1.68252233  1.93242298
  0.6612842   1.53933574]","[ 0.00000000e+00  8.34601230e-02  1.50714395e-01 -1.46131472e-04
  2.34984801e-01 -3.00555388e-03  3.70648338e-05  1.85464284e-05]","[ 0.          0.66750264 17.14740372 -3.99906826 -0.58852082 -0.6862092
 -0.25476453  0.01960052]"
1747093077.0208788,"[ 0.          0.22751608  1.15987829 -2.35953782 -1.6820584   1.93242018
  0.6612842   1.53933574]","[ 0.00000000e+00  8.67012899e-02  1.51254584e-01 -1.44315666e-04
  2.35525007e-01 -2.74106505e-03  3.70928568e-05  1.85464284e-05]","[ 0.          0.50322956 17.05540276 -4.03735018 -0.56595206 -0.67176187
 -0.23624256  0.03796776]"
1747093077.0240016,"[ 0.          0.22769561  1.16017444 -2.35953836 -1.68157424  1.93241725
  0.66128514  1.53933574]","[ 0.00000000e+00  8.77689595e-02  1.50174189e-01 -1.49035283e-04
  2.36223887e-01 -2.60531432e-03  4.76908124e-05  1.85604623e-05]","[ 0.          0.37387535 16.94857979 -4.06718874 -0.59754729 -0.67530084
 -0.19779499  0.03354385]"
1747093077.0256224,"[ 0.          0.22795505  1.16062038 -2.35953969 -1.68087489  1.93241352
  0.66128514  1.53933574]","[ 0.00000000e+00  8.75115816e-02  1.45165216e-01 -1.59717479e-04
  2.36365667e-01 -2.11957766e-03  4.76908124e-05  1.85464284e-05]","[ 0.          0.18569544 16.72304726 -4.11416769 -0.66969538 -0.66583461
 -0.20034401  0.0183739 ]"
1747093077.027339,"[ 0.          0.22804507  1.16076087 -2.35954022 -1.68062296  1.93241259
  0.66128607  1.53933574]","[ 0.00000000e+00  8.47597373e-02  1.42611461e-01 -1.64164652e-04
  2.37226966e-01 -1.89878834e-03  5.56392812e-05  1.85324169e-05]","[ 0.          0.11894937 16.73253822 -4.14488506 -0.65222132 -0.65804362
 -0.18683015  0.01709991]"
1747093077.0290594,"[ 0.          0.22820118  1.16104329 -2.35954155 -1.68015904  1.93241059
  0.66128607  1.53933574]","[ 0.00000000e+00  7.77880725e-02  1.37209521e-01 -1.75684482e-04
  2.34444612e-01 -1.50124302e-03  5.56387285e-05  1.85464284e-05]","[ 0.          0.06417916 16.72062683 -4.19765282 -0.64745128 -0.64737231
 -0.18500012  0.02195463]"
1747093077.0307732,"[ 0.          0.2283472   1.1613188  -2.35954288 -1.67967754  1.93240873
  0.66128607  1.53933574]","[ 0.00000000e+00  7.26562194e-02  1.35040593e-01 -1.86829284e-04
  2.34719284e-01 -1.19226250e-03  5.56387285e-05  1.85464284e-05]","[ 0.         -0.02711632 16.76277733 -4.22328758 -0.70156521 -0.64606273
 -0.19771871  0.02456358]"
1747093077.031834,"[ 0.          0.22842114  1.16145062 -2.35954342 -1.67944638  1.9324078
  0.66128607  1.53933574]","[ 0.00000000e+00  6.97136303e-02  1.33562788e-01 -1.90566081e-04
  2.34444612e-01 -1.10394672e-03  5.56392812e-05  1.85464284e-05]","[ 0.         -0.05018734 16.8032589  -4.20088482 -0.75988871 -0.64498872
 -0.20792305  0.02689766]"
1747093077.0334587,"[ 0.          0.22855155  1.16171508 -2.35954421 -1.67898725  1.9324058
  0.66128607  1.53933574]","[ 0.00000000e+00  6.56336883e-02  1.33968346e-01 -1.95195144e-04
  2.32824029e-01 -1.10216664e-03  5.56392812e-05  1.85464284e-05]","[ 0.         -0.05212543 16.84025002 -4.19031191 -0.80775261 -0.65245634
 -0.20607421  0.03243357]"
1747093077.0351498,"[ 0.          0.22861492  1.16185782 -2.35954475 -1.67873851  1.93240393
  0.66128707  1.53933574]","[ 0.00000000e+00  6.42831993e-02  1.34411896e-01 -1.99668536e-04
  2.33997401e-01 -1.10216664e-03  6.62873661e-05  1.85604623e-05]","[ 0.         -0.0639603  16.83566856 -4.18323803 -0.81093669 -0.67370468
 -0.19947653  0.03730615]"
1747093077.0362403,"[ 0.          0.22874348  1.16212467 -2.35954501 -1.67827885  1.93240207
  0.66128707  1.53933574]","[ 0.00000000e+00  6.14382733e-02  1.35588930e-01 -1.91984559e-04
  2.32588123e-01 -1.07575778e-03  6.62372408e-05  1.85464284e-05]","[ 0.         -0.07541375 16.77742958 -4.16464996 -0.82661086 -0.65896481
 -0.19628324  0.02637689]"
1747093077.037912,"[ 0.          0.22880089  1.16225783 -2.35954555 -1.67804928  1.93240207
  0.66128707  1.53933667]","[ 0.00000000e+00  5.83410544e-02  1.34911904e-01 -1.95031931e-04
  2.32824029e-01 -9.43714019e-04  6.62372408e-05  2.64948971e-05]","[ 0.         -0.07740109 16.74474716 -4.15584707 -0.83272415 -0.64466047
 -0.19228046  0.03994009]"
1747093077.0396152,"[ 0.          0.22891248  1.1625352  -2.35954661 -1.67756885  1.93240021
  0.66128707  1.53933667]","[ 0.00000000e+00  5.31629122e-02  1.35414967e-01 -1.95031931e-04
  2.35722347e-01 -9.57461353e-04  6.61372301e-05  2.65149452e-05]","[ 0.00000000e+00  1.25818383e-02  1.66372261e+01 -4.17708540e+00
 -7.85591602e-01 -6.26683056e-01 -1.87451616e-01  4.87506799e-02]"
1747093077.0413778,"[ 0.          0.22896253  1.16266742 -2.35954688 -1.67733768  1.93239914
  0.66128707  1.53933667]","[ 0.00000000e+00  5.07783261e-02  1.33968346e-01 -1.98079303e-04
  2.34444612e-01 -9.60473468e-04  6.61372301e-05  2.64551545e-05]","[ 0.          0.0412779  16.5855999  -4.13548756 -0.76276171 -0.63256472
 -0.1919876   0.04777518]"
1747093077.043162,"[ 0.          0.22905665  1.16292548 -2.35954794 -1.67687696  1.93239728
  0.66128707  1.53933667]","[ 0.00000000e+00  4.61866702e-02  1.28436137e-01 -1.97257501e-04
  2.32824029e-01 -9.51741863e-04  6.61878551e-05  2.64751417e-05]","[ 0.          0.16284452 16.49066162 -4.14872932 -0.76616824 -0.64277148
 -0.19220938  0.03158237]"
1747093077.0443914,"[ 0.          0.22909981  1.16305917 -2.35954848 -1.67662928  1.93239541
  0.66128707  1.53933667]","[ 0.00000000e+00  4.37557908e-02  1.26004421e-01 -2.03421799e-04
  2.33214664e-01 -9.98548870e-04  6.61378843e-05  2.64548924e-05]","[ 0.00000000e+00  2.29861259e-01  1.64347324e+01 -4.15903616e+00
 -7.65634716e-01 -6.47526264e-01 -2.00605452e-01 -6.93953875e-03]"
1747093077.0461662,"[ 0.          0.22917879  1.16329979 -2.35954874 -1.67616536  1.93239248
  0.66128707  1.53933667]","[ 0.00000000e+00  3.72356859e-02  1.20193379e-01 -1.99714455e-04
  2.35525007e-01 -1.05874483e-03  6.61372301e-05  1.85184257e-05]","[ 0.00000000e+00  3.83557528e-01  1.64520531e+01 -4.10221767e+00
 -7.34875262e-01 -6.82413638e-01 -2.19367832e-01 -9.84922517e-03]"
1747093077.047324,"[ 0.          0.22921278  1.1634159  -2.35954927 -1.6759342   1.93239155
  0.66128707  1.53933667]","[ 0.00000000e+00  3.45724769e-02  1.17762503e-01 -2.03603233e-04
  2.34444612e-01 -1.04655885e-03  6.61372301e-05  1.85184257e-05]","[ 0.00000000e+00  4.65690255e-01  1.64880466e+01 -4.04395914e+00
 -6.85086131e-01 -6.91466451e-01 -2.24393964e-01 -6.92387670e-03]"
1747093077.0490794,"[ 0.          0.22928212  1.16365332 -2.35955007 -1.67545217  1.93238875
  0.66128707  1.53933667]","[ 0.00000000e+00  3.36029739e-02  1.15061525e-01 -2.05205811e-04
  2.36365667e-01 -1.08597370e-03  6.61372301e-05  1.85184257e-05]","[ 0.00000000e+00  6.15487754e-01  1.66245480e+01 -3.97663403e+00
 -7.05671549e-01 -6.89480543e-01 -2.38939151e-01  1.62569489e-02]"
1747093077.0508451,"[ 0.          0.2293533   1.16387011 -2.35955007 -1.67498771  1.93238583
  0.66128707  1.53933667]","[ 0.00000000e+00  3.72734528e-02  1.09119380e-01 -1.98889435e-04
  2.34984801e-01 -1.12196597e-03  6.61878551e-05  1.85186086e-05]","[ 0.00000000e+00  8.04289877e-01  1.67119846e+01 -3.93396115e+00
 -8.11616957e-01 -6.83109701e-01 -2.40327522e-01  2.38265004e-03]"
1747093077.0526152,"[ 0.          0.22939095  1.16398436 -2.35955007 -1.67473897  1.93238489
  0.66128707  1.53933667]","[ 0.00000000e+00  3.80451578e-02  1.07579666e-01 -1.98712763e-04
  2.34217744e-01 -1.12191513e-03  6.61372301e-05  1.85324169e-05]","[ 0.00000000e+00  8.28887045e-01  1.67587624e+01 -3.91096926e+00
 -8.63636315e-01 -6.48529112e-01 -2.50136822e-01  8.28046724e-03]"
1747093077.0543292,"[ 0.          0.22947452  1.16419235 -2.35955007 -1.67428197  1.93238303
  0.66128707  1.53933667]","[ 0.00000000e+00  4.18651087e-02  1.05338016e-01 -1.96419005e-04
  2.31203445e-01 -1.10499833e-03  6.61372301e-05  1.85186086e-05]","[ 0.00000000e+00  9.38853085e-01  1.68894424e+01 -3.85008287e+00
 -9.36439693e-01 -6.39132380e-01 -2.61696637e-01  5.59246680e-03]"
1747093077.0555599,"[ 0.          0.22956131  1.16442657 -2.35955061 -1.67381006  1.9323821
  0.66128707  1.53933667]","[ 0.00000000e+00  4.48361812e-02  1.06688505e-01 -1.99534435e-04
  2.30663240e-01 -1.07394838e-03  6.61878551e-05  1.85324169e-05]","[ 0.00000000e+00  1.05557907e+00  1.69564190e+01 -3.81604838e+00
 -9.64394152e-01 -6.20899796e-01 -2.76754051e-01  4.90422314e-03]"
1747093077.0572748,"[ 0.          0.22961136  1.16453124 -2.35955061 -1.67358422  1.93238116
  0.66128707  1.53933667]","[ 0.00000000e+00  4.71444719e-02  1.06148308e-01 -1.97257501e-04
  2.29042656e-01 -1.06313820e-03  6.61378843e-05  1.85184257e-05]","[ 0.          1.10530627 16.99268723 -3.77158189 -0.98617107 -0.61784744
 -0.28833827  0.01724698]"
1747093077.0590906,"[ 0.          0.22971284  1.16475081 -2.35955061 -1.67311178  1.93238023
  0.66128707  1.53933667]","[ 0.00000000e+00  5.31552930e-02  1.07227937e-01 -1.91093203e-04
  2.30706982e-01 -9.82512622e-04  6.61372301e-05  1.85324169e-05]","[ 0.          1.16264963 17.00406265 -3.72935128 -1.04887462 -0.61817777
 -0.28833458  0.03098732]"
1747093077.0603049,"[ 0.          0.22976657  1.16485508 -2.35955061 -1.67288328  1.93237917
  0.66128707  1.53933667]","[ 0.00000000e+00  5.45596902e-02  1.05878214e-01 -1.88773031e-04
  2.31508827e-01 -9.93593219e-04  6.61372301e-05  1.85324169e-05]","[ 0.          1.17576158 16.95815849 -3.71742511 -1.08417809 -0.62204558
 -0.27710277  0.03098732]"
1747093077.0620449,"[ 0.          0.22988137  1.165064   -2.35955061 -1.67242788  1.9323773
  0.66128707  1.53933667]","[ 0.00000000e+00  5.64503723e-02  1.05878214e-01 -1.86829284e-04
  2.30123051e-01 -9.86356000e-04  5.82013384e-05  1.85184257e-05]","[ 0.00000000e+00  1.19969749e+00  1.68921700e+01 -3.71000147e+00
 -1.16264629e+00 -6.65500402e-01 -2.56526560e-01  1.18971290e-02]"
1747093077.06371,"[ 0.          0.22999249  1.16527053 -2.35955061 -1.67196023  1.93237637
  0.66128707  1.53933667]","[ 0.00000000e+00  5.66630008e-02  9.91257769e-02 -1.84610899e-04
  2.28199300e-01 -9.79703624e-04  5.81568575e-05  1.85324169e-05]","[ 0.00000000e+00  1.22197640e+00  1.67969379e+01 -3.67362285e+00
 -1.22139037e+00 -6.48732424e-01 -2.40068302e-01  5.19109797e-03]"
1747093077.0660048,"[ 0.          0.23011371  1.16546121 -2.35955061 -1.67151601  1.93237544
  0.66128707  1.53933667]","[ 0.00000000e+00  5.99616379e-02  9.56145072e-02 -1.82597907e-04
  2.24180906e-01 -9.41392855e-04  5.82007654e-05  1.85184257e-05]","[ 0.          1.20679128 16.75660133 -3.63764286 -1.22061384 -0.61932528
 -0.24731942  0.02269058]"
1747093077.0682387,"[ 0.          0.2302354   1.16555988 -2.35955061 -1.67107553  1.93237451
  0.66128707  1.53933667]","[ 0.00000000e+00  6.18523200e-02  9.27843326e-02 -1.80476335e-04
  2.23414115e-01 -9.04666460e-04  5.82013384e-05  1.85325998e-05]","[ 0.00000000e+00  1.14768672e+00  1.67785625e+01 -3.60651708e+00
 -1.23586869e+00 -6.03136420e-01 -2.43035153e-01  1.67513080e-02]"
1747093077.0704904,"[ 0.          0.23042412  1.16584005 -2.35955061 -1.67039802  1.93237251
  0.66128707  1.53933667]","[ 0.00000000e+00  6.28689484e-02  9.22827928e-02 -1.72792276e-04
  2.22560322e-01 -8.80024092e-04  5.82007654e-05  1.85184257e-05]","[ 0.          1.01664019 16.81465149 -3.62218165 -1.23613405 -0.65857136
 -0.26248458 -0.02107184]"
1747093077.072266,"[ 0.          0.23054811  1.16601542 -2.35955061 -1.66994475  1.93237065
  0.66128707  1.53933667]","[ 0.00000000e+00  6.29327103e-02  8.85919761e-02 -1.70971171e-04
  2.20676252e-01 -8.48024352e-04  5.82007654e-05  1.85324169e-05]","[ 0.00000000e+00  9.24723923e-01  1.68589249e+01 -3.59674311e+00
 -1.17983043e+00 -6.80852115e-01 -2.85147756e-01  1.16202864e-03]"
1747093077.0746777,"[ 0.          0.23061469  1.1661017  -2.35955061 -1.6697285   1.93236971
  0.66128707  1.53933667]","[ 0.00000000e+00  6.26921145e-02  8.75115816e-02 -1.71110327e-04
  2.19096931e-01 -8.50207676e-04  5.82007654e-05  1.85184257e-05]","[ 0.00000000e+00  8.97001326e-01  1.68524323e+01 -3.56378031e+00
 -1.11471081e+00 -6.90925121e-01 -2.84040570e-01  3.42181465e-03]"
1747093077.0765178,"[ 0.          0.23073316  1.16627481 -2.35955061 -1.66929707  1.93236785
  0.66128707  1.53933667]","[ 0.00000000e+00  5.91513461e-02  8.29199257e-02 -1.69184477e-04
  2.18238761e-01 -8.13529979e-04  4.76552554e-05  1.85186086e-05]","[ 0.00000000e+00  8.64103556e-01  1.67776508e+01 -3.58316398e+00
 -1.02778399e+00 -6.88322783e-01 -2.77279526e-01  1.09069524e-02]"
1747093077.0782769,"[ 0.          0.23085577  1.166431   -2.35955061 -1.66885392  1.93236492
  0.66128707  1.53933667]","[ 0.00000000e+00  5.96828923e-02  7.88684671e-02 -1.67436484e-04
  2.16663951e-01 -8.54152158e-04  4.76192757e-05  1.85184257e-05]","[ 0.00000000e+00  8.33164930e-01  1.66641445e+01 -3.61768222e+00
 -9.91781592e-01 -6.78104162e-01 -2.77124316e-01  7.25565758e-03]"
1747093077.0801282,"[ 0.          0.23097148  1.16658933 -2.35955061 -1.66842142  1.93236119
  0.66128707  1.53933667]","[ 0.00000000e+00  5.83410544e-02  7.60903157e-02 -1.65592005e-04
  2.19636588e-01 -9.15810579e-04  4.76547840e-05  1.85184257e-05]","[ 0.00000000e+00  8.06982100e-01  1.65839615e+01 -3.66335773e+00
 -1.05283368e+00 -6.96125507e-01 -2.69773364e-01 -1.55591452e-03]"
1747093077.0818827,"[ 0.          0.23108352  1.166735   -2.35955061 -1.66797401  1.93235733
  0.66128707  1.53933667]","[ 0.00000000e+00  5.64503723e-02  7.34665111e-02 -1.63917094e-04
  2.18670093e-01 -9.68422185e-04  4.76192757e-05  1.85184257e-05]","[ 0.00000000e+00  7.59149492e-01  1.64138584e+01 -3.74861836e+00
 -1.11125290e+00 -7.21147597e-01 -2.68499136e-01  2.60533369e-03]"
1747093077.0841744,"[ 0.          0.23120015  1.16688733 -2.35955061 -1.66754311  1.9323536
  0.66128707  1.53933667]","[ 0.00000000e+00  5.72606640e-02  7.46587001e-02 -1.62277374e-04
  2.18238761e-01 -9.75173975e-04  4.76188043e-05  1.85324169e-05]","[ 0.00000000e+00  7.63999939e-01  1.63313656e+01 -3.79331255e+00
 -1.13810921e+00 -7.26653576e-01 -2.45508209e-01  2.28687725e-03]"
1747093077.0859003,"[ 0.          0.23131586  1.16703248 -2.35955114 -1.66711647  1.93234974
  0.66128707  1.53933667]","[ 0.00000000e+00  5.86111530e-02  7.26562194e-02 -1.66022477e-04
  2.15319404e-01 -1.02749612e-03  4.76188043e-05  1.85184257e-05]","[ 0.          0.77149361 16.22176361 -3.82513809 -1.14958501 -0.69676411
 -0.20674658  0.02130757]"
1747093077.0883813,"[ 0.          0.2313774   1.16710318 -2.35955114 -1.66685815  1.93234788
  0.66128707  1.53933667]","[ 0.00000000e+00  5.79275154e-02  7.18459277e-02 -1.66022477e-04
  2.12789634e-01 -1.06041223e-03  4.75828816e-05  1.85325998e-05]","[ 0.          0.74619424 16.20108986 -3.84912419 -1.14832437 -0.67924464
 -0.17781815  0.03256121]"
1747093077.089999,"[ 0.          0.23154133  1.16731584 -2.35955114 -1.66621845  1.93234401
  0.661288    1.53933667]","[ 0.00000000e+00  5.53699820e-02  6.85352481e-02 -1.64392656e-04
  2.10645506e-01 -1.16430048e-03  5.82007654e-05  1.85186086e-05]","[ 0.          0.73350894 16.13779831 -3.89898181 -1.081357   -0.6857506
 -0.18212044  0.04140536]"
1747093077.0916965,"[ 0.          0.23165429  1.16743981 -2.35955114 -1.66580726  1.93234029
  0.661288    1.53933667]","[ 0.00000000e+00  5.53699820e-02  6.15198285e-02 -1.64266715e-04
  2.07975055e-01 -1.28691694e-03  5.82007654e-05  1.05899522e-05]","[ 0.          0.67692679 16.18227386 -3.91612983 -1.08182347 -0.7196086
 -0.19230387  0.03335088]"
1747093077.0939982,"[ 0.          0.23176128  1.16755645 -2.35955167 -1.66538169  1.93233456
  0.661288    1.53933667]","[ 0.00000000e+00  5.45596902e-02  5.61802737e-02 -1.64392656e-04
  2.07636284e-01 -1.61176226e-03  4.76192757e-05  1.05900569e-05]","[ 0.00000000e+00  6.85212672e-01  1.62878799e+01 -3.93331647e+00
 -1.06108296e+00 -7.47301936e-01 -1.91812128e-01 -1.04246810e-02]"
1747093077.0957563,"[ 0.          0.23187195  1.16766431 -2.35955194 -1.66497369  1.93232883
  0.661288    1.53933667]","[ 0.00000000e+00  5.43655666e-02  5.40194971e-02 -1.66917848e-04
  2.06894660e-01 -1.94411735e-03  4.76188043e-05  1.05819570e-05]","[ 0.00000000e+00  6.56310260e-01  1.63227406e+01 -3.96780658e+00
 -1.02888215e+00 -7.47750878e-01 -1.97970167e-01 -7.40809785e-03]"
1747093077.0974517,"[ 0.          0.23198721  1.16776764 -2.35955194 -1.66455611  1.93232218
  0.661288    1.53933667]","[ 0.00000000e+00  5.99616379e-02  4.91079332e-02 -1.66917848e-04
  2.03933508e-01 -2.18590520e-03  4.76188043e-05  1.05899522e-05]","[ 0.00000000e+00  6.43190563e-01  1.63685093e+01 -4.00999928e+00
 -1.08115637e+00 -7.08150685e-01 -1.98789522e-01  5.67368744e-03]"
1747093077.0991066,"[ 0.          0.2320492   1.16781398 -2.35955247 -1.66435584  1.93231831
  0.661288    1.53933667]","[ 0.00000000e+00  6.29327103e-02  4.69969619e-02 -1.72347143e-04
  2.03113304e-01 -2.32867820e-03  4.76188043e-05  1.05819570e-05]","[ 0.00000000e+00  6.17949784e-01  1.64108105e+01 -4.03339386e+00
 -1.15644145e+00 -7.00800061e-01 -1.94033384e-01  1.59647316e-02]"
1747093077.100827,"[ 0.          0.23218282  1.16790639 -2.359553   -1.6639585   1.93231166
  0.661288    1.53933667]","[ 0.00000000e+00  6.61738814e-02  4.56398608e-02 -1.77515811e-04
  2.00209277e-01 -2.58061922e-03  4.76192757e-05  1.05899522e-05]","[ 0.          0.56424338 16.43166351 -4.0805645  -1.2767874  -0.68283659
 -0.16523784  0.01924425]"
1747093077.103138,"[ 0.          0.23231598  1.16799588 -2.35955354 -1.66355263  1.93230313
  0.66128893  1.53933667]","[ 0.00000000e+00  6.83346621e-02  4.56002254e-02 -1.87820818e-04
  1.98251554e-01 -3.22352451e-03  5.55552731e-05  1.05819570e-05]","[ 0.00000000e+00  4.94718224e-01  1.64410686e+01 -4.12289381e+00
 -1.36410677e+00 -6.82490587e-01 -1.47397146e-01  1.53635507e-02]"
1747093077.1048486,"[ 0.          0.23245971  1.16808216 -2.35955433 -1.66335822  1.93229168
  0.66128993  1.53933667]","[ 0.00000000e+00  6.99552497e-02  4.10548170e-02 -1.97155665e-04
  1.97171159e-01 -4.13030434e-03  6.61372301e-05  1.05899522e-05]","[ 0.00000000e+00  4.70584720e-01  1.64708042e+01 -4.16995144e+00
 -1.35117412e+00 -6.79589272e-01 -1.18677899e-01 -6.57253107e-03]"
1747093077.1065454,"[ 0.          0.23259333  1.1681538  -2.35955513 -1.66296993  1.93227264
  0.66129086  1.53933667]","[ 0.00000000e+00  6.69841731e-02  3.48425735e-02 -2.02652157e-04
  1.96630970e-01 -6.07838015e-03  6.61378843e-05  1.05900569e-05]","[ 0.00000000e+00  3.91033709e-01  1.65725632e+01 -4.22828722e+00
 -1.37641418e+00 -6.92701101e-01 -1.14246279e-01 -1.06282197e-02]"
1747093077.108835,"[ 0.          0.23272972  1.16821945 -2.35955673 -1.66257152  1.93224601
  0.66129179  1.53933667]","[ 0.00000000e+00  6.69163041e-02  3.15693862e-02 -2.04252167e-04
  1.93389787e-01 -1.13917860e-02  7.40737029e-05  1.05899522e-05]","[ 0.00000000e+00  3.44389915e-01  1.67553425e+01 -4.29639339e+00
 -1.31935942e+00 -7.03737557e-01 -1.12708889e-01  4.57921589e-04]"
1747093077.110519,"[ 0.          0.23286105  1.1682811  -2.3595586  -1.66219122  1.9322042
  0.66129179  1.53933667]","[ 0.00000000e+00  6.61738814e-02  3.13313079e-02 -2.17637786e-04
  1.92309409e-01 -2.04058706e-02  7.40744343e-05  1.05820616e-05]","[ 0.00000000e+00  2.75952846e-01  1.69409122e+01 -4.29296398e+00
 -1.33447123e+00 -7.05321133e-01 -1.41301200e-01  1.23178558e-02]"
1747093077.112787,"[ 0.          0.23299512  1.16834715 -2.35956019 -1.66179761  1.93215187
  0.66129179  1.53933667]","[ 0.00000000e+00  6.51384652e-02  3.24116962e-02 -2.05334954e-04
  1.91769203e-01 -2.80616764e-02  7.40744343e-05  1.05899522e-05]","[ 0.          0.20935829 17.1002903  -4.31654263 -1.3508451  -0.7089017
 -0.13749965  0.02266149]"
1747093077.115777,"[ 0.          0.23312462  1.16841279 -2.35956259 -1.66140932  1.93208902
  0.66129273  1.5393376 ]","[ 0.00000000e+00  6.56336883e-02  3.34581521e-02 -2.21894211e-04
  1.88577888e-01 -3.18715031e-02  8.46556558e-05  1.85184257e-05]","[ 0.00000000e+00  1.51898548e-01  1.72033463e+01 -4.34591436e+00
 -1.33523047e+00 -6.83827758e-01 -1.08004197e-01  1.65309422e-02]"
1747093077.1179852,"[ 0.          0.23330967  1.16850827 -2.35956685 -1.66085218  1.93199581
  0.66129372  1.5393376 ]","[ 0.00000000e+00  5.78008613e-02  3.07911127e-02 -2.49980418e-04
  1.89608431e-01 -3.05649708e-02  9.52376087e-05  1.85324169e-05]","[ 0.          0.0942498  17.18675041 -4.39389277 -1.30681264 -0.67448026
 -0.1079101   0.02833693]"
1747093077.11971,"[ 0.          0.2334162   1.16856659 -2.35956951 -1.6604639   1.93193309
  0.66129372  1.5393376 ]","[ 0.00000000e+00  5.26690081e-02  2.91705272e-02 -2.93215629e-04
  1.90148620e-01 -3.18715031e-02  9.52376087e-05  1.85325998e-05]","[ 0.          0.11527756 17.20758247 -4.44181061 -1.28041744 -0.6615907
 -0.10613445  0.03364258]"
1747093077.1214201,"[ 0.          0.23351768  1.16862864 -2.35957404 -1.66008892  1.93186451
  0.66129466  1.5393376 ]","[ 0.00000000e+00  4.78967774e-02  3.07911127e-02 -4.84211125e-04
  1.90688826e-01 -3.31014362e-02  1.03174077e-04  1.85324169e-05]","[ 0.          0.15419146 17.21589088 -4.49143124 -1.28233588 -0.66524661
 -0.08581009  0.02437961]"
1747093077.1230526,"[ 0.          0.23356222  1.1686594  -2.35957644 -1.65989877  1.93183122
  0.66129466  1.5393376 ]","[ 0.00000000e+00  4.51062798e-02  3.13313079e-02 -6.96260841e-04
  1.92849598e-01 -3.37621852e-02  9.52376087e-05  1.85324169e-05]","[ 0.00000000e+00  1.75628364e-01  1.72421951e+01 -4.47773981e+00
 -1.30202401e+00 -6.87774539e-01 -8.21991712e-02  1.56649221e-02]"
1747093077.1248043,"[ 0.          0.2336412   1.16872651 -2.3595823  -1.65949983  1.93176664
  0.66129466  1.5393376 ]","[ 0.00000000e+00  3.85848058e-02  3.33522061e-02 -1.57486421e-03
  1.95010370e-01 -3.29185062e-02  9.52385514e-05  1.85325998e-05]","[ 0.          0.2497178  17.21405411 -4.47723055 -1.3378588  -0.70602763
 -0.07068351  0.0191677 ]"
1747093077.1264513,"[ 0.          0.23367656  1.16876047 -2.35958549 -1.65930915  1.93173229
  0.66129559  1.5393376 ]","[ 0.00000000e+00  3.59594366e-02  3.45724769e-02 -2.03982769e-03
  1.93389787e-01 -3.23491306e-02  1.03175101e-04  1.85324169e-05]","[ 0.          0.28624532 17.15772629 -4.49376154 -1.34580469 -0.72142529
 -0.06779918  0.02299869]"
1747093077.1275728,"[ 0.          0.23374681  1.16882798 -2.35959375 -1.6589134   1.93166957
  0.66129659  1.5393376 ]","[ 0.00000000e+00  3.40322817e-02  3.40668342e-02 -3.24722223e-03
  1.92849598e-01 -3.18715031e-02  1.05739735e-04  1.85324169e-05]","[ 0.00000000e+00  3.62641007e-01  1.71100197e+01 -4.49656057e+00
 -1.39580035e+00 -6.79663837e-01 -5.40461577e-02  1.48786819e-02]"
1747093077.1299126,"[ 0.          0.23381248  1.16889363 -2.35960493 -1.65853736  1.93161058
  0.66129752  1.5393376 ]","[ 0.00000000e+00  3.40322817e-02  3.18392102e-02 -4.83608884e-03
  1.90148620e-01 -2.88711484e-02  1.13757160e-04  1.85324169e-05]","[ 0.          0.46769059 17.0657711  -4.47343588 -1.41783416 -0.65207362
 -0.03993738  0.01892491]"
1747093077.1316342,"[ 0.          0.23384921  1.16892345 -2.35961133 -1.65834881  1.93158208
  0.66129752  1.5393376 ]","[ 0.00000000e+00  3.46060473e-02  3.02509176e-02 -5.94214437e-03
  1.91229014e-01 -2.68322260e-02  1.13756038e-04  1.85324169e-05]","[ 0.00000000e+00  5.20022273e-01  1.70408688e+01 -4.45136023e+00
 -1.42871284e+00 -6.56251848e-01 -4.27783206e-02  7.82255270e-03]"
1747093077.1333172,"[ 0.          0.23391855  1.16898178 -2.35962837 -1.65796212  1.93152775
  0.66129845  1.5393376 ]","[ 0.00000000e+00  3.53827707e-02  2.80860672e-02 -8.31831657e-03
  1.88337021e-01 -2.80901368e-02  1.21692507e-04  1.85324169e-05]","[ 0.00000000e+00  5.77124953e-01  1.70565929e+01 -4.39586306e+00
 -1.46061039e+00 -6.52781725e-01 -6.59297928e-02  9.26180743e-03]"
1747093077.1350653,"[ 0.          0.23398928  1.16903957 -2.35963849 -1.65758981  1.93146597
  0.66129938  1.5393376 ]","[ 0.00000000e+00  3.40322817e-02  2.96806203e-02 -9.58846079e-03
  1.89068225e-01 -3.18715031e-02  1.32274460e-04  1.85324169e-05]","[ 0.00000000e+00  6.43840194e-01  1.70518265e+01 -4.35352325e+00
 -1.53035724e+00 -6.69386029e-01 -5.58303036e-02  1.22088613e-02]"
1747093077.136839,"[ 0.          0.23405494  1.16910482 -2.35966086 -1.65720259  1.93140032
  0.66129938  1.5393376 ]","[ 0.00000000e+00  3.29518914e-02  3.24116962e-02 -1.12739650e-02
  1.89068225e-01 -3.37279761e-02  1.21600701e-04  1.85324169e-05]","[ 0.          0.72547764 17.00517464 -4.29243231 -1.5865401  -0.6606878
 -0.04071294  0.02749881]"
1747093077.1379755,"[ 0.          0.23408662  1.16913744 -2.35967284 -1.6570183   1.93135758
  0.66130038  1.5393376 ]","[ 0.00000000e+00  3.21090342e-02  3.29518914e-02 -1.21667263e-02
  1.86907453e-01 -3.51282557e-02  1.32274460e-04  1.85325998e-05]","[ 0.          0.76756722 16.95257378 -4.26544285 -1.58422613 -0.65312636
 -0.0404162   0.01867826]"
1747093077.1396496,"[ 0.          0.23415596  1.16920628 -2.35969522 -1.65663906  1.93128621
  0.66130038  1.5393376 ]","[ 0.00000000e+00  3.48425735e-02  3.35713635e-02 -1.16141912e-02
  1.85099133e-01 -3.66960379e-02  1.32174673e-04  1.05819570e-05]","[ 0.          0.84175879 16.84239006 -4.25130796 -1.58506048 -0.63185394
 -0.07326833  0.02409761]"
1747093077.1419573,"[ 0.          0.23422622  1.16927286 -2.35971838 -1.65627954  1.93121204
  0.66130038  1.5393376 ]","[ 0.00000000e+00  3.61930625e-02  3.34920866e-02 -1.13440936e-02
  1.82045703e-01 -3.56091228e-02  1.32474482e-04  1.06059783e-05]","[ 0.          0.90212816 16.6469574  -4.16212416 -1.58905423 -0.6260348
 -0.07019203  0.02154586]"
1747093077.1436899,"[ 0.          0.23430152  1.1693417  -2.35973942 -1.65591202  1.93114439
  0.66130131  1.5393376 ]","[ 0.00000000e+00  3.61930625e-02  3.36029739e-02 -1.07929524e-02
  1.78264330e-01 -3.37279761e-02  1.42964352e-04  1.05978530e-05]","[ 0.          0.95712203 16.47586441 -4.10030079 -1.59106016 -0.628869
 -0.05137838  0.04618385]"
1747093077.1453898,"[ 0.          0.23433689  1.16937526 -2.35975088 -1.65573678  1.93111017
  0.66130131  1.5393376 ]","[ 0.00000000e+00  3.58865659e-02  3.40322817e-02 -1.07932073e-02
  1.77544062e-01 -3.46075765e-02  1.43072445e-04  1.06060839e-05]","[ 0.          0.93030846 16.34102249 -4.07666445 -1.58398688 -0.65709132
 -0.04788141  0.04277971]"
1747093077.14703,"[ 0.          0.23440851  1.16944503 -2.35977191 -1.65538205  1.93104266
  0.66130225  1.5393376 ]","[ 0.00000000e+00  3.51075830e-02  3.56167419e-02 -1.05338018e-02
  1.80425119e-01 -3.29518914e-02  1.51020918e-04  1.06059783e-05]","[ 0.          0.96543407 16.19537544 -3.97454119 -1.49288964 -0.67319506
 -0.04585737  0.02463817]"
1747093077.149276,"[ 0.          0.23447785  1.16951761 -2.35979642 -1.6550124   1.93098087
  0.66130225  1.5393376 ]","[ 0.00000000e+00  3.53827707e-02  3.51075830e-02 -1.22876547e-02
  1.80425119e-01 -3.07911127e-02  1.51020918e-04  1.06059783e-05]","[ 0.00000000e+00  9.22295213e-01  1.60519104e+01 -3.91263390e+00
 -1.43013012e+00 -6.80951893e-01 -6.88537061e-02 -1.89247343e-03]"
1747093077.1510534,"[ 0.          0.23455821  1.16958152 -2.35982251 -1.65465661  1.93092189
  0.66130325  1.5393376 ]","[ 0.00000000e+00  4.00852100e-02  3.13313079e-02 -1.34911902e-02
  1.79884914e-01 -2.80901368e-02  1.61618866e-04  1.06058726e-05]","[ 0.00000000e+00  9.22978640e-01  1.59389515e+01 -3.85257554e+00
 -1.33139360e+00 -6.70475066e-01 -7.94927776e-02 -4.45361948e-03]"
1747093077.1538532,"[ 0.          0.234645    1.16963612 -2.35985474 -1.65429069  1.93087328
  0.66130325  1.5393376 ]","[ 0.00000000e+00  4.51062798e-02  2.50532552e-02 -1.60491814e-02
  1.78264330e-01 -2.43087727e-02  1.61618866e-04  1.05979587e-05]","[ 0.00000000e+00  9.01194990e-01  1.59382439e+01 -3.77707052e+00
 -1.32218814e+00 -6.86500549e-01 -1.13038935e-01  1.23179676e-02]"
1747093077.1554573,"[ 0.          0.23478643  1.16969444 -2.35990987 -1.65375859  1.93082961
  0.66130325  1.5393376 ]","[ 0.00000000e+00  4.69969619e-02  1.78264326e-02 -1.96971389e-02
  1.72528697e-01 -2.10676037e-02  1.61496777e-04  1.05980643e-05]","[ 0.          0.79941541 16.04324722 -3.68408251 -1.23312819 -0.69730216
 -0.16073653  0.01741064]"
1747093077.1571898,"[ 0.          0.23483327  1.16971095 -2.35993091 -1.65359081  1.93080764
  0.66130325  1.5393376 ]","[ 0.00000000e+00  4.74889892e-02  1.55476447e-02 -1.98293815e-02
  1.69989006e-01 -2.21479940e-02  1.61618866e-04  1.05978530e-05]","[ 0.00000000e+00  7.70463288e-01  1.60924644e+01 -3.62420559e+00
 -1.22008002e+00 -6.82868898e-01 -1.70540273e-01  1.11892028e-03]"
1747093077.159402,"[ 0.          0.23493337  1.16973851 -2.35997085 -1.65325845  1.93076196
  0.66130325  1.5393376 ]","[ 0.00000000e+00  4.93549122e-02  1.29646791e-02 -2.05274085e-02
  1.68540829e-01 -2.32048487e-02  1.61618866e-04  1.06059783e-05]","[ 0.00000000e+00  7.24987447e-01  1.61955662e+01 -3.60888195e+00
 -1.19897389e+00 -6.85745835e-01 -1.75895721e-01 -2.66103260e-03]"
1747093077.1610723,"[ 0.          0.23503439  1.16976142 -2.36001133 -1.65291117  1.93071735
  0.66130325  1.5393376 ]","[ 0.00000000e+00  5.13185192e-02  1.08038994e-02 -1.95599403e-02
  1.70161413e-01 -2.32283823e-02  1.61618866e-04  1.05979587e-05]","[ 0.          0.64062977 16.2229538  -3.6102488  -1.17630196 -0.66847193
 -0.17449456  0.018007  ]"
1747093077.162296,"[ 0.          0.23508812  1.16977247 -2.36003051 -1.65274392  1.93069259
  0.66130325  1.5393376 ]","[ 0.00000000e+00  5.06552298e-02  1.05322757e-02 -1.94470181e-02
  1.69621207e-01 -2.33214660e-02  1.61618866e-04  1.06059783e-05]","[ 0.          0.60158712 16.21844482 -3.62421751 -1.16838884 -0.6718986
 -0.16863714  0.02163578]"
1747093077.1640058,"[ 0.          0.23518639  1.16979125 -2.36006619 -1.65239931  1.93064305
  0.66130325  1.5393376 ]","[ 0.00000000e+00  4.96979357e-02  8.64311923e-03 -1.75563360e-02
  1.67856813e-01 -2.59030865e-02  1.61620475e-04  1.06060839e-05]","[ 0.00000000e+00  5.82125008e-01  1.62217636e+01 -3.67061305e+00
 -1.22009850e+00 -6.52467072e-01 -1.50087520e-01  1.29891292e-03]"
1747093077.1657906,"[ 0.          0.23523506  1.16980097 -2.3600851  -1.6522342   1.93061735
  0.66130325  1.5393376 ]","[ 0.00000000e+00  4.94278371e-02  9.02766461e-03 -1.77878105e-02
  1.67460435e-01 -2.59293582e-02  1.61618866e-04  1.05979587e-05]","[ 0.00000000e+00  5.64710498e-01  1.61944408e+01 -3.70178461e+00
 -1.24801767e+00 -6.52186453e-01 -1.37677029e-01  3.38581833e-03]"
1747093077.166918,"[ 0.          0.23534067  1.16981748 -2.36011866 -1.6519029   1.93055943
  0.66130418  1.5393376 ]","[ 0.00000000e+00  5.24106066e-02  8.37302164e-03 -1.67460433e-02
  1.67460435e-01 -2.97107224e-02  1.69567338e-04  1.06059783e-05]","[ 0.          0.51069063 16.20777702 -3.75189805 -1.25257599 -0.6516816
 -0.13574241  0.02595059]"
1747093077.1686256,"[ 0.          0.23539393  1.1698248  -2.3601357  -1.65172606  1.93052987
  0.66130418  1.5393376 ]","[ 0.00000000e+00  5.40194971e-02  7.83282698e-03 -1.72862385e-02
  1.66510252e-01 -2.99808189e-02  1.69567338e-04  1.05979587e-05]","[ 0.          0.51468039 16.21162987 -3.77849674 -1.25899816 -0.66648102
 -0.12242108  0.03024656]"
1747093077.1697772,"[ 0.          0.23550001  1.16983958 -2.36017379 -1.65140329  1.93046515
  0.66130511  1.5393376 ]","[ 0.00000000e+00  5.34792999e-02  7.28208111e-03 -1.91769216e-02
  1.62433935e-01 -3.13460573e-02  1.80165302e-04  1.06058726e-05]","[ 0.00000000e+00  4.73131567e-01  1.62930450e+01 -3.85340047e+00
 -1.28619778e+00 -6.72985852e-01 -9.38003734e-02  7.68909557e-03]"
1747093077.1714714,"[ 0.          0.23555695  1.16984544 -2.36019403 -1.6512435   1.93043479
  0.66130511  1.5393376 ]","[ 0.00000000e+00  5.36139684e-02  6.49868470e-03 -2.05066088e-02
  1.62058479e-01 -3.07911127e-02  1.80165302e-04  1.06059783e-05]","[ 0.00000000e+00  4.24104005e-01  1.63670216e+01 -3.89056373e+00
 -1.27881253e+00 -6.95879996e-01 -9.49289650e-02 -9.30887833e-03]"
1747093077.1732328,"[ 0.          0.23566347  1.16985742 -2.3602385  -1.6509138   1.93038153
  0.66130511  1.5393376 ]","[ 0.00000000e+00  5.40194971e-02  5.85167232e-03 -2.25691605e-02
  1.60437895e-01 -2.59293582e-02  1.80165302e-04  1.05979587e-05]","[ 0.00000000e+00  3.69099617e-01  1.65383282e+01 -3.97522831e+00
 -1.23031056e+00 -7.23372996e-01 -9.44792703e-02 -1.57143101e-02]"
1747093077.174334,"[ 0.          0.23571674  1.16986701 -2.36028404 -1.65059742  1.93033679
  0.66130604  1.5393376 ]","[ 0.00000000e+00  5.40194971e-02  4.86175453e-03 -2.29350247e-02
  1.60978101e-01 -2.10676037e-02  1.88111889e-04  1.05979587e-05]","[ 0.00000000e+00  3.62541884e-01  1.66787510e+01 -4.06149101e+00
 -1.23668051e+00 -7.40842164e-01 -1.20059982e-01 -1.52735170e-02]"
1747093077.1760316,"[ 0.          0.23582237  1.16987167 -2.36030641 -1.65042697  1.93031775
  0.66130604  1.5393376 ]","[ 0.00000000e+00  4.96475811e-02  4.59165694e-03 -2.27112214e-02
  1.60340840e-01 -1.94470181e-02  1.87971644e-04  1.05979587e-05]","[ 0.00000000e+00  3.34716439e-01  1.67253284e+01 -4.09321642e+00
 -1.21764541e+00 -7.50249147e-01 -1.06759638e-01  6.38436992e-03]"
1747093077.1776936,"[ 0.          0.23586965  1.16987487 -2.36032931 -1.65026878  1.93030164
  0.66130604  1.5393376 ]","[ 0.00000000e+00  4.80773522e-02  4.04940874e-03 -2.15457992e-02
  1.60600781e-01 -1.61894291e-02  1.88113759e-04  1.05979587e-05]","[ 0.00000000e+00  3.17710876e-01  1.68250542e+01 -4.13947535e+00
 -1.20885623e+00 -7.78343260e-01 -9.22487378e-02 -5.92874130e-04]"
1747093077.1790347,"[ 0.          0.23595461  1.16988126 -2.360369   -1.64994068  1.93027301
  0.66130704  1.5393376 ]","[ 0.00000000e+00  4.18651087e-02  3.12089190e-03 -1.91769216e-02
  1.59990285e-01 -1.35048743e-02  1.98711722e-04  1.05979587e-05]","[ 0.00000000e+00  3.24209213e-01  1.69135952e+01 -4.22865486e+00
 -1.23316300e+00 -7.67672896e-01 -6.66489527e-02  7.24029681e-03]"
1747093077.1808174,"[ 0.          0.23603588  1.16988539 -2.36040202 -1.64962323  1.9302549
  0.66130797  1.5393376 ]","[ 0.00000000e+00  3.97043280e-02  2.16077981e-03 -1.50461080e-02
  1.60978101e-01 -7.83282698e-03  2.06660195e-04  1.05979587e-05]","[ 0.00000000e+00  3.46575111e-01  1.69538002e+01 -4.34063339e+00
 -1.28479588e+00 -7.73749053e-01 -3.55567001e-02 -1.13673611e-02]"
1747093077.1825197,"[ 0.          0.236074    1.16988685 -2.3604148  -1.64946611  1.93024824
  0.6613089   1.5393376 ]","[ 0.00000000e+00  3.85848058e-02  1.56044595e-03 -1.29646791e-02
  1.59196047e-01 -6.26921124e-03  2.17258159e-04  1.06060839e-05]","[ 0.          0.38493797 16.95720863 -4.36985731 -1.31884062 -0.75559533
 -0.02123894 -0.01927525]"
1747093077.1837485,"[ 0.          0.23615068  1.16988952 -2.36043504 -1.64914493  1.93024158
  0.66131084  1.5393376 ]","[ 0.00000000e+00  3.71137339e-02  1.35048743e-03 -9.18331389e-03
  1.55035956e-01 -2.97408853e-03  2.35985363e-04  1.05979587e-05]","[ 0.00000000e+00  4.51424837e-01  1.70063515e+01 -4.48693514e+00
 -1.43116832e+00 -7.72025347e-01 -1.00783480e-03  2.81205704e-03]"
1747093077.185507,"[ 0.          0.23618604  1.16989045 -2.36044197 -1.64899206  1.93023972
  0.6613127   1.5393376 ]","[ 0.00000000e+00  3.59229638e-02  1.26002890e-03 -7.02253421e-03
  1.55035956e-01 -1.88876664e-03  2.54351000e-04  1.05979587e-05]","[ 0.00000000e+00  4.81059909e-01  1.70593872e+01 -4.57719135e+00
 -1.54389858e+00 -7.95922875e-01  2.70012841e-02  3.46596609e-03]"
1747093077.1872888,"[ 0.          0.23625308  1.16989284 -2.36045075 -1.64867728  1.93023785
  0.66131556  1.5393376 ]","[ 0.00000000e+00  3.29518914e-02  1.05297970e-03 -3.78136470e-03
  1.53470300e-01 -1.08038990e-03  2.83495384e-04  1.05979587e-05]","[ 0.00000000e+00  4.99651372e-01  1.71293926e+01 -4.68988371e+00
 -1.64671469e+00 -8.06276679e-01  5.08999899e-02 -2.57095625e-03]"
1747093077.189107,"[ 0.          0.23632564  1.16989551 -2.36045288 -1.64838113  1.93023692
  0.66131749  1.5393376 ]","[ 0.00000000e+00  3.29518914e-02  1.25870798e-03 -2.70097476e-04
  1.49482400e-01 -5.20148650e-04  2.94096273e-04  1.05980643e-05]","[ 0.00000000e+00  5.25051534e-01  1.72340775e+01 -4.80761909e+00
 -1.69861579e+00 -8.21635008e-01  8.86259899e-02 -1.07953660e-02]"
1747093077.1902912,"[ 0.          0.23636007  1.1698979  -2.36045342 -1.64823626  1.93023492
  0.66131942  1.5393376 ]","[ 0.00000000e+00  3.48072720e-02  1.46701763e-03 -5.01536919e-04
  1.46933022e-01 -1.43040879e-03  3.12642888e-04  1.06058726e-05]","[ 0.00000000e+00  5.35407960e-01  1.72658348e+01 -4.85031223e+00
 -1.72560847e+00 -8.18625569e-01  9.67437550e-02 -8.18308350e-03]"
1747093077.191984,"[ 0.          0.23643676  1.16990243 -2.36045262 -1.64794065  1.93023213
  0.66132129  1.5393376 ]","[ 0.00000000e+00  3.81705137e-02  1.69868521e-03  8.77772304e-05
  1.43941094e-01 -1.62003704e-03  3.31186220e-04  1.05979587e-05]","[ 0.00000000e+00  5.30200720e-01  1.73823986e+01 -4.91667032e+00
 -1.80022550e+00 -8.31722081e-01  1.22536585e-01 -1.05783052e-03]"
1747093077.1937845,"[ 0.          0.23651803  1.16990789 -2.36045288 -1.64765888  1.9302264
  0.66132415  1.5393376 ]","[ 0.00000000e+00  4.13249156e-02  1.93088698e-03  1.32495580e-04
  1.42611461e-01 -2.12755037e-03  3.60330604e-04  1.05978530e-05]","[ 0.00000000e+00  5.21643817e-01  1.75283470e+01 -4.96943092e+00
 -1.82724822e+00 -8.50443542e-01  1.46396190e-01 -8.69226921e-03]"
1747093077.1949372,"[ 0.          0.23655936  1.16991122 -2.36045395 -1.64751827  1.9302236
  0.66132508  1.5393376 ]","[ 0.00000000e+00  4.18226896e-02  2.16493384e-03 -1.06377519e-04
  1.42611461e-01 -2.22152238e-03  3.83625494e-04  1.05978530e-05]","[ 0.00000000e+00  4.84950811e-01  1.75815315e+01 -5.00160789e+00
 -1.89536393e+00 -8.65424633e-01  1.41284212e-01 -1.71116162e-02]"
1747093077.1967554,"[ 0.          0.23664155  1.16991894 -2.36045608 -1.64723118  1.93021495
  0.66132701  1.5393376 ]","[ 0.00000000e+00  3.92038951e-02  3.19952615e-03 -3.77485595e-04
  1.39910499e-01 -2.71548388e-03  4.01903843e-04  1.05979587e-05]","[ 0.00000000e+00  4.16825920e-01  1.76382961e+01 -5.05123329e+00
 -1.96082783e+00 -8.77924144e-01  1.58484697e-01 -1.39082363e-02]"
1747093077.1985211,"[ 0.          0.23671685  1.1699304  -2.36045901 -1.64695102  1.9302055
  0.66132888  1.5393376 ]","[ 0.00000000e+00  3.78136459e-02  4.76865469e-03 -6.19545612e-04
  1.35414967e-01 -3.13813691e-03  4.34431534e-04  1.05979587e-05]","[ 0.00000000e+00  3.47252041e-01  1.76919136e+01 -5.08396101e+00
 -1.98921978e+00 -8.73113453e-01  1.55948997e-01 -3.40646342e-03]"
1747093077.202688,"[ 0.          0.23675635  1.16993639 -2.36046087 -1.64681626  1.9302007
  0.66133081  1.5393376 ]","[ 0.00000000e+00  3.71137339e-02  5.79329707e-03 -7.44716979e-04
  1.36669324e-01 -3.29263536e-03  4.60353434e-04  1.05979587e-05]","[ 0.00000000e+00  3.34802389e-01  1.77196941e+01 -5.09690142e+00
 -1.97071648e+00 -8.79401624e-01  1.67691827e-01 -6.06615003e-03]"
1747093077.2038748,"[ 0.          0.23686379  1.16996209 -2.36047046 -1.6462767   1.93018073
  0.66133554  1.5393376 ]","[ 0.00000000e+00  3.53827707e-02  6.23873729e-03 -1.21449560e-03
  1.32887960e-01 -4.88443354e-03  5.24704990e-04  1.05979587e-05]","[ 0.00000000e+00  2.39507750e-01  1.76847267e+01 -5.11303854e+00
 -2.04221320e+00 -9.04751897e-01  1.85507789e-01 -6.57368219e-03]"
1747093077.2056856,"[ 0.          0.23695794  1.16997407 -2.36047739 -1.64601784  1.93016941
  0.6613384   1.5393376 ]","[ 0.00000000e+00  2.83602355e-02  6.07719317e-03 -2.11610099e-03
  1.29646785e-01 -5.17800283e-03  5.90602070e-04  1.05979587e-05]","[ 0.00000000e+00  1.64711207e-01  1.76519585e+01 -5.09689808e+00
 -2.09632659e+00 -9.25582767e-01  1.92953005e-01 -1.76013838e-02]"
1747093077.2082367,"[ 0.          0.23698365  1.16998006 -2.36048085 -1.64589268  1.93016368
  0.66134033  1.5393376 ]","[ 0.00000000e+00  2.61994548e-02  6.07719317e-03 -2.71582146e-03
  1.26817193e-01 -5.42141940e-03  6.41142183e-04  1.05978530e-05]","[ 0.          0.149194   17.62008476 -5.10469389 -2.11954403 -0.95673269
  0.19837908 -0.02789907]"
1747093077.2093468,"[ 0.          0.23700799  1.16999378 -2.3604883  -1.64564074  1.93015223
  0.66134319  1.5393376 ]","[ 0.00000000e+00  2.28199304e-02  6.75863211e-03 -3.56364685e-03
  1.22084056e-01 -5.55565988e-03  8.25376950e-04  1.05979587e-05]","[ 0.          0.14964722 17.60632133 -5.07830477 -2.12007284 -0.96541464
  0.22284237 -0.03275396]"
1747093077.21043,"[ 0.          0.23704564  1.17000709 -2.36049603 -1.64540478  1.93013985
  0.66134606  1.5393376 ]","[ 0.00000000e+00  1.80965312e-02  6.75243714e-03 -3.77518481e-03
  1.19923276e-01 -5.79234260e-03  1.09935927e-03  1.05979587e-05]","[ 0.          0.13968329 17.60618782 -5.051507   -2.06092811 -0.96434915
  0.23176223 -0.02963594]"
1747093077.2123158,"[ 0.          0.23706172  1.17001495 -2.36050029 -1.64527749  1.93013505
  0.66134699  1.5393376 ]","[ 0.00000000e+00  1.62058481e-02  7.15204394e-03 -3.90861958e-03
  1.19867324e-01 -5.73248442e-03  1.24101213e-03  1.05979587e-05]","[ 0.00000000e+00  1.21095948e-01  1.76000423e+01 -5.04740095e+00
 -2.03326201e+00 -9.75675583e-01  2.09725603e-01 -1.18271876e-02]"
1747093077.2134802,"[ 0.          0.23709156  1.17003186 -2.36050908 -1.64504473  1.93012267
  0.66134885  1.5393376 ]","[ 0.          0.01431517  0.00864312 -0.00418651  0.11818283 -0.00586678
  0.00124236  0.        ]","[ 0.          0.12682909 17.62265587 -5.01887703 -2.01668143 -1.01343405
  0.19631648 -0.02017371]"
1747093077.215299,"[ 0.          0.23710579  1.17004198 -2.3605136  -1.64493074  1.93011708
  0.66134985  1.5393376 ]","[ 0.          0.01430066  0.00935811 -0.00437127  0.11560172 -0.0056912
  0.00121412  0.        ]","[ 0.          0.11923171 17.60272408 -5.01100063 -1.99084401 -1.02629364
  0.18946441 -0.03288071]"
1747093077.2164962,"[ 0.          0.23712049  1.17005263 -2.36051866 -1.64481037  1.93010936
  0.66135172  1.5393376 ]","[ 0.          0.01485536  0.0108039  -0.00473997  0.11334734 -0.00606352
  0.00124231  0.        ]","[ 0.          0.14548537 17.57398033 -4.98919821 -1.9782927  -1.04083109
  0.20188625 -0.01883056]"
1747093077.2182825,"[ 0.          0.23715401  1.1700774  -2.36052932 -1.64459305  1.93009324
  0.66135458  1.5393376 ]","[ 0.          0.01674604  0.01350487 -0.00531192  0.11019977 -0.00723367
  0.00124231  0.        ]","[ 0.          0.1752823  17.48096085 -4.9620142  -1.92165661 -1.07822454
  0.20374942 -0.03214474]"
1747093077.2193866,"[ 0.          0.23717054  1.17009205 -2.36053571 -1.64448599  1.93008379
  0.66135651  1.5393376 ]","[ 0.          0.01674604  0.01485536 -0.00561774  0.10846917 -0.00828097
  0.00127658  0.        ]","[ 0.          0.20346865 17.43196106 -4.96629143 -1.88917303 -1.09456778
  0.2052727  -0.04337163]"
1747093077.2210867,"[ 0.          0.23721049  1.17013106 -2.36055036 -1.64426548  1.93006275
  0.66135837  1.5393376 ]","[ 0.          0.02031225  0.02052741 -0.00742392  0.10803899 -0.0100066
  0.00132622  0.        ]","[ 0.          0.25985488 17.2497654  -4.99748755 -1.84882283 -1.10292947
  0.20250763 -0.04887071]"
1747093077.222849,"[ 0.          0.2372532   1.17018166 -2.3605714  -1.64405723  1.93003812
  0.66136317  1.5393376 ]","[ 0.          0.02241809  0.02754994 -0.01027294  0.10479782 -0.01158278
  0.00140624  0.        ]","[ 0.          0.22296441 17.05270004 -4.99514151 -1.85382998 -1.1142683
  0.21222088 -0.04935199]"
1747093077.2246292,"[ 0.          0.23730049  1.17024638 -2.36059856 -1.6438495   1.93000855
  0.66137169  1.5393376 ]","[ 0.          0.02332147  0.0324117  -0.01485536  0.10047626 -0.01499041
  0.00174336  0.        ]","[ 0.          0.25039178 16.80422592 -4.98129797 -1.87957764 -1.15247798
  0.2542899  -0.06645569]"
1747093077.2263055,"[ 0.          0.23732252  1.1702794  -2.36061507 -1.64375203  1.92999151
  0.66137648  1.5393376 ]","[ 0.          0.02241809  0.03349209 -0.01674604  0.09885567 -0.0163409
  0.00198704  0.        ]","[ 0.          0.23460378 16.67263031 -4.98945189 -1.87126839 -1.17462718
  0.26135337 -0.05871175]"
1747093077.22797,"[ 0.          0.23736615  1.17034785 -2.36065635 -1.64356561  1.9299477
  0.66139266  1.5393376 ]","[ 0.          0.02185573  0.03285067 -0.02081378  0.09345373 -0.02212555
  0.00317088  0.        ]","[ 0.          0.20932528 16.48193932 -5.0003767  -1.81257713 -1.18753684
  0.2799949  -0.06632003]"
1747093077.2296307,"[ 0.          0.23738957  1.17037861 -2.36067845 -1.6434692   1.92992293
  0.66140405  1.5393376 ]","[ 0.          0.02206762  0.03129956 -0.02241809  0.09077818 -0.02511906
  0.00464099  0.        ]","[ 0.          0.2070515  16.40567398 -4.98682356 -1.78217721 -1.19039989
  0.29015219 -0.07757123]"
1747093077.2308652,"[ 0.          0.23742998  1.17044199 -2.36072399 -1.64329663  1.92986394
  0.66143354  1.5393376 ]","[ 0.          0.01998721  0.02807946 -0.02347467  0.085891   -0.02917053
  0.01251772  0.        ]","[ 0.          0.23891953 16.28288651 -4.91424847 -1.66600025 -1.20697439
  0.27142283 -0.0978544 ]"
1747093077.2331667,"[ 0.          0.23747085  1.17049246 -2.360769   -1.64312512  1.92980123
  0.66147162  1.5393376 ]","[ 0.          0.01955994  0.02504027 -0.0216078   0.08317681 -0.03183921
  0.01859531  0.        ]","[ 0.          0.17635132 16.27514076 -4.86570644 -1.59615588 -1.26337457
  0.22413091 -0.09358562]"
1747093077.234985,"[ 0.          0.23750896  1.17054212 -2.36081108 -1.6429648   1.92972799
  0.66150871  1.5393376 ]","[ 0.          0.01944702  0.023823   -0.02031225  0.07994885 -0.03657775
  0.01836663  0.        ]","[ 0.          0.19505078 16.27043533 -4.84848356 -1.61763656 -1.33074856
  0.22132878 -0.11470475]"
1747093077.2371747,"[ 0.          0.23754891  1.17058753 -2.36084916 -1.64280234  1.92965089
  0.66154393  1.5393376 ]","[ 0.          0.01955994  0.02268819 -0.01890682  0.07924283 -0.04051462
  0.01728624  0.        ]","[ 0.          0.19291559 16.29458237 -4.8000164  -1.71063113 -1.32949471
  0.23526898 -0.09954986]"
1747093077.2388525,"[ 0.          0.23758611  1.17062881 -2.36088778 -1.64264895  1.92956248
  0.66157908  1.5393376 ]","[ 0.          0.01863673  0.01998721 -0.01944702  0.07778807 -0.04429599
  0.01728624  0.        ]","[ 0.          0.16616459 16.26154518 -4.78821135 -1.78876758 -1.32384956
  0.23457608 -0.09294204]"
1747093077.2412095,"[ 0.          0.23761963  1.17066383 -2.36093092 -1.64249395  1.92947299
  0.66161051  1.5393376 ]","[ 0.          0.01618943  0.01620585 -0.0213377   0.07454691 -0.04542244
  0.01534439  0.        ]","[ 0.          0.20277028 16.23354721 -4.78754377 -1.87367165 -1.32634711
  0.24450266 -0.100696  ]"
1747093077.2439165,"[ 0.          0.23764765  1.170689   -2.36097886 -1.64234588  1.92937978
  0.661639    1.5393376 ]","[ 0.          0.01269458  0.01103381 -0.02538916  0.07508709 -0.04537637
  0.01444289  0.        ]","[ 0.          0.23680945 16.32778549 -4.79672194 -2.03074765 -1.31591439
  0.26718825 -0.09829272]"
1747093077.2444677,"[ 0.          0.23766601  1.17070418 -2.36103345 -1.64219568  1.92928364
  0.6616647   1.5393376 ]","[ 0.          0.00837302  0.00648234 -0.02754994  0.07238612 -0.04915774
  0.01248357  0.        ]","[ 0.          0.26535207 16.49723053 -4.7711482  -2.25249839 -1.30975974
  0.29288739 -0.11029923]"
1747093077.24616,"[ 0.          0.23767243  1.1707087  -2.36106142 -1.64212537  1.92923038
  0.66167615  1.5393376 ]","[ 0.          0.00601844  0.00459166 -0.02836024  0.07130573 -0.05010651
  0.01209346  0.        ]","[ 0.          0.34224778 16.61764717 -4.75502586 -2.31945348 -1.30534995
  0.29864889 -0.11029923]"
1747093077.2478306,"[ 0.          0.23767885  1.17071243 -2.3611216  -1.64198262  1.92912572
  0.66170086  1.5393376 ]","[ 0.          0.00243088  0.00125384 -0.02933991  0.07238612 -0.05293911
  0.01255317  0.        ]","[ 0.          0.42423576 16.90876198 -4.75299788 -2.5322969  -1.30918026
  0.30280408 -0.08836407]"
1747093077.2495039,"[ 0.          0.23767932  1.17071336 -2.3611509  -1.64190752  1.92907152
  0.66171417  1.5393376 ]","[ 0.          0.00054019  0.00108039 -0.02971072  0.07071671 -0.05509988
  0.01248357  0.        ]","[ 0.          0.46854174 17.14941597 -4.77404499 -2.5920341  -1.31235123
  0.28115594 -0.11498511]"
1747093077.2506688,"[ 0.          0.23767841  1.1707143  -2.36120869 -1.64177277  1.92895261
  0.6617408   1.5393376 ]","[ 0.         -0.00039011  0.00054019 -0.02914097  0.06745595 -0.05996164
  0.01349803  0.        ]","[ 0.          0.64697099 17.53954315 -4.77796173 -2.74157405 -1.31591833
  0.26755613 -0.10441449]"
1747093077.2524648,"[ 0.          0.23767841  1.17071563 -2.36124012 -1.64170832  1.92889269
  0.66175412  1.5393376 ]","[ 0.         -0.00026333  0.00070222 -0.02959068  0.06536359 -0.06077193
  0.01350487  0.        ]","[ 0.          0.70882821 17.67196465 -4.75033903 -2.80653191 -1.31780207
  0.24489281 -0.09496638]"
1747093077.2542326,"[ 0.          0.23767979  1.17072029 -2.36129924 -1.64157835  1.9287614
  0.66178461  1.5393376 ]","[ 0.          0.00043874  0.00138291 -0.03079111  0.06212242 -0.06545057
  0.01482424  0.        ]","[ 0.          0.8312881  18.047369   -4.76762199 -2.90765929 -1.3257637
  0.26035291 -0.09568398]"
1747093077.255414,"[ 0.          0.23768115  1.17072761 -2.36136582 -1.6414665   1.92861972
  0.66181597  1.5393376 ]","[ 0.          0.00053189  0.00206062 -0.03295189  0.05455969 -0.07346651
  0.01592767  0.        ]","[ 0.          0.98377186 18.27169991 -4.76481581 -2.99741006 -1.35097456
  0.28118736 -0.10197634]"
1747093077.257202,"[ 0.          0.23768208  1.17073307 -2.36139937 -1.64141643  1.92854541
  0.66183308  1.5393376 ]","[ 0.          0.00062213  0.00245086 -0.03403228  0.05072688 -0.0753572
  0.01624671  0.        ]","[ 0.          1.03694057 18.37418556 -4.82479811 -2.99154186 -1.37905061
  0.27931479 -0.1200417 ]"
1747093077.258855,"[ 0.          0.23768438  1.17074692 -2.36146782 -1.64132376  1.92837231
  0.66186351  1.5393376 ]","[ 0.          0.00072864  0.00582981 -0.03484257  0.04375579 -0.08769274
  0.01539556  0.        ]","[ 0.          1.17884839 18.5332756  -4.82581377 -2.97519517 -1.36670554
  0.2943725  -0.10746811]"
1747093077.2605636,"[ 0.          0.23768621  1.17075558 -2.36150403 -1.64128274  1.92828003
  0.66187875  1.5393376 ]","[ 0.          0.00085547  0.00836878 -0.03410451  0.04159501 -0.09345373
  0.01539556  0.        ]","[ 0.          1.30454814 18.50845337 -4.82406712 -2.93458056 -1.32828903
  0.29384431 -0.12079237]"
1747093077.2616923,"[ 0.          0.23769034  1.1707653  -2.36156981 -1.64120019  1.92807363
  0.66190825  1.5393376 ]","[ 0.          0.001082    0.00931364 -0.03268179  0.03597681 -0.10131046
  0.01442708  0.        ]","[ 0.          1.45182776 18.52075005 -4.89772272 -2.89989018 -1.30691898
  0.33350411 -0.13086388]"
1747093077.2633774,"[ 0.          0.2376954   1.17079006 -2.3616348  -1.64113893  1.92787283
  0.66193681  1.5393376 ]","[ 0.          0.00130627  0.01296468 -0.03210903  0.02971072 -0.10236694
  0.01445022  0.        ]","[ 0.          1.5549159  18.49398232 -4.95427847 -2.81479144 -1.35642397
  0.33499271 -0.14074086]"
1747093077.265149,"[ 0.          0.23769815  1.17080524 -2.36166649 -1.64111124  1.92776724
  0.66195199  1.5393376 ]","[ 0.          0.00151038  0.01539556 -0.0321416   0.02605539 -0.1069586
  0.01443413  0.        ]","[ 0.          1.59823799 18.42993736 -5.03408289 -2.7612071  -1.43674207
  0.33110762 -0.14569494]"
1747093077.2663321,"[ 0.          0.23770091  1.17082402 -2.36170004 -1.64108887  1.92765885
  0.66196631  1.5393376 ]","[ 0.          0.00188842  0.01755379 -0.03403228  0.02268819 -0.10992967
  0.01443413  0.        ]","[ 0.          1.62510085 18.42013931 -5.04687929 -2.74682093 -1.46562457
  0.33977076 -0.18807155]"
1747093077.268074,"[ 0.          0.23770778  1.17086769 -2.36177461 -1.64105211  1.92741717
  0.66199294  1.5393376 ]","[ 0.          0.00286889  0.02374449 -0.0373645   0.01728624 -0.11965318
  0.01349803  0.        ]","[ 0.          1.68702102 18.34239578 -5.08752966 -2.63110232 -1.55974066
  0.34549984 -0.193212  ]"
1747093077.2705147,"[ 0.          0.23771146  1.17089473 -2.36181163 -1.64103614  1.92729453
  0.66200339  1.5393376 ]","[ 0.          0.00315509  0.02754994 -0.03754355  0.01504611 -0.12424484
  0.01160831  0.        ]","[ 0.          1.69256401 18.26261711 -5.10814381 -2.55091906 -1.61359072
  0.34334028 -0.16794647]"
1747093077.271134,"[ 0.          0.23771882  1.17096184 -2.36188806 -1.64101057  1.92702621
  0.66201857  1.53933667]","[ 0.00000000e+00  3.51036361e-03  3.41045096e-02 -3.88940363e-02
  1.24244839e-02 -1.33283323e-01  7.41211827e-03 -1.05820616e-05]","[ 0.          1.72473943 18.07431984 -5.11351395 -2.39607692 -1.62203228
  0.32609853 -0.194717  ]"
1747093077.2728558,"[ 0.          0.23772754  1.1710384  -2.36197062 -1.6409898   1.92673699
  0.6620243   1.53933667]","[ 0.00000000e+00  3.97387873e-03  3.94342335e-02 -4.06244918e-02
  1.02637042e-02 -1.51524678e-01  2.96956636e-03 -1.05820616e-05]","[ 0.          1.73657954 17.83897972 -5.11068535 -2.32054496 -1.61945879
  0.32721686 -0.20475994]"
1747093077.2746866,"[ 0.          0.23773673  1.17112203 -2.36205771 -1.64097115  1.9264069
  0.66202523  1.53933667]","[ 0.00000000e+00  4.52413281e-03  4.11260274e-02 -4.51062798e-02
  8.64311923e-03 -1.64002570e-01  5.20148650e-04 -1.05819570e-05]","[ 0.          1.67031705 17.49466896 -5.09666681 -2.30246258 -1.58148468
  0.36082557 -0.19476505]"
1747093077.2758749,"[ 0.          0.23774224  1.17116384 -2.36210564 -1.64096423  1.92623659
  0.66202523  1.53933667]","[ 0.00000000e+00  4.82774774e-03  4.24053018e-02 -4.86175453e-02
  7.02253421e-03 -1.72862391e-01  5.40194952e-04 -1.05819570e-05]","[ 0.          1.66763401 17.32300949 -5.07506895 -2.35502696 -1.56416476
  0.38971558 -0.19412123]"
1747093077.278158,"[ 0.          0.23775279  1.17124919 -2.3622143  -1.64095358  1.92588372
  0.6620243   1.53933667]","[ 0.00000000e+00  5.26663408e-03  4.42511055e-02 -5.42895916e-02
  4.85682873e-03 -1.81321606e-01 -3.51108921e-04 -1.05820616e-05]","[ 0.          1.62857807 17.0318718  -4.99773598 -2.38146949 -1.5275172
  0.3794882  -0.19628631]"
1747093077.2793138,"[ 0.          0.23775922  1.17129327 -2.36226996 -1.64095038  1.92570489
  0.6620243   1.53933667]","[ 0.00000000e+00  5.76207931e-03  4.48817004e-02 -5.64503723e-02
  3.00922145e-03 -1.81505497e-01 -2.64925248e-04 -1.05819570e-05]","[ 0.          1.62361574 16.89482498 -4.94309807 -2.38181424 -1.52726305
  0.3725878  -0.22228342]"
1747093077.2810137,"[ 0.          0.237773    1.17138608 -2.36239406 -1.64094825  1.92533284
  0.6620243   1.53933667]","[ 0.00000000e+00  6.75863211e-03  4.53763743e-02 -6.19398090e-02
  0.00000000e+00 -1.81505497e-01 -2.12755037e-04 -1.05819570e-05]","[ 0.          1.50778818 16.68671417 -4.8058362  -2.49302053 -1.58707857
  0.36554131 -0.22803217]"
1747093077.282187,"[ 0.          0.23777989  1.17142975 -2.36246011 -1.64094878  1.92515601
  0.66202623  1.53933667]","[ 0.00000000e+00  7.02253421e-03  4.42959881e-02 -6.69163041e-02
 -2.70097476e-04 -1.79344725e-01  2.12755037e-04 -1.05819570e-05]","[ 0.          1.47761393 16.58028793 -4.7480526  -2.54203486 -1.63224852
  0.3734839  -0.26005241]"
1747093077.2844553,"[ 0.          0.2377978   1.17151378 -2.36260552 -1.64095038  1.92478876
  0.66203095  1.53933667]","[ 0.00000000e+00  8.71248989e-03  3.98721862e-02 -7.58973946e-02
 -7.02217843e-04 -1.78534425e-01  8.30468360e-04 -1.05740785e-05]","[ 0.          1.37210941 16.30072212 -4.60625887 -2.62006187 -1.73043692
  0.38065225 -0.26514232]"
1747093077.285646,"[ 0.          0.23781892  1.17158448 -2.36276904 -1.64095038  1.92443296
  0.66203189  1.53933667]","[ 0.00000000e+00  1.16024244e-02  3.50770939e-02 -8.12993422e-02
 -5.29850496e-04 -1.81505497e-01  9.36084738e-04 -1.05819570e-05]","[ 0.          1.35156965 16.19675827 -4.41593218 -2.73797607 -1.74928939
  0.30530408 -0.25656843]"
1747093077.287388,"[ 0.          0.23783269  1.17161711 -2.36285213 -1.64094985  1.92424175
  0.66203189  1.53933667]","[ 0.00000000e+00  1.40450684e-02  3.29518914e-02 -8.42704147e-02
 -2.64925248e-04 -1.80051761e-01  8.25969334e-04 -1.05819570e-05]","[ 0.          1.33960164 16.18093491 -4.32313681 -2.72219849 -1.80049682
  0.30757976 -0.26891118]"
1747093077.2891483,"[ 0.          0.23786759  1.17167863 -2.3630231  -1.64094932  1.92388502
  0.66203382  1.53933667]","[ 0.00000000e+00  1.86178429e-02  2.95906783e-02 -8.67012899e-02
  2.12755037e-04 -1.82315797e-01  9.57493277e-04 -1.05820616e-05]","[ 0.          1.31977201 16.12444496 -4.15530825 -2.69019103 -1.71730208
  0.35584149 -0.28307614]"
1747093077.2902803,"[ 0.          0.23788825  1.17170659 -2.36311338 -1.64094985  1.92370618
  0.66203575  1.53933667]","[ 0.00000000e+00  2.10676037e-02  2.83602355e-02 -8.50105072e-02
  1.06356274e-04 -1.81321606e-01  1.04114852e-03 -1.05819570e-05]","[ 0.          1.27402091 16.05164337 -4.11750698 -2.7245698  -1.6570878
  0.34648842 -0.2333155 ]"
1747093077.2920928,"[ 0.          0.23793968  1.17175573 -2.36328196 -1.64095038  1.9233428
  0.66203668  1.53933667]","[ 0.00000000e+00  2.69823804e-02  2.37685775e-02 -8.56209037e-02
  0.00000000e+00 -1.75563352e-01  1.01563101e-03 -1.05900569e-05]","[ 0.          1.22864807 16.02215195 -3.97194362 -2.78466082 -1.64434469
  0.30358809 -0.27768752]"
1747093077.29387,"[ 0.          0.23799983  1.17179527 -2.36345746 -1.64095038  1.92299552
  0.66203761  1.53933667]","[ 0.00000000e+00  3.16014045e-02  1.78264326e-02 -8.54316029e-02
  0.00000000e+00 -1.76643747e-01  1.02052463e-03 -1.05819570e-05]","[ 0.          1.20702529 16.02457237 -3.85561323 -2.93587518 -1.59326875
  0.29794165 -0.29532191]"
1747093077.2949762,"[ 0.          0.23803291  1.17181032 -2.36354295 -1.64095038  1.92281096
  0.66203954  1.53933667]","[ 0.00000000e+00  3.34920866e-02  1.51254588e-02 -8.67893157e-02
  0.00000000e+00 -1.73782546e-01  1.07583399e-03 -1.05820616e-05]","[ 0.          1.16032922 16.09469414 -3.80182433 -2.96667957 -1.62982905
  0.31599098 -0.28797418]"
1747093077.297302,"[ 0.          0.23810361  1.17183109 -2.36371952 -1.64095038  1.92246568
  0.66204427  1.53933667]","[ 0.00000000e+00  3.48072720e-02  9.18331389e-03 -9.02125596e-02
  0.00000000e+00 -1.75385486e-01  1.24199157e-03 -1.05820616e-05]","[ 0.          1.13114464 16.25863457 -3.78564429 -2.98342347 -1.63264155
  0.30426437 -0.28585318]"
1747093077.299,"[ 0.          0.23817525  1.17184108 -2.36390461 -1.64095038  1.92209937
  0.66204527  1.53933667]","[ 0.00000000e+00  3.72734528e-02  3.24446024e-03 -9.02125596e-02
  0.00000000e+00 -1.81054824e-01  1.11838787e-03 -1.05819570e-05]","[ 0.          1.14452469 16.56220245 -3.81857371 -2.92315674 -1.60320961
  0.23128299 -0.29923695]"
1747093077.3007278,"[ 0.          0.23825515  1.17184294 -2.36408197 -1.64095038  1.92173505
  0.66204527  1.53933574]","[ 0.00000000e+00  3.99744266e-02  5.40194952e-04 -8.98513268e-02
  0.00000000e+00 -1.86367264e-01  8.42525601e-04 -1.85324169e-05]","[ 0.          1.1133343  16.84972763 -3.86643887 -2.81943822 -1.62730205
  0.21787359 -0.29325297]"
1747093077.3024647,"[ 0.          0.23833825  1.17184161 -2.36426014 -1.64095038  1.92135554
  0.6620462   1.53933574]","[ 0.00000000e+00  4.29019855e-02 -6.50185813e-04 -8.61610926e-02
  0.00000000e+00 -1.95010370e-01  7.96514486e-04 -1.85186086e-05]","[ 0.          1.09443653 17.2593441  -3.90311837 -2.71273851 -1.63960445
  0.23451681 -0.34276617]"
1747093077.3047583,"[ 0.          0.2384278   1.17184348 -2.36444416 -1.64095038  1.92095594
  0.6620462   1.53933574]","[ 0.00000000e+00  4.36337140e-02  5.40012347e-04 -8.63538139e-02
  0.00000000e+00 -1.95820670e-01  7.96514486e-04 -1.85184257e-05]","[ 0.          1.03676414 17.519804   -3.99763298 -2.63660789 -1.72318578
  0.21053302 -0.35413474]"
1747093077.3065305,"[ 0.          0.23851367  1.17184614 -2.36462473 -1.64095038  1.9205317
  0.66204807  1.53933574]","[ 0.00000000e+00  4.32155977e-02  8.51020148e-04 -8.85919761e-02
  0.00000000e+00 -1.91949416e-01  8.11169025e-04 -1.85184257e-05]","[ 0.          1.01964724 17.7595005  -4.11699152 -2.59530306 -1.75765085
  0.22855246 -0.36307749]"
1747093077.309404,"[ 0.          0.23855913  1.17184707 -2.36471474 -1.64095038  1.92034421
  0.66205     1.53933574]","[ 0.00000000e+00  4.28814084e-02  8.44319398e-04 -9.12929458e-02
  0.00000000e+00 -1.90148620e-01  8.58717633e-04 -1.85186086e-05]","[ 0.          1.06135964 17.87617302 -4.18253231 -2.60568881 -1.73258436
  0.24306557 -0.36000445]"
1747093077.3117073,"[ 0.          0.23873913  1.17185306 -2.36510463 -1.64095038  1.91958508
  0.66205759  1.53933574]","[ 0.00000000e+00  4.66429321e-02  1.26845283e-03 -1.00206163e-01
  0.00000000e+00 -1.89955957e-01  1.01817395e-03 -1.85324169e-05]","[ 0.          1.1200639  18.0079937  -4.52958012 -2.54517579 -1.71926594
  0.2937746  -0.35964397]"
1747093077.3134716,"[ 0.          0.23878505  1.17185493 -2.36520609 -1.64095038  1.91939679
  0.66206138  1.53933574]","[ 0.00000000e+00  4.64567646e-02  1.32971893e-03 -1.02907141e-01
  0.00000000e+00 -1.90958920e-01  1.13278233e-03 -1.85184257e-05]","[ 0.          1.17283356 18.00388145 -4.63320255 -2.56320906 -1.77836263
  0.34826413 -0.34762254]"
1747093077.3151793,"[ 0.          0.23887826  1.17185906 -2.36542128 -1.64095091  1.91900011
  0.6620719   1.53933574]","[ 0.00000000e+00  4.74889892e-02  1.45720971e-03 -1.05501110e-01
 -1.82840358e-05 -1.93593252e-01  1.43571938e-03 -1.85464284e-05]","[ 0.          1.23257947 18.06110001 -4.7793417  -2.68154383 -1.83599579
  0.3783735  -0.36406192]"
1747093077.317045,"[ 0.          0.23897838  1.17186452 -2.36563593 -1.64095145  1.91862141
  0.66208708  1.53933574]","[ 0.00000000e+00  4.96521543e-02  1.83501214e-03 -1.09659578e-01
 -5.29227520e-05 -1.91844737e-01  2.18702950e-03 -1.85462435e-05]","[ 0.          1.21862996 18.1415844  -4.8833313  -2.85505247 -1.84474123
  0.3963331  -0.38547868]"
1747093077.3199086,"[ 0.          0.23913817  1.1718765  -2.36597016 -1.64095251  1.91802779
  0.6621223   1.53933481]","[ 0.00000000e+00  5.64503723e-02  3.19952615e-03 -1.11820358e-01
 -9.93562351e-05 -1.99872137e-01  9.25897159e-03 -2.65149452e-05]","[ 0.          1.26892948 18.26557732 -5.04682446 -3.14364433 -1.81486094
  0.46498033 -0.36221743]"
1747093077.3216283,"[ 0.          0.23925297  1.17188982 -2.36619013 -1.64095358  1.91782992
  0.66214986  1.53933481]","[ 0.00000000e+00  5.56705988e-02  5.39654225e-03 -1.11820358e-01
 -1.24818609e-04 -2.00682421e-01  1.40450684e-02 -2.64948971e-05]","[ 0.          1.2227447  18.35883713 -5.1002059  -3.3283093  -1.79548895
  0.45675007 -0.37236422]"
1747093077.3234055,"[ 0.          0.23930761  1.17189847 -2.36630997 -1.64095358  1.91762259
  0.66216418  1.53933481]","[ 0.00000000e+00  5.53699820e-02  7.19536088e-03 -1.12845809e-01
 -1.21314709e-04 -2.09922924e-01  1.44502153e-02 -2.64946330e-05]","[ 0.          1.23882329 18.3454361  -5.1135931  -3.39755774 -1.80091047
  0.46472713 -0.37899882]"
1747093077.325075,"[ 0.          0.2394169   1.17191964 -2.36652862 -1.64095518  1.91718024
  0.6621984   1.53933481]","[ 0.00000000e+00  5.64503723e-02  1.16141912e-02 -1.09929672e-01
 -1.61912181e-04 -2.19049061e-01  1.66366331e-02 -2.65149452e-05]","[ 0.          1.15191877 18.31592941 -5.1295929  -3.65529752 -1.80850983
  0.5319888  -0.37930924]"
1747093077.3268704,"[ 0.          0.23953215  1.17194947 -2.36674434 -1.64095571  1.91673496
  0.66223169  1.53933481]","[ 0.00000000e+00  5.66630008e-02  1.55476447e-02 -1.08579183e-01
 -1.67503177e-04 -2.28502467e-01  1.68810926e-02 -2.64948971e-05]","[ 0.          1.10133266 18.21975327 -5.19363165 -3.80626798 -1.75877213
  0.552661   -0.36055434]"
1747093077.328569,"[ 0.          0.23958726  1.17196785 -2.36674434 -1.64095624  1.91649341
  0.6622498   1.53933481]","[ 0.00000000e+00  5.59101792e-02  1.86367264e-02 -1.08579183e-01
 -1.67507582e-04 -2.27446990e-01  1.74212867e-02 -2.65152094e-05]","[ 0.          1.06156504 18.13934135 -5.19363165 -3.85295343 -1.73639822
  0.55302233 -0.36551899]"
1747093077.3302884,"[ 0.          0.23970297  1.17201339 -2.36696485 -1.64095624  1.91603961
  0.66228495  1.53933481]","[ 0.00000000e+00  5.71752099e-02  2.48489678e-02 -1.08038994e-01
 -1.49386904e-04 -2.30429531e-01  1.72687240e-02 -2.64948971e-05]","[ 0.          1.07442236 17.94069099 -5.21563435 -3.94921255 -1.79595983
  0.58703113 -0.37527537]"
1747093077.3320782,"[ 0.          0.23982373  1.17207304 -2.36718003 -1.64095677  1.91556583
  0.66232111  1.53933481]","[ 0.00000000e+00  6.23925172e-02  3.07911127e-02 -1.09929672e-01
 -1.59272036e-04 -2.31960832e-01  1.83666278e-02 -2.65149452e-05]","[ 0.          1.01869726 17.64871979 -5.22086334 -3.93891883 -1.83573675
  0.63853335 -0.37473863]"
1747093077.3332162,"[ 0.          0.23988848  1.17210567 -2.36729774 -1.64095731  1.91533653
  0.66233822  1.53933481]","[ 0.00000000e+00  6.56336883e-02  3.29518914e-02 -1.10839658e-01
 -1.72218552e-04 -2.32553934e-01  1.72862385e-02 -2.65149452e-05]","[ 0.          1.01761663 17.52236938 -5.2319746  -3.92569637 -1.8735522
  0.65575731 -0.35869598]"
1747093077.3355982,"[ 0.          0.24002899  1.17217824 -2.36752225 -1.64095731  1.91487994
  0.66237344  1.53933481]","[ 0.00000000e+00  6.93447200e-02  3.58865659e-02 -1.14135469e-01
 -1.68092116e-04 -2.32553934e-01  1.72862385e-02 -2.64951613e-05]","[ 0.          0.87933171 17.17487717 -5.23729372 -3.82442522 -1.97728825
  0.65001011 -0.39302608]"
1747093077.3372314,"[ 0.          0.24016951  1.17224988 -2.36776406 -1.64095731  1.9144015
  0.66240959  1.53933481]","[ 0.00000000e+00  7.18459277e-02  3.61930625e-02 -1.19653181e-01
 -1.67786626e-04 -2.33364218e-01  1.76764217e-02 -2.65149452e-05]","[ 0.          0.80858362 16.88513947 -5.19668198 -3.60591412 -1.96952438
  0.66986483 -0.37327546]"
1747093077.3390899,"[ 0.          0.2403192   1.17232564 -2.36801173 -1.64095677  1.91394011
  0.66244767  1.53933481]","[ 0.00000000e+00  7.26562194e-02  3.78136459e-02 -1.27756107e-01
 -1.51538401e-04 -2.33364218e-01  1.94470181e-02 -2.64948971e-05]","[ 0.          0.66043466 16.62485504 -5.13300276 -3.39327908 -2.05858207
  0.64776677 -0.40047079]"
1747093077.3408375,"[ 0.          0.24045835  1.17240554 -2.36828498 -1.64095677  1.91345488
  0.66249328  1.53933481]","[ 0.00000000e+00  6.94150525e-02  4.15528656e-02 -1.34778638e-01
 -1.51262251e-04 -2.37415685e-01  2.23183927e-02 -2.65146811e-05]","[ 0.          0.51305497 16.46080399 -5.05131435 -3.13630676 -2.0597322
  0.58983159 -0.39870936]"
1747093077.343122,"[ 0.          0.24060529  1.17249462 -2.36855662 -1.64095677  1.91297538
  0.66254182  1.53933481]","[ 0.00000000e+00  7.26562194e-02  4.37557908e-02 -1.38560002e-01
 -1.48073366e-04 -2.44168113e-01  2.51190644e-02 -2.64948971e-05]","[ 0.          0.40284169 16.27469826 -4.97020912 -2.92319465 -2.15091205
  0.55233502 -0.41726312]"
1747093077.3483999,"[ 0.          0.240974    1.17269702 -2.36927807 -1.64095677  1.91172928
  0.66267497  1.53933481]","[ 0.00000000e+00  7.50870946e-02  3.61563899e-02 -1.43439554e-01
 -1.41128910e-04 -2.46869091e-01  2.69823804e-02 -2.64948971e-05]","[ 0.          0.26038799 15.81795311 -4.67016268 -2.57792473 -2.18110085
  0.47057551 -0.43586996]"
1747093077.3515878,"[ 0.          0.24126054  1.17283484 -2.36983334 -1.64095677  1.91072567
  0.66277964  1.53933481]","[ 0.00000000e+00  6.88748552e-02  3.34920866e-02 -1.38289908e-01
 -1.35240193e-04 -2.45251553e-01  2.51190644e-02 -2.65149452e-05]","[ 0.          0.21892016 15.71214962 -4.51168966 -2.52110028 -2.14036798
  0.43222037 -0.4386262 ]"
1747093077.353368,"[ 0.          0.24132667  1.17286746 -2.36998061 -1.64095677  1.91048306
  0.66280913  1.53933387]","[ 0.00000000e+00  6.69841731e-02  3.29518914e-02 -1.38674959e-01
 -1.32476351e-04 -2.46058807e-01  2.78352994e-02 -3.71205547e-05]","[ 0.          0.23671924 15.70414448 -4.47510624 -2.53419924 -2.10392141
  0.42901778 -0.43456268]"
1747093077.3551044,"[ 0.          0.24145845  1.17292898 -2.37025492 -1.64095677  1.90999783
  0.66286146  1.53933387]","[ 0.00000000e+00  6.29327103e-02  2.89004307e-02 -1.39370294e-01
 -1.32265268e-04 -2.45000018e-01  2.69823804e-02 -3.70928568e-05]","[ 0.          0.23141995 15.70526218 -4.42671061 -2.53690243 -2.04857898
  0.40189236 -0.41561118]"
1747093077.3563848,"[ 0.          0.24151907  1.17295415 -2.37039393 -1.64095677  1.90974097
  0.6628843   1.53933387]","[ 0.00000000e+00  6.15822255e-02  2.53891630e-02 -1.40990877e-01
 -1.32473604e-04 -2.41968641e-01  2.32283823e-02 -3.71209245e-05]","[ 0.          0.23032606 15.74937916 -4.41883373 -2.53399563 -2.04312444
  0.35919815 -0.40967748]"
1747093077.3581054,"[ 0.          0.24163891  1.17299742 -2.37068635 -1.64095677  1.9092616
  0.66292711  1.53933387]","[ 0.00000000e+00  5.83410544e-02  2.05274085e-02 -1.42881572e-01
 -1.29820586e-04 -2.43087735e-01  1.95599403e-02 -3.71209245e-05]","[ 0.          0.26239914 15.88006115 -4.3799758  -2.59385419 -2.0938921
  0.34707153 -0.44340506]"
1747093077.3598814,"[ 0.          0.24175417  1.17303231 -2.37097583 -1.64095731  1.9087536
  0.66296233  1.53933387]","[ 0.00000000e+00  5.86111530e-02  1.59357516e-02 -1.40179562e-01
 -1.35019772e-04 -2.49765378e-01  1.64592531e-02 -3.70928568e-05]","[ 0.          0.38477275 16.06202888 -4.31882143 -2.69229007 -2.12857437
  0.3825193  -0.4542807 ]"
1747093077.3609734,"[ 0.          0.24181156  1.17304696 -2.37111272 -1.64095731  1.90850619
  0.66297944  1.53933387]","[ 0.00000000e+00  5.83410544e-02  1.48403102e-02 -1.38830105e-01
 -1.35022397e-04 -2.50666326e-01  1.60491814e-02 -3.71209245e-05]","[ 0.          0.42307854 16.14936256 -4.29686451 -2.7466588  -2.17922521
  0.3464998  -0.45476976]"
1747093077.3633199,"[ 0.          0.24192636  1.17307359 -2.3713841  -1.64095731  1.90800965
  0.66300414  1.53933387]","[ 0.00000000e+00  5.53699820e-02  1.35048743e-02 -1.37479616e-01
 -1.32475303e-04 -2.52811236e-01  1.16141912e-02 -3.70928568e-05]","[ 0.          0.57021636 16.45803261 -4.30365467 -2.73399091 -2.15937662
  0.29636115 -0.47032917]"
1747093077.3651204,"[ 0.          0.24203703  1.17310115 -2.37166453 -1.64095731  1.90749978
  0.66302411  1.53933387]","[ 0.00000000e+00  5.63931768e-02  1.35048743e-02 -1.36668808e-01
 -1.29837214e-04 -2.47257696e-01  9.77997016e-03 -3.71209245e-05]","[ 0.          0.71895528 16.62817001 -4.29463196 -2.68012977 -2.12778902
  0.31359118 -0.48427078]"
1747093077.3690546,"[ 0.          0.24226434  1.17316307 -2.37219316 -1.6409589   1.90651708
  0.6630584   1.53933387]","[ 0.00000000e+00  5.41659876e-02  1.67460433e-02 -1.28894991e-01
 -1.51399310e-04 -2.44168113e-01  7.92839545e-03 -3.71209245e-05]","[ 0.          1.03397882 16.86164284 -4.35719299 -2.88120317 -2.21857119
  0.31530905 -0.48091155]"
1747093077.3702562,"[ 0.          0.2423176   1.17318065 -2.3723194  -1.64095944  1.90627726
  0.66306506  1.53933387]","[ 0.00000000e+00  5.40194971e-02  1.78264326e-02 -1.28026201e-01
 -1.58092502e-04 -2.43087735e-01  7.02200678e-03 -2.65149452e-05]","[ 0.          1.08469462 16.86839294 -4.41004276 -2.96821928 -2.22707319
  0.32641476 -0.4839997 ]"
1747093077.3720407,"[ 0.          0.2424301   1.1732206  -2.37257613 -1.64095997  1.90577019
  0.66307931  1.53933387]","[ 0.00000000e+00  5.85517687e-02  2.00614760e-02 -1.31671012e-01
 -1.64344753e-04 -2.48260776e-01  7.29263180e-03 -2.65152094e-05]","[ 0.          1.23630321 16.93007851 -4.45788479 -3.02639937 -2.24085259
  0.36992759 -0.4770416 ]"
1747093077.3737934,"[ 0.          0.24255454  1.17326188 -2.37285256 -1.64095997  1.90527937
  0.66309455  1.53933281]","[ 0.00000000e+00  6.19398090e-02  2.15859048e-02 -1.36129127e-01
 -1.52634696e-04 -2.47949485e-01  7.35167543e-03 -3.71209245e-05]","[ 0.          1.36681724 17.02279091 -4.55177879 -2.99111938 -2.22928357
  0.39666346 -0.4711014 ]"
1747093077.3755085,"[ 0.          0.24261652  1.17328252 -2.37299158 -1.64095997  1.90503583
  0.66310121  1.53933281]","[ 0.00000000e+00  6.29327103e-02  2.10676037e-02 -1.40990877e-01
 -1.52634696e-04 -2.46869091e-01  7.35167543e-03 -3.70928568e-05]","[ 0.          1.44584215 17.07387352 -4.5457778  -3.0087049  -2.20893192
  0.39729658 -0.48887366]"
1747093077.3767164,"[ 0.          0.24275704  1.17332206 -2.37328639 -1.6409605   1.9045269
  0.66311546  1.53933281]","[ 0.00000000e+00  6.42756343e-02  1.91769216e-02 -1.46122739e-01
 -1.50139250e-04 -2.49013085e-01  7.08675020e-03 -3.71209245e-05]","[ 0.          1.53623736 17.23252678 -4.56201601 -3.08925295 -2.22755313
  0.37282145 -0.47808549]"
1747093077.3784792,"[ 0.          0.24289159  1.17335695 -2.37357801 -1.64096157  1.90402556
  0.66313257  1.53933281]","[ 0.00000000e+00  6.86047607e-02  1.65507181e-02 -1.48403104e-01
 -1.65100692e-04 -2.54701914e-01  7.81529485e-03 -3.70928568e-05]","[ 0.          1.66073859 17.49880219 -4.54829168 -3.15127993 -2.27717662
  0.37742901 -0.50364828]"
1747093077.3801763,"[ 0.          0.24296047  1.17337293 -2.37372581 -1.6409621   1.90376963
  0.66314116  1.53933281]","[ 0.00000000e+00  6.98843680e-02  1.61894291e-02 -1.49904095e-01
 -1.70830438e-04 -2.59300677e-01  8.08022008e-03 -3.71209245e-05]","[ 0.          1.66656828 17.59835815 -4.53911352 -3.21049237 -2.26819658
  0.35700339 -0.53181672]"
1747093077.3813348,"[ 0.          0.24310649  1.17340422 -2.37403581 -1.64096316  1.90323686
  0.66316113  1.53933281]","[ 0.00000000e+00  7.22213169e-02  1.56656540e-02 -1.51254584e-01
 -1.82153099e-04 -2.59563681e-01  9.39216397e-03 -3.71209245e-05]","[ 0.          1.7373023  17.82754898 -4.52297401 -3.22683764 -2.28257847
  0.346706   -0.51249874]"
1747093077.3831482,"[ 0.          0.24318041  1.17342167 -2.37418468 -1.6409637   1.90298293
  0.66317252  1.53933281]","[ 0.00000000e+00  7.50870946e-02  1.65507181e-02 -1.50984489e-01
 -1.87558045e-04 -2.57672986e-01  1.03577128e-02 -3.70928568e-05]","[ 0.          1.77336192 17.88272476 -4.51122236 -3.24517012 -2.28641987
  0.35063946 -0.50833434]"
1747093077.3848557,"[ 0.          0.24333701  1.17345655 -2.37448774 -1.6409637   1.90246548
  0.66319822  1.53933281]","[ 0.00000000e+00  8.01376714e-02  1.80965312e-02 -1.47313139e-01
 -1.76530357e-04 -2.50768458e-01  1.25145165e-02 -3.71209245e-05]","[ 0.          1.84143615 17.95935249 -4.49946547 -3.32363892 -2.15873766
  0.35228828 -0.5017494 ]"
1747093077.386062,"[ 0.          0.24342471  1.17347586 -2.37462942 -1.64096423  1.90221993
  0.6632144   1.53933281]","[ 0.00000000e+00  8.25028247e-02  1.94470181e-02 -1.43691855e-01
 -1.76732711e-04 -2.49029880e-01  1.44270802e-02 -3.71209245e-05]","[ 0.          1.85372865 17.93957901 -4.50229216 -3.37490273 -2.12249184
  0.35004044 -0.50439012]"
1747093077.3877554,"[ 0.          0.24359322  1.1735222  -2.37490906 -1.64096583  1.90172725
  0.66324862  1.53933188]","[ 0.00000000e+00  8.61610926e-02  2.40737716e-02 -1.40990877e-01
 -1.94815078e-04 -2.49840163e-01  1.72862385e-02 -4.76908124e-05]","[ 0.          1.83801663 17.91894913 -4.52149105 -3.45716906 -2.08617067
  0.32299048 -0.51612198]"
1747093077.3895023,"[ 0.          0.24367956  1.17354843 -2.37505793 -1.64096636  1.90146173
  0.66326673  1.53933188]","[ 0.00000000e+00  8.75115816e-02  2.64695534e-02 -1.40179562e-01
 -1.99726532e-04 -2.50016148e-01  1.78264326e-02 -4.77269018e-05]","[ 0.          1.83801663 17.86596489 -4.52655268 -3.48842025 -2.05298591
  0.30622849 -0.52146554]"
1747093077.3912098,"[ 0.          0.24385589  1.17360716 -2.37533356 -1.64096689  1.90097184
  0.6633114   1.53933188]","[ 0.00000000e+00  8.53508009e-02  3.02509176e-02 -1.39768736e-01
 -2.01672587e-04 -2.46869091e-01  2.02573099e-02 -4.77269018e-05]","[ 0.          1.8072536  17.72293282 -4.54485846 -3.44214272 -2.08083391
  0.33868581 -0.52968907]"
1747093077.3929663,"[ 0.          0.24402717  1.1736724  -2.37561852 -1.64096689  1.90046291
  0.66335708  1.53933188]","[ 0.00000000e+00  8.67012899e-02  3.21415997e-02 -1.40298239e-01
 -1.86535059e-04 -2.49013085e-01  2.40143186e-02 -4.77269018e-05]","[ 0.          1.7676295  17.60925865 -4.56422138 -3.26467443 -2.17346668
  0.35749486 -0.49570283]"
1747093077.3947332,"[ 0.          0.24411991  1.17370356 -2.37575781 -1.64096689  1.90021564
  0.66338371  1.53933188]","[ 0.00000000e+00  8.72674280e-02  3.16014045e-02 -1.41260972e-01
 -1.86535059e-04 -2.50650463e-01  2.51004826e-02 -4.77269018e-05]","[ 0.          1.7298218  17.53179932 -4.57357025 -3.18599844 -2.19960594
  0.34735447 -0.51590246]"
1747093077.3958905,"[ 0.          0.24420625  1.17376508 -2.37605262 -1.64096689  1.89969712
  0.66343604  1.53933188]","[ 0.00000000e+00  8.75115816e-02  2.93399105e-02 -1.44442634e-01
 -1.76633915e-04 -2.66316109e-01  2.70097486e-02 -4.76188043e-05]","[ 0.          1.69662929 17.40656662 -4.55017424 -3.0297904  -2.23572922
  0.35119653 -0.55664575]"
1747093077.3975995,"[ 0.          0.24429533  1.17379411 -2.37619483 -1.64096689  1.89942881
  0.66346646  1.53933188]","[ 0.00000000e+00  9.02125596e-02  2.94406258e-02 -1.44232044e-01
 -1.61912181e-04 -2.72258254e-01  2.85876049e-02 -4.77264263e-05]","[ 0.          1.68163872 17.34537506 -4.56049776 -2.97911882 -2.27252698
  0.34891799 -0.54869688]"
1747093077.3997746,"[ 0.          0.24448681  1.17385416 -2.37647872 -1.64096689  1.89884944
  0.66352452  1.53933188]","[ 0.00000000e+00  9.37874039e-02  2.93399105e-02 -1.43961950e-01
 -1.54552532e-04 -2.87383711e-01  2.99808189e-02 -4.77269018e-05]","[ 0.          1.59431589 17.20915413 -4.55827332 -2.92052555 -2.28010964
  0.35467076 -0.56173211]"
1747093077.4020317,"[ 0.          0.24476784  1.17394152 -2.37691308 -1.64096743  1.89795808
  0.6636168   1.53933188]","[ 0.00000000e+00  9.56145072e-02  2.89004307e-02 -1.42881572e-01
 -1.52477302e-04 -2.98187623e-01  3.07911127e-02 -3.70648338e-05]","[ 0.          1.44168639 16.96650124 -4.49405909 -2.93103886 -2.29119205
  0.36325145 -0.53135806]"
1747093077.4044335,"[ 0.          0.24496115  1.17399704 -2.37719538 -1.64096849  1.8973598
  0.66367386  1.53933188]","[ 0.00000000e+00  9.38986908e-02  2.60553861e-02 -1.43276452e-01
 -1.62627158e-04 -3.05750334e-01  2.89004307e-02 -3.70372172e-05]","[ 0.          1.3264482  16.81217957 -4.52068043 -2.98647118 -2.33824921
  0.37132281 -0.52551097]"
1747093077.406131,"[ 0.          0.24515402  1.17403885 -2.37748806 -1.64097009  1.89671385
  0.66372905  1.53933188]","[ 0.00000000e+00  9.91257769e-02  1.94470181e-02 -1.42071272e-01
 -1.78971252e-04 -3.18931750e-01  2.60553861e-02 -3.70648338e-05]","[ 0.          1.19949162 16.7666111  -4.52283192 -3.15242648 -2.33079243
  0.40688416 -0.5333513 ]"
1747093077.4078975,"[ 0.          0.24536432  1.17406735 -2.37778128 -1.64097115  1.89607456
  0.66375375  1.53933095]","[ 0.00000000e+00  1.03717433e-01  1.17861180e-02 -1.42938014e-01
 -1.87768526e-04 -3.27088047e-01  2.51190644e-02 -4.76188043e-05]","[ 0.          1.14733815 16.70792389 -4.56274176 -3.27034521 -2.27933574
  0.41267124 -0.53979069]"
1747093077.4103239,"[ 0.          0.24557554  1.17408013 -2.37807076 -1.64097275  1.89538586
  0.66380043  1.53933095]","[ 0.00000000e+00  1.07498797e-01  4.58700473e-03 -1.47203117e-01
 -2.02847684e-04 -3.40292799e-01  2.15660871e-02 -4.76547840e-05]","[ 0.          1.00215507 16.80797195 -4.61510611 -3.4034965  -2.23676753
  0.40709794 -0.54664963]"
1747093077.4120471,"[ 0.          0.24579733  1.17408013 -2.37837063 -1.64097435  1.89469424
  0.66383844  1.53933095]","[ 0.00000000e+00  1.08469170e-01 -1.35048743e-03 -1.53415373e-01
 -2.15934625e-04 -3.52564678e-01  1.94470181e-02 -4.76188043e-05]","[ 0.          0.92289996 16.90097237 -4.65061235 -3.50250554 -2.18408942
  0.38598219 -0.53125465]"
1747093077.4144804,"[ 0.          0.24601591  1.1740764  -2.37868915 -1.64097701  1.89395788
  0.66387173  1.53933095]","[ 0.00000000e+00  1.10739964e-01 -1.66776744e-03 -1.55035956e-01
 -2.68413982e-04 -3.59100442e-01  1.53955564e-02 -4.76547840e-05]","[ 0.          0.77717876 17.0773983  -4.61681843 -3.53708339 -2.17608213
  0.36293736 -0.53125465]"
1747093077.4167457,"[ 0.          0.2462423   1.1740788  -2.37899275 -1.64097808  1.893252
  0.66389743  1.53933095]","[ 0.00000000e+00  1.10739964e-01  5.40194919e-04 -1.53529755e-01
 -3.82969619e-04 -3.58959560e-01  1.24244839e-02 -4.76188043e-05]","[ 0.          0.65589112 17.23006821 -4.63069773 -3.55633259 -2.14952159
  0.3616339  -0.54233778]"
1747093077.418544,"[ 0.          0.24656005  1.17408013 -2.37945747 -1.64097914  1.89215132
  0.66392693  1.53933095]","[ 0.00000000e+00  1.05608111e-01  7.44642597e-04 -1.53685467e-01
 -4.32716539e-04 -3.65711972e-01  9.72350907e-03 -4.76547840e-05]","[ 0.          0.60669547 17.1444416  -4.62828636 -3.54947019 -2.06906033
  0.42103112 -0.54394019]"
1747093077.4209058,"[ 0.          0.24677129  1.1740788  -2.37975548 -1.64097914  1.89139698
  0.66394404  1.53933095]","[ 0.00000000e+00  1.02096849e-01  3.94932421e-04 -1.50831507e-01
 -4.03994743e-04 -3.69883481e-01  8.31831657e-03 -3.70368514e-05]","[ 0.          0.62212819 17.07855606 -4.67404842 -3.41240001 -2.0485158
  0.4311789  -0.53758591]"
1747093077.4232607,"[ 0.          0.24697653  1.17407973 -2.38005482 -1.64097914  1.89065689
  0.66395928  1.53933095]","[ 0.00000000e+00  9.95550785e-02  1.50972853e-04 -1.45194943e-01
 -3.94592796e-04 -3.77056073e-01  7.69777819e-03 -3.70648338e-05]","[ 0.          0.65860999 17.00382805 -4.7273016  -3.3098197  -2.06782031
  0.43737796 -0.53137451]"
1747093077.4264386,"[ 0.          0.24716848  1.17408013 -2.38033871 -1.64097914  1.88986726
  0.66397446  1.53933001]","[ 0.00000000e+00  9.58846017e-02  1.46263232e-04 -1.43961950e-01
 -3.84907433e-04 -3.87938814e-01  7.40850063e-03 -4.76188043e-05]","[ 0.          0.68683559 16.96244621 -4.7910943  -3.18489075 -2.04432297
  0.42925715 -0.52857757]"
1747093077.427329,"[ 0.          0.24735216  1.1740788  -2.38063885 -1.64097914  1.88910719
  0.66398878  1.53933001]","[ 0.00000000e+00  9.21032375e-02 -1.86179245e-04 -1.46933022e-01
 -3.57684673e-04 -3.84078596e-01  7.54884194e-03 -4.76547840e-05]","[ 0.          0.70392722 16.96234322 -4.86126661 -3.09072757 -2.05981946
  0.42576176 -0.53808856]"
1747093077.430188,"[ 0.          0.24762491  1.17408013 -2.38109664 -1.64097914  1.88795138
  0.66400968  1.53933001]","[ 0.00000000e+00  8.93116788e-02  0.00000000e+00 -1.52467221e-01
 -3.04686760e-04 -3.81107540e-01  7.08675020e-03 -4.76192757e-05]","[ 0.          0.76891387 17.09731102 -4.87959003 -2.99131131 -2.2332232
  0.40935627 -0.54169524]"
1747093077.431876,"[ 0.          0.24781501  1.17408013 -2.38139971 -1.64097914  1.88720077
  0.66402393  1.53933001]","[ 0.00000000e+00  9.32858641e-02  0.00000000e+00 -1.53955562e-01
 -2.97393756e-04 -3.79216862e-01  7.08851351e-03 -4.76188043e-05]","[ 0.          0.83963466 17.22865105 -4.83275318 -2.9381187  -2.26941133
  0.41308922 -0.53638917]"
1747093077.4341693,"[ 0.          0.24799962  1.17408013 -2.38171024 -1.64097914  1.88642832
  0.66403725  1.53933001]","[ 0.00000000e+00  9.37238210e-02  0.00000000e+00 -1.58277123e-01
 -2.90441709e-04 -3.78136451e-01  6.88805654e-03 -4.76188043e-05]","[ 0.          0.84327453 17.35676765 -4.82476807 -2.86785555 -2.29461765
  0.3633199  -0.53437871]"
1747093077.4358664,"[ 0.          0.24818834  1.17408067 -2.38203914 -1.64097968  1.88567957
  0.6640487   1.53933001]","[ 0.00000000e+00  9.54412103e-02  3.12046522e-05 -1.61248196e-01
 -2.96146732e-04 -3.79911914e-01  6.15951189e-03 -4.76188043e-05]","[ 0.          0.94283235 17.41911697 -4.79083681 -2.86919451 -2.26615953
  0.35625729 -0.54215473]"
1747093077.4381673,"[ 0.          0.24838073  1.17408067 -2.38235712 -1.64098021  1.88490046
  0.66406108  1.53933001]","[ 0.00000000e+00  9.39939238e-02  8.73979445e-05 -1.61518290e-01
 -3.00047456e-04 -3.79216862e-01  6.06351846e-03 -4.76188043e-05]","[ 0.          1.00013304 17.45115471 -4.76806688 -2.90747929 -2.25140429
  0.37788516 -0.56018698]"
1747093077.4398599,"[ 0.          0.24857451  1.17408013 -2.38268602 -1.64098074  1.8841613
  0.6640734   1.53933001]","[ 0.00000000e+00  9.50412452e-02  6.93784510e-05 -1.60545171e-01
 -3.05266986e-04 -3.74355095e-01  6.06351846e-03 -4.76547840e-05]","[ 0.          1.01120281 17.44784927 -4.7502284  -3.01780272 -2.2305913
  0.36837047 -0.53217012]"
1747093077.4421244,"[ 0.          0.24876599  1.17408013 -2.38300427 -1.6409834   1.88340696
  0.66408578  1.53933001]","[ 0.00000000e+00  9.72350907e-02  6.57408321e-05 -1.61518290e-01
 -3.48250477e-04 -3.67602650e-01  6.06351846e-03 -4.76192757e-05]","[ 0.          1.08140385 17.39623642 -4.70994949 -3.19497991 -2.1572125
  0.36900526 -0.53021806]"
1747093077.443831,"[ 0.          0.24896254  1.17408013 -2.38333796 -1.640985    1.88268964
  0.6640991   1.53933001]","[ 0.00000000e+00  9.96659659e-02  2.50756655e-05 -1.63250260e-01
 -3.66692900e-04 -3.61930616e-01  6.27752686e-03 -4.76188043e-05]","[ 0.          1.10112071 17.35168457 -4.69226646 -3.27709889 -2.1661458
  0.39057285 -0.5236569 ]"
1747093077.4461465,"[ 0.          0.24916182  1.17408013 -2.38366127 -1.64098713  1.88195141
  0.66411241  1.53933001]","[ 0.00000000e+00  9.69649962e-02  0.00000000e+00 -1.64052870e-01
 -4.25136998e-04 -3.59100442e-01  6.39200586e-03 -4.76188043e-05]","[ 0.          1.11178386 17.32086754 -4.66858149 -3.36876345 -2.16781712
  0.41462654 -0.51885945]"
1747093077.4478645,"[ 0.          0.24935054  1.17408013 -2.38399017 -1.64098873  1.88123702
  0.66412666  1.53933001]","[ 0.00000000e+00  9.45341127e-02  0.00000000e+00 -1.66650135e-01
 -4.38019942e-04 -3.61930616e-01  6.80816119e-03 -4.76547840e-05]","[ 0.          1.14810848 17.29449463 -4.63468313 -3.4311347  -2.12343764
  0.41505551 -0.50667703]"
1747093077.4501622,"[ 0.          0.24954202  1.17408013 -2.38433025 -1.64099033  1.88049307
  0.66414098  1.53933001]","[ 0.00000000e+00  9.37238210e-02  0.00000000e+00 -1.65569757e-01
 -4.19374141e-04 -3.62861957e-01  7.12551428e-03 -4.76188043e-05]","[ 0.          1.12346244 17.33411598 -4.56243992 -3.46779728 -2.13107133
  0.39712217 -0.50097102]"
1747093077.451891,"[ 0.          0.24973029  1.17408013 -2.38465223 -1.64099193  1.87978919
  0.66415429  1.53933001]","[ 0.00000000e+00  9.58846017e-02  0.00000000e+00 -1.62868779e-01
 -4.38019942e-04 -3.54908093e-01  6.88805654e-03 -4.75828816e-05]","[ 0.          1.16389894 17.34674454 -4.53026676 -3.48316145 -2.1862185
  0.38853404 -0.48088816]"
1747093077.4542465,"[ 0.          0.24992545  1.17408013 -2.384983   -1.64099352  1.87909184
  0.66416568  1.53933001]","[ 0.00000000e+00  9.58846017e-02  0.00000000e+00 -1.61788384e-01
 -4.05845919e-04 -3.53287493e-01  6.16104425e-03 -3.70372172e-05]","[ 0.          1.14800167 17.37299156 -4.51065636 -3.5187192  -2.25235152
  0.36891076 -0.48483551]"
1747093077.4558182,"[ 0.          0.25011693  1.17408067 -2.38529512 -1.64099459  1.87837545
  0.66417427  1.53933001]","[ 0.00000000e+00  9.72350907e-02  1.70001667e-05 -1.57466823e-01
 -4.22315484e-04 -3.49506138e-01  4.96858422e-03 -3.70368514e-05]","[ 0.          1.10692811 17.4018898  -4.49986029 -3.51457667 -2.31476259
  0.35638696 -0.49084544]"
1747093077.4581366,"[ 0.          0.25031622  1.17408067 -2.38561337 -1.64099672  1.87767438
  0.66417999  1.53932908]","[ 0.00000000e+00  9.88556741e-02  1.64814870e-05 -1.54609051e-01
 -4.46430518e-04 -3.42048188e-01  3.57649089e-03 -4.76188043e-05]","[ 0.          1.10426974 17.37538338 -4.51624489 -3.46661329 -2.31143188
  0.35798845 -0.4886505 ]"
1747093077.4598694,"[ 0.          0.25052286  1.17408013 -2.38592203 -1.64099779  1.87700086
  0.66418565  1.53932908]","[ 0.00000000e+00  1.01561229e-01  3.19870411e-05 -1.56656540e-01
 -4.99480966e-04 -3.41403204e-01  2.84794650e-03 -4.76188043e-05]","[ 0.          1.06364667 17.29197311 -4.50306749 -3.41691566 -2.27692533
  0.35734513 -0.49049968]"
1747093077.4615657,"[ 0.          0.2506225   1.17408013 -2.38609194 -1.64099885  1.87666224
  0.66418758  1.53932908]","[ 0.00000000e+00  1.01016455e-01  3.98927642e-05 -1.59990285e-01
 -5.74727068e-04 -3.43215884e-01  2.58366391e-03 -4.76192757e-05]","[ 0.          1.08281922 17.24016762 -4.50825167 -3.36934805 -2.32539463
  0.35649452 -0.49254066]"
1747093077.4633043,"[ 0.          0.25082455  1.17408013 -2.38641551 -1.64099992  1.87596396
  0.66419138  1.53932908]","[ 0.00000000e+00  1.02366944e-01  3.87481608e-05 -1.65299662e-01
 -7.68881004e-04 -3.38702226e-01  2.11992928e-03 -4.76192757e-05]","[ 0.          1.02165186 17.0582962  -4.53875303 -3.31207418 -2.29414129
  0.37953502 -0.49401569]"
1747093077.4645228,"[ 0.          0.25103164  1.17408013 -2.38675773 -1.64100045  1.87530563
  0.66419331  1.53932908]","[ 0.00000000e+00  1.01310460e-01  1.51643386e-05 -1.67020947e-01
 -7.68359685e-04 -3.31949814e-01  1.45708890e-03 -4.76188043e-05]","[ 0.          1.02235961 16.94364166 -4.52707434 -3.2366755  -2.13682723
  0.37629503 -0.49170467]"
1747093077.4662752,"[ 0.          0.25113221  1.17408013 -2.38692204 -1.64100098  1.87495369
  0.66419424  1.53932908]","[ 0.00000000e+00  1.02096849e-01  0.00000000e+00 -1.66650135e-01
 -7.18084067e-04 -3.31515918e-01  1.19216367e-03 -4.76188043e-05]","[ 0.          1.00945675 16.90468407 -4.51998425 -3.20067525 -2.07694316
  0.36562324 -0.49418327]"
1747093077.467398,"[ 0.          0.25133378  1.17408013 -2.38725361 -1.64100205  1.87430015
  0.66419617  1.53932908]","[ 0.00000000e+00  1.02096849e-01  0.00000000e+00 -1.69081018e-01
 -7.15333781e-04 -3.32422925e-01  9.27469061e-04 -4.76188043e-05]","[ 0.          0.96814543 16.86151314 -4.46912527 -3.13920808 -2.03825593
  0.34477589 -0.46458089]"
1747093077.469222,"[ 0.          0.25144124  1.17408013 -2.3874323  -1.64100258  1.87397285
  0.6641971   1.53932908]","[ 0.00000000e+00  1.01310460e-01  0.00000000e+00 -1.68265642e-01
 -6.88874210e-04 -3.31949814e-01  9.57397699e-04 -4.76188043e-05]","[ 0.          0.95910609 16.84912109 -4.45898533 -3.10263991 -2.02144456
  0.3304407  -0.4647634 ]"
1747093077.47037,"[ 0.          0.25163548  1.17408013 -2.38775828 -1.64100364  1.87329175
  0.6641971   1.53932908]","[ 0.00000000e+00  9.69649962e-02  0.00000000e+00 -1.63949173e-01
 -6.81922813e-04 -3.32760081e-01  6.14339379e-04 -4.76188043e-05]","[ 0.          0.94483316 16.85008812 -4.40578413 -3.02360344 -2.02654028
  0.31269443 -0.46635947]"
1747093077.4720902,"[ 0.          0.25173467  1.17408013 -2.3879162  -1.64100364  1.87296351
  0.6641971   1.53932908]","[ 0.00000000e+00  9.32858641e-02  0.00000000e+00 -1.60005515e-01
 -6.31410007e-04 -3.32760081e-01  4.82695217e-04 -4.76188043e-05]","[ 0.          0.9304741  16.85989189 -4.38996649 -2.97509503 -2.03955054
  0.31597951 -0.46355867]"
1747093077.473856,"[ 0.          0.25191237  1.17408013 -2.38823818 -1.64100471  1.87227189
  0.6641971   1.53932908]","[ 0.00000000e+00  8.93116788e-02  0.00000000e+00 -1.56981062e-01
 -6.25155155e-04 -3.39540489e-01  1.77751455e-04 -3.70368514e-05]","[ 0.          0.95216715 16.86176109 -4.36848974 -2.89907265 -2.00808692
  0.30000132 -0.46647513]"
1747093077.475584,"[ 0.          0.25199869  1.17407973 -2.38839237 -1.64100524  1.87193606
  0.6641971   1.53932908]","[ 0.00000000e+00  8.75115816e-02 -1.20018978e-05 -1.56386445e-01
 -6.01110763e-04 -3.40592904e-01  0.00000000e+00 -3.70368514e-05]","[ 0.          0.96342182 16.86163712 -4.36497355 -2.87456346 -2.02504325
  0.28358197 -0.45201689]"
1747093077.4767618,"[ 0.          0.25217456  1.17407973 -2.3887005  -1.64100631  1.87127214
  0.6641971   1.53932908]","[ 0.00000000e+00  8.55120470e-02 -1.17805105e-05 -1.56274842e-01
 -5.79052949e-04 -3.34920870e-01  0.00000000e+00 -3.70368514e-05]","[ 0.          1.02564728 16.84742737 -4.31130123 -2.84654713 -2.00120139
  0.27578345 -0.43479761]"
1747093077.4784806,"[ 0.          0.25226043  1.17407973 -2.38886668 -1.64100684  1.870921
  0.6641971   1.53932908]","[ 0.00000000e+00  8.69713844e-02 -1.15101511e-05 -1.56332316e-01
 -5.54950886e-04 -3.30512839e-01  0.00000000e+00 -3.70368514e-05]","[ 0.          1.03266621 16.82556534 -4.30587196 -2.82199955 -1.97472751
  0.28000456 -0.44474804]"
1747093077.4802454,"[ 0.          0.25243079  1.17407973 -2.38917241 -1.64100737  1.87022378
  0.6641971   1.53932908]","[ 0.00000000e+00  8.56209037e-02 -1.15290857e-05 -1.55306051e-01
 -4.82565992e-04 -3.27917788e-01  0.00000000e+00 -3.70372172e-05]","[ 0.          1.03599596 16.75832367 -4.25853014 -2.82222128 -2.02145457
  0.25268611 -0.43909535]"
1747093077.481398,"[ 0.          0.25260437  1.1740792  -2.38948667 -1.64100897  1.869556
  0.6641971   1.53932908]","[ 0.00000000e+00  8.48106036e-02 -2.20793918e-05 -1.53219530e-01
 -5.08104608e-04 -3.26253679e-01  0.00000000e+00 -3.70372172e-05]","[ 0.          1.08336997 16.70390701 -4.19732046 -2.82002449 -2.03914976
  0.22910132 -0.45468235]"
1747093077.4831603,"[ 0.          0.25268748  1.1740792  -2.38963687 -1.64101004  1.86923921
  0.6641971   1.53932908]","[ 0.00000000e+00  8.42704147e-02 -2.20789347e-05 -1.52334978e-01
 -5.29894416e-04 -3.21090342e-01  0.00000000e+00 -3.70368514e-05]","[ 0.          1.10673285 16.68625832 -4.15326881 -2.78401423 -2.01183653
  0.22652239 -0.43305919]"
1747093077.4849346,"[ 0.          0.25285508  1.1740792  -2.38993328 -1.64101057  1.86860938
  0.6641971   1.53932908]","[ 0.00000000e+00  8.10292395e-02 -2.16367636e-05 -1.49904095e-01
 -5.10262315e-04 -3.18444924e-01  0.00000000e+00 -3.70368514e-05]","[ 0.          1.20028555 16.71198082 -4.10342264 -2.68918395 -1.96458244
  0.22506842 -0.40522087]"
1747093077.486584,"[ 0.          0.25293635  1.1740792  -2.39008961 -1.64101057  1.86827075
  0.6641971   1.53932908]","[ 0.00000000e+00  8.22962633e-02 -3.23559118e-05 -1.47201086e-01
 -4.89851812e-04 -3.18977490e-01  0.00000000e+00 -3.70372172e-05]","[ 0.          1.22685456 16.74238968 -4.07819319 -2.62782645 -1.97566068
  0.18653235 -0.40563443]"
1747093077.4877923,"[ 0.          0.25310994  1.1740792  -2.39037297 -1.6410111   1.86764571
  0.6641971   1.53932908]","[ 0.00000000e+00  8.55120470e-02 -3.18179359e-05 -1.43006624e-01
 -4.47744023e-04 -3.16233502e-01  0.00000000e+00 -3.70372172e-05]","[ 0.          1.2713933  16.78204727 -3.99509645 -2.55617261 -1.99358106
  0.1573139  -0.42548394]"
1747093077.4894755,"[ 0.          0.25319488  1.1740792  -2.39051119 -1.64101163  1.86733372
  0.6641971   1.53932908]","[ 0.00000000e+00  8.61610926e-02 -3.12046522e-05 -1.40180594e-01
 -4.49030839e-04 -3.16875623e-01  0.00000000e+00 -2.64548924e-05]","[ 0.          1.28027499 16.79026222 -3.9607625  -2.52884865 -2.00642228
  0.14704548 -0.43687677]"
1747093077.491112,"[ 0.          0.25336983  1.1740792  -2.39079614 -1.64101163  1.86669922
  0.66419617  1.53932908]","[ 0.00000000e+00  8.99424568e-02 -2.07726768e-05 -1.38674959e-01
 -4.13015193e-04 -3.07911123e-01 -4.82566000e-05 -2.64551545e-05]","[ 0.          1.28100777 16.83665276 -3.96328878 -2.47477007 -1.98742962
  0.13502553 -0.42049345]"
1747093077.49287,"[ 0.          0.25355672  1.1740792  -2.39107231 -1.64101217  1.86610268
  0.66419617  1.53932908]","[ 0.00000000e+00  9.06608029e-02 -2.03808159e-05 -1.40180594e-01
 -4.11844176e-04 -3.00888600e-01 -4.60415958e-05 -2.64548924e-05]","[ 0.          1.29369175 16.86275482 -3.94119215 -2.4064188  -1.90609407
  0.1185941  -0.41432497]"
1747093077.4946141,"[ 0.          0.25373673  1.1740792  -2.39135914 -1.6410127   1.86549095
  0.66419517  1.53932815]","[ 0.00000000e+00  9.18331430e-02 -2.00030884e-05 -1.40430332e-01
 -3.98492155e-04 -2.97885487e-01 -7.40178194e-05 -3.70368514e-05]","[ 0.          1.26825023 16.83845139 -3.91559863 -2.35952163 -1.8253963
  0.09341616 -0.4121049 ]"
1747093077.4958396,"[ 0.          0.25382948  1.1740792  -2.39149975 -1.6410127   1.86519414
  0.66419517  1.53932815]","[ 0.00000000e+00  9.39939238e-02 -2.00030884e-05 -1.42466968e-01
 -3.83964761e-04 -3.00888600e-01 -7.42418490e-05 -3.70089097e-05]","[ 0.          1.24091959 16.84393501 -3.9213078  -2.34230709 -1.87803674
  0.09169106 -0.41230711]"
1747093077.4975803,"[ 0.          0.25392866  1.1740792  -2.39164116 -1.6410127   1.86490119
  0.66419517  1.53932815]","[ 0.00000000e+00  9.32858641e-02 -1.96394680e-05 -1.43421761e-01
 -3.65693239e-04 -2.97107211e-01 -7.14367280e-05 -3.70928568e-05]","[ 0.          1.22558701 16.83377457 -3.91208243 -2.31907177 -1.83273387
  0.08577015 -0.40028706]"
1747093077.4987872,"[ 0.          0.25411464  1.1740788  -2.39193651 -1.6410127   1.86429146
  0.66419517  1.53932815]","[ 0.00000000e+00  9.45341127e-02 -2.40779066e-05 -1.44191864e-01
 -3.29984840e-04 -2.98414457e-01 -6.88358628e-05 -3.70364776e-05]","[ 0.          1.20187593 16.80370331 -3.91654325 -2.30192566 -1.80172527
  0.07036427 -0.39763001]"
1747093077.5005195,"[ 0.          0.25420878  1.1740788  -2.39207686 -1.64101323  1.86399465
  0.66419517  1.53932815]","[ 0.00000000e+00  9.56145072e-02 -2.40779066e-05 -1.42341366e-01
 -3.29984840e-04 -3.00888600e-01 -6.86432290e-05 -3.70092754e-05]","[ 0.          1.19663775 16.80599594 -3.88673306 -2.29577136 -1.81883085
  0.06913161 -0.4083578 ]"
1747093077.5022402,"[ 0.          0.25439979  1.1740788  -2.39238099 -1.64101323  1.86369305
  0.66419424  1.53932815]","[ 0.00000000e+00  9.30351025e-02 -2.36881263e-05 -1.37106723e-01
 -3.18337801e-04 -3.05750334e-01 -1.07863957e-04 -3.70928568e-05]","[ 0.          1.16610801 16.8192482  -3.86083484 -2.31329536 -1.82731223
  0.06579504 -0.42271951]"
1747093077.5034547,"[ 0.          0.25449302  1.1740788  -2.39251228 -1.64101376  1.86336295
  0.66419424  1.53932815]","[ 0.00000000e+00  9.45341127e-02 -2.32488973e-05 -1.33158055e-01
 -3.25370958e-04 -3.10660371e-01 -1.04085175e-04 -3.70928568e-05]","[ 0.          1.17876887 16.81975555 -3.87531185 -2.3260324  -1.81615841
  0.05551556 -0.41294825]"
1747093077.505203,"[ 0.          0.25467576  1.1740788  -2.39276715 -1.6410143   1.86274749
  0.66419424  1.53932815]","[ 0.00000000e+00  9.30892147e-02 -2.28554353e-05 -1.28156180e-01
 -3.14628068e-04 -3.11692479e-01 -1.00565638e-04 -3.70924870e-05]","[ 0.          1.15627432 16.80576324 -3.91641688 -2.33794785 -1.80990577
  0.05872269 -0.4098841 ]"
1747093077.5063941,"[ 0.          0.25477404  1.1740788  -2.39290057 -1.64101483  1.86243923
  0.66419424  1.53932815]","[ 0.00000000e+00  9.25335627e-02 -2.28550452e-05 -1.25516813e-01
 -3.21327355e-04 -3.12455974e-01 -1.00565638e-04 -3.70928568e-05]","[ 0.          1.13505101 16.81048965 -3.91922665 -2.35237646 -1.80776608
  0.04524729 -0.40034118]"
1747093077.5081286,"[ 0.          0.25495956  1.17407827 -2.39313546 -1.6410159   1.86181046
  0.66419424  1.53932815]","[ 0.00000000e+00  9.45341127e-02 -3.14242606e-05 -1.16952203e-01
 -3.33615445e-04 -3.06519855e-01 -9.72698863e-05 -2.64948971e-05]","[ 0.          1.11320662 16.77659416 -3.97188044 -2.38806581 -1.8202889
  0.04984546 -0.40271178]"
1747093077.5092943,"[ 0.          0.25505139  1.17407827 -2.39324705 -1.64101643  1.86150792
  0.66419424  1.53932815]","[ 0.00000000e+00  9.31836320e-02 -3.09105081e-05 -1.13170839e-01
 -3.38543658e-04 -3.06830745e-01 -9.39567345e-05 -2.64948971e-05]","[ 0.          1.07282674 16.74199104 -4.0040102  -2.43111444 -1.92413092
  0.05863509 -0.3955701 ]"
1747093077.511044,"[ 0.          0.25523782  1.17407827 -2.39346836 -1.64101803  1.86088288
  0.66419424  1.53932815]","[ 0.00000000e+00  9.06608029e-02 -3.04505443e-05 -1.06310586e-01
 -3.62914053e-04 -3.05435981e-01 -9.12922568e-05 -2.64948971e-05]","[ 0.          1.01753855 16.67318916 -4.08562708 -2.51661944 -1.93964124
  0.07355819 -0.40708122]"
1747093077.512237,"[ 0.          0.25532691  1.17407827 -2.39357116 -1.64101856  1.86058607
  0.66419424  1.53932815]","[ 0.00000000e+00  9.02125596e-02 -3.04132846e-05 -1.04257622e-01
 -3.67388859e-04 -3.00888600e-01 -9.10765495e-05 -2.64948971e-05]","[ 0.          0.99046779 16.63800621 -4.10514784 -2.52897716 -1.82095885
  0.08666164 -0.41230035]"
1747093077.5139606,"[ 0.          0.25550782  1.17407787 -2.39367449 -1.64102069  1.86000004
  0.66419424  1.53932815]","[ 0.00000000e+00  8.77689595e-02 -3.42077792e-05 -1.04797819e-01
 -4.00835067e-04 -2.96026833e-01 -8.83650227e-05 -2.64948971e-05]","[ 0.          0.95538729 16.58924484 -4.15067053 -2.56490755 -1.79526162
  0.10563485 -0.41807649]"
1747093077.5166092,"[ 0.          0.25559645  1.17407787 -2.39378288 -1.64102175  1.85971189
  0.66419424  1.53932815]","[ 0.00000000e+00  8.99424568e-02 -3.42077792e-05 -1.02062761e-01
 -4.16720732e-04 -2.92245478e-01 -8.83676885e-05 -2.64948971e-05]","[ 0.          0.92068428 16.5813446  -4.15364599 -2.57900929 -1.83836532
  0.11645123 -0.41101167]"
1747093077.5172224,"[ 0.          0.25577736  1.17407787 -2.39398794 -1.64102388  1.85910868
  0.66419424  1.53932815]","[ 0.00000000e+00  9.18331430e-02 -3.36746674e-05 -1.04691642e-01
 -4.37170149e-04 -2.95216533e-01 -8.58153109e-05 -2.64948971e-05]","[ 0.          0.85063916 16.52396965 -4.22378826 -2.59017253 -1.78985178
  0.13142812 -0.40389478]"
1747093077.5189288,"[ 0.          0.25596563  1.17407734 -2.39420472 -1.64102548  1.85849802
  0.66419424  1.53932815]","[ 0.00000000e+00  9.18331430e-02 -4.97361019e-05 -1.06148308e-01
 -4.46663447e-04 -2.99919077e-01 -8.34038612e-05 -2.64951613e-05]","[ 0.          0.80495876 16.50801849 -4.26316404 -2.60709405 -1.79980743
  0.15605623 -0.42238152]"
1747093077.5206833,"[ 0.          0.25614427  1.17407734 -2.39441591 -1.64102708  1.85791572
  0.66419424  1.53932815]","[ 0.00000000e+00  8.94022679e-02 -4.89851861e-05 -1.07498797e-01
 -4.44194529e-04 -2.94406233e-01 -8.32237841e-05 -2.64948971e-05]","[ 0.          0.74708903 16.47337723 -4.31467104 -2.60916328 -1.77939689
  0.14737831 -0.42114127]"
1747093077.5223465,"[ 0.          0.25623609  1.17407734 -2.3945291  -1.64102815  1.85763036
  0.66419424  1.53932815]","[ 0.00000000e+00  8.65151183e-02 -4.82005581e-05 -1.06576594e-01
 -4.72852249e-04 -2.89544500e-01 -8.34038612e-05 -2.64948971e-05]","[ 0.          0.72700059 16.46637535 -4.33620358 -2.60144591 -1.76024675
  0.14424224 -0.40958777]"
1747093077.5240436,"[ 0.          0.25640554  1.17407734 -2.39473602 -1.64102974  1.85704913
  0.66419424  1.53932815]","[ 0.00000000e+00  8.60737992e-02 -4.74942531e-05 -1.04961462e-01
 -5.15602194e-04 -2.82521944e-01 -8.11264797e-05 -1.85604623e-05]","[ 0.          0.6754427  16.43222618 -4.34948015 -2.57786489 -1.72261548
  0.15130939 -0.40903431]"
1747093077.5251627,"[ 0.          0.256496    1.17407694 -2.39483989 -1.64103028  1.85677136
  0.66419424  1.53932815]","[ 0.00000000e+00  8.52612771e-02 -5.54717933e-05 -1.05338016e-01
 -5.62339858e-04 -2.81711677e-01 -7.88065842e-05 -1.85466133e-05]","[ 0.          0.67686969 16.41202164 -4.34108829 -2.57292485 -1.73027158
  0.14510775 -0.41065049]"
1747093077.5269394,"[ 0.          0.25666315  1.1740764  -2.39505427 -1.64103134  1.85619678
  0.66419424  1.53932815]","[ 0.00000000e+00  8.42704147e-02 -6.15217479e-05 -1.05608111e-01
 -6.18990223e-04 -2.80359124e-01 -7.67722910e-05 -1.85464284e-05]","[ 0.          0.66305214 16.36135674 -4.34476233 -2.56171346 -1.74086428
  0.15003951 -0.40200248]"
1747093077.5286505,"[ 0.          0.25674717  1.17407601 -2.39516    -1.64103187  1.85592274
  0.66419424  1.53932815]","[ 0.00000000e+00  8.53508009e-02 -6.92119628e-05 -1.07228694e-01
 -6.62360152e-04 -2.77930304e-01 -7.67722910e-05 -1.85604623e-05]","[ 0.          0.64665776 16.34017944 -4.35616589 -2.5613625  -1.74511981
  0.1422001  -0.41008526]"
1747093077.529799,"[ 0.          0.25691891  1.17407601 -2.39537066 -1.64103347  1.85537959
  0.66419424  1.53932815]","[ 0.00000000e+00  8.22962633e-02 -6.06582158e-05 -1.06580406e-01
 -7.82707141e-04 -2.74959232e-01 -4.75321996e-05 -1.85464284e-05]","[ 0.          0.59685528 16.32110214 -4.36571503 -2.54559112 -1.8056978
  0.14814387 -0.40367603]"
1747093077.531562,"[ 0.          0.25707412  1.17407601 -2.39558797 -1.64103454  1.85480595
  0.66419424  1.53932815]","[ 0.00000000e+00  7.83282698e-02 -6.06573543e-05 -1.05338016e-01
 -7.93466220e-04 -2.81849129e-01 -4.64531837e-05 -1.85604623e-05]","[ 0.          0.57683283 16.28859711 -4.30698013 -2.54498172 -1.80850983
  0.15535326 -0.39751673]"
1747093077.533369,"[ 0.          0.25714989  1.17407601 -2.39568837 -1.6410356   1.85452525
  0.66419424  1.53932815]","[ 0.00000000e+00  7.67076863e-02 -5.98177531e-05 -1.01826747e-01
 -8.05264622e-04 -2.84682733e-01 -4.63653761e-05 -1.85604623e-05]","[ 0.          0.59980935 16.28456879 -4.27599096 -2.54601169 -1.78167403
  0.15149221 -0.41269282]"
1747093077.5350282,"[ 0.          0.25730096  1.17407561 -2.39589423 -1.6410372   1.85393163
  0.66419424  1.53932815]","[ 0.00000000e+00  7.26562194e-02 -6.26886404e-05 -1.00056618e-01
 -7.82948425e-04 -2.91894473e-01 -2.65453394e-05 -1.85464284e-05]","[ 0.          0.62444031 16.29349899 -4.24299192 -2.55472112 -1.77498257
  0.17082515 -0.40347746]"
1747093077.536147,"[ 0.          0.25737168  1.17407561 -2.39599277 -1.64103773  1.85364148
  0.66419424  1.53932815]","[ 0.00000000e+00  7.18459277e-02 -6.26236097e-05 -9.98348103e-02
 -7.72105601e-04 -2.94406233e-01 -2.59081268e-05 -1.85604623e-05]","[ 0.          0.62423235 16.3145752  -4.2591567  -2.55319905 -1.80331075
  0.15785633 -0.40322608]"
1747093077.5380063,"[ 0.          0.25751769  1.17407561 -2.39619038 -1.64103986  1.85304799
  0.66419424  1.53932815]","[ 0.00000000e+00  7.22213169e-02 -6.26886404e-05 -1.01016455e-01
 -7.69421764e-04 -3.03859656e-01 -2.58609538e-05 -1.85464284e-05]","[ 0.          0.65687829 16.37057877 -4.22592545 -2.5859673  -1.84893262
  0.14750862 -0.38962483]"
1747093077.539792,"[ 0.          0.25758933  1.17407561 -2.39630063 -1.6410404   1.85272255
  0.66419424  1.53932815]","[ 0.00000000e+00  7.26562194e-02 -6.18443010e-05 -1.03818142e-01
 -7.47943396e-04 -3.06439061e-01 -2.52558015e-05 -1.85464284e-05]","[ 0.          0.68256402 16.43264008 -4.20242071 -2.60727119 -1.86153448
  0.13434425 -0.39125809]"
1747093077.540999,"[ 0.          0.25773168  1.17407561 -2.39650676 -1.64104359  1.8521023
  0.66419424  1.53932815]","[ 0.00000000e+00  7.18459277e-02 -6.17801642e-05 -1.04257622e-01
 -8.05302658e-04 -3.16554246e-01 -2.46355181e-05 -1.85464284e-05]","[ 0.          0.68484002 16.5433445  -4.1265521  -2.66381574 -1.89546025
  0.13039054 -0.38962734]"
1747093077.5427384,"[ 0.          0.25788091  1.17407561 -2.3967262  -1.64104679  1.85146874
  0.66419331  1.53932815]","[ 0.00000000e+00  7.34665111e-02 -6.09599548e-05 -1.07478465e-01
 -9.00790637e-04 -3.23036580e-01 -4.21510099e-05 -1.85464284e-05]","[ 0.          0.68327767 16.64218903 -4.04082632 -2.71138    -1.89731777
  0.12812619 -0.38602257]"
1747093077.5445154,"[ 0.          0.25795485  1.17407561 -2.39683087 -1.64104945  1.85112439
  0.66419331  1.53932815]","[ 0.00000000e+00  7.50110197e-02 -6.00997468e-05 -1.06148308e-01
 -1.00702482e-03 -3.24243624e-01 -4.22235706e-05 -1.85606472e-05]","[ 0.          0.69420195 16.71296692 -4.03413963 -2.70670319 -1.89129317
  0.13810669 -0.39742807]"
1747093077.54616,"[ 0.          0.25810683  1.17407561 -2.39704126 -1.64105371  1.85047565
  0.66419331  1.53932815]","[ 0.00000000e+00  7.44782294e-02 -5.93831811e-05 -1.06688505e-01
 -1.34075415e-03 -3.30869403e-01 -4.12317853e-05 -1.85464284e-05]","[ 0.          0.72280556 16.81738472 -4.01342487 -2.74336982 -1.84580767
  0.11621564 -0.40463233]"
1747093077.547949,"[ 0.          0.25825745  1.17407561 -2.39725484 -1.6410601   1.84978975
  0.66419331  1.53932815]","[ 0.00000000e+00  7.77880725e-02 -5.86249954e-05 -1.03342518e-01
 -2.02137464e-03 -3.36541470e-01 -2.35610210e-05 -1.85464284e-05]","[ 0.          0.78043967 16.90579796 -3.9864459  -2.83193135 -1.88702631
  0.09567802 -0.37414539]"
1747093077.549042,"[ 0.          0.25833551  1.17407561 -2.39735657 -1.64106383  1.84945672
  0.66419331  1.53932815]","[ 0.00000000e+00  7.90583754e-02 -5.85666005e-05 -1.03177236e-01
 -2.51678996e-03 -3.37621848e-01 -2.30203021e-05 -1.85464284e-05]","[ 0.          0.78009295 16.9477005  -3.97454453 -2.87598324 -1.81508482
  0.1045204  -0.38237888]"
1747093077.5507824,"[ 0.          0.25850036  1.17407561 -2.39755684 -1.64107129  1.84877282
  0.66419331  1.53932722]","[ 0.00000000e+00  8.04890505e-02 -5.78289932e-05 -1.00476258e-01
 -3.28840187e-03 -3.31955640e-01 -2.25758575e-05 -2.64948971e-05]","[ 0.          0.8354969  17.00411224 -3.92954731 -2.92522168 -1.83600831
  0.1330916  -0.4015733 ]"
1747093077.5525205,"[ 0.          0.25858256  1.17407561 -2.39766151 -1.64107662  1.84844645
  0.66419231  1.53932722]","[ 0.00000000e+00  8.34601230e-02 -5.78289932e-05 -9.85520072e-02
 -3.93596822e-03 -3.31139514e-01 -3.95077526e-05 -2.65149452e-05]","[ 0.          0.82289714 17.02591705 -3.91520214 -2.92172432 -1.8450768
  0.13811091 -0.40351889]"
1747093077.5541556,"[ 0.          0.25875613  1.17407561 -2.39785219 -1.64108833  1.8477977
  0.66419231  1.53932722]","[ 0.00000000e+00  8.53508009e-02 -5.37510115e-05 -9.50743100e-02
 -5.61774274e-03 -3.28978725e-01 -3.86381372e-05 -2.64948971e-05]","[ 0.          0.8007406  17.05862236 -3.94787312 -2.94268584 -1.79300773
  0.13997816 -0.39728189]"
1747093077.5565534,"[ 0.          0.25892419  1.17407561 -2.39803994 -1.64110112  1.84712512
  0.66419231  1.53932722]","[ 0.00000000e+00  8.60737992e-02 -5.30900164e-05 -9.02766419e-02
 -6.47905377e-03 -3.27002060e-01 -3.78643348e-05 -2.65152094e-05]","[ 0.          0.77559972 17.10638237 -4.01766443 -2.92726088 -1.77520597
  0.1541958  -0.37466022]"
1747093077.5582128,"[ 0.          0.25911981  1.17407561 -2.39820905 -1.6411155   1.84648397
  0.66419231  1.53932722]","[ 0.00000000e+00  9.00258803e-02 -5.30900164e-05 -8.48106036e-02
 -7.02200678e-03 -3.24116958e-01 -3.78643348e-05 -1.85464284e-05]","[ 0.          0.74169058 17.12355804 -4.06516933 -2.88639665 -1.77318287
  0.16767767 -0.37506017]"
1747093077.5600097,"[ 0.          0.25929843  1.17407561 -2.39837417 -1.64112988  1.84581605
  0.66419231  1.53932722]","[ 0.00000000e+00  9.07527485e-02 -5.24457229e-05 -7.94188176e-02
 -7.29263180e-03 -3.27898347e-01 -3.71209245e-05 -1.85604623e-05]","[ 0.          0.67492282 17.11160469 -4.13662863 -2.86765528 -1.75216043
  0.17655268 -0.37343886]"
1747093077.561728,"[ 0.          0.2594844   1.17407561 -2.3985289  -1.64114479  1.8451701
  0.66419231  1.53932722]","[ 0.00000000e+00  8.99411835e-02 -5.17684080e-05 -7.80581670e-02
 -7.27852693e-03 -3.26756650e-01 -3.63521855e-05 -1.85464284e-05]","[ 0.          0.60063136 17.11221695 -4.19408226 -2.84291506 -1.72205174
  0.17038792 -0.37407637]"
1747093077.563565,"[ 0.          0.25957119  1.17407561 -2.3986056  -1.64115172  1.84485145
  0.66419231  1.53932722]","[ 0.00000000e+00  8.80517789e-02 -4.52973565e-05 -7.77880725e-02
 -7.27852693e-03 -3.23364548e-01 -3.56664263e-05 -1.85462435e-05]","[ 0.          0.54058844 17.14250565 -4.23753166 -2.86533499 -1.61338925
  0.17480017 -0.36613232]"
1747093077.5652702,"[ 0.          0.25973467  1.17407561 -2.39876405 -1.64116503  1.84419977
  0.66419231  1.53932722]","[ 0.00000000e+00  8.21096340e-02 -4.47611605e-05 -7.72478753e-02
 -6.50185813e-03 -3.15473868e-01 -3.49057740e-05 -1.85604623e-05]","[ 0.          0.48163217 17.13380623 -4.3598485  -2.88796926 -1.63436401
  0.18342707 -0.3574605 ]"
1747093077.5665407,"[ 0.          0.25989538  1.17407561 -2.39892837 -1.64117568  1.84355955
  0.66419231  1.53932722]","[ 0.00000000e+00  7.67076863e-02 -4.42380332e-05 -8.07474437e-02
 -5.40194971e-03 -3.11955966e-01 -3.43690700e-05 -1.85184257e-05]","[ 0.          0.47160172 17.1677494  -4.43909025 -2.92697001 -1.65980148
  0.20734489 -0.36919796]"
1747093077.5682354,"[ 0.          0.25996931  1.17407561 -2.39900986 -1.64117995  1.84325329
  0.66419231  1.53932722]","[ 0.00000000e+00  7.50870946e-02 -4.42380332e-05 -8.25660831e-02
 -4.85929059e-03 -3.10612101e-01 -3.42736593e-05 -1.85324169e-05]","[ 0.          0.47290131 17.16604614 -4.4655757  -2.93269992 -1.66171348
  0.210581   -0.36255527]"
1747093077.5699396,"[ 0.          0.26012085  1.17407561 -2.39917498 -1.64118794  1.84264063
  0.66419231  1.53932722]","[ 0.00000000e+00  7.34751581e-02 -4.36870251e-05 -8.56209037e-02
 -3.90111488e-03 -3.09218103e-01 -3.42736593e-05 -1.85186086e-05]","[ 0.          0.47518194 17.22114182 -4.51864195 -3.00710034 -1.64237571
  0.23062365 -0.37097904]"
1747093077.5716383,"[ 0.          0.26019432  1.17407561 -2.39926233 -1.64119113  1.84231625
  0.66419331  1.53932722]","[ 0.00000000e+00  7.45469056e-02 -4.31880644e-05 -8.85919761e-02
 -3.51126711e-03 -3.05435981e-01 -1.92362390e-05 -1.85184257e-05]","[ 0.          0.4789964  17.23862457 -4.53814983 -3.05914187 -1.63765717
  0.23578148 -0.34113958]"
1747093077.5728235,"[ 0.          0.26033483  1.17407561 -2.39945381 -1.64119646  1.8417217
  0.66419331  1.53932722]","[ 0.00000000e+00  7.02253442e-02 -4.31880644e-05 -9.49779784e-02
 -2.70097486e-03 -3.00888600e-01 -1.92095285e-05 -1.85184257e-05]","[ 0.          0.49217072 17.23578644 -4.53268957 -3.14856768 -1.54567802
  0.22325441 -0.32194299]"
1747093077.574486,"[ 0.          0.26040186  1.17407561 -2.39965249 -1.64120019  1.84110811
  0.66419331  1.53932722]","[ 0.00000000e+00  6.80645635e-02 -4.26998805e-05 -1.02907141e-01
 -1.81963173e-03 -2.98414457e-01 -1.88742805e-05 -1.85186086e-05]","[ 0.          0.48749533 17.23219681 -4.51542139 -3.25378537 -1.4747448
  0.2241018  -0.29755706]"
1747093077.5759683,"[ 0.          0.2604735   1.17407561 -2.3997646  -1.64120232  1.84081316
  0.66419331  1.53932722]","[ 0.00000000e+00  6.74567136e-02 -4.21867823e-05 -1.05573523e-01
 -1.89164150e-03 -2.99268000e-01 -1.85502117e-05 -1.85324169e-05]","[ 0.          0.50231284 17.22304535 -4.46657562 -3.28827095 -1.48132944
  0.22939028 -0.29934138]"
1747093077.5777009,"[ 0.          0.2606007   1.17407561 -2.39997686 -1.64120658  1.84023952
  0.66419231  1.53932722]","[ 0.00000000e+00  6.32028089e-02 -4.17217856e-05 -1.09119380e-01
 -2.10665353e-03 -2.87092527e-01 -3.19138017e-05 -1.85184257e-05]","[ 0.          0.587062   17.24780846 -4.41832685 -3.37522817 -1.42651236
  0.2285822  -0.30838305]"
1747093077.5794654,"[ 0.          0.26066545  1.17407561 -2.40008472 -1.64120764  1.83996175
  0.66419231  1.53932722]","[ 0.00000000e+00  6.09367377e-02 -4.17572980e-05 -1.09278646e-01
 -1.85493812e-03 -2.81711677e-01 -3.19143462e-05 -1.85184257e-05]","[ 0.          0.63461024 17.26881981 -4.33740759 -3.42642951 -1.35180593
  0.21438569 -0.30600202]"
1747093077.581099,"[ 0.          0.26078025  1.17407561 -2.40031029 -1.6412119   1.83940622
  0.66419231  1.53932722]","[ 0.00000000e+00  5.72606640e-02 -4.12660135e-05 -1.11010067e-01
 -1.88579464e-03 -2.68206787e-01 -3.13444767e-05 -1.85186086e-05]","[ 0.          0.77218974 17.32487297 -4.23967695 -3.47547603 -1.31871486
  0.20539255 -0.30787984]"
1747093077.5830257,"[ 0.          0.26089871  1.17407561 -2.4005284  -1.64121616  1.83886586
  0.66419231  1.53932722]","[ 0.00000000e+00  6.15822255e-02 -4.08205387e-05 -1.11010067e-01
 -2.01854360e-03 -2.63059180e-01 -3.13444767e-05 -1.85184257e-05]","[ 0.          0.89090657 17.34083939 -4.16200542 -3.47145033 -1.25088608
  0.17833331 -0.30202308]"
1747093077.5841196,"[ 0.          0.26096392  1.17407561 -2.40064531 -1.6412183   1.838609
  0.66419138  1.53932722]","[ 0.00000000e+00  6.14382733e-02 -4.03513605e-05 -1.10087356e-01
 -2.03842225e-03 -2.60373964e-01 -4.84515461e-05 -1.85186086e-05]","[ 0.          0.98222446 17.3735218  -4.09357977 -3.45861912 -1.23575318
  0.16573088 -0.2953431 ]"
1747093077.5859096,"[ 0.          0.26108927  1.17407561 -2.40086076 -1.64122256  1.83810673
  0.66419138  1.53932722]","[ 0.00000000e+00  6.42831993e-02 -3.99253141e-05 -1.07929522e-01
 -1.98718644e-03 -2.52811236e-01 -4.76151958e-05 -1.85184257e-05]","[ 0.          1.10323894 17.374403   -3.98844028 -3.40012932 -1.21484613
  0.14793925 -0.31355578]"
1747093077.587073,"[ 0.          0.26115449  1.17407561 -2.40097315 -1.64122415  1.83785932
  0.66419045  1.53932722]","[ 0.00000000e+00  6.61738814e-02 -3.99253141e-05 -1.05824293e-01
 -2.05342607e-03 -2.50920558e-01 -5.96452669e-05 -1.85184257e-05]","[ 0.          1.12825453 17.35637093 -3.9274025  -3.35695243 -1.18921077
  0.13762444 -0.30709824]"
1747093077.5888238,"[ 0.          0.26129728  1.17407561 -2.40117475 -1.64122735  1.83735332
  0.66419045  1.53932722]","[ 0.00000000e+00  7.13057304e-02 -3.95081711e-05 -1.01016455e-01
 -1.93927606e-03 -2.45788696e-01 -5.87199875e-05 -1.85184257e-05]","[ 0.          1.16566026 17.30448723 -3.86077619 -3.2653203  -1.16596234
  0.11899431 -0.28075808]"
1747093077.590049,"[ 0.          0.26136892  1.17407561 -2.40127169 -1.64122895  1.83710791
  0.66418951  1.53932722]","[ 0.00000000e+00  7.26562194e-02 -3.90996513e-05 -9.83154852e-02
 -1.85470731e-03 -2.49029880e-01 -7.43426766e-05 -1.85184257e-05]","[ 0.          1.2151829  17.28818512 -3.83850861 -3.23004079 -1.17503011
  0.11274821 -0.27739632]"
1747093077.5918136,"[ 0.          0.26151816  1.17407561 -2.40146557 -1.64123108  1.83659991
  0.66418851  1.53932722]","[ 0.00000000e+00  7.39766979e-02 -3.86990962e-05 -9.38189790e-02
 -1.58974918e-03 -2.48010006e-01 -8.94934121e-05 -1.85184257e-05]","[ 0.          1.18861699 17.23548698 -3.77263761 -3.21809626 -1.14455521
  0.08630181 -0.27986911]"
1747093077.593557,"[ 0.          0.26159116  1.17407561 -2.40155878 -1.64123214  1.8363573
  0.66418851  1.53932722]","[ 0.00000000e+00  7.40067084e-02 -3.86994985e-05 -9.45341127e-02
 -1.45708890e-03 -2.46058807e-01 -8.80648482e-05 -1.85324169e-05]","[ 0.          1.19159603 17.23254395 -3.73099399 -3.16785932 -1.09020388
  0.09313796 -0.27689618]"
1747093077.5947597,"[ 0.          0.26174546  1.17407561 -2.40174733 -1.64123374  1.83587114
  0.66418758  1.53932722]","[ 0.00000000e+00  7.95980234e-02 -3.28089979e-05 -9.20320229e-02
 -1.19216367e-03 -2.45000018e-01 -9.86122193e-05 -1.85182388e-05]","[ 0.          1.20014191 17.22018433 -3.71712112 -3.11104107 -1.07541239
  0.06637079 -0.28608829]"
1747093077.5964797,"[ 0.          0.26182214  1.17407561 -2.40183841 -1.64123427  1.83563518
  0.66418758  1.53932722]","[ 0.00000000e+00  7.77880725e-02 -3.28346172e-05 -9.23733403e-02
 -9.93593219e-04 -2.39306363e-01 -9.71928231e-05 -1.05819570e-05]","[ 0.          1.21777201 17.23023224 -3.71742177 -3.09575295 -1.0790391
  0.05518995 -0.28126049]"
1747093077.597715,"[ 0.          0.26198561  1.17407561 -2.4020243  -1.64123534  1.83515581
  0.66418758  1.53932722]","[ 0.00000000e+00  8.04890505e-02 -3.24805443e-05 -9.38986908e-02
 -8.02459070e-04 -2.32283823e-01 -9.71914008e-05 -1.05820616e-05]","[ 0.          1.18995488 17.2625885  -3.68009448 -3.0507822  -1.10092735
  0.04120725 -0.28331769]"
1747093077.5994635,"[ 0.          0.26206505  1.17407561 -2.40211697 -1.64123587  1.83493024
  0.66418758  1.53932722]","[ 0.00000000e+00  8.04890505e-02 -3.24802152e-05 -9.39939238e-02
 -7.35587524e-04 -2.28772562e-01 -9.58123242e-05 -1.05819570e-05]","[ 0.          1.18913376 17.27313614 -3.6418407  -3.01115298 -1.13200212
  0.04250227 -0.27472576]"
1747093077.601253,"[ 0.          0.26222852  1.17407561 -2.40231165 -1.64123694  1.83446991
  0.66418665  1.53932722]","[ 0.00000000e+00  7.85983643e-02 -3.21579567e-05 -9.48042155e-02
 -5.96155957e-04 -2.23414115e-01 -1.05694482e-04 -1.05899522e-05]","[ 0.          1.13846767 17.300457   -3.6152637  -2.95694828 -1.15678167
  0.02279764 -0.27323115]"
1747093077.6024845,"[ 0.          0.26230567  1.17407561 -2.4024022  -1.64123747  1.83425007
  0.66418565  1.53932722]","[ 0.00000000e+00  7.82489076e-02 -3.21579567e-05 -9.18331430e-02
 -5.96155957e-04 -2.23100511e-01 -1.20793690e-04 -1.05820616e-05]","[ 0.          1.10078883 17.29255104 -3.6430378  -2.94383812 -1.10922587
  0.02991378 -0.27327761]"
1747093077.6041667,"[ 0.          0.26246087  1.17407561 -2.40258409 -1.64123907  1.83379161
  0.66418565  1.53932722]","[ 0.00000000e+00  7.85983643e-02 -3.18420273e-05 -8.82704993e-02
 -5.90043495e-04 -2.23183935e-01 -1.19128776e-04 -1.05819570e-05]","[ 0.          1.06868589 17.21755219 -3.61497021 -2.94224262 -1.07937205
  0.01875688 -0.26137251]"
1747093077.6053393,"[ 0.          0.26254352  1.17407561 -2.40266958 -1.6412396   1.83357469
  0.66418565  1.53932722]","[ 0.00000000e+00  7.77382215e-02 -3.18417103e-05 -8.67012899e-02
 -5.85134787e-04 -2.19859344e-01 -1.17386132e-04 -1.05819570e-05]","[ 0.          1.07102919 17.1710453  -3.61857009 -2.94250679 -1.07306349
  0.03227325 -0.27145275]"
1747093077.60713,"[ 0.          0.26269644  1.17407561 -2.40283523 -1.64124173  1.83314086
  0.66418472  1.53932722]","[ 0.00000000e+00  7.77880725e-02 -3.18179359e-05 -8.29199257e-02
 -6.91453887e-04 -2.21795180e-01 -1.30424568e-04 -1.05819570e-05]","[ 0.          1.05988121 17.09166718 -3.62095499 -2.97255182 -1.00578725
  0.02476735 -0.28993592]"
1747093077.6092777,"[ 0.          0.26277359  1.17407561 -2.40292152 -1.6412428   1.83292395
  0.66418472  1.53932722]","[ 0.00000000e+00  7.83282698e-02 -2.65350217e-05 -8.12489835e-02
 -7.21332916e-04 -2.20082551e-01 -1.30424568e-04 -1.05819570e-05]","[ 0.          1.01386952 17.05428696 -3.62965536 -2.97655535 -0.97434968
  0.02593856 -0.26857865]"
1747093077.610114,"[ 0.          0.26293476  1.17407561 -2.40308237 -1.64124493  1.83246256
  0.66418472  1.53932722]","[ 0.00000000e+00  7.83282698e-02 -2.65350217e-05 -8.10292395e-02
 -7.75598724e-04 -2.27692167e-01 -1.28565410e-04 -1.05819570e-05]","[ 0.          0.96641058 17.02040672 -3.64413857 -2.99671555 -0.96051955
  0.02134174 -0.25795481]"
1747093077.6117773,"[ 0.          0.26308491  1.17407561 -2.40324216 -1.64124812  1.83198891
  0.66418472  1.53932722]","[ 0.00000000e+00  7.58204875e-02 -2.65350217e-05 -7.69134988e-02
 -8.82075103e-04 -2.31208522e-01 -1.26889361e-04 -1.05819570e-05]","[ 0.          0.94621855 16.98362732 -3.63830328 -3.03742194 -0.94690526
  0.04131905 -0.25964439]"
1747093077.613469,"[ 0.          0.26316665  1.17407561 -2.40331593 -1.64124972  1.83175868
  0.66418472  1.53932722]","[ 0.00000000e+00  7.69859201e-02 -2.12280182e-05 -7.48170001e-02
 -9.27296047e-04 -2.33364218e-01 -1.27017131e-04 -1.05899522e-05]","[ 0.          0.92361426 16.95838928 -3.66709232 -3.07597399 -0.92451638
  0.05424815 -0.26496735]"
1747093077.6151333,"[ 0.          0.26331772  1.17407561 -2.40345841 -1.64125292  1.83130967
  0.66418379  1.53932722]","[ 0.00000000e+00  7.64375836e-02 -2.12119566e-05 -7.07655415e-02
 -1.00301825e-03 -2.24721095e-01 -1.33967008e-04 -1.05819570e-05]","[ 0.          0.86046052 16.949543   -3.68128061 -3.10083294 -0.91889298
  0.0555018  -0.2505464 ]"
1747093077.6168716,"[ 0.          0.26347798  1.17407561 -2.4035921  -1.64125665  1.83086439
  0.66418379  1.53932722]","[ 0.00000000e+00  7.91385615e-02 -2.12280182e-05 -6.28689484e-02
 -1.22543160e-03 -2.14187294e-01 -1.33965285e-04 -1.05899522e-05]","[ 0.          0.84270674 16.91172218 -3.71738577 -3.1105144  -0.88468784
  0.03836864 -0.23428094]"
1747093077.6179821,"[ 0.          0.26355881  1.17407507 -2.40365122 -1.64125771  1.830658
  0.66418379  1.53932722]","[ 0.00000000e+00  8.21096340e-02 -2.65350217e-05 -5.99616379e-02
 -1.32825979e-03 -2.09325544e-01 -1.32282953e-04 -1.05819570e-05]","[ 0.          0.78468937 16.91172218 -3.73958397 -3.11296272 -0.85375869
  0.05663441 -0.24950014]"
1747093077.6196406,"[ 0.          0.26373191  1.17407507 -2.40377293 -1.64126144  1.83025746
  0.66418379  1.53932722]","[ 0.00000000e+00  8.52612771e-02 -2.12119566e-05 -5.91813566e-02
 -1.59789665e-03 -2.00479088e-01 -1.32282953e-04 -1.05819570e-05]","[ 0.          0.69241637 16.87661362 -3.8078146  -3.09525275 -0.79394102
  0.0682315  -0.25635666]"
1747093077.6213045,"[ 0.          0.26381687  1.17407507 -2.40383072 -1.64126357  1.83004627
  0.66418379  1.53932722]","[ 0.00000000e+00  8.60737992e-02 -2.12119566e-05 -5.86111530e-02
 -1.68922006e-03 -1.98859387e-01 -1.30640714e-04 -1.05820616e-05]","[ 0.          0.65360969 16.85339546 -3.81564665 -3.06022525 -0.81291115
  0.06060921 -0.2589826 ]"
1747093077.6229641,"[ 0.          0.26398952  1.17407507 -2.40394603 -1.64126623  1.82966477
  0.66418379  1.53932722]","[ 0.00000000e+00  8.75115816e-02 -2.12117453e-05 -5.83410544e-02
 -1.64901621e-03 -1.92849598e-01 -1.20591426e-04 -1.05819570e-05]","[ 0.          0.53907865 16.82731628 -3.87688231 -2.98593426 -0.76783818
  0.04595215 -0.23985679]"
1747093077.624674,"[ 0.          0.26407446  1.17407467 -2.40401022 -1.6412673   1.82947835
  0.66418379  1.53932722]","[ 0.00000000e+00  8.61610926e-02 -2.65146811e-05 -6.03783477e-02
 -1.59566275e-03 -1.89068225e-01 -1.20476261e-04 -1.05819570e-05]","[ 0.          0.445411   16.78967667 -3.91528869 -2.95541549 -0.71253955
  0.06523695 -0.23786375]"
1747093077.6258082,"[ 0.          0.26424667  1.17407467 -2.40413991 -1.6412689   1.82910258
  0.66418379  1.53932815]","[ 0.00000000e+00  8.42704147e-02 -1.59089679e-05 -6.75243704e-02
 -1.47806754e-03 -1.81321606e-01 -1.19003274e-04  0.00000000e+00]","[ 0.          0.31537417 16.74163437 -3.95523143 -2.88988972 -0.68972135
  0.08856823 -0.2293313 ]"
1747093077.62749,"[ 0.          0.26441243  1.17407467 -2.40428585 -1.64126996  1.82874678
  0.66418379  1.53932815]","[ 0.00000000e+00  8.34601230e-02 -1.32574726e-05 -7.22213169e-02
 -1.21052778e-03 -1.80425119e-01 -1.17562998e-04  0.00000000e+00]","[ 0.          0.22332412 16.68894005 -3.97938728 -2.85661888 -0.70329344
  0.10460329 -0.23849514]"
1747093077.6291432,"[ 0.          0.26450013  1.17407467 -2.40435936 -1.64126996  1.8285565
  0.66418286  1.53932815]","[ 0.00000000e+00  8.25028247e-02 -1.32574726e-05 -7.45469056e-02
 -1.10614370e-03 -1.79048681e-01 -1.27359909e-04  0.00000000e+00]","[ 0.          0.19207482 16.66264534 -3.97482562 -2.83858323 -0.71576881
  0.09946467 -0.24170858]"
1747093077.630314,"[ 0.          0.26466269  1.17407414 -2.40451728 -1.64127103  1.82820456
  0.66418286  1.53932815]","[ 0.00000000e+00  8.18395312e-02 -1.85745164e-05 -8.24633683e-02
 -8.65599460e-04 -1.79344725e-01 -1.25838450e-04  0.00000000e+00]","[ 0.          0.11091639 16.66681099 -3.95772505 -2.77102518 -0.67171061
  0.08305556 -0.22205049]"
1747093077.6320155,"[ 0.          0.26474811  1.17407414 -2.40460676 -1.64127103  1.82802666
  0.66418286  1.53932815]","[ 0.00000000e+00  8.04209485e-02 -1.85604623e-05 -8.41789351e-02
 -6.77895562e-04 -1.80425119e-01 -1.24239862e-04  0.00000000e+00]","[ 0.          0.08253034 16.67669106 -3.9719224  -2.75449228 -0.65142483
  0.07889924 -0.21920954]"
1747093077.6332545,"[ 0.          0.26482341  1.17407414 -2.40469119 -1.64127103  1.82783545
  0.66418286  1.53932815]","[ 0.00000000e+00  7.64375836e-02 -1.85604623e-05 -8.56209037e-02
 -5.21862865e-04 -1.79882367e-01 -1.24352905e-04  0.00000000e+00]","[ 0.          0.06114965 16.66842842 -3.92621827 -2.67954659 -0.62933147
  0.07191627 -0.22063318]"
1747093077.6350024,"[ 0.          0.26496392  1.17407414 -2.40486722 -1.64127156  1.82747592
  0.66418186  1.53932815]","[ 0.00000000e+00  6.88748552e-02 -1.58729355e-05 -8.99424568e-02
 -3.79536638e-04 -1.82315797e-01 -1.35505770e-04  0.00000000e+00]","[ 0.          0.03076715 16.63944626 -3.88001943 -2.67935729 -0.53607392
  0.05431151 -0.22873767]"
1747093077.6362283,"[ 0.          0.26503142  1.17407374 -2.40496443 -1.64127209  1.82729509
  0.66418186  1.53932815]","[ 0.00000000e+00  6.83346621e-02 -1.85324169e-05 -9.14443798e-02
 -3.82123370e-04 -1.83396192e-01 -1.33824064e-04  0.00000000e+00]","[ 0.00000000e+00  1.20902248e-02  1.66520061e+01 -3.83515096e+00
 -2.67213392e+00 -5.38226008e-01  4.93400954e-02 -2.03475669e-01]"
1747093077.638557,"[ 0.          0.26515723  1.17407374 -2.40514419 -1.64127316  1.82692598
  0.66418092  1.53932815]","[ 0.00000000e+00  5.96915434e-02 -1.85324169e-05 -9.10228513e-02
 -4.03509249e-04 -1.78534425e-01 -1.41529847e-04  0.00000000e+00]","[ 0.          0.03640928 16.6644001  -3.74243665 -2.74464369 -0.55218065
  0.06322134 -0.2046859 ]"
1747093077.639693,"[ 0.          0.26526744  1.17407374 -2.40533088 -1.64127422  1.82659122
  0.66418092  1.53932815]","[ 0.00000000e+00  5.19090710e-02 -1.85324169e-05 -9.12797215e-02
 -4.21275154e-04 -1.66920246e-01 -1.30697597e-04  0.00000000e+00]","[ 0.          0.10179873 16.68619537 -3.63206959 -2.74215698 -0.5195483
  0.05602845 -0.21818541]"
1747093077.6414897,"[ 0.          0.26531704  1.17407374 -2.40541903 -1.64127475  1.82642277
  0.66418092  1.53932815]","[ 0.00000000e+00  5.02381288e-02 -1.85324169e-05 -8.94022679e-02
 -4.28531910e-04 -1.58485665e-01 -1.30696102e-04  0.00000000e+00]","[ 0.          0.14524788 16.69854546 -3.59846544 -2.7164228  -0.51733804
  0.04016608 -0.21195802]"
1747093077.6432884,"[ 0.          0.26541438  1.17407321 -2.40559639 -1.64127635  1.82613355
  0.66417999  1.53932815]","[ 0.00000000e+00  4.88876440e-02 -2.38094022e-05 -8.60135785e-02
 -4.68093799e-04 -1.41801177e-01 -1.38258600e-04  0.00000000e+00]","[ 0.          0.24388476 16.74314499 -3.51444602 -2.73130512 -0.51836562
  0.01880809 -0.22005942]"
1747093077.6450386,"[ 0.          0.26551127  1.17407321 -2.40575858 -1.64127689  1.82586431
  0.66417899  1.53932815]","[ 0.00000000e+00  4.61413964e-02 -2.38273920e-05 -8.07591450e-02
 -4.48721318e-04 -1.28773734e-01 -1.48627162e-04  0.00000000e+00]","[ 0.00000000e+00  3.64601582e-01  1.67830734e+01 -3.44128275e+00
 -2.74637246e+00 -5.34665585e-01 -1.31285749e-03 -2.06260979e-01]"
1747093077.6467772,"[ 0.          0.26555443  1.17407321 -2.40583368 -1.64127795  1.82574353
  0.66417806  1.53932815]","[ 0.00000000e+00  4.38002157e-02 -2.38273920e-05 -7.61674891e-02
 -4.47037661e-04 -1.22624254e-01 -1.60519141e-04  0.00000000e+00]","[ 0.00000000e+00  4.28236991e-01  1.68006439e+01 -3.41430855e+00
 -2.74971461e+00 -5.36873758e-01 -5.00716642e-03 -2.02288583e-01]"
1747093077.6484084,"[ 0.          0.26563847  1.17407321 -2.40597616 -1.64127902  1.82551996
  0.66417713  1.53932815]","[ 0.00000000e+00  4.18651087e-02 -2.38094022e-05 -6.79582534e-02
 -4.51361982e-04 -1.11010067e-01 -1.67590579e-04  0.00000000e+00]","[ 0.00000000e+00  5.52142143e-01  1.68278236e+01 -3.37873006e+00
 -2.74173045e+00 -5.11387289e-01 -1.44385174e-02 -1.90781698e-01]"
1747093077.6501417,"[ 0.          0.26572387  1.17407321 -2.4060968  -1.64128008  1.82530691
  0.66417713  1.53932815]","[ 0.00000000e+00  4.18651087e-02 -2.38273920e-05 -5.91513461e-02
 -4.57391350e-04 -1.01966754e-01 -1.65785874e-04  0.00000000e+00]","[ 0.00000000e+00  6.39215827e-01  1.68325710e+01 -3.37888980e+00
 -2.75751376e+00 -5.12001753e-01 -7.60748889e-03 -2.02940628e-01]"
1747093077.6512587,"[ 0.          0.26576475  1.17407321 -2.40615007 -1.64128008  1.82520984
  0.66417713  1.53932815]","[ 0.00000000e+00  4.15528656e-02 -2.38273920e-05 -5.40194971e-02
 -4.38813819e-04 -9.83154852e-02 -1.64019661e-04  0.00000000e+00]","[ 0.00000000e+00  6.83432698e-01  1.68508110e+01 -3.40429354e+00
 -2.76332879e+00 -5.16925573e-01 -1.08625935e-02 -2.09760413e-01]"
1747093077.6529434,"[ 0.          0.26584739  1.17407321 -2.40624754 -1.64128115  1.82500344
  0.66417713  1.53932815]","[ 0.00000000e+00  3.98721862e-02 -2.38273920e-05 -4.61866702e-02
 -4.42770817e-04 -9.17725728e-02 -1.63885056e-04  1.05819570e-05]","[ 0.00000000e+00  7.66011953e-01  1.69041157e+01 -3.46120977e+00
 -2.80199790e+00 -4.72218812e-01 -6.17670780e-03 -1.86636165e-01]"
1747093077.654707,"[ 0.          0.26592409  1.17407321 -2.40633143 -1.64128168  1.82485217
  0.66417713  1.53932815]","[ 0.00000000e+00  3.80837445e-02 -2.38273920e-05 -4.18226896e-02
 -4.45141655e-04 -7.99488533e-02 -1.62157154e-04  1.05819570e-05]","[ 0.00000000e+00  8.03312480e-01  1.69084129e+01 -3.55730653e+00
 -2.81550527e+00 -4.70425665e-01 -3.67041957e-03 -1.82869032e-01]"
1747093077.6563911,"[ 0.          0.26595989  1.17407321 -2.40637058 -1.64128274  1.82477894
  0.66417713  1.53932815]","[ 0.00000000e+00  3.61563899e-02 -2.38273920e-05 -3.97043280e-02
 -4.68076634e-04 -7.42768028e-02 -1.60466996e-04  1.05820616e-05]","[ 0.00000000e+00  8.28454673e-01  1.69607639e+01 -3.58358502e+00
 -2.83469343e+00 -4.37944949e-01  6.87613897e-03 -1.87133610e-01]"
1747093077.658097,"[ 0.          0.26603521  1.17407321 -2.40644541 -1.64128381  1.82463433
  0.66417713  1.53932815]","[ 0.00000000e+00  3.71137339e-02 -2.38273920e-05 -3.53827707e-02
 -4.72917300e-04 -6.26626158e-02 -1.58810063e-04  1.05820616e-05]","[ 0.00000000e+00  8.75911593e-01  1.70477600e+01 -3.68359637e+00
 -2.90168595e+00 -4.46964175e-01  1.40733793e-02 -1.81427523e-01]"
1747093077.6597574,"[ 0.          0.26611328  1.17407321 -2.40651119 -1.64128594  1.8245278
  0.66417713  1.53932815]","[ 0.00000000e+00  4.05146197e-02 -2.38094022e-05 -3.21415997e-02
 -5.10005004e-04 -5.09967011e-02 -1.58685552e-04  1.05819570e-05]","[ 0.          0.91935331 17.20160484 -3.77792788 -2.96386003 -0.42835161
  0.0438788  -0.18472904]"
1747093077.6620731,"[ 0.          0.26620098  1.17407321 -2.40657085 -1.64128807  1.82443459
  0.66417713  1.53932815]","[ 0.00000000e+00  4.31321742e-02 -2.38273920e-05 -2.83602355e-02
 -5.43779686e-04 -4.32155977e-02 -1.57438041e-04  1.05819570e-05]","[ 0.          0.88934934 17.32346153 -3.86398768 -3.05238652 -0.40002304
  0.05862322 -0.18914346]"
1747093077.663772,"[ 0.          0.2662873   1.17407374 -2.40662624 -1.64129073  1.82435363
  0.66417713  1.53932815]","[ 0.00000000e+00  4.31718095e-02 -1.85186086e-05 -2.78200403e-02
 -6.58225296e-04 -4.15950101e-02 -1.55480396e-04  1.05820616e-05]","[ 0.          0.87435317 17.46042252 -3.95194125 -3.09564376 -0.36923996
  0.07163548 -0.17834276]"
1747093077.6655114,"[ 0.          0.26633092  1.17407374 -2.40665766 -1.64129286  1.82431089
  0.66417713  1.53932815]","[ 0.00000000e+00  4.42959881e-02 -1.85184257e-05 -2.95906783e-02
 -7.55188221e-04 -4.01229520e-02 -1.55480396e-04  1.05819570e-05]","[ 0.          0.83665806 17.49439812 -3.98932099 -3.11234808 -0.38912609
  0.08159763 -0.17884554]"
1747093077.667282,"[ 0.          0.26642047  1.17407374 -2.40671812 -1.64129659  1.82423472
  0.66417713  1.53932908]","[ 0.00000000e+00  4.42959881e-02 -1.85324169e-05 -3.10297382e-02
 -9.34486842e-04 -3.85848058e-02 -1.54043047e-04  1.85184257e-05]","[ 0.          0.7717225  17.60347939 -4.05224085 -3.22210598 -0.32887396
  0.08662352 -0.19034339]"
1747093077.6684012,"[ 0.          0.26651     1.17407414 -2.40678576 -1.64130352  1.82415775
  0.66417713  1.53932908]","[ 0.00000000e+00  4.64567646e-02 -1.58729355e-05 -3.38077918e-02
 -1.48188621e-03 -3.66121941e-02 -1.52633574e-04  1.85464284e-05]","[ 0.          0.69115561 17.74345589 -4.07302332 -3.32516623 -0.2799626
  0.0987452  -0.15433985]"
1747093077.6701362,"[ 0.          0.26655914  1.17407414 -2.40682385 -1.64130831  1.82412247
  0.66417713  1.53932908]","[ 0.00000000e+00  4.60979910e-02 -1.58849283e-05 -3.34650284e-02
 -2.13052887e-03 -3.56528652e-02 -1.51135188e-04  1.85604623e-05]","[ 0.          0.61912465 17.80237389 -4.1164155  -3.38983369 -0.27256435
  0.11715273 -0.14983316]"
1747093077.6726892,"[ 0.          0.26664914  1.17407467 -2.40689096 -1.64132322  1.82408731
  0.66417713  1.53932908]","[ 0.00000000e+00  4.48361812e-02 -1.05899522e-05 -3.25999005e-02
 -5.23934864e-03 -3.56528652e-02 -1.61618866e-04  1.85466133e-05]","[ 0.          0.56630963 17.92425346 -4.12018633 -3.48298264 -0.28202561
  0.11508943 -0.13813701]"
1747093077.6736276,"[ 0.          0.26669553  1.17407467 -2.40692238 -1.64133175  1.82405402
  0.66417713  1.53932908]","[ 0.00000000e+00  4.36337140e-02 -1.05899522e-05 -3.18715031e-02
 -7.72439627e-03 -3.37279761e-02 -1.61741166e-04  1.85462435e-05]","[ 0.          0.51353168 17.97931099 -4.11415625 -3.51062846 -0.25475779
  0.12004144 -0.14325228]"
1747093077.6749804,"[ 0.          0.26678093  1.17407507 -2.4069863  -1.64135358  1.82398452
  0.66417713  1.53932908]","[ 0.00000000e+00  4.32155977e-02 -5.29502843e-06 -3.26817948e-02
 -1.24118953e-02 -3.29518914e-02 -1.61618866e-04  1.85464284e-05]","[ 0.          0.43872973 18.07914162 -4.10433865 -3.54405928 -0.24986771
  0.1042214  -0.15049958]"
1747093077.676761,"[ 0.          0.26682364  1.17407507 -2.40702252 -1.64136797  1.82394843
  0.66417713  1.53932908]","[ 0.00000000e+00  4.31718095e-02 -5.29497611e-06 -3.41045096e-02
 -1.35414969e-02 -3.41045096e-02 -1.61618866e-04  1.85464284e-05]","[ 0.          0.39201722 18.14632225 -4.11354685 -3.53702188 -0.23083359
  0.09531068 -0.14444844]"
1747093077.6779923,"[ 0.          0.26691639  1.17407561 -2.40709655 -1.64140152  1.82387706
  0.66417713  1.53932908]","[ 0.00000000e+00  4.58906265e-02  0.00000000e+00 -3.80837445e-02
 -1.83666278e-02 -3.78136459e-02 -1.51135188e-04  1.85466133e-05]","[ 0.          0.26140961 18.24892044 -4.09007359 -3.49802995 -0.20173362
  0.08878873 -0.14882857]"
1747093077.6797009,"[ 0.          0.26696139  1.17407561 -2.40713703 -1.64142229  1.82383897
  0.66417713  1.53932908]","[ 0.00000000e+00  4.56464729e-02  0.00000000e+00 -4.10548170e-02
 -2.10676037e-02 -3.85848058e-02 -1.51020918e-04  1.85464284e-05]","[ 0.          0.2091202  18.3049469  -4.03438377 -3.46302795 -0.19900168
  0.081414   -0.14120573]"
1747093077.6809707,"[ 0.          0.26705415  1.17407561 -2.40722598 -1.64147556  1.82375056
  0.66417613  1.53932908]","[ 0.00000000e+00  4.46367853e-02  0.00000000e+00 -4.37557908e-02
 -2.75499417e-02 -4.53763743e-02 -1.61618866e-04  1.85464284e-05]","[ 0.          0.09514079 18.35468864 -3.99784851 -3.41706634 -0.1934922
  0.08287184 -0.13546649]"
1747093077.6827025,"[ 0.          0.26713956  1.17407561 -2.4073152  -1.64154001  1.82365162
  0.66417613  1.53932908]","[ 0.00000000e+00  4.24053018e-02  0.00000000e+00 -4.61398734e-02
 -3.40322817e-02 -5.13185192e-02 -1.61618866e-04  1.85462435e-05]","[ 0.          0.04469948 18.34389114 -3.94071674 -3.26221466 -0.16361053
  0.05188584 -0.13818717]"
1747093077.683859,"[ 0.          0.26718135  1.17407601 -2.40736553 -1.64157942  1.82359649
  0.66417613  1.53932908]","[ 0.00000000e+00  4.24053018e-02  5.29497611e-06 -4.73952376e-02
 -3.71137339e-02 -5.19090710e-02 -1.51020918e-04  1.85462435e-05]","[ 0.         -0.02380804 18.31425667 -3.9307344  -3.18066669 -0.1522938
  0.03497691 -0.1217171 ]"
1747093077.6856868,"[ 0.          0.26722267  1.17407601 -2.4074148  -1.64161724  1.82354323
  0.66417613  1.53932908]","[ 0.00000000e+00  4.18651087e-02  5.29897933e-06 -4.99680343e-02
 -3.83538432e-02 -5.40194971e-02 -1.51136700e-04  1.85464284e-05]","[ 0.         -0.03634775 18.30313492 -3.87666988 -3.08833528 -0.17920722
  0.01877807 -0.10875951]"
1747093077.6869025,"[ 0.          0.26730487  1.17407601 -2.40746567 -1.64169713  1.82343098
  0.6641752   1.53932908]","[ 0.00000000e+00  3.91641349e-02  5.29497611e-06 -5.15886178e-02
 -4.10548170e-02 -5.78008613e-02 -1.51020918e-04  1.85464284e-05]","[ 0.00000000e+00 -4.59029600e-02  1.82390862e+01 -3.84723043e+00
 -2.90699244e+00 -1.83624461e-01 -2.44281814e-03 -1.05096869e-01]"
1747093077.6886122,"[ 0.          0.26734023  1.17407601 -2.40751946 -1.64173708  1.82336906
  0.66417427  1.53932908]","[ 0.00000000e+00  3.59229638e-02  5.29502843e-06 -5.45596902e-02
 -4.05146197e-02 -5.81782812e-02 -1.61618866e-04  1.85464284e-05]","[ 0.00000000e+00 -5.28893881e-02  1.81516056e+01 -3.81095600e+00
 -2.84319639e+00 -1.77681014e-01 -1.12673128e-02 -1.28775701e-01]"
1747093077.689772,"[ 0.          0.26740406  1.17407601 -2.40762972 -1.64181857  1.82325401
  0.66417333  1.53932908]","[ 0.00000000e+00  2.93399105e-02  5.29897933e-06 -5.37493985e-02
 -3.94342335e-02 -5.78008613e-02 -1.61741166e-04  1.85464284e-05]","[ 0.00000000e+00 -7.68299261e-03  1.80634098e+01 -3.74502254e+00
 -2.73385620e+00 -2.09437013e-01 -2.49235295e-02 -1.37534708e-01]"
1747093077.691578,"[ 0.          0.26742931  1.17407601 -2.40768058 -1.64185639  1.82319689
  0.66417333  1.53932908]","[ 0.00000000e+00  2.56592596e-02  5.29497611e-06 -5.15886178e-02
 -3.83538432e-02 -5.77422967e-02 -1.61618866e-04  1.85466133e-05]","[ 0.          0.03837384 18.02441978 -3.71869731 -2.69521165 -0.23028952
 -0.03746439 -0.13922834]"
1747093077.69279,"[ 0.          0.26747017  1.17407601 -2.40778258 -1.64193522  1.82308557
  0.66417234  1.53932908]","[ 0.00000000e+00  1.91769216e-02  5.29497611e-06 -4.96521543e-02
 -3.86183408e-02 -5.36644520e-02 -1.61741166e-04  1.85464284e-05]","[ 0.          0.10718847 17.87985992 -3.64601064 -2.65645528 -0.21868268
 -0.05657239 -0.14622839]"
1747093077.6945565,"[ 0.          0.26748763  1.17407601 -2.40783025 -1.6419725   1.8230323
  0.66417234  1.53932908]","[ 0.00000000e+00  1.65351490e-02  5.29492328e-06 -4.83474467e-02
 -3.77753338e-02 -5.39647609e-02 -1.61741166e-04  1.85604623e-05]","[ 0.          0.16095628 17.80988312 -3.61189651 -2.6642797  -0.18222582
 -0.05292815 -0.14885674]"
1747093077.695683,"[ 0.          0.26751427  1.17407601 -2.40792346 -1.64204281  1.82292671
  0.66417234  1.53932908]","[ 0.00000000e+00  1.29646791e-02  5.29497611e-06 -4.64567646e-02
 -3.45724769e-02 -5.29391068e-02 -1.51019407e-04  1.85466133e-05]","[ 0.          0.25289348 17.68917274 -3.56568098 -2.7107749  -0.1512454
 -0.0546666  -0.1207549 ]"
1747093077.6974182,"[ 0.          0.2675262   1.17407601 -2.4079698  -1.64207743  1.82287251
  0.6641714   1.53932908]","[ 0.00000000e+00  1.12845802e-02  5.29497611e-06 -4.36337140e-02
 -3.25999005e-02 -5.11567654e-02 -1.61620475e-04  1.85462435e-05]","[ 0.          0.33785242 17.64261627 -3.5064168  -2.7433672  -0.15416053
 -0.05258057 -0.12251192]"
1747093077.699189,"[ 0.          0.26754549  1.17407601 -2.40804704 -1.64213549  1.82278117
  0.6641714   1.53932908]","[ 0.00000000e+00  9.18331389e-03  5.29497611e-06 -3.78136459e-02
 -2.86303320e-02 -4.42959881e-02 -1.61741166e-04  1.85464284e-05]","[ 0.          0.45695755 17.59207916 -3.47806811 -2.93797994 -0.13073716
 -0.05216446 -0.14496382]"
1747093077.701693,"[ 0.          0.26756247  1.17407601 -2.40811681 -1.64219088  1.82270127
  0.6641714   1.53932908]","[ 0.00000000e+00  8.37302164e-03  5.29497611e-06 -3.28506684e-02
 -2.65564515e-02 -3.58598885e-02 -1.51135188e-04  1.85464284e-05]","[ 0.          0.61843842 17.51579666 -3.4066999  -3.16865349 -0.07152841
 -0.02278709 -0.11876851]"
1747093077.7028472,"[ 0.          0.267579    1.1740764  -2.40817966 -1.64224521  1.82264708
  0.6641714   1.53933001]","[ 0.00000000e+00  7.83282698e-03  7.94846874e-06 -3.16014045e-02
 -2.80901368e-02 -2.48489678e-02 -1.43072445e-04  2.64951613e-05]","[ 0.00000000e+00  6.86155081e-01  1.75123940e+01 -3.42904949e+00
 -3.38874507e+00 -5.55334128e-02 -1.57965440e-02 -1.36580408e-01]"
